{"Sequence":[{"Time":0,"poses":{"Left Leg":{"Weight":1,"CFrame":[-0.6190782189369202,0.19952183961868287,0.03619849681854248,0.8388155698776245,0.5436679124832153,0.028522837907075883,-0.5440073013305664,0.835006058216095,0.08258966356515885,0.021084614098072053,-0.08479413390159607,0.9961754083633423],"EasingStyle":"Linear","EasingDirection":"Out"},"Right Arm":{"Weight":1,"CFrame":[1.0894267559051514,-0.5332899689674377,0.14383459091186524,-0.07140261679887772,-0.9758565425872803,0.20641160011291505,0.46013298630714419,0.15137919783592225,0.8748496770858765,-0.8849741816520691,0.1574433147907257,0.43821489810943606],"EasingStyle":"Linear","EasingDirection":"Out"},"Left Arm":{"Weight":1,"CFrame":[-1.0877472162246705,-0.4531274735927582,0.05354273319244385,0.023252688348293306,0.9819729924201965,-0.18758568167686463,-0.5143209099769592,0.17265105247497559,0.840039074420929,0.8572825193405151,0.07694610953330994,0.5090638399124146],"EasingStyle":"Linear","EasingDirection":"Out"},"Head":{"Weight":1,"CFrame":[1.4901161193847657e-7,5.238689482212067e-9,-2.384185791015625e-7,0.9971957206726074,-0.05175312981009483,0.05405869334936142,0.0715581551194191,0.8708754181861877,-0.4862668514251709,-0.02191256172955036,0.4887715280056,0.8721365928649902],"EasingStyle":"Linear","EasingDirection":"Out"},"Torso":{"Weight":1,"CFrame":[-0.08924148976802826,-0.7077492475509644,0.1178884506225586,0.9996503591537476,0.01848899945616722,0.018902108073234559,-0.020185275003314019,0.9953781366348267,0.09388760477304459,-0.017078859731554986,-0.09423632174730301,0.9954033493995667],"EasingStyle":"Linear","EasingDirection":"Out"},"HumanoidRootPart":{"Weight":0,"CFrame":[0,0,0,1,0,0,0,1,0,0,0,1],"EasingStyle":"Linear","EasingDirection":"In"},"Right Leg":{"Weight":1,"CFrame":[0.03631216660141945,0.024463534355163575,0.04771757125854492,0.9926823377609253,0.12031405419111252,-0.010308327153325081,-0.12012194842100144,0.9926035404205322,0.017577802762389184,0.012346931733191014,-0.01621091179549694,0.9997923374176025],"EasingStyle":"Linear","EasingDirection":"Out"}}},{"Time":0.01666666753590107,"poses":{"Left Leg":{"Weight":1,"CFrame":[-0.5549473762512207,0.26623785495758059,0.027884960174560548,0.871424674987793,0.4898364841938019,0.026060689240694047,-0.49026307463645937,0.8679715991020203,0.07916729897260666,0.016159098595380784,-0.08176492154598236,0.9965206384658814],"EasingStyle":"Linear","EasingDirection":"Out"},"Right Arm":{"Weight":1,"CFrame":[1.104360580444336,-0.5188550353050232,0.1470092535018921,-0.07099121063947678,-0.9802682399749756,0.1844843327999115,0.4467369616031647,0.13411855697631837,0.884555459022522,-0.8918443322181702,0.14521154761314393,0.42840075492858889],"EasingStyle":"Linear","EasingDirection":"Out"},"Left Arm":{"Weight":1,"CFrame":[-1.1081103086471558,-0.42156270146369936,0.0508577823638916,0.0236726813018322,0.985184907913208,-0.1698538064956665,-0.5137348771095276,0.15774011611938477,0.8433235287666321,0.8576223254203796,0.0672960877418518,0.5098579525947571],"EasingStyle":"Linear","EasingDirection":"Out"},"Head":{"Weight":1,"CFrame":[1.6298145055770875e-7,4.9476511776447299e-8,-3.5762786865234377e-7,0.9974367022514343,-0.05009320378303528,0.0510951466858387,0.06862444430589676,0.8719307780265808,-0.48479628562927248,-0.020266423001885415,0.48705989122390749,0.8731333613395691],"EasingStyle":"Linear","EasingDirection":"Out"},"Torso":{"Weight":1,"CFrame":[-0.07786837965250015,-0.633712887763977,0.0981149673461914,0.9996511936187744,0.018374813720583917,0.018970390781760217,-0.019935421645641328,0.9961256980895996,0.08565152436494827,-0.01732306368649006,-0.08599983155727387,0.9961445331573486],"EasingStyle":"Linear","EasingDirection":"Out"},"HumanoidRootPart":{"Weight":0,"CFrame":[0,0,0,1,0,0,0,1,0,0,0,1],"EasingStyle":"Linear","EasingDirection":"In"},"Right Leg":{"Weight":1,"CFrame":[0.024108480662107469,-0.010258316993713379,0.04764819145202637,0.9852381944656372,0.17098811268806458,-0.00829270202666521,-0.1707441210746765,0.9850140810012817,0.024367021396756173,0.012334880419075489,-0.022591397166252137,0.9996686577796936],"EasingStyle":"Linear","EasingDirection":"Out"}}},{"Time":0.03333333507180214,"poses":{"Left Leg":{"Weight":1,"CFrame":[-0.48605936765670779,0.3733631372451782,0.0180206298828125,0.9212618470191956,0.3883304297924042,0.021821722388267518,-0.3888310194015503,0.9181997179985046,0.07562803477048874,0.009331966750323773,-0.07815819978713989,0.996897280216217],"EasingStyle":"Linear","EasingDirection":"Out"},"Right Arm":{"Weight":1,"CFrame":[1.1117455959320069,-0.5070074796676636,0.15014421939849854,-0.06967845559120178,-0.9854153394699097,0.155246302485466,0.4317961633205414,0.11049771308898926,0.8951772451400757,-0.8992757797241211,0.12940944731235505,0.4177993834018707],"EasingStyle":"Linear","EasingDirection":"Out"},"Left Arm":{"Weight":1,"CFrame":[-1.1200928688049317,-0.39556682109832766,0.04894661903381348,0.02219099923968315,0.9886854887008667,-0.14835265278816224,-0.5129488110542297,0.1386285275220871,0.847151517868042,0.8581323027610779,0.05729816108942032,0.5102213621139526],"EasingStyle":"Linear","EasingDirection":"Out"},"Head":{"Weight":1,"CFrame":[1.471489667892456e-7,1.1082738637924194e-7,0,0.9977677464485169,-0.046819742769002917,0.047617580741643909,0.06401834636926651,0.8735424280166626,-0.4825197458267212,-0.019004514440894128,0.4844910502433777,0.874589741230011],"EasingStyle":"Linear","EasingDirection":"Out"},"Torso":{"Weight":1,"CFrame":[-0.0664265975356102,-0.5604697465896606,0.07124185562133789,0.9996613264083862,0.017814690247178079,0.018970245495438577,-0.01920424960553646,0.9969395399093628,0.07578059285879135,-0.017562180757522584,-0.07611923664808274,0.9969440698623657],"EasingStyle":"Linear","EasingDirection":"Out"},"HumanoidRootPart":{"Weight":0,"CFrame":[0,0,0,1,0,0,0,1,0,0,0,1],"EasingStyle":"Linear","EasingDirection":"In"},"Right Leg":{"Weight":1,"CFrame":[-0.03057958371937275,-0.04849684238433838,0.047623276710510257,0.9828689098358154,0.18413975834846497,-0.007829653099179268,-0.18382497131824494,0.9824857115745544,0.030499152839183809,0.013308605179190636,-0.028537388890981675,0.9995041489601135],"EasingStyle":"Linear","EasingDirection":"Out"}}},{"Time":0.05000000074505806,"poses":{"Left Leg":{"Weight":1,"CFrame":[-0.4745144248008728,0.4801574945449829,0.011371016502380371,0.9725078344345093,0.2323257476091385,0.01591493934392929,-0.23286807537078858,0.9699326753616333,0.07073213160037995,0.0009964723140001298,-0.07249363511800766,0.9973683953285217],"EasingStyle":"Linear","EasingDirection":"Out"},"Right Arm":{"Weight":1,"CFrame":[1.1111854314804078,-0.4976440668106079,0.15297985076904298,-0.06849157065153122,-0.9901326298713684,0.12225503474473953,0.4176846444606781,0.0828268900513649,0.9048089385032654,-0.9060068726539612,0.1130358949303627,0.40789029002189639],"EasingStyle":"Linear","EasingDirection":"Out"},"Left Arm":{"Weight":1,"CFrame":[-1.1218689680099488,-0.37596699595451357,0.0479893684387207,0.020584871992468835,0.9918679594993591,-0.12559537589550019,-0.5118640661239624,0.1183648481965065,0.8508731126785278,0.8588197827339172,0.046772513538599017,0.5101379752159119],"EasingStyle":"Linear","EasingDirection":"Out"},"Head":{"Weight":1,"CFrame":[1.5459954738616944e-7,1.0069925338029862e-8,0,0.9981528520584106,-0.0421619638800621,0.04374132305383682,0.05799558758735657,0.8757162690162659,-0.47933024168014529,-0.018095482140779496,0.48098164796829226,0.8765439391136169],"EasingStyle":"Linear","EasingDirection":"Out"},"Torso":{"Weight":1,"CFrame":[-0.05522521212697029,-0.4890253245830536,0.03813791275024414,0.9996816515922546,0.01669708825647831,0.01891590841114521,-0.017882756888866426,0.9977670907974243,0.06435111165046692,-0.017799196764826776,-0.06466889381408692,0.9977480173110962],"EasingStyle":"Linear","EasingDirection":"Out"},"HumanoidRootPart":{"Weight":0,"CFrame":[0,0,0,1,0,0,0,1,0,0,0,1],"EasingStyle":"Linear","EasingDirection":"In"},"Right Leg":{"Weight":1,"CFrame":[-0.05515112727880478,-0.03784191608428955,0.04760086536407471,0.9832254648208618,0.1821945160627365,-0.008533499203622342,-0.18177619576454163,0.9826689958572388,0.03631828725337982,0.015002608299255371,-0.034157894551754,0.9993038177490234],"EasingStyle":"Linear","EasingDirection":"Out"}}},{"Time":0.06666667014360428,"poses":{"Left Leg":{"Weight":1,"CFrame":[-0.4560403525829315,0.5236817598342896,0.009599685668945313,0.9969548583030701,0.07728567719459534,0.010388506576418877,-0.07779551297426224,0.9948982000350952,0.06422960758209229,-0.0053714788518846039,-0.06484219431877136,0.9978810548782349],"EasingStyle":"Linear","EasingDirection":"Out"},"Right Arm":{"Weight":1,"CFrame":[1.1022835969924927,-0.4906569719314575,0.15525662899017335,-0.06871428340673447,-0.9936591982841492,0.08899274468421936,0.4066949784755707,0.05355453863739967,0.9119929671287537,-0.9109761714935303,0.09885977953672409,0.4004361927509308],"EasingStyle":"Linear","EasingDirection":"Out"},"Left Arm":{"Weight":1,"CFrame":[-1.1116124391555787,-0.3635871708393097,0.04816544055938721,0.020635541528463365,0.994347333908081,-0.10415177047252655,-0.510456383228302,0.10005130618810654,0.8540632128715515,0.859656035900116,0.03554088622331619,0.5096355676651001],"EasingStyle":"Linear","EasingDirection":"Out"},"Head":{"Weight":1,"CFrame":[1.5506520867347718e-7,4.141475073993206e-8,2.384185791015625e-7,0.9985548257827759,-0.036346882581710818,0.03958815336227417,0.05081154778599739,0.8784534931182861,-0.4751185476779938,-0.017507269978523256,0.47644343972206118,0.8790307641029358],"EasingStyle":"Linear","EasingDirection":"Out"},"Torso":{"Weight":1,"CFrame":[-0.04457324743270874,-0.4203854203224182,-0.0003285408020019531,0.9997115731239319,0.01491040550172329,0.018826480954885484,-0.01586179994046688,0.9985501170158386,0.051440197974443439,-0.018032189458608629,-0.05172398313879967,0.9984986186027527],"EasingStyle":"Linear","EasingDirection":"Out"},"HumanoidRootPart":{"Weight":0,"CFrame":[0,0,0,1,0,0,0,1,0,0,0,1],"EasingStyle":"Linear","EasingDirection":"In"},"Right Leg":{"Weight":1,"CFrame":[-0.04516466706991196,0.004953265190124512,0.04752647876739502,0.9874733090400696,0.15739911794662476,-0.011044895276427269,-0.15682420134544373,0.9867633581161499,0.041282497346401218,0.017396526411175729,-0.03903326019644737,0.9990864396095276],"EasingStyle":"Linear","EasingDirection":"Out"}}},{"Time":0.0833333358168602,"poses":{"Left Leg":{"Weight":1,"CFrame":[-0.4335578382015228,0.5121088027954102,0.012815117835998536,0.9983162879943848,-0.0577191486954689,0.0057478779926896099,0.05731505900621414,0.996827244758606,0.05523082613945007,-0.008917538449168206,-0.054808396846055987,0.9984570741653442],"EasingStyle":"Linear","EasingDirection":"Out"},"Right Arm":{"Weight":1,"CFrame":[1.0846436023712159,-0.4859408736228943,0.15671491622924806,-0.07186259329319,-0.99567711353302,0.05884594842791557,0.4010026752948761,0.025178851559758188,0.9157307744026184,-0.9132538437843323,0.08940424770116806,0.39745986461639407],"EasingStyle":"Linear","EasingDirection":"Out"},"Left Arm":{"Weight":1,"CFrame":[-1.0874971151351929,-0.3592544496059418,0.049654483795166019,0.022935941815376283,0.9960730671882629,-0.08551274240016937,-0.5088790655136108,0.0852571576833725,0.8566057085990906,0.8605324029922485,0.023868653923273088,0.5088362097740173],"EasingStyle":"Linear","EasingDirection":"Out"},"Head":{"Weight":1,"CFrame":[1.4388933777809144e-7,-2.1944288164377214e-8,-4.172325134277344e-7,0.9989387392997742,-0.029598670080304147,0.03528863191604614,0.042721714824438098,0.8817524313926697,-0.4697740077972412,-0.017211148515343667,0.47078293561935427,0.882081151008606],"EasingStyle":"Linear","EasingDirection":"Out"},"Torso":{"Weight":1,"CFrame":[-0.03471934050321579,-0.35534587502479555,-0.04760122299194336,0.9997484683990479,0.012343185022473336,0.018726494163274766,-0.01303214579820633,0.9992256164550781,0.0371260941028595,-0.018253738060593606,-0.03736079856753349,0.9991351366043091],"EasingStyle":"Linear","EasingDirection":"Out"},"HumanoidRootPart":{"Weight":0,"CFrame":[0,0,0,1,0,0,0,1,0,0,0,1],"EasingStyle":"Linear","EasingDirection":"In"},"Right Leg":{"Weight":1,"CFrame":[-0.009183577261865139,0.05675923824310303,0.04708123207092285,0.9923623204231262,0.12243790179491043,-0.015032673254609108,-0.12164311110973358,0.9915241003036499,0.04563910514116287,0.02049320749938488,-0.04346193000674248,0.9988448619842529],"EasingStyle":"Linear","EasingDirection":"Out"}}},{"Time":0.10000000149011612,"poses":{"Left Leg":{"Weight":1,"CFrame":[-0.41308900713920596,0.46677279472351076,0.020350098609924318,0.9853375554084778,-0.1706036776304245,0.002082465449348092,0.17035558819770814,0.9844327569007874,0.04325592890381813,-0.009429652243852616,-0.04226691648364067,0.9990618824958801],"EasingStyle":"Linear","EasingDirection":"Out"},"Right Arm":{"Weight":1,"CFrame":[1.0578693151474,-0.48338913917541506,0.15709495544433595,-0.07959744334220886,-0.9962074160575867,0.035143326967954639,0.4026761054992676,0.00011664281191769987,0.9153425097465515,-0.9118751287460327,0.08701032400131226,0.40113964676856997],"EasingStyle":"Linear","EasingDirection":"Out"},"Left Arm":{"Weight":1,"CFrame":[-1.047696590423584,-0.3637925982475281,0.05263638496398926,0.023328008130192758,0.9975014925003052,-0.06668302416801453,-0.5077265501022339,0.06927988678216934,0.8587282299995422,0.8612024188041687,0.01382421888411045,0.5080739855766296],"EasingStyle":"Linear","EasingDirection":"Out"},"Head":{"Weight":1,"CFrame":[1.5599653124809266e-7,4.158937372267246e-8,0,0.9992746710777283,-0.02213778905570507,0.03098410554230213,0.03398146852850914,0.8856098651885986,-0.4631851315498352,-0.017185920849442483,0.463902086019516,0.8857197761535645],"EasingStyle":"Linear","EasingDirection":"Out"},"Torso":{"Weight":1,"CFrame":[-0.02566853165626526,-0.29385146498680117,-0.10506725311279297,0.9997866749763489,0.008884381502866745,0.018646448850631715,-0.0092846117913723,0.9997259974479675,0.02148847095668316,-0.018450429663062097,-0.021657010540366174,0.9995952248573303],"EasingStyle":"Linear","EasingDirection":"Out"},"HumanoidRootPart":{"Weight":0,"CFrame":[0,0,0,1,0,0,0,1,0,0,0,1],"EasingStyle":"Linear","EasingDirection":"In"},"Right Leg":{"Weight":1,"CFrame":[0.057477060705423358,0.11540299654006958,0.04626917839050293,0.9944585561752319,0.10332212597131729,-0.01940782368183136,-0.10224209725856781,0.9934922456741333,0.050196364521980289,0.02446793019771576,-0.0479339063167572,0.9985507726669312],"EasingStyle":"Linear","EasingDirection":"Out"}}},{"Time":0.11666666716337204,"poses":{"Left Leg":{"Weight":1,"CFrame":[-0.39425110816955569,0.40366697311401369,0.030039429664611818,0.9655951261520386,-0.26004844903945925,-0.0009078176226466894,0.2599596679210663,0.9651617407798767,0.029727686196565629,-0.006854446604847908,-0.028940897434949876,0.999557614326477],"EasingStyle":"Linear","EasingDirection":"Out"},"Right Arm":{"Weight":1,"CFrame":[1.0215646028518677,-0.4828971028327942,0.15613698959350587,-0.0935831144452095,-0.9953837990760803,0.02129000425338745,0.4137382507324219,-0.019430676475167276,0.9101885557174683,-0.9055732488632202,0.09398675709962845,0.4136466979980469],"EasingStyle":"Linear","EasingDirection":"Out"},"Left Arm":{"Weight":1,"CFrame":[-0.9903854131698608,-0.37802761793136599,0.05729055404663086,0.016448622569441797,0.9989169239997864,-0.04352492466568947,-0.5075440406799316,0.0458470843732357,0.8604052066802979,0.8614687919616699,0.007938255555927754,0.5077484250068665],"EasingStyle":"Linear","EasingDirection":"Out"},"Head":{"Weight":1,"CFrame":[1.4051329344511033e-7,-1.5272689779521899e-8,1.1920928955078126e-7,0.9995394945144653,-0.014179874211549759,0.026827992871403695,0.02484504133462906,0.8900213837623596,-0.45524129271507265,-0.01742221787571907,0.4556982219219208,0.8899638652801514],"EasingStyle":"Linear","EasingDirection":"Out"},"Torso":{"Weight":1,"CFrame":[-0.017365258187055589,-0.23563602566719056,-0.1687784194946289,0.9998167753219605,0.00442368071526289,0.018623193725943567,-0.004510244820266962,0.9999791979789734,0.004608788527548313,-0.018602419644594194,-0.004691939800977707,0.9998159408569336],"EasingStyle":"Linear","EasingDirection":"Out"},"HumanoidRootPart":{"Weight":0,"CFrame":[0,0,0,1,0,0,0,1,0,0,0,1],"EasingStyle":"Linear","EasingDirection":"In"},"Right Leg":{"Weight":1,"CFrame":[0.1418496072292328,0.1803884506225586,0.044832587242126468,0.9952618479728699,0.09410694986581803,-0.024449657648801805,-0.09264792501926422,0.9941685199737549,0.05518407002091408,0.029500285163521768,-0.05265738070011139,0.9981768131256104],"EasingStyle":"Linear","EasingDirection":"Out"}}},{"Time":0.13333334028720857,"poses":{"Left Leg":{"Weight":1,"CFrame":[-0.37832480669021609,0.3371293544769287,0.04008758068084717,0.9455416798591614,-0.3254782557487488,-0.003854174632579088,0.32549747824668887,0.94540935754776,0.015890000388026239,-0.001528078457340598,-0.016279185190796853,0.9998663067817688],"EasingStyle":"Linear","EasingDirection":"Out"},"Right Arm":{"Weight":1,"CFrame":[0.975333034992218,-0.484358012676239,0.15358173847198487,-0.11528003960847855,-0.9931109547615051,0.021003855392336847,0.43625542521476748,-0.031621284782886508,0.8992670774459839,-0.8924078345298767,0.11283061653375626,0.43689537048339846],"EasingStyle":"Linear","EasingDirection":"Out"},"Left Arm":{"Weight":1,"CFrame":[-0.913737416267395,-0.4027860760688782,0.0637969970703125,-0.0030571757815778257,0.9999239444732666,-0.011950695887207985,-0.5084261894226074,0.008736575953662396,0.8610612750053406,0.8611001372337341,0.008708421140909195,0.508360743522644],"EasingStyle":"Linear","EasingDirection":"Out"},"Head":{"Weight":1,"CFrame":[1.5928526408970357e-7,-3.4951881389133634e-9,-1.7881393432617188e-7,0.9997181296348572,-0.005934468936175108,0.022986629977822305,0.015563806518912316,0.8949811458587647,-0.44583240151405337,-0.01792682334780693,0.44606447219848635,0.894821286201477],"EasingStyle":"Linear","EasingDirection":"Out"},"Torso":{"Weight":1,"CFrame":[-0.009753935039043427,-0.18043336272239686,-0.2347850799560547,0.9998244643211365,-0.0011481479741632939,0.0187002532184124,0.0013994211331009865,0.9999088644981384,-0.013429343700408936,-0.01868312805891037,0.013453156687319279,0.9997349381446838],"EasingStyle":"Linear","EasingDirection":"Out"},"HumanoidRootPart":{"Weight":0,"CFrame":[0,0,0,1,0,0,0,1,0,0,0,1],"EasingStyle":"Linear","EasingDirection":"In"},"Right Leg":{"Weight":1,"CFrame":[0.2321299910545349,0.2496507167816162,0.042479872703552249,0.9955354928970337,0.08933380246162415,-0.0304726492613554,-0.08736375719308853,0.9943195581436157,0.060796450823545459,0.03573073074221611,-0.05786280706524849,0.997684895992279],"EasingStyle":"Linear","EasingDirection":"Out"}}},{"Time":0.15000000596046449,"poses":{"Left Leg":{"Weight":1,"CFrame":[-0.36621078848838808,0.2799341082572937,0.04912924766540527,0.9305490255355835,-0.3660888969898224,-0.007576299365609884,0.36611780524253847,0.930564284324646,0.002807999961078167,0.006022254936397076,-0.0053867981769144539,0.9999673366546631],"EasingStyle":"Linear","EasingDirection":"Out"},"Right Arm":{"Weight":1,"CFrame":[0.9190607070922852,-0.48753368854522707,0.14931917190551759,-0.1453196257352829,-0.9886729717254639,0.037522364407777789,0.47161102294921877,-0.035880666226148608,0.8810763955116272,-0.8697501420974731,0.14573368430137635,0.4714832603931427],"EasingStyle":"Linear","EasingDirection":"Out"},"Left Arm":{"Weight":1,"CFrame":[-0.8173341751098633,-0.43834879994392397,0.07200765609741211,-0.03894023969769478,0.9987972378730774,0.029794152826070787,-0.5095856189727783,-0.04549766704440117,0.8592161536216736,0.8595383167266846,0.018275493755936624,0.5107445120811462],"EasingStyle":"Linear","EasingDirection":"Out"},"Head":{"Weight":1,"CFrame":[1.494772732257843e-7,8.003553375601769e-9,-5.960464477539063e-8,0.9998042583465576,0.0023961709812283518,0.019639603793621064,0.006383819971233606,0.900480329990387,-0.43484991788864138,-0.018727043643593789,0.43489012122154238,0.9002887606620789],"EasingStyle":"Linear","EasingDirection":"Out"},"Torso":{"Weight":1,"CFrame":[-0.0027789813466370107,-0.12797725200653077,-0.2991366386413574,0.9997893571853638,-0.007938790135085583,0.018928032368421556,0.008552012033760548,0.9994338750839233,-0.03253975510597229,-0.018658990040421487,0.032694775611162189,0.999291181564331],"EasingStyle":"Linear","EasingDirection":"Out"},"HumanoidRootPart":{"Weight":0,"CFrame":[0,0,0,1,0,0,0,1,0,0,0,1],"EasingStyle":"Linear","EasingDirection":"In"},"Right Leg":{"Weight":1,"CFrame":[0.319880872964859,0.3202349543571472,0.039057016372680667,0.9956573843955994,0.08508358895778656,-0.037778452038764957,-0.08242367208003998,0.9943343997001648,0.06712301820516586,0.04327546805143356,-0.06371767818927765,0.9970292448997498],"EasingStyle":"Linear","EasingDirection":"Out"}}},{"Time":0.1666666716337204,"poses":{"Left Leg":{"Weight":1,"CFrame":[-0.3579811751842499,0.24358248710632325,0.05619668960571289,0.9246115684509277,-0.38069093227386477,-0.012957529164850712,0.38060587644577029,0.9246974587440491,-0.008591190911829472,0.015252381563186646,0.003011806635186076,0.9998791217803955],"EasingStyle":"Linear","EasingDirection":"Out"},"Right Arm":{"Weight":1,"CFrame":[0.8537689447402954,-0.49165430665016177,0.14383792877197267,-0.18236121535301209,-0.9807189702987671,0.07024747133255005,0.5179656147956848,-0.03509426489472389,0.8546812534332275,-0.8357368111610413,0.1922464668750763,0.514378547668457],"EasingStyle":"Linear","EasingDirection":"Out"},"Left Arm":{"Weight":1,"CFrame":[-0.7063953876495361,-0.4828226864337921,0.08046412467956543,-0.08883886784315109,0.9932366013526917,0.07475807517766953,-0.5099546313285828,-0.10982725024223328,0.8531613349914551,0.8556014895439148,0.037670738995075229,0.5162624716758728],"EasingStyle":"Linear","EasingDirection":"Out"},"Head":{"Weight":1,"CFrame":[1.4761462807655335e-7,-1.1175870895385743e-8,1.1920928955078126e-7,0.9997994303703308,0.010618284344673157,0.01697966828942299,-0.0024574147537350656,0.9065049886703491,-0.4221879541873932,-0.01987506076693535,0.4220615327358246,0.9063493013381958],"EasingStyle":"Linear","EasingDirection":"Out"},"Torso":{"Weight":1,"CFrame":[0.003615181427448988,-0.078001469373703,-0.35787487030029299,0.9996836185455322,-0.016053898259997369,0.019363919273018838,0.017053892835974695,0.998468279838562,-0.052633337676525119,-0.0184892900288105,0.05294691398739815,0.9984261393547058],"EasingStyle":"Linear","EasingDirection":"Out"},"HumanoidRootPart":{"Weight":0,"CFrame":[0,0,0,1,0,0,0,1,0,0,0,1],"EasingStyle":"Linear","EasingDirection":"In"},"Right Leg":{"Weight":1,"CFrame":[0.40087151527404787,0.38854557275772097,0.03480195999145508,0.9957550764083862,0.0793614313006401,-0.0466221459209919,-0.07578404247760773,0.9943708181381226,0.07405030727386475,0.05223643779754639,-0.07020271569490433,0.996164083480835],"EasingStyle":"Linear","EasingDirection":"Out"}}},{"Time":0.18333333730697633,"poses":{"Left Leg":{"Weight":1,"CFrame":[-0.3527612090110779,0.23964303731918336,0.060569047927856448,0.9296512007713318,-0.36785295605659487,-0.02080155350267887,0.3675391376018524,0.9298444390296936,-0.017446421086788179,0.025759920477867128,0.008573696948587895,0.999631404876709],"EasingStyle":"Linear","EasingDirection":"Out"},"Right Arm":{"Weight":1,"CFrame":[0.7807597517967224,-0.49581846594810488,0.13777601718902589,-0.22406652569770814,-0.967490017414093,0.11729120463132858,0.5721597075462341,-0.03316310793161392,0.8194714188575745,-0.7889407277107239,0.25072553753852847,0.5609896183013916],"EasingStyle":"Linear","EasingDirection":"Out"},"Left Arm":{"Weight":1,"CFrame":[-0.5875470042228699,-0.5337699055671692,0.0873802900314331,-0.14894726872444154,0.9822586178779602,0.11394190043210983,-0.5092151761054993,-0.17496536672115327,0.8426665663719177,0.8476523756980896,0.06749201565980911,0.5262417197227478],"EasingStyle":"Linear","EasingDirection":"Out"},"Head":{"Weight":1,"CFrame":[1.5506520867347718e-7,-3.434251993894577e-9,2.384185791015625e-7,0.9997122287750244,0.01854749210178852,0.015212232246994973,-0.010734876617789269,0.9130333065986633,-0.4077436923980713,-0.02145189233124256,0.40746307373046877,0.912969708442688],"EasingStyle":"Linear","EasingDirection":"Out"},"Torso":{"Weight":1,"CFrame":[0.009484145790338517,-0.03023974411189556,-0.4070439338684082,0.9994708299636841,-0.02559646964073181,0.02007228694856167,0.027009617537260057,0.9969207048416138,-0.07361753284931183,-0.018126128241419793,0.07412072271108628,0.9970845580101013],"EasingStyle":"Linear","EasingDirection":"Out"},"HumanoidRootPart":{"Weight":0,"CFrame":[0,0,0,1,0,0,0,1,0,0,0,1],"EasingStyle":"Linear","EasingDirection":"In"},"Right Leg":{"Weight":1,"CFrame":[0.47426149249076846,0.450523316860199,0.030605792999267579,0.9957867860794067,0.07166961580514908,-0.05720250681042671,-0.06691166758537293,0.9944528937339783,0.08115601539611817,0.06270162016153336,-0.07698655873537064,0.9950585961341858],"EasingStyle":"Linear","EasingDirection":"Out"}}},{"Time":0.20000000298023225,"poses":{"Left Leg":{"Weight":1,"CFrame":[-0.3496665060520172,0.2895468473434448,0.061866044998168948,0.944412112236023,-0.3272414803504944,-0.03160184249281883,0.3266258239746094,0.9448702931404114,-0.02314562350511551,0.03743385151028633,0.011537034995853901,0.9992325305938721],"EasingStyle":"Linear","EasingDirection":"Out"},"Right Arm":{"Weight":1,"CFrame":[0.7013351917266846,-0.49912384152412417,0.13177168369293214,-0.2676311731338501,-0.9473170638084412,0.17596560716629029,0.6302803158760071,-0.03399030864238739,0.7756231427192688,-0.7287799715995789,0.3184887170791626,0.6061722636222839],"EasingStyle":"Linear","EasingDirection":"Out"},"Left Arm":{"Weight":1,"CFrame":[-0.4674158990383148,-0.5887545347213745,0.09096980094909668,-0.21574532985687257,0.966547429561615,0.13870829343795777,-0.5083374977111816,-0.2324632853269577,0.8291887044906616,0.8336947560310364,0.1083829253911972,0.5414851307868958],"EasingStyle":"Linear","EasingDirection":"Out"},"Head":{"Weight":1,"CFrame":[1.511070877313614e-7,-1.548323780298233e-8,-1.1920928955078126e-7,0.999555766582489,0.026009395718574525,0.014554446563124657,-0.018240712583065034,0.9200320839881897,-0.3914182186126709,-0.02357110008597374,0.3909788131713867,0.9200977683067322],"EasingStyle":"Linear","EasingDirection":"Out"},"Torso":{"Weight":1,"CFrame":[0.01488350797444582,0.015574237331748009,-0.4426851272583008,0.9991042613983154,-0.03666603937745094,0.021124333143234254,0.03852115944027901,0.9946938157081604,-0.09539579600095749,-0.017514457926154138,0.0961240753531456,0.9952152371406555],"EasingStyle":"Linear","EasingDirection":"Out"},"HumanoidRootPart":{"Weight":0,"CFrame":[0,0,0,1,0,0,0,1,0,0,0,1],"EasingStyle":"Linear","EasingDirection":"In"},"Right Leg":{"Weight":1,"CFrame":[0.5370416045188904,0.5021474361419678,0.027576446533203126,0.995739758014679,0.060262616723775867,-0.06979060918092728,-0.05404484272003174,0.9946718215942383,0.0877903625369072,0.0747092217206955,-0.08364448696374893,0.9936911463737488],"EasingStyle":"Linear","EasingDirection":"Out"}}},{"Time":0.21666666865348817,"poses":{"Left Leg":{"Weight":1,"CFrame":[-0.39192330837249758,0.32764923572540285,0.05767536163330078,0.9543472528457642,-0.29539549350738528,-0.04430298134684563,0.29451486468315127,0.9553096294403076,-0.025387663394212724,0.04982246831059456,0.011180765926837922,0.9986954927444458],"EasingStyle":"Linear","EasingDirection":"Out"},"Right Arm":{"Weight":1,"CFrame":[0.6167259812355042,-0.5012178421020508,0.12624049186706544,-0.30923983454704287,-0.9196470975875855,0.24211540818214417,0.6879830360412598,-0.0405774749815464,0.7245913743972778,-0.656544029712677,0.3906438648700714,0.6452499032020569],"EasingStyle":"Linear","EasingDirection":"Out"},"Left Arm":{"Weight":1,"CFrame":[-0.3526281416416168,-0.6453383564949036,0.0894472599029541,-0.2860916256904602,0.9478085041046143,0.14075011014938355,-0.5097887516021729,-0.27493295073509219,0.8151854872703552,0.8113365769386292,0.16146482527256013,0.5618380904197693],"EasingStyle":"Linear","EasingDirection":"Out"},"Head":{"Weight":1,"CFrame":[1.4156103134155274e-7,-2.468004822731018e-8,2.384185791015625e-7,0.9993374943733215,0.03318394348025322,0.014945381321012974,-0.02517320029437542,0.9268262386322022,-0.37464582920074465,-0.02628398686647415,0.37402138113975527,0.9270475506782532],"EasingStyle":"Linear","EasingDirection":"Out"},"Torso":{"Weight":1,"CFrame":[0.01991485245525837,0.05958254262804985,-0.462188720703125,0.9985038638114929,-0.049813903868198398,0.022552432492375375,0.05210884287953377,0.991844117641449,-0.11631815880537033,-0.016574235633015634,0.11731930822134018,0.9929559230804443],"EasingStyle":"Linear","EasingDirection":"Out"},"HumanoidRootPart":{"Weight":0,"CFrame":[0,0,0,1,0,0,0,1,0,0,0,1],"EasingStyle":"Linear","EasingDirection":"In"},"Right Leg":{"Weight":1,"CFrame":[0.5884037017822266,0.5395410656929016,0.02648770809173584,0.9954602718353272,0.04616882652044296,-0.08323022723197937,-0.03831016644835472,0.9948666095733643,0.09366270154714585,0.08712729811668396,-0.09004896134138107,0.9921189546585083],"EasingStyle":"Linear","EasingDirection":"Out"}}},{"Time":0.23333333432674409,"poses":{"Left Leg":{"Weight":1,"CFrame":[-0.43752726912498476,0.3479253053665161,0.052278995513916019,0.9595781564712524,-0.27518510818481448,-0.05901636183261871,0.2740227282047272,0.9613407850265503,-0.027118612080812455,0.06419748067855835,0.00985060166567564,0.9978886246681213],"EasingStyle":"Linear","EasingDirection":"Out"},"Right Arm":{"Weight":1,"CFrame":[0.527866542339325,-0.5039445757865906,0.12070441246032715,-0.3421948552131653,-0.887276828289032,0.30926111340522768,0.7417474389076233,-0.05303488299250603,0.6685791611671448,-0.5768131613731384,0.4581780433654785,0.676283597946167],"EasingStyle":"Linear","EasingDirection":"Out"},"Left Arm":{"Weight":1,"CFrame":[-0.24981039762496949,-0.7010856866836548,0.08102595806121826,-0.35691604018211367,0.9274510145187378,0.11155984550714493,-0.5175765156745911,-0.29575929045677187,0.8028954863548279,0.7776409983634949,0.2288253903388977,0.5855879187583923],"EasingStyle":"Linear","EasingDirection":"Out"},"Head":{"Weight":1,"CFrame":[1.4435499906539918e-7,2.8638169169425966e-8,-5.960464477539063e-8,0.9990199208259583,0.04160693287849426,0.015102598816156388,-0.033230509608983996,0.9303982257843018,-0.3650408983230591,-0.029239676892757417,0.3641812801361084,0.9308689832687378],"EasingStyle":"Linear","EasingDirection":"Out"},"Torso":{"Weight":1,"CFrame":[0.024592220783233644,0.10142623633146286,-0.4683399200439453,0.9974319934844971,-0.06742656975984574,0.02414645068347454,0.06998446583747864,0.9892279505729675,-0.12856997549533845,-0.0152173126116395,0.12992967665195466,0.9914064407348633],"EasingStyle":"Linear","EasingDirection":"Out"},"HumanoidRootPart":{"Weight":0,"CFrame":[0,0,0,1,0,0,0,1,0,0,0,1],"EasingStyle":"Linear","EasingDirection":"In"},"Right Leg":{"Weight":1,"CFrame":[0.6352366805076599,0.559461236000061,0.028000950813293458,0.9943938851356506,0.04302925243973732,-0.09658800810575485,-0.03330444544553757,0.9944168925285339,0.10012917220592499,0.10035724192857743,-0.09635104238986969,0.9902751445770264],"EasingStyle":"Linear","EasingDirection":"Out"}}},{"Time":0.25,"poses":{"Left Leg":{"Weight":1,"CFrame":[-0.43660181760787966,0.362090528011322,0.048056602478027347,0.9671419262886047,-0.24213339388370515,-0.07751024514436722,0.24058964848518372,0.9701991677284241,-0.028813831508159639,0.08217716962099076,0.009218921884894371,0.996575117111206],"EasingStyle":"Linear","EasingDirection":"Out"},"Right Arm":{"Weight":1,"CFrame":[0.4356183409690857,-0.5096952319145203,0.114463210105896,-0.36140573024749758,-0.8556618094444275,0.3704439699649811,0.789344310760498,-0.06929434090852738,0.6100277304649353,-0.4963078200817108,0.5128753781318665,0.7004551887512207],"EasingStyle":"Linear","EasingDirection":"Out"},"Left Arm":{"Weight":1,"CFrame":[-0.16558922827243806,-0.7535583972930908,0.06391990184783936,-0.42419248819351199,0.9046177864074707,0.04156288504600525,-0.5372878313064575,-0.2883594334125519,0.7925723195075989,0.7289599180221558,0.313871830701828,0.6083598136901856],"EasingStyle":"Linear","EasingDirection":"Out"},"Head":{"Weight":1,"CFrame":[1.442967914044857e-7,1.210719347000122e-8,-2.384185791015625e-7,0.9985018372535706,0.05288190767168999,0.01405667420476675,-0.044144269078969958,0.930306613445282,-0.3641166090965271,-0.032332196831703189,0.3629506230354309,0.9312472939491272],"EasingStyle":"Linear","EasingDirection":"Out"},"Torso":{"Weight":1,"CFrame":[0.028839996084570886,0.1406189650297165,-0.46022701263427737,0.9954660534858704,-0.09169846773147583,0.025273898616433145,0.09423549473285675,0.9868859648704529,-0.1310562938451767,-0.012924795038998127,0.1328437775373459,0.9910526871681213],"EasingStyle":"Linear","EasingDirection":"Out"},"HumanoidRootPart":{"Weight":0,"CFrame":[0,0,0,1,0,0,0,1,0,0,0,1],"EasingStyle":"Linear","EasingDirection":"In"},"Right Leg":{"Weight":1,"CFrame":[0.6759225130081177,0.5592316389083862,0.03261113166809082,0.9924169182777405,0.052448008209466937,-0.11116587370634079,-0.040330786257982257,0.9932695627212524,0.10857699811458588,0.11611232906579972,-0.10327024012804032,0.9878528118133545],"EasingStyle":"Linear","EasingDirection":"Out"}}},{"Time":0.2666666805744171,"poses":{"Left Leg":{"Weight":1,"CFrame":[-0.43350523710250857,0.35526907444000246,0.04333758354187012,0.9724980592727661,-0.2110983431339264,-0.09841230511665344,0.20904819667339326,0.9774196743965149,-0.030816616490483285,0.10269545018672943,0.00939619168639183,0.9946684837341309],"EasingStyle":"Linear","EasingDirection":"Out"},"Right Arm":{"Weight":1,"CFrame":[0.34084293246269228,-0.5208635926246643,0.10681629180908203,-0.3644977807998657,-0.8314152956008911,0.41939249634742739,0.8300285935401917,-0.08591576665639878,0.5510635375976563,-0.4221302270889282,0.5489690899848938,0.7214145064353943],"EasingStyle":"Linear","EasingDirection":"Out"},"Left Arm":{"Weight":1,"CFrame":[-0.10520073771476746,-0.8006682991981506,0.0372614860534668,-0.4817745089530945,0.8729985952377319,-0.07593879848718643,-0.5743264555931091,-0.24911682307720185,0.779801070690155,0.6618477702140808,0.4193020761013031,0.6214044690132141],"EasingStyle":"Linear","EasingDirection":"Out"},"Head":{"Weight":1,"CFrame":[1.5320256352424622e-7,-2.1886080503463746e-8,0,0.9977134466171265,0.06654064357280731,0.011842083185911179,-0.05757790803909302,0.9285768866539002,-0.36664658784866335,-0.03539316728711128,0.3651263415813446,0.9302849173545837],"EasingStyle":"Linear","EasingDirection":"Out"},"Torso":{"Weight":1,"CFrame":[0.03258197382092476,0.176683247089386,-0.4346017837524414,0.9921594262123108,-0.12233331799507141,0.025577306747436525,0.12463268637657166,0.983687162399292,-0.12971626222133637,-0.009291448630392552,0.13188697397708894,0.9912211894989014],"EasingStyle":"Linear","EasingDirection":"Out"},"HumanoidRootPart":{"Weight":0,"CFrame":[0,0,0,1,0,0,0,1,0,0,0,1],"EasingStyle":"Linear","EasingDirection":"In"},"Right Leg":{"Weight":1,"CFrame":[0.6999544501304627,0.5395558476448059,0.039157867431640628,0.9899260401725769,0.06206095591187477,-0.1272590309381485,-0.04687098041176796,0.991779625415802,0.11906407028436661,0.13360214233398438,-0.11189991235733032,0.9846973419189453],"EasingStyle":"Linear","EasingDirection":"Out"}}},{"Time":0.28333333134651186,"poses":{"Left Leg":{"Weight":1,"CFrame":[-0.427325576543808,0.32865601778030398,0.03884232044219971,0.9760303497314453,-0.1815856248140335,-0.1199641302227974,0.17886604368686677,0.9833147525787354,-0.03315237537026405,0.1239825114607811,0.010900214314460755,0.9922245144844055],"EasingStyle":"Linear","EasingDirection":"Out"},"Right Arm":{"Weight":1,"CFrame":[0.24440115690231324,-0.5398408770561218,0.09706282615661621,-0.3508486747741699,-0.8208712339401245,0.45063915848731997,0.864319920539856,-0.09868242591619492,0.49316611886024477,-0.3603557348251343,0.5625230669975281,0.7441179156303406],"EasingStyle":"Linear","EasingDirection":"Out"},"Left Arm":{"Weight":1,"CFrame":[-0.06831192970275879,-0.8417277932167053,0.0038542747497558595,-0.5234706997871399,0.8207429647445679,-0.22882172465324403,-0.6269227862358093,-0.1891438066959381,0.7557727098464966,0.5770149230957031,0.5390785336494446,0.6135537624359131],"EasingStyle":"Linear","EasingDirection":"Out"},"Head":{"Weight":1,"CFrame":[1.424923539161682e-7,-2.7939677238464357e-9,-1.7881393432617188e-7,0.9966595768928528,0.081258125603199,0.008176962845027447,-0.072397381067276,0.9254118204116821,-0.3719833195209503,-0.03779369965195656,0.37014874815940859,0.9282034039497376],"EasingStyle":"Linear","EasingDirection":"Out"},"Torso":{"Weight":1,"CFrame":[0.03574039041996002,0.20916424691677094,-0.3925919532775879,0.9870525002479553,-0.15843649208545686,0.025004778057336808,0.16033156216144563,0.9790536761283875,-0.12548960745334626,-0.004598888568580151,0.12787388265132905,0.9917797446250916],"EasingStyle":"Linear","EasingDirection":"Out"},"HumanoidRootPart":{"Weight":0,"CFrame":[0,0,0,1,0,0,0,1,0,0,0,1],"EasingStyle":"Linear","EasingDirection":"In"},"Right Leg":{"Weight":1,"CFrame":[0.6903268098831177,0.5028148889541626,0.0432889461517334,0.9875566363334656,0.06253912299871445,-0.14429377019405366,-0.043453991413116458,0.9903210401535034,0.13181820511817933,0.151140958070755,-0.12390778213739395,0.9807156920433044],"EasingStyle":"Linear","EasingDirection":"Out"}}},{"Time":0.30000001192092898,"poses":{"Left Leg":{"Weight":1,"CFrame":[-0.41351354122161868,0.2846323251724243,0.035906195640563968,0.9783912897109985,-0.151773139834404,-0.14041157066822053,0.1481500267982483,0.9883106350898743,-0.03596845641732216,0.14422927796840669,0.014389256946742535,0.9894396662712097],"EasingStyle":"Linear","EasingDirection":"Out"},"Right Arm":{"Weight":1,"CFrame":[0.14715473353862763,-0.5690203905105591,0.0845024585723877,-0.32011038064956667,-0.8288640379905701,0.45881766080856326,0.8933987021446228,-0.10296248644590378,0.4373071491718292,-0.31522709131240847,0.5498937368392944,0.7734654545783997],"EasingStyle":"Linear","EasingDirection":"Out"},"Left Arm":{"Weight":1,"CFrame":[-0.05319909751415253,-0.8763975501060486,-0.03257930278778076,-0.5445114374160767,0.7401157021522522,-0.39463406801223757,-0.6882327795028687,-0.12532006204128266,0.714584231376648,0.47941938042640688,0.6606993675231934,0.5776100754737854],"EasingStyle":"Linear","EasingDirection":"Out"},"Head":{"Weight":1,"CFrame":[1.4295801520347596e-7,1.862645149230957e-9,1.1920928955078126e-7,0.9954090118408203,0.09567283093929291,0.0027656126767396929,-0.08746485412120819,0.9209853410720825,-0.37965238094329836,-0.03886951506137848,0.37766751646995547,0.9251250624656677],"EasingStyle":"Linear","EasingDirection":"Out"},"Torso":{"Weight":1,"CFrame":[0.03823500871658325,0.23764295876026154,-0.33610105514526369,0.9797040820121765,-0.19906741380691529,0.023495815694332124,0.20044739544391633,0.9724425673484802,-0.11906424909830094,0.0008534830412827432,0.12135740369558335,0.9926084876060486],"EasingStyle":"Linear","EasingDirection":"Out"},"HumanoidRootPart":{"Weight":0,"CFrame":[0,0,0,1,0,0,0,1,0,0,0,1],"EasingStyle":"Linear","EasingDirection":"In"},"Right Leg":{"Weight":1,"CFrame":[0.6294556856155396,0.4515029191970825,0.03877663612365723,0.9858040809631348,0.04474096745252609,-0.16182869672775269,-0.02072148770093918,0.9888937473297119,0.14717264473438264,0.16661600768566132,-0.14173005521297456,0.975782573223114],"EasingStyle":"Linear","EasingDirection":"Out"}}},{"Time":0.3166666626930237,"poses":{"Left Leg":{"Weight":1,"CFrame":[-0.3840782940387726,0.22645127773284913,0.03661704063415527,0.9803135395050049,-0.11838924884796143,-0.1580168902873993,0.11353635787963867,0.9927513003349304,-0.03942518308758736,0.1615389734506607,0.02070838026702404,0.9866490364074707],"EasingStyle":"Linear","EasingDirection":"Out"},"Right Arm":{"Weight":1,"CFrame":[0.04961515590548515,-0.6069959402084351,0.06913256645202637,-0.26920294761657717,-0.8562860488891602,0.4407990872859955,0.9