{"Sequence":[{"Time":0,"poses":{"Left Leg":{"Weight":1,"CFrame":[0.6876816153526306,-0.026894569396972657,-0.30435889959335329,0.5527654886245728,-0.5099924802780151,0.6590584516525269,0.6400630474090576,0.7662699818611145,0.05612124502658844,-0.5336381196975708,0.3908170461654663,0.7499949336051941],"EasingStyle":"Linear","EasingDirection":"Out"},"Right Arm":{"Weight":1,"CFrame":[-0.6943430304527283,0.03022181987762451,0.33533573150634768,0.899967610836029,-0.13576067984104157,0.41427934169769289,0.1408359408378601,0.9898613095283508,0.0184331052005291,-0.41258153319358828,0.04175623133778572,0.9099631309509277],"EasingStyle":"Linear","EasingDirection":"Out"},"Left Arm":{"Weight":1,"CFrame":[-0.49391844868659975,0.44947242736816409,0.4825248718261719,-0.8812658786773682,-0.14143219590187074,0.450962632894516,0.1965389847755432,-0.9774258732795715,0.07753106951713562,0.42981719970703127,0.1569572389125824,0.8891690373420715],"EasingStyle":"Linear","EasingDirection":"Out"},"Head":{"Weight":1,"CFrame":[1.1175870895385742e-7,3.259629011154175e-9,-5.960464477539063e-8,0.9109935164451599,0.4062485098838806,0.07108385860919953,-0.40879443287849429,0.9122757911682129,0.02529868483543396,-0.05457053706049919,-0.05210565775632858,0.9971494674682617],"EasingStyle":"Linear","EasingDirection":"Out"},"Torso":{"Weight":1,"CFrame":[-0.1352176070213318,8.899704084797122e-8,-0.32340240478515627,0.6149794459342957,-0.7822015285491943,-0.09980510175228119,0.7810709476470947,0.621635913848877,-0.05913487821817398,0.10829782485961914,-0.04158812016248703,0.9932482242584229],"EasingStyle":"Linear","EasingDirection":"Out"},"HumanoidRootPart":{"Weight":0,"CFrame":[0,0,0,1,0,0,0,1,0,0,0,1],"EasingStyle":"Linear","EasingDirection":"In"},"Right Leg":{"Weight":1,"CFrame":[1.1611567735671998,0.30218303203582766,-0.45964008569717409,0.852321445941925,-0.08578286319971085,0.5159355401992798,0.07070571184158325,0.9963005185127258,0.048846375197172168,-0.5182170271873474,-0.005153220612555742,0.8552336692810059],"EasingStyle":"Linear","EasingDirection":"Out"}}},{"Time":0.01666666753590107,"poses":{"Left Leg":{"Weight":1,"CFrame":[0.6818357110023499,-0.040764570236206058,-0.31248152256011965,0.5369857549667358,-0.5303959250450134,0.6559927463531494,0.6623867750167847,0.7466363310813904,0.061465103179216388,-0.5223888754844666,0.40151503682136538,0.7522602677345276],"EasingStyle":"Linear","EasingDirection":"Out"},"Right Arm":{"Weight":1,"CFrame":[-0.6987326741218567,0.04557907581329346,0.3344651460647583,0.9036427736282349,-0.10963708162307739,0.4140162467956543,0.11371731013059616,0.9934019446372986,0.014863730408251286,-0.41291412711143496,0.03364932909607887,0.9101481437683106],"EasingStyle":"Linear","EasingDirection":"Out"},"Left Arm":{"Weight":1,"CFrame":[-0.5077654123306274,0.463092565536499,0.48625051975250246,-0.8854741454124451,-0.1429065763950348,0.44216880202293398,0.1879928708076477,-0.9803590178489685,0.05962221696972847,0.4249637722969055,0.135918527841568,0.8949480056762695],"EasingStyle":"Linear","EasingDirection":"Out"},"Head":{"Weight":1,"CFrame":[1.30385160446167e-7,2.2351741790771486e-8,-1.1920928955078126e-7,0.9099808931350708,0.4074065089225769,0.07716618478298187,-0.4102465510368347,0.9116392135620117,0.02473476529121399,-0.060270603746175769,-0.0541653111577034,0.9967113733291626],"EasingStyle":"Linear","EasingDirection":"Out"},"Torso":{"Weight":1,"CFrame":[-0.12957054376602174,2.6732916325045154e-8,-0.32306671142578127,0.6136026382446289,-0.7810325026512146,-0.11610357463359833,0.780656635761261,0.6221334338188171,-0.05937342345714569,0.11860449612140656,-0.05420534312725067,0.991460919380188],"EasingStyle":"Linear","EasingDirection":"Out"},"HumanoidRootPart":{"Weight":0,"CFrame":[0,0,0,1,0,0,0,1,0,0,0,1],"EasingStyle":"Linear","EasingDirection":"In"},"Right Leg":{"Weight":1,"CFrame":[1.1614149808883668,0.295027494430542,-0.46121400594711306,0.8541056513786316,-0.06620959937572479,0.5158680081367493,0.0453028604388237,0.9975649118423462,0.0530269555747509,-0.5181227326393127,-0.02192031592130661,0.8550253510475159],"EasingStyle":"Linear","EasingDirection":"Out"}}},{"Time":0.03333333507180214,"poses":{"Left Leg":{"Weight":1,"CFrame":[0.6838705539703369,-0.053449153900146487,-0.32767170667648318,0.5146770477294922,-0.5573651194572449,0.6514995098114014,0.6883150935173035,0.7216652631759644,0.07363175600767136,-0.5112043023109436,0.410540372133255,0.7550673484802246],"EasingStyle":"Linear","EasingDirection":"Out"},"Right Arm":{"Weight":1,"CFrame":[-0.6997314691543579,0.06864553689956665,0.3329136371612549,0.9075894355773926,-0.08151637762784958,0.4118695557117462,0.0795261412858963,0.9965899586677551,0.02200041525065899,-0.41225847601890566,0.012787071987986565,0.9109771847724915],"EasingStyle":"Linear","EasingDirection":"Out"},"Left Arm":{"Weight":1,"CFrame":[-0.5349480509757996,0.4685237407684326,0.49274516105651858,-0.8952665328979492,-0.1284831017255783,0.4266027808189392,0.1701803207397461,-0.9835278391838074,0.06092328950762749,0.41174811124801638,0.12714198231697083,0.9023848176002502],"EasingStyle":"Linear","EasingDirection":"Out"},"Head":{"Weight":1,"CFrame":[1.5273690223693848e-7,0,-5.364418029785156e-7,0.9078588485717773,0.41163143515586855,0.07969880104064942,-0.414054811000824,0.9101118445396423,0.015968939289450647,-0.06596148759126663,-0.0474972277879715,0.9966910481452942],"EasingStyle":"Linear","EasingDirection":"Out"},"Torso":{"Weight":1,"CFrame":[-0.1138489842414856,3.115133040410001e-9,-0.32071447372436526,0.6126047372817993,-0.7785641551017761,-0.1362103521823883,0.7800672054290772,0.623319149017334,-0.054482489824295047,0.12732063233852387,-0.07287699729204178,0.9891806840896606],"EasingStyle":"Linear","EasingDirection":"Out"},"HumanoidRootPart":{"Weight":0,"CFrame":[0,0,0,1,0,0,0,1,0,0,0,1],"EasingStyle":"Linear","EasingDirection":"In"},"Right Leg":{"Weight":1,"CFrame":[1.1564680337905884,0.27829664945602419,-0.4589558243751526,0.8559076189994812,-0.036751147359609607,0.5158212184906006,0.011979933828115464,0.9986129403114319,0.05127062276005745,-0.5169900059700012,-0.037703413516283038,0.8551607131958008],"EasingStyle":"Linear","EasingDirection":"Out"}}},{"Time":0.05000000074505806,"poses":{"Left Leg":{"Weight":1,"CFrame":[0.6959177255630493,-0.06326234340667725,-0.35282957553863528,0.48815789818763735,-0.5867429971694946,0.6460917592048645,0.7139887809753418,0.6942193508148193,0.09099180996417999,-0.5019181966781616,0.4168839454650879,0.7578165531158447],"EasingStyle":"Linear","EasingDirection":"Out"},"Right Arm":{"Weight":1,"CFrame":[-0.6993364095687866,0.09370142221450806,0.33182287216186526,0.9117854833602905,-0.048552658408880237,0.40778666734695437,0.03210420161485672,0.9983747005462647,0.047087378799915317,-0.4094100594520569,-0.029841935262084008,0.9118622541427612],"EasingStyle":"Linear","EasingDirection":"Out"},"Left Arm":{"Weight":1,"CFrame":[-0.5577282905578613,0.49098676443099978,0.5023452043533325,-0.9081453084945679,-0.09490185230970383,0.4077570140361786,0.1309768408536911,-0.9894813299179077,0.061415039002895358,0.3976394832134247,0.10918045789003372,0.9110227227210999],"EasingStyle":"Linear","EasingDirection":"Out"},"Head":{"Weight":1,"CFrame":[1.7136335372924806e-7,7.450580596923828e-9,1.1920928955078126e-7,0.9047110080718994,0.41859227418899538,0.07923709601163864,-0.42003166675567629,0.9075078964233398,0.0016599344089627267,-0.07121344655752182,-0.03478384390473366,0.9968544244766235],"EasingStyle":"Linear","EasingDirection":"Out"},"Torso":{"Weight":1,"CFrame":[-0.08988237380981446,6.2578173753990999e-9,-0.3143301010131836,0.6127318739891052,-0.7741509675979614,-0.15890228748321534,0.7787306308746338,0.6257035732269287,-0.04553705453872681,0.13467827439308167,-0.09584007412195206,0.9862436056137085],"EasingStyle":"Linear","EasingDirection":"Out"},"HumanoidRootPart":{"Weight":0,"CFrame":[0,0,0,1,0,0,0,1,0,0,0,1],"EasingStyle":"Linear","EasingDirection":"In"},"Right Leg":{"Weight":1,"CFrame":[1.1425340175628663,0.2518147826194763,-0.45031100511550906,0.8565414547920227,-0.0021359652746468784,0.5160736441612244,-0.024254344403743745,0.9987198710441589,0.04438914358615875,-0.5155079364776611,-0.050538163632154468,0.8553932309150696],"EasingStyle":"Linear","EasingDirection":"Out"}}},{"Time":0.06666667014360428,"poses":{"Left Leg":{"Weight":1,"CFrame":[0.7028540968894959,-0.0681920051574707,-0.37067216634750368,0.4518173635005951,-0.6215351223945618,0.6399648785591126,0.7465125322341919,0.6561757326126099,0.11023873835802078,-0.4884466528892517,0.42793405055999758,0.7604553699493408],"EasingStyle":"Linear","EasingDirection":"Out"},"Right Arm":{"Weight":1,"CFrame":[-0.6978983283042908,0.11806398630142212,0.3305455446243286,0.9154738783836365,-0.011776475235819817,0.4022049307823181,-0.025818957015872,0.9957925081253052,0.08792414516210556,-0.40154823660850527,-0.09087676554918289,0.9113180041313171],"EasingStyle":"Linear","EasingDirection":"Out"},"Left Arm":{"Weight":1,"CFrame":[-0.5735595226287842,0.5270650386810303,0.5139447450637817,-0.9207598567008972,-0.04180994629859924,0.3878829777240753,0.06996757537126541,-0.9958177208900452,0.05875029414892197,0.38380447030067446,0.08123419433832169,0.919834315776825],"EasingStyle":"Linear","EasingDirection":"Out"},"Head":{"Weight":1,"CFrame":[1.564621925354004e-7,-5.587935447692871e-9,2.384185791015625e-7,0.9006045460700989,0.4278791844844818,0.07635997235774994,-0.42800503969192507,0.9036427140235901,-0.015540550462901593,-0.07565159350633621,-0.01868654415011406,0.9969592094421387],"EasingStyle":"Linear","EasingDirection":"Out"},"Torso":{"Weight":1,"CFrame":[-0.05950021743774414,2.4275072618706873e-8,-0.3018975257873535,0.6147358417510986,-0.7672281861305237,-0.182922825217247,0.7760342359542847,0.6297964453697205,-0.03357457369565964,0.14096349477767945,-0.1213148757815361,0.9825538396835327],"EasingStyle":"Linear","EasingDirection":"Out"},"HumanoidRootPart":{"Weight":0,"CFrame":[0,0,0,1,0,0,0,1,0,0,0,1],"EasingStyle":"Linear","EasingDirection":"In"},"Right Leg":{"Weight":1,"CFrame":[1.1154371500015259,0.21637094020843507,-0.4327201843261719,0.8554448485374451,0.03271552920341492,0.5168595910072327,-0.05826104059815407,0.9977467656135559,0.03327270969748497,-0.5146064162254334,-0.05857575684785843,0.8554233312606812],"EasingStyle":"Linear","EasingDirection":"Out"}}},{"Time":0.0833333358168602,"poses":{"Left Leg":{"Weight":1,"CFrame":[0.710462749004364,-0.06968820095062256,-0.38817107677459719,0.40963080525398257,-0.6556717753410339,0.6342690587043762,0.7796086072921753,0.6126601099967957,0.12983807921409608,-0.4737224876880646,0.44129595160484316,0.7621317505836487],"EasingStyle":"Linear","EasingDirection":"Out"},"Right Arm":{"Weight":1,"CFrame":[-0.6950382590293884,0.13975930213928224,0.327986478805542,0.9179728627204895,0.026514200493693353,0.3957560062408447,-0.08872920274734497,0.9862049221992493,0.13973909616470338,-0.38659143447875979,-0.16339179873466493,0.9076619148254395],"EasingStyle":"Linear","EasingDirection":"Out"},"Left Arm":{"Weight":1,"CFrame":[-0.5836936235427856,0.5675119161605835,0.5261433124542236,-0.9289818406105042,0.029815608635544778,0.36892232298851015,-0.010066180489957333,-0.9984166622161865,0.05534250661730766,0.3699883818626404,0.04769856855273247,0.9278111457824707],"EasingStyle":"Linear","EasingDirection":"Out"},"Head":{"Weight":1,"CFrame":[1.1455267667770386e-7,-5.4016709327697757e-8,-1.7881393432617188e-7,0.8955990672111511,0.4390481114387512,0.0716877356171608,-0.4378103017807007,0.8984616994857788,-0.032995905727148059,-0.07889546453952789,-0.0018345173448324204,0.9968811869621277],"EasingStyle":"Linear","EasingDirection":"Out"},"Torso":{"Weight":1,"CFrame":[-0.0245318915694952,4.528108732415603e-8,-0.2788867950439453,0.6193475723266602,-0.7573394775390625,-0.20699162781238557,0.7713242173194885,0.6361405849456787,-0.019597696140408517,0.14651785790920258,-0.14751987159252168,0.9781464338302612],"EasingStyle":"Linear","EasingDirection":"Out"},"HumanoidRootPart":{"Weight":0,"CFrame":[0,0,0,1,0,0,0,1,0,0,0,1],"EasingStyle":"Linear","EasingDirection":"In"},"Right Leg":{"Weight":1,"CFrame":[1.07014000415802,0.17116129398345948,-0.4030330181121826,0.8527938723564148,0.0626039057970047,0.5184817910194397,-0.0846257358789444,0.9962335228919983,0.018901724368333818,-0.515345573425293,-0.05999617651104927,0.8548797369003296],"EasingStyle":"Linear","EasingDirection":"Out"}}},{"Time":0.10000000149011612,"poses":{"Left Leg":{"Weight":1,"CFrame":[0.7250505685806274,-0.06874966621398926,-0.41329729557037356,0.3674607276916504,-0.6837161183357239,0.6304799318313599,0.807485044002533,0.5708962082862854,0.14847718179225923,-0.46145474910736086,0.4545435607433319,0.761872410774231],"EasingStyle":"Linear","EasingDirection":"Out"},"Right Arm":{"Weight":1,"CFrame":[-0.6903777122497559,0.15693050622940064,0.323050856590271,0.9192143082618713,0.06383459270000458,0.38854894042015078,-0.15073706209659577,0.9686508178710938,0.19746866822242738,-0.36376291513442995,-0.24008473753929139,0.9000199437141419],"EasingStyle":"Linear","EasingDirection":"Out"},"Left Arm":{"Weight":1,"CFrame":[-0.5893826484680176,0.6033879518508911,0.5375552177429199,-0.9283133149147034,0.11796315759420395,0.3525892198085785,-0.10562199354171753,-0.9929329752922058,0.05411181598901749,0.35648059844970705,0.012991554103791714,0.9342123866081238],"EasingStyle":"Linear","EasingDirection":"Out"},"Head":{"Weight":1,"CFrame":[1.287553459405899e-7,7.194466888904572e-8,-2.384185791015625e-7,0.8897595405578613,0.4516514837741852,0.06586971133947373,-0.44927704334259035,0.892096757888794,-0.048099368810653689,-0.08048631995916367,0.013203155249357224,0.99666827917099],"EasingStyle":"Linear","EasingDirection":"Out"},"Torso":{"Weight":1,"CFrame":[0.01319307740777731,5.7389790697470747e-8,-0.2433171272277832,0.6272484064102173,-0.7441366314888,-0.22982630133628846,0.7638977766036987,0.6453209519386292,-0.004582834430038929,0.15172195434570313,-0.17268922924995423,0.9732208847999573],"EasingStyle":"Linear","EasingDirection":"Out"},"HumanoidRootPart":{"Weight":0,"CFrame":[0,0,0,1,0,0,0,1,0,0,0,1],"EasingStyle":"Linear","EasingDirection":"In"},"Right Leg":{"Weight":1,"CFrame":[1.0093472003936768,0.11723887920379639,-0.3628634810447693,0.8490087389945984,0.08604035526514054,0.5213263630867004,-0.10226250439882279,0.9947546124458313,0.0023645146284252407,-0.5183883905410767,-0.0553196519613266,0.8533540964126587],"EasingStyle":"Linear","EasingDirection":"Out"}}},{"Time":0.11666666716337204,"poses":{"Left Leg":{"Weight":1,"CFrame":[0.7448605298995972,-0.06921470165252686,-0.4423326253890991,0.32684627175331118,-0.7040647268295288,0.6304477453231812,0.8307618498802185,0.5320720672607422,0.16350558400154115,-0.45056211948394778,0.470310777425766,0.7588158845901489],"EasingStyle":"Linear","EasingDirection":"Out"},"Right Arm":{"Weight":1,"CFrame":[-0.6835368871688843,0.16802304983139039,0.31464362144470217,0.9198018908500671,0.09765779227018357,0.3800360858440399,-0.20604725182056428,0.9444625973701477,0.25599804520606997,-0.33392971754074099,-0.3137728273868561,0.8888405561447144],"EasingStyle":"Linear","EasingDirection":"Out"},"Left Arm":{"Weight":1,"CFrame":[-0.5918781757354736,0.6245999336242676,0.546730637550354,-0.9144914150238037,0.21931740641593934,0.3400077819824219,-0.21218764781951905,-0.975475549697876,0.058513425290584567,0.344502329826355,-0.01863538846373558,0.938600480556488],"EasingStyle":"Linear","EasingDirection":"Out"},"Head":{"Weight":1,"CFrame":[1.1734664440155029e-7,-3.67872416973114e-8,1.1920928955078126e-7,0.8831714391708374,0.46525585651397707,0.059540677815675738,-0.4622114896774292,0.8848519325256348,-0.05828912928700447,-0.07980406284332276,0.02395894005894661,0.9965226054191589],"EasingStyle":"Linear","EasingDirection":"Out"},"Torso":{"Weight":1,"CFrame":[0.0518452450633049,4.871543168860626e-8,-0.19699811935424806,0.6390409469604492,-0.7273520231246948,-0.250171422958374,0.7529873847961426,0.6579511165618897,0.0105034364387393,0.1569608598947525,-0.19508804380893708,0.9681445956230164],"EasingStyle":"Linear","EasingDirection":"Out"},"HumanoidRootPart":{"Weight":0,"CFrame":[0,0,0,1,0,0,0,1,0,0,0,1],"EasingStyle":"Linear","EasingDirection":"In"},"Right Leg":{"Weight":1,"CFrame":[0.9474371671676636,0.05689305067062378,-0.32107973098754885,0.8438467383384705,0.10690417140722275,0.525827169418335,-0.11641140282154083,0.9930865168571472,-0.01508425548672676,-0.5238043665885925,-0.048483479768037799,0.8504576683044434],"EasingStyle":"Linear","EasingDirection":"Out"}}},{"Time":0.13333334028720857,"poses":{"Left Leg":{"Weight":1,"CFrame":[0.7687859535217285,-0.07496905326843262,-0.4717998504638672,0.2895173132419586,-0.7150549292564392,0.6362988352775574,0.850108802318573,0.4975939691066742,0.1723809838294983,-0.43988037109375,0.4910160005092621,0.7519365549087524],"EasingStyle":"Linear","EasingDirection":"Out"},"Right Arm":{"Weight":1,"CFrame":[-0.6741374731063843,0.17189711332321168,0.3016701936721802,0.9209076762199402,0.1255742609500885,0.36899879574775698,-0.24949924647808076,0.917236328125,0.31052812933921816,-0.2994648814201355,-0.3780325949192047,0.8760206699371338],"EasingStyle":"Linear","EasingDirection":"Out"},"Left Arm":{"Weight":1,"CFrame":[-0.5924316644668579,0.6177738904953003,0.552067756652832,-0.8841605186462402,0.32933667302131655,0.3313569724559784,-0.32421427965164187,-0.9432121515274048,0.07235966622829437,0.33637070655822756,-0.04345310106873512,0.940726637840271],"EasingStyle":"Linear","EasingDirection":"Out"},"Head":{"Weight":1,"CFrame":[1.5459954738616944e-7,-7.450580596923828e-8,-1.7881393432617188e-7,0.8759562373161316,0.4794427454471588,0.05324706807732582,-0.4763696789741516,0.8771225810050964,-0.06105724722146988,-0.07597764581441879,0.0281181950122118,0.9967129826545715],"EasingStyle":"Linear","EasingDirection":"Out"},"Torso":{"Weight":1,"CFrame":[0.08959516137838364,7.3722716820157078e-9,-0.1417374610900879,0.6552194356918335,-0.7067457437515259,-0.2668295204639435,0.7377382516860962,0.6746357083320618,0.024676717817783357,0.16257254779338838,-0.21301902830600739,0.9634277820587158],"EasingStyle":"Linear","EasingDirection":"Out"},"HumanoidRootPart":{"Weight":0,"CFrame":[0,0,0,1,0,0,0,1,0,0,0,1],"EasingStyle":"Linear","EasingDirection":"In"},"Right Leg":{"Weight":1,"CFrame":[0.8872796893119812,-0.0071974992752075199,-0.2791557312011719,0.8373150825500488,0.12304937839508057,0.5326933860778809,-0.1252141147851944,0.991605818271637,-0.032237716019153598,-0.5321887135505676,-0.03970762714743614,0.8456940650939941],"EasingStyle":"Linear","EasingDirection":"Out"}}},{"Time":0.15000000596046449,"poses":{"Left Leg":{"Weight":1,"CFrame":[0.7934839129447937,-0.08437764644622803,-0.49979865550994875,0.25809863209724429,-0.7134238481521606,0.6514686942100525,0.8642194867134094,0.47191694378852847,0.17441046237945558,-0.4318678081035614,0.5179969072341919,0.7383559346199036],"EasingStyle":"Linear","EasingDirection":"Out"},"Right Arm":{"Weight":1,"CFrame":[-0.6616107225418091,0.16757315397262574,0.28304386138916018,0.9239243268966675,0.14592424035072328,0.35365232825279238,-0.2777545750141144,0.8915454149246216,0.35776981711387637,-0.26308974623680117,-0.428780734539032,0.8642515540122986],"EasingStyle":"Linear","EasingDirection":"Out"},"Left Arm":{"Weight":1,"CFrame":[-0.5888940691947937,0.5641695261001587,0.5528771877288818,-0.8305442333221436,0.44458630681037905,0.3354686498641968,-0.4387587904930115,-0.893290638923645,0.09758356213569641,0.34305539727211,-0.06614233553409577,0.936983585357666],"EasingStyle":"Linear","EasingDirection":"Out"},"Head":{"Weight":1,"CFrame":[1.30385160446167e-7,-9.313225746154785e-9,0,0.8697513937950134,0.491199254989624,0.04749535024166107,-0.4887371063232422,0.8707013130187988,-0.054910946637392047,-0.0683264285326004,0.02454613707959652,0.9973610043525696],"EasingStyle":"Linear","EasingDirection":"Out"},"Torso":{"Weight":1,"CFrame":[0.12501786649227143,-8.024844078136084e-8,-0.08054065704345703,0.6780632138252258,-0.6802417635917664,-0.27839070558547976,0.7153776288032532,0.6977298259735107,0.03752371296286583,0.16871628165245057,-0.22459794580936433,0.9597346186637878],"EasingStyle":"Linear","EasingDirection":"Out"},"HumanoidRootPart":{"Weight":0,"CFrame":[0,0,0,1,0,0,0,1,0,0,0,1],"EasingStyle":"Linear","EasingDirection":"In"},"Right Leg":{"Weight":1,"CFrame":[0.8219878673553467,-0.07163524627685547,-0.22339308261871339,0.8370566368103027,0.12916778028011323,0.5316501259803772,-0.12138848751783371,0.99135822057724,-0.049736637622117999,-0.5334801077842712,-0.02290385030210018,0.8455024361610413],"EasingStyle":"Linear","EasingDirection":"Out"}}},{"Time":0.1666666716337204,"poses":{"Left Leg":{"Weight":1,"CFrame":[0.8101409673690796,-0.09161520004272461,-0.5217489004135132,0.2359638214111328,-0.6976975202560425,0.6764165163040161,0.8709678053855896,0.46054744720458987,0.17120502889156342,-0.4309711456298828,0.5487387776374817,0.7163445353507996],"EasingStyle":"Linear","EasingDirection":"Out"},"Right Arm":{"Weight":1,"CFrame":[-0.6446295380592346,0.15160948038101197,0.25857794284820559,0.9296920895576477,0.15950700640678407,0.33200907707214358,-0.2915376126766205,0.8695512413978577,0.39860570430755618,-0.22511863708496095,-0.46737372875213625,0.8549172282218933],"EasingStyle":"Linear","EasingDirection":"Out"},"Left Arm":{"Weight":1,"CFrame":[-0.578735888004303,0.4619370698928833,0.5491292476654053,-0.7446686625480652,0.5631303191184998,0.3582637310028076,-0.5522908568382263,-0.8212987184524536,0.14298008382320405,0.3747578561306,-0.09139302372932434,0.9226070642471314],"EasingStyle":"Linear","EasingDirection":"Out"},"Head":{"Weight":1,"CFrame":[1.4528632164001466e-7,-7.450580596923828e-9,1.1920928955078126e-7,0.8662853240966797,0.4976133108139038,0.043938588351011279,-0.4960431158542633,0.8672740459442139,-0.04215586557984352,-0.05908410623669624,0.014723637141287327,0.9981444478034973],"EasingStyle":"Linear","EasingDirection":"Out"},"Torso":{"Weight":1,"CFrame":[0.15830373764038087,-1.2648706615436823e-7,-0.021200180053710939,0.7085565328598023,-0.6464705467224121,-0.2828842103481293,0.6838669180870056,0.7279332876205444,0.04938734322786331,0.17399334907531739,-0.22844891250133515,0.9578817486763],"EasingStyle":"Linear","EasingDirection":"Out"},"HumanoidRootPart":{"Weight":0,"CFrame":[0,0,0,1,0,0,0,1,0,0,0,1],"EasingStyle":"Linear","EasingDirection":"In"},"Right Leg":{"Weight":1,"CFrame":[0.76338130235672,-0.11609697341918946,-0.16206789016723634,0.8491222262382507,0.12826329469680787,0.5123865008354187,-0.11023431271314621,0.991739809513092,-0.06557829678058624,-0.5165653824806213,-0.00079864461440593,0.8562473654747009],"EasingStyle":"Linear","EasingDirection":"Out"}}},{"Time":0.18333333730697633,"poses":{"Left Leg":{"Weight":1,"CFrame":[0.8089088797569275,-0.09059309959411621,-0.5287981629371643,0.22401002049446107,-0.670183002948761,0.7075834274291992,0.8695315718650818,0.4653363823890686,0.16545996069908143,-0.4401526153087616,0.5782013535499573,0.6869852542877197],"EasingStyle":"Linear","EasingDirection":"Out"},"Right Arm":{"Weight":1,"CFrame":[-0.6216772198677063,0.11952447891235352,0.22852623462677003,0.9383756518363953,0.167640820145607,0.3022378981113434,-0.29218047857284548,0.8518945574760437,0.4346335828304291,-0.18461239337921143,-0.4961574971675873,0.8483784198760986],"EasingStyle":"Linear","EasingDirection":"Out"},"Left Arm":{"Weight":1,"CFrame":[-0.5626381039619446,0.31838667392730715,0.540031909942627,-0.6206737160682678,0.679686963558197,0.3908834159374237,-0.6530492305755615,-0.7240367531776428,0.22203002870082856,0.43392491340637209,-0.1174578070640564,0.8932596445083618],"EasingStyle":"Linear","EasingDirection":"Out"},"Head":{"Weight":1,"CFrame":[1.9744038581848145e-7,4.842877388000488e-8,3.5762786865234377e-7,0.8660898208618164,0.4980063736438751,0.04333550110459328,-0.49728596210479739,0.8671717047691345,-0.02683200314640999,-0.0509418249130249,0.0016888006357476116,0.9987002015113831],"EasingStyle":"Linear","EasingDirection":"Out"},"Torso":{"Weight":1,"CFrame":[0.18071992695331574,-1.0446623832649493e-7,0.028722763061523439,0.7447343468666077,-0.6049417853355408,-0.2818087637424469,0.6431676149368286,0.763274073600769,0.06122120842337608,0.1780620515346527,-0.22684381902217866,0.9575154185295105],"EasingStyle":"Linear","EasingDirection":"Out"},"HumanoidRootPart":{"Weight":0,"CFrame":[0,0,0,1,0,0,0,1,0,0,0,1],"EasingStyle":"Linear","EasingDirection":"In"},"Right Leg":{"Weight":1,"CFrame":[0.715272068977356,-0.14253389835357667,-0.11602616310119629,0.8713891506195068,0.1229076161980629,0.4749472439289093,-0.0989483892917633,0.9922444820404053,-0.07523337751626969,-0.48051032423973086,0.018562257289886476,0.8767924904823303],"EasingStyle":"Linear","EasingDirection":"Out"}}},{"Time":0.20000000298023225,"poses":{"Left Leg":{"Weight":1,"CFrame":[0.7869486212730408,-0.08023488521575928,-0.5118597149848938,0.22008009254932404,-0.633676290512085,0.7416327595710754,0.8598958849906921,0.4850010573863983,0.1592267006635666,-0.4605906903743744,0.6026843190193176,0.6516346335411072],"EasingStyle":"Linear","EasingDirection":"Out"},"Right Arm":{"Weight":1,"CFrame":[-0.5916705131530762,0.06843191385269165,0.19350945949554444,0.9507297277450562,0.1653897613286972,0.26221963763237,-0.27515608072280886,0.839847207069397,0.46791642904281618,-0.14283590018749238,-0.5170133709907532,0.8439757823944092],"EasingStyle":"Linear","EasingDirection":"Out"},"Left Arm":{"Weight":1,"CFrame":[-0.5408899784088135,0.1412898302078247,0.5220690965652466,-0.4567474126815796,0.7865023612976074,0.41568723320961,-0.721903383731842,-0.6007514595985413,0.34344327449798586,0.519843578338623,-0.14321915805339814,0.8421702980995178],"EasingStyle":"Linear","EasingDirection":"Out"},"Head":{"Weight":1,"CFrame":[2.0116567611694337e-7,-1.5273690223693848e-7,-1.7881393432617188e-7,0.8703431487083435,0.49053964018821719,0.04328513517975807,-0.49053189158439639,0.8713469505310059,-0.011532367207109928,-0.043373432010412219,-0.0111955925822258,0.9989961981773377],"EasingStyle":"Linear","EasingDirection":"Out"},"Torso":{"Weight":1,"CFrame":[0.1870819628238678,-7.993269690587113e-8,0.06728935241699219,0.7844173908233643,-0.5545608997344971,-0.2777616083621979,0.5930250287055969,0.8017800450325012,0.07395999133586884,0.1816883534193039,-0.22273509204387666,0.9577987194061279],"EasingStyle":"Linear","EasingDirection":"Out"},"HumanoidRootPart":{"Weight":0,"CFrame":[0,0,0,1,0,0,0,1,0,0,0,1],"EasingStyle":"Linear","EasingDirection":"In"},"Right Leg":{"Weight":1,"CFrame":[0.6688123941421509,-0.15174376964569093,-0.08391571044921875,0.9016576409339905,0.1128806322813034,0.4174583852291107,-0.08706097304821015,0.9929490685462952,-0.08045242726802826,-0.4235963821411133,0.03619611635804176,0.9051275849342346],"EasingStyle":"Linear","EasingDirection":"Out"}}},{"Time":0.21666666865348817,"poses":{"Left Leg":{"Weight":1,"CFrame":[0.7465517520904541,-0.0744624137878418,-0.4567216634750366,0.21903057396411897,-0.5910176038742065,0.7763528823852539,0.8447468876838684,0.5130528807640076,0.15224771201610566,-0.4882911741733551,0.6224747896194458,0.6116345524787903],"EasingStyle":"Linear","EasingDirection":"Out"},"Right Arm":{"Weight":1,"CFrame":[-0.5552618503570557,0.0018505454063415528,0.15561532974243165,0.9661527872085571,0.14528873562812806,0.21316640079021455,-0.23552276194095612,0.8339236378669739,0.4990995526313782,-0.10525096952915192,-0.5324119925498962,0.839916467666626],"EasingStyle":"Linear","EasingDirection":"Out"},"Left Arm":{"Weight":1,"CFrame":[-0.5122115612030029,-0.04795044660568237,0.4930826425552368,-0.26302480697631838,0.8723286986351013,0.4121414124965668,-0.7438336610794067,-0.45540812611579897,0.4891984462738037,0.6144342422485352,-0.17789337038993836,0.7686509490013123],"EasingStyle":"Linear","EasingDirection":"Out"},"Head":{"Weight":1,"CFrame":[7.82310962677002e-8,0,0,0.8800947070121765,0.4730120301246643,0.041145361959934238,-0.4735044240951538,0.88078773021698,0.002564646303653717,-0.03502718731760979,-0.021739613264799119,0.9991498589515686],"EasingStyle":"Linear","EasingDirection":"Out"},"Torso":{"Weight":1,"CFrame":[0.18244242668151856,-5.2369124148299309e-8,0.09373331069946289,0.825657308101654,-0.4951297640800476,-0.27043774724006655,0.5332313776016235,0.8414392471313477,0.08743144571781159,0.18426699936389924,-0.216394305229187,0.9587591886520386],"EasingStyle":"Linear","EasingDirection":"Out"},"HumanoidRootPart":{"Weight":0,"CFrame":[0,0,0,1,0,0,0,1,0,0,0,1],"EasingStyle":"Linear","EasingDirection":"In"},"Right Leg":{"Weight":1,"CFrame":[0.6226034760475159,-0.14098894596099854,-0.05961966514587402,0.9360498189926148,0.10044188797473908,0.3372272849082947,-0.0757351666688919,0.9934406876564026,-0.08567284047603607,-0.34362030029296877,0.0546540692448616,0.9375168681144714],"EasingStyle":"Linear","EasingDirection":"Out"}}},{"Time":0.23333333432674409,"poses":{"Left Leg":{"Weight":1,"CFrame":[0.6886870861053467,-0.07498228549957276,-0.35653412342071535,0.21842870116233827,-0.5472261309623718,0.8079805374145508,0.8236759901046753,0.5473896265029907,0.14806224405765534,-0.5233036875724793,0.6331731081008911,0.5703026056289673],"EasingStyle":"Linear","EasingDirection":"Out"},"Right Arm":{"Weight":1,"CFrame":[-0.5135359764099121,-0.07510402798652649,0.11729788780212403,0.9818305969238281,0.10443500429391861,0.158436119556427,-0.17351877689361573,0.8320715427398682,0.5268284678459168,-0.07681084424257279,-0.5447478890419006,0.8350747227668762],"EasingStyle":"Linear","EasingDirection":"Out"},"Left Arm":{"Weight":1,"CFrame":[-0.4749312996864319,-0.2072274088859558,0.4543166160583496,-0.05829688161611557,0.9267644882202148,0.37109172344207766,-0.7169734239578247,-0.2975294888019562,0.6304168105125427,0.694658637046814,-0.22931160032749177,0.6818104982376099],"EasingStyle":"Linear","EasingDirection":"Out"},"Head":{"Weight":1,"CFrame":[1.0803341865539551e-7,-3.725290298461914e-9,-4.172325134277344e-7,0.895752489566803,0.4432035982608795,0.0346129834651947,-0.44386303424835207,0.8959836959838867,0.014103763736784459,-0.024761797860264779,-0.027996916323900224,0.9993012547492981],"EasingStyle":"Linear","EasingDirection":"Out"},"Torso":{"Weight":1,"CFrame":[0.17113851010799409,-2.1724446241933039e-8,0.10696268081665039,0.8662680387496948,-0.4268653988838196,-0.2595489025115967,0.4639998972415924,0.8800218105316162,0.10131964087486267,0.185158833861351,-0.2082006186246872,0.9604002833366394],"EasingStyle":"Linear","EasingDirection":"Out"},"HumanoidRootPart":{"Weight":0,"CFrame":[0,0,0,1,0,0,0,1,0,0,0,1],"EasingStyle":"Linear","EasingDirection":"In"},"Right Leg":{"Weight":1,"CFrame":[0.5756993293762207,-0.10729646682739258,-0.03794288635253906,0.9686478972434998,0.08711931854486466,0.23266173899173737,-0.06652631610631943,0.9932566285133362,-0.0949501097202301,-0.23936478793621064,0.07649514079093933,0.9679116606712341],"EasingStyle":"Linear","EasingDirection":"Out"}}},{"Time":0.25,"poses":{"Left Leg":{"Weight":1,"CFrame":[0.6220829486846924,-0.0162198543548584,-0.2560693025588989,0.23291799426078797,-0.505088746547699,0.8310443162918091,0.7715650796890259,0.6161560416221619,0.15823720395565034,-0.5919767618179321,0.6043485403060913,0.5332226157188416],"EasingStyle":"Linear","EasingDirection":"Out"},"Right Arm":{"Weight":1,"CFrame":[-0.46757954359054568,-0.15731486678123475,0.08101260662078858,0.9940394163131714,0.039586033672094348,0.1015804186463356,-0.08923564851284027,0.8307090401649475,0.5495083928108215,-0.06263088434934616,-0.5552976131439209,0.8292900323867798],"EasingStyle":"Linear","EasingDirection":"Out"},"Left Arm":{"Weight":1,"CFrame":[-0.42737746238708498,-0.316067636013031,0.407015323638916,0.13836140930652619,0.9448740482330322,0.2967645525932312,-0.6536029577255249,-0.13801132142543794,0.7441478967666626,0.7440828680992127,-0.29692748188972475,0.5984770059585571],"EasingStyle":"Linear","EasingDirection":"Out"},"Head":{"Weight":1,"CFrame":[1.7881393432617188e-7,-1.3783574104309083e-7,4.76837158203125e-7,0.9167806506156921,0.3987826108932495,0.022038256749510766,-0.39922404289245608,0.9165968298912048,0.021689778193831445,-0.011550665833055973,-0.028682958334684373,0.999521791934967],"EasingStyle":"Linear","EasingDirection":"Out"},"Torso":{"Weight":1,"CFrame":[0.15720394253730775,1.1854659476284724e-8,0.10547399520874024,0.903939962387085,-0.3506025969982147,-0.2448885440826416,0.3861750662326813,0.9152067303657532,0.11517566442489624,0.1837427318096161,-0.19868171215057374,0.9626859426498413],"EasingStyle":"Linear","EasingDirection":"Out"},"HumanoidRootPart":{"Weight":0,"CFrame":[0,0,0,1,0,0,0,1,0,0,0,1],"EasingStyle":"Linear","EasingDirection":"In"},"Right Leg":{"Weight":1,"CFrame":[0.5290170907974243,-0.047461867332458499,-0.01398378610610962,0.9917106628417969,0.07388477027416229,0.10512380301952362,-0.062051475048065189,0.9918031096458435,-0.11169707030057907,-0.11251480877399445,0.10424806922674179,0.988166332244873],"EasingStyle":"Linear","EasingDirection":"Out"}}},{"Time":0.2666666805744171,"poses":{"Left Leg":{"Weight":1,"CFrame":[0.5298099517822266,0.07028847932815552,-0.18483328819274903,0.34988221526145937,-0.46984320878982546,0.8104503750801086,0.6772375702857971,0.7245979905128479,0.12769946455955506,-0.6472494006156921,0.5041875839233398,0.5717193484306336],"EasingStyle":"Linear","EasingDirection":"Out"},"Right Arm":{"Weight":1,"CFrame":[-0.41847771406173708,-0.2396659553050995,0.049213409423828128,0.9975351691246033,-0.05256792530417442,0.04647761210799217,0.017085671424865724,0.8244104981422424,0.5657343864440918,-0.068056121468544,-0.563545823097229,0.8232766389846802],"EasingStyle":"Linear","EasingDirection":"Out"},"Left Arm":{"Weight":1,"CFrame":[-0.3678775727748871,-0.38215357065200808,0.3524225950241089,0.3159168064594269,0.9266394376754761,0.2038036584854126,-0.5751832723617554,0.016216039657592775,0.8178638219833374,0.7545599937438965,-0.3756013512611389,0.5381103754043579],"EasingStyle":"Linear","EasingDirection":"Out"},"Head":{"Weight":1,"CFrame":[1.0803341865539551e-7,9.313225746154785e-8,-1.7881393432617188e-7,0.9406157732009888,0.33943119645118716,0.005332705099135637,-0.3394441306591034,0.9402142763137817,0.027834763750433923,0.004434084985405207,-0.02799190767109394,0.9995983242988586],"EasingStyle":"Linear","EasingDirection":"Out"},"Torso":{"Weight":1,"CFrame":[0.13888953626155854,4.4203154914157497e-8,0.0848550796508789,0.9362776279449463,-0.26900577545166018,-0.22587622702121736,0.30140364170074465,0.9454877972602844,0.12332340329885483,0.18038849532604218,-0.18354485929012299,0.9663184285163879],"EasingStyle":"Linear","EasingDirection":"Out"},"HumanoidRootPart":{"Weight":0,"CFrame":[0,0,0,1,0,0,0,1,0,0,0,1],"EasingStyle":"Linear","EasingDirection":"In"},"Right Leg":{"Weight":1,"CFrame":[0.4940148890018463,0.05962347984313965,0.02129840850830078,0.9976369142532349,0.0595635324716568,-0.03424482420086861,-0.06347478181123734,0.9897945523262024,-0.1275842785835266,0.02629607915878296,0.12945644557476045,0.9912363886833191],"EasingStyle":"Linear","EasingDirection":"Out"}}},{"Time":0.28333333134651186,"poses":{"Left Leg":{"Weight":1,"CFrame":[0.4030756950378418,0.10174715518951416,-0.14474719762802125,0.5805900692939758,-0.440621554851532,0.684666097164154,0.5562266111373901,0.828739583492279,0.061666373163461688,-0.5945814251899719,0.3450266122817993,0.7262434363365173],"EasingStyle":"Linear","EasingDirection":"Out"},"Right Arm":{"Weight":1,"CFrame":[-0.3673160970211029,-0.31704050302505495,0.024355053901672365,0.9846134185791016,-0.17472922801971436,-0.002467975253239274,0.14439989626407624,0.8055889010429382,0.5746086835861206,-0.09841273725032807,-0.5661238431930542,0.8184245824813843],"EasingStyle":"Linear","EasingDirection":"Out"},"Left Arm":{"Weight":1,"CFrame":[-0.294760525226593,-0.418003112077713,0.29178309440612795,0.4749094843864441,0.8727219104766846,0.11321477591991425,-0.5050482749938965,0.1649303138256073,0.8471859693527222,0.7206852436065674,-0.4595154821872711,0.5190937519073486],"EasingStyle":"Linear","EasingDirection":"Out"},"Head":{"Weight":1,"CFrame":[1.0244548320770264e-7,-7.450580596923828e-9,1.1920928955078126e-7,0.9627264738082886,0.2702089250087738,-0.012034207582473755,-0.2696574926376343,0.9623202681541443,0.03499387577176094,0.021036392077803613,-0.030444419011473657,0.999315083026886],"EasingStyle":"Linear","EasingDirection":"Out"},"Torso":{"Weight":1,"CFrame":[0.11406641453504563,6.990929790617884e-8,0.04534912109375,0.9610775113105774,-0.18662376701831819,-0.20371948182582856,0.21395167708396913,0.969268798828125,0.12141959369182587,0.1747991442680359,-0.1602797508239746,0.9714708924293518],"EasingStyle":"Linear","EasingDirection":"Out"},"HumanoidRootPart":{"Weight":0,"CFrame":[0,0,0,1,0,0,0,1,0,0,0,1],"EasingStyle":"Linear","EasingDirection":"In"},"Right Leg":{"Weight":1,"CFrame":[0.5255303978919983,0.21620923280715943,0.08338451385498047,0.9848102927207947,0.06052088737487793,-0.16274486482143403,-0.08386006951332092,0.9865086078643799,-0.14059968292713166,0.15203997492790223,0.15211175382137299,0.9765990972518921],"EasingStyle":"Linear","EasingDirection":"Out"}}},{"Time":0.30000001192092898,"poses":{"Left Leg":{"Weight":1,"CFrame":[0.26391202211380007,0.060222089290618899,-0.13381022214889527,0.7907790541648865,-0.4131516218185425,0.4516351521015167,0.4522806406021118,0.8915611505508423,0.023682601749897004,-0.4124447703361511,0.1855381429195404,0.8918883800506592],"EasingStyle":"Linear","EasingDirection":"Out"},"Right Arm":{"Weight":1,"CFrame":[-0.3147692382335663,-0.38485676050186159,0.00812840461730957,0.9447811245918274,-0.3247624635696411,-0.043794140219688418,0.28966107964515688,0.7651198506355286,0.5750548839569092,-0.15324845910072328,-0.5559864640235901,0.8169417977333069],"EasingStyle":"Linear","EasingDirection":"Out"},"Left Arm":{"Weight":1,"CFrame":[-0.2075902670621872,-0.42890554666519167,0.22691071033477784,0.6156109571456909,0.7874407172203064,0.030987566336989404,-0.45500949025154116,0.32306531071662905,0.8298164010047913,0.6434202194213867,-0.5249437689781189,0.5571754574775696],"EasingStyle":"Linear","EasingDirection":"Out"},"Head":{"Weight":1,"CFrame":[1.6670674085617066e-7,0,-1.1920928955078126e-7,0.9799647331237793,0.19711585342884065,-0.028538290411233903,-0.19584009051322938,0.9797284603118897,0.042176585644483569,0.03627345338463783,-0.035742633044719699,0.9987025260925293],"EasingStyle":"Linear","EasingDirection":"Out"},"Torso":{"Weight":1,"CFrame":[0.08554105460643769,8.652797589547845e-8,-0.007954120635986328,0.9775979518890381,-0.10793149471282959,-0.1807013750076294,0.129375621676445,0.9853180050849915,0.11140195280313492,0.16602453589439393,-0.13228467106819154,0.9772086143493652],"EasingStyle":"Linear","EasingDirection":"Out"},"HumanoidRootPart":{"Weight":0,"CFrame":[0,0,0,1,0,0,0,1,0,0,0,1],"EasingStyle":"Linear","EasingDirection":"In"},"Right Leg":{"Weight":1,"CFrame":[0.6146031618118286,0.3985992670059204,0.1931779384613037,0.9634204506874085,0.06835956871509552,-0.25912925601005556,-0.1140536516904831,0.9795712232589722,-0.1656261384487152,0.24251340329647065,0.18912221491336823,0.9515355825424194],"EasingStyle":"Linear","EasingDirection":"Out"}}},{"Time":0.3166666626930237,"poses":{"Left Leg":{"Weight":1,"CFrame":[0.173391655087471,-0.011320829391479493,-0.14026445150375367,0.8997541666030884,-0.3779045045375824,0.21824420988559724,0.38631340861320498,0.9223567843437195,0.004470752086490393,-0.20298859477043153,0.08028809726238251,0.975883960723877],"EasingStyle":"Linear","EasingDirection":"Out"},"Right Arm":{"Weight":1,"CFrame":[-0.2598665952682495,-0.4406721293926239,-0.0008292794227600098,0.8688032031059265,-0.4887363910675049,-0.07948324084281922,0.44274449348449709,0.6948890686035156,0.5666627883911133,-0.2217167168855667,-0.5275091528892517,0.8201071619987488],"EasingStyle":"Linear","EasingDirection":"Out"},"Left Arm":{"Weight":1,"CFrame":[-0.11087511479854584,-0.4214536249637604,0.16189897060394288,0.7354850172996521,0.6761856079