{"Sequence":[{"Time":0,"poses":{"Left Leg":{"Weight":1,"CFrame":[-0.8439294695854187,0.8954204320907593,-0.5442264676094055,0.9812400937080383,-0.1893906593322754,-0.036043766885995868,0.1768248975276947,0.8096199631690979,0.559686005115509,-0.076817587018013,-0.5555596947669983,0.8279205560684204],"EasingStyle":"Linear","EasingDirection":"In"},"Right Arm":{"Weight":1,"CFrame":[1.1362821794591582e-7,-1.0646789073944092,-0.013610541820526123,-1,-3.2777387559690398e-7,4.062721075115405e-7,1.2536600024759537e-7,-0.9063079357147217,-0.42261797189712527,5.067307142780919e-7,-0.4226180613040924,0.9063079953193665],"EasingStyle":"Linear","EasingDirection":"In"},"Left Arm":{"Weight":1,"CFrame":[0.6155557036399841,-0.3752416968345642,0.4759424924850464,0.21512392163276673,0.16726185381412507,-0.9621565937995911,-0.6385412216186523,0.7695351243019104,-0.00899190828204155,0.7389093041419983,0.6163109540939331,0.2723488509654999],"EasingStyle":"Linear","EasingDirection":"In"},"Right Leg":{"Weight":1,"CFrame":[0.6216948628425598,0.319374144077301,0.11841809749603272,0.9038101434707642,0.3590925335884094,-0.2327653020620346,-0.3336566984653473,0.9319187998771668,0.14212901890277863,0.2679557800292969,-0.05079401656985283,0.9620913863182068],"EasingStyle":"Linear","EasingDirection":"In"},"Torso":{"Weight":1,"CFrame":[-0.029742946848273279,0,-0.32128334045410159,0.9998142123222351,2.3837428386741522e-7,-0.019274331629276277,-2.384185791015625e-7,1,2.084321417176148e-14,0.019274331629276277,4.595337887991491e-9,0.9998142123222351],"EasingStyle":"Linear","EasingDirection":"In"},"HumanoidRootPart":{"Weight":0,"CFrame":[0,0,0,1,0,0,0,1,0,0,0,1],"EasingStyle":"Linear","EasingDirection":"In"},"Head":{"Weight":1,"CFrame":[9.313225746154785e-8,0,0.016662240028381349,0.9998095035552979,0.005978976376354694,0.018579557538032533,-0.006057631224393845,0.9999729990959168,0.004182671196758747,-0.018554046750068666,-0.004294448532164097,0.9998186826705933],"EasingStyle":"Linear","EasingDirection":"In"}}},{"Time":0.03333333507180214,"poses":{"Left Leg":{"Weight":1,"CFrame":[-0.8374215960502625,0.7677321434020996,-0.31849557161331179,0.9818024635314941,-0.18752887845039369,-0.029947804287075998,0.17928153276443482,0.8632758259773254,0.47181883454322817,-0.06262645870447159,-0.46860194206237795,0.8811867833137512],"EasingStyle":"Linear","EasingDirection":"In"},"Right Arm":{"Weight":1,"CFrame":[1.0999156785373998e-7,-0.27344200015068056,-0.028863847255706788,-1,-3.2705742114558236e-7,4.0580033555670527e-7,1.2491607037645736e-7,-0.9063079357147217,-0.4226180613040924,5.060004468759871e-7,-0.4226180911064148,0.9063078761100769],"EasingStyle":"Linear","EasingDirection":"In"},"Left Arm":{"Weight":1,"CFrame":[0.6155557036399841,-0.37524208426475527,0.4759424924850464,0.21512393653392793,0.16726191341876985,-0.9621565937995911,-0.6385411620140076,0.7695351839065552,-0.008991904556751252,0.7389091849327087,0.6163109540939331,0.27234897017478945],"EasingStyle":"Linear","EasingDirection":"In"},"Right Leg":{"Weight":1,"CFrame":[0.6063406467437744,0.2963052988052368,0.11655282974243164,0.9074501991271973,0.35066112875938418,-0.2314540296792984,-0.32433372735977175,0.9348135590553284,0.14467684924602509,0.267098993062973,-0.05621873587369919,0.9620278477668762],"EasingStyle":"Linear","EasingDirection":"In"},"Torso":{"Weight":1,"CFrame":[0.008975816890597344,0,-0.2994987964630127,0.9999736547470093,2.3841229790377839e-7,-0.00725813303142786,-2.384185791015625e-7,1,2.084321417176148e-14,0.00725813303142786,1.730452892090284e-9,0.9999736547470093],"EasingStyle":"Linear","EasingDirection":"In"},"HumanoidRootPart":{"Weight":0,"CFrame":[0,0,0,1,0,0,0,1,0,0,0,1],"EasingStyle":"Linear","EasingDirection":"In"},"Head":{"Weight":1,"CFrame":[9.022187441587448e-8,1.942890293094024e-16,0.016662001609802247,0.9999603033065796,0.006030151154845953,0.0065633561462163929,-0.006057631224393845,0.9999729990959168,0.004182667937129736,-0.006537955719977617,-0.004222285933792591,0.9999697804450989],"EasingStyle":"Linear","EasingDirection":"In"}}},{"Time":0.06666667014360428,"poses":{"Left Leg":{"Weight":1,"CFrame":[-0.6691555976867676,0.5284196138381958,-0.03453546762466431,0.9946210980415344,-0.10086547583341599,-0.023559560999274255,0.10227863490581513,0.9204328060150147,0.3772832751274109,-0.0163698922842741,-0.37766358256340029,0.9257981777191162],"EasingStyle":"Linear","EasingDirection":"In"},"Right Arm":{"Weight":1,"CFrame":[2.484964625182329e-7,0.5474886894226074,0.007384181022644043,-1,-2.171764350578087e-7,4.3217687561991627e-7,1.4409900472855953e-7,-0.986721932888031,-0.16241887211799622,4.6171200551725635e-7,-0.1624188870191574,0.9867218732833862],"EasingStyle":"Linear","EasingDirection":"In"},"Left Arm":{"Weight":1,"CFrame":[0.6155557036399841,-0.37524181604385378,0.4759424924850464,0.21512392163276673,0.16726188361644746,-0.9621565937995911,-0.6385412216186523,0.7695351839065552,-0.008991981856524945,0.7389092445373535,0.6163109540939331,0.27234891057014468],"EasingStyle":"Linear","EasingDirection":"In"},"Right Leg":{"Weight":1,"CFrame":[0.6454230546951294,0.2930096387863159,0.12523221969604493,0.89957594871521,0.37099748849868777,-0.23048609495162965,-0.3447934091091156,0.9271508455276489,0.14665867388248444,0.2681054472923279,-0.052460551261901858,0.9619601964950562],"EasingStyle":"Linear","EasingDirection":"In"},"Torso":{"Weight":1,"CFrame":[0.032009247690439227,0,-0.3165168762207031,0.9999994039535523,2.3841840857130593e-7,0.0011767969699576498,-2.3841860752327195e-7,1,2.0843215865827374e-14,-0.0011767969699576498,-2.805910781500387e-10,0.9999994039535523],"EasingStyle":"Linear","EasingDirection":"In"},"HumanoidRootPart":{"Weight":0,"CFrame":[0,0,0,1,0,0,0,1,0,0,0,1],"EasingStyle":"Linear","EasingDirection":"In"},"Head":{"Weight":1,"CFrame":[8.940696716308594e-8,1.1102230246251566e-16,0.016661882400512697,0.9999799132347107,0.006065532565116882,-0.0018715239129960538,-0.006057658698409796,0.9999729990959168,0.004182636737823486,0.001896836212836206,-0.004171240143477917,0.9999895095825195],"EasingStyle":"Linear","EasingDirection":"In"}}},{"Time":0.10000000149011612,"poses":{"Left Leg":{"Weight":1,"CFrame":[-0.4614126980304718,0.3926592469215393,0.09216034412384033,0.9997606873512268,0.006872642785310745,-0.020771561190485956,0.0005236462457105517,0.9415943622589111,0.33674898743629458,0.021872714161872865,-0.33667922019958498,0.9413654208183289],"EasingStyle":"Linear","EasingDirection":"In"},"Right Arm":{"Weight":1,"CFrame":[2.475894689268898e-7,0.5462405681610107,0.005584597587585449,-1,-1.9704013709542779e-7,4.0033893355939656e-7,1.4687336147289899e-7,-0.9925832748413086,-0.12156663835048676,4.2133441979785859e-7,-0.12156679481267929,0.9925833344459534],"EasingStyle":"Linear","EasingDirection":"In"},"Left Arm":{"Weight":1,"CFrame":[0.6155556440353394,-0.37524184584617617,0.47594237327575686,0.21512389183044434,0.16726186871528626,-0.9621565341949463,-0.6385411620140076,0.7695351243019104,-0.008991963230073452,0.7389092445373535,0.6163108944892883,0.27234888076782229],"EasingStyle":"Linear","EasingDirection":"In"},"Right Leg":{"Weight":1,"CFrame":[0.6876416802406311,0.3096920847892761,0.13008618354797364,0.89052414894104,0.39276617765426638,-0.22956767678260804,-0.3648623824119568,0.9180206060409546,0.15528586506843568,0.2717389166355133,-0.05452531948685646,0.9608251452445984],"EasingStyle":"Linear","EasingDirection":"In"},"Torso":{"Weight":1,"CFrame":[0.027493055909872056,0.000013614608178613708,-0.34267449378967287,0.9999906420707703,0.0006132968701422215,-0.004306656774133444,-0.0006132313283160329,0.9999998211860657,0.000016551566659472884,0.004306666553020477,-0.000013910432244301774,0.9999908208847046],"EasingStyle":"Linear","EasingDirection":"In"},"HumanoidRootPart":{"Weight":0,"CFrame":[0,0,0,1,0,0,0,1,0,0,0,1],"EasingStyle":"Linear","EasingDirection":"In"},"Head":{"Weight":1,"CFrame":[8.936548567817226e-8,-4.547473508864641e-13,0.01666247844696045,0.99997878074646,0.005429591052234173,0.0036093322560191156,-0.005444620735943317,0.9999765753746033,0.004168299958109856,-0.003586622653529048,-0.004187887534499168,0.9999848008155823],"EasingStyle":"Linear","EasingDirection":"In"}}},{"Time":0.13333334028720857,"poses":{"Left Leg":{"Weight":1,"CFrame":[-0.4760715961456299,0.3958566188812256,0.05803191661834717,0.9997732043266296,-0.0010972116142511368,-0.02126758173108101,0.008443618193268776,0.9372422099113464,0.34857696294784548,0.019550388678908349,-0.34867751598358157,0.9370388388633728],"EasingStyle":"Linear","EasingDirection":"In"},"Right Arm":{"Weight":1,"CFrame":[2.4732025849516506e-7,0.5463794469833374,0.005134463310241699,-1,-2.062751462972301e-7,4.3132445171067959e-7,1.458856644376283e-7,-0.9907792806625366,-0.1354859620332718,4.5541372628576939e-7,-0.13548608124256135,0.9907792806625366],"EasingStyle":"Linear","EasingDirection":"In"},"Left Arm":{"Weight":1,"CFrame":[0.6155557036399841,-0.37524211406707766,0.4759427309036255,0.21512389183044434,0.16726183891296388,-0.9621565341949463,-0.6385412216186523,0.7695351243019104,-0.008991985581815243,0.7389093041419983,0.6163111329078674,0.2723488509654999],"EasingStyle":"Linear","EasingDirection":"In"},"Right Leg":{"Weight":1,"CFrame":[0.70173579454422,0.3237370252609253,0.128778338432312,0.8876153826713562,0.3997536599636078,-0.22877046465873719,-0.3700186014175415,0.9146747589111328,0.16265368461608888,0.27427202463150027,-0.0597246028482914,0.9597957730293274],"EasingStyle":"Linear","EasingDirection":"In"},"Torso":{"Weight":1,"CFrame":[0.02294262871146202,0.000029993883799761535,-0.3554723262786865,0.9999514222145081,0.0012264223769307137,-0.009789970703423024,-0.0012261242372915149,0.9999993443489075,0.00003646418917924166,0.009790008887648583,-0.0000244587026827503,0.9999520778656006],"EasingStyle":"Linear","EasingDirection":"In"},"HumanoidRootPart":{"Weight":0,"CFrame":[0,0,0,1,0,0,0,1,0,0,0,1],"EasingStyle":"Linear","EasingDirection":"In"},"Head":{"Weight":1,"CFrame":[8.168209575387664e-8,-1.2278178473934532e-11,0.016661763191223146,0.9999472498893738,0.004793592728674412,0.009090051986277104,-0.004831510595977306,0.9999796748161316,0.004157382994890213,-0.009069997817277909,-0.004201018717139959,0.9999500513076782],"EasingStyle":"Linear","EasingDirection":"In"}}},{"Time":0.1666666716337204,"poses":{"Left Leg":{"Weight":1,"CFrame":[-0.4720084071159363,0.3953391909599304,0.057265639305114749,0.9997642636299133,0.0012643622467294336,-0.021675538271665574,0.0064627425745129589,0.9357247948646545,0.3526718020439148,0.02072822116315365,-0.35272881388664248,0.9354959726333618],"EasingStyle":"Linear","EasingDirection":"In"},"Right Arm":{"Weight":1,"CFrame":[2.4766632122918966e-7,0.546379566192627,0.005134463310241699,-1,-2.0227518859883276e-7,4.047698780595965e-7,1.4564555783636025e-7,-0.9907792806625366,-0.13548599183559419,4.2842737002501965e-7,-0.13548611104488374,0.9907792806625366],"EasingStyle":"Linear","EasingDirection":"In"},"Left Arm":{"Weight":1,"CFrame":[0.6155556440353394,-0.37524187564849856,0.4759424924850464,0.21512390673160554,0.1672619730234146,-0.9621565341949463,-0.6385411620140076,0.7695351839065552,-0.008992000482976437,0.7389091849327087,0.6163109540939331,0.27234891057014468],"EasingStyle":"Linear","EasingDirection":"In"},"Right Leg":{"Weight":1,"CFrame":[0.7019287943840027,0.3209003806114197,0.13098978996276856,0.8872978687286377,0.40009787678718569,-0.22939909994602204,-0.37175145745277407,0.9148426651954651,0.15768256783485413,0.2729525864124298,-0.05463201180100441,0.9604750871658325],"EasingStyle":"Linear","EasingDirection":"In"},"Torso":{"Weight":1,"CFrame":[0.01626603677868843,0.00002511328784748912,-0.3552365303039551,0.9999558925628662,0.0010348261566832662,-0.00933383870869875,-0.0010345862247049809,0.999999463558197,0.000030530743970302868,0.009333864785730839,-0.00002087273787765298,0.9999564290046692],"EasingStyle":"Linear","EasingDirection":"In"},"HumanoidRootPart":{"Weight":0,"CFrame":[0,0,0,1,0,0,0,1,0,0,0,1],"EasingStyle":"Linear","EasingDirection":"In"},"Head":{"Weight":1,"CFrame":[8.998553369110596e-8,1.8189894035458565e-12,0.016662001609802247,0.9999502897262573,0.004987049847841263,0.00863475538790226,-0.005023074336349964,0.9999787211418152,0.0041610728949308399,-0.008613820187747479,-0.004204263910651207,0.999954104423523],"EasingStyle":"Linear","EasingDirection":"In"}}},{"Time":0.20000000298023225,"poses":{"Left Leg":{"Weight":1,"CFrame":[-0.4612429440021515,0.39338141679763796,0.05598914623260498,0.9997180700302124,0.007419357541948557,-0.022554773837327958,0.0012424476444721223,0.9322771430015564,0.36174294352531435,0.02371116727590561,-0.36166903376579287,0.9320050477981567],"EasingStyle":"Linear","EasingDirection":"In"},"Right Arm":{"Weight":1,"CFrame":[2.475735527696088e-7,0.5463792085647583,0.005134463310241699,-1,-2.047945315553079e-7,4.209935013932409e-7,1.4583791596578522e-7,-0.9907793402671814,-0.1354859471321106,4.450051278581668e-7,-0.13548611104488374,0.9907792806625366],"EasingStyle":"Linear","EasingDirection":"In"},"Left Arm":{"Weight":1,"CFrame":[0.6155556440353394,-0.3752424716949463,0.47594237327575686,0.21512392163276673,0.16726188361644746,-0.9621565341949463,-0.6385412216186523,0.7695351243019104,-0.008992007002234459,0.7389093041419983,0.6163108944892883,0.27234891057014468],"EasingStyle":"Linear","EasingDirection":"In"},"Right Leg":{"Weight":1,"CFrame":[0.7011213898658752,0.31347453594207766,0.1357882022857666,0.8868952989578247,0.4001990854740143,-0.23077552020549775,-0.3750014901161194,0.915409505367279,0.14628489315509797,0.2697972357273102,-0.04319829121232033,0.9619477391242981],"EasingStyle":"Linear","EasingDirection":"In"},"Torso":{"Weight":1,"CFrame":[0.001954648643732071,0.000014540750271407888,-0.35360050201416018,0.9999679923057556,0.000613318698015064,-0.007980464026331902,-0.0006131971604190767,0.9999998211860657,0.000017677488358458505,0.007980473339557648,-0.00001278332456422504,0.9999681711196899],"EasingStyle":"Linear","EasingDirection":"In"},"HumanoidRootPart":{"Weight":0,"CFrame":[0,0,0,1,0,0,0,1,0,0,0,1],"EasingStyle":"Linear","EasingDirection":"In"},"Head":{"Weight":1,"CFrame":[8.576839860552355e-8,5.4569682106375694e-12,0.016661643981933595,0.999958872795105,0.005414155777543783,0.00728312972933054,-0.005444570444524288,0.9999765157699585,0.004169456660747528,-0.007260384503751993,-0.004208963364362717,0.9999648332595825],"EasingStyle":"Linear","EasingDirection":"In"}}},{"Time":0.23333333432674409,"poses":{"Left Leg":{"Weight":1,"CFrame":[-0.4460035264492035,0.38950979709625246,0.05563700199127197,0.9995993971824646,0.01591806672513485,-0.023400530219078065,-0.006098794285207987,0.9285616874694824,0.371128112077713,0.0276364516466856,-0.3708367645740509,0.9282867312431336],"EasingStyle":"Linear","EasingDirection":"In"},"Right Arm":{"Weight":1,"CFrame":[2.474062057444826e-7,0.5463801622390747,0.005134224891662598,-1,-2.086302970383258e-7,4.476054300539545e-7,1.460576868339558e-7,-0.9907793402671814,-0.13548585772514344,4.717228421213804e-7,-0.1354859620332718,0.9907793402671814],"EasingStyle":"Linear","EasingDirection":"In"},"Left Arm":{"Weight":1,"CFrame":[0.6155556440353394,-0.37524133920669558,0.47594261169433596,0.21512392163276673,0.16726189851760865,-0.9621565341949463,-0.6385411620140076,0.7695351839065552,-0.008991952985525132,0.7389092445373535,0.6163110136985779,0.27234888076782229],"EasingStyle":"Linear","EasingDirection":"In"},"Right Leg":{"Weight":1,"CFrame":[0.6973495483398438,0.3031870126724243,0.14045429229736329,0.8871939778327942,0.3987324833869934,-0.23216167092323304,-0.37694302201271059,0.9165405035018921,0.13366952538490296,0.2660840153694153,-0.031079109758138658,0.9634487628936768],"EasingStyle":"Linear","EasingDirection":"In"},"Torso":{"Weight":1,"CFrame":[-0.011620058678090573,0.0000043684503907570619,-0.34917449951171877,0.9999834299087524,0.00019182151299901307,-0.0057523855939507488,-0.0001917941408464685,1,0.000005310816050041467,0.005752386059612036,-0.000004207453912385972,0.999983549118042],"EasingStyle":"Linear","EasingDirection":"In"},"HumanoidRootPart":{"Weight":0,"CFrame":[0,0,0,1,0,0,0,1,0,0,0,1],"EasingStyle":"Linear","EasingDirection":"In"},"Head":{"Weight":1,"CFrame":[8.939621665149389e-8,0,0.01666247844696045,0.9999701380729675,0.005844954866915941,0.005056821275502443,-0.005866050720214844,0.9999741315841675,0.004178295843303204,-0.005032260902225971,-0.004207860212773085,0.9999784827232361],"EasingStyle":"Linear","EasingDirection":"In"}}},{"Time":0.2666666805744171,"poses":{"Left Leg":{"Weight":1,"CFrame":[-0.42914602160453799,0.3835034966468811,0.05735659599304199,0.9994065761566162,0.024972472339868547,-0.023723090067505838,-0.014214589260518551,0.9263755083084106,0.37633275985717776,0.03137442469596863,-0.3757721483707428,0.9261808395385742],"EasingStyle":"Constant","EasingDirection":"In"},"Right Arm":{"Weight":1,"CFrame":[2.474249924944161e-7,0.546379566192627,0.005134463310241699,-1,-2.067326505539313e-7,4.339676422659977e-7,1.4602987619127817e-7,-0.9907793402671814,-0.13548576831817628,4.5797551706527886e-7,-0.13548585772514344,0.9907792806625366],"EasingStyle":"Constant","EasingDirection":"In"},"Left Arm":{"Weight":1,"CFrame":[0.6155557036399841,-0.3752417266368866,0.47594237327575686,0.21512393653392793,0.16726188361644746,-0.9621565937995911,-0.6385411620140076,0.7695351839065552,-0.008991901762783528,0.7389092445373535,0.6163109540939331,0.2723489999771118],"EasingStyle":"Constant","EasingDirection":"In"},"Right Leg":{"Weight":1,"CFrame":[0.6887832283973694,0.2921053171157837,0.1423856019973755,0.8889152407646179,0.39446938037872317,-0.232859268784523,-0.3748694360256195,0.9185978770256043,0.12510351836681367,0.2632535696029663,-0.023914646357297899,0.9644302725791931],"EasingStyle":"Constant","EasingDirection":"In"},"Torso":{"Weight":1,"CFrame":[-0.01608663983643055,0,-0.34056854248046877,0.9999964237213135,2.384177264502796e-7,-0.0026721295434981586,-2.384185791015625e-7,1,2.084321417176148e-14,0.0026721295434981586,6.370645122544261e-10,0.9999964237213135],"EasingStyle":"Constant","EasingDirection":"In"},"HumanoidRootPart":{"Weight":0,"CFrame":[0,0,0,1,0,0,0,1,0,0,0,1],"EasingStyle":"Linear","EasingDirection":"In"},"Head":{"Weight":1,"CFrame":[8.754432201385498e-8,-2.220446049250313e-16,0.016662240028381349,0.9999797344207764,0.006049451418220997,0.0019773775711655618,-0.006057631224393845,0.9999729990959168,0.004182667005807161,-0.001952021149918437,-0.004194585606455803,0.9999893307685852],"EasingStyle":"Constant","EasingDirection":"In"}}},{"Time":0.30000001192092898,"poses":{"Left Leg":{"Weight":1,"CFrame":[0.008007466793060303,-0.0003323554992675781,-0.004095196723937988,0.9998591542243958,0.016785193234682084,-3.5762775496550605e-7,-0.01678522676229477,0.9998591542243958,-8.887751334896166e-8,2.3685224448399823e-7,7.530326229243656e-8,1],"EasingStyle":"Linear","EasingDirection":"In"},"Right Arm":{"Weight":1,"CFrame":[2.7567148208618166e-7,-0.20969673991203309,-0.00853109359741211,1,-5.215404996761208e-8,2.3841860752327195e-7,1.4065333786561496e-8,0.9659258723258972,0.2588191032409668,-2.682208730675484e-7,-0.2588191032409668,0.9659258723258972],"EasingStyle":"Linear","EasingDirection":"In"},"Left Arm":{"Weight":1,"CFrame":[2.682209014892578e-7,-0.2096969187259674,-0.008531033992767334,1,-2.2351748896198843e-8,1.1920928955078126e-7,2.7354122522638137e-8,0.965925931930542,0.2588188350200653,-1.4901161193847657e-7,-0.258819043636322,0.9659258723258972],"EasingStyle":"Linear","EasingDirection":"In"},"Right Leg":{"Weight":1,"CFrame":[-0.00800555944442749,-0.0003317594528198242,-0.004095196723937988,0.9998592734336853,-0.016771478578448297,6.258487701416016e-7,0.016771426424384118,0.9998593926429749,5.6166911122090826e-8,-5.376859348871221e-7,-8.321953259837756e-8,1],"EasingStyle":"Linear","EasingDirection":"In"},"Torso":{"Weight":1,"CFrame":[0.6317963600158691,1.5063199043652276e-7,0,0.9236970543861389,0.3831236660480499,-8.075215873759589e-8,-0.3831236660480499,0.9236970543861389,3.3493734008516188e-8,8.742277657347586e-8,0,1],"EasingStyle":"Linear","EasingDirection":"In"},"HumanoidRootPart":{"Weight":0,"CFrame":[0,0,0,1,0,0,0,1,0,0,0,1],"EasingStyle":"Linear","EasingDirection":"In"},"Head":{"Weight":1,"CFrame":[5.5018489319991207e-8,-9.873289741335612e-9,0.016662120819091798,0.9831140041351318,-0.18298844993114472,-0.001472458359785378,0.18299300968647004,0.983106255531311,0.003976097796112299,0.0007199753890745342,-0.0041783894412219528,0.9999910593032837],"EasingStyle":"Linear","EasingDirection":"In"}}},{"Time":0.3333333432674408,"poses":{"Left Leg":{"Weight":1,"CFrame":[-0.26853087544441225,0.02527087926864624,-0.0032497048377990724,0.9932438135147095,-0.11600382626056671,0.003155178390443325,0.11600392311811447,0.9932487607002258,0.00014734866272192448,-0.003151159267872572,0.00021968297369312495,0.9999950528144836],"EasingStyle":"Linear","EasingDirection":"In"},"Right Arm":{"Weight":1,"CFrame":[0.0026130415499210359,-0.6171150207519531,0.21355223655700684,0.9983459711074829,-0.03416445851325989,-0.046241216361522678,0.05676054209470749,0.4577014148235321,0.887292206287384,-0.009149414487183094,-0.8884493708610535,0.4588836431503296],"EasingStyle":"Linear","EasingDirection":"In"},"Left Arm":{"Weight":1,"CFrame":[1.1548399925231934e-7,-0.4544025659561157,0.46524643898010256,1,3.830065153920259e-8,6.891786341611805e-8,-8.009374141693115e-8,0.10205283761024475,0.9947790503501892,-1.2415785022312776e-7,-0.9947790503501892,0.10205304622650147],"EasingStyle":"Linear","EasingDirection":"In"},"Right Leg":{"Weight":1,"CFrame":[0.3046764135360718,0.03347444534301758,-0.026044607162475587,0.9911758303642273,0.1093917116522789,0.0748603418469429,-0.11079467087984085,0.9937325716018677,0.014838325791060925,-0.07276785373687744,-0.023001572117209436,0.9970836639404297],"EasingStyle":"Linear","EasingDirection":"In"},"Torso":{"Weight":1,"CFrame":[0.6378575563430786,-0.017451640218496324,-0.040975332260131839,0.8247931003570557,0.5653820037841797,-0.007726036943495274,-0.5654346942901611,0.8247095942497253,-0.011739346198737622,-0.00026547873858362436,0.014051102101802826,0.9999012351036072],"EasingStyle":"Linear","EasingDirection":"In"},"HumanoidRootPart":{"Weight":0,"CFrame":[0,0,0,1,0,0,0,1,0,0,0,1],"EasingStyle":"Linear","EasingDirection":"In"},"Head":{"Weight":1,"CFrame":[1.0721851140260697e-7,2.421438694000244e-8,0.016662240028381349,0.9726581573486328,-0.23223349452018739,-0.0019362280145287514,0.23223046958446504,0.9724952578544617,0.017947467043995858,-0.002285068156197667,-0.017906395718455316,0.9998371005058289],"EasingStyle":"Linear","EasingDirection":"In"}}},{"Time":0.36666667461395266,"poses":{"Left Leg":{"Weight":1,"CFrame":[-0.5299335718154907,0.10445308685302735,-0.0061806440353393559,0.9748357534408569,-0.22292126715183259,-0.0011289619142189623,0.22291401028633119,0.9747309684753418,0.014454717747867108,-0.002121775411069393,-0.014342552982270718,0.999894917011261],"EasingStyle":"Linear","EasingDirection":"In"},"Right Arm":{"Weight":1,"CFrame":[0.0006766468286514282,-0.8701456189155579,0.6458773612976074,0.9929930567741394,-3.166496753692627e-7,-0.1181732788681984,0.0826602578163147,-0.714647114276886,0.6945838928222656,-0.08445250988006592,-0.699485182762146,-0.7096396088600159],"EasingStyle":"Linear","EasingDirection":"In"},"Left Arm":{"Weight":1,"CFrame":[0.0003045201301574707,-0.7722055315971375,0.8093403577804565,0.9976070523262024,0.0030213382560759784,-0.06907419860363007,0.05379985272884369,-0.6614284515380859,0.7480762600898743,-0.04342750087380409,-0.7500023245811462,-0.6600080728530884],"EasingStyle":"Linear","EasingDirection":"In"},"Right Leg":{"Weight":1,"CFrame":[0.5793617367744446,0.1197628378868103,-0.07327157258987427,0.9712881445884705,0.20720288157463075,0.11690328270196915,-0.21292030811309815,0.9763065576553345,0.03860797360539436,-0.10613369941711426,-0.0623905323445797,0.9923925995826721],"EasingStyle":"Linear","EasingDirection":"In"},"Torso":{"Weight":1,"CFrame":[0.6283541321754456,-0.03944811969995499,-0.14955687522888184,0.7559489607810974,0.6540247797966003,-0.028156261891126634,-0.6546300649642944,0.7551959753036499,-0.033742260187864307,-0.0008047752780839801,0.04393935948610306,0.9990338683128357],"EasingStyle":"Linear","EasingDirection":"In"},"HumanoidRootPart":{"Weight":0,"CFrame":[0,0,0,1,0,0,0,1,0,0,0,1],"EasingStyle":"Linear","EasingDirection":"In"},"Head":{"Weight":1,"CFrame":[9.19681042432785e-8,0,0.016662001609802247,0.9646164774894714,-0.26364436745643618,-0.002601024927571416,0.263464093208313,0.9634854197502136,0.04777589067816734,-0.010089830495417118,-0.046770695596933368,0.9988546967506409],"EasingStyle":"Linear","EasingDirection":"In"}}},{"Time":0.4000000059604645,"poses":{"Left Leg":{"Weight":1,"CFrame":[-0.7276835441589356,0.22186881303787232,-0.02684396505355835,0.9564691781997681,-0.29114437103271487,-0.02004113420844078,0.2917249798774719,0.9557285308837891,0.03846673294901848,0.007954596541821957,-0.04263874515891075,0.9990589618682861],"EasingStyle":"Linear","EasingDirection":"In"},"Right Arm":{"Weight":1,"CFrame":[-0.003654584288597107,-0.8128448128700256,0.9027968645095825,0.998605489730835,0.008450444787740708,-0.052113305777311328,0.017785152420401574,-0.9832553863525391,0.18136318027973176,-0.04970807954668999,-0.18203702569007874,-0.9820345044136047],"EasingStyle":"Linear","EasingDirection":"In"},"Left Arm":{"Weight":1,"CFrame":[0.002904251217842102,-0.7763155698776245,0.9447298049926758,0.9992783069610596,0.016584310680627824,-0.03417326137423515,0.02680368162691593,-0.9453300833702087,0.3250119984149933,-0.026914825662970544,-0.3256933093070984,-0.9450923800468445],"EasingStyle":"Linear","EasingDirection":"In"},"Right Leg":{"Weight":1,"CFrame":[0.7642816305160523,0.23215067386627198,-0.10702890157699585,0.9537855982780457,0.2750217616558075,0.12106272578239441,-0.2835705876350403,0.9570809602737427,0.05986473336815834,-0.09940255433320999,-0.09142786264419556,0.9908380508422852],"EasingStyle":"Linear","EasingDirection":"In"},"Torso":{"Weight":1,"CFrame":[0.6193908452987671,-0.05599409341812134,-0.28870153427124026,0.7336336970329285,0.6779029965400696,-0.04721398279070854,-0.6795344948768616,0.7314589023590088,-0.056576501578092578,-0.003818295430392027,0.07358995079994202,0.9972813725471497],"EasingStyle":"Linear","EasingDirection":"In"},"HumanoidRootPart":{"Weight":0,"CFrame":[0,0,0,1,0,0,0,1,0,0,0,1],"EasingStyle":"Linear","EasingDirection":"In"},"Head":{"Weight":1,"CFrame":[9.592622518539429e-8,-1.4901161193847657e-8,0.01666247844696045,0.9635939002037048,-0.26731085777282717,-0.005629146937280893,0.26693302392959597,0.9606010913848877,0.07741216570138931,-0.015285830944776535,-0.07609651237726212,0.9969832897186279],"EasingStyle":"Linear","EasingDirection":"In"}}},{"Time":0.4333333373069763,"poses":{"Left Leg":{"Weight":1,"CFrame":[-0.7986451387405396,0.29723507165908816,-0.04550689458847046,0.9526512622833252,-0.30229201912879946,-0.032788220793008807,0.30370014905929568,0.9512410163879395,0.05391400307416916,0.014891691505908966,-0.06131903454661369,0.9980071187019348],"EasingStyle":"Linear","EasingDirection":"In"},"Right Arm":{"Weight":1,"CFrame":[-0.00648142397403717,-0.743311882019043,0.9654791355133057,0.9999062418937683,-0.0127665800973773,-0.004951223265379667,-0.012388896197080613,-0.9974705576896668,0.06999368220567703,-0.005832283291965723,-0.06992575526237488,-0.997535228729248],"EasingStyle":"Linear","EasingDirection":"In"},"Left Arm":{"Weight":1,"CFrame":[0.005045562982559204,-0.77177894115448,0.9821161031723023,0.9999176263809204,0.012768452987074852,-0.0013434699503704906,0.012830417603254319,-0.9899792671203613,0.1406293660402298,0.0004656940000131726,-0.1406349539756775,-0.9900614023208618],"EasingStyle":"Linear","EasingDirection":"In"},"Right Leg":{"Weight":1,"CFrame":[0.8248882293701172,0.2994048595428467,-0.11481058597564697,0.9501747488975525,0.2905404269695282,0.11293380707502365,-0.2992558181285858,0.9516329765319824,0.06957536190748215,-0.08725699782371521,-0.09990489482879639,0.9911636114120483],"EasingStyle":"Linear","EasingDirection":"In"},"Torso":{"Weight":1,"CFrame":[0.6115214824676514,-0.06862325966358185,-0.3610420227050781,0.7347078323364258,0.6756495237350464,-0.060845717787742618,-0.6783550977706909,0.7308914065361023,-0.07504813373088837,-0.0062346262857317928,0.09641344845294953,0.9953218698501587],"EasingStyle":"Linear","EasingDirection":"In"},"HumanoidRootPart":{"Weight":0,"CFrame":[0,0,0,1,0,0,0,1,0,0,0,1],"EasingStyle":"Linear","EasingDirection":"In"},"Head":{"Weight":1,"CFrame":[7.264316082000733e-8,-5.21540641784668e-8,0.016661882400512697,0.9650551676750183,-0.26192399859428408,-0.008024023845791817,0.2613893747329712,0.9600147008895874,0.1002374216914177,-0.01855141669511795,-0.09883207827806473,0.994931161403656],"EasingStyle":"Linear","EasingDirection":"In"}}},{"Time":0.46666666865348818,"poses":{"Left Leg":{"Weight":1,"CFrame":[-0.7790234684944153,0.29670703411102297,-0.04597049951553345,0.9597773551940918,-0.27863809466362,-0.03447159752249718,0.2801736891269684,0.9584650993347168,0.053362175822257999,0.018171124160289766,-0.06087379902601242,0.9979801177978516],"EasingStyle":"Linear","EasingDirection":"In"},"Right Arm":{"Weight":1,"CFrame":[-0.006651639938354492,-0.7353236675262451,0.9654731750488281,0.9999063014984131,-0.012766608037054539,-0.004951154347509146,-0.012388961389660836,-0.9974705576896668,0.06999368965625763,-0.005832229275256395,-0.0699257105588913,-0.997535228729248],"EasingStyle":"Linear","EasingDirection":"In"},"Left Arm":{"Weight":1,"CFrame":[0.005216091871261597,-0.7689328193664551,0.9824689626693726,0.9999175667762756,0.012768454849720002,-0.0013434402644634247,0.01283041387796402,-0.9899792671203613,0.1406295895576477,0.000465664139483124,-0.1406349092721939,-0.9900614023208618],"EasingStyle":"Linear","EasingDirection":"In"},"Right Leg":{"Weight":1,"CFrame":[0.8042474985122681,0.2989988327026367,-0.11031079292297363,0.9568612575531006,0.2690412104129791,0.10969612747430802,-0.2775176167488098,0.9581010341644287,0.07089732587337494,-0.08602562546730042,-0.0982816070318222,0.9914334416389465],"EasingStyle":"Linear","EasingDirection":"In"},"Torso":{"Weight":1,"CFrame":[0.6031996607780457,-0.07704910635948181,-0.34529733657836916,0.7362724542617798,0.6730515360832214,-0.07003208249807358,-0.6766628623008728,0.7314538955688477,-0.08427690714597702,-0.00549746910110116,0.10943886637687683,0.9939783215522766],"EasingStyle":"Linear","EasingDirection":"In"},"HumanoidRootPart":{"Weight":0,"CFrame":[0,0,0,1,0,0,0,1,0,0,0,1],"EasingStyle":"Linear","EasingDirection":"In"},"Head":{"Weight":1,"CFrame":[7.264316082000733e-8,-5.960464477539063e-8,0.016662001609802247,0.9656055569648743,-0.2599095106124878,-0.007278854493051767,0.25903987884521487,0.9592030048370361,0.11326128989458084,-0.022455807775259019,-0.11125124990940094,0.9935385584831238],"EasingStyle":"Linear","EasingDirection":"In"}}},{"Time":0.5,"poses":{"Left Leg":{"Weight":1,"CFrame":[-0.7432136535644531,0.27551788091659548,-0.04349619150161743,0.9666249752044678,-0.25376904010772707,-0.03517540544271469,0.2553301453590393,0.9655114412307739,0.05093266814947128,0.021037060767412187,-0.058214105665683749,0.9980825185775757],"EasingStyle":"Linear","EasingDirection":"In"},"Right Arm":{"Weight":1,"CFrame":[-0.006754934787750244,-0.7332037687301636,0.96543288230896,0.9999062418937683,-0.012766462750732899,-0.004951187409460545,-0.012388799339532853,-0.997470498085022,0.06999377906322479,-0.005832155235111713,-0.06992586702108383,-0.9975351691246033],"EasingStyle":"Linear","EasingDirection":"In"},"Left Arm":{"Weight":1,"CFrame":[0.005319446325302124,-0.7674556970596314,0.9826829433441162,0.9999176263809204,0.01276838593184948,-0.0013434924185276032,0.012830439954996109,-0.9899792671203613,0.14062945544719697,0.00046570179983973503,-0.14063501358032227,-0.9900614619255066],"EasingStyle":"Linear","EasingDirection":"In"},"Right Leg":{"Weight":1,"CFrame":[0.7689719200134277,0.27988201379776,-0.10432195663452149,0.9633044004440308,0.24551817774772645,0.10846822708845139,-0.2539043724536896,0.9645756483078003,0.07159940153360367,-0.08704661577939987,-0.09651253372430802,0.9915181994438171],"EasingStyle":"Linear","EasingDirection":"In"},"Torso":{"Weight":1,"CFrame":[0.5975430607795715,-0.08143702149391175,-0.3115072250366211,0.7367898225784302,0.671980082988739,-0.07472345978021622,-0.6761104464530945,0.7316187024116516,-0.0872286707162857,-0.003946848213672638,0.11479048430919647,0.9933819770812988],"EasingStyle":"Linear","EasingDirection":"In"},"HumanoidRootPart":{"Weight":0,"CFrame":[0,0,0,1,0,0,0,1,0,0,0,1],"EasingStyle":"Linear","EasingDirection":"In"},"Head":{"Weight":1,"CFrame":[5.4016709327697757e-8,7.450580596923828e-8,0.01666259765625,0.9650865197181702,-0.2618684768676758,-0.005736012943089008,0.2606808841228485,0.9581117033958435,0.11860721558332443,-0.025563761591911317,-0.1159614846110344,0.9929247498512268],"EasingStyle":"Linear","EasingDirection":"In"}}},{"Time":0.5333333611488342,"poses":{"Left Leg":{"Weight":1,"CFrame":[-0.7130340337753296,0.25482213497161868,-0.040931761264801028,0.9709295630455017,-0.2367241531610489,-0.03546351566910744,0.2382587045431137,0.9700059294700623,0.04817987605929375,0.02299448661506176,-0.05522877350449562,0.9982088804244995],"EasingStyle":"Linear","EasingDirection":"In"},"Right Arm":{"Weight":1,"CFrame":[-0.006808072328567505,-0.7330408692359924,0.9653228521347046,0.9999062418937683,-0.012766582891345024,-0.004951153881847858,-0.012388946488499642,-0.9974706172943115,0.0699937492609024,-0.0058322870172560219,-0.0699257031083107,-0.9975351691246033],"EasingStyle":"Linear","EasingDirection":"In"},"Left Arm":{"Weight":1,"CFrame":[0.005372494459152222,-0.7653647661209106,0.9827930927276611,0.9999176263809204,0.012768473476171494,-0.001343345153145492,0.012830400839447976,-0.9899792671203613,0.14062942564487458,0.00046569990809075534,-0.1406349390745163,-0.9900614619255066],"EasingStyle":"Linear","EasingDirection":"In"},"Right Leg":{"Weight":1,"CFrame":[0.7404414415359497,0.26209771633148196,-0.0999101996421814,0.9672408103942871,0.2296607345342636,0.10817138105630875,-0.2380722314119339,0.9685413837432861,0.0724525898694992,-0.08812882006168366,-0.09583175182342529,0.9914885759353638],"EasingStyle":"Linear","EasingDirection":"In"},"Torso":{"Weight":1,"CFrame":[0.5938026905059815,-0.08334407210350037,-0.28429293632507326,0.7368457913398743,0.671691358089447,-0.07674036920070648,-0.6760575175285339,0.7317199110984802,-0.0867883712053299,-0.0021425369195640089,0.11583054065704346,0.9932667016983032],"EasingStyle":"Linear","EasingDirection":"In"},"HumanoidRootPart":{"Weight":0,"CFrame":[0,0,0,1,0,0,0,1,0,0,0,1],"EasingStyle":"Linear","EasingDirection":"In"},"Head":{"Weight":1,"CFrame":[1.2386590242385865e-7,-4.470348358154297e-8,0.016661882400512697,0.9623197317123413,-0.2718915641307831,-0.003971558064222336,0.27039825916290285,0.9552873373031616,0.11962845176458359,-0.028731970116496087,-0.11619475483894348,0.992810845375061],"EasingStyle":"Linear","EasingDirection":"In"}}},{"Time":0.5666666626930237,"poses":{"Left Leg":{"Weight":1,"CFrame":[-0.7109554409980774,0.22246545553207398,-0.03981655836105347,0.9634950757026672,-0.2651359438896179,-0.037152424454689029,0.2666621506214142,0.9627407193183899,0.04496392607688904,0.023846568539738656,-0.05322969704866409,0.9982975721359253],"EasingStyle":"Linear","EasingDirection":"In"},"Right Arm":{"Weight":1,"CFrame":[-0.006827563047409058,-0.7309218645095825,0.9651088714599609,0.9999063014984131,-0.012766554020345211,-0.00495107052847743,-0.012388886883854866,-0.997470498085022,0.06999389827251435,-0.005832121707499027,-0.06992582231760025,-0.9975351691246033],"EasingStyle":"Linear","EasingDirection":"In"},"Left Arm":{"Weight":1,"CFrame":[0.005392000079154968,-0.7606735229492188,0.982833743095398,0.9999175667762756,0.012768488377332688,-0.001343538868241012,0.01283041387796402,-0.9899792671203613,0.14062950015068055,0.00046563782962039113,-0.14063502848148347,-0.9900614619255066],"EasingStyle":"Linear","EasingDirection":"In"},"Right Leg":{"Weight":1,"CFrame":[0.7401537895202637,0.2311268448829651,-0.09848576784133911,0.9595486521720886,0.25909197330474856,0.1101711317896843,-0.267510324716568,0.9610190391540527,0.06986241042613983,-0.08777563273906708,-0.09650827944278717,0.9914542436599731],"EasingStyle":"Linear","EasingDirection":"In"},"Torso":{"Weight":1,"CFrame":[0.608288049697876,-0.06574215739965439,-0.2724928855895996,0.7368990778923035,0.6735879778862,-0.057088565081357959,-0.676002562046051,0.7341873049736023,-0.06316342204809189,-0.0006324230344034731,0.08513708412647248,0.9963690638542175],"EasingStyle":"Linear","EasingDirection":"In"},"HumanoidRootPart":{"Weight":0,"CFrame":[0,0,0,1,0,0,0,1,0,0,0,1],"EasingStyle":"Linear","EasingDirection":"In"},"Head":{"Weight":1,"CFrame":[1.3364478945732118e-7,-7.450580596923828e-9,0.016661643981933595,0.9557544589042664,-0.2941548228263855,-0.0025497234892100097,0.29320773482322695,0.9519062042236328,0.08890413492918015,-0.023724490776658059,-0.08571818470954895,0.996036946773529],"EasingStyle":"Linear","EasingDirection":"In"}}},{"Time":0.6000000238418579,"poses":{"Left Leg":{"Weight":1,"CFrame":[-0.6776859164237976,0.17364150285720826,-0.0370212197303772,0.9588828682899475,-0.2811313569545746,-0.0388437956571579,0.2826593816280365,0.9583046436309815,0.041903845965862277,0.02544371783733368,-0.05116042122244835,0.9983663558959961],"EasingStyle":"Constant","EasingDirection":"In"},"Right Arm":{"Weight":1,"CFrame":[-0.006830364465713501,-0.7229328155517578,0.9647560119628906,0.9999062418937683,-0.012766561470925808,-0.0049511888064444069,-0.012388885021209717,-0.9974705576896668,0.0699937492609024,-0.005832280032336712,-0.06992584466934204,-0.9975351691246033],"EasingStyle":"Constant","EasingDirection":"In"},"Left Arm":{"Weight":1,"CFrame":[0.005394637584686279,-0.7513993382453919,0.9828391075134277,0.9999176263809204,0.012768497690558434,-0.0013434613356366754,0.012830423191189766,-0.9899792671203613,0.14062926173210145,0.00046563640353269875,-0.14063481986522675,-0.9900614023208618],"EasingStyle":"Constant","EasingDirection":"In"},"Right Leg":{"Weight":1,"CFrame":[0.7080051302909851,0.18207484483718873,-0.09220600128173828,0.9546698331832886,0.27559715509414675,0.11247976869344711,-0.283817321062088,0.9566841721534729,0.06483253836631775,-0.08973994851112366,-0.09381737560033798,0.9915367960929871],"EasingStyle":"Constant","EasingDirection":"In"},"Torso":{"Weight":1,"CFrame":[0.6269705295562744,-0.04461494833230972,-0.23714709281921388,0.7369552850723267,0.6751182675361633,-0.033350422978401187,-0.675941526889801,0.7360577583312988,-0.03636068105697632,7.567314241896384e-8,0.04933913052082062,0.9987820982933044],"EasingStyle":"Constant","EasingDirection":"In"},"HumanoidRootPart":{"Weight":0,"CFrame":[0,0,0,1,0,0,0,1,0,0,0,1],"EasingStyle":"Linear","EasingDirection":"In"},"Head":{"Weight":1,"CFrame":[1.2421540418472433e-7,7.450580596923828e-9,0.0166623592376709,0.9428566694259644,-0.3331924378871918,-0.0020710541866719724,0.33282774686813357,0.9414952397346497,0.05303385108709335,-0.015720589086413385,-0.05069267749786377,0.9985905885696411],"EasingStyle":"Constant","EasingDirection":"In"}}},{"Time":0.6333333253860474,"poses":{"Left Leg":{"Weight":1,"CFrame":[0.020396031439304353,-0.0016601085662841797,-0.00409543514251709,0.9972929358482361,0.07353156059980393,-2.0872622030765343e-7,-0.07353164255619049,0.9972929358482361,-6.571858790493934e-8,2.0642279707772105e-7,4.560564548228285e-8,1],"EasingStyle":"Linear","EasingDirection":"In"},"Right Arm":{"Weight":1,"CFrame":[-0.03259982168674469,0.10060405731201172,-0.0024513602256774904,0.1870153695344925,-0.9822149872779846,0.016707785427570344,0.7135978937149048,0.14751960337162019,0.6848474740982056,-0.675132155418396,-0.11615444719791413,0.7284948825836182],"EasingStyle":"Linear","EasingDirection":"In"},"Left A