{"Sequence":[{"Time":0,"poses":{"Left Leg":{"Weight":1,"CFrame":[-0.25286439061164858,0.09479916095733643,0.005316019058227539,0.992042064666748,-0.11576162278652191,0.04951532557606697,0.10895301401615143,0.9863847494125366,0.12318439781665802,-0.06310122460126877,-0.11680921167135239,0.9911477565765381],"EasingStyle":"Linear","EasingDirection":"In"},"Right Arm":{"Weight":1,"CFrame":[-0.07714645564556122,-0.20805025100708009,0.011620521545410157,0.9408165812492371,0.11846239119768143,-0.3175388276576996,0.020456235855817796,0.9153674840927124,0.40209919214248659,0.3382982909679413,-0.3847973346710205,0.8587696552276611],"EasingStyle":"Linear","EasingDirection":"In"},"Left Arm":{"Weight":1,"CFrame":[-0.0182868093252182,-0.1304694414138794,0.03793168067932129,0.84115070104599,-0.19420376420021058,0.5047280192375183,0.062029168009757999,0.9617840051651001,0.26669055223464968,-0.5372316837310791,-0.19301919639110566,0.8210516571998596],"EasingStyle":"Linear","EasingDirection":"In"},"Right Leg":{"Weight":1,"CFrame":[0.22784015536308289,0.09509825706481934,0.01698160171508789,0.9885321855545044,0.11537934094667435,-0.09742557257413864,-0.1033569723367691,0.9873129725456238,0.1205424964427948,0.11009771376848221,-0.10909052193164826,0.9879158735275269],"EasingStyle":"Linear","EasingDirection":"In"},"Torso":{"Weight":1,"CFrame":[0,-0.033208735287189487,-0.05589890480041504,1,0,-8.742277657347586e-8,-3.6289995453131498e-9,0.9991380572319031,-0.041510917246341708,8.73474235163485e-8,0.041510917246341708,0.9991380572319031],"EasingStyle":"Linear","EasingDirection":"In"},"HumanoidRootPart":{"Weight":0,"CFrame":[0,0,0,1,0,0,0,1,0,0,0,1],"EasingStyle":"Linear","EasingDirection":"In"},"Head":{"Weight":1,"CFrame":[8.742280499518529e-8,7.450580596923828e-9,1.1920928955078126e-7,1,-6.357302595461079e-8,8.742277657347586e-8,6.357302595461079e-8,1,-1.4901161193847657e-8,-8.742277657347586e-8,1.4901166522918176e-8,1],"EasingStyle":"Linear","EasingDirection":"In"}}},{"Time":0.03333333507180214,"poses":{"Left Leg":{"Weight":1,"CFrame":[-0.2569449841976166,0.08579164743423462,0.014200329780578614,0.9837234020233154,-0.16322697699069978,0.07513429969549179,0.15362149477005006,0.9808695316314697,0.11956318467855454,-0.09321293234825134,-0.10607488453388214,0.9899795651435852],"EasingStyle":"Linear","EasingDirection":"In"},"Right Arm":{"Weight":1,"CFrame":[-0.04989856481552124,-0.21118485927581788,0.15447986125946046,0.9092686176300049,-0.3763442933559418,0.17775148153305055,0.3727038502693176,0.9263336062431336,0.05475320667028427,-0.1852632761001587,0.016463182866573335,0.9825510382652283],"EasingStyle":"Linear","EasingDirection":"In"},"Left Arm":{"Weight":1,"CFrame":[-0.01390182226896286,-0.13192176818847657,0.04442453384399414,0.977561891078949,0.12248849868774414,0.17137476801872254,-0.11848577857017517,0.9923927783966065,-0.03343244642019272,-0.17416617274284364,0.012376734986901284,0.984638512134552],"EasingStyle":"Linear","EasingDirection":"In"},"Right Leg":{"Weight":1,"CFrame":[-0.11540471762418747,0.17581552267074586,-0.04635882377624512,0.9652178287506104,-0.1051773726940155,-0.23935800790786744,0.18681170046329499,0.9179466962814331,0.34996452927589419,0.18290956318378449,-0.38250693678855898,0.9056668877601624],"EasingStyle":"Linear","EasingDirection":"In"},"Torso":{"Weight":1,"CFrame":[0.008301240392029286,-0.025931261479854585,-0.05943942070007324,0.9971669912338257,0.07520772516727448,-0.0013457657769322396,-0.07520923018455506,0.996568500995636,-0.034565627574920657,-0.0012584540527313948,0.034568920731544498,0.9994015097618103],"EasingStyle":"Linear","EasingDirection":"In"},"HumanoidRootPart":{"Weight":0,"CFrame":[0,0,0,1,0,0,0,1,0,0,0,1],"EasingStyle":"Linear","EasingDirection":"In"},"Head":{"Weight":1,"CFrame":[8.89413058757782e-8,-4.540197551250458e-9,-1.1920928955078126e-7,0.9997434616088867,-0.02258455380797386,-0.0017141590360552073,0.02257842943072319,0.9997389316558838,-0.0035075489431619646,0.0017929276218637825,0.0034679416567087175,0.9999923706054688],"EasingStyle":"Linear","EasingDirection":"In"}}},{"Time":0.06666667014360428,"poses":{"Left Leg":{"Weight":1,"CFrame":[-0.3277737498283386,0.08066964149475098,0.024806499481201173,0.966838538646698,-0.24024273455142976,0.08664116263389588,0.23091107606887818,0.96725994348526,0.10530078411102295,-0.10910231620073319,-0.08180245012044907,0.9906588792800903],"EasingStyle":"Linear","EasingDirection":"In"},"Right Arm":{"Weight":1,"CFrame":[-0.04600600525736809,-0.21431899070739747,0.2973393201828003,0.5274965167045593,-0.6790907979011536,0.5104733109474182,0.7006134986877441,0.6875799298286438,0.19072097539901734,-0.4805081784725189,0.2570398151874542,0.838476300239563],"EasingStyle":"Linear","EasingDirection":"In"},"Left Arm":{"Weight":1,"CFrame":[-0.012738462537527085,-0.1365697681903839,0.06302416324615479,0.7626153826713562,0.5425489544868469,-0.3522191047668457,-0.5867900252342224,0.80939120054245,-0.02373736910521984,0.27220433950424197,0.22478103637695313,0.9356164932250977],"EasingStyle":"Linear","EasingDirection":"In"},"Right Leg":{"Weight":1,"CFrame":[-0.13969101011753083,0.24031060934066773,-0.0843590497970581,0.9405955672264099,-0.18023115396499635,-0.2877441942691803,0.3041066527366638,0.8240905404090881,0.47790563106536868,0.15099389851093293,-0.5370209217071533,0.82994544506073],"EasingStyle":"Linear","EasingDirection":"In"},"Torso":{"Weight":1,"CFrame":[0.036081958562135699,-0.007811296731233597,-0.08535218238830567,0.9927017092704773,0.12058693170547486,-0.001442075939849019,-0.12059324234724045,0.9925377368927002,-0.018057387322187425,-0.0007461702334694564,0.018099505454301835,0.9998359084129334],"EasingStyle":"Linear","EasingDirection":"In"},"HumanoidRootPart":{"Weight":0,"CFrame":[0,0,0,1,0,0,0,1,0,0,0,1],"EasingStyle":"Linear","EasingDirection":"In"},"Head":{"Weight":1,"CFrame":[8.568167686462403e-8,2.3283064365386964e-9,3.5762786865234377e-7,0.999390721321106,-0.03442845121026039,-0.005732417572289705,0.03435834124684334,0.9993386268615723,-0.011906960979104042,0.006138565484434366,0.01170275080949068,0.999912679195404],"EasingStyle":"Linear","EasingDirection":"In"}}},{"Time":0.10000000149011612,"poses":{"Left Leg":{"Weight":1,"CFrame":[-0.4713630974292755,0.08720213174819946,0.038519859313964847,0.9337339401245117,-0.3468771278858185,0.08841488510370255,0.34040507674217226,0.9368277192115784,0.0804874375462532,-0.11074879765510559,-0.04505695775151253,0.9928265810012817],"EasingStyle":"Linear","EasingDirection":"In"},"Right Arm":{"Weight":1,"CFrame":[-0.051689956337213519,-0.27403080463409426,0.2514157295227051,0.6277419924736023,-0.7278570532798767,0.2759783864021301,0.646533727645874,0.6849619746208191,0.33588892221450808,-0.4335137605667114,-0.03242233023047447,0.9005634784698486],"EasingStyle":"Linear","EasingDirection":"In"},"Left Arm":{"Weight":1,"CFrame":[-0.012648962438106537,-0.1448509395122528,0.09241211414337158,0.5329331755638123,0.6987906694412231,-0.47715187072753909,-0.8073766231536865,0.5887060761451721,-0.039600666612386706,0.2532295882701874,0.4063456058502197,0.8779281973838806],"EasingStyle":"Linear","EasingDirection":"In"},"Right Leg":{"Weight":1,"CFrame":[-0.1402958482503891,0.28996556997299197,-0.1175646185874939,0.9230008125305176,-0.2543249726295471,-0.2887701988220215,0.37972432374954226,0.723459005355835,0.5765556693077087,0.06228098273277283,-0.6418144702911377,0.7643266916275024],"EasingStyle":"Linear","EasingDirection":"In"},"Torso":{"Weight":1,"CFrame":[0.08230984956026077,0.015647336840629579,-0.15649962425231934,0.9896120429039002,0.14375992119312287,-0.001062678755261004,-0.1437581330537796,0.9896115660667419,0.0016034537693485618,0.0012821516720578075,-0.0014340283814817668,0.999998152256012],"EasingStyle":"Linear","EasingDirection":"In"},"HumanoidRootPart":{"Weight":0,"CFrame":[0,0,0,1,0,0,0,1,0,0,0,1],"EasingStyle":"Linear","EasingDirection":"In"},"Head":{"Weight":1,"CFrame":[8.987262845039368e-8,9.313225746154786e-10,2.384185791015625e-7,0.9991467595100403,-0.03994421288371086,-0.010495662689208985,0.039706531912088397,0.9989702105522156,-0.021953286603093149,0.011361761018633843,0.021517815068364145,0.9997038841247559],"EasingStyle":"Linear","EasingDirection":"In"}}},{"Time":0.13333334028720857,"poses":{"Left Leg":{"Weight":1,"CFrame":[-0.7503980994224548,0.17216777801513673,0.05803811550140381,0.8525766134262085,-0.5157473087310791,0.08436735719442368,0.5137518644332886,0.8567288517951965,0.04554753005504608,-0.09577103704214096,0.004511107690632343,0.9953931570053101],"EasingStyle":"Linear","EasingDirection":"In"},"Right Arm":{"Weight":1,"CFrame":[-0.062245819717645648,-0.4055025577545166,0.1661289930343628,0.8113198280334473,-0.527013897895813,-0.25301477313041689,0.5578871965408325,0.5686343908309937,0.6044971346855164,-0.17470557987689973,-0.6315942406654358,0.7553586959838867],"EasingStyle":"Linear","EasingDirection":"In"},"Left Arm":{"Weight":1,"CFrame":[-0.011485625989735127,-0.15720081329345704,0.13126981258392335,0.44815587997436526,0.7091553211212158,-0.5442932844161987,-0.8753556609153748,0.47166940569877627,-0.10620904713869095,0.18140780925750733,0.5240483283996582,0.8321444988250732],"EasingStyle":"Linear","EasingDirection":"In"},"Right Leg":{"Weight":1,"CFrame":[0.21501952409744264,0.540675938129425,-0.24041897058486939,0.9592198729515076,-0.1179865300655365,-0.2568586468696594,0.27067676186561587,0.6452111005783081,0.7144485116004944,0.08143287897109986,-0.7548389434814453,0.6508355736732483],"EasingStyle":"Linear","EasingDirection":"In"},"Torso":{"Weight":1,"CFrame":[0.14561283588409425,0.03902890533208847,-0.39627814292907717,0.9883357286453247,0.15228427946567536,-0.0014059710083529354,-0.1522342711687088,0.9881783723831177,0.0181166622787714,0.004148232750594616,-0.01769130676984787,0.9998348951339722],"EasingStyle":"Linear","EasingDirection":"In"},"HumanoidRootPart":{"Weight":0,"CFrame":[0,0,0,1,0,0,0,1,0,0,0,1],"EasingStyle":"Linear","EasingDirection":"In"},"Head":{"Weight":1,"CFrame":[7.916241884231568e-8,2.7939677238464357e-9,-2.384185791015625e-7,0.9989491701126099,-0.04348975047469139,-0.014465034939348698,0.04303498566150665,0.9986112713813782,-0.03039015643298626,0.015766603872179986,0.029735710471868516,0.9994334578514099],"EasingStyle":"Linear","EasingDirection":"In"}}},{"Time":0.1666666716337204,"poses":{"Left Leg":{"Weight":1,"CFrame":[-0.8760247230529785,0.2559502124786377,0.07153940200805664,0.8143242597579956,-0.5757419466972351,0.07346594333648682,0.578461229801178,0.8154263496398926,-0.021505001932382585,-0.04752476513385773,0.060009248554706576,0.9970658421516419],"EasingStyle":"Linear","EasingDirection":"In"},"Right Arm":{"Weight":1,"CFrame":[-0.06792975962162018,-0.565449595451355,0.12020540237426758,0.816771924495697,-0.1395883411169052,-0.5598201751708984,0.563072919845581,0.40445855259895327,0.7206678986549377,0.12582723796367646,-0.9038408994674683,0.4089488685131073],"EasingStyle":"Linear","EasingDirection":"In"},"Left Arm":{"Weight":1,"CFrame":[-0.007100608199834824,-0.17405518889427186,0.17827939987182618,0.4298027753829956,0.685165524482727,-0.5880627632141113,-0.8866369724273682,0.44340524077415469,-0.13140279054641725,0.17071741819381715,0.5778754353523254,0.7980698943138123],"EasingStyle":"Linear","EasingDirection":"In"},"Right Leg":{"Weight":1,"CFrame":[0.28413066267967226,0.6074407696723938,-0.3790382742881775,0.9681762456893921,-0.12209466099739075,-0.21846653521060944,0.24996232986450196,0.5149761438369751,0.8199502229690552,0.012393653392791748,-0.8484647870063782,0.529106855392456],"EasingStyle":"Linear","EasingDirection":"In"},"Torso":{"Weight":1,"CFrame":[0.22474630177021027,0.05692870914936066,-0.5854082107543945,0.988132655620575,0.15356290340423585,-0.0035110116004943849,-0.15342769026756288,0.987838625907898,0.02519579604268074,0.007337452378123999,-0.024358103051781656,0.9996763467788696],"EasingStyle":"Linear","EasingDirection":"In"},"HumanoidRootPart":{"Weight":0,"CFrame":[0,0,0,1,0,0,0,1,0,0,0,1],"EasingStyle":"Linear","EasingDirection":"In"},"Head":{"Weight":1,"CFrame":[9.033828973770142e-8,3.725290298461914e-9,-5.960464477539063e-8,0.9986512660980225,-0.049375422298908237,-0.016052380204200746,0.04880838841199875,0.99822998046875,-0.033980466425418857,0.01770176738500595,0.03315114602446556,0.9992935657501221],"EasingStyle":"Linear","EasingDirection":"In"}}},{"Time":0.20000000298023225,"poses":{"Left Leg":{"Weight":1,"CFrame":[-0.7859199047088623,0.16049528121948243,0.06633365154266358,0.8747345209121704,-0.4812261462211609,0.05710408836603165,0.48459768295288088,0.8681120872497559,-0.10745446383953095,0.0021371219772845508,0.12166665494441986,0.9925687313079834],"EasingStyle":"Linear","EasingDirection":"In"},"Right Arm":{"Weight":1,"CFrame":[-0.058903228491544726,-0.7069582343101502,0.14606809616088868,0.7645511627197266,0.04662564396858215,-0.642874538898468,0.5927433371543884,0.34095659852027895,0.729660153388977,0.25321313738822939,-0.9389220476150513,0.23304173350334168],"EasingStyle":"Linear","EasingDirection":"In"},"Left Arm":{"Weight":1,"CFrame":[0.010033823549747467,-0.19451621174812318,0.2297065258026123,0.44965189695358279,0.6735448241233826,-0.5866435766220093,-0.8194369673728943,0.5724281668663025,0.02913971245288849,0.35543814301490786,0.4676145613193512,0.8093208074569702],"EasingStyle":"Linear","EasingDirection":"In"},"Right Leg":{"Weight":1,"CFrame":[-0.12012539803981781,0.3988196849822998,-0.22335463762283326,0.8938843607902527,-0.3733471930027008,-0.2481583207845688,0.4084712266921997,0.4502078592777252,0.7940177321434021,-0.18472138047218324,-0.8111255764961243,0.5549353957176209],"EasingStyle":"Linear","EasingDirection":"In"},"Torso":{"Weight":1,"CFrame":[0.30478551983833315,0.05213133245706558,-0.4479055404663086,0.9881324172019959,0.15240848064422608,-0.01913183182477951,-0.15240226686000825,0.9883169531822205,0.0017910030437633396,0.019181279465556146,0.001145986607298255,0.9998153448104858],"EasingStyle":"Linear","EasingDirection":"In"},"HumanoidRootPart":{"Weight":0,"CFrame":[0,0,0,1,0,0,0,1,0,0,0,1],"EasingStyle":"Linear","EasingDirection":"In"},"Head":{"Weight":1,"CFrame":[7.82310962677002e-8,-6.51925802230835e-9,-5.960464477539063e-8,0.9981687664985657,-0.060445282608270648,-0.002334374701604247,0.06039927899837494,0.998040497303009,-0.01634252443909645,0.0033176287543028595,0.01617160253226757,0.9998637437820435],"EasingStyle":"Linear","EasingDirection":"In"}}},{"Time":0.23333333432674409,"poses":{"Left Leg":{"Weight":1,"CFrame":[-0.6683681011199951,0.10015624761581421,0.0533829927444458,0.9406535625457764,-0.33729690313339236,0.03743916004896164,0.3382393717765808,0.9228104948997498,-0.1844312846660614,0.027658818289637567,0.18614934384822846,0.982132077217102],"EasingStyle":"Linear","EasingDirection":"In"},"Right Arm":{"Weight":1,"CFrame":[-0.049876660108566287,-0.768588125705719,0.17193102836608888,0.7424492239952087,0.09518413990736008,-0.6631057262420654,0.6127935647964478,0.3034210503101349,0.7296709418296814,0.27065327763557436,-0.9480905532836914,0.1669466346502304],"EasingStyle":"Linear","EasingDirection":"In"},"Left Arm":{"Weight":1,"CFrame":[0.03506408631801605,-0.21234658360481263,0.2721571922302246,0.5130088329315186,0.6567692160606384,-0.5526988506317139,-0.6091876029968262,0.7321886420249939,0.3046150207519531,0.6047415733337402,0.18042711913585664,0.7757149338722229],"EasingStyle":"Linear","EasingDirection":"In"},"Right Leg":{"Weight":1,"CFrame":[-0.14997607469558717,0.3688427805900574,-0.19753926992416383,0.8729258179664612,-0.37846481800079348,-0.3078392446041107,0.4711087644100189,0.49005168676376345,0.7334206104278565,-0.12671664357185365,-0.7852475643157959,0.6060768961906433],"EasingStyle":"Linear","EasingDirection":"In"},"Torso":{"Weight":1,"CFrame":[0.357468843460083,0.02590411901473999,-0.19465208053588868,0.9880138039588928,0.14564380049705506,-0.05115307494997978,-0.14818736910820008,0.9876922965049744,-0.05004408583045006,0.04323488846421242,0.057024482637643817,0.9974361658096314],"EasingStyle":"Linear","EasingDirection":"In"},"HumanoidRootPart":{"Weight":0,"CFrame":[0,0,0,1,0,0,0,1,0,0,0,1],"EasingStyle":"Linear","EasingDirection":"In"},"Head":{"Weight":1,"CFrame":[9.73232090473175e-8,3.725290298461914e-9,-1.1920928955078126e-7,0.9967024922370911,-0.07548828423023224,0.02976093627512455,0.0747171938419342,0.9968599081039429,0.026222795248031617,-0.03164700046181679,-0.023912666365504266,0.9992130398750305],"EasingStyle":"Linear","EasingDirection":"In"}}},{"Time":0.2666666805744171,"poses":{"Left Leg":{"Weight":1,"CFrame":[-0.6449419260025024,0.11093902587890625,0.05157148838043213,0.9680543541908264,-0.25037771463394167,0.01348232664167881,0.24619807302951814,0.9389536380767822,-0.24031762778759004,0.04751087725162506,0.23595984280109406,0.9706006646156311],"EasingStyle":"Linear","EasingDirection":"In"},"Right Arm":{"Weight":1,"CFrame":[-0.09142114222049713,-0.7675804495811462,0.13756966590881349,0.724939227104187,-0.027623668313026429,-0.688258707523346,0.6681514978408814,0.2710924446582794,0.6928799152374268,0.16744175553321839,-0.9621568322181702,0.21498236060142518],"EasingStyle":"Linear","EasingDirection":"In"},"Left Arm":{"Weight":1,"CFrame":[0.04856528341770172,-0.21997225284576417,0.2898205518722534,0.5474356412887573,0.6390373706817627,-0.5403198003768921,-0.46361374855041506,0.7691147923469544,0.43991443514823916,0.6966897249221802,0.009674884378910065,0.7173073291778565],"EasingStyle":"Linear","EasingDirection":"In"},"Right Leg":{"Weight":1,"CFrame":[-0.1534702032804489,0.39179694652557375,-0.22988510131835938,0.9069262742996216,-0.2797229290008545,-0.31502360105514529,0.4153260886669159,0.46827781200408938,0.7798847556114197,-0.07063298672437668,-0.8381354212760925,0.5408695936203003],"EasingStyle":"Linear","EasingDirection":"In"},"Torso":{"Weight":1,"CFrame":[0.3620190918445587,0.0006111562252044678,-0.06240200996398926,0.9877436757087708,0.12977798283100129,-0.08671877533197403,-0.13837885856628419,0.9851247668266296,-0.10188491642475128,0.07220639288425446,0.11263622343540192,0.9910092353820801],"EasingStyle":"Linear","EasingDirection":"In"},"HumanoidRootPart":{"Weight":0,"CFrame":[0,0,0,1,0,0,0,1,0,0,0,1],"EasingStyle":"Linear","EasingDirection":"In"},"Head":{"Weight":1,"CFrame":[5.21540641784668e-8,-7.450580596923828e-9,1.1920928955078126e-7,0.9934651851654053,-0.09223133325576782,0.06723308563232422,0.08696796000003815,0.9931991100311279,0.07740882784128189,-0.07391536235809326,-0.0710558369755745,0.9947298765182495],"EasingStyle":"Linear","EasingDirection":"In"}}},{"Time":0.30000001192092898,"poses":{"Left Leg":{"Weight":1,"CFrame":[-0.4855427145957947,0.04096245765686035,0.01863253116607666,0.9944961071014404,-0.10421478003263474,-0.010804897174239159,0.09884178638458252,0.9673982262611389,-0.23317575454711915,0.0347529798746109,0.23082441091537476,0.9723745584487915],"EasingStyle":"Linear","EasingDirection":"In"},"Right Arm":{"Weight":1,"CFrame":[-0.1904887855052948,-0.7605298161506653,0.055631160736083987,0.6347872614860535,-0.351606160402298,-0.6880539059638977,0.7696935534477234,0.2094312161207199,0.6030840277671814,-0.06794817745685578,-0.9124208092689514,0.4035734236240387],"EasingStyle":"Linear","EasingDirection":"In"},"Left Arm":{"Weight":1,"CFrame":[0.04953797161579132,-0.21954509615898133,0.28969085216522219,0.45850345492362978,0.6809478998184204,-0.5710382461547852,-0.5839797258377075,0.7152125835418701,0.3839772939682007,0.6698822975158691,0.15741975605487824,0.7255871891975403],"EasingStyle":"Linear","EasingDirection":"In"},"Right Leg":{"Weight":1,"CFrame":[0.44622811675071719,0.6412318348884583,-0.3637690544128418,0.9419028759002686,0.22571296989917756,-0.24874190986156465,0.10540472716093064,0.5045191049575806,0.8569424152374268,0.3189181387424469,-0.8333751559257507,0.4514167904853821],"EasingStyle":"Linear","EasingDirection":"In"},"Torso":{"Weight":1,"CFrame":[0.3074469566345215,-0.001681894063949585,-0.08118224143981934,0.9880407452583313,0.10434628278017044,-0.11352246254682541,-0.1184624657034874,0.9849726557731628,-0.12568004429340363,0.09870228171348572,0.13762515783309937,0.9855542778968811],"EasingStyle":"Linear","EasingDirection":"In"},"HumanoidRootPart":{"Weight":0,"CFrame":[0,0,0,1,0,0,0,1,0,0,0,1],"EasingStyle":"Linear","EasingDirection":"In"},"Head":{"Weight":1,"CFrame":[8.009374141693115e-8,5.029141902923584e-8,2.384185791015625e-7,0.9894784688949585,-0.10656443238258362,0.09785917401313782,0.09452618658542633,0.988220751285553,0.12035197764635086,-0.1095317080616951,-0.1098354384303093,0.9878962635993958],"EasingStyle":"Linear","EasingDirection":"In"}}},{"Time":0.3333333432674408,"poses":{"Left Leg":{"Weight":1,"CFrame":[-0.3965631425380707,0.013629019260406495,0.02932751178741455,0.9962024092674255,-0.07834139466285706,0.03799242153763771,0.08447204530239105,0.9753879308700562,-0.2036733329296112,-0.0211013350635767,0.20610912144184113,0.978301465511322],"EasingStyle":"Linear","EasingDirection":"In"},"Right Arm":{"Weight":1,"CFrame":[-0.3087308406829834,-0.7413927316665649,-0.04216647148132324,0.4220446050167084,-0.6948277354240418,-0.5823165774345398,0.8589373230934143,0.10099435597658158,0.5020228028297424,-0.2900087237358093,-0.7120495438575745,0.6394376754760742],"EasingStyle":"Linear","EasingDirection":"In"},"Left Arm":{"Weight":1,"CFrame":[0.05003742128610611,-0.21841910481452943,0.28878211975097659,0.24634738266468049,0.7193718552589417,-0.6494745016098023,-0.816277265548706,0.5152767300605774,0.26111549139022829,0.5224982500076294,0.4658261835575104,0.7141439318656921],"EasingStyle":"Linear","EasingDirection":"In"},"Right Leg":{"Weight":1,"CFrame":[0.6741836667060852,0.6371101140975952,-0.4390079379081726,0.9251724481582642,0.35886871814727785,-0.12356843799352646,-0.07308158278465271,0.4879121482372284,0.8698280453681946,0.37244465947151186,-0.7957103252410889,0.4776296019554138],"EasingStyle":"Linear","EasingDirection":"In"},"Torso":{"Weight":1,"CFrame":[0.2174975574016571,0.03516766428947449,-0.18058180809020997,0.9901062846183777,0.06999202072620392,-0.12161684036254883,-0.082468681037426,0.9914847612380981,-0.10078160464763642,0.1135273277759552,0.10981408506631851,0.9874474406242371],"EasingStyle":"Linear","EasingDirection":"In"},"HumanoidRootPart":{"Weight":0,"CFrame":[0,0,0,1,0,0,0,1,0,0,0,1],"EasingStyle":"Linear","EasingDirection":"In"},"Head":{"Weight":1,"CFrame":[7.404014468193054e-8,-3.119930624961853e-8,0,0.9874605536460877,-0.1127374917268753,0.11050771176815033,0.09704164415597916,0.9856148362159729,0.138370081782341,-0.1245175376534462,-0.1259111613035202,0.9841960072517395],"EasingStyle":"Linear","EasingDirection":"In"}}},{"Time":0.36666667461395266,"poses":{"Left Leg":{"Weight":1,"CFrame":[-0.7078976035118103,0.29945868253707888,0.19425761699676515,0.916042685508728,-0.35930246114730837,0.17823445796966554,0.38726067543029787,0.9079959392547607,-0.1599138230085373,-0.10437875241041184,0.21551115810871125,0.9709067940711975],"EasingStyle":"Linear","EasingDirection":"In"},"Right Arm":{"Weight":1,"CFrame":[-0.40779855847358706,-0.704125702381134,-0.12410503625869751,0.18929994106292725,-0.8923695683479309,-0.40968525409698489,0.9054092168807983,-0.002835053252056241,0.4245304763317108,-0.3799995481967926,-0.4512964189052582,0.8074229955673218],"EasingStyle":"Linear","EasingDirection":"In"},"Left Arm":{"Weight":1,"CFrame":[0.05022147297859192,-0.21682751178741456,0.28631532192230227,0.040594734251499179,0.6737364530563355,-0.737855851650238,-0.9589297771453857,0.2337455302476883,0.1606755554676056,0.28072354197502139,0.701029360294342,0.6555547714233398],"EasingStyle":"Linear","EasingDirection":"In"},"Right Leg":{"Weight":1,"CFrame":[0.8887867331504822,0.6040753126144409,-0.6448940634727478,0.8713395595550537,0.49065959453582766,0.0045241499319672588,-0.1995227187871933,0.3458695709705353,0.9168232679367065,0.44828346371650698,-0.7997670769691467,0.39926764369010928],"EasingStyle":"Linear","EasingDirection":"In"},"Torso":{"Weight":1,"CFrame":[0.11385762691497803,0.097571462392807,-0.5835542678833008,0.9932147264480591,0.024281710386276246,-0.11373188346624375,-0.029418330639600755,0.9986112117767334,-0.043705664575099948,0.11251270025968552,0.04675491154193878,0.9925496578216553],"EasingStyle":"Linear","EasingDirection":"In"},"HumanoidRootPart":{"Weight":0,"CFrame":[0,0,0,1,0,0,0,1,0,0,0,1],"EasingStyle":"Linear","EasingDirection":"In"},"Head":{"Weight":1,"CFrame":[1.0727671906352043e-7,1.2419150152709336e-9,-3.5762786865234377e-7,0.9902395009994507,-0.08655759692192078,0.10924040526151657,0.0733632817864418,0.9901190400123596,0.11950802057981491,-0.1185053363442421,-0.11032731831073761,0.9868051409721375],"EasingStyle":"Linear","EasingDirection":"In"}}},{"Time":0.4000000059604645,"poses":{"Left Leg":{"Weight":1,"CFrame":[-0.5686895847320557,0.26130038499832156,0.2554227113723755,0.8746801018714905,-0.3494865298271179,0.3358481228351593,0.3934668004512787,0.9165992140769959,-0.07092073559761048,-0.2830522358417511,0.1941780149936676,0.939242422580719],"EasingStyle":"Linear","EasingDirection":"In"},"Right Arm":{"Weight":1,"CFrame":[-0.4493430554866791,-0.642684817314148,-0.15846627950668336,0.07530684769153595,-0.9560542702674866,-0.28335335850715639,0.9327762126922607,-0.03291163966059685,0.3589503765106201,-0.35250163078308108,-0.2913367450237274,0.8893061876296997],"EasingStyle":"Linear","EasingDirection":"In"},"Left Arm":{"Weight":1,"CFrame":[0.05024775117635727,-0.2150026261806488,0.2815117835998535,-0.03985253721475601,0.6287007331848145,-0.7766255736351013,-0.9872608184814453,0.095044806599617,0.12760287523269654,0.15403829514980317,0.7718172669410706,0.6169037818908691],"EasingStyle":"Linear","EasingDirection":"In"},"Right Leg":{"Weight":1,"CFrame":[0.9361709356307983,0.48198896646499636,-0.45762062072753909,0.8517229557037354,0.506934404373169,0.13261054456233979,-0.4343213140964508,0.5414032340049744,0.7198941111564636,0.29314330220222475,-0.6707459092140198,0.6812979578971863],"EasingStyle":"Linear","EasingDirection":"In"},"Torso":{"Weight":1,"CFrame":[0.011931657791137696,0.16211390495300294,-0.5001304149627686,0.9944953918457031,-0.029811199754476548,-0.1004503071308136,0.03164860978722572,0.9993587136268616,0.01674772799015045,0.09988661855459213,-0.019834650680422784,0.9948011040687561],"EasingStyle":"Linear","EasingDirection":"In"},"HumanoidRootPart":{"Weight":0,"CFrame":[0,0,0,1,0,0,0,1,0,0,0,1],"EasingStyle":"Linear","EasingDirection":"In"},"Head":{"Weight":1,"CFrame":[8.381903171539307e-8,-2.7939677238464357e-9,-5.364418029785156e-7,0.9945386648178101,-0.020585184916853906,0.10231849551200867,0.013230015523731709,0.9973132014274597,0.07205068320035935,-0.1035267785191536,-0.0703035220503807,0.9921389222145081],"EasingStyle":"Linear","EasingDirection":"In"}}},{"Time":0.4333333373069763,"poses":{"Left Leg":{"Weight":1,"CFrame":[-0.3504703938961029,0.1782909631729126,0.2310410737991333,0.8574603199958801,-0.26293328404426577,0.44229841232299807,0.2948305904865265,0.9555429816246033,-0.0035306529607623817,-0.4217069149017334,0.13343048095703126,0.8968610167503357],"EasingStyle":"Linear","EasingDirection":"In"},"Right Arm":{"Weight":1,"CFrame":[-0.40698087215423586,-0.5536468029022217,-0.13502496480941773,0.2065131962299347,-0.9452065229415894,-0.2528573274612427,0.9467366933822632,0.1277775913476944,0.29557156562805178,-0.24706672132015229,-0.3004288077354431,0.921249508857727],"EasingStyle":"Linear","EasingDirection":"In"},"Left Arm":{"Weight":1,"CFrame":[0.0502740740776062,-0.21317756175994874,0.27359282970428469,0.09809408336877823,0.6327367424964905,-0.7681286931037903,-0.960216224193573,0.26296520233154299,0.0939897745847702,0.2614619731903076,0.7283498644828796,0.6333594918251038],"EasingStyle":"Linear","EasingDirection":"In"},"Right Leg":{"Weight":1,"CFrame":[0.8056555390357971,0.31933093070983889,-0.17011451721191407,0.8792794346809387,0.4679560661315918,0.08879644423723221,-0.46188437938690188,0.7921799421310425,0.3988907039165497,0.1163206547498703,-0.3917500376701355,0.9126890897750855],"EasingStyle":"Linear","EasingDirection":"In"},"Torso":{"Weight":1,"CFrame":[-0.06933234632015228,0.20980891585350038,-0.3205149173736572,0.9927752017974854,-0.08617430180311203,-0.08349467068910599,0.09111741930246353,0.9941893815994263,0.05731544271111488,0.07807040214538574,-0.06450916826725006,0.9948585629463196],"EasingStyle":"Linear","EasingDirection":"In"},"HumanoidRootPart":{"Weight":0,"CFrame":[0,0,0,1,0,0,0,1,0,0,0,1],"EasingStyle":"Linear","EasingDirection":"In"},"Head":{"Weight":1,"CFrame":[1.2852251529693604e-7,1.7695128917694093e-8,-1.1920928955078126e-7,0.9942193031311035,0.06507925689220429,0.08539712429046631,-0.06623992323875427,0.9977449774742127,0.01082591712474823,-0.0845000222325325,-0.016420023515820504,0.9962881803512573],"EasingStyle":"Linear","EasingDirection":"In"}}},{"Time":0.46666666865348818,"poses":{"Left Leg":{"Weight":1,"CFrame":[-0.14878998696804048,0.206157386302948,0.1407756805419922,0.8718003630638123,-0.05818472430109978,0.4863935708999634,0.027976149693131448,0.9972140789031982,0.06914769113063812,-0.4890618622303009,-0.046675585210323337,0.8709993958473206],"EasingStyle":"Linear","EasingDirection":"In"},"Right Arm":{"Weight":1,"CFrame":[-0.3055475354194641,-0.4496406316757202,-0.07912623882293701,0.5518109798431397,-0.779029369354248,-0.2976871728897095,0.8325281143188477,0.4935934841632843,0.25152039527893069,-0.04900538921356201,-0.3866247534751892,0.9209342002868652],"EasingStyle":"Linear","EasingDirection":"In"},"Left Arm":{"Weight":1,"CFrame":[0.05045803636312485,-0.21158581972122193,0.26177895069122317,0.40925997495651247,0.5571838617324829,-0.7225320339202881,-0.785449206829071,0.6181106567382813,0.03176099434494972,0.4643014669418335,0.554513692855835,0.690607488155365],"EasingStyle":"Linear","EasingDirection":"In"},"Right Leg":{"Weight":1,"CFrame":[0.49700361490249636,0.11785781383514404,0.019225597381591798,0.9382932186126709,0.3409222364425659,-0.05811921879649162,-0.33218488097190859,0.9351837635040283,0.12281934171915055,0.09622405469417572,-0.09593425691127777,0.9907257556915283],"EasingStyle":"Linear","EasingDirection":"In"},"Torso":{"Weight":1,"CFrame":[-0.12354820221662522,0.2411799281835556,-0.14091229438781739,0.9886136651039124,-0.13685160875320435,-0.06256715953350067,0.14160194993019105,0.9867566823959351,0.07912112772464752,0.05091070383787155,-0.08707986027002335,0.994899570941925],"EasingStyle":"Linear","EasingDirection":"In"},"HumanoidRootPart":{"Weight":0,"CFrame":[0,0,0,1,0,0,0,1,0,0,0,1],"EasingStyle":"Linear","EasingDirection":"In"},"Head":{"Weight":1,"CFrame":[8.940696716308594e-8,-2.7939677238464357e-9,0,0.9871479272842407,0.14907877147197724,0.05757182464003563,-0.1463901847600937,0.9880415201187134,-0.048413485288619998,-0.06410077214241028,0.0393633171916008,0.9971668124198914],"EasingStyle":"Linear","EasingDirection":"In"}}},{"Time":0.5,"poses":{"Left Leg":{"Weight":1,"CFrame":[0.07782291620969773,0.2107255458831787,0.0018639564514160157,0.8123372793197632,0.3090919554233551,0.4945405125617981,-0.43100613355636599,0.889443576335907,0.15206538140773774,-0.3928636908531189,-0.33667829632759097,0.85574871301651],"EasingStyle":"Linear","EasingDirection":"In"},"Right Arm":{"Weight":1,"CFrame":[-0.18352267146110536,-0.34870028495788576,-0.012408316135406495,0.8436020612716675,-0.3848981559276581,-0.37441813945770266,0.49224749207496645,0.8329232335090637,0.2528464198112488,0.21454139053821565,-0.3976081907749176,0.8921209573745728],"EasingStyle":"Linear","EasingDirection":"In"},"Left Arm":{"Weight":1,"CFrame":[0.05095755308866501,-0.21045953035354615,0.24529170989990235,0.6841219067573547,0.36204490065574648,-0.6331672668457031,-0.4604525566101074,0.8876275420188904,0.010037248022854329,0.5656506419181824,0.2846766412258148,0.773949921131134],"EasingStyle":"Linear","EasingDirection":"In"},"Right Leg":{"Weight":1,"CFrame":[0.2060493379831314,-0.013974428176879883,0.058013081550598147,0.9534986615180969,0.20934432744979859,-0.21682992577552796,-0.2255907952785492,0.9727892875671387,-0.05281822383403778,0.199872687458992,0.09927691519260407,0.974779486656189],"EasingStyle":"Linear","EasingDirection":"In"},"Torso":{"Weight":1,"CFrame":[-0.14833752810955048,0.26123666763305666,-0.05895519256591797,0.9840836524963379,-0.1736065298318863,-0.03794899955391884,0.17636747658252717,0.9803019762039185,0.08889646083116532,0.02176847495138645,-0.09417452663183212,0.9953176975250244],"EasingStyle":"Linear","EasingDirection":"In"},"HumanoidRootPart":{"Weight":0,"CFrame":[0,0,0,1,0,0,0,1,0,0,0,1],"EasingStyle":"Linear","EasingDirection":"In"},"Head":{"Weight":1,"CFrame":[1.0058283805847168e-7,3.91155481338501e-8,1.1920928955078126e-7,0.9771804809570313,0.21120144426822663,0.022633424028754236,-0.20836655795574189,0.9738118648529053,-0.09096048772335053,-0.041251689195632938,0.08416876941919327,0.995597243309021],"EasingStyle":"Linear","EasingDirection":"In"}}},{"Time":0.5333333611488342,"poses":{"Left Leg":{"Weight":1,"CFrame":[0.24042722582817079,0.1300365924835205,-0.08130460977554321,0.6407856345176697,0.593749463558197,0.48667770624160769,-0.7539679408073425,0.6061506271362305,0.25320717692375185,-0.14465846121311189,-0.5291909575462341,0.8360807299613953],"EasingStyle":"Linear","EasingDirection":"In"},"Right Arm":{"Weight":1,"CFrame":[-0.07938586175441742,-0.26886093616485598,0.04349052906036377,0.9063295125961304,0.000393513502785936,-0.42257145047187807,0.1275271326303482,0.9531199932098389,0.27440696954727175,0.40286919474601748,-0.302592396736145,0.8637905716896057],"EasingStyle":"Linear","EasingDirection":"In"},"Left Arm":{"Weight":1,"CFrame":[0.051930174231529239,-0.2100326418876648,0.2233515977859497,0.8216096758842468,0.21147458255290986,-0.529373288154602,-0.22098246216773988,0.974183201789856,0.046193357557058337,0.525475263595581,0.07902924716472626,0.847130537033081],"EasingStyle":"Linear","EasingDirection":"In"},"Right Leg":{"Weight":1,"CFrame":[0.049095071852207187,-0.08234024047851563,0.04188549518585205,0.9331421852111816,0.1316806674003601,-0.3345232903957367,-0.19402432441711427,0.967818558216095,-0.16025562584400178,0.30265533924102785,0.21444687247276307,0.928661584854126],"EasingStyle":"Linear","EasingDirection":"In"},"Torso":{"Weight":1,"CFrame":[-0.14197048544883729,0.2744520902633667,-0.0652461051940918,0.9820204973220825,-0.18846888840198518,-0.010732075199484826,0.1886451542377472,0.9776601195335388,0.0927019715309143,-0.006979111582040787,-0.09305979311466217,0.9956360459327698],"EasingStyle":"Linear","EasingDirection":"In"},"HumanoidRootPart":{"Weight":0,"CFrame":[0,0,0,1,0,0,0,1,0,0,0,1],"EasingStyle":"Linear","EasingDirection":"In"},"Head":{"Weight":1,"CFrame":[9.313225746154785e-8,-4.6566128730773929e-8,-5.960464477539063e-8,0.9720888733863831,0.2342480719089508,-0.013081238605082035,-0.23431111872196198,0.9665000438690186,-0.10476641356945038,-0.011898319236934185,0.10490734875202179,0.9944108128547669],"EasingStyle":"Linear","EasingDirection":"In"}}},{"Time":0.5666666626930237,"poses":{"Left Leg":{"Weight":1,"CFrame":[0.2321813404560089,0.18032288551330567,-0.09552931785583496,0.5825122594833374,0.6633577346801758,0.4697189927101135,-0.8126537203788757,0.46354547142982485,0.35315656661987307,0.01653304696083069,-0.587436854839325,0.8091010451316834],"EasingStyle":"Linear","EasingDirection":"In"},"Right Arm":{"Weight":1,"CFrame":[-0.03161679208278656,-0.22815635800361634,0.0669318437576294,0.8884620666503906,0.13900619745254517,-0.43739286065101626,-0.029074039310216905,0.968161940574646,0.2486305683851242,0.45802825689315798,-0.20818209648132325,0.8642165660858154],"EasingStyle":"Linear","EasingDirection":"In"},"Left Arm":{"Weight":1,"CFrame":[0.05729348212480545,-0.21391254663467408,0.17618834972381593,0.9211289286613464,0.15129148960113526,-0.358653724193573,-0.13277241587638856,0.9882383346557617,0.0758710652589798,0.3659139573574066,-0.02226780168712139,0.930382251739502],"EasingStyle":"Linear","EasingDirection":"In"},"Right Leg":{"Weight":1,"CFrame":[0.06971253454685211,-0.11371874809265137,0.06593430042266846,0.9063189625740051,0.13193823397159577,-0.40147003531455996,-0.23774360120296479,0.9446048140525818,-0.2262735217809677,0.3493764400482178,0.30052289366722109,0.8874807357788086],"EasingStyle":"Linear","EasingDirection":"In"},"Torso":{"Weight":1,"CFrame":[-0.10656455159187317,0.2725655436515808,-0.11031484603881836,0.9817237257957459,-0.18943879008293153,0.018205175176262857,0.18740983307361604,0.9789627194404602,0.08068136125802994,-0.03310637176036835,-0.07579497992992401,0.9965736865997315],"EasingStyle":"Linear","EasingDirection":"In"},"HumanoidRootPart":{"Weight":0,"CFrame":[0,0,0,1,0,0,0,1,0,0,0,1],"EasingStyle":"Linear","EasingDirection":"In"},"Head":{"Weight":1,"CFrame":[8.195638656616211e-8,1.862645149230957e-9,-1.1920928955078126e-7,0.9714305996894836,0.23281754553318025,-0.046028587967157367,-0.23592618107795716,0.9683906435966492,-0.0809842050075531,0.025719113647937776,0.08952987194061279,0.9956520199775696],"EasingStyle":"Linear","EasingDirection":"In"}}},{"Time":0.6000000238418579,"poses":{"Left Leg":{"Weight":1,"CFrame":[0.2211810052394867,0.24766701459884644,-0.12615430355072022,0.52451092004776,0.724535346031189,0.44714292883872988,-0.8219515681266785,0.293973445892334,0.48782700300216677,0.22199976444244386,-0.6234004497528076,0.7497252821922302],"EasingStyle":"Linear","EasingDirection":"In"},"Right Arm":{"Weight":1,"CFrame":[-0.02686069905757904,-0.22087416052818299,0.056174516677856448,0.8913816809654236,0.11365204304456711,-0.4387732148170471,-0.04578842967748642,0.9856798052787781,0.16229219734668733,0.4509347081184387,-0.12457357347011566,0.8838208317756653],"EasingStyle":"Linear","EasingDirection":"In"},"Left Arm":{"Weight":1,"CFrame":[0.06835184991359711,-0.22316446900367738,0.09976887702941895,0.9918947219848633,0.09635704010725022,-0.08282610028982163,-0.09005896002054215,0.9929797649383545,0.0766848623752594,0.0896337553858757,-0.06860417127609253,0.9936091899871826],"EasingStyle":"Linear","EasingDirection":"In"},"Right Leg":{"Weight":1,"CFrame":[0.4126173257827759,-0.04294991493225098,0.26770734786987307,0.8631937503814697,0.28702646493911745,-0.4153459668159485,-0.42894211411476138,0.8508272767066956,-0.30348244309425356,0.26628023386001589,0.440123587846756,0.8575465679168701],"EasingStyle":"Linear","EasingDirection":"In"},"Torso":{"Weight":1,"CFrame":[-0.04900111258029938,0.24919408559799195,-0.37868571281433108,0.9809337854385376,-0.18837127089500428,0.047803737223148349,0.1862623244524002,0.9814540147781372,0.04532530903816223,-0.05545515567064285,-0.0355570912361145,0.9978278279304504],"EasingStyle":"Linear","EasingDirection":"In"},"HumanoidRootPart":{"Weight":0,"CFrame":[0,0,0,1,0,0,0,1,0,0,0,1],"EasingStyle":"Linear","EasingDirection":"In"},"Head":{"Weight":1,"CFrame":[7.764901965856552e-8,5.269248504191637e-8,-3.5762786865234377e-7,0.96977299451828,0.2319633662700653,-0.07571881264448166,-0.23457787930965424,0.9717065095901489,-0.027562255039811136,0.06718302518129349,0.04449108615517616,0.9967482089996338],"EasingStyle":"Linear","EasingDirection":"In"}}},{"Time":0.6333333253860474,"poses":{"Left Leg":{"Weight":1,"CFrame":[0.21284198760986329,0.31470751762390139,-0.17491859197616578,0.4848910868167877,0.7615242004394531,0.4300714433193207,-0.7702460885047913,0.13892613351345063,0.6224311590194702,0.4142482280731201,-0.6330722570419312,0.6539250612258911],"EasingStyle":"Linear","EasingDirection":"In"},"Right Arm":{"Weight":1,"CFrame":[-0.025108397006988527,-0.2203134000301361,0.03619658946990967,0.9014555811882019,0.06063820421695709,-0.4286033511161804,-0.039801545441150668,0.9975563883781433,0.057420454919338229,0.43103790283203127,-0.03470296040177345,0.9016662836074829],"EasingStyle":"Linear","EasingDirection":"In"},"Left Arm":{"Weight":1,"CFrame":[0.0813436210155487,-0.23420646786689759,0.01692044734954834,0.9748419523239136,0.05591048672795296,0.2157711237668991,