{"Sequence":[{"Time":0,"poses":{"Left Leg":{"Weight":1,"CFrame":[-0.6944125890731812,0.1590275764465332,0.2740190923213959,0.9201299548149109,0.016173070296645166,0.3912791609764099,0.1184510886669159,0.9408520460128784,-0.31743794679641726,-0.3732697069644928,0.3384314775466919,0.8637903928756714],"EasingStyle":"Linear","EasingDirection":"In"},"Right Arm":{"Weight":1,"CFrame":[0.1498422622680664,0.07406938076019287,0.20006698369979859,-0.5835505723953247,-0.787611722946167,-0.1978289633989334,0.6051689386367798,-0.2593224048614502,-0.752676784992218,0.5415157079696655,-0.5589451193809509,0.627966046333313],"EasingStyle":"Linear","EasingDirection":"In"},"Head":{"Weight":1,"CFrame":[7.264316082000733e-8,-4.470348358154297e-8,0.016662240028381349,0.9988057017326355,0.026874050498008729,0.040804244577884677,-0.031813278794288638,0.9915614724159241,0.12567293643951417,-0.037082575261592868,-0.12682104110717774,0.9912322759628296],"EasingStyle":"Linear","EasingDirection":"In"},"Right Leg":{"Weight":1,"CFrame":[0.0963602364063263,0.10263174772262573,0.08201417326927185,0.976213276386261,-0.1569354236125946,-0.14959567785263062,0.16791753470897675,0.9837360382080078,0.06377415359020233,0.13715431094169618,-0.08737698197364807,0.9866883754730225],"EasingStyle":"Linear","EasingDirection":"In"},"Torso":{"Weight":1,"CFrame":[-0.03078671731054783,-0.13849349319934846,0.01868414878845215,0.9891594648361206,-0.14376448094844819,-0.02992204949259758,0.13701766729354859,0.9768866896629334,-0.16406893730163575,0.052817732095718387,0.15819048881530763,0.9859950542449951],"EasingStyle":"Linear","EasingDirection":"In"},"HumanoidRootPart":{"Weight":0,"CFrame":[0,0,0,1,0,0,0,1,0,0,0,1],"EasingStyle":"Linear","EasingDirection":"In"},"Left Arm":{"Weight":1,"CFrame":[-0.1279953122138977,-0.00324934720993042,0.2414042353630066,-0.618068277835846,0.7852177619934082,0.0377422571182251,-0.4617042541503906,-0.3237254023551941,-0.8258516192436218,-0.6362552642822266,-0.5278588533401489,0.5626229643821716],"EasingStyle":"Linear","EasingDirection":"In"}}},{"Time":0.03333333507180214,"poses":{"Left Leg":{"Weight":1,"CFrame":[-0.7079639434814453,0.14739704132080079,0.19396448135375977,0.9539045095443726,0.0010125326225534082,0.300108402967453,0.07852361351251602,0.9643154144287109,-0.2528436481952667,-0.2896551489830017,0.26475420594215395,0.9197854399681091],"EasingStyle":"Linear","EasingDirection":"In"},"Right Arm":{"Weight":1,"CFrame":[0.14258113503456117,0.05861692875623703,0.185666024684906,-0.588706910610199,-0.8075244426727295,-0.03644879534840584,0.6046252250671387,-0.4099639356136322,-0.6829039454460144,0.5365189909934998,-0.4240681827068329,0.729598343372345],"EasingStyle":"Linear","EasingDirection":"In"},"Head":{"Weight":1,"CFrame":[8.940696716308594e-8,-1.043081283569336e-7,0.01666232943534851,0.9962522983551025,0.07732940465211868,0.038750723004341128,-0.08285492658615112,0.9817983508110046,0.17090076208114625,-0.024829763919115068,-0.17347100377082826,0.9845259785652161],"EasingStyle":"Linear","EasingDirection":"In"},"Right Leg":{"Weight":1,"CFrame":[0.09693396091461182,0.11584228277206421,0.06878215074539185,0.9600546360015869,-0.24877193570137025,-0.12809211015701295,0.25740647315979006,0.96469646692276,0.055701687932014468,0.10971302539110184,-0.08644840866327286,0.9901968836784363],"EasingStyle":"Linear","EasingDirection":"In"},"Torso":{"Weight":1,"CFrame":[-0.017443541437387468,-0.15105897188186646,0.039084676653146747,0.9925240278244019,-0.120192751288414,-0.02120649814605713,0.11445106565952301,0.9769261479377747,-0.18032264709472657,0.04239065572619438,0.17654746770858766,0.9833788871765137],"EasingStyle":"Linear","EasingDirection":"In"},"HumanoidRootPart":{"Weight":0,"CFrame":[0,0,0,1,0,0,0,1,0,0,0,1],"EasingStyle":"Linear","EasingDirection":"In"},"Left Arm":{"Weight":1,"CFrame":[-0.12369105219841004,-0.008540228009223938,0.14381325244903565,-0.589240550994873,0.8004373908042908,-0.10997960716485977,-0.5131241083145142,-0.47588130831718447,-0.714311420917511,-0.6240987777709961,-0.36446818709373476,0.6911322474479675],"EasingStyle":"Linear","EasingDirection":"In"}}},{"Time":0.06666667014360428,"poses":{"Left Leg":{"Weight":1,"CFrame":[-0.6965101957321167,0.14314532279968263,0.12235158681869507,0.9764485955238342,0.00024738541105762124,0.21574997901916505,0.04244203492999077,0.98023921251297,-0.19320951402187348,-0.21153445541858674,0.19781601428985597,0.9571426510810852],"EasingStyle":"Linear","EasingDirection":"In"},"Right Arm":{"Weight":1,"CFrame":[0.16320687532424928,0.03730057552456856,0.14248144626617433,-0.5397860407829285,-0.8295115828514099,0.1433233618736267,0.63816237449646,-0.5142655968666077,-0.5729570388793945,0.548980712890625,-0.21781066060066224,0.80695641040802],"EasingStyle":"Linear","EasingDirection":"In"},"Head":{"Weight":1,"CFrame":[9.033828973770142e-8,-1.4901161193847657e-8,0.01666221022605896,0.9961671829223633,0.08183358609676361,0.03089085966348648,-0.08636568486690521,0.9761505126953125,0.19917665421962739,-0.013854757882654667,-0.20108112692832948,0.9794766306877136],"EasingStyle":"Linear","EasingDirection":"In"},"Right Leg":{"Weight":1,"CFrame":[0.1504082977771759,0.17800462245941163,0.061851710081100467,0.9410566091537476,-0.32162508368492129,-0.1047368198633194,0.32738080620765688,0.9439166188240051,0.04293268918991089,0.08505464345216751,-0.07469096779823303,0.9935728907585144],"EasingStyle":"Linear","EasingDirection":"In"},"Torso":{"Weight":1,"CFrame":[-0.01043761894106865,-0.16416588425636292,0.023798946291208268,0.9953216910362244,-0.09578027576208115,-0.01268927101045847,0.09141839295625687,0.9761085510253906,-0.19711613655090333,0.031265947967767718,0.19503392279148103,0.9802980422973633],"EasingStyle":"Linear","EasingDirection":"In"},"HumanoidRootPart":{"Weight":0,"CFrame":[0,0,0,1,0,0,0,1,0,0,0,1],"EasingStyle":"Linear","EasingDirection":"In"},"Left Arm":{"Weight":1,"CFrame":[-0.1263364553451538,-0.018884342163801194,0.04171478748321533,-0.5399580597877502,0.8044241666793823,-0.2476833164691925,-0.5851948857307434,-0.5702970623970032,-0.5764618515968323,-0.6049728989601135,-0.16632232069969178,0.7786813974380493],"EasingStyle":"Linear","EasingDirection":"In"}}},{"Time":0.10000000149011612,"poses":{"Left Leg":{"Weight":1,"CFrame":[-0.6668568849563599,0.1418578028678894,0.062483131885528567,0.9893270134925842,0.009845983237028122,0.14537903666496278,0.011118666268885136,0.9897044897079468,-0.14269331097602845,-0.14528721570968629,0.14278675615787507,0.9790319800376892],"EasingStyle":"Linear","EasingDirection":"In"},"Right Arm":{"Weight":1,"CFrame":[0.22018039226531983,0.006082475185394287,0.056794047355651858,-0.45746710896492007,-0.8157100677490234,0.35403546690940859,0.7000366449356079,-0.5758728981018066,-0.4222785234451294,0.5483363270759583,0.054659225046634677,0.834469735622406],"EasingStyle":"Linear","EasingDirection":"In"},"Head":{"Weight":1,"CFrame":[6.51925802230835e-8,1.2665987014770509e-7,0.016662031412124635,0.9980396628379822,0.059581704437732699,0.019157525151968004,-0.06229126453399658,0.9753229022026062,0.211813822388649,-0.006064613815397024,-0.21259185671806336,0.9771222472190857],"EasingStyle":"Linear","EasingDirection":"In"},"Right Leg":{"Weight":1,"CFrame":[0.2012001872062683,0.2593422532081604,0.05555003881454468,0.9144246578216553,-0.3966086506843567,-0.08080317080020905,0.3999234437942505,0.9160767197608948,0.02940475195646286,0.06235979124903679,-0.05920351669192314,0.9962963461875916],"EasingStyle":"Linear","EasingDirection":"In"},"Torso":{"Weight":1,"CFrame":[-0.003938641399145126,-0.17714297771453858,-0.011878974735736847,0.9974141120910645,-0.0717087909579277,-0.004788365215063095,0.06903380900621414,0.9744725823402405,-0.21362975239753724,0.01998526230454445,0.21274679899215699,0.976902961730957],"EasingStyle":"Linear","EasingDirection":"In"},"HumanoidRootPart":{"Weight":0,"CFrame":[0,0,0,1,0,0,0,1,0,0,0,1],"EasingStyle":"Linear","EasingDirection":"In"},"Left Arm":{"Weight":1,"CFrame":[-0.13642573356628419,-0.0393156036734581,-0.05976894497871399,-0.4907757341861725,0.781643807888031,-0.38493168354034426,-0.668650209903717,-0.6211364269256592,-0.4087740182876587,-0.5586107969284058,0.05676816776394844,0.8274850249290466],"EasingStyle":"Linear","EasingDirection":"In"}}},{"Time":0.13333334028720857,"poses":{"Left Leg":{"Weight":1,"CFrame":[-0.6273409128189087,0.1485345959663391,0.01878666877746582,0.9952187538146973,0.02527589350938797,0.09434350579977036,-0.015459353104233742,0.9945230484008789,-0.10336770862340927,-0.09643951803445816,0.1014149859547615,0.9901587963104248],"EasingStyle":"Linear","EasingDirection":"In"},"Right Arm":{"Weight":1,"CFrame":[0.3004992604255676,-0.03343929350376129,-0.05328778922557831,-0.3572559058666229,-0.735236644744873,0.5760167837142944,0.7826076149940491,-0.5722557306289673,-0.24504877626895905,0.5097977519035339,0.3632499873638153,0.7798434495925903],"EasingStyle":"Linear","EasingDirection":"In"},"Head":{"Weight":1,"CFrame":[6.239861249923706e-8,1.043081283569336e-7,0.016661882400512697,0.9992086291313171,0.039018213748931888,0.007731890771538019,-0.03976769372820854,0.9757426381111145,0.21527867019176484,0.0008553974330425262,-0.2154156118631363,0.9765220880508423],"EasingStyle":"Linear","EasingDirection":"In"},"Right Leg":{"Weight":1,"CFrame":[0.22872203588485719,0.3371601700782776,0.050076067447662356,0.8768297433853149,-0.47738099098205569,-0.05724671855568886,0.47890785336494448,0.8777199983596802,0.015964416787028314,0.0426255464553833,-0.04141402617096901,0.9982324242591858],"EasingStyle":"Linear","EasingDirection":"In"},"Torso":{"Weight":1,"CFrame":[0.001775653101503849,-0.1893029659986496,-0.05971122905611992,0.9987870454788208,-0.049192819744348529,0.0021586017683148386,0.048379190266132358,0.9722177982330322,-0.22902435064315797,0.00916772335767746,0.22885099053382874,0.9734182953834534],"EasingStyle":"Linear","EasingDirection":"In"},"HumanoidRootPart":{"Weight":0,"CFrame":[0,0,0,1,0,0,0,1,0,0,0,1],"EasingStyle":"Linear","EasingDirection":"In"},"Left Arm":{"Weight":1,"CFrame":[-0.15319925546646119,-0.06720955669879914,-0.1548367589712143,-0.4467441737651825,0.7296563386917114,-0.5177077651023865,-0.7528331279754639,-0.6192418932914734,-0.22311805188655854,-0.48338592052459719,0.29007068276405337,0.8259522318840027],"EasingStyle":"Linear","EasingDirection":"In"}}},{"Time":0.1666666716337204,"poses":{"Left Leg":{"Weight":1,"CFrame":[-0.5841119885444641,0.1677156686782837,-0.004802584648132324,0.996850848197937,0.043601859360933307,0.06623655557632446,-0.038398031145334247,0.9962213039398193,-0.07790303975343704,-0.06938301771879196,0.07511436194181442,0.9947582483291626],"EasingStyle":"Linear","EasingDirection":"In"},"Right Arm":{"Weight":1,"CFrame":[0.3904848098754883,-0.08001849055290222,-0.17084839940071107,-0.2671050727367401,-0.5813456177711487,0.7685651779174805,0.8660546541213989,-0.49457457661628725,-0.0731116458773613,0.4226159155368805,0.6460908651351929,0.6355802416801453],"EasingStyle":"Linear","EasingDirection":"In"},"Head":{"Weight":1,"CFrame":[1.0035000741481781e-7,1.2665987014770509e-7,0.016662418842315675,0.9997776746749878,0.020973753184080125,-0.002206017728894949,-0.02002554200589657,0.976934552192688,0.21259796619415284,0.006614144891500473,-0.21250641345977784,0.9771373271942139],"EasingStyle":"Linear","EasingDirection":"In"},"Right Leg":{"Weight":1,"CFrame":[0.2332504391670227,0.39561623334884646,0.046640634536743167,0.8293110728263855,-0.5576640963554382,-0.03541136905550957,0.5581176280975342,0.8297538161277771,0.0036515844985842706,0.027346432209014894,-0.022792009636759759,0.9993662238121033],"EasingStyle":"Linear","EasingDirection":"In"},"Torso":{"Weight":1,"CFrame":[0.0064892093650996689,-0.19995282590389253,-0.11140799522399903,0.9995349049568176,-0.02946077100932598,0.007888955995440483,0.03049452416598797,0.9696835875511169,-0.24245361983776093,-0.000506920216139406,0.24258139729499818,0.9701309204101563],"EasingStyle":"Linear","EasingDirection":"In"},"HumanoidRootPart":{"Weight":0,"CFrame":[0,0,0,1,0,0,0,1,0,0,0,1],"EasingStyle":"Linear","EasingDirection":"In"},"Left Arm":{"Weight":1,"CFrame":[-0.17580753564834596,-0.1001310646533966,-0.23794949054718018,-0.41271737217903139,0.6493085622787476,-0.6387979984283447,-0.8259947299957275,-0.5623964667320252,-0.03798752278089523,-0.3839232921600342,0.5119655728340149,0.7684361934661865],"EasingStyle":"Linear","EasingDirection":"In"}}},{"Time":0.20000000298023225,"poses":{"Left Leg":{"Weight":1,"CFrame":[-0.5392090082168579,0.20223969221115113,-0.0030333995819091799,0.9958928823471069,0.0643782839179039,0.06366173177957535,-0.05986865237355232,0.9957224726676941,-0.07037445902824402,-0.06792006641626358,0.06627409160137177,0.9954871535301209],"EasingStyle":"Linear","EasingDirection":"In"},"Right Arm":{"Weight":1,"CFrame":[0.47500723600387576,-0.13351795077323914,-0.279144823551178,-0.21415571868419648,-0.39029058814048769,0.8954387307167053,0.9279906749725342,-0.3674452602863312,0.06178431212902069,0.30491092801094057,0.8441903591156006,0.4408765733242035],"EasingStyle":"Linear","EasingDirection":"In"},"Head":{"Weight":1,"CFrame":[1.0477378964424133e-7,-1.564621925354004e-7,0.01666194200515747,0.9999305605888367,0.0064711603336036209,-0.009852321818470955,-0.0042935642413794998,0.9783639311790466,0.20684656500816346,0.010977732948958874,-0.20678992569446565,0.9783238172531128],"EasingStyle":"Linear","EasingDirection":"In"},"Right Leg":{"Weight":1,"CFrame":[0.22508639097213746,0.4295201003551483,0.04537484049797058,0.778987467288971,-0.6268068552017212,-0.017081841826438905,0.6268002390861511,0.7791537046432495,-0.006397648714482784,0.01731952093541622,-0.005723239853978157,0.9998337030410767],"EasingStyle":"Linear","EasingDirection":"In"},"Torso":{"Weight":1,"CFrame":[0.010032969526946545,-0.20840191841125489,-0.1586449146270752,0.9998313188552856,-0.013738725334405899,0.012197163887321949,0.016379134729504586,0.9673082232475281,-0.2530742287635803,-0.008321499451994896,0.2532312870025635,0.9673699736595154],"EasingStyle":"Linear","EasingDirection":"In"},"HumanoidRootPart":{"Weight":0,"CFrame":[0,0,0,1,0,0,0,1,0,0,0,1],"EasingStyle":"Linear","EasingDirection":"In"},"Left Arm":{"Weight":1,"CFrame":[-0.20323693752288819,-0.1360120326280594,-0.30366232991218569,-0.3915012776851654,0.5465121865272522,-0.7403048872947693,-0.879101037979126,-0.45983225107192995,0.12544220685958863,-0.2718603312969208,0.6999134421348572,0.6604641675949097],"EasingStyle":"Linear","EasingDirection":"In"}}},{"Time":0.23333333432674409,"poses":{"Left Leg":{"Weight":1,"CFrame":[-0.5005616545677185,0.23520714044570924,0.013209640979766846,0.9939574599266052,0.08302154392004013,0.07180451601743698,-0.07762564718723297,0.9941628575325012,-0.07493055611848831,-0.07760628312826157,0.06890392303466797,0.994600236415863],"EasingStyle":"Linear","EasingDirection":"In"},"Right Arm":{"Weight":1,"CFrame":[0.537994384765625,-0.19470886886119843,-0.3600304126739502,-0.2069985717535019,-0.22125250101089478,0.9529948234558106,0.9589908123016357,-0.23866508901119233,0.15289120376110078,0.1936190277338028,0.9455613493919373,0.26158222556114199],"EasingStyle":"Linear","EasingDirection":"In"},"Head":{"Weight":1,"CFrame":[8.242204785346985e-8,2.5331974029541018e-7,0.01666232943534851,0.9998863339424133,-0.0033211864065378906,-0.014708029106259346,0.006212110165506601,0.9795453548431397,0.2011277973651886,0.013739213347434998,-0.2011963129043579,0.9794545769691467],"EasingStyle":"Linear","EasingDirection":"In"},"Right Leg":{"Weight":1,"CFrame":[0.21520620584487916,0.4436156451702118,0.04528924822807312,0.7383531928062439,-0.6744000911712647,-0.004364738706499338,0.6743065714836121,0.7383354902267456,-0.013087717816233635,0.012049032375216484,0.006720134522765875,0.9999049305915833],"EasingStyle":"Linear","EasingDirection":"In"},"Torso":{"Weight":1,"CFrame":[0.012259985320270062,-0.2139672040939331,-0.1930854469537735,0.999883770942688,-0.0032403916120529176,0.01490458007901907,0.007005604449659586,0.9655691981315613,-0.26005199551582339,-0.013548734597861767,0.26012617349624636,0.9654795527458191],"EasingStyle":"Linear","EasingDirection":"In"},"HumanoidRootPart":{"Weight":0,"CFrame":[0,0,0,1,0,0,0,1,0,0,0,1],"EasingStyle":"Linear","EasingDirection":"In"},"Left Arm":{"Weight":1,"CFrame":[-0.2343205213546753,-0.17316731810569764,-0.34634310007095339,-0.382280170917511,0.4313094913959503,-0.8172112107276917,-0.9095498323440552,-0.331673264503479,0.25042369961738589,-0.16303697228431703,0.839026153087616,0.5190895199775696],"EasingStyle":"Linear","EasingDirection":"In"}}},{"Time":0.2666666805744171,"poses":{"Left Leg":{"Weight":1,"CFrame":[-0.4858729839324951,0.24454385042190553,0.02820765972137451,0.9931959509849548,0.09012790024280548,0.07374700158834458,-0.08407138288021088,0.9931230545043945,-0.08147799223661423,-0.080583356320858,0.07472363114356995,0.9939430356025696],"EasingStyle":"Linear","EasingDirection":"In"},"Right Arm":{"Weight":1,"CFrame":[0.5636773109436035,-0.2643424868583679,-0.3938635587692261,-0.2372795194387436,-0.11959736049175263,0.9640513062477112,0.964063823223114,-0.15106387436389924,0.21854209899902345,0.11949624866247177,0.9812626242637634,0.15114374458789826],"EasingStyle":"Linear","EasingDirection":"In"},"Head":{"Weight":1,"CFrame":[9.685754776000977e-8,3.725290298461914e-8,0.016662240028381349,0.9998393654823303,-0.007171758450567722,-0.016428282484412195,0.010291868820786477,0.9800391793251038,0.19853784143924714,0.01467651966959238,-0.1986750364303589,0.9799555540084839],"EasingStyle":"Linear","EasingDirection":"In"},"Right Leg":{"Weight":1,"CFrame":[0.210682213306427,0.4465552866458893,0.04522573947906494,0.7217444181442261,-0.6921595931053162,0.0005894145579077303,0.6920838356018066,0.7216523289680481,-0.015427539125084877,0.01025303639471531,0.011542640626430512,0.999880850315094],"EasingStyle":"Linear","EasingDirection":"In"},"Torso":{"Weight":1,"CFrame":[0.013010933995246888,-0.21597333252429963,-0.2064080387353897,0.9998746514320374,0.0008364432724192739,0.015817519277334214,0.0033464140724390747,0.9649091958999634,-0.26256242394447329,-0.01548208948224783,0.2625824213027954,0.9647853374481201],"EasingStyle":"Linear","EasingDirection":"In"},"HumanoidRootPart":{"Weight":0,"CFrame":[0,0,0,1,0,0,0,1,0,0,0,1],"EasingStyle":"Linear","EasingDirection":"In"},"Left Arm":{"Weight":1,"CFrame":[-0.26783716678619387,-0.21012678742408753,-0.3599652051925659,-0.3805767893791199,0.3145298957824707,-0.8696162104606628,-0.9219021797180176,-0.20278048515319825,0.3301159143447876,-0.07250980287790299,0.9273355007171631,0.36713919043540957],"EasingStyle":"Linear","EasingDirection":"In"}}},{"Time":0.30000001192092898,"poses":{"Left Leg":{"Weight":1,"CFrame":[-0.48922717571258547,0.2131759524345398,0.04054504632949829,0.993833065032959,0.08320166915655136,0.073301762342453,-0.07668184489011765,0.9931937456130981,-0.08767098188400269,-0.0800972580909729,0.08150943368673325,0.9934488534927368],"EasingStyle":"Linear","EasingDirection":"In"},"Right Arm":{"Weight":1,"CFrame":[0.561989963054657,-0.341322124004364,-0.3971964716911316,-0.2829727232456207,-0.07131217420101166,0.9564732313156128,0.9556697010993958,-0.1055716797709465,0.2748638391494751,0.081375353038311,0.9918514490127564,0.09802460670471192],"EasingStyle":"Linear","EasingDirection":"In"},"Head":{"Weight":1,"CFrame":[9.12696123123169e-8,-4.470348358154297e-8,0.016662150621414186,0.9998432397842407,-0.007642397657036781,-0.015973614528775216,0.01058080606162548,0.9811687469482422,0.19286276400089265,0.014198892749845982,-0.19300153851509095,0.9810957312583923],"EasingStyle":"Linear","EasingDirection":"In"},"Right Leg":{"Weight":1,"CFrame":[0.23804736137390138,0.4622860848903656,0.044973522424697879,0.7585054039955139,-0.6516664028167725,0.0008131290087476373,0.6516044735908508,0.7584149241447449,-0.014778059907257557,0.009013712406158448,0.011739067733287812,0.9998904466629028],"EasingStyle":"Linear","EasingDirection":"In"},"Torso":{"Weight":1,"CFrame":[0.0125730624422431,-0.20899099111557008,-0.18154382705688477,0.9998826384544373,0.0011189805809408427,0.015285192988812924,0.0028016427531838419,0.9671807289123535,-0.2540739178657532,-0.01506785023957491,0.2540869116783142,0.9670640230178833],"EasingStyle":"Linear","EasingDirection":"In"},"HumanoidRootPart":{"Weight":0,"CFrame":[0,0,0,1,0,0,0,1,0,0,0,1],"EasingStyle":"Linear","EasingDirection":"In"},"Left Arm":{"Weight":1,"CFrame":[-0.30272114276885989,-0.24582074582576753,-0.349291056394577,-0.3849099278450012,0.20001055300235749,-0.9010217785835266,-0.9228618144989014,-0.09721332788467407,0.372660368680954,-0.013055253773927689,0.9749592542648315,0.22200016677379609],"EasingStyle":"Linear","EasingDirection":"In"}}},{"Time":0.3333333432674408,"poses":{"Left Leg":{"Weight":1,"CFrame":[-0.48366284370422366,0.14727336168289185,0.04873424768447876,0.9947779774665833,0.0696493461728096,0.07460369169712067,-0.06268691271543503,0.9937915205955505,-0.09191761165857315,-0.08054255694150925,0.08676090091466904,0.9929680824279785],"EasingStyle":"Linear","EasingDirection":"In"},"Right Arm":{"Weight":1,"CFrame":[0.5542469024658203,-0.4219036102294922,-0.39986857771873476,-0.3271148204803467,-0.0413103923201561,0.9440812468528748,0.9429472088813782,-0.07983829081058502,0.3232283890247345,0.062021151185035709,0.9959515333175659,0.0650695189833641],"EasingStyle":"Linear","EasingDirection":"In"},"Head":{"Weight":1,"CFrame":[8.521601557731629e-8,7.450580596923828e-8,0.01666247844696045,0.9998595118522644,-0.008093698881566525,-0.014678578823804856,0.010576424188911915,0.9839985966682434,0.17786242067813874,0.013004143722355366,-0.17799261212348939,0.9839459657669067],"EasingStyle":"Linear","EasingDirection":"In"},"Right Leg":{"Weight":1,"CFrame":[0.3118046522140503,0.48663443326950076,0.044482141733169559,0.8412517309188843,-0.5406432151794434,0.0007401725160889328,0.5406040549278259,0.8411726355552673,-0.013262233696877957,0.0065475935116410259,0.011556986719369889,0.9999117851257324],"EasingStyle":"Linear","EasingDirection":"In"},"Torso":{"Weight":1,"CFrame":[0.011471373960375786,-0.19048833847045899,-0.12631750106811524,0.9999022483825684,0.0010990945156663657,0.013945850543677807,0.0021605780348181726,0.9728134870529175,-0.23157998919487,-0.013821241445839405,0.2315874695777893,0.9727159142494202],"EasingStyle":"Linear","EasingDirection":"In"},"HumanoidRootPart":{"Weight":0,"CFrame":[0,0,0,1,0,0,0,1,0,0,0,1],"EasingStyle":"Linear","EasingDirection":"In"},"Left Arm":{"Weight":1,"CFrame":[-0.3377552628517151,-0.2800213694572449,-0.32605594396591189,-0.3935626447200775,0.08950114995241165,-0.9149306416511536,-0.9191723465919495,-0.021868253126740457,0.393248051404953,0.015188287943601609,0.9957466721534729,0.09087339043617249],"EasingStyle":"Linear","EasingDirection":"In"}}},{"Time":0.36666667461395266,"poses":{"Left Leg":{"Weight":1,"CFrame":[-0.4511907696723938,0.07592684030532837,0.053387999534606937,0.9952967762947083,0.05867321044206619,0.07708222419023514,-0.05122359097003937,0.9941295981407166,-0.09530200064182282,-0.08222144097089768,0.09090539067983628,0.9924595952033997],"EasingStyle":"Linear","EasingDirection":"In"},"Right Arm":{"Weight":1,"CFrame":[0.5423684120178223,-0.5024930834770203,-0.40187615156173708,-0.36735978722572329,-0.02453725039958954,0.9297552108764648,0.9284031987190247,-0.06965627521276474,0.364987313747406,0.055807486176490787,0.9972692131996155,0.04836912453174591],"EasingStyle":"Linear","EasingDirection":"In"},"Head":{"Weight":1,"CFrame":[1.0291114449501038e-7,3.725290298461914e-8,0.01666209101676941,0.999882698059082,-0.008502176962792874,-0.012743236497044564,0.010393130593001843,0.9876142740249634,0.1565571278333664,0.011254345998167992,-0.15667124092578889,0.9875867962837219],"EasingStyle":"Linear","EasingDirection":"In"},"Right Leg":{"Weight":1,"CFrame":[0.41282960772514346,0.4816552698612213,0.04335865378379822,0.9254891276359558,-0.3787738084793091,0.000515535706654191,0.3787558674812317,0.925430178642273,-0.011086131446063519,0.003722098423168063,0.010455315932631493,0.9999384880065918],"EasingStyle":"Linear","EasingDirection":"In"},"Torso":{"Weight":1,"CFrame":[0.009863339364528656,-0.1641298234462738,-0.06989884376525879,0.999927818775177,0.0008976610843092203,0.011990943923592568,0.0015131189720705152,0.979889452457428,-0.19953545928001405,-0.011928914114832878,0.1995391547679901,0.9798173308372498],"EasingStyle":"Linear","EasingDirection":"In"},"HumanoidRootPart":{"Weight":0,"CFrame":[0,0,0,1,0,0,0,1,0,0,0,1],"EasingStyle":"Linear","EasingDirection":"In"},"Left Arm":{"Weight":1,"CFrame":[-0.37157297134399416,-0.3124459385871887,-0.2944653630256653,-0.40153631567955019,-0.012529843486845494,-0.915757417678833,-0.9156242609024048,0.027349818497896196,0.40110376477241518,0.020020058378577234,0.9995474219322205,-0.02245495468378067],"EasingStyle":"Linear","EasingDirection":"In"}}},{"Time":0.4000000059604645,"poses":{"Left Leg":{"Weight":1,"CFrame":[-0.4710283875465393,0.0772562026977539,0.05952644348144531,0.9973899126052856,-0.0002593243261799216,0.0722026452422142,0.00649794889613986,0.9962581992149353,-0.086183100938797,-0.07191015779972077,0.08642733842134476,0.993659496307373],"EasingStyle":"Linear","EasingDirection":"In"},"Right Arm":{"Weight":1,"CFrame":[0.528251588344574,-0.5794870853424072,-0.4032864570617676,-0.4023776054382324,-0.01682812161743641,0.9153191447257996,0.9136336445808411,-0.07074328511953354,0.40033602714538576,0.058015771210193637,0.997352659702301,0.04384024068713188],"EasingStyle":"Linear","EasingDirection":"In"},"Head":{"Weight":1,"CFrame":[6.845220923423767e-8,2.9802322387695315e-8,0.016662120819091798,0.9999071359634399,-0.008846025913953781,-0.01037236861884594,0.010138490237295628,0.9911949634552002,0.13202212750911714,0.009113121777772904,-0.13211490213871003,0.9911925792694092],"EasingStyle":"Linear","EasingDirection":"In"},"Right Leg":{"Weight":1,"CFrame":[0.5177741646766663,0.436235249042511,0.04179638624191284,0.9816682934761047,-0.19059711694717408,0.0002656228607520461,0.190592423081398,0.9816328883171082,-0.00845715869218111,0.001351226819679141,0.008352705277502537,0.9999642372131348],"EasingStyle":"Linear","EasingDirection":"In"},"Torso":{"Weight":1,"CFrame":[0.007908136583864689,-0.13367712497711183,-0.04128098860383034,0.9999536871910095,0.0006276550120674074,0.00961396936327219,0.0009431327343918383,0.9867059588432312,-0.16251350939273835,-0.00958816334605217,0.1625150442123413,0.9866594672203064],"EasingStyle":"Linear","EasingDirection":"In"},"HumanoidRootPart":{"Weight":0,"CFrame":[0,0,0,1,0,0,0,1,0,0,0,1],"EasingStyle":"Linear","EasingDirection":"In"},"Left Arm":{"Weight":1,"CFrame":[-0.40284788608551028,-0.34275391697883608,-0.2588127851486206,-0.40603092312812807,-0.10288592427968979,-0.9080492854118347,-0.9138135313987732,0.05566449463367462,0.4023013114929199,0.009155011735856533,0.9931344389915466,-0.11662038415670395],"EasingStyle":"Linear","EasingDirection":"In"}}},{"Time":0.4333333373069763,"poses":{"Left Leg":{"Weight":1,"CFrame":[-0.5699722766876221,0.13586610555648805,0.06262409687042237,0.9919018149375916,-0.11457466334104538,0.05480337142944336,0.11784235388040543,0.9911781549453735,-0.06065668538212776,-0.04737021028995514,0.06662371009588242,0.9966530799865723],"EasingStyle":"Linear","EasingDirection":"In"},"Right Arm":{"Weight":1,"CFrame":[0.5137683153152466,-0.6492830514907837,-0.4041990339756012,-0.43124720454216006,-0.014869856648147107,0.9021113514900208,0.8999056816101074,-0.0788729339838028,0.42889273166656496,0.06477459520101547,0.9967738389968872,0.04739490896463394],"EasingStyle":"Linear","EasingDirection":"In"},"Head":{"Weight":1,"CFrame":[9.615905582904816e-8,1.4901161193847657e-8,0.0166623592376709,0.9999282956123352,-0.00911201722919941,-0.007775958627462387,0.009894787333905697,0.9941660761833191,0.10740552842617035,0.006751922890543938,-0.10747478902339935,0.9941849708557129],"EasingStyle":"Linear","EasingDirection":"In"},"Right Leg":{"Weight":1,"CFrame":[0.5898996591567993,0.34406840801239016,0.04016515612602234,0.9999067187309265,-0.013658661395311356,0.00007840552279958501,0.013658847659826279,0.9998909831047058,-0.005607658997178078,-0.0000017420810536350473,0.005608163774013519,0.9999842643737793],"EasingStyle":"Linear","EasingDirection":"In"},"Torso":{"Weight":1,"CFrame":[0.005771674681454897,-0.10303366184234619,-0.04186606779694557,0.999975323677063,0.000374447088688612,0.007016637362539768,0.0005074174841865897,0.9921238422393799,-0.12525980174541474,-0.007008276414126158,0.12526027858257295,0.9920991659164429],"EasingStyle":"Linear","EasingDirection":"In"},"HumanoidRootPart":{"Weight":0,"CFrame":[0,0,0,1,0,0,0,1,0,0,0,1],"EasingStyle":"Linear","EasingDirection":"In"},"Left Arm":{"Weight":1,"CFrame":[-0.43027424812316897,-0.37058836221694949,-0.22344505786895753,-0.40607360005378725,-0.17893408238887788,-0.8961511850357056,-0.9137821793556213,0.06843670457601547,0.40039801597595217,-0.01031513698399067,0.9814779758453369,-0.19129732251167298],"EasingStyle":"Linear","EasingDirection":"In"}}},{"Time":0.46666666865348818,"poses":{"Left Leg":{"Weight":1,"CFrame":[-0.6448770761489868,0.16828900575637818,0.05387723445892334,0.9770110249519348,-0.21090854704380036,0.031098321080207826,0.21182778477668763,0.9768466353416443,-0.029994439333677293,-0.02405225858092308,0.03589240834116936,0.999066174030304],"EasingStyle":"Linear","EasingDirection":"In"},"Right Arm":{"Weight":1,"CFrame":[0.5007673501968384,-0.7082765102386475,-0.4047217071056366,-0.4531322419643402,-0.016028093174099923,0.8912992477416992,0.8884591460227966,-0.08986220508813858,0.45007243752479555,0.07288029789924622,0.9958252310752869,0.05495978146791458],"EasingStyle":"Linear","EasingDirection":"In"},"Head":{"Weight":1,"CFrame":[8.218921720981598e-8,-7.450580596923828e-9,0.01666232943534851,0.9999434947967529,-0.00929923914372921,-0.005167177878320217,0.009708823636174202,0.9962567090988159,0.0858968123793602,0.00434905057772994,-0.08594211935997009,0.9962906241416931],"EasingStyle":"Linear","EasingDirection":"In"},"Right Leg":{"Weight":1,"CFrame":[0.5878859758377075,0.2235761284828186,0.038959115743637088,0.9939718842506409,0.109635129570961,-0.00001566062928759493,-0.10963483154773712,0.9939680695533752,-0.002785387448966503,-0.0002897554077208042,0.0027702990919351579,0.9999961853027344],"EasingStyle":"Linear","EasingDirection":"In"},"Torso":{"Weight":1,"CFrame":[0.0036258113104850055,-0.07619794458150864,-0.060848236083984378,0.9999902844429016,0.0001850222033681348,0.004407871980220079,0.00022409939265344292,0.9957001209259033,-0.0926351472735405,-0.0044060577638447289,0.09263523668050766,0.9956903457641602],"EasingStyle":"Linear","EasingDirection":"In"},"HumanoidRootPart":{"Weight":0,"CFrame":[0,0,0,1,0,0,0,1,0,0,0,1],"EasingStyle":"Linear","EasingDirection":"In"},"Left Arm":{"Weight":1,"CFrame":[-0.4525552988052368,-0.39558660984039309,-0.1927388310432434,-0.4021022915840149,-0.23827050626277924,-0.8840479850769043,-0.9150362610816956,0.0708576887845993,0.3970993459224701,-0.03197538107633591,0.9686105847358704,-0.24651847779750825],"EasingStyle":"Linear","EasingDirection":"In"}}},{"Time":0.5,"poses":{"Left Leg":{"Weight":1,"CFrame":[-0.5959495306015015,0.13574838638305665,0.04174697399139404,0.9745521545410156,-0.22395764291286469,0.009541413746774197,0.22401882708072663,0.9745669960975647,-0.005905980709940195,-0.007976087741553784,0.007893146947026253,0.9999370574951172],"EasingStyle":"Linear","EasingDirection":"In"},"Right Arm":{"Weight":1,"CFrame":[0.4910847544670105,-0.7528645992279053,-0.4049614369869232,-0.46710872650146487,-0.01813930831849575,0.884013831615448,0.8806105852127075,-0.09953901916742325,0.46326789259910586,0.07959049195051193,0.9948683381080627,0.0624692440032959],"EasingStyle":"Linear","EasingDirection":"In"},"Head":{"Weight":1,"CFrame":[7.601920515298844e-8,4.470348358154297e-8,0.01666232943534851,0.9999518394470215,-0.009419480338692665,-0.0027585469651967289,0.009590983390808106,0.9974530339241028,0.07067945599555969,0.002085729269310832,-0.07070241123437882,0.9974953532218933],"EasingStyle":"Linear","EasingDirection":"In"},"Right Leg":{"Weight":1,"CFrame":[0.5361626148223877,0.1330304741859436,0.03841546177864075,0.9850414395332336,0.1723174750804901,-0.00004796814391738735,-0.17231754958629609,0.9850414395332336,-0.00019509145931806415,0.000013692529137188103,0.0002004229318117723,1],"EasingStyle":"Linear","EasingDirection":"In"},"Torso":{"Weight":1,"CFrame":[0.0016444189241155983,-0.057183023542165759,-0.10824275016784668,0.9999980926513672,0.0000673360118526034,0.0019990606233477594,0.00007179847307270393,0.9975807666778565,-0.06951835751533508,-0.001998905325308442,0.06951837241649628,0.9975786805152893],"EasingStyle":"Linear","EasingDirection":"In"},"HumanoidRootPart":{"Weight":0,"CFrame":[0,0,0,1,0,0,0,1,0,0,0,1],"EasingStyle":"Linear","EasingDirection":"In"},"Left Arm":{"Weight":1,"CFrame":[-0.4683990180492401,-0.41738447546958926,-0.17108726501464845,-0.3955141007900238,-0.2785206437110901,-0.8752113580703735,-0.9170998930931091,0.06792168319225311,0.3928288519382477,-0.049965012818574908,0.9580256342887878,-0.28229525685310366],"EasingStyle":"Linear","EasingDirection":"In"}}},{"Time":0.5333333611488342,"poses":{"Left Leg":{"Weight":1,"CFrame":[-0.5965760946273804,0.13467937707901,0.03815242648124695,0.9706824421882629,-0.24036560952663423,0.00008469599561067298,0.2403648942708969,0.9706804156303406,0.00204116920940578,-0.000572878576349467,-0.0019609732553362848,0.9999979734420776],"EasingStyle":"Linear","EasingDirection":"In"},"Right Arm":{"Weight":1,"CFrame":[0.48654693365097048,-0.7794414758682251,-0.4050194323062897,-0.4720584452152252,-0.019270773977041246,0.8813567161560059,0.877709150314331,-0.10370641946792603,0.4678373336791992,0.08238675445318222,0.9944213032722473,0.06586957722902298],"EasingStyle":"Linear","EasingDirection":"In"},"Head":{"Weight":1,"CFrame":[8.390634320676327e-8,0,0.016662180423736573,0.9999547004699707,-0.009493885561823845,-0.0007596415816806257,0.009523178450763226,0.9978457689285278,0.06490882486104965,0.0001417582534486428,-0.06491311639547348,0.9978909492492676],"EasingStyle":"Linear","EasingDirection":"In"},"Right Leg":{"Weight":1,"CFrame":[0.5965636968612671,0.13466966152191163,0.03815239667892456,0.9706840515136719,0.2403588742017746,-0.00008419706136919558,-0.24035824835300446,0.9706822037696838,0.0020412260200828315,0.0005724182119593024,-0.0019611509051173927,0.9999979734420776],"EasingStyle":"Linear","EasingDirection":"In"},"Torso":{"Weight":1,"CFrame":[8.881784197001253e-16,-0.049966976046562198,-0.19386649131774903,1,2.384185791015625e-7,-8.742277657347586e-8,-2.4328883796442826e-7,0.9981532692909241,-0.06074570119380951,7.277841973518662e-8,0.06074570119380951,0.9981532692909241],"EasingStyle":"Linear","EasingDirection":"In"},"HumanoidRootPart":{"Weight":0,"CFrame":[0,0,0,1,0,0,0,1,0,0,0,1],"EasingStyle":"Linear","EasingDirection":"In"},"Left Arm":{"Weight":1,"CFrame":[-0.47651025652885439,-0.43561694025993349,-0.16290563344955445,-0.3881412148475647,-0.2971157431602478,-0.8723924160003662,-0.91972416639328,0.06451400369405747,0.387227863073349,-0.05876990780234337,0.9526596069335938,-0.2983052134513855],"EasingStyle":"Linear","EasingDirection":"In"}}},{"Time":0.5666666626930237,"poses":{"Left Leg":{"Weight":1,"CFrame":[-0.5965760946273804,0.13467937707901,0.03815242648124695,0.9706824421882629,-0.24036560952663423,0.00008469599561067298,0.2403648942708969,0.9706804156303406,0.00204116920940578,-0.000572878576349467,-0.0019609732553362848,0.9999979734420776],"EasingStyle":"Linear","EasingDirection":"In"},"Right Arm":{"Weight":1,"CFrame":[0.48654693365097048,-0.7794414758682251,-0.4050194323062897,-0.4720584452152252,-0.019270773977041246,0.8813567161560059,0.877709150314331,-0.10370641946792603,0.4678373336791992,0.08238675445318222,0.9944213032722473,0.06586957722902298],"EasingStyle":"Linear","EasingDirection":"In"},"Head":{"Weight":1,"CFrame":[8.390634320676327e-8,0,0.016662180423736573,0.9999547004699707,-0.009493885561823845,-0.0007596415816806257,0.009523178450763226,0.9978457689285278,0.06490882486104965,0.0001417582534486428,-0.06491311639547348,0.9978909492492676],"EasingStyle":"Linear","EasingDirection":"In"},"Right Leg":{"Weight":1,"CFrame":[0.5962677001953125,0.13465046882629395,0.03851321339607239,0.9706838726997376,0.2403588443994522,-0.0006799150141887367,-0.2403571456670761,0.9706825613975525,0.002001150045543909,0.0011410523438826204,-0.0017790814163163305,0.9999977946281433],"EasingStyle":"Linear","EasingDirection":"In"},"Torso":{"Weight":1,"CFrame":[8.881784197001253e-16,-0.049966976046562198,-0.19386649131774903,1,2.384185791015625e-7,-8.742277657347586e-8,-2.4328883796442826e-7,0.9981532692909241,-0.06074570119380951,7.277841973518662e-8,0.06074570119380951,0.9981532692909241],"EasingStyle":"Linear","EasingDirection":"In"},"HumanoidRootPart":{"Weight":0,"CFrame":[0,0,0,1,0,0,0,1,0,0,0,1],"EasingStyle":"Linear","EasingDirection":"In"},"Left Arm":{"Weight":1,"CFrame":[-0.47651025652885439,-0.43561694025993349,-0.16290563344955445,-0.3881412148475647,-0.2971157431602478,-0.8723924160003662,-0.91972416639328,0.06451400369405747,0.387227863073349,-0.05876990780234337,0.9526596069335938,-0.2983052134513855],"EasingStyle":"Linear","EasingDirection":"In"}}},{"Time":0.6000000238418579,"poses":{"Left Leg":{"Weight":1,"CFrame":[-0.7568862438201904,0.20863312482833863,0.03833422064781189,0.9444278478622437,-0.3287185728549957,0.00003036800626432523,0.32871854305267336,0.9444279074668884,0.00031120155472308397,-0.00013100294745527208,-0.0002839013177435845,1],"EasingStyle":"Linear","EasingDirection":"In"},"Right Arm":{"Weight":1,"CFrame":[0.4852527379989624,-0.7950035333633423,-0.405007004737854,-0.47147613763809206,-0.01934981904923916,0.8816665410995483,0.8780224919319153,-0.10369410365819931,0.46725156903266909,0.08238236606121063,0.9944210648536682,0.06587892025709152],"EasingStyle":"Linear","EasingDirection":"In"},"Head":{"Weight":1,"CFrame":[5.302717909216881e-8,6.332993507385254e-8,0.01666197180747986,0.999954104423523,-0.009547854773700238,0.0007998778601177037,0.009475871920585633,0.9978448748588562,0.06493010371923447,-0.0014181721489876509,-0.06491945683956146,0.9978895783424377],"EasingStyle":"Linear","EasingDirection":"In"},"Right Leg":{"Weight":1,"CFrame":[0.758353054523468,0.21149247884750367,0.03808283805847168,0.9440844655036926,0.3297026455402374,-0.0007614199421368539,-0.32969707250595095,0.9440780282020569,0.0040693869814276699,0.002060597063973546,-0.0035908243153244259,0.9999914765357971],"EasingStyle":"Linear","EasingDirection":"In"},"Torso":{"Weight":1,"CFrame":[-0.0010291889775544406,-0.049984440207481387,-0.321932315826416,0.9999988079071045,-0.00004713492307928391,-0.0015598515747115017,-0.00004773960608872585,0.9981520771980286,-0.06076691299676895,0.0015598332975059748,0.06076692044734955,0.9981507658958435],"EasingStyle":"Linear","EasingDirection":"In"},"HumanoidRootPart":{"Weight":0,"CFrame":[0,0,0,1,0,0,0,1,0,0,0,1],"EasingStyle":"Linear","EasingDirection":"In"},"Left Arm":{"Weight":1,"CFrame":[-0.4801238179206848,-0.4511447250843048,-0.1629476547241211,-0.38104766607284548,-0.303296834230423,-0.8733921647071838,-0.9225460290908814,0.06248164921998978,0.3807951807975769,-0.06092289090156555,0.95084547996521,-0.30361372232437136],"EasingStyle":"Linear","EasingDirection":"In"}}},{"Time":0.6333333253860474,"poses":{"Left Leg":{"Weight":1,"CFrame":[-0.8923466205596924,0.30136150121688845,0.038774311542510989,0.9143906831741333,-0.4048330783843994,-0.000026774490834213794,0.4048326313495636,0.9143897294998169,-0.0014111245982348919,0.0005957031971774995,0.0012794842477887869,0.9999991059303284],"EasingStyle":"Linear","EasingDirection":"In"},"Right Arm":{"Weight":1,"CFrame":[0.48407965898513796,-0.8090029954910278,-0.40497156977653506,-0.4698086082935333,-0.019577117636799814,0.8825513124465