{"Sequence":[{"Time":0,"poses":{"Left Leg":{"Weight":1,"CFrame":[-0.3416737914085388,0.10479873418807984,0.02674579620361328,0.9924566149711609,-0.08017443120479584,0.09274690598249436,0.07753392308950424,0.9964844584465027,0.031736746430397037,-0.0949653759598732,-0.024306321516633035,0.9951838254928589],"EasingStyle":"Linear","EasingDirection":"In"},"Right Arm":{"Weight":1,"CFrame":[0.43288111686706545,-0.040855348110198978,-1.0251208543777466,-0.8966028690338135,-0.3709012269973755,0.2419414073228836,0.438334584236145,-0.8210231065750122,0.36576488614082339,0.0629768818616867,0.4339969754219055,0.8987104296684265],"EasingStyle":"Linear","EasingDirection":"In"},"Left Arm":{"Weight":1,"CFrame":[-0.4416055977344513,-0.04146510362625122,-1.0198085308074952,-0.9653651714324951,0.10803724080324173,-0.23748309910297395,-0.22429010272026063,-0.8086465001106262,0.5438612699508667,-0.13328255712985993,0.5782896876335144,0.8048706650733948],"EasingStyle":"Linear","EasingDirection":"In"},"Head":{"Weight":1,"CFrame":[8.777715265750885e-8,-2.627348294481635e-8,0.016662240028381349,0.9979369044303894,0.057588495314121249,0.02838338539004326,-0.06286457180976868,0.9662630558013916,0.24976731836795808,-0.01304212212562561,-0.2510363459587097,0.9678899049758911],"EasingStyle":"Linear","EasingDirection":"In"},"Torso":{"Weight":1,"CFrame":[0.004202928394079208,-0.08836415410041809,-0.06508517265319824,0.9997503161430359,-0.020316366106271745,-0.009304110892117024,0.01924663782119751,0.9944553971290588,-0.10338302701711655,0.011352891102433205,0.10317814350128174,0.9945980906486511],"EasingStyle":"Linear","EasingDirection":"In"},"HumanoidRootPart":{"Weight":1,"CFrame":[0,0,0,1,0,0,0,1,0,0,0,1],"EasingStyle":"Linear","EasingDirection":"In"},"Right Leg":{"Weight":1,"CFrame":[0.3425987660884857,0.12650704383850099,0.03980076313018799,0.985282838344574,0.10478907823562622,-0.1350441575050354,-0.09652833640575409,0.9931163787841797,0.06634940207004547,0.14106731116771699,-0.052337367087602618,0.9886156320571899],"EasingStyle":"Linear","EasingDirection":"In"}}},{"Time":0.01666666753590107,"poses":{"Left Leg":{"Weight":1,"CFrame":[-0.33118799328804018,0.10265827178955078,0.02645087242126465,0.992653489112854,-0.07524066418409348,0.09475181996822357,0.07236025482416153,0.9968164563179016,0.03348216414451599,-0.09696943312883377,-0.026379890739917756,0.9949377775192261],"EasingStyle":"Linear","EasingDirection":"In"},"Right Arm":{"Weight":1,"CFrame":[0.4495179355144501,-0.03670337796211243,-1.036834955215454,-0.9094274044036865,-0.3425593674182892,0.2357858121395111,0.40939420461654665,-0.837084949016571,0.3628844618797302,0.07306326925754547,0.42654648423194888,0.9015098810195923],"EasingStyle":"Linear","EasingDirection":"In"},"Left Arm":{"Weight":1,"CFrame":[-0.4338177442550659,-0.10415539145469666,-0.9472364783287048,-0.9650340676307678,0.07684565335512161,-0.2506076395511627,-0.21036745607852937,-0.7974280118942261,0.5655565857887268,-0.15638098120689393,0.5985009074211121,0.7857109308242798],"EasingStyle":"Linear","EasingDirection":"In"},"Head":{"Weight":1,"CFrame":[8.568167686462403e-8,-1.7049387679435314e-8,0.016662001609802247,0.9985716938972473,0.048066362738609317,0.023332247510552408,-0.052048761397600177,0.9737578630447388,0.22155480086803437,-0.01207057572901249,-0.22245275974273683,0.9748687744140625],"EasingStyle":"Linear","EasingDirection":"In"},"Torso":{"Weight":1,"CFrame":[0.0063362717628479,-0.08800256252288819,-0.060260772705078128,0.9998034238815308,-0.018315184861421586,-0.00760564673691988,0.017430581152439119,0.9944801330566406,-0.10346730798482895,0.009458688087761402,0.10331438481807709,0.9946037530899048],"EasingStyle":"Linear","EasingDirection":"In"},"HumanoidRootPart":{"Weight":1,"CFrame":[0,0,0,1,0,0,0,1,0,0,0,1],"EasingStyle":"Linear","EasingDirection":"In"},"Right Leg":{"Weight":1,"CFrame":[0.3302263915538788,0.12181621789932251,0.03775906562805176,0.9863903522491455,0.09651804715394974,-0.13310988247394563,-0.08849029242992401,0.993955671787262,0.06497445702552796,0.13857661187648774,-0.05231130123138428,0.9889692068099976],"EasingStyle":"Linear","EasingDirection":"In"}}},{"Time":0.03333333507180214,"poses":{"Left Leg":{"Weight":1,"CFrame":[-0.320279985666275,0.10041576623916626,0.026099681854248048,0.9928304553031921,-0.07014316320419312,0.09678588807582855,0.0670141652226448,0.9971304535865784,0.03521363437175751,-0.09897815436124802,-0.028475146740674974,0.9946821928024292],"EasingStyle":"Linear","EasingDirection":"In"},"Right Arm":{"Weight":1,"CFrame":[0.46655312180519106,-0.03332924842834473,-1.0477737188339234,-0.9213069081306458,-0.3136977553367615,0.2297551929950714,0.37997475266456606,-0.8517636060714722,0.36071890592575076,0.08254040777683258,0.41963401436805727,0.9039327502250671],"EasingStyle":"Linear","EasingDirection":"In"},"Left Arm":{"Weight":1,"CFrame":[-0.42561379075050356,-0.16777527332305909,-0.873004138469696,-0.9636432528495789,0.04595542699098587,-0.26321062445640566,-0.1978980302810669,-0.7846277356147766,0.5875339508056641,-0.17952194809913636,0.6182616949081421,0.7651954889297485],"EasingStyle":"Linear","EasingDirection":"In"},"Head":{"Weight":1,"CFrame":[9.336508810520172e-8,5.097535904496908e-8,0.01666247844696045,0.99909907579422,0.038190778344869617,0.018509497866034509,-0.04104477912187576,0.9804196357727051,0.19259458780288697,-0.010791732929646969,-0.19318078458309174,0.9811038970947266],"EasingStyle":"Linear","EasingDirection":"In"},"Torso":{"Weight":1,"CFrame":[0.008480899035930634,-0.0876162052154541,-0.055472373962402347,0.9998499751091003,-0.016281913965940477,-0.0059118387289345268,0.01558268629014492,0.9945038557052612,-0.10353407263755799,0.007565078791230917,0.10342641919851303,0.9946083426475525],"EasingStyle":"Linear","EasingDirection":"In"},"HumanoidRootPart":{"Weight":1,"CFrame":[0,0,0,1,0,0,0,1,0,0,0,1],"EasingStyle":"Linear","EasingDirection":"In"},"Right Leg":{"Weight":1,"CFrame":[0.31737571954727175,0.11705058813095093,0.035684823989868167,0.9874503016471863,0.08799614012241364,-0.13114264607429505,-0.08019865304231644,0.9947473406791687,0.06360843032598496,0.13605113327503205,-0.05229277163743973,0.9893208742141724],"EasingStyle":"Linear","EasingDirection":"In"}}},{"Time":0.05000000074505806,"poses":{"Left Leg":{"Weight":1,"CFrame":[-0.30938008427619936,0.09817928075790405,0.02572166919708252,0.9929735660552979,-0.06509830057621002,0.09882195293903351,0.06171906739473343,0.9974120855331421,0.03687845915555954,-0.10096696019172669,-0.030520111322402955,0.9944216012954712],"EasingStyle":"Linear","EasingDirection":"In"},"Right Arm":{"Weight":1,"CFrame":[0.4840652048587799,-0.03166624903678894,-1.0571151971817017,-0.9321645498275757,-0.28452110290527346,0.2238684892654419,0.3504132628440857,-0.8644845485687256,0.3603847622871399,0.09099375456571579,0.4143841564655304,0.905541718006134],"EasingStyle":"Linear","EasingDirection":"In"},"Left Arm":{"Weight":1,"CFrame":[-0.4169103503227234,-0.2316139042377472,-0.7976334095001221,-0.9612253308296204,0.016217118129134179,-0.2752869427204132,-0.18763624131679536,-0.7700143456459045,0.6098121404647827,-0.2020854651927948,0.6378204226493836,0.7432000041007996],"EasingStyle":"Linear","EasingDirection":"In"},"Head":{"Weight":1,"CFrame":[9.010545909404755e-8,-5.7203578762710097e-8,0.016662001609802247,0.9995067119598389,0.028128208592534066,0.013973035849630833,-0.030034277588129045,0.9861200451850891,0.16329535841941834,-0.009185914881527424,-0.16363443434238435,0.986478328704834],"EasingStyle":"Linear","EasingDirection":"In"},"Torso":{"Weight":1,"CFrame":[0.010592473670840264,-0.08721110224723816,-0.05089998245239258,0.9998894333839417,-0.014243917539715767,-0.004274989012628794,0.013724619522690773,0.9945255517959595,-0.10358821600675583,0.005727088078856468,0.10351809114217758,0.9946110844612122],"EasingStyle":"Linear","EasingDirection":"In"},"HumanoidRootPart":{"Weight":1,"CFrame":[0,0,0,1,0,0,0,1,0,0,0,1],"EasingStyle":"Linear","EasingDirection":"In"},"Right Leg":{"Weight":1,"CFrame":[0.304689884185791,0.1124531626701355,0.03365623950958252,0.9884237051010132,0.0795833170413971,-0.1291709542274475,-0.07200584560632706,0.9954557418823242,0.0623156875371933,0.13354328274726869,-0.05229324847459793,0.9896624684333801],"EasingStyle":"Linear","EasingDirection":"In"}}},{"Time":0.06666667014360428,"poses":{"Left Leg":{"Weight":1,"CFrame":[-0.2988210618495941,0.09602028131484986,0.025342464447021486,0.9930760860443115,-0.06027042120695114,0.10083302110433579,0.05664685368537903,0.9976546764373779,0.038423776626586917,-0.10291238129138947,-0.032445840537548068,0.9941611289978027],"EasingStyle":"Linear","EasingDirection":"In"},"Right Arm":{"Weight":1,"CFrame":[0.5021325945854187,-0.03264692425727844,-1.0640356540679932,-0.9419652819633484,-0.25524187088012698,0.21806646883487702,0.32105928659439089,-0.8747261166572571,0.36300888657569888,0.09809336066246033,0.41195395588874819,0.9059092402458191],"EasingStyle":"Linear","EasingDirection":"In"},"Left Arm":{"Weight":1,"CFrame":[-0.4076252579689026,-0.2949567437171936,-0.7216432690620422,-0.9578922986984253,-0.011575850658118725,-0.28689444065093996,-0.1803036630153656,-0.753365695476532,0.6324008703231812,-0.2234569638967514,0.6574999690055847,0.7195560932159424],"EasingStyle":"Linear","EasingDirection":"In"},"Head":{"Weight":1,"CFrame":[8.963979780673981e-8,-1.2660166248679161e-8,0.016662120819091798,0.999789297580719,0.018057547509670259,0.009760893881320954,-0.019203847274184228,0.9907845258712769,0.13407957553863526,-0.007249834481626749,-0.13423871994018556,0.9909225702285767],"EasingStyle":"Linear","EasingDirection":"In"},"Torso":{"Weight":1,"CFrame":[0.012626651674509049,-0.08679309487342835,-0.046724557876586917,0.9999215602874756,-0.012228555977344513,-0.002747409511357546,0.011878049932420254,0.9945446252822876,-0.10363432765007019,0.003999719861894846,0.10359356552362442,0.9946116805076599],"EasingStyle":"Linear","EasingDirection":"In"},"HumanoidRootPart":{"Weight":1,"CFrame":[0,0,0,1,0,0,0,1,0,0,0,1],"EasingStyle":"Linear","EasingDirection":"In"},"Right Leg":{"Weight":1,"CFrame":[0.29256415367126467,0.10817521810531616,0.03172171115875244,0.9892929196357727,0.07151036709547043,-0.12722380459308625,-0.06413466483354569,0.9960653781890869,0.06116053834557533,0.13109692931175233,-0.05234626308083534,0.9899866580963135],"EasingStyle":"Linear","EasingDirection":"In"}}},{"Time":0.0833333358168602,"poses":{"Left Leg":{"Weight":1,"CFrame":[-0.2893393635749817,0.09412413835525513,0.025026321411132814,0.9931231737136841,-0.0560382679104805,0.10279175639152527,0.052185527980327609,0.9978441596031189,0.03979666903614998,-0.10480033606290817,-0.034158725291490558,0.993906557559967],"EasingStyle":"Linear","EasingDirection":"In"},"Right Arm":{"Weight":1,"CFrame":[0.5208346247673035,-0.03720554709434509,-1.0677107572555543,-0.9507127404212952,-0.22607563436031342,0.212214857339859,0.2922590672969818,-0.881982147693634,0.3697190582752228,0.10358520597219467,0.4135182499885559,0.9045842885971069],"EasingStyle":"Linear","EasingDirection":"In"},"Left Arm":{"Weight":1,"CFrame":[-0.39767807722091677,-0.3570919632911682,-0.6455498933792114,-0.9538125395774841,-0.036684583872556689,-0.2981542944908142,-0.1765938401222229,-0.7344380617141724,0.6552982330322266,-0.24301518499851228,0.6776835322380066,0.6940377354621887],"EasingStyle":"Linear","EasingDirection":"In"},"Head":{"Weight":1,"CFrame":[8.963979780673981e-8,2.1827872842550279e-8,0.01666247844696045,0.9999492764472961,0.008167821913957596,0.005890069995075464,-0.008743289858102799,0.9943939447402954,0.1053776890039444,-0.004996298812329769,-0.10542387515306473,0.9944148659706116],"EasingStyle":"Linear","EasingDirection":"In"},"Torso":{"Weight":1,"CFrame":[0.01453905738890171,-0.08636780083179474,-0.04312634468078613,0.9999464750289917,-0.010263189673423767,-0.001381434383802116,0.010064676403999329,0.9945601224899292,-0.10367681831121445,0.002437974326312542,0.10365734249353409,0.9946101903915405],"EasingStyle":"Linear","EasingDirection":"In"},"HumanoidRootPart":{"Weight":1,"CFrame":[0,0,0,1,0,0,0,1,0,0,0,1],"EasingStyle":"Linear","EasingDirection":"In"},"Right Leg":{"Weight":1,"CFrame":[0.2815759778022766,0.10441112518310547,0.0299452543258667,0.990041971206665,0.0641036108136177,-0.1253303736448288,-0.05690415948629379,0.996562659740448,0.06020718440413475,0.12875911593437196,-0.05247590318322182,0.9902865886688232],"EasingStyle":"Linear","EasingDirection":"In"}}},{"Time":0.10000000149011612,"poses":{"Left Leg":{"Weight":1,"CFrame":[-0.28128963708877566,0.09254956245422363,0.02480792999267578,0.9931161999702454,-0.052575286477804187,0.104671411216259,0.04851749911904335,0.9979827404022217,0.04094411060214043,-0.10661299526691437,-0.03558386489748955,0.9936636686325073],"EasingStyle":"Linear","EasingDirection":"In"},"Right Arm":{"Weight":1,"CFrame":[0.5402503609657288,-0.046275317668914798,-1.0673154592514039,-0.9584445357322693,-0.1972401738166809,0.2061079889535904,0.26433971524238589,-0.8857092261314392,0.38163283467292788,0.10727839916944504,0.42025652527809145,0.9010416269302368],"EasingStyle":"Linear","EasingDirection":"In"},"Left Arm":{"Weight":1,"CFrame":[-0.38698944449424746,-0.4173034727573395,-0.5698684453964233,-0.9491829872131348,-0.05841634422540665,-0.309255987405777,-0.1771828681230545,-0.712926983833313,0.6784844398498535,-0.2601115107536316,0.6988008618354797,0.666347861289978],"EasingStyle":"Linear","EasingDirection":"In"},"Head":{"Weight":1,"CFrame":[8.812639862298966e-8,-3.1126546673476699e-8,0.016661763191223146,0.9999964237213135,-0.0013442771742120386,0.0023564384318888189,0.0011574242962524295,0.996982216835022,0.07762197405099869,-0.002453739522024989,-0.07761890441179276,0.9969800710678101],"EasingStyle":"Linear","EasingDirection":"In"},"Torso":{"Weight":1,"CFrame":[0.016285328194499017,-0.08594059944152832,-0.04028511047363281,0.9999648928642273,-0.008375158533453942,-0.0002294052974320948,0.008306194096803666,0.9945719838142395,-0.10371974855661392,0.001096829422749579,0.10371421277523041,0.9946065545082092],"EasingStyle":"Linear","EasingDirection":"In"},"HumanoidRootPart":{"Weight":1,"CFrame":[0,0,0,1,0,0,0,1,0,0,0,1],"EasingStyle":"Linear","EasingDirection":"In"},"Right Leg":{"Weight":1,"CFrame":[0.27264606952667239,0.10144507884979248,0.028424739837646486,0.990653395652771,0.05786890164017677,-0.12351921200752258,-0.05081455782055855,0.9969329833984375,0.059520091861486438,0.12658479809761048,-0.05268723890185356,0.9905556440353394],"EasingStyle":"Linear","EasingDirection":"In"}}},{"Time":0.11666666716337204,"poses":{"Left Leg":{"Weight":1,"CFrame":[-0.2752068340778351,0.09140634536743164,0.024742603302001954,0.9930529594421387,-0.05015239864587784,0.1064450815320015,0.045923806726932529,0.9980695247650147,0.04181281104683876,-0.10833662748336792,-0.036633964627981189,0.9934391379356384],"EasingStyle":"Linear","EasingDirection":"In"},"Right Arm":{"Weight":1,"CFrame":[0.560459315776825,-0.06078347563743591,-1.0620251893997193,-0.9652265906333923,-0.16896019876003266,0.1994745284318924,0.23759284615516663,-0.8852550983428955,0.3998415172100067,0.10902852565050125,0.433331161737442,0.8946154713630676],"EasingStyle":"Linear","EasingDirection":"In"},"Left Arm":{"Weight":1,"CFrame":[-0.3754803240299225,-0.47487252950668337,-0.49511218070983889,-0.9441987872123718,-0.07610542327165604,-0.32046329975128176,-0.18274012207984925,-0.6884263753890991,0.7019084095954895,-0.2740343511104584,0.7213025093078613,0.6361036896705627],"EasingStyle":"Linear","EasingDirection":"In"},"Head":{"Weight":1,"CFrame":[8.790811989456415e-8,4.935282049700618e-8,0.016662240028381349,0.9999468326568604,-0.010278741829097271,-0.0008637092541903257,0.010309468023478985,0.9986331462860107,0.05124153941869736,0.00033580721355974674,-0.05124771595001221,0.9986860156059265],"EasingStyle":"Linear","EasingDirection":"In"},"Torso":{"Weight":1,"CFrame":[0.017821069806814195,-0.0855167806148529,-0.03838181495666504,0.9999780654907227,-0.006591801065951586,0.000656318326946348,0.006624320521950722,0.994579553604126,-0.10376710444688797,0.00003125122020719573,0.10376917570829392,0.9946014285087586],"EasingStyle":"Linear","EasingDirection":"In"},"HumanoidRootPart":{"Weight":1,"CFrame":[0,0,0,1,0,0,0,1,0,0,0,1],"EasingStyle":"Linear","EasingDirection":"In"},"Right Leg":{"Weight":1,"CFrame":[0.2663494944572449,0.0994519591331482,0.027215242385864259,0.9911292791366577,0.05312960967421532,-0.12181979417800904,-0.046182189136743548,0.9971794486045837,0.059163596481084827,0.12461957335472107,-0.053012873977422717,0.9907874464988709],"EasingStyle":"Linear","EasingDirection":"In"}}},{"Time":0.13333334028720857,"poses":{"Left Leg":{"Weight":1,"CFrame":[-0.2716778516769409,0.090817391872406,0.024893522262573243,0.992929995059967,-0.04906698688864708,0.10808522999286652,0.044712554663419726,0.9981018900871277,0.04234966263175011,-0.10995806753635407,-0.03721745312213898,0.9932392239570618],"EasingStyle":"Linear","EasingDirection":"In"},"Right Arm":{"Weight":1,"CFrame":[0.5815404057502747,-0.08165398240089417,-1.0510146617889405,-0.9711464643478394,-0.14147964119911195,0.19198472797870637,0.21226100623607636,-0.879769504070282,0.42538341879844668,0.10871922224760056,0.4538603723049164,0.8844156265258789],"EasingStyle":"Linear","EasingDirection":"In"},"Left Arm":{"Weight":1,"CFrame":[-0.36307159066200259,-0.5290740132331848,-0.42179417610168459,-0.9390173554420471,-0.08909331262111664,-0.33212757110595705,-0.193939670920372,-0.6603689193725586,0.725465714931488,-0.28396084904670718,0.7456375360488892,0.60281902551651],"EasingStyle":"Linear","EasingDirection":"In"},"Head":{"Weight":1,"CFrame":[8.94651748239994e-8,2.1209416445344688e-8,0.016662120819091798,0.9998227953910828,-0.018433189019560815,-0.0038120299577713014,0.01852843351662159,0.9994728565216065,0.02665793150663376,0.003318601055070758,-0.0267238300293684,0.9996374249458313],"EasingStyle":"Linear","EasingDirection":"In"},"Torso":{"Weight":1,"CFrame":[0.01910189539194107,-0.0851014107465744,-0.037595272064208987,0.9999870657920837,-0.004940439946949482,0.0012233750894665719,0.005040757358074188,0.9945830702781677,-0.10382258147001267,-0.0007038189214654267,0.10382740199565888,0.9945951104164124],"EasingStyle":"Linear","EasingDirection":"In"},"HumanoidRootPart":{"Weight":1,"CFrame":[0,0,0,1,0,0,0,1,0,0,0,1],"EasingStyle":"Linear","EasingDirection":"In"},"Right Leg":{"Weight":1,"CFrame":[0.26350459456443789,0.09867942333221436,0.02639293670654297,0.9914653301239014,0.050338033586740497,-0.12026078999042511,-0.04345327988266945,0.99729984998703,0.05920257791876793,0.12291627377271652,-0.053471580147743228,0.9909754991531372],"EasingStyle":"Linear","EasingDirection":"In"}}},{"Time":0.15000000596046449,"poses":{"Left Leg":{"Weight":1,"CFrame":[-0.27122360467910769,0.09089064598083496,0.02532029151916504,0.9927421808242798,-0.049580879509449008,0.10956544429063797,0.04515647143125534,0.9980754256248474,0.042501531541347507,-0.11146187782287598,-0.037245478481054309,0.9930704832077026],"EasingStyle":"Linear","EasingDirection":"In"},"Right Arm":{"Weight":1,"CFrame":[0.6035720705986023,-0.1097974181175232,-1.0334604978561402,-0.9763054251670837,-0.11508318036794663,0.18325857818126679,0.18852189183235169,-0.8681023120880127,0.45919269323349,0.10624184459447861,0.4828605055809021,0.8692286610603333],"EasingStyle":"Linear","EasingDirection":"In"},"Left Arm":{"Weight":1,"CFrame":[-0.34968268871307375,-0.5791758894920349,-0.3504282236099243,-0.9337155818939209,-0.09670338034629822,-0.34470829367637637,-0.211464986205101,-0.6279614567756653,0.7489637732505798,-0.2888908386230469,0.7722130417823792,0.5658882260322571],"EasingStyle":"Linear","EasingDirection":"In"},"Head":{"Weight":1,"CFrame":[8.923234418034554e-8,2.0212610252201558e-8,0.016662240028381349,0.9996507167816162,-0.025606494396924974,-0.006544347852468491,0.025634849444031717,0.9996622204780579,0.0042829061858356,0.006432471796870232,-0.004449212457984686,0.999969482421875],"EasingStyle":"Linear","EasingDirection":"In"},"Torso":{"Weight":1,"CFrame":[0.020083405077457429,-0.0846995860338211,-0.038106441497802737,0.9999930262565613,-0.0034484078641980888,0.0014193906681612135,0.0035772109404206278,0.9945823550224304,-0.10388990491628647,-0.0010534462053328753,0.10389424860477448,0.9945878982543945],"EasingStyle":"Linear","EasingDirection":"In"},"HumanoidRootPart":{"Weight":1,"CFrame":[0,0,0,1,0,0,0,1,0,0,0,1],"EasingStyle":"Linear","EasingDirection":"In"},"Right Leg":{"Weight":1,"CFrame":[0.2648099958896637,0.09935569763183594,0.026015281677246095,0.9916557669639587,0.04988269507884979,-0.1188717931509018,-0.04300946742296219,0.9972893595695496,0.059702470898628238,0.121527761220932,-0.054091766476631168,0.9911131262779236],"EasingStyle":"Linear","EasingDirection":"In"}}},{"Time":0.1666666716337204,"poses":{"Left Leg":{"Weight":1,"CFrame":[-0.2742874026298523,0.09172391891479492,0.026076674461364747,0.992479145526886,-0.05191641300916672,0.11085881292819977,0.047488730400800708,0.9979792833328247,0.04221493378281593,-0.11282647401094437,-0.036632902920246127,0.9929392337799072],"EasingStyle":"Linear","EasingDirection":"In"},"Right Arm":{"Weight":1,"CFrame":[0.6266301274299622,-0.14610996842384339,-1.0085431337356568,-0.9808103442192078,-0.09012613445520401,0.17288264632225038,0.16647270321846009,-0.8486877083778381,0.5020124316215515,0.1014789417386055,0.5211589336395264,0.847404956817627],"EasingStyle":"Linear","EasingDirection":"In"},"Left Arm":{"Weight":1,"CFrame":[-0.3352312445640564,-0.6244343519210815,-0.28152996301651,-0.9282321333885193,-0.09821607172489166,-0.358801931142807,-0.23599860072135926,-0.5901007056236267,0.7720661163330078,-0.2875584661960602,0.8013331890106201,0.524571418762207],"EasingStyle":"Linear","EasingDirection":"In"},"Head":{"Weight":1,"CFrame":[8.809729479253292e-8,-3.506283974274993e-8,0.016662001609802247,0.9994589686393738,-0.03159972280263901,-0.009126879274845124,0.031456075608730319,0.9993852972984314,-0.015482709743082524,0.009610481560230255,0.015187248587608338,0.9998385310173035],"EasingStyle":"Linear","EasingDirection":"In"},"Torso":{"Weight":1,"CFrame":[0.020721200853586198,-0.08431622385978699,-0.04009509086608887,0.9999970197677612,-0.0021430368069559337,0.0011919877724722028,0.002255357103422284,0.9945777058601379,-0.10397258400917053,-0.0009627073304727674,0.10397497564554215,0.9945794343948364],"EasingStyle":"Linear","EasingDirection":"In"},"HumanoidRootPart":{"Weight":1,"CFrame":[0,0,0,1,0,0,0,1,0,0,0,1],"EasingStyle":"Linear","EasingDirection":"In"},"Right Leg":{"Weight":1,"CFrame":[0.27081143856048586,0.10169261693954468,0.026119589805603029,0.9916852116584778,0.05207262188196182,-0.11768175661563873,-0.045152053236961368,0.9971325397491455,0.0607294924557209,0.12050671875476837,-0.05491098016500473,0.9911927580833435],"EasingStyle":"Linear","EasingDirection":"In"}}},{"Time":0.18333333730697633,"poses":{"Left Leg":{"Weight":1,"CFrame":[-0.2811912000179291,0.09339636564254761,0.027203679084777833,0.9921227693557739,-0.056232333183288577,0.11193812638521195,0.05187848582863808,0.9977933764457703,0.04143691435456276,-0.11402123421430588,-0.035303305834531787,0.9928508996963501],"EasingStyle":"Linear","EasingDirection":"In"},"Right Arm":{"Weight":1,"CFrame":[0.6507865190505981,-0.19147005677223206,-0.9754514098167419,-0.9847646355628967,-0.0670745000243187,0.16043585538864137,0.1461091786623001,-0.8194319605827332,0.5542412996292114,0.0942908227443695,0.5692383050918579,0.8167478442192078],"EasingStyle":"Linear","EasingDirection":"In"},"Left Arm":{"Weight":1,"CFrame":[-0.3196312487125397,-0.6640902757644653,-0.21562230587005616,-0.9222878813743591,-0.09285479784011841,-0.37518399953842165,-0.2681844234466553,-0.5452643036842346,0.7942065596580505,-0.2783203125,0.8331055641174316,0.477988600730896],"EasingStyle":"Linear","EasingDirection":"In"},"Head":{"Weight":1,"CFrame":[8.95961420610547e-8,-1.728767529129982e-8,0.016661643981933595,0.9992762804031372,-0.036217641085386279,-0.011630658991634846,0.03582647815346718,0.9988375902175903,-0.03224766254425049,0.012785051949322224,0.031807612627744678,0.9994122982025147],"EasingStyle":"Linear","EasingDirection":"In"},"Torso":{"Weight":1,"CFrame":[0.02097087725996971,-0.08395642042160034,-0.04374194145202637,0.9999993443489075,-0.001051693456247449,0.0004887876566499472,0.0010968525893986226,0.994568943977356,-0.10407431423664093,-0.00037667874130420387,0.10407477617263794,0.9945694208145142],"EasingStyle":"Linear","EasingDirection":"In"},"HumanoidRootPart":{"Weight":1,"CFrame":[0,0,0,1,0,0,0,1,0,0,0,1],"EasingStyle":"Linear","EasingDirection":"In"},"Right Leg":{"Weight":1,"CFrame":[0.28179317712783816,0.10586285591125488,0.026711106300354005,0.991523265838623,0.057079900056123736,-0.11672041565179825,-0.05004381760954857,0.9967989921569824,0.06235073506832123,0.11990584433078766,-0.055981118232011798,0.9912057518959045],"EasingStyle":"Linear","EasingDirection":"In"}}},{"Time":0.20000000298023225,"poses":{"Left Leg":{"Weight":1,"CFrame":[-0.2920684516429901,0.09595799446105957,0.02872169017791748,0.9916472434997559,-0.06258727610111237,0.11277611553668976,0.05839383974671364,0.9974873661994934,0.04011400043964386,-0.11500340700149536,-0.03319350257515907,0.9928104281425476],"EasingStyle":"Linear","EasingDirection":"In"},"Right Arm":{"Weight":1,"CFrame":[0.6761085391044617,-0.24672982096672059,-0.9333896040916443,-0.9882572889328003,-0.04654994234442711,0.14553581178188325,0.12729915976524354,-0.7776350378990173,0.6156937479972839,0.08451324701309204,0.6269903182983398,0.7744292616844177],"EasingStyle":"Linear","EasingDirection":"In"},"Left Arm":{"Weight":1,"CFrame":[-0.30279451608657839,-0.697364330291748,-0.15323781967163087,-0.9152697324752808,-0.07978895306587219,-0.39486077427864077,-0.3085326850414276,-0.4913896322250366,0.8144593238830566,-0.25901535153388979,0.8672773241996765,0.42513638734817507],"EasingStyle":"Linear","EasingDirection":"In"},"Head":{"Weight":1,"CFrame":[9.053292160388082e-8,2.57746251008939e-8,0.016662240028381349,0.9991288781166077,-0.039269059896469119,-0.014125789515674115,0.03858795017004013,0.9982130527496338,-0.04562728852033615,0.01589229330420494,0.04504244029521942,0.9988586902618408],"EasingStyle":"Linear","EasingDirection":"In"},"Torso":{"Weight":1,"CFrame":[0.020788025110960008,-0.08362524211406708,-0.04922962188720703,0.9999997019767761,-0.00020177767146378756,-0.0007425904041156173,0.00012330224853940308,0.9945564866065979,-0.1041988953948021,0.0007595730130560696,0.10419876128435135,0.9945563077926636],"EasingStyle":"Linear","EasingDirection":"In"},"HumanoidRootPart":{"Weight":1,"CFrame":[0,0,0,1,0,0,0,1,0,0,0,1],"EasingStyle":"Linear","EasingDirection":"In"},"Right Leg":{"Weight":1,"CFrame":[0.2979222238063812,0.11205834150314331,0.027780532836914064,0.991117000579834,0.06501645594835282,-0.11601732671260834,-0.05778626725077629,0.9962344169616699,0.06463462859392166,0.11978285014629364,-0.05735629424452782,0.9911420345306397],"EasingStyle":"Linear","EasingDirection":"In"}}},{"Time":0.21666666865348817,"poses":{"Left Leg":{"Weight":1,"CFrame":[-0.3071732223033905,0.09952127933502197,0.03066086769104004,0.9910078048706055,-0.07110747694969177,0.11334622651338577,0.06716980040073395,0.997010350227356,0.03819327428936958,-0.11572321504354477,-0.030236372724175454,0.9928212761878967],"EasingStyle":"Linear","EasingDirection":"In"},"Right Arm":{"Weight":1,"CFrame":[0.702656090259552,-0.31271958351135256,-0.8815902471542358,-0.9913501143455505,-0.02937229350209236,0.12791550159454347,0.1097506582736969,-0.7199963331222534,0.685244619846344,0.07197146862745285,0.6933560371398926,0.7169920206069946],"EasingStyle":"Linear","EasingDirection":"In"},"Left Arm":{"Weight":1,"CFrame":[-0.28463056683540347,-0.7234536409378052,-0.09493011236190796,-0.9060600399971008,-0.058186888694763187,-0.4191295802593231,-0.35722851753234866,-0.4257330596446991,0.8313479423522949,-0.2268107831478119,0.9029760956764221,0.3649533689022064],"EasingStyle":"Linear","EasingDirection":"In"},"Head":{"Weight":1,"CFrame":[8.94651748239994e-8,-1.2164491636212916e-8,0.016661763191223146,0.9990377426147461,-0.04056638851761818,-0.016674943268299104,0.039589691907167438,0.9976880550384522,-0.055238913744688037,0.018877152353525163,0.054525651037693027,0.9983339309692383],"EasingStyle":"Linear","EasingDirection":"In"},"Torso":{"Weight":1,"CFrame":[0.020128266885876657,-0.08332802355289459,-0.056738853454589847,0.9999966621398926,0.00037924511707387865,-0.0025545069947838785,-0.0006437402334995568,0.9945405125617981,-0.1043502688407898,0.0025009862147271635,0.10435158014297486,0.994537353515625],"EasingStyle":"Linear","EasingDirection":"In"},"HumanoidRootPart":{"Weight":1,"CFrame":[0,0,0,1,0,0,0,1,0,0,0,1],"EasingStyle":"Linear","EasingDirection":"In"},"Right Leg":{"Weight":1,"CFrame":[0.31885644793510439,0.12035739421844483,0.029265642166137697,0.9904046654701233,0.07572673261165619,-0.11560241878032685,-0.06821034103631973,0.9953746199607849,0.06765147298574448,0.12019079923629761,-0.059117093682289126,0.990989089012146],"EasingStyle":"Linear","EasingDirection":"In"}}},{"Time":0.23333333432674409,"poses":{"Left Leg":{"Weight":1,"CFrame":[-0.32588377594947817,0.10397809743881226,0.03295719623565674,0.9901776313781738,-0.0814596489071846,0.11363326758146286,0.07787325233221054,0.9963253736495972,0.03565821424126625,-0.11612047255039215,-0.026458976790308954,0.9928827285766602],"EasingStyle":"Linear","EasingDirection":"In"},"Right Arm":{"Weight":1,"CFrame":[0.7302799224853516,-0.38783201575279238,-0.8216003179550171,-0.9940418004989624,-0.016146987676620485,0.10779722034931183,0.09274908155202866,-0.6448163986206055,0.758689284324646,0.057258859276771548,0.7641670107841492,0.6424720883369446],"EasingStyle":"Linear","EasingDirection":"In"},"Left Arm":{"Weight":1,"CFrame":[-0.2650515139102936,-0.7415214776992798,-0.04128772020339966,-0.8927973508834839,-0.027356890961527826,-0.4496270716190338,-0.4137689471244812,-0.3447701930999756,0.8425729274749756,-0.178068146109581,0.9382885098457336,0.29649001359939577],"EasingStyle":"Linear","EasingDirection":"In"},"Head":{"Weight":1,"CFrame":[8.505594450980425e-8,3.078548616031185e-8,0.016661763191223146,0.9990129470825195,-0.03999538719654083,-0.019331876188516618,0.03875323012471199,0.9973949790000916,-0.060840729624032977,0.021714860573410989,0.06003156676888466,0.9979602694511414],"EasingStyle":"Linear","EasingDirection":"In"},"Torso":{"Weight":1,"CFrame":[0.018976181745529176,-0.08306862413883209,-0.06635236740112305,0.9999875426292419,0.0006761581753380597,-0.004964097868651152,-0.0011913690250366927,0.9945209622383118,-0.1045306921005249,0.004866220057010651,0.1045352965593338,0.9945092797279358],"EasingStyle":"Linear","EasingDirection":"In"},"HumanoidRootPart":{"Weight":1,"CFrame":[0,0,0,1,0,0,0,1,0,0,0,1],"EasingStyle":"Linear","EasingDirection":"In"},"Right Leg":{"Weight":1,"CFrame":[0.34403252601623537,0.13078457117080689,0.0310819149017334,0.9893194437026978,0.08892914652824402,-0.11549271643161774,-0.08102461695671082,0.9941493272781372,0.07143010199069977,0.12116926908493042,-0.06130944937467575,0.990736722946167],"EasingStyle":"Linear","EasingDirection":"In"}}},{"Time":0.25,"poses":{"Left Leg":{"Weight":1,"CFrame":[-0.3472687304019928,0.10920453071594238,0.0355144739151001,0.9891403317451477,-0.09316684305667877,0.11367172747850418,0.09000623226165772,0.9954062700271606,0.03263842314481735,-0.11619039624929428,-0.022052792832255365,0.9929821491241455],"EasingStyle":"Linear","EasingDirection":"In"},"Right Arm":{"Weight":1,"CFrame":[0.7580369114875794,-0.4608575403690338,-0.764056921005249,-0.9962176084518433,-0.005591455847024918,0.08671323955059052,0.07496243715286255,-0.5599795579910278,0.8251084089279175,0.043944064527750018,0.8284876346588135,0.5582804679870606],"EasingStyle":"Linear","EasingDirection":"In"},"Left Arm":{"Weight":1,"CFrame":[-0.24395567178726197,-0.7507280707359314,0.007029294967651367,-0.8724421858787537,0.013734747655689717,-0.4885243773460388,-0.47660502791404726,-0.24507999420166017,0.8442651629447937,-0.10813171416521073,0.9694055914878845,0.22036391496658326],"EasingStyle":"Linear","EasingDirection":"In"},"Head":{"Weight":1,"CFrame":[8.963979780673981e-8,-3.3998730941675606e-8,0.016662001609802247,0.9990427494049072,-0.03772130236029625,-0.022154169157147409,0.03626633062958717,0.9973695278167725,-0.0627606213092804,0.024463331326842309,0.06189702823758125,0.9977827072143555],"EasingStyle":"Linear","EasingDirection":"In"},"Torso":{"Weight":1,"CFrame":[0.017432214692234994,-0.08284427225589752,-0.0777435302734375,0.999968945980072,0.0007230282062664628,-0.00784764438867569,-0.0015410165069624782,0.9944990277290344,-0.10473434627056122,0.0077287484891712669,0.10474318265914917,0.9944692850112915],"EasingStyle":"Linear","EasingDirection":"In"},"HumanoidRootPart":{"Weight":1,"CFrame":[0,0,0,1,0,0,0,1,0,0,0,1],"EasingStyle":"Linear","EasingDirection":"In"},"Right Leg":{"Weight":1,"CFrame":[0.3716637194156647,0.1428428292274475,0.033036231994628909,0.987866222858429,0.10365857183933258,-0.11565160006284714,-0.09527377039194107,0.9925589561462402,0.07582702487707138,0.12265121191740036,-0.06388844549655914,0.9903913140296936],"EasingStyle":"Linear","EasingDirection":"In"}}},{"Time":0.2666666805744171,"poses":{"Left Leg":{"Weight":1,"CFrame":[-0.3699437975883484,0.11491906642913819,0.03818821907043457,0.9879181385040283,-0.10551673918962479,0.11350803077220917,0.10282841324806214,0.994267463684082,0.029299896210432054,-0.11594898998737335,-0.017274031415581704,0.9931049942970276],"EasingStyle":"Linear","EasingDirection":"In"},"Right Arm":{"Weight":1,"CFrame":[0.7848113179206848,-0.5183233022689819,-0.7217588424682617,-0.9977781772613525,0.004862118512392044,0.06644703447818756,0.0559956356883049,-0.47922438383102419,0.8759044408798218,0.03610178828239441,0.8776789307594299,0.4778873324394226],"EasingStyle":"Linear","EasingDirection":"In"},"Left Arm":{"Weight":1,"CFrame":[-0.22116152942180634,-0.7503332495689392,0.049227237701416019,-0.8396457433700562,0.06837275624275208,-0.5388138294219971,-0.5430124402046204,-0.12670829892158509,0.8301099538803101,-0.011515230871737004,0.9895808696746826,0.14351730048656465],"EasingStyle":"Linear","EasingDirection":"In"},"Head":{"Weight":1,"CFrame":[7.936614565551281e-8,8.235474524553865e-10,0.016661643981933595,0.9991051554679871,-0.03398190438747406,-0.025183312594890596,0.03238101676106453,0.9975838661193848,-0.06146431341767311,0.027211075648665429,0.060593895614147189,0.9977915287017822],"EasingStyle":"Linear","EasingDirection":"In"},"Torso":{"Weight":1,"CFrame":[0.015625808387994767,-0.08265073597431183,-0.0904839038848877,0.9999388456344605,0.0005663136835210025,-0.011046190746128559,-0.0017226273193955422,0.9944757223129273,-0.1049535796046257,0.010925729759037495,0.1049661859869957,0.9944158792495728],"EasingStyle":"Linear","EasingDirection":"In"},"HumanoidRootPart":{"Weight":1,"CFrame":[0,0,0,1,0,0,0,1,0,0,0,1],"EasingStyle":"Linear","EasingDirection":"In"},"Right Leg":{"Weight":1,"CFrame":[0.4003773033618927,0.15607678890228272,0.03498828411102295,0.9860728979110718,0.11915377527475357,-0.11602848768234253,-0.11021414399147034,0.9906299710273743,0.08065404742956162,0.12455160170793534,-0.06674282252788544,0.9899658560752869],"EasingStyle":"Linear","EasingDirection":"In"}}},{"Time":0.28333333134651186,"poses":{"Left Leg":{"Weight":1,"CFrame":[-0.3931180238723755,0.12099534273147583,0.040891051292419437,0.986528754234314,-0.11810716241598129,0.11318924278020859,0.11591161042451859,0.9929242730140686,0.025808777660131456,-0.11543656885623932,-0.012341167777776719,0.9932382106781006],"EasingStyle":"Linear","EasingDirection":"In"},"Right Arm":{"Weight":1,"CFrame":[0.8095566630363464,-0.5499698519706726,-0.7041285037994385,-0.9986772537231445,0.017788778990507127,0.04824317991733551,0.036497265100479129,-0.41565245389938357,0.9087908864021301,0.036218661814928058,0.9093495011329651,0.41445356607437136],"EasingStyle":"Linear","EasingDirection":"In"},"Left Arm":{"Weight":1,"CFrame":[-0.1965257227420807,-0.7396804690361023,0.08442306518554688,-0.7859857082366943,0.13888536393642426,-0.6024429202079773,-0.6074402928352356,0.00789815466850996,0.7943261861801148,0.11507847905158997,0.9902770519256592,0.0781567171216011],"EasingStyle":"Linear","EasingDirection":"In"},"Head":{"Weight":1,"CFrame":[9.129871614277363e-8,-6.221048920451722e-8,0.016661643981933595,0.9991741180419922,-0.02901637554168701,-0.02844603918492794,0.027347160503268243,0.9979756474494934,-0.05741649866104126,0.030054401606321336,0.05659119039773941,0.9979450106620789],"EasingStyle":"Linear","EasingDirection":"In"},"Torso":{"Weight":1,"CFrame":[0.01368638500571251,-0.08248373866081238,-0.10414314270019531,0.9998962879180908,0.0002525816671550274,-0.014400774613022805,-0.0017660479061305524,0.994451642036438,-0.1051807850599289,0.014294304884970189,0.10519532114267349,0.9943488240242004],"EasingStyle":"Linear","EasingDirection":"In"},"HumanoidRootPart":{"Weight":1,"CFrame":[0,0,0,1,0,0,0,1,0,0,0,1],"EasingStyle":"Linear","EasingDirection":"In"},"Right Leg":{"Weight":1,"CFrame":[0.42881178855895998,0.16993963718414308,0.03681313991546631,0.9840112328529358,0.13465765118598939,-0.11657240986824036,-0.12510773539543153,0.9884331226348877,0.08572062104940415,0.12676700949668885,-0.06976602226495743,0.9894760847091675],"EasingStyle":"Linear","EasingDirection":"In"}}},{"Time":0.30000001192092898,"poses":{"Left Leg":{"Weight":1,"CFrame":[-0.41586220264434817,0.12721258401870728,0.04352247714996338,0.9850196838378906,-0.13046476244926454,0.11276209354400635,0.12875671684741975,0.9914247393608093,0.022331029176712037,-0.11470857262611389,-0.007477575913071632,0.9933710694313049],"EasingStyle":"Linear","EasingDirection":"In"},"Right Arm":{"Weight":1,"CFrame":[0.8313920497894287,-0.5579898357391357,-0.7076255083084106,-0.9989458322525024,0.032746315002441409,0.03217211365699768,0.017744021490216256,-0.3709215521812439,0.9284948110580444,0.042338110506534579,0.9280866980552673,0.36994925141334536],"EasingStyle":"Linear","EasingDirection":"In"},"Left Arm":{"Weight":1,"CFrame":[-0.17003172636032105,-0.71821129322052,0.11168813705444336,-0.700305700302124,0.22439591586589814,-0.6776566505432129,-0.6612318158149719,0.15377449989318849,0.7342519760131836,0.26896947622299197,0.9622889161109924,0.040688347071409228],"EasingStyle":"Linear","EasingDirection":"In"},"Head":{"Weight":1,"CFrame":[9.176437743008137e-8,8.210690793930553e-9,0.0166623592376709,0.999222993850708,-0.02306259609758854,-0.031962353736162189,0.021411219611763955,0.998464822769165,-0.05108390748500824,0.033091336488723758,0.05035991966724396,0.9981827735900879],"EasingStyle":"Linear","EasingDirection":"In"},"Torso":{"Weight":1,"CFrame":[0.011743392795324326,-0.08233906328678131,-0.11828970909118653,0.9998424053192139,-0.00017147231847047806,-0.017752448096871377,-0.0017010066658258439,0.9944276809692383,-0.10540831089019776,0.017671599984169008,0.10542190819978714,0.9942705631256104],"EasingStyle":"Linear","EasingDirection":"In"},"HumanoidRootPart":{"Weight":1,"CFrame":[0,0,0,1,0,0,0,1,0,0,0,1],"EasingStyle":"Linear","EasingDirection":"In"},"Right Leg":{"Weight":1,"CFrame":[0.45605942606925967,0.1839621663093567,0.03844320774078369,0.9817638993263245,0.1496536135673523,-0.1172320768237114,-0.13946108520030976,0.9860527515411377,0.0908331423997879,0.1291905790567398,-0.07282742857933045,0.9889418482780457],"EasingStyle":"Linear","EasingDirection":"In"}}},{"Time":0.3166666626930237,"poses":{"Left Leg":{"Weight":1,"CFrame":[-0.4376567006111145,0.13346296548843385,0.04602229595184326,0.9834316372871399,-0.14232699573040009,0.11227364093065262,0.14107808470726014,0.9898155927658081,0.0190321933478117,-0.1138390600681305,-0.002877510618418455,0.9934950470924377],"EasingStyle":"Linear","EasingDirection":"In"},"Right Arm":{"Weight":1,"CFrame":[0.8494699597358704,-0.54764115