{"Sequence":[{"Time":0,"poses":{"Left Leg":{"Weight":1,"CFrame":[-0.6257803440093994,0.49459266662597659,-0.09367507696151734,0.9993610978126526,-0.03211536258459091,-0.015682416036725045,0.03498009592294693,0.9689182043075562,0.244895800948143,0.007330065593123436,-0.24528786540031434,0.9694225788116455],"EasingStyle":"Linear","EasingDirection":"In"},"Right Arm":{"Weight":1,"CFrame":[-0.2748434543609619,-0.6589155793190002,0.41637516021728518,0.17329664528369904,-0.5594305992126465,0.8105588555335999,0.4643087685108185,0.7722185850143433,0.43370014429092409,-0.8685537576675415,0.3011908531188965,0.3935714364051819],"EasingStyle":"Linear","EasingDirection":"In"},"Left Arm":{"Weight":1,"CFrame":[0.16911983489990235,-0.5557360053062439,0.22709333896636964,0.08463775366544724,0.789442777633667,-0.6079609990119934,-0.6499857306480408,0.5061994194984436,0.5668162107467651,0.755218505859375,0.3471919298171997,0.5559700727462769],"EasingStyle":"Linear","EasingDirection":"In"},"Head":{"Weight":1,"CFrame":[2.076849341392517e-7,2.0489096641540528e-8,1.1920928955078126e-7,0.9622431397438049,-0.030656276270747186,0.27045950293540957,0.04193689674139023,0.9984704852104187,-0.03602798655629158,-0.26894134283065798,0.046009909361600879,0.9620569944381714],"EasingStyle":"Linear","EasingDirection":"In"},"Torso":{"Weight":1,"CFrame":[-0.1759699136018753,-1.1467655269825627e-7,0.08626508712768555,0.9758087396621704,0.06949327141046524,-0.2072872370481491,-0.08262086659669876,0.9950428009033203,-0.05535018444061279,0.20241320133209229,0.071137435734272,0.9767130613327026],"EasingStyle":"Linear","EasingDirection":"In"},"HumanoidRootPart":{"Weight":0,"CFrame":[0,0,0,1,0,0,0,1,0,0,0,1],"EasingStyle":"Linear","EasingDirection":"In"},"Right Leg":{"Weight":1,"CFrame":[0.10294485092163086,0.1678563952445984,-0.009193599224090577,0.9963759183883667,-0.08324401825666428,-0.017477750778198243,0.08380898088216782,0.9256864786148071,0.36889100074768069,-0.014529055915772915,-0.3690188527107239,0.929308295249939],"EasingStyle":"Linear","EasingDirection":"In"}}},{"Time":0.03333333507180214,"poses":{"Left Leg":{"Weight":1,"CFrame":[-0.555751621723175,0.3840563893318176,-0.049356818199157718,0.9985546469688416,-0.028590042144060136,0.04551061987876892,0.016117488965392114,0.9670960903167725,0.25390034914016726,-0.05127215012907982,-0.25279977917671206,0.9661591053009033],"EasingStyle":"Linear","EasingDirection":"In"},"Right Arm":{"Weight":1,"CFrame":[-0.2638044059276581,-0.6561580896377564,0.44554996490478518,0.10196039080619812,-0.5603309273719788,0.8219691514968872,0.43434521555900576,0.7684305310249329,0.4699561297893524,-0.8949571251869202,0.3091014623641968,0.32172656059265139],"EasingStyle":"Linear","EasingDirection":"In"},"Left Arm":{"Weight":1,"CFrame":[0.1682853400707245,-0.6305785179138184,0.2561997175216675,0.18349459767341615,0.7387430667877197,-0.6485278606414795,-0.5712255835533142,0.6170435547828674,0.5412563681602478,0.800019383430481,0.27113810181617739,0.5352131128311157],"EasingStyle":"Linear","EasingDirection":"In"},"Head":{"Weight":1,"CFrame":[1.94646418094635e-7,1.6763806343078614e-8,-4.172325134277344e-7,0.9628720283508301,-0.051904186606407168,0.2649214565753937,0.0514160618185997,0.9986386895179749,0.008781587705016137,-0.2650165855884552,0.005165670998394489,0.9642300009727478],"EasingStyle":"Linear","EasingDirection":"In"},"Torso":{"Weight":1,"CFrame":[-0.07412771880626679,-0.008281291462481022,0.0832681655883789,0.9755905866622925,0.08059126138687134,-0.20427446067333222,-0.09838060289621353,0.9920505881309509,-0.07846591621637345,0.19632692635059358,0.09664725512266159,0.9757637977600098],"EasingStyle":"Linear","EasingDirection":"In"},"HumanoidRootPart":{"Weight":0,"CFrame":[0,0,0,1,0,0,0,1,0,0,0,1],"EasingStyle":"Linear","EasingDirection":"In"},"Right Leg":{"Weight":1,"CFrame":[0.12019769847393036,0.17485958337783814,-0.00009757280349731445,0.992786705493927,-0.11313313245773316,-0.03969123587012291,0.1193830817937851,0.9022944569587708,0.41426125168800356,-0.011053511872887612,-0.4160115122795105,0.9092921614646912],"EasingStyle":"Linear","EasingDirection":"In"}}},{"Time":0.06666667014360428,"poses":{"Left Leg":{"Weight":1,"CFrame":[-0.35009264945983889,0.1687731146812439,0.02295970916748047,0.9800000786781311,0.02249724790453911,0.19772137701511384,-0.06387583911418915,0.976574182510376,0.20548176765441895,-0.18846683204174043,-0.21400177478790284,0.9584797620773315],"EasingStyle":"Linear","EasingDirection":"In"},"Right Arm":{"Weight":1,"CFrame":[-0.2374802827835083,-0.6495824456214905,0.47514069080352785,0.0060686469078063969,-0.582143247127533,0.8130635023117065,0.4028579592704773,0.7456009387969971,0.5308340787887573,-0.9152423739433289,0.3243277072906494,0.2390458881855011],"EasingStyle":"Linear","EasingDirection":"In"},"Left Arm":{"Weight":1,"CFrame":[0.16715630888938905,-0.7427620887756348,0.2904762029647827,0.2843945026397705,0.655643105506897,-0.6994655132293701,-0.4709240198135376,0.7310420870780945,0.49376916885375979,0.8350750207901001,0.18896980583667756,0.5166624188423157],"EasingStyle":"Linear","EasingDirection":"In"},"Head":{"Weight":1,"CFrame":[1.0989606380462647e-7,8.009374141693115e-8,-1.1920928955078126e-7,0.963966429233551,-0.09601154178380966,0.24809376895427705,0.07493655383586884,0.992836594581604,0.0930592268705368,-0.25525128841400149,-0.07111465930938721,0.9642559289932251],"EasingStyle":"Linear","EasingDirection":"In"},"Torso":{"Weight":1,"CFrame":[0.04802959784865379,-0.030758865177631379,0.0707406997680664,0.9745741486549377,0.10697036981582642,-0.19688215851783753,-0.135498508810997,0.981171727180481,-0.13763085007667542,0.1784527748823166,0.16080869734287263,0.9707189202308655],"EasingStyle":"Linear","EasingDirection":"In"},"HumanoidRootPart":{"Weight":0,"CFrame":[0,0,0,1,0,0,0,1,0,0,0,1],"EasingStyle":"Linear","EasingDirection":"In"},"Right Leg":{"Weight":1,"CFrame":[0.16742131114006043,0.18152034282684327,0.017407536506652833,0.9789681434631348,-0.18051056563854218,-0.0950649157166481,0.20396648347377778,0.8759635090827942,0.4371332824230194,0.004366158042103052,-0.44732967019081118,0.8943585157394409],"EasingStyle":"Linear","EasingDirection":"In"}}},{"Time":0.10000000149011612,"poses":{"Left Leg":{"Weight":1,"CFrame":[-0.2610054016113281,-0.02901768684387207,0.04890322685241699,0.9295644164085388,0.05069366469979286,0.36515766382217409,-0.11062966287136078,0.9832083582878113,0.1451289802789688,-0.3516690135002136,-0.17530399560928346,0.9195637106895447],"EasingStyle":"Linear","EasingDirection":"In"},"Right Arm":{"Weight":1,"CFrame":[-0.20606102049350739,-0.6417341232299805,0.5011841058731079,-0.0915764793753624,-0.6101552844047546,0.7869716286659241,0.36858928203582766,0.7133917212486267,0.5959984064102173,-0.9250706434249878,0.34464868903160097,0.15956677496433259],"EasingStyle":"Linear","EasingDirection":"In"},"Left Arm":{"Weight":1,"CFrame":[0.16616308689117433,-0.8448560237884522,0.3275601863861084,0.3548896312713623,0.5714079141616821,-0.7399637699127197,-0.37904077768325808,0.8114549517631531,0.4448246657848358,0.854623556137085,0.12261272966861725,0.5045638680458069],"EasingStyle":"Linear","EasingDirection":"In"},"Head":{"Weight":1,"CFrame":[2.523884177207947e-7,-7.194466888904572e-8,-2.384185791015625e-7,0.9647864699363709,-0.14640860259532929,0.21852140128612519,0.10349824279546738,0.9750593900680542,0.19633466005325318,-0.24181640148162843,-0.1668044477701187,0.9558771252632141],"EasingStyle":"Linear","EasingDirection":"In"},"Torso":{"Weight":1,"CFrame":[0.18005527555942536,-0.06388374418020249,0.04337501525878906,0.9725103378295898,0.13823473453521729,-0.1873895227909088,-0.17823360860347749,0.9597652554512024,-0.21698728203773499,0.14985476434230805,0.24442148208618165,0.9580196738243103],"EasingStyle":"Linear","EasingDirection":"In"},"HumanoidRootPart":{"Weight":0,"CFrame":[0,0,0,1,0,0,0,1,0,0,0,1],"EasingStyle":"Linear","EasingDirection":"In"},"Right Leg":{"Weight":1,"CFrame":[0.2295321822166443,0.1929835081100464,0.03414928913116455,0.9486504197120667,-0.2632083594799042,-0.17545296251773835,0.31444087624549868,0.8451170325279236,0.43232423067092898,0.034486882388591769,-0.46529409289360049,0.884484052658081],"EasingStyle":"Linear","EasingDirection":"In"}}},{"Time":0.13333334028720857,"poses":{"Left Leg":{"Weight":1,"CFrame":[-0.20261786878108979,-0.058409690856933597,0.03563249111175537,0.856468915939331,0.11521564424037934,0.503176212310791,-0.17636990547180177,0.9814257025718689,0.07548003643751145,-0.48513364791870119,-0.15339155495166779,0.8608812093734741],"EasingStyle":"Linear","EasingDirection":"In"},"Right Arm":{"Weight":1,"CFrame":[-0.17973692715168,-0.6351591348648071,0.519716739654541,-0.16710370779037476,-0.632748007774353,0.7561126947402954,0.3382425904273987,0.6835623979568481,0.6467876434326172,-0.9261038303375244,0.36383017897605898,0.09979654848575592],"EasingStyle":"Linear","EasingDirection":"In"},"Left Arm":{"Weight":1,"CFrame":[0.16573649644851685,-0.8894277811050415,0.3650878667831421,0.3771067261695862,0.532113254070282,-0.7580540776252747,-0.33764368295669558,0.8411402702331543,0.42246875166893008,0.862430989742279,0.09663641452789307,0.496864378452301],"EasingStyle":"Linear","EasingDirection":"In"},"Head":{"Weight":1,"CFrame":[1.043081283569336e-7,-5.587935447692871e-9,-5.364418029785156e-7,0.9658501744270325,-0.18717795610427857,0.17915865778923036,0.12801477313041688,0.9459068775177002,0.2981148362159729,-0.2252679169178009,-0.26499930024147036,0.9375658631324768],"EasingStyle":"Linear","EasingDirection":"In"},"Torso":{"Weight":1,"CFrame":[0.3115023970603943,-0.1041068360209465,-0.004135608673095703,0.9706097841262817,0.16391931474208833,-0.176201730966568,-0.2115894854068756,0.9300824403762817,-0.30029407143592837,0.1146581694483757,0.3287508189678192,0.937430739402771],"EasingStyle":"Linear","EasingDirection":"In"},"HumanoidRootPart":{"Weight":0,"CFrame":[0,0,0,1,0,0,0,1,0,0,0,1],"EasingStyle":"Linear","EasingDirection":"In"},"Right Leg":{"Weight":1,"CFrame":[0.2876131534576416,0.2139197587966919,0.04060828685760498,0.9018303155899048,-0.33862265944480898,-0.2683967351913452,0.42431700229644778,0.8113292455673218,0.4021191895008087,0.08159154653549195,-0.47652867436408999,0.8753646612167358],"EasingStyle":"Linear","EasingDirection":"In"}}},{"Time":0.1666666716337204,"poses":{"Left Leg":{"Weight":1,"CFrame":[-0.15563154220581056,0.0377616286277771,0.0169144868850708,0.7877753376960754,0.19205349683761598,0.5852567553520203,-0.23874397575855256,0.9710788130760193,0.002695515751838684,-0.5678128004074097,-0.14184994995594026,0.8108435273170471],"EasingStyle":"Linear","EasingDirection":"In"},"Right Arm":{"Weight":1,"CFrame":[-0.16869769990444184,-0.6324014663696289,0.5267751216888428,-0.19731354713439942,-0.6418460607528687,0.7410134077072144,0.3249700367450714,0.6703133583068848,0.6671390533447266,-0.9249117970466614,0.3724427819252014,0.07631886005401612],"EasingStyle":"Linear","EasingDirection":"In"},"Left Arm":{"Weight":1,"CFrame":[0.17184635996818543,-0.8703393340110779,0.40093111991882326,0.36741337180137637,0.5387783646583557,-0.7581064105033875,-0.346505731344223,0.8357312679290772,0.4260128438472748,0.8630997538566589,0.10616537183523178,0.49374860525131228],"EasingStyle":"Linear","EasingDirection":"In"},"Head":{"Weight":1,"CFrame":[2.5331974029541018e-7,-1.0058283805847168e-7,-5.960464477539063e-8,0.9690403342247009,-0.20508047938346864,0.13748759031295777,0.1394231766462326,0.9140872359275818,0.3807961940765381,-0.2037694901227951,-0.34983789920806887,0.9143803715705872],"EasingStyle":"Linear","EasingDirection":"In"},"Torso":{"Weight":1,"CFrame":[0.43192431330680849,-0.14787903428077699,-0.07709789276123047,0.9714952111244202,0.1738709956407547,-0.1611393839120865,-0.22301247715950013,0.9008310437202454,-0.37251701951026919,0.08038944751024246,0.39783456921577456,0.9139284491539002],"EasingStyle":"Linear","EasingDirection":"In"},"HumanoidRootPart":{"Weight":0,"CFrame":[0,0,0,1,0,0,0,1,0,0,0,1],"EasingStyle":"Linear","EasingDirection":"In"},"Right Leg":{"Weight":1,"CFrame":[0.321902871131897,0.24900555610656739,0.028658151626586915,0.8484453558921814,-0.38508832454681399,-0.36310815811157229,0.5091559886932373,0.7812131643295288,0.36120080947875979,0.14457060396671296,-0.49133792519569399,0.85888671875],"EasingStyle":"Linear","EasingDirection":"In"}}},{"Time":0.20000000298023225,"poses":{"Left Leg":{"Weight":1,"CFrame":[-0.16895009577274323,0.1670185923576355,0.04923450946807861,0.7564778923988342,0.22082985937595368,0.6156097650527954,-0.24281032383441926,0.9688271880149841,-0.04916313290596008,-0.607276201248169,-0.11228558421134949,0.7865161299705505],"EasingStyle":"Linear","EasingDirection":"In"},"Right Arm":{"Weight":1,"CFrame":[-0.17528794705867768,-0.6382547616958618,0.517003059387207,-0.18044374883174897,-0.6459752917289734,0.7417250871658325,0.33293667435646059,0.6694738864898682,0.6640465259552002,-0.9255232214927673,0.366770476102829,0.09426655620336533],"EasingStyle":"Linear","EasingDirection":"In"},"Left Arm":{"Weight":1,"CFrame":[0.18760377168655396,-0.8211110234260559,0.4338947534561157,0.34978029131889346,0.5594777464866638,-0.751424252986908,-0.37407898902893069,0.8187825083732605,0.43549975752830508,0.8589054942131043,0.1287628561258316,0.49568289518356326],"EasingStyle":"Linear","EasingDirection":"In"},"Head":{"Weight":1,"CFrame":[1.564621925354004e-7,-2.0116567611694337e-7,-2.384185791015625e-7,0.9766833186149597,-0.18880128860473634,0.10219468176364899,0.12691748142242433,0.8917112350463867,0.43444570899009707,-0.17315205931663514,-0.41134554147720339,0.8948816657066345],"EasingStyle":"Linear","EasingDirection":"In"},"Torso":{"Weight":1,"CFrame":[0.5308740139007568,-0.19165125489234925,-0.17671823501586915,0.9779596328735352,0.15676501393318177,-0.13791190087795258,-0.20134702324867249,0.8829078674316406,-0.42418521642684939,0.055266112089157107,0.4426042139530182,0.895012378692627],"EasingStyle":"Linear","EasingDirection":"In"},"HumanoidRootPart":{"Weight":0,"CFrame":[0,0,0,1,0,0,0,1,0,0,0,1],"EasingStyle":"Linear","EasingDirection":"In"},"Right Leg":{"Weight":1,"CFrame":[0.32021602988243105,0.30069732666015627,-0.007062077522277832,0.8031263947486877,-0.38438543677330019,-0.45523160696029665,0.5535868406295776,0.7639210224151611,0.33161166310310366,0.22029440104961396,-0.518336296081543,0.8263158798217773],"EasingStyle":"Linear","EasingDirection":"In"}}},{"Time":0.23333333432674409,"poses":{"Left Leg":{"Weight":1,"CFrame":[-0.20473185181617738,0.3095017671585083,0.1083986759185791,0.7589896321296692,0.22472843527793885,0.6110907793045044,-0.22714729607105256,0.9709718227386475,-0.07495217770338059,-0.6101956963539124,-0.08191966265439987,0.7880039811134338],"EasingStyle":"Linear","EasingDirection":"In"},"Right Arm":{"Weight":1,"CFrame":[-0.19317612051963807,-0.654143214225769,0.4903531074523926,-0.13425569236278535,-0.6567047834396362,0.74210125207901,0.3544642925262451,0.6675063371658325,0.6548208594322205,-0.9253812432289124,0.3509617745876312,0.1431618481874466],"EasingStyle":"Linear","EasingDirection":"In"},"Left Arm":{"Weight":1,"CFrame":[0.2091495543718338,-0.7537994980812073,0.4630187749862671,0.32246094942092898,0.5904860496520996,-0.7398278117179871,-0.4143538773059845,0.7907712459564209,0.45054593682289126,0.8510756492614746,0.16126705706119538,0.4996630847454071],"EasingStyle":"Linear","EasingDirection":"In"},"Head":{"Weight":1,"CFrame":[1.1920928955078126e-7,-1.4901161193847657e-8,-3.5762786865234377e-7,0.987167477607727,-0.14149850606918336,0.07401678711175919,0.09134173393249512,0.8805355429649353,0.465095579624176,-0.13098473846912385,-0.4523664116859436,0.8821607828140259],"EasingStyle":"Linear","EasingDirection":"In"},"Torso":{"Weight":1,"CFrame":[0.5979048609733582,-0.23187439143657685,-0.2877964973449707,0.9879809617996216,0.11370260268449784,-0.10471557825803757,-0.14940065145492555,0.8762295246124268,-0.458149790763855,0.039662059396505359,0.468287855386734,0.8826853632926941],"EasingStyle":"Linear","EasingDirection":"In"},"HumanoidRootPart":{"Weight":0,"CFrame":[0,0,0,1,0,0,0,1,0,0,0,1],"EasingStyle":"Linear","EasingDirection":"In"},"Right Leg":{"Weight":1,"CFrame":[0.2941555678844452,0.3601645827293396,-0.05832093954086304,0.7743435502052307,-0.34436100721359255,-0.5308555364608765,0.5606053471565247,0.7624223232269287,0.3231624662876129,0.2934514880180359,-0.5478391647338867,0.783427357673645],"EasingStyle":"Linear","EasingDirection":"In"}}},{"Time":0.2666666805744171,"poses":{"Left Leg":{"Weight":1,"CFrame":[-0.1979638785123825,0.43188703060150149,0.1316359043121338,0.769677996635437,0.24426878988742829,0.5898546576499939,-0.24865101277828217,0.9656509757041931,-0.0754375234246254,-0.5880208015441895,-0.08860530704259873,0.8039780259132385],"EasingStyle":"Linear","EasingDirection":"In"},"Right Arm":{"Weight":1,"CFrame":[-0.21953758597373963,-0.6775566339492798,0.450825572013855,-0.06543343514204025,-0.6711849570274353,0.738396406173706,0.38572409749031069,0.6654484272003174,0.6390581130981445,-0.9202909469604492,0.3266330361366272,0.21534956991672517],"EasingStyle":"Linear","EasingDirection":"In"},"Left Arm":{"Weight":1,"CFrame":[0.23262445628643037,-0.68045973777771,0.48734235763549807,0.28358128666877749,0.6278502941131592,-0.7248349785804749,-0.46124503016471865,0.751990795135498,0.4709170460700989,0.840734601020813,0.20078320801258088,0.5028433203697205],"EasingStyle":"Linear","EasingDirection":"In"},"Head":{"Weight":1,"CFrame":[1.564621925354004e-7,-1.5459954738616944e-7,0,0.9961434602737427,-0.07305990159511566,0.048584260046482089,0.04077526554465294,0.8757919073104858,0.48096349835395815,-0.07768884301185608,-0.47712764143943789,0.8753934502601624],"EasingStyle":"Linear","EasingDirection":"In"},"Torso":{"Weight":1,"CFrame":[0.6225700378417969,-0.2649993300437927,-0.3910341262817383,0.9966084957122803,0.05309746041893959,-0.06286672502756119,-0.07679083943367005,0.8746735453605652,-0.47859105467796328,0.029575884342193605,0.4817954897880554,0.8757844567298889],"EasingStyle":"Linear","EasingDirection":"In"},"HumanoidRootPart":{"Weight":0,"CFrame":[0,0,0,1,0,0,0,1,0,0,0,1],"EasingStyle":"Linear","EasingDirection":"In"},"Right Leg":{"Weight":1,"CFrame":[0.28109049797058108,0.429756224155426,-0.1086692214012146,0.7624667882919312,-0.2707479000091553,-0.5876562595367432,0.5292038917541504,0.7835190296173096,0.3256396949291229,0.3722735643386841,-0.5592794418334961,0.7406880855560303],"EasingStyle":"Linear","EasingDirection":"In"}}},{"Time":0.30000001192092898,"poses":{"Left Leg":{"Weight":1,"CFrame":[-0.17479200661182404,0.5265763998031616,0.1236259937286377,0.7789425253868103,0.27906301617622378,0.5615801215171814,-0.3042815625667572,0.951235294342041,-0.05063698813319206,-0.5483258366584778,-0.13143518567085267,0.825871467590332],"EasingStyle":"Linear","EasingDirection":"In"},"Right Arm":{"Weight":1,"CFrame":[-0.25154775381088259,-0.7059881687164307,0.40242040157318118,0.018561523407697679,-0.6864346265792847,0.7269545793533325,0.42252084612846377,0.6643518209457398,0.6165329217910767,-0.9061631560325623,0.29570966958999636,0.3023642897605896],"EasingStyle":"Linear","EasingDirection":"In"},"Left Arm":{"Weight":1,"CFrame":[0.2541702687740326,-0.613148033618927,0.5059056282043457,0.23146314918994904,0.6676140427589417,-0.7076130509376526,-0.5088000297546387,0.7030308842658997,0.4968602955341339,0.8291847705841065,0.24502873420715333,0.5024077892303467],"EasingStyle":"Linear","EasingDirection":"In"},"Head":{"Weight":1,"CFrame":[1.3224780559539796e-7,3.725290298461914e-8,1.1920928955078126e-7,0.9997639656066895,0.006868462078273296,0.02061210386455059,-0.016076019033789636,0.8720459938049316,0.4891597330570221,-0.014614924788475037,-0.4893757104873657,0.871950626373291],"EasingStyle":"Linear","EasingDirection":"In"},"Torso":{"Weight":1,"CFrame":[0.6051853895187378,-0.2874770164489746,-0.4671297073364258,0.9997639656066895,-0.01607605256140232,-0.014614981599152089,0.006868462078273296,0.8720460534095764,-0.48937568068504336,0.020612165331840516,0.4891597628593445,0.871950626373291],"EasingStyle":"Linear","EasingDirection":"In"},"HumanoidRootPart":{"Weight":0,"CFrame":[0,0,0,1,0,0,0,1,0,0,0,1],"EasingStyle":"Linear","EasingDirection":"In"},"Right Leg":{"Weight":1,"CFrame":[0.2939480245113373,0.49547988176345827,-0.13818228244781495,0.7513977885246277,-0.18127423524856568,-0.6344611048698425,0.4676712155342102,0.824616551399231,0.3182627260684967,0.4654943346977234,-0.5358611345291138,0.7043918967247009],"EasingStyle":"Linear","EasingDirection":"In"}}},{"Time":0.3333333432674408,"poses":{"Left Leg":{"Weight":1,"CFrame":[-0.19053083658218385,0.5921621322631836,0.09783029556274414,0.7845146656036377,0.3135351240634918,0.5350068807601929,-0.37084266543388369,0.928695559501648,-0.00046198436757549644,-0.4970034956932068,-0.19804099202156068,0.844847559928894],"EasingStyle":"Linear","EasingDirection":"In"},"Right Arm":{"Weight":1,"CFrame":[-0.2863824963569641,-0.7369276881217957,0.3491373062133789,0.10925570875406265,-0.6998394727706909,0.7058951258659363,0.4605337381362915,0.6649684906005859,0.5879843235015869,-0.8808926343917847,0.2608478367328644,0.39495131373405459],"EasingStyle":"Linear","EasingDirection":"In"},"Left Arm":{"Weight":1,"CFrame":[0.2699275016784668,-0.5639199614524841,0.5177478790283203,0.16467797756195069,0.7059713006019592,-0.6888291239738464,-0.5512529015541077,0.644989550113678,0.5292530059814453,0.8179250955581665,0.2925627827644348,0.4953843951225281],"EasingStyle":"Linear","EasingDirection":"In"},"Head":{"Weight":1,"CFrame":[1.5087425708770753e-7,1.4901161193847657e-8,1.1920928955078126e-7,0.9959620237350464,0.08814304322004318,-0.01704227365553379,-0.06857641786336899,0.8694608211517334,0.48921895027160647,0.0579388253390789,-0.4860748052597046,0.8719944953918457],"EasingStyle":"Linear","EasingDirection":"In"},"Torso":{"Weight":1,"CFrame":[0.5563110113143921,-0.29575830698013308,-0.4967837333679199,0.9957672953605652,-0.08382747322320938,0.0376894474029541,0.09147565066814423,0.8640561103820801,-0.49501433968544009,0.008930005133152008,0.4963667392730713,0.8680669665336609],"EasingStyle":"Linear","EasingDirection":"In"},"HumanoidRootPart":{"Weight":0,"CFrame":[0,0,0,1,0,0,0,1,0,0,0,1],"EasingStyle":"Linear","EasingDirection":"In"},"Right Leg":{"Weight":1,"CFrame":[0.30794674158096316,0.5369957685470581,-0.14500653743743897,0.7384824156761169,-0.09348403662443161,-0.6677608489990234,0.3898039758205414,0.8672689199447632,0.30967316031455996,0.5501787066459656,-0.48898395895957949,0.676903247833252],"EasingStyle":"Linear","EasingDirection":"In"}}},{"Time":0.36666667461395266,"poses":{"Left Leg":{"Weight":1,"CFrame":[-0.2679292559623718,0.6356513500213623,0.06856322288513184,0.7848933339118958,0.3416425287723541,0.5169358253479004,-0.4345948100090027,0.8981853723526001,0.06626008450984955,-0.44166702032089236,-0.2766647934913635,0.8534559011459351],"EasingStyle":"Linear","EasingDirection":"In"},"Right Arm":{"Weight":1,"CFrame":[-0.3212171792984009,-0.7678678035736084,0.29497671127319338,0.1977953165769577,-0.7096535563468933,0.6762164831161499,0.495849609375,0.6675127148628235,0.5554819107055664,-0.8455827236175537,0.22542999684810639,0.48391231894493105],"EasingStyle":"Linear","EasingDirection":"In"},"Left Arm":{"Weight":1,"CFrame":[0.2760376036167145,-0.5448317527770996,0.5219086408615112,0.08189143240451813,0.7393011450767517,-0.6683768630027771,-0.5828501582145691,0.5795179009437561,0.5696004629135132,0.8084425926208496,0.3429180979728699,0.47835931181907656],"EasingStyle":"Linear","EasingDirection":"In"},"Head":{"Weight":1,"CFrame":[9.872019290924072e-8,-4.470348358154297e-8,2.384185791015625e-7,0.9846901297569275,0.16065621376037599,-0.06763826310634613,-0.10819753259420395,0.8675426840782166,0.48545125126838686,0.1366698443889618,-0.47070080041885378,0.8716433644294739],"EasingStyle":"Linear","EasingDirection":"In"},"Torso":{"Weight":1,"CFrame":[0.4808664619922638,-0.28931906819343569,-0.4792594909667969,0.9857238531112671,-0.14113877713680268,0.0918058454990387,0.16822071373462678,0.8485246300697327,-0.5017048120498657,-0.0070895105600357059,0.5099861025810242,0.8601534366607666],"EasingStyle":"Linear","EasingDirection":"In"},"HumanoidRootPart":{"Weight":0,"CFrame":[0,0,0,1,0,0,0,1,0,0,0,1],"EasingStyle":"Linear","EasingDirection":"In"},"Right Leg":{"Weight":1,"CFrame":[0.3280493915081024,0.5664221048355103,-0.13657301664352418,0.731052577495575,-0.006982691586017609,-0.6822853684425354,0.2977498471736908,0.9029811024665833,0.30979055166244509,0.6139276027679443,-0.42962348461151125,0.6622057557106018],"EasingStyle":"Linear","EasingDirection":"In"}}},{"Time":0.4000000059604645,"poses":{"Left Leg":{"Weight":1,"CFrame":[-0.3682534098625183,0.6605700254440308,0.043811678886413577,0.7730568647384644,0.3788435161113739,0.5087834000587463,-0.5034570097923279,0.8543667793273926,0.1287965476512909,-0.38589391112327578,-0.3557175397872925,0.8512055277824402],"EasingStyle":"Linear","EasingDirection":"In"},"Right Arm":{"Weight":1,"CFrame":[-0.3532274067401886,-0.7962993383407593,0.24393820762634278,0.27607303857803347,-0.7153000831604004,0.6419731378555298,0.5255435705184937,0.6715811491012573,0.5222861170768738,-0.8047282695770264,0.19319568574428559,0.5613267421722412],"EasingStyle":"Linear","EasingDirection":"In"},"Left Arm":{"Weight":1,"CFrame":[0.2646259665489197,-0.5708049535751343,0.5214473009109497,-0.024513855576515199,0.7838632464408875,-0.6204493641853333,-0.5635396242141724,0.501793622970581,0.6562212705612183,0.8257251977920532,0.3657342791557312,0.42943713068962099],"EasingStyle":"Linear","EasingDirection":"In"},"Head":{"Weight":1,"CFrame":[8.195638656616211e-8,0,-5.960464477539063e-8,0.9678485989570618,0.2191465049982071,-0.12346600741147995,-0.13317294418811799,0.8628565073013306,0.48758944869041445,0.21338702738285066,-0.45547059178352358,0.864298939704895],"EasingStyle":"Linear","EasingDirection":"In"},"Torso":{"Weight":1,"CFrame":[0.383771151304245,-0.27139368653297427,-0.4374704360961914,0.9721596837043762,-0.1849057376384735,0.143928661942482,0.23311981558799745,0.8252964019775391,-0.5143354535102844,-0.02368025667965412,0.533568799495697,0.8454250693321228],"EasingStyle":"Linear","EasingDirection":"In"},"HumanoidRootPart":{"Weight":0,"CFrame":[0,0,0,1,0,0,0,1,0,0,0,1],"EasingStyle":"Linear","EasingDirection":"In"},"Right Leg":{"Weight":1,"CFrame":[0.33844679594039919,0.5585513114929199,-0.11081302165985108,0.7278130650520325,0.04871973767876625,-0.684042751789093,0.2135229855775833,0.9317916631698608,0.29355090856552126,0.6516870856285095,-0.35970914363861086,0.6677674651145935],"EasingStyle":"Linear","EasingDirection":"In"}}},{"Time":0.4333333373069763,"poses":{"Left Leg":{"Weight":1,"CFrame":[-0.4624302387237549,0.6664116978645325,0.028034687042236329,0.7454661130905151,0.42683669924736025,0.5119479894638062,-0.5774741172790527,0.7971568703651428,0.17625147104263307,-0.332872211933136,-0.4270261526107788,0.8407405614852905],"EasingStyle":"Linear","EasingDirection":"In"},"Right Arm":{"Weight":1,"CFrame":[-0.37958890199661257,-0.8197135329246521,0.20002198219299317,0.3376210331916809,-0.7172962427139282,0.6095065474510193,0.5479636192321777,0.676270067691803,0.4923359453678131,-0.7653416991233826,0.167764350771904,0.6213751435279846],"EasingStyle":"Linear","EasingDirection":"In"},"Left Arm":{"Weight":1,"CFrame":[0.23741421103477479,-0.6333341598510742,0.5186195373535156,-0.13800951838493348,0.8421617150306702,-0.5212649703025818,-0.4680292308330536,0.40837737917900088,0.7836941480636597,0.8728699684143066,0.3521243929862976,0.3377962112426758],"EasingStyle":"Linear","EasingDirection":"In"},"Head":{"Weight":1,"CFrame":[1.2665987014770509e-7,1.043081283569336e-7,-1.1920928955078126e-7,0.9494801759719849,0.2610110938549042,-0.17424307763576508,-0.14424161612987519,0.8560557961463928,0.4963495433330536,0.27871450781822207,-0.44614094495773318,0.8504566550254822],"EasingStyle":"Linear","EasingDirection":"In"},"Torso":{"Weight":1,"CFrame":[0.2699446380138397,-0.2440704107284546,-0.38759326934814455,0.9583484530448914,-0.21420922875404359,0.18889841437339784,0.28319621086120608,0.7983930706977844,-0.5313835144042969,-0.03698793053627014,0.5627458691596985,0.8258019685745239],"EasingStyle":"Linear","EasingDirection":"In"},"HumanoidRootPart":{"Weight":0,"CFrame":[0,0,0,1,0,0,0,1,0,0,0,1],"EasingStyle":"Linear","EasingDirection":"In"},"Right Leg":{"Weight":1,"CFrame":[0.32473069429397585,0.4984722137451172,-0.07918411493301392,0.7323756217956543,0.054666195064783099,-0.6787027716636658,0.15799152851104737,0.9559245705604553,0.24748091399669648,0.6623176336288452,-0.28847837448120119,0.6914591193199158],"EasingStyle":"Linear","EasingDirection":"In"}}},{"Time":0.46666666865348818,"poses":{"Left Leg":{"Weight":1,"CFrame":[-0.5238869786262512,0.6467677354812622,0.021101951599121095,0.699094831943512,0.48280370235443118,0.5274154543876648,-0.6554566621780396,0.7274738550186157,0.20287486910820008,-0.285732239484787,-0.4875268042087555,0.8250301480293274],"EasingStyle":"Linear","EasingDirection":"In"},"Right Arm":{"Weight":1,"CFrame":[-0.3974768817424774,-0.8356015086174011,0.16722798347473145,0.3776432275772095,-0.7168022990226746,0.5861570239067078,0.562515139579773,0.6804285645484924,0.46967393159866335,-0.7355014085769653,0.15235307812690736,0.6601714491844177],"EasingStyle":"Linear","EasingDirection":"In"},"Left Arm":{"Weight":1,"CFrame":[0.20493504405021668,-0.7093356251716614,0.5112591981887817,-0.22401537001132966,0.892035722732544,-0.3925422430038452,-0.32924094796180727,0.3098304569721222,0.891967236995697,0.9172881245613098,0.3290553092956543,0.22428792715072633],"EasingStyle":"Linear","EasingDirection":"In"},"Head":{"Weight":1,"CFrame":[1.4156103134155274e-7,-2.2351741790771486e-8,-1.1920928955078126e-7,0.9351782202720642,0.2853274941444397,-0.20983284711837769,-0.14423441886901856,0.8479060530662537,0.5101488828659058,0.323478102684021,-0.4468149244785309,0.8340972661972046],"EasingStyle":"Linear","EasingDirection":"In"},"Torso":{"Weight":1,"CFrame":[0.14430636167526246,-0.20943772792816163,-0.34580421447753909,0.9479281902313232,-0.2293640673160553,0.2209620177745819,0.31535983085632326,0.7729173898696899,-0.5505877137184143,-0.044500384479761127,0.5916001796722412,0.8050024509429932],"EasingStyle":"Linear","EasingDirection":"In"},"HumanoidRootPart":{"Weight":0,"CFrame":[0,0,0,1,0,0,0,1,0,0,0,1],"EasingStyle":"Linear","EasingDirection":"In"},"Right Leg":{"Weight":1,"CFrame":[0.2640345096588135,0.35918092727661135,-0.06828039884567261,0.7431445717811585,-0.014240564778447152,-0.6689794659614563,0.1655481904745102,0.9726048707962036,0.16319766640663148,0.6483286023139954,-0.2320278435945511,0.7251434326171875],"EasingStyle":"Linear","EasingDirection":"In"}}},{"Time":0.5,"poses":{"Left Leg":{"Weight":1,"CFrame":[-0.5326758623123169,0.5913769006729126,0.023360371589660646,0.6329604387283325,0.5408853888511658,0.5538991093635559,-0.7331924438476563,0.6485254764556885,0.2045568823814392,-0.2485758513212204,-0.5355910658836365,0.8070639967918396],"EasingStyle":"Linear","EasingDirection":"In"},"Right Arm":{"Weight":1,"CFrame":[-0.4040672183036804,-0.8414549827575684,0.14955639839172364,0.3920377790927887,-0.7149239182472229,0.5789560079574585,0.568980872631073,0.682959258556366,0.45806926488876345,-0.7228880524635315,0.14983448386192323,0.6745238900184631],"EasingStyle":"Linear","EasingDirection":"In"},"Left Arm":{"Weight":1,"CFrame":[0.17772319912910462,-0.775724470615387,0.49720072746276858,-0.267936110496521,0.9217768907546997,-0.2802457809448242,-0.2036924660205841,0.23010753095149995,0.9516090750694275,0.9416579008102417,0.3120543360710144,0.12610480189323426],"EasingStyle":"Linear","EasingDirection":"In"},"Head":{"Weight":1,"CFrame":[1.341104507446289e-7,-2.9802322387695315e-8,-1.7881393432617188e-7,0.930607259273529,0.2918848693370819,-0.2208467721939087,-0.13761061429977418,0.838118851184845,0.5278448462486267,0.3391657769680023,-0.4608252942562103,0.8201258778572083],"EasingStyle":"Linear","EasingDirection":"In"},"Torso":{"Weight":1,"CFrame":[0.0131474444642663,-0.1695840209722519,-0.328279972076416,0.9441965818405151,-0.2315923571586609,0.23421736061573029,0.32635360956192019,0.7539803385734558,-0.5700938701629639,-0.04456588625907898,0.6147183775901794,0.7874866724014282],"EasingStyle":"Linear","EasingDirection":"In"},"HumanoidRootPart":{"Weight":0,"CFrame":[0,0,0,1,0,0,0,1,0,0,0,1],"EasingStyle":"Linear","EasingDirection":"In"},"Right Leg":{"Weight":1,"CFrame":[0.23938606679439546,0.21909171342849732,-0.055298805236816409,0.7614960074424744,-0.10137644410133362,-0.6401926875114441,0.1969001591205597,0.9771977066993713,0.07946645468473435,0.6175387501716614,-0.1865675002336502,0.7640932202339172],"EasingStyle":"Linear","EasingDirection":"In"}}},{"Time":0.5333333611488342,"poses":{"Left Leg":{"Weight":1,"CFrame":[-0.5097765326499939,0.531227707862854,0.022627830505371095,0.5682817697525024,0.569251537322998,0.5941451787948608,-0.789814829826355,0.5798694491386414,0.19986005127429963,-0.2307559847831726,-0.5828413963317871,0.7791324853897095],"EasingStyle":"Linear","EasingDirection":"In"},"Right Arm":{"Weight":1,"CFrame":[-0.39127224683761599,-0.829098105430603,0.14183080196380616,0.38161882758140566,-0.7045413255691528,0.5983214974403381,0.5597594976425171,0.6912682056427002,0.4569655656814575,-0.7355517745018005,0.1605294644832611,0.6581746339797974],"EasingStyle":"Linear","EasingDirection":"In"},"Left Arm":{"Weight":1,"CFrame":[0.16631147265434266,-0.8094173073768616,0.4742783308029175,-0.2794031500816345,0.9313694834709168,-0.23341959714889527,-0.15035313367843629,0.1976633071899414,0.9686707854270935,0.948328971862793,0.30574509501457217,0.08480662852525711],"EasingStyle":"Linear","EasingDirection":"In"},"Head":{"Weight":1,"CFrame":[8.195638656616211e-8,-1.4156103134155274e-7,-1.1920928955078126e-7,0.9408438801765442,0.269578218460083,-0.20528116822242738,-0.12101711332798004,0.8332145810127258,0.5395445227622986,0.3164927661418915,-0.4827846586704254,0.8165484070777893],"EasingStyle":"Linear","EasingDirection":"In"},"Torso":{"Weight":1,"CFrame":[-0.11175449192523956,-0.12659773230552674,-0.34665536880493166,0.9512876272201538,-0.21145698428153993,0.22436091303825379,0.3052862882614136,0.7476556301116943,-0.5897553563117981,-0.043036799877882007,0.6295212507247925,0.7757904529571533],"EasingStyle":"Linear","EasingDirection":"In"},"HumanoidRootPart":{"Weight":0,"CFrame":[0,0,0,1,0,0,0,1,0,0,0,1],"EasingStyle":"Linear","EasingDirection":"In"},"Right Leg":{"Weight":1,"CFrame":[0.27070486545562746,0.2196069359779358,-0.03244376182556152,0.7957357168197632,-0.1616239696741104,-0.5836799740791321,0.22117358446121217,0.9747216701507568,0.0316222719848156,0.563814640045166,-0.15425759553909303,0.8113678097724915],"EasingStyle":"Linear","EasingDirection":"In"}}},{"Time":0.5666666626930237,"poses":{"Left Leg":{"Weight":1,"CFrame":[-0.48841428756713869,0.5092243552207947,0.0037097930908203127,0.5361917018890381,0.5411016345024109,0.6478481888771057,-0.8100289702415466,0.5456947088241577,0.21464066207408906,-0.2373848557472229,-0.6398643255233765,0.7309049963951111],"EasingStyle":"Linear","EasingDirection":"In"},"Right Arm":{"Weight":1,"CFrame":[-0.3534463942050934,-0.7953914403915405,0.1360248327255249,0.35098421573638918,-0.680523693561554,0.6431933045387268,0.5324662923812866,0.710077166557312,0.46072790026664736,-0.77025306224823,0.18077045679092408,0.6115817427635193],"EasingStyle":"Linear","EasingDirection":"In"},"Left Arm":{"Weight":1,"CFrame":[0.18074806034564973,-0.817548394203186,0.44155967235565188,-0.25820454955101015,0.936351478099823,-0.2378581315279007,-0.16535991430282594,0.1997385323047638,0.9657952785491943,0.9518332481384277,0.2887047827243805,0.10326147824525833],"EasingStyle":"Linear","EasingDirection":"In"},"Head":{"Weight":1,"CFrame":[1.0989606380462647e-7,-9.825453162193299e-8,0,0.9619823098182678,0.21251222491264344,-0.17154772579669953,-0.08961888402700424,0.8389661908149719,0.536753237247467,0.25798937678337099,-0.5009732842445374,0.8261157870292664],"EasingStyle":"Linear","EasingDirection":"In"},"Torso":{"Weight":1,"CFrame":[-0.21725021302700044,-0.08256717771291733,-0.39433956146240237,0.9674743413925171,-0.1633586883544922,0.19315099716186524,0.24859021604061128,0.7553975582122803,-0.606281578540802,-0.04686443507671356,0.6345773339271545,0.7714371681213379],"EasingStyle":"Linear","EasingDirection":"In"},"HumanoidRootPart":{"Weight":0,"CFrame":[0,0,0,1,0,0,0,1,0,0,0,1],"EasingStyle":"Linear","EasingDirection":"In"},"Right Leg":{"Weight":1,"CFrame":[0.3580854535102844,0.33640795946121218,0.008899450302124024,0.8477644324302673,-0.18401522934436799,-0.4974272549152374,0.223234623670578,0.9745609164237976,0.019935032352805139,0.4811047613620758,-0.12794315814971925,0.8672766089439392],"EasingStyle":"Linear","EasingDirection":"In"}}},{"Time":0.6000000238418579,"poses":{"Left Leg":{"Weight":1,"CFrame":[-0.47824418544769289,0.5304615497589111,-0.03302490711212158,0.5535879135131836,0.451262891292572,0.6999301314353943,-0.7868711948394775,0.5586603283882141,0.26216867566108706,-0.2727161645889282,-0.6958882212638855,0.6643533706665039],"EasingStyle":"Linear","EasingDirection":"In"},"Right Arm":{"Weight":1,"CFrame":[-0.2914280891418457,-0.7453838586807251,0.1318647861480713,0.3009001910686493,-0.646197497844696,0.7013471722602844,0.4944054186344147,0.7345834374427795,0.464704692363739,-0.8154890537261963,0.20692011713981629,0.5405198335647583],"EasingStyle":"Linear","EasingDirection":"In"},"Left Arm":{"Weight":1,"CFrame":[0.2168402373790741,-0.8229984641075134,0.40304791927337649,-0.20451892912387849,0.9470854997634888,-0.2473887950181961,-0.20274706184864045,0.20626425743103028,0.9572610259056091,0.9576354622840881,0.24593527615070344,0.1498337686061859],"EasingStyle":"Linear","EasingDirection":"In"},"Head":{"Weight":1,"CFrame":[1.341104507446289e-7,-2.2258609533309937e-7,1.1920928955078126e-7,0.9838440418243408,0.1272270381450653,-0.12595313787460328,-0.04456466808915138,0.8554369807243347,0.5159858465194702,0.17339229583740235,-0.5020366907119751,0.8472865223884583],"EasingStyle":"Linear","EasingDirection":"In"},"Torso":{"Weight":1,"CFrame":[-0.2901904582977295,-0.039580848067998889,-0.46016979217529299,0.9850556254386902,-0.09381735324859619,0.1444428414106369,0.16306598484516145,0.7779905200004578,-0.6067456007003784,-0.05545186996459961,0.6212319135665894,0.7816623449325562],"EasingStyle":"Linear","EasingDirection":"In"},"HumanoidRootPart":{"Weight":0,"CFrame":[0,0,0,1,0,0,0,1,0,0,0,1],"EasingStyle":"Linear","EasingDirection":"In"},"Right Leg":{"Weight":1,"CFrame":[0.452950119972229,0.4698489308357239,0.02920663356781006,0.9018943905830383,-0.17773184180259705,-0.39369773864746096,0.21297943592071534,0.9759095311164856,0.04733241721987724,0.37580081820487978,-0.12653827667236329,0.9180205464363098],"EasingStyle":"Linear","EasingDirection":"In"}}},{"Time":0.6333333253860474,"poses":{"Left Leg":{"Weight":1,"CFrame":[-0.4937380254268646,0.5845526456832886,-0.07304239273071289,0.6146844029426575,0.30323338508605959,0.7281569838523865,-0.7103520035743713,0.6141012907028198,0.343918114900589,-0.3428747057914734,-0.7286487817764282,0.59288090467453],"EasingStyle":"Linear","EasingDirection":"In"},"Right Arm":{"Weight":1,"CFrame":[-0.2060568481683731,-0.684121310710907,0.12907612323760987,0.23328301310539246,-0.6050213575363159,0.7612675428390503,0.45295214653015139,0.7603596448898315,0.46549707651138308,-0.8604727983474731,0.2362251877784729,0.4514246881008148],"EasingStyle":"Linear","EasingDirection":"In"},"Left Arm":{"Weight":1,"CFrame":[0.2637602686882019,-0.8263042569160461,0.3639787435531616,-0.13368931412696839,0.9572953581809998,-0.2563449740409851,-0.2507389485836029,0.21757735311985017,0.9432868361473084,0.958778977394104,0.19038309156894685,0.21094352006912232],"EasingStyle":"Linear","EasingDirection":"In"},"Head":{"Weight":1,"CFrame":[1.4