{"Sequence":[{"Time":0,"poses":{"Left Leg":{"Weight":1,"CFrame":[-0.03424067050218582,0.21690994501113892,-0.11433494091033936,0.9759476780891419,0.1364063173532486,0.1700572520494461,-0.09839998185634613,0.971707284450531,-0.21471451222896577,-0.19453424215316773,0.19281654059886933,0.9617578983306885],"EasingStyle":"Linear","EasingDirection":"In"},"Right Arm":{"Weight":1,"CFrame":[0.008883792906999588,-0.11975601315498352,-0.17633551359176637,0.8964726328849793,-0.06547790765762329,-0.43823450803756716,0.16235053539276124,0.9687813520431519,0.18736329674720765,0.4122852683067322,-0.2391136884689331,0.8791162967681885],"EasingStyle":"Linear","EasingDirection":"In"},"Left Arm":{"Weight":1,"CFrame":[-0.01375146210193634,-0.13204306364059449,0.11189186573028565,0.8092101812362671,0.272903710603714,-0.520290732383728,-0.2969868779182434,0.9541033506393433,0.038542963564395908,0.5069296360015869,0.12333015352487564,0.8531190156936646],"EasingStyle":"Linear","EasingDirection":"In"},"Head":{"Weight":1,"CFrame":[1.83936208486557e-7,1.6065314412117006e-8,-2.980232238769531e-7,0.8306537866592407,0.28460371494293215,-0.4785551130771637,-0.2622508406639099,0.9581668972969055,0.11463300883769989,0.49116063117980959,0.030281122773885728,0.8705425262451172],"EasingStyle":"Linear","EasingDirection":"In"},"Torso":{"Weight":1,"CFrame":[5.895670796007835e-8,3.8421068898012586e-14,-0.39045238494873049,0.9820519685745239,0.019923094660043718,-0.18755529820919038,-0.04738672450184822,0.9885718822479248,-0.14310885965824128,0.18256069719791413,0.14942796528339387,0.9717730283737183],"EasingStyle":"Linear","EasingDirection":"In"},"HumanoidRootPart":{"Weight":0,"CFrame":[0,0,0,1,0,0,0,1,0,0,0,1],"EasingStyle":"Linear","EasingDirection":"In"},"Right Leg":{"Weight":1,"CFrame":[0.004368601366877556,0.5849074125289917,0.11867809295654297,0.9651088714599609,-0.14998717606067658,-0.21463629603385926,0.1809426099061966,0.974510908126831,0.1326206922531128,0.18927399814128877,-0.16683030128479005,0.9676482081413269],"EasingStyle":"Linear","EasingDirection":"In"}}},{"Time":0.03333333507180214,"poses":{"Left Leg":{"Weight":1,"CFrame":[-0.03121514990925789,0.16875207424163819,-0.1252996325492859,0.9747166037559509,0.14019550383090974,0.1739906370639801,-0.10287921875715256,0.9728075861930847,-0.2075120061635971,-0.19835165143013,0.1843654066324234,0.9626349210739136],"EasingStyle":"Linear","EasingDirection":"In"},"Right Arm":{"Weight":1,"CFrame":[0.015628566965460779,-0.12829145789146424,-0.17472916841506959,0.8935866951942444,-0.04704117774963379,-0.44641903042793276,0.18779823184013368,0.9424563646316528,0.2766004502773285,0.40771886706352236,-0.33100318908691409,0.8510007262229919],"EasingStyle":"Linear","EasingDirection":"In"},"Left Arm":{"Weight":1,"CFrame":[-0.06883469223976135,-0.13149595260620118,0.06086909770965576,0.7733094692230225,0.2167874425649643,-0.595815122127533,-0.37044256925582888,0.9171336889266968,-0.14709879457950593,0.5145530104637146,0.33446818590164187,0.7895354628562927],"EasingStyle":"Linear","EasingDirection":"In"},"Head":{"Weight":1,"CFrame":[2.1653249859809876e-7,-9.313225746154785e-9,-5.960464477539063e-8,0.8109160661697388,0.35980191826820376,-0.46147340536117556,-0.33122915029525759,0.9323586225509644,0.14489540457725526,0.4823923110961914,0.035355448722839358,0.8752414584159851],"EasingStyle":"Linear","EasingDirection":"In"},"Torso":{"Weight":1,"CFrame":[5.058793206558221e-8,3.296728124865811e-14,-0.33502864837646487,0.9829533100128174,0.023639673367142679,-0.18232932686805726,-0.050253625959157947,0.9884805083274841,-0.14276155829429627,0.17685413360595704,0.14949063956737519,0.97281813621521],"EasingStyle":"Linear","EasingDirection":"In"},"HumanoidRootPart":{"Weight":0,"CFrame":[0,0,0,1,0,0,0,1,0,0,0,1],"EasingStyle":"Linear","EasingDirection":"In"},"Right Leg":{"Weight":1,"CFrame":[0.036217156797647479,0.5288478136062622,0.1254894733428955,0.96730637550354,-0.14011400938034059,-0.21139170229434968,0.16985438764095307,0.9768921136856079,0.12973548471927644,0.1883290708065033,-0.16139982640743257,0.968752920627594],"EasingStyle":"Linear","EasingDirection":"In"}}},{"Time":0.06666667014360428,"poses":{"Left Leg":{"Weight":1,"CFrame":[-0.008189715445041657,0.05990922451019287,-0.14967834949493409,0.9714365005493164,0.15762487053871156,0.17738518118858338,-0.12367307394742966,0.9742650389671326,-0.1884477585554123,-0.20252425968647004,0.16112728416919709,0.9659305810928345],"EasingStyle":"Linear","EasingDirection":"In"},"Right Arm":{"Weight":1,"CFrame":[0.01971954107284546,-0.15145915746688844,-0.16921573877334596,0.8921141624450684,-0.035420551896095279,-0.45041942596435549,0.2197808027267456,0.9050435423851013,0.3641326427459717,0.39475148916244509,-0.4238414764404297,0.8151869177818298],"EasingStyle":"Linear","EasingDirection":"In"},"Left Arm":{"Weight":1,"CFrame":[-0.1329016089439392,-0.12840595841407777,0.001350998878479004,0.7352641224861145,0.18723256886005402,-0.6514067053794861,-0.4747479259967804,0.8282034397125244,-0.2978145480155945,0.48373663425445559,0.5282263159751892,0.6978364586830139],"EasingStyle":"Linear","EasingDirection":"In"},"Head":{"Weight":1,"CFrame":[1.969747245311737e-7,5.029141902923584e-8,0,0.7955095171928406,0.4463694095611572,-0.4097791314125061,-0.40830767154693606,0.894560694694519,0.18178527057170869,0.44771575927734377,0.022704022005200387,0.8938876986503601],"EasingStyle":"Linear","EasingDirection":"In"},"Torso":{"Weight":1,"CFrame":[3.1777503295415957e-8,2.0708851029404425e-14,-0.21045255661010743,0.9854899644851685,0.02641415037214756,-0.1676657646894455,-0.050629232078790668,0.9885939955711365,-0.1418401151895523,0.16200678050518037,0.14827080070972444,0.9755867719650269],"EasingStyle":"Linear","EasingDirection":"In"},"HumanoidRootPart":{"Weight":0,"CFrame":[0,0,0,1,0,0,0,1,0,0,0,1],"EasingStyle":"Linear","EasingDirection":"In"},"Right Leg":{"Weight":1,"CFrame":[0.07544425129890442,0.3945651650428772,0.13144540786743165,0.9692143797874451,-0.1293659508228302,-0.20949454605579377,0.15691405534744264,0.9802141785621643,0.12065728008747101,0.18974052369594575,-0.1498154103755951,0.9703369736671448],"EasingStyle":"Linear","EasingDirection":"In"}}},{"Time":0.10000000149011612,"poses":{"Left Leg":{"Weight":1,"CFrame":[-0.04235079139471054,-0.043231964111328128,-0.15402859449386598,0.9729494452476502,0.14398419857025147,0.1806596964597702,-0.11508403718471527,0.9801579117774963,-0.16138803958892823,-0.20031234622001649,0.13623134791851045,0.9702144265174866],"EasingStyle":"Linear","EasingDirection":"In"},"Right Arm":{"Weight":1,"CFrame":[0.021820375695824624,-0.185601145029068,-0.15875285863876344,0.889779806137085,-0.02737385593354702,-0.4555683732032776,0.25224819779396059,0.8613746762275696,0.44091325998306277,0.38034558296203616,-0.5072320699691773,0.7733388543128967],"EasingStyle":"Linear","EasingDirection":"In"},"Left Arm":{"Weight":1,"CFrame":[-0.20247067511081696,-0.12059831619262696,-0.06339633464813233,0.6869748830795288,0.1899929940700531,-0.7014044523239136,-0.5952474474906921,0.700779139995575,-0.39317819476127627,0.4168284833431244,0.6876127123832703,0.5945104956626892],"EasingStyle":"Linear","EasingDirection":"In"},"Head":{"Weight":1,"CFrame":[2.5425106287002566e-7,5.122274160385132e-9,-5.960464477539063e-8,0.7760046124458313,0.535273551940918,-0.33361491560935976,-0.49101701378822329,0.8446773290634155,0.21312570571899415,0.3958776295185089,-0.0015759245725348592,0.9183019995689392],"EasingStyle":"Linear","EasingDirection":"In"},"Torso":{"Weight":1,"CFrame":[1.1969247815102335e-8,7.800151922477718e-15,-0.0792684555053711,0.9888613820075989,0.028885995969176294,-0.14600953459739686,-0.04944619536399841,0.9890272617340088,-0.13921280205249787,0.14038607478141786,0.14488178491592408,0.9794391393661499],"EasingStyle":"Linear","EasingDirection":"In"},"HumanoidRootPart":{"Weight":0,"CFrame":[0,0,0,1,0,0,0,1,0,0,0,1],"EasingStyle":"Linear","EasingDirection":"In"},"Right Leg":{"Weight":1,"CFrame":[0.06433437019586563,0.2378879189491272,0.11853373050689697,0.9679813385009766,-0.14060349762439729,-0.20794904232025147,0.16515420377254487,0.9805806875228882,0.10576188564300537,0.18904028832912446,-0.13671918213367463,0.9724050760269165],"EasingStyle":"Linear","EasingDirection":"In"}}},{"Time":0.13333334028720857,"poses":{"Left Leg":{"Weight":1,"CFrame":[-0.09947210550308228,-0.09837591648101807,-0.1367584466934204,0.9766483306884766,0.11080111563205719,0.18406842648983003,-0.08768574893474579,0.9877194166183472,-0.12931200861930848,-0.19613584876060487,0.11015218496322632,0.9743701815605164],"EasingStyle":"Linear","EasingDirection":"In"},"Right Arm":{"Weight":1,"CFrame":[0.022594347596168519,-0.2270594835281372,-0.14229828119277955,0.8842683434486389,-0.018905168399214746,-0.4665963649749756,0.2809208035469055,0.819700300693512,0.4991741478443146,0.3730321228504181,-0.5724806189537048,0.7301458716392517],"EasingStyle":"Linear","EasingDirection":"In"},"Left Arm":{"Weight":1,"CFrame":[-0.27406007051467898,-0.10589742660522461,-0.13010698556900025,0.6135219931602478,0.2279839813709259,-0.7560515999794006,-0.7212180495262146,0.5517007112503052,-0.41889241337776186,0.32161346077919009,0.8022778034210205,0.5029066801071167],"EasingStyle":"Linear","EasingDirection":"In"},"Head":{"Weight":1,"CFrame":[1.4202669262886048e-7,3.4458935260772708e-8,-2.980232238769531e-7,0.7468079924583435,0.6172649264335632,-0.24751119315624238,-0.5739330053329468,0.7862210273742676,0.22903572022914887,0.33597421646118166,-0.02899087220430374,0.9414249062538147],"EasingStyle":"Linear","EasingDirection":"In"},"Torso":{"Weight":1,"CFrame":[-1.3133144571852995e-9,-8.558642715810513e-16,0.008697986602783203,0.9922928214073181,0.0316302627325058,-0.1198100820183754,-0.047701530158519748,0.9898669123649597,-0.1337461620569229,0.1143656075000763,0.13843047618865968,0.9837466478347778],"EasingStyle":"Linear","EasingDirection":"In"},"HumanoidRootPart":{"Weight":0,"CFrame":[0,0,0,1,0,0,0,1,0,0,0,1],"EasingStyle":"Linear","EasingDirection":"In"},"Right Leg":{"Weight":1,"CFrame":[0.08712555468082428,0.12522757053375245,0.10057222843170166,0.9702301025390625,-0.12710818648338319,-0.20614810287952424,0.14744992554187776,0.985283613204956,0.08645614236593247,0.19212502241134644,-0.1142788678407669,0.9746939539909363],"EasingStyle":"Linear","EasingDirection":"In"}}},{"Time":0.1666666716337204,"poses":{"Left Leg":{"Weight":1,"CFrame":[-0.13878130912780763,-0.11357450485229492,-0.11022740602493286,0.9791618585586548,0.07674652338027954,0.18802134692668916,-0.059628792107105258,0.9936829805374146,-0.09507142752408982,-0.19413000345230103,0.08187882602214813,0.9775527715682983],"EasingStyle":"Linear","EasingDirection":"In"},"Right Arm":{"Weight":1,"CFrame":[0.022705063223838807,-0.27217602729797366,-0.11881005764007569,0.8621078729629517,0.0004048962437082082,-0.5067246556282044,0.31083980202674868,0.7893267869949341,0.529473066329956,0.400185763835907,-0.6139731407165527,0.6803590059280396],"EasingStyle":"Linear","EasingDirection":"In"},"Left Arm":{"Weight":1,"CFrame":[-0.3441881835460663,-0.08212822675704956,-0.19551491737365724,0.4923894703388214,0.30251145362854006,-0.8161123991012573,-0.8441540598869324,0.39440104365348818,-0.3631139099597931,0.21202953159809113,0.8677180409431458,0.44956520199775698],"EasingStyle":"Linear","EasingDirection":"In"},"Head":{"Weight":1,"CFrame":[1.6624107956886292e-7,-5.704350769519806e-8,-2.980232238769531e-7,0.7075684070587158,0.6858131885528565,-0.17031501233577729,-0.6498128771781921,0.7261808514595032,0.224509596824646,0.2776511311531067,-0.04818301647901535,0.9594728946685791],"EasingStyle":"Linear","EasingDirection":"In"},"Torso":{"Weight":1,"CFrame":[-8.22796852872898e-9,-5.362025182046627e-15,0.054491519927978519,0.9951810836791992,0.03516485169529915,-0.09153195470571518,-0.046458978205919269,0.991150975227356,-0.12434367835521698,0.08634945750236511,0.12799695134162904,0.9880083799362183],"EasingStyle":"Linear","EasingDirection":"In"},"HumanoidRootPart":{"Weight":0,"CFrame":[0,0,0,1,0,0,0,1,0,0,0,1],"EasingStyle":"Linear","EasingDirection":"In"},"Right Leg":{"Weight":1,"CFrame":[0.12919116020202638,0.05473703145980835,0.08061480522155762,0.9744722247123718,-0.09512484073638916,-0.20335961878299714,0.11032817512750626,0.9917834997177124,0.06475476175546646,0.19552889466285706,-0.08553801476955414,0.9769604206085205],"EasingStyle":"Linear","EasingDirection":"In"}}},{"Time":0.20000000298023225,"poses":{"Left Leg":{"Weight":1,"CFrame":[-0.1493259221315384,-0.10481512546539307,-0.08185350894927979,0.9800906777381897,0.04672025516629219,0.1929752081632614,-0.03539193049073219,0.9974645376205444,-0.06174103543162346,-0.19537046551704408,0.053682032972574237,0.979259192943573],"EasingStyle":"Linear","EasingDirection":"In"},"Right Arm":{"Weight":1,"CFrame":[0.02281549945473671,-0.3172917366027832,-0.08724617958068848,0.8127680420875549,0.03060617297887802,-0.5817829370498657,0.35192227363586428,0.7700396180152893,0.5321558713912964,0.46428313851356509,-0.6372615694999695,0.6150925159454346],"EasingStyle":"Linear","EasingDirection":"In"},"Left Arm":{"Weight":1,"CFrame":[-0.40937304496765139,-0.04711589217185974,-0.2563541531562805,0.31180527806282046,0.38873693346977236,-0.8669838905334473,-0.9464196562767029,0.20780399441719056,-0.24719907343387605,0.08406735956668854,0.8976085186004639,0.4327026605606079],"EasingStyle":"Linear","EasingDirection":"In"},"Head":{"Weight":1,"CFrame":[1.5320256352424622e-7,3.67872416973114e-8,-5.960464477539063e-8,0.6630825996398926,0.7385255098342896,-0.12207216024398804,-0.7123238444328308,0.6726643443107605,0.20029331743717194,0.23003531992435456,-0.04585609585046768,0.9721013307571411],"EasingStyle":"Linear","EasingDirection":"In"},"Torso":{"Weight":1,"CFrame":[-1.0852821752393993e-8,-7.0725959370489519e-15,0.07187509536743164,0.9971718788146973,0.03998000919818878,-0.06363791227340698,-0.04682334139943123,0.9928327798843384,-0.1099572703242302,0.05878571793437004,0.11262603849172592,0.9918969869613648],"EasingStyle":"Linear","EasingDirection":"In"},"HumanoidRootPart":{"Weight":0,"CFrame":[0,0,0,1,0,0,0,1,0,0,0,1],"EasingStyle":"Linear","EasingDirection":"In"},"Right Leg":{"Weight":1,"CFrame":[0.14709433913230897,0.008903861045837403,0.057692527770996097,0.9777505397796631,-0.06614650785923004,-0.19906912744045258,0.07602491974830628,0.9962045550346375,0.04238715022802353,0.19550985097885133,-0.05657825618982315,0.9790683388710022],"EasingStyle":"Linear","EasingDirection":"In"}}},{"Time":0.23333333432674409,"poses":{"Left Leg":{"Weight":1,"CFrame":[-0.11778970062732697,-0.08759903907775879,-0.056581079959869388,0.9795417189598084,0.02671637013554573,0.19946007430553437,-0.020502114668488504,0.9992398619651794,-0.0331563763320446,-0.20019425451755525,0.028388693928718568,0.9793448448181152],"EasingStyle":"Linear","EasingDirection":"In"},"Right Arm":{"Weight":1,"CFrame":[0.023589525371789933,-0.3587495982646942,-0.04656428098678589,0.7396382689476013,0.059128858149051669,-0.6704021096229553,0.40575098991394045,0.7555575370788574,0.5142946243286133,0.5369369983673096,-0.652408242225647,0.534847617149353],"EasingStyle":"Linear","EasingDirection":"In"},"Left Arm":{"Weight":1,"CFrame":[-0.4661332666873932,0.0013142228126525879,-0.3093588352203369,0.09379273653030396,0.4446205198764801,-0.8907949328422546,-0.9931239485740662,-0.021175840869545938,-0.11513663828372956,-0.07005532085895539,0.8954687118530273,0.4395770728588104],"EasingStyle":"Linear","EasingDirection":"In"},"Head":{"Weight":1,"CFrame":[1.73225998878479e-7,-2.6775524020195009e-9,3.5762786865234377e-7,0.6208670139312744,0.7765858769416809,-0.10695184022188187,-0.7592339515686035,0.6296617984771729,0.16458964347839356,0.19516150653362275,-0.020986808463931085,0.9805465340614319],"EasingStyle":"Linear","EasingDirection":"In"},"Torso":{"Weight":1,"CFrame":[-1.1265966826101704e-8,-7.341835947245572e-15,0.07461118698120117,0.9981697201728821,0.04659058898687363,-0.03855574131011963,-0.049889806658029559,0.9947302341461182,-0.08956964313983917,0.03417946398258209,0.09132924675941467,0.9952340126037598],"EasingStyle":"Linear","EasingDirection":"In"},"HumanoidRootPart":{"Weight":0,"CFrame":[0,0,0,1,0,0,0,1,0,0,0,1],"EasingStyle":"Linear","EasingDirection":"In"},"Right Leg":{"Weight":1,"CFrame":[0.1236572265625,-0.02340710163116455,0.035564541816711429,0.9800290465354919,-0.04858139157295227,-0.19282856583595277,0.05358423292636871,0.9983464479446411,0.020811423659324647,0.19149869680404664,-0.03072836436331272,0.9810117483139038],"EasingStyle":"Linear","EasingDirection":"In"}}},{"Time":0.2666666805744171,"poses":{"Left Leg":{"Weight":1,"CFrame":[-0.06833881139755249,-0.07122552394866944,-0.03674161434173584,0.9833732843399048,0.02767843008041382,0.17947405576705934,-0.02179829031229019,0.9991616606712341,-0.034653279930353168,-0.18028274178504945,0.030164876952767373,0.9831522107124329],"EasingStyle":"Linear","EasingDirection":"In"},"Right Arm":{"Weight":1,"CFrame":[0.02569030597805977,-0.39289170503616335,0.004277706146240234,0.6517427563667297,0.07477739453315735,-0.7547447681427002,0.47391045093536379,0.7367903590202332,0.4822331666946411,0.5921489000320435,-0.6719734072685242,0.4447599947452545],"EasingStyle":"Linear","EasingDirection":"In"},"Left Arm":{"Weight":1,"CFrame":[-0.5109869837760925,0.06533712148666382,-0.35126280784606936,-0.12983936071395875,0.4561358094215393,-0.8803873062133789,-0.9647660255432129,-0.2630409300327301,0.0059998794458806519,-0.22884118556976319,0.8501467704772949,0.47421741485595705],"EasingStyle":"Linear","EasingDirection":"In"},"Head":{"Weight":1,"CFrame":[1.5087425708770753e-7,-5.005858838558197e-9,4.76837158203125e-7,0.5918617844581604,0.7986473441123962,-0.10891304910182953,-0.7910528182983398,0.6014652252197266,0.11169157922267914,0.1547096073627472,0.02005002647638321,0.9877564907073975],"EasingStyle":"Linear","EasingDirection":"In"},"Torso":{"Weight":1,"CFrame":[0.004780258052051067,3.1152116442001444e-9,0.07336997985839844,0.9978016018867493,0.06373777985572815,-0.01814938709139824,-0.0645875409245491,0.996613621711731,-0.0508895218372345,0.01484434213489294,0.0519498735666275,0.998539388179779],"EasingStyle":"Linear","EasingDirection":"In"},"HumanoidRootPart":{"Weight":0,"CFrame":[0,0,0,1,0,0,0,1,0,0,0,1],"EasingStyle":"Linear","EasingDirection":"In"},"Right Leg":{"Weight":1,"CFrame":[0.06573516130447388,-0.01714622974395752,0.015137314796447754,0.9830640554428101,-0.011498572304844857,-0.18290124833583833,0.00965864583849907,0.9998934268951416,-0.010947303846478463,0.18300761282444,0.008995318785309792,0.9830703139305115],"EasingStyle":"Linear","EasingDirection":"In"}}},{"Time":0.30000001192092898,"poses":{"Left Leg":{"Weight":1,"CFrame":[-0.033273845911026,-0.03924703598022461,-0.02032369375228882,0.9916507005691528,0.058778874576091769,0.11477790772914887,-0.04990355297923088,0.9956464171409607,-0.07872653752565384,-0.1189056783914566,0.07234138995409012,0.990266740322113],"EasingStyle":"Linear","EasingDirection":"In"},"Right Arm":{"Weight":1,"CFrame":[0.02978133223950863,-0.41605961322784426,0.0663219690322876,0.5629629492759705,0.06948886066675186,-0.8235557079315186,0.5600276589393616,0.7007499933242798,0.44194844365119936,0.6078171730041504,-0.7100145816802979,0.3555806279182434],"EasingStyle":"Linear","EasingDirection":"In"},"Left Arm":{"Weight":1,"CFrame":[-0.5404524803161621,0.1471272110939026,-0.37880027294158938,-0.3274060785770416,0.4278448224067688,-0.8424689769744873,-0.8687366247177124,-0.4869714081287384,0.09030773490667343,-0.37162068486213686,0.761451005935669,0.5311219096183777],"EasingStyle":"Linear","EasingDirection":"In"},"Head":{"Weight":1,"CFrame":[1.519802026450634e-7,3.3760443329811098e-9,-5.960464477539063e-8,0.5799196362495422,0.8063338994979858,-0.11627063155174256,-0.8084893226623535,0.5871779918670654,0.03958626464009285,0.10019129514694214,0.07104671746492386,0.9924283623695374],"EasingStyle":"Linear","EasingDirection":"In"},"Torso":{"Weight":1,"CFrame":[0.01738278940320015,1.1328063820315038e-8,0.0646824836730957,0.9955182671546936,0.0945538803935051,-0.0017248739022761584,-0.09453720599412918,0.9954890012741089,0.008022010326385498,0.002475605346262455,-0.007822993211448193,0.9999663233757019],"EasingStyle":"Linear","EasingDirection":"In"},"HumanoidRootPart":{"Weight":0,"CFrame":[0,0,0,1,0,0,0,1,0,0,0,1],"EasingStyle":"Linear","EasingDirection":"In"},"Right Leg":{"Weight":1,"CFrame":[0.011770417913794518,0.03698080778121948,0.00554811954498291,0.9819724559783936,0.07308284193277359,-0.17432428896427155,-0.08487662672996521,0.9945115447044373,-0.061177924275398257,0.1688964068889618,0.07487108558416367,0.9827859997749329],"EasingStyle":"Linear","EasingDirection":"In"}}},{"Time":0.3333333432674408,"poses":{"Left Leg":{"Weight":1,"CFrame":[-0.02713942527770996,-0.02132260799407959,-0.007811188697814941,0.9929247498512268,0.11704309284687042,0.02003474161028862,-0.11303381621837616,0.9833126664161682,-0.14254677295684815,-0.03638454154133797,0.13927365839481355,0.989585280418396],"EasingStyle":"Linear","EasingDirection":"In"},"Right Arm":{"Weight":1,"CFrame":[0.03652606159448624,-0.4245954155921936,0.14061081409454347,0.48733896017074587,0.036644112318754199,-0.872443675994873,0.6682952642440796,0.6274204254150391,0.39965617656707766,0.562034010887146,-0.7778180241584778,0.28127729892730715],"EasingStyle":"Linear","EasingDirection":"In"},"Left Arm":{"Weight":1,"CFrame":[-0.5510479211807251,0.2488604187965393,-0.38870519399642947,-0.4808974862098694,0.3773803412914276,-0.7914049625396729,-0.7286983728408814,-0.6739880442619324,0.12140356749296189,-0.48758211731910708,0.6350781321525574,0.5991154909133911],"EasingStyle":"Linear","EasingDirection":"In"},"Head":{"Weight":1,"CFrame":[1.494772732257843e-7,8.381903171539307e-9,-3.5762786865234377e-7,0.5785169005393982,0.8071128726005554,-0.11784347891807556,-0.8147698640823364,0.5786023736000061,-0.03700415790081024,0.03831798583269119,0.11742284148931503,0.992342472076416],"EasingStyle":"Linear","EasingDirection":"In"},"Torso":{"Weight":1,"CFrame":[0.03520016372203827,2.2939339316963016e-8,0.041101932525634769,0.9912392497062683,0.13157957792282105,0.011471624486148358,-0.13206641376018525,0.9885857701301575,0.07250257581472397,-0.0018008284969255329,-0.0733824074268341,0.997302234172821],"EasingStyle":"Linear","EasingDirection":"In"},"HumanoidRootPart":{"Weight":0,"CFrame":[0,0,0,1,0,0,0,1,0,0,0,1],"EasingStyle":"Linear","EasingDirection":"In"},"Right Leg":{"Weight":1,"CFrame":[-0.012828730046749115,0.045077621936798099,0.007483243942260742,0.9653273820877075,0.1922731101512909,-0.17656169831752778,-0.2146233171224594,0.9695976376533508,-0.11754655838012696,0.14859282970428468,0.15136520564556123,0.9772455096244812],"EasingStyle":"Linear","EasingDirection":"In"}}},{"Time":0.36666667461395266,"poses":{"Left Leg":{"Weight":1,"CFrame":[-0.06047661602497101,-0.021457314491271974,-0.005820572376251221,0.9767138957977295,0.19552741944789887,-0.08831208944320679,-0.20957285165786744,0.9576122164726257,-0.19763118028640748,0.045926425606012347,0.2115369439125061,0.9762903451919556],"EasingStyle":"Linear","EasingDirection":"In"},"Right Arm":{"Weight":1,"CFrame":[0.06239926815032959,-0.36497732996940615,0.22604966163635255,0.41571781039237978,-0.03404577076435089,-0.908856213092804,0.8003436923027039,0.48835688829421999,0.3477894365787506,0.43200546503067019,-0.8719795942306519,0.23026692867279054],"EasingStyle":"Linear","EasingDirection":"In"},"Left Arm":{"Weight":1,"CFrame":[-0.5388639569282532,0.3700791597366333,-0.3612099885940552,-0.6434699296951294,0.3487427234649658,-0.6814140677452087,-0.5699985027313232,-0.8124713897705078,0.12244154512882233,-0.510928750038147,0.4671923816204071,0.7215836644172669],"EasingStyle":"Linear","EasingDirection":"In"},"Head":{"Weight":1,"CFrame":[1.471489667892456e-7,-8.754432201385498e-8,0,0.5798489451408386,0.8079538941383362,-0.10481218248605728,-0.814393937587738,0.5711364150047302,-0.10279006510972977,-0.023187581449747087,0.1449611335992813,0.9891656041145325],"EasingStyle":"Linear","EasingDirection":"In"},"Torso":{"Weight":1,"CFrame":[0.055624958127737048,3.624982625183293e-8,-0.004818439483642578,0.9856065511703491,0.16780681908130647,0.020509831607341768,-0.16904956102371217,0.977268636226654,0.12793844938278199,0.00142533122561872,-0.12956415116786958,0.991569995880127],"EasingStyle":"Linear","EasingDirection":"In"},"HumanoidRootPart":{"Weight":0,"CFrame":[0,0,0,1,0,0,0,1,0,0,0,1],"EasingStyle":"Linear","EasingDirection":"In"},"Right Leg":{"Weight":1,"CFrame":[-0.05905826389789581,-0.006286025047302246,-0.004006385803222656,0.9356073141098023,0.298004686832428,-0.18929389119148255,-0.32904669642448428,0.9303711652755737,-0.1616717278957367,0.12793469429016114,0.21354778110980988,0.9685195088386536],"EasingStyle":"Linear","EasingDirection":"In"}}},{"Time":0.4000000059604645,"poses":{"Left Leg":{"Weight":1,"CFrame":[-0.10968393087387085,-0.030069470405578615,-0.014340877532958985,0.9369121193885803,0.2925070822238922,-0.19140338897705079,-0.33236539363861086,0.9150478839874268,-0.2285182625055313,0.10830003768205643,0.2777174115180969,0.9545387029647827],"EasingStyle":"Linear","EasingDirection":"In"},"Right Arm":{"Weight":1,"CFrame":[0.11210420727729798,-0.22281205654144288,0.3129996061325073,0.32501259446144106,-0.12146361917257309,-0.9378770589828491,0.9161449670791626,0.2864696681499481,0.28038111329078677,0.234617218375206,-0.9503587484359741,0.2043844759464264],"EasingStyle":"Linear","EasingDirection":"In"},"Left Arm":{"Weight":1,"CFrame":[-0.505926251411438,0.4997965693473816,-0.29247206449508669,-0.8343654274940491,0.32634279131889346,-0.44422391057014468,-0.40585145354270937,-0.9090427160263062,0.09447690099477768,-0.37298646569252016,0.25911712646484377,0.8909204602241516],"EasingStyle":"Linear","EasingDirection":"In"},"Head":{"Weight":1,"CFrame":[1.3783574104309083e-7,4.6566128730773929e-8,2.384185791015625e-7,0.5771692395210266,0.8141523599624634,-0.06349437683820725,-0.8139116764068604,0.567177951335907,-0.12592485547065736,-0.0665094181895256,0.12435876578092575,0.9900057315826416],"EasingStyle":"Linear","EasingDirection":"In"},"Torso":{"Weight":1,"CFrame":[0.07604975998401642,4.9560309633989166e-8,-0.08052492141723633,0.9799807071685791,0.19795958697795869,0.021208107471466066,-0.19873322546482087,0.9662511944770813,0.16390150785446168,0.011953520588576794,-0.16483508050441743,0.9862487316131592],"EasingStyle":"Linear","EasingDirection":"In"},"HumanoidRootPart":{"Weight":0,"CFrame":[0,0,0,1,0,0,0,1,0,0,0,1],"EasingStyle":"Linear","EasingDirection":"In"},"Right Leg":{"Weight":1,"CFrame":[-0.09600727260112763,-0.05478501319885254,-0.020144224166870118,0.9019295573234558,0.379670649766922,-0.20584788918495179,-0.41697168350219729,0.8896774649620056,-0.18603384494781495,0.11250655353069306,0.2536220848560333,0.9607383012771606],"EasingStyle":"Linear","EasingDirection":"In"}}},{"Time":0.4333333373069763,"poses":{"Left Leg":{"Weight":1,"CFrame":[-0.14391881227493287,-0.01966071128845215,-0.018151044845581056,0.8833854794502258,0.38647979497909548,-0.26507246494293215,-0.4493022561073303,0.859260618686676,-0.24453774094581605,0.1332574039697647,0.33511874079704287,0.9327046275138855],"EasingStyle":"Linear","EasingDirection":"In"},"Right Arm":{"Weight":1,"CFrame":[0.1686476767063141,-0.05313017964363098,0.38968586921691897,0.22162994742393495,-0.19032151997089387,-0.9563775062561035,0.9748601317405701,0.06635402143001557,0.21270842850208283,0.022976526990532876,-0.979476809501648,0.20024286210536958],"EasingStyle":"Linear","EasingDirection":"In"},"Left Arm":{"Weight":1,"CFrame":[-0.4576571583747864,0.624394416809082,-0.2031126618385315,-0.9612095355987549,0.25662562251091006,-0.10109160840511322,-0.25956884026527407,-0.9655767679214478,0.0168988648802042,-0.0932750254869461,0.04248358681797981,0.9947335720062256],"EasingStyle":"Linear","EasingDirection":"In"},"Head":{"Weight":1,"CFrame":[1.341104507446289e-7,-2.60770320892334e-8,1.1920928955078126e-7,0.5714894533157349,0.8206093311309815,-0.00021963099425192922,-0.8161723017692566,0.568371593952179,-0.10400259494781494,-0.08522064983844757,0.0596156120300293,0.9945769906044006],"EasingStyle":"Linear","EasingDirection":"In"},"Torso":{"Weight":1,"CFrame":[0.09386715292930603,6.117160467056238e-8,-0.20224618911743165,0.9751953482627869,0.22102104127407075,0.011991078965365887,-0.21942849457263947,0.9582119584083557,0.18352392315864564,0.029072653502225877,-0.1816028505563736,0.9829421043395996],"EasingStyle":"Linear","EasingDirection":"In"},"HumanoidRootPart":{"Weight":0,"CFrame":[0,0,0,1,0,0,0,1,0,0,0,1],"EasingStyle":"Linear","EasingDirection":"In"},"Right Leg":{"Weight":1,"CFrame":[-0.09365399181842804,-0.04866981506347656,-0.01828610897064209,0.8713753819465637,0.43906715512275698,-0.21891805529594422,-0.4798302948474884,0.8557255268096924,-0.19364048540592194,0.10231252014636994,0.2737770676612854,0.9563358426094055],"EasingStyle":"Linear","EasingDirection":"In"}}},{"Time":0.46666666865348818,"poses":{"Left Leg":{"Weight":1,"CFrame":[-0.16067692637443543,0.01587015390396118,-0.00437009334564209,0.8541421294212341,0.432358980178833,-0.28897562623023989,-0.5064765810966492,0.8176909685134888,-0.2736110985279083,0.11799447238445282,0.38006216287612917,0.9174039959907532],"EasingStyle":"Linear","EasingDirection":"In"},"Right Arm":{"Weight":1,"CFrame":[0.21503569185733796,0.08903509378433228,0.4443325996398926,0.12949995696544648,-0.22143769264221192,-0.9665377140045166,0.9809878468513489,-0.11347828805446625,0.1574344038963318,-0.1445428729057312,-0.9685494303703308,0.20253214240074159],"EasingStyle":"Linear","EasingDirection":"In"},"Left Arm":{"Weight":1,"CFrame":[-0.39947807788848879,0.7302542924880981,-0.11375343799591065,-0.9612686038017273,0.13677892088890077,0.23927858471870423,-0.16188666224479676,-0.9828290343284607,-0.0885424017906189,0.22305920720100404,-0.1238490492105484,0.9669053554534912],"EasingStyle":"Linear","EasingDirection":"In"},"Head":{"Weight":1,"CFrame":[1.341104507446289e-7,-2.9802322387695315e-8,0,0.5664715766906738,0.8216734528541565,0.06294992566108704,-0.8190683722496033,0.5697934627532959,-0.06680141389369965,-0.09075740724802017,-0.01371921319514513,0.995778501033783],"EasingStyle":"Linear","EasingDirection":"In"},"Torso":{"Weight":1,"CFrame":[0.10646969825029373,6.938447683069171e-8,-0.33078575134277346,0.97164386510849,0.23639331758022309,-0.005139949731528759,-0.23100878298282624,0.9536994695663452,0.19259367883205415,0.050429824739694598,-0.18594509363174439,0.981265127658844],"EasingStyle":"Linear","EasingDirection":"In"},"HumanoidRootPart":{"Weight":0,"CFrame":[0,0,0,1,0,0,0,1,0,0,0,1],"EasingStyle":"Linear","EasingDirection":"In"},"Right Leg":{"Weight":1,"CFrame":[-0.0021766871213912966,0.0037721991539001467,0.013842344284057618,0.8385704159736633,0.4964929521083832,-0.22426407039165498,-0.5367648005485535,0.8233726620674133,-0.1842309832572937,0.09318352490663529,0.2748676836490631,0.9569559097290039],"EasingStyle":"Linear","EasingDirection":"In"}}},{"Time":0.5,"poses":{"Left Leg":{"Weight":1,"CFrame":[-0.15719357132911683,-0.004233241081237793,-0.005650877952575684,0.8532811999320984,0.4370765686035156,-0.2843855619430542,-0.5126004815101624,0.8031299710273743,-0.3036826550960541,0.0956660807132721,0.4049028754234314,0.9093413352966309],"EasingStyle":"Linear","EasingDirection":"In"},"Right Arm":{"Weight":1,"CFrame":[0.23427468538284303,0.14865267276763917,0.46516501903533938,0.07366424053907395,-0.21163636445999146,-0.9745684266090393,0.9708503484725952,-0.20828008651733399,0.11861315369606018,-0.2280859798192978,-0.9548976421356201,0.19012434780597688],"EasingStyle":"Linear","EasingDirection":"In"},"Left Arm":{"Weight":1,"CFrame":[-0.3368109464645386,0.8037571907043457,-0.04501533508300781,-0.8856865763664246,0.01744537428021431,0.46395576000213625,-0.11157167702913284,-0.9780082702636719,-0.17621466517448426,0.45067840814590456,-0.20783530175685883,0.8681551814079285],"EasingStyle":"Linear","EasingDirection":"In"},"Head":{"Weight":1,"CFrame":[1.564621925354004e-7,3.725290298461914e-8,-1.1920928955078126e-7,0.5643672943115234,0.8188375234603882,0.10485482215881348,-0.8198061585426331,0.570842444896698,-0.04535200446844101,-0.09699155390262604,-0.0603654608130455,0.9934529066085815],"EasingStyle":"Linear","EasingDirection":"In"},"Torso":{"Weight":1,"CFrame":[0.11124997586011887,7.249968803080265e-8,-0.39045238494873049,0.9695678949356079,0.24324332177639008,-0.027761828154325486,-0.2333005964756012,0.9523561596870422,0.19643962383270265,0.07422178238630295,-0.18398471176624299,0.9801228046417236],"EasingStyle":"Linear","EasingDirection":"In"},"HumanoidRootPart":{"Weight":0,"CFrame":[0,0,0,1,0,0,0,1,0,0,0,1],"EasingStyle":"Linear","EasingDirection":"In"},"Right Leg":{"Weight":1,"CFrame":[0.08498713374137879,0.04487252235412598,0.03865194320678711,0.8180476427078247,0.5310328602790833,-0.22091230750083924,-0.5671728849411011,0.8085728287696838,-0.1566038578748703,0.09546181559562683,0.2534049153327942,0.9626385569572449],"EasingStyle":"Linear","EasingDirection":"In"}}},{"Time":0.5333333611488342,"poses":{"Left Leg":{"Weight":1,"CFrame":[-0.158066064119339,-0.1252882480621338,-0.05683410167694092,0.8612275719642639,0.4244908094406128,-0.27945393323898318,-0.49939650297164919,0.8088679909706116,-0.3103801906108856,0.09428780525922775,0.40686625242233279,0.908608615398407],"EasingStyle":"Linear","EasingDirection":"In"},"Right Arm":{"Weight":1,"CFrame":[0.23427467048168183,0.1486527919769287,0.46516501903533938,0.028975829482078553,-0.17273706197738648,-0.984541654586792,0.9739553928375244,-0.21671123802661897,0.06668595224618912,-0.22488057613372804,-0.9608319997787476,0.16195900738239289],"EasingStyle":"Linear","EasingDirection":"In"},"Left Arm":{"Weight":1,"CFrame":[-0.27507755160331728,0.8312842845916748,-0.017520129680633546,-0.8418784141540527,-0.05309287831187248,0.5370493531227112,-0.07665540277957916,-0.9732941389083862,-0.21638518571853639,0.5341953039169312,-0.22333768010139466,0.8153253197669983],"EasingStyle":"Linear","EasingDirection":"In"},"Head":{"Weight":1,"CFrame":[1.601874828338623e-7,7.916241884231568e-8,1.1920928955078126e-7,0.5636299848556519,0.8157708644866943,0.1297653466463089,-0.818859875202179,0.5724518299102783,-0.042041242122650149,-0.10858047753572464,-0.08256394416093826,0.9906530380249023],"EasingStyle":"Linear","EasingDirection":"In"},"Torso":{"Weight":1,"CFrame":[0.1099996417760849,7.168486604314239e-8,-0.32744455337524416,0.9680145382881165,0.24528765678405763,-0.05274328961968422,-0.23048274219036103,0.9524452686309815,0.1993131786584854,0.09912416338920593,-0.18078163266181947,0.9785153865814209],"EasingStyle":"Linear","EasingDirection":"In"},"HumanoidRootPart":{"Weight":0,"CFrame":[0,0,0,1,0,0,0,1,0,0,0,1],"EasingStyle":"Linear","EasingDirection":"In"},"Right Leg":{"Weight":1,"CFrame":[0.046386852860450748,0.052899956703186038,0.026064753532409669,0.8341046571731567,0.5106257796287537,-0.20864030718803407,-0.5396943092346191,0.8336434960365295,-0.11733941733837128,0.114015132188797,0.21047528088092805,0.9709277153015137],"EasingStyle":"Linear","EasingDirection":"In"}}},{"Time":0.5666666626930237,"poses":{"Left Leg":{"Weight":1,"CFrame":[-0.19518834352493287,-0.23450326919555665,-0.10761803388595581,0.8778964877128601,0.39280226826667788,-0.2738689184188843,-0.4680977165699005,0.8244912028312683,-0.3179601728916168,0.10090706497430802,0.4073336124420166,0.907687783241272],"EasingStyle":"Linear","EasingDirection":"In"},"Right Arm":{"Weight":1,"CFrame":[0.2342747151851654,0.14865273237228394,0.4651648998260498,-0.03482329472899437,-0.12659914791584016,-0.9913425445556641,0.9845057129859924,-0.17492465674877168,-0.012244310230016709,-0.1718599945306778,-0.9764087200164795,0.13072887063026429],"EasingStyle":"Linear","EasingDirection":"In"},"Left Arm":{"Weight":1,"CFrame":[-0.21874316036701203,0.8312844038009644,-0.01752018928527832,-0.8473100066184998,-0.07455037534236908,0.5258402824401856,-0.03952755033969879,-0.9785010814666748,-0.20241832733154298,0.529625654220581,-0.19229623675346375,0.8261469602584839],"EasingStyle":"Linear","EasingDirection":"In"},"Head":{"Weight":1,"CFrame":[1.1548399925231934e-7,6.05359673500061e-9,0,0.5623147487640381,0.812513530254364,0.15370085835456849,-0.8182659149169922,0.5735568404197693,-0.03838460519909859,-0.11934421956539154,-0.10418395698070526,0.9873716235160828],"EasingStyle":"Linear","EasingDirection":"In"},"Torso":{"Weight":1,"CFrame":[0.10664874315261841,6.950114794790352e-8,-0.2202749252319336,0.9660188555717468,0.24675901234149934,-0.0769253820180893,-0.2273157387971878,0.9527348279953003,0.2015538215637207,0.12302471697330475,-0.1772184520959854,0.9764519929885864],"EasingStyle":"Linear","EasingDirection":"In"},"HumanoidRootPart":{"Weight":0,"CFrame":[0,0,0,1,0,0,0,1,0,0,0,1],"EasingStyle":"Linear","EasingDirection":"In"},"Right Leg":{"Weight":1,"CFrame":[-0.04105740785598755,0.04017561674118042,0.0027959346771240236,0.8619171977043152,0.46862921118736269,-0.1936115324497223,-0.4894673526287079,0.8686654567718506,-0.07643304765224457,0.13236494362354279,0.1606455296278,0.9780964255332947],"EasingStyle":"Linear","EasingDirection":"In"}}},{"Time":0.6000000238418579,"poses":{"Left Leg":{"Weight":1,"CFrame":[-0.20696669816970826,-0.2707052230834961,-0.1254015564918518,0.8824046850204468,0.3840196132659912,-0.2718285620212555,-0.4599100351333618,0.8258710503578186,-0.3262203335762024,0.09922038018703461,0.41287514567375185,0.9053670763969421],"EasingStyle":"Linear","EasingDirection":"In"},"Right Arm":{"Weight":1,"CFrame":[0.23427480459213258,0.14865273237228394,0.46516501903533938,-0.10318240523338318,-0.08623118698596955,-0.9909175634384155,0.9896539449691773,-0.10874965786933899,-0.09358729422092438,-0.09969179332256317,-0.9903219938278198,0.09656006842851639],"EasingStyle":"Linear","EasingDirection":"In"},"Left Arm":{"Weight":1,"CFrame":[-0.16844546794891358,0.8312838077545166,-0.017520129680633546,-0.8577269911766052,-0.07373727858066559,0.5087899565696716,-0.008219328708946705,-0.9875673651695252,-0.15698117017745973,0.5140397548675537,-0.13882893323898316,0.8464571833610535],"EasingStyle":"Linear","EasingDirection":"In"},"Head":{"Weight":1,"CFrame":[1.6624107956886292e-7,-3.0617229640483859e-8,-1.1920928955078126e-7,0.5608037710189819,0.809473991394043,0.17392808198928834,-0.8180546760559082,0.5741170644760132,-0.034294165670871738,-0.1276153326034546,-0.12305037677288056,0.9841610193252564],"EasingStyle":"Linear","EasingDirection":"In"},"Torso":{"Weight":1,"CFrame":[0.10179746896028519,6.633965199398517e-8,-0.15812158584594727,0.9639244079589844,0.24761445820331574,-0.09765631705522537,-0.22436511516571046,0.9532504677772522,0.20241998136043549,0.14321304857730866,-0.1732068955898285,0.9744174480438232],"EasingStyle":"Linear","EasingDirection":"In"},"HumanoidRootPart":{"Weight":0,"CFrame":[0,0,0,1,0,0,0,1,0,0,0,1],"EasingStyle":"Linear","EasingDirection":"In"},"Right Leg":{"Weight":1,"CFrame":[-0.07578011602163315,0.027260541915893556,-0.005746364593505859,0.8735209703445435,0.44995394349098208,-0.1857489049434662,-0.46501395106315615,0.884155809879303,-0.04506106674671173,0.14395546913146974,0.12573757767677308,0.9815634489059448],"EasingStyle":"Linear","EasingDirection":"In"}}},{"Time":0.6333333253860474,"poses":{"Left Leg":{"Weight":1,"CFrame":[-0.2015264630317688,-0.2567899227142334,-0.11935782432556153,0.8795731663703919,0.39043232798576357,-0.2718707323074341,-0.46627339720726015,0.8209848403930664,-0.3295041024684906,0.09455275535583496,0.41658905148506167,0.9041644334793091],"EasingStyle":"Linear","EasingDirection":"In"},"Right Arm":{"Weight":1,"CFrame":[0.2342747151851654,0.14865338802337647,0.46516501903533938,-0.15858900547027589,-0.059222470968961719,-0.9855669736862183,0.9865915775299072,-0.048485830426216128,-0.15584038197994233,-0.03855675831437111,-0.9970666170120239,0.0661176741123