{"Sequence":[{"Time":0,"poses":{"Left Leg":{"Weight":1,"CFrame":[-0.5120754241943359,0.23812341690063477,0.14113664627075196,0.8119919300079346,-0.5023477673530579,0.2971796989440918,0.42612865567207339,0.858163595199585,0.2863033711910248,-0.39885276556015017,-0.10583923012018204,0.9108867049217224],"EasingStyle":"Linear","EasingDirection":"In"},"Right Arm":{"Weight":1,"CFrame":[-0.027361072599887849,-0.31880128383636477,-0.10268741846084595,0.7617635130882263,-0.47301796078681948,-0.44268518686294558,0.6241943836212158,0.7188540697097778,0.30599066615104678,0.1734868586063385,-0.5094141960144043,0.8428520560264587],"EasingStyle":"Linear","EasingDirection":"In"},"Left Arm":{"Weight":1,"CFrame":[0.02129077911376953,-0.13077741861343385,0.10001134872436524,0.948600709438324,-0.09674979746341706,0.30132395029067995,-0.02058861218392849,0.931241512298584,0.36382052302360537,-0.31580501794815066,-0.35132429003715517,0.8813844323158264],"EasingStyle":"Linear","EasingDirection":"In"},"Head":{"Weight":1,"CFrame":[9.220093488693237e-8,3.725290298461914e-9,-5.960464477539063e-8,0.983707070350647,-0.17918723821640016,-0.0145707493647933,0.17703068256378175,0.9796006679534912,-0.09509287774562836,0.03131294623017311,0.09096407890319824,0.9953617453575134],"EasingStyle":"Linear","EasingDirection":"In"},"Torso":{"Weight":1,"CFrame":[-0.09504488110542298,0.023484908044338228,-0.3207552433013916,0.9851234555244446,0.17073427140712739,0.019532853737473489,-0.17125831544399262,0.984788715839386,0.029356131330132486,-0.01422363705933094,-0.032264579087495807,0.9993781447410584],"EasingStyle":"Linear","EasingDirection":"In"},"HumanoidRootPart":{"Weight":0,"CFrame":[0,0,0,1,0,0,0,1,0,0,0,1],"EasingStyle":"Linear","EasingDirection":"In"},"Right Leg":{"Weight":1,"CFrame":[0.6823715567588806,0.2023966908454895,0.02059614658355713,0.923337996006012,0.3816084563732147,-0.04268331453204155,-0.3796560764312744,0.9239135980606079,0.04738067090511322,0.05751664191484451,-0.027543440461158754,0.9979645609855652],"EasingStyle":"Linear","EasingDirection":"In"}}},{"Time":0.01666666753590107,"poses":{"Left Leg":{"Weight":1,"CFrame":[-0.49879664182662966,0.22581803798675538,0.13228201866149903,0.8272866606712341,-0.4837072491645813,0.28569936752319338,0.4131743907928467,0.8684662580490112,0.27395838499069216,-0.38063591718673708,-0.10859838873147965,0.9183260202407837],"EasingStyle":"Linear","EasingDirection":"In"},"Right Arm":{"Weight":1,"CFrame":[-0.027699284255504609,-0.306479811668396,-0.09952521324157715,0.7272154092788696,-0.5198553204536438,-0.4482278525829315,0.6703909635543823,0.6781560182571411,0.3011317551136017,0.14742332696914674,-0.5194755792617798,0.8416718244552612],"EasingStyle":"Linear","EasingDirection":"In"},"Left Arm":{"Weight":1,"CFrame":[0.017399653792381288,-0.12830612063407899,0.1176004409790039,0.9500366449356079,-0.09434404969215393,0.29753926396369936,-0.02764839120209217,0.9240466356277466,0.38127854466438296,-0.31091150641441347,-0.3704550862312317,0.8752697110176086],"EasingStyle":"Linear","EasingDirection":"In"},"Head":{"Weight":1,"CFrame":[1.0151416063308716e-7,9.313225746154786e-10,0,0.986431360244751,-0.1639118492603302,-0.009275832213461399,0.16232360899448396,0.9822139143943787,-0.09437642246484757,0.024580268189311029,0.09159018099308014,0.9954933524131775],"EasingStyle":"Linear","EasingDirection":"In"},"Torso":{"Weight":1,"CFrame":[-0.09850075840950012,0.024147845804691316,-0.30223512649536135,0.9876406788825989,0.15614894032478333,0.013542259112000466,-0.15649588406085969,0.9872172474861145,0.030184805393218995,-0.008655826561152935,-0.03193105012178421,0.9994525909423828],"EasingStyle":"Linear","EasingDirection":"In"},"HumanoidRootPart":{"Weight":0,"CFrame":[0,0,0,1,0,0,0,1,0,0,0,1],"EasingStyle":"Linear","EasingDirection":"In"},"Right Leg":{"Weight":1,"CFrame":[0.6638701558113098,0.19323796033859254,0.02512669563293457,0.9242017269134522,0.37840330600738528,-0.05159593001008034,-0.3757059574127197,0.9251077771186829,0.05496001988649368,0.06852889060974121,-0.03140929341316223,0.9971545934677124],"EasingStyle":"Linear","EasingDirection":"In"}}},{"Time":0.03333333507180214,"poses":{"Left Leg":{"Weight":1,"CFrame":[-0.4862174689769745,0.21350419521331788,0.12311041355133057,0.8426886796951294,-0.464126855134964,0.27287718653678896,0.39977630972862246,0.8788809180259705,0.26028308272361758,-0.3606310188770294,-0.1102476716041565,0.9261699318885803],"EasingStyle":"Linear","EasingDirection":"In"},"Right Arm":{"Weight":1,"CFrame":[-0.028671644628047944,-0.28664541244506838,-0.09043371677398682,0.6877180337905884,-0.5695638060569763,-0.45015639066696169,0.7174849510192871,0.6278043389320374,0.3017900586128235,0.11072135716676712,-0.5305269360542297,0.8404058218002319],"EasingStyle":"Linear","EasingDirection":"In"},"Left Arm":{"Weight":1,"CFrame":[0.01211770623922348,-0.12113454937934876,0.13978111743927003,0.9538294076919556,-0.08338149636983872,0.2885427474975586,-0.04446634650230408,0.9109023213386536,0.4102191925048828,-0.2970389723777771,-0.40410950779914858,0.8651377558708191],"EasingStyle":"Linear","EasingDirection":"In"},"Head":{"Weight":1,"CFrame":[9.406358003616333e-8,3.725290298461914e-9,2.384185791015625e-7,0.9891748428344727,-0.146698459982872,-0.003567442065104842,0.14572885632514954,0.984907865524292,-0.0933789536356926,0.017212150618433954,0.09184823930263519,0.9956242442131043],"EasingStyle":"Linear","EasingDirection":"In"},"Torso":{"Weight":1,"CFrame":[-0.09936347603797913,0.025070257484912874,-0.2840545177459717,0.9902499914169312,0.1390909105539322,0.007660452742129564,-0.13926440477371217,0.9897592663764954,0.03133781999349594,-0.003223198000341654,-0.032099105417728427,0.9994794726371765],"EasingStyle":"Linear","EasingDirection":"In"},"HumanoidRootPart":{"Weight":0,"CFrame":[0,0,0,1,0,0,0,1,0,0,0,1],"EasingStyle":"Linear","EasingDirection":"In"},"Right Leg":{"Weight":1,"CFrame":[0.643562912940979,0.18463212251663209,0.030646800994873048,0.9245155453681946,0.37594714760780337,-0.06272740662097931,-0.3721650540828705,0.925938606262207,0.06427206099033356,0.08224459737539292,-0.036075565963983539,0.9959590435028076],"EasingStyle":"Linear","EasingDirection":"In"}}},{"Time":0.05000000074505806,"poses":{"Left Leg":{"Weight":1,"CFrame":[-0.47445061802864077,0.20127004384994508,0.11378467082977295,0.8578323125839233,-0.4439833164215088,0.25884827971458437,0.38610655069351199,0.8891701102256775,0.24555698037147523,-0.33918341994285586,-0.11070365458726883,0.9341837763786316],"EasingStyle":"Linear","EasingDirection":"In"},"Right Arm":{"Weight":1,"CFrame":[-0.03021474927663803,-0.26008695363998415,-0.07600629329681397,0.6418819427490234,-0.6213096976280212,-0.44940146803855898,0.7641676068305969,0.566855788230896,0.3077702224254608,0.06352513283491135,-0.5409702658653259,0.8386392593383789],"EasingStyle":"Linear","EasingDirection":"In"},"Left Arm":{"Weight":1,"CFrame":[0.005543351173400879,-0.1096251904964447,0.16602540016174317,0.9593649506568909,-0.06311959773302078,0.27501776814460757,-0.07056639343500138,0.890018105506897,0.4504309892654419,-0.2732018828392029,-0.45153477787971499,0.8493980765342712],"EasingStyle":"Linear","EasingDirection":"In"},"Head":{"Weight":1,"CFrame":[8.987262845039368e-8,-7.450580596923828e-9,2.384185791015625e-7,0.9917985200881958,-0.12778687477111817,0.0025032791309058668,0.12747222185134889,0.9875509738922119,-0.09216249734163284,0.009305045008659363,0.09172573685646057,0.9957408308982849],"EasingStyle":"Linear","EasingDirection":"In"},"Torso":{"Weight":1,"CFrame":[-0.09788262844085694,0.026228897273540498,-0.26651930809020998,0.9927905201911926,0.11984769999980927,0.0018886845791712404,-0.1198449656367302,0.9922510981559753,0.032786112278699878,0.0020552908536046745,-0.03277609124779701,0.9994605779647827],"EasingStyle":"Linear","EasingDirection":"In"},"HumanoidRootPart":{"Weight":0,"CFrame":[0,0,0,1,0,0,0,1,0,0,0,1],"EasingStyle":"Linear","EasingDirection":"In"},"Right Leg":{"Weight":1,"CFrame":[0.6217760443687439,0.17673265933990479,0.036921024322509769,0.9241746068000794,0.3743741512298584,-0.07579749077558518,-0.36909589171409609,0.9263514876365662,0.075107641518116,0.09833353757858277,-0.0414360947906971,0.9942904710769653],"EasingStyle":"Linear","EasingDirection":"In"}}},{"Time":0.06666667014360428,"poses":{"Left Leg":{"Weight":1,"CFrame":[-0.46366989612579348,0.18920999765396119,0.1044626235961914,0.8723896145820618,-0.42369356751441958,0.2437622845172882,0.3723948001861572,0.8991128206253052,0.23003967106342317,-0.31663617491722109,-0.10990838706493378,0.9421579837799072],"EasingStyle":"Linear","EasingDirection":"In"},"Right Arm":{"Weight":1,"CFrame":[-0.032265156507492068,-0.2275945246219635,-0.0568351149559021,0.58832848072052,-0.6739361882209778,-0.44685518741607668,0.8086000084877014,0.4943999946117401,0.3189588487148285,0.005967174656689167,-0.5489796996116638,0.835814356803894],"EasingStyle":"Linear","EasingDirection":"In"},"Left Arm":{"Weight":1,"CFrame":[-0.002224758267402649,-0.0941426157951355,0.19580590724945069,0.9656490087509155,-0.03218243643641472,0.2578493654727936,-0.10540322214365006,0.8584879040718079,0.501885175704956,-0.2375124990940094,-0.5118230581283569,0.8256058096885681],"EasingStyle":"Linear","EasingDirection":"In"},"Head":{"Weight":1,"CFrame":[9.12696123123169e-8,1.7695128917694093e-8,-1.7881393432617188e-7,0.994173526763916,-0.10742469877004624,0.008883075788617134,0.10778709501028061,0.9900200963020325,-0.09078613668680191,0.0009582493221387267,0.09121465682983399,0.995830774307251],"EasingStyle":"Linear","EasingDirection":"In"},"Torso":{"Weight":1,"CFrame":[-0.09430776536464691,0.02760396897792816,-0.24993467330932618,0.9951086640357971,0.09871462732553482,-0.003771674120798707,-0.09852704405784607,0.9945359826087952,0.03450495004653931,0.007157209329307079,-0.03396456316113472,0.9993973970413208],"EasingStyle":"Linear","EasingDirection":"In"},"HumanoidRootPart":{"Weight":0,"CFrame":[0,0,0,1,0,0,0,1,0,0,0,1],"EasingStyle":"Linear","EasingDirection":"In"},"Right Leg":{"Weight":1,"CFrame":[0.598886251449585,0.16967320442199708,0.04371798038482666,0.9230654239654541,0.37384024262428286,-0.09051869064569473,-0.3665851056575775,0.9262824654579163,0.08727084845304489,0.1164713054895401,-0.04737392067909241,0.992063581943512],"EasingStyle":"Linear","EasingDirection":"In"}}},{"Time":0.0833333358168602,"poses":{"Left Leg":{"Weight":1,"CFrame":[-0.4541243016719818,0.17743515968322755,0.09529376029968262,0.8860725164413452,-0.40372005105018618,0.22778400778770448,0.3589349389076233,0.9085052013397217,0.21397185325622559,-0.2933277189731598,-0.10783497989177704,0.9499107599258423],"EasingStyle":"Linear","EasingDirection":"In"},"Right Arm":{"Weight":1,"CFrame":[-0.03475943207740784,-0.18995559215545655,-0.03351372480392456,0.5258163213729858,-0.7258604764938355,-0.44344520568847659,0.8483631610870361,0.40976086258888247,0.335225373506546,-0.06162045896053314,-0.5524695515632629,0.8312522768974304],"EasingStyle":"Linear","EasingDirection":"In"},"Left Arm":{"Weight":1,"CFrame":[-0.011088214814662934,-0.07504785060882569,0.22859406471252442,0.9711031913757324,0.01129847764968872,0.23839235305786134,-0.14798662066459657,0.8121709227561951,0.5643388032913208,-0.18723921477794648,-0.5833101272583008,0.7903738617897034],"EasingStyle":"Linear","EasingDirection":"In"},"Head":{"Weight":1,"CFrame":[9.825453162193299e-8,0,-4.76837158203125e-7,0.9961857795715332,-0.08586728572845459,0.015515981242060662,0.08691509813070297,0.9922047853469849,-0.08930513262748718,-0.007726641837507486,0.09031306952238083,0.9958834648132324],"EasingStyle":"Linear","EasingDirection":"In"},"Torso":{"Weight":1,"CFrame":[-0.08888792246580124,0.029178999364376069,-0.23460721969604493,0.9970645904541016,0.075996033847332,-0.009318685159087181,-0.07560984045267105,0.9964701533317566,0.03647374361753464,0.01205765176564455,-0.03566209226846695,0.999291181564331],"EasingStyle":"Linear","EasingDirection":"In"},"HumanoidRootPart":{"Weight":0,"CFrame":[0,0,0,1,0,0,0,1,0,0,0,1],"EasingStyle":"Linear","EasingDirection":"In"},"Right Leg":{"Weight":1,"CFrame":[0.5753330588340759,0.16357100009918214,0.050824880599975589,0.9210702180862427,0.3745221197605133,-0.10659654438495636,-0.3647477626800537,0.9256582856178284,0.10057757794857025,0.13634058833122254,-0.05375821888446808,0.9892023801803589],"EasingStyle":"Linear","EasingDirection":"In"}}},{"Time":0.10000000149011612,"poses":{"Left Leg":{"Weight":1,"CFrame":[-0.4461579918861389,0.1660757064819336,0.08641326427459717,0.8986365795135498,-0.38456806540489199,0.2110915631055832,0.34608495235443118,0.9171631336212158,0.19757795333862306,-0.26958760619163515,-0.10449513792991638,0.9572895765304565],"EasingStyle":"Linear","EasingDirection":"In"},"Right Arm":{"Weight":1,"CFrame":[-0.037634242326021197,-0.14795905351638795,-0.006634831428527832,0.45342567563056948,-0.7750120759010315,-0.44018322229385378,0.8804706931114197,0.3127501904964447,0.35631272196769717,-0.1384793072938919,-0.549129843711853,0.8241844177246094],"EasingStyle":"Linear","EasingDirection":"In"},"Left Arm":{"Weight":1,"CFrame":[-0.020948410034179689,-0.05270358920097351,0.2638624906539917,0.9732921123504639,0.06939686089754105,0.21882979571819306,-0.19632895290851594,0.7456610202789307,0.6367453336715698,-0.11898473650217056,-0.6627018451690674,0.739370584487915],"EasingStyle":"Linear","EasingDirection":"In"},"Head":{"Weight":1,"CFrame":[9.499490261077881e-8,1.5366822481155397e-8,3.5762786865234377e-7,0.9977394938468933,-0.06337752938270569,0.022342979907989503,0.06510617583990097,0.994010865688324,-0.0877702385187149,-0.016646504402160646,0.08902650326490402,0.9958901405334473],"EasingStyle":"Linear","EasingDirection":"In"},"Torso":{"Weight":1,"CFrame":[-0.08187142014503479,0.03094073385000229,-0.22084259986877442,0.9985378980636597,0.05200526490807533,-0.014749468304216862,-0.0514022633433342,0.9979288578033447,0.038675907999277118,0.01673027127981186,-0.03786120563745499,0.9991429448127747],"EasingStyle":"Linear","EasingDirection":"In"},"HumanoidRootPart":{"Weight":0,"CFrame":[0,0,0,1,0,0,0,1,0,0,0,1],"EasingStyle":"Linear","EasingDirection":"In"},"Right Leg":{"Weight":1,"CFrame":[0.5516271591186523,0.15852808952331544,0.05805623531341553,0.91806960105896,0.3766147792339325,-0.12373138219118118,-0.3637305200099945,0.9243960976600647,0.11485613137483597,0.15763340890407563,-0.06044108420610428,0.9856463074684143],"EasingStyle":"Linear","EasingDirection":"In"}}},{"Time":0.11666666716337204,"poses":{"Left Leg":{"Weight":1,"CFrame":[-0.44020479917526247,0.15527886152267457,0.07793557643890381,0.9098812341690064,-0.36678117513656618,0.19387559592723847,0.33426356315612795,0.9249232411384583,0.181065633893013,-0.24573157727718354,-0.09994269162416458,0.9641719460487366],"EasingStyle":"Linear","EasingDirection":"In"},"Right Arm":{"Weight":1,"CFrame":[-0.040826112031936648,-0.10239598155021668,0.02320873737335205,0.37080827355384829,-0.8188445568084717,-0.43817195296287539,0.9014891982078552,0.20396840572357179,0.38172510266304018,-0.22320038080215455,-0.5365542769432068,0.813812792301178],"EasingStyle":"Linear","EasingDirection":"In"},"Left Arm":{"Weight":1,"CFrame":[-0.03170681744813919,-0.02747476100921631,0.30108320713043215,0.968651533126831,0.1437813639640808,0.20258605480194093,-0.24670042097568513,0.652620255947113,0.7163975834846497,-0.029207216575741769,-0.7439178228378296,0.6676326394081116],"EasingStyle":"Linear","EasingDirection":"In"},"Head":{"Weight":1,"CFrame":[7.508788257837296e-8,-8.614733815193177e-9,1.1920928955078126e-7,0.9987608790397644,-0.04022498056292534,0.02930190972983837,0.042617905884981158,0.9953635334968567,-0.08622713387012482,-0.02569756843149662,0.08736907690763474,0.9958444833755493],"EasingStyle":"Linear","EasingDirection":"In"},"Torso":{"Weight":1,"CFrame":[-0.07350561767816544,0.032879047095775607,-0.20894670486450196,0.999432384967804,0.027064034715294839,-0.020059959962964059,-0.02622229792177677,0.9988109469413757,0.04109879955649376,0.021148407831788064,-0.04054945334792137,0.9989537000656128],"EasingStyle":"Linear","EasingDirection":"In"},"HumanoidRootPart":{"Weight":0,"CFrame":[0,0,0,1,0,0,0,1,0,0,0,1],"EasingStyle":"Linear","EasingDirection":"In"},"Right Leg":{"Weight":1,"CFrame":[0.5280141234397888,0.1565781831741333,0.06408882141113281,0.9143127202987671,0.3797719478607178,-0.1407317966222763,-0.3624897003173828,0.9223203659057617,0.13388918340206147,0.18064723908901215,-0.07140284031629563,0.9809527397155762],"EasingStyle":"Linear","EasingDirection":"In"}}},{"Time":0.13333334028720857,"poses":{"Left Leg":{"Weight":1,"CFrame":[-0.43680262565612795,0.1449354887008667,0.0700002908706665,0.9194150567054749,-0.35153451561927798,0.17635032534599305,0.32452496886253359,0.9314195513725281,0.1647455394268036,-0.22216995060443879,-0.0942394956946373,0.9704429507255554],"EasingStyle":"Linear","EasingDirection":"In"},"Right Arm":{"Weight":1,"CFrame":[-0.044271621853113177,-0.054053813219070438,0.055423855781555179,0.2784624695777893,-0.854467511177063,-0.43857041001319888,0.9078253507614136,0.0850910171866417,0.410624623298645,-0.3135471045970917,-0.512488842010498,0.7994019389152527],"EasingStyle":"Linear","EasingDirection":"In"},"Left Arm":{"Weight":1,"CFrame":[-0.043264925479888919,0.0002764463424682617,0.33972835540771487,0.9524107575416565,0.23459212481975556,0.19462862610816956,-0.29283761978149416,0.5269337892532349,0.7978640198707581,0.08461616188287735,-0.8168888092041016,0.570554792881012],"EasingStyle":"Linear","EasingDirection":"In"},"Head":{"Weight":1,"CFrame":[9.366340236738324e-8,6.984919309616089e-10,1.1920928955078126e-7,0.9992006421089172,-0.01668420061469078,0.03632761910557747,0.019714243710041047,0.9962100982666016,-0.08471561223268509,-0.03477653115987778,0.08536406606435776,0.9957427382469177],"EasingStyle":"Linear","EasingDirection":"In"},"Torso":{"Weight":1,"CFrame":[-0.06403675675392151,0.033983662724494937,-0.19922590255737306,0.9996801614761353,0.001500600134022534,-0.02524469420313835,-0.0003952502447646111,0.9990431666374207,0.043733566999435428,0.02528616599738598,-0.04370960220694542,0.9987242221832275],"EasingStyle":"Linear","EasingDirection":"In"},"HumanoidRootPart":{"Weight":0,"CFrame":[0,0,0,1,0,0,0,1,0,0,0,1],"EasingStyle":"Linear","EasingDirection":"In"},"Right Leg":{"Weight":1,"CFrame":[0.5045263767242432,0.15844464302062989,0.06806111335754395,0.9097473621368408,0.3844999074935913,-0.1565873771905899,-0.36076560616493227,0.9188060760498047,0.16013610363006593,0.205445796251297,-0.08919207751750946,0.9745957255363464],"EasingStyle":"Linear","EasingDirection":"In"}}},{"Time":0.15000000596046449,"poses":{"Left Leg":{"Weight":1,"CFrame":[-0.43659940361976626,0.13506001234054566,0.06268155574798584,0.9269582033157349,-0.33992812037467959,0.15873676538467408,0.3178776502609253,0.9363650679588318,0.1489100605249405,-0.1992543488740921,-0.08757446706295014,0.9760268330574036],"EasingStyle":"Linear","EasingDirection":"In"},"Right Arm":{"Weight":1,"CFrame":[-0.04790735989809036,-0.0037219226360321047,0.08941769599914551,0.1779780387878418,-0.8789308667182922,-0.44249776005744936,0.8961936235427856,-0.0409357026219368,0.4417705237865448,-0.40639978647232058,-0.475189208984375,0.780406653881073],"EasingStyle":"Linear","EasingDirection":"In"},"Left Arm":{"Weight":1,"CFrame":[-0.055524203926324847,0.030187547206878663,0.37926971912384035,0.9190788865089417,0.33879655599594118,0.2012730985879898,-0.3255997896194458,0.3651476800441742,0.872153639793396,0.22198812663555146,-0.8671124577522278,0.4459116756916046],"EasingStyle":"Linear","EasingDirection":"In"},"Head":{"Weight":1,"CFrame":[7.310882210731507e-8,-1.3737007975578308e-8,-2.980232238769531e-7,0.9990355372428894,0.006967318244278431,0.04335218295454979,-0.0033364060800522568,0.996521532535553,-0.08326904475688935,-0.043781545013189319,0.08304408937692642,0.9955836534500122],"EasingStyle":"Linear","EasingDirection":"In"},"Torso":{"Weight":1,"CFrame":[-0.05370990186929703,0.03343396633863449,-0.1919867992401123,0.9992442727088928,-0.024352651089429857,-0.030296724289655687,0.02574867382645607,0.9985828995704651,0.04657517373561859,0.02911956049501896,-0.04732007533311844,0.9984552264213562],"EasingStyle":"Linear","EasingDirection":"In"},"HumanoidRootPart":{"Weight":0,"CFrame":[0,0,0,1,0,0,0,1,0,0,0,1],"EasingStyle":"Linear","EasingDirection":"In"},"Right Leg":{"Weight":1,"CFrame":[0.48125767707824709,0.1625673770904541,0.07044768333435059,0.9040360450744629,0.391643226146698,-0.17127291858196259,-0.35941165685653689,0.9133391380310059,0.19140231609344483,0.23139172792434693,-0.11147715896368027,0.9664526581764221],"EasingStyle":"Linear","EasingDirection":"In"}}},{"Time":0.1666666716337204,"poses":{"Left Leg":{"Weight":1,"CFrame":[-0.44026467204093935,0.12598109245300294,0.05595660209655762,0.932507336139679,-0.3323853313922882,0.14124451577663423,0.3147038221359253,0.9397239685058594,0.13371743261814118,-0.17717665433883668,-0.08024225383996964,0.9809024333953857],"EasingStyle":"Linear","EasingDirection":"In"},"Right Arm":{"Weight":1,"CFrame":[-0.05166999250650406,0.04781109094619751,0.12459778785705567,0.07214395701885224,-0.8896572589874268,-0.45089370012283327,0.8642297983169556,-0.1699140965938568,0.4735356867313385,-0.4978976845741272,-0.42383864521980288,0.756610095500946],"EasingStyle":"Linear","EasingDirection":"In"},"Left Arm":{"Weight":1,"CFrame":[-0.06838605552911759,0.06189531087875366,0.41918015480041506,0.8639214038848877,0.4485868215560913,0.22893159091472627,-0.33399611711502077,0.17009864747524262,0.9270992875099182,0.37694355845451357,-0.877403199672699,0.2967781722545624],"EasingStyle":"Linear","EasingDirection":"In"},"Head":{"Weight":1,"CFrame":[9.033828973770142e-8,9.778887033462525e-9,1.1920928955078126e-7,0.9982695579528809,0.030451377853751184,0.05030545964837074,-0.026263218373060228,0.996293306350708,-0.08191422373056412,-0.052613385021686557,0.08045129477977753,0.995369017124176],"EasingStyle":"Linear","EasingDirection":"In"},"Torso":{"Weight":1,"CFrame":[-0.04276878386735916,0.03150879591703415,-0.18753504753112794,0.9981203675270081,-0.05016198009252548,-0.03520745411515236,0.051877137273550037,0.9974198937416077,0.04962221533060074,0.03262746334075928,-0.051355406641960147,0.9981473088264465],"EasingStyle":"Linear","EasingDirection":"In"},"HumanoidRootPart":{"Weight":0,"CFrame":[0,0,0,1,0,0,0,1,0,0,0,1],"EasingStyle":"Linear","EasingDirection":"In"},"Right Leg":{"Weight":1,"CFrame":[0.4584066569805145,0.1679571270942688,0.07167637348175049,0.8971341252326965,0.4012475311756134,-0.18479903042316438,-0.358690083026886,0.9058195948600769,0.22546041011810304,0.25786009430885317,-0.1359826922416687,0.9565651416778565],"EasingStyle":"Linear","EasingDirection":"In"}}},{"Time":0.18333333730697633,"poses":{"Left Leg":{"Weight":1,"CFrame":[-0.4484087824821472,0.11799240112304688,0.04976773262023926,0.936052680015564,-0.32925528287887576,0.12408190220594406,0.3153376877307892,0.9414492845535278,0.11931217461824417,-0.1561010330915451,-0.07255478948354721,0.9850727319717407],"EasingStyle":"Linear","EasingDirection":"In"},"Right Arm":{"Weight":1,"CFrame":[-0.05549600347876549,0.09975582361221314,0.1603701114654541,-0.035180192440748218,-0.8849519491195679,-0.46435144543647768,0.8111168146133423,-0.29671964049339297,0.5040307641029358,-0.5838252305984497,-0.3589114844799042,0.7282381057739258],"EasingStyle":"Linear","EasingDirection":"In"},"Left Arm":{"Weight":1,"CFrame":[-0.08175204694271088,0.09503704309463501,0.45893096923828127,0.7853819131851196,0.551263153553009,0.2815746068954468,-0.308403342962265,-0.045935600996017459,0.950145959854126,0.5367146730422974,-0.833065927028656,0.13393446803092957],"EasingStyle":"Linear","EasingDirection":"In"},"Head":{"Weight":1,"CFrame":[7.869675755500794e-8,2.514570951461792e-8,1.1920928955078126e-7,0.9969335198402405,0.05349143221974373,0.057115644216537479,-0.04879520833492279,0.9955456852912903,-0.08067117631435394,-0.061176449060440066,0.07763684540987015,0.9951030015945435],"EasingStyle":"Linear","EasingDirection":"In"},"Torso":{"Weight":1,"CFrame":[-0.03145577013492584,0.028489932417869569,-0.18617796897888184,0.9963372945785523,-0.07559555768966675,-0.03996659070253372,0.07765893638134003,0.995576798915863,0.052876923233270648,0.03579254820942879,-0.05578701198101044,0.9978009462356567],"EasingStyle":"Linear","EasingDirection":"In"},"HumanoidRootPart":{"Weight":0,"CFrame":[0,0,0,1,0,0,0,1,0,0,0,1],"EasingStyle":"Linear","EasingDirection":"In"},"Right Leg":{"Weight":1,"CFrame":[0.43660420179367068,0.17387056350708009,0.07224953174591065,0.8889229893684387,0.4134046137332916,-0.19726258516311646,-0.3590860962867737,0.8962934017181397,0.2602216899394989,0.28438204526901247,-0.16048282384872437,0.9451836347579956],"EasingStyle":"Linear","EasingDirection":"In"}}},{"Time":0.20000000298023225,"poses":{"Left Leg":{"Weight":1,"CFrame":[-0.4630236029624939,0.1118420958518982,0.04414248466491699,0.9372698068618774,-0.33162781596183779,0.10746340453624726,0.320869117975235,0.9411832690238953,0.1059105172753334,-0.13626568019390107,-0.06478498876094818,0.9885517358779907],"EasingStyle":"Linear","EasingDirection":"In"},"Right Arm":{"Weight":1,"CFrame":[-0.05932197347283363,0.15132218599319459,0.19614291191101075,-0.1394800990819931,-0.8644488453865051,-0.48298388719558718,0.738021969795227,-0.4159456491470337,0.5313312411308289,-0.6602036356925964,-0.28234267234802248,0.6959983706474304],"EasingStyle":"Linear","EasingDirection":"In"},"Left Arm":{"Weight":1,"CFrame":[-0.0955236405134201,0.12924867868423463,0.4979947805404663,0.6872294545173645,0.6321596503257752,0.35789647698402407,-0.24527063965797425,-0.2618230879306793,0.9334297180175781,0.6837821006774902,-0.7292618751525879,-0.02488233707845211],"EasingStyle":"Linear","EasingDirection":"In"},"Head":{"Weight":1,"CFrame":[9.12696123123169e-8,-1.4901161193847657e-8,-1.1920928955078126e-7,0.9950845241546631,0.07581494003534317,0.06370977312326431,-0.07066352665424347,0.9943228363990784,-0.07955369353294373,-0.06937944144010544,0.07466069608926773,0.9947925806045532],"EasingStyle":"Linear","EasingDirection":"In"},"Torso":{"Weight":1,"CFrame":[-0.020011812448501588,0.02466188371181488,-0.1891803741455078,0.9939561486244202,-0.10032642632722855,-0.04456206411123276,0.1027669757604599,0.993108332157135,0.05634500831365585,0.038602065294981,-0.06058397516608238,0.9974163770675659],"EasingStyle":"Linear","EasingDirection":"In"},"HumanoidRootPart":{"Weight":0,"CFrame":[0,0,0,1,0,0,0,1,0,0,0,1],"EasingStyle":"Linear","EasingDirection":"In"},"Right Leg":{"Weight":1,"CFrame":[0.41856104135513308,0.1801813840866089,0.07301688194274903,0.8787276744842529,0.42919501662254336,-0.2088763266801834,-0.3621738851070404,0.8845548033714294,0.29392650723457339,0.31091445684432986,-0.18263190984725953,0.9327260851860046],"EasingStyle":"Linear","EasingDirection":"In"}}},{"Time":0.21666666865348817,"poses":{"Left Leg":{"Weight":1,"CFrame":[-0.4844611883163452,0.10782355070114136,0.03891730308532715,0.9360989332199097,-0.3396034240722656,0.09158727526664734,0.33143100142478945,0.938822329044342,0.09362763166427612,-0.11778049170970917,-0.05728980153799057,0.9913856983184815],"EasingStyle":"Linear","EasingDirection":"In"},"Right Arm":{"Weight":1,"CFrame":[-0.06308461725711823,0.2017231583595276,0.2313227653503418,-0.2362210899591446,-0.8293312788009644,-0.5063685178756714,0.6481570601463318,-0.5227274298667908,0.5537585020065308,-0.72394198179245,-0.19739706814289094,0.6610161662101746],"EasingStyle":"Linear","EasingDirection":"In"},"Left Arm":{"Weight":1,"CFrame":[-0.10960221290588379,0.16416865587234498,0.5358437299728394,0.5783887505531311,0.6801279783248901,0.4504357576370239,-0.1502513438463211,-0.4539012312889099,0.8782928586006165,0.8018048405647278,-0.5756732225418091,-0.16034112870693208],"EasingStyle":"Linear","EasingDirection":"In"},"Head":{"Weight":1,"CFrame":[9.872019290924072e-8,6.51925802230835e-9,1.1920928955078126e-7,0.9928035140037537,0.09715519100427628,0.07001443207263947,-0.0916033387184143,0.992691159248352,-0.07856892794370651,-0.0771360844373703,0.07158996164798737,0.9944470524787903],"EasingStyle":"Linear","EasingDirection":"In"},"Torso":{"Weight":1,"CFrame":[-0.008676290512084961,0.02031184732913971,-0.19697213172912599,0.9910682439804077,-0.12403514236211777,-0.048979807645082477,0.12688091397285462,0.9900994896888733,0.06003551185131073,0.04104836657643318,-0.06571388989686966,0.9969938397407532],"EasingStyle":"Linear","EasingDirection":"In"},"HumanoidRootPart":{"Weight":0,"CFrame":[0,0,0,1,0,0,0,1,0,0,0,1],"EasingStyle":"Linear","EasingDirection":"In"},"Right Leg":{"Weight":1,"CFrame":[0.4064638018608093,0.1864578127861023,0.07492148876190186,0.8659231662750244,0.4492201507091522,-0.21995027363300324,-0.3691672682762146,0.8707085251808167,0.3249342143535614,0.33747971057891848,-0.20016969740390778,0.9198041558265686],"EasingStyle":"Linear","EasingDirection":"In"}}},{"Time":0.23333333432674409,"poses":{"Left Leg":{"Weight":1,"CFrame":[-0.5106418132781982,0.10552912950515747,0.033821940422058108,0.9329078197479248,-0.3518674373626709,0.0766313374042511,0.3457657992839813,0.9346901178359985,0.08246443420648575,-0.10064316540956497,-0.050435204058885577,0.9936434030532837],"EasingStyle":"Linear","EasingDirection":"In"},"Right Arm":{"Weight":1,"CFrame":[-0.06672036647796631,0.2501678466796875,0.26531660556793215,-0.3215445578098297,-0.7822220325469971,-0.5336083173751831,0.5463804006576538,-0.6135267019271851,0.5701345205307007,-0.773354709148407,-0.1082296296954155,0.6246669888496399],"EasingStyle":"Linear","EasingDirection":"In"},"Left Arm":{"Weight":1,"CFrame":[-0.12388922274112702,0.199432373046875,0.5719494819641113,0.4697544574737549,0.6920682787895203,0.5480623245239258,-0.03666424751281738,-0.6049944162368774,0.7953851222991943,0.8820354342460632,-0.3937298655509949,-0.2588246464729309],"EasingStyle":"Linear","EasingDirection":"In"},"Head":{"Weight":1,"CFrame":[4.936009645462036e-8,5.960464477539063e-8,-5.364418029785156e-7,0.9901931285858154,0.11725278198719025,0.07595624029636383,-0.1113554835319519,0.9907369613647461,-0.07771854102611542,-0.0843653678894043,0.06849821656942368,0.9940776824951172],"EasingStyle":"Linear","EasingDirection":"In"},"Torso":{"Weight":1,"CFrame":[0.0023131072521209718,0.015729576349258424,-0.20861148834228517,0.9877919554710388,-0.14641185104846955,-0.05320366099476814,0.14968937635421754,0.9866620898246765,0.06396064907312393,0.043129440397024158,-0.07114383578300476,0.996533215045929],"EasingStyle":"Linear","EasingDirection":"In"},"HumanoidRootPart":{"Weight":0,"CFrame":[0,0,0,1,0,0,0,1,0,0,0,1],"EasingStyle":"Linear","EasingDirection":"In"},"Right Leg":{"Weight":1,"CFrame":[0.40077924728393557,0.19176626205444337,0.07879865169525147,0.8502987027168274,0.47295454144477847,-0.23088108003139497,-0.38035619258880618,0.855427086353302,0.351530522108078,0.36375993490219118,-0.21108891069889069,0.9072597026824951],"EasingStyle":"Linear","EasingDirection":"In"}}},{"Time":0.25,"poses":{"Left Leg":{"Weight":1,"CFrame":[-0.5395236015319824,0.10455918312072754,0.028725743293762208,0.9280562996864319,-0.3671124577522278,0.06276972591876984,0.3626306354999542,0.9291130304336548,0.07244278490543366,-0.08491480350494385,-0.044468753039836887,0.9953954219818115],"EasingStyle":"Linear","EasingDirection":"In"},"Right Arm":{"Weight":1,"CFrame":[-0.07016581296920777,0.2958688735961914,0.29753172397613528,-0.3928001821041107,-0.7267628908157349,-0.563492476940155,0.43845441937446597,-0.6866180300712586,0.5799252986907959,-0.8083723187446594,-0.019271153956651689,0.5883561372756958],"EasingStyle":"Linear","EasingDirection":"In"},"Left Arm":{"Weight":1,"CFrame":[-0.13828633725643159,0.23467862606048585,0.60578453540802,0.37007132172584536,0.6731118559837341,0.6402871012687683,0.07995771616697312,-0.7097399830818176,0.6999114751815796,0.9255560040473938,-0.20782111585140229,-0.31647491455078127],"EasingStyle":"Linear","EasingDirection":"In"},"Head":{"Weight":1,"CFrame":[1.0058283805847168e-7,-1.862645149230957e-8,-1.7881393432617188e-7,0.9873737096786499,0.13585661351680757,0.0814623162150383,-0.1296674907207489,0.9885632991790772,-0.07699953019618988,-0.0909915491938591,0.06546429544687271,0.9936976432800293],"EasingStyle":"Linear","EasingDirection":"In"},"Torso":{"Weight":1,"CFrame":[0.012720614671707154,0.011207208037376404,-0.22315549850463868,0.9842686653137207,-0.16715753078460694,-0.057215068489313129,0.17089107632637025,0.9829311966896057,0.06813561916351319,0.04484909400343895,-0.07684129476547241,0.9960341453552246],"EasingStyle":"Linear","EasingDirection":"In"},"HumanoidRootPart":{"Weight":0,"CFrame":[0,0,0,1,0,0,0,1,0,0,0,1],"EasingStyle":"Linear","EasingDirection":"In"},"Right Leg":{"Weight":1,"CFrame":[0.4019939601421356,0.19524025917053224,0.08557355403900147,0.8316100239753723,0.49977758526802065,-0.2421714812517166,-0.39614149928092959,0.8394390344619751,0.37204042077064516,0.38922569155693056,-0.21345838904380799,0.8960685729980469],"EasingStyle":"Linear","EasingDirection":"In"}}},{"Time":0.2666666805744171,"poses":{"Left Leg":{"Weight":1,"CFrame":[-0.5692833065986633,0.10453075170516968,0.02363431453704834,0.921905517578125,-0.3841523230075836,0.05017188563942909,0.3809066712856293,0.9224233031272888,0.06360244005918503,-0.07071280479431153,-0.03952466696500778,0.9967133402824402],"EasingStyle":"Linear","EasingDirection":"In"},"Right Arm":{"Weight":1,"CFrame":[-0.0733577311038971,0.33803606033325198,0.32737529277801516,-0.4487753212451935,-0.6670254468917847,-0.5947081446647644,0.33019113540649416,-0.742160975933075,0.5832417607307434,-0.8304062485694885,0.06537703424692154,0.553309440612793],"EasingStyle":"Linear","EasingDirection":"In"},"Left Arm":{"Weight":1,"CFrame":[-0.15269486606121064,0.2695438265800476,0.636820912361145,0.2836898863315582,0.6329696178436279,0.7203258872032166,0.1871151179075241,-0.7732881307601929,0.6058164834976196,0.9404828548431397,-0.03708002716302872,-0.3378121554851532],"EasingStyle":"Linear","EasingDirection":"In"},"Head":{"Weight":1,"CFrame":[9.499490261077881e-8,-1.7695128917694093e-8,2.384185791015625e-7,0.9844796061515808,0.15272368490695954,0.08646057546138764,-0.14629380404949189,0.9862861633300781,-0.07640466094017029,-0.0969436839222908,0.06257019191980362,0.9933211207389832],"EasingStyle":"Linear","EasingDirection":"In"},"Torso":{"Weight":1,"CFrame":[0.022312715649604799,0.0070389509201049809,-0.23966217041015626,0.9806578159332275,-0.18598440289497376,-0.060992710292339328,0.19019539654254914,0.9790598154067993,0.07257828116416931,0.04621708393096924,-0.08277498185634613,0.9954959750175476],"EasingStyle":"Linear","EasingDirection":"In"},"HumanoidRootPart":{"Weight":0,"CFrame":[0,0,0,1,0,0,0,1,0,0,0,1],"EasingStyle":"Linear","EasingDirection":"In"},"Right Leg":{"Weight":1,"CFrame":[0.4078711271286011,0.19745147228240968,0.09418809413909912,0.8108606934547424,0.5277422666549683,-0.2529684007167816,-0.4143706262111664,0.822957456111908,0.3886360824108124,0.41328194737434389,-0.2103070616722107,0.8859847784042358],"EasingStyle":"Linear","EasingDirection":"In"}}},{"Time":0.28333333134651186,"poses":{"Left Leg":{"Weight":1,"CFrame":[-0.5983776450157166,0.10507243871688843,0.01866292953491211,0.9148229360580444,-0.40196746587753298,0.03900201618671417,0.3996402323246002,0.9149600267410278,0.05599863827228546,-0.05819496512413025,-0.03564208745956421,0.9976688027381897],"EasingStyle":"Linear","EasingDirection":"In"},"Right Arm":{"Weight":1,"CFrame":[-0.07623250782489777,0.37588071823120119,0.35425424575805666,-0.48959389328956606,-0.6069424152374268,-0.6260340809822083,0.22675016522407533,-0.781891405582428,0.5807152390480042,-0.8419514298439026,0.14236122369766236,0.5204336047172546],"EasingStyle":"Linear","EasingDirection":"In"},"Left Arm":{"Weight":1,"CFrame":[-0.16701629757881165,0.3036643862724304,0.6645306348800659,0.21087735891342164,0.5817373394966126,0.7855650186538696,0.2774549424648285,-0.8062059283256531,0.5225425362586975,0.9373096823692322,0.10776661336421967,-0.33141645789146426],"EasingStyle":"Linear","EasingDirection":"In"},"Head":{"Weight":1,"CFrame":[6.705522537231445e-8,-2.7939677238464357e-9,-5.960464477539063e-8,0.9816541075706482,0.16761869192123414,0.0908798798918724,-0.1609954982995987,0.9840304255485535,-0.07592441141605377,-0.1021549180150032,0.05990026518702507,0.992963433265686],"EasingStyle":"Linear","EasingDirection":"In"},"Torso":{"Weight":1,"CFrame":[0.030858278274536134,0.0035210400819778444,-0.2571883201599121,0.977131187915802,-0.20261505246162415,-0.06451214104890824,0.20732146501541139,0.975213348865509,0.07730893045663834,0.04724914953112602,-0.08891572058200836,0.9949178695678711],"EasingStyle":"Linear","EasingDirection":"In"},"HumanoidRootPart":{"Weight":0,"CFrame":[0,0,0,1,0,0,0,1,0,0,0,1],"EasingStyle":"Linear","EasingDirection":"In"},"Right Leg":{"Weight":1,"CFrame":[0.4153689742088318,0.19939106702804566,0.10273361206054688,0.7897083163261414,0.5547575354576111,-0.2619251310825348,-0.43213018774986269,0.8060680627822876,0.40437331795692446,0.4354586899280548,-0.20615123212337495,0.8762861490249634],"EasingStyle":"Linear","EasingDirection":"In"}}},{"Time":0.30000001192092898,"poses":{"Left Leg":{"Weight":1,"CFrame":[-0.6255331039428711,0.10582882165908814,0.014000654220581055,0.9071839451789856,-0.41970452666282656,0.029419073835015298,0.4180392324924469,0.9070683121681213,0.04970099404454231,-0.047544851899147037,-0.03278960660099983,0.9983307719230652],"EasingStyle":"Linear","EasingDirection":"In"},"Right Arm":{"Weight":1,"CFrame":[-0.07872682809829712,0.40861403942108157,0.3775756359100342,-0.5163833498954773,-0.5498992204666138,-0.6564748287200928,0.13223513960838319,-0.8085976839065552,0.5733093619346619,-0.8460863828659058,0.2092382162809372,0.49026229977607729],"EasingStyle":"Linear","EasingDirection":"In"},"Left Arm":{"Weight":1,"CFrame":[-0.1811520755290985,0.3366779685020447,0.6883862018585205,0.14941054582595826,0.5274679064750671,0.836333692073822,0.3480548560619354,-0.8197492957115173,0.4548284709453583,0.9254913926124573,0.2231339067220688,-0.30606696009635928],"EasingStyle":"Linear","EasingDirection":"In"},"Head":{"Weight":1,"CFrame":[8.940696716308594e-8,1.7695128917694093e-8,0,0.9790447950363159,0.18031252920627595,0.09465011954307556,-0.17353934049606324,0.9819249510765076,-0.07554758340120316,-0.10656148940324784,0.0575389489531517,0.9926398992538452],"EasingStyle":"Linear","EasingDirection":"In"},"Torso":{"Weight":1,"CFrame":[0.03812938928604126,0.0009512156248092651,-0.2747926712036133,0.9738669395446777,-0.21678043901920319,-0.06774501502513886,0.2219962477684021,0.9715637564659119,0.08234979957342148,0.04796677455306053,-0.0952368900179863,0.9942982792854309],"EasingStyle":"Linear","EasingDirection":"In"},"HumanoidRootPart":{"Weight":0,"CFrame":[0,0,0,1,0,0,0,1,0,0,0,1],"EasingStyle":"Linear","EasingDirection":"In"},"Right Leg":{"Weight":1,"CFrame":[0.42373451590538027,0.20086324214935304,0.11085939407348633,0.769005537033081,0.5799307227134705,-0.26890668272972109,-0.44882577657699587,0.7893755435943604,0.4188573658466339,0.4551767408847809,-0.20141148567199708,0.8673221468925476],"EasingStyle":"Linear","EasingDirection":"In"}}},{"Time":0.3166666626930237,"poses":{"Left Leg":{"Weight":1,"CFrame":[-0.6496949791908264,0.10645550489425659,0.009881138801574707,0.8993697762489319,-0.43665605783462527,0.021577510982751848,0.435449481010437,0.8990981578826904,0.04479072615504265,-0.03895849734544754,-0.03088749758899212,0.9987633228302002],"EasingStyle":"Linear","EasingDirection":"In"},"Right Arm":{"Weight":1,"CFrame":[-0.08077725768089295,0.4354470372200012,0.3967468738555908,-0.5308451652526856,-0.4985436201095581,-0.6853157877922058,0.04962017387151718,-0.8255590796470642,0.5621299743652344,-0.8460149168968201,0.26439839601516726,0.4629818797111511],"EasingStyle":"Linear","EasingDirection":"In"},"Left Arm":{"Weight":1,"CFrame":[-0.1950037181377411,0.3