{"Sequence":[{"Time":0,"poses":{"Left Leg":{"Weight":1,"CFrame":[-0.21927425265312196,0.28887301683425906,-0.006031155586242676,0.9827385544776917,-0.1338803470134735,0.12767551839351655,0.12693290412425996,0.990026593208313,0.06111768260598183,-0.13458463549613954,-0.04385646432638168,0.9899311065673828],"EasingStyle":"Linear","EasingDirection":"In"},"Right Arm":{"Weight":1,"CFrame":[5.548042736336356e-8,-0.06107935309410095,-0.04886358976364136,0.9886994361877441,0.012715769000351429,-0.1493711918592453,-0.00393586466088891,0.9982544779777527,0.05892825126647949,0.14985980093479157,-0.05767442286014557,0.987023651599884],"EasingStyle":"Linear","EasingDirection":"In"},"Left Arm":{"Weight":1,"CFrame":[9.273946943721967e-8,-0.0977274477481842,-0.061079561710357669,0.9842522144317627,0.02881154976785183,0.17440621554851533,-0.038992490619421008,0.9977118968963623,0.05523209273815155,-0.1724158227443695,-0.061162836849689487,0.9831235408782959],"EasingStyle":"Linear","EasingDirection":"In"},"Right Leg":{"Weight":1,"CFrame":[0.20992206037044526,0.29532212018966677,-0.009643018245697022,0.9804471731185913,0.13345736265182496,-0.1446114331483841,-0.1234084963798523,0.9894104599952698,0.07640206813812256,0.1532764434814453,-0.05706190690398216,0.9865344762802124],"EasingStyle":"Linear","EasingDirection":"In"},"Torso":{"Weight":1,"CFrame":[4.087401705987759e-8,2.6636890731860688e-14,-0.27069616317749026,1,-6.516827397717861e-7,-1.5099580252808665e-7,6.516827397717861e-7,1,-9.840135569436429e-14,1.5099580252808665e-7,0,1],"EasingStyle":"Linear","EasingDirection":"In"},"HumanoidRootPart":{"Weight":0,"CFrame":[0,0,0,1,0,0,0,1,0,0,0,1],"EasingStyle":"Linear","EasingDirection":"In"},"Head":{"Weight":1,"CFrame":[1.509957741063772e-7,0,0,0.9976524114608765,0.05346532166004181,0.04279172420501709,-0.0499265156686306,0.9955532550811768,-0.07988142222166062,-0.046872321516275409,0.07755744457244873,0.99588543176651],"EasingStyle":"Linear","EasingDirection":"In"}}},{"Time":0.03333333507180214,"poses":{"Left Leg":{"Weight":1,"CFrame":[-0.19198696315288545,0.2488248348236084,-0.004472255706787109,0.9835795760154724,-0.12605975568294526,0.12915170192718507,0.11971629410982132,0.9912395477294922,0.05578646436333656,-0.13505271077156068,-0.0394088551402092,0.9900543689727783],"EasingStyle":"Linear","EasingDirection":"In"},"Right Arm":{"Weight":1,"CFrame":[-0.0007719823624938726,-0.060547202825546268,-0.05847543478012085,0.9850165247917175,0.018603889271616937,-0.1714535653591156,-0.007691161707043648,0.99791419506073,0.06409412622451782,0.17228832840919496,-0.06181509420275688,0.9831050634384155],"EasingStyle":"Linear","EasingDirection":"In"},"Left Arm":{"Weight":1,"CFrame":[-0.010791952721774578,-0.09404522180557251,-0.061353206634521487,0.9928185343742371,0.040951602160930637,0.11240264028310776,-0.04700595512986183,0.9975531101226807,0.05175134167075157,-0.11000829935073853,-0.05666327103972435,0.9923141598701477],"EasingStyle":"Linear","EasingDirection":"In"},"Right Leg":{"Weight":1,"CFrame":[0.18656791746616364,0.2628394365310669,-0.009610176086425782,0.9815370440483093,0.12626300752162934,-0.14367567002773286,-0.11583094298839569,0.9901362657546997,0.07882503420114517,0.15221115946769715,-0.06072761490941048,0.9864805936813355],"EasingStyle":"Linear","EasingDirection":"In"},"Torso":{"Weight":1,"CFrame":[-0.0033649930264800789,2.200039483923888e-9,-0.23302984237670899,0.9999916553497315,0.0012226062826812268,-0.00390222086571157,-0.0012083896435797215,0.9999926090240479,0.003643477102741599,0.003906646277755499,-0.0036387313157320024,0.9999857544898987],"EasingStyle":"Linear","EasingDirection":"In"},"HumanoidRootPart":{"Weight":0,"CFrame":[0,0,0,1,0,0,0,1,0,0,0,1],"EasingStyle":"Linear","EasingDirection":"In"},"Head":{"Weight":1,"CFrame":[1.5101068129297347e-7,1.3014869182370604e-9,1.1920928955078126e-7,0.9983617067337036,0.048986271023750308,0.029567254707217218,-0.04653042554855347,0.995811939239502,-0.07869907468557358,-0.03329860419034958,0.07719437032938004,0.9964598417282105],"EasingStyle":"Linear","EasingDirection":"In"}}},{"Time":0.06666667014360428,"poses":{"Left Leg":{"Weight":1,"CFrame":[-0.1093694344162941,0.1564585566520691,-0.0035822391510009767,0.9859115481376648,-0.10067126154899597,0.1335805207490921,0.09592247754335404,0.9945217370986939,0.04153815284371376,-0.13703042268753053,-0.028139570727944375,0.9901670813560486],"EasingStyle":"Linear","EasingDirection":"In"},"Right Arm":{"Weight":1,"CFrame":[-0.002702075056731701,-0.059217363595962527,-0.0825047492980957,0.9735285639762878,0.03408914804458618,-0.22600899636745454,-0.016126584261655809,0.9965956211090088,0.08085259050130844,0.22799576818943025,-0.07506754994392395,0.9707640409469605],"EasingStyle":"Linear","EasingDirection":"In"},"Left Arm":{"Weight":1,"CFrame":[-0.040625859051942828,-0.0848408043384552,-0.06326907873153687,0.9961618185043335,0.07494983822107315,-0.045212194323539737,-0.07317130267620087,0.9965253472328186,0.03978915885090828,0.04803730547428131,-0.036328211426734927,0.9981846809387207],"EasingStyle":"Linear","EasingDirection":"In"},"Right Leg":{"Weight":1,"CFrame":[0.11814232915639878,0.1911088228225708,-0.009860634803771973,0.9845695495605469,0.10390942543745041,-0.14080362021923066,-0.09240647405385971,0.9920071959495544,0.08592335134744644,0.14860641956329347,-0.07158634811639786,0.9863019585609436],"EasingStyle":"Linear","EasingDirection":"In"},"Torso":{"Weight":1,"CFrame":[-0.012668319046497345,8.282430741246572e-9,-0.1467876434326172,0.9998810291290283,0.004918523598462343,-0.014617903158068657,-0.004727547988295555,0.9999033808708191,0.013070471584796906,0.014680778607726097,-0.01299981027841568,0.9998077154159546],"EasingStyle":"Linear","EasingDirection":"In"},"HumanoidRootPart":{"Weight":0,"CFrame":[0,0,0,1,0,0,0,1,0,0,0,1],"EasingStyle":"Linear","EasingDirection":"In"},"Head":{"Weight":1,"CFrame":[1.4836405171081425e-7,1.4551915228366853e-10,1.1920928955078126e-7,0.9992989897727966,0.03721698746085167,-0.004050619434565306,-0.03741725906729698,0.9964070916175842,-0.07597947865724564,0.0012083391193300486,0.07607778906822205,0.9971011281013489],"EasingStyle":"Linear","EasingDirection":"In"}}},{"Time":0.10000000149011612,"poses":{"Left Leg":{"Weight":1,"CFrame":[-0.04239647090435028,0.047369539737701419,-0.004331469535827637,0.9860488772392273,-0.09018172323703766,0.13991019129753114,0.08775472640991211,0.9958664774894714,0.023432932794094087,-0.1414450854063034,-0.010828228667378426,0.9898868799209595],"EasingStyle":"Linear","EasingDirection":"In"},"Right Arm":{"Weight":1,"CFrame":[-0.005211189389228821,-0.05748802423477173,-0.1137428879737854,0.9537781476974487,0.05638794228434563,-0.2951740324497223,-0.024424834176898004,0.9935341477394104,0.11087522655725479,0.2995174825191498,-0.0985407754778862,0.9489883780479431],"EasingStyle":"Linear","EasingDirection":"In"},"Left Arm":{"Weight":1,"CFrame":[-0.08568831533193588,-0.07287484407424927,-0.06846922636032105,0.9604754447937012,0.12309955805540085,-0.2496667206287384,-0.12203129380941391,0.9923284649848938,0.019814975559711458,0.2501905858516693,0.011435356922447682,0.9681290984153748],"EasingStyle":"Linear","EasingDirection":"In"},"Right Leg":{"Weight":1,"CFrame":[0.05625515803694725,0.1145821213722229,-0.007555663585662842,0.9868320822715759,0.08919806778430939,-0.13493019342422486,-0.07610516995191574,0.9921458959579468,0.09926971793174744,0.1427251100540161,-0.08769366145133972,0.985869824886322],"EasingStyle":"Linear","EasingDirection":"In"},"Torso":{"Weight":1,"CFrame":[-0.026722272858023645,1.7470725310886338e-8,-0.052106380462646487,0.9994681477546692,0.01115861814469099,-0.030641023069620134,-0.010361521504819394,0.9996069073677063,0.026050716638565065,0.030919669196009637,-0.025719374418258668,0.9991909265518189],"EasingStyle":"Linear","EasingDirection":"In"},"HumanoidRootPart":{"Weight":0,"CFrame":[0,0,0,1,0,0,0,1,0,0,0,1],"EasingStyle":"Linear","EasingDirection":"In"},"Head":{"Weight":1,"CFrame":[1.5701516531407834e-7,-1.1059455573558808e-9,-1.1920928955078126e-7,0.998589277267456,0.020708123221993448,-0.048893507570028308,-0.024256480857729913,0.9970272183418274,-0.07313225418329239,0.04723374918103218,0.07421507686376572,0.9961230158805847],"EasingStyle":"Linear","EasingDirection":"In"}}},{"Time":0.13333334028720857,"poses":{"Left Leg":{"Weight":1,"CFrame":[-0.019884740933775903,-0.04498720169067383,-0.006704449653625488,0.9833751320838928,-0.10530465841293335,0.14793330430984498,0.1058112308382988,0.9943762421607971,0.004463508725166321,-0.14757145941257478,0.011263693682849408,0.9889872670173645],"EasingStyle":"Linear","EasingDirection":"In"},"Right Arm":{"Weight":1,"CFrame":[-0.0077202897518873219,-0.055758655071258548,-0.14498108625411988,0.9285678267478943,0.0829470083117485,-0.36177563667297366,-0.027782278135418893,0.9875073432922363,0.15510457754135133,0.370121568441391,-0.13397417962551118,0.9192719459533691],"EasingStyle":"Linear","EasingDirection":"In"},"Left Arm":{"Weight":1,"CFrame":[-0.14216595888137818,-0.06090906262397766,-0.07859587669372559,0.8780516982078552,0.17421472072601319,-0.44572916626930239,-0.19784000515937806,0.9802120327949524,-0.0066102128475904469,0.43575742840766909,0.09398717433214188,0.895143449306488],"EasingStyle":"Linear","EasingDirection":"In"},"Right Leg":{"Weight":1,"CFrame":[0.0407601073384285,0.06296557188034058,-0.002425074577331543,0.9872206449508667,0.09821756184101105,-0.12549374997615815,-0.0832570269703865,0.9893540740013123,0.11935969442129135,0.13588090240955354,-0.10738611966371536,0.9848880767822266],"EasingStyle":"Linear","EasingDirection":"In"},"Torso":{"Weight":1,"CFrame":[-0.044339198619127277,2.8988457856371498e-8,0.018427371978759767,0.9985266923904419,0.01997530832886696,-0.05045197531580925,-0.017945734784007074,0.9990237951278687,0.04036540910601616,0.05120903626084328,-0.03940054029226303,0.9979104399681091],"EasingStyle":"Linear","EasingDirection":"In"},"HumanoidRootPart":{"Weight":0,"CFrame":[0,0,0,1,0,0,0,1,0,0,0,1],"EasingStyle":"Linear","EasingDirection":"In"},"Head":{"Weight":1,"CFrame":[1.568114385008812e-7,-6.984919309616089e-9,0,0.9954342842102051,0.0018017707625404,-0.09543264657258988,-0.008650028146803379,0.9974105954170227,-0.07139516621828079,0.09505690634250641,0.07189469039440155,0.9928722381591797],"EasingStyle":"Linear","EasingDirection":"In"}}},{"Time":0.1666666716337204,"poses":{"Left Leg":{"Weight":1,"CFrame":[-0.0037797652184963228,-0.11379086971282959,-0.01222836971282959,0.9796727299690247,-0.12324117869138718,0.15828102827072144,0.12728933990001679,0.9917420148849487,-0.015658345073461534,-0.15504425764083863,0.035487543791532519,0.987269937992096],"EasingStyle":"Linear","EasingDirection":"In"},"Right Arm":{"Weight":1,"CFrame":[-0.009650388732552529,-0.05442845821380615,-0.16901051998138429,0.9050593376159668,0.110806405544281,-0.4105965495109558,-0.022485561668872834,0.9765787124633789,0.21398231387138368,0.42469051480293276,-0.184434175491333,0.8863532543182373],"EasingStyle":"Linear","EasingDirection":"In"},"Left Arm":{"Weight":1,"CFrame":[-0.20624549686908723,-0.051703840494155887,-0.0952911376953125,0.7756766676902771,0.2213912010192871,-0.5910258889198303,-0.30364349484443667,0.9518616795539856,-0.041952986270189288,0.5532868504524231,0.21200308203697205,0.8055608868598938],"EasingStyle":"Linear","EasingDirection":"In"},"Right Leg":{"Weight":1,"CFrame":[0.03904438018798828,0.03949320316314697,0.0023374557495117189,0.9873292446136475,0.11098993569612503,-0.1134115532040596,-0.09436819702386856,0.985260009765625,0.1426791101694107,0.12757578492164613,-0.1301688402891159,0.9832499623298645],"EasingStyle":"Linear","EasingDirection":"In"},"Torso":{"Weight":1,"CFrame":[-0.06433141976594925,4.205913484156554e-8,0.062422752380371097,0.9968742728233337,0.03128907456994057,-0.07254420220851898,-0.027415411546826364,0.9981757402420044,0.053791750222444537,0.07409495860338211,-0.051634784787893298,0.995913565158844],"EasingStyle":"Linear","EasingDirection":"In"},"HumanoidRootPart":{"Weight":0,"CFrame":[0,0,0,1,0,0,0,1,0,0,0,1],"EasingStyle":"Linear","EasingDirection":"In"},"Head":{"Weight":1,"CFrame":[1.4097895473241807e-7,-3.725290298461914e-9,2.384185791015625e-7,0.9908339381217957,-0.017608482390642167,-0.13393299281597138,0.008064145222306252,0.9974098801612854,-0.0714733749628067,0.13484466075897218,0.06973820179700852,0.9884095788002014],"EasingStyle":"Linear","EasingDirection":"In"}}},{"Time":0.20000000298023225,"poses":{"Left Leg":{"Weight":1,"CFrame":[0.010748852044343949,-0.16207492351531983,-0.01989126205444336,0.9756345748901367,-0.13751736283302308,0.1709565967321396,0.14569701254367829,0.988666832447052,-0.036197561770677569,-0.16404138505458833,0.06022346392273903,0.9846134185791016],"EasingStyle":"Linear","EasingDirection":"In"},"Right Arm":{"Weight":1,"CFrame":[-0.010422449558973313,-0.05389666557312012,-0.17862224578857423,0.8933734893798828,0.1355125457048416,-0.42839255928993227,-0.006943059619516134,0.957484781742096,0.2884001135826111,0.4492611885070801,-0.25467467308044436,0.8563324213027954],"EasingStyle":"Linear","EasingDirection":"In"},"Left Arm":{"Weight":1,"CFrame":[-0.2741135358810425,-0.048022449016571048,-0.12019723653793335,0.6949902772903442,0.2701409161090851,-0.666342556476593,-0.4415915906429291,0.8917307257652283,-0.0990614965558052,0.5674375891685486,0.3630980849266052,0.7390361428260803],"EasingStyle":"Linear","EasingDirection":"In"},"Right Leg":{"Weight":1,"CFrame":[0.04290861636400223,0.03806406259536743,0.00537419319152832,0.9878385066986084,0.11965283751487732,-0.09928897768259049,-0.10203734785318375,0.9807175993919373,0.16667723655700684,0.11731777340173722,-0.15451903641223908,0.9809997081756592],"EasingStyle":"Linear","EasingDirection":"In"},"Torso":{"Weight":1,"CFrame":[-0.08551131188869477,5.5906294704755058e-8,0.0850377082824707,0.9944213032722473,0.04487321525812149,-0.09546051174402237,-0.03884487599134445,0.9971873164176941,0.06409797072410584,0.09806829690933228,-0.060032233595848086,0.9933673739433289],"EasingStyle":"Linear","EasingDirection":"In"},"HumanoidRootPart":{"Weight":0,"CFrame":[0,0,0,1,0,0,0,1,0,0,0,1],"EasingStyle":"Linear","EasingDirection":"In"},"Head":{"Weight":1,"CFrame":[1.3527460396289826e-7,-8.381903171539307e-9,-5.364418029785156e-7,0.9872843623161316,-0.0361034981906414,-0.15480992197990418,0.024958411231637,0.9969945549964905,-0.07334116101264954,0.15699253976345063,0.06854476034641266,0.9852182269096375],"EasingStyle":"Linear","EasingDirection":"In"}}},{"Time":0.23333333432674409,"poses":{"Left Leg":{"Weight":1,"CFrame":[0.02294805273413658,-0.1931823492050171,-0.028276443481445314,0.9719005227088928,-0.14455756545066834,0.18577542901039124,0.15740442276000977,0.9859284162521362,-0.056293878704309466,-0.17502355575561524,0.08395392447710037,0.9809783101081848],"EasingStyle":"Linear","EasingDirection":"In"},"Right Arm":{"Weight":1,"CFrame":[-0.0012805573642253876,-0.055442482233047488,-0.16058963537216187,0.8924161195755005,0.09070343524217606,-0.4420028030872345,0.08934417366981507,0.9246696829795837,0.3701399564743042,0.4422794580459595,-0.36980924010276797,0.8170862197875977],"EasingStyle":"Linear","EasingDirection":"In"},"Left Arm":{"Weight":1,"CFrame":[-0.3422366976737976,-0.05344632267951965,-0.17220067977905274,0.6268119215965271,0.32418152689933779,-0.7085289359092712,-0.6081663370132446,0.771998405456543,-0.18480300903320313,0.48707345128059389,0.5467401742935181,0.6810539960861206],"EasingStyle":"Linear","EasingDirection":"In"},"Right Leg":{"Weight":1,"CFrame":[0.05108455941081047,0.05234473943710327,0.005915403366088867,0.9892280101776123,0.12005184590816498,-0.08375869691371918,-0.10248801112174988,0.9765599370002747,0.18927980959415437,0.10451868921518326,-0.17865662276744843,0.9783443212509155],"EasingStyle":"Linear","EasingDirection":"In"},"Torso":{"Weight":1,"CFrame":[-0.10669118165969849,6.975346167337193e-8,0.0914297103881836,0.9911977052688599,0.060355834662914279,-0.11783171445131302,-0.05245522782206535,0.9962339401245117,0.06903938204050064,0.12155488133430481,-0.06225078925490379,0.9906307458877564],"EasingStyle":"Linear","EasingDirection":"In"},"HumanoidRootPart":{"Weight":0,"CFrame":[0,0,0,1,0,0,0,1,0,0,0,1],"EasingStyle":"Linear","EasingDirection":"In"},"Head":{"Weight":1,"CFrame":[7.660128176212311e-8,9.313225746154785e-9,-2.384185791015625e-7,0.9874952435493469,-0.05245525389909744,-0.1486661285161972,0.04145451635122299,0.9962339401245117,-0.07615438103675842,0.15210093557834626,0.06903921067714691,0.985950767993927],"EasingStyle":"Linear","EasingDirection":"In"}}},{"Time":0.2666666805744171,"poses":{"Left Leg":{"Weight":1,"CFrame":[0.02840876579284668,-0.21034204959869386,-0.035938799381256106,0.9709640145301819,-0.1277572363615036,0.20225481688976289,0.1459359973669052,0.9862443804740906,-0.07761861383914948,-0.18955634534358979,0.104881152510643,0.9762521982192993],"EasingStyle":"Linear","EasingDirection":"In"},"Right Arm":{"Weight":1,"CFrame":[0.022820793092250825,-0.06035053730010986,-0.11304903030395508,0.8652346134185791,-0.07187986373901367,-0.49618780612945559,0.32303285598754885,0.8367928266525269,0.442071795463562,0.3834303021430969,-0.5427808165550232,0.747241735458374],"EasingStyle":"Linear","EasingDirection":"In"},"Left Arm":{"Weight":1,"CFrame":[-0.40820086002349856,-0.06774535775184632,-0.26025956869125368,0.5356497764587402,0.3638480305671692,-0.7620327472686768,-0.7764807939529419,0.5669077634811401,-0.2751239538192749,0.33189889788627627,0.7390738725662231,0.586185097694397],"EasingStyle":"Linear","EasingDirection":"In"},"Right Leg":{"Weight":1,"CFrame":[0.06306964159011841,0.07664865255355835,0.0035800933837890627,0.9930798411369324,0.09477271884679795,-0.06935829669237137,-0.07857684046030045,0.9751085042953491,0.20733797550201417,0.08728184551000595,-0.20045322179794312,0.9758075475692749],"EasingStyle":"Linear","EasingDirection":"In"},"Torso":{"Weight":1,"CFrame":[-0.12668342888355256,8.282416530391856e-8,0.0873575210571289,0.987368106842041,0.07626643031835556,-0.13888007402420045,-0.06895497441291809,0.9960058331489563,0.05672426521778107,0.1426515132188797,-0.04643126204609871,0.98868328332901],"EasingStyle":"Linear","EasingDirection":"In"},"HumanoidRootPart":{"Weight":0,"CFrame":[0,0,0,1,0,0,0,1,0,0,0,1],"EasingStyle":"Linear","EasingDirection":"In"},"Head":{"Weight":1,"CFrame":[1.778826117515564e-7,3.725290298461914e-9,-2.980232238769531e-7,0.9897722601890564,-0.06895500421524048,-0.12488425523042679,0.06118413433432579,0.9960058331489563,-0.06503014266490936,0.12886960804462434,0.05672409012913704,0.9900378584861755],"EasingStyle":"Linear","EasingDirection":"In"}}},{"Time":0.30000001192092898,"poses":{"Left Leg":{"Weight":1,"CFrame":[0.02561892382800579,-0.2123810052871704,-0.04117894172668457,0.9722679257392883,-0.08435394614934921,0.21812725067138673,0.1083485558629036,0.9890226721763611,-0.10047286748886109,-0.20725755393505097,0.12132032215595246,0.9707345962524414],"EasingStyle":"Linear","EasingDirection":"In"},"Right Arm":{"Weight":1,"CFrame":[0.05689511075615883,-0.06902658939361572,-0.04583650827407837,0.7380485534667969,-0.31050577759742739,-0.5990580320358276,0.6384025812149048,0.6087937951087952,0.4709694981575012,0.2184639722108841,-0.730038583278656,0.6475470662117004],"EasingStyle":"Linear","EasingDirection":"In"},"Left Arm":{"Weight":1,"CFrame":[-0.46987184882164,-0.08796203136444092,-0.3711242079734802,0.4285952150821686,0.37126192450523379,-0.8236933350563049,-0.8978561162948608,0.27672892808914187,-0.34245508909225466,0.10079925507307053,0.8863326907157898,0.4519444704055786],"EasingStyle":"Linear","EasingDirection":"In"},"Right Leg":{"Weight":1,"CFrame":[0.07631777971982956,0.10987961292266846,-0.0021485090255737306,0.9974268674850464,0.04160977527499199,-0.05838058143854141,-0.027788188308477403,0.9750592112541199,0.22019840776920319,0.06608689576387406,-0.21800951659679414,0.9737064838409424],"EasingStyle":"Linear","EasingDirection":"In"},"Torso":{"Weight":1,"CFrame":[-0.14430032670497895,9.434187120405113e-8,0.07231664657592774,0.9833015203475952,0.09019564092159271,-0.15805985033512116,-0.08728992193937302,0.9958630204200745,0.025244832038879396,0.15968292951583863,-0.011026249267160893,0.9871068000793457],"EasingStyle":"Linear","EasingDirection":"In"},"HumanoidRootPart":{"Weight":0,"CFrame":[0,0,0,1,0,0,0,1,0,0,0,1],"EasingStyle":"Linear","EasingDirection":"In"},"Head":{"Weight":1,"CFrame":[1.394655555486679e-7,0,0,0.9910960793495178,-0.087289959192276,-0.10054394602775574,0.08425865322351456,0.9958630204200745,-0.03401925787329674,0.10309751331806183,0.025244655087590219,0.9943508505821228],"EasingStyle":"Linear","EasingDirection":"In"}}},{"Time":0.3333333432674408,"poses":{"Left Leg":{"Weight":1,"CFrame":[0.01955469697713852,-0.1956486701965332,-0.04250389337539673,0.9724382758140564,-0.03186112642288208,0.23097340762615205,0.06131310388445854,0.990698516368866,-0.12147906422615051,-0.2249545305967331,0.13229256868362428,0.96534663438797],"EasingStyle":"Linear","EasingDirection":"In"},"Right Arm":{"Weight":1,"CFrame":[0.09595590084791184,-0.08187642693519592,0.03121209144592285,0.45955196022987368,-0.512092649936676,-0.7256535887718201,0.8859648108482361,0.20702746510505677,0.41497713327407839,-0.062276557087898257,-0.8336070775985718,0.5488359332084656],"EasingStyle":"Linear","EasingDirection":"In"},"Left Arm":{"Weight":1,"CFrame":[-0.5251157283782959,-0.11113676428794861,-0.491544246673584,0.3251815140247345,0.3379516303539276,-0.8832019567489624,-0.9304012656211853,-0.052717868238687518,-0.3627317249774933,-0.1691463738679886,0.9396858811378479,0.29728779196739199],"EasingStyle":"Linear","EasingDirection":"In"},"Right Leg":{"Weight":1,"CFrame":[0.08881687372922898,0.15314888954162599,-0.011746764183044434,0.9985271096229553,-0.01905984617769718,-0.05079727992415428,0.030231647193431855,0.9729052782058716,0.22921894490718842,0.04505204036831856,-0.23041699826717378,0.9720485210418701],"EasingStyle":"Linear","EasingDirection":"In"},"Torso":{"Weight":1,"CFrame":[-0.158354252576828,1.0353018353725929e-7,0.04207038879394531,0.9795680046081543,0.10080164670944214,-0.17402733862400056,-0.10459265112876892,0.9944337010383606,-0.012728284113109112,0.17177562415599824,0.030670201405882837,0.9846585392951965],"EasingStyle":"Linear","EasingDirection":"In"},"HumanoidRootPart":{"Weight":0,"CFrame":[0,0,0,1,0,0,0,1,0,0,0,1],"EasingStyle":"Linear","EasingDirection":"In"},"Head":{"Weight":1,"CFrame":[1.1012889444828034e-7,0,3.5762786865234377e-7,0.9915037155151367,-0.1045927032828331,-0.0773354098200798,0.10526269674301148,0.9944337010383606,0.0046272422187030319,0.07642094790935517,-0.012728456407785416,0.9969943761825562],"EasingStyle":"Linear","EasingDirection":"In"}}},{"Time":0.36666667461395266,"poses":{"Left Leg":{"Weight":1,"CFrame":[0.01526430994272232,-0.15539789199829102,-0.038748323917388919,0.9708766341209412,0.011797189712524414,0.23928920924663545,0.021614033728837968,0.9904010891914368,-0.13652300834655763,-0.2386029213666916,0.13771900534629823,0.9613023400306702],"EasingStyle":"Linear","EasingDirection":"In"},"Right Arm":{"Weight":1,"CFrame":[0.13501667976379395,-0.09930682182312012,0.10826051235198975,0.11073113977909088,-0.5635310411453247,-0.8186399936676025,0.9274081587791443,-0.2375296950340271,0.28895285725593569,-0.35728514194488528,-0.7912094593048096,0.49632129073143008],"EasingStyle":"Linear","EasingDirection":"In"},"Left Arm":{"Weight":1,"CFrame":[-0.5717980861663818,-0.13431206345558167,-0.608269214630127,0.24609123170375825,0.27563926577568056,-0.9292265772819519,-0.8751628994941711,-0.3488483130931854,-0.3352532386779785,-0.4165680706501007,0.8957275748252869,0.1553807556629181],"EasingStyle":"Linear","EasingDirection":"In"},"Right Leg":{"Weight":1,"CFrame":[0.10791364312171936,0.21042180061340333,-0.026485145092010499,0.996972382068634,-0.06245473399758339,-0.04631964862346649,0.07166539132595062,0.9691718816757202,0.2357328087091446,0.030169017612934114,-0.23833860456943513,0.9707134366035461],"EasingStyle":"Linear","EasingDirection":"In"},"Torso":{"Weight":1,"CFrame":[-0.16765755414962769,1.0961258567476762e-7,-0.007618427276611328,0.9768493175506592,0.10739239305257797,-0.1850196272134781,-0.11751395463943482,0.9920690059661865,-0.04460477456450462,0.1787620335817337,0.06531452387571335,0.9817220568656921],"EasingStyle":"Linear","EasingDirection":"In"},"HumanoidRootPart":{"Weight":0,"CFrame":[0,0,0,1,0,0,0,1,0,0,0,1],"EasingStyle":"Linear","EasingDirection":"In"},"Head":{"Weight":1,"CFrame":[1.280568540096283e-7,1.1175870895385743e-8,-1.1920928955078126e-7,0.9914738535881043,-0.1175139993429184,-0.05630289390683174,0.11975312232971192,0.9920690059661865,0.03818809613585472,0.051368728280067447,-0.04460493102669716,0.9976831674575806],"EasingStyle":"Linear","EasingDirection":"In"}}},{"Time":0.4000000059604645,"poses":{"Left Leg":{"Weight":1,"CFrame":[0.013106346130371094,-0.08561980724334717,-0.02884995937347412,0.9698243737220764,0.027533436194062234,0.24224494397640229,0.0071060871705412869,0.9899882674217224,-0.14097066223621369,-0.24370107054710389,0.13843819499015809,0.9599190950393677],"EasingStyle":"Linear","EasingDirection":"In"},"Right Arm":{"Weight":1,"CFrame":[0.16909103095531465,-0.12172260880470276,0.17547309398651124,-0.16644403338432313,-0.4926512837409973,-0.8541610836982727,0.8134625554084778,-0.5581844449043274,0.16342857480049134,-0.557292640209198,-0.6676262617111206,0.49365976452827456],"EasingStyle":"Linear","EasingDirection":"In"},"Left Arm":{"Weight":1,"CFrame":[-0.6077848672866821,-0.15452831983566285,-0.7080493569374085,0.19861972332000733,0.20910266041755677,-0.9575104117393494,-0.7772268056869507,-0.5615552067756653,-0.2838563323020935,-0.5970500111579895,0.8005821704864502,0.05098402500152588],"EasingStyle":"Linear","EasingDirection":"In"},"Right Leg":{"Weight":1,"CFrame":[0.15771426260471345,0.28867292404174807,-0.04886120557785034,0.9973796010017395,-0.05710040405392647,-0.04442358762025833,0.06618823111057282,0.9680973887443543,0.24167455732822419,0.029206644743680955,-0.24398157000541688,0.9693399667739868],"EasingStyle":"Linear","EasingDirection":"In"},"Torso":{"Weight":1,"CFrame":[-0.17102257907390595,1.1181261072579218e-7,-0.08098602294921875,0.9758143424987793,0.10966050624847412,-0.1891055554151535,-0.12257583439350128,0.990764319896698,-0.057975731790065768,0.18100140988826753,0.0797533169388771,0.9802438020706177],"EasingStyle":"Linear","EasingDirection":"In"},"HumanoidRootPart":{"Weight":0,"CFrame":[0,0,0,1,0,0,0,1,0,0,0,1],"EasingStyle":"Linear","EasingDirection":"In"},"Head":{"Weight":1,"CFrame":[1.2945383787155152e-7,2.9802322387695315e-8,-1.7881393432617188e-7,0.9917333126068115,-0.12257587164640427,-0.03795056417584419,0.12451086193323136,0.990764319896698,0.053694531321525577,0.031018411740660669,-0.0579758957028389,0.9978359937667847],"EasingStyle":"Linear","EasingDirection":"In"}}},{"Time":0.4333333373069763,"poses":{"Left Leg":{"Weight":1,"CFrame":[-0.006599538028240204,0.013367056846618653,-0.011305391788482666,0.9702316522598267,0.008454357273876667,0.2420310378074646,0.02479539066553116,0.9906708002090454,-0.13400228321552277,-0.2409059852361679,0.13601450622081757,0.9609705209732056],"EasingStyle":"Linear","EasingDirection":"In"},"Right Arm":{"Weight":1,"CFrame":[0.19319234788417817,-0.14952963590621949,0.2230135202407837,-0.3221636712551117,-0.4035741090774536,-0.8563518524169922,0.685222327709198,-0.7235649824142456,0.08321160078048706,-0.6532081961631775,-0.5599836111068726,0.5096442699432373],"EasingStyle":"Linear","EasingDirection":"In"},"Left Arm":{"Weight":1,"CFrame":[-0.6309419274330139,-0.16882792115211488,-0.7776341438293457,0.17651736736297608,0.16013187170028687,-0.9711845517158508,-0.6910887956619263,-0.6824160814285278,-0.23812749981880189,-0.700883686542511,0.7132083177566528,-0.00979289598762989],"EasingStyle":"Linear","EasingDirection":"In"},"Right Leg":{"Weight":1,"CFrame":[0.22317591309547425,0.38399213552474978,-0.0762975811958313,0.9989498853683472,-0.01572888158261776,-0.04303112253546715,0.025848086923360826,0.9689562320709229,0.24587726593017579,0.03782791644334793,-0.24673137068748475,0.9683453440666199],"EasingStyle":"Linear","EasingDirection":"In"},"Torso":{"Weight":1,"CFrame":[-0.17102256417274476,1.1174636682653727e-7,-0.17743301391601563,0.9761672616004944,0.10986480861902237,-0.18715569376945496,-0.12195693701505661,0.9910470247268677,-0.054335352033376697,0.17951054871082307,0.07586532086133957,0.9808263778686523],"EasingStyle":"Linear","EasingDirection":"In"},"HumanoidRootPart":{"Weight":0,"CFrame":[0,0,0,1,0,0,0,1,0,0,0,1],"EasingStyle":"Linear","EasingDirection":"In"},"Head":{"Weight":1,"CFrame":[9.825453162193299e-8,1.4901161193847657e-8,-1.1920928955078126e-7,0.9922939538955689,-0.1219569742679596,-0.021891705691814424,0.1229519322514534,0.9910470247268677,0.05204496532678604,0.015348502434790135,-0.054335515946149829,0.9984047412872315],"EasingStyle":"Linear","EasingDirection":"In"}}},{"Time":0.46666666865348818,"poses":{"Left Leg":{"Weight":1,"CFrame":[-0.08286058902740479,0.1161196231842041,0.014426708221435547,0.969492495059967,-0.04618693143129349,0.24073028564453126,0.07675038278102875,0.989902675151825,-0.11917220056056977,-0.2327953726053238,0.13401271402835847,0.9632481336593628],"EasingStyle":"Linear","EasingDirection":"In"},"Right Arm":{"Weight":1,"CFrame":[0.20233425498008729,-0.18313416838645936,0.24104607105255128,-0.37163108587265017,-0.3656581938266754,-0.8533372282981873,0.6319471597671509,-0.7729848027229309,0.056011926382780078,-0.6800978779792786,-0.5184482336044312,0.5183417797088623],"EasingStyle":"Linear","EasingDirection":"In"},"Left Arm":{"Weight":1,"CFrame":[-0.6391354203224182,-0.17425188422203065,-0.8037735223770142,0.17042593657970429,0.1418273001909256,-0.9751102328300476,-0.6564061641693115,-0.7217098474502564,-0.21969492733478547,-0.7349054217338562,0.6775100231170654,-0.029901809990406038],"EasingStyle":"Linear","EasingDirection":"In"},"Right Leg":{"Weight":1,"CFrame":[0.26344403624534609,0.47585785388946535,-0.10067784786224365,0.9989429712295532,0.020598504692316057,-0.0410926379263401,-0.009874342009425164,0.969264566898346,0.245822474360466,0.04489319398999214,-0.24515686929225923,0.9684434533119202],"EasingStyle":"Linear","EasingDirection":"In"},"Torso":{"Weight":1,"CFrame":[-0.17102254927158357,1.1144410194674492e-7,-0.277010440826416,0.9770365953445435,0.11034175008535385,-0.1822749227285385,-0.12043382227420807,0.9916906952857971,-0.04522492736577988,0.17577014863491059,0.06613847613334656,0.9822070002555847],"EasingStyle":"Linear","EasingDirection":"In"},"HumanoidRootPart":{"Weight":0,"CFrame":[0,0,0,1,0,0,0,1,0,0,0,1],"EasingStyle":"Linear","EasingDirection":"In"},"Head":{"Weight":1,"CFrame":[1.6391277313232423e-7,0,-1.7881393432617188e-7,0.9926954507827759,-0.12043385207653046,-0.00717424601316452,0.12063493579626084,0.9916906952857971,0.04468604549765587,0.0017329291440546513,-0.04522509500384331,0.9989753365516663],"EasingStyle":"Linear","EasingDirection":"In"}}},{"Time":0.5,"poses":{"Left Leg":{"Weight":1,"CFrame":[-0.14628323912620545,0.19492298364639283,0.03223419189453125,0.9662002921104431,-0.09667422622442246,0.23897920548915864,0.12409792840480805,0.9869643449783325,-0.10247505456209183,-0.22595727443695069,0.12866827845573426,0.9656022787094116],"EasingStyle":"Linear","EasingDirection":"In"},"Right Arm":{"Weight":1,"CFrame":[0.2009287327528,-0.2221899926662445,0.2260056734085083,-0.3775494396686554,-0.34837061166763308,-0.8579593300819397,0.6863061785697937,-0.7272818684577942,-0.006702958140522242,-0.6216432452201843,-0.5913535356521606,0.5136738419532776],"EasingStyle":"Linear","EasingDirection":"In"},"Left Arm":{"Weight":1,"CFrame":[-0.6391353011131287,-0.1742520034313202,-0.8037735223770142,0.19373230636119843,0.165833979845047,-0.9669368267059326,-0.7019203305244446,-0.6651540994644165,-0.25471144914627077,-0.6854018568992615,0.7280584573745728,-0.012459716759622097],"EasingStyle":"Linear","EasingDirection":"In"},"Right Leg":{"Weight":1,"CFrame":[0.27992621064186098,0.5436534881591797,-0.11617720127105713,0.9981065988540649,0.04740482196211815,-0.039192188531160358,-0.036545928567647937,0.9695785641670227,0.242036834359169,0.04947362840175629,-0.24014629423618318,0.9694752097129822],"EasingStyle":"Linear","EasingDirection":"In"},"Torso":{"Weight":1,"CFrame":[-0.17102253437042237,1.1075042039010441e-7,-0.3549332618713379,0.9781392812728882,0.1108894795179367,-0.17591793835163117,-0.11850570887327194,0.9923927187919617,-0.03336317837238312,0.1708800494670868,0.05348110944032669,0.9838393330574036],"EasingStyle":"Linear","EasingDirection":"In"},"HumanoidRootPart":{"Weight":0,"CFrame":[0,0,0,1,0,0,0,1,0,0,0,1],"EasingStyle":"Linear","EasingDirection":"In"},"Head":{"Weight":1,"CFrame":[1.457519829273224e-7,-3.725290298461914e-9,-5.960464477539063e-8,0.9929311275482178,-0.11850576102733612,0.006644226610660553,0.11821135133504868,0.9923927187919617,0.03439188748598099,-0.010669315233826638,-0.03336333855986595,0.9993863105773926],"EasingStyle":"Linear","EasingDirection":"In"}}},{"Time":0.5333333611488342,"poses":{"Left Leg":{"Weight":1,"CFrame":[-0.17025810480117799,0.22874677181243897,0.037053585052490237,0.9631853699684143,-0.1257375031709671,0.23762153089046479,0.15042366087436677,0.9846331477165222,-0.08871465176343918,-0.2228153496980667,0.1211925595998764,0.967298150062561],"EasingStyle":"Linear","EasingDirection":"In"},"Right Arm":{"Weight":1,"CFrame":[0.19741490483283997,-0.26334547996520998,0.18840456008911134,-0.3993992507457733,-0.30469056963920596,-0.8646639585494995,0.8002206683158875,-0.5760917663574219,-0.16662868857383729,-0.44735562801361086,-0.7584733963012695,0.473910391330719],"EasingStyle":"Linear","EasingDirection":"In"},"Left Arm":{"Weight":1,"CFrame":[-0.639135479927063,-0.17425161600112916,-0.8037736415863037,0.26046863198280337,0.21816663444042207,-0.9405102133750916,-0.7977702617645264,-0.5000404715538025,-0.33693015575408938,-0.5438001751899719,0.8380708694458008,0.043802157044410709],"EasingStyle":"Linear","EasingDirection":"In"},"Right Leg":{"Weight":1,"CFrame":[0.29002848267555239,0.5655539035797119,-0.11862468719482422,0.9968940615653992,0.06922333687543869,-0.03755461797118187,-0.05847176909446716,0.9700233936309815,0.23587214946746827,0.05275671184062958,-0.23294366896152497,0.971058189868927],"EasingStyle":"Linear","EasingDirection":"In"},"Torso":{"Weight":1,"CFrame":[-0.17102253437042237,1.0951001172543329e-7,-0.3864154815673828,0.9792104363441467,0.11135535687208176,-0.16954903304576875,-0.11663683503866196,0.992942214012146,-0.02148391120135784,0.16596005856990815,0.040812935680150989,0.9852875471115112],"EasingStyle":"Linear","EasingDirection":"In"},"HumanoidRootPart":{"Weight":0,"CFrame":[0,0,0,1,0,0,0,1,0,0,0,1],"EasingStyle":"Linear","EasingDirection":"In"},"Head":{"Weight":1,"CFrame":[9.755603969097138e-8,1.6763806343078614e-8,2.384185791015625e-7,0.9929728507995606,-0.11663689464330673,0.020019864663481714,0.11614986509084702,0.992942214012146,0.023977886885404588,-0.022675275802612306,-0.02148408256471157,0.9995120167732239],"EasingStyle":"Linear","EasingDirection":"In"}}},{"Time":0.5666666626930237,"poses":{"Left Leg":{"Weight":1,"CFrame":[-0.1353541612625122,0.17684239149093629,0.024840950965881349,0.9638262987136841,-0.12032584846019745,0.23782457411289216,0.14368727803230287,0.9861021637916565,-0.08340591937303543,-0.224483460187912,0.11456121504306793,0.9677204489707947],"EasingStyle":"Linear","EasingDirection":"In"},"Right Arm":{"Weight":1,"CFrame":[0.19284696877002717,-0.30249887704849245,0.13952279090881349,-0.44171106815338137,-0.2529270350933075,-0.860766589641571,0.8794229626655579,-0.31188881397247317,-0.35963958501815798,-0.17750097811222077,-0.9158347249031067,0.36019471287727358],"EasingStyle":"Linear","EasingDirection":"In"},"Left Arm":{"Weight":1,"CFrame":[-0.6391354203224182,-0.17425212264060975,-0.8037735223770142,0.3605548143386841,0.2634464502334595,-0.8947603702545166,-0.8717527389526367,-0.24599680304527284,-0.4237130880355835,-0.3317338526248932,0.9327816367149353,0.1409648060798645],"EasingStyle":"Linear","EasingDirection":"In"},"Right Leg":{"Weight":1,"CFrame":[0.29147446155548098,0.5000666379928589,-0.09975987672805786,0.9960067868232727,0.08141089975833893,-0.03664415702223778,-0.07100547850131989,0.9711578488349915,0.22761940956115724,0.054117944091558459,-0.22410856187343598,0.9730604290962219],"EasingStyle":"Linear","EasingDirection":"In"},"Torso":{"Weight":1,"CFrame":[-0.17102254927158357,1.0756752999441233e-7,-0.32686567306518557,0.980012834072113,0.11165793985128403,-0.16464294493198396,-0.11523985862731934,0.9932610988616943,-0.01233619637787342,0.16215600073337556,0.031063059344887735,0.9862760901451111],"EasingStyle":"Linear","EasingDirection":"In"},"HumanoidRootPart":{"Weight":0,"CFrame":[0,0,0,1,0,0,0,1,0,0,0,1],"EasingStyle":"Linear","EasingDirection":"In"},"Head":{"Weight":1,"CFrame":[1.7706770449876786e-7,-9.313225746154786e-10,-1.7881393432617188e-7,0.9927750825881958,-0.11523992568254471,0.03342801705002785,0.11474782973527909,0.9932610988616943,0.016289854422211648,-0.035079993307590488,-0.012336364947259426,0.9993083477020264],"EasingStyle":"Linear","EasingDirection":"In"}}},{"Time":0.6000000238418579,"poses":{"Left Leg":{"Weight":1,"CFrame":[-0.038200344890356067,0.07449156045913696,-0.0010074377059936524,0.9678227305412293,-0.07626228779554367,0.23979823291301728,0.0998157486319542,0.9911381602287293,-0.08764650672674179,-0.23098905384540559,0.10876194387674332,0.9668582677841187],"EasingStyle":"Linear","EasingDirection":"In"},"Right Arm":{"Weight":1,"CFrame":[0.18827897310256959,-0.33554500341415408,0.09064090251922608,-0.4940117597579956,-0.21536648273468018,-0.8423596024513245,0.863498866558075,-0.008319290354847908,-0.5042821764945984,0.10159767419099808,-0.9764978885650635,0.19007839262485505],"EasingStyle":"Linear","EasingDirection":"In"},"Left Arm":{"Weight":1,"CFrame":[-0.6391354203224182,-0.1742519736289978,-0.8037737607955933,0.46558573842048647,0.2770826518535614,-0.8405088782310486,-0.8782030344009399,0.027145488187670709,-0.47751688957214358,-0.10949570685625076,0.9604625701904297,0.2559734582901001],"EasingStyle":"Linear","EasingDirection":"In"},"Right Leg":{"Weight":1,"CFrame":[0.2579648792743683,0.38829368352890017,-0.07113051414489746,0.9969643354415894,0.06849993765354157,-0.03701220825314522,-0.05872620642185211,0.973688006401062,0.22018833458423615,0.051121149212121966,-0.21734635531902314,0.9747549295425415],"EasingStyle":"Linear","EasingDirection":"In"},"Torso":{"Weight":1,"CFrame":[-0.17102256417274476,1.047675937115855e-7,-0.21387290954589845,0.9803285598754883,0.11176536977291107,-0.1626790165901184,-0.11469101905822754,0.9933633208274841,-0.008675099350512028,0.1606297791004181,0.02716226689517498,0.9866409301757813],"EasingStyle":"Linear","EasingDirection":"In"},"HumanoidRootPart":{"Weight":0,"CFrame":[0,0,0,1,0,0,0,1,0,0,0,1],"EasingStyle":"Linear","EasingDirection":"In"},"Head":{"Weight":1,"CFrame":[1.341104507446289e-7,-9.313225746154785e-9,-1.1920928955078126e-7,0.9922718405723572,-0.11469106376171112,0.04735521972179413,0.11414002627134323,0.9933633208274841,0.014190059155225754,-0.04866838455200195,-0.008675270713865757,0.9987773299217224],"EasingStyle":"Linear","EasingDirection":"In"}}},{"Time":0.6333333253860474,"poses":{"Left Leg":{"Weight":1,"CFrame":[0.007733277976512909,-0.01007843017578125,-0.016999423503875734,0.969230592250824,-0.042851220816373828,0.2423960268497467,0.06795810163021088,0.9930411577224731,-0.09618163108825684,-0.2365877479314804,0.1096949577331543,0.9653979539871216],"EasingStyle":"Linear","EasingDirection":"In"},"Right Arm":{"Weight":1,"CFrame":[0.18476516008377076,-0.358381450176239,0.05303966999053955,-0.5353468060493469,-0.19939319789409638,-0.8207594156265259,0.791843593120575,0.2196662575006485,-0.5698513984680176,0.29391