{"Sequence":[{"Time":0,"poses":{"Left Leg":{"Weight":1,"CFrame":[0.030244454741477968,-0.0013365745544433594,-0.004241764545440674,0.9995875954627991,0.028349116444587709,0.004593571648001671,-0.02834479697048664,0.9995977282524109,-0.0010103646200150252,-0.004620405379682779,0.0008797369082458317,0.9999889135360718],"EasingStyle":"Linear","EasingDirection":"In"},"Right Arm":{"Weight":1,"CFrame":[-0.16071580350399018,0.24735325574874879,0.03539907932281494,0.3344702422618866,-0.9241201877593994,-0.18474720418453217,0.4961370825767517,0.33933931589126589,-0.7991851568222046,0.8012350797653198,0.17564362287521363,0.5719891786575317],"EasingStyle":"Linear","EasingDirection":"In"},"Left Arm":{"Weight":1,"CFrame":[0.018145622685551645,-0.012910783290863037,-0.16378355026245118,0.5502789616584778,0.8019443154335022,0.2325475662946701,-0.595937192440033,0.5722789168357849,-0.563343346118927,-0.5848520994186401,0.17141219973564149,0.79282146692276],"EasingStyle":"Linear","EasingDirection":"In"},"Head":{"Weight":1,"CFrame":[8.91239722022874e-8,-1.8189894035458565e-12,0.016662240028381349,0.9999954700469971,0.0018136687576770783,0.0024122558534145357,-0.0014137389371171594,0.9876719117164612,-0.15653206408023835,-0.0026664305478334429,0.15652796626091004,0.9876700043678284],"EasingStyle":"Linear","EasingDirection":"In"},"Torso":{"Weight":1,"CFrame":[-0.001977223437279463,-0.00003765351721085608,-0.00006103515625,0.9999861717224121,0.004681210033595562,-0.002403831575065851,-0.004681333899497986,0.9999890327453613,-0.000045775621401844549,0.002403590828180313,0.00005702812268282287,0.9999971389770508],"EasingStyle":"Linear","EasingDirection":"In"},"HumanoidRootPart":{"Weight":0,"CFrame":[0,0,0,1,0,0,0,1,0,0,0,1],"EasingStyle":"Linear","EasingDirection":"In"},"Right Leg":{"Weight":1,"CFrame":[-0.02543790638446808,-0.0013594627380371094,-0.003952145576477051,0.995513379573822,-0.09447939693927765,0.005189527291804552,0.09446649253368378,0.995524525642395,0.0026660168077796699,-0.005418125540018082,-0.0021638532634824516,0.9999830722808838],"EasingStyle":"Linear","EasingDirection":"In"}}},{"Time":0.03333333507180214,"poses":{"Left Leg":{"Weight":1,"CFrame":[0.03830340877175331,-0.0036565065383911134,-0.004848659038543701,0.9994989037513733,0.023646892979741098,0.021040620282292367,-0.02352817915380001,0.999705970287323,-0.005873323418200016,-0.02117335982620716,0.005375297274440527,0.9997613430023193],"EasingStyle":"Linear","EasingDirection":"In"},"Right Arm":{"Weight":1,"CFrame":[-0.1477358341217041,0.23984801769256593,0.03418874740600586,0.3077135980129242,-0.9189425110816956,-0.24669231474399568,0.4619086980819702,0.37094634771347048,-0.8056297898292542,0.8318370580673218,0.13395386934280396,0.5386126637458801],"EasingStyle":"Linear","EasingDirection":"In"},"Left Arm":{"Weight":1,"CFrame":[0.05370812118053436,-0.00454828143119812,-0.16127216815948487,0.4765896201133728,0.8665919899940491,0.1479211151599884,-0.6249914765357971,0.45231983065605166,-0.6362330913543701,-0.6182621717453003,0.2107725441455841,0.7571836113929749],"EasingStyle":"Linear","EasingDirection":"In"},"Head":{"Weight":1,"CFrame":[8.638380677439273e-8,-1.7462298274040223e-10,0.016662120819091798,0.9998482465744019,-0.013573836535215378,0.010919966734945774,0.01510557159781456,0.9877539873123169,-0.15528640151023866,-0.008678399957716465,0.15542779862880708,0.9878092408180237],"EasingStyle":"Linear","EasingDirection":"In"},"Torso":{"Weight":1,"CFrame":[-0.010387284681200982,-0.000210668018553406,-0.00023555755615234375,0.999739944934845,0.021199332550168039,-0.00841615442186594,-0.021202238276600839,0.9997751712799072,-0.00025611085584387183,0.008408832363784314,0.00043448543874546885,0.9999646544456482],"EasingStyle":"Linear","EasingDirection":"In"},"HumanoidRootPart":{"Weight":0,"CFrame":[0,0,0,1,0,0,0,1,0,0,0,1],"EasingStyle":"Linear","EasingDirection":"In"},"Right Leg":{"Weight":1,"CFrame":[-0.01712816022336483,-0.003116130828857422,-0.0035843849182128908,0.9706364870071411,-0.2396254688501358,0.0210813507437706,0.2395201176404953,0.9708630442619324,0.007421659305691719,-0.022245464846491815,-0.0021543363109230997,0.9997501969337463],"EasingStyle":"Linear","EasingDirection":"In"}}},{"Time":0.06666667014360428,"poses":{"Left Leg":{"Weight":1,"CFrame":[0.05324824899435043,-0.005533337593078613,-0.006327033042907715,0.998562753200531,0.014689130708575249,0.051542289555072787,-0.014189115725457669,0.9998488426208496,-0.01005411334335804,-0.05168221518397331,0.009308361448347569,0.9986202120780945],"EasingStyle":"Linear","EasingDirection":"In"},"Right Arm":{"Weight":1,"CFrame":[-0.11684741079807282,0.21905231475830079,0.033086180686950687,0.30493515729904177,-0.9002287983894348,-0.3108097314834595,0.4430539309978485,0.4229797124862671,-0.7904375791549683,0.8430407643318176,0.10332663357257843,0.5278312563896179],"EasingStyle":"Linear","EasingDirection":"In"},"Left Arm":{"Weight":1,"CFrame":[0.13364125788211823,0.021376967430114747,-0.1574600338935852,0.43732136487960818,0.8960781097412109,0.0761193335056305,-0.6458827257156372,0.37185508012771609,-0.6667529344558716,-0.6257680058479309,0.24242110550403596,0.7413814663887024],"EasingStyle":"Linear","EasingDirection":"In"},"Head":{"Weight":1,"CFrame":[9.28048393689096e-8,1.1641532182693482e-10,0.01666247844696045,0.9988126754760742,-0.04279213771224022,0.023284077644348146,0.0458340123295784,0.9874005913734436,-0.15145736932754517,-0.016509531065821649,0.15234476327896119,0.9881895780563355],"EasingStyle":"Linear","EasingDirection":"In"},"Torso":{"Weight":1,"CFrame":[-0.02536177635192871,-0.0006572891725227237,-0.0010275840759277344,0.9985190033912659,0.051921017467975619,-0.01624889485538006,-0.05194082483649254,0.9986498355865479,-0.0007990731974132359,0.016185466200113298,0.0016418708255514503,0.9998676776885986],"EasingStyle":"Linear","EasingDirection":"In"},"HumanoidRootPart":{"Weight":0,"CFrame":[0,0,0,1,0,0,0,1,0,0,0,1],"EasingStyle":"Linear","EasingDirection":"In"},"Right Leg":{"Weight":1,"CFrame":[-0.001871463842689991,-0.00523221492767334,-0.0032809972763061525,0.9255463480949402,-0.37534916400909426,0.04977096617221832,0.375282883644104,0.9268448352813721,0.011023875325918198,-0.05026770755648613,0.00847503449767828,0.9986998438835144],"EasingStyle":"Linear","EasingDirection":"In"}}},{"Time":0.10000000149011612,"poses":{"Left Leg":{"Weight":1,"CFrame":[-0.08303730189800263,-0.0029834508895874025,0.006262063980102539,0.9918152689933777,-0.08173459023237229,0.09809166193008423,0.08335030823945999,0.9964421987533569,-0.012481563724577427,-0.09672252088785172,0.02055538259446621,0.9950991868972778],"EasingStyle":"Linear","EasingDirection":"In"},"Right Arm":{"Weight":1,"CFrame":[-0.07922099530696869,0.18982857465744019,0.031928062438964847,0.3239557147026062,-0.8674615025520325,-0.377575159072876,0.4324258863925934,0.49073725938796999,-0.7564291954040527,0.8414633870124817,0.08177617937326431,0.5340899229049683],"EasingStyle":"Linear","EasingDirection":"In"},"Left Arm":{"Weight":1,"CFrame":[0.22802580893039704,0.053828299045562747,-0.15274769067764283,0.42226511240005495,0.9061697125434876,0.023427322506904603,-0.6636031866073608,0.32663118839263918,-0.6730104088783264,-0.6175136566162109,0.26864224672317507,0.7392619848251343],"EasingStyle":"Linear","EasingDirection":"In"},"Head":{"Weight":1,"CFrame":[8.818460628390312e-8,9.313225746154786e-10,0.016662001609802247,0.9953942894935608,-0.08815006911754608,0.03768004849553108,0.0927099958062172,0.9851698875427246,-0.14437927305698396,-0.024394195526838304,0.1472075879573822,0.9888047575950623],"EasingStyle":"Linear","EasingDirection":"In"},"Torso":{"Weight":1,"CFrame":[-0.04265785217285156,-0.0015304554253816605,-0.003058910369873047,0.9948168992996216,0.09877602010965347,-0.02413964830338955,-0.0988493487238884,0.9951006770133972,-0.001860592165030539,0.02383759804069996,0.0042371368035674099,0.9997068643569946],"EasingStyle":"Linear","EasingDirection":"In"},"HumanoidRootPart":{"Weight":0,"CFrame":[0,0,0,1,0,0,0,1,0,0,0,1],"EasingStyle":"Linear","EasingDirection":"In"},"Right Leg":{"Weight":1,"CFrame":[0.021974481642246248,-0.00536656379699707,-0.0037339329719543459,0.8937538266181946,-0.43811824917793276,0.09621073305606842,0.43885338306427,0.8984414339065552,0.014516625553369522,-0.09279963374137879,0.02924804948270321,0.9952551126480103],"EasingStyle":"Linear","EasingDirection":"In"}}},{"Time":0.13333334028720857,"poses":{"Left Leg":{"Weight":1,"CFrame":[-0.15404054522514344,0.00040787458419799805,0.02755749225616455,0.9749194383621216,-0.15212562680244447,0.1624498814344406,0.1560945361852646,0.9876707792282105,-0.011878224089741707,-0.1586400419473648,0.03693781793117523,0.9866454005241394],"EasingStyle":"Linear","EasingDirection":"In"},"Right Arm":{"Weight":1,"CFrame":[-0.046011894941329959,0.15703421831130982,0.03056025505065918,0.361842542886734,-0.8192247748374939,-0.4449053406715393,0.421909362077713,0.5694793462753296,-0.7054685950279236,0.8313016891479492,0.06755878776311875,0.5517004132270813],"EasingStyle":"Linear","EasingDirection":"In"},"Left Arm":{"Weight":1,"CFrame":[0.3067866563796997,0.08158928155899048,-0.14767813682556153,0.4207938611507416,0.9071158170700073,-0.00856520514935255,-0.6768621206283569,0.30766940116882326,-0.6687280535697937,-0.6039785742759705,0.28719404339790347,0.7434577345848084],"EasingStyle":"Linear","EasingDirection":"In"},"Head":{"Weight":1,"CFrame":[8.800998330116272e-8,-9.313225746154786e-10,0.016662120819091798,0.987052857875824,-0.15174002945423127,0.05197867378592491,0.15744630992412568,0.9784766435623169,-0.13339468836784364,-0.03061862848699093,0.13985151052474976,0.9896990060806274],"EasingStyle":"Linear","EasingDirection":"In"},"Torso":{"Weight":1,"CFrame":[-0.05807573348283768,-0.00306576956063509,-0.006912708282470703,0.9860820174217224,0.16346125304698945,-0.03037836216390133,-0.1636473387479782,0.9865119457244873,-0.003727093804627657,0.02935938350856304,0.008646558038890362,0.9995315074920654],"EasingStyle":"Linear","EasingDirection":"In"},"HumanoidRootPart":{"Weight":0,"CFrame":[0,0,0,1,0,0,0,1,0,0,0,1],"EasingStyle":"Linear","EasingDirection":"In"},"Right Leg":{"Weight":1,"CFrame":[0.0537477545440197,-0.003400444984436035,-0.006111562252044678,0.8922284841537476,-0.4222868084907532,0.16000676155090333,0.4251244366168976,0.9049603343009949,0.017777474597096444,-0.15230689942836762,0.05216120928525925,0.9869558215141296],"EasingStyle":"Linear","EasingDirection":"In"}}},{"Time":0.1666666716337204,"poses":{"Left Leg":{"Weight":1,"CFrame":[-0.17528757452964784,0.002203643321990967,0.055333733558654788,0.9475114941596985,-0.20451688766479493,0.24575375020503999,0.2126605063676834,0.9771027565002441,-0.006772373337298632,-0.23874162137508393,0.05867902562022209,0.9693086743354797],"EasingStyle":"Linear","EasingDirection":"In"},"Right Arm":{"Weight":1,"CFrame":[-0.028401242569088937,0.12549704313278199,0.028858184814453126,0.41391101479530337,-0.7546079754829407,-0.5091607570648193,0.4033018946647644,0.6534451842308044,-0.640591025352478,0.8161037564277649,0.059802182018756869,0.5748029947280884],"EasingStyle":"Linear","EasingDirection":"In"},"Left Arm":{"Weight":1,"CFrame":[0.3397539258003235,0.09336018562316895,-0.14284664392471314,0.4226049780845642,0.9061076641082764,-0.019343359395861627,-0.6821376085281372,0.30394884943962099,-0.6650588512420654,-0.5967355966567993,0.29425185918807986,0.7465404272079468],"EasingStyle":"Linear","EasingDirection":"In"},"Head":{"Weight":1,"CFrame":[7.986091077327728e-8,-2.7939677238464357e-9,0.016662001609802247,0.9699074625968933,-0.23500296473503114,0.06366515904664993,0.24114735424518586,0.9632794260978699,-0.11807079613208771,-0.03358040004968643,0.1298704296350479,0.9909622669219971],"EasingStyle":"Linear","EasingDirection":"In"},"Torso":{"Weight":1,"CFrame":[-0.06750854104757309,-0.005698950029909611,-0.013147830963134766,0.9684263467788696,0.24705711007118226,-0.03336793929338455,-0.24741296470165254,0.9688854813575745,-0.006928289774805307,0.030618028715252878,0.014965200796723366,0.9994191527366638],"EasingStyle":"Linear","EasingDirection":"In"},"HumanoidRootPart":{"Weight":0,"CFrame":[0,0,0,1,0,0,0,1,0,0,0,1],"EasingStyle":"Linear","EasingDirection":"In"},"Right Leg":{"Weight":1,"CFrame":[0.09256619215011597,-0.0005424022674560547,-0.011838912963867188,0.9017898440361023,-0.36045366525650027,0.2384289801120758,0.3664590120315552,0.9302136898040772,0.020256830379366876,-0.22909146547317506,0.0691070482134819,0.9709486365318298],"EasingStyle":"Linear","EasingDirection":"In"}}},{"Time":0.20000000298023225,"poses":{"Left Leg":{"Weight":1,"CFrame":[-0.21371063590049745,0.009047448635101319,0.10171055793762207,0.9026460647583008,-0.2684754729270935,0.3363794684410095,0.2833113670349121,0.9590140581130981,0.005178213119506836,-0.3239828646183014,0.090626060962677,0.9417123198509216],"EasingStyle":"Linear","EasingDirection":"In"},"Right Arm":{"Weight":1,"CFrame":[-0.022836994379758836,0.09901970624923706,0.02666008472442627,0.47881871461868288,-0.6765459775924683,-0.5594804286956787,0.3748204708099365,0.7338207364082336,-0.5665834546089172,0.7938779592514038,0.061586037278175357,0.6049503684043884],"EasingStyle":"Linear","EasingDirection":"In"},"Left Arm":{"Weight":1,"CFrame":[0.33878493309020998,0.0931292176246643,-0.13851743936538697,0.42540425062179568,0.9048340916633606,-0.01751560904085636,-0.6808152794837952,0.3072115182876587,-0.6649148464202881,-0.5962565541267395,0.29478228092193606,0.7467137575149536],"EasingStyle":"Linear","EasingDirection":"In"},"Head":{"Weight":1,"CFrame":[8.940696716308594e-8,3.725290298461914e-9,0.016662240028381349,0.9426752924919128,-0.32663124799728396,0.06837757676839829,0.3322083353996277,0.9379450678825378,-0.0994822308421135,-0.03164041414856911,0.11649499833583832,0.9926871657371521],"EasingStyle":"Linear","EasingDirection":"In"},"Torso":{"Weight":1,"CFrame":[-0.06903962790966034,-0.010786877945065499,-0.04299163818359375,0.9406375885009766,0.33795005083084109,-0.031476691365242007,-0.3384578824043274,0.9409005045890808,-0.01235298439860344,0.025441743433475496,0.022273214533925058,0.9994281530380249],"EasingStyle":"Linear","EasingDirection":"In"},"HumanoidRootPart":{"Weight":0,"CFrame":[0,0,0,1,0,0,0,1,0,0,0,1],"EasingStyle":"Linear","EasingDirection":"In"},"Right Leg":{"Weight":1,"CFrame":[0.183957040309906,0.018463492393493654,-0.038860440254211429,0.9154877662658691,-0.24135982990264893,0.32191258668899538,0.24738635122776032,0.9686504602432251,0.022720810025930406,-0.3173046112060547,0.05883615463972092,0.9464967250823975],"EasingStyle":"Linear","EasingDirection":"In"}}},{"Time":0.23333333432674409,"poses":{"Left Leg":{"Weight":1,"CFrame":[-0.26675117015838625,0.02774590253829956,0.1597062349319458,0.8547496795654297,-0.3217882215976715,0.40725332498550417,0.34343719482421877,0.9389389753341675,0.021084271371364595,-0.38917070627212527,0.12184417992830277,0.913071870803833],"EasingStyle":"Linear","EasingDirection":"In"},"Right Arm":{"Weight":1,"CFrame":[-0.018328994512557985,0.07766282558441162,0.023962736129760743,0.5504616498947144,-0.5942631363868713,-0.5863814353942871,0.34102123975753786,0.8011534214019775,-0.4917905330657959,0.7620344758033752,0.07074317336082459,0.6436606049537659],"EasingStyle":"Linear","EasingDirection":"In"},"Left Arm":{"Weight":1,"CFrame":[0.33607181906700137,0.09251707792282105,-0.13463228940963746,0.4333191514015198,0.9011672735214233,-0.011499634012579918,-0.6769557595252991,0.3170325458049774,-0.6642448902130127,-0.5949499011039734,0.2956148087978363,0.7474265694618225],"EasingStyle":"Linear","EasingDirection":"In"},"Head":{"Weight":1,"CFrame":[8.568167686462403e-8,0,0.01666247844696045,0.9150372743606567,-0.3982388377189636,0.0641300305724144,0.4025173783302307,0.9118179678916931,-0.0810413584113121,-0.026201095432043077,0.09996939450502396,0.9946454763412476],"EasingStyle":"Linear","EasingDirection":"In"},"Torso":{"Weight":1,"CFrame":[-0.06576082855463028,-0.018095318228006364,-0.09047412872314453,0.9125694632530212,0.4080876410007477,-0.026108063757419587,-0.408619225025177,0.912489652633667,-0.019825100898742677,0.015732962638139726,0.02876003459095955,0.9994625449180603],"EasingStyle":"Linear","EasingDirection":"In"},"HumanoidRootPart":{"Weight":0,"CFrame":[0,0,0,1,0,0,0,1,0,0,0,1],"EasingStyle":"Linear","EasingDirection":"In"},"Right Leg":{"Weight":1,"CFrame":[0.5550232529640198,0.10786652565002442,-0.1970078945159912,0.9210318326950073,0.05479675903916359,0.3856133222579956,-0.06979145854711533,0.9972487688064575,0.02498386986553669,-0.3831833600997925,-0.049923475831747058,0.922322154045105],"EasingStyle":"Linear","EasingDirection":"In"}}},{"Time":0.2666666805744171,"poses":{"Left Leg":{"Weight":1,"CFrame":[-0.2980170249938965,0.057971298694610599,0.1929306983947754,0.8367973566055298,-0.32830843329429629,0.43815943598747256,0.34990909695625307,0.9361943006515503,0.03322411701083183,-0.4211101233959198,0.12551410496234895,0.8982831239700317],"EasingStyle":"Linear","EasingDirection":"In"},"Right Arm":{"Weight":1,"CFrame":[-0.01499217003583908,0.06071126461029053,0.020984649658203126,0.6168441772460938,-0.5195623636245728,-0.591234564781189,0.30728277564048769,0.8505261540412903,-0.42682862281799319,0.724624514579773,0.08161047846078873,0.684294581413269],"EasingStyle":"Linear","EasingDirection":"In"},"Left Arm":{"Weight":1,"CFrame":[0.33190059661865237,0.09164470434188843,-0.13130813837051392,0.4456227421760559,0.8952208161354065,-0.00047289946814998984,-0.6706319451332092,0.33347687125205996,-0.6626055240631104,-0.593020498752594,0.29558923840522768,0.7489684820175171],"EasingStyle":"Linear","EasingDirection":"In"},"Head":{"Weight":1,"CFrame":[9.499490261077881e-8,3.725290298461914e-9,0.0166623592376709,0.9022563099861145,-0.4279298782348633,0.05300439894199371,0.4307458996772766,0.9001110792160034,-0.06525421142578125,-0.019785650074481965,0.0817074328660965,0.9964600205421448],"EasingStyle":"Linear","EasingDirection":"In"},"Torso":{"Weight":1,"CFrame":[-0.0607173778116703,-0.02543501928448677,-0.11532139778137207,0.8996153473854065,0.4362349808216095,-0.019779147580266,-0.43664756417274477,0.8991972208023071,-0.027987316250801088,0.005576309282332659,0.033814333379268649,0.9994125962257385],"EasingStyle":"Linear","EasingDirection":"In"},"HumanoidRootPart":{"Weight":0,"CFrame":[0,0,0,1,0,0,0,1,0,0,0,1],"EasingStyle":"Linear","EasingDirection":"In"},"Right Leg":{"Weight":1,"CFrame":[0.6333235502243042,0.07100296020507813,-0.2419847846031189,0.8897969722747803,0.20202630758285523,0.409202516078949,-0.23211818933486939,0.9723748564720154,0.024664202705025674,-0.392915278673172,-0.11692944914102555,0.9121102094650269],"EasingStyle":"Linear","EasingDirection":"In"}}},{"Time":0.30000001192092898,"poses":{"Left Leg":{"Weight":1,"CFrame":[-0.2781386077404022,0.08324480056762696,0.18283462524414063,0.853040874004364,-0.2801904082298279,0.4402439296245575,0.2939299941062927,0.9550590515136719,0.03830603510141373,-0.43119192123413088,0.09672429412603378,0.897060751914978],"EasingStyle":"Linear","EasingDirection":"In"},"Right Arm":{"Weight":1,"CFrame":[-0.012964371591806412,0.04755508899688721,0.018041610717773439,0.6690312027931213,-0.46559572219848635,-0.5793254375457764,0.282405287027359,0.8802541494369507,-0.3813135027885437,0.6874915361404419,0.0915060043334961,0.7204040884971619],"EasingStyle":"Linear","EasingDirection":"In"},"Left Arm":{"Weight":1,"CFrame":[0.32655206322669985,0.09063392877578736,-0.12866216897964478,0.46158063411712649,0.886946439743042,0.016419468447566034,-0.6618176698684692,0.35662731528282168,-0.6594046354293823,-0.5907121300697327,0.29350149631500246,0.7516089677810669],"EasingStyle":"Linear","EasingDirection":"In"},"Head":{"Weight":1,"CFrame":[8.987262845039368e-8,-2.0489096641540528e-8,0.016662001609802247,0.9034178256988525,-0.42685142159461977,0.04042605683207512,0.4285195469856262,0.9020525813102722,-0.051693812012672427,-0.01440087053924799,0.06402456015348435,0.997844398021698],"EasingStyle":"Linear","EasingDirection":"In"},"Torso":{"Weight":1,"CFrame":[-0.05595250055193901,-0.030271463096141816,-0.09502840042114258,0.9007903933525086,0.4340127408504486,-0.01448527630418539,-0.4342498779296875,0.9001275897026062,-0.03460552543401718,-0.0019806423224508764,0.03746255487203598,0.9992960691452026],"EasingStyle":"Linear","EasingDirection":"In"},"HumanoidRootPart":{"Weight":0,"CFrame":[0,0,0,1,0,0,0,1,0,0,0,1],"EasingStyle":"Linear","EasingDirection":"In"},"Right Leg":{"Weight":1,"CFrame":[0.5531344413757324,0.01342785358428955,-0.20178663730621339,0.8807034492492676,0.24786968529224397,0.4036361873149872,-0.2801348567008972,0.9597113132476807,0.021881967782974244,-0.3819502294063568,-0.1323441118001938,0.9146579504013062],"EasingStyle":"Linear","EasingDirection":"In"}}},{"Time":0.3333333432674408,"poses":{"Left Leg":{"Weight":1,"CFrame":[-0.2459532618522644,0.1039654016494751,0.16546237468719483,0.8710464835166931,-0.21778129041194917,0.4402831792831421,0.22346986830234528,0.9739051461219788,0.03962373733520508,-0.4374234080314636,0.06387592107057572,0.8969842195510864],"EasingStyle":"Linear","EasingDirection":"In"},"Right Arm":{"Weight":1,"CFrame":[-0.012367423623800278,0.03760784864425659,0.015517354011535645,0.700507640838623,-0.4453413486480713,-0.5576379299163818,0.2767215073108673,0.8897646069526672,-0.3629656136035919,0.6578102111816406,0.09994976967573166,0.7465225458145142],"EasingStyle":"Linear","EasingDirection":"In"},"Left Arm":{"Weight":1,"CFrame":[0.32030075788497927,0.08960497379302979,-0.1268141269683838,0.4804389774799347,0.876112699508667,0.040063537657260898,-0.6504136919975281,0.38657113909721377,-0.6538538336753845,-0.5883370637893677,0.2880789339542389,0.7555594444274902],"EasingStyle":"Linear","EasingDirection":"In"},"Head":{"Weight":1,"CFrame":[9.12696123123169e-8,1.862645149230957e-8,0.016661882400512697,0.9058518409729004,-0.42246174812316897,0.030962441116571428,0.42344707250595095,0.9050436615943909,-0.03985743224620819,-0.011184114031493664,0.04921595752239227,0.9987256526947022],"EasingStyle":"Linear","EasingDirection":"In"},"Torso":{"Weight":1,"CFrame":[-0.052304498851299289,-0.0319770872592926,-0.0719907283782959,0.9032561779022217,0.4289516806602478,-0.011352583765983582,-0.42906224727630618,0.9024965763092041,-0.03749098628759384,-0.005836155731230974,0.03873492777347565,0.9992324709892273],"EasingStyle":"Linear","EasingDirection":"In"},"HumanoidRootPart":{"Weight":0,"CFrame":[0,0,0,1,0,0,0,1,0,0,0,1],"EasingStyle":"Linear","EasingDirection":"In"},"Right Leg":{"Weight":1,"CFrame":[0.4516662657260895,-0.004551053047180176,-0.15442097187042237,0.8882336020469666,0.23072516918182374,0.3972494304180145,-0.2595822811126709,0.9655214548110962,0.019633853808045389,-0.3790227472782135,-0.12055837363004685,0.9175006747245789],"EasingStyle":"Linear","EasingDirection":"In"}}},{"Time":0.36666667461395266,"poses":{"Left Leg":{"Weight":1,"CFrame":[-0.23069223761558534,0.12798357009887696,0.15650725364685059,0.8830063343048096,-0.16180074214935304,0.44059082865715029,0.16120226681232453,0.9861475825309753,0.039076413959264758,-0.4408101439476013,0.03651953488588333,0.8968572020530701],"EasingStyle":"Linear","EasingDirection":"In"},"Right Arm":{"Weight":1,"CFrame":[-0.01361972838640213,0.03008854389190674,0.014279842376708985,0.7058932185173035,-0.4776236414909363,-0.5230588316917419,0.2963472008705139,0.8698592185974121,-0.3943643569946289,0.6433452367782593,0.12337213009595871,0.755570113658905],"EasingStyle":"Linear","EasingDirection":"In"},"Left Arm":{"Weight":1,"CFrame":[0.31326812505722048,0.08869260549545288,-0.12597978115081788,0.4976286292076111,0.8635368347167969,0.08167009800672531,-0.6307927966117859,0.4249112904071808,-0.6492695808410645,-0.5953706502914429,0.27157795429229739,0.7561608552932739],"EasingStyle":"Linear","EasingDirection":"In"},"Head":{"Weight":1,"CFrame":[9.313225746154785e-8,7.450580596923828e-9,0.016661763191223146,0.9082515835762024,-0.417733371257782,0.024041300639510156,0.418321430683136,0.9078035354614258,-0.02999945543706417,-0.009293044917285443,0.03730408474802971,0.9992608428001404],"EasingStyle":"Linear","EasingDirection":"In"},"Torso":{"Weight":1,"CFrame":[-0.04927273094654083,-0.031253039836883548,-0.06698894500732422,0.9056883454322815,0.42383694648742678,-0.00954135786741972,-0.4238875210285187,0.9049692153930664,-0.03674572706222534,-0.006939562037587166,0.03732464089989662,0.9992790818214417],"EasingStyle":"Linear","EasingDirection":"In"},"HumanoidRootPart":{"Weight":0,"CFrame":[0,0,0,1,0,0,0,1,0,0,0,1],"EasingStyle":"Linear","EasingDirection":"In"},"Right Leg":{"Weight":1,"CFrame":[0.4300459921360016,-0.0060122013092041019,-0.14339208602905274,0.892352819442749,0.22359856963157655,0.39205896854400637,-0.25038114190101626,0.9679832458496094,0.017825478687882425,-0.3755207359790802,-0.11407080292701721,0.9197673797607422],"EasingStyle":"Linear","EasingDirection":"In"}}},{"Time":0.4000000059604645,"poses":{"Left Leg":{"Weight":1,"CFrame":[-0.2042231559753418,0.14531457424163819,0.14194250106811524,0.8925873041152954,-0.09826099872589112,0.44003716111183169,0.09107588976621628,0.9951387047767639,0.03747434914112091,-0.44158029556274416,0.006627675611525774,0.8971973061561585],"EasingStyle":"Linear","EasingDirection":"In"},"Right Arm":{"Weight":1,"CFrame":[-0.016312595456838609,0.02428525686264038,0.014494895935058594,0.6903831362724304,-0.5503237247467041,-0.46959009766578677,0.3323229253292084,0.8178110718727112,-0.4698368012905121,0.6425984501838684,0.16831178963184358,0.7474881410598755],"EasingStyle":"Linear","EasingDirection":"In"},"Left Arm":{"Weight":1,"CFrame":[0.30502331256866457,0.08773458003997803,-0.12580347061157227,0.5109570026397705,0.8474268913269043,0.14418981969356538,-0.600883424282074,0.4720599949359894,-0.6450570821762085,-0.6147049069404602,0.24295496940612794,0.7504070997238159],"EasingStyle":"Linear","EasingDirection":"In"},"Head":{"Weight":1,"CFrame":[9.313225746154785e-8,7.450580596923828e-9,0.016662120819091798,0.9109429121017456,-0.4121459722518921,0.017853280529379846,0.41246557235717776,0.9107212424278259,-0.021425293758511545,-0.007429020944982767,0.026881137862801553,0.9996110796928406],"EasingStyle":"Linear","EasingDirection":"In"},"Torso":{"Weight":1,"CFrame":[-0.04578942432999611,-0.0288170725107193,-0.06275486946105957,0.9084169864654541,0.41799333691596987,-0.007764382753521204,-0.4180048704147339,0.9078121781349182,-0.03389681503176689,-0.0071200416423380379,0.0340379923582077,0.9993951916694641],"EasingStyle":"Linear","EasingDirection":"In"},"HumanoidRootPart":{"Weight":0,"CFrame":[0,0,0,1,0,0,0,1,0,0,0,1],"EasingStyle":"Linear","EasingDirection":"In"},"Right Leg":{"Weight":1,"CFrame":[0.4110083281993866,-0.007746338844299316,-0.1335325837135315,0.8957433104515076,0.22020822763442994,0.3862026035785675,-0.2453261911869049,0.9693033695220947,0.016314275562763215,-0.37075483798980715,-0.1093590036034584,0.9222697019577026],"EasingStyle":"Linear","EasingDirection":"In"}}},{"Time":0.4333333373069763,"poses":{"Left Leg":{"Weight":1,"CFrame":[-0.1670634001493454,0.15219205617904664,0.12123894691467285,0.8992468118667603,-0.028578732162714006,0.436506986618042,0.014881839975714684,0.9992846846580505,0.03476645424962044,-0.4371883273124695,-0.02476760745048523,0.8990289568901062],"EasingStyle":"Linear","EasingDirection":"In"},"Right Arm":{"Weight":1,"CFrame":[-0.01930718868970871,0.019799530506134034,0.0154571533203125,0.6647723913192749,-0.6297290325164795,-0.4018944501876831,0.3713918924331665,0.7453747987747192,-0.5536103844642639,0.6481865644454956,0.2187645435333252,0.7293808460235596],"EasingStyle":"Linear","EasingDirection":"In"},"Left Arm":{"Weight":1,"CFrame":[0.295026957988739,0.08639520406723023,-0.12556052207946778,0.5239725708961487,0.8240106701850891,0.21554453670978547,-0.5658751130104065,0.5259249210357666,-0.6349711418151856,-0.636583149433136,0.21073587238788606,0.7418572902679443],"EasingStyle":"Linear","EasingDirection":"In"},"Head":{"Weight":1,"CFrame":[9.12696123123169e-8,1.4901161193847657e-8,0.01666259765625,0.9146496653556824,-0.4040626883506775,0.012224603444337845,0.4042092561721802,0.9145613312721252,-0.013873542658984661,-0.005574380978941917,0.017630768939852716,0.999829113483429],"EasingStyle":"Linear","EasingDirection":"In"},"Torso":{"Weight":1,"CFrame":[-0.04178514704108238,-0.025014184415340425,-0.05923891067504883,0.9121758341789246,0.4097552001476288,-0.006008631084114313,-0.40974682569503786,0.9117265939712524,-0.029365716502070428,-0.006554524879902601,0.029248716309666635,0.9995507001876831],"EasingStyle":"Linear","EasingDirection":"In"},"HumanoidRootPart":{"Weight":0,"CFrame":[0,0,0,1,0,0,0,1,0,0,0,1],"EasingStyle":"Linear","EasingDirection":"In"},"Right Leg":{"Weight":1,"CFrame":[0.3929719924926758,-0.009776711463928223,-0.12373167276382446,0.8992171883583069,0.2203773707151413,0.3779449760913849,-0.24391888082027436,0.969680905342102,0.01492354553192854,-0.36319711804389956,-0.10560739785432816,0.9257078766822815],"EasingStyle":"Linear","EasingDirection":"In"}}},{"Time":0.46666666865348818,"poses":{"Left Leg":{"Weight":1,"CFrame":[-0.12021702527999878,0.14593052864074708,0.0946422815322876,0.9026670455932617,0.04565553367137909,0.42791101336479189,-0.06516997516155243,0.9973907470703125,0.03105873055756092,-0.4253765046596527,-0.05592263117432594,0.9032871723175049],"EasingStyle":"Linear","EasingDirection":"In"},"Right Arm":{"Weight":1,"CFrame":[-0.021626237779855729,0.016661524772644044,0.01652348041534424,0.6435721516609192,-0.6886427402496338,-0.3340452313423157,0.403952419757843,0.6763105392456055,-0.6159760355949402,0.6501056551933289,0.26148661971092226,0.713433563709259],"EasingStyle":"Linear","EasingDirection":"In"},"Left Arm":{"Weight":1,"CFrame":[0.2827916741371155,0.08432692289352417,-0.12456434965133667,0.5421772599220276,0.7910364270210266,0.28338196873664858,-0.5307255983352661,0.5838518142700195,-0.6143675446510315,-0.6514401435852051,0.18269801139831544,0.7363744378089905],"EasingStyle":"Linear","EasingDirection":"In"},"Head":{"Weight":1,"CFrame":[9.313225746154785e-8,3.725290298461914e-9,0.0166623592376709,0.9200266599655151,-0.3917925953865051,0.007053550332784653,0.39183834195137026,0.9200071692466736,-0.007044932805001736,-0.0037292027845978739,0.009245436638593674,0.9999503493309021],"EasingStyle":"Linear","EasingDirection":"In"},"Torso":{"Weight":1,"CFrame":[-0.037205081433057788,-0.020181093364953996,-0.05639219284057617,0.9176301956176758,0.39741250872612,-0.004278839100152254,-0.39739832282066347,0.9173437356948853,-0.023563837632536889,-0.005439396947622299,0.023323291912674905,0.9997131824493408],"EasingStyle":"Linear","EasingDirection":"In"},"HumanoidRootPart":{"Weight":0,"CFrame":[0,0,0,1,0,0,0,1,0,0,0,1],"EasingStyle":"Linear","EasingDirection":"In"},"Right Leg":{"Weight":1,"CFrame":[0.3743983507156372,-0.012100934982299805,-0.11307227611541748,0.9034616351127625,0.22395667433738709,0.3655141294002533,-0.24573153257369996,0.9692437648773193,0.013516074977815152,-0.351245254278183,-0.10202956199645996,0.9307076334953308],"EasingStyle":"Linear","EasingDirection":"In"}}},{"Time":0.5,"poses":{"Left Leg":{"Weight":1,"CFrame":[-0.06402710825204849,0.12510418891906739,0.0629204511642456,0.9027319550514221,0.12318768352270127,0.4121890068054199,-0.14705045521259309,0.9887726902961731,0.026547208428382875,-0.40429094433784487,-0.08457759022712708,0.9107115268707275],"EasingStyle":"Linear","EasingDirection":"In"},"Right Arm":{"Weight":1,"CFrame":[-0.02257111482322216,0.015254318714141846,0.01717829704284668,0.6437774300575256,-0.7094430327415466,-0.2867772877216339,0.4253881871700287,0.6433218717575073,-0.6365389823913574,0.6360782384872437,0.2877977192401886,0.7159448266029358],"EasingStyle":"Linear","EasingDirection":"In"},"Left Arm":{"Weight":1,"CFrame":[0.26788049936294558,0.0811922550201416,-0.12218987941741944,0.5730390548706055,0.7477709650993347,0.3353577256202698,-0.4994756579399109,0.6430937647819519,-0.5804779529571533,-0.6497310400009155,0.16513332724571229,0.7420111894607544],"EasingStyle":"Linear","EasingDirection":"In"},"Head":{"Weight":1,"CFrame":[8.847564458847046e-8,-3.725290298461914e-9,0.016662120819091798,0.927603006362915,-0.37356022000312807,0.002312461379915476,0.3735624849796295,0.9276049137115479,-0.0006076300051063299,-0.0019180875970050693,0.001427513430826366,0.9999971389770508],"EasingStyle":"Linear","EasingDirection":"In"},"Torso":{"Weight":1,"CFrame":[-0.03201446682214737,-0.014645464718341828,-0.054163217544555667,0.9253201484680176,0.3791780173778534,-0.0026041336823254825,-0.379165917634964,0.9251745939254761,-0.016891537234187127,-0.003995622042566538,0.01661747694015503,0.9998540282249451],"EasingStyle":"Linear","EasingDirection":"In"},"HumanoidRootPart":{"Weight":0,"CFrame":[0,0,0,1,0,0,0,1,0,0,0,1],"EasingStyle":"Linear","EasingDirection":"In"},"Right Leg":{"Weight":1,"CFrame":[0.3531096577644348,-0.014627218246459961,-0.10060125589370728,0.909072756767273,0.230493426322937,0.34707269072532656,-0.25006136298179629,0.9681555032730103,0.01201608031988144,-0.33325058221817019,-0.0977129116654396,0.9377613067626953],"EasingStyle":"Linear","EasingDirection":"In"}}},{"Time":0.5333333611488342,"poses":{"Left Leg":{"Weight":1,"CFrame":[0.0035789450630545618,0.08914560079574585,0.026966571807861329,0.8991403579711914,0.2038784921169281,0.3872726261615753,-0.22986099123954774,0.9729871153831482,0.021447889506816865,-0.3724384903907776,-0.1083034873008728,0.9217157959938049],"EasingStyle":"Linear","EasingDirection":"In"},"Right Arm":{"Weight":1,"CFrame":[-0.022616133093833925,0.01493072509765625,0.017475366592407228,0.661942183971405,-0.7053200006484985,-0.25368550419807436,0.4423268437385559,0.6408067345619202,-0.6274660229682922,0.6051276326179504,0.30313435196876528,0.7361590266227722],"EasingStyle":"Linear","EasingDirection":"In"},"Left Arm":{"Weight":1,"CFrame":[0.25029176473617556,0.07677018642425537,-0.11825722455978394,0.6169397830963135,0.6949802041053772,0.3693075478076935,-0.4701813757419586,0.7017818689346314,-0.5351930856704712,-0.6311218738555908,0.1565404087305069,0.7597239017486572],"EasingStyle":"Linear","EasingDirection":"In"},"Head":{"Weight":1,"CFrame":[8.754432201385498e-8,-9.313225746154786e-10,0.016662001609802247,0.9376267790794373,-0.34762686491012576,-0.0034186840057373049,0.3476409614086151,0.9376132488250732,0.005222637671977282,0.001389886368997395,-0.006085382774472237,0.9999805092811585],"EasingStyle":"Linear","EasingDirection":"In"},"Torso":{"Weight":1,"CFrame":[-0.02619844861328602,-0.008727239444851876,-0.05249476432800293,0.9355691075325012,0.3531421720981598,-0.0010378353763371707,-0.3531350791454315,0.93552166223526,-0.009739830158650875,-0.0024686281103640796,0.009478779509663582,0.9999520182609558],"EasingStyle":"Linear","EasingDirection":"In"},"HumanoidRootPart":{"Weight":0,"CFrame":[0,0,0,1,0,0,0,1,0,0,0,1],"EasingStyle":"Linear","EasingDirection":"In"},"Right Leg":{"Weight":1,"CFrame":[0.3258032500743866,-0.017048120498657228,-0.08532905578613281,0.9165419340133667,0.23898614943027497,0.32068148255348208,-0.2557140588760376,0.9666962623596191,0.010432809591293335,-0.3075082004070282,-0.0915648490190506,0.9471297264099121],"EasingStyle":"Linear","EasingDirection":"In"}}},{"Time":0.5666666626930237,"poses":{"Left Leg":{"Weight":1,"CFrame":[0.09884581714868546,0.033427417278289798,-0.015811502933502198,0.8887965083122253,0.29464924335479739,0.3510308563709259,-0.32030153274536135,0.9471815228462219,0.015943361446261407,-0.3277922570705414,-0.12660615146160127,0.9362281560897827],"EasingStyle":"Linear","EasingDirection":"In"},"Right Arm":{"Weight":1,"CFrame":[-0.022614819929003717,0.014576077461242676,0.017709732055664064,0.6806156635284424,-0.699431300163269,-0.21807871758937837,0.4614889919757843,0.6404721736907959,-0.6138592958450317,0.5690257549285889,0.31716132164001467,0.7586953043937683],"EasingStyle":"Linear","EasingDirection":"In"},"Left Arm":{"Weight":1,"CFrame":[0.23189501464366914,0.07102817296981812,-0.11362719535827637,0.6632742881774902,0.6377518773078919,0.39158639311790469,-0.439683198928833,0.755500078201294,-0.4856936037540436,-0.6055955290794373,0.1499740034341812,0.7815124988555908],"EasingStyle":"Linear","EasingDirection":"In"},"Head":{"Weight":1,"CFrame":[8.789356797933579e-8,-1.3969838619232178e-9,0.016661643981933595,0.9500129222869873,-0.31201231479644778,-0.011122782714664936,0.3121253550052643,0.9499830603599548,0.010489113628864289,0.007293702568858862,-0.01343647949397564,0.999883234500885],"EasingStyle":"Linear","EasingDirection":"In"},"Torso":{"Weight":1,"CFrame":[-0.019756443798542024,-0.002742617391049862,-0.05132007598876953,0.9483493566513062,0.3172277510166168,0.00034939395845867693,-0.31722593307495119,0.948346734046936,-0.002495166612789035,-0.0011228828225284815,0.002255452796816826,0.9999968409538269],"EasingStyle":"Linear","EasingDirection":"In"},"HumanoidRootPart":{"Weight":0,"CFrame":[0,0,0,1,0,0,0,1,0,0,0,1],"EasingStyle":"Linear","EasingDirection":"In"},"Right Leg":{"Weight":1,"CFrame":[0.28807729482650759,-0.01867663860321045,-0.06664377450942993,0.9261476397514343,0.24786615371704102,0.28427600860595705,-0.26106661558151247,0.9652798771858215,0.00888562761247158,-0.27220338582992556,-0.08244440704584122,0.9587013721466065],"EasingStyle":"Linear","EasingDirection":"In"}}},{"Time":0.6000000238418579,"poses":{"Left Leg":{"Weight":1,"CFrame":[0.16373968124389649,-0.009926915168762207,-0.039565324783325198,0.8823323249816895,0.36158597469329836,0.30123960971832278,-0.3821541666984558,0.9240426421165466,0.010178308002650738,-0.27467790246009829,-0.12410058826208115,0.9534941911697388],"EasingStyle":"Linear","EasingDirection":"In"},"Right Arm":{"Weight":1,"CFrame":[-0.02256024442613125,0.01393049955368042,0.017740249633789064,0.6967955231666565,-0.6928490996360779,-0.18556971848011018,0.47904086112976076,0.6420803666114807,-0.5985422134399414,0.5338500738143921,0.3281659781932831,0.779301643371582],"EasingStyle":"Linear","EasingDirection":"In"},"Left Arm":{"Weight":1,"CFrame":[0.21511615812778474,0.06397473812103272,-0.1092492938041687,0.7044376730918884,0.5837447643280029,0.4037443995475769,-0.4107520282268524,0.799193263053894,-0.4388313591480255,-0.5788353085517883,0.14329023659229279,0.8027561902999878],"EasingStyle":"Linear","EasingDirection":"In"},"Head":{"Weight":1,"CFrame":[8.923234418034554e-8,2.3283064365386965e-10,0.0166623592376709,0.9642144441604614,-0.2643645703792572,-0.020050009712576867,0.26469340920448305,0.9641997814178467,0.01600525714457035,0.015101006254553795,-0.02073957584798336,0.9996709227561951],"EasingStyle":"Linear","EasingDirection":"In"},"Torso":{"Weight":1,"CFrame":[-0.012690658681094647,0.002989797852933407,-0.05056405067443848,0.9630926251411438,0.26916617155075076,0.001483471947722137,-0.2691701352596283,0.9630823731422424,0.00445308443158865,-0.00023008615244179964,-0.004688038490712643,0.9999889731407166],"EasingStyle":"Linear","EasingDirection":"In"},"HumanoidRootPart":{"Weight":0,"CFrame":[0,0,0,1,0,0,0,1,0,0,0,1],"EasingStyle":"Linear","EasingDirection":"In"},"Right Leg":{"Weight":1,"CFrame":[0.23202669620513917,-0.017833828926086427,-0.04436314105987549,0.938135027885437,0.25369563698768618,0.23567159473896027,-0.26282772421836855,0.9648126363754273,0.007633735425770283,-0.22544220089912415,-0.06910251080989838,0.9718027710914612],"EasingStyle":"Linear","EasingDirection":"In"}}},{"Time":0.6333333253860474,"poses":{"Left Leg":{"Weight":1,"CFrame":[0.13059690594673158,-0.012634038925170899,-0.02924644947052002,0.9045201539993286,0.35540565848350527,0.2356485277414322,-0.36675846576690676,0.9303044080734253,0.0046891323290765289,-0.217558354139328,-0.09066753834486008,0.9718270897865295],"EasingStyle":"Linear","EasingDirection":"In"},"Right Arm":{"Weight":1,"CFrame":[-0.022450421005487443,0.012728095054626465,0.01742541790008545,0.708376944065094,-0.6869044303894043,-0.1623712