{"Sequence":[{"Time":0,"poses":{"Left Leg":{"Weight":1,"CFrame":[0.10768097639083862,-0.018933415412902833,-0.01125866174697876,0.9539339542388916,-0.21418529748916627,0.2100827544927597,0.22676736116409303,0.9732282757759094,-0.03746116906404495,-0.19643481075763703,0.08337536454200745,0.9769657254219055],"EasingStyle":"Linear","EasingDirection":"In"},"Right Leg":{"Weight":1,"CFrame":[-0.2795162796974182,0.1757335066795349,-0.1264185905456543,0.7966017127037048,0.2574916183948517,-0.5469220876693726,-0.06680315732955933,0.9367005825042725,0.3436996042728424,0.6008021235466003,-0.2372554987668991,0.7633785605430603],"EasingStyle":"Linear","EasingDirection":"In"},"Head":{"Weight":1,"CFrame":[9.499490261077881e-8,-3.725290298461914e-8,0,1,-2.0489096641540528e-8,8.754432201385498e-8,1.862645149230957e-9,0.9749699234962463,0.22233691811561585,-8.009374141693115e-8,-0.22233693301677705,0.9749699831008911],"EasingStyle":"Linear","EasingDirection":"In"},"Torso":{"Weight":1,"CFrame":[-0.05279606580734253,0.12080606818199158,-0.013931989669799805,0.9946815967559815,-0.06002207472920418,-0.08370149880647659,0.0751684308052063,0.9786056280136108,0.19152264297008515,0.07041516155004502,-0.1967957764863968,0.9779126644134522],"EasingStyle":"Linear","EasingDirection":"In"},"HumanoidRootPart":{"Weight":0,"CFrame":[0,0,0,1,0,0,0,1,0,0,0,1],"EasingStyle":"Linear","EasingDirection":"In"},"Right Arm":{"Weight":1,"CFrame":[-0.03464075177907944,0.31171369552612307,0.10583341121673584,-0.8031789660453796,-0.13811832666397096,-0.5795058012008667,0.539685845375061,-0.5806199908256531,-0.6096059083938599,-0.2522750198841095,-0.8023739457130432,0.5408823490142822],"EasingStyle":"Linear","EasingDirection":"In"},"Left Arm":{"Weight":1,"CFrame":[0.03464072197675705,0.31171345710754397,0.10583329200744629,-0.8031787872314453,0.13811802864074708,0.5795061588287354,-0.5396860837936401,-0.5806198120117188,-0.6096058487892151,0.2522752583026886,-0.802374005317688,0.5408819317817688],"EasingStyle":"Linear","EasingDirection":"In"},"RedFlare":{"Weight":1,"CFrame":[0,0,0,1,0,0,0,1,0,0,0,1],"EasingStyle":"Linear","EasingDirection":"In"},"Main":{"Weight":1,"CFrame":[0,0,0,1,0,0,0,1,0,0,0,1],"EasingStyle":"Linear","EasingDirection":"In"}}},{"Time":0.01666666753590107,"poses":{"Left Leg":{"Weight":1,"CFrame":[0.10768109560012818,-0.01893925666809082,-0.01125878095626831,0.9539282321929932,-0.21420980989933015,0.21008363366127015,0.22679485380649568,0.9732213616371155,-0.03747319430112839,-0.1964307576417923,0.08339259773492813,0.976965069770813],"EasingStyle":"Linear","EasingDirection":"In"},"Right Leg":{"Weight":1,"CFrame":[-0.27949175238609316,0.17584484815597535,-0.1264551877975464,0.796608567237854,0.2575681507587433,-0.5468761324882507,-0.06673803180456162,0.9366251230239868,0.3439180552959442,0.6008003354072571,-0.2374705970287323,0.7633132338523865],"EasingStyle":"Linear","EasingDirection":"In"},"Head":{"Weight":1,"CFrame":[9.499490261077881e-8,-3.725290298461914e-8,0,1,-2.0489096641540528e-8,8.940696716308594e-8,1.862645149230957e-9,0.9749906063079834,0.22224602103233338,-8.009374141693115e-8,-0.22224602103233338,0.9749906659126282],"EasingStyle":"Linear","EasingDirection":"In"},"Right Arm":{"Weight":1,"CFrame":[-0.03093007206916809,0.2952178120613098,0.10700392723083496,-0.7822262644767761,-0.16340060532093049,-0.6011843085289002,0.5731737613677979,-0.5668864846229553,-0.5917020440101624,-0.24411888420581819,-0.8074280023574829,0.537090539932251],"EasingStyle":"Linear","EasingDirection":"In"},"Torso":{"Weight":1,"CFrame":[-0.05279606580734253,0.12080606818199158,-0.01653456687927246,0.9946815967559815,-0.06002207472920418,-0.08370149880647659,0.0751684308052063,0.9786056280136108,0.19152264297008515,0.07041516155004502,-0.1967957764863968,0.9779126644134522],"EasingStyle":"Linear","EasingDirection":"In"},"HumanoidRootPart":{"Weight":0,"CFrame":[0,0,0,1,0,0,0,1,0,0,0,1],"EasingStyle":"Linear","EasingDirection":"In"},"Left Arm":{"Weight":1,"CFrame":[0.030930090695619584,0.29521775245666506,0.10700428485870362,-0.782226026058197,0.1634003072977066,0.6011846661567688,-0.573173999786377,-0.5668863654136658,-0.5917019844055176,0.24411921203136445,-0.807428240776062,0.5370901823043823],"EasingStyle":"Linear","EasingDirection":"In"}}},{"Time":0.03333333507180214,"poses":{"Left Leg":{"Weight":1,"CFrame":[0.10768140852451325,-0.018945693969726564,-0.011258840560913086,0.9539228081703186,-0.2142331600189209,0.21008455753326417,0.22682106494903565,0.973214864730835,-0.037484634667634967,-0.19642691314220429,0.08340906351804733,0.9769643545150757],"EasingStyle":"Linear","EasingDirection":"In"},"Right Leg":{"Weight":1,"CFrame":[-0.279468297958374,0.175950288772583,-0.12648999691009522,0.7966151237487793,0.257641077041626,-0.546832263469696,-0.06667597591876984,0.9365530014038086,0.3441261351108551,0.6007985472679138,-0.23767545819282533,0.7632507681846619],"EasingStyle":"Linear","EasingDirection":"In"},"Head":{"Weight":1,"CFrame":[1.0989606380462647e-7,5.21540641784668e-8,0,1,-1.4901161193847657e-8,9.12696123123169e-8,1.862645149230957e-9,0.9750522971153259,0.22197547554969788,-8.009374141693115e-8,-0.22197550535202027,0.9750522971153259],"EasingStyle":"Linear","EasingDirection":"In"},"Right Arm":{"Weight":1,"CFrame":[-0.027354389429092408,0.27932143211364748,0.10813236236572266,-0.7606280446052551,-0.18741734325885774,-0.6215462684631348,0.6047839522361755,-0.552575945854187,-0.573494553565979,-0.23596882820129395,-0.812117338180542,0.5336518883705139],"EasingStyle":"Linear","EasingDirection":"In"},"Torso":{"Weight":1,"CFrame":[-0.05279606580734253,0.12080606818199158,-0.01900792121887207,0.9946815967559815,-0.06002207472920418,-0.08370149880647659,0.0751684308052063,0.9786056280136108,0.19152264297008515,0.07041516155004502,-0.1967957764863968,0.9779126644134522],"EasingStyle":"Linear","EasingDirection":"In"},"HumanoidRootPart":{"Weight":0,"CFrame":[0,0,0,1,0,0,0,1,0,0,0,1],"EasingStyle":"Linear","EasingDirection":"In"},"Left Arm":{"Weight":1,"CFrame":[0.027354411780834199,0.27932095527648928,0.10813248157501221,-0.7606278657913208,0.18741707503795625,0.6215465068817139,-0.6047841906547546,-0.5525757670402527,-0.5734943747520447,0.2359691858291626,-0.8121175765991211,0.5336517095565796],"EasingStyle":"Linear","EasingDirection":"In"}}},{"Time":0.05000000074505806,"poses":{"Left Leg":{"Weight":1,"CFrame":[0.1076815128326416,-0.0189511775970459,-0.011259019374847412,0.9539176225662231,-0.21425539255142213,0.21008536219596864,0.22684603929519654,0.9732086062431336,-0.037495583295822147,-0.19642327725887299,0.08342472463846207,0.9769638180732727],"EasingStyle":"Linear","EasingDirection":"In"},"Right Leg":{"Weight":1,"CFrame":[-0.242934450507164,0.17311692237854005,-0.09904080629348755,0.7904154062271118,0.2761586904525757,-0.546790599822998,-0.08836808055639267,0.9346828460693359,0.3443242311477661,0.6061639785766602,-0.22384022176265717,0.7631913423538208],"EasingStyle":"Linear","EasingDirection":"In"},"Head":{"Weight":1,"CFrame":[9.499490261077881e-8,-7.450580596923828e-9,0,1,-1.6763806343078614e-8,9.499490261077881e-8,1.862645149230957e-9,0.975153923034668,0.22152851521968842,-8.009374141693115e-8,-0.22152851521968842,0.9751539826393127],"EasingStyle":"Linear","EasingDirection":"In"},"Right Arm":{"Weight":1,"CFrame":[-0.023911066353321077,0.2640136480331421,0.10921859741210938,-0.7385482788085938,-0.21016232669353486,-0.6406079530715942,0.6345269083976746,-0.5378099679946899,-0.5550997853279114,-0.2278643399477005,-0.8164510726928711,0.5305522084236145],"EasingStyle":"Linear","EasingDirection":"In"},"Torso":{"Weight":1,"CFrame":[-0.05279606580734253,0.12080606818199158,-0.021355390548706056,0.9946815967559815,-0.06002207472920418,-0.08370149880647659,0.0751684308052063,0.9786056280136108,0.19152264297008515,0.07041516155004502,-0.1967957764863968,0.9779126644134522],"EasingStyle":"Linear","EasingDirection":"In"},"HumanoidRootPart":{"Weight":0,"CFrame":[0,0,0,1,0,0,0,1,0,0,0,1],"EasingStyle":"Linear","EasingDirection":"In"},"Left Arm":{"Weight":1,"CFrame":[0.023911111056804658,0.26401352882385256,0.10921871662139893,-0.7385480403900147,0.21016202867031098,0.6406083703041077,-0.6345270276069641,-0.5378097891807556,-0.5550998449325562,0.2278645932674408,-0.8164512515068054,0.5305518507957459],"EasingStyle":"Linear","EasingDirection":"In"}}},{"Time":0.06666667014360428,"poses":{"Left Leg":{"Weight":1,"CFrame":[0.10768155753612519,-0.018956780433654786,-0.011258959770202637,0.9539127349853516,-0.2142765372991562,0.2100861519575119,0.22686970233917237,0.9732027053833008,-0.037505920976400378,-0.19641976058483125,0.08343961834907532,0.9769632816314697],"EasingStyle":"Linear","EasingDirection":"In"},"Right Leg":{"Weight":1,"CFrame":[-0.20301146805286408,0.17025244235992433,-0.06914740800857544,0.7831558585166931,0.29619312286376955,-0.5467507839202881,-0.11199863255023956,0.9320771098136902,0.3445121645927429,0.6116561889648438,-0.20857132971286775,0.7631350159645081],"EasingStyle":"Linear","EasingDirection":"In"},"Head":{"Weight":1,"CFrame":[9.499490261077881e-8,-7.450580596923828e-9,0,1,-1.6763806343078614e-8,9.313227167240257e-8,1.862645149230957e-9,0.9752946496009827,0.22090819478034974,-8.009374141693115e-8,-0.22090812027454377,0.9752947092056274],"EasingStyle":"Linear","EasingDirection":"In"},"Right Arm":{"Weight":1,"CFrame":[-0.020597688853740693,0.24928349256515504,0.11026418209075928,-0.716140866279602,-0.23164096474647523,-0.6583958268165588,0.6624289155006409,-0.5227039456367493,-0.5366266369819641,-0.21984149515628816,-0.8204408288002014,0.5277755260467529],"EasingStyle":"Linear","EasingDirection":"In"},"Torso":{"Weight":1,"CFrame":[-0.05279606580734253,0.12080606818199158,-0.023579835891723634,0.9946815967559815,-0.06002207472920418,-0.08370149880647659,0.0751684308052063,0.9786056280136108,0.19152264297008515,0.07041516155004502,-0.1967957764863968,0.9779126644134522],"EasingStyle":"Linear","EasingDirection":"In"},"HumanoidRootPart":{"Weight":0,"CFrame":[0,0,0,1,0,0,0,1,0,0,0,1],"EasingStyle":"Linear","EasingDirection":"In"},"Left Arm":{"Weight":1,"CFrame":[0.020597711205482484,0.24928343296051026,0.11026430130004883,-0.716140627861023,0.23164072632789613,0.6583961248397827,-0.66242915391922,-0.5227037668228149,-0.5366265773773193,0.21984167397022248,-0.8204410672187805,0.52777498960495],"EasingStyle":"Linear","EasingDirection":"In"}}},{"Time":0.0833333358168602,"poses":{"Left Leg":{"Weight":1,"CFrame":[0.10768170654773712,-0.018961310386657716,-0.011259019374847412,0.9539080858230591,-0.21429650485515595,0.21008694171905518,0.22689217329025269,0.9731970429420471,-0.037515755742788318,-0.196416437625885,0.08345366269350052,0.9769627451896668],"EasingStyle":"Linear","EasingDirection":"In"},"Right Leg":{"Weight":1,"CFrame":[-0.1788671463727951,0.16867995262145997,-0.051140666007995608,0.7785232663154602,0.30823078751564028,-0.54671311378479,-0.12622210383415223,0.9301917552947998,0.3446904420852661,0.6147922873497009,-0.19934214651584626,0.7630814909934998],"EasingStyle":"Linear","EasingDirection":"In"},"Head":{"Weight":1,"CFrame":[8.009374141693115e-8,-7.450580596923828e-9,0,1,-9.313225746154785e-9,8.381903171539307e-8,1.862645149230957e-9,0.9754734039306641,0.22011753916740418,-8.009374141693115e-8,-0.22011756896972657,0.9754734039306641],"EasingStyle":"Linear","EasingDirection":"In"},"Right Arm":{"Weight":1,"CFrame":[-0.017411746084690095,0.23512011766433717,0.11126947402954102,-0.6935505867004395,-0.25186866521835329,-0.6749444603919983,0.6885290145874023,-0.5073671340942383,-0.5181755423545837,-0.21193262934684754,-0.8240999579429627,0.525303840637207],"EasingStyle":"Linear","EasingDirection":"In"},"Torso":{"Weight":1,"CFrame":[-0.05279606580734253,0.12080606818199158,-0.025684118270874025,0.9946815967559815,-0.06002207472920418,-0.08370149880647659,0.0751684308052063,0.9786056280136108,0.19152264297008515,0.07041516155004502,-0.1967957764863968,0.9779126644134522],"EasingStyle":"Linear","EasingDirection":"In"},"HumanoidRootPart":{"Weight":0,"CFrame":[0,0,0,1,0,0,0,1,0,0,0,1],"EasingStyle":"Linear","EasingDirection":"In"},"Left Arm":{"Weight":1,"CFrame":[0.017411746084690095,0.23512005805969239,0.11126935482025147,-0.6935502886772156,0.251868337392807,0.6749447584152222,-0.6885291337966919,-0.5073670744895935,-0.518175482749939,0.2119329273700714,-0.824100136756897,0.5253035426139832],"EasingStyle":"Linear","EasingDirection":"In"}}},{"Time":0.10000000149011612,"poses":{"Left Leg":{"Weight":1,"CFrame":[0.10768178105354309,-0.018966197967529298,-0.011259198188781739,0.9539037346839905,-0.21431542932987214,0.2100876271724701,0.2269134223461151,0.9731917381286621,-0.037525057792663577,-0.1964133232831955,0.08346699178218842,0.9769622087478638],"EasingStyle":"Linear","EasingDirection":"In"},"Right Leg":{"Weight":1,"CFrame":[-0.16031020879745484,0.16755419969558717,-0.0373377799987793,0.7748382091522217,0.31744199991226199,-0.5466774702072144,-0.1371191293001175,0.9285853505134583,0.34485912322998049,0.6171095371246338,-0.19224998354911805,0.7630308270454407],"EasingStyle":"Linear","EasingDirection":"In"},"Head":{"Weight":1,"CFrame":[1.0989606380462647e-7,-3.725290298461914e-8,2.384185791015625e-7,1,-1.6763806343078614e-8,8.195638656616211e-8,1.862645149230957e-9,0.9756889939308167,0.2191598117351532,-8.009374141693115e-8,-0.2191598117351532,0.9756890535354614],"EasingStyle":"Linear","EasingDirection":"In"},"Right Arm":{"Weight":1,"CFrame":[-0.01435067504644394,0.22151201963424684,0.1122351884841919,-0.6709115505218506,-0.2708694338798523,-0.6902953386306763,0.7128771543502808,-0.4919015169143677,-0.49983853101730349,-0.20416657626628877,-0.8274434804916382,0.5231192708015442],"EasingStyle":"Linear","EasingDirection":"In"},"Torso":{"Weight":1,"CFrame":[-0.05279606580734253,0.12080606818199158,-0.02767157554626465,0.9946815967559815,-0.06002207472920418,-0.08370149880647659,0.0751684308052063,0.9786056280136108,0.19152264297008515,0.07041516155004502,-0.1967957764863968,0.9779126644134522],"EasingStyle":"Linear","EasingDirection":"In"},"HumanoidRootPart":{"Weight":0,"CFrame":[0,0,0,1,0,0,0,1,0,0,0,1],"EasingStyle":"Linear","EasingDirection":"In"},"Left Arm":{"Weight":1,"CFrame":[0.014350693672895432,0.22151178121566773,0.11223530769348145,-0.670911431312561,0.27086901664733889,0.6902958154678345,-0.712877094745636,-0.4919016361236572,-0.4998387098312378,0.20416681468486787,-0.827443540096283,0.5231186151504517],"EasingStyle":"Linear","EasingDirection":"In"}}},{"Time":0.11666666716337204,"poses":{"Left Leg":{"Weight":1,"CFrame":[0.1076819971203804,-0.018970847129821779,-0.011259198188781739,0.9538995027542114,-0.21433335542678834,0.21008829772472382,0.2269335240125656,0.973186731338501,-0.037533849477767947,-0.19641044735908509,0.08347960561513901,0.9769617319107056],"EasingStyle":"Linear","EasingDirection":"In"},"Right Leg":{"Weight":1,"CFrame":[-0.1452026665210724,0.16669201850891114,-0.026124894618988038,0.7717580199241638,0.3249153196811676,-0.5466437935829163,-0.14596743881702424,0.927176296710968,0.34501832723617556,0.618937075138092,-0.18647845089435578,0.7629829049110413],"EasingStyle":"Linear","EasingDirection":"In"},"Head":{"Weight":1,"CFrame":[9.499490261077881e-8,2.2351741790771486e-8,0,1,-1.6763806343078614e-8,8.754432201385498e-8,1.862645149230957e-9,0.9759403467178345,0.21803787350654603,-8.009374141693115e-8,-0.21803788840770722,0.9759403467178345],"EasingStyle":"Linear","EasingDirection":"In"},"Right Arm":{"Weight":1,"CFrame":[-0.011412099003791809,0.2084481120109558,0.11316215991973877,-0.6483461260795593,-0.2886745035648346,-0.7044959664344788,0.7355326414108276,-0.47640079259872439,-0.48169878125190737,-0.19656847417354585,-0.8304874300956726,0.5212022662162781],"EasingStyle":"Linear","EasingDirection":"In"},"Torso":{"Weight":1,"CFrame":[-0.05279606580734253,0.12080606818199158,-0.029545307159423829,0.9946815967559815,-0.06002207472920418,-0.08370149880647659,0.0751684308052063,0.9786056280136108,0.19152264297008515,0.07041516155004502,-0.1967957764863968,0.9779126644134522],"EasingStyle":"Linear","EasingDirection":"In"},"HumanoidRootPart":{"Weight":0,"CFrame":[0,0,0,1,0,0,0,1,0,0,0,1],"EasingStyle":"Linear","EasingDirection":"In"},"Left Arm":{"Weight":1,"CFrame":[0.011412106454372406,0.20844799280166627,0.11316227912902832,-0.6483458876609802,0.2886742055416107,0.7044963836669922,-0.7355327010154724,-0.47640061378479006,-0.48169875144958498,0.19656868278980256,-0.8304877281188965,0.5212017297744751],"EasingStyle":"Linear","EasingDirection":"In"}}},{"Time":0.13333334028720857,"poses":{"Left Leg":{"Weight":1,"CFrame":[0.10768206417560578,-0.018975257873535157,-0.01125943660736084,0.953895628452301,-0.21435019373893739,0.21008895337581635,0.2269524335861206,0.9731820225715637,-0.037542134523391727,-0.19640763103961945,0.08349142968654633,0.9769613146781921],"EasingStyle":"Linear","EasingDirection":"In"},"Right Leg":{"Weight":1,"CFrame":[-0.13247227668762208,0.16600370407104493,-0.0166933536529541,0.7691066861152649,0.3311951160430908,-0.5466119647026062,-0.15340696275234223,0.925918459892273,0.3451685309410095,0.6204363107681274,-0.18161728978157044,0.7629377841949463],"EasingStyle":"Linear","EasingDirection":"In"},"Head":{"Weight":1,"CFrame":[1.0989606380462647e-7,-3.725290298461914e-8,2.384185791015625e-7,1,-3.166496753692627e-8,9.313225746154785e-8,1.862645149230957e-9,0.9762260317802429,0.2167549431324005,-8.009374141693115e-8,-0.2167550027370453,0.9762260317802429],"EasingStyle":"Linear","EasingDirection":"In"},"Right Arm":{"Weight":1,"CFrame":[-0.008593365550041199,0.19591742753982545,0.1140516996383667,-0.6259654760360718,-0.30532142519950869,-0.7175976037979126,0.7565618753433228,-0.4609506130218506,-0.4638301432132721,-0.18915989995002747,-0.8332486748695374,0.5195336937904358],"EasingStyle":"Linear","EasingDirection":"In"},"Torso":{"Weight":1,"CFrame":[-0.05279606580734253,0.12080606818199158,-0.03130793571472168,0.9946815967559815,-0.06002207472920418,-0.08370149880647659,0.0751684308052063,0.9786056280136108,0.19152264297008515,0.07041516155004502,-0.1967957764863968,0.9779126644134522],"EasingStyle":"Linear","EasingDirection":"In"},"HumanoidRootPart":{"Weight":0,"CFrame":[0,0,0,1,0,0,0,1,0,0,0,1],"EasingStyle":"Linear","EasingDirection":"In"},"Left Arm":{"Weight":1,"CFrame":[0.008593402802944184,0.19591712951660157,0.11405181884765625,-0.6259652972221375,0.3053210377693176,0.7175979614257813,-0.7565619945526123,-0.46095043420791628,-0.46383002400398257,0.18916019797325135,-0.8332488536834717,0.5195334553718567],"EasingStyle":"Linear","EasingDirection":"In"}}},{"Time":0.15000000596046449,"poses":{"Left Leg":{"Weight":1,"CFrame":[0.10768218338489533,-0.018979310989379884,-0.011259317398071289,0.9538918137550354,-0.2143660932779312,0.2100895494222641,0.22697019577026368,0.9731776118278503,-0.0375499352812767,-0.19640503823757173,0.08350266516208649,0.9769608974456787],"EasingStyle":"Linear","EasingDirection":"In"},"Right Leg":{"Weight":1,"CFrame":[-0.12133794277906418,0.16543012857437135,-0.008456885814666748,0.7667456269264221,0.33667346835136416,-0.5465821623802185,-0.1599017083644867,0.9247663021087647,0.3453097641468048,0.6217173933982849,-0.1773652583360672,0.7628952860832214],"EasingStyle":"Linear","EasingDirection":"In"},"Head":{"Weight":1,"CFrame":[9.499490261077881e-8,2.2351741790771486e-8,0,1,-2.2351741790771486e-8,9.126962652317161e-8,1.862645149230957e-9,0.9765449166297913,0.21531397104263307,-8.009374141693115e-8,-0.21531394124031068,0.976544976234436],"EasingStyle":"Linear","EasingDirection":"In"},"Right Arm":{"Weight":1,"CFrame":[-0.005892261862754822,0.1839081048965454,0.11490380764007569,-0.6038687825202942,-0.3208524286746979,-0.7296549081802368,0.7760370373725891,-0.44562819600105288,-0.4462979733943939,-0.18195925652980805,-0.8357447981834412,0.518094539642334],"EasingStyle":"Linear","EasingDirection":"In"},"Torso":{"Weight":1,"CFrame":[-0.05279606580734253,0.12080606818199158,-0.032962799072265628,0.9946815967559815,-0.06002207472920418,-0.08370149880647659,0.0751684308052063,0.9786056280136108,0.19152264297008515,0.07041516155004502,-0.1967957764863968,0.9779126644134522],"EasingStyle":"Linear","EasingDirection":"In"},"HumanoidRootPart":{"Weight":0,"CFrame":[0,0,0,1,0,0,0,1,0,0,0,1],"EasingStyle":"Linear","EasingDirection":"In"},"Left Arm":{"Weight":1,"CFrame":[0.005892261862754822,0.18390822410583497,0.11490404605865479,-0.6038687229156494,0.3208520710468292,0.7296552658081055,-0.7760369181632996,-0.4456283152103424,-0.4462977945804596,0.18195952475070954,-0.8357447981834412,0.5180940628051758],"EasingStyle":"Linear","EasingDirection":"In"}}},{"Time":0.1666666716337204,"poses":{"Left Leg":{"Weight":1,"CFrame":[0.1076822280883789,-0.018983006477355958,-0.011259496212005616,0.9538883566856384,-0.21438096463680268,0.21009010076522828,0.22698692977428437,0.9731734395027161,-0.03755723312497139,-0.19640259444713593,0.08351312577724457,0.9769604802131653],"EasingStyle":"Linear","EasingDirection":"In"},"Right Leg":{"Weight":1,"CFrame":[-0.11167396605014801,0.1649550199508667,-0.0013180971145629883,0.7646645307540894,0.34141865372657778,-0.5465542078018189,-0.1655292958021164,0.9237260222434998,0.3454422056674957,0.6228067278862,-0.17367660999298097,0.7628553509712219],"EasingStyle":"Linear","EasingDirection":"In"},"Head":{"Weight":1,"CFrame":[9.499490261077881e-8,-7.450580596923828e-9,0,1,-2.2351741790771486e-8,8.195638656616211e-8,1.862645149230957e-9,0.9768954515457153,0.21371781826019288,-8.009374141693115e-8,-0.21371784806251527,0.9768955111503601],"EasingStyle":"Linear","EasingDirection":"In"},"Right Arm":{"Weight":1,"CFrame":[-0.0033058077096939089,0.17241042852401734,0.11571967601776123,-0.5821446180343628,-0.3353134095668793,-0.740724503993988,0.794033408164978,-0.4305034279823303,-0.4291590750217438,-0.1749817132949829,-0.8379927277565002,0.5168654322624207],"EasingStyle":"Linear","EasingDirection":"In"},"Torso":{"Weight":1,"CFrame":[-0.05279606580734253,0.12080606818199158,-0.034512996673583987,0.9946815967559815,-0.06002207472920418,-0.08370149880647659,0.0751684308052063,0.9786056280136108,0.19152264297008515,0.07041516155004502,-0.1967957764863968,0.9779126644134522],"EasingStyle":"Linear","EasingDirection":"In"},"HumanoidRootPart":{"Weight":0,"CFrame":[0,0,0,1,0,0,0,1,0,0,0,1],"EasingStyle":"Linear","EasingDirection":"In"},"Left Arm":{"Weight":1,"CFrame":[0.003305874764919281,0.172410249710083,0.11572003364562988,-0.5821444988250732,0.335313081741333,0.7407246828079224,-0.7940334677696228,-0.4305032789707184,-0.4291589856147766,0.1749819666147232,-0.8379928469657898,0.5168650150299072],"EasingStyle":"Linear","EasingDirection":"In"}}},{"Time":0.18333333730697633,"poses":{"Left Leg":{"Weight":1,"CFrame":[0.10768237709999085,-0.01898634433746338,-0.011259377002716065,0.9538851976394653,-0.21439485251903535,0.21009057760238648,0.22700253129005433,0.9731693863868713,-0.03756408020853996,-0.1964002549648285,0.08352291584014893,0.9769600629806519],"EasingStyle":"Linear","EasingDirection":"In"},"Right Leg":{"Weight":1,"CFrame":[-0.10300223529338837,0.1645457148551941,0.0050803422927856449,0.7627719640731812,0.3456677496433258,-0.5465278625488281,-0.17057178914546967,0.9227617383003235,0.34556618332862856,0.6237661838531494,-0.1703658550977707,0.7628180980682373],"EasingStyle":"Linear","EasingDirection":"In"},"Head":{"Weight":1,"CFrame":[1.0989606380462647e-7,5.21540641784668e-8,2.384185791015625e-7,1,-2.421438694000244e-8,8.568167686462403e-8,1.862645149230957e-9,0.9772762656211853,0.21196961402893067,-8.009374141693115e-8,-0.21196964383125306,0.9772762656211853],"EasingStyle":"Linear","EasingDirection":"In"},"Right Arm":{"Weight":1,"CFrame":[-0.0008319243788719177,0.16141271591186524,0.11650025844573975,-0.5608697533607483,-0.3487529456615448,-0.7508638501167297,0.8106297850608826,-0.41563671827316286,-0.41246238350868227,-0.16823932528495789,-0.840010404586792,0.5158278346061707],"EasingStyle":"Linear","EasingDirection":"In"},"Torso":{"Weight":1,"CFrame":[-0.05279606580734253,0.12080606818199158,-0.03596138954162598,0.9946815967559815,-0.06002207472920418,-0.08370149880647659,0.0751684308052063,0.9786056280136108,0.19152264297008515,0.07041516155004502,-0.1967957764863968,0.9779126644134522],"EasingStyle":"Linear","EasingDirection":"In"},"HumanoidRootPart":{"Weight":0,"CFrame":[0,0,0,1,0,0,0,1,0,0,0,1],"EasingStyle":"Linear","EasingDirection":"In"},"Left Arm":{"Weight":1,"CFrame":[0.0008320286870002747,0.16141259670257569,0.1165006160736084,-0.5608696937561035,0.3487527370452881,0.7508642077445984,-0.8106299042701721,-0.4156365692615509,-0.41246217489242556,0.1682395339012146,-0.8400106430053711,0.515827476978302],"EasingStyle":"Linear","EasingDirection":"In"}}},{"Time":0.20000000298023225,"poses":{"Left Leg":{"Weight":1,"CFrame":[0.10768242180347443,-0.0189896821975708,-0.01125955581665039,0.953882098197937,-0.21440784633159638,0.21009109914302827,0.2270171195268631,0.9731658101081848,-0.037570446729660037,-0.19639809429645539,0.08353207260370255,0.9769597053527832],"EasingStyle":"Linear","EasingDirection":"In"},"Right Leg":{"Weight":1,"CFrame":[-0.09537898004055023,0.16419953107833863,0.010698914527893067,0.7610884308815002,0.3493974506855011,-0.5465033054351807,-0.17499850690364839,0.9218892455101013,0.3456818461418152,0.6245958805084229,-0.16745707392692567,0.7627832889556885],"EasingStyle":"Linear","EasingDirection":"In"},"Head":{"Weight":1,"CFrame":[8.009374141693115e-8,5.21540641784668e-8,0,1,-2.2351741790771486e-8,8.940696716308594e-8,1.862645149230957e-9,0.9776858687400818,0.21007230877876283,-8.009374141693115e-8,-0.2100723385810852,0.9776859283447266],"EasingStyle":"Linear","EasingDirection":"In"},"Right Arm":{"Weight":1,"CFrame":[0.0015320256352424622,0.1509031057357788,0.11724638938903809,-0.5401111245155335,-0.3612213730812073,-0.7601312398910523,0.8259053230285645,-0.40108227729797366,-0.39624887704849245,-0.16174164414405824,-0.8418147563934326,0.5149636268615723],"EasingStyle":"Linear","EasingDirection":"In"},"Torso":{"Weight":1,"CFrame":[-0.05279606580734253,0.12080606818199158,-0.03731131553649902,0.9946815967559815,-0.06002207472920418,-0.08370149880647659,0.0751684308052063,0.9786056280136108,0.19152264297008515,0.07041516155004502,-0.1967957764863968,0.9779126644134522],"EasingStyle":"Linear","EasingDirection":"In"},"HumanoidRootPart":{"Weight":0,"CFrame":[0,0,0,1,0,0,0,1,0,0,0,1],"EasingStyle":"Linear","EasingDirection":"In"},"Left Arm":{"Weight":1,"CFrame":[-0.001531999558210373,0.15090298652648927,0.11724638938903809,-0.5401110053062439,0.361221045255661,0.7601314783096314,-0.825905442237854,-0.4010821282863617,-0.3962486982345581,0.16174183785915376,-0.8418150544166565,0.5149633288383484],"EasingStyle":"Linear","EasingDirection":"In"}}},{"Time":0.21666666865348817,"poses":{"Left Leg":{"Weight":1,"CFrame":[0.1076824963092804,-0.01899278163909912,-0.011259675025939942,0.9538793563842773,-0.21441993117332459,0.21009154617786408,0.2270307093858719,0.9731624126434326,-0.037576403468847278,-0.1963961273431778,0.08354058116674423,0.9769594073295593],"EasingStyle":"Linear","EasingDirection":"In"},"Right Leg":{"Weight":1,"CFrame":[-0.08856600522994995,0.1639012098312378,0.01571524143218994,0.7595681548118591,0.3527255058288574,-0.5464805960655212,-0.17894990742206574,0.9210898876190186,0.34578937292099,0.6253265738487244,-0.16485783457756043,0.7627508044242859],"EasingStyle":"Linear","EasingDirection":"In"},"Head":{"Weight":1,"CFrame":[9.499490261077881e-8,-3.725290298461914e-8,0,1,-1.6763806343078614e-8,8.568167686462403e-8,1.862645149230957e-9,0.9781227707862854,0.20802882313728333,-8.009374141693115e-8,-0.2080288529396057,0.9781227111816406],"EasingStyle":"Linear","EasingDirection":"In"},"Right Arm":{"Weight":1,"CFrame":[0.0037886053323745729,0.14087140560150147,0.1179581880569458,-0.5199249982833862,-0.37276986241340639,-0.7685836553573608,0.8399400115013123,-0.38688573241233828,-0.38055241107940676,-0.1554957628250122,-0.8434228897094727,0.514255940914154],"EasingStyle":"Linear","EasingDirection":"In"},"Torso":{"Weight":1,"CFrame":[-0.05279606580734253,0.12080606818199158,-0.03856539726257324,0.9946815967559815,-0.06002207472920418,-0.08370149880647659,0.0751684308052063,0.9786056280136108,0.19152264297008515,0.07041516155004502,-0.1967957764863968,0.9779126644134522],"EasingStyle":"Linear","EasingDirection":"In"},"HumanoidRootPart":{"Weight":0,"CFrame":[0,0,0,1,0,0,0,1,0,0,0,1],"EasingStyle":"Linear","EasingDirection":"In"},"Left Arm":{"Weight":1,"CFrame":[-0.0037885159254074098,0.14087098836898805,0.1179584264755249,-0.5199249386787415,0.37276947498321535,0.7685839533805847,-0.8399400115013123,-0.38688573241233828,-0.3805522322654724,0.15549598634243012,-0.843423068523407,0.5142554044723511],"EasingStyle":"Linear","EasingDirection":"In"}}},{"Time":0.23333333432674409,"poses":{"Left Leg":{"Weight":1,"CFrame":[0.10768255591392517,-0.01899552345275879,-0.011259675025939942,0.9538766741752625,-0.21443113684654237,0.21009200811386109,0.2270432561635971,0.9731593132019043,-0.03758188337087631,-0.19639426469802857,0.08354845643043518,0.9769591093063355],"EasingStyle":"Linear","EasingDirection":"In"},"Right Leg":{"Weight":1,"CFrame":[-0.0823703408241272,0.16363853216171266,0.020273566246032716,0.758172869682312,0.35574716329574587,-0.5464593768119812,-0.182539701461792,0.9203477501869202,0.34588924050331118,0.6259819269180298,-0.16249315440654756,0.7627207040786743],"EasingStyle":"Linear","EasingDirection":"In"},"Head":{"Weight":1,"CFrame":[8.009374141693115e-8,5.21540641784668e-8,0,1,-1.6763806343078614e-8,8.940696716308594e-8,1.862645149230957e-9,0.9785851836204529,0.20584216713905335,-8.009374141693115e-8,-0.20584221184253694,0.9785852432250977],"EasingStyle":"Linear","EasingDirection":"In"},"Right Arm":{"Weight":1,"CFrame":[0.0059401169419288639,0.131305992603302,0.11863720417022705,-0.5003593564033508,-0.38344958424568179,-0.7762777805328369,0.8528121113777161,-0.37308672070503237,-0.3654005527496338,-0.1495063751935959,-0.8448507785797119,0.5136880278587341],"EasingStyle":"Linear","EasingDirection":"In"},"Torso":{"Weight":1,"CFrame":[-0.05279606580734253,0.12080606818199158,-0.03972673416137695,0.9946815967559815,-0.06002207472920418,-0.08370149880647659,0.0751684308052063,0.9786056280136108,0.19152264297008515,0.07041516155004502,-0.1967957764863968,0.9779126644134522],"EasingStyle":"Linear","EasingDirection":"In"},"HumanoidRootPart":{"Weight":0,"CFrame":[0,0,0,1,0,0,0,1,0,0,0,1],"EasingStyle":"Linear","EasingDirection":"In"},"Left Arm":{"Weight":1,"CFrame":[-0.005940049886703491,0.131305992603302,0.11863720417022705,-0.5003591775894165,0.3834492266178131,0.7762780785560608,-0.8528121113777161,-0.37308675050735476,-0.36540040373802187,0.14950662851333619,-0.8448508381843567,0.5136876702308655],"EasingStyle":"Linear","EasingDirection":"In"}}},{"Time":0.25,"poses":{"Left Leg":{"Weight":1,"CFrame":[0.10768260061740875,-0.018998146057128907,-0.011259615421295166,0.9538742303848267,-0.21444150805473329,0.21009238064289094,0.22705486416816712,0.9731563925743103,-0.03758697211742401,-0.19639252126216889,0.08355576545000076,0.9769588112831116],"EasingStyle":"Linear","EasingDirection":"In"},"Right Leg":{"Weight":1,"CFrame":[-0.07691419124603272,0.16341543197631837,0.024283885955810548,0.7569339275360107,0.3584056496620178,-0.5464397668838501,-0.18569757044315339,0.9196810722351074,0.3459814190864563,0.626552164554596,-0.16041244566440583,0.762692928314209],"EasingStyle":"Linear","EasingDirection":"In"},"Head":{"Weight":1,"CFrame":[1.0989606380462647e-7,-7.450580596923828e-9,0,1,-2.0489096641540528e-8,8.754432201385498e-8,1.862645149230957e-9,0.9790717959403992,0.20351527631282807,-8.009374141693115e-8,-0.20351530611515046,0.9790717959403992],"EasingStyle":"Linear","EasingDirection":"In"},"Right Arm":{"Weight":1,"CFrame":[0.007989376783370972,0.12219655513763428,0.11928355693817139,-0.481452614068985,-0.39331188797950747,-0.7832683324813843,0.8645992875099182,-0.35971808433532717,-0.3508145809173584,-0.14377643167972566,-0.846113920211792,0.5132445096969605],"EasingStyle":"Linear","EasingDirection":"In"},"Torso":{"Weight":1,"CFrame":[-0.05279606580734253,0.12080606818199158,-0.04079866409301758,0.9946815967559815,-0.06002207472920418,-0.08370149880647659,0.0751684308052063,0.9786056280136108,0.19152264297008515,0.07041516155004502,-0.1967957764863968,0.9779126644134522],"EasingStyle":"Linear","EasingDirection":"In"},"HumanoidRootPart":{"Weight":0,"CFrame":[0,0,0,1,0,0,0,1,0,0,0,1],"EasingStyle":"Linear","EasingDirection":"In"},"Left Arm":{"Weight":1,"CFrame":[-0.007989335805177689,0.1221962571144104,0.11928379535675049,-0.48145246505737307,0.3933115601539612,0.7832686305046082,-0.8645992279052734,-0.35971805453300478,-0.35081443190574648,0.14377664029598237,-0.8461140990257263,0.5132442116737366],"EasingStyle":"Linear","EasingDirection":"In"}}},{"Time":0.2666666805744171,"poses":{"Left Leg":{"Weight":1,"CFrame":[0.10768257081508637,-0.019000530242919923,-0.011259615421295166,0.95387202501297,-0.21445101499557496,0.21009275317192079,0.2270655632019043,0.9731536507606506,-0.03759163245558739,-0.1963910013437271,0.08356247842311859,0.9769585728645325],"EasingStyle":"Linear","EasingDirection":"In"},"Right Leg":{"Weight":1,"CFrame":[-0.07202048599720001,0.16322052478790284,0.027878642082214357,0.7558145523071289,0.3607874810695648,-0.5464217662811279,-0.18852758407592774,0.9190732836723328,0.3460662066936493,0.6270580887794495,-0.15854628384113313,0.7626673579216003],"EasingStyle":"Linear","EasingDirection":"In"},"Head":{"Weight":1,"CFrame":[9.499490261077881e-8,-3.725290298461914e-8,-2.384185791015625e-7,1,-2.2351745343485164e-8,8.940696716308594e-8,1.862645149230957e-9,0.979580819606781,0.20105096697807313,-8.009374141693115e-8,-0.20105107128620149,0.979580819606781],"EasingStyle":"Linear","EasingDirection":"In"},"Right Arm":{"Weight":1,"CFrame":[0.009938560426235199,0.11353063583374024,0.11989879608154297,-0.4632361829280853,-0.4024066627025604,-0.7896082401275635,0.8753762245178223,-0.3468068242073059,-0.33681052923202517,-0.13830691576004029,-0.8472272157669067,0.5129108428955078],"EasingStyle":"Linear","EasingDirection":"In"},"Torso":{"Weight":1,"CFrame":[-0.05279606580734253,0.12080606818199158,-0.04178428649902344,0.9946815967559815,-0.06002207472920418,-0.08370149880647659,0.0751684308052063,0.9786056280136108,0.19152264297008515,0.07041516155004502,-0.1967957764863968,0.9779126644134522],"EasingStyle":"Linear","EasingDirection":"In"},"HumanoidRootPart":{"Weight":0,"CFrame":[0,0,0,1,0,0,0,1,0,0,0,1],"EasingStyle":"Linear","EasingDirection":"In"},"Left Arm":{"Weight":1,"CFrame":[-0.009938515722751618,0.11353075504302979,0.11989891529083252,-0.4632361829280853,0.40240633487701418,0.7896085381507874,-0.8753761053085327,-0.34680697321891787,-0.3368103802204132,0.13830716907978059,-0.8472272753715515,0.5129104256629944],"EasingStyle":"Linear","EasingDirection":"In"}}},{"Time":0.28333333134651186,"poses":{"Left Leg":{"Weight":1,"CFrame":[0.10768277198076248,-0.019002795219421388,-0.011259794235229493,0.9538700580596924,-0.21445977687835694,0.21009305119514466,0.22707539796829225,0.9731512069702148,-0.03759591281414032,-0.1963895857334137,0.08356861025094986,0.9769583344459534],"EasingStyle":"Linear","EasingDirection":"In"},"Right Leg":{"Weight":1,"CFrame":[-0.06763942539691925,0.1630510687828064,0.031094670295715333,0.7548059225082398,0.3629177212715149,-0.5464052557945252,-0.19105912744998933,0.918520987033844,0.3461439907550812,0.627506673336029,-0.15687572956085206,0.7626439332962036],"EasingStyle":"Linear","EasingDirection":"In"},"Head":{"Weight":1,"CFrame":[1.0989606380462647e-7,-7.450580596923828e-9,2.384185791015625e-7,1,-1.862645149230957e-8,9.12696123123169e-8,1.862645149230957e-9,0.9801105260848999,0.19845247268676759,-8.009374141693115e-8,-0.19845251739025117,0.9801105260848999],"EasingStyle":"Linear","EasingDirection":"In"},"Right Arm":{"Weight":1,"CFrame":[0.011790342628955841,0.10529893636703491,0.12048304080963135,-0.44573381543159487,-0.41078299283981326,-0.7953482866287231,0.8852155208587647,-0.3343743681907654,-0.323399156332016,-0.1330973505973816,-0.8482046723365784,0.5126734972000122],"EasingStyle":"Linear","EasingDirection":"In"},"Torso":{"Weight":1,"CFrame":[-0.05279606580734253,0.12080606818199158,-0.04268622398376465,0.9946815967559815,-0.06002207472920418,-0.08370149880647659,0.0751684308052063,0.9786056280136108,0.19152264297008515,0.07041516155004502,-0.1967957764863968,0.9779126644134522],"EasingStyle":"Linear","EasingDirection":"In"},"HumanoidRootPart":{"Weight":0,"CFrame":[0,0,0,1,0,0,0,1,0,0,0,1],"EasingStyle":"Linear","EasingDirection":"In"},"Left Arm":{"Weight":1,"CFrame":[-0.011790279299020768,0.10529863834381104,0.12048304080963135,-0.44573357701301577,0.41078269481658938,0.7953484654426575,-0.885215699672699,-0.334374338388443,-0.32339897751808169,0.13309761881828309,-0.8482047915458679,0.5126732587814331],"EasingStyle":"Linear","EasingDirection":"In"}}},{"Time":0.30000001192092898,"poses":{"Left Leg":{"Weight":1,"CFrame":[0.10768270492553711,-0.0190047025680542,-0.011259734630584717,0.9538681507110596,-0.21446773409843446,0.21009333431720735,0.22708430886268617,0.9731490612030029,-0.03759986534714699,-0.19638819992542268,0.08357420563697815,0.9769580364227295],"EasingStyle":"Linear","EasingDirection":"In"},"Right Leg":{"Weight":1,"CFrame":[-0.06372568756341934,0.16290301084518434,0.03396594524383545,0.7538997530937195,0.3648189604282379,-0.546390175819397,-0.19331908226013184,0.9180213212966919,0.3462147116661072,0.6279036998748779,-0.15538346767425538,0.7626225352287293],"EasingStyle":"Linear","EasingDirection":"In"},"Head":{"Weight":1,"CFrame":[8.009374141693115e-8,-7.450580596923828e-9,0,1,-1.862645149230957e-8,8.009374141693115e-8,1.862645149230957e-9,0.9806593060493469,0.19572250545024873,-8.009374141693115e-8,-0.1957225352525711,0.9806593656539917],"EasingStyle":"Linear","EasingDirection":"In"},"Right Arm":{"Weight":1,"CFrame":[0.013547167181968689,0.09748828411102295,0.12103736400604248,-0.4289630055427551,-0.41848787665367129,-0.800536572933197,0.8941864371299744,-0.3224373757839203,-0.31058746576309206,-0.1281459778547287,-0.849059522151947,0.5125200152397156],"EasingStyle":"Linear","EasingDirection":"In"},"Torso":{"Weight":1,"CFrame":[-0.05279606580734253,0.12080606818199158,-0.04350757598876953,0.9946815967559815,-0.06002207472920418,-0.08370149880647659,0.0751684308052063,0.9786056280136108,0.19152264297008515,0.07041516155004502,-0.1967957764863968,0.9779126644134522],"EasingStyle":"Linear","EasingDirection":"In"},"HumanoidRootPart":{"Weight":0,"CFrame":[0,0,0,1,0,0,0,1,0,0,0,1],"EasingStyle":"Linear","EasingDirection":"In"},"Left Arm":{"Weight":1,"CFrame":[-0.013547174632549286,0.09748822450637818,0.12103736400604248,-0.428962767124176,0.418487548828125,0.8005367517471314,-0.8941865563392639,-0.3224372863769531,-0.3105873167514801,0.1281462162733078,-0.8490597009658814,0.5125197172164917],"EasingStyle":"Linear","EasingDirection":"In"}}},{"Time":0.3166666626930237,"poses":{"Left Leg":{"Weight":1,"CFrame":[0.10768278688192368,-0.01900649070739746,-0.011259853839874268,0.9538664817810059,-0.21447493135929109,0.2100936472415924,0.2270924150943756,0.9731469750404358,-0.03760341554880142,-0.19638703763484956,0.08357929438352585,0.9769578576087952],"EasingStyle":"Linear","EasingDirection":"In"},"Right Leg":{"Weight":1,"CFrame":[-0.0601164847612381,0.16276848316192628,0.03661322593688965,0.7530598044395447,0.3665698766708374,-0.546376645565033,-0.19540221989154817,0.9175559878349304,0.3462790250778198,0.6282667517662048,-0.1540055125951767,0.7626031041145325],"EasingStyle":"Linear","EasingDirection":"In"},"Head":{"Weight":1,"CFrame":[9.499490261077881e-8,2.2351741790771486e-8,2.384185791015625e-7,1,-1.862645149230957e-8,8.381903171539307e-8,1.862645149230957e-9,0.9812254905700684,0.19286412000656129,-8.009374141693115e-8,-0.19286414980888368,0.9812254905700684]