{"Sequence":[{"Time":0,"poses":{"Left Leg":{"Weight":1,"CFrame":[-0.28529977798461916,0.2482990026473999,-0.02376878261566162,0.9924443364143372,-0.11418798565864563,0.04489317163825035,0.11186496913433075,0.9924012422561646,0.05124509707093239,-0.05040360614657402,-0.04583592340350151,0.9976765513420105],"EasingStyle":"Linear","EasingDirection":"In"},"Right Arm":{"Weight":1,"CFrame":[-0.2536228895187378,-0.46700340509414675,0.21160221099853517,0.1950555145740509,-0.7735962867736816,0.6029114127159119,0.5583927035331726,-0.41777583956718447,-0.716701328754425,0.8063193559646606,0.4764578938484192,0.35048118233680727],"EasingStyle":"Linear","EasingDirection":"In"},"Left Arm":{"Weight":1,"CFrame":[-0.0028264259453862907,-0.47602811455726626,0.05798542499542236,-0.5202437043190002,0.848987340927124,-0.09255797415971756,-0.38852009177207949,-0.3317960798740387,-0.8596298694610596,-0.7605252265930176,-0.4112563729286194,0.5024634599685669],"EasingStyle":"Linear","EasingDirection":"In"},"Head":{"Weight":1,"CFrame":[1.509958593715055e-7,-2.9091177166859496e-16,0,0.9937013387680054,0.11085308343172074,0.016407091170549394,-0.11206069588661194,0.9829930663108826,0.14548873901367188,-1.825702611313318e-7,-0.1464109718799591,0.989223837852478],"EasingStyle":"Linear","EasingDirection":"In"},"Torso":{"Weight":1,"CFrame":[3.473947174370551e-8,2.263911375532078e-14,-0.23006916046142579,0.9937013387680054,-0.11206069588661194,-1.5004472686541704e-7,0.11206069588661194,0.9937013387680054,-1.6920694179134445e-8,1.5099580252808665e-7,-1.776356733521132e-15,1],"EasingStyle":"Linear","EasingDirection":"In"},"HumanoidRootPart":{"Weight":0,"CFrame":[0,0,0,1,0,0,0,1,0,0,0,1],"EasingStyle":"Linear","EasingDirection":"In"},"Right Leg":{"Weight":1,"CFrame":[0.21841731667518617,0.24220150709152223,-0.003160536289215088,0.9613466262817383,0.1859094798564911,-0.20310170948505402,-0.1718926578760147,0.9814625382423401,0.08475952595472336,0.21509432792663575,-0.04657159000635147,0.9754822254180908],"EasingStyle":"Linear","EasingDirection":"In"}}},{"Time":0.03333333507180214,"poses":{"Left Leg":{"Weight":1,"CFrame":[-0.2679348289966583,0.18862277269363404,-0.022839069366455079,0.9849694967269898,-0.16746634244918824,0.04231031611561775,0.16443824768066407,0.984104573726654,0.06706902384757996,-0.052869562059640887,-0.05910348892211914,0.996850848197937],"EasingStyle":"Linear","EasingDirection":"In"},"Right Arm":{"Weight":1,"CFrame":[-0.2040615975856781,-0.5011255741119385,0.20450890064239503,0.11447104811668396,-0.6961722373962402,0.7086893320083618,0.6094207167625427,-0.5141668915748596,-0.6035221815109253,0.7845398783683777,0.5009756684303284,0.3654044568538666],"EasingStyle":"Linear","EasingDirection":"In"},"Left Arm":{"Weight":1,"CFrame":[-0.03006143867969513,-0.525585412979126,0.05736947059631348,-0.6161108016967773,0.7588974833488464,-0.2109074890613556,-0.29692426323890688,-0.47178515791893008,-0.830213725566864,-0.7295501828193665,-0.44888007640838625,0.5160069465637207],"EasingStyle":"Linear","EasingDirection":"In"},"Head":{"Weight":1,"CFrame":[1.5227124094963075e-7,8.149072527885437e-10,3.5762786865234377e-7,0.993804931640625,0.1107301339507103,0.009520696476101876,-0.11113082617521286,0.989063560962677,0.09697046130895615,0.0013209766475483776,-0.09742774814367295,0.9952417016029358],"EasingStyle":"Linear","EasingDirection":"In"},"Torso":{"Weight":1,"CFrame":[-0.0101394634693861,-6.6077134874831248e-9,-0.1762561798095703,0.993804931640625,-0.11113082617521286,0.0013210098259150982,0.11095840483903885,0.9927995204925537,0.04513673111796379,-0.0063275801949203018,-0.04471053183078766,0.998979926109314],"EasingStyle":"Linear","EasingDirection":"In"},"HumanoidRootPart":{"Weight":0,"CFrame":[0,0,0,1,0,0,0,1,0,0,0,1],"EasingStyle":"Linear","EasingDirection":"In"},"Right Leg":{"Weight":1,"CFrame":[0.18753266334533692,0.16854870319366456,-0.00016307830810546875,0.9521347284317017,0.23167189955711366,-0.19941814243793488,-0.21999236941337586,0.9722834229469299,0.07917243242263794,0.21223299205303193,-0.03151235729455948,0.976710855960846],"EasingStyle":"Linear","EasingDirection":"In"}}},{"Time":0.06666667014360428,"poses":{"Left Leg":{"Weight":1,"CFrame":[-0.19774416089057923,0.10830003023147583,-0.014946162700653077,0.9801735281944275,-0.19350120425224305,0.042627379298210147,0.1899128407239914,0.97882479429245,0.07638829201459885,-0.056505974382162097,-0.06677830219268799,0.9961665272712708],"EasingStyle":"Linear","EasingDirection":"In"},"Right Arm":{"Weight":1,"CFrame":[-0.08015836775302887,-0.5273396372795105,0.18552911281585694,0.019903631880879403,-0.5981869697570801,0.8011093139648438,0.6404209733009338,-0.6076803803443909,-0.4696652293205261,0.7677661180496216,0.5223953127861023,0.37099650502204897],"EasingStyle":"Linear","EasingDirection":"In"},"Left Arm":{"Weight":1,"CFrame":[-0.09814903140068054,-0.5578837990760803,0.055829524993896487,-0.6856709122657776,0.652263343334198,-0.3231222331523895,-0.2078678458929062,-0.6008745431900024,-0.7718425393104553,-0.6976004838943481,-0.46206313371658327,0.5475866794586182],"EasingStyle":"Linear","EasingDirection":"In"},"Head":{"Weight":1,"CFrame":[1.5366822481155396e-7,1.0477378964424134e-9,-1.1920928955078126e-7,0.9941355586051941,0.10810566693544388,0.0027700569480657579,-0.10811953246593476,0.9930986166000366,0.0454459972679615,0.002162028569728136,-0.045478980988264087,0.998962938785553],"EasingStyle":"Linear","EasingDirection":"In"},"Torso":{"Weight":1,"CFrame":[-0.018258551135659219,-1.1898782403818587e-8,-0.09386110305786133,0.9941355586051941,-0.10811953991651535,0.0021620611660182478,0.10753517597913742,0.9904807806015015,0.08592994511127472,-0.011432184837758541,-0.08519351482391358,0.9962988495826721],"EasingStyle":"Linear","EasingDirection":"In"},"HumanoidRootPart":{"Weight":0,"CFrame":[0,0,0,1,0,0,0,1,0,0,0,1],"EasingStyle":"Linear","EasingDirection":"In"},"Right Leg":{"Weight":1,"CFrame":[0.10267110913991928,0.08265483379364014,-0.004662752151489258,0.9488914012908936,0.24764083325862885,-0.19565044343471528,-0.23778752982616425,0.968591034412384,0.07272234559059143,0.20751427114009858,-0.02248237654566765,0.9779735803604126],"EasingStyle":"Linear","EasingDirection":"In"}}},{"Time":0.10000000149011612,"poses":{"Left Leg":{"Weight":1,"CFrame":[-0.14531193673610688,0.0630941390991211,-0.009222984313964844,0.9735241532325745,-0.22412316501140595,0.04493896663188934,0.21980321407318116,0.9718246459960938,0.08510817587375641,-0.06274750828742981,-0.07297714054584503,0.9953577518463135],"EasingStyle":"Linear","EasingDirection":"In"},"Right Arm":{"Weight":1,"CFrame":[0.08091577142477036,-0.5464041829109192,0.1581125259399414,-0.0834931805729866,-0.4902900159358978,0.8675509095191956,0.6493693590164185,-0.6871333718299866,-0.3258328139781952,0.755875825881958,0.536156177520752,0.37575048208236697],"EasingStyle":"Linear","EasingDirection":"In"},"Left Arm":{"Weight":1,"CFrame":[-0.18666276335716248,-0.576953113079071,0.053827643394470218,-0.7310755848884583,0.5365376472473145,-0.42149245738983157,-0.12891240417957307,-0.7152493000030518,-0.6868770718574524,-0.6700075268745422,-0.4478234052658081,0.592067539691925],"EasingStyle":"Linear","EasingDirection":"In"},"Head":{"Weight":1,"CFrame":[1.564621925354004e-7,1.909211277961731e-8,-1.1920928955078126e-7,0.9947075247764587,0.10268714278936386,-0.0035074076149612667,-0.10270961374044419,0.9946869015693665,-0.006977606099098921,0.00277226185426116,0.007300934288650751,0.999969482421875],"EasingStyle":"Linear","EasingDirection":"In"},"Torso":{"Weight":1,"CFrame":[-0.024581709876656534,-1.601947552387628e-8,-0.047068119049072269,0.9947075247764587,-0.10270962119102478,0.0027722930535674097,0.10160524398088455,0.9873068928718567,0.12207143008708954,-0.015275015495717526,-0.12114369124174118,0.9925174713134766],"EasingStyle":"Linear","EasingDirection":"In"},"HumanoidRootPart":{"Weight":0,"CFrame":[0,0,0,1,0,0,0,1,0,0,0,1],"EasingStyle":"Linear","EasingDirection":"In"},"Right Leg":{"Weight":1,"CFrame":[0.05312923341989517,0.030696332454681398,-0.0075928568840026859,0.9428794384002686,0.27431514859199526,-0.18902280926704408,-0.26577988266944888,0.9615164399147034,0.0696219801902771,0.20084688067436219,-0.01540666725486517,0.979501485824585],"EasingStyle":"Linear","EasingDirection":"In"}}},{"Time":0.13333334028720857,"poses":{"Left Leg":{"Weight":1,"CFrame":[-0.1224813163280487,0.04270923137664795,-0.006810903549194336,0.9634939432144165,-0.26315751671791079,0.04927032068371773,0.2578181326389313,0.9615874886512756,0.09423014521598816,-0.07217512279748917,-0.07808738201856613,0.9943304657936096],"EasingStyle":"Linear","EasingDirection":"In"},"Right Arm":{"Weight":1,"CFrame":[0.24198998510837556,-0.559080183506012,0.12570953369140626,-0.18960267305374146,-0.38833338022232058,0.901802659034729,0.6375423073768616,-0.7471967339515686,-0.1877148449420929,0.7467199563980103,0.5393460988998413,0.3892494738101959],"EasingStyle":"Linear","EasingDirection":"In"},"Left Arm":{"Weight":1,"CFrame":[-0.27517664432525637,-0.5868232846260071,0.051825761795043948,-0.7558998465538025,0.4229905605316162,-0.49969440698623659,-0.07034476846456528,-0.8113136291503906,-0.5803634524345398,-0.6508970856666565,-0.4035457670688629,0.6430270075798035],"EasingStyle":"Linear","EasingDirection":"In"},"Head":{"Weight":1,"CFrame":[1.564621925354004e-7,-1.280568540096283e-8,-5.960464477539063e-8,0.995509684085846,0.09423823654651642,-0.008926116861402989,-0.09459935128688812,0.9938142895698547,-0.05817318335175514,0.003388766897842288,0.05875637009739876,0.9982665777206421],"EasingStyle":"Linear","EasingDirection":"In"},"Torso":{"Weight":1,"CFrame":[-0.029333431273698808,-1.9116090044235535e-8,-0.029828548431396486,0.995509684085846,-0.09459936618804932,0.003388797165825963,0.09296456724405289,0.9837974905967712,0.15329742431640626,-0.01783572882413864,-0.15229402482509614,0.9881742596626282],"EasingStyle":"Linear","EasingDirection":"In"},"HumanoidRootPart":{"Weight":0,"CFrame":[0,0,0,1,0,0,0,1,0,0,0,1],"EasingStyle":"Linear","EasingDirection":"In"},"Right Leg":{"Weight":1,"CFrame":[0.0385720431804657,0.003792405128479004,-0.007725834846496582,0.9339224696159363,0.30923447012901308,-0.17934009432792664,-0.3017159700393677,0.9509347677230835,0.0684870257973671,0.19171930849552155,-0.00985180214047432,0.9814003705978394],"EasingStyle":"Linear","EasingDirection":"In"}}},{"Time":0.1666666716337204,"poses":{"Left Leg":{"Weight":1,"CFrame":[-0.11033604294061661,0.034731149673461917,-0.0059632062911987309,0.9519702196121216,-0.30094170570373537,0.05645161494612694,0.29427000880241396,0.9501671195030212,0.10289599001407623,-0.08460423350334168,-0.08134189993143082,0.993088960647583],"EasingStyle":"Linear","EasingDirection":"In"},"Right Arm":{"Weight":1,"CFrame":[0.36589330434799197,-0.5661280155181885,0.09176945686340332,-0.2936387062072754,-0.310020387172699,0.9042475819587708,0.6099249124526978,-0.789136528968811,-0.07249217480421066,0.7360488176345825,0.5302366018295288,0.42081010341644289],"EasingStyle":"Linear","EasingDirection":"In"},"Left Arm":{"Weight":1,"CFrame":[-0.34326428174972536,-0.5915253758430481,0.050285935401916507,-0.7654628157615662,0.3262724280357361,-0.5546286106109619,-0.04438851401209831,-0.886640727519989,-0.46032366156578066,-0.641947329044342,-0.3277415335178375,0.6931732892990112],"EasingStyle":"Linear","EasingDirection":"In"},"Head":{"Weight":1,"CFrame":[1.4994293451309205e-7,-4.21423465013504e-8,1.1920928955078126e-7,0.9964991807937622,0.08256977796554566,-0.013099816627800465,-0.08349563181400299,0.9908514618873596,-0.10602761805057526,0.004225294571369886,0.10675022006034851,0.9942768812179565],"EasingStyle":"Linear","EasingDirection":"In"},"Torso":{"Weight":1,"CFrame":[-0.032738205045461658,-2.1334923161475673e-8,-0.027365684509277345,0.9964991807937622,-0.08349563926458359,0.0042253280989825729,0.08138688653707504,0.9804089069366455,0.17937254905700684,-0.019119374454021455,-0.17840072512626649,0.9837721586227417],"EasingStyle":"Linear","EasingDirection":"In"},"HumanoidRootPart":{"Weight":0,"CFrame":[0,0,0,1,0,0,0,1,0,0,0,1],"EasingStyle":"Linear","EasingDirection":"In"},"Right Leg":{"Weight":1,"CFrame":[0.036753199994564059,-0.008727073669433594,-0.007038533687591553,0.9252091646194458,0.3407747447490692,-0.1669149100780487,-0.3340929448604584,0.9401212930679321,0.06748216599225998,0.17991648614406587,-0.006670015398412943,0.9836592674255371],"EasingStyle":"Linear","EasingDirection":"In"}}},{"Time":0.20000000298023225,"poses":{"Left Leg":{"Weight":1,"CFrame":[-0.10111119598150253,0.0326915979385376,-0.0058855414390563969,0.9402859807014465,-0.33370721340179446,0.06709519773721695,0.32535311579704287,0.9390584826469421,0.11097100377082825,-0.10003814846277237,-0.08251486718654633,0.9915561676025391],"EasingStyle":"Linear","EasingDirection":"In"},"Right Arm":{"Weight":1,"CFrame":[0.41545456647872927,-0.568307638168335,0.05974292755126953,-0.3933403491973877,-0.27187854051589968,0.8782740235328674,0.5745543241500855,-0.8184568881988525,0.003956154454499483,0.7177539467811585,0.5061722993850708,0.47814127802848818],"EasingStyle":"Linear","EasingDirection":"In"},"Left Arm":{"Weight":1,"CFrame":[-0.37049922347068789,-0.5950897932052612,0.04966998100280762,-0.7651150822639465,0.26317858695983889,-0.5876529216766357,-0.06411510705947876,-0.9392589926719666,-0.3371674120426178,-0.6406934857368469,-0.22029437124729157,0.7355148792266846],"EasingStyle":"Linear","EasingDirection":"In"},"Head":{"Weight":1,"CFrame":[1.4994293451309205e-7,5.820766091346741e-9,3.5762786865234377e-7,0.9975942969322205,0.06752191483974457,-0.015698153525590898,-0.06910727918148041,0.9864988923072815,-0.14847274124622346,0.005461043678224087,0.14920037984848023,0.9887918829917908],"EasingStyle":"Linear","EasingDirection":"In"},"Torso":{"Weight":1,"CFrame":[-0.03502052649855614,-2.282227207217602e-8,-0.03148365020751953,0.9975942969322205,-0.0691073015332222,0.005461077205836773,0.06662096828222275,0.9775134325027466,0.20007283985614777,-0.019164767116308214,-0.1992277055978775,0.9797658324241638],"EasingStyle":"Linear","EasingDirection":"In"},"HumanoidRootPart":{"Weight":0,"CFrame":[0,0,0,1,0,0,0,1,0,0,0,1],"EasingStyle":"Linear","EasingDirection":"In"},"Right Leg":{"Weight":1,"CFrame":[0.0414903461933136,-0.013543367385864258,-0.005977153778076172,0.9183225631713867,0.36561480164527895,-0.15168873965740205,-0.3596979081630707,0.930747926235199,0.06576985865831375,0.16523048281669618,-0.0058358218520879749,0.9862377047538757],"EasingStyle":"Linear","EasingDirection":"In"}}},{"Time":0.23333333432674409,"poses":{"Left Leg":{"Weight":1,"CFrame":[-0.09596564620733261,0.04191356897354126,-0.007285952568054199,0.9280043840408325,-0.3623740077018738,0.08656159788370133,0.3512462377548218,0.9284242391586304,0.121055968105793,-0.12423336505889893,-0.0819360539317131,0.9888642430305481],"EasingStyle":"Linear","EasingDirection":"In"},"Right Arm":{"Weight":1,"CFrame":[0.41544923186302187,-0.5655975341796875,0.03239548206329346,-0.4946343004703522,-0.2828713059425354,0.8217790126800537,0.5311732292175293,-0.8467926383018494,0.028235329315066339,0.6878894567489624,0.4504731297492981,0.5691063404083252],"EasingStyle":"Linear","EasingDirection":"In"},"Left Arm":{"Weight":1,"CFrame":[-0.36886733770370486,-0.6007917523384094,0.05578804016113281,-0.7689039707183838,0.23802906274795533,-0.5934045314788818,-0.13130097091197968,-0.9671205282211304,-0.2178025096654892,-0.6257369518280029,-0.08955461531877518,0.7748762369155884],"EasingStyle":"Linear","EasingDirection":"In"},"Head":{"Weight":1,"CFrame":[1.5832483768463136e-7,-9.872019290924072e-8,2.384185791015625e-7,0.9986653327941895,0.04893786460161209,-0.01651131734251976,-0.05113982781767845,0.9816885590553284,-0.1835002452135086,0.007228861562907696,0.1840997189283371,0.9828810095787048],"EasingStyle":"Linear","EasingDirection":"In"},"Torso":{"Weight":1,"CFrame":[-0.03640488535165787,-2.3724435749272744e-8,-0.04716014862060547,0.9986653327941895,-0.05113983899354935,0.00722889369353652,0.04838978499174118,0.9753772020339966,0.2151690572500229,-0.01805460825562477,-0.21453209221363069,0.9765500426292419],"EasingStyle":"Linear","EasingDirection":"In"},"HumanoidRootPart":{"Weight":0,"CFrame":[0,0,0,1,0,0,0,1,0,0,0,1],"EasingStyle":"Linear","EasingDirection":"In"},"Right Leg":{"Weight":1,"CFrame":[0.053738247603178027,-0.0053833723068237309,-0.004993021488189697,0.9126712679862976,0.3843700885772705,-0.1388915777206421,-0.3788209557533264,0.9231514930725098,0.06546694040298462,0.15338151156902314,-0.007134748622775078,0.9881412982940674],"EasingStyle":"Linear","EasingDirection":"In"}}},{"Time":0.2666666805744171,"poses":{"Left Leg":{"Weight":1,"CFrame":[-0.10037288814783097,0.06610536575317383,-0.010525524616241455,0.9134808778762817,-0.389426589012146,0.11789673566818237,0.3736889064311981,0.9175980687141419,0.1355375498533249,-0.160963773727417,-0.07975425571203232,0.9837326407432556],"EasingStyle":"Linear","EasingDirection":"In"},"Right Arm":{"Weight":1,"CFrame":[0.41541147232055666,-0.558609127998352,0.009756803512573243,-0.5986174941062927,-0.32597002387046816,0.7317108511924744,0.4792901575565338,-0.8776557445526123,0.001123419962823391,0.6418240070343018,0.3513743579387665,0.6816142797470093],"EasingStyle":"Linear","EasingDirection":"In"},"Left Arm":{"Weight":1,"CFrame":[-0.36465850472450259,-0.6088820695877075,0.07156598567962647,-0.7834857106208801,0.24281811714172364,-0.5720047354698181,-0.22571255266666413,-0.968828022480011,-0.10210824757814408,-0.5789680480957031,0.04910828545689583,0.8138700723648071],"EasingStyle":"Linear","EasingDirection":"In"},"Head":{"Weight":1,"CFrame":[1.601874828338623e-7,2.1827872842550279e-8,-4.172325134277344e-7,0.9995247721672058,0.02663263864815235,-0.015522814355790615,-0.029292475432157518,0.9774442315101624,-0.20915229618549348,0.009602406062185765,0.20950761437416078,0.977759838104248],"EasingStyle":"Linear","EasingDirection":"In"},"Torso":{"Weight":1,"CFrame":[-0.03711576387286186,-2.418770250756097e-8,-0.07937765121459961,0.9995247721672058,-0.02929249219596386,0.009602435864508152,0.026392553001642228,0.9741371273994446,0.2244110405445099,-0.015927648171782495,-0.22405095398426057,0.9744472503662109],"EasingStyle":"Linear","EasingDirection":"In"},"HumanoidRootPart":{"Weight":0,"CFrame":[0,0,0,1,0,0,0,1,0,0,0,1],"EasingStyle":"Linear","EasingDirection":"In"},"Right Leg":{"Weight":1,"CFrame":[0.07872498780488968,0.019283831119537355,-0.004174649715423584,0.9073610305786133,0.39922598004341128,-0.13158458471298219,-0.39347854256629946,0.9167962670326233,0.06825871020555496,0.14788691699504853,-0.010159577243030072,0.988952100276947],"EasingStyle":"Linear","EasingDirection":"In"}}},{"Time":0.30000001192092898,"poses":{"Left Leg":{"Weight":1,"CFrame":[-0.1307595670223236,0.10387438535690308,-0.0138741135597229,0.8931394219398499,-0.4212942123413086,0.157522052526474,0.399040549993515,0.9037937521934509,0.15467199683189393,-0.20752988755702973,-0.07528596371412277,0.9753273129463196],"EasingStyle":"Linear","EasingDirection":"In"},"Right Arm":{"Weight":1,"CFrame":[0.415309339761734,-0.5490522384643555,-0.008826971054077149,-0.6954578161239624,-0.3772488236427307,0.6115732789039612,0.42888808250427248,-0.9007989764213562,-0.06794252246618271,0.5765357613563538,0.21504531800746919,0.7882651686668396],"EasingStyle":"Linear","EasingDirection":"In"},"Left Arm":{"Weight":1,"CFrame":[-0.3589037358760834,-0.6188552975654602,0.09313976764678955,-0.799332857131958,0.27306708693504336,-0.5352581739425659,-0.32761794328689577,-0.9447823762893677,0.007261533755809069,-0.5037196278572083,0.18116457760334016,0.844657301902771],"EasingStyle":"Linear","EasingDirection":"In"},"Head":{"Weight":1,"CFrame":[1.5815021470189095e-7,3.141030902042985e-8,0,0.9999155402183533,0.00036499282578006387,-0.012991858646273613,-0.003259566379711032,0.9747011065483093,-0.22348855435848237,0.01258160825818777,0.22351202368736268,0.97461998462677],"EasingStyle":"Linear","EasingDirection":"In"},"Torso":{"Weight":1,"CFrame":[-0.03737765923142433,-2.4358374872690548e-8,-0.13312005996704102,0.9999155402183533,-0.0032595819793641569,0.012581637129187584,0.00031159448553808033,0.9737741947174072,0.22751641273498536,-0.0129932826384902,-0.2274932563304901,0.9736929535865784],"EasingStyle":"Linear","EasingDirection":"In"},"HumanoidRootPart":{"Weight":0,"CFrame":[0,0,0,1,0,0,0,1,0,0,0,1],"EasingStyle":"Linear","EasingDirection":"In"},"Right Leg":{"Weight":1,"CFrame":[0.1353515088558197,0.05767464637756348,-0.002541065216064453,0.8998292684555054,0.41762682795524599,-0.12607595324516297,-0.4113985598087311,0.9085106253623962,0.07320922613143921,0.14511547982692719,-0.014008321799337864,0.9893155694007874],"EasingStyle":"Linear","EasingDirection":"In"}}},{"Time":0.3333333432674408,"poses":{"Left Leg":{"Weight":1,"CFrame":[-0.18867334723472596,0.1486155390739441,-0.012495040893554688,0.8637235164642334,-0.4616771638393402,0.20207898318767548,0.4323154389858246,0.8848304748535156,0.17371933162212373,-0.25900793075561526,-0.06268361955881119,0.963839054107666],"EasingStyle":"Linear","EasingDirection":"In"},"Right Arm":{"Weight":1,"CFrame":[0.41511037945747378,-0.5386399626731873,-0.02401036024093628,-0.774892270565033,-0.4171395003795624,0.47490695118904116,0.38839393854141238,-0.9069767594337463,-0.1629212200641632,0.4986903965473175,0.058204568922519687,0.8648236989974976],"EasingStyle":"Linear","EasingDirection":"In"},"Left Arm":{"Weight":1,"CFrame":[-0.3526337444782257,-0.6302085518836975,0.1166459321975708,-0.8087767958641052,0.3193770945072174,-0.49384036660194399,-0.4199466407299042,-0.9014832973480225,0.10475043207406998,-0.4117339551448822,0.29210636019706728,0.8632201552391052],"EasingStyle":"Linear","EasingDirection":"In"},"Head":{"Weight":1,"CFrame":[1.4202669262886048e-7,-3.247987478971481e-8,-1.7881393432617188e-7,0.9995489120483398,-0.02929164282977581,-0.006629043258726597,0.027018994092941285,0.9734436869621277,-0.22732654213905335,0.01311176735907793,0.22704488039016725,0.973796010017395],"EasingStyle":"Linear","EasingDirection":"In"},"Torso":{"Weight":1,"CFrame":[-0.03741506487131119,-2.4382748264883959e-8,-0.2089519500732422,0.9995489120483398,0.027019008994102479,0.013111705891788006,-0.02929164282977581,0.9734436869621277,0.22704488039016725,-0.00662898039445281,-0.22732652723789216,0.973796010017395],"EasingStyle":"Linear","EasingDirection":"In"},"HumanoidRootPart":{"Weight":0,"CFrame":[0,0,0,1,0,0,0,1,0,0,0,1],"EasingStyle":"Linear","EasingDirection":"In"},"Right Leg":{"Weight":1,"CFrame":[0.23213697969913484,0.10764056444168091,-0.000975489616394043,0.8869284987449646,0.44651180505752566,-0.11825840175151825,-0.4391396641731262,0.8944960832595825,0.083863765001297,0.14322783052921296,-0.022449208423495294,0.989435076713562],"EasingStyle":"Linear","EasingDirection":"In"}}},{"Time":0.36666667461395266,"poses":{"Left Leg":{"Weight":1,"CFrame":[-0.23676908016204835,0.19380569458007813,-0.005551040172576904,0.8318005204200745,-0.49641919136047366,0.24834628403186799,0.4620726704597473,0.8671724796295166,0.18574397265911103,-0.3075658977031708,-0.039747897535562518,0.9506962299346924],"EasingStyle":"Linear","EasingDirection":"In"},"Right Arm":{"Weight":1,"CFrame":[0.41478201746940615,-0.5290836095809937,-0.036447882652282718,-0.8307738900184631,-0.4366375207901001,0.3451990783214569,0.36107802391052248,-0.8947492241859436,-0.2627670466899872,0.4236004948616028,-0.09365614503622055,0.9009944796562195],"EasingStyle":"Linear","EasingDirection":"In"},"Left Arm":{"Weight":1,"CFrame":[-0.3468787372112274,-0.6424365043640137,0.13821983337402345,-0.809455394744873,0.3690098226070404,-0.4567425847053528,-0.4913950562477112,-0.8515116572380066,0.182917520403862,-0.32142317295074465,0.3725045621395111,0.8705902695655823],"EasingStyle":"Linear","EasingDirection":"In"},"Head":{"Weight":1,"CFrame":[1.5459954738616944e-7,2.852175384759903e-8,1.1920928955078126e-7,0.998205840587616,-0.059652943164110187,0.005154405254870653,0.05927114561200142,0.9722695350646973,-0.22622737288475038,0.008483652956783772,0.2261270135641098,0.9740608930587769],"EasingStyle":"Linear","EasingDirection":"In"},"Torso":{"Weight":1,"CFrame":[-0.037415049970149997,-2.438274293581344e-8,-0.289766788482666,0.998205840587616,0.05927116051316261,0.00848359614610672,-0.059652943164110187,0.9722695350646973,0.226127028465271,0.005154473707079887,-0.22622737288475038,0.9740608930587769],"EasingStyle":"Linear","EasingDirection":"In"},"HumanoidRootPart":{"Weight":0,"CFrame":[0,0,0,1,0,0,0,1,0,0,0,1],"EasingStyle":"Linear","EasingDirection":"In"},"Right Leg":{"Weight":1,"CFrame":[0.3208581507205963,0.17321908473968507,-0.005116641521453857,0.8769891858100891,0.4683075547218323,-0.10760059207677841,-0.45880812406539919,0.8826528191566467,0.10207437723875046,0.14277617633342744,-0.04015009477734566,0.9889402985572815],"EasingStyle":"Linear","EasingDirection":"In"}}},{"Time":0.4000000059604645,"poses":{"Left Leg":{"Weight":1,"CFrame":[-0.2582511305809021,0.22743594646453858,0.004342555999755859,0.8040046691894531,-0.5178076028823853,0.2923215627670288,0.48249366879463198,0.8554351329803467,0.18822984397411347,-0.34752896428108218,-0.010294361039996148,0.9376127123832703],"EasingStyle":"Linear","EasingDirection":"In"},"Right Arm":{"Weight":1,"CFrame":[0.414292573928833,-0.5220945477485657,-0.04679316282272339,-0.8633832335472107,-0.43918895721435549,0.2483595609664917,0.3436586558818817,-0.8722938895225525,-0.34785357117652895,0.3694159686565399,-0.21497999131679536,0.9040549993515015],"EasingStyle":"Linear","EasingDirection":"In"},"Left Arm":{"Weight":1,"CFrame":[-0.342670202255249,-0.6550341844558716,0.15399789810180665,-0.8045871257781982,0.4087955355644226,-0.43072691559791567,-0.5371224284172058,-0.8103187680244446,0.23427145183086396,-0.25325697660446169,0.4198448657989502,0.8715453147888184],"EasingStyle":"Linear","EasingDirection":"In"},"Head":{"Weight":1,"CFrame":[1.434236764907837e-7,2.3050233721733094e-8,-4.172325134277344e-7,0.9959139823913574,-0.08779817819595337,0.021139461547136308,0.09030350297689438,0.9703311324119568,-0.22428277134895326,-0.0008206589845940471,0.22527532279491425,0.9742947816848755],"EasingStyle":"Linear","EasingDirection":"In"},"Torso":{"Weight":1,"CFrame":[-0.0374150425195694,-2.4382734054029244e-8,-0.35404062271118166,0.9959139227867127,0.09030352532863617,-0.0008207192877307534,-0.08779817819595337,0.9703311324119568,0.22527532279491425,0.02113952487707138,-0.22428277134895326,0.9742947816848755],"EasingStyle":"Linear","EasingDirection":"In"},"HumanoidRootPart":{"Weight":0,"CFrame":[0,0,0,1,0,0,0,1,0,0,0,1],"EasingStyle":"Linear","EasingDirection":"In"},"Right Leg":{"Weight":1,"CFrame":[0.3781321048736572,0.24164414405822755,-0.016670644283294679,0.8747978210449219,0.4751015305519104,-0.09490685164928436,-0.4629470109939575,0.8774695992469788,0.12540794909000398,0.1428593248128891,-0.0657697468996048,0.9875553250312805],"EasingStyle":"Linear","EasingDirection":"In"}}},{"Time":0.4333333373069763,"poses":{"Left Leg":{"Weight":1,"CFrame":[-0.24928304553031922,0.23100876808166505,0.014538168907165528,0.7847563624382019,-0.5246840119361877,0.32994556427001955,0.4937858283519745,0.8509973287582398,0.17882686853408814,-0.37461039423942568,0.022586900740861894,0.9269071817398071],"EasingStyle":"Linear","EasingDirection":"In"},"Right Arm":{"Weight":1,"CFrame":[0.4136093854904175,-0.5193842053413391,-0.055700838565826419,-0.8764055967330933,-0.435202032327652,0.20618559420108796,0.3287869393825531,-0.8535701632499695,-0.4041251838207245,0.3518699109554291,-0.2863863408565521,0.8911623358726502],"EasingStyle":"Linear","EasingDirection":"In"},"Left Arm":{"Weight":1,"CFrame":[-0.34103816747665408,-0.6674972772598267,0.16011571884155274,-0.800224781036377,0.4269988536834717,-0.42108455300331118,-0.5554689764976502,-0.7924123406410217,0.25206542015075686,-0.22604094445705415,0.4356083869934082,0.8712925910949707],"EasingStyle":"Linear","EasingDirection":"In"},"Head":{"Weight":1,"CFrame":[1.471489667892456e-7,1.862645149230957e-9,-1.1920928955078126e-7,0.993033766746521,-0.11078425496816635,0.04013387858867645,0.11696071922779083,0.9680628180503845,-0.2217532843351364,-0.014285344630479813,0.22490260004997254,0.9742765426635742],"EasingStyle":"Linear","EasingDirection":"In"},"Torso":{"Weight":1,"CFrame":[-0.0374150387942791,-2.4382735830386083e-8,-0.3802485466003418,0.993033766746521,0.11696072667837143,-0.014285406097769738,-0.11078425496816635,0.9680628180503845,0.22490260004997254,0.040133945643901828,-0.2217532843351364,0.9742765426635742],"EasingStyle":"Linear","EasingDirection":"In"},"HumanoidRootPart":{"Weight":0,"CFrame":[0,0,0,1,0,0,0,1,0,0,0,1],"EasingStyle":"Linear","EasingDirection":"In"},"Right Leg":{"Weight":1,"CFrame":[0.4034872353076935,0.2874467968940735,-0.03223836421966553,0.8787751793861389,0.47038912773132326,-0.08054976165294647,-0.45562508702278139,0.8771604895591736,0.1516421139240265,0.14198584854602815,-0.09655880928039551,0.9851478934288025],"EasingStyle":"Linear","EasingDirection":"In"}}},{"Time":0.46666666865348818,"poses":{"Left Leg":{"Weight":1,"CFrame":[-0.207752987742424,0.19488400220870973,0.019744396209716798,0.7788207530975342,-0.515785276889801,0.35693657398223879,0.49480849504470827,0.8549304604530335,0.15575140714645387,-0.3854902684688568,0.055312804877758029,0.9210525155067444],"EasingStyle":"Linear","EasingDirection":"In"},"Right Arm":{"Weight":1,"CFrame":[0.4112933874130249,-0.5250998735427856,-0.06371647119522095,-0.875464916229248,-0.43307650089263918,0.2144896537065506,0.3097839057445526,-0.8435260653495789,-0.43874552845954897,0.37093809247016909,-0.31766098737716677,0.8726376891136169],"EasingStyle":"Linear","EasingDirection":"In"},"Left Arm":{"Weight":1,"CFrame":[-0.3461761474609375,-0.6793909668922424,0.15491461753845216,-0.7966698408126831,0.43108436465263369,-0.4236550033092499,-0.5598207712173462,-0.7905246019363403,0.2483377903699875,-0.22785507142543794,0.43501394987106326,0.8711169958114624],"EasingStyle":"Linear","EasingDirection":"In"},"Head":{"Weight":1,"CFrame":[1.471489667892456e-7,-3.073364496231079e-8,1.1920928955078126e-7,0.9901902675628662,-0.12571190297603608,0.06099022179841995,0.13615626096725465,0.9661530256271362,-0.21911142766475678,-0.03138096630573273,0.22526615858078004,0.973791778087616],"EasingStyle":"Linear","EasingDirection":"In"},"Torso":{"Weight":1,"CFrame":[-0.0374150425195694,-2.4382734054029244e-8,-0.3562812805175781,0.9901902079582214,0.13615626096725465,-0.0313810370862484,-0.12571191787719727,0.9661530256271362,0.22526617348194123,0.06099028140306473,-0.2191113978624344,0.973791778087616],"EasingStyle":"Linear","EasingDirection":"In"},"HumanoidRootPart":{"Weight":0,"CFrame":[0,0,0,1,0,0,0,1,0,0,0,1],"EasingStyle":"Linear","EasingDirection":"In"},"Right Leg":{"Weight":1,"CFrame":[0.4019744098186493,0.2917937636375427,-0.045417726039886478,0.8858488202095032,0.4594346880912781,-0.06474318355321884,-0.44271120429039,0.8787413835525513,0.1783827245235443,0.1388477236032486,-0.12935759127140046,0.9818288683891296],"EasingStyle":"Linear","EasingDirection":"In"}}},{"Time":0.5,"poses":{"Left Leg":{"Weight":1,"CFrame":[-0.13878212869167329,0.13484841585159303,0.013902544975280762,0.7890081405639648,-0.49077504873275759,0.3696024417877197,0.4835212826728821,0.8671688437461853,0.1192702129483223,-0.3790425956249237,0.08460544794797898,0.921503484249115],"EasingStyle":"Linear","EasingDirection":"In"},"Right Arm":{"Weight":1,"CFrame":[0.40632927417755129,-0.5407716631889343,-0.07095247507095337,-0.8645864725112915,-0.4352383315563202,0.25111332535743716,0.28574979305267336,-0.8369404077529907,-0.46677353978157046,0.41332465410232546,-0.33181068301200869,0.8479767441749573],"EasingStyle":"Linear","EasingDirection":"In"},"Left Arm":{"Weight":1,"CFrame":[-0.3602639138698578,-0.6905601024627686,0.14065313339233399,-0.7911723256111145,0.4364713132381439,-0.4284147024154663,-0.564508855342865,-0.790686845779419,0.2369472235441208,-0.23532123863697053,0.42931002378463747,0.8719615340232849],"EasingStyle":"Linear","EasingDirection":"In"},"Head":{"Weight":1,"CFrame":[1.4156103134155274e-7,8.66129994392395e-8,1.1920928955078126e-7,0.9881057739257813,-0.12970314919948579,0.08260810375213623,0.1448618620634079,0.9653536081314087,-0.21704243123531342,-0.051594942808151248,0.22642762959003449,0.9726605415344238],"EasingStyle":"Linear","EasingDirection":"In"},"Torso":{"Weight":1,"CFrame":[-0.035810474306344989,-2.333707094237525e-8,-0.2973194122314453,0.9881057739257813,0.14486190676689149,-0.05159499868750572,-0.12970314919948579,0.9653536081314087,0.22642764449119569,0.082608163356781,-0.21704241633415223,0.9726605415344238],"EasingStyle":"Linear","EasingDirection":"In"},"HumanoidRootPart":{"Weight":0,"CFrame":[0,0,0,1,0,0,0,1,0,0,0,1],"EasingStyle":"Linear","EasingDirection":"In"},"Right Leg":{"Weight":1,"CFrame":[0.37910717725753786,0.2663496732711792,-0.05298590660095215,0.8940703868865967,0.4452230632305145,-0.049137551337480548,-0.4271315336227417,0.8804546594619751,0.20581120252609254,0.13489530980587007,-0.16302154958248139,0.9773572683334351],"EasingStyle":"Linear","EasingDirection":"In"}}},{"Time":0.5333333611488342,"poses":{"Left Leg":{"Weight":1,"CFrame":[-0.04728502035140991,0.06938552856445313,-0.00454634428024292,0.8124404549598694,-0.45245346426963808,0.3677312731742859,0.459334135055542,0.8851536512374878,0.07426401227712631,-0.35909971594810488,0.1085764542222023,0.9269620180130005],"EasingStyle":"Linear","EasingDirection":"In"},"Right Arm":{"Weight":1,"CFrame":[0.39932188391685488,-0.5641874670982361,-0.07741183042526245,-0.8428454399108887,-0.4417070746421814,0.3074188828468323,0.25844526290893557,-0.8332867622375488,-0.48871174454689028,0.47203561663627627,-0.3324575126171112,0.8164891004562378],"EasingStyle":"Linear","EasingDirection":"In"},"Left Arm":{"Weight":1,"CFrame":[-0.3813127875328064,-0.7009178400039673,0.11934471130371094,-0.7848238945007324,0.44446876645088198,-0.4318552315235138,-0.5678808093070984,-0.7948023676872253,0.21401061117649079,-0.24811862409114839,0.4132029712200165,0.8761852383613586],"EasingStyle":"Linear","EasingDirection":"In"},"Head":{"Weight":1,"CFrame":[1.471489667892456e-7,1.0244548320770264e-7,-1.1920928955078126e-7,0.9870390295982361,-0.12265611439943314,0.10348621010780335,0.1427902728319168,0.9655603766441345,-0.21749506890773774,-0.07324507087469101,0.2294529527425766,0.9705598950386047],"EasingStyle":"Linear","EasingDirection":"In"},"Torso":{"Weight":1,"CFrame":[-0.031455207616090778,-2.0498818642522566e-8,-0.22277212142944337,0.9870390295982361,0.1427903175354004,-0.07324513792991638,-0.12265609204769135,0.9655603766441345,0.2294529527425766,0.10348625481128693,-0.21749505400657655,0.9705598950386047],"EasingStyle":"Linear","EasingDirection":"In"},"HumanoidRootPart":{"Weight":0,"CFrame":[0,0,0,1,0,0,0,1,0,0,0,1],"EasingStyle":"Linear","EasingDirection":"In"},"Right Leg":{"Weight":1,"CFrame":[0.3340529203414917,0.229528546333313,-0.05406087636947632,0.9027731418609619,0.42857280373573305,-0.03641471266746521,-0.40930575132369997,0.8820239901542664,0.2334578037261963,0.13217231631278993,-0.19585469365119935,0.9716848134994507],"EasingStyle":"Linear","EasingDirection":"In"}}},{"Time":0.5666666626930237,"poses":{"Left Leg":{"Weight":1,"CFrame":[0.026855766773223878,0.0036559700965881349,-0.0223730206489563,0.8363021612167358,-0.4215884506702423,0.350516676902771,0.43897849321365359,0.8979058265686035,0.032603245228528979,-0.32847610116004946,0.1266031414270401,0.9359888434410095],"EasingStyle":"Linear","EasingDirection":"In"},"Right Arm":{"Weight":1,"CFrame":[0.3908756375312805,-0.5931341648101807,-0.08309835195541382,-0.8098779916763306,-0.45177483558654787,0.374161958694458,0.23065173625946046,-0.8317270278930664,-0.5050047636032105,0.5393490195274353,-0.3226912021636963,0.7778001427650452],"EasingStyle":"Linear","EasingDirection":"In"},"Left Arm":{"Weight":1,"CFrame":[-0.40733379125595095,-0.7103793621063232,0.09300291538238526,-0.7789362072944641,0.4563160538673401,-0.4301556944847107,-0.5679445266723633,-0.8041656017303467,0.17537564039230348,-0.2658897340297699,0.3809111714363098,0.8855560421943665],"EasingStyle":"Linear","EasingDirection":"In"},"Head":{"Weight":1,"CFrame":[1.434236764907837e-7,1.955777406692505e-8,-2.384185791015625e-7,0.9870849251747131,-0.10711318999528885,0.11912231147289276,0.13163761794567109,0.9660999774932861,-0.22208654880523683,-0.09129563719034195,0.23489920794963838,0.9677228331565857],"EasingStyle":"Linear","EasingDirection":"In"},"Torso":{"Weight":1,"CFrame":[-0.02503691241145134,-1.6316123563342445e-8,-0.15204906463623048,0.9870849251747131,0.13163763284683228,-0.09129571169614792,-0.10711319744586945,0.9660999774932861,0.23489922285079957,0.11912235617637634,-0.22208650410175324,0.9677228331565857],"EasingStyle":"Linear","EasingDirection":"In"},"HumanoidRootPart":{"Weight":0,"CFrame":[0,0,0,1,0,0,0,1,0,0,0,1],"EasingStyle":"Linear","EasingDirection":"In"},"Right Leg":{"Weight":1,"CFrame":[0.2726954519748688,0.19393640756607057,-0.04884082078933716,0.9104233384132385,0.41275733709335329,-0.027582505717873575,-0.3929019272327423,0.8836400508880615,0.2545746862888336,0.12945055961608888,-0.22093351185321809,0.966659665107727],"EasingStyle":"Linear","EasingDirection":"In"}}},{"Time":0.6000000238418579,"poses":{"Left Leg":{"Weight":1,"CFrame":[0.04924260079860687,-0.0534212589263916,-0.027846992015838624,0.8528093695640564,-0.4143508970737457,0.3178514242172241,0.43559226393699648,0.9001318216323853,0.004698164761066437,-0.28805485367774966,0.13444694876670838,0.948128879070282],"EasingStyle":"Linear","EasingDirection":"In"},"Right Arm":{"Weight":1,"CFrame":[0.38159459829330447,-0.6253995299339294,-0.08801519870758057,-0.7675997614860535,-0.4646870791912079,0.4414255619049072,0.20594310760498048,-0.831027090549469,-0.5167025327682495,0.6069415211677551,-0.30571213364601138,0.7335951924324036],"EasingStyle":"Linear","EasingDirection":"In"},"Left Arm":{"Weight":1,"CFrame":[-0.43633824586868288,-0.7188575863838196,0.06364107131958008,-0.7751821279525757,0.47273051738739016,-0.41906845569610598,-0.5623269081115723,-0.8186368942260742,0.11671395599842072,-0.287890762090683,0.3261280357837677,0.9004218578338623],"EasingStyle":"Linear","EasingDirection":"In"},"Head":{"Weight":1,"CFrame":[1.30385160446167e-7,-3.166496753692627e-8,-1.7881393432617188e-7,0.9887163639068604,-0.08423366397619248,0.12387366592884064,0.11128225922584534,0.9665823578834534,-0.2309432476758957,-0.10028091073036194,0.24212226271629334,0.9650495052337647],"EasingStyle":"Linear","EasingDirection":"In"},"Torso":{"Weight":1,"CFrame":[-0.017243262380361558,-1.1237136554598237e-8,-0.09952020645141602,0.9887163043022156,0.11128225177526474,-0.10028097033500672,-0.08423367142677307,0.9665823578834534,0.24212229251861573,0.12387372553348541,-0.2309432178735733,0.9650495052337647],"EasingStyle":"Linear","EasingDirection":"In"},"HumanoidRootPart":{"Weight":0,"CFrame":[0,0,0,1,0,0,0,1,0,0,0,1],"EasingStyle":"Linear","EasingDirection":"In"},"Right Leg":{"Weight":1,"CFrame":[0.2097814679145813,0.16346585750579835,-0.03943359851837158,0.9140331745147705,0.4048633873462677,-0.025081420317292215,-0.384796142578125,0.8849728107452393,0.2622118890285492,0.12835629284381867,-0.23001910746097566,0.9646843075752258],"EasingStyle":"Linear","EasingDirection":"In"}}},{"Time":0.6333333253860474,"poses":{"Left Leg":{"Weight":1,"CFrame":[0.039655864238739017,-0.0725562572479248,-0.02358335256576538,0.8659928441047669,-0.42091166973114016,0.2699809670448303,0.43462926149368288,0.9005552530288696,0.009883635677397251,-0.24729286134243012,0.10878245532512665,0.9628149271011353],"EasingStyle":"Linear","EasingDirection":"In"},"Right Arm":{"Weight":1,"CFrame":[0.3720833659172058,-0.6587710380554199,-0.09216618537902832,-0.7148645520210266,-0.4766397476196289,0.5116475820541382,0.2111009657382965,-0.844660043716430