{"Sequence":[{"Time":0,"poses":{"Left Leg":{"Weight":1,"CFrame":[-0.5914629697799683,0.10395091772079468,0.16618022322654725,0.8954814076423645,-0.40008315443992617,0.195055291056633,0.33295342326164248,0.8929423689842224,0.3029785454273224,-0.29538974165916445,-0.2063673436641693,0.9328224062919617],"EasingStyle":"Linear","EasingDirection":"In"},"Right Arm":{"Weight":1,"CFrame":[-0.6534581780433655,-0.6150638461112976,0.3721774220466614,0.20660708844661714,-0.9159170985221863,0.3441067934036255,0.009470844641327858,0.35355061292648318,0.9353674650192261,-0.978378176689148,-0.18999464809894563,0.08172059804201126],"EasingStyle":"Linear","EasingDirection":"In"},"Head":{"Weight":1,"CFrame":[1.1920928955078126e-7,-7.450580596923828e-9,0.01666182279586792,0.9149798154830933,-0.3888905346393585,0.10759331285953522,0.38410794734954836,0.9211404919624329,0.06293871998786926,-0.1235848218202591,-0.016260219737887384,0.9922008514404297],"EasingStyle":"Linear","EasingDirection":"In"},"Right Leg":{"Weight":1,"CFrame":[0.7297790050506592,0.1979658603668213,0.4174296259880066,0.8804295063018799,0.2014780193567276,-0.42924389243125918,-0.22138088941574098,0.9751806259155273,0.0036510410718619825,0.41932594776153567,0.09181186556816101,0.9031811952590942],"EasingStyle":"Linear","EasingDirection":"In"},"Torso":{"Weight":1,"CFrame":[-0.14039623737335206,0.006666421890258789,-0.20951321721076966,0.8471734523773193,0.5294513702392578,-0.04447980970144272,-0.5301641821861267,0.8478792309761047,-0.005175888072699308,0.03497311845421791,0.027966471388936044,0.9989969730377197],"EasingStyle":"Linear","EasingDirection":"In"},"HumanoidRootPart":{"Weight":0,"CFrame":[0,0,0,1,0,0,0,1,0,0,0,1],"EasingStyle":"Linear","EasingDirection":"In"},"Left Arm":{"Weight":1,"CFrame":[0.6224277019500732,-0.8024146556854248,0.3359987735748291,0.03780912607908249,0.937215268611908,-0.346696138381958,-0.10940170288085938,0.3487405776977539,0.9308120608329773,0.9932782649993897,0.002735948422923684,0.11571852117776871],"EasingStyle":"Linear","EasingDirection":"In"}}},{"Time":0.01666666753590107,"poses":{"Left Leg":{"Weight":1,"CFrame":[-0.6058008670806885,0.10489624738693237,0.16714443266391755,0.8920654058456421,-0.40770599246025088,0.194923534989357,0.33993080258369448,0.8896080851554871,0.3050321638584137,-0.29776903986930849,-0.2058481127023697,0.9321804046630859],"EasingStyle":"Linear","EasingDirection":"In"},"Right Arm":{"Weight":1,"CFrame":[-0.6535234451293945,-0.6153113842010498,0.37228822708129885,0.20371703803539277,-0.9190331697463989,0.3374575972557068,0.01381854061037302,0.3473503291606903,0.9376335740089417,-0.97893226146698,-0.1863488256931305,0.08346092700958252],"EasingStyle":"Linear","EasingDirection":"In"},"Head":{"Weight":1,"CFrame":[1.4901161193847657e-7,-7.078051567077637e-8,0.016662150621414186,0.9147806763648987,-0.38858139514923098,0.11036726087331772,0.38429683446884158,0.921346127986908,0.05862792581319809,-0.12446815520524979,-0.01121805515140295,0.9921602606773377],"EasingStyle":"Linear","EasingDirection":"In"},"Right Leg":{"Weight":1,"CFrame":[0.738282322883606,0.20006322860717774,0.4272387623786926,0.8796091079711914,0.20593032240867616,-0.4288129508495331,-0.22764836251735688,0.973743200302124,0.0006570751429535449,0.4176890254020691,0.09704048931598664,0.9033931493759155],"EasingStyle":"Linear","EasingDirection":"In"},"Torso":{"Weight":1,"CFrame":[-0.14039623737335206,0.006666421890258789,-0.21599724888801576,0.8471734523773193,0.5294513702392578,-0.04447980970144272,-0.5301641821861267,0.8478792309761047,-0.005175888072699308,0.03497311845421791,0.027966471388936044,0.9989969730377197],"EasingStyle":"Linear","EasingDirection":"In"},"HumanoidRootPart":{"Weight":0,"CFrame":[0,0,0,1,0,0,0,1,0,0,0,1],"EasingStyle":"Linear","EasingDirection":"In"},"Left Arm":{"Weight":1,"CFrame":[0.6224914789199829,-0.8027414679527283,0.33576181530952456,0.026911869645118715,0.9405438899993897,-0.3386050760746002,-0.1075228750705719,0.3394857943058014,0.934445321559906,0.993838369846344,0.011260022409260273,0.11026616394519806],"EasingStyle":"Linear","EasingDirection":"In"}}},{"Time":0.03333333507180214,"poses":{"Left Leg":{"Weight":1,"CFrame":[-0.6298143863677979,0.11067056655883789,0.17045505344867707,0.8911556005477905,-0.4078831672668457,0.19867835938930512,0.34101733565330508,0.8910216093063355,0.29964590072631838,-0.29924723505973818,-0.199278324842453,0.933134138584137],"EasingStyle":"Linear","EasingDirection":"In"},"Right Arm":{"Weight":1,"CFrame":[-0.6408352255821228,-0.6156951189041138,0.3734350800514221,0.19709913432598115,-0.9243387579917908,0.3267257511615753,0.018102047964930536,0.3366375267505646,0.9414602518081665,-0.9802164435386658,-0.17964676022529603,0.08308345079421997],"EasingStyle":"Linear","EasingDirection":"In"},"Head":{"Weight":1,"CFrame":[8.195638656616211e-8,3.725290298461914e-9,0.016662269830703737,0.9143563508987427,-0.3887563645839691,0.11323007941246033,0.383743554353714,0.9212168455123901,0.0640348270535469,-0.1292034238576889,-0.015099328011274338,0.9915031790733337],"EasingStyle":"Linear","EasingDirection":"In"},"Right Leg":{"Weight":1,"CFrame":[0.7468363642692566,0.21474069356918336,0.43719756603240969,0.8821128010749817,0.1960051953792572,-0.42832106351852419,-0.21825829148292542,0.9758867621421814,-0.0029173074290156366,0.4174210727214813,0.0960579589009285,0.9036219120025635],"EasingStyle":"Linear","EasingDirection":"In"},"Torso":{"Weight":1,"CFrame":[-0.1296609342098236,0.0004153624176979065,-0.22221852838993073,0.8468839526176453,0.5294463038444519,-0.049741871654987338,-0.5306317806243897,0.847491443157196,-0.013717691414058209,0.03489303216338158,0.038011908531188968,0.9986678957939148],"EasingStyle":"Linear","EasingDirection":"In"},"HumanoidRootPart":{"Weight":0,"CFrame":[0,0,0,1,0,0,0,1,0,0,0,1],"EasingStyle":"Linear","EasingDirection":"In"},"Left Arm":{"Weight":1,"CFrame":[0.577273964881897,-0.8026404976844788,0.3360881209373474,-0.008248308673501015,0.9448083639144898,-0.3275194466114044,-0.11015809327363968,0.3246787488460541,0.9393875598907471,0.9938799142837524,0.04382731765508652,0.10140015184879303],"EasingStyle":"Linear","EasingDirection":"In"}}},{"Time":0.05000000074505806,"poses":{"Left Leg":{"Weight":1,"CFrame":[-0.6672074198722839,0.1279221773147583,0.17727208137512208,0.8956975936889648,-0.39266321063041689,0.208666130900383,0.32977935671806338,0.9013839364051819,0.2806288003921509,-0.2982809543609619,-0.18254467844963075,0.9368596076965332],"EasingStyle":"Linear","EasingDirection":"In"},"Right Arm":{"Weight":1,"CFrame":[-0.6045933961868286,-0.6162854433059692,0.3762800693511963,0.18724556267261506,-0.9319688677787781,0.3104405105113983,0.02142692543566227,0.31982970237731936,0.947232723236084,-0.9820795059204102,-0.17071346938610078,0.07985598593950272],"EasingStyle":"Linear","EasingDirection":"In"},"Head":{"Weight":1,"CFrame":[5.587935447692871e-8,-3.725290298461914e-8,0.01666206121444702,0.9135922789573669,-0.38974645733833315,0.11596052348613739,0.38154226541519167,0.9202475547790527,0.08700527995824814,-0.14062240719795228,-0.035243526101112369,0.9894359111785889],"EasingStyle":"Linear","EasingDirection":"In"},"Right Leg":{"Weight":1,"CFrame":[0.7552863359451294,0.2520487308502197,0.44698524475097659,0.8897910714149475,0.16064730286598206,-0.42715832591056826,-0.1811935007572174,0.9834182858467102,-0.007586795836687088,0.41885653138160708,0.08414890617132187,0.9041450023651123],"EasingStyle":"Linear","EasingDirection":"In"},"Torso":{"Weight":1,"CFrame":[-0.10032594203948975,-0.01683850958943367,-0.22878716886043549,0.8461244106292725,0.5290936231613159,-0.06429223716259003,-0.5318642258644104,0.8459992408752441,-0.037493325769901279,0.03455370292067528,0.06591875106096268,0.9972265362739563],"EasingStyle":"Linear","EasingDirection":"In"},"HumanoidRootPart":{"Weight":0,"CFrame":[0,0,0,1,0,0,0,1,0,0,0,1],"EasingStyle":"Linear","EasingDirection":"In"},"Left Arm":{"Weight":1,"CFrame":[0.45594051480293276,-0.7990272045135498,0.33499521017074587,-0.08178678154945374,0.9457262754440308,-0.31450408697128298,-0.12124699354171753,0.3037758767604828,0.9449969530105591,0.9892473220825195,0.11542089283466339,0.08982156962156296],"EasingStyle":"Linear","EasingDirection":"In"}}},{"Time":0.06666667014360428,"poses":{"Left Leg":{"Weight":1,"CFrame":[-0.7068417072296143,0.15926659107208253,0.18548601865768434,0.9062111377716065,-0.3599267601966858,0.22188764810562135,0.30405738949775698,0.9193878769874573,0.24954986572265626,-0.2938205301761627,-0.1586783081293106,0.9425978660583496],"EasingStyle":"Linear","EasingDirection":"In"},"Right Arm":{"Weight":1,"CFrame":[-0.5477862358093262,-0.6170625686645508,0.38046354055404665,0.17433612048625947,-0.94119793176651,0.289401650428772,0.023602304980158807,0.29781219363212588,0.9543327689170837,-0.9844033718109131,-0.15954414010047913,0.07413387298583985],"EasingStyle":"Linear","EasingDirection":"In"},"Head":{"Weight":1,"CFrame":[1.0803341865539551e-7,2.2351741790771486e-8,0.01666232943534851,0.9126298427581787,-0.39127469062805178,0.11836840212345123,0.37733903527259829,0.9177058339118958,0.12422333657741547,-0.15723276138305665,-0.06870491057634354,0.9851688742637634],"EasingStyle":"Linear","EasingDirection":"In"},"Right Leg":{"Weight":1,"CFrame":[0.7579233050346375,0.3071584105491638,0.45451876521110537,0.8990206718444824,0.10249580442905426,-0.42574217915534975,-0.11955288052558899,0.9927367568016052,-0.013456826098263264,0.42127054929733279,0.06299662590026856,0.9047445058822632],"EasingStyle":"Linear","EasingDirection":"In"},"Torso":{"Weight":1,"CFrame":[-0.05668697506189346,-0.04282708466053009,-0.23666240274906159,0.845065176486969,0.5276584029197693,-0.08626441657543183,-0.5335946083068848,0.8425226211547852,-0.07370486855506897,0.033788736909627917,0.10831563919782639,0.9935421943664551],"EasingStyle":"Linear","EasingDirection":"In"},"HumanoidRootPart":{"Weight":0,"CFrame":[0,0,0,1,0,0,0,1,0,0,0,1],"EasingStyle":"Linear","EasingDirection":"In"},"Left Arm":{"Weight":1,"CFrame":[0.28012293577194216,-0.7882096767425537,0.3293180763721466,-0.18847830593585969,0.9355291128158569,-0.29876649379730227,-0.13780346512794496,0.27601537108421328,0.9512232542037964,0.972361147403717,0.22045603394508363,0.07689615339040756],"EasingStyle":"Linear","EasingDirection":"In"}}},{"Time":0.0833333358168602,"poses":{"Left Leg":{"Weight":1,"CFrame":[-0.7386370301246643,0.20522314310073853,0.19374455511569978,0.9218631386756897,-0.3082292377948761,0.2348683625459671,0.26205962896347048,0.9423477649688721,0.2080996185541153,-0.28547003865242007,-0.13028983771800996,0.9494901895523071],"EasingStyle":"Linear","EasingDirection":"In"},"Right Arm":{"Weight":1,"CFrame":[-0.47340208292007449,-0.6180082559585571,0.3856276273727417,0.15856288373470307,-0.9512937068939209,0.26438233256340029,0.024422554299235345,0.2714669108390808,0.9621379375457764,-0.9870467782020569,-0.14610251784324647,0.06627761572599411],"EasingStyle":"Linear","EasingDirection":"In"},"Head":{"Weight":1,"CFrame":[1.1548399925231934e-7,1.4901161193847657e-8,0.016662269830703737,0.91162109375,-0.39304402470588686,0.12026439607143402,0.3707507848739624,0.9126195311546326,0.17224891483783723,-0.1774570345878601,-0.11243760585784912,0.9776844382286072],"EasingStyle":"Linear","EasingDirection":"In"},"Right Leg":{"Weight":1,"CFrame":[0.7483607530593872,0.3734678030014038,0.457497775554657,0.9050976037979126,0.02413173019886017,-0.4245184361934662,-0.03634299337863922,0.9991252422332764,-0.020690010860562326,0.4236477315425873,0.0341547355055809,0.9051828980445862],"EasingStyle":"Linear","EasingDirection":"In"},"Torso":{"Weight":1,"CFrame":[-0.0029705092310905458,-0.07518614828586579,-0.24694611132144929,0.8438907861709595,0.5243273377418518,-0.11370759457349777,-0.5355337262153626,0.8360254168510437,-0.11943758279085159,0.032438043504953387,0.16168652474880219,0.9863089323043823],"EasingStyle":"Linear","EasingDirection":"In"},"HumanoidRootPart":{"Weight":0,"CFrame":[0,0,0,1,0,0,0,1,0,0,0,1],"EasingStyle":"Linear","EasingDirection":"In"},"Left Arm":{"Weight":1,"CFrame":[0.07140403985977173,-0.766491174697876,0.3158125877380371,-0.3207213282585144,0.9049086570739746,-0.279782772064209,-0.1563275158405304,0.24076402187347413,0.9579114317893982,0.9341838955879211,0.35096031427383425,0.06424395740032196],"EasingStyle":"Linear","EasingDirection":"In"}}},{"Time":0.10000000149011612,"poses":{"Left Leg":{"Weight":1,"CFrame":[-0.7552054524421692,0.2631896138191223,0.2015153169631958,0.9400813579559326,-0.23789988458156587,0.24423517286777497,0.20328962802886964,0.9661814570426941,0.15864074230194093,-0.27371618151664736,-0.09948468208312988,0.9566516876220703],"EasingStyle":"Linear","EasingDirection":"In"},"Right Arm":{"Weight":1,"CFrame":[-0.3844304084777832,-0.6191055178642273,0.39141491055488589,0.14012597501277924,-0.9615625143051148,0.23614059388637544,0.023684147745370866,0.2416802942752838,0.9700667858123779,-0.9898504018783569,-0.13033881783485413,0.05663951858878136],"EasingStyle":"Linear","EasingDirection":"In"},"Head":{"Weight":1,"CFrame":[6.332993507385254e-8,-2.2351741790771486e-8,0.01666221022605896,0.9107270240783691,-0.39473599195480349,0.12149035930633545,0.3615538775920868,0.9041783213615418,0.22746573388576508,-0.19963791966438294,-0.16323383152484895,0.9661778211593628],"EasingStyle":"Linear","EasingDirection":"In"},"Right Leg":{"Weight":1,"CFrame":[0.7225045561790466,0.4424874782562256,0.4545614421367645,0.9030017852783203,-0.07043717801570893,-0.4238234758377075,0.06394178420305252,0.9975162148475647,-0.02954678237438202,0.4248519837856293,-0.00041925066034309566,0.9052628874778748],"EasingStyle":"Linear","EasingDirection":"In"},"Torso":{"Weight":1,"CFrame":[0.05669965595006943,-0.11141584813594818,-0.26050880551338198,0.8428002595901489,0.5184536576271057,-0.14454622566699983,-0.5373684763908386,0.8257026076316834,-0.1716117113828659,0.030379466712474824,0.22230899333953858,0.9745028614997864],"EasingStyle":"Linear","EasingDirection":"In"},"HumanoidRootPart":{"Weight":0,"CFrame":[0,0,0,1,0,0,0,1,0,0,0,1],"EasingStyle":"Linear","EasingDirection":"In"},"Left Arm":{"Weight":1,"CFrame":[-0.14858579635620118,-0.7301404476165772,0.29110395908355715,-0.4669925272464752,0.8458917140960693,-0.25765374302864077,-0.17294545471668244,0.19837802648544312,0.9647465944290161,0.8671839237213135,0.49508944153785708,0.053652018308639529],"EasingStyle":"Linear","EasingDirection":"In"}}},{"Time":0.11666666716337204,"poses":{"Left Leg":{"Weight":1,"CFrame":[-0.7522971630096436,0.32746148109436037,0.2086804360151291,0.9570233225822449,-0.1513916254043579,0.24736002087593079,0.12898829579353333,0.9861258268356323,0.10448889434337616,-0.25974684953689577,-0.06809171289205551,0.9632731676101685],"EasingStyle":"Linear","EasingDirection":"In"},"Right Arm":{"Weight":1,"CFrame":[-0.2838625907897949,-0.6203357577323914,0.3974674642086029,0.11922398209571839,-0.9713831543922424,0.20542752742767335,0.021198812872171403,0.20934657752513886,0.977611780166626,-0.9926410913467407,-0.11219989508390427,0.045551348477602008],"EasingStyle":"Linear","EasingDirection":"In"},"Head":{"Weight":1,"CFrame":[9.685754776000977e-8,1.1920928955078126e-7,0.01666232943534851,0.9101107120513916,-0.3960164189338684,0.1219400018453598,0.34982025623321535,0.8920497894287109,0.2861350476741791,-0.22209075093269349,-0.21775749325752259,0.9503986239433289],"EasingStyle":"Linear","EasingDirection":"In"},"Right Leg":{"Weight":1,"CFrame":[0.679983377456665,0.5046332478523254,0.4456733465194702,0.8886390328407288,-0.1753389835357666,-0.4237651824951172,0.17485566437244416,0.9837660193443298,-0.040373485535383227,0.42396482825279238,-0.038220345973968509,0.9048718810081482],"EasingStyle":"Linear","EasingDirection":"In"},"Torso":{"Weight":1,"CFrame":[0.11827821284532547,-0.14892277121543885,-0.2776954472064972,0.842002272605896,0.5097463726997376,-0.17660929262638093,-0.5387700200080872,0.8112845420837402,-0.22703388333320619,0.02755066193640232,0.28631487488746645,0.9577394127845764],"EasingStyle":"Linear","EasingDirection":"In"},"HumanoidRootPart":{"Weight":0,"CFrame":[0,0,0,1,0,0,0,1,0,0,0,1],"EasingStyle":"Linear","EasingDirection":"In"},"Left Arm":{"Weight":1,"CFrame":[-0.35804954171180727,-0.6753725409507752,0.2517103850841522,-0.6123294234275818,0.7553829550743103,-0.23334433138370515,-0.18408775329589845,0.150808647274971,0.9712715744972229,0.7688722014427185,0.6376939415931702,0.046712011098861697],"EasingStyle":"Linear","EasingDirection":"In"}}},{"Time":0.13333334028720857,"poses":{"Left Leg":{"Weight":1,"CFrame":[-0.729749858379364,0.390710711479187,0.2151288390159607,0.9685488343238831,-0.053597625344991687,0.24298200011253358,0.04271973669528961,0.9978440999984741,0.04982246458530426,-0.24512861669063569,-0.03787533566355705,0.9687504768371582],"EasingStyle":"Linear","EasingDirection":"In"},"Right Arm":{"Weight":1,"CFrame":[-0.1746939718723297,-0.6216814517974854,0.40342867374420168,0.09604107588529587,-0.9802303910255432,0.17298711836338044,0.016802309080958368,0.17536194622516633,0.9843606352806091,-0.9952355623245239,-0.09163246303796768,0.03331214562058449],"EasingStyle":"Linear","EasingDirection":"In"},"Head":{"Weight":1,"CFrame":[1.601874828338623e-7,-1.043081283569336e-7,0.016662180423736573,0.9099282026290894,-0.39655110239982607,0.12156575173139572,0.335987389087677,0.8765830993652344,0.34454989433288576,-0.24319405853748322,-0.27267101407051089,0.930863618850708],"EasingStyle":"Linear","EasingDirection":"In"},"Right Leg":{"Weight":1,"CFrame":[0.6249735951423645,0.5520305633544922,0.4323967695236206,0.8602940440177918,-0.28280967473983767,-0.4241611957550049,0.28792089223861697,0.9561558365821838,-0.05354912951588631,0.42070847749710085,-0.07605689764022827,0.9040021896362305],"EasingStyle":"Linear","EasingDirection":"In"},"Torso":{"Weight":1,"CFrame":[0.1777222454547882,-0.18513822555541993,-0.2981429398059845,0.8417025208473206,0.4983856976032257,-0.20772282779216767,-0.5394099950790405,0.7932260036468506,-0.282540887594223,0.023956824094057084,0.34986311197280886,0.9364944696426392],"EasingStyle":"Linear","EasingDirection":"In"},"HumanoidRootPart":{"Weight":0,"CFrame":[0,0,0,1,0,0,0,1,0,0,0,1],"EasingStyle":"Linear","EasingDirection":"In"},"Left Arm":{"Weight":1,"CFrame":[-0.5349385738372803,-0.5983521938323975,0.19414973258972169,-0.7414547204971314,0.6377566456794739,-0.20859350264072419,-0.18751806020736695,0.10154218971729279,0.976998507976532,0.6442684531211853,0.763515293598175,0.04430171102285385],"EasingStyle":"Linear","EasingDirection":"In"}}},{"Time":0.15000000596046449,"poses":{"Left Leg":{"Weight":1,"CFrame":[-0.6915146112442017,0.4463391900062561,0.22042009234428407,0.9716021418571472,0.048426248133182529,0.2316121757030487,-0.04959871619939804,0.9987689256668091,-0.0007620748947374523,-0.23136402666568757,-0.010747237130999565,0.9728078842163086],"EasingStyle":"Linear","EasingDirection":"In"},"Right Arm":{"Weight":1,"CFrame":[-0.05992239713668823,-0.6231260895729065,0.4089410603046417,0.07073838263750076,-0.9876847267150879,0.13955284655094148,0.010359210893511773,0.14062298834323884,0.990009069442749,-0.9974411129951477,-0.06858601421117783,0.020179126411676408],"EasingStyle":"Linear","EasingDirection":"In"},"Head":{"Weight":1,"CFrame":[4.842877388000488e-8,0,0.016662031412124635,0.9103167653083801,-0.3960230350494385,0.1203707829117775,0.32085302472114565,0.8588742613792419,0.3992348909378052,-0.261489599943161,-0.32480886578559878,0.9089128375053406],"EasingStyle":"Linear","EasingDirection":"In"},"Right Leg":{"Weight":1,"CFrame":[0.5646824836730957,0.5804171562194824,0.41730988025665285,0.8197268843650818,-0.3844633102416992,-0.4245418906211853,0.39391639828681948,0.9165221452713013,-0.06940485537052155,0.41578570008277895,-0.11034100502729416,0.9027443528175354],"EasingStyle":"Linear","EasingDirection":"In"},"Torso":{"Weight":1,"CFrame":[0.2308908998966217,-0.21767131984233857,-0.3207354247570038,0.8420903086662293,0.48504355549812319,-0.235832080245018,-0.538978099822998,0.7727569937705994,-0.33518534898757937,0.019661402329802514,0.40936464071273806,0.9121589660644531],"EasingStyle":"Linear","EasingDirection":"In"},"HumanoidRootPart":{"Weight":0,"CFrame":[0,0,0,1,0,0,0,1,0,0,0,1],"EasingStyle":"Linear","EasingDirection":"In"},"Left Arm":{"Weight":1,"CFrame":[-0.6631127595901489,-0.49577057361602785,0.09486889839172363,-0.8432477116584778,0.5045269131660461,-0.18543453514575959,-0.18310682475566865,0.054728806018829349,0.9815685153007507,0.5053763389587402,0.8616596460342407,0.04623214527964592],"EasingStyle":"Linear","EasingDirection":"In"}}},{"Time":0.1666666716337204,"poses":{"Left Leg":{"Weight":1,"CFrame":[-0.6443511843681336,0.49070268869400027,0.22310557961463929,0.9654103517532349,0.14546480774879456,0.21638569235801698,-0.13986176252365113,0.9893189668655396,-0.04107077047228813,-0.22004881501197816,0.009385969489812851,0.9754437804222107],"EasingStyle":"Linear","EasingDirection":"In"},"Right Arm":{"Weight":1,"CFrame":[0.057450175285339358,-0.6246526837348938,0.41364794969558718,0.04343707486987114,-0.9934337735176086,0.10584231466054917,0.0017636518459767104,0.10601851344108582,0.9943627119064331,-0.9990546703338623,-0.04300573095679283,0.006357310805469751],"EasingStyle":"Linear","EasingDirection":"In"},"Head":{"Weight":1,"CFrame":[7.450580596923828e-9,-1.7881393432617188e-7,0.016661852598190309,0.9113897085189819,-0.39414986968040469,0.11838375777006149,0.3054973781108856,0.8406907320022583,0.44711360335350039,-0.2757539749145508,-0.37132877111434939,0.8866086602210999],"EasingStyle":"Linear","EasingDirection":"In"},"Right Leg":{"Weight":1,"CFrame":[0.5073840022087097,0.5906697511672974,0.4034803509712219,0.7724804878234863,-0.47254443168640139,-0.42423543334007265,0.4841175377368927,0.8705500364303589,-0.08816350996494293,0.41097933053970339,-0.13727518916130067,0.9012500643730164],"EasingStyle":"Linear","EasingDirection":"In"},"Torso":{"Weight":1,"CFrame":[0.27345898747444155,-0.24443767964839936,-0.34369611740112307,0.8433273434638977,0.47081103920936587,-0.25910618901252749,-0.5371975898742676,0.7517943382263184,-0.38239264488220217,0.014759920537471772,0.461673378944397,0.8869271874427795],"EasingStyle":"Linear","EasingDirection":"In"},"HumanoidRootPart":{"Weight":0,"CFrame":[0,0,0,1,0,0,0,1,0,0,0,1],"EasingStyle":"Linear","EasingDirection":"In"},"Left Arm":{"Weight":1,"CFrame":[-0.7478277683258057,-0.3768235146999359,-0.05350819230079651,-0.9137933254241943,0.37090185284614565,-0.16557073593139649,-0.17277976870536805,0.013964076526463032,0.9848614931106567,0.3675989508628845,0.9285671710968018,0.051323987543582919],"EasingStyle":"Linear","EasingDirection":"In"}}},{"Time":0.18333333730697633,"poses":{"Left Leg":{"Weight":1,"CFrame":[-0.5961790084838867,0.5245897173881531,0.22110790014266969,0.9523794054985046,0.22798755764961244,0.20247255265712739,-0.2191837877035141,0.973503053188324,-0.06519553810358048,-0.21197137236595155,0.017712170258164407,0.9771154522895813],"EasingStyle":"Linear","EasingDirection":"In"},"Right Arm":{"Weight":1,"CFrame":[0.17441809177398683,-0.6262465715408325,0.4171934127807617,0.014204956591129303,-0.9972635507583618,0.07255188375711441,-0.009061894379556179,0.07242759317159653,0.9973325133323669,-0.9998581409454346,-0.01482459157705307,-0.008008240722119809],"EasingStyle":"Linear","EasingDirection":"In"},"Head":{"Weight":1,"CFrame":[1.2293457984924317e-7,2.9802322387695315e-8,0.01666209101676941,0.9132323265075684,-0.3906891942024231,0.11562266200780869,0.29116013646125796,0.8242862820625305,0.4855697453022003,-0.28501302003860476,-0.4097732603549957,0.866517961025238],"EasingStyle":"Linear","EasingDirection":"In"},"Right Leg":{"Weight":1,"CFrame":[0.45082587003707888,0.581089973449707,0.3842414915561676,0.7233601808547974,-0.5464839935302734,-0.4220253527164459,0.558464527130127,0.8224902749061585,-0.10782913118600846,0.40603870153427126,-0.15768685936927796,0.9001486897468567],"EasingStyle":"Linear","EasingDirection":"In"},"Torso":{"Weight":1,"CFrame":[0.3008817136287689,-0.2637082636356354,-0.36478400230407717,0.8455403447151184,0.45705121755599978,-0.2759813666343689,-0.5338298678398132,0.7327513098716736,-0.42202043533325198,0.009340774267911911,0.5041623711585999,0.8635583519935608],"EasingStyle":"Linear","EasingDirection":"In"},"HumanoidRootPart":{"Weight":0,"CFrame":[0,0,0,1,0,0,0,1,0,0,0,1],"EasingStyle":"Linear","EasingDirection":"In"},"Left Arm":{"Weight":1,"CFrame":[-0.7989780902862549,-0.25645095109939577,-0.22993722558021546,-0.9561793208122253,0.2514451742172241,-0.1499882936477661,-0.1596914529800415,-0.018517153337597848,0.9869933724403381,0.24539722502231599,0.9676944017410278,0.0578593835234642],"EasingStyle":"Linear","EasingDirection":"In"}}},{"Time":0.20000000298023225,"poses":{"Left Leg":{"Weight":1,"CFrame":[-0.55391526222229,0.5516101121902466,0.21257886290550233,0.9374018907546997,0.2886028587818146,0.19489987194538117,-0.28027892112731936,0.957389771938324,-0.06963206827640534,-0.206691175699234,0.010646829381585122,0.978348433971405],"EasingStyle":"Linear","EasingDirection":"In"},"Right Arm":{"Weight":1,"CFrame":[0.2879745364189148,-0.6278940439224243,0.419222891330719,-0.016959218308329583,-0.9990415573120117,0.040352851152420047,-0.022172823548316957,0.04072432592511177,0.9989244341850281,-0.9996103048324585,0.016046151518821718,-0.02284209616482258],"EasingStyle":"Linear","EasingDirection":"In"},"Head":{"Weight":1,"CFrame":[1.1175870895385743e-8,1.7881393432617188e-7,0.016662120819091798,0.9159042239189148,-0.385440468788147,0.11204999685287476,0.27909767627716067,0.8121530413627625,0.5123591423034668,-0.28848573565483096,-0.43799901008605959,0.8514299392700195],"EasingStyle":"Linear","EasingDirection":"In"},"Right Leg":{"Weight":1,"CFrame":[0.39507436752319338,0.5512339472770691,0.35672134160995486,0.6781883239746094,-0.6052941083908081,-0.4167487919330597,0.6157974004745483,0.7775624990463257,-0.12724019587039948,0.4010661542415619,-0.17033997178077699,0.900072455406189],"EasingStyle":"Linear","EasingDirection":"In"},"Torso":{"Weight":1,"CFrame":[0.3084292709827423,-0.2740460932254791,-0.3815424144268036,0.8488189578056336,0.44521209597587588,-0.2851187288761139,-0.5286725759506226,0.7182946801185608,-0.45228108763694765,0.003438325598835945,0.5346391797065735,0.8450734615325928],"EasingStyle":"Linear","EasingDirection":"In"},"HumanoidRootPart":{"Weight":0,"CFrame":[0,0,0,1,0,0,0,1,0,0,0,1],"EasingStyle":"Linear","EasingDirection":"In"},"Left Arm":{"Weight":1,"CFrame":[-0.826571524143219,-0.14963966608047486,-0.4132367670536041,-0.9777050018310547,0.15741610527038575,-0.13897143304347993,-0.1472052037715912,-0.04185548424720764,0.9882200956344605,0.1497451364994049,0.9866450428962708,0.06409464776515961],"EasingStyle":"Linear","EasingDirection":"In"}}},{"Time":0.21666666865348817,"poses":{"Left Leg":{"Weight":1,"CFrame":[-0.5183632373809815,0.575212836265564,0.19782572984695435,0.9232857823371887,0.3329331874847412,0.19156917929649354,-0.32756808400154116,0.9429215788841248,-0.059983257204294208,-0.2006050944328308,-0.007370288949459791,0.9796445369720459],"EasingStyle":"Linear","EasingDirection":"In"},"Right Arm":{"Weight":1,"CFrame":[0.3956250548362732,-0.631139874458313,0.41524508595466616,-0.05132651701569557,-0.998632550239563,0.009935151785612107,-0.03639024868607521,0.011811681091785431,0.9992679357528687,-0.9980188012123108,0.0509272925555706,-0.03694671392440796],"EasingStyle":"Linear","EasingDirection":"In"},"Head":{"Weight":1,"CFrame":[1.825392246246338e-7,2.384185791015625e-7,0.016662269830703737,0.9198297262191773,-0.37731480598449709,0.10745646804571152,0.2681982219219208,0.8046733736991882,0.5296890735626221,-0.28632691502571108,-0.4584040641784668,0.8413576483726502],"EasingStyle":"Linear","EasingDirection":"In"},"Right Leg":{"Weight":1,"CFrame":[0.3408791422843933,0.505776047706604,0.3242320418357849,0.6371634006500244,-0.6523710489273071,-0.4104081392288208,0.6603377461433411,0.7366763949394226,-0.14581385254859925,0.3974629044532776,-0.1781008392572403,0.9001686573028565],"EasingStyle":"Linear","EasingDirection":"In"},"Torso":{"Weight":1,"CFrame":[0.3053218722343445,-0.27753251791000368,-0.3939428925514221,0.8537387251853943,0.43443283438682558,-0.28705108165740969,-0.5206927061080933,0.709041178226471,-0.4755415618419647,-0.0030598558951169254,0.5554536581039429,0.831541895866394],"EasingStyle":"Linear","EasingDirection":"In"},"HumanoidRootPart":{"Weight":0,"CFrame":[0,0,0,1,0,0,0,1,0,0,0,1],"EasingStyle":"Linear","EasingDirection":"In"},"Left Arm":{"Weight":1,"CFrame":[-0.8407334685325623,-0.07140296697616577,-0.582202672958374,-0.9864728450775147,0.09663787484169007,-0.1324104517698288,-0.1382095217704773,-0.055980928242206576,0.9888197183609009,0.08814495801925659,0.9937441349029541,0.06857962161302567],"EasingStyle":"Linear","EasingDirection":"In"}}},{"Time":0.23333333432674409,"poses":{"Left Leg":{"Weight":1,"CFrame":[-0.48657935857772829,0.5961959362030029,0.17883864045143128,0.9094251394271851,0.3711545169353485,0.18759050965309144,-0.3696153163909912,0.9281209707260132,-0.04445227235555649,-0.19060547649860383,-0.02891039103269577,0.9812410473823547],"EasingStyle":"Linear","EasingDirection":"In"},"Right Arm":{"Weight":1,"CFrame":[0.4969342052936554,-0.6373018026351929,0.4017590284347534,-0.09010772407054901,-0.9957583546638489,-0.018601305782794954,-0.05068523809313774,-0.014068175107240677,0.9986156225204468,-0.9946415424346924,0.09092583507299423,-0.04920247569680214],"EasingStyle":"Linear","EasingDirection":"In"},"Head":{"Weight":1,"CFrame":[-3.725290298461914e-9,-5.960464477539063e-8,0.016662120819091798,0.9251542687416077,-0.3656972050666809,0.10176008939743042,0.25674551725387576,0.8003009557723999,0.5418489575386047,-0.27959144115448,-0.4751674234867096,0.8342928886413574],"EasingStyle":"Linear","EasingDirection":"In"},"Right Leg":{"Weight":1,"CFrame":[0.2855498194694519,0.4459126591682434,0.2877686023712158,0.5946066379547119,-0.694573163986206,-0.40498292446136477,0.7005933523178101,0.6947246193885803,-0.16286994516849519,0.3944768011569977,-0.18688471615314485,0.8997011780738831],"EasingStyle":"Linear","EasingDirection":"In"},"Torso":{"Weight":1,"CFrame":[0.30369746685028078,-0.2778327465057373,-0.4036862850189209,0.8605339527130127,0.423117458820343,-0.28364235162734988,-0.5092922449111939,0.7035617828369141,-0.4956030249595642,-0.01013831328600645,0.5709400177001953,0.820929229259491],"EasingStyle":"Linear","EasingDirection":"In"},"HumanoidRootPart":{"Weight":0,"CFrame":[0,0,0,1,0,0,0,1,0,0,0,1],"EasingStyle":"Linear","EasingDirection":"In"},"Left Arm":{"Weight":1,"CFrame":[-0.851648211479187,-0.03675258159637451,-0.7156985998153687,-0.988641619682312,0.07507851719856262,-0.1301964670419693,-0.1348615139722824,-0.06081446632742882,0.9889965653419495,0.0663345530629158,0.9953215718269348,0.07024859637022019],"EasingStyle":"Linear","EasingDirection":"In"}}},{"Time":0.25,"poses":{"Left Leg":{"Weight":1,"CFrame":[-0.4585951566696167,0.6148526668548584,0.1561712920665741,0.8963068127632141,0.40379273891448977,0.18326333165168763,-0.4065926671028137,0.9133008718490601,-0.02374929003417492,-0.17696429789066316,-0.05322689563035965,0.9827769994735718],"EasingStyle":"Linear","EasingDirection":"In"},"Right Arm":{"Weight":1,"CFrame":[0.5919845104217529,-0.6460247039794922,0.37989500164985659,-0.13323210179805757,-0.9900428056716919,-0.04543730244040489,-0.0652829259634018,-0.03697951138019562,0.9971814155578613,-0.9889324307441711,0.13582280278205872,-0.0597059540450573],"EasingStyle":"Linear","EasingDirection":"In"},"Head":{"Weight":1,"CFrame":[1.043081283569336e-7,-2.9802322387695315e-8,0.01666206121444702,0.9314996004104614,-0.3511158525943756,0.0950067788362503,0.2449413537979126,0.7985859513282776,0.5497856736183167,-0.2689095735549927,-0.4888540506362915,0.8298852443695068],"EasingStyle":"Linear","EasingDirection":"In"},"Right Leg":{"Weight":1,"CFrame":[0.23361968994140626,0.3778097331523895,0.2529831826686859,0.5535696744918823,-0.7306893467903137,-0.3995669484138489,0.7343172430992127,0.6545872092247009,-0.17970454692840577,0.39285963773727419,-0.19392992556095124,0.8989174962043762],"EasingStyle":"Linear","EasingDirection":"In"},"Torso":{"Weight":1,"CFrame":[0.3031373620033264,-0.275924950838089,-0.41098690032958987,0.8687505125999451,0.4114620089530945,-0.2756294310092926,-0.4949337840080261,0.7014258503913879,-0.512876570224762,-0.017695631831884385,0.5819801092147827,0.8130104541778565],"EasingStyle":"Linear","EasingDirection":"In"},"HumanoidRootPart":{"Weight":0,"CFrame":[0,0,0,1,0,0,0,1,0,0,0,1],"EasingStyle":"Linear","EasingDirection":"In"},"Left Arm":{"Weight":1,"CFrame":[-0.8680062890052795,-0.03001299500465393,-0.8096686601638794,-0.988752007484436,0.07754942029714585,-0.12788859009742738,-0.1328277438879013,-0.06226339563727379,0.9891815185546875,0.06874779611825943,0.9950425028800964,0.0718633159995079],"EasingStyle":"Linear","EasingDirection":"In"}}},{"Time":0.2666666805744171,"poses":{"Left Leg":{"Weight":1,"CFrame":[-0.42920398712158205,0.6343233585357666,0.1307562291622162,0.8819560408592224,0.4347338080406189,0.18209882080554963,-0.44235318899154665,0.8968399167060852,0.0013698417460545898,-0.1627180576324463,-0.08176008611917496,0.983279287815094],"EasingStyle":"Linear","EasingDirection":"In"},"Right Arm":{"Weight":1,"CFrame":[0.6808609962463379,-0.6569482088088989,0.35078275203704836,-0.18055318295955659,-0.981021523475647,-0.07069238275289536,-0.08035583049058914,-0.05692040175199509,0.9951397776603699,-0.9802772998809815,0.18535606563091279,-0.06855358928442002],"EasingStyle":"Linear","EasingDirection":"In"},"Head":{"Weight":1,"CFrame":[1.1175870895385742e-7,-1.1920928955078126e-7,0.016662269830703737,0.9384570121765137,-0.33418962359428408,0.08726788312196732,0.23303066194057465,0.7991041541099548,0.5541923642158508,-0.25494155287742617,-0.49974972009658816,0.8278014063835144],"EasingStyle":"Linear","EasingDirection":"In"},"Right Leg":{"Weight":1,"CFrame":[0.18919676542282105,0.30965209007263186,0.22593173384666444,0.5181114673614502,-0.759589672088623,-0.39317187666893008,0.7592427730560303,0.6201112270355225,-0.19751572608947755,0.3938411772251129,-0.19617772102355958,0.8979997038841248],"EasingStyle":"Linear","EasingDirection":"In"},"Torso":{"Weight":1,"CFrame":[0.3032371699810028,-0.2727081775665283,-0.41613608598709109,0.8779397010803223,0.3995835483074188,-0.26373258233070376,-0.4780822694301605,0.7021347284317017,-0.5276781320571899,-0.025675736367702485,0.5893554091453552,0.8074658513069153],"EasingStyle":"Linear","EasingDirection":"In"},"HumanoidRootPart":{"Weight":0,"CFrame":[0,0,0,1,0,0,0,1,0,0,0,1],"EasingStyle":"Linear","EasingDirection":"In"},"Left Arm":{"Weight":1,"CFrame":[-0.8897478580474854,-0.02528095245361328,-0.8770421743392944,-0.988969087600708,0.08501671999692917,-0.12129495292901993,-0.12707357108592988,-0.06620430201292038,0.9896814823150635,0.07610919326543808,0.9941776990890503,0.07627729326486588],"EasingStyle":"Linear","EasingDirection":"In"}}},{"Time":0.28333333134651186,"poses":{"Left Leg":{"Weight":1,"CFrame":[-0.393900990486145,0.6553043723106384,0.1032482385635376,0.8641888499259949,0.46715301275253298,0.18693718314170838,-0.48027127981185915,0.8766213059425354,0.02957579493522644,-0.15005671977996827,-0.11533962190151215,0.9819265604019165],"EasingStyle":"Linear","EasingDirection":"In"},"Right Arm":{"Weight":1,"CFrame":[0.7636501789093018,-0.6697118878364563,0.31554776430130007,-0.23181846737861634,-0.9681647419929504,-0.09443078935146332,-0.09602013230323792,-0.07382706552743912,0.9926378726959229,-0.9680083990097046,0.23917904496192933,-0.07584894448518753],"EasingStyle":"Linear","EasingDirection":"In"},"Head":{"Weight":1,"CFrame":[1.341104507446289e-7,-5.960464477539063e-8,0.016661763191223146,0.945633053779602,-0.31558677554130556,0.07863257825374603,0.22125814855098725,0.8014324307441711,0.5556535720825195,-0.23837564885616303,-0.5080463290214539,0.82768714427948],"EasingStyle":"Linear","EasingDirection":"In"},"Right Leg":{"Weight":1,"CFrame":[0.15654230117797852,0.2519863247871399,0.21355608105659486,0.49360010027885439,-0.7799361348152161,-0.3847838044166565,0.7727560997009277,0.5963102579116821,-0.21739821135997773,0.3990074098110199,-0.1900363564491272,0.8970392346382141],"EasingStyle":"Linear","EasingDirection":"In"},"Torso":{"Weight":1,"CFrame":[0.3035952150821686,-0.269036203622818,-0.4194765090942383,0.887671172618866,0.3875618278980255,-0.2486678957939148,-0.45921799540519717,0.705145001411438,-0.5402678847312927,-0.034040290862321857,0.5937730073928833,0.8039122223854065],"EasingStyle":"Linear","EasingDirection":"In"},"HumanoidRootPart":{"Weight":0,"CFrame":[0,0,0,1,0,0,0,1,0,0,0,1],"EasingStyle":"Linear","EasingDirection":"In"},"Left Arm":{"Weight":1,"CFrame":[-0.9139316082000732,-0.02221912145614624,-0.9222577810287476,-0.98903489112854,0.09757895767688751,-0.11085277050733566,-0.11811524629592896,-0.07208089530467987,0.9903804063796997,0.08865002542734146,0.9926141500473023,0.08281579613685608],"EasingStyle":"Linear","EasingDirection":"In"}}},{"Time":0.30000001192092898,"poses":{"Left Leg":{"Weight":1,"CFrame":[-0.35395127534866335,0.6745924949645996,0.07409822940826416,0.8431217670440674,0.5003710985183716,0.19691196084022523,-0.5196677446365356,0.8523099422454834,0.059274688363075259,-0.13817070424556733,-0.15230464935302735,0.9786278009414673],"EasingStyle":"Linear","EasingDirection":"In"},"Right Arm":{"Weight":1,"CFrame":[0.8404396772384644,-0.6839528679847717,0.27531343698501589,-0.28663885593414309,-0.950908362865448,-0.11666819453239441,-0.11233019828796387,-0.08757995814085007,0.9898039698600769,-0.95143061876297,0.296821653842926,-0.08171191066503525],"EasingStyle":"Linear","EasingDirection":"In"},"Head":{"Weight":1,"CFrame":[5.960464477539063e-8,2.086162567138672e-7,0.016662418842315675,0.9527047276496887,-0.2959219813346863,0.06916596740484238,0.20977964997291566,0.8050617575645447,0.5548585653305054,-0.21987766027450562,-0.5141068696975708,0.8290646076202393],"EasingStyle":"Linear","EasingDirection":"In"},"Right Leg":{"Weight":1,"CFrame":[0.133345365524292,0.20578473806381226,0.21089565753936768,0.4794723391532898,-0.7932153940200806,-0.37538740038871767,0.7775380611419678,0.5823220014572144,-0.2373514175415039,0.4068671762943268,-0.17807459831237794,0.8959623575210571],"EasingStyle":"Linear","EasingDirection":"In"},"Torso":{"Weight":1,"CFrame":[0.3038046360015869,-0.26574665307998659,-0.4213838577270508,0.8975442051887512,0.37547317147254946,-0.23115898668766023,-0.43884778022766116,0.70988529920578,-0.5508861541748047,-0.04274657741189003,0.5958882570266724,0.8019288778305054],"EasingStyle":"Linear","EasingDirection":"In"},"HumanoidRootPart":{"Weight":0,"CFrame":[0,0,0,1,0,0,0,1,0,0,0,1],"EasingStyle":"Linear","EasingDirection":"In"},"Left Arm":{"Weight":1,"CFrame":[-0.9376164674758911,-0.020486950874328615,-0.949756383895874,-0.9885804653167725,0.11537228524684906,-0.09694349020719528,-0.10645980387926102,-0.07938838005065918,0.9911426901817322,0.10665424913167954,0.9901447892189026,0.09076432883739472],"EasingStyle":"Linear","EasingDirection":"In"}}},{"Time":0.3166666626930237,"poses":{"Left Leg":{"Weight":1,"CFrame":[-0.3109552264213562,0.6895681619644165,0.04426681995391846,0.8190345764160156,0.5334855318069458,0.21112921833992005,-0.5596091747283936,0.8239808678627014,0.08884284645318985,-0.12657015025615693,-0.19091522693634034,0.973412275314331],"EasingStyle":"Linear","EasingDirection":"In"},"Right Arm":{"Weight":1,"CFrame":[0.911318302154541,-0.6993087530136108,0.23119674623012544,-0.344460129737854,-0.9286952018737793,-0.13737767934799195,-0.12926925718784333,-0.09801902621984482,0.9867531657218933,-0.9298585057258606,0.35765573382377627,-0.08628802746534348],"EasingStyle":"Linear","EasingDirection":"In"},"Head":{"Weight":1,"CFrame":[1.2479722499847413e-7,8.940696716308594e-8,0.01666167378425598,0.959395170211792,-0.275833338