{"Sequence":[{"Time":0,"poses":{"Left Leg":{"Weight":1,"CFrame":[-0.27025941014289858,0.5290819406509399,-0.10023558139801026,0.8797594904899597,0.46927469968795779,0.07618753612041474,-0.47213825583457949,0.8436024785041809,0.2557743191719055,0.05575639754533768,-0.2609909176826477,0.9637297987937927],"EasingStyle":"Linear","EasingDirection":"In"},"Right Arm":{"Weight":1,"CFrame":[0.2140112668275833,-0.058397918939590457,0.1635141372680664,0.8689755797386169,-0.18458585441112519,0.45913997292518618,0.3245980739593506,0.9129475951194763,-0.2473115473985672,-0.3735204339027405,0.36394351720809939,0.8532453179359436],"EasingStyle":"Linear","EasingDirection":"In"},"Head":{"Weight":1,"CFrame":[8.742279078433057e-8,0,0,1,-7.577227023602973e-8,8.656743233359521e-8,6.295103105458111e-8,0.9902160167694092,0.1395431011915207,-9.629395236743221e-8,-0.1395431011915207,0.9902160167694092],"EasingStyle":"Linear","EasingDirection":"In"},"Right Leg":{"Weight":1,"CFrame":[0.46339213848114016,0.08706033229827881,0.04603886604309082,0.9489519000053406,0.2995123565196991,-0.09890767931938172,-0.29784905910491946,0.9540923833847046,0.03152533993124962,0.10380932688713074,-0.0004564716655295342,0.9945971965789795],"EasingStyle":"Linear","EasingDirection":"In"},"Torso":{"Weight":1,"CFrame":[0,0,-0.150498628616333,1,0,-8.742277657347586e-8,0,1,0,8.742277657347586e-8,0,1],"EasingStyle":"Linear","EasingDirection":"In"},"HumanoidRootPart":{"Weight":0,"CFrame":[0,0,0,1,0,0,0,1,0,0,0,1],"EasingStyle":"Linear","EasingDirection":"In"},"Left Arm":{"Weight":1,"CFrame":[6.120097140183134e-8,-0.45550405979156496,0.25695085525512698,0.10536576062440872,0.26363658905029299,-0.9588503241539002,-0.8952131867408752,-0.39469951391220095,-0.20689569413661958,-0.4330030083656311,0.8801750540733337,0.1944231241941452],"EasingStyle":"Linear","EasingDirection":"In"}}},{"Time":0.03333333507180214,"poses":{"Left Leg":{"Weight":1,"CFrame":[-0.23262891173362733,0.5039914846420288,-0.11764013767242432,0.8318302035331726,0.5528989434242249,0.04859465733170509,-0.5415593385696411,0.789351761341095,0.28920114040374758,0.12154071033000946,-0.26688310503959658,0.9560341238975525],"EasingStyle":"Linear","EasingDirection":"In"},"Right Arm":{"Weight":1,"CFrame":[0.21401305496692658,-0.008543610572814942,0.1500478982925415,0.8933693766593933,-0.14716148376464845,0.42454057931900027,0.2649989426136017,0.9355918169021606,-0.2333315908908844,-0.36285921931266787,0.32095393538475039,0.8748266100883484],"EasingStyle":"Linear","EasingDirection":"In"},"Head":{"Weight":1,"CFrame":[5.2386894822120669e-8,5.820766091346741e-10,-3.5762786865234377e-7,0.9999855756759644,-0.005376892164349556,-0.00033793054171837866,0.005381536204367876,0.9939600229263306,0.1096106469631195,-0.0002534778614062816,-0.10961087048053742,0.9939746260643005],"EasingStyle":"Linear","EasingDirection":"In"},"Right Leg":{"Weight":1,"CFrame":[0.48017215728759768,0.1660645604133606,0.05247831344604492,0.9560646414756775,0.26442545652389529,-0.1265692561864853,-0.25433269143104555,0.9628761410713196,0.09046805649995804,0.1457926332950592,-0.0543026477098465,0.9878237247467041],"EasingStyle":"Linear","EasingDirection":"In"},"Torso":{"Weight":1,"CFrame":[-0.02933467924594879,-0.04537895321846008,-0.15480875968933106,0.9985607862472534,-0.023347707465291024,-0.048282891511917117,0.020462803542613984,0.9980242252349854,-0.05940459296107292,0.04957444965839386,0.058331090956926349,0.9970657229423523],"EasingStyle":"Linear","EasingDirection":"In"},"HumanoidRootPart":{"Weight":0,"CFrame":[0,0,0,1,0,0,0,1,0,0,0,1],"EasingStyle":"Linear","EasingDirection":"In"},"Left Arm":{"Weight":1,"CFrame":[-0.000005561858415603638,-0.4374329149723053,0.2541283369064331,0.05036841705441475,0.30395740270614626,-0.9513532519340515,-0.8961428999900818,-0.40676185488700869,-0.1774057149887085,-0.44089800119400027,0.8614839911460877,0.25190120935440066],"EasingStyle":"Linear","EasingDirection":"In"}}},{"Time":0.06666667014360428,"poses":{"Left Leg":{"Weight":1,"CFrame":[-0.18696703016757966,0.45022279024124148,-0.12788903713226319,0.7543327808380127,0.6564823389053345,0.003621184965595603,-0.6200129985809326,0.7105927467346191,0.3326287865638733,0.2157917469739914,-0.25315794348716738,0.9430509805679321],"EasingStyle":"Linear","EasingDirection":"In"},"Right Arm":{"Weight":1,"CFrame":[0.214013934135437,0.027179241180419923,0.11692631244659424,0.941243588924408,-0.052066780626773837,0.33369114995002749,0.11713163554668427,0.977044939994812,-0.1779422163963318,-0.3167663812637329,0.20657269656658173,0.9257358908653259],"EasingStyle":"Linear","EasingDirection":"In"},"Head":{"Weight":1,"CFrame":[7.264316082000733e-8,2.514570951461792e-8,-1.7881393432617188e-7,0.9999553561210632,-0.009438794106245041,-0.0005243290797807276,0.009450928308069706,0.9969159364700317,0.07790584862232208,-0.00021263773669488728,-0.07790731638669968,0.9969605803489685],"EasingStyle":"Linear","EasingDirection":"In"},"Right Leg":{"Weight":1,"CFrame":[0.4848158657550812,0.25768405199050906,0.06749153137207031,0.9512518048286438,0.2453908920288086,-0.1868242621421814,-0.21795988082885743,0.963457465171814,0.15570221841335298,0.21820518374443055,-0.107391856610775,0.9699761271476746],"EasingStyle":"Linear","EasingDirection":"In"},"Torso":{"Weight":1,"CFrame":[-0.058877721428871158,-0.09560668468475342,-0.17591619491577149,0.9925076961517334,-0.07834862917661667,-0.09375470876693726,0.06645122170448303,0.9900661706924439,-0.12390823662281037,0.10253140330314636,0.11674976348876953,0.9878546595573425],"EasingStyle":"Linear","EasingDirection":"In"},"HumanoidRootPart":{"Weight":0,"CFrame":[0,0,0,1,0,0,0,1,0,0,0,1],"EasingStyle":"Linear","EasingDirection":"In"},"Left Arm":{"Weight":1,"CFrame":[-0.000044969841837882998,-0.3908279836177826,0.24627113342285157,-0.10158844292163849,0.41108623147010805,-0.905918300151825,-0.8895927667617798,-0.4451630413532257,-0.10224765539169312,-0.44531404972076418,0.7955111265182495,0.41092267632484438],"EasingStyle":"Linear","EasingDirection":"In"}}},{"Time":0.10000000149011612,"poses":{"Left Leg":{"Weight":1,"CFrame":[-0.15354464948177339,0.41760462522506716,-0.13669425249099732,0.6710962653160095,0.7405791878700256,-0.034240543842315677,-0.6763355731964111,0.6304890513420105,0.380859375,0.3036447763442993,-0.23243513703346253,0.9239988327026367],"EasingStyle":"Linear","EasingDirection":"In"},"Right Arm":{"Weight":1,"CFrame":[0.21401429176330567,0.051125526428222659,0.0750652551651001,0.974669337272644,0.07179783284664154,0.21181316673755647,-0.059580788016319278,0.9962007999420166,-0.06351540982723236,-0.21556870639324189,0.049286410212516788,0.9752440452575684],"EasingStyle":"Linear","EasingDirection":"In"},"Head":{"Weight":1,"CFrame":[1.0058283805847168e-7,-3.725290298461914e-9,1.1920928955078126e-7,0.9999231696128845,-0.012389343231916428,-0.0006020087166689336,0.012403948232531548,0.9988925457000732,0.04538620635867119,0.000039059672417351979,-0.045390184968709949,0.998969316482544],"EasingStyle":"Linear","EasingDirection":"In"},"Right Leg":{"Weight":1,"CFrame":[0.4898471236228943,0.36499208211898806,0.08139288425445557,0.9336923956871033,0.24639888107776643,-0.2598190903663635,-0.1907789260149002,0.9563482999801636,0.2213628590106964,0.303021103143692,-0.1571168750524521,0.9399428367614746],"EasingStyle":"Linear","EasingDirection":"In"},"Torso":{"Weight":1,"CFrame":[-0.08164671063423157,-0.14648959040641786,-0.2245948314666748,0.9812067747116089,-0.14399686455726624,-0.12844550609588624,0.11839979141950607,0.9749132990837097,-0.18848270177841187,0.15236413478851319,0.16973258554935456,0.9736406207084656],"EasingStyle":"Linear","EasingDirection":"In"},"HumanoidRootPart":{"Weight":0,"CFrame":[0,0,0,1,0,0,0,1,0,0,0,1],"EasingStyle":"Linear","EasingDirection":"In"},"Left Arm":{"Weight":1,"CFrame":[-0.0001520104706287384,-0.3271028399467468,0.23429477214813233,-0.3228801488876343,0.5502328872680664,-0.7700599431991577,-0.8568626046180725,-0.5154656171798706,-0.009041067212820053,-0.4019140601158142,0.6569162011146545,0.6379075050354004],"EasingStyle":"Linear","EasingDirection":"In"}}},{"Time":0.13333334028720857,"poses":{"Left Leg":{"Weight":1,"CFrame":[-0.17519034445285798,0.6249538660049439,-0.2714787721633911,0.6778354048728943,0.7346748113632202,-0.028144095093011857,-0.6398991346359253,0.6083768606185913,0.4694749712944031,0.3620336353778839,-0.30021733045578005,0.8824971914291382],"EasingStyle":"Linear","EasingDirection":"In"},"Right Arm":{"Weight":1,"CFrame":[0.21401438117027284,0.06564980745315552,0.03538036346435547,0.9793471097946167,0.18267950415611268,0.0866457149386406,-0.19120489060878755,0.9761115908622742,0.10318417102098465,-0.06572623550891876,-0.11762029677629471,0.9908812642097473],"EasingStyle":"Linear","EasingDirection":"In"},"Head":{"Weight":1,"CFrame":[8.940696716308594e-8,-3.725290298461914e-8,0,0.9998956322669983,-0.01443449780344963,-0.0006099343299865723,0.014441212639212609,0.9998108744621277,0.013028671965003014,0.0004217587993480265,-0.013036123476922512,0.9999149441719055],"EasingStyle":"Linear","EasingDirection":"In"},"Right Leg":{"Weight":1,"CFrame":[0.5627105236053467,0.5679707527160645,0.07713460922241211,0.890026330947876,0.3140680491924286,-0.33047613501548769,-0.21750681102275849,0.9295714497566223,0.2976366877555847,0.40067940950393679,-0.19302377104759217,0.89565509557724],"EasingStyle":"Linear","EasingDirection":"In"},"Torso":{"Weight":1,"CFrame":[-0.09357702732086182,-0.19240492582321168,-0.4077155590057373,0.9687625169754028,-0.19896124303340913,-0.14803248643875123,0.15872354805469514,0.9561049938201904,-0.24631330370903016,0.19054138660430909,0.21512287855148316,0.9578184485435486],"EasingStyle":"Linear","EasingDirection":"In"},"HumanoidRootPart":{"Weight":0,"CFrame":[0,0,0,1,0,0,0,1,0,0,0,1],"EasingStyle":"Linear","EasingDirection":"In"},"Left Arm":{"Weight":1,"CFrame":[-0.0003604404628276825,-0.2576714754104614,0.2191143035888672,-0.5522724986076355,0.6623842120170593,-0.5062037706375122,-0.7886437773704529,-0.6119490265846252,0.05966156721115112,-0.2702520191669464,0.4321638345718384,0.8603478074073792],"EasingStyle":"Linear","EasingDirection":"In"}}},{"Time":0.1666666716337204,"poses":{"Left Leg":{"Weight":1,"CFrame":[-0.14580875635147096,0.7980486154556274,-0.41240084171295168,0.7135359644889832,0.7005202770233154,0.011747565120458603,-0.5959020853042603,0.5979849696159363,0.5360174775123596,0.36846622824668887,-0.3894682228565216,0.8441252708435059],"EasingStyle":"Linear","EasingDirection":"In"},"Right Arm":{"Weight":1,"CFrame":[0.2140331268310547,0.07310783863067627,0.008787989616394043,0.9711490869522095,0.23663929104804994,-0.029521534219384195,-0.21825404465198518,0.9318565726280212,0.2898422181606293,0.09609783440828324,-0.27503687143325808,0.9566190838813782],"EasingStyle":"Linear","EasingDirection":"In"},"Head":{"Weight":1,"CFrame":[1.4901161193847657e-8,-1.564621925354004e-7,-4.172325134277344e-7,0.9998753666877747,-0.015782224014401437,-0.0005777293117716908,0.01576913334429264,0.9997103810310364,-0.01818356290459633,0.0008645133348181844,0.018172143027186395,0.9998345971107483],"EasingStyle":"Linear","EasingDirection":"In"},"Right Leg":{"Weight":1,"CFrame":[0.5740891098976135,0.7351638078689575,0.020177721977233888,0.8610988259315491,0.34104299545288088,-0.3770919442176819,-0.19443455338478089,0.9061763882637024,0.3755522668361664,0.4697914123535156,-0.2500680088996887,0.8466179966926575],"EasingStyle":"Linear","EasingDirection":"In"},"Torso":{"Weight":1,"CFrame":[-0.0933188796043396,-0.2277318239212036,-0.5252029895782471,0.96293044090271,-0.22312918305397035,-0.1515863537788391,0.17234858870506288,0.9411986470222473,-0.29058778285980227,0.20751146972179414,0.25369012355804446,0.9447647333145142],"EasingStyle":"Linear","EasingDirection":"In"},"HumanoidRootPart":{"Weight":0,"CFrame":[0,0,0,1,0,0,0,1,0,0,0,1],"EasingStyle":"Linear","EasingDirection":"In"},"Left Arm":{"Weight":1,"CFrame":[-0.002458512783050537,-0.1939467489719391,0.2016451358795166,-0.7074924111366272,0.6912257671356201,-0.147178053855896,-0.7042766809463501,-0.7068926095962524,0.06555338948965073,-0.05872690677642822,0.15003250539302827,0.9869353175163269],"EasingStyle":"Linear","EasingDirection":"In"}}},{"Time":0.20000000298023225,"poses":{"Left Leg":{"Weight":1,"CFrame":[-0.17799785733222962,0.8710131049156189,-0.3763563632965088,0.7904659509658814,0.6122435927391052,0.017927464097738267,-0.5528892278671265,0.7006264328956604,0.4510389268398285,0.26358523964881899,-0.3664427697658539,0.8923242092132568],"EasingStyle":"Linear","EasingDirection":"In"},"Right Arm":{"Weight":1,"CFrame":[0.21416324377059937,0.07585644721984863,0.004882097244262695,0.9680451154708862,0.20270392298698426,-0.14764750003814698,-0.11504635214805603,0.8821205496788025,0.4567575752735138,0.22282937169075013,-0.4251757264137268,0.8772529363632202],"EasingStyle":"Linear","EasingDirection":"In"},"Head":{"Weight":1,"CFrame":[7.450580596923828e-8,-1.3783574104309083e-7,1.1920928955078126e-7,0.999861478805542,-0.016642160713672639,-0.0005227737128734589,0.01659887284040451,0.9987439513206482,-0.04727572202682495,0.0013088661944493652,0.04726044088602066,0.9988818168640137],"EasingStyle":"Linear","EasingDirection":"In"},"Right Leg":{"Weight":1,"CFrame":[0.5069932341575623,0.8069252967834473,-0.06880795955657959,0.8969586491584778,0.2257830798625946,-0.3801146447658539,-0.05149191617965698,0.907264232635498,0.41739699244499209,0.43910568952560427,-0.3548150360584259,0.8254044651985169],"EasingStyle":"Linear","EasingDirection":"In"},"Torso":{"Weight":1,"CFrame":[-0.08226963877677918,-0.24899804592132569,-0.4418611526489258,0.9667598009109497,-0.212888702750206,-0.14161182940006257,0.1594061702489853,0.9348726868629456,-0.3171793520450592,0.1999129354953766,0.2840624451637268,0.9377331137657166],"EasingStyle":"Linear","EasingDirection":"In"},"HumanoidRootPart":{"Weight":0,"CFrame":[0,0,0,1,0,0,0,1,0,0,0,1],"EasingStyle":"Linear","EasingDirection":"In"},"Left Arm":{"Weight":1,"CFrame":[-0.007979556918144226,-0.14734160900115968,0.18280303478240968,-0.7464430928230286,0.6302478313446045,0.21356579661369325,-0.643971860408783,-0.7650186419487,0.0068510472774505619,0.1676996350288391,-0.1324164867401123,0.9769046902656555],"EasingStyle":"Linear","EasingDirection":"In"}}},{"Time":0.23333333432674409,"poses":{"Left Leg":{"Weight":1,"CFrame":[-0.3015933036804199,0.8518490791320801,-0.21684175729751588,0.8956615924835205,0.4446873962879181,0.006586635950952768,-0.42987290024757388,0.8618361353874207,0.2691613733768463,0.11401604861021042,-0.24390891194343568,0.9630725383758545],"EasingStyle":"Linear","EasingDirection":"In"},"Right Arm":{"Weight":1,"CFrame":[0.21451659500598908,0.07624906301498413,0.017087101936340333,0.9556836485862732,0.0974879190325737,-0.27778586745262148,0.08197515457868576,0.818139374256134,0.5691466331481934,0.28275245428085329,-0.5666956901550293,0.7738909721374512],"EasingStyle":"Linear","EasingDirection":"In"},"Head":{"Weight":1,"CFrame":[1.043081283569336e-7,4.470348358154297e-8,3.5762786865234377e-7,0.999851644039154,-0.01722465455532074,-0.00044884165981784463,0.017145441845059396,0.9971631765365601,-0.07329221069812775,0.0017100127879530192,0.07327358424663544,0.9973105192184448],"EasingStyle":"Linear","EasingDirection":"In"},"Right Leg":{"Weight":1,"CFrame":[0.40071260929107668,0.8497530221939087,-0.17650073766708375,0.9327661395072937,0.021249942481517793,-0.35985520482063296,0.152028888463974,0.8819518685340881,0.446148157119751,0.32685571908950808,-0.4708603620529175,0.8194242119789124],"EasingStyle":"Linear","EasingDirection":"In"},"Torso":{"Weight":1,"CFrame":[-0.06323349475860596,-0.2545343041419983,-0.30899477005004885,0.9759520292282105,-0.18039600551128388,-0.12237197905778885,0.13248084485530854,0.936660647392273,-0.32421544194221499,0.17310819029808045,0.3002068102359772,0.9380348920822144],"EasingStyle":"Linear","EasingDirection":"In"},"HumanoidRootPart":{"Weight":0,"CFrame":[0,0,0,1,0,0,0,1,0,0,0,1],"EasingStyle":"Linear","EasingDirection":"In"},"Left Arm":{"Weight":1,"CFrame":[-0.01657499372959137,-0.12927013635635377,0.16350340843200684,-0.6912029981613159,0.5198511481285095,0.5019891262054443,-0.6377891302108765,-0.7654504776000977,-0.08550268411636353,0.33979907631874087,-0.3792629837989807,0.8606371283531189],"EasingStyle":"Linear","EasingDirection":"In"}}},{"Time":0.2666666805744171,"poses":{"Left Leg":{"Weight":1,"CFrame":[-0.47300636768341067,0.6443284153938294,-0.063942551612854,0.9772301912307739,0.21169793605804444,0.014326421543955803,-0.21193286776542664,0.9705821871757507,0.1142578199505806,0.010283130221068859,-0.11469238996505737,0.9933479428291321],"EasingStyle":"Linear","EasingDirection":"In"},"Right Arm":{"Weight":1,"CFrame":[0.21520502865314485,0.06635516881942749,0.03833663463592529,0.9084823727607727,-0.0485122874379158,-0.4150981605052948,0.3172959089279175,0.7264986038208008,0.6095269322395325,0.2719985842704773,-0.685453474521637,0.6754039525985718],"EasingStyle":"Linear","EasingDirection":"In"},"Head":{"Weight":1,"CFrame":[1.4901161193847657e-7,-1.0058283805847168e-7,1.1920928955078126e-7,0.9998425841331482,-0.017739837989211084,-0.0003473498218227178,0.017626002430915834,0.9952923655509949,-0.09530215710401535,0.0020363666117191316,0.09528101235628128,0.9954484105110169],"EasingStyle":"Linear","EasingDirection":"In"},"Right Leg":{"Weight":1,"CFrame":[0.3219883441925049,0.8330000042915344,-0.24376773834228517,0.9343902468681336,-0.15498365461826325,-0.3207726776599884,0.29945942759513857,0.8294302225112915,0.47156083583831789,0.19297444820404054,-0.5366802215576172,0.8214226961135864],"EasingStyle":"Linear","EasingDirection":"In"},"Torso":{"Weight":1,"CFrame":[-0.03669106960296631,-0.24344664812088014,-0.15787482261657716,0.9868824481964111,-0.13036519289016725,-0.09522561728954315,0.09493950754404068,0.9457244873046875,-0.31079232692718508,0.13057368993759156,0.29767486453056338,0.9456956386566162],"EasingStyle":"Linear","EasingDirection":"In"},"HumanoidRootPart":{"Weight":0,"CFrame":[0,0,0,1,0,0,0,1,0,0,0,1],"EasingStyle":"Linear","EasingDirection":"In"},"Left Arm":{"Weight":1,"CFrame":[-0.027896642684936525,-0.1540399193763733,0.1446613073348999,-0.5717438459396362,0.4132798910140991,0.7087373733520508,-0.7055377960205078,-0.688556432723999,-0.16765062510967256,0.4187189042568207,-0.5958941578865051,0.6852623820304871],"EasingStyle":"Linear","EasingDirection":"In"}}},{"Time":0.30000001192092898,"poses":{"Left Leg":{"Weight":1,"CFrame":[-0.481488972902298,0.36051154136657717,0.010943293571472168,0.996824324131012,0.05582466349005699,0.056788358837366107,-0.05865829437971115,0.9970493316650391,0.049518197774887088,-0.053856488317251208,-0.05269205942749977,0.9971575140953064],"EasingStyle":"Linear","EasingDirection":"In"},"Right Arm":{"Weight":1,"CFrame":[0.21633972227573396,0.03944885730743408,0.06360816955566406,0.8134123682975769,-0.20974665880203248,-0.5425557494163513,0.5430976748466492,0.6079139709472656,0.5792112946510315,0.20833949744701386,-0.7657983303070068,0.6083975434303284],"EasingStyle":"Linear","EasingDirection":"In"},"Head":{"Weight":1,"CFrame":[7.636845111846924e-8,1.2759119272232056e-7,-2.384185791015625e-7,0.9998308420181274,-0.018397418782114984,-0.0001997780054807663,0.01825839839875698,0.9934953451156616,-0.11239909380674362,0.0022663292475044729,0.11237645149230957,0.9936631321907044],"EasingStyle":"Linear","EasingDirection":"In"},"Right Leg":{"Weight":1,"CFrame":[0.28004705905914309,0.7960567474365234,-0.27159786224365237,0.9207215309143066,-0.28330665826797488,-0.2683456540107727,0.383089542388916,0.7871093153953552,0.4834267795085907,0.0742594376206398,-0.5479017496109009,0.8332401514053345],"EasingStyle":"Linear","EasingDirection":"In"},"Torso":{"Weight":1,"CFrame":[-0.0019454360008239747,-0.21908271312713624,-0.07083702087402344,0.9958489537239075,-0.06839536875486374,-0.060059573501348498,0.04885583370923996,0.9583730101585388,-0.28130823373794558,0.0767996609210968,0.2772062122821808,0.9577361345291138],"EasingStyle":"Linear","EasingDirection":"In"},"HumanoidRootPart":{"Weight":0,"CFrame":[0,0,0,1,0,0,0,1,0,0,0,1],"EasingStyle":"Linear","EasingDirection":"In"},"Left Arm":{"Weight":1,"CFrame":[-0.041595421731472018,-0.2189660668373108,0.12719249725341798,-0.40855392813682558,0.32005220651626589,0.8547808527946472,-0.8232722878456116,-0.5335719585418701,-0.19371071457862855,0.3940894901752472,-0.7828587293624878,0.4814830720424652],"EasingStyle":"Linear","EasingDirection":"In"}}},{"Time":0.3333333432674408,"poses":{"Left Leg":{"Weight":1,"CFrame":[-0.4132098853588104,0.2455357313156128,0.03922426700592041,0.992249071598053,-0.027200551703572274,0.12125161290168762,0.01938008703291416,0.9976829290390015,0.06521651893854141,-0.1227446123957634,-0.06236111745238304,0.9904771447181702],"EasingStyle":"Linear","EasingDirection":"In"},"Right Arm":{"Weight":1,"CFrame":[0.21803277730941773,-0.0003052055835723877,0.08787786960601807,0.6744716763496399,-0.36964383721351626,-0.639102041721344,0.7281081080436707,0.47636663913726809,0.4928826689720154,0.12225578725337982,-0.7977707982063294,0.5904365181922913],"EasingStyle":"Linear","EasingDirection":"In"},"Head":{"Weight":1,"CFrame":[8.533243089914322e-8,-2.4163455236703159e-8,2.384185791015625e-7,0.9997428059577942,-0.01854677125811577,0.013051549904048443,0.02002711221575737,0.9920371174812317,-0.124343641102314,-0.010641449131071568,0.1245729848742485,0.9921534061431885],"EasingStyle":"Linear","EasingDirection":"In"},"Right Leg":{"Weight":1,"CFrame":[0.25801464915275576,0.7321876883506775,-0.23437440395355225,0.9017372727394104,-0.3742811679840088,-0.2162950485944748,0.432267963886261,0.7851017117500305,0.443575918674469,0.0037915834691375496,-0.4934864044189453,0.8697453141212463],"EasingStyle":"Linear","EasingDirection":"In"},"Torso":{"Weight":1,"CFrame":[0.041440121829509738,-0.18549126386642457,-0.08655905723571778,0.999853789806366,-0.0008220942690968514,-0.017085915431380273,-0.0033209887333214285,0.9705101251602173,-0.24103787541389466,0.01678021065890789,0.24105939269065858,0.9703652858734131],"EasingStyle":"Linear","EasingDirection":"In"},"HumanoidRootPart":{"Weight":0,"CFrame":[0,0,0,1,0,0,0,1,0,0,0,1],"EasingStyle":"Linear","EasingDirection":"In"},"Left Arm":{"Weight":1,"CFrame":[-0.057323161512613299,-0.30997174978256228,0.11201190948486328,-0.2244868129491806,0.23007014393806458,0.9469284415245056,-0.935019850730896,-0.3245686888694763,-0.14280489087104798,0.2744881808757782,-0.9174546003341675,0.2879815697669983],"EasingStyle":"Linear","EasingDirection":"In"}}},{"Time":0.36666667461395266,"poses":{"Left Leg":{"Weight":1,"CFrame":[-0.453937292098999,0.2853151559829712,0.06634974479675293,0.9704845547676086,-0.14731621742248536,0.19093886017799378,0.12520787119865418,0.9844576716423035,0.12315065413713455,-0.2061133235692978,-0.09560877084732056,0.9738461971282959],"EasingStyle":"Linear","EasingDirection":"In"},"Right Arm":{"Weight":1,"CFrame":[0.22039547562599183,-0.048745185136795047,0.10612320899963379,0.5064157247543335,-0.5218726396560669,-0.6864344477653503,0.8610647916793823,0.34847068786621096,0.3703184425830841,0.045943137258291247,-0.7785995006561279,0.6258372068405151],"EasingStyle":"Linear","EasingDirection":"In"},"Head":{"Weight":1,"CFrame":[7.636845111846924e-8,2.3283064365386964e-8,3.5762786865234377e-7,0.9987927079200745,-0.01757528819143772,0.045874327421188357,0.02350202575325966,0.9909660816192627,-0.13203774392604829,-0.04313929006457329,0.13295641541481019,0.990182638168335],"EasingStyle":"Linear","EasingDirection":"In"},"Right Leg":{"Weight":1,"CFrame":[0.24238832294940949,0.6111037731170654,-0.13784164190292359,0.8863640427589417,-0.4277344048023224,-0.17720665037631989,0.4629876911640167,0.8179541230201721,0.3414576053619385,-0.001106194918975234,-0.3847002685070038,0.9230408668518066],"EasingStyle":"Linear","EasingDirection":"In"},"Torso":{"Weight":1,"CFrame":[0.09295590966939926,-0.14679431915283204,-0.1741182804107666,0.9973220229148865,0.06561622768640518,0.03230034559965134,-0.05808486044406891,0.9790124893188477,-0.1953476071357727,-0.044440411031246188,0.19294829666614533,0.9802020192146301],"EasingStyle":"Linear","EasingDirection":"In"},"HumanoidRootPart":{"Weight":0,"CFrame":[0,0,0,1,0,0,0,1,0,0,0,1],"EasingStyle":"Linear","EasingDirection":"In"},"Left Arm":{"Weight":1,"CFrame":[-0.07473107427358628,-0.41298264265060427,0.10003530979156494,-0.037317853420972827,0.1479337215423584,0.9882929921150208,-0.9947769641876221,-0.09952448308467865,-0.022665197029709817,0.09500634670257569,-0.9839769601821899,0.15087516605854035],"EasingStyle":"Linear","EasingDirection":"In"}}},{"Time":0.4000000059604645,"poses":{"Left Leg":{"Weight":1,"CFrame":[-0.5227174162864685,0.352636456489563,0.09821164608001709,0.9256338477134705,-0.27932655811309817,0.2553010880947113,0.23611941933631898,0.9535271525382996,0.18717257678508759,-0.29571884870529177,-0.112971730530262,0.9485715627670288],"EasingStyle":"Linear","EasingDirection":"In"},"Right Arm":{"Weight":1,"CFrame":[0.22353948652744294,-0.1017075777053833,0.11332106590270996,0.3359988331794739,-0.667851448059082,-0.6641377210617065,0.9417617917060852,0.22791647911071778,0.24726274609565736,-0.013766955584287644,-0.7085396647453308,0.7055368423461914],"EasingStyle":"Linear","EasingDirection":"In"},"Head":{"Weight":1,"CFrame":[7.636845111846924e-8,1.862645149230957e-9,3.5762786865234377e-7,0.9959573745727539,-0.01601017639040947,0.08838992565870285,0.02801525592803955,0.9902714490890503,-0.13629993796348573,-0.08534784615039826,0.13822518289089204,0.986716628074646],"EasingStyle":"Linear","EasingDirection":"In"},"Right Leg":{"Weight":1,"CFrame":[0.24680377542972566,0.48997169733047488,-0.0509641170501709,0.8961540460586548,-0.4156836271286011,-0.15529000759124757,0.44136443734169009,0.8711732029914856,0.21506918966770173,0.045883841812610629,-0.26127463579177859,0.964173436164856],"EasingStyle":"Linear","EasingDirection":"In"},"Torso":{"Weight":1,"CFrame":[0.15097816288471223,-0.09376594424247742,-0.26711368560791018,0.9885489344596863,0.12447141110897064,0.08531147986650467,-0.11082729697227478,0.9825531840324402,-0.14935389161109925,-0.1024133637547493,0.13818877935409547,0.9850966334342957],"EasingStyle":"Linear","EasingDirection":"In"},"HumanoidRootPart":{"Weight":0,"CFrame":[0,0,0,1,0,0,0,1,0,0,0,1],"EasingStyle":"Linear","EasingDirection":"In"},"Left Arm":{"Weight":1,"CFrame":[-0.0934707522392273,-0.5139236450195313,0.0921781063079834,0.1433589905500412,0.09191460907459259,0.9853933453559876,-0.9858414530754089,0.1007668748497963,0.1340249478816986,-0.08697622269392014,-0.9906553030014038,0.1050591692328453],"EasingStyle":"Linear","EasingDirection":"In"}}},{"Time":0.4333333373069763,"poses":{"Left Leg":{"Weight":1,"CFrame":[-0.5003048777580261,0.35889655351638796,0.11561775207519531,0.893729567527771,-0.3278273940086365,0.30622997879981997,0.26084282994270327,0.9351224899291992,0.23980598151683808,-0.36497762799263,-0.13444383442401887,0.9212579727172852],"EasingStyle":"Linear","EasingDirection":"In"},"Right Arm":{"Weight":1,"CFrame":[0.22757649421691895,-0.15502890944480897,0.0985192060470581,0.18599236011505128,-0.8029063940048218,-0.5663463473320007,0.9810540676116943,0.11994675546884537,0.15213745832443238,-0.0542207732796669,-0.5839128494262695,0.8100036978721619],"EasingStyle":"Linear","EasingDirection":"In"},"Head":{"Weight":1,"CFrame":[5.029141902923584e-8,4.0978193283081057e-8,3.5762786865234377e-7,0.9913079142570496,-0.01455533504486084,0.13075479865074159,0.03274213895201683,0.9898852705955505,-0.13804034888744355,-0.12742303311824799,0.14112167060375215,0.981757640838623],"EasingStyle":"Linear","EasingDirection":"In"},"Right Leg":{"Weight":1,"CFrame":[0.2202945500612259,0.2849001884460449,0.022774696350097657,0.9194821119308472,-0.36339783668518069,-0.1499824821949005,0.37536025047302248,0.9249253273010254,0.060148365795612338,0.11686490476131439,-0.11160283535718918,0.9868573546409607],"EasingStyle":"Linear","EasingDirection":"In"},"Torso":{"Weight":1,"CFrame":[0.2129315584897995,-0.0244329571723938,-0.24331402778625489,0.9756972193717957,0.17023234069347382,0.1379704624414444,-0.15609917044639588,0.9818675518035889,-0.10755990445613861,-0.15377889573574067,0.08340883255004883,0.9845786094665527],"EasingStyle":"Linear","EasingDirection":"In"},"HumanoidRootPart":{"Weight":0,"CFrame":[0,0,0,1,0,0,0,1,0,0,0,1],"EasingStyle":"Linear","EasingDirection":"In"},"Left Arm":{"Weight":1,"CFrame":[-0.11319354176521301,-0.600524365901947,0.0893557071685791,0.31820574402809145,0.09986787289381027,0.9427468776702881,-0.9230453968048096,0.25939851999282839,0.284076988697052,-0.21617701649665833,-0.960593044757843,0.17472486197948457],"EasingStyle":"Linear","EasingDirection":"In"}}},{"Time":0.46666666865348818,"poses":{"Left Leg":{"Weight":1,"CFrame":[-0.44992974400520327,0.3505258560180664,0.12100732326507569,0.8765102624893189,-0.33712038397789,0.3436272442340851,0.24763163924217225,0.9279071688652039,0.27868789434432986,-0.41280558705329897,-0.15917977690696717,0.8968018293380737],"EasingStyle":"Linear","EasingDirection":"In"},"Right Arm":{"Weight":1,"CFrame":[0.24581822752952577,-0.20454594492912293,0.06322240829467774,0.07387298345565796,-0.9139811396598816,-0.3989754319190979,0.9949516654014587,0.040296681225299838,0.09190971404314041,-0.06792642921209336,-0.4037509262561798,0.9123438596725464],"EasingStyle":"Linear","EasingDirection":"In"},"Head":{"Weight":1,"CFrame":[1.1315569281578064e-7,2.421438694000244e-8,2.384185791015625e-7,0.9864730834960938,-0.013934025540947914,0.1633301079273224,0.03687996417284012,0.9897018074989319,-0.13831232488155366,-0.1597207635641098,0.1424650102853775,0.9768280982971191],"EasingStyle":"Linear","EasingDirection":"In"},"Right Leg":{"Weight":1,"CFrame":[0.19494517147541047,0.10724532604217529,0.0559006929397583,0.9550328254699707,-0.24040266871452332,-0.17354834079742433,0.22566188871860505,0.9690101146697998,-0.10047975182533264,0.19232574105262757,0.056798096746206287,0.9796860814094544],"EasingStyle":"Linear","EasingDirection":"In"},"Torso":{"Weight":1,"CFrame":[0.27575039863586428,0.04680785536766052,-0.19587087631225587,0.9622977375984192,0.19875453412532807,0.18568703532218934,-0.18807178735733033,0.979389488697052,-0.07365642488002777,-0.19649948179721833,0.035956915467977527,0.9798443913459778],"EasingStyle":"Linear","EasingDirection":"In"},"HumanoidRootPart":{"Weight":0,"CFrame":[0,0,0,1,0,0,0,1,0,0,0,1],"EasingStyle":"Linear","EasingDirection":"In"},"Left Arm":{"Weight":1,"CFrame":[-0.1335509568452835,-0.6672643423080444,0.09546637535095215,0.49151477217674258,0.1827157586812973,0.8514859080314636,-0.8294947147369385,0.39601412415504458,0.3938418924808502,-0.2652393579483032,-0.8998821973800659,0.3462086319923401],"EasingStyle":"Linear","EasingDirection":"In"}}},{"Time":0.5,"poses":{"Left Leg":{"Weight":1,"CFrame":[-0.4337018132209778,0.36184316873550417,0.1257307529449463,0.8651097416877747,-0.34225913882255556,0.36666589975357058,0.24022889137268067,0.9244480133056641,0.2961181402206421,-0.44031283259391787,-0.16809095442295075,0.8819694519042969],"EasingStyle":"Linear","EasingDirection":"In"},"Right Arm":{"Weight":1,"CFrame":[0.28007760643959048,-0.2460954487323761,0.02109396457672119,-0.011777572333812714,-0.9871882200241089,-0.15912467241287232,0.9980671405792236,-0.021316789090633394,0.058375172317028049,-0.061019349843263629,-0.1581297516822815,0.9855311512947083],"EasingStyle":"Linear","EasingDirection":"In"},"Head":{"Weight":1,"CFrame":[1.993030309677124e-7,1.4901161193847657e-8,-5.960464477539063e-8,0.9841524958610535,-0.014814266934990883,0.17670461535453797,0.03972458466887474,0.9895960688591003,-0.13828110694885255,-0.1728176474571228,0.14310921728610993,0.9745018482208252],"EasingStyle":"Linear","EasingDirection":"In"},"Right Leg":{"Weight":1,"CFrame":[0.22704316675662995,-0.03212881088256836,0.07885229587554932,0.9731999039649963,-0.02346540056169033,-0.22876042127609254,-0.03679890185594559,0.9660698175430298,-0.25564655661582949,0.2269974946975708,0.2572133243083954,0.9393154978752136],"EasingStyle":"Linear","EasingDirection":"In"},"Torso":{"Weight":1,"CFrame":[0.3454003930091858,0.10616794228553772,-0.18375730514526368,0.9523475170135498,0.20709946751594544,0.22392909228801728,-0.20085479319095612,0.9783146977424622,-0.05057380348443985,-0.2295469343662262,0.0031866077333688738,0.9732924699783325],"EasingStyle":"Linear","EasingDirection":"In"},"HumanoidRootPart":{"Weight":0,"CFrame":[0,0,0,1,0,0,0,1,0,0,0,1],"EasingStyle":"Linear","EasingDirection":"In"},"Left Arm":{"Weight":1,"CFrame":[-0.15419436991214753,-0.7102000117301941,0.11187386512756348,0.6539813876152039,0.31902313232421877,0.6859537959098816,-0.7242792248725891,0.5258853435516357,0.4459419250488281,-0.21846731007099152,-0.7884598970413208,0.5749810338020325],"EasingStyle":"Linear","EasingDirection":"In"}}},{"Time":0.5333333611488342,"poses":{"Left Leg":{"Weight":1,"CFrame":[-0.45484599471092226,0.39089661836624148,0.1374375820159912,0.8585717678070068,-0.34518513083457949,0.37908029556274416,0.24704189598560334,0.9264300465583801,0.28407371044158938,-0.44924935698509219,-0.1502489447593689,0.8806817531585693],"EasingStyle":"Linear","EasingDirection":"In"},"Right Arm":{"Weight":1,"CFrame":[0.3132178783416748,-0.27551406621932986,-0.014202773571014405,-0.09583339095115662,-0.9846052527427673,0.14617958664894105,0.9947965145111084,-0.0896352231502533,0.048429202288389209,-0.03458070009946823,0.15005998313426972,0.9880719184875488],"EasingStyle":"Linear","EasingDirection":"In"},"Head":{"Weight":1,"CFrame":[5.21540641784668e-8,1.1175870895385743e-8,0,0.9851845502853394,-0.019685164093971254,0.1703641414642334,0.038842130452394488,0.9931883215904236,-0.10985641181468964,-0.16704116761684419,0.11484617739915848,0.9792382717132568],"EasingStyle":"Linear","EasingDirection":"In"},"Right Leg":{"Weight":1,"CFrame":[0.2231425642967224,-0.16660606861114503,0.06905961036682129,0.9372183084487915,0.1903211921453476,-0.29223230481147768,-0.2882615327835083,0.8943975567817688,-0.3419919013977051,0.19628356397151948,0.40476033091545107,0.8931080102920532],"EasingStyle":"Linear","EasingDirection":"In"},"Torso":{"Weight":1,"CFrame":[0.4207631051540375,0.13960465788841248,-0.21105551719665528,0.9483237862586975,0.1971697360277176,0.24860835075378419,-0.19292950630187989,0.98033207654953,-0.04156006872653961,-0.2519131004810333,-0.00855148583650589,0.9677121639251709],"EasingStyle":"Linear","EasingDirection":"In"},"HumanoidRootPart":{"Weight":0,"CFrame":[0,0,0,1,0,0,0,1,0,0,0,1],"EasingStyle":"Linear","EasingDirection":"In"},"Left Arm":{"Weight":1,"CFrame":[-0.17477521300315858,-0.7253880500793457,0.13569092750549317,0.7729853391647339,0.4759823977947235,0.4194451570510864,-0.6307668089866638,0.6474825143814087,0.42766785621643069,-0.0680210217833519,-0.5951530933380127,0.800728440284729],"EasingStyle":"Linear","EasingDirection":"In"}}},{"Time":0.5666666626930237,"poses":{"Left Leg":{"Weight":1,"CFrame":[-0.48644667863845827,0.43880903720855715,0.15415382385253907,0.8637746572494507,-0.32460343837738039,0.3853907287120819,0.2471315711736679,0.9394552707672119,0.23738108575344087,-0.4391120970249176,-0.1098015308380127,0.8916974663734436],"EasingStyle":"Linear","EasingDirection":"In"},"Right Arm":{"Weight":1,"CFrame":[0.32810235023498537,-0.2886383533477783,-0.02900475263595581,-0.16616550087928773,-0.8663800954818726,0.47092971205711367,0.9859815835952759,-0.15331175923347474,0.06584811210632324,0.015149606391787529,0.4752696454524994,0.8797097206115723],"EasingStyle":"Linear","EasingDirection":"In"},"Head":{"Weight":1,"CFrame":[2.0954757928848267e-7,-3.725290298461914e-9,-1.1920928955078126e-7,0.9879835247993469,-0.028586767613887788,0.15189269185066224,0.03402849659323692,0.9988644123077393,-0.03334778919816017,-0.15076689422130586,0.03811575844883919,0.9878343343734741],"EasingStyle":"Linear","EasingDirection":"In"},"Right Leg":{"Weight":1,"CFrame":[0.1784045249223709,-0.23768818378448487,0.048809170722961429,0.8724607229232788,0.34790700674057009,-0.34318068623542788,-0.4598773121833801,0.8220593929290772,-0.3357548415660858,0.16530349850654603,0.4507538974285126,0.8772090673446655],"EasingStyle":"Linear","EasingDirection":"In"},"Torso":{"Weight":1,"CFrame":[0.48786839842796328,0.1285276859998703,-0.26778578758239748,0.9505622982978821,0.17656446993350984,0.2554531693458557,-0.16609805822372437,0.9841481447219849,-0.06216028332710266,-0.2623790502548218,0.016656946390867235,0.9648211002349854],"EasingStyle":"Linear","EasingDirection":"In"},"HumanoidRootPart":{"Weight":0,"CFrame":[0,0,0,1,0,0,0,1,0,0,0,1],"EasingStyle":"Linear","EasingDirection":"In"},"Left Arm":{"Weight":1,"CFrame":[-0.19494490325450898,-0.7183696031570435,0.16403114795684815,0.8006554841995239,0.5974117517471314,0.045278485864400867,-0.5754155516624451,0.7457212805747986,0.33585232496261599,0.16687701642513276,-0.2949559688568115,0.9408257007598877],"EasingStyle":"Linear","EasingDirection":"In"}}},{"Time":0.6000000238418579,"poses":{"Left Leg":{"Weight":1,"CFrame":[-0.5070886015892029,0.5089898109436035,0.17362964153289796,0.8891280889511108,-0.2605692148208618,0.3762381076812744,0.22067514061927796,0.964306116104126,0.14634336531162263,-0.40094122290611269,-0.04709159582853317,0.9148926734924316],"EasingStyle":"Linear","EasingDirection":"In"},"Right Arm":{"Weight":1,"CFrame":[0.32813918590545657,-0.2919112741947174,-0.026423990726470948,-0.20669271051883698,-0.6405321955680847,0.7395923733711243,0.9751772284507752,-0.19622841477394105,0.10258546471595764,0.0794198140501976,0.7424372434616089,0.6651912331581116],"EasingStyle":"Linear","EasingDirection":"In"},"Head":{"Weight":1,"CFrame":[1.7043203115463258e-7,2.2351741790771486e-8,1.1920928955078126e-7,0.9915439486503601,-0.0378575399518013,0.12412726134061814,0.028469346463680269,0.9966589212417603,0.07655414938926697,-0.12661074101924897,-0.07237297296524048,0.9893088340759277],"EasingStyle":"Linear","EasingDirection":"In"},"Right Leg":{"Weight":1,"CFrame":[0.13316857814788819,-0.2561972141265869,0.04691874980926514,0.802168607711792,0.45277971029281618,-0.3892507553100586,-0.5717059969902039,0.7705031037330627,-0.2819172739982605,0.1722724884748459,0.44868218898773196,0.8769301772117615],"EasingStyle":"Linear","EasingDirection":"In"},"Torso":{"Weight":1,"CFrame":[0.5306501388549805,0.08796516060829163,-0.35579633712768557,0.9601168036460877,0.14742830395698548,0.23757241666316987,-0.12276872247457504,0.9856883883476257,-0.11552700400352478,-0.251204252243042,0.0817529484629631,0.9644755125045776],"EasingStyle":"Linear","EasingDirection":"In"},"HumanoidRootPart":{"Weight":0,"CFrame":[0,0,0,1,0,0,0,1,0,0,0,1],"EasingStyle":"Linear","EasingDirection":"In"},"Left Arm":{"Weight":1,"CFrame":[-0.2143549770116806,-0.6992573738098145,0.1940072774887085,0.7019332051277161,0.6022756695747376,-0.3802025020122528,-0.5789633989334106,0.7933999300003052,0.18793101608753205,0.4148387908935547,0.08820810168981552,0.9056092500686646],"EasingStyle":"Linear","EasingDirection":"In"}}},{"Time":0.6333333253860474,"poses":{"Left Leg":{"Weight":1,"CFrame":[-0.5029488801956177,0.5884189009666443,0.19958901405334474,0.9264261722564697,-0.16449309885501862,0.3386395275592804,0.1674179583787918,0.9856671094894409,0.02077452279627323,-0.33720314502716067,0.03744829073548317,0.9406867623329163],"EasingStyle":"Linear","EasingDirection":"In"},"Right Arm":{"Weight":1,"CFrame":[0.3281627297401428,-0.2945912480354309,-0.01913505792617798,-0.21167606115341187,-0.378598690032959,0.9010307192802429,0.967394232749939,-0.21235227584838868,0.13803954422473908,0.1390744149684906,0.9008715152740479,0.4112040102481842],"EasingStyle":"Linear","EasingDirection":"In"},"Head":{"Weight":1,"CFrame":[1.0803341865539551e-7,3.725290298461914e-8,-2.384185791015625e-7,0.994880735874176,-0.044184423983097079,0.09088470041751862,0.024996720254421235,0.9790003299713135,0.20232020318508