{"Sequence":[{"Time":0,"poses":{"Left Leg":{"Weight":1,"CFrame":[-0.5935304760932922,0.06729227304458618,-0.07892531156539917,0.9799275398254395,0.16444365680217744,-0.1126961037516594,-0.17005440592765809,0.9845365881919861,-0.042061712592840198,0.10403662919998169,0.06038190424442291,0.9927389025688171],"EasingStyle":"Constant","EasingDirection":"In"},"Right Arm":{"Weight":1,"CFrame":[0.4343535602092743,-0.6937386393547058,0.17693686485290528,-0.6200536489486694,-0.6873377561569214,0.37828612327575686,0.7842079997062683,-0.528541088104248,0.3250574767589569,-0.023484498262405397,0.4982079565525055,0.8667393922805786],"EasingStyle":"Constant","EasingDirection":"In"},"Head":{"Weight":1,"CFrame":[6.798654794692993e-8,-6.868503987789154e-8,1.1920928955078126e-7,0.971062183380127,0.2386506199836731,-0.009173196740448475,-0.23870833218097688,0.9686539769172669,-0.06875959783792496,-0.0075238728895783428,0.0689595565199852,0.9975911378860474],"EasingStyle":"Constant","EasingDirection":"In"},"Right Leg":{"Weight":1,"CFrame":[0.05619609355926514,-0.23331749439239503,0.09125351905822754,0.5873839259147644,0.7352476119995117,-0.33821749687194826,-0.758735179901123,0.6456997990608215,0.08598151803016663,0.28160473704338076,0.2061132788658142,0.9371318817138672],"EasingStyle":"Constant","EasingDirection":"In"},"Torso":{"Weight":1,"CFrame":[-0.00615525059401989,0.13035334646701814,-0.227203369140625,0.9701297879219055,-0.24246446788311006,-0.007694147992879152,0.24149610102176667,0.9622792601585388,0.12529250979423524,-0.02297505922615528,-0.12340810149908066,0.9920899868011475],"EasingStyle":"Constant","EasingDirection":"In"},"HumanoidRootPart":{"Weight":0,"CFrame":[0,0,0,1,0,0,0,1,0,0,0,1],"EasingStyle":"Linear","EasingDirection":"In"},"Left Arm":{"Weight":1,"CFrame":[0.4819592833518982,-0.06844267249107361,0.08481836318969727,0.8722778558731079,0.32491645216941836,-0.3654595911502838,-0.26150771975517275,0.9414429068565369,0.21283558011054994,0.4132131338119507,-0.0900813564658165,0.9061679244041443],"EasingStyle":"Constant","EasingDirection":"In"}}},{"Time":0.03333333507180214,"poses":{"Left Leg":{"Weight":1,"CFrame":[-0.5935304760932922,0.06729227304458618,-0.07892531156539917,0.9799275398254395,0.16444365680217744,-0.1126961037516594,-0.17005440592765809,0.9845365881919861,-0.042061712592840198,0.10403662919998169,0.06038190424442291,0.9927389025688171],"EasingStyle":"Constant","EasingDirection":"In"},"Right Arm":{"Weight":1,"CFrame":[0.4343535602092743,-0.6937386393547058,0.17693686485290528,-0.6200536489486694,-0.6873377561569214,0.37828612327575686,0.7842079997062683,-0.528541088104248,0.3250574767589569,-0.023484498262405397,0.4982079565525055,0.8667393922805786],"EasingStyle":"Constant","EasingDirection":"In"},"Head":{"Weight":1,"CFrame":[6.798654794692993e-8,-6.868503987789154e-8,1.1920928955078126e-7,0.971062183380127,0.2386506199836731,-0.009173196740448475,-0.23870833218097688,0.9686539769172669,-0.06875959783792496,-0.0075238728895783428,0.0689595565199852,0.9975911378860474],"EasingStyle":"Constant","EasingDirection":"In"},"Right Leg":{"Weight":1,"CFrame":[0.05619609355926514,-0.23331749439239503,0.09125351905822754,0.5873839259147644,0.7352476119995117,-0.33821749687194826,-0.758735179901123,0.6456997990608215,0.08598151803016663,0.28160473704338076,0.2061132788658142,0.9371318817138672],"EasingStyle":"Constant","EasingDirection":"In"},"Torso":{"Weight":1,"CFrame":[-0.00615525059401989,0.13035334646701814,-0.227203369140625,0.9701297879219055,-0.24246446788311006,-0.007694147992879152,0.24149610102176667,0.9622792601585388,0.12529250979423524,-0.02297505922615528,-0.12340810149908066,0.9920899868011475],"EasingStyle":"Constant","EasingDirection":"In"},"HumanoidRootPart":{"Weight":0,"CFrame":[0,0,0,1,0,0,0,1,0,0,0,1],"EasingStyle":"Linear","EasingDirection":"In"},"Left Arm":{"Weight":1,"CFrame":[0.4819592833518982,-0.06844267249107361,0.08481836318969727,0.8722778558731079,0.32491645216941836,-0.3654595911502838,-0.26150771975517275,0.9414429068565369,0.21283558011054994,0.4132131338119507,-0.0900813564658165,0.9061679244041443],"EasingStyle":"Constant","EasingDirection":"In"}}},{"Time":0.06666667014360428,"poses":{"Left Leg":{"Weight":1,"CFrame":[-0.5935304760932922,0.06729227304458618,-0.07892531156539917,0.9799275398254395,0.16444365680217744,-0.1126961037516594,-0.17005440592765809,0.9845365881919861,-0.042061712592840198,0.10403662919998169,0.06038190424442291,0.9927389025688171],"EasingStyle":"Constant","EasingDirection":"In"},"Right Arm":{"Weight":1,"CFrame":[0.4343535602092743,-0.6937386393547058,0.17693686485290528,-0.6200536489486694,-0.6873377561569214,0.37828612327575686,0.7842079997062683,-0.528541088104248,0.3250574767589569,-0.023484498262405397,0.4982079565525055,0.8667393922805786],"EasingStyle":"Constant","EasingDirection":"In"},"Head":{"Weight":1,"CFrame":[6.798654794692993e-8,-6.868503987789154e-8,1.1920928955078126e-7,0.971062183380127,0.2386506199836731,-0.009173196740448475,-0.23870833218097688,0.9686539769172669,-0.06875959783792496,-0.0075238728895783428,0.0689595565199852,0.9975911378860474],"EasingStyle":"Constant","EasingDirection":"In"},"Right Leg":{"Weight":1,"CFrame":[0.05619609355926514,-0.23331749439239503,0.09125351905822754,0.5873839259147644,0.7352476119995117,-0.33821749687194826,-0.758735179901123,0.6456997990608215,0.08598151803016663,0.28160473704338076,0.2061132788658142,0.9371318817138672],"EasingStyle":"Constant","EasingDirection":"In"},"Torso":{"Weight":1,"CFrame":[-0.00615525059401989,0.13035334646701814,-0.227203369140625,0.9701297879219055,-0.24246446788311006,-0.007694147992879152,0.24149610102176667,0.9622792601585388,0.12529250979423524,-0.02297505922615528,-0.12340810149908066,0.9920899868011475],"EasingStyle":"Constant","EasingDirection":"In"},"HumanoidRootPart":{"Weight":0,"CFrame":[0,0,0,1,0,0,0,1,0,0,0,1],"EasingStyle":"Linear","EasingDirection":"In"},"Left Arm":{"Weight":1,"CFrame":[0.4819592833518982,-0.06844267249107361,0.08481836318969727,0.8722778558731079,0.32491645216941836,-0.3654595911502838,-0.26150771975517275,0.9414429068565369,0.21283558011054994,0.4132131338119507,-0.0900813564658165,0.9061679244041443],"EasingStyle":"Constant","EasingDirection":"In"}}},{"Time":0.10000000149011612,"poses":{"Left Leg":{"Weight":1,"CFrame":[-0.5342969298362732,0.03986614942550659,-0.07293760776519776,0.9716004133224487,0.20998947322368623,-0.10907399654388428,-0.21517732739448548,0.9758328795433044,-0.03806379809975624,0.09844494611024857,0.06045304983854294,0.9933046698570252],"EasingStyle":"Constant","EasingDirection":"In"},"Right Arm":{"Weight":1,"CFrame":[0.44658681750297549,-0.572258472442627,0.14732098579406739,-0.6622958183288574,-0.6527016758918762,0.36789262294769289,0.7407161593437195,-0.4965260624885559,0.45254993438720705,-0.11271178722381592,0.5722259283065796,0.8123136758804321],"EasingStyle":"Constant","EasingDirection":"In"},"Head":{"Weight":1,"CFrame":[8.987262845039368e-8,-1.955777406692505e-8,0,0.9732223749160767,0.2298305630683899,-0.004009122494608164,-0.2298021912574768,0.9723964333534241,-0.040449585765600207,-0.005398094654083252,0.040287747979164126,0.999173641204834],"EasingStyle":"Constant","EasingDirection":"In"},"Right Leg":{"Weight":1,"CFrame":[-0.043588414788246158,-0.17878878116607667,0.048340559005737308,0.6652369499206543,0.6663152575492859,-0.3368735611438751,-0.6857038140296936,0.7237489223480225,0.07744572311639786,0.29541513323783877,0.17947565019130708,0.9383594989776611],"EasingStyle":"Constant","EasingDirection":"In"},"Torso":{"Weight":1,"CFrame":[-0.0028949882835149767,0.06852573156356812,-0.17908930778503419,0.9711546301841736,-0.23842322826385499,-0.003618820570409298,0.2377382218837738,0.9669690132141113,0.0919320210814476,-0.01841944456100464,-0.09014054387807846,0.9957587122917175],"EasingStyle":"Constant","EasingDirection":"In"},"HumanoidRootPart":{"Weight":0,"CFrame":[0,0,0,1,0,0,0,1,0,0,0,1],"EasingStyle":"Linear","EasingDirection":"In"},"Left Arm":{"Weight":1,"CFrame":[0.42904937267303469,-0.021623939275741578,0.07377171516418457,0.8874496221542358,0.26168254017829897,-0.379414826631546,-0.19711241126060487,0.9595987796783447,0.20079046487808228,0.4166293144226074,-0.10340405255556107,0.9031764268875122],"EasingStyle":"Constant","EasingDirection":"In"}}},{"Time":0.13333334028720857,"poses":{"Left Leg":{"Weight":1,"CFrame":[-0.5342969298362732,0.03986614942550659,-0.07293760776519776,0.9716004133224487,0.20998947322368623,-0.10907399654388428,-0.21517732739448548,0.9758328795433044,-0.03806379809975624,0.09844494611024857,0.06045304983854294,0.9933046698570252],"EasingStyle":"Constant","EasingDirection":"In"},"Right Arm":{"Weight":1,"CFrame":[0.44658681750297549,-0.572258472442627,0.14732098579406739,-0.6622958183288574,-0.6527016758918762,0.36789262294769289,0.7407161593437195,-0.4965260624885559,0.45254993438720705,-0.11271178722381592,0.5722259283065796,0.8123136758804321],"EasingStyle":"Constant","EasingDirection":"In"},"Head":{"Weight":1,"CFrame":[8.987262845039368e-8,-1.955777406692505e-8,0,0.9732223749160767,0.2298305630683899,-0.004009122494608164,-0.2298021912574768,0.9723964333534241,-0.040449585765600207,-0.005398094654083252,0.040287747979164126,0.999173641204834],"EasingStyle":"Constant","EasingDirection":"In"},"Right Leg":{"Weight":1,"CFrame":[-0.043588414788246158,-0.17878878116607667,0.048340559005737308,0.6652369499206543,0.6663152575492859,-0.3368735611438751,-0.6857038140296936,0.7237489223480225,0.07744572311639786,0.29541513323783877,0.17947565019130708,0.9383594989776611],"EasingStyle":"Constant","EasingDirection":"In"},"Torso":{"Weight":1,"CFrame":[-0.0028949882835149767,0.06852573156356812,-0.17908930778503419,0.9711546301841736,-0.23842322826385499,-0.003618820570409298,0.2377382218837738,0.9669690132141113,0.0919320210814476,-0.01841944456100464,-0.09014054387807846,0.9957587122917175],"EasingStyle":"Constant","EasingDirection":"In"},"HumanoidRootPart":{"Weight":0,"CFrame":[0,0,0,1,0,0,0,1,0,0,0,1],"EasingStyle":"Linear","EasingDirection":"In"},"Left Arm":{"Weight":1,"CFrame":[0.42904937267303469,-0.021623939275741578,0.07377171516418457,0.8874496221542358,0.26168254017829897,-0.379414826631546,-0.19711241126060487,0.9595987796783447,0.20079046487808228,0.4166293144226074,-0.10340405255556107,0.9031764268875122],"EasingStyle":"Constant","EasingDirection":"In"}}},{"Time":0.1666666716337204,"poses":{"Left Leg":{"Weight":1,"CFrame":[-0.5342969298362732,0.03986614942550659,-0.07293760776519776,0.9716004133224487,0.20998947322368623,-0.10907399654388428,-0.21517732739448548,0.9758328795433044,-0.03806379809975624,0.09844494611024857,0.06045304983854294,0.9933046698570252],"EasingStyle":"Constant","EasingDirection":"In"},"Right Arm":{"Weight":1,"CFrame":[0.44658681750297549,-0.572258472442627,0.14732098579406739,-0.6622958183288574,-0.6527016758918762,0.36789262294769289,0.7407161593437195,-0.4965260624885559,0.45254993438720705,-0.11271178722381592,0.5722259283065796,0.8123136758804321],"EasingStyle":"Constant","EasingDirection":"In"},"Head":{"Weight":1,"CFrame":[8.987262845039368e-8,-1.955777406692505e-8,0,0.9732223749160767,0.2298305630683899,-0.004009122494608164,-0.2298021912574768,0.9723964333534241,-0.040449585765600207,-0.005398094654083252,0.040287747979164126,0.999173641204834],"EasingStyle":"Constant","EasingDirection":"In"},"Right Leg":{"Weight":1,"CFrame":[-0.043588414788246158,-0.17878878116607667,0.048340559005737308,0.6652369499206543,0.6663152575492859,-0.3368735611438751,-0.6857038140296936,0.7237489223480225,0.07744572311639786,0.29541513323783877,0.17947565019130708,0.9383594989776611],"EasingStyle":"Constant","EasingDirection":"In"},"Torso":{"Weight":1,"CFrame":[-0.0028949882835149767,0.06852573156356812,-0.17908930778503419,0.9711546301841736,-0.23842322826385499,-0.003618820570409298,0.2377382218837738,0.9669690132141113,0.0919320210814476,-0.01841944456100464,-0.09014054387807846,0.9957587122917175],"EasingStyle":"Constant","EasingDirection":"In"},"HumanoidRootPart":{"Weight":0,"CFrame":[0,0,0,1,0,0,0,1,0,0,0,1],"EasingStyle":"Linear","EasingDirection":"In"},"Left Arm":{"Weight":1,"CFrame":[0.42904937267303469,-0.021623939275741578,0.07377171516418457,0.8874496221542358,0.26168254017829897,-0.379414826631546,-0.19711241126060487,0.9595987796783447,0.20079046487808228,0.4166293144226074,-0.10340405255556107,0.9031764268875122],"EasingStyle":"Constant","EasingDirection":"In"}}},{"Time":0.20000000298023225,"poses":{"Left Leg":{"Weight":1,"CFrame":[-0.4533747434616089,0.008964955806732178,-0.06102406978607178,0.9628399610519409,0.25783535838127139,-0.08037523925304413,-0.2610557973384857,0.9647815227508545,-0.032350972294807437,0.06920329481363297,0.052131276577711108,0.9962396025657654],"EasingStyle":"Constant","EasingDirection":"In"},"Right Arm":{"Weight":1,"CFrame":[0.3988921642303467,-0.6088895797729492,0.1403125524520874,-0.7142941951751709,-0.6221629977226257,0.3204641342163086,0.6752310991287231,-0.49229925870895388,0.5492764115333557,-0.18397505581378938,0.6087321043014526,0.7717500925064087],"EasingStyle":"Constant","EasingDirection":"In"},"Head":{"Weight":1,"CFrame":[8.416827768087387e-8,5.617039278149605e-9,0,0.983709454536438,0.1797546148300171,-0.0020579828415066005,-0.17976316809654237,0.9835586547851563,-0.017255770042538644,-0.0010776574490591884,0.017344610765576364,0.9998490214347839],"EasingStyle":"Constant","EasingDirection":"In"},"Right Leg":{"Weight":1,"CFrame":[-0.18956613540649415,-0.09087133407592774,-0.015000462532043457,0.7701987028121948,0.5561655163764954,-0.3122084140777588,-0.5654157996177673,0.8218923211097717,0.06926677376031876,0.2951256334781647,0.1231783851981163,0.9474851489067078],"EasingStyle":"Constant","EasingDirection":"In"},"Torso":{"Weight":1,"CFrame":[-0.0002892925404012203,0.005900457501411438,-0.13184428215026856,0.9776045680046082,-0.21044999361038209,-0.0003617012407630682,0.2101212739944458,0.9759786128997803,0.05757446214556694,-0.011763532646000386,-0.05636105686426163,0.9983411431312561],"EasingStyle":"Constant","EasingDirection":"In"},"HumanoidRootPart":{"Weight":0,"CFrame":[0,0,0,1,0,0,0,1,0,0,0,1],"EasingStyle":"Linear","EasingDirection":"In"},"Left Arm":{"Weight":1,"CFrame":[0.4404769837856293,-0.08635303378105164,0.039780259132385257,0.9377520680427551,0.2694163918495178,-0.21917115151882173,-0.24782343208789826,0.9611936807632446,0.12120383232831955,0.24332021176815034,-0.05934349074959755,0.9681289792060852],"EasingStyle":"Constant","EasingDirection":"In"}}},{"Time":0.23333333432674409,"poses":{"Left Leg":{"Weight":1,"CFrame":[-0.4533747434616089,0.008964955806732178,-0.06102406978607178,0.9628399610519409,0.25783535838127139,-0.08037523925304413,-0.2610557973384857,0.9647815227508545,-0.032350972294807437,0.06920329481363297,0.052131276577711108,0.9962396025657654],"EasingStyle":"Constant","EasingDirection":"In"},"Right Arm":{"Weight":1,"CFrame":[0.3988921642303467,-0.6088895797729492,0.1403125524520874,-0.7142941951751709,-0.6221629977226257,0.3204641342163086,0.6752310991287231,-0.49229925870895388,0.5492764115333557,-0.18397505581378938,0.6087321043014526,0.7717500925064087],"EasingStyle":"Constant","EasingDirection":"In"},"Head":{"Weight":1,"CFrame":[8.416827768087387e-8,5.617039278149605e-9,0,0.983709454536438,0.1797546148300171,-0.0020579828415066005,-0.17976316809654237,0.9835586547851563,-0.017255770042538644,-0.0010776574490591884,0.017344610765576364,0.9998490214347839],"EasingStyle":"Constant","EasingDirection":"In"},"Right Leg":{"Weight":1,"CFrame":[-0.18956613540649415,-0.09087133407592774,-0.015000462532043457,0.7701987028121948,0.5561655163764954,-0.3122084140777588,-0.5654157996177673,0.8218923211097717,0.06926677376031876,0.2951256334781647,0.1231783851981163,0.9474851489067078],"EasingStyle":"Constant","EasingDirection":"In"},"Torso":{"Weight":1,"CFrame":[-0.0002892925404012203,0.005900457501411438,-0.13184428215026856,0.9776045680046082,-0.21044999361038209,-0.0003617012407630682,0.2101212739944458,0.9759786128997803,0.05757446214556694,-0.011763532646000386,-0.05636105686426163,0.9983411431312561],"EasingStyle":"Constant","EasingDirection":"In"},"HumanoidRootPart":{"Weight":0,"CFrame":[0,0,0,1,0,0,0,1,0,0,0,1],"EasingStyle":"Linear","EasingDirection":"In"},"Left Arm":{"Weight":1,"CFrame":[0.4404769837856293,-0.08635303378105164,0.039780259132385257,0.9377520680427551,0.2694163918495178,-0.21917115151882173,-0.24782343208789826,0.9611936807632446,0.12120383232831955,0.24332021176815034,-0.05934349074959755,0.9681289792060852],"EasingStyle":"Constant","EasingDirection":"In"}}},{"Time":0.2666666805744171,"poses":{"Left Leg":{"Weight":1,"CFrame":[-0.4533747434616089,0.008964955806732178,-0.06102406978607178,0.9628399610519409,0.25783535838127139,-0.08037523925304413,-0.2610557973384857,0.9647815227508545,-0.032350972294807437,0.06920329481363297,0.052131276577711108,0.9962396025657654],"EasingStyle":"Constant","EasingDirection":"In"},"Right Arm":{"Weight":1,"CFrame":[0.3988921642303467,-0.6088895797729492,0.1403125524520874,-0.7142941951751709,-0.6221629977226257,0.3204641342163086,0.6752310991287231,-0.49229925870895388,0.5492764115333557,-0.18397505581378938,0.6087321043014526,0.7717500925064087],"EasingStyle":"Constant","EasingDirection":"In"},"Head":{"Weight":1,"CFrame":[8.416827768087387e-8,5.617039278149605e-9,0,0.983709454536438,0.1797546148300171,-0.0020579828415066005,-0.17976316809654237,0.9835586547851563,-0.017255770042538644,-0.0010776574490591884,0.017344610765576364,0.9998490214347839],"EasingStyle":"Constant","EasingDirection":"In"},"Right Leg":{"Weight":1,"CFrame":[-0.18956613540649415,-0.09087133407592774,-0.015000462532043457,0.7701987028121948,0.5561655163764954,-0.3122084140777588,-0.5654157996177673,0.8218923211097717,0.06926677376031876,0.2951256334781647,0.1231783851981163,0.9474851489067078],"EasingStyle":"Constant","EasingDirection":"In"},"Torso":{"Weight":1,"CFrame":[-0.0002892925404012203,0.005900457501411438,-0.13184428215026856,0.9776045680046082,-0.21044999361038209,-0.0003617012407630682,0.2101212739944458,0.9759786128997803,0.05757446214556694,-0.011763532646000386,-0.05636105686426163,0.9983411431312561],"EasingStyle":"Constant","EasingDirection":"In"},"HumanoidRootPart":{"Weight":0,"CFrame":[0,0,0,1,0,0,0,1,0,0,0,1],"EasingStyle":"Linear","EasingDirection":"In"},"Left Arm":{"Weight":1,"CFrame":[0.4404769837856293,-0.08635303378105164,0.039780259132385257,0.9377520680427551,0.2694163918495178,-0.21917115151882173,-0.24782343208789826,0.9611936807632446,0.12120383232831955,0.24332021176815034,-0.05934349074959755,0.9681289792060852],"EasingStyle":"Constant","EasingDirection":"In"}}},{"Time":0.30000001192092898,"poses":{"Left Leg":{"Weight":1,"CFrame":[-0.5596528053283691,0.2510613799095154,0.004140257835388184,0.9690985679626465,0.22001582384109498,0.11153967678546906,-0.21954958140850068,0.9754601120948792,-0.016599323600530626,-0.11245466023683548,-0.008402098901569844,0.9936214089393616],"EasingStyle":"Constant","EasingDirection":"In"},"Right Arm":{"Weight":1,"CFrame":[0.41857919096946719,-0.8551574945449829,0.04556560516357422,-0.7284535765647888,-0.6155977249145508,0.300657719373703,0.6773400902748108,-0.5813030004501343,0.4508850574493408,-0.10279060900211334,0.5320963263511658,0.8404210209846497],"EasingStyle":"Constant","EasingDirection":"In"},"Head":{"Weight":1,"CFrame":[8.312053978443146e-8,-3.0442606657743457e-8,-1.7881393432617188e-7,0.999979555606842,0.0015962395118549467,-0.006191082298755646,-0.001619373681023717,0.999991774559021,-0.003733421675860882,0.0061850715428590778,0.0037433619145303966,0.9999739527702332],"EasingStyle":"Constant","EasingDirection":"In"},"Right Leg":{"Weight":1,"CFrame":[0.26313814520835879,-0.15246009826660157,0.034383535385131839,0.7849925756454468,0.6031023263931274,-0.1416134238243103,-0.6020388603210449,0.7965595126152039,0.055156271904706958,0.14606843888759614,0.041959553956985477,0.9883843064308167],"EasingStyle":"Constant","EasingDirection":"In"},"Torso":{"Weight":1,"CFrame":[0.012365033850073815,-0.1089232861995697,-0.2299337387084961,0.9997354745864868,-0.01956501603126526,0.012089486233890057,0.020384667441248895,0.997205376625061,-0.0718756839632988,-0.010649450123310089,0.0721031203866005,0.9973403215408325],"EasingStyle":"Constant","EasingDirection":"In"},"HumanoidRootPart":{"Weight":0,"CFrame":[0,0,0,1,0,0,0,1,0,0,0,1],"EasingStyle":"Linear","EasingDirection":"In"},"Left Arm":{"Weight":1,"CFrame":[0.2693336308002472,-0.09533223509788513,0.036539554595947269,0.9121140837669373,0.27726343274116518,0.301948606967926,-0.28087756037712099,0.9591993689537048,-0.03231831640005112,-0.29858964681625368,-0.05533270537853241,0.9527762532234192],"EasingStyle":"Constant","EasingDirection":"In"}}},{"Time":0.3333333432674408,"poses":{"Left Leg":{"Weight":1,"CFrame":[-0.5596528053283691,0.2510613799095154,0.004140257835388184,0.9690985679626465,0.22001582384109498,0.11153967678546906,-0.21954958140850068,0.9754601120948792,-0.016599323600530626,-0.11245466023683548,-0.008402098901569844,0.9936214089393616],"EasingStyle":"Constant","EasingDirection":"In"},"Right Arm":{"Weight":1,"CFrame":[0.41857919096946719,-0.8551574945449829,0.04556560516357422,-0.7284535765647888,-0.6155977249145508,0.300657719373703,0.6773400902748108,-0.5813030004501343,0.4508850574493408,-0.10279060900211334,0.5320963263511658,0.8404210209846497],"EasingStyle":"Constant","EasingDirection":"In"},"Head":{"Weight":1,"CFrame":[8.312053978443146e-8,-3.0442606657743457e-8,-1.7881393432617188e-7,0.999979555606842,0.0015962395118549467,-0.006191082298755646,-0.001619373681023717,0.999991774559021,-0.003733421675860882,0.0061850715428590778,0.0037433619145303966,0.9999739527702332],"EasingStyle":"Constant","EasingDirection":"In"},"Right Leg":{"Weight":1,"CFrame":[0.26313814520835879,-0.15246009826660157,0.034383535385131839,0.7849925756454468,0.6031023263931274,-0.1416134238243103,-0.6020388603210449,0.7965595126152039,0.055156271904706958,0.14606843888759614,0.041959553956985477,0.9883843064308167],"EasingStyle":"Constant","EasingDirection":"In"},"Torso":{"Weight":1,"CFrame":[0.012365033850073815,-0.1089232861995697,-0.2299337387084961,0.9997354745864868,-0.01956501603126526,0.012089486233890057,0.020384667441248895,0.997205376625061,-0.0718756839632988,-0.010649450123310089,0.0721031203866005,0.9973403215408325],"EasingStyle":"Constant","EasingDirection":"In"},"HumanoidRootPart":{"Weight":0,"CFrame":[0,0,0,1,0,0,0,1,0,0,0,1],"EasingStyle":"Linear","EasingDirection":"In"},"Left Arm":{"Weight":1,"CFrame":[0.2693336308002472,-0.09533223509788513,0.036539554595947269,0.9121140837669373,0.27726343274116518,0.301948606967926,-0.28087756037712099,0.9591993689537048,-0.03231831640005112,-0.29858964681625368,-0.05533270537853241,0.9527762532234192],"EasingStyle":"Constant","EasingDirection":"In"}}},{"Time":0.36666667461395266,"poses":{"Left Leg":{"Weight":1,"CFrame":[-0.3790644109249115,0.16056108474731446,0.027627110481262208,0.9466681480407715,0.23454627394676209,0.22092409431934358,-0.23754392564296723,0.971285879611969,-0.013290854170918465,-0.21769779920578004,-0.03989714756608009,0.9752004146575928],"EasingStyle":"Constant","EasingDirection":"In"},"Right Arm":{"Weight":1,"CFrame":[-0.2429949939250946,-0.03979334235191345,-0.04392582178115845,0.8178578019142151,-0.5495590567588806,0.17056779563426972,0.5222451686859131,0.8333744406700134,0.18096183240413667,-0.2415960431098938,-0.05892295762896538,0.9685863256454468],"EasingStyle":"Constant","EasingDirection":"In"},"Head":{"Weight":1,"CFrame":[7.916241884231568e-8,1.1757947504520417e-8,-1.1920928955078126e-7,0.9955006837844849,-0.09411966800689697,0.010952680371701718,0.09475356340408325,0.9882189631462097,-0.12018764019012451,0.0004883721121586859,0.12068469077348709,0.9926908612251282],"EasingStyle":"Constant","EasingDirection":"In"},"Right Leg":{"Weight":1,"CFrame":[0.3750894069671631,-0.10633325576782227,-0.0071378350257873539,0.8320984244346619,0.5528205633163452,-0.044740889221429828,-0.5492650270462036,0.832557737827301,0.07180240005254746,0.0769432783126831,-0.03517208620905876,0.9964148998260498],"EasingStyle":"Constant","EasingDirection":"In"},"Torso":{"Weight":1,"CFrame":[0.009018568322062493,-0.08467522263526917,-0.1714315414428711,0.9959759712219238,0.08951693028211594,0.0043145413510501389,-0.08921544253826142,0.9948948621749878,-0.04716762527823448,-0.008514815010130406,0.046592891216278079,0.998877763748169],"EasingStyle":"Constant","EasingDirection":"In"},"HumanoidRootPart":{"Weight":0,"CFrame":[0,0,0,1,0,0,0,1,0,0,0,1],"EasingStyle":"Linear","EasingDirection":"In"},"Left Arm":{"Weight":1,"CFrame":[0.20937983691692353,-0.06173741817474365,-0.021468698978424073,0.9749005436897278,0.19832928478717805,0.10116555541753769,-0.21170338988304139,0.9664505124092102,0.14544840157032014,-0.06892483681440354,-0.16321486234664918,0.9841800928115845],"EasingStyle":"Constant","EasingDirection":"In"}}},{"Time":0.4000000059604645,"poses":{"Left Leg":{"Weight":1,"CFrame":[-0.3790644109249115,0.16056108474731446,0.027627110481262208,0.9466681480407715,0.23454627394676209,0.22092409431934358,-0.23754392564296723,0.971285879611969,-0.013290854170918465,-0.21769779920578004,-0.03989714756608009,0.9752004146575928],"EasingStyle":"Constant","EasingDirection":"In"},"Right Arm":{"Weight":1,"CFrame":[-0.2429949939250946,-0.03979334235191345,-0.04392582178115845,0.8178578019142151,-0.5495590567588806,0.17056779563426972,0.5222451686859131,0.8333744406700134,0.18096183240413667,-0.2415960431098938,-0.05892295762896538,0.9685863256454468],"EasingStyle":"Constant","EasingDirection":"In"},"Head":{"Weight":1,"CFrame":[7.916241884231568e-8,1.1757947504520417e-8,-1.1920928955078126e-7,0.9955006837844849,-0.09411966800689697,0.010952680371701718,0.09475356340408325,0.9882189631462097,-0.12018764019012451,0.0004883721121586859,0.12068469077348709,0.9926908612251282],"EasingStyle":"Constant","EasingDirection":"In"},"Right Leg":{"Weight":1,"CFrame":[0.3750894069671631,-0.10633325576782227,-0.0071378350257873539,0.8320984244346619,0.5528205633163452,-0.044740889221429828,-0.5492650270462036,0.832557737827301,0.07180240005254746,0.0769432783126831,-0.03517208620905876,0.9964148998260498],"EasingStyle":"Constant","EasingDirection":"In"},"Torso":{"Weight":1,"CFrame":[0.009018568322062493,-0.08467522263526917,-0.1714315414428711,0.9959759712219238,0.08951693028211594,0.0043145413510501389,-0.08921544253826142,0.9948948621749878,-0.04716762527823448,-0.008514815010130406,0.046592891216278079,0.998877763748169],"EasingStyle":"Constant","EasingDirection":"In"},"HumanoidRootPart":{"Weight":0,"CFrame":[0,0,0,1,0,0,0,1,0,0,0,1],"EasingStyle":"Linear","EasingDirection":"In"},"Left Arm":{"Weight":1,"CFrame":[0.20937983691692353,-0.06173741817474365,-0.021468698978424073,0.9749005436897278,0.19832928478717805,0.10116555541753769,-0.21170338988304139,0.9664505124092102,0.14544840157032014,-0.06892483681440354,-0.16321486234664918,0.9841800928115845],"EasingStyle":"Constant","EasingDirection":"In"}}},{"Time":0.4333333373069763,"poses":{"Left Leg":{"Weight":1,"CFrame":[-0.3790644109249115,0.16056108474731446,0.027627110481262208,0.9466681480407715,0.23454627394676209,0.22092409431934358,-0.23754392564296723,0.971285879611969,-0.013290854170918465,-0.21769779920578004,-0.03989714756608009,0.9752004146575928],"EasingStyle":"Constant","EasingDirection":"In"},"Right Arm":{"Weight":1,"CFrame":[-0.2429949939250946,-0.03979334235191345,-0.04392582178115845,0.8178578019142151,-0.5495590567588806,0.17056779563426972,0.5222451686859131,0.8333744406700134,0.18096183240413667,-0.2415960431098938,-0.05892295762896538,0.9685863256454468],"EasingStyle":"Constant","EasingDirection":"In"},"Head":{"Weight":1,"CFrame":[7.916241884231568e-8,1.1757947504520417e-8,-1.1920928955078126e-7,0.9955006837844849,-0.09411966800689697,0.010952680371701718,0.09475356340408325,0.9882189631462097,-0.12018764019012451,0.0004883721121586859,0.12068469077348709,0.9926908612251282],"EasingStyle":"Constant","EasingDirection":"In"},"Right Leg":{"Weight":1,"CFrame":[0.3750894069671631,-0.10633325576782227,-0.0071378350257873539,0.8320984244346619,0.5528205633163452,-0.044740889221429828,-0.5492650270462036,0.832557737827301,0.07180240005254746,0.0769432783126831,-0.03517208620905876,0.9964148998260498],"EasingStyle":"Constant","EasingDirection":"In"},"Torso":{"Weight":1,"CFrame":[0.009018568322062493,-0.08467522263526917,-0.1714315414428711,0.9959759712219238,0.08951693028211594,0.0043145413510501389,-0.08921544253826142,0.9948948621749878,-0.04716762527823448,-0.008514815010130406,0.046592891216278079,0.998877763748169],"EasingStyle":"Constant","EasingDirection":"In"},"HumanoidRootPart":{"Weight":0,"CFrame":[0,0,0,1,0,0,0,1,0,0,0,1],"EasingStyle":"Linear","EasingDirection":"In"},"Left Arm":{"Weight":1,"CFrame":[0.20937983691692353,-0.06173741817474365,-0.021468698978424073,0.9749005436897278,0.19832928478717805,0.10116555541753769,-0.21170338988304139,0.9664505124092102,0.14544840157032014,-0.06892483681440354,-0.16321486234664918,0.9841800928115845],"EasingStyle":"Constant","EasingDirection":"In"}}},{"Time":0.46666666865348818,"poses":{"Left Leg":{"Weight":1,"CFrame":[-0.5048115849494934,0.19800853729248048,0.1373213529586792,0.9334189295768738,-0.18402814865112306,0.3079981803894043,0.19156001508235932,0.9814633727073669,0.005880310665816069,-0.30337104201316836,0.053511351346969607,0.9513688087463379],"EasingStyle":"Constant","EasingDirection":"In"},"Right Arm":{"Weight":1,"CFrame":[-0.3044591546058655,-0.05048826336860657,-0.015947937965393068,0.9455124139785767,-0.2563644051551819,0.20070743560791017,0.2328663468360901,0.9633116126060486,0.13343222439289094,-0.22755104303359986,-0.07942385971546173,0.9705217480659485],"EasingStyle":"Constant","EasingDirection":"In"},"Head":{"Weight":1,"CFrame":[8.847564458847046e-8,-1.909211277961731e-8,3.5762786865234377e-7,0.9830294251441956,-0.18344666063785554,-0.0007043574005365372,0.1828172504901886,0.9793240427970886,0.08661693334579468,-0.015199795365333557,-0.08527576923370362,0.9962414503097534],"EasingStyle":"Constant","EasingDirection":"In"},"Right Leg":{"Weight":1,"CFrame":[0.7113817930221558,0.5389665365219116,-0.08917897939682007,0.9977906346321106,0.05203329026699066,0.04130855202674866,-0.053802818059921268,0.9976276755332947,0.04294631630182266,-0.038975801318883899,-0.045073963701725009,0.998223066329956],"EasingStyle":"Constant","EasingDirection":"In"},"Torso":{"Weight":1,"CFrame":[0.0027965866029262544,-0.01112537831068039,-0.0653376579284668,0.9837183356285095,0.17949458956718446,-0.008941863663494587,-0.17925705015659333,0.9835426807403565,0.022603070363402368,0.012851833365857602,-0.020632164552807809,0.9997045397758484],"EasingStyle":"Constant","EasingDirection":"In"},"HumanoidRootPart":{"Weight":0,"CFrame":[0,0,0,1,0,0,0,1,0,0,0,1],"EasingStyle":"Linear","EasingDirection":"In"},"Left Arm":{"Weight":1,"CFrame":[0.12256823480129242,0.0017581582069396973,0.2527354955673218,0.7526378035545349,0.19937293231487275,-0.6275243759155273,0.12119855731725693,0.8948205709457398,0.42965906858444216,0.6471841335296631,-0.39943280816078188,0.6493121385574341],"EasingStyle":"Constant","EasingDirection":"In"}}},{"Time":0.5,"poses":{"Left Leg":{"Weight":1,"CFrame":[-0.5048115849494934,0.19800853729248048,0.1373213529586792,0.9334189295768738,-0.18402814865112306,0.3079981803894043,0.19156001508235932,0.9814633727073669,0.005880310665816069,-0.30337104201316836,0.053511351346969607,0.9513688087463379],"EasingStyle":"Constant","EasingDirection":"In"},"Right Arm":{"Weight":1,"CFrame":[-0.3044591546058655,-0.05048826336860657,-0.015947937965393068,0.9455124139785767,-0.2563644051551819,0.20070743560791017,0.2328663468360901,0.9633116126060486,0.13343222439289094,-0.22755104303359986,-0.07942385971546173,0.9705217480659485],"EasingStyle":"Constant","EasingDirection":"In"},"Head":{"Weight":1,"CFrame":[8.847564458847046e-8,-1.909211277961731e-8,3.5762786865234377e-7,0.9830294251441956,-0.18344666063785554,-0.0007043574005365372,0.1828172504901886,0.9793240427970886,0.08661693334579468,-0.015199795365333557,-0.08527576923370362,0.9962414503097534],"EasingStyle":"Constant","EasingDirection":"In"},"Right Leg":{"Weight":1,"CFrame":[0.7113817930221558,0.5389665365219116,-0.08917897939682007,0.9977906346321106,0.05203329026699066,0.04130855202674866,-0.053802818059921268,0.9976276755332947,0.04294631630182266,-0.038975801318883899,-0.045073963701725009,0.998223066329956],"EasingStyle":"Constant","EasingDirection":"In"},"Torso":{"Weight":1,"CFrame":[0.0027965866029262544,-0.01112537831068039,-0.0653376579284668,0.9837183356285095,0.17949458956718446,-0.008941863663494587,-0.17925705015659333,0.9835426807403565,0.022603070363402368,0.012851833365857602,-0.020632164552807809,0.9997045397758484],"EasingStyle":"Constant","EasingDirection":"In"},"HumanoidRootPart":{"Weight":0,"CFrame":[0,0,0,1,0,0,0,1,0,0,0,1],"EasingStyle":"Linear","EasingDirection":"In"},"Left Arm":{"Weight":1,"CFrame":[0.12256823480129242,0.0017581582069396973,0.2527354955673218,0.7526378035545349,0.19937293231487275,-0.6275243759155273,0.12119855731725693,0.8948205709457398,0.42965906858444216,0.6471841335296631,-0.39943280816078188,0.6493121385574341],"EasingStyle":"Constant","EasingDirection":"In"}}},{"Time":0.5333333611488342,"poses":{"Left Leg":{"Weight":1,"CFrame":[-0.5048115849494934,0.19800853729248048,0.1373213529586792,0.9334189295768738,-0.18402814865112306,0.3079981803894043,0.19156001508235932,0.9814633727073669,0.005880310665816069,-0.30337104201316836,0.053511351346969607,0.9513688087463379],"EasingStyle":"Constant","EasingDirection":"In"},"Right Arm":{"Weight":1,"CFrame":[-0.3044591546058655,-0.05048826336860657,-0.015947937965393068,0.9455124139785767,-0.2563644051551819,0.20070743560791017,0.2328663468360901,0.9633116126060486,0.13343222439289094,-0.22755104303359986,-0.07942385971546173,0.9705217480659485],"EasingStyle":"Constant","EasingDirection":"In"},"Head":{"Weight":1,"CFrame":[8.847564458847046e-8,-1.909211277961731e-8,3.5762786865234377e-7,0.9830294251441956,-0.18344666063785554,-0.0007043574005365372,0.1828172504901886,0.9793240427970886,0.08661693334579468,-0.015199795365333557,-0.08527576923370362,0.9962414503097534],"EasingStyle":"Constant","EasingDirection":"In"},"Right Leg":{"Weight":1,"CFrame":[0.7113817930221558,0.5389665365219116,-0.08917897939682007,0.9977906346321106,0.05203329026699066,0.04130855202674866,-0.053802818059921268,0.9976276755332947,0.04294631630182266,-0.038975801318883899,-0.045073963701725009,0.998223066329956],"EasingStyle":"Constant","EasingDirection":"In"},"Torso":{"Weight":1,"CFrame":[0.0027965866029262544,-0.01112537831068039,-0.0653376579284668,0.9837183356285095,0.17949458956718446,-0.008941863663494587,-0.17925705015659333,0.9835426807403565,0.022603070363402368,0.012851833365857602,-0.020632164552807809,0.9997045397758484],"EasingStyle":"Constant","EasingDirection":"In"},"HumanoidRootPart":{"Weight":0,"CFrame":[0,0,0,1,0,0,0,1,0,0,0,1],"EasingStyle":"Linear","EasingDirection":"In"},"Left Arm":{"Weight":1,"CFrame":[0.12256823480129242,0.0017581582069396973,0.2527354955673218,0.7526378035545349,0.19937293231487275,-0.6275243759155273,0.12119855731725693,0.8948205709457398,0.42965906858444216,0.6471841335296631,-0.39943280816078188,0.6493121385574341],"EasingStyle":"Constant","EasingDirection":"In"}}},{"Time":0.5666666626930237,"poses":{"Left Leg":{"Weight":1,"CFrame":[-0.22002041339874268,0.0479205846786499,0.10229635238647461,0.9179627895355225,-0.17544366419315339,0.35575810074806216,0.18960097432136537,0.981848418712616,-0.005024840123951435,-0.3484189212322235,0.07206472754478455,0.9345646500587463],"EasingStyle":"Constant","EasingDirection":"In"},"Right Arm":{"Weight":1,"CFrame":[-0.3190164268016815,-0.07035121321678162,0.03601062297821045,0.9643731117248535,-0.019502993673086168,0.2638262212276459,-0.01239734049886465,0.9928513765335083,0.11871175467967987,-0.26425543427467348,-0.11775331199169159,0.9572373628616333],"EasingStyle":"Constant","EasingDirection":"In"},"Head":{"Weight":1,"CFrame":[8.009374141693115e-8,-3.632158041000366e-8,1.1920928955078126e-7,0.9689281582832336,-0.24695833027362824,0.013775788247585297,0.24616703391075135,0.9682505130767822,0.043507277965545657,-0.024082889780402185,-0.03876426815986633,0.998958170413971],"EasingStyle":"Constant","EasingDirection":"In"},"Right Leg":{"Weight":1,"CFrame":[0.14397454261779786,0.5087169408798218,-0.04824858903884888,0.3368876278400421,-0.9349282383918762,0.11142726987600327,0.9402186870574951,0.3403279781341553,0.01287131942808628,-0.04995553195476532,0.10042978823184967,0.993689239025116],"EasingStyle":"Constant","EasingDirection":"In"},"Torso":{"Weight":1,"CFrame":[-0.0021445564925670625,0.03313419222831726,-0.1070702075958252,0.9715175032615662,0.23613665997982026,-0.019829675555229188,-0.23482468724250794,0.9705834984779358,0.053153038024902347,0.031797729432582858,-0.04698261618614197,0.998389482498169],"EasingStyle":"Constant","EasingDirection":"In"},"HumanoidRootPart":{"Weight":0,"CFrame":[0,0,0,1,0,0,0,1,0,0,0,1],"EasingStyle":"Linear","EasingDirection":"In"},"Left Arm":{"Weight":1,"CFrame":[-0.6023125052452087,-0.3133029341697693,0.10974204540252686,-0.7046151161193848,0.4014969766139984,-0.5850793719291687,-0.6700726747512817,-0.10516148805618286,0.734808623790741,0.23349562287330628,0.9098028540611267,0.3431303799152374],"EasingStyle":"Constant","EasingDirection":"In"}}},{"Time":0.6000000238418579,"poses":{"Left Leg":{"Weight":1,"CFrame":[-0.22002041339874268,0.0479205846786499,0.10229635238647461,0.9179627895355225,-0.17544366419315339,0.35575810074806216,0.18960097432136537,0.981848418712616,-0.005024840123951435,-0.3484189212322235,0.07206472754478455,0.9345646500587463],"EasingStyle":"Constant","EasingDirection":"In"},"Right Arm":{"Weight":1,"CFrame":[-0.3190164268016815,-0.07035121321678162,0.03601062297821045,0.9643731117248535,-0.019502993673086168,0.2638262212276459,-0.01239734049886465,0.9928513765335083,0.11871175467967987,-0.26425543427467348,-0.11775331199169159,0.9572373628616333],"EasingStyle":"Constant","EasingDirection":"In"},"Head":{"Weight":1,"CFrame":[8.009374141693115e-8,-3.632158041000366e-8,1.1920928955078126e-7,0.9689281582832336,-0.24695833027362824,0.013775788247585297,0.24616703391075135,0.9682505130767822,0.043507277965545657,-0.024082889780402185,-0.03876426815986633,0.998958170413971],"EasingStyle":"Constant","EasingDirection":"In"},"Right Leg":{"Weight":1,"CFrame":[0.14397454261779786,0.5087169408798218,-0.04824858903884888,0.3368876278400421,-0.9349282383918762,0.11142726987600327,0.9402186870574951,0.3403279781341553,0.01287131942808628,-0.04995553195476532,0.10042978823184967,0.993689239025116],"EasingStyle":"Constant","EasingDirection":"In"},"Torso":{"Weight":1,"CFrame":[-0.0021445564925670625,0.03313419222831726,-0.1070702075958252,0.9715175032615662,0.23613665997982026,-0.019829675555229188,-0.23482468724250794,0.9705834984779358,0.053153038024902347,0.031797729432582858,-0.04698261618614197,0.998389482498169],"EasingStyle":"Constant","EasingDirection":"In"},"HumanoidRootPart":{"Weight":0,"CFrame":[0,0,0,1,0,0,0,1,0,0,0,1],"EasingStyle":"Linear","EasingDirection":"In"},"Left Arm":{"Weight":1,"CFrame":[-0.6023125052452087,-0.3133029341697693,0.10974204540252686,-0.7046151161193848,0.4014969766139984,-0.5850793719291687,-0.6700726747512817,-0.10516148805618286,0.734808623790741,0.23349562287330628,0.9098028540611267,0.3431303799152374],"EasingStyle":"Constant","EasingDirection":"In"}}},{"Time":0.6333333253860474,"poses":{"Left Leg":{"Weight":1,"CFrame":[-0.22002041339874268,0.0479205846786499,0.10229635238647461,0.9179627895355225,-0.17544366419315339,0.35575810074806216,0.18960097432136537,0.981848418712616,-0.005024840123951435,-0.3484189212322235,0.07206472754478455,0.9345646500587463],"EasingStyle":"Constant","EasingDirecti