{"Sequence":[{"Time":0,"poses":{"Left Leg":{"Weight":1,"CFrame":[-0.6438856720924377,0.7728781700134277,0.1001884937286377,0.7713894844055176,0.5931243300437927,0.2305682748556137,-0.5855138301849365,0.8034461736679077,-0.10792570561170578,-0.24926257133483888,-0.051748163998126987,0.9670524001121521],"EasingStyle":"Linear","EasingDirection":"In"},"Right Arm":{"Weight":1,"CFrame":[0.5487456917762756,-0.5941070318222046,-0.20456558465957642,-0.7365347146987915,-0.488571435213089,0.4677763283252716,0.6670886874198914,-0.41033080220222475,0.6217888593673706,-0.11184521019458771,0.7700172066688538,0.628143310546875],"EasingStyle":"Linear","EasingDirection":"In"},"Head":{"Weight":1,"CFrame":[8.742278367890322e-8,0,-1.7881393432617188e-7,1,8.718080701797248e-10,5.9072874591947769e-8,4.295724309599791e-8,0.675714910030365,-0.7371630668640137,-4.0559093861247678e-8,0.7371630668640137,0.675714910030365],"EasingStyle":"Linear","EasingDirection":"In"},"Right Leg":{"Weight":1,"CFrame":[0.6438858509063721,0.7728785276412964,0.1001882553100586,0.7715328335762024,-0.5929380059242249,-0.23056787252426148,0.5853198170661926,0.8035874366760254,-0.10792506486177445,0.2492743730545044,-0.05168824642896652,0.9670526385307312],"EasingStyle":"Linear","EasingDirection":"In"},"Torso":{"Weight":1,"CFrame":[-7.585412976722755e-17,-0.729029655456543,-0.3845973014831543,1,-2.3811970538586429e-17,-8.742277657347586e-8,-5.62950006610663e-8,0.765076220035553,-0.643939733505249,6.68850859142367e-8,0.643939733505249,0.765076220035553],"EasingStyle":"Linear","EasingDirection":"In"},"HumanoidRootPart":{"Weight":1,"CFrame":[0,0,0,1,0,0,0,1,0,0,0,1],"EasingStyle":"Linear","EasingDirection":"In"},"Left Arm":{"Weight":1,"CFrame":[-0.6365877985954285,-0.5769715309143066,-0.15472769737243653,-0.7775977253913879,0.39923182129859927,-0.4857529103755951,-0.6263281106948853,-0.4239107072353363,0.654227077960968,0.05527244880795479,0.8129661083221436,0.5796819925308228],"EasingStyle":"Linear","EasingDirection":"In"}}},{"Time":0.0416666679084301,"poses":{"Left Leg":{"Weight":1,"CFrame":[-0.6444963216781616,0.772217869758606,0.10014224052429199,0.7720078825950623,0.5922650098800659,0.23070760071277619,-0.584693431854248,0.8040781021118164,-0.10766617953777313,-0.24927383661270142,-0.051774103194475177,0.9670481085777283],"EasingStyle":"Linear","EasingDirection":"In"},"Right Arm":{"Weight":1,"CFrame":[0.5487458109855652,-0.5941069722175598,-0.20456558465957642,-0.7352883219718933,-0.489093542098999,0.46918943524360659,0.6685640215873718,-0.4097995460033417,0.6205534338951111,-0.11123498529195786,0.7699687480926514,0.6283109784126282],"EasingStyle":"Linear","EasingDirection":"In"},"Head":{"Weight":1,"CFrame":[8.742277657347586e-8,-1.1920928955078126e-7,-1.1920928955078126e-7,1,8.67564686757305e-10,5.90775108832986e-8,4.2960607515851737e-8,0.6757679581642151,-0.737114429473877,-4.056219182757559e-8,0.737114429473877,0.6757679581642151],"EasingStyle":"Linear","EasingDirection":"In"},"Right Leg":{"Weight":1,"CFrame":[0.644496738910675,0.7722184658050537,0.10014200210571289,0.772150993347168,-0.592078685760498,-0.23070716857910157,0.5844994783401489,0.8042192459106445,-0.1076655387878418,0.24928566813468934,-0.051714200526475909,0.9670482277870178],"EasingStyle":"Linear","EasingDirection":"In"},"Torso":{"Weight":1,"CFrame":[-7.588017603035562e-17,-0.7283835411071777,-0.38405418395996096,1,-2.3763482865439795e-17,-8.742277657347586e-8,-5.6224397582127497e-8,0.7657552361488342,-0.6431321501731873,6.694445175980946e-8,0.6431321501731873,0.7657552361488342],"EasingStyle":"Linear","EasingDirection":"In"},"HumanoidRootPart":{"Weight":1,"CFrame":[0,0,0,1,0,0,0,1,0,0,0,1],"EasingStyle":"Linear","EasingDirection":"In"},"Left Arm":{"Weight":1,"CFrame":[-0.6366071701049805,-0.5770561099052429,-0.15472769737243653,-0.7761732339859009,0.40011554956436159,-0.48730146884918215,-0.628131091594696,-0.4234691858291626,0.6527827978134155,0.05483144149184227,0.8127616047859192,0.5800102949142456],"EasingStyle":"Linear","EasingDirection":"In"}}},{"Time":0.0833333358168602,"poses":{"Left Leg":{"Weight":1,"CFrame":[-0.6451060175895691,0.7715537548065186,0.10009551048278809,0.7726262807846069,0.5914036631584168,0.23084701597690583,-0.5838713049888611,0.8047102689743042,-0.10740575939416886,-0.24928516149520875,-0.05180041491985321,0.9670437574386597],"EasingStyle":"Linear","EasingDirection":"In"},"Right Arm":{"Weight":1,"CFrame":[0.5487457513809204,-0.5941069722175598,-0.20456558465957642,-0.7340725660324097,-0.48960059881210329,0.47056224942207339,0.6699970960617065,-0.4092817008495331,0.6193483471870422,-0.11064077168703079,0.7699218988418579,0.6284734010696411],"EasingStyle":"Linear","EasingDirection":"In"},"Head":{"Weight":1,"CFrame":[8.742277657347586e-8,0,0,1,8.621245939366418e-10,5.9083447467855879e-8,4.2964927615685158e-8,0.6758358478546143,-0.7370522022247315,-4.0566142445186418e-8,0.7370522022247315,0.6758358478546143],"EasingStyle":"Linear","EasingDirection":"In"},"Right Leg":{"Weight":1,"CFrame":[0.6451063752174377,0.7715545892715454,0.10009527206420899,0.7727691531181336,-0.5912172198295593,-0.23084665834903718,0.5836771130561829,0.8048510551452637,-0.10740513354539871,0.24929696321487428,-0.05174057558178902,0.9670439958572388],"EasingStyle":"Linear","EasingDirection":"In"},"Torso":{"Weight":1,"CFrame":[-7.590728108466775e-17,-0.7277352809906006,-0.38351011276245119,1,-2.371512423246872e-17,-8.742277657347586e-8,-5.6153545813231179e-8,0.7664351463317871,-0.6423217058181763,6.700388865965579e-8,0.6423217058181763,0.7664351463317871],"EasingStyle":"Linear","EasingDirection":"In"},"HumanoidRootPart":{"Weight":1,"CFrame":[0,0,0,1,0,0,0,1,0,0,0,1],"EasingStyle":"Linear","EasingDirection":"In"},"Left Arm":{"Weight":1,"CFrame":[-0.6366256475448608,-0.5771384835243225,-0.15472769737243653,-0.7747830748558044,0.400974303483963,-0.4888056814670563,-0.6298824548721314,-0.4230368733406067,0.6513740420341492,0.0544014610350132,0.8125635981559753,0.5803282260894775],"EasingStyle":"Linear","EasingDirection":"In"}}},{"Time":0.125,"poses":{"Left Leg":{"Weight":1,"CFrame":[-0.645714282989502,0.7708876132965088,0.10004830360412598,0.7732436656951904,0.5905417203903198,0.23098616302013398,-0.5830484628677368,0.8053411841392517,-0.10714508593082428,-0.24929635226726533,-0.0518268346786499,0.9670394659042358],"EasingStyle":"Linear","EasingDirection":"In"},"Right Arm":{"Weight":1,"CFrame":[0.5487455129623413,-0.5941066741943359,-0.20456558465957642,-0.7328900098800659,-0.4900917410850525,0.471892386674881,0.6713852882385254,-0.40877819061279299,0.6181765198707581,-0.110063835978508,0.7698769569396973,0.628629744052887],"EasingStyle":"Linear","EasingDirection":"In"},"Head":{"Weight":1,"CFrame":[8.742279078433057e-8,1.1920928955078126e-7,2.384185791015625e-7,1,8.553099339891901e-10,5.909086553401721e-8,4.2970324187763256e-8,0.6759207248687744,-0.73697429895401,-4.057109492805466e-8,0.73697429895401,0.6759207248687744],"EasingStyle":"Linear","EasingDirection":"In"},"Right Leg":{"Weight":1,"CFrame":[0.6457142233848572,0.770888090133667,0.10004818439483643,0.7733863592147827,-0.5903550982475281,-0.2309858202934265,0.582854151725769,0.8054818511009216,-0.10714437067508698,0.24930816888809205,-0.05176706984639168,0.9670396447181702],"EasingStyle":"Linear","EasingDirection":"In"},"Torso":{"Weight":1,"CFrame":[-7.593528611148635e-17,-0.7270855903625488,-0.3829665184020996,1,-2.3666960814122208e-17,-8.742277657347586e-8,-5.6082555488501387e-8,0.7671149373054504,-0.6415096521377564,6.706331845407476e-8,0.6415096521377564,0.7671149373054504],"EasingStyle":"Linear","EasingDirection":"In"},"HumanoidRootPart":{"Weight":1,"CFrame":[0,0,0,1,0,0,0,1,0,0,0,1],"EasingStyle":"Linear","EasingDirection":"In"},"Left Arm":{"Weight":1,"CFrame":[-0.6366434097290039,-0.5772179961204529,-0.15472769737243653,-0.7734304666519165,0.4018067717552185,-0.49026185274124148,-0.6315783858299255,-0.4226159453392029,0.6500036716461182,0.05398339405655861,0.8123712539672852,0.5806363821029663],"EasingStyle":"Linear","EasingDirection":"In"}}},{"Time":0.1666666716337204,"poses":{"Left Leg":{"Weight":1,"CFrame":[-0.6463202834129334,0.7702188491821289,0.10000097751617432,0.7738592624664307,0.5896806120872498,0.2311249077320099,-0.5822265148162842,0.805970311164856,-0.10688436776399613,-0.24930742383003236,-0.05185360461473465,0.9670352339744568],"EasingStyle":"Linear","EasingDirection":"In"},"Right Arm":{"Weight":1,"CFrame":[0.5487459301948547,-0.594106912612915,-0.20456558465957642,-0.7317434549331665,-0.4905660152435303,0.4731772840023041,0.6727259159088135,-0.4082900881767273,0.6170406341552734,-0.10950548201799393,0.7698339223861694,0.628779947757721],"EasingStyle":"Linear","EasingDirection":"In"},"Head":{"Weight":1,"CFrame":[8.742274815176643e-8,-2.384185791015625e-7,0,1,8.469962509138895e-10,5.909993916475287e-8,4.297690026078271e-8,0.6760243773460388,-0.7368794083595276,-4.057712388316759e-8,0.7368794083595276,0.6760243773460388],"EasingStyle":"Linear","EasingDirection":"In"},"Right Leg":{"Weight":1,"CFrame":[0.6463205218315125,0.7702195644378662,0.10000073909759522,0.7740018367767334,-0.5894936919212341,-0.23112447559833527,0.5820319652557373,0.8061108589172363,-0.10688372701406479,0.24931925535202027,-0.05179367586970329,0.9670353531837463],"EasingStyle":"Linear","EasingDirection":"In"},"Torso":{"Weight":1,"CFrame":[-7.59641911108114e-17,-0.7264357805252075,-0.38242340087890627,1,-2.361906209357171e-17,-8.742278367890322e-8,-5.601154384748952e-8,0.767793595790863,-0.6406974196434021,6.712263456165602e-8,0.6406974196434021,0.767793595790863],"EasingStyle":"Linear","EasingDirection":"In"},"HumanoidRootPart":{"Weight":1,"CFrame":[0,0,0,1,0,0,0,1,0,0,0,1],"EasingStyle":"Linear","EasingDirection":"In"},"Left Arm":{"Weight":1,"CFrame":[-0.6366612911224365,-0.5772954821586609,-0.15472769737243653,-0.7721183896064758,0.4026116728782654,-0.49166762828826907,-0.6332160830497742,-0.42220738530158999,0.6486743688583374,0.05357822775840759,0.8121851086616516,0.5809342265129089],"EasingStyle":"Linear","EasingDirection":"In"}}},{"Time":0.2083333283662796,"poses":{"Left Leg":{"Weight":1,"CFrame":[-0.6469221711158752,0.7695512771606445,0.09995341300964356,0.774472177028656,0.5888211727142334,0.23126289248466493,-0.5814061760902405,0.8065966963768005,-0.10662413388490677,-0.24931840598583222,-0.05188027024269104,0.967030942440033],"EasingStyle":"Linear","EasingDirection":"In"},"Right Arm":{"Weight":1,"CFrame":[0.5487455725669861,-0.5941064953804016,-0.20456558465957642,-0.730635404586792,-0.491022527217865,0.47441431879997256,0.674016535282135,-0.4078187644481659,0.6159429550170898,-0.10896673053503037,0.7697927355766296,0.6289240717887878],"EasingStyle":"Linear","EasingDirection":"In"},"Head":{"Weight":1,"CFrame":[8.742279788975793e-8,0,1.1920928955078126e-7,1,8.37059421776587e-10,5.911077849418689e-8,4.298480860143172e-8,0.676148533821106,-0.7367653846740723,-4.058436786635866e-8,0.7367653846740723,0.676148533821106],"EasingStyle":"Linear","EasingDirection":"In"},"Right Leg":{"Weight":1,"CFrame":[0.6469225287437439,0.7695517539978027,0.0999530553817749,0.7746145129203796,-0.5886342525482178,-0.23126240074634553,0.5812116861343384,0.8067368865013123,-0.10662341862916947,0.24933016300201417,-0.05182039737701416,0.9670311212539673],"EasingStyle":"Linear","EasingDirection":"In"},"Torso":{"Weight":1,"CFrame":[-7.599394314308371e-17,-0.7257866859436035,-0.3818826675415039,1,-2.357148597346011e-17,-8.742277657347586e-8,-5.594061747160595e-8,0.7684698104858398,-0.6398860812187195,6.718176592812597e-8,0.6398860812187195,0.7684698104858398],"EasingStyle":"Linear","EasingDirection":"In"},"HumanoidRootPart":{"Weight":1,"CFrame":[0,0,0,1,0,0,0,1,0,0,0,1],"EasingStyle":"Linear","EasingDirection":"In"},"Left Arm":{"Weight":1,"CFrame":[-0.6366778016090393,-0.577369749546051,-0.15472769737243653,-0.7708499431610107,0.4033863842487335,-0.4930211305618286,-0.6347925066947937,-0.4218108654022217,0.6473903059959412,0.053186822682619098,0.8120067715644836,0.581219494342804],"EasingStyle":"Linear","EasingDirection":"In"}}},{"Time":0.25,"poses":{"Left Leg":{"Weight":1,"CFrame":[-0.6475206017494202,0.7688833475112915,0.09990561008453369,0.77508145570755,0.5879650115966797,0.23139998316764832,-0.5805891156196594,0.8072192072868347,-0.10636459290981293,-0.24932920932769776,-0.051907122135162356,0.9670267701148987],"EasingStyle":"Linear","EasingDirection":"In"},"Right Arm":{"Weight":1,"CFrame":[0.5487458109855652,-0.5941066145896912,-0.20456558465957642,-0.7295688390731812,-0.49146008491516116,0.47560107707977297,0.675254225730896,-0.407365083694458,0.6148865222930908,-0.10844886302947998,0.769753634929657,0.6290614008903503],"EasingStyle":"Linear","EasingDirection":"In"},"Head":{"Weight":1,"CFrame":[8.742277657347586e-8,-1.1920928955078126e-7,2.384185791015625e-7,1,8.252640792960619e-10,5.9123618001422076e-8,4.299414513297961e-8,0.6762953400611877,-0.7366306185722351,-4.059293701175193e-8,0.7366306185722351,0.6762953400611877],"EasingStyle":"Linear","EasingDirection":"In"},"Right Leg":{"Weight":1,"CFrame":[0.6475207805633545,0.7688837051391602,0.09990525245666504,0.7752233743667603,-0.5877780318260193,-0.23139965534210206,0.5803945064544678,0.8073592782020569,-0.10636385530233383,0.24934104084968568,-0.051847368478775027,0.9670268297195435],"EasingStyle":"Linear","EasingDirection":"In"},"Torso":{"Weight":1,"CFrame":[-7.602440985940526e-17,-0.7251391410827637,-0.3813438415527344,1,-2.352428870206906e-17,-8.742277657347586e-8,-5.58698545205516e-8,0.7691430449485779,-0.6390766501426697,6.724062018292898e-8,0.6390766501426697,0.7691430449485779],"EasingStyle":"Linear","EasingDirection":"In"},"HumanoidRootPart":{"Weight":1,"CFrame":[0,0,0,1,0,0,0,1,0,0,0,1],"EasingStyle":"Linear","EasingDirection":"In"},"Left Arm":{"Weight":1,"CFrame":[-0.6366943717002869,-0.5774415731430054,-0.15472769737243653,-0.7696282863616943,0.4041300415992737,-0.49431896209716799,-0.636304497718811,-0.421428382396698,0.6461538672447205,0.0528101809322834,0.8118357062339783,0.5814927816390991],"EasingStyle":"Linear","EasingDirection":"In"}}},{"Time":0.2916666567325592,"poses":{"Left Leg":{"Weight":1,"CFrame":[-0.6481131911277771,0.7682167291641235,0.09985768795013428,0.7756859660148621,0.587113618850708,0.23153625428676606,-0.5797767043113709,0.8078370094299316,-0.10610627382993698,-0.2493399977684021,-0.05193416029214859,0.9670224785804749],"EasingStyle":"Linear","EasingDirection":"In"},"Right Arm":{"Weight":1,"CFrame":[0.5487457513809204,-0.5941067337989807,-0.20456558465957642,-0.7285458445549011,-0.4918785095214844,0.47673526406288149,0.6764370799064636,-0.40693020820617678,0.6138735413551331,-0.10795315355062485,0.7697164416313171,0.6291921138763428],"EasingStyle":"Linear","EasingDirection":"In"},"Head":{"Weight":1,"CFrame":[8.742279788975793e-8,1.1920928955078126e-7,1.1920928955078126e-7,1,8.115323968382882e-10,5.913858558415086e-8,4.300500933140938e-8,0.6764664649963379,-0.7364734411239624,-4.060294145347143e-8,0.7364734411239624,0.6764664649963379],"EasingStyle":"Linear","EasingDirection":"In"},"Right Leg":{"Weight":1,"CFrame":[0.6481136083602905,0.7682168483734131,0.09985756874084473,0.775827944278717,-0.586926281452179,-0.23153573274612428,0.5795816779136658,0.8079769611358643,-0.10610555857419968,0.24935172498226167,-0.051874250173568729,0.9670226573944092],"EasingStyle":"Linear","EasingDirection":"In"},"Torso":{"Weight":1,"CFrame":[-7.605556478999646e-17,-0.724494457244873,-0.38080883026123049,1,-2.3477549688737365e-17,-8.742278367890322e-8,-5.579939355015995e-8,0.7698121070861816,-0.6382707357406616,6.729910495550939e-8,0.6382707357406616,0.7698121070861816],"EasingStyle":"Linear","EasingDirection":"In"},"HumanoidRootPart":{"Weight":1,"CFrame":[0,0,0,1,0,0,0,1,0,0,0,1],"EasingStyle":"Linear","EasingDirection":"In"},"Left Arm":{"Weight":1,"CFrame":[-0.6367096900939941,-0.5775099396705627,-0.15472769737243653,-0.768456757068634,0.4048411548137665,-0.4955582022666931,-0.6377487778663635,-0.421061635017395,0.6449681520462036,0.05244913697242737,0.8116715550422669,0.5817544460296631],"EasingStyle":"Linear","EasingDirection":"In"}}},{"Time":0.3333333432674408,"poses":{"Left Leg":{"Weight":1,"CFrame":[-0.6487001776695252,0.7675517797470093,0.09980988502502442,0.7762851715087891,0.5862678289413452,0.2316710352897644,-0.5789695978164673,0.8084492683410645,-0.10584945231676102,-0.2493504285812378,-0.05196116119623184,0.9670183062553406],"EasingStyle":"Linear","EasingDirection":"In"},"Right Arm":{"Weight":1,"CFrame":[0.5487457513809204,-0.5941067934036255,-0.20456558465957642,-0.7275698184967041,-0.4922764301300049,0.47781410813331606,0.6775619387626648,-0.4065157175064087,0.6129069328308106,-0.10748063772916794,0.7696810960769653,0.6293161511421204],"EasingStyle":"Linear","EasingDirection":"In"},"Head":{"Weight":1,"CFrame":[8.742277657347586e-8,0,2.384185791015625e-7,1,7.956619807458765e-10,5.915584466720247e-8,4.3017564621550267e-8,0.6766639351844788,-0.7362920045852661,-4.061446290393178e-8,0.7362920045852661,0.6766639351844788],"EasingStyle":"Linear","EasingDirection":"In"},"Right Leg":{"Weight":1,"CFrame":[0.648700475692749,0.7675520181655884,0.09980964660644531,0.7764268517494202,-0.5860804319381714,-0.23167069256305695,0.5787745118141174,0.8085890412330627,-0.10584884136915207,0.2493623048067093,-0.051901280879974368,0.9670184850692749],"EasingStyle":"Linear","EasingDirection":"In"},"Torso":{"Weight":1,"CFrame":[-7.60873285255185e-17,-0.7238532304763794,-0.3802776336669922,1,-2.3431315255579326e-17,-8.742278367890322e-8,-5.5729323378272969e-8,0.7704759240150452,-0.6374692320823669,6.735713498073892e-8,0.6374692320823669,0.7704759240150452],"EasingStyle":"Linear","EasingDirection":"In"},"HumanoidRootPart":{"Weight":1,"CFrame":[0,0,0,1,0,0,0,1,0,0,0,1],"EasingStyle":"Linear","EasingDirection":"In"},"Left Arm":{"Weight":1,"CFrame":[-0.636724591255188,-0.5775752663612366,-0.15472769737243653,-0.767338216304779,0.40551790595054629,-0.4967368543148041,-0.6391223669052124,-0.4207106828689575,0.643836498260498,0.05210473760962486,0.8115158081054688,0.5820026993751526],"EasingStyle":"Linear","EasingDirection":"In"}}},{"Time":0.375,"poses":{"Left Leg":{"Weight":1,"CFrame":[-0.6492796540260315,0.766892671585083,0.0997622013092041,0.7768782377243042,0.5854288935661316,0.23180437088012696,-0.5781691074371338,0.8090552091598511,-0.10559461265802384,-0.24936069548130036,-0.05198797211050987,0.9670142531394959],"EasingStyle":"Linear","EasingDirection":"In"},"Right Arm":{"Weight":1,"CFrame":[0.5487454533576965,-0.5941067934036255,-0.20456558465957642,-0.7266430258750916,-0.4926527440547943,0.47883522510528567,0.6786264181137085,-0.4061218798160553,0.6119894981384277,-0.10703276842832566,0.7696480751037598,0.6294329166412354],"EasingStyle":"Linear","EasingDirection":"In"},"Head":{"Weight":1,"CFrame":[8.74227694680485e-8,0,1.1920928955078126e-7,1,7.77550135389049e-10,5.917555156997878e-8,4.303191403209894e-8,0.6768894195556641,-0.7360847592353821,-4.062763991896645e-8,0.7360847592353821,0.6768894195556641],"EasingStyle":"Linear","EasingDirection":"In"},"Right Leg":{"Weight":1,"CFrame":[0.6492801904678345,0.7668929100036621,0.099761962890625,0.7770196795463562,-0.5852413177490234,-0.23180395364761353,0.5779737830162048,0.8091947436332703,-0.10559398680925369,0.24937255680561067,-0.051928065717220309,0.967014491558075],"EasingStyle":"Linear","EasingDirection":"In"},"Torso":{"Weight":1,"CFrame":[-7.611967459619177e-17,-0.7232167720794678,-0.37975168228149416,1,-2.33856615032113e-17,-8.742277657347586e-8,-5.565977190258309e-8,0.7711334228515625,-0.6366735696792603,6.741462499348927e-8,0.6366735696792603,0.7711334228515625],"EasingStyle":"Linear","EasingDirection":"In"},"HumanoidRootPart":{"Weight":1,"CFrame":[0,0,0,1,0,0,0,1,0,0,0,1],"EasingStyle":"Linear","EasingDirection":"In"},"Left Arm":{"Weight":1,"CFrame":[-0.6367384195327759,-0.5776373744010925,-0.15472769737243653,-0.7662758231163025,0.4061586856842041,-0.49785199761390688,-0.6404221653938294,-0.4203769564628601,0.6427618861198425,0.051777809858322147,0.8113682866096497,0.5822376012802124],"EasingStyle":"Linear","EasingDirection":"In"}}},{"Time":0.4166666567325592,"poses":{"Left Leg":{"Weight":1,"CFrame":[-0.6498521566390991,0.766236424446106,0.09971451759338379,0.7774639129638672,0.5845986604690552,0.23193614184856416,-0.5773769617080689,0.8096536993980408,-0.10534213483333588,-0.24937079846858979,-0.05201484262943268,0.9670101404190064],"EasingStyle":"Linear","EasingDirection":"In"},"Right Arm":{"Weight":1,"CFrame":[0.5487459301948547,-0.5941067337989807,-0.20456558465957642,-0.7257683873176575,-0.49300700426101687,0.4797963500022888,0.6796282529830933,-0.4057505428791046,0.6111235618591309,-0.1066104993224144,0.7696171402931213,0.629542350769043],"EasingStyle":"Linear","EasingDirection":"In"},"Head":{"Weight":1,"CFrame":[8.742276236262114e-8,-2.384185791015625e-7,0,1,7.570027937831014e-10,5.9197894586304758e-8,4.30481428281837e-8,0.6771448254585266,-0.7358497977256775,-4.064256842184477e-8,0.7358497977256775,0.6771448254585266],"EasingStyle":"Linear","EasingDirection":"In"},"Right Leg":{"Weight":1,"CFrame":[0.6498525142669678,0.7662369012832642,0.09971427917480469,0.7776052355766296,-0.5844109058380127,-0.23193573951721192,0.5771815180778503,0.8097929358482361,-0.10534153133630753,0.24938267469406129,-0.051954906433820727,0.9670103788375855],"EasingStyle":"Linear","EasingDirection":"In"},"Torso":{"Weight":1,"CFrame":[-7.615249712289787e-17,-0.7225857973098755,-0.37923121452331545,1,-2.3340652951721064e-17,-8.742278367890322e-8,-5.559081728279125e-8,0.7717840075492859,-0.6358848810195923,6.747148972863215e-8,0.6358848810195923,0.7717840075492859],"EasingStyle":"Linear","EasingDirection":"In"},"HumanoidRootPart":{"Weight":1,"CFrame":[0,0,0,1,0,0,0,1,0,0,0,1],"EasingStyle":"Linear","EasingDirection":"In"},"Left Arm":{"Weight":1,"CFrame":[-0.6367518901824951,-0.5776956081390381,-0.15472769737243653,-0.7652727961540222,0.4067619740962982,-0.4989010989665985,-0.6416451334953308,-0.4200616180896759,0.6417475938796997,0.0514693446457386,0.8112292885780335,0.58245849609375],"EasingStyle":"Linear","EasingDirection":"In"}}},{"Time":0.4583333432674408,"poses":{"Left Leg":{"Weight":1,"CFrame":[-0.6504157781600952,0.7655869722366333,0.09966719150543213,0.778041422367096,0.5837782025337219,0.2320660799741745,-0.5765941739082336,0.8102436065673828,-0.10509265959262848,-0.24938085675239564,-0.05204150080680847,0.9670061469078064],"EasingStyle":"Linear","EasingDirection":"In"},"Right Arm":{"Weight":1,"CFrame":[0.5487456917762756,-0.5941068530082703,-0.20456558465957642,-0.7249484658241272,-0.4933379888534546,0.48069489002227785,0.6805647015571594,-0.40540236234664919,0.6103120446205139,-0.10621520131826401,0.7695885300636292,0.6296440958976746],"EasingStyle":"Linear","EasingDirection":"In"},"Head":{"Weight":1,"CFrame":[8.742279078433057e-8,2.384185791015625e-7,2.384185791015625e-7,1,7.338822882729801e-10,5.922299450844548e-8,4.306639667106538e-8,0.6774320602416992,-0.7355853319168091,-4.065939052111389e-8,0.7355853319168091,0.6774320602416992],"EasingStyle":"Linear","EasingDirection":"In"},"Right Leg":{"Weight":1,"CFrame":[0.6504162549972534,0.7655872106552124,0.09966695308685303,0.778182327747345,-0.5835904479026794,-0.23206555843353272,0.5763987302780151,0.8103827238082886,-0.10509197413921356,0.2493925839662552,-0.051981598138809207,0.9670063853263855],"EasingStyle":"Linear","EasingDirection":"In"},"Torso":{"Weight":1,"CFrame":[-7.61857431660776e-17,-0.7219616174697876,-0.37871742248535159,1,-2.3296355775557624e-17,-8.742278367890322e-8,-5.552261228558564e-8,0.772426187992096,-0.6351047158241272,6.752762971018456e-8,0.6351047158241272,0.772426187992096],"EasingStyle":"Linear","EasingDirection":"In"},"HumanoidRootPart":{"Weight":1,"CFrame":[0,0,0,1,0,0,0,1,0,0,0,1],"EasingStyle":"Linear","EasingDirection":"In"},"Left Arm":{"Weight":1,"CFrame":[-0.6367639899253845,-0.577750027179718,-0.15472769737243653,-0.7643323540687561,0.40732601284980776,-0.49988171458244326,-0.6427882313728333,-0.4197652041912079,0.6407968997955322,0.05118029564619064,0.8110997676849365,0.5826642513275147],"EasingStyle":"Linear","EasingDirection":"In"}}},{"Time":0.5,"poses":{"Left Leg":{"Weight":1,"CFrame":[-0.6509700417518616,0.7649439573287964,0.09962010383605957,0.778610110282898,0.5829684734344482,0.23219387233257295,-0.5758216381072998,0.8108247518539429,-0.10484614223241806,-0.24939054250717164,-0.05206799507141113,0.967002272605896],"EasingStyle":"Linear","EasingDirection":"In"},"Right Arm":{"Weight":1,"CFrame":[0.5487456321716309,-0.5941070318222046,-0.20456558465957642,-0.7241858839988709,-0.49364522099494936,0.4815281331539154,0.6814330816268921,-0.40507909655570986,0.6095571517944336,-0.10584791749715805,0.769561767578125,0.6297387480735779],"EasingStyle":"Linear","EasingDirection":"In"},"Head":{"Weight":1,"CFrame":[8.742277657347586e-8,1.1920928955078126e-7,-1.1920928955078126e-7,1,7.080351860366818e-10,5.925104673565329e-8,4.3086810563863767e-8,0.6777530312538147,-0.7352896928787231,-4.0678187929188428e-8,0.7352896928787231,0.6777530312538147],"EasingStyle":"Linear","EasingDirection":"In"},"Right Leg":{"Weight":1,"CFrame":[0.6509700417518616,0.7649445533752441,0.09961998462677002,0.7787510752677918,-0.5827804803848267,-0.23219335079193116,0.5756260752677918,0.8109636902809143,-0.10484544932842255,0.24940235912799836,-0.05200808495283127,0.9670023918151856],"EasingStyle":"Linear","EasingDirection":"In"},"Torso":{"Weight":1,"CFrame":[-7.621938625595136e-17,-0.721345067024231,-0.37821102142333987,1,-2.3252827877363859e-17,-8.742277657347586e-8,-5.5455235070667189e-8,0.7730591297149658,-0.6343339681625366,6.758297388387291e-8,0.6343339681625366,0.7730591297149658],"EasingStyle":"Linear","EasingDirection":"In"},"HumanoidRootPart":{"Weight":1,"CFrame":[0,0,0,1,0,0,0,1,0,0,0,1],"EasingStyle":"Linear","EasingDirection":"In"},"Left Arm":{"Weight":1,"CFrame":[-0.6367754936218262,-0.5778010487556458,-0.15472769737243653,-0.7634575366973877,0.4078494608402252,-0.5007908344268799,-0.6438483595848084,-0.4194895327091217,0.639912486076355,0.05091148614883423,0.8109792470932007,0.5828556418418884],"EasingStyle":"Linear","EasingDirection":"In"}}},{"Time":0.5416666865348816,"poses":{"Left Leg":{"Weight":1,"CFrame":[-0.6515141129493713,0.7643091678619385,0.09957361221313477,0.7791690230369568,0.5821711421012878,0.23231947422027589,-0.5750610828399658,0.8113957643508911,-0.10460313409566879,-0.24939991533756257,-0.05209434777498245,0.9669983983039856],"EasingStyle":"Linear","EasingDirection":"In"},"Right Arm":{"Weight":1,"CFrame":[0.5487458109855652,-0.5941066741943359,-0.20456558465957642,-0.7234835028648377,-0.49392756819725039,0.4822938144207001,0.6822311282157898,-0.4047814607620239,0.6088618636131287,-0.10550996661186218,0.7695373296737671,0.6298254132270813],"EasingStyle":"Linear","EasingDirection":"In"},"Head":{"Weight":1,"CFrame":[8.74227694680485e-8,0,2.384185791015625e-7,1,6.793099416313453e-10,5.928220048190269e-8,4.3109462666279799e-8,0.678109347820282,-0.7349610924720764,-4.069907788561977e-8,0.7349610924720764,0.678109347820282],"EasingStyle":"Linear","EasingDirection":"In"},"Right Leg":{"Weight":1,"CFrame":[0.6515144109725952,0.7643096446990967,0.09957325458526612,0.7793098092079163,-0.5819830894470215,-0.2323189675807953,0.5748653411865234,0.8115344047546387,-0.10460241883993149,0.2494117021560669,-0.05203447863459587,0.9669986367225647],"EasingStyle":"Linear","EasingDirection":"In"},"Torso":{"Weight":1,"CFrame":[-7.625324110406193e-17,-0.720737099647522,-0.3777127265930176,1,-2.3210142049033673e-17,-8.742277657347586e-8,-5.5388799324873619e-8,0.7736821174621582,-0.6335740089416504,6.763743698456892e-8,0.6335740089416504,0.7736821174621582],"EasingStyle":"Linear","EasingDirection":"In"},"HumanoidRootPart":{"Weight":1,"CFrame":[0,0,0,1,0,0,0,1,0,0,0,1],"EasingStyle":"Linear","EasingDirection":"In"},"Left Arm":{"Weight":1,"CFrame":[-0.6367861032485962,-0.577847421169281,-0.15472769737243653,-0.7626514434814453,0.4083307385444641,-0.5016263127326965,-0.6448225378990173,-0.4192350208759308,0.6390978693962097,0.05066399276256561,0.8108686804771423,0.5830309391021729],"EasingStyle":"Linear","EasingDirection":"In"}}},{"Time":0.5833333134651184,"poses":{"Left Leg":{"Weight":1,"CFrame":[-0.6520469784736633,0.7636834383010864,0.09952747821807862,0.7797173857688904,0.5813874006271362,0.23244251310825349,-0.5743135213851929,0.8119557499885559,-0.10436416417360306,-0.24940909445285798,-0.05212033540010452,0.9669946432113648],"EasingStyle":"Linear","EasingDirection":"In"},"Right Arm":{"Weight":1,"CFrame":[0.5487456321716309,-0.5941067337989807,-0.20456558465957642,-0.7228438258171082,-0.4941837191581726,0.482990026473999,0.6829562783241272,-0.4045097827911377,0.6082290410995483,-0.10520265251398087,0.7695156335830689,0.6299031972885132],"EasingStyle":"Linear","EasingDirection":"In"},"Head":{"Weight":1,"CFrame":[8.742278367890322e-8,1.1920928955078126e-7,2.384185791015625e-7,1,6.475382452464373e-10,5.931662627745027e-8,4.3134491534146949e-8,0.6785030961036682,-0.7345976233482361,-4.072219184081405e-8,0.7345976233482361,0.6785030961036682],"EasingStyle":"Linear","EasingDirection":"In"},"Right Leg":{"Weight":1,"CFrame":[0.6520472168922424,0.7636839151382446,0.09952735900878906,0.779857873916626,-0.5811991095542908,-0.23244206607341767,0.5741175413131714,0.8120943903923035,-0.10436356067657471,0.24942098557949067,-0.05206042528152466,0.9669947624206543],"EasingStyle":"Linear","EasingDirection":"In"},"Torso":{"Weight":1,"CFrame":[-7.628738711974812e-17,-0.7201387882232666,-0.37722349166870119,1,-2.3168376045544645e-17,-8.742277657347586e-8,-5.532342939318369e-8,0.774293839931488,-0.6328262686729431,6.769091953628959e-8,0.6328262686729431,0.774293839931488],"EasingStyle":"Linear","EasingDirection":"In"},"HumanoidRootPart":{"Weight":1,"CFrame":[0,0,0,1,0,0,0,1,0,0,0,1],"EasingStyle":"Linear","EasingDirection":"In"},"Left Arm":{"Weight":1,"CFrame":[-0.636795699596405,-0.5778899788856506,-0.15472769737243653,-0.761917233467102,0.40876811742782595,-0.502385139465332,-0.6457074880599976,-0.4190030097961426,0.6383559703826904,0.050438761711120608,0.810768187046051,0.5831902027130127],"EasingStyle":"Linear","EasingDirection":"In"}}},{"Time":0.625,"poses":{"Left Leg":{"Weight":1,"CFrame":[-0.6525683403015137,0.7630674839019775,0.09948205947875977,0.7802541851997376,0.5806184411048889,0.23256319761276246,-0.5735800266265869,0.8125042915344238,-0.10412958264350891,-0.24941810965538026,-0.052146054804325107,0.9669909477233887],"EasingStyle":"Linear","EasingDirection":"In"},"Right Arm":{"Weight":1,"CFrame":[0.5487458109855652,-0.5941067934036255,-0.20456558465957642,-0.7222697138786316,-0.494413286447525,0.483613520860672,0.6836057305335999,-0.4042663872241974,0.6076610088348389,-0.1049269363284111,0.7694960236549377,0.6299731135368347],"EasingStyle":"Linear","EasingDirection":"In"},"Head":{"Weight":1,"CFrame":[8.74227694680485e-8,-1.1920928955078126e-7,1.1920928955078126e-7,1,6.125762119779665e-10,5.935445201998846e-8,4.316200374887558e-8,0.6789357662200928,-0.7341976761817932,-4.074760795447219e-8,0.7341976761817932,0.6789357662200928],"EasingStyle":"Linear","EasingDirection":"In"},"Right Leg":{"Weight":1,"CFrame":[0.6525685787200928,0.7630680799484253,0.09948182106018067,0.780394434928894,-0.5804300904273987,-0.23256272077560426,0.5733839869499207,0.8126425743103027,-0.10412894934415817,0.24943003058433534,-0.05208616331219673,0.9669910669326782],"EasingStyle":"Linear","EasingDirection":"In"},"Torso":{"Weight":1,"CFrame":[-7.632169195411192e-17,-0.7195514440536499,-0.3767435550689697,1,-2.3127572880288629e-17,-8.742277657347586e-8,-5.5259221198866729e-8,0.7748935222625732,-0.6320918202400208,6.774334337933397e-8,0.6320918202400208,0.7748935222625732],"EasingStyle":"Linear","EasingDirection":"In"},"HumanoidRootPart":{"Weight":1,"CFrame":[0,0,0,1,0,0,0,1,0,0,0,1],"EasingStyle":"Linear","EasingDirection":"In"},"Left Arm":{"Weight":1,"CFrame":[-0.636804461479187,-0.5779280066490173,-0.15472769737243653,-0.761258065700531,0.40915992856025698,-0.5030649900436401,-0.6465002298355103,-0.4187944531440735,0.6376901865005493,0.05023650825023651,0.8106783032417297,0.5833325982093811],"EasingStyle":"Linear","EasingDirection":"In"}}},{"Time":0.6666666865348816,"poses":{"Left Leg":{"Weight":1,"CFrame":[-0.6530768275260925,0.7624632120132446,0.09943723678588867,0.7807785868644714,0.5798659324645996,0.2326807975769043,-0.5728622674942017,0.8130398988723755,-0.1038997620344162,-0.2494267374277115,-0.052171364426612857,0.9669873118400574],"EasingStyle":"Linear","EasingDirection":"In"},"Right Arm":{"Weight":1,"CFrame":[0.5487456321716309,-0.5941067337989807,-0.20456558465957642,-0.7217637300491333,-0.4946153163909912,0.4841620922088623,0.6841772198677063,-0.40405192971229555,0.607160210609436,-0.10468409955501557,0.7694788575172424,0.6300345063209534],"EasingStyle":"Linear","EasingDirection":"In"},"Head":{"Weight":1,"CFrame":[8.742276236262114e-8,1.1920928955078126e-7,1.1920928955078126e-7,1,5.742539777031652e-10,5.93958553452012e-8,4.319211299730341e-8,0.679409384727478,-0.7337594032287598,-4.077547188785502e-8,0.7337594032287598,0.679409384727478],"EasingStyle":"Linear","EasingDirection":"In"},"Right Leg":{"Weight":1,"CFrame":[0.6530768871307373,0.7624638080596924,0.09943699836730957,0.7809187173843384,-0.579677402973175,-0.23268039524555207,0.5726660490036011,0.8131781220436096,-0.10389913618564606,0.24943864345550538,-0.052111417055130008,0.9669874906539917],"EasingStyle":"Linear","EasingDirection":"In"},"Torso":{"Weight":1,"CFrame":[-7.635604972803492e-17,-0.7189755439758301,-0.37627434730529787,1,-2.308782850621668e-17,-8.742277657347586e-8,-5.519630263961517e-8,0.7754800319671631,-0.6313720941543579,6.779461614314641e-8,0.6313720941543579,0.7754800319671631],"EasingStyle":"Linear","EasingDirection":"In"},"HumanoidRootPart":{"Weight":1,"CFrame":[0,0,0,1,0,0,0,1,0,0,0,1],"EasingStyle":"Linear","EasingDirection":"In"},"Left Arm":{"Weight":1,"CFrame":[-0.6368117928504944,-0.5779613852500916,-0.15472769737243653,-0.7606770992279053,0.40950512886047366,-0.5036624073982239,-0.647197425365448,-0.4186111092567444,0.6371030807495117,0.05005832388997078,0.8105987906455994,0.5834585428237915],"EasingStyle":"Linear","EasingDirection":"In"}}},{"Time":0.7083333134651184,"poses":{"Left Leg":{"Weight":1,"CFrame":[-0.6535714268684387,0.7618709802627564,0.09939312934875488,0.7812898755073547,0.5791307091712952,0.23279570043087007,-0.572161078453064,0.8135621547698975,-0.10367520153522492,-0.2494353950023651,-0.05219627916812897,0.9669837355613709],"EasingStyle":"Linear","EasingDirection":"In"},"Right Arm":{"Weight":1,"CFrame":[0.5487456321716309,-0.5941069722175598,-0.20456558465957642,-0.7213284969329834,-0.49478885531425478,0.48463326692581179,0.6846680641174316,-0.40386757254600527,0.6067295074462891,-0.10447531193494797,0.7694641947746277,0.6300873160362244],"EasingStyle":"Linear","EasingDirection":"In"},"Head":{"Weight":1,"CFrame":[8.742279078433057e-8,3.5762786865234377e-7,-5.960464477539063e-8,1,5.324328200551065e-10,5.944099612520404e-8,4.322492941355449e-8,0.6799257397651672,-0.7332809567451477,-4.080589377508659e-8,0.7332809567451477,0.6799257397651672],"EasingStyle":"Linear","EasingDirection":"In"},"Right Leg":{"Weight":1,"CFrame":[0.653571605682373,0.7618716955184937,0.09939289093017578,0.7814298272132874,-0.5789419412612915,-0.23279526829719544,0.5719646215438843,0.8137001991271973,-0.1036745235323906,0.24944715201854707,-0.05213632062077522,0.9669840335845947],"EasingStyle":"Linear","EasingDirection":"In"},"Torso":{"Weight":1,"CFrame":[-7.639048691129673e-17,-0.7184127569198608,-0.37581634521484377,1,-2.3049195862888005e-17,-8.742277657347586e-8,-5.513478740226674e-8,0.7760524153709412,-0.6306684613227844,6.7844659668026e-8,0.6306684613227844,0.7760524153709412],"EasingStyle":"Linear","EasingDirection":"In"},"HumanoidRootPart":{"Weight":1,"CFrame":[0,0,0,1,0,0,0,1,0,0,0,1],"EasingStyle":"Linear","EasingDirection":"In"},"Left Arm":{"Weight":1,"CFrame":[-0.6368181705474854,-0.5779903531074524,-0.15472769737243653,-0.7601773738861084,0.40980109572410586,-0.504176139831543,-0.6477962732315064,-0.4184524714946747,0.6365984678268433,0.04990505054593086,0.8105310797691345,0.5835657119750977],"EasingStyle":"Linear","EasingDirection":"In"}}},{"Time":0.75,"poses":{"Left Leg":{"Weight":1,"CFrame":[-0.6540532112121582,0.7612937688827515,0.09935009479522705,0.7817872762680054,0.5784141421318054,0.2329072207212448,-0.5714776515960693,0.8140701651573181,-0.10345620661973953,-0.2494433969259262,-0.05222051963210106,0.9669803977012634],"EasingStyle":"Linear","EasingDirection":"In"},"Right Arm":{"Weight":1,"CFrame":[0.5487457513809204,-0.5941068530082703,-0.20456558465957642,-0.7209665179252625,-0.4949328303337097,0.4850245714187622,0.6850755214691162,-0.4037140905857086,0.6063715219497681,-0.10430188477039337,0.7694519758224487,0.6301307678222656],"EasingStyle":"Linear","EasingDirection":"In"},"Head":{"Weight":1,"CFrame":[8.742276236262114e-8,1.1920928955078126e-7,-1.1920928955078126e-7,1,4.869382119743193e-10,5.9490020021257808e-8,4.326059865888965e-8,0.6804866194725037,-0.7327605485916138,-4.083896953943622e-8,0.7327605485916138,0.6804866194725037],"EasingStyle":"Linear","EasingDirection":"In"},"Right Leg":{"Weight":1,"CFrame":[0.6540533900260925,0.7612943649291992,0.0993499755859375,0.7819269895553589,-0.5782254338264465,-0.2329067587852478,0.5712812542915344,0.8142079710960388,-0.10345561057329178,0.2494553029537201,-0.0521605908870697,0.966980516910553],"EasingStyle":"Linear","EasingDirection":"In"},"Torso":{"Weight":1,"CFrame":[-7.642487115499933e-17,-0.7178635597229004,-0.37537050247192385,1,-2.3011749396557729e-17,-8.742277657347586e-8,-5.5074785620945479e-8,0.7766097187995911,-0.6299821138381958,6.789337447798971e-8,0.6299821138381958,0.7766097187995911],"EasingStyle":"Linear","EasingDirection":"In"},"HumanoidRootPart":{"Weight":1,"CFrame":[0,0,0,1,0,0,0,1,0,0,0,1],"EasingStyle":"Linear","EasingDirection":"In"},"Left Arm":{"Weight":1,"CFrame":[-0.636823832988739,-0.5780141353607178,-0.15472769737243653,-0.7597616910934448,0.4100474417209625,-0.5046022534370422,-0.6482935547828674,-0.41832101345062258,0.6361785531044006,0.049777667969465259,0.8104743361473084,0.5836552977561951],"EasingStyle":"Linear","EasingDirection":"In"}}},{"Time":0.7916666865348816,"poses":{"Left Leg":{"Weight":1,"CFrame":[-0.6545195579528809,0.7607302665710449,0.09930789470672608,0.7822694182395935,0.5777180790901184,0.23301547765731812,-0.5708139538764954,0.8145626783370972,-0.10324317961931229,-0.2494511753320694,-0.05224449932575226,0.9669771194458008],"EasingStyle":"Linear","EasingDirection":"In"},"Right Arm":{"Weight":1,"CFrame":[0.5487458109855652,-0.5941070318222046,-0.20456558465957642,-0.7206805944442749,-0.49504658579826357,0.4853333830833435,0.6853970885276794,-0.4035930037498474,0.6060887575149536,-0.10416492819786072,0.7694424390792847,0.6301649808883667],"EasingStyle":"Linear","EasingDirection":"In"},"Head":{"Weight":1,"CFrame":[8.742279078433057e-8,0,1.1920928955078126e-7,1,4.3760289836214385e-10,5.954310822176012e-8,4.329918823486878e-8,0.6810937523841858,-0.7321962714195252,-4.087484484216475e-8,0.7321962714195252,0.6810937523841858],"EasingStyle":"Linear","EasingDirection":"In"},"Right Leg":{"Weight":1,"CFrame":[0.6545194983482361,0.7607309818267822,0.09930777549743653,0.782409131526947,-0.57752925157547,-0.2330150604248047,0.5706173181533814,0.8147004842758179,-0.10324255377054215,0.24946311116218568,-0.052184540778398517,0.9669772386550903],"EasingStyle":"Linear","EasingDirection":"In"},"Torso":{"Weight":1,"CFrame":[-7.645912304980393e-17,-0.7173292636871338,-0.3749375343322754,1,-2.2975548664229959e-17,-8.742277657347586e-8,-5.501639321892071e-8,0.7771509885787964,-0.6293141841888428,6.794069662419133e-8,0.6293141841888428,0.7771509885787964],"EasingStyle":"Linear",