{"Sequence":[{"Time":0,"poses":{"Left Leg":{"Weight":1,"CFrame":[-0.33992424607276919,0.12776654958724976,-0.029415607452392579,0.9988076090812683,-0.0440790094435215,-0.020987410098314287,0.046114180237054828,0.992954432964325,0.1091558113694191,0.01602787710726261,-0.10999340564012528,0.993803083896637],"EasingStyle":"Linear","EasingDirection":"In"},"Right Arm":{"Weight":1,"CFrame":[-0.017227008938789369,-0.23291438817977906,0.037049293518066409,0.8883606195449829,0.08476799726486206,-0.4512537121772766,0.08251282572746277,0.9373354911804199,0.3385172486305237,0.4516715407371521,-0.33795979619026186,0.8256974220275879],"EasingStyle":"Linear","EasingDirection":"In"},"Head":{"Weight":1,"CFrame":[1.0989606380462647e-7,5.587935447692871e-9,-2.384185791015625e-7,0.995455801486969,0.06266716867685318,0.07169804722070694,-0.057675741612911227,0.99590003490448,-0.06968981772661209,-0.07577133178710938,0.06523790955543518,0.9949888586997986],"EasingStyle":"Linear","EasingDirection":"In"},"Right Leg":{"Weight":1,"CFrame":[0.05720780789852142,0.3584003448486328,0.24412190914154054,0.44499439001083376,0.4374745488166809,-0.7814064025878906,-0.2348746359348297,0.899028480052948,0.36956992745399477,0.8641840219497681,0.019075894728302957,0.5028144121170044],"EasingStyle":"Linear","EasingDirection":"In"},"Torso":{"Weight":1,"CFrame":[-0.22532685101032258,0.008811051957309246,-0.241912841796875,0.9147763848304749,-0.3709171712398529,-0.16001471877098084,0.3781730830669403,0.925589382648468,0.016416046768426896,0.14201892912387849,-0.07553026080131531,0.9869781136512756],"EasingStyle":"Linear","EasingDirection":"In"},"HumanoidRootPart":{"Weight":1,"CFrame":[0,0,0,1,0,0,0,1,0,0,0,1],"EasingStyle":"Linear","EasingDirection":"In"},"Left Arm":{"Weight":1,"CFrame":[0.027852624654769899,-0.30802401900291445,-0.0698007345199585,0.8012034893035889,0.09505447000265122,0.5907941460609436,-0.3918490707874298,0.8295157551765442,0.39794182777404787,-0.4522469937801361,-0.5503347516059876,0.7018579244613648],"EasingStyle":"Linear","EasingDirection":"In"}}},{"Time":0.03333333507180214,"poses":{"Left Leg":{"Weight":1,"CFrame":[-0.3019416928291321,0.11355715990066529,-0.029429137706756593,0.9992644190788269,-0.02454620786011219,-0.02946316823363304,0.027610907331109048,0.9937052130699158,0.1085711121559143,0.026612823829054834,-0.10930465906858444,0.9936520457267761],"EasingStyle":"Linear","EasingDirection":"In"},"Right Arm":{"Weight":1,"CFrame":[-0.0347987562417984,-0.2382572591304779,0.01568925380706787,0.8751360774040222,0.09112124890089035,-0.4752197563648224,0.07458440214395523,0.9449693560600281,0.31854382157325747,0.47809407114982607,-0.3142133057117462,0.8201805949211121],"EasingStyle":"Linear","EasingDirection":"In"},"Head":{"Weight":1,"CFrame":[1.0244548320770264e-7,7.450580596923828e-9,2.384185791015625e-7,0.9964799880981445,0.06217910349369049,0.05622614920139313,-0.05831173062324524,0.9959805607795715,-0.06798870861530304,-0.06022763252258301,0.06447076052427292,0.9961004853248596],"EasingStyle":"Linear","EasingDirection":"In"},"Right Leg":{"Weight":1,"CFrame":[0.053009033203125,0.34320104122161868,0.23084020614624024,0.4617083668708801,0.4336404800415039,-0.7738096117973328,-0.2295747697353363,0.9010525941848755,0.3679671287536621,0.8568084836006165,0.007753821089863777,0.5155763030052185],"EasingStyle":"Linear","EasingDirection":"In"},"Torso":{"Weight":1,"CFrame":[-0.2207857370376587,0.008943624794483185,-0.22428202629089356,0.915701687335968,-0.3693494200706482,-0.15833960473537446,0.37650609016418459,0.9262626767158508,0.01675316132605076,0.1404763013124466,-0.07495672255754471,0.987242579460144],"EasingStyle":"Linear","EasingDirection":"In"},"HumanoidRootPart":{"Weight":1,"CFrame":[0,0,0,1,0,0,0,1,0,0,0,1],"EasingStyle":"Linear","EasingDirection":"In"},"Left Arm":{"Weight":1,"CFrame":[-0.019448474049568178,-0.30893898010253909,-0.0679236650466919,0.7587093114852905,0.22104546427726746,0.612779974937439,-0.5151494741439819,0.7793511152267456,0.35669684410095217,-0.39872461557388308,-0.586302638053894,0.7051723599433899],"EasingStyle":"Linear","EasingDirection":"In"}}},{"Time":0.06666667014360428,"poses":{"Left Leg":{"Weight":1,"CFrame":[-0.27783846855163576,0.10651516914367676,-0.029516160488128663,0.9993336200714111,-0.013980363495647908,-0.03371812775731087,0.017658663913607599,0.9936205148696899,0.11138391494750977,0.031945958733558658,-0.11190509051084519,0.9932053089141846],"EasingStyle":"Linear","EasingDirection":"In"},"Right Arm":{"Weight":1,"CFrame":[-0.050444722175598147,-0.2434699535369873,-0.0034222006797790529,0.8528134822845459,0.11255629360675812,-0.5099413990974426,0.05737382173538208,0.9503898620605469,0.3057243824005127,0.5190542340278626,-0.28998324275016787,0.8040475845336914],"EasingStyle":"Linear","EasingDirection":"In"},"Head":{"Weight":1,"CFrame":[1.2293457984924317e-7,0,3.5762786865234377e-7,0.9973383545875549,0.0616753026843071,0.03889175131917,-0.05910586565732956,0.9961933493614197,-0.06407330930233002,-0.04269544780254364,0.06160403788089752,0.997187077999115],"EasingStyle":"Linear","EasingDirection":"In"},"Right Leg":{"Weight":1,"CFrame":[0.05162489414215088,0.3286677598953247,0.22026515007019044,0.4798697829246521,0.4289966821670532,-0.7653018832206726,-0.22680312395095826,0.9033053517341614,0.3641425669193268,0.847517192363739,-0.0011678698938339949,0.5307667255401611],"EasingStyle":"Linear","EasingDirection":"In"},"Torso":{"Weight":1,"CFrame":[-0.21145519614219666,0.009348182938992978,-0.21071529388427735,0.9184810519218445,-0.364492803812027,-0.15341956913471223,0.3713618814945221,0.9283185005187988,0.017751500010490419,0.1359519362449646,-0.07327860593795777,0.9880017042160034],"EasingStyle":"Linear","EasingDirection":"In"},"HumanoidRootPart":{"Weight":1,"CFrame":[0,0,0,1,0,0,0,1,0,0,0,1],"EasingStyle":"Linear","EasingDirection":"In"},"Left Arm":{"Weight":1,"CFrame":[-0.061261847615242007,-0.3102371096611023,-0.05995303392410278,0.707996666431427,0.32818645238876345,0.6253277063369751,-0.6168718338012695,0.7184717655181885,0.3213522136211395,-0.3438168466091156,-0.6132634878158569,0.7111244797706604],"EasingStyle":"Linear","EasingDirection":"In"}}},{"Time":0.10000000149011612,"poses":{"Left Leg":{"Weight":1,"CFrame":[-0.27827543020248415,0.10849452018737793,-0.03053981065750122,0.9992939233779907,-0.01799110136926174,-0.03298432007431984,0.02175542712211609,0.9928264617919922,0.11756853014230728,0.030632546171545984,-0.11820309609174729,0.9925168752670288],"EasingStyle":"Linear","EasingDirection":"In"},"Right Arm":{"Weight":1,"CFrame":[-0.06430847197771073,-0.2485446035861969,-0.020404040813446046,0.821478009223938,0.14481528103351594,-0.5515456795692444,0.033163320273160937,0.9534465670585632,0.29973307251930239,0.5692751407623291,-0.26451531052589419,0.7784327268600464],"EasingStyle":"Linear","EasingDirection":"In"},"Head":{"Weight":1,"CFrame":[9.220093488693237e-8,-7.450580596923828e-9,2.384185791015625e-7,0.9979208707809448,0.06122339516878128,0.02014199271798134,-0.05995374172925949,0.9964836239814758,-0.058532558381557468,-0.023654721677303315,0.057203274220228198,0.9980823397636414],"EasingStyle":"Linear","EasingDirection":"In"},"Right Leg":{"Weight":1,"CFrame":[0.05410740524530411,0.31632351875305178,0.21401238441467286,0.4978867769241333,0.4240729808807373,-0.7564859390258789,-0.2270721197128296,0.9056041836738586,0.35821691155433657,0.8369868993759155,-0.006574644241482019,0.5471833944320679],"EasingStyle":"Linear","EasingDirection":"In"},"Torso":{"Weight":1,"CFrame":[-0.19750313460826875,0.010020719841122628,-0.20296812057495118,0.9230708479881287,-0.3560899496078491,-0.14539723098278047,0.3625008463859558,0.9317822456359863,0.01936497539281845,0.1285829097032547,-0.07058186829090119,0.9891838431358337],"EasingStyle":"Linear","EasingDirection":"In"},"HumanoidRootPart":{"Weight":1,"CFrame":[0,0,0,1,0,0,0,1,0,0,0,1],"EasingStyle":"Linear","EasingDirection":"In"},"Left Arm":{"Weight":1,"CFrame":[-0.09807484596967697,-0.3117939829826355,-0.04696422815322876,0.6529543995857239,0.4200313687324524,0.6302573680877686,-0.7007972002029419,0.6506858468055725,0.29238858819007876,-0.287287175655365,-0.6325991153717041,0.7192249894142151],"EasingStyle":"Linear","EasingDirection":"In"}}},{"Time":0.13333334028720857,"poses":{"Left Leg":{"Weight":1,"CFrame":[-0.3038022816181183,0.11923527717590332,-0.032453060150146487,0.998948335647583,-0.03711887449026108,-0.026913484558463098,0.04024824500083923,0.9910860657691956,0.12699829041957856,0.021959619596600534,-0.12794798612594605,0.9915378093719482],"EasingStyle":"Linear","EasingDirection":"In"},"Right Arm":{"Weight":1,"CFrame":[-0.07653602957725525,-0.25347352027893069,-0.035380423069000247,0.7817887663841248,0.18368564546108247,-0.5958742499351502,0.004596582148224115,0.9539020657539368,0.30008283257484438,0.6235265731811523,-0.23734042048454286,0.7449055314064026],"EasingStyle":"Linear","EasingDirection":"In"},"Head":{"Weight":1,"CFrame":[1.0244548320770264e-7,-1.1175870895385743e-8,0,0.9981454014778137,0.060873955488204959,0.0004316205158829689,-0.06076934188604355,0.996798574924469,-0.05196022242307663,-0.0035932613536715509,0.05183763429522514,0.9986490607261658],"EasingStyle":"Linear","EasingDirection":"In"},"Right Leg":{"Weight":1,"CFrame":[0.061639994382858279,0.3064243793487549,0.21262836456298829,0.5158160924911499,0.41930216550827029,-0.7470740079879761,-0.23066183924674989,0.9078083634376526,0.3502558469772339,0.8250629305839539,-0.00834615994244814,0.5649791359901428],"EasingStyle":"Linear","EasingDirection":"In"},"Torso":{"Weight":1,"CFrame":[-0.1790878176689148,0.010937698185443879,-0.20145177841186524,0.9293583035469055,-0.3438466489315033,-0.1343972086906433,0.34964922070503237,0.9366337060928345,0.02151111699640751,0.11848443746566773,-0.0669834166765213,0.9906940460205078],"EasingStyle":"Linear","EasingDirection":"In"},"HumanoidRootPart":{"Weight":1,"CFrame":[0,0,0,1,0,0,0,1,0,0,0,1],"EasingStyle":"Linear","EasingDirection":"In"},"Left Arm":{"Weight":1,"CFrame":[-0.13037677109241486,-0.31355226039886477,-0.03001105785369873,0.5955784916877747,0.49993693828582766,0.6287683248519898,-0.7701466083526611,0.5779057145118713,0.2699982225894928,-0.22838687896728517,-0.6450489163398743,0.7292128801345825],"EasingStyle":"Linear","EasingDirection":"In"}}},{"Time":0.1666666716337204,"poses":{"Left Leg":{"Weight":1,"CFrame":[-0.3363872170448303,0.13365119695663453,-0.03404420614242554,0.9979103803634644,-0.062347497791051868,-0.01696093939244747,0.06410547345876694,0.9881947636604309,0.1391463279724121,0.008085129782557488,-0.1399427056312561,0.9901266098022461],"EasingStyle":"Linear","EasingDirection":"In"},"Right Arm":{"Weight":1,"CFrame":[-0.08727196604013443,-0.25824323296546938,-0.04848504066467285,0.7356117963790894,0.22504554688930512,-0.6389286518096924,-0.025503885000944139,0.9517349600791931,0.30585983395576479,0.6769231557846069,-0.2086990624666214,0.7058469653129578],"EasingStyle":"Linear","EasingDirection":"In"},"Head":{"Weight":1,"CFrame":[9.406358003616333e-8,3.725290298461914e-8,1.1920928955078126e-7,0.9979628324508667,0.060654282569885257,-0.019778480753302575,-0.06149250268936157,0.9970946311950684,-0.044954996556043628,0.016994304955005647,0.04607965797185898,0.9987931847572327],"EasingStyle":"Linear","EasingDirection":"In"},"Right Leg":{"Weight":1,"CFrame":[0.07407540827989578,0.295349657535553,0.21242117881774903,0.5385449528694153,0.4138965904712677,-0.7339339852333069,-0.2362721860408783,0.910272479057312,0.33996984362602236,0.8087921738624573,-0.009680972434580326,0.5880148410797119],"EasingStyle":"Linear","EasingDirection":"In"},"Torso":{"Weight":1,"CFrame":[-0.15636008977890016,0.012055219151079655,-0.2018582820892334,0.9371551275253296,-0.3274335563182831,-0.1205303966999054,0.33250007033348086,0.9427960515022278,0.024069515988230706,0.10575441271066666,-0.06263323873281479,0.9924178123474121],"EasingStyle":"Linear","EasingDirection":"In"},"HumanoidRootPart":{"Weight":1,"CFrame":[0,0,0,1,0,0,0,1,0,0,0,1],"EasingStyle":"Linear","EasingDirection":"In"},"Left Arm":{"Weight":1,"CFrame":[-0.15867048501968385,-0.3155005872249603,-0.010124266147613526,0.5365713238716126,0.57076495885849,0.6215454339981079,-0.8273447751998901,0.5008106827735901,0.2543404996395111,-0.16610796749591828,-0.6507043242454529,0.7409401535987854],"EasingStyle":"Linear","EasingDirection":"In"}}},{"Time":0.20000000298023225,"poses":{"Left Leg":{"Weight":1,"CFrame":[-0.37552905082702639,0.15211600065231324,-0.03458636999130249,0.9955855011940002,-0.09383285045623779,-0.002243313705548644,0.09305796027183533,0.9836807250976563,0.15398895740509034,-0.012242540717124939,-0.15351779758930207,0.988070011138916],"EasingStyle":"Linear","EasingDirection":"In"},"Right Arm":{"Weight":1,"CFrame":[-0.09665368497371674,-0.2628338932991028,-0.059863388538360599,0.6862565279006958,0.2650579810142517,-0.6773450374603272,-0.05439755320549011,0.9473331570625305,0.3155960142612457,0.7253226637840271,-0.1797340214252472,0.6645321249961853],"EasingStyle":"Linear","EasingDirection":"In"},"Head":{"Weight":1,"CFrame":[8.288770914077759e-8,-7.450580596923828e-9,0,0.9973615407943726,0.0605645515024662,-0.04002426937222481,-0.06209314614534378,0.9973421096801758,-0.03811941668391228,0.03760921210050583,0.04050407186150551,0.9984713196754456],"EasingStyle":"Linear","EasingDirection":"In"},"Right Leg":{"Weight":1,"CFrame":[0.0920349583029747,0.28438156843185427,0.2140653133392334,0.5647162795066834,0.40809154510498049,-0.7173262238502502,-0.24386809766292573,0.9128870368003845,0.32736194133758547,0.7884312868118286,-0.00993369985371828,0.615042507648468],"EasingStyle":"Linear","EasingDirection":"In"},"Torso":{"Weight":1,"CFrame":[-0.12946665287017823,0.013308065943419934,-0.20563459396362306,0.9461864233016968,-0.3064899444580078,-0.10389982908964157,0.31071656942367556,0.9501224756240845,0.026880044490098954,0.09047909826040268,-0.05771693214774132,0.994224488735199],"EasingStyle":"Linear","EasingDirection":"In"},"HumanoidRootPart":{"Weight":1,"CFrame":[0,0,0,1,0,0,0,1,0,0,0,1],"EasingStyle":"Linear","EasingDirection":"In"},"Left Arm":{"Weight":1,"CFrame":[-0.18347761034965516,-0.31765514612197878,0.011688709259033203,0.4757440686225891,0.6347720623016357,0.6088777780532837,-0.8739528059959412,0.4193365275859833,0.24568919837474824,-0.09936811774969101,-0.6490156650543213,0.7542577981948853],"EasingStyle":"Linear","EasingDirection":"In"}}},{"Time":0.23333333432674409,"poses":{"Left Leg":{"Weight":1,"CFrame":[-0.42110568284988406,0.17556792497634889,-0.03296631574630737,0.9910688400268555,-0.13204674422740937,0.01861078292131424,0.1269439160823822,0.9769554734230042,0.17159044742584229,-0.04083966463804245,-0.16769550740718842,0.9849926233291626],"EasingStyle":"Linear","EasingDirection":"In"},"Right Arm":{"Weight":1,"CFrame":[-0.10480824112892151,-0.26722055673599245,-0.06967025995254517,0.6383129954338074,0.30039748549461367,-0.7087439298629761,-0.07968752831220627,0.9415531754493713,0.3273036777973175,0.7656412124633789,-0.15244419872760774,0.6249435544013977],"EasingStyle":"Linear","EasingDirection":"In"},"Head":{"Weight":1,"CFrame":[1.0896474123001099e-7,-7.450580596923828e-9,5.960464477539063e-7,0.9963681697845459,0.06057674065232277,-0.0598420649766922,-0.06257250159978867,0.9975255131721497,-0.032057832926511767,0.05775204300880432,0.03568587452173233,0.9976930022239685],"EasingStyle":"Linear","EasingDirection":"In"},"Right Leg":{"Weight":1,"CFrame":[0.1166178435087204,0.2753791809082031,0.21873390674591065,0.5923581123352051,0.4024575650691986,-0.6979539394378662,-0.2536795139312744,0.9154030680656433,0.31254467368125918,0.7646951079368591,-0.008081705309450627,0.6443417072296143],"EasingStyle":"Linear","EasingDirection":"In"},"Torso":{"Weight":1,"CFrame":[-0.09855392575263977,0.014608711004257203,-0.21503543853759767,0.956079363822937,-0.28063106536865237,-0.0846080556511879,0.28393858671188357,0.9583811163902283,0.029741009697318078,0.07274051010608673,-0.052458256483078,0.9959703683853149],"EasingStyle":"Linear","EasingDirection":"In"},"HumanoidRootPart":{"Weight":1,"CFrame":[0,0,0,1,0,0,0,1,0,0,0,1],"EasingStyle":"Linear","EasingDirection":"In"},"Left Arm":{"Weight":1,"CFrame":[-0.2053416222333908,-0.3200477659702301,0.03444552421569824,0.4122762680053711,0.6935549378395081,0.5907706618309021,-0.9106533527374268,0.3330570459365845,0.2445065677165985,-0.027181636542081834,-0.6387914419174194,0.76889967918396],"EasingStyle":"Linear","EasingDirection":"In"}}},{"Time":0.2666666805744171,"poses":{"Left Leg":{"Weight":1,"CFrame":[-0.47162872552871706,0.20507365465164185,-0.027565836906433107,0.983099102973938,-0.17687438428401948,0.04724058508872986,0.16483011841773988,0.967445969581604,0.19204014539718629,-0.07966981083154679,-0.1810077428817749,0.9802494049072266],"EasingStyle":"Linear","EasingDirection":"In"},"Right Arm":{"Weight":1,"CFrame":[-0.1118505448102951,-0.27137231826782229,-0.07806605100631714,0.5971959233283997,0.32835736870765688,-0.7318049669265747,-0.09946943819522858,0.9356418251991272,0.33864477276802065,0.7959038019180298,-0.12944510579109193,0.5914230942726135],"EasingStyle":"Linear","EasingDirection":"In"},"Head":{"Weight":1,"CFrame":[7.450580596923828e-8,-1.4901161193847657e-8,1.1920928955078126e-7,0.9950467944145203,0.060636263340711597,-0.07877212017774582,-0.06296131014823914,0.9976405501365662,-0.02737417444586754,0.07692639529705048,0.032198190689086917,0.9965167045593262],"EasingStyle":"Linear","EasingDirection":"In"},"Right Leg":{"Weight":1,"CFrame":[0.14907300472259522,0.27017104625701907,0.227203369140625,0.6198595762252808,0.39764901995658877,-0.6764979362487793,-0.2658793330192566,0.9175312519073486,0.2957104742527008,0.7382969260215759,-0.0034322072751820089,0.674467146396637],"EasingStyle":"Linear","EasingDirection":"In"},"Torso":{"Weight":1,"CFrame":[-0.06377319246530533,0.015846574679017068,-0.23232150077819825,0.9663486480712891,-0.24946075677871705,-0.06276684254407883,0.2517952620983124,0.9672377705574036,0.032407768070697787,0.05262599512934685,-0.047121595591306689,0.9975019097328186],"EasingStyle":"Linear","EasingDirection":"In"},"HumanoidRootPart":{"Weight":1,"CFrame":[0,0,0,1,0,0,0,1,0,0,0,1],"EasingStyle":"Linear","EasingDirection":"In"},"Left Arm":{"Weight":1,"CFrame":[-0.22483129799365998,-0.3227137327194214,0.0571897029876709,0.3448992073535919,0.7479875087738037,0.5670620799064636,-0.9372459650039673,0.24152493476867677,0.2514673173427582,0.05113482102751732,-0.6182073950767517,0.7843499779701233],"EasingStyle":"Linear","EasingDirection":"In"}}},{"Time":0.30000001192092898,"poses":{"Left Leg":{"Weight":1,"CFrame":[-0.5240893363952637,0.24197888374328614,-0.01624476909637451,0.9699884057044983,-0.22754809260368348,0.08570040017366409,0.2049412578344345,0.9547659754753113,0.21545539796352387,-0.13085032999515534,-0.19142574071884156,0.9727458357810974],"EasingStyle":"Linear","EasingDirection":"In"},"Right Arm":{"Weight":1,"CFrame":[-0.11788680404424668,-0.2752577066421509,-0.0852125883102417,0.5685908198356628,0.34672218561172488,-0.7459814548492432,-0.1122860312461853,0.9310599565505981,0.34715890884399416,0.8149210810661316,-0.11362814158201218,0.5683241486549377],"EasingStyle":"Linear","EasingDirection":"In"},"Head":{"Weight":1,"CFrame":[9.685754776000977e-8,2.7939677238464357e-9,-4.172325134277344e-7,0.9934959411621094,0.06066642701625824,-0.09636111557483673,-0.0633152574300766,0.9976886510848999,-0.024670224636793138,0.09464173763990402,0.03061089850962162,0.9950406551361084],"EasingStyle":"Linear","EasingDirection":"In"},"Right Leg":{"Weight":1,"CFrame":[0.1903747320175171,0.27070653438568118,0.2395467758178711,0.6460804343223572,0.39418724179267886,-0.6536027789115906,-0.2803632915019989,0.9190206527709961,0.2771237790584564,0.7099131345748901,0.004202157724648714,0.7042768597602844],"EasingStyle":"Linear","EasingDirection":"In"},"Torso":{"Weight":1,"CFrame":[-0.025286905467510225,0.01688784919679165,-0.25975632667541506,0.9763825535774231,-0.2125893235206604,-0.038508545607328418,0.2139221727848053,0.9762380123138428,0.0345923975110054,0.0302395299077034,-0.04201324284076691,0.9986594319343567],"EasingStyle":"Linear","EasingDirection":"In"},"HumanoidRootPart":{"Weight":1,"CFrame":[0,0,0,1,0,0,0,1,0,0,0,1],"EasingStyle":"Linear","EasingDirection":"In"},"Left Arm":{"Weight":1,"CFrame":[-0.2425450086593628,-0.32567670941352847,0.07898855209350586,0.2720624506473541,0.7981294989585877,0.5375606417655945,-0.9526649713516235,0.14462623000144959,0.26741865277290347,0.13568948209285737,-0.5848696827888489,0.7996974587440491],"EasingStyle":"Linear","EasingDirection":"In"}}},{"Time":0.3333333432674408,"poses":{"Left Leg":{"Weight":1,"CFrame":[-0.5740728974342346,0.28832948207855227,0.003597736358642578,0.9494088292121887,-0.2827351689338684,0.13668860495090486,0.24476821720600129,0.9389017224311829,0.24197497963905335,-0.1967519223690033,-0.19627615809440614,0.9606063365936279],"EasingStyle":"Linear","EasingDirection":"In"},"Right Arm":{"Weight":1,"CFrame":[-0.12302130460739136,-0.27884283661842348,-0.09126907587051392,0.5579450726509094,0.3533755838871002,-0.7508816123008728,-0.11686528474092484,0.9292500019073486,0.3504808843135834,0.8216080069541931,-0.10779713839292526,0.5597677826881409],"EasingStyle":"Linear","EasingDirection":"In"},"Head":{"Weight":1,"CFrame":[8.521601557731629e-8,1.8044374883174897e-9,2.384185791015625e-7,0.9918495416641235,0.06066250801086426,-0.1120472326874733,-0.063665471971035,0.997696578502655,-0.023417187854647638,0.11036859452724457,0.030359869822859765,0.9934269189834595],"EasingStyle":"Linear","EasingDirection":"In"},"Right Leg":{"Weight":1,"CFrame":[0.24069875478744508,0.2792555093765259,0.2549363374710083,0.6704208850860596,0.3921869397163391,-0.6298614144325256,-0.296507328748703,0.9197729825973511,0.2571015954017639,0.6801612973213196,0.014391999691724778,0.7329211235046387],"EasingStyle":"Linear","EasingDirection":"In"},"Torso":{"Weight":1,"CFrame":[0.016724156215786935,0.01757635548710823,-0.2996046543121338,0.9854297637939453,-0.1696595698595047,-0.011999736540019513,0.16998735070228578,0.9847897291183472,0.03596528619527817,0.005715363193303347,-0.03748106211423874,0.9992809891700745],"EasingStyle":"Linear","EasingDirection":"In"},"HumanoidRootPart":{"Weight":1,"CFrame":[0,0,0,1,0,0,0,1,0,0,0,1],"EasingStyle":"Linear","EasingDirection":"In"},"Left Arm":{"Weight":1,"CFrame":[-0.25911659002304079,-0.32893237471580508,0.09893882274627686,0.1921590119600296,0.843119740486145,0.5022192001342773,-0.9550656676292419,0.04298720881342888,0.29326045513153078,0.22566471993923188,-0.5360049605369568,0.8134950399398804],"EasingStyle":"Linear","EasingDirection":"In"}}},{"Time":0.36666667461395266,"poses":{"Left Leg":{"Weight":1,"CFrame":[-0.6161166429519653,0.3487735986709595,0.03531646728515625,0.9175042510032654,-0.3409591615200043,0.2047749012708664,0.2813532054424286,0.9203200340270996,0.2717563211917877,-0.2811162769794464,-0.1917235106229782,0.940327525138855],"EasingStyle":"Linear","EasingDirection":"In"},"Right Arm":{"Weight":1,"CFrame":[-0.12730929255485536,-0.28217387199401858,-0.09631013870239258,0.5610021352767944,0.3538272976875305,-0.748386800289154,-0.11428969353437424,0.9284993410110474,0.3533085286617279,0.8198868632316589,-0.11267397552728653,0.5613289475440979],"EasingStyle":"Linear","EasingDirection":"In"},"Head":{"Weight":1,"CFrame":[9.266659617424011e-8,-2.7939677238464357e-9,-1.1920928955078126e-7,0.9903295636177063,0.06066921353340149,-0.1247662752866745,-0.06397116929292679,0.99769526720047,-0.022627584636211396,0.12310589849948883,0.03039020299911499,0.9919281601905823],"EasingStyle":"Linear","EasingDirection":"In"},"Right Leg":{"Weight":1,"CFrame":[0.29939574003219607,0.3003305196762085,0.27275919914245608,0.6915925741195679,0.39158621430397036,-0.6069266200065613,-0.3133772015571594,0.9197524785995483,0.23632682859897614,0.6507646441459656,0.026755139231681825,0.7588081359863281],"EasingStyle":"Linear","EasingDirection":"In"},"Torso":{"Weight":1,"CFrame":[0.061988599598407748,0.017735514789819719,-0.35598301887512209,0.9925920367240906,-0.12037978321313858,0.016424087807536126,0.11972766369581223,0.9921482801437378,0.03615666180849075,-0.02064765803515911,-0.03392239660024643,0.9992112517356873],"EasingStyle":"Linear","EasingDirection":"In"},"HumanoidRootPart":{"Weight":1,"CFrame":[0,0,0,1,0,0,0,1,0,0,0,1],"EasingStyle":"Linear","EasingDirection":"In"},"Left Arm":{"Weight":1,"CFrame":[-0.2752160429954529,-0.33239907026290896,0.11663150787353516,0.10430850833654404,0.8811601996421814,0.4611685574054718,-0.9422757029533386,-0.060787394642829898,0.32927387952804568,0.3181764483451843,-0.46889403462409975,0.8239553570747376],"EasingStyle":"Linear","EasingDirection":"In"}}},{"Time":0.4000000059604645,"poses":{"Left Leg":{"Weight":1,"CFrame":[-0.6319217681884766,0.40603506565093996,0.07351267337799072,0.8771397471427918,-0.39080050587654116,0.27910715341567995,0.30633750557899477,0.9029083847999573,0.3015192747116089,-0.36984220147132876,-0.17897363007068635,0.9116936922073364],"EasingStyle":"Linear","EasingDirection":"In"},"Right Arm":{"Weight":1,"CFrame":[-0.13079315423965455,-0.2852994203567505,-0.10037487745285034,0.5698620676994324,0.35316306352615359,-0.7419792413711548,-0.10457023233175278,0.9267617464065552,0.360801637172699,0.8150597810745239,-0.12801824510097505,0.5650567412376404],"EasingStyle":"Linear","EasingDirection":"In"},"Head":{"Weight":1,"CFrame":[7.613562047481537e-8,-1.1175870895385743e-8,1.1920928955078126e-7,0.9892163276672363,0.06067662313580513,-0.13330233097076417,-0.0641900897026062,0.9976904392242432,-0.02221565507352352,0.13164648413658143,0.030532771721482278,0.9908264875411987],"EasingStyle":"Linear","EasingDirection":"In"},"Right Leg":{"Weight":1,"CFrame":[0.3568101227283478,0.31821006536483767,0.2770167589187622,0.723328173160553,0.38494500517845156,-0.5732484459877014,-0.32201966643333437,0.9224370121955872,0.21310406923294068,0.6108189225196838,0.0304531529545784,0.7911845445632935],"EasingStyle":"Linear","EasingDirection":"In"},"Torso":{"Weight":1,"CFrame":[0.10994367301464081,0.017155731096863748,-0.406527042388916,0.9968581199645996,-0.06456359475851059,0.0458846352994442,0.06299810111522675,0.9974073171615601,0.03478347510099411,-0.0480114109814167,-0.031783539801836017,0.9983410835266113],"EasingStyle":"Linear","EasingDirection":"In"},"HumanoidRootPart":{"Weight":1,"CFrame":[0,0,0,1,0,0,0,1,0,0,0,1],"EasingStyle":"Linear","EasingDirection":"In"},"Left Arm":{"Weight":1,"CFrame":[-0.29151269793510439,-0.3358125686645508,0.13230955600738526,0.010034359060227871,0.9102990627288818,0.41382989287376406,-0.9138098955154419,-0.15969155728816987,0.3734302222728729,0.40601837635040285,-0.38190898299217226,0.8302378058433533],"EasingStyle":"Linear","EasingDirection":"In"}}},{"Time":0.4333333373069763,"poses":{"Left Leg":{"Weight":1,"CFrame":[-0.621137797832489,0.43691277503967287,0.10908758640289307,0.8360767364501953,-0.4281068444252014,0.3430747389793396,0.32064753770828249,0.888742983341217,0.32759910821914675,-0.4451526403427124,-0.16389186680316926,0.8803287148475647],"EasingStyle":"Linear","EasingDirection":"In"},"Right Arm":{"Weight":1,"CFrame":[-0.13356263935565949,-0.2881995737552643,-0.10356444120407105,0.5839118957519531,0.34827592968940737,-0.7333149909973145,-0.08488356322050095,0.9245420694351196,0.3715062141418457,0.807367205619812,-0.15468056499958039,0.569413959980011],"EasingStyle":"Linear","EasingDirection":"In"},"Head":{"Weight":1,"CFrame":[1.1577958503039554e-7,-6.111804395914078e-9,2.384185791015625e-7,0.9887905716896057,0.0606798455119133,-0.13642331957817079,-0.06427457183599472,0.997687578201294,-0.022097185254096986,0.13476698100566865,0.030618032440543176,0.9904042482376099],"EasingStyle":"Linear","EasingDirection":"In"},"Right Leg":{"Weight":1,"CFrame":[0.4043951630592346,0.3140524625778198,0.256852388381958,0.7734436392784119,0.36541905999183657,-0.5179322361946106,-0.31533023715019228,0.9306348562240601,0.18570294976234437,0.5498653054237366,0.01968889869749546,0.8350213170051575],"EasingStyle":"Linear","EasingDirection":"In"},"Torso":{"Weight":1,"CFrame":[0.15968099236488343,0.01565028354525566,-0.4268953800201416,0.997157633304596,-0.0021857430692762138,0.07531193643808365,-0.00019059352052863687,0.9995028376579285,0.031531620770692828,-0.07534340769052506,-0.0314563550055027,0.996661365032196],"EasingStyle":"Linear","EasingDirection":"In"},"HumanoidRootPart":{"Weight":1,"CFrame":[0,0,0,1,0,0,0,1,0,0,0,1],"EasingStyle":"Linear","EasingDirection":"In"},"Left Arm":{"Weight":1,"CFrame":[-0.3086436986923218,-0.33887115120887759,0.14618098735809327,-0.08804059028625488,0.9292550086975098,0.35879531502723696,-0.8721691966056824,-0.24591854214668275,0.42290034890174868,0.4812168776988983,-0.2756979167461395,0.8321185111999512],"EasingStyle":"Linear","EasingDirection":"In"}}},{"Time":0.46666666865348818,"poses":{"Left Leg":{"Weight":1,"CFrame":[-0.5935941338539124,0.451236367225647,0.1455775499343872,0.7912191152572632,-0.45909595489501955,0.4039841294288635,0.32961562275886538,0.8765963912010193,0.35061705112457278,-0.5150979161262512,-0.14425550401210786,0.8449050188064575],"EasingStyle":"Linear","EasingDirection":"In"},"Right Arm":{"Weight":1,"CFrame":[-0.13570716977119447,-0.2908571660518646,-0.10597890615463257,0.6023028492927551,0.33601629734039309,-0.7241025567054749,-0.05253709852695465,0.9218114614486694,0.38406193256378176,0.796536922454834,-0.1932794749736786,0.5728629231452942],"EasingStyle":"Linear","EasingDirection":"In"},"Head":{"Weight":1,"CFrame":[9.057112038135529e-8,-3.725290298461914e-9,2.384185791015625e-7,0.9902404546737671,0.06068607419729233,-0.12546339631080628,-0.06403251737356186,0.9976871013641357,-0.022810522466897966,0.12378890812397003,0.030621636658906938,0.9918360710144043],"EasingStyle":"Linear","EasingDirection":"In"},"Right Leg":{"Weight":1,"CFrame":[0.44205987453460696,0.2991769313812256,0.2221078872680664,0.8287143111228943,0.3345305621623993,-0.4486893117427826,-0.29562586545944216,0.9423804879188538,0.15660202503204347,0.47522419691085818,0.00286578806117177,0.8798601031303406],"EasingStyle":"Linear","EasingDirection":"In"},"Torso":{"Weight":1,"CFrame":[0.20928862690925599,0.013096647337079049,-0.4301156997680664,0.9923913478851318,0.06657198071479798,0.10357493907213211,-0.06963164359331131,0.9972285032272339,0.026206614449620248,-0.10154327005147934,-0.03321930766105652,0.9942763447761536],"EasingStyle":"Linear","EasingDirection":"In"},"HumanoidRootPart":{"Weight":1,"CFrame":[0,0,0,1,0,0,0,1,0,0,0,1],"EasingStyle":"Linear","EasingDirection":"In"},"Left Arm":{"Weight":1,"CFrame":[-0.3272143006324768,-0.34131476283073428,0.15837407112121583,-0.1869106888771057,0.9374040365219116,0.29383349418640139,-0.8226554989814758,-0.3128375709056854,0.47473210096359255,0.5369381308555603,-0.1529911607503891,0.8296332955360413],"EasingStyle":"Linear","EasingDirection":"In"}}},{"Time":0.5,"poses":{"Left Leg":{"Weight":1,"CFrame":[-0.5497716069221497,0.45457005500793459,0.18349230289459229,0.7408809661865234,-0.48408886790275576,0.46556833386421206,0.33356013894081118,0.8668584227561951,0.3705322742462158,-0.5829521417617798,-0.11922519654035568,0.8037112951278687],"EasingStyle":"Linear","EasingDirection":"In"},"Right Arm":{"Weight":1,"CFrame":[-0.13731594383716584,-0.2932600677013397,-0.10771918296813965,0.6237901449203491,0.3132008910179138,-0.716094434261322,-0.0048529296182096008,0.9177342057228088,0.39716529846191409,0.7815767526626587,-0.24427276849746705,0.573993444442749],"EasingStyle":"Linear","EasingDirection":"In"},"Head":{"Weight":1,"CFrame":[1.0849907994270325e-7,1.30385160446167e-8,1.1920928955078126e-7,0.9935510158538818,0.06070072203874588,-0.0957692563533783,-0.06333644688129425,0.9976860284805298,-0.024723369628190995,0.09404692053794861,0.030629612505435945,0.9950965642929077],"EasingStyle":"Linear","EasingDirection":"In"},"Right Leg":{"Weight":1,"CFrame":[0.4667695462703705,0.2784874439239502,0.17834806442260743,0.8816297054290772,0.2924724221229553,-0.3703903555870056,-0.2634828984737396,0.9561544060707092,0.12784981727600099,0.39154288172721865,-0.015124745666980744,0.9200356006622315],"EasingStyle":"Linear","EasingDirection":"In"},"Torso":{"Weight":1,"CFrame":[0.25658947229385378,0.009497813880443573,-0.42188024520874026,0.981615424156189,0.14021684229373933,0.12950065732002259,-0.14381884038448335,0.9894245266914368,0.018847815692424775,-0.12548834085464478,-0.03712594509124756,0.9914001822471619],"EasingStyle":"Linear","EasingDirection":"In"},"HumanoidRootPart":{"Weight":1,"CFrame":[0,0,0,1,0,0,0,1,0,0,0,1],"EasingStyle":"Linear","EasingDirection":"In"},"Left Arm":{"Weight":1,"CFrame":[-0.3478114604949951,-0.34295445680618288,0.16897249221801759,-0.28336676955223086,0.9344093799591065,0.21583007276058198,-0.77260822057724,-0.3557588458061218,0.5258440375328064,0.5681371092796326,-0.01774546317756176,0.8227425813674927],"EasingStyle":"Linear","EasingDirection":"In"}}},{"Time":0.5333333611488342,"poses":{"Left Leg":{"Weight":1,"CFrame":[-0.4941657483577728,0.4468364715576172,0.2160191535949707,0.6909835934638977,-0.5011035799980164,0.5209959745407105,0.3324662744998932,0.8602835536003113,0.3864951729774475,-0.6418784260749817,-0.09384820610284805,0.7610419392585754],"EasingStyle":"Linear","EasingDirection":"In"},"Right Arm":{"Weight":1,"CFrame":[-0.13847817480564118,-0.2953968644142151,-0.10888707637786865,0.6464306712150574,0.27658921480178835,-0.7110736966133118,0.0608784519135952,0.9103081226348877,0.40943020582199099,0.7605400681495667,-0.30795741081237795,0.5716127157211304],"EasingStyle":"Linear","EasingDirection":"In"},"Head":{"Weight":1,"CFrame":[1.0291114449501038e-7,-2.7939677238464357e-9,3.5762786865234377e-7,0.996793270111084,0.060717400163412097,-0.05212205648422241,-0.06220880523324013,0.9976847767829895,-0.02748343162238598,0.050332650542259219,0.03063775599002838,0.9982624650001526],"EasingStyle":"Linear","EasingDirection":"In"},"Right Leg":{"Weight":1,"CFrame":[0.47070029377937319,0.2505640387535095,0.13123905658721925,0.9264700412750244,0.2398197203874588,-0.290069043636322,-0.21945405006408692,0.9703471660614014,0.10132300853729248,0.3057670593261719,-0.03021576628088951,0.9516268968582153],"EasingStyle":"Linear","EasingDirection":"In"},"Torso":{"Weight":1,"CFrame":[0.2994338572025299,0.005166774615645409,-0.40164637565612795,0.9651792049407959,0.21292081475257874,0.15196733176708222,-0.21692395210266114,0.9761365652084351,0.010072147473692894,-0.14619630575180055,-0.04268677532672882,0.9883342981338501],"EasingStyle":"Linear","EasingDirection":"In"},"HumanoidRootPart":{"Weight":1,"CFrame":[0,0,0,1,0,0,0,1,0,0,0,1],"EasingStyle":"Linear","EasingDirection":"In"},"Left Arm":{"Weight":1,"CFrame":[-0.37103113532066347,-0.34368449449539187,0.17805814743041993,-0.37397852540016177,0.9195160865783691,0.12095537036657334,-0.7302804589271545,-0.3723548948764801,0.5727497935295105,0.5716909766197205,0.125864639878273,0.8107574582099915],"EasingStyle":"Linear","EasingDirection":"In"}}},{"Time":0.5666666626930237,"poses":{"Left Leg":{"Weight":1,"CFrame":[-0.43568700551986697,0.43056797981262209,0.2375326156616211,0.6488330960273743,-0.5104552507400513,0.5643150210380554,0.32770243287086489,0.8567623496055603,0.39820778369903567,-0.6867510080337524,-0.07344304025173187,0.7231729626655579],"EasingStyle":"Linear","EasingDirection":"In"},"Right Arm":{"Weight":1,"CFrame":[-0.1392829865217209,-0.2972637414932251,-0.10958611965179444,0.6671158671379089,0.22292187809944154,-0.7108181118965149,0.14725728332996369,0.8958880305290222,0.41916581988334658,0.730254590511322,-0.384305477142334,0.5648341774940491],"EasingStyle":"Linear","EasingDirection":"In"},"Head":{"Weight":1,"CFrame":[7.930793799459934e-8,1.7462298274040223e-9,-3.5762786865234377e-7,0.9981541633605957,0.06072958558797836,0.0005286521627567709,-0.06068466603755951,0.9976838827133179,-0.030731134116649629,-0.0023937043733894827,0.030642332509160043,0.9995275139808655],"EasingStyle":"Linear","EasingDirection":"In"},"Right Leg":{"Weight":1,"CFrame":[0.45068714022636416,0.21649044752120973,0.08787679672241211,0.9596425890922546,0.1801753044128418,-0.2159234583377838,-0.16680335998535157,0.9828375577926636,0.07878463715314865,0.22641269862651826,-0.03958823159337044,0.9732266664505005],"EasingStyle":"Linear","EasingDirection":"In"},"Torso":{"Weight":1,"CFrame":[0.33581429719924929,0.0006693540490232408,-0.37263965606689455,0.9453211426734924,0.2782585918903351,0.17011789977550507,-0.282534658908844,0.9592567086219788,0.0009676026529632509,-0.16291746497154237,-0.048978909850120547,0.9854233264923096],"EasingStyle":"Linear","EasingDirection":"In"},"HumanoidRootPart":{"Weight":1,"CFrame":[0,0,0,1,0,0,0,1,0,0,0,1],"EasingStyle":"Linear","EasingDirection":"In"},"Left Arm":{"Weight":1,"CFrame":[-0.3975421190261841,-0.34352460503578188,0.18576407432556153,-0.45583945512771609,0.8900445699691773,0.005586466286331415,-0.702886700630188,-0.36382219195365908,0.611214816570282,0.5460410118103027,0.2746891975402832,0.7914451360702515],"EasingStyle":"Linear","EasingDirection":"In"}}},{"Time":0.6000000238418579,"poses":{"Left Leg":{"Weight":1,"CFrame":[-0.38501012325286868,0.4073905348777771,0.24517107009887696,0.622590959072113,-0.5139477252960205,0.5901172757148743,0.32176655530929568,0.8555298447608948,0.4056291878223419,-0.7133350968360901,-0.06266098469495774,0.6980162262916565],"EasingStyle":"Linear","EasingDirection":"In"},"Right Arm":{"Weight":1,"CFrame":[-0.1398245096206665,-0.2988426685333252,-0.10987460613250733,0.6807319521903992,0.1459374725818634,-0.7178483605384827,0.2594604194164276,0.8683894276618958,0.42258715629577639,0.6850432753562927,-0.4739220440387726,0.553275465965271],"EasingStyle":"Linear","EasingDirection":"In"},"Head":{"Weight":1,"CFrame":[7.427297532558441e-8,-1.5832483768463136e-8,-5.960464477539063e-8,0.9965245127677918,0.060730136930942538,0.057014793157577518,-0.05884895846247673,0.9976838231086731,-0.03411436080932617,-0.05895449221134186,0.03064051643013954,0.9977903962135315],"EasingStyle":"Linear","EasingDirection":"In"},"Right Leg":{"Weight":1,"CFrame":[0.406792014837265,0.17783284187316895,0.05312776565551758,0.9809895753860474,0.11794872581958771,-0.15410271286964417,-0.10965150594711304,0.9920777678489685,0.061303745955228809,0.16011285781860352,-0.04324061796069145,0.9861512780189514],"EasingStyle":"Linear","EasingDirection":"In"},"Torso":{"Weight":1,"CFrame":[0.363899290561676,-0.0033000269904732706,-0.3380875587463379,0.9257551431655884,0.3306560814380646,0.18342354893684388,-0.3350996673107147,0.942155659198761,-0.007138238288462162,-0.175173819065094,-0.05485690012574196,0.9830081462860107],"EasingStyle":"Linear","EasingDirection":"In"},"HumanoidRootPart":{"Weight":1,"CFrame":[0,0,0,1,0,0,0,1,0,0,0,1],"EasingStyle":"Linear","EasingDirection":"In"},"Left Arm":{"Weight":1,"CFrame":[-0.4281156063079834,-0.3425680994987488,0.19227337837219239,-0.5248186588287354,0.8407338261604309,-0.1331622451543808,-0.6959729194641113,-0.333751380443573,0.6357920169830322,0.4900888204574585,0.42635270953178408,0.7602871656417847],"EasingStyle":"Linear","EasingDirection":"In"}}},{"Time":0.6333333253860474,"poses":{"Left Leg":{"Weight":1,"CFrame":[-0.3516553044319153,0.3788166046142578,0.23914611339569093,0.6190686225891113,-0.5134571194648743,0.5942352414131165,0.3173518478870392,0.8556903004646301,0.40875640511512759,-0.7183606028556824,-0.06446664035320282,0.692677915096283],"EasingStyle":"Linear","EasingDirection":"In"},"Right Arm":{"Weight":1,"CFrame":[-0.14020034670829774,-0.30014246702194216,-0.10714268684387207,0.6809030771255493,0.04749046266078949,-0.7308322191238403,0.39124593138694765,0.8199814558029175,0.4178001284599304,0.6191104650497437,-0.5704166293144226,0.539747416973114],"EasingStyle":"Linear","EasingDirection":"In"},"Head":{"Weight":1,"CFrame":[1.2712553143501283e-7,1.862645149230957e-9,0,0.9918429