{"Sequence":[{"Time":0,"poses":{"Left Leg":{"Weight":1,"CFrame":[-0.2587207853794098,0.10926282405853272,0.09587502479553223,0.9300246834754944,-0.20372727513313294,0.30585819482803347,0.1828969269990921,0.9784720540046692,0.09560903161764145,-0.3187519311904907,-0.03297818824648857,0.9472643733024597],"EasingStyle":"Linear","EasingDirection":"In"},"Right Arm":{"Weight":1,"CFrame":[-0.020770451053977014,-0.6648415327072144,0.14218759536743165,-0.7394606471061707,-0.5641132593154907,0.3673885762691498,0.6510915756225586,-0.7379972338676453,0.17731279134750367,0.1711072474718094,0.37031951546669009,0.9130092859268189],"EasingStyle":"Linear","EasingDirection":"In"},"Head":{"Weight":1,"CFrame":[8.887943181434821e-8,0,0.016662120819091798,0.9999547004699707,-0.009493880905210972,-0.0007596269133500755,0.009496975690126419,0.9999462962150574,0.0041713714599609379,0.0007199739338830113,-0.004178404342383146,0.9999910593032837],"EasingStyle":"Linear","EasingDirection":"In"},"Right Leg":{"Weight":1,"CFrame":[0.2862577736377716,0.09008967876434326,0.09552109241485596,0.9363479614257813,0.2114233821630478,-0.2802724838256836,-0.20208719372749329,0.9773933291435242,0.0621534027159214,0.2870771586894989,-0.0015577710000798107,0.9579062461853027],"EasingStyle":"Linear","EasingDirection":"In"},"Torso":{"Weight":1,"CFrame":[0,0,-0.10766792297363281,1,2.384185791015625e-7,-8.742277657347586e-8,-2.384185791015625e-7,1,2.084321417176148e-14,8.742277657347586e-8,0,1],"EasingStyle":"Linear","EasingDirection":"In"},"HumanoidRootPart":{"Weight":1,"CFrame":[0,0,0,1,0,0,0,1,0,0,0,1],"EasingStyle":"Linear","EasingDirection":"In"},"Left Arm":{"Weight":1,"CFrame":[0.018618058413267137,-0.6404145956039429,0.15560698509216309,-0.7680677175521851,0.4916306734085083,-0.41033080220222475,-0.5960891246795654,-0.7830297946929932,0.17760176956653596,-0.23398666083812715,0.381003737449646,0.8944754600524902],"EasingStyle":"Linear","EasingDirection":"In"}}},{"Time":0.03333333507180214,"poses":{"Left Leg":{"Weight":1,"CFrame":[-0.23995594680309297,0.10118025541305542,0.10387599468231201,0.9234853982925415,-0.1923888772726059,0.3319055438041687,0.1772872656583786,0.9812583923339844,0.07550624758005142,-0.3402117192745209,-0.010886299423873425,0.940285861492157],"EasingStyle":"Linear","EasingDirection":"In"},"Right Arm":{"Weight":1,"CFrame":[-0.015575125813484192,-0.6643831729888916,0.13897478580474854,-0.7254855632781982,-0.5812692642211914,0.3685062527656555,0.6678302884101868,-0.7239792346954346,0.17279058694839478,0.16635295748710633,0.3714566230773926,0.9134258031845093],"EasingStyle":"Linear","EasingDirection":"In"},"Head":{"Weight":1,"CFrame":[8.777715265750885e-8,1.1568772606551648e-9,0.016661763191223146,0.9991394877433777,-0.04081069678068161,0.0074080489575862888,0.04069739580154419,0.999061107635498,0.01485208049416542,-0.008007214404642582,-0.014537807554006577,0.9998623132705689],"EasingStyle":"Linear","EasingDirection":"In"},"Right Leg":{"Weight":1,"CFrame":[0.3093775510787964,0.11069482564926148,0.0883864164352417,0.9473981261253357,0.19153699278831483,-0.25641849637031557,-0.17879866063594819,0.9812234044075012,0.07233128696680069,0.26545801758766177,-0.02267930470407009,0.9638557434082031],"EasingStyle":"Linear","EasingDirection":"In"},"Torso":{"Weight":1,"CFrame":[0.007612194865942001,-0.013518385589122773,-0.10967516899108887,0.9996392726898193,0.02543271891772747,-0.008632088080048561,-0.02557205595076084,0.9995378851890564,-0.016434527933597566,0.00821012444794178,0.016649339348077775,0.9998276829719544],"EasingStyle":"Linear","EasingDirection":"In"},"HumanoidRootPart":{"Weight":1,"CFrame":[0,0,0,1,0,0,0,1,0,0,0,1],"EasingStyle":"Linear","EasingDirection":"In"},"Left Arm":{"Weight":1,"CFrame":[0.01945728063583374,-0.6394158601760864,0.15474653244018556,-0.7502356171607971,0.5165862441062927,-0.4126565456390381,-0.6207225322723389,-0.7652637958526611,0.17051337659358979,-0.22770625352859498,0.38407039642333987,0.8947847485542297],"EasingStyle":"Linear","EasingDirection":"In"}}},{"Time":0.06666667014360428,"poses":{"Left Leg":{"Weight":1,"CFrame":[-0.21085774898529054,0.08280092477798462,0.1266254186630249,0.9043652415275574,-0.17044338583946229,0.39124467968940737,0.17531733214855195,0.9842308759689331,0.023526685312390329,-0.3890851140022278,0.04731527343392372,0.9199860095977783],"EasingStyle":"Linear","EasingDirection":"In"},"Right Arm":{"Weight":1,"CFrame":[-0.0005461536347866058,-0.663218080997467,0.12974274158477784,-0.6879482269287109,-0.6246010661125183,0.36959537863731387,0.7094428539276123,-0.686127245426178,0.16099803149700166,0.1530299037694931,0.3729650378227234,0.9151387214660645],"EasingStyle":"Linear","EasingDirection":"In"},"Head":{"Weight":1,"CFrame":[8.102506399154663e-8,-1.9208528101444246e-9,0.01666247844696045,0.9927566647529602,-0.11674223095178604,0.02838057279586792,0.11557850241661072,0.9925057888031006,0.039673857390880588,-0.03279948607087135,-0.03610628843307495,0.9988095760345459],"EasingStyle":"Linear","EasingDirection":"In"},"Right Leg":{"Weight":1,"CFrame":[0.3729153871536255,0.17045027017593385,0.06732046604156494,0.9686759114265442,0.14690865576267243,-0.20021188259124757,-0.12815602123737336,0.9863200783729553,0.1036767065525055,0.21270404756069184,-0.07477084547281265,0.9742516875267029],"EasingStyle":"Linear","EasingDirection":"In"},"Torso":{"Weight":1,"CFrame":[0.0255502387881279,-0.04484829306602478,-0.12426424026489258,0.9958159327507019,0.0852336660027504,-0.03295225650072098,-0.08694406598806381,0.9947201013565064,-0.05452283099293709,0.028131093829870225,0.05715970695018768,0.9979686737060547],"EasingStyle":"Linear","EasingDirection":"In"},"HumanoidRootPart":{"Weight":1,"CFrame":[0,0,0,1,0,0,0,1,0,0,0,1],"EasingStyle":"Linear","EasingDirection":"In"},"Left Arm":{"Weight":1,"CFrame":[0.021559640765190126,-0.6366258263587952,0.15208697319030763,-0.700997531414032,0.5796066522598267,-0.41552212834358218,-0.6813127994537354,-0.7164543867111206,0.15002073347568513,-0.21074965596199037,0.38826456665992739,0.8971260190010071],"EasingStyle":"Linear","EasingDirection":"In"}}},{"Time":0.10000000149011612,"poses":{"Left Leg":{"Weight":1,"CFrame":[-0.20649442076683045,0.063448965549469,0.16747140884399415,0.8765161633491516,-0.1545998454093933,0.4558711349964142,0.1972789317369461,0.9792088270187378,-0.04723404347896576,-0.43909063935279848,0.13133513927459718,0.888791561126709],"EasingStyle":"Linear","EasingDirection":"In"},"Right Arm":{"Weight":1,"CFrame":[0.02349848300218582,-0.6616618633270264,0.11509335041046143,-0.6331616044044495,-0.6813948750495911,0.3671615421772003,0.7625460028648377,-0.6305034160614014,0.14487618207931519,0.13277871906757356,0.37170758843421938,0.9188053607940674],"EasingStyle":"Linear","EasingDirection":"In"},"Head":{"Weight":1,"CFrame":[7.450580596923828e-8,-6.28642737865448e-9,0.016661763191223146,0.976157546043396,-0.2093200534582138,0.05746031552553177,0.20538143813610078,0.9763449430465698,0.06759525090456009,-0.07025020569562912,-0.05418229103088379,0.996056854724884],"EasingStyle":"Linear","EasingDirection":"In"},"Right Leg":{"Weight":1,"CFrame":[0.46169519424438479,0.2681070566177368,0.02794933319091797,0.9857484698295593,0.09891003370285034,-0.13607630133628846,-0.07718983292579651,0.9846498966217041,0.15654483437538148,0.1494714319705963,-0.14381013810634614,0.9782519936561585],"EasingStyle":"Linear","EasingDirection":"In"},"Torso":{"Weight":1,"CFrame":[0.04734580218791962,-0.07995344698429108,-0.16393661499023438,0.9855888485908508,0.1542099267244339,-0.06952764093875885,-0.1605415791273117,0.9822314381599426,-0.09720075875520706,0.053302910178899768,0.10696206986904144,0.9928332567214966],"EasingStyle":"Linear","EasingDirection":"In"},"HumanoidRootPart":{"Weight":1,"CFrame":[0,0,0,1,0,0,0,1,0,0,0,1],"EasingStyle":"Linear","EasingDirection":"In"},"Left Arm":{"Weight":1,"CFrame":[0.024257808923721315,-0.6323475241661072,0.14749860763549806,-0.626423716545105,0.6617152690887451,-0.4119786024093628,-0.7567715048789978,-0.6429395079612732,0.118008092045784,-0.18678949773311616,0.3856965899467468,0.9035197496414185],"EasingStyle":"Linear","EasingDirection":"In"}}},{"Time":0.13333334028720857,"poses":{"Left Leg":{"Weight":1,"CFrame":[-0.2848300337791443,0.06828153133392334,0.25714850425720217,0.844852864742279,-0.18258164823055268,0.50287926197052,0.27860063314437868,0.9526017904281616,-0.12219417095184326,-0.4567333459854126,0.24333855509757996,0.8556758761405945],"EasingStyle":"Linear","EasingDirection":"In"},"Right Arm":{"Weight":1,"CFrame":[0.05569111555814743,-0.6600752472877502,0.0956350564956665,-0.5688481330871582,-0.740352213382721,0.35817649960517886,0.8153712749481201,-0.5646529793739319,0.1278153359889984,0.10761704295873642,0.36475425958633425,0.9248636960983276],"EasingStyle":"Linear","EasingDirection":"In"},"Head":{"Weight":1,"CFrame":[9.685754776000977e-8,-3.5390257835388186e-8,0.016662120819091798,0.9524999260902405,-0.29053524136543276,0.09128595888614655,0.28308558464050295,0.9552015662193298,0.08632855117321015,-0.11227796971797943,-0.05638626590371132,0.9920757412910461],"EasingStyle":"Linear","EasingDirection":"In"},"Right Leg":{"Weight":1,"CFrame":[0.5930215716362,0.4272107481956482,-0.03605341911315918,0.9918020963668823,0.09244782477617264,-0.08821592479944229,-0.07006195932626724,0.9707542061805725,0.22962512075901032,0.10686435550451279,-0.22156204283237458,0.9692730903625488],"EasingStyle":"Linear","EasingDirection":"In"},"Torso":{"Weight":1,"CFrame":[0.06934815645217896,-0.10631972551345825,-0.2697103023529053,0.9716024994850159,0.20870162546634675,-0.11149994283914566,-0.22240608930587769,0.9663481712341309,-0.12925468385219575,0.08077210932970047,0.15038242936134339,0.9853227734565735],"EasingStyle":"Linear","EasingDirection":"In"},"HumanoidRootPart":{"Weight":1,"CFrame":[0,0,0,1,0,0,0,1,0,0,0,1],"EasingStyle":"Linear","EasingDirection":"In"},"Left Arm":{"Weight":1,"CFrame":[0.02693970501422882,-0.6270124316215515,0.14087975025177003,-0.5365332365036011,0.7455697059631348,-0.39529475569725039,-0.8283283710479736,-0.5548058152198792,0.0778641626238823,-0.16125865280628205,0.3692103624343872,0.9152482151985169],"EasingStyle":"Linear","EasingDirection":"In"}}},{"Time":0.1666666716337204,"poses":{"Left Leg":{"Weight":1,"CFrame":[-0.32994264364242556,0.049874067306518558,0.3100835084915161,0.8334190249443054,-0.19603005051612855,0.5167059898376465,0.3345591425895691,0.9231458306312561,-0.18939918279647828,-0.4398670196533203,0.3307175934314728,0.8349508047103882],"EasingStyle":"Linear","EasingDirection":"In"},"Right Arm":{"Weight":1,"CFrame":[0.09505490213632584,-0.6588947176933289,0.07200074195861817,-0.5047207474708557,-0.7933437824249268,0.34038642048835757,0.8596010208129883,-0.4982287585735321,0.11337627470493317,0.07964392751455307,0.3498196303844452,0.9334253668785095],"EasingStyle":"Linear","EasingDirection":"In"},"Head":{"Weight":1,"CFrame":[8.195638656616211e-8,-4.377216100692749e-8,0.016662240028381349,0.9337011575698853,-0.334734708070755,0.12710215151309968,0.32643312215805056,0.9416612982749939,0.08194798976182938,-0.14711803197860719,-0.03502462059259415,0.9884986877441406],"EasingStyle":"Linear","EasingDirection":"In"},"Right Leg":{"Weight":1,"CFrame":[0.6518588662147522,0.5472712516784668,-0.10302096605300904,0.9929155111312866,0.09225911647081375,-0.07488077878952027,-0.06519484519958496,0.9498553276062012,0.3058178424835205,0.09934038668870926,-0.29876944422721865,0.9491407871246338],"EasingStyle":"Linear","EasingDirection":"In"},"Torso":{"Weight":1,"CFrame":[0.08984827995300293,-0.11439341306686402,-0.3493940830230713,0.9619242548942566,0.22870635986328126,-0.1496502310037613,-0.2494896948337555,0.9583393931388855,-0.13906998932361604,0.11160951852798462,0.17111097276210786,0.9789097905158997],"EasingStyle":"Linear","EasingDirection":"In"},"HumanoidRootPart":{"Weight":1,"CFrame":[0,0,0,1,0,0,0,1,0,0,0,1],"EasingStyle":"Linear","EasingDirection":"In"},"Left Arm":{"Weight":1,"CFrame":[0.029170989990234376,-0.6212266683578491,0.13219153881072999,-0.4467584192752838,0.8189494609832764,-0.3601790964603424,-0.8835334181785584,-0.467151403427124,0.03374055027961731,-0.14062640070915223,0.33330395817756655,0.9322727918624878],"EasingStyle":"Linear","EasingDirection":"In"}}},{"Time":0.20000000298023225,"poses":{"Left Leg":{"Weight":1,"CFrame":[-0.32766208052635195,0.007044315338134766,0.28724730014801028,0.8446188569068909,-0.1975676566362381,0.4975804388523102,0.3419392704963684,0.9142225980758667,-0.2174273431301117,-0.41194266080856326,0.3537854850292206,0.8397256135940552],"EasingStyle":"Linear","EasingDirection":"In"},"Right Arm":{"Weight":1,"CFrame":[0.14049382507801057,-0.6586027145385742,0.044844985008239749,-0.45183494687080386,-0.8357642292976379,0.3119990825653076,0.8906745910644531,-0.4423973560333252,0.10480156540870667,0.05043819919228554,0.32524263858795168,0.9442844986915588],"EasingStyle":"Linear","EasingDirection":"In"},"Head":{"Weight":1,"CFrame":[1.30385160446167e-7,-5.029141902923584e-8,0.016662120819091798,0.929427981376648,-0.33273017406463625,0.159543976187706,0.3300620913505554,0.9429455995559692,0.04373401775956154,-0.16499294340610505,0.01201179064810276,0.9862216711044312],"EasingStyle":"Linear","EasingDirection":"In"},"Right Leg":{"Weight":1,"CFrame":[0.6352860927581787,0.5614194869995117,-0.13156753778457642,0.9905463457107544,0.10029849410057068,-0.09358493238687515,-0.05681825056672096,0.920918345451355,0.38559210300445559,0.12485838681459427,-0.3766295611858368,0.9179110527038574],"EasingStyle":"Linear","EasingDirection":"In"},"Torso":{"Weight":1,"CFrame":[0.10519051551818848,-0.09844416379928589,-0.30123138427734377,0.9613317847251892,0.21087341010570527,-0.17712616920471192,-0.23371003568172456,0.9649126529693604,-0.11968023329973221,0.14567387104034425,0.1564485877752304,0.9768843054771423],"EasingStyle":"Linear","EasingDirection":"In"},"HumanoidRootPart":{"Weight":1,"CFrame":[0,0,0,1,0,0,0,1,0,0,0,1],"EasingStyle":"Linear","EasingDirection":"In"},"Left Arm":{"Weight":1,"CFrame":[0.030727356672286989,-0.6156793832778931,0.12144041061401367,-0.376022070646286,0.8757054805755615,-0.3028986155986786,-0.9173728823661804,-0.39786496758461,-0.011422909796237946,-0.13051585853099824,0.27357563376426699,0.9529543519020081],"EasingStyle":"Linear","EasingDirection":"In"}}},{"Time":0.23333333432674409,"poses":{"Left Leg":{"Weight":1,"CFrame":[-0.34640637040138247,-0.006714463233947754,0.2510775327682495,0.8600289225578308,-0.2311290204524994,0.4548950791358948,0.34927433729171755,0.9165840148925781,-0.1946311891078949,-0.37196478247642519,0.32627159357070925,0.869016170501709],"EasingStyle":"Linear","EasingDirection":"In"},"Right Arm":{"Weight":1,"CFrame":[0.19083979725837708,-0.6597096920013428,0.014830708503723145,-0.4219183623790741,-0.8652527332305908,0.27078190445899966,0.9064056277275086,-0.4092620015144348,0.10456386208534241,0.02034657634794712,0.2895554304122925,0.9569448828697205],"EasingStyle":"Linear","EasingDirection":"In"},"Head":{"Weight":1,"CFrame":[1.4156103134155274e-7,9.313225746154786e-10,0.016661643981933595,0.938328206539154,-0.2962489426136017,0.17826120555400849,0.30427032709121706,0.952399492263794,-0.018838506191968919,-0.1641949862241745,0.07191634923219681,0.9838029146194458],"EasingStyle":"Linear","EasingDirection":"In"},"Right Leg":{"Weight":1,"CFrame":[0.5996899008750916,0.5328087210655212,-0.13575249910354615,0.982568085193634,0.13897286355495454,-0.1234767809510231,-0.06521885842084885,0.879671573638916,0.4710886478424072,0.17408758401870728,-0.45482370257377627,0.8734009265899658],"EasingStyle":"Linear","EasingDirection":"In"},"Torso":{"Weight":1,"CFrame":[0.10707032680511475,-0.0648847371339798,-0.1814277172088623,0.9665356278419495,0.16930842399597169,-0.19272708892822267,-0.18724548816680909,0.9791408777236939,-0.07888146489858628,0.17535169422626496,0.11232901364564896,0.978076696395874],"EasingStyle":"Linear","EasingDirection":"In"},"HumanoidRootPart":{"Weight":1,"CFrame":[0,0,0,1,0,0,0,1,0,0,0,1],"EasingStyle":"Linear","EasingDirection":"In"},"Left Arm":{"Weight":1,"CFrame":[0.031481385231018069,-0.6110445261001587,0.10861122608184815,-0.34462469816207888,0.9125239849090576,-0.22030431032180787,-0.9291925430297852,-0.36497926712036135,-0.05823574587702751,-0.13354800641536714,0.18463559448719026,0.9736912846565247],"EasingStyle":"Linear","EasingDirection":"In"}}},{"Time":0.2666666805744171,"poses":{"Left Leg":{"Weight":1,"CFrame":[-0.3814205527305603,0.004660248756408691,0.20653867721557618,0.8791843056678772,-0.27812373638153078,0.3868877589702606,0.35248658061027529,0.9259775280952454,-0.13534753024578095,-0.32060614228248598,0.2553682029247284,0.9121397137641907],"EasingStyle":"Linear","EasingDirection":"In"},"Right Arm":{"Weight":1,"CFrame":[0.24461282789707185,-0.6621944904327393,-0.020441532135009767,-0.4079916775226593,-0.90450119972229,0.1241784617304802,0.9122920632362366,-0.39859244227409365,0.09406028687953949,-0.0355810709297657,0.1516626626253128,0.9877917170524597],"EasingStyle":"Linear","EasingDirection":"In"},"Head":{"Weight":1,"CFrame":[1.4016404747962952e-7,3.725290298461914e-9,0.016662240028381349,0.9567923545837402,-0.23375901579856873,0.17293104529380799,0.2514922618865967,0.9637904763221741,-0.08865447342395783,-0.14594553411006928,0.12831470370292664,0.9809358716011047],"EasingStyle":"Linear","EasingDirection":"In"},"Right Leg":{"Weight":1,"CFrame":[0.5440593361854553,0.47756659984588625,-0.11100965738296509,0.9677640795707703,0.1997886598110199,-0.15335319936275483,-0.08897615224123001,0.8408311605453491,0.5339348316192627,0.23561827838420869,-0.5030781626701355,0.8315025568008423],"EasingStyle":"Linear","EasingDirection":"In"},"Torso":{"Weight":1,"CFrame":[0.08993685245513916,-0.0233718603849411,-0.037827491760253909,0.9743292331695557,0.11117468774318695,-0.195762038230896,-0.1189560815691948,0.9924929141998291,-0.0284135639667511,0.1911335587501526,0.050971247255802158,0.980239748954773],"EasingStyle":"Linear","EasingDirection":"In"},"HumanoidRootPart":{"Weight":1,"CFrame":[0,0,0,1,0,0,0,1,0,0,0,1],"EasingStyle":"Linear","EasingDirection":"In"},"Left Arm":{"Weight":1,"CFrame":[0.031237661838531495,-0.6073693037033081,0.09278202056884766,-0.35850557684898379,0.9309596419334412,-0.06919533014297486,-0.9278315305709839,-0.36351364850997927,-0.08358563482761383,-0.10296833515167237,0.03423549234867096,0.9940953254699707],"EasingStyle":"Linear","EasingDirection":"In"}}},{"Time":0.30000001192092898,"poses":{"Left Leg":{"Weight":1,"CFrame":[-0.43033021688461306,0.033741891384124759,0.15553104877471925,0.9001389741897583,-0.31998851895332339,0.29556232690811159,0.35079091787338259,0.9347581267356873,-0.05632878839969635,-0.258254736661911,0.1543843150138855,0.9536613821983337],"EasingStyle":"Linear","EasingDirection":"In"},"Right Arm":{"Weight":1,"CFrame":[0.3022436201572418,-0.6655832529067993,-0.06134063005447388,-0.38074252009391787,-0.9093512892723084,-0.16767631471157075,0.9165354371070862,-0.39514821767807009,0.061812594532966617,-0.12246633321046829,-0.13014668226242066,0.9839023351669312],"EasingStyle":"Linear","EasingDirection":"In"},"Head":{"Weight":1,"CFrame":[2.0721927285194398e-8,-4.656612873077393e-10,0.01666259765625,0.9811906814575195,-0.13972076773643495,0.1332027167081833,0.159171923995018,0.9759814739227295,-0.14874298870563508,-0.109220951795578,0.16714738309383393,0.9798635840415955],"EasingStyle":"Linear","EasingDirection":"In"},"Right Leg":{"Weight":1,"CFrame":[0.4783302843570709,0.4160463213920593,-0.06614476442337036,0.944083571434021,0.2733217477798462,-0.18439528346061707,-0.12838375568389893,0.8198769092559815,0.5579601526260376,0.3036840558052063,-0.50308758020401,0.8091223239898682],"EasingStyle":"Linear","EasingDirection":"In"},"Torso":{"Weight":1,"CFrame":[0.05971217155456543,0.017052441835403444,0.08299374580383301,0.9819406867027283,0.04313035309314728,-0.18420714139938355,-0.039989978075027469,0.9989851117134094,0.02073094993829727,0.18491430580615998,-0.012990125454962254,0.9826688170433044],"EasingStyle":"Linear","EasingDirection":"In"},"HumanoidRootPart":{"Weight":1,"CFrame":[0,0,0,1,0,0,0,1,0,0,0,1],"EasingStyle":"Linear","EasingDirection":"In"},"Left Arm":{"Weight":1,"CFrame":[0.029298732057213784,-0.6042402386665344,0.07447803020477295,-0.38350334763526919,0.9105756878852844,0.15419843792915345,-0.9234846830368042,-0.37627825140953066,-0.0747719332575798,-0.010064003057777882,-0.17107531428337098,0.9852066040039063],"EasingStyle":"Linear","EasingDirection":"In"}}},{"Time":0.3333333432674408,"poses":{"Left Leg":{"Weight":1,"CFrame":[-0.4938461482524872,0.07276839017868042,0.10142064094543457,0.918212890625,-0.34551185369491579,0.19366639852523805,0.34791722893714907,0.9372536540031433,0.022564725950360299,-0.1893109381198883,0.0466606467962265,0.980807900428772],"EasingStyle":"Linear","EasingDirection":"In"},"Right Arm":{"Weight":1,"CFrame":[0.36405858397483828,-0.6698122024536133,-0.10277688503265381,-0.3343048393726349,-0.8104910254478455,-0.48098301887512209,0.9197908639907837,-0.3918468654155731,0.0209944024682045,-0.205487459897995,-0.43538522720336916,0.8764785528182983],"EasingStyle":"Linear","EasingDirection":"In"},"Head":{"Weight":1,"CFrame":[1.0384246706962586e-7,2.0954757928848268e-9,0.016662120819091798,0.9979677200317383,-0.014578212052583695,0.0620330348610878,0.025689812377095224,0.982907772064209,-0.18229776620864869,-0.05831523612141609,0.18352088332176209,0.9812845587730408],"EasingStyle":"Linear","EasingDirection":"In"},"Right Leg":{"Weight":1,"CFrame":[0.44011256098747256,0.36162203550338747,-0.007204771041870117,0.9064968824386597,0.35648849606513979,-0.22622863948345185,-0.19042111933231355,0.8234224915504456,0.5345233678817749,0.3768331706523895,-0.4414650797843933,0.8143128156661987],"EasingStyle":"Linear","EasingDirection":"In"},"Torso":{"Weight":1,"CFrame":[0.02172347903251648,0.047709569334983829,0.13518357276916505,0.9868570566177368,-0.027652740478515626,-0.15921221673488618,0.037311799824237826,0.997619092464447,0.0580013245344162,0.1572292298078537,-0.06317951530218125,0.9855391383171082],"EasingStyle":"Linear","EasingDirection":"In"},"HumanoidRootPart":{"Weight":1,"CFrame":[0,0,0,1,0,0,0,1,0,0,0,1],"EasingStyle":"Linear","EasingDirection":"In"},"Left Arm":{"Weight":1,"CFrame":[0.025688257068395616,-0.6014939546585083,0.05608713626861572,-0.38841623067855837,0.839850664138794,0.37918803095817568,-0.915215790271759,-0.3995139002799988,-0.05261927470564842,0.10729842633008957,-0.36747729778289797,0.9238223433494568],"EasingStyle":"Linear","EasingDirection":"In"}}},{"Time":0.36666667461395266,"poses":{"Left Leg":{"Weight":1,"CFrame":[-0.4882044494152069,0.10514980554580689,0.039516448974609378,0.9461256265640259,-0.30800962448120119,0.09988229721784592,0.2987733483314514,0.9493404626846314,0.09740210324525833,-0.12482312321662903,-0.06231245771050453,0.9902204275131226],"EasingStyle":"Linear","EasingDirection":"In"},"Right Arm":{"Weight":1,"CFrame":[0.426436185836792,-0.6752181053161621,-0.14030766487121583,-0.2945077121257782,-0.6580895781517029,-0.6929526329040527,0.9189857244491577,-0.39394766092300417,-0.016444837674498559,-0.2621649503707886,-0.6416566371917725,0.7207955718040466],"EasingStyle":"Linear","EasingDirection":"In"},"Head":{"Weight":1,"CFrame":[4.6566128730773929e-8,-1.5832483768463136e-8,0.016661882400512697,0.9921773672103882,0.12217934429645539,-0.025621291249990464,-0.1247783824801445,0.9768840074539185,-0.1735742688179016,0.0038217592518776657,0.17541338503360749,0.9844875335693359],"EasingStyle":"Linear","EasingDirection":"In"},"Right Leg":{"Weight":1,"CFrame":[0.3600385785102844,0.29281699657440188,0.04985916614532471,0.8773288726806641,0.3870350122451782,-0.28372159600257876,-0.22729595005512238,0.8558365106582642,0.46462929248809817,0.422647088766098,-0.3431439995765686,0.8388216495513916],"EasingStyle":"Linear","EasingDirection":"In"},"Torso":{"Weight":1,"CFrame":[-0.01896148920059204,0.059456467628479007,0.1360013484954834,0.9881821870803833,-0.09248147159814835,-0.12224282324314118,0.10179689526557923,0.992175817489624,0.07228223979473114,0.11460161209106446,-0.08387195318937302,0.9898646473884583],"EasingStyle":"Linear","EasingDirection":"In"},"HumanoidRootPart":{"Weight":1,"CFrame":[0,0,0,1,0,0,0,1,0,0,0,1],"EasingStyle":"Linear","EasingDirection":"In"},"Left Arm":{"Weight":1,"CFrame":[0.02198950946331024,-0.598736047744751,0.03933453559875488,-0.37106022238731387,0.7552857398986816,0.5402386784553528,-0.9061763286590576,-0.42161351442337038,-0.03296180069446564,0.20287635922431947,-0.5017824172973633,0.8408660292625427],"EasingStyle":"Linear","EasingDirection":"In"}}},{"Time":0.4000000059604645,"poses":{"Left Leg":{"Weight":1,"CFrame":[-0.3422417640686035,0.12360912561416626,-0.007781505584716797,0.9836316704750061,-0.17753659188747407,0.030817560851573945,0.16940027475357057,0.9693971276283264,0.17768771946430207,-0.06142058223485947,-0.16955873370170594,0.9836042523384094],"EasingStyle":"Linear","EasingDirection":"In"},"Right Arm":{"Weight":1,"CFrame":[0.4841568171977997,-0.6824558973312378,-0.17266356945037843,-0.2984273135662079,-0.5657904148101807,-0.7686496376991272,0.9075742363929749,-0.4174654185771942,-0.04507511854171753,-0.2953815460205078,-0.7110583186149597,0.6380799412727356],"EasingStyle":"Linear","EasingDirection":"In"},"Head":{"Weight":1,"CFrame":[1.210719347000122e-7,-2.60770320892334e-8,0.01666247844696045,0.9613564014434815,0.24995057284832,-0.11540712416172028,-0.263648122549057,0.956548810005188,-0.1245153397321701,0.07926984131336212,0.15013054013252259,0.9854832291603088],"EasingStyle":"Linear","EasingDirection":"In"},"Right Leg":{"Weight":1,"CFrame":[0.17916831374168397,0.20910000801086427,0.05431473255157471,0.8838523626327515,0.3199622631072998,-0.3412173092365265,-0.18824580311775208,0.9110864400863648,0.3667218089103699,0.4282156825065613,-0.2598952353000641,0.8654975295066834],"EasingStyle":"Linear","EasingDirection":"In"},"Torso":{"Weight":1,"CFrame":[-0.05670192837715149,0.05146306753158569,0.12127852439880371,0.9873047471046448,-0.14051124453544618,-0.0740673691034317,0.14522108435630799,0.9874192476272583,0.06256450712680817,0.06434451788663864,-0.07252638041973114,0.9952887892723084],"EasingStyle":"Linear","EasingDirection":"In"},"HumanoidRootPart":{"Weight":1,"CFrame":[0,0,0,1,0,0,0,1,0,0,0,1],"EasingStyle":"Linear","EasingDirection":"In"},"Left Arm":{"Weight":1,"CFrame":[0.020359531044960023,-0.5954776406288147,0.02471911907196045,-0.35330653190612795,0.7159630060195923,0.6021389961242676,-0.9041101932525635,-0.42667141556739809,-0.023162635043263437,0.24033188819885255,-0.5525835752487183,0.7980552315711975],"EasingStyle":"Linear","EasingDirection":"In"}}},{"Time":0.4333333373069763,"poses":{"Left Leg":{"Weight":1,"CFrame":[0.027896203100681306,0.1292749047279358,-0.021743595600128175,0.9975027441978455,0.07062681019306183,-0.00026952565531246364,-0.06804639101028443,0.9620659947395325,0.26419445872306826,0.01891845464706421,-0.26351645588874819,0.9644693732261658],"EasingStyle":"Linear","EasingDirection":"In"},"Right Arm":{"Weight":1,"CFrame":[0.5355619192123413,-0.6926873326301575,-0.20023894309997559,-0.3477305769920349,-0.5540260672569275,-0.7563983798027039,0.8705052733421326,-0.49045228958129885,-0.040954433381557468,-0.3482874929904938,-0.6726898550987244,0.6528279185295105],"EasingStyle":"Linear","EasingDirection":"In"},"Head":{"Weight":1,"CFrame":[7.82310962677002e-8,7.450580596923828e-9,0.016661763191223146,0.9160187244415283,0.34837207198143008,-0.19886356592178346,-0.3655581772327423,0.9290860295295715,-0.0562719851732254,0.16515770554542542,0.12424243986606598,0.9784103035926819],"EasingStyle":"Linear","EasingDirection":"In"},"Right Leg":{"Weight":1,"CFrame":[-0.056268639862537387,0.13172787427902223,-0.005200862884521484,0.909254252910614,0.1783265769481659,-0.37610703706741335,-0.08258955180644989,0.9629062414169312,0.25688663125038149,0.4079655110836029,-0.20251280069351197,0.8902543783187866],"EasingStyle":"Linear","EasingDirection":"In"},"Torso":{"Weight":1,"CFrame":[-0.08763937652111054,0.032290250062942508,0.07232046127319336,0.986957311630249,-0.16001494228839875,-0.017621437087655069,0.16059933602809907,0.9862387776374817,0.03925579413771629,0.011097431182861328,-0.04157378524541855,0.9990738034248352],"EasingStyle":"Linear","EasingDirection":"In"},"HumanoidRootPart":{"Weight":1,"CFrame":[0,0,0,1,0,0,0,1,0,0,0,1],"EasingStyle":"Linear","EasingDirection":"In"},"Left Arm":{"Weight":1,"CFrame":[0.02153061330318451,-0.5901984572410584,0.011188149452209473,-0.28570565581321719,0.7495655417442322,0.5970960855484009,-0.9325420260429382,-0.3609946370124817,0.006961283273994923,0.2207663655281067,-0.554828405380249,0.8021396398544312],"EasingStyle":"Linear","EasingDirection":"In"}}},{"Time":0.46666666865348818,"poses":{"Left Leg":{"Weight":1,"CFrame":[0.03183584660291672,0.17428505420684815,-0.03666406869888306,0.9934733510017395,0.11380361020565033,0.007715118583291769,-0.10903594642877579,0.9276354312896729,0.35721665620803835,0.033495694398880008,-0.355726420879364,0.9339896440505981],"EasingStyle":"Linear","EasingDirection":"In"},"Right Arm":{"Weight":1,"CFrame":[0.5815507173538208,-0.705933690071106,-0.2229805588722229,-0.41936179995536806,-0.5667551159858704,-0.7091715335845947,0.7943246960639954,-0.6072927713394165,0.015619439072906971,-0.43952712416648867,-0.5567623376846314,0.7048630118370056],"EasingStyle":"Linear","EasingDirection":"In"},"Head":{"Weight":1,"CFrame":[6.542541086673737e-8,-1.0477378964424134e-9,0.016662120819091798,0.8711656928062439,0.4079086184501648,-0.27327820658683779,-0.42056044936180117,0.90716552734375,0.013402971439063549,0.253375768661499,0.10325387120246887,0.9618417620658875],"EasingStyle":"Linear","EasingDirection":"In"},"Right Leg":{"Weight":1,"CFrame":[-0.06396723538637161,0.07954740524291992,0.0035222768783569338,0.9166694283485413,0.12087208032608032,-0.3809291422367096,-0.06832627952098847,0.9865319132804871,0.14861449599266053,0.39376217126846316,-0.11020294576883316,0.912582516670227],"EasingStyle":"Linear","EasingDirection":"In"},"Torso":{"Weight":1,"CFrame":[-0.10952657461166382,0.005316826514899731,-0.029070377349853517,0.9878101944923401,-0.14983367919921876,0.042200807482004169,0.14969420433044434,0.9887112379074097,0.0064637428149580959,-0.04269289970397949,-0.00006773544737370685,0.9990882277488709],"EasingStyle":"Linear","EasingDirection":"In"},"HumanoidRootPart":{"Weight":1,"CFrame":[0,0,0,1,0,0,0,1,0,0,0,1],"EasingStyle":"Linear","EasingDirection":"In"},"Left Arm":{"Weight":1,"CFrame":[0.023907503113150598,-0.5819271206855774,-0.0022028088569641115,-0.11168352514505387,0.8153185844421387,0.5681392550468445,-0.9787636995315552,-0.18914461135864259,0.07903222739696503,0.17189687490463258,-0.547247588634491,0.8191286325454712],"EasingStyle":"Linear","EasingDirection":"In"}}},{"Time":0.5,"poses":{"Left Leg":{"Weight":1,"CFrame":[-0.46349212527275088,0.3522217869758606,-0.10273826122283936,0.9909955263137817,-0.1265665739774704,0.043689992278814319,0.09174036234617233,0.8795052766799927,0.46696269512176516,-0.09752742946147919,-0.45874977111816409,0.8831970691680908],"EasingStyle":"Linear","EasingDirection":"In"},"Right Arm":{"Weight":1,"CFrame":[0.6216122508049011,-0.7209216356277466,-0.24004000425338746,-0.5110623836517334,-0.5822858214378357,-0.6322646737098694,0.6755916476249695,-0.7268853187561035,0.12334325164556503,-0.5314050316810608,-0.36411672830581667,0.7648711204528809],"EasingStyle":"Linear","EasingDirection":"In"},"Head":{"Weight":1,"CFrame":[7.497146725654602e-8,9.546056389808655e-9,0.016661882400512697,0.8376039266586304,0.42963144183158877,-0.33739665150642397,-0.4325735867023468,0.8988259434700012,0.0706544741988182,0.3336161971092224,0.08676840364933014,0.9387074112892151],"EasingStyle":"Linear","EasingDirection":"In"},"Right Leg":{"Weight":1,"CFrame":[0.32638147473335268,0.11153411865234375,0.15329468250274659,0.894466757774353,0.2618333101272583,-0.36245372891426089,-0.2587648928165436,0.9642006158828735,0.057947494089603427,0.364650696516037,0.04195814207196236,0.930198609828949],"EasingStyle":"Linear","EasingDirection":"In"},"Torso":{"Weight":1,"CFrame":[-0.12083756923675537,-0.025730222463607789,-0.23061013221740724,0.9877941012382507,-0.1197371631860733,0.09962819516658783,0.12338563799858093,0.9918657541275024,-0.031280677765607837,-0.09507232159376145,0.043191563338041309,0.9945329427719116],"EasingStyle":"Linear","EasingDirection":"In"},"HumanoidRootPart":{"Weight":1,"CFrame":[0,0,0,1,0,0,0,1,0,0,0,1],"EasingStyle":"Linear","EasingDirection":"In"},"Left Arm":{"Weight":1,"CFrame":[0.025464437901973726,-0.5712586641311646,-0.015026211738586426,0.14633910357952119,0.8503097295761108,0.5055276155471802,-0.9832967519760132,0.06912479549646378,0.16837286949157716,0.1082245409488678,-0.5217233896255493,0.8462225198745728],"EasingStyle":"Linear","EasingDirection":"In"}}},{"Time":0.5333333611488342,"poses":{"Left Leg":{"Weight":1,"CFrame":[-0.6112555861473084,0.49271160364151,-0.16193217039108277,0.9723726511001587,-0.2125861495733261,0.09642958641052246,0.12375134974718094,0.8197149634361267,0.5592434406280518,-0.197932168841362,-0.5318596363067627,0.8233761787414551],"EasingStyle":"Linear","EasingDirection":"In"},"Right Arm":{"Weight":1,"CFrame":[0.6551885008811951,-0.7362032532691956,-0.25133180618286135,-0.6132919788360596,-0.5810632109642029,-0.5350126028060913,0.5293102860450745,-0.8051055073738098,0.26764875650405886,-0.5862624645233154,-0.11904089897871018,0.8013274669647217],"EasingStyle":"Linear","EasingDirection":"In"},"Head":{"Weight":1,"CFrame":[1.6111880540847779e-7,-2.3748725652694703e-8,0.016662240028381349,0.8252282738685608,0.40999308228492739,-0.38846373558044436,-0.4028344750404358,0.9093464612960815,0.10398745536804199,0.39588218927383425,0.07067318260669708,0.91557776927948],"EasingStyle":"Linear","EasingDirection":"In"},"Right Leg":{"Weight":1,"CFrame":[0.4990617036819458,0.15232479572296143,0.2017425298690796,0.8981242179870606,0.29310062527656557,-0.3278184235095978,-0.31709131598472597,0.9481627941131592,-0.02098795585334301,0.3046736419200897,0.1227981373667717,0.9445076584815979],"EasingStyle":"Linear","EasingDirection":"In"},"Torso":{"Weight":1,"CFrame":[-0.11964190006256104,-0.05613042414188385,-0.36929965019226076,0.9858457446098328,-0.0761154443025589,0.14938144385814668,0.08707431703805924,0.9938620328903198,-0.06823873519897461,-0.14327050745487214,0.08028014004230499,0.9864222407341003],"EasingStyle":"Linear","EasingDirection":"In"},"HumanoidRootPart":{"Weight":1,"CFrame":[0,0,0,1,0,0,0,1,0,0,0,1],"EasingStyle":"Linear","EasingDirection":"In"},"Left Arm":{"Weight":1,"CFrame":[0.024417810142040254,-0.5598484873771668,-0.027072370052337648,0.4340634346008301,0.8011191487312317,0.41206425428390505,-0.8996096253395081,0.36114516854286196,0.24551331996917725,0.04787036031484604,-0.4772656261920929,0.8774544596672058],"EasingStyle":"Linear","EasingDirection":"In"}}},{"Time":0.5666666626930237,"poses":{"Left Leg":{"Weight":1,"CFrame":[-0.569446325302124,0.5176404714584351,-0.1548592448234558,0.9652718901634216,-0.21330168843269349,0.15083979070186616,0.08323344588279724,0.798389732837677,0.5963608026504517,-0.247633695602417,-0.5630953311920166,0.7884169220924377],"EasingStyle":"Linear","EasingDirection":"In"},"Right Arm":{"Weight":1,"CFrame":[0.6812892556190491,-0.7509819269180298,-0.2576988935470581,-0.7098965644836426,-0.5572686195373535,-0.43069547414779665,0.39003321528434756,-0.8202425241470337,0.41842126846313479,-0.5864478945732117,0.12905028462409974,0.7996406555175781],"EasingStyle":"Linear","EasingDirection":"In"},"Head":{"Weight":1,"CFrame":[7.171183824539185e-8,3.4226104617118838e-8,0.01666247844696045,0.8365241885185242,0.36461639404296877,-0.4090014100074768,-0.35191136598587038,0.9296632409095764,0.10901717841625214,0.4199829697608948,0.05273672193288803,0.9059985280036926],"EasingStyle":"Linear","EasingDirection":"In"},"Right Leg":{"Weight":1,"CFrame":[0.4782029986381531,0.12002986669540405,0.17189109325408936,0.9315581917762756,0.2276090681552887,-0.28353753685951235,-0.2606392502784729,0.9617502689361572,-0.08428331464529038,0.25350865721702578,0.15241578221321107,0.9552501440048218],"EasingStyle":"Linear","EasingDirection":"In"},"Torso":{"Weight":1,"CFrame":[-0.10304462909698487,-0.0803629457950592,-0.3583507537841797,0.9819362163543701,-0.02645929343998432,0.18735355138778687,0.04543009027838707,0.9941785931587219,-0.09769860655069351,-0.18367788195610047,0.10444527119398117,0.9774219393730164],"EasingStyle":"Linear","EasingDirection":"In"},"HumanoidRootPart":{"Weight":1,"CFrame":[0,0,0,1,0,0,0,1,0,0,0,1],"EasingStyle":"Linear","EasingDirection":"In"},"Left Arm":{"Weight":1,"CFrame":[0.020460346713662149,-0.5499997735023499,-0.03854656219482422,0.6824724674224854,0.6621907949447632,0.3094100058078766,-0.7309055328369141,0.6166189312934876,0.2925032377243042,0.002904854714870453,-0.4257752001285553,0.9048245549201965],"EasingStyle":"Linear","EasingDirection":"In"}}},{"Time":0.6000000238418579,"poses":{"Left Leg":{"Weight":1,"CFrame":[-0.5134218335151672,0.5092533826828003,-0.12786543369293214,0.9559597373008728,-0.2185298055410385,0.19592276215553285,0.05716906487941742,0.7934020161628723,0.6060075759887695,-0.28787627816200259,-0.5681180357933044,0.7709534168243408],"EasingStyle":"Linear","EasingDirection":"In"},"Right Arm":{"Weight":1,"CFrame":[0.6983321905136108,-0.7656124234199524,-0.2600957155227661,-0.78672856092453,-0.5223366618156433,-0.32897213101387026,0.2937331795692444,-0.7854876518249512,0.5447293519973755,-0.5429356098175049,0.33192402124404909,0.7713931798934937],"EasingStyle":"Linear","EasingDirection":"In"},"Head":{"Weight":1,"CFrame":[5.122274160385132e-9,2.421438694000244e-8,0.01666259765625,0.8663942217826843,0.31531333923339846,-0.38721928000450137,-0.30449292063713076,0.9481764435768127,0.09080561250448227,0.3957843482494354,0.039232004433870319,0.917505145072937],"EasingStyle":"Linear","EasingDirection":"In"},"Right Leg":{"Weight":1,"CFrame":[0.42166072130203249,0.08100873231887818,0.1282421350479126,0.958067774772644,0.15944819152355195,-0.2380807250738144,-0.19083231687545777,0.9748573303222656,-0.11504889279603958,0.21375051140785218,0.1556580513715744,0.964407205581665],"EasingStyle":"Linear","EasingDirection":"In"},"Torso":{"Weight":1,"CFrame":[-0.07485014200210571,-0.09233053028583527,-0.3199343681335449,0.9772723913192749,0.021354887634515764,0.21090903878211976,0.0025112852454185488,0.9936770796775818,-0.11224780976772309,-0.21197248995304109,0.11022632569074631,0.9710396528244019],"EasingStyle":"Linear","EasingDirection":"In"},"HumanoidRootPart":{"Weight":1,"CFrame":[0,0,0,1,0,0,0,1,0,0,0,1],"EasingStyle":"Linear","EasingDirection":"In"},"Left Arm":{"Weight":1,"CFrame":[0.01476859487593174,-0.5432571768760681,-0.04985541105270386,0.8516995310783386,0.47366753220558169,0.22415859997272492,-0.5232403874397278,0.7921651601791382,0.3141553997993469,-0.0287654846906662,-0.38485512137413027,0.9225288033485413],"EasingStyle":"Linear","EasingDirection":"In"}}},{"Time":0.6333333253860474,"poses":{"Left Leg":{"Weight":1,"CFrame":[-0.4579298496246338,0.4707980155944824,-0.09120047092437744,0.9457018375396729,-0.237862229347229,0.2215166985988617,0.061073124408721927,0.7994140982627869,0.5976681709289551,-0.3192463219165802,-0.5516871213912964,0.7705343961715698],"EasingStyle":"Linear","EasingDirection":"In"},"Right Arm":{"Weight":1,"CFrame":[0.7043792009353638,-0.781150758266449,-0.258810818195343,-0.8365955948829651,-0.49693524837493899,-0.23057180643081666,0.26266753673553469,-0.733221173286438,0.6272101998329163,-0.48074278235435488,0.46415749192237856,0.7439382076263428],"EasingStyle":"Linear","EasingDirection":"In"},"Head":{"Weight":1,"CFrame":[1.41095370054245e-7,3.5390257835388186e-8,0.016662240028381349,0.9072953462600708,0.26572129130363467,-0.325894832611084,-0.26