{"Sequence":[{"Time":0,"poses":{"Left Leg":{"Weight":1,"CFrame":[-0.3362444043159485,0.04134976863861084,0.04969358444213867,0.8742711544036865,-0.4798806607723236,0.07324238121509552,0.4806312620639801,0.8768847584724426,0.008164712227880955,-0.06814323365688324,0.02806440368294716,0.9972808361053467],"EasingStyle":"Linear","EasingDirection":"In"},"Right Arm":{"Weight":1,"CFrame":[0.6218735575675964,-0.391752153635025,0.27354705333709719,0.11006253957748413,-0.9875146150588989,0.11269929260015488,0.47300276160240176,0.15176531672477723,0.8678915500640869,-0.8741594552993774,-0.04221535101532936,0.4838007986545563],"EasingStyle":"Linear","EasingDirection":"In"},"Head":{"Weight":1,"CFrame":[8.887938918178406e-8,5.960464477539063e-8,0.016661643981933595,0.9999547004699707,-0.009493861347436905,-0.0007595851202495396,0.009209785610437394,0.9841864109039307,-0.17689667642116548,0.0024269972927868368,0.17688165605068208,0.9842291474342346],"EasingStyle":"Linear","EasingDirection":"In"},"Right Leg":{"Weight":1,"CFrame":[1.1457353830337525,-0.02606964111328125,0.0666356086730957,0.7092430591583252,0.7014832496643066,-0.06996839493513107,-0.7022497653961182,0.7117249369621277,0.01711408607661724,0.061803530901670459,0.036997221410274509,0.9974024295806885],"EasingStyle":"Linear","EasingDirection":"In"},"Torso":{"Weight":1,"CFrame":[0,0.14888396859169007,-0.22548913955688477,1,2.384185791015625e-7,-8.742277657347586e-8,-2.1865702137802146e-7,0.9834829568862915,0.18100076913833619,1.2913275782011625e-7,-0.18100076913833619,0.9834829568862915],"EasingStyle":"Linear","EasingDirection":"In"},"HumanoidRootPart":{"Weight":1,"CFrame":[0,0,0,1,0,0,0,1,0,0,0,1],"EasingStyle":"Linear","EasingDirection":"In"},"Left Arm":{"Weight":1,"CFrame":[-0.6080067157745361,-0.44242390990257265,0.22000205516815186,0.14103703200817109,0.9879608750343323,-0.0635761097073555,-0.4963659942150116,0.1261298656463623,0.8589016795158386,0.8565800786018372,-0.0895799845457077,0.5081791877746582],"EasingStyle":"Linear","EasingDirection":"In"}}},{"Time":0.03333333507180214,"poses":{"Left Leg":{"Weight":1,"CFrame":[-0.18441477417945863,0.008538305759429932,0.040874600410461429,0.9201582670211792,-0.384201318025589,0.07548590004444123,0.38598310947418215,0.9224511981010437,-0.010049503296613694,-0.06577104330062866,0.038383450359106067,0.9970963001251221],"EasingStyle":"Linear","EasingDirection":"In"},"Right Arm":{"Weight":1,"CFrame":[0.6536788940429688,-0.5008764863014221,0.27416419982910159,0.044545743614435199,-0.9985548257827759,0.0300663523375988,0.4747803807258606,0.04764118418097496,0.8788140416145325,-0.8789763450622559,-0.024872446432709695,0.4762163758277893],"EasingStyle":"Linear","EasingDirection":"In"},"Head":{"Weight":1,"CFrame":[8.945062290877104e-8,5.5125610742834399e-8,0.016662001609802247,0.999940037727356,-0.00901662465184927,0.006227973382920027,0.009800137020647526,0.9900962710380554,-0.1400480419397354,-0.004903540946543217,0.14010067284107209,0.9901251196861267],"EasingStyle":"Linear","EasingDirection":"In"},"Right Leg":{"Weight":1,"CFrame":[1.0788100957870484,0.008936047554016114,0.062360167503356937,0.772481381893158,0.6308138370513916,-0.07311943918466568,-0.6300837397575378,0.7757116556167603,0.035581570118665698,0.0791650116443634,0.01858522929251194,0.9966883659362793],"EasingStyle":"Linear","EasingDirection":"In"},"Torso":{"Weight":1,"CFrame":[0.008976060897111893,0.09520289301872254,-0.12629294395446778,0.9999755024909973,0.0005064625293016434,-0.006985586602240801,0.0005060008261352778,0.989551842212677,0.14417675137519837,0.006985620129853487,-0.14417675137519837,0.9895272850990295],"EasingStyle":"Linear","EasingDirection":"In"},"HumanoidRootPart":{"Weight":1,"CFrame":[0,0,0,1,0,0,0,1,0,0,0,1],"EasingStyle":"Linear","EasingDirection":"In"},"Left Arm":{"Weight":1,"CFrame":[-0.6382654905319214,-0.5471568703651428,0.220672607421875,0.07376555353403092,0.9971895217895508,0.013105303049087525,-0.5016311407089233,0.02574300765991211,0.864698588848114,0.8619309663772583,-0.07035911083221436,0.5021201968193054],"EasingStyle":"Linear","EasingDirection":"In"}}},{"Time":0.06666667014360428,"poses":{"Left Leg":{"Weight":1,"CFrame":[-0.21564339101314546,0.0005854964256286621,0.05196809768676758,0.9156605005264282,-0.39264822006225588,0.08598480373620987,0.39774414896965029,0.9159739017486572,-0.05283520370721817,-0.05801420286297798,0.08257906138896942,0.9948945045471191],"EasingStyle":"Linear","EasingDirection":"In"},"Right Arm":{"Weight":1,"CFrame":[0.6703790426254273,-0.6098614931106567,0.27417683601379397,0.0027605302166193725,-0.9989372491836548,-0.04600754752755165,0.47746244072914126,-0.03910810500383377,0.8777815103530884,-0.8786478638648987,-0.02439005672931671,0.47684699296951296],"EasingStyle":"Linear","EasingDirection":"In"},"Head":{"Weight":1,"CFrame":[9.100767783820629e-8,-2.0172137737972663e-8,0.016662001609802247,0.9996616244316101,-0.008101660758256913,0.024718718603253366,0.010843036696314812,0.9935508370399475,-0.1128678172826767,-0.02364489808678627,0.11309764534235,0.9933024644851685],"EasingStyle":"Linear","EasingDirection":"In"},"Right Leg":{"Weight":1,"CFrame":[1.0143920183181763,0.09251135587692261,0.048251986503601077,0.8444240689277649,0.5302960872650147,-0.07572444528341294,-0.5245634317398071,0.8472472429275513,0.08369743078947067,0.1085418164730072,-0.030953867360949518,0.9936099052429199],"EasingStyle":"Linear","EasingDirection":"In"},"Torso":{"Weight":1,"CFrame":[0.03057488054037094,0.03587627410888672,-0.041887760162353519,0.9996744394302368,0.0014958682004362345,-0.02547214925289154,0.0014954033540561796,0.993129551410675,0.1170104518532753,0.02547217719256878,-0.1170104444026947,0.9928039908409119],"EasingStyle":"Linear","EasingDirection":"In"},"HumanoidRootPart":{"Weight":1,"CFrame":[0,0,0,1,0,0,0,1,0,0,0,1],"EasingStyle":"Linear","EasingDirection":"In"},"Left Arm":{"Weight":1,"CFrame":[-0.654189944267273,-0.645710825920105,0.22068333625793458,0.03122740238904953,0.9958924055099487,0.08498979359865189,-0.5066770315170288,-0.05752357840538025,0.8602148294448853,0.8615702390670776,-0.06992460787296295,0.5027993321418762],"EasingStyle":"Linear","EasingDirection":"In"}}},{"Time":0.10000000149011612,"poses":{"Left Leg":{"Weight":1,"CFrame":[-0.4132082164287567,0.03296548128128052,0.0959010124206543,0.8599691390991211,-0.4990216791629791,0.10691406577825546,0.5092517137527466,0.8527958989143372,-0.11576657742261887,-0.033405885100364688,0.15400181710720063,0.9875057339668274],"EasingStyle":"Linear","EasingDirection":"In"},"Right Arm":{"Weight":1,"CFrame":[0.6770798563957214,-0.718022346496582,0.27387213706970217,-0.03187431022524834,-0.9915086030960083,-0.12607406079769135,0.48070064187049868,-0.12579916417598725,0.8678142428398132,-0.8763052821159363,-0.0329429991543293,0.48062863945961],"EasingStyle":"Linear","EasingDirection":"In"},"Head":{"Weight":1,"CFrame":[6.431946530938149e-8,4.839421308133751e-8,0.016661882400512697,0.9986786246299744,-0.006936537101864815,0.05092276632785797,0.01212681271135807,0.9946761727333069,-0.10233469307422638,-0.04994181543588638,0.10281698405742645,0.9934458136558533],"EasingStyle":"Linear","EasingDirection":"In"},"Right Leg":{"Weight":1,"CFrame":[0.9680224061012268,0.213037371635437,0.01838207244873047,0.9059265851974487,0.41613754630088808,-0.07827134430408478,-0.4021478295326233,0.9034286737442017,0.14864037930965424,0.13256746530532838,-0.10318058729171753,0.9857889413833618],"EasingStyle":"Linear","EasingDirection":"In"},"Torso":{"Weight":1,"CFrame":[0.0568719208240509,-0.006980866193771362,-0.006912946701049805,0.9986603856086731,0.0027608966920524837,-0.0516703836619854,0.002760430797934532,0.9943109154701233,0.10648117959499359,0.05167040228843689,-0.1064811497926712,0.9929713606834412],"EasingStyle":"Linear","EasingDirection":"In"},"HumanoidRootPart":{"Weight":1,"CFrame":[0,0,0,1,0,0,0,1,0,0,0,1],"EasingStyle":"Linear","EasingDirection":"In"},"Left Arm":{"Weight":1,"CFrame":[-0.6606303453445435,-0.742261528968811,0.2203519344329834,-0.004125634208321571,0.9867959022521973,0.16191594302654267,-0.5120155215263367,-0.14116758108139039,0.8472968935966492,0.8589663505554199,-0.07940801978111267,0.5058372020721436],"EasingStyle":"Linear","EasingDirection":"In"}}},{"Time":0.13333334028720857,"poses":{"Left Leg":{"Weight":1,"CFrame":[-0.4902806878089905,0.01269674301147461,0.13871026039123536,0.8162419199943543,-0.5616539716720581,0.13525551557540894,0.5776896476745606,0.7955027222633362,-0.18289369344711305,-0.004873217083513737,0.22742131352424622,0.9737843871116638],"EasingStyle":"Linear","EasingDirection":"In"},"Right Arm":{"Weight":1,"CFrame":[0.6790896654129028,-0.8245816230773926,0.27354705333709719,-0.0744343027472496,-0.9727967977523804,-0.21937595307826997,0.4799010455608368,-0.22778098285198213,0.847237229347229,-0.8741593360900879,-0.042215269058942798,0.4838009774684906],"EasingStyle":"Linear","EasingDirection":"In"},"Head":{"Weight":1,"CFrame":[5.8498699218034747e-8,5.764377419836819e-9,0.016661882400512697,0.996708869934082,-0.004794078413397074,0.08092229068279267,0.014347229152917862,0.9929232001304627,-0.11788904666900635,-0.07978446036577225,0.11866207420825958,0.9897240400314331],"EasingStyle":"Linear","EasingDirection":"In"},"Right Leg":{"Weight":1,"CFrame":[0.9116555452346802,0.33180665969848635,-0.03185713291168213,0.955272912979126,0.28540635108947756,-0.07743958383798599,-0.26302140951156618,0.939681887626648,0.21867293119430543,0.1351792812347412,-0.18852408230304719,0.9727206230163574],"EasingStyle":"Linear","EasingDirection":"In"},"Torso":{"Weight":1,"CFrame":[0.08005093038082123,-0.009231328964233399,-0.005068778991699219,0.9966477155685425,0.005009675398468971,-0.08165927231311798,0.0050092120654881,0.9925141930580139,0.12202650308609009,0.08165930211544037,-0.1220264807343483,0.9891619086265564],"EasingStyle":"Linear","EasingDirection":"In"},"HumanoidRootPart":{"Weight":1,"CFrame":[0,0,0,1,0,0,0,1,0,0,0,1],"EasingStyle":"Linear","EasingDirection":"In"},"Left Arm":{"Weight":1,"CFrame":[-0.6626359224319458,-0.8408972024917603,0.2200021743774414,-0.048608653247356418,0.9664291739463806,0.2522928714752197,-0.5137194395065308,-0.24081115424633027,0.8234697580337524,0.8565801382064819,-0.08958005905151367,0.5081790685653687],"EasingStyle":"Linear","EasingDirection":"In"}}},{"Time":0.1666666716337204,"poses":{"Left Leg":{"Weight":1,"CFrame":[-0.3517906665802002,-0.03608894348144531,0.1374577283859253,0.8669782876968384,-0.47105875611305239,0.16264234483242036,0.4969651699066162,0.841515302658081,-0.21184398233890534,-0.03707508742809296,0.2644916772842407,0.9636750817298889],"EasingStyle":"Linear","EasingDirection":"In"},"Right Arm":{"Weight":1,"CFrame":[0.6816821694374085,-0.925132155418396,0.2734431028366089,-0.13159365952014924,-0.9366064667701721,-0.3247329592704773,0.4684582054615021,-0.34745147824287417,0.8122957944869995,-0.8736304044723511,-0.04523086175322533,0.48448339104652407],"EasingStyle":"Linear","EasingDirection":"In"},"Head":{"Weight":1,"CFrame":[7.718335837125778e-8,3.812601789832115e-8,0.016661882400512697,0.9938554167747498,-0.0008026095456443727,0.11068392544984818,0.018352393060922624,0.9873276948928833,-0.15763060748577119,-0.10915479809045792,0.1586933732032776,0.9812756180763245],"EasingStyle":"Linear","EasingDirection":"In"},"Right Leg":{"Weight":1,"CFrame":[0.8209887146949768,0.39987707138061526,-0.08683550357818604,0.9889541864395142,0.1301584392786026,-0.07091131061315537,-0.10556013137102127,0.9543261528015137,0.27949726581573489,0.10405153036117554,-0.2689245939254761,0.9575243592262268],"EasingStyle":"Linear","EasingDirection":"In"},"Torso":{"Weight":1,"CFrame":[0.0923909842967987,0.035665690898895267,-0.014495372772216797,0.993733823299408,0.00909796915948391,-0.11140188574790955,0.009097510948777199,0.9867912530899048,0.1617414355278015,0.11140192300081253,-0.16174140572547913,0.980525016784668],"EasingStyle":"Linear","EasingDirection":"In"},"HumanoidRootPart":{"Weight":1,"CFrame":[0,0,0,1,0,0,0,1,0,0,0,1],"EasingStyle":"Linear","EasingDirection":"In"},"Left Arm":{"Weight":1,"CFrame":[-0.6654496788978577,-0.940484344959259,0.21989154815673829,-0.10975852608680725,0.9286739826202393,0.3542848527431488,-0.505199134349823,-0.3590867817401886,0.7847487926483154,0.8559947609901428,-0.0928514376282692,0.5085780620574951],"EasingStyle":"Linear","EasingDirection":"In"}}},{"Time":0.20000000298023225,"poses":{"Left Leg":{"Weight":1,"CFrame":[-0.00796060636639595,-0.08457434177398682,0.07803511619567871,0.9539090394973755,-0.2389022558927536,0.18161319196224214,0.27428579330444338,0.9396212697029114,-0.20464389026165009,-0.12175779044628144,0.245025634765625,0.9618407487869263],"EasingStyle":"Linear","EasingDirection":"In"},"Right Arm":{"Weight":1,"CFrame":[0.6891539096832275,-1.0012633800506592,0.273495078086853,-0.18280525505542756,-0.893233597278595,-0.41075077652931216,0.45035380125045779,-0.44746002554893496,0.7726324200630188,-0.8739358186721802,-0.0437418557703495,0.48406922817230227],"EasingStyle":"Linear","EasingDirection":"In"},"Head":{"Weight":1,"CFrame":[5.3085386753082278e-8,-2.0954757928848268e-9,0.016662120819091798,0.9906737208366394,0.005010403227061033,0.1361633837223053,0.02410370297729969,0.9771187901496887,-0.211324542760849,-0.1341065913438797,0.21263572573661805,0.9678851366043091],"EasingStyle":"Linear","EasingDirection":"In"},"Right Leg":{"Weight":1,"CFrame":[0.7026488184928894,0.4033368229866028,-0.1211206316947937,0.9972963929176331,-0.04093356058001518,-0.06102894991636276,0.058341000229120257,0.946002721786499,0.31886568665504458,0.044681306928396228,-0.3215641677379608,0.945833146572113],"EasingStyle":"Linear","EasingDirection":"In"},"Torso":{"Weight":1,"CFrame":[0.08617669343948364,0.11036604642868042,-0.04196453094482422,0.9904778003692627,0.014986736699938774,-0.13685452938079835,0.01498628593981266,0.9764135479927063,0.21538808941841126,0.13685457408428193,-0.21538805961608888,0.966891348361969],"EasingStyle":"Linear","EasingDirection":"In"},"HumanoidRootPart":{"Weight":1,"CFrame":[0,0,0,1,0,0,0,1,0,0,0,1],"EasingStyle":"Linear","EasingDirection":"In"},"Left Arm":{"Weight":1,"CFrame":[-0.6742676496505737,-1.019493818283081,0.21994686126708985,-0.16532330214977265,0.8840455412864685,0.43718594312667849,-0.48924481868743899,-0.4584113657474518,0.7419560551643372,0.8563339114189148,-0.09122836589813233,0.5083007216453552],"EasingStyle":"Linear","EasingDirection":"In"}}},{"Time":0.23333333432674409,"poses":{"Left Leg":{"Weight":1,"CFrame":[0.27270352840423586,-0.10837268829345703,0.020737528800964357,0.978496789932251,-0.08550959080457688,0.1877025067806244,0.12022105604410172,0.9758961796760559,-0.18213635683059693,-0.1676037460565567,0.2007855921983719,0.9651913046836853],"EasingStyle":"Linear","EasingDirection":"In"},"Right Arm":{"Weight":1,"CFrame":[0.7051191329956055,-1.0313971042633057,0.2735469341278076,-0.20453062653541566,-0.8715512752532959,-0.4456067979335785,0.4404688775539398,-0.48848357796669009,0.7532404065132141,-0.8741593360900879,-0.042215291410684589,0.483801007270813],"EasingStyle":"Linear","EasingDirection":"In"},"Head":{"Weight":1,"CFrame":[1.210719347000122e-7,5.122274160385132e-9,0.01666247844696045,0.9880788326263428,0.011550200171768666,0.15351524949073792,0.03051074407994747,0.9627100229263306,-0.2688097059726715,-0.15089553594589234,0.2702890932559967,0.9508809447288513],"EasingStyle":"Linear","EasingDirection":"In"},"Right Leg":{"Weight":1,"CFrame":[0.5661563873291016,0.355243444442749,-0.1243698000907898,0.9742954969406128,-0.21917825937271119,-0.05205090716481209,0.22384415566921235,0.9159210920333862,0.33314046263694765,-0.025342578068375589,-0.33622846007347109,0.9414394497871399],"EasingStyle":"Linear","EasingDirection":"In"},"Torso":{"Weight":1,"CFrame":[0.06479409337043762,0.19734185934066773,-0.10027956962585449,0.9878076910972595,0.021573878824710847,-0.15417706966400147,0.021573437377810479,0.9618266820907593,0.2728079557418823,0.15417712926864625,-0.2728079557418823,0.9496342539787293],"EasingStyle":"Linear","EasingDirection":"In"},"HumanoidRootPart":{"Weight":1,"CFrame":[0,0,0,1,0,0,0,1,0,0,0,1],"EasingStyle":"Linear","EasingDirection":"In"},"Left Arm":{"Weight":1,"CFrame":[-0.6938318610191345,-1.0516338348388672,0.2200019359588623,-0.18908989429473878,0.8618218302726746,0.4706467092037201,-0.4801202416419983,-0.49923819303512576,0.7212807536125183,0.8565801382064819,-0.08958005905151367,0.5081788897514343],"EasingStyle":"Linear","EasingDirection":"In"}}},{"Time":0.2666666805744171,"poses":{"Left Leg":{"Weight":1,"CFrame":[0.01935143768787384,-0.07134127616882324,0.0748143196105957,0.9520845413208008,-0.24266313016414643,0.18614451587200166,0.2729206681251526,0.9487991333007813,-0.15904280543327332,-0.13801996409893037,0.20222491025924684,0.9695646166801453],"EasingStyle":"Linear","EasingDirection":"In"},"Right Arm":{"Weight":1,"CFrame":[0.7366092801094055,-0.8868086338043213,0.2735469341278076,-0.19997528195381165,-0.8765446543693543,-0.43781203031539919,0.4425555169582367,-0.4794656038284302,0.7577976584434509,-0.8741593360900879,-0.04221532866358757,0.48380106687545779],"EasingStyle":"Linear","EasingDirection":"In"},"Head":{"Weight":1,"CFrame":[1.3783574104309083e-7,-1.4668330550193787e-8,0.016661643981933595,0.9870882630348206,0.01681843213737011,0.15929178893566132,0.03560095280408859,0.9465623497962952,-0.32054996490478518,-0.15617074072360993,0.3220820426940918,0.9337419271469116],"EasingStyle":"Linear","EasingDirection":"In"},"Right Leg":{"Weight":1,"CFrame":[0.42885687947273257,0.2814061641693115,-0.10516685247421265,0.9175916314125061,-0.39471712708473208,-0.047159578651189807,0.38779544830322268,0.8627278208732605,0.32452327013015749,-0.08740895986557007,-0.31606820225715639,0.9447013735771179],"EasingStyle":"Linear","EasingDirection":"In"},"Torso":{"Weight":1,"CFrame":[0.04033857583999634,0.27958691120147707,-0.20047616958618165,0.9867628216743469,0.02685653045773506,-0.1599307805299759,0.02685609832406044,0.9455124139785767,0.32447656989097597,0.15993084013462068,-0.32447654008865359,0.9322752356529236],"EasingStyle":"Linear","EasingDirection":"In"},"HumanoidRootPart":{"Weight":1,"CFrame":[0,0,0,1,0,0,0,1,0,0,0,1],"EasingStyle":"Linear","EasingDirection":"In"},"Left Arm":{"Weight":1,"CFrame":[-0.7261990904808044,-0.9017027616500855,0.22000181674957276,-0.18401528894901277,0.8670395016670227,0.4630129933357239,-0.4820878803730011,-0.49012041091918948,0.7262046933174133,0.8565801978111267,-0.08958006650209427,0.5081789493560791],"EasingStyle":"Linear","EasingDirection":"In"}}},{"Time":0.30000001192092898,"poses":{"Left Leg":{"Weight":1,"CFrame":[-0.21268722414970399,0.0045220255851745609,0.12596464157104493,0.9140764474868774,-0.3620957136154175,0.18262261152267457,0.38805437088012698,0.9117684960365295,-0.13450664281845094,-0.11780528724193573,0.1938168704509735,0.9739389419555664],"EasingStyle":"Linear","EasingDirection":"In"},"Right Arm":{"Weight":1,"CFrame":[0.756588339805603,-0.6648011207580566,0.2735469341278076,-0.17635402083396913,-0.9006143808364868,-0.39723166823387148,0.45248734951019289,-0.4325640797615051,0.7798356413841248,-0.8741592764854431,-0.04221528023481369,0.4838012158870697],"EasingStyle":"Linear","EasingDirection":"In"},"Head":{"Weight":1,"CFrame":[1.0058283805847168e-7,1.4435499906539917e-8,0.0166623592376709,0.9882450699806213,0.018694385886192323,0.15173085033893586,0.03729939088225365,0.9330180287361145,-0.357891321182251,-0.14825814962387086,0.3593437969684601,0.9213531613349915],"EasingStyle":"Linear","EasingDirection":"In"},"Right Leg":{"Weight":1,"CFrame":[0.300388902425766,0.2165529727935791,-0.07507413625717163,0.8265787959098816,-0.5603795051574707,-0.05236872658133507,0.5508970618247986,0.7865051627159119,0.27914494276046755,-0.1152387484908104,-0.25958508253097536,0.9588198661804199],"EasingStyle":"Linear","EasingDirection":"In"},"Torso":{"Weight":1,"CFrame":[0.01676967740058899,0.34082740545272829,-0.35588693618774416,0.9879075884819031,0.028711847960948945,-0.1523628830909729,0.028711427003145219,0.9318290948867798,0.36175981163978579,0.15236297249794007,-0.3617597818374634,0.9197366237640381],"EasingStyle":"Linear","EasingDirection":"In"},"HumanoidRootPart":{"Weight":1,"CFrame":[0,0,0,1,0,0,0,1,0,0,0,1],"EasingStyle":"Linear","EasingDirection":"In"},"Left Arm":{"Weight":1,"CFrame":[-0.7445063591003418,-0.6837285161018372,0.22000205516815186,-0.15844424068927766,0.8915821313858032,0.42423662543296816,-0.4910863935947418,-0.44391077756881716,0.7495181560516357,0.8565801382064819,-0.08958004415035248,0.5081789493560791],"EasingStyle":"Linear","EasingDirection":"In"}}},{"Time":0.3333333432674408,"poses":{"Left Leg":{"Weight":1,"CFrame":[-0.3241543471813202,0.08621656894683838,0.13805651664733888,0.8972398042678833,-0.40803781151771548,0.16871871054172517,0.42645326256752016,0.8998598456382752,-0.09159606695175171,-0.11444852501153946,0.15413427352905274,0.9813991785049439],"EasingStyle":"Linear","EasingDirection":"In"},"Right Arm":{"Weight":1,"CFrame":[0.7411718368530273,-0.5373919010162354,0.27354705333709719,-0.12217603623867035,-0.9450566172599793,-0.3032175600528717,0.4700198471546173,-0.3241693377494812,0.8209724426269531,-0.8741593360900879,-0.04221513867378235,0.48380112648010256],"EasingStyle":"Linear","EasingDirection":"In"},"Head":{"Weight":1,"CFrame":[9.499490261077881e-8,-2.7008354663848878e-8,0.016662120819091798,0.9909595251083374,0.016315624117851259,0.13316620886325837,0.03480382263660431,0.9273352026939392,-0.372609943151474,-0.12956909835338593,0.37387606501579287,0.9183837175369263],"EasingStyle":"Linear","EasingDirection":"In"},"Right Leg":{"Weight":1,"CFrame":[0.1432134211063385,0.09965741634368897,-0.02752363681793213,0.717227041721344,-0.6920625567436218,-0.08145517110824585,0.6941757202148438,0.6993755102157593,0.1702767312526703,-0.060874342918395999,-0.17867134511470796,0.9820239543914795],"EasingStyle":"Linear","EasingDirection":"In"},"Torso":{"Weight":1,"CFrame":[-0.005317091941833496,0.3651452660560608,-0.447735071182251,0.9906584024429321,0.02628144808113575,-0.133810356259346,0.026281019672751428,0.9260616302490234,0.3764563500881195,0.13381043076515199,-0.3764563798904419,0.916719913482666],"EasingStyle":"Linear","EasingDirection":"In"},"HumanoidRootPart":{"Weight":1,"CFrame":[0,0,0,1,0,0,0,1,0,0,0,1],"EasingStyle":"Linear","EasingDirection":"In"},"Left Arm":{"Weight":1,"CFrame":[-0.7289246916770935,-0.5716237425804138,0.22000205516815186,-0.10076799988746643,0.9368170499801636,0.33499202132225039,-0.5060794353485107,-0.3381558060646057,0.7934319972991943,0.8565801978111267,-0.08958001434803009,0.5081790685653687],"EasingStyle":"Linear","EasingDirection":"In"}}},{"Time":0.36666667461395266,"poses":{"Left Leg":{"Weight":1,"CFrame":[-0.2650984823703766,0.07987487316131592,0.10321617126464844,0.9123908877372742,-0.38156184554100039,0.14816686511039735,0.3904796838760376,0.9199264645576477,-0.03550950810313225,-0.12275353074073792,0.0902547761797905,0.988324761390686],"EasingStyle":"Linear","EasingDirection":"In"},"Right Arm":{"Weight":1,"CFrame":[0.7071505188941956,-0.45733442902565,0.2735469341278076,-0.04715956375002861,-0.9841272234916687,-0.17108361423015595,0.4833439588546753,-0.17236998677253724,0.8582931756973267,-0.8741593360900879,-0.04221543297171593,0.48380085825920107],"EasingStyle":"Linear","EasingDirection":"In"},"Head":{"Weight":1,"CFrame":[1.0803341865539551e-7,-2.444721758365631e-8,0.016662001609802247,0.9943135976791382,0.010571541264653206,0.10596583038568497,0.029014138504862787,0.9305233359336853,-0.3650815486907959,-0.10246313363313675,0.36608007550239565,0.9249253273010254],"EasingStyle":"Linear","EasingDirection":"In"},"Right Leg":{"Weight":1,"CFrame":[0.09410229325294495,0.10294073820114136,-0.0022341012954711916,0.7290360927581787,-0.6761376857757568,-0.10650969296693802,0.6831268668174744,0.7284996509552002,0.051244426518678668,0.04294400289654732,-0.11011864989995957,0.9929903149604797],"EasingStyle":"Linear","EasingDirection":"In"},"Torso":{"Weight":1,"CFrame":[-0.025347977876663209,0.3541948199272156,-0.3581857681274414,0.9940876364707947,0.020456109195947648,-0.10663659870624542,0.020455682650208474,0.9292259216308594,0.36894550919532778,0.1066366657614708,-0.368945449590683,0.9233136177062988],"EasingStyle":"Linear","EasingDirection":"In"},"HumanoidRootPart":{"Weight":1,"CFrame":[0,0,0,1,0,0,0,1,0,0,0,1],"EasingStyle":"Linear","EasingDirection":"In"},"Left Arm":{"Weight":1,"CFrame":[-0.6944863796234131,-0.5009443163871765,0.22000205516815186,-0.021883932873606683,0.9776238203048706,0.20921963453292848,-0.5155498385429382,-0.19033437967300416,0.835452675819397,0.8565801382064819,-0.08958011120557785,0.5081790089607239],"EasingStyle":"Linear","EasingDirection":"In"}}},{"Time":0.4000000059604645,"poses":{"Left Leg":{"Weight":1,"CFrame":[-0.251700222492218,0.09971374273300171,0.09427428245544434,0.9209992289543152,-0.3623402416706085,0.1430739015340805,0.3671993911266327,0.930105984210968,-0.008216418325901032,-0.13009676337242127,0.06010396406054497,0.9896779656410217],"EasingStyle":"Linear","EasingDirection":"In"},"Right Arm":{"Weight":1,"CFrame":[0.6677136421203613,-0.413594126701355,0.27354705333709719,0.02942601405084133,-0.9989885091781616,-0.03400072455406189,0.48474687337875368,-0.0154857337474823,0.8745174407958984,-0.8741594552993774,-0.042215343564748767,0.4838007688522339],"EasingStyle":"Linear","EasingDirection":"In"},"Head":{"Weight":1,"CFrame":[1.1175870895385742e-7,5.413312464952469e-8,0.016662001609802247,0.9973863959312439,0.0033749104477465154,0.07217339426279068,0.021795084699988366,0.9383239150047302,-0.3450699746608734,-0.06888659298419953,0.3457411229610443,0.9357979893684387],"EasingStyle":"Linear","EasingDirection":"In"},"Right Leg":{"Weight":1,"CFrame":[0.16984786093235017,0.26050055027008059,0.020602822303771974,0.8425859212875366,-0.5303882360458374,-0.0934743583202362,0.532511830329895,0.8464186191558838,-0.0026052810717374088,0.0805002972483635,-0.0475810244679451,0.9956183433532715],"EasingStyle":"Linear","EasingDirection":"In"},"Torso":{"Weight":1,"CFrame":[-0.042479246854782107,0.3246799111366272,-0.19547700881958009,0.9972543120384216,0.013148127123713494,-0.07287674397230149,0.013147696852684021,0.9370409846305847,0.3489718735218048,0.07287681102752686,-0.34897181391716006,0.9342953562736511],"EasingStyle":"Linear","EasingDirection":"In"},"HumanoidRootPart":{"Weight":1,"CFrame":[0,0,0,1,0,0,0,1,0,0,0,1],"EasingStyle":"Linear","EasingDirection":"In"},"Left Arm":{"Weight":1,"CFrame":[-0.6545173525810242,-0.4621049463748932,0.22000205516815186,0.05782737210392952,0.9952771663665772,0.07797082513570786,-0.5127636194229126,-0.03740163519978523,0.8577147722244263,0.8565801382064819,-0.08957993239164353,0.5081789493560791],"EasingStyle":"Linear","EasingDirection":"In"}}},{"Time":0.4333333373069763,"poses":{"Left Leg":{"Weight":1,"CFrame":[-0.3738795220851898,0.20789843797683717,0.12847912311553956,0.9079424738883972,-0.38868772983551028,0.15672415494918824,0.396890789270401,0.9175606966018677,-0.023668890818953515,-0.13460414111614228,0.08369235694408417,0.987358808517456],"EasingStyle":"Linear","EasingDirection":"In"},"Right Arm":{"Weight":1,"CFrame":[0.6353166699409485,-0.3953724503517151,0.2735471725463867,0.08741416782140732,-0.9936211705207825,0.07124385237693787,0.4777071475982666,0.10456941276788712,0.8722734451293945,-0.8741593956947327,-0.042215459048748019,0.48380085825920107],"EasingStyle":"Linear","EasingDirection":"In"},"Head":{"Weight":1,"CFrame":[1.0570511221885681e-7,-1.1204974725842476e-7,0.016662240028381349,0.9994080662727356,-0.0038497389759868385,0.034186284989118579,0.014541957527399063,0.9478502869606018,-0.31838396191596987,-0.031177792698144914,0.3186926245689392,0.9473452568054199],"EasingStyle":"Linear","EasingDirection":"In"},"Right Leg":{"Weight":1,"CFrame":[0.28589093685150149,0.408081591129303,0.04495823383331299,0.9431372284889221,-0.3248750865459442,-0.07034540176391602,0.3228394389152527,0.9456534385681152,-0.03891363739967346,0.07916450500488281,0.013990608043968678,0.9967634677886963],"EasingStyle":"Linear","EasingDirection":"In"},"Torso":{"Weight":1,"CFrame":[-0.05615963786840439,0.2832152247428894,-0.08244562149047852,0.9993733167648315,0.005784616805613041,-0.03492163121700287,0.005784180946648121,0.9466093182563782,0.32233113050460818,0.03492170572280884,-0.32233113050460818,0.9459826350212097],"EasingStyle":"Linear","EasingDirection":"In"},"HumanoidRootPart":{"Weight":1,"CFrame":[0,0,0,1,0,0,0,1,0,0,0,1],"EasingStyle":"Linear","EasingDirection":"In"},"Left Arm":{"Weight":1,"CFrame":[-0.621651291847229,-0.4457492232322693,0.22000205516815186,0.11773382872343064,0.9927683472633362,-0.023449549451470376,-0.5024034380912781,0.07991602271795273,0.8609322309494019,0.8565800786018372,-0.08957976847887039,0.5081790685653687],"EasingStyle":"Linear","EasingDirection":"In"}}},{"Time":0.46666666865348818,"poses":{"Left Leg":{"Weight":1,"CFrame":[-0.4968613386154175,0.2184814214706421,0.1566375494003296,0.8414322137832642,-0.5149163603782654,0.1638692319393158,0.5257598161697388,0.8501640558242798,-0.028241358697414399,-0.12477383762598038,0.10991904139518738,0.9860777258872986],"EasingStyle":"Linear","EasingDirection":"In"},"Right Arm":{"Weight":1,"CFrame":[0.621873676776886,-0.3917519748210907,0.2735469341278076,0.11006253212690354,-0.9875146746635437,0.1126992404460907,0.47300273180007937,0.1517653614282608,0.8678915500640869,-0.8741593956947327,-0.042215343564748767,0.4838007688522339],"EasingStyle":"Linear","EasingDirection":"In"},"Head":{"Weight":1,"CFrame":[9.266659617424011e-8,-5.8753357734531168e-9,0.016662001609802247,0.9999338388442993,-0.01017032377421856,-0.005372973624616861,0.008165554143488408,0.9566382169723511,-0.2911645472049713,0.008101193234324456,0.29110151529312136,0.956657886505127],"EasingStyle":"Linear","EasingDirection":"In"},"Right Leg":{"Weight":1,"CFrame":[0.4254036545753479,0.4588733911514282,0.07538235187530518,0.995291531085968,-0.0803246721625328,-0.05424812436103821,0.0754261240363121,0.9933491945266724,-0.08699534088373184,0.06087523698806763,0.08249392360448837,0.9947305917739868],"EasingStyle":"Linear","EasingDirection":"In"},"Torso":{"Weight":1,"CFrame":[-0.06602510809898377,0.23669028282165528,-0.02832794189453125,0.9999891519546509,-0.0006956736324355006,0.004610443487763405,-0.0006961140315979719,0.9554497599601746,0.29515326023101809,-0.004610377363860607,-0.29515329003334048,0.9554387927055359],"EasingStyle":"Linear","EasingDirection":"In"},"HumanoidRootPart":{"Weight":1,"CFrame":[0,0,0,1,0,0,0,1,0,0,0,1],"EasingStyle":"Linear","EasingDirection":"In"},"Left Arm":{"Weight":1,"CFrame":[-0.6080069541931152,-0.4424232840538025,0.2200019359588623,0.14103704690933228,0.987960934638977,-0.06357613950967789,-0.4963659346103668,0.1261298805475235,0.8589017391204834,0.8565800786018372,-0.0895800068974495,0.5081790685653687],"EasingStyle":"Linear","EasingDirection":"In"}}},{"Time":0.5,"poses":{"Left Leg":{"Weight":1,"CFrame":[-0.48217007517814639,-0.006469011306762695,0.12857913970947267,0.7198882102966309,-0.6786432862281799,0.1456170529127121,0.6813902258872986,0.730937659740448,0.037915363907814029,-0.13216805458068849,0.07192722707986832,0.9886142611503601],"EasingStyle":"Linear","EasingDirection":"In"},"Right Arm":{"Weight":1,"CFrame":[0.6285300850868225,-0.43523743748664858,0.2729530334472656,0.09419049322605133,-0.9920358061790466,0.08362581580877304,0.4764173924922943,0.1186717078089714,0.8711736798286438,-0.8741593956947327,-0.04221547767519951,0.4838007688522339],"EasingStyle":"Linear","EasingDirection":"In"},"Head":{"Weight":1,"CFrame":[1.0058283805847168e-7,-4.358298610895872e-8,0.016662001609802247,0.9989262223243713,-0.015303954482078553,-0.043729543685913089,0.0029379052575677635,0.9628921747207642,-0.2698706090450287,0.04623690992593765,0.2694522738456726,0.9619031548500061],"EasingStyle":"Linear","EasingDirection":"In"},"Right Leg":{"Weight":1,"CFrame":[0.5830419659614563,0.36341869831085207,0.09356772899627686,0.9811475276947022,0.1876916140317917,-0.04605848714709282,-0.19235338270664216,0.9714662432670593,-0.13875718414783479,0.01870075799524784,0.14500072598457337,0.989254891872406],"EasingStyle":"Linear","EasingDirection":"In"},"Torso":{"Weight":1,"CFrame":[-0.07183919847011566,0.19225895404815675,-0.013231277465820313,0.9990593791007996,-0.005998565349727869,0.04294596612453461,-0.005999009124934673,0.9617425203323364,0.27388936281204226,-0.042945899069309238,-0.27388936281204226,0.960801899433136],"EasingStyle":"Linear","EasingDirection":"In"},"HumanoidRootPart":{"Weight":1,"CFrame":[0,0,0,1,0,0,0,1,0,0,0,1],"EasingStyle":"Linear","EasingDirection":"In"},"Left Arm":{"Weight":1,"CFrame":[-0.6141184568405151,-0.4813668131828308,0.21927416324615479,0.12508079409599305,0.9914911985397339,-0.03605817258358002,-0.5006250143051148,0.09444999694824219,0.8604962825775147,0.8565800786018372,-0.08957995474338532,0.5081791281700134],"EasingStyle":"Linear","EasingDirection":"In"}}},{"Time":0.5333333611488342,"poses":{"Left Leg":{"Weight":1,"CFrame":[-0.24121026694774629,-0.10099351406097412,0.09090125560760498,0.7311568856239319,-0.6707218289375305,0.12466680258512497,0.6608172655105591,0.7417073845863342,0.11485107243061066,-0.16949941217899323,-0.0015921544982120395,0.9855290651321411],"EasingStyle":"Linear","EasingDirection":"In"},"Right Arm":{"Weight":1,"CFrame":[0.6443849205970764,-0.5437971949577332,0.27118968963623049,0.05218243971467018,-0.9986120462417603,0.0071494621224701408,0.4828275740146637,0.03149568289518356,0.8751489520072937,-0.8741593956947327,-0.04221544414758682,0.48380085825920107],"EasingStyle":"Linear","EasingDirection":"In"},"Head":{"Weight":1,"CFrame":[8.521601557731629e-8,6.616755854338408e-8,0.016661882400512697,0.9967540502548218,-0.019590085372328759,-0.0780879408121109,-0.0014825020916759968,0.9653124809265137,-0.2610934376716614,0.08049410581588745,0.2603617012500763,0.962149977684021],"EasingStyle":"Linear","EasingDirection":"In"},"Right Leg":{"Weight":1,"CFrame":[0.6955400705337524,0.12317949533462525,0.07649385929107666,0.9001930356025696,0.43292203545570376,-0.04723417013883591,-0.4338410198688507,0.8820582032203674,-0.18372686207294465,-0.03787607327103615,0.18588168919086457,0.9818418025970459],"EasingStyle":"Linear","EasingDirection":"In"},"Torso":{"Weight":1,"CFrame":[-0.07338497042655945,0.15718597173690797,-0.015535593032836914,0.996954083442688,-0.010448417626321316,0.0772877112030983,-0.010448861867189408,0.9641572833061218,0.2651256024837494,-0.07728765904903412,-0.2651256322860718,0.9611113667488098],"EasingStyle":"Linear","EasingDirection":"In"},"HumanoidRootPart":{"Weight":1,"CFrame":[0,0,0,1,0,0,0,1,0,0,0,1],"EasingStyle":"Linear","EasingDirection":"In"},"Left Arm":{"Weight":1,"CFrame":[-0.6288477182388306,-0.5794904232025147,0.21716225147247315,0.08253476768732071,0.9959218502044678,0.03643772378563881,-0.5093708038330078,0.010730341076850891,0.8604803085327148,0.8565800786018372,-0.08958001434803009,0.5081791281700134],"EasingStyle":"Linear","EasingDirection":"In"}}},{"Time":0.5666666626930237,"poses":{"Left Leg":{"Weight":1,"CFrame":[-0.10421120375394821,-0.08470666408538819,0.07075071334838867,0.7623048424720764,-0.6375083923339844,0.11168887466192246,0.6190975904464722,0.7685588002204895,0.1613551527261734,-0.1887047290802002,-0.053855497390031818,0.980556070804596],"EasingStyle":"Linear","EasingDirection":"In"},"Right Arm":{"Weight":1,"CFrame":[0.6633230447769165,-0.6845500469207764,0.26828575134277346,-0.00725456140935421,-0.9949684143066406,-0.0999261885881424,0.4855850040912628,-0.09086128324270249,0.8694547414779663,-0.8741593956947327,-0.042215265333652499,0.48380085825920107],"EasingStyle":"Linear","EasingDirection":"In"},"Head":{"Weight":1,"CFrame":[1.0570511221885681e-7,-1.8975697457790376e-8,0.0166623592376709,0.9941089153289795,-0.024030916392803193,-0.10568836331367493,-0.006114691495895386,0.9611235857009888,-0.2760508358478546,0.10821334272623062,0.27507081627845766,0.955314576625824],"EasingStyle":"Linear","EasingDirection":"In"},"Right Leg":{"Weight":1,"CFrame":[0.6865889430046082,-0.11756014823913574,0.030109882354736329,0.8011341094970703,0.5965743064880371,-0.04778429865837097,-0.5932654142379761,0.7810900211334229,-0.19476842880249024,-0.07886992394924164,0.18438434600830079,0.9796846508979797],"EasingStyle":"Linear","EasingDirection":"In"},"Torso":{"Weight":1,"CFrame":[-0.07041865587234497,0.14253705739974976,-0.039105892181396487,0.9943722486495972,-0.015029266476631165,0.1048712432384491,-0.015029708854854107,0.9598622918128967,0.28006866574287417,-0.10487118363380432,-0.28006869554519656,0.9542345404624939],"EasingStyle":"Linear","EasingDirection":"In"},"HumanoidRootPart":{"Weight":1,"CFrame":[0,0,0,1,0,0,0,1,0,0,0,1],"EasingStyle":"Linear","EasingDirection":"In"},"Left Arm":{"Weight":1,"CFrame":[-0.6468421220779419,-0.7087071537971497,0.2137758731842041,0.02157706208527088,0.9901728630065918,0.138174369931221,-0.5155627727508545,-0.10739266127347946,0.850095272064209,0.8565801382064819,-0.08958015590906143,0.5081790089607239],"EasingStyle":"Linear","EasingDirection":"In"}}},{"Time":0.6000000238418579,"poses":{"Left Leg":{"Weight":1,"CFrame":[-0.19917292892932893,-0.11578941345214844,0.08445727825164795,0.6831613779067993,-0.7236042022705078,0.09842550754547119,0.6999122500419617,0.68724524974823,0.19446569681167603,-0.20835867524147035,-0.06396223604679108,0.9759588241577148],"EasingStyle":"Linear","EasingDirection":"In"},"Right Arm":{"Weight":1,"CFrame":[0.6790896058082581,-0.8245817422866821,0.2642688751220703,-0.0744343176484108,-0.9727968573570252,-0.21937589347362519,0.479900985956192,-0.22778089344501496,0.847237229347229,-0.8741593360900879,-0.042215216904878619,0.4838009774684906],"EasingStyle":"Linear","EasingDirection":"In"},"Head":{"Weight":1,"CFrame":[9.033828973770142e-8,-2.4330802261829377e-8,0.0166623592376709,0.9918793439865112,-0.028928514569997789,-0.12384948134422302,-0.0112417321652174,0.9500353932380676,-0.31193965673446658,0.12668533623218537,0.3107987344264984,0.9419952630996704],"EasingStyle":"Linear","EasingDirection":"In"},"Right Leg":{"Weight":1,"CFrame":[0.6352988481521606,-0.22203946113586427,0.0017542839050292969,0.7390814423561096,0.6724237203598023,-0.04006204381585121,-0.6680123805999756,0.7239803075790405,-0.17208151519298554,-0.08670752495527268,0.15394417941570283,0.9842678308486939],"EasingStyle":"Linear","EasingDirection":"In"},"Torso":{"Weight":1,"CFrame":[-0.06262946128845215,0.14785301685333253,-0.09879565238952637,0.9922029972076416,-0.020023537799715997,0.12301333248615265,-0.020023971796035768,0.9485763311386108,0.3159145414829254,-0.12301326543092728,-0.3159145712852478,0.9407793283462524],"EasingStyle":"Linear","EasingDirection":"In"},"HumanoidRootPart":{"Weight":1,"CFrame":[0,0,0,1,0,0,0,1,0,0,0,1],"EasingStyle":"Linear","EasingDirection":"In"},"Left Arm":{"Weight":1,"CFrame":[-0.6626357436180115,-0.8408970832824707,0.20922362804412843,-0.048608653247356418,0.9664291739463806,0.2522927522659302,-0.5137194395065308,-0.24081116914749146,0.8234698176383972,0.8565800786018372,-0.08958002924919129,0.5081789493560791],"EasingStyle":"Linear","EasingDirection":"In"}}},{"Time":0.6333333253860474,"poses":{"Left Leg":{"Weight":1,"CFrame":[-0.32070261240005495,-0.17472052574157716,0.10404694080352783,0.5689579844474793,-0.8176854848861694,0.08762098103761673,0.7920648455619812,0.5735304951667786,0.20903603732585908,-0.2211790382862091,-0.049531206488609317,0.9739746451377869],"EasingStyle":"Linear","EasingDirection":"In"},"Right Arm":{"Weight":1,"CFrame":[0.6875475645065308,-0.9354287385940552,0.25916802883148196,-0.13853515684604646,-0.9331442713737488,-0.3317374885082245,0.4654604494571686,-0.35701480507850649,0.8098685145378113,-0.8741593956947327,-0.04221538081765175,0.48380088806152346],"EasingStyle":"Linear","EasingDirection":"In"},"Head":{"Weight"