{"Sequence":[{"Time":0,"poses":{"Left Leg":{"Weight":1,"CFrame":[-0.5628724098205566,0.09309971332550049,0.030600547790527345,0.9651373028755188,-0.25728151202201846,-0.048127431422472,0.25855547189712527,0.9657381772994995,0.022335074841976167,0.04073205962777138,-0.03400002047419548,0.9985914826393127],"EasingStyle":"Linear","EasingDirection":"In"},"Right Arm":{"Weight":1,"CFrame":[-0.14264775812625886,-0.40457814931869509,-0.11888319253921509,0.9395985007286072,0.2332552820444107,-0.2504929006099701,-0.1808597296476364,0.9596704840660095,0.21522623300552369,0.2905932366847992,-0.15692225098609925,0.9438914060592651],"EasingStyle":"Linear","EasingDirection":"In"},"Left Arm":{"Weight":1,"CFrame":[0.007108448073267937,-0.4597836434841156,0.023375868797302247,0.968860924243927,0.18666212260723115,-0.16268330812454225,-0.08504147082567215,0.8679155707359314,0.48937758803367617,0.23254357278347016,-0.4603040814399719,0.8567635416984558],"EasingStyle":"Linear","EasingDirection":"In"},"Head":{"Weight":1,"CFrame":[8.887943181434821e-8,0,0.016662120819091798,0.9999814033508301,0.006060637068003416,-0.0006946428911760449,-0.006057631224393845,0.9999728798866272,0.004182666540145874,0.0007199739338830113,-0.004178405273705721,0.9999909996986389],"EasingStyle":"Linear","EasingDirection":"In"},"Torso":{"Weight":1,"CFrame":[0,-0.06325019896030426,-0.1540205478668213,1,2.384185791015625e-7,-8.742277657347586e-8,-2.384185791015625e-7,1,2.084321417176148e-14,8.742277657347586e-8,0,1],"EasingStyle":"Linear","EasingDirection":"In"},"HumanoidRootPart":{"Weight":0,"CFrame":[0,0,0,1,0,0,0,1,0,0,0,1],"EasingStyle":"Linear","EasingDirection":"In"},"Right Leg":{"Weight":1,"CFrame":[0.5837754607200623,0.09879511594772339,-0.02393651008605957,0.9619307518005371,0.25565293431282046,0.09659625589847565,-0.2601737976074219,0.9648403525352478,0.03731860592961311,-0.08365928381681442,-0.061029743403196338,0.9946237802505493],"EasingStyle":"Linear","EasingDirection":"In"}}},{"Time":0.03333333507180214,"poses":{"Left Leg":{"Weight":1,"CFrame":[-0.6583120822906494,0.1982550024986267,0.023585915565490724,0.9742268919944763,-0.2209511697292328,-0.04541478306055069,0.22247974574565888,0.9744163155555725,0.03186884894967079,0.03721139580011368,-0.04115134850144386,0.9984597563743591],"EasingStyle":"Linear","EasingDirection":"In"},"Right Arm":{"Weight":1,"CFrame":[-0.13499048352241517,-0.4487958252429962,-0.12060457468032837,0.9552028179168701,0.13430960476398469,-0.26372066140174868,-0.07583259791135788,0.9724181890487671,0.2205725461244583,0.2860717475414276,-0.19069303572177888,0.9390416145324707],"EasingStyle":"Linear","EasingDirection":"In"},"Left Arm":{"Weight":1,"CFrame":[0.0006225489778444171,-0.5053038001060486,0.02489161491394043,0.9361104369163513,0.3226379454135895,-0.1400074064731598,-0.21591417491436006,0.8414221405982971,0.4953680634498596,0.2776297926902771,-0.43348991870880129,0.857326328754425],"EasingStyle":"Linear","EasingDirection":"In"},"Head":{"Weight":1,"CFrame":[8.847928256727755e-8,6.024947651894763e-9,0.016661524772644044,0.9999728798866272,0.006009931210428476,-0.004260857589542866,-0.005584959406405687,0.9955951571464539,0.09358998388051987,0.0048046112060546879,-0.09356364607810974,0.9956017136573792],"EasingStyle":"Linear","EasingDirection":"In"},"Torso":{"Weight":1,"CFrame":[0.002897225320339203,-0.1367834210395813,-0.22850704193115235,0.9999936819076538,0.0004736272385343909,0.0035221187863498928,-0.00015687000995967537,0.9959961771965027,-0.08939560502767563,-0.0035503569524735214,0.08939448744058609,0.995989978313446],"EasingStyle":"Linear","EasingDirection":"In"},"HumanoidRootPart":{"Weight":0,"CFrame":[0,0,0,1,0,0,0,1,0,0,0,1],"EasingStyle":"Linear","EasingDirection":"In"},"Right Leg":{"Weight":1,"CFrame":[0.6737584471702576,0.19994711875915528,-0.035669028759002689,0.9718586206436157,0.21630913019180299,0.09328006953001023,-0.22109895944595338,0.9742411971092224,0.04437808319926262,-0.08127784729003906,-0.06375338137149811,0.9946504235267639],"EasingStyle":"Linear","EasingDirection":"In"}}},{"Time":0.06666667014360428,"poses":{"Left Leg":{"Weight":1,"CFrame":[-0.7363394498825073,0.43124479055404665,0.011290907859802246,0.9915387630462647,-0.1247962936758995,-0.03573226556181908,0.12654581665992738,0.9906073808670044,0.0517999567091465,0.028932182118296624,-0.05588343366980553,0.9980180263519287],"EasingStyle":"Linear","EasingDirection":"In"},"Right Arm":{"Weight":1,"CFrame":[-0.12343192100524903,-0.5323243141174316,-0.12447333335876465,0.9449440836906433,-0.13182875514030457,-0.2995026707649231,0.20434853434562684,0.9525852203369141,0.22543953359127046,0.25558239221572878,-0.2742307782173157,0.9270788431167603],"EasingStyle":"Linear","EasingDirection":"In"},"Left Arm":{"Weight":1,"CFrame":[-0.009223399683833123,-0.5932138562202454,0.02934253215789795,0.7602216601371765,0.6447265148162842,-0.07994204014539719,-0.531615674495697,0.6880866885185242,0.49388387799263,0.37342706322669985,-0.3329629898071289,0.865845263004303],"EasingStyle":"Linear","EasingDirection":"In"},"Head":{"Weight":1,"CFrame":[8.629285730421543e-8,4.059256752952933e-8,0.016662120819091798,0.9998888373374939,0.005608661565929651,-0.013817018829286099,-0.0018858802504837514,0.9666928052902222,0.25593259930610659,0.014792262576520443,-0.2558780908584595,0.9665958881378174],"EasingStyle":"Linear","EasingDirection":"In"},"Torso":{"Weight":1,"CFrame":[0.010166119784116745,-0.27037864923477175,-0.3839850425720215,0.9999151825904846,0.004106767941266298,0.012359037064015866,-0.0008623819448985159,0.9677764177322388,-0.25180959701538088,-0.012994907796382904,0.2517775893211365,0.9676978588104248],"EasingStyle":"Linear","EasingDirection":"In"},"HumanoidRootPart":{"Weight":0,"CFrame":[0,0,0,1,0,0,0,1,0,0,0,1],"EasingStyle":"Linear","EasingDirection":"In"},"Right Leg":{"Weight":1,"CFrame":[0.7468648552894592,0.4191886782646179,-0.05172264575958252,0.9896187782287598,0.11439307034015656,0.08699921518564224,-0.11934809386730194,0.9913803339004517,0.05404658243060112,-0.08006670325994492,-0.06386874616146088,0.9947412014007568],"EasingStyle":"Linear","EasingDirection":"In"}}},{"Time":0.10000000149011612,"poses":{"Left Leg":{"Weight":1,"CFrame":[-0.7332945466041565,0.5714302062988281,0.003644108772277832,0.997535765171051,-0.06639815866947174,-0.02266363985836506,0.0678337961435318,0.9952448010444641,0.06990281492471695,0.01791440322995186,-0.07126788049936295,0.9972963333129883],"EasingStyle":"Linear","EasingDirection":"In"},"Right Arm":{"Weight":1,"CFrame":[-0.1238151416182518,-0.5819683074951172,-0.12804627418518067,0.8067753911018372,-0.47939354181289675,-0.34539151191711428,0.5645325183868408,0.7979574203491211,0.21110893785953523,0.17440345883369447,-0.36530229449272158,0.9144056439399719],"EasingStyle":"Linear","EasingDirection":"In"},"Left Arm":{"Weight":1,"CFrame":[-0.010957983322441578,-0.6494812965393066,0.03577315807342529,0.36282479763031008,0.931751549243927,-0.014043609611690045,-0.827444314956665,0.32906562089920046,0.4550291895866394,0.4285954236984253,-0.15347588062286378,0.8903657793998718],"EasingStyle":"Linear","EasingDirection":"In"},"Head":{"Weight":1,"CFrame":[9.42964106798172e-8,-4.912726581096649e-8,0.016662001609802247,0.9996062517166138,0.0030562125612050297,-0.027893291786313058,0.006597157102078199,0.9405913352966309,0.33947670459747317,0.027273626998066903,-0.3395270109176636,0.9402008056640625],"EasingStyle":"Linear","EasingDirection":"In"},"Torso":{"Weight":1,"CFrame":[0.01966114714741707,-0.33924907445907595,-0.47653818130493166,0.9996342658996582,0.012650111690163613,0.02390231005847454,-0.0038979698438197376,0.9420190453529358,-0.3355366587638855,-0.02676100842654705,0.3353208005428314,0.9417238831520081],"EasingStyle":"Linear","EasingDirection":"In"},"HumanoidRootPart":{"Weight":0,"CFrame":[0,0,0,1,0,0,0,1,0,0,0,1],"EasingStyle":"Linear","EasingDirection":"In"},"Right Leg":{"Weight":1,"CFrame":[0.7436232566833496,0.5378577709197998,-0.0576968789100647,0.9949447512626648,0.04660768434405327,0.08895290642976761,-0.05128283426165581,0.9973803162574768,0.05101554095745087,-0.08634208887815476,-0.05531942844390869,0.9947285056114197],"EasingStyle":"Linear","EasingDirection":"In"}}},{"Time":0.13333334028720857,"poses":{"Left Leg":{"Weight":1,"CFrame":[-0.7331147789955139,0.5028172731399536,0.010697364807128907,0.9944390058517456,-0.10467327386140824,-0.011599990539252758,0.10527433454990387,0.9910392761230469,0.08220996707677841,0.002890832256525755,-0.08297398686408997,0.996547520160675],"EasingStyle":"Linear","EasingDirection":"In"},"Right Arm":{"Weight":1,"CFrame":[-0.13824810087680818,-0.5511184930801392,-0.12865155935287476,0.5240908861160278,-0.7636304497718811,-0.37709060311317446,0.849859893321991,0.4977150559425354,0.1732565313577652,0.05537969246506691,-0.4112764000892639,0.9098268151283264],"EasingStyle":"Linear","EasingDirection":"In"},"Left Arm":{"Weight":1,"CFrame":[-0.002105487510561943,-0.6309772729873657,0.04064667224884033,-0.09415765851736069,0.9954886436462402,0.01168979424983263,-0.917274534702301,-0.09131196141242981,0.38764631748199465,0.3869648575782776,0.025777053087949754,0.9217340350151062],"EasingStyle":"Linear","EasingDirection":"In"},"Head":{"Weight":1,"CFrame":[8.66129994392395e-8,2.444721758365631e-9,0.016661763191223146,0.9989673495292664,-0.006171460263431072,-0.04501263052225113,0.019167525693774225,0.9554954767227173,0.2943822741508484,0.041192591190338138,-0.29494109749794009,0.9546270966529846],"EasingStyle":"Linear","EasingDirection":"In"},"Torso":{"Weight":1,"CFrame":[0.030754290521144868,-0.3024889826774597,-0.41338610649108889,0.9989691972732544,0.025742903351783754,0.03738842159509659,-0.013767370954155922,0.9566705822944641,-0.29084670543670657,-0.04325564578175545,0.29003217816352847,0.9560388326644898],"EasingStyle":"Linear","EasingDirection":"In"},"HumanoidRootPart":{"Weight":0,"CFrame":[0,0,0,1,0,0,0,1,0,0,0,1],"EasingStyle":"Linear","EasingDirection":"In"},"Right Leg":{"Weight":1,"CFrame":[0.7349549531936646,0.44497430324554446,-0.05545860528945923,0.9922338724136353,0.06481526046991348,0.10616438090801239,-0.06843845546245575,0.9971784353256226,0.03084389492869377,-0.1038655936717987,-0.03787009045481682,0.9938700795173645],"EasingStyle":"Linear","EasingDirection":"In"}}},{"Time":0.1666666716337204,"poses":{"Left Leg":{"Weight":1,"CFrame":[-0.6811816096305847,0.32692044973373415,0.03233754634857178,0.9850524663925171,-0.17224332690238954,0.0019643614068627359,0.17134208977222444,0.9809432029724121,0.0916094034910202,-0.017706070095300676,-0.08990346640348435,0.9957931041717529],"EasingStyle":"Linear","EasingDirection":"In"},"Right Arm":{"Weight":1,"CFrame":[-0.15145041048526765,-0.5149400234222412,-0.1263045072555542,0.2043737918138504,-0.9034671783447266,-0.37680014967918398,0.9774265885353088,0.16728295385837556,0.12904903292655946,-0.0535593256354332,-0.394668847322464,0.9172611236572266],"EasingStyle":"Linear","EasingDirection":"In"},"Left Arm":{"Weight":1,"CFrame":[0.002344489097595215,-0.5845096111297607,0.042389750480651858,-0.3964068591594696,0.9180223941802979,-0.00982173066586256,-0.868701696395874,-0.37160593271255495,0.3275156617164612,0.29701685905456545,0.13836140930652619,0.9447947144508362],"EasingStyle":"Linear","EasingDirection":"In"},"Head":{"Weight":1,"CFrame":[7.916241884231568e-8,5.8673322200775149e-8,0.016662120819091798,0.9977335929870606,-0.025573942810297014,-0.06223900243639946,0.03675442934036255,0.9819125533103943,0.1857331395149231,0.05636341869831085,-0.18759973347187043,0.9806271195411682],"EasingStyle":"Linear","EasingDirection":"In"},"Torso":{"Weight":1,"CFrame":[0.042969316244125369,-0.21406817436218263,-0.26786017417907717,0.9976553320884705,0.04421510919928551,0.052238449454307559,-0.03394119068980217,0.9824612140655518,-0.18335197865962983,-0.05942917615175247,0.18114903569221497,0.981658399105072],"EasingStyle":"Linear","EasingDirection":"In"},"HumanoidRootPart":{"Weight":0,"CFrame":[0,0,0,1,0,0,0,1,0,0,0,1],"EasingStyle":"Linear","EasingDirection":"In"},"Right Leg":{"Weight":1,"CFrame":[0.6575742959976196,0.2485550045967102,-0.04992038011550903,0.986463725566864,0.09705101698637009,0.13217583298683167,-0.09816713631153107,0.9951680302619934,0.0019382747123017908,-0.13134895265102387,-0.014887387864291668,0.9912244081497192],"EasingStyle":"Linear","EasingDirection":"In"}}},{"Time":0.20000000298023225,"poses":{"Left Leg":{"Weight":1,"CFrame":[-0.5992912650108337,0.17928540706634522,0.05228221416473389,0.9648976922035217,-0.2621423304080963,0.01593168079853058,0.25905945897102358,0.9600045680999756,0.1062045618891716,-0.04313521459698677,-0.09834928065538407,0.9942166805267334],"EasingStyle":"Linear","EasingDirection":"In"},"Right Arm":{"Weight":1,"CFrame":[-0.15944474935531617,-0.5121074914932251,-0.12089931964874268,-0.07078991830348969,-0.957109808921814,-0.2809441089630127,0.995884358882904,-0.0837952122092247,0.03453581780195236,-0.0565963089466095,-0.2773429751396179,0.9591025710105896],"EasingStyle":"Linear","EasingDirection":"In"},"Left Arm":{"Weight":1,"CFrame":[-0.003612775355577469,-0.5493780970573425,0.042327165603637698,-0.5419110059738159,0.8386729955673218,-0.05440636724233627,-0.815177321434021,-0.508770227432251,0.27683717012405398,0.20449547469615937,0.19437181949615479,0.9593753814697266],"EasingStyle":"Linear","EasingDirection":"In"},"Head":{"Weight":1,"CFrame":[9.406358003616333e-8,-1.30385160446167e-8,0.016661763191223146,0.9955153465270996,-0.056817248463630679,-0.07563763111829758,0.06123872846364975,0.9964667558670044,0.05747906118631363,0.07210458070039749,-0.061853282153606418,0.9954773187637329],"EasingStyle":"Linear","EasingDirection":"In"},"Torso":{"Weight":1,"CFrame":[0.05550806224346161,-0.11056217551231384,-0.10300326347351074,0.9952700138092041,0.06988392025232315,0.06748200953006745,-0.06604635715484619,0.9961574077606201,-0.057517971843481067,-0.07124228775501251,0.05278897285461426,0.9960611462593079],"EasingStyle":"Linear","EasingDirection":"In"},"HumanoidRootPart":{"Weight":0,"CFrame":[0,0,0,1,0,0,0,1,0,0,0,1],"EasingStyle":"Linear","EasingDirection":"In"},"Right Leg":{"Weight":1,"CFrame":[0.5380530953407288,0.08879327774047852,-0.04137444496154785,0.9776962995529175,0.1412002146244049,0.1554749608039856,-0.13761454820632935,0.9899142980575562,-0.03364499658346176,-0.1586574912071228,0.011498993262648583,0.9872667193412781],"EasingStyle":"Linear","EasingDirection":"In"}}},{"Time":0.23333333432674409,"poses":{"Left Leg":{"Weight":1,"CFrame":[-0.6246315240859985,0.11425143480300904,0.06567871570587158,0.9170054197311401,-0.3979368209838867,0.027336960658431054,0.39159512519836428,0.9111868739128113,0.1280304193496704,-0.07585711777210236,-0.10669956356287003,0.9913933873176575],"EasingStyle":"Linear","EasingDirection":"In"},"Right Arm":{"Weight":1,"CFrame":[-0.16445422172546388,-0.5108646154403687,-0.1131819486618042,-0.2897959351539612,-0.9552610516548157,-0.059114981442689899,0.9541616439819336,-0.28353145718574526,-0.09584089368581772,0.07479209452867508,-0.08417971432209015,0.9936397671699524],"EasingStyle":"Linear","EasingDirection":"In"},"Left Arm":{"Weight":1,"CFrame":[-0.014214247465133667,-0.5252004861831665,0.041600823402404788,-0.6162797212600708,0.7804651260375977,-0.10523072630167008,-0.7789884805679321,-0.5845075249671936,0.2269977480173111,0.11565566062927246,0.2218674272298813,0.9681934118270874],"EasingStyle":"Linear","EasingDirection":"In"},"Head":{"Weight":1,"CFrame":[1.1408701539039612e-7,0,0.016661763191223146,0.9916157126426697,-0.09945504367351532,-0.08250442147254944,0.09571551531553269,0.994245171546936,-0.048115797340869907,0.0868150144815445,0.03981541469693184,0.9954285025596619],"EasingStyle":"Linear","EasingDirection":"In"},"Torso":{"Weight":1,"CFrame":[0.08572492003440857,-0.026934638619422914,0.033768415451049808,0.9910739660263062,0.10577509552240372,0.08114197105169296,-0.10959479957818985,0.9929953813552856,0.04414944350719452,-0.07590369135141373,-0.05264810100197792,0.9957242608070374],"EasingStyle":"Linear","EasingDirection":"In"},"HumanoidRootPart":{"Weight":0,"CFrame":[0,0,0,1,0,0,0,1,0,0,0,1],"EasingStyle":"Linear","EasingDirection":"In"},"Right Leg":{"Weight":1,"CFrame":[0.5715357065200806,0.029723405838012697,-0.05406498908996582,0.9527938365936279,0.2516903877258301,0.1698111742734909,-0.2432326078414917,0.9674932956695557,-0.06924360245466232,-0.1817190945148468,0.024671249091625215,0.9830409288406372],"EasingStyle":"Linear","EasingDirection":"In"}}},{"Time":0.2666666805744171,"poses":{"Left Leg":{"Weight":1,"CFrame":[-0.7585069537162781,0.08653444051742554,0.07537996768951416,0.8329095244407654,-0.5525429248809815,0.03095422126352787,0.5423771142959595,0.826140284538269,0.15270601212978364,-0.10994920134544373,-0.1104014441370964,0.9877867698669434],"EasingStyle":"Linear","EasingDirection":"In"},"Right Arm":{"Weight":1,"CFrame":[-0.1656973659992218,-0.5121551752090454,-0.10597044229507446,-0.43521833419799807,-0.8802087903022766,0.18925483524799348,0.8674427270889282,-0.4662454426288605,-0.17366155982017518,0.24109764397144319,0.08858694136142731,0.9664493203163147],"EasingStyle":"Linear","EasingDirection":"In"},"Left Arm":{"Weight":1,"CFrame":[-0.027119651436805726,-0.5106401443481445,0.040888190269470218,-0.6609693765640259,0.7335333228111267,-0.1582668423652649,-0.7496421337127686,-0.635881781578064,0.18355101346969605,0.03400179743766785,0.23996500670909882,0.9701858758926392],"EasingStyle":"Linear","EasingDirection":"In"},"Head":{"Weight":1,"CFrame":[1.1734664440155029e-7,-2.2351741790771486e-8,0.016661882400512697,0.9861487150192261,-0.14422306418418885,-0.08191677927970886,0.1337146908044815,0.983501136302948,-0.12184373289346695,0.09813787788152695,0.10920260101556778,0.9891631603240967],"EasingStyle":"Linear","EasingDirection":"In"},"Torso":{"Weight":1,"CFrame":[0.14441871643066407,0.030111461877822877,0.11503911018371582,0.9852075576782227,0.14542236924171449,0.09065553545951843,-0.15529349446296693,0.9813263416290283,0.11350135505199433,-0.07245702296495438,-0.12590059638023377,0.9893932342529297],"EasingStyle":"Linear","EasingDirection":"In"},"HumanoidRootPart":{"Weight":0,"CFrame":[0,0,0,1,0,0,0,1,0,0,0,1],"EasingStyle":"Linear","EasingDirection":"In"},"Right Leg":{"Weight":1,"CFrame":[0.7497037649154663,0.025388598442077638,-0.08498358726501465,0.8990059494972229,0.4026291072368622,0.17227330803871156,-0.3906691372394562,0.9150844216346741,-0.09999099373817444,-0.19790387153625489,0.02259066514670849,0.979961097240448],"EasingStyle":"Linear","EasingDirection":"In"}}},{"Time":0.30000001192092898,"poses":{"Left Leg":{"Weight":1,"CFrame":[-0.910129189491272,0.0778193473815918,0.07005715370178223,0.7404616475105286,-0.6718409061431885,0.018611542880535127,0.6590802669525147,0.7312645316123962,0.1756853610277176,-0.13164262473583222,-0.11782178282737732,0.9842703938484192],"EasingStyle":"Linear","EasingDirection":"In"},"Right Arm":{"Weight":1,"CFrame":[-0.16386078298091889,-0.5152145624160767,-0.10181736946105957,-0.5541039705276489,-0.7648279070854187,0.3286445736885071,0.7700101137161255,-0.6209224462509155,-0.14676377177238465,0.3163118362426758,0.17173710465431214,0.9329807758331299],"EasingStyle":"Linear","EasingDirection":"In"},"Left Arm":{"Weight":1,"CFrame":[-0.04042904078960419,-0.5040901303291321,0.04060637950897217,-0.7074581980705261,0.6743649840354919,-0.21150584518909455,-0.7055900692939758,-0.6910994052886963,0.15660199522972108,-0.04056469723582268,0.26002585887908938,0.9647492170333862],"EasingStyle":"Linear","EasingDirection":"In"},"Head":{"Weight":1,"CFrame":[7.35744833946228e-8,-8.940696716308594e-8,0.016662001609802247,0.9811663031578064,-0.17838941514492036,-0.07409412413835526,0.16440942883491517,0.9725847840309143,-0.16446369886398316,0.1014014258980751,0.14918455481529237,0.9835963249206543],"EasingStyle":"Linear","EasingDirection":"In"},"Torso":{"Weight":1,"CFrame":[0.21850229799747468,0.06301704049110413,0.15148091316223145,0.9798012375831604,0.17797236144542695,0.0911884680390358,-0.19041107594966889,0.9696286916732788,0.15350525081157685,-0.06109926104545593,-0.1677679419517517,0.983931303024292],"EasingStyle":"Linear","EasingDirection":"In"},"HumanoidRootPart":{"Weight":0,"CFrame":[0,0,0,1,0,0,0,1,0,0,0,1],"EasingStyle":"Linear","EasingDirection":"In"},"Right Leg":{"Weight":1,"CFrame":[0.9251891374588013,0.05519306659698486,-0.09575104713439942,0.8391812443733215,0.5210606455802918,0.15579019486904145,-0.5065557360649109,0.8531296253204346,-0.12478478997945786,-0.19792962074279786,0.025800615549087526,0.9798766374588013],"EasingStyle":"Linear","EasingDirection":"In"}}},{"Time":0.3333333432674408,"poses":{"Left Leg":{"Weight":1,"CFrame":[-1.029407024383545,0.0905766487121582,0.03371739387512207,0.6788066029548645,-0.7341422438621521,-0.01602414809167385,0.7224343419075012,0.6637532711029053,0.19370132684707642,-0.1315683126449585,-0.1430620700120926,0.9809296727180481],"EasingStyle":"Linear","EasingDirection":"In"},"Right Arm":{"Weight":1,"CFrame":[-0.1605815887451172,-0.5186830163002014,-0.0999596118927002,-0.6775916814804077,-0.6498376131057739,0.3443553149700165,0.675865888595581,-0.7348324060440064,-0.05680356174707413,0.2899564802646637,0.19424830377101899,0.9371194243431091],"EasingStyle":"Linear","EasingDirection":"In"},"Left Arm":{"Weight":1,"CFrame":[-0.05200403928756714,-0.503192126750946,0.04133737087249756,-0.765408992767334,0.5861651301383972,-0.2656303942203522,-0.6355350017547607,-0.7534056305885315,0.1687462478876114,-0.10121423751115799,0.2979772090911865,0.9491918683052063],"EasingStyle":"Linear","EasingDirection":"In"},"Head":{"Weight":1,"CFrame":[6.332993507385254e-8,8.195638656616211e-8,0.01666259765625,0.9797141551971436,-0.19052228331565858,-0.062140509486198428,0.1769854724407196,0.9680473804473877,-0.1776525229215622,0.09400172531604767,0.16305075585842133,0.9821293950080872],"EasingStyle":"Linear","EasingDirection":"In"},"Torso":{"Weight":1,"CFrame":[0.29656726121902468,0.07454794645309448,0.16072893142700196,0.978034496307373,0.19250187277793885,0.07994753122329712,-0.2035563588142395,0.9646245837211609,0.1675236076116562,-0.044870734214782718,-0.18011769652366639,0.9826210737228394],"EasingStyle":"Linear","EasingDirection":"In"},"HumanoidRootPart":{"Weight":0,"CFrame":[0,0,0,1,0,0,0,1,0,0,0,1],"EasingStyle":"Linear","EasingDirection":"In"},"Right Leg":{"Weight":1,"CFrame":[1.0320724248886109,0.10422974824905396,-0.06091350317001343,0.8012158274650574,0.5875294208526611,0.11341222375631333,-0.5716612935066223,0.8075709939002991,-0.14502589404582978,-0.1767953485250473,0.05136367306113243,0.9829064607620239],"EasingStyle":"Linear","EasingDirection":"In"}}},{"Time":0.36666667461395266,"poses":{"Left Leg":{"Weight":1,"CFrame":[-1.083855152130127,0.09882521629333496,-0.023557722568511964,0.6658737063407898,-0.7431076765060425,-0.06635704636573792,0.7389792203903198,0.644707202911377,0.1956072896718979,-0.10257647186517716,-0.17928622663021089,0.9784347414970398],"EasingStyle":"Linear","EasingDirection":"In"},"Right Arm":{"Weight":1,"CFrame":[-0.1586340069770813,-0.5203346610069275,-0.0980374813079834,-0.7339106202125549,-0.59065181016922,0.3354187607765198,0.6299827694892883,-0.7765311002731323,0.011005917564034462,0.2539624869823456,0.21938525140285493,0.9420048594474793],"EasingStyle":"Linear","EasingDirection":"In"},"Left Arm":{"Weight":1,"CFrame":[-0.05718371272087097,-0.5037750601768494,0.0421825647354126,-0.790290355682373,0.531120777130127,-0.305535227060318,-0.5962449312210083,-0.7814928889274597,0.18374142050743104,-0.14118467271327973,0.3273829519748688,0.9342843890190125],"EasingStyle":"Linear","EasingDirection":"In"},"Head":{"Weight":1,"CFrame":[8.195638656616211e-8,7.450580596923828e-9,0.016661882400512697,0.9821950197219849,-0.1816873401403427,-0.04777754098176956,0.17095667123794557,0.9698529243469238,-0.17366379499435426,0.07788966596126557,0.1624039113521576,0.9836453795433044],"EasingStyle":"Linear","EasingDirection":"In"},"Torso":{"Weight":1,"CFrame":[0.37705564498901369,0.07424619793891907,0.16095662117004395,0.9803146719932556,0.1884698122739792,0.0588415190577507,-0.19580695033073426,0.9662910103797913,0.16715672612190247,-0.02535403147339821,-0.17538775503635407,0.9841728806495667],"EasingStyle":"Linear","EasingDirection":"In"},"HumanoidRootPart":{"Weight":0,"CFrame":[0,0,0,1,0,0,0,1,0,0,0,1],"EasingStyle":"Linear","EasingDirection":"In"},"Right Leg":{"Weight":1,"CFrame":[1.0527989864349366,0.12882447242736817,0.005658268928527832,0.7902869582176209,0.6105402708053589,0.05183708667755127,-0.5977236032485962,0.7867721319198608,-0.15400047600269319,-0.13480742275714875,0.0907202661037445,0.9867100715637207],"EasingStyle":"Linear","EasingDirection":"In"}}},{"Time":0.4000000059604645,"poses":{"Left Leg":{"Weight":1,"CFrame":[-1.033569574356079,0.06856977939605713,-0.0657845139503479,0.7073211073875427,-0.6971373558044434,-0.1170315071940422,0.7059323191642761,0.6879873275756836,0.16832399368286134,-0.03682878613471985,-0.2016754001379013,0.978759765625],"EasingStyle":"Linear","EasingDirection":"In"},"Right Arm":{"Weight":1,"CFrame":[-0.15869879722595216,-0.5236589908599854,-0.09597736597061157,-0.718076229095459,-0.6099929809570313,0.3350747525691986,0.6570495963096619,-0.7529183030128479,0.03741496428847313,0.22946110367774964,0.2470274567604065,0.9414483904838562],"EasingStyle":"Linear","EasingDirection":"In"},"Left Arm":{"Weight":1,"CFrame":[-0.05534172058105469,-0.5064719915390015,0.04225146770477295,-0.7670941352844238,0.5543049573898315,-0.32297468185424807,-0.622427761554718,-0.7650044560432434,0.16538451611995698,-0.15540358424186707,0.3278936445713043,0.9318451285362244],"EasingStyle":"Linear","EasingDirection":"In"},"Head":{"Weight":1,"CFrame":[7.82310962677002e-8,2.9802322387695315e-8,0.016662120819091798,0.9862216711044312,-0.1625022143125534,-0.03098008781671524,0.15549957752227784,0.9745292663574219,-0.16159416735172273,0.05645038187503815,0.15455028414726258,0.9863709211349487],"EasingStyle":"Linear","EasingDirection":"In"},"Torso":{"Weight":1,"CFrame":[0.45707499980926516,0.06809163093566895,0.15567278861999513,0.984074056148529,0.17499591410160066,0.031219597905874254,-0.1777430772781372,0.9710362553596497,0.1596745401620865,-0.0023729775566607715,-0.16268064081668855,0.9866759181022644],"EasingStyle":"Linear","EasingDirection":"In"},"HumanoidRootPart":{"Weight":0,"CFrame":[0,0,0,1,0,0,0,1,0,0,0,1],"EasingStyle":"Linear","EasingDirection":"In"},"Right Leg":{"Weight":1,"CFrame":[0.9770431518554688,0.09352564811706543,0.06309020519256592,0.8075569868087769,0.58968186378479,-0.011271351017057896,-0.5853450298309326,0.7989832758903503,-0.1378294974565506,-0.07226985692977905,0.11790275573730469,0.9903918504714966],"EasingStyle":"Linear","EasingDirection":"In"}}},{"Time":0.4333333373069763,"poses":{"Left Leg":{"Weight":1,"CFrame":[-0.8670417666435242,0.029900312423706056,-0.08054196834564209,0.7953547239303589,-0.583122193813324,-0.16546747088432313,0.603390097618103,0.7876628637313843,0.12452930957078934,0.057716697454452518,-0.19888634979724885,0.9783214926719666],"EasingStyle":"Linear","EasingDirection":"In"},"Right Arm":{"Weight":1,"CFrame":[-0.1593378484249115,-0.5324508547782898,-0.09463858604431153,-0.6636033654212952,-0.6813275814056397,0.3089068830013275,0.7257707715034485,-0.6864590048789978,0.045063767582178119,0.18134872615337373,0.25409984588623049,0.9500241279602051],"EasingStyle":"Linear","EasingDirection":"In"},"Left Arm":{"Weight":1,"CFrame":[-0.04992997646331787,-0.5132794976234436,0.042481303215026858,-0.6969195604324341,0.6348971724510193,-0.33348000049591067,-0.7025673389434815,-0.6977373361587524,0.1398630440235138,-0.14388272166252137,0.3317653238773346,0.9323247075080872],"EasingStyle":"Linear","EasingDirection":"In"},"Head":{"Weight":1,"CFrame":[1.7695128917694093e-7,8.940696716308594e-8,0.016662240028381349,0.9904926419258118,-0.1366477757692337,-0.015865983441472055,0.13315893709659577,0.9813229441642761,-0.13883092999458314,0.034540608525276187,0.13539834320545197,0.9901890158653259],"EasingStyle":"Linear","EasingDirection":"In"},"Torso":{"Weight":1,"CFrame":[0.5254358649253845,0.05271926522254944,0.13848638534545899,0.987960696220398,0.15470275282859803,-0.0008518281974829733,-0.15303891897201539,0.9781114459037781,0.1409860998392105,0.02264411747455597,-0.13915836811065675,0.9900112152099609],"EasingStyle":"Linear","EasingDirection":"In"},"HumanoidRootPart":{"Weight":0,"CFrame":[0,0,0,1,0,0,0,1,0,0,0,1],"EasingStyle":"Linear","EasingDirection":"In"},"Right Leg":{"Weight":1,"CFrame":[0.7999671697616577,0.03997528553009033,0.09885096549987793,0.8564037084579468,0.5114725232124329,-0.07048793882131577,-0.5162475109100342,0.8503556847572327,-0.10190042853355408,0.007820617407560349,0.12365712970495224,0.992294192314148],"EasingStyle":"Linear","EasingDirection":"In"}}},{"Time":0.46666666865348818,"poses":{"Left Leg":{"Weight":1,"CFrame":[-0.573304295539856,0.013894975185394287,-0.052681922912597659,0.8996055126190186,-0.3827999532222748,-0.21017660200595857,0.4067213237285614,0.9096781611442566,0.08404383063316345,0.15902097523212434,-0.16108958423137666,0.9740443825721741],"EasingStyle":"Linear","EasingDirection":"In"},"Right Arm":{"Weight":1,"CFrame":[-0.1603139489889145,-0.5450401306152344,-0.09476852416992188,-0.5621063113212586,-0.797021746635437,0.22089123725891114,0.8240240812301636,-0.5625776648521423,0.06701244413852692,0.07085812091827393,0.219687819480896,0.9729934930801392],"EasingStyle":"Linear","EasingDirection":"In"},"Left Arm":{"Weight":1,"CFrame":[-0.041721999645233157,-0.5220179557800293,0.043000102043151858,-0.5552255511283875,0.7604885697364807,-0.33672216534614565,-0.826056957244873,-0.5513231754302979,0.11693001538515091,-0.09671871364116669,0.34307414293289187,0.93431556224823],"EasingStyle":"Linear","EasingDirection":"In"},"Head":{"Weight":1,"CFrame":[9.872019290924072e-8,-7.450580596923828e-9,0.016661763191223146,0.9941263198852539,-0.10807542502880097,-0.005702322814613581,0.10693232715129852,0.9890018105506897,-0.10218087583780289,0.016682779416441919,0.10097093135118485,0.9947494864463806],"EasingStyle":"Linear","EasingDirection":"In"},"Torso":{"Weight":1,"CFrame":[0.5712878108024597,0.024843573570251466,0.10265707969665528,0.9908985495567322,0.13000927865505219,-0.0348944291472435,-0.12563179433345796,0.986279308795929,0.10709711164236069,0.048339277505874637,-0.10173853486776352,0.9936360716819763],"EasingStyle":"Linear","EasingDirection":"In"},"HumanoidRootPart":{"Weight":0,"CFrame":[0,0,0,1,0,0,0,1,0,0,0,1],"EasingStyle":"Linear","EasingDirection":"In"},"Right Leg":{"Weight":1,"CFrame":[0.5361660122871399,0.0103415846824646,0.10627758502960205,0.9214797019958496,0.36830446124076846,-0.1233978122472763,-0.37765130400657656,0.9238136410713196,-0.06283189356327057,0.09085535258054733,0.10449956357479096,0.9903661608695984],"EasingStyle":"Linear","EasingDirection":"In"}}},{"Time":0.5,"poses":{"Left Leg":{"Weight":1,"CFrame":[-0.09566561132669449,0.031144440174102784,0.04953742027282715,0.9673951864242554,-0.05722479149699211,-0.24672234058380128,0.07383443415164948,0.9955475330352783,0.05859660357236862,0.2422705590724945,-0.0749027281999588,0.9673130512237549],"EasingStyle":"Linear","EasingDirection":"In"},"Right Arm":{"Weight":1,"CFrame":[-0.16052524745464326,-0.5602772235870361,-0.09662562608718872,-0.3965909779071808,-0.9132906794548035,0.09282077103853226,0.9149411916732788,-0.38500458002090456,0.12105413526296616,-0.07482118159532547,0.13293452560901643,0.988296627998352],"EasingStyle":"Linear","EasingDirection":"In"},"Left Arm":{"Weight":1,"CFrame":[-0.03276713192462921,-0.531535267829895,0.04297339916229248,-0.3440263569355011,0.881781280040741,-0.3226572871208191,-0.938800573348999,-0.3293541669845581,0.10089317709207535,-0.017302794381976129,0.33762049674987795,0.9411231875419617],"EasingStyle":"Linear","EasingDirection":"In"},"Head":{"Weight":1,"CFrame":[8.172355592250824e-8,1.862645149230957e-8,0.016662001609802247,0.9967160820960999,-0.0809715986251831,-0.0007812458206899464,0.08084169775247574,0.9955781102180481,-0.04784143343567848,0.004651541821658611,0.04762117564678192,0.9988546371459961],"EasingStyle":"Linear","EasingDirection":"In"},"Torso":{"Weight":1,"CFrame":[0.5840060114860535,-0.018586352467536928,0.04077720642089844,0.9923140406608582,0.10328469425439835,-0.06815531849861145,-0.09968253970146179,0.993536651134491,0.05429864302277565,0.07332302629947663,-0.0470874086022377,0.9961960315704346],"EasingStyle":"Linear","EasingDirection":"In"},"HumanoidRootPart":{"Weight":0,"CFrame":[0,0,0,1,0,0,0,1,0,0,0,1],"EasingStyle":"Linear","EasingDirection":"In"},"Right Leg":{"Weight":1,"CFrame":[0.26457956433296206,0.00796741247177124,0.08596646785736084,0.9677566289901733,0.18960125744342805,-0.1658267229795456,-0.19761908054351808,0.9797194600105286,-0.033113475888967517,0.1561853438615799,0.06481631100177765,0.9855988025665283],"EasingStyle":"Linear","EasingDirection":"In"}}},{"Time":0.5333333611488342,"poses":{"Left Leg":{"Weight":1,"CFrame":[-0.10657073557376862,0.025788068771362306,0.04760551452636719,0.9627813696861267,0.028719231486320497,-0.2687513530254364,-0.015044364146888256,0.9984914660453796,0.05280530825257301,0.2698623836040497,-0.04679679125547409,0.9617610573768616],"EasingStyle":"Linear","EasingDirection":"In"},"Right Arm":{"Weight":1,"CFrame":[-0.15888027846813203,-0.5777273774147034,-0.09977078437805176,-0.18087294697761537,-0.9829827547073364,-0.032092273235321048,0.962705671787262,-0.18362873792648316,0.1986915022134781,-0.201203390955925,0.0050424314104020599,0.9795365333557129],"EasingStyle":"Linear","EasingDirection":"In"},"Left Arm":{"Weight":1,"CFrame":[-0.025039050728082658,-0.5420474410057068,0.042124152183532718,-0.10234526544809342,0.9486497640609741,-0.2993144690990448,-0.9924064874649048,-0.07673542201519013,0.09613017737865448,0.06822587549686432,0.3068799674510956,0.9492996335029602],"EasingStyle":"Linear","EasingDirection":"In"},"Head":{"Weight":1,"CFrame":[5.029141902923584e-8,3.725290298461914e-9,0.016662001609802247,0.998237669467926,-0.05932479351758957,-0.0014496453804895282,0.05934232845902443,0.99798583984375,0.022423280403017999,0.00011650021042441949,-0.02246974967420101,0.9997475147247315],"EasingStyle":"Linear","EasingDirection":"In"},"Torso":{"Weight":1,"CFrame":[0.5752005577087402,-0.07584668695926666,-0.055573225021362308,0.9922172427177429,0.0773034617304802,-0.0976172387599945,-0.07916275411844254,0.9967440962791443,-0.015313718467950821,0.0961155965924263,0.022922182455658914,0.9951062202453613],"EasingStyle":"Linear","EasingDirection":"In"},"HumanoidRootPart":{"Weight":0,"CFrame":[0,0,0,1,0,0,0,1,0,0,0,1],"EasingStyle":"Linear","EasingDirection":"In"},"Right Leg":{"Weight":1,"CFrame":[0.3089098036289215,0.057302653789520267,0.10483098030090332,0.9701089262962341,0.14873270690441132,-0.19174784421920777,-0.1551162153482437,0.9877204298973084,-0.01863516867160797,0.18662166595458985,0.04782136157155037,0.9812672734260559],"EasingStyle":"Linear","EasingDirection":"In"}}},{"Time":0.5666666626930237,"poses":{"Left Leg":{"Weight":1,"CFrame":[-0.6057578325271606,0.12396323680877686,-0.10320121049880982,0.9468243718147278,-0.16241033375263215,-0.2777526080608368,0.1867160052061081,0.980376660823822,0.06323593109846115,0.2620319724082947,-0.11173411458730698,0.9585691094398499],"EasingStyle":"Linear","EasingDirection":"In"},"Right Arm":{"Weight":1,"CFrame":[-0.15536369383335114,-0.5971654653549194,-0.10288786888122559,0.034104131162166598,-0.9925503134727478,-0.1169646754860878,0.9631652235984802,0.0014058274682611228,0.2689065635204315,-0.2667388319969177,-0.12182716280221939,0.9560379385948181],"EasingStyle":"Linear","EasingDirection":"In"},"Left Arm":{"Weight":1,"CFrame":[-0.01903890073299408,-0.5545116662979126,0.040830135345458987,0.10551680624485016,0.9550873041152954,-0.27690160274505618,-0.9852349758148193,0.138161763548851,0.10111074894666672,0.13482676446437837,0.2621440887451172,0.9555637836456299],"EasingStyle":"Linear","EasingDirection":"In"},"Head":{"Weight":1,"CFrame":[7.636845111846924e-8,3.3527612686157229e-8,0.016661763191223146,0.998930811882019,-0.04552143067121506,-0.00806762371212244,0.04604373127222061,0.9953063726425171,0.0851190835237503,0.00415501045063138,-0.08539949357509613,0.9963381290435791],"EasingStyle":"Linear","EasingDirection":"In"},"Torso":{"Weight":1,"CFrame":[0.5625392198562622,-0.12734270095825196,-0.2257530689239502,0.9911141395568848,0.05678684636950493,-0.12028297781944275,-0.06645102053880692,0.9947426915168762,-0.07791829854249954,0.11522586643695831,0.08521886169910431,0.9896770715713501],"EasingStyle":"Linear","EasingDirection":"In"},"HumanoidRootPart":{"Weight":0,"CFrame":[0,0,0,1,0,0,0,1,0,0,0,1],"EasingStyle":"Linear","EasingDirection":"In"},"Right Leg":{"Weight":1,"CFrame":[0.5689234137535095,0.20621764659881593,0.167167067527771,0.9509153962135315,0.232865110039711,-0.20379799604415894,-0.24171414971351624,0.9701554775238037,-0.019304737448692323,0.19322043657302857,0.0676179826259613,0.9788225889205933],"EasingStyle":"Linear","EasingDirection":"In"}}},{"Time":0.6000000238418579,"poses":{"Left Leg":{"Weight":1,"CFrame":[-0.7513561844825745,0.20475012063980103,-0.15387243032455445,0.9357625246047974,-0.214788556098938,-0.279668390750885,0.24367845058441163,0.967137336730957,0.07256859540939331,0.2548908293247223,-0.13605614006519319,0.9573501944541931],"EasingStyle":"Linear","EasingDirection":"In"},"Right Arm":{"Weight":1,"CFrame":[-0.15118654072284699,-0.6178082227706909,-0.10448384284973145,0.19479137659072877,-0.9695572853088379,-0.1483745574951172,0.945358395576477,0.14526155591011048,0.2918844223022461,-0.261445552110672,-0.19712381064891816,0.9448748230934143],"EasingStyle":"Linear","EasingDirection":"In"},"Left Arm":{"Weight":1,"CFrame":[-0.013860583305358887,-0.5693838000297546,0.03988540172576904,0.22561022639274598,0.9380871057510376,-0.2628551721572876,-0.9591968655586243,0.2610902786254883,0.10850425809621811,0.17041535675525666,0.22764994204044343,0.9587147831916809],"EasingStyle":"Linear","EasingDirection":"In"},"Head":{"Weight":1,"CFrame":[1.1920928955078126e-7,3.91155481338501e-8,0.016662001609802247,0.9989475011825562,-0.04048031568527222,-0.02157006971538067,0.04264272004365921,0.9928368926048279,0.11160875111818314,0.01689755730330944,-0.11241105198860169,0.9935181140899658],"EasingStyle":"Linear","EasingDirection":"In"},"Torso":{"Weight":1,"CFrame":[0.5422364473342896,-0.14943917095661164,-0.3383939266204834,0.9897263646125794,0.04807422682642937,-0.13464988768100739,-0.06246573477983475,0.9925315380096436,-0.10478133708238602,0.12860697507858277,0.11211584508419037,0.9853376746177673],"EasingStyle":"Linear","EasingDirection":"In"},"HumanoidRootPart":{"Weight":0,"CFrame":[0,0,0,1,0,0,0,1,0,0,0,1],"EasingStyle":"Linear","EasingDirection":"In"},"Right Leg":{"Weight":1,"CFrame":[0.669223427772522,0.3030083179473877,0.1947695016860962,0.9406912326812744,0.2684116065502167,-0.20749737322330476,-0.27933183312416079,0.9598771929740906,-0.02468816563487053,0.19254547357559205,0.08118452876806259,0.9779239892959595],"EasingStyle":"Linear","EasingDirection":"In"}}},{"Time":0.6333333253860474,"poses":{"Left Leg":{"Weight":1,"CFrame":[-0.7064841389656067,0.17846757173538209,-0.13585734367370606,0.9406155347824097,-0.1989651620388031,-0.27505505084991457,0.22677910327911378,0.9712075591087341,0.07298696786165238,0.2526136636734009,-0.13102935254573823,0.9586540460586548],"EasingStyle":"Linear","EasingDirection":"In"},"Right Arm":{"Weight":1,"CFrame":[-0.14743909239768983,-0.6387141346931458,-0.10471606254577637,0.2853429913520813,-0.9455134272575378,-0.15679189562797547,0.9323732852935791,0.23596332967281342,0.27386367321014407,-0.221944659948349,-0.22433386743068696,0.9489020109176636],"EasingStyle":"Linear","EasingDirection":"In"},"Left Arm":{"Weight":1,"CFrame":[-0.008794933557510376,-0.5850750207901001,0.039377