{"Sequence":[{"Time":0,"poses":{"Left Leg":{"Weight":1,"CFrame":[-0.6149048805236816,0.3238130211830139,0.2746396064758301,0.9727720022201538,-0.17909710109233857,0.1471017301082611,0.15039536356925965,0.9707204699516296,0.18730442225933076,-0.17634035646915437,-0.16008105874061585,0.9712250828742981],"EasingStyle":"Linear","EasingDirection":"Out"},"Right Arm":{"Weight":1,"CFrame":[0.5758917927742004,-0.27288860082626345,0.015852928161621095,-0.04584378004074097,-0.7248026728630066,0.6874296069145203,0.8176130056381226,0.3681498169898987,0.44269028306007388,-0.5739402174949646,0.5823459029197693,0.5757307410240173],"EasingStyle":"Linear","EasingDirection":"Out"},"Left Arm":{"Weight":1,"CFrame":[-0.7062732577323914,-0.49764952063560488,0.13582444190979005,-0.20967261493206025,0.7768397331237793,-0.5937654972076416,-0.9735205173492432,-0.1092950850725174,0.20077942311763764,0.09107782691717148,0.620140790939331,0.7791855335235596],"EasingStyle":"Linear","EasingDirection":"Out"},"Right Leg":{"Weight":1,"CFrame":[0.3299037218093872,0.08057582378387451,0.3755526542663574,0.8730514645576477,0.031108513474464418,-0.48663461208343508,-0.10065002739429474,0.9879692792892456,-0.11741528660058975,0.4771275520324707,0.15148931741714478,0.865679144859314],"EasingStyle":"Linear","EasingDirection":"Out"},"Torso":{"Weight":1,"CFrame":[-0.04434522986412048,-0.06899157166481018,-0.1761610507965088,0.9919852018356323,-0.0990893766283989,0.07840026170015335,0.10577120631933212,0.9906438589096069,-0.08623947203159332,-0.06912132352590561,0.09384077787399292,0.9931848645210266],"EasingStyle":"Linear","EasingDirection":"Out"},"HumanoidRootPart":{"Weight":0,"CFrame":[0,0,0,1,0,0,0,1,0,0,0,1],"EasingStyle":"Linear","EasingDirection":"In"},"Head":{"Weight":1,"CFrame":[7.82310962677002e-8,2.0954757928848268e-9,-2.980232238769531e-7,0.9997583627700806,0.016881169751286508,-0.014081776142120362,-0.01548735797405243,0.9954692125320435,0.09381438046693802,0.015601672232151032,-0.09357362985610962,0.9954901337623596],"EasingStyle":"Linear","EasingDirection":"Out"}}},{"Time":0.017083333805203439,"poses":{"Left Leg":{"Weight":1,"CFrame":[-0.6469522714614868,0.3891967535018921,0.28118371963500979,0.9718058109283447,-0.18758022785186768,0.14285361766815186,0.1573774665594101,0.9671959280967712,0.1994100660085678,-0.17557285726070405,-0.17130589485168458,0.9694474935531616],"EasingStyle":"Linear","EasingDirection":"Out"},"Right Arm":{"Weight":1,"CFrame":[0.5517234802246094,-0.27529487013816836,0.053194284439086917,-0.04047462344169617,-0.8278761506080627,0.5594487190246582,0.799012303352356,0.3093753755092621,0.5156221389770508,-0.599950909614563,0.46787595748901369,0.6489614248275757],"EasingStyle":"Linear","EasingDirection":"Out"},"Left Arm":{"Weight":1,"CFrame":[-0.6566537618637085,-0.4776962399482727,0.09361422061920166,-0.22218579053878785,0.8756398558616638,-0.42882198095321658,-0.9690039157867432,-0.14959470927715302,0.19660347700119019,0.10800435394048691,0.45921269059181216,0.8817362189292908],"EasingStyle":"Linear","EasingDirection":"Out"},"Right Leg":{"Weight":1,"CFrame":[0.3416385054588318,0.07848191261291504,0.3862342834472656,0.8694807291030884,0.04317912086844444,-0.49207594990730288,-0.12768347561359406,0.9819632172584534,-0.13944590091705323,0.4771793782711029,0.1840754598379135,0.8593114018440247],"EasingStyle":"Linear","EasingDirection":"Out"},"Torso":{"Weight":1,"CFrame":[-0.07388091087341309,-0.06819872558116913,-0.1983034610748291,0.9901483654975891,-0.11038678884506226,0.08614510297775269,0.11771806329488754,0.9893811941146851,-0.0852484181523323,-0.07582004368305206,0.09454941749572754,0.9926286935806274],"EasingStyle":"Linear","EasingDirection":"Out"},"HumanoidRootPart":{"Weight":0,"CFrame":[0,0,0,1,0,0,0,1,0,0,0,1],"EasingStyle":"Linear","EasingDirection":"In"},"Head":{"Weight":1,"CFrame":[1.2945383787155152e-7,-1.4319084584712983e-8,-5.960464477539063e-7,0.9994180798530579,0.031105654314160348,-0.013999310322105885,-0.029954755678772928,0.9966558218002319,0.07602572441101074,0.016317326575517656,-0.07556214928627014,0.9970075488090515],"EasingStyle":"Linear","EasingDirection":"Out"}}},{"Time":0.03375000134110451,"poses":{"Left Leg":{"Weight":1,"CFrame":[-0.6760296821594238,0.4619293808937073,0.2878119945526123,0.9702621102333069,-0.19568628072738648,0.1424718052148819,0.16427572071552277,0.9646274447441101,0.2061733454465866,-0.17777766287326814,-0.1766374409198761,0.9680879712104797],"EasingStyle":"Linear","EasingDirection":"Out"},"Right Arm":{"Weight":1,"CFrame":[0.5218460559844971,-0.27851125597953799,0.08227574825286865,-0.033636461943387988,-0.9164549708366394,0.3987215757369995,0.7924108505249023,0.21866558492183686,0.5694475173950195,-0.6090596318244934,0.33510544896125796,0.7188537120819092],"EasingStyle":"Linear","EasingDirection":"Out"},"Left Arm":{"Weight":1,"CFrame":[-0.6087667942047119,-0.4516168534755707,0.05824899673461914,-0.24020348489284516,0.9390475749969482,-0.2459511160850525,-0.9635584354400635,-0.1999252736568451,0.17772176861763,0.11771732568740845,0.2796776294708252,0.9528499245643616],"EasingStyle":"Linear","EasingDirection":"Out"},"Right Leg":{"Weight":1,"CFrame":[0.34935253858566286,0.07072955369949341,0.39316368103027346,0.8669527173042297,0.05095929652452469,-0.4957781732082367,-0.14898209273815156,0.9757727980613709,-0.16022425889968873,0.47560206055641177,0.21276888251304627,0.8535409569740295],"EasingStyle":"Linear","EasingDirection":"Out"},"Torso":{"Weight":1,"CFrame":[-0.1028551459312439,-0.06743671000003815,-0.21314620971679688,0.9884642958641052,-0.11985695362091065,0.09258850663900376,0.12772339582443238,0.9882211089134216,-0.08429590612649918,-0.08139446377754212,0.0951492190361023,0.9921298027038574],"EasingStyle":"Linear","EasingDirection":"Out"},"HumanoidRootPart":{"Weight":0,"CFrame":[0,0,0,1,0,0,0,1,0,0,0,1],"EasingStyle":"Linear","EasingDirection":"In"},"Head":{"Weight":1,"CFrame":[1.0896474123001099e-7,-2.1187588572502137e-8,2.384185791015625e-7,0.9989137053489685,0.04438325762748718,-0.014197971671819687,-0.043486595153808597,0.9973562955856323,0.05821846053004265,0.016744347289204599,-0.057537809014320376,0.998202919960022],"EasingStyle":"Linear","EasingDirection":"Out"}}},{"Time":0.050833333283662799,"poses":{"Left Leg":{"Weight":1,"CFrame":[-0.6952475309371948,0.5373965501785278,0.29529130458831789,0.969096839427948,-0.19902737438678742,0.14573723077774049,0.16682100296020509,0.9639771580696106,0.20716850459575654,-0.18171966075897218,-0.1764543056488037,0.9673892259597778],"EasingStyle":"Linear","EasingDirection":"Out"},"Right Arm":{"Weight":1,"CFrame":[0.48854321241378786,-0.2824512720108032,0.10413002967834473,-0.032941870391368869,-0.9762601256370544,0.21408197283744813,0.7960154414176941,0.10389972478151322,0.5962920784950256,-0.6043792366981506,0.19005542993545533,0.7736954689025879],"EasingStyle":"Linear","EasingDirection":"Out"},"Left Arm":{"Weight":1,"CFrame":[-0.5649194717407227,-0.4204830527305603,0.04341840744018555,-0.2630869448184967,0.9627705216407776,-0.06211449205875397,-0.9566637873649597,-0.25200513005256655,0.14590352773666383,0.12481840699911118,0.09780795127153397,0.9873469471931458],"EasingStyle":"Linear","EasingDirection":"Out"},"Right Leg":{"Weight":1,"CFrame":[0.35197386145591738,0.05666470527648926,0.39549803733825686,0.8648672103881836,0.054704099893569949,-0.49901100993156435,-0.16446657478809358,0.9700595140457153,-0.1787043958902359,0.4742946922779083,0.23662617802619935,0.8479697704315186],"EasingStyle":"Linear","EasingDirection":"Out"},"Torso":{"Weight":1,"CFrame":[-0.13019239902496339,-0.06667931377887726,-0.2187328338623047,0.9868647456169128,-0.1285380870103836,0.09785684198141098,0.13683117926120759,0.9870816469192505,-0.08334913849830628,-0.08587915450334549,0.09564419090747833,0.9917040467262268],"EasingStyle":"Linear","EasingDirection":"Out"},"HumanoidRootPart":{"Weight":0,"CFrame":[0,0,0,1,0,0,0,1,0,0,0,1],"EasingStyle":"Linear","EasingDirection":"In"},"Head":{"Weight":1,"CFrame":[1.30385160446167e-7,1.862645149230957e-9,-5.960464477539063e-8,0.9983005523681641,0.056410279124975207,-0.014624872244894505,-0.055767789483070376,0.9975958466529846,0.04113910347223282,0.016910381615161897,-0.040253594517707828,0.9990463852882385],"EasingStyle":"Linear","EasingDirection":"Out"}}},{"Time":0.06791666895151138,"poses":{"Left Leg":{"Weight":1,"CFrame":[-0.6977410316467285,0.6021078824996948,0.3078787326812744,0.9691317081451416,-0.19296135008335114,0.15345875918865205,0.16068674623966218,0.9664392471313477,0.20043694972991944,-0.18698520958423615,-0.16959093511104585,0.9676132798194885],"EasingStyle":"Linear","EasingDirection":"Out"},"Right Arm":{"Weight":1,"CFrame":[0.45409849286079409,-0.2870267629623413,0.11978936195373535,-0.04491252452135086,-0.9987593293190002,0.021509511396288873,0.8056347966194153,-0.02347969077527523,0.5919469594955444,-0.5907076001167297,0.0439145602285862,0.8056898713111877],"EasingStyle":"Linear","EasingDirection":"Out"},"Left Arm":{"Weight":1,"CFrame":[-0.527062177658081,-0.3857164978981018,0.05362379550933838,-0.288735032081604,0.9514142870903015,0.10697176307439804,-0.9481232166290283,-0.2996678650379181,0.10612046718597412,0.13302050530910493,-0.07078178972005844,0.9885825514793396],"EasingStyle":"Linear","EasingDirection":"Out"},"Right Leg":{"Weight":1,"CFrame":[0.3426878750324249,0.028774023056030275,0.3873765468597412,0.8626712560653687,0.0507802851498127,-0.5032093524932861,-0.1696755588054657,0.9663437604904175,-0.19336478412151338,0.47645413875579836,0.25219252705574038,0.8422531485557556],"EasingStyle":"Linear","EasingDirection":"Out"},"Torso":{"Weight":1,"CFrame":[-0.15482082962989808,-0.06588587164878845,-0.20444154739379884,0.9852337837219238,-0.1374615877866745,0.10207177698612213,0.14607837796211244,0.9858389496803284,-0.08235736191272736,-0.08930535614490509,0.09605173021554947,0.9913619756698608],"EasingStyle":"Linear","EasingDirection":"Out"},"HumanoidRootPart":{"Weight":0,"CFrame":[0,0,0,1,0,0,0,1,0,0,0,1],"EasingStyle":"Linear","EasingDirection":"In"},"Head":{"Weight":1,"CFrame":[5.774199962615967e-8,3.4924596548080447e-8,0,0.9976446032524109,0.06688954681158066,-0.015201096422970295,-0.06648820638656616,0.9974605441093445,0.025530381128191949,0.016870204359292985,-0.024459537118673326,0.9995584487915039],"EasingStyle":"Linear","EasingDirection":"Out"}}},{"Time":0.0845833346247673,"poses":{"Left Leg":{"Weight":1,"CFrame":[-0.6841678619384766,0.6475765705108643,0.3305811882019043,0.9695567488670349,-0.17811033129692079,0.1680368334054947,0.14661818742752076,0.9718946218490601,0.1841844767332077,-0.19611932337284089,-0.15394005179405213,0.968421220779419],"EasingStyle":"Linear","EasingDirection":"Out"},"Right Arm":{"Weight":1,"CFrame":[0.42079561948776247,-0.2921505570411682,0.13028597831726075,-0.0731726810336113,-0.984412670135498,-0.15992964804172517,0.815557062625885,-0.1513613760471344,0.5585306286811829,-0.5740317106246948,-0.08956267684698105,0.8139201998710632],"EasingStyle":"Linear","EasingDirection":"Out"},"Left Arm":{"Weight":1,"CFrame":[-0.49571752548217776,-0.3501444458961487,0.07913744449615479,-0.3144208788871765,0.9154749512672424,0.25108784437179568,-0.9382014870643616,-0.3399813771247864,0.06473534554243088,0.14462873339653016,-0.21521690487861634,0.9657971858978272],"EasingStyle":"Linear","EasingDirection":"Out"},"Right Leg":{"Weight":1,"CFrame":[0.3162800669670105,-0.014125466346740723,0.3649784326553345,0.8595362305641174,0.036830611526966098,-0.5097459554672241,-0.1617249846458435,0.9657469391822815,-0.20292338728904725,0.48481184244155886,0.2568586468696594,0.8360509276390076],"EasingStyle":"Linear","EasingDirection":"Out"},"Torso":{"Weight":1,"CFrame":[-0.1756722331047058,-0.06500652432441712,-0.1668229103088379,0.9834123253822327,-0.14765317738056184,0.10535038262605667,0.15649598836898805,0.9843302965164185,-0.08125817030668259,-0.09170154482126236,0.09639719873666763,0.9911096692085266],"EasingStyle":"Linear","EasingDirection":"Out"},"HumanoidRootPart":{"Weight":0,"CFrame":[0,0,0,1,0,0,0,1,0,0,0,1],"EasingStyle":"Linear","EasingDirection":"In"},"Head":{"Weight":1,"CFrame":[5.029141902923584e-8,3.073364496231079e-8,2.384185791015625e-7,0.9970178008079529,0.07553118467330933,-0.015828657895326616,-0.07534365355968476,0.997083842754364,0.012128137983381749,0.01669853925704956,-0.010899368673563004,0.9998011589050293],"EasingStyle":"Linear","EasingDirection":"Out"}}},{"Time":0.10166666656732559,"poses":{"Left Leg":{"Weight":1,"CFrame":[-0.6576462388038635,0.6762334704399109,0.36561524868011477,0.9685296416282654,-0.15749625861644746,0.19273096323013307,0.12786133587360383,0.9791852235794067,0.15763157606124879,-0.2135457545518875,-0.1280280202627182,0.9685076475143433],"EasingStyle":"Linear","EasingDirection":"Out"},"Right Arm":{"Weight":1,"CFrame":[0.39091819524765017,-0.2977347671985626,0.13665294647216798,-0.11791890114545822,-0.9421346783638,-0.31381112337112429,0.820006251335144,-0.2706198990345001,0.504335880279541,-0.5600758194923401,-0.19785639643669129,0.8044674396514893],"EasingStyle":"Linear","EasingDirection":"Out"},"Left Arm":{"Weight":1,"CFrame":[-0.4710506796836853,-0.31694480776786806,0.11230552196502686,-0.33762115240097048,0.8670313954353333,0.3664266765117645,-0.9274653792381287,-0.37287846207618716,0.02774190530180931,0.1606857031583786,-0.33048179745674136,0.930033266544342],"EasingStyle":"Linear","EasingDirection":"Out"},"Right Leg":{"Weight":1,"CFrame":[0.2726893723011017,-0.0639420747756958,0.33009040355682375,0.8542569279670715,0.014117567799985409,-0.5196592211723328,-0.1419491022825241,0.9679777026176453,-0.20705001056194306,0.500095546245575,0.2506389617919922,0.8289056420326233],"EasingStyle":"Linear","EasingDirection":"Out"},"Torso":{"Weight":1,"CFrame":[-0.1916828751564026,-0.06398576498031616,-0.11469101905822754,0.9811911582946777,-0.16013142466545106,0.10780449211597443,0.16910777986049653,0.9823468923568726,-0.079982228577137,-0.09309373795986176,0.09670843183994293,0.9909495711326599],"EasingStyle":"Linear","EasingDirection":"Out"},"HumanoidRootPart":{"Weight":0,"CFrame":[0,0,0,1,0,0,0,1,0,0,0,1],"EasingStyle":"Linear","EasingDirection":"In"},"Head":{"Weight":1,"CFrame":[1.7136335372924806e-7,-3.073364496231079e-8,-2.384185791015625e-7,0.9964931607246399,0.08205156028270722,-0.0163998045027256,-0.0820353627204895,0.9966280460357666,0.0016608135774731637,0.01648077555000782,-0.00030960512231104076,0.9998641610145569],"EasingStyle":"Linear","EasingDirection":"Out"}}},{"Time":0.11874999850988388,"poses":{"Left Leg":{"Weight":1,"CFrame":[-0.6186167001724243,0.6902625560760498,0.41343414783477785,0.9641048908233643,-0.13240918517112733,0.23015096783638,0.10691214352846146,0.9870027303695679,0.11998093873262406,-0.24304629862308503,-0.09106829017400742,0.9657303690910339],"EasingStyle":"Linear","EasingDirection":"Out"},"Right Arm":{"Weight":1,"CFrame":[0.3667498230934143,-0.3036916255950928,0.1399226188659668,-0.17700394988059998,-0.8852729201316834,-0.4300713539123535,0.8142732381820679,-0.37717023491859438,0.44125017523765566,-0.5528369545936585,-0.2720927596092224,0.7876147031784058],"EasingStyle":"Linear","EasingDirection":"Out"},"Left Arm":{"Weight":1,"CFrame":[-0.45322662591934206,-0.2892952263355255,0.14547312259674073,-0.356438547372818,0.8166370391845703,0.45393329858779909,-0.9165204167366028,-0.3999878764152527,-0.00008430704474449158,0.1814989596605301,-0.41606923937797549,0.8910356760025024],"EasingStyle":"Linear","EasingDirection":"Out"},"Right Leg":{"Weight":1,"CFrame":[0.21293358504772187,-0.11372864246368408,0.28494906425476076,0.8454657793045044,-0.015472717583179474,-0.5338053703308106,-0.11211320012807846,0.9721615314483643,-0.20574882626533509,0.5221285223960877,0.23380017280578614,0.820194661617279],"EasingStyle":"Linear","EasingDirection":"Out"},"Torso":{"Weight":1,"CFrame":[-0.20179373025894166,-0.06276565790176392,-0.05686044692993164,0.9782939553260803,-0.17590342462062837,0.10953964293003082,0.18492592871189118,0.9796156883239746,-0.07845707982778549,-0.0935058742761612,0.09701079875230789,0.9908812046051025],"EasingStyle":"Linear","EasingDirection":"Out"},"HumanoidRootPart":{"Weight":0,"CFrame":[0,0,0,1,0,0,0,1,0,0,0,1],"EasingStyle":"Linear","EasingDirection":"In"},"Head":{"Weight":1,"CFrame":[7.078051567077637e-8,1.30385160446167e-8,2.384185791015625e-7,0.9961386322975159,0.08617051690816879,-0.016807962208986284,-0.08626779913902283,0.9962586760520935,-0.005149215459823608,0.016301363706588746,0.00657932972535491,0.9998455047607422],"EasingStyle":"Linear","EasingDirection":"Out"}}},{"Time":0.1354166716337204,"poses":{"Left Leg":{"Weight":1,"CFrame":[-0.5680522322654724,0.6918826699256897,0.4706101417541504,0.9547145962715149,-0.10334683209657669,0.27899718284606936,0.08658157289028168,0.9936544895172119,0.07179398089647293,-0.28464654088020327,-0.04438672214746475,0.9576044082641602],"EasingStyle":"Linear","EasingDirection":"Out"},"Right Arm":{"Weight":1,"CFrame":[0.3505740761756897,-0.3099346458911896,0.1411271095275879,-0.24778124690055848,-0.8268215656280518,-0.5049459934234619,0.7949252724647522,-0.471442312002182,0.3818846642971039,-0.5538034439086914,-0.3067706525325775,0.774075984954834],"EasingStyle":"Linear","EasingDirection":"Out"},"Left Arm":{"Weight":1,"CFrame":[-0.4424111247062683,-0.2703753113746643,0.17098689079284669,-0.3696243464946747,0.7721519470214844,0.5168743133544922,-0.9057862758636475,-0.4234645962715149,-0.015132567845284939,0.2071932703256607,-0.4737711250782013,0.8559275269508362],"EasingStyle":"Linear","EasingDirection":"Out"},"Right Leg":{"Weight":1,"CFrame":[0.14193116128444673,-0.15723192691802979,0.233650803565979,0.831866443157196,-0.04769064113497734,-0.5529230237007141,-0.07629625499248505,0.9770135879516602,-0.19905602931976319,0.5497063994407654,0.20777392387390138,0.8091062307357788],"EasingStyle":"Linear","EasingDirection":"Out"},"Torso":{"Weight":1,"CFrame":[-0.20495256781578065,-0.061287879943847659,-0.0021479129791259767,0.9743497967720032,-0.1959550380706787,0.11065301299095154,0.20494124293327332,0.9757714867591858,-0.07660988718271256,-0.09295995533466339,0.09732219576835633,0.9909020066261292],"EasingStyle":"Linear","EasingDirection":"Out"},"HumanoidRootPart":{"Weight":0,"CFrame":[0,0,0,1,0,0,0,1,0,0,0,1],"EasingStyle":"Linear","EasingDirection":"In"},"Head":{"Weight":1,"CFrame":[1.3224780559539796e-7,2.9802322387695315e-8,3.5762786865234377e-7,0.9960107207298279,0.08760686963796616,-0.01696035824716091,-0.08774502575397492,0.9961141347885132,-0.007580113131552935,0.016230382025241853,0.009038073010742665,0.9998274445533752],"EasingStyle":"Linear","EasingDirection":"Out"}}},{"Time":0.1525000035762787,"poses":{"Left Leg":{"Weight":1,"CFrame":[-0.5153923034667969,0.685589075088501,0.5232745409011841,0.9423460960388184,-0.0727459266781807,0.3266369104385376,0.06939774006605149,0.997348427772522,0.021909119561314584,-0.32736486196517947,0.0020218791905790569,0.9448959231376648],"EasingStyle":"Linear","EasingDirection":"Out"},"Right Arm":{"Weight":1,"CFrame":[0.3446747362613678,-0.31637561321258547,0.14129912853240968,-0.3286205530166626,-0.7760931253433228,-0.5382267236709595,0.7592664957046509,-0.5560182332992554,0.3381686210632324,-0.561714231967926,-0.2975285053253174,0.7719805836677551],"EasingStyle":"Linear","EasingDirection":"Out"},"Left Arm":{"Weight":1,"CFrame":[-0.4387691020965576,-0.2633625864982605,0.18119239807128907,-0.3764035701751709,0.7389377951622009,0.558830201625824,-0.8953329920768738,-0.4451639652252197,-0.014419483952224255,0.23811598122119904,-0.5057666897773743,0.8291566967964172],"EasingStyle":"Linear","EasingDirection":"Out"},"Right Leg":{"Weight":1,"CFrame":[0.07053987681865692,-0.18984508514404298,0.18327224254608155,0.813536524772644,-0.07536756992340088,-0.5766090154647827,-0.04225964471697807,0.9812813997268677,-0.18788562715053559,0.5799762010574341,0.17721903324127198,0.795123279094696],"EasingStyle":"Linear","EasingDirection":"Out"},"Torso":{"Weight":1,"CFrame":[-0.20288792252540589,-0.059376493096351626,0.04226565361022949,0.9690712690353394,-0.2204451858997345,0.11092681437730789,0.2292724847793579,0.9705284237861633,-0.07422063499689102,-0.09129603207111359,0.09735754877328873,0.9910532236099243],"EasingStyle":"Linear","EasingDirection":"Out"},"HumanoidRootPart":{"Weight":0,"CFrame":[0,0,0,1,0,0,0,1,0,0,0,1],"EasingStyle":"Linear","EasingDirection":"In"},"Head":{"Weight":1,"CFrame":[1.1548399925231934e-7,-5.4016709327697757e-8,-3.5762786865234377e-7,0.996047854423523,0.08764197677373886,-0.014407127164304257,-0.087710440158844,0.9961372017860413,-0.004188562277704477,0.013984368182718754,0.0054356628097593788,0.9998874664306641],"EasingStyle":"Linear","EasingDirection":"Out"}}},{"Time":0.16958333551883698,"poses":{"Left Leg":{"Weight":1,"CFrame":[-0.4853532314300537,0.6768827438354492,0.5519405603408814,0.9369136095046997,-0.048157475888729098,0.3462276756763458,0.056710414588451388,0.9982838034629822,-0.014608730562031269,-0.34493014216423037,0.03332190215587616,0.9380367398262024],"EasingStyle":"Linear","EasingDirection":"Out"},"Right Arm":{"Weight":1,"CFrame":[0.3593654930591583,-0.3229105472564697,0.1406705379486084,-0.4155478775501251,-0.7281367778778076,-0.5451025366783142,0.7118191719055176,-0.6334196329116821,0.30346807837486269,-0.5662450194358826,-0.2619091272354126,0.7815179824829102],"EasingStyle":"Linear","EasingDirection":"Out"},"Left Arm":{"Weight":1,"CFrame":[-0.43885308504104617,-0.26664310693740847,0.17785406112670899,-0.39284130930900576,0.7051489353179932,0.5902884006500244,-0.8775665760040283,-0.4793182909488678,-0.011441104114055634,0.2748683989048004,-0.5225121378898621,0.8071113228797913],"EasingStyle":"Linear","EasingDirection":"Out"},"Right Leg":{"Weight":1,"CFrame":[0.008066549897193909,-0.21165025234222413,0.138383150100708,0.7932022213935852,-0.09498748183250427,-0.6015044450759888,-0.013978330418467522,0.9846593141555786,-0.17392702400684358,0.6087979078292847,0.14636734127998353,0.7797061800956726],"EasingStyle":"Linear","EasingDirection":"Out"},"Torso":{"Weight":1,"CFrame":[-0.1981884241104126,-0.057213425636291507,0.0755774974822998,0.9629393219947815,-0.24623504281044007,0.11007364094257355,0.2547716498374939,0.9643530249595642,-0.07151680439710617,-0.08853989839553833,0.09690998494625092,0.9913471341133118],"EasingStyle":"Linear","EasingDirection":"Out"},"HumanoidRootPart":{"Weight":0,"CFrame":[0,0,0,1,0,0,0,1,0,0,0,1],"EasingStyle":"Linear","EasingDirection":"In"},"Head":{"Weight":1,"CFrame":[2.2351741790771486e-8,1.30385160446167e-8,1.1920928955078126e-7,0.9961244463920593,0.08764749020338059,-0.007344737648963928,-0.08761069178581238,0.996141254901886,0.005191924050450325,0.007771465927362442,-0.004528327379375696,0.9999595284461975],"EasingStyle":"Linear","EasingDirection":"Out"}}},{"Time":0.1862500011920929,"poses":{"Left Leg":{"Weight":1,"CFrame":[-0.49101439118385317,0.6721876859664917,0.5517427921295166,0.944455087184906,-0.035348571836948398,0.32673385739326479,0.04831288754940033,0.99833083152771,-0.03164580836892128,-0.3250699043273926,0.04567357897758484,0.944586455821991],"EasingStyle":"Linear","EasingDirection":"Out"},"Right Arm":{"Weight":1,"CFrame":[0.3988094925880432,-0.329370379447937,0.136269211769104,-0.5013189315795898,-0.6755732297897339,-0.5406294465065002,0.6599206924438477,-0.7026398777961731,0.2660861611366272,-0.559628427028656,-0.22337858378887177,0.7980713844299316],"EasingStyle":"Linear","EasingDirection":"Out"},"Left Arm":{"Weight":1,"CFrame":[-0.4390866160392761,-0.2757759988307953,0.16856074333190919,-0.42853039503097536,0.6579615473747253,0.6192319989204407,-0.8463256359100342,-0.5322862267494202,-0.020109446719288827,0.3163773715496063,-0.5326893925666809,0.7849505543708801],"EasingStyle":"Linear","EasingDirection":"Out"},"Right Leg":{"Weight":1,"CFrame":[-0.03725738823413849,-0.22322821617126466,0.1046903133392334,0.7743654251098633,-0.10444188863039017,-0.6240593194961548,0.005590545944869518,0.9873738288879395,-0.15830868482589723,0.6327139139175415,0.1190999373793602,0.7651721239089966],"EasingStyle":"Linear","EasingDirection":"Out"},"Torso":{"Weight":1,"CFrame":[-0.19106748700141908,-0.05527682602405548,0.09853672981262207,0.9569384455680847,-0.26940596103668215,0.10811665654182434,0.2775724530220032,0.9582167267799377,-0.06909605860710144,-0.08498429507017136,0.09613087773323059,0.9917340874671936],"EasingStyle":"Linear","EasingDirection":"Out"},"HumanoidRootPart":{"Weight":0,"CFrame":[0,0,0,1,0,0,0,1,0,0,0,1],"EasingStyle":"Linear","EasingDirection":"In"},"Head":{"Weight":1,"CFrame":[5.587935447692871e-8,2.7939677238464357e-8,3.5762786865234377e-7,0.9961646199226379,0.0874352753162384,0.0033295380417257549,-0.08748363703489304,0.9959775805473328,0.019371237605810167,-0.001622420852072537,-0.019588220864534379,0.999806821346283],"EasingStyle":"Linear","EasingDirection":"Out"}}},{"Time":0.20333333313465119,"poses":{"Left Leg":{"Weight":1,"CFrame":[-0.5204853415489197,0.6726939678192139,0.5314760208129883,0.9585684537887573,-0.03366014361381531,0.282866507768631,0.04483596608042717,0.9984449744224548,-0.03312717378139496,-0.28131169080734255,0.04443725571036339,0.9585870504379273],"EasingStyle":"Linear","EasingDirection":"Out"},"Right Arm":{"Weight":1,"CFrame":[0.45606404542922976,-0.3355700969696045,0.12432312965393067,-0.5812951326370239,-0.621174156665802,-0.5255841612815857,0.6062229871749878,-0.7614680528640747,0.2294776737689972,-0.5427611470222473,-0.18522708117961884,0.8192077279090881],"EasingStyle":"Linear","EasingDirection":"Out"},"Left Arm":{"Weight":1,"CFrame":[-0.43944278359413149,-0.2896963357925415,0.15439558029174806,-0.4741486608982086,0.6002223491668701,0.6441397070884705,-0.8035135865211487,-0.5940795540809631,-0.03788777068257332,0.35992908477783205,-0.5355396270751953,0.7639689445495606],"EasingStyle":"Linear","EasingDirection":"Out"},"Right Leg":{"Weight":1,"CFrame":[-0.05789962410926819,-0.22506868839263917,0.08929824829101563,0.760703444480896,-0.10218507796525955,-0.6410058736801148,0.01306578703224659,0.9897412657737732,-0.14227260649204255,0.6489681005477905,0.09985197335481644,0.7542347311973572],"EasingStyle":"Linear","EasingDirection":"Out"},"Torso":{"Weight":1,"CFrame":[-0.18170222640037538,-0.054026633501052859,0.11189150810241699,0.9524016976356506,-0.2861466407775879,0.10512427240610123,0.29391375184059145,0.9534432291984558,-0.06753332912921906,-0.08090557903051377,0.09521633386611939,0.992163360118866],"EasingStyle":"Linear","EasingDirection":"Out"},"HumanoidRootPart":{"Weight":0,"CFrame":[0,0,0,1,0,0,0,1,0,0,0,1],"EasingStyle":"Linear","EasingDirection":"In"},"Head":{"Weight":1,"CFrame":[1.0058283805847168e-7,-7.450580596923828e-9,3.5762786865234377e-7,0.9960851073265076,0.08680596947669983,0.016709687188267709,-0.087376669049263,0.9954822659492493,0.037152793258428577,-0.01340912189334631,-0.03846737742424011,0.9991698861122131],"EasingStyle":"Linear","EasingDirection":"Out"}}},{"Time":0.22041666507720948,"poses":{"Left Leg":{"Weight":1,"CFrame":[-0.5522270798683167,0.6731573343276978,0.5105575323104858,0.9696363806724548,-0.04000113904476166,0.2412574142217636,0.049023665487766269,0.9983004331588745,-0.03150995448231697,-0.23958711326122285,0.04238050803542137,0.96994948387146],"EasingStyle":"Linear","EasingDirection":"Out"},"Right Arm":{"Weight":1,"CFrame":[0.5241866111755371,-0.34132447838783266,0.1010599136352539,-0.6519269347190857,-0.5687766075134277,-0.5014821887016296,0.5544636845588684,-0.8086973428726196,0.196414515376091,-0.5172632932662964,-0.1500057727098465,0.8425775766372681],"EasingStyle":"Linear","EasingDirection":"Out"},"Left Arm":{"Weight":1,"CFrame":[-0.43989402055740359,-0.30734118819236758,0.13644075393676759,-0.5212767720222473,0.5370263457298279,0.6632292866706848,-0.7529676556587219,-0.6551975607872009,-0.061285197734832767,0.40163442492485049,-0.5313368439674377,0.7459028363227844],"EasingStyle":"Linear","EasingDirection":"Out"},"Right Leg":{"Weight":1,"CFrame":[-0.0514754056930542,-0.21809720993041993,0.09502339363098145,0.7552194595336914,-0.0898979976773262,-0.649277925491333,0.008755803108215332,0.9918454885482788,-0.12714487314224244,0.6554135084152222,0.09033727645874024,0.7498481869697571],"EasingStyle":"Linear","EasingDirection":"Out"},"Torso":{"Weight":1,"CFrame":[-0.17025482654571534,-0.053888142108917239,0.11639070510864258,0.9508295059204102,-0.2927200496196747,0.10118383169174195,0.3001025915145874,0.9515256285667419,-0.06736020743846894,-0.0765613242983818,0.09441360086202622,0.9925847053527832],"EasingStyle":"Linear","EasingDirection":"Out"},"HumanoidRootPart":{"Weight":0,"CFrame":[0,0,0,1,0,0,0,1,0,0,0,1],"EasingStyle":"Linear","EasingDirection":"In"},"Head":{"Weight":1,"CFrame":[8.195638656616211e-8,2.9802322387695315e-8,2.384185791015625e-7,0.9958204627037048,0.08558892458677292,0.031876761466264728,-0.087313212454319,0.9945298433303833,0.057330768555402759,-0.02679549902677536,-0.05987442657351494,0.9978461861610413],"EasingStyle":"Linear","EasingDirection":"Out"}}},{"Time":0.2370833307504654,"poses":{"Left Leg":{"Weight":1,"CFrame":[-0.5696076154708862,0.670647144317627,0.5091688632965088,0.9729674458503723,-0.0519285686314106,0.2250284105539322,0.06235230714082718,0.9972738027572632,-0.039460767060518268,-0.22236575186252595,0.0524250753223896,0.9735528230667114],"EasingStyle":"Linear","EasingDirection":"Out"},"Right Arm":{"Weight":1,"CFrame":[0.596234917640686,-0.34644815325737,0.0627068281173706,-0.7108157277107239,-0.5229367613792419,-0.47040197253227236,0.5091181397438049,-0.8439623117446899,0.1688975989818573,-0.48532429337501528,-0.1194351390004158,0.8661383390426636],"EasingStyle":"Linear","EasingDirection":"Out"},"Left Arm":{"Weight":1,"CFrame":[-0.44041338562965395,-0.32764601707458498,0.11577904224395752,-0.5627389550209045,0.47680267691612246,0.6752657890319824,-0.7018225193023682,-0.7071999311447144,-0.08551888167858124,0.43677228689193728,-0.5220416188240051,0.7325999140739441],"EasingStyle":"Linear","EasingDirection":"Out"},"Right Leg":{"Weight":1,"CFrame":[-0.0161607563495636,-0.20034611225128175,0.12342596054077149,0.7584969997406006,-0.06727137416601181,-0.6481949687004089,-0.00862514041364193,0.9935342669487,-0.11320439726114273,0.6516194343566895,0.09145595878362656,0.7530126571655273],"EasingStyle":"Linear","EasingDirection":"Out"},"Torso":{"Weight":1,"CFrame":[-0.15691208839416505,-0.054748475551605228,0.1096656322479248,0.9527321457862854,-0.2881280183792114,0.0963517501950264,0.2951309084892273,0.9530028104782105,-0.06843561679124832,-0.07210526615381241,0.09363719075918198,0.9929919242858887],"EasingStyle":"Linear","EasingDirection":"Out"},"HumanoidRootPart":{"Weight":0,"CFrame":[0,0,0,1,0,0,0,1,0,0,0,1],"EasingStyle":"Linear","EasingDirection":"In"},"Head":{"Weight":1,"CFrame":[1.4901161193847657e-8,5.587935447692871e-9,5.960464477539063e-7,0.9953413009643555,0.08367276936769486,0.047901127487421039,-0.08726908266544342,0.9930718541145325,0.07869189977645874,-0.04098489508032799,-0.08250557631254196,0.9957475066184998],"EasingStyle":"Linear","EasingDirection":"Out"}}},{"Time":0.2541666626930237,"poses":{"Left Leg":{"Weight":1,"CFrame":[-0.5995830297470093,0.6620639562606812,0.49372923374176028,0.9761518836021423,-0.07579153776168823,0.2034284770488739,0.08351098746061325,0.9960664510726929,-0.02962246909737587,-0.20038317143917085,0.045904576778411868,0.9786415696144104],"EasingStyle":"Linear","EasingDirection":"Out"},"Right Arm":{"Weight":1,"CFrame":[0.6652661561965942,-0.35075604915618899,0.005491375923156738,-0.7601701617240906,-0.49638503789901736,-0.41921743750572207,0.46350914239883425,-0.8664634227752686,0.1854734867811203,-0.45530280470848086,-0.053319741040468219,0.8887386322021484],"EasingStyle":"Linear","EasingDirection":"Out"},"Left Arm":{"Weight":1,"CFrame":[-0.44097352027893069,-0.3495471477508545,0.09349346160888672,-0.5931265354156494,0.43097561597824099,0.6800447106361389,-0.6604474782943726,-0.7435182332992554,-0.10483220219612122,0.46044546365737917,-0.5113126635551453,0.7256372570991516],"EasingStyle":"Linear","EasingDirection":"Out"},"Right Leg":{"Weight":1,"CFrame":[0.03991709649562836,-0.1709538698196411,0.16596949100494386,0.7675350904464722,-0.037381988018751147,-0.639915943145752,-0.034487247467041019,0.9944440126419067,-0.09945754706859589,0.6400784850120544,0.09840603172779083,0.7619814872741699],"EasingStyle":"Linear","EasingDirection":"Out"},"Torso":{"Weight":1,"CFrame":[-0.14188918471336366,-0.05613425374031067,0.09056425094604492,0.9572147130966187,-0.2748141288757324,0.09064897894859314,0.28140339255332949,0.9570206999778748,-0.07016784697771073,-0.06746983528137207,0.092674620449543,0.9934079051017761],"EasingStyle":"Linear","EasingDirection":"Out"},"HumanoidRootPart":{"Weight":0,"CFrame":[0,0,0,1,0,0,0,1,0,0,0,1],"EasingStyle":"Linear","EasingDirection":"In"},"Head":{"Weight":1,"CFrame":[7.82310962677002e-8,3.725290298461914e-9,3.5762786865234377e-7,0.9946650266647339,0.08102249354124069,0.06385041773319245,-0.08715786039829254,0.9911602139472961,0.10002454370260239,-0.05518174171447754,-0.10505598038434982,0.9929341673851013],"EasingStyle":"Linear","EasingDirection":"Out"}}},{"Time":0.27125000953674319,"poses":{"Left Leg":{"Weight":1,"CFrame":[-0.6528100371360779,0.6356073617935181,0.44761455059051516,0.9803360104560852,-0.11339550465345383,0.16150136291980744,0.11329366266727448,0.9935125112533569,0.009869733825325966,-0.1615729182958603,0.008621455170214177,0.9868231415748596],"EasingStyle":"Linear","EasingDirection":"Out"},"Right Arm":{"Weight":1,"CFrame":[0.7243375778198242,-0.3540627360343933,-0.07435870170593262,-0.808898389339447,-0.48781532049179079,-0.32820653915405276,0.4194636046886444,-0.8699707388877869,0.25923192501068118,-0.41198742389678957,0.07202156633138657,0.908338725566864],"EasingStyle":"Linear","EasingDirection":"Out"},"Left Arm":{"Weight":1,"CFrame":[-0.4415472745895386,-0.37198036909103396,0.07066643238067627,-0.6083967089653015,0.4122394025325775,0.6781681776046753,-0.6408340334892273,-0.7592621445655823,-0.11336937546730042,0.468172162771225,-0.5035669207572937,0.7261096835136414],"EasingStyle":"Linear","EasingDirection":"Out"},"Right Leg":{"Weight":1,"CFrame":[0.10458879172801972,-0.13212823867797852,0.20938575267791749,0.7801411747932434,-0.006962327286601067,-0.6255647540092468,-0.059556420892477038,0.9945701360702515,-0.0853419378399849,0.6227622628211975,0.10383512079715729,0.7754904627799988],"EasingStyle":"Linear","EasingDirection":"Out"},"Torso":{"Weight":1,"CFrame":[-0.12540623545646668,-0.05789308249950409,0.061660051345825198,0.9634978771209717,-0.25416648387908938,0.08409026265144348,0.2603013217449188,0.9628117084503174,-0.0723663792014122,-0.06256997585296631,0.09161365777254105,0.9938269257545471],"EasingStyle":"Linear","EasingDirection":"Out"},"HumanoidRootPart":{"Weight":0,"CFrame":[0,0,0,1,0,0,0,1,0,0,0,1],"EasingStyle":"Linear","EasingDirection":"In"},"Head":{"Weight":1,"CFrame":[1.1548399925231934e-7,-1.7695128917694093e-8,-4.76837158203125e-7,0.9938588738441467,0.07768487185239792,0.07880084216594696,-0.08682636171579361,0.9889540672302246,0.1201295256614685,-0.06859813630580902,-0.126233771443367,0.989625871181488],"EasingStyle":"Linear","EasingDirection":"Out"}}},{"Time":0.2879166603088379,"poses":{"Left Leg":{"Weight":1,"CFrame":[-0.7003158926963806,0.5827544331550598,0.40437793731689455,0.9797810316085815,-0.15503251552581788,0.12646761536598206,0.14939597249031068,0.9873583316802979,0.052956871688365939,-0.1330789178609848,-0.03299238160252571,0.9905561804771423],"EasingStyle":"Linear","EasingDirection":"Out"},"Right Arm":{"Weight":1,"CFrame":[0.7665069699287415,-0.3561822772026062,-0.18061572313308717,-0.8587841391563416,-0.4774366617202759,-0.1858605146408081,0.39622488617897036,-0.8488931059837341,0.34983769059181216,-0.3248009979724884,0.2267923206090927,0.9181881546974182],"EasingStyle":"Linear","EasingDirection":"Out"},"Left Arm":{"Weight":1,"CFrame":[-0.4421073794364929,-0.3938809037208557,0.04838073253631592,-0.6247162818908691,0.4220869243144989,0.6569415330886841,-0.6332370042800903,-0.7661087512969971,-0.10994724929332733,0.45688125491142275,-0.4846855103969574,0.7458816170692444],"EasingStyle":"Linear","EasingDirection":"Out"},"Right Leg":{"Weight":1,"CFrame":[0.17137829959392548,-0.08533453941345215,0.2465057373046875,0.795030415058136,0.020637456327676774,-0.6062184572219849,-0.07942481338977814,0.9943580627441406,-0.07031141966581345,0.6013470888137817,0.1040484756231308,0.7921839952468872],"EasingStyle":"Linear","EasingDirection":"Out"},"Torso":{"Weight":1,"CFrame":[-0.10768274962902069,-0.05987299978733063,0.025524377822875978,0.9707366228103638,-0.2275717556476593,0.07669123262166977,0.23320472240447999,0.9695433378219605,-0.07484126836061478,-0.05732371285557747,0.09053590893745423,0.9942420721054077],"EasingStyle":"Linear","EasingDirection":"Out"},"HumanoidRootPart":{"Weight":0,"CFrame":[0,0,0,1,0,0,0,1,0,0,0,1],"EasingStyle":"Linear","EasingDirection":"In"},"Head":{"Weight":1,"CFrame":[9.12696123123169e-8,4.470348358154297e-8,-5.960464477539063e-8,0.9930359125137329,0.07378131151199341,0.09184744209051132,-0.0860593244433403,0.9867101907730103,0.13782890141010285,-0.0804576426744461,-0.14477336406707765,0.9861882328987122],"EasingStyle":"Linear","EasingDirection":"Out"}}},{"Time":0.3050000071525574,"poses":{"Left Leg":{"Weight":1,"CFrame":[-0.7275292277336121,0.5080918073654175,0.3792893886566162,0.9750673770904541,-0.19403184950351716,0.10768120735883713,0.18507656455039979,0.9787935614585877,0.08780548721551895,-0.1224348247051239,-0.06568695604801178,0.9903004169464111],"EasingStyle":"Linear","EasingDirection":"Out"},"Right Arm":{"Weight":1,"CFrame":[0.7848317623138428,-0.35692960023880007,-0.31705236434936526,-0.8953375220298767,-0.4449734091758728,0.019222106784582139,0.4125688374042511,-0.8123297691345215,0.41219812631607058,-0.16780246794223786,0.3769868016242981,0.9108914136886597],"EasingStyle":"Linear","EasingDirection":"Out"},"Left Arm":{"Weight":1,"CFrame":[-0.4426267147064209,-0.41418540477752688,0.02771937847137451,-0.6542707085609436,0.44859007000923159,0.6088486909866333,-0.621202826499939,-0.7779472470283508,-0.09436717629432678,0.4313199818134308,-0.4399603307247162,0.7876535058021545],"EasingStyle":"Linear","EasingDirection":"Out"},"Right Leg":{"Weight":1,"CFrame":[0.23627837002277375,-0.03200805187225342,0.27361834049224856,0.8113117814064026,0.04360242933034897,-0.5829854011535645,-0.09213078022003174,0.9942898154258728,-0.05384921655058861,0.5773085355758667,0.09739935398101807,0.8106961846351624],"EasingStyle":"Linear","EasingDirection":"Out"},"Torso":{"Weight":1,"CFrame":[-0.0889306366443634,-0.06192842125892639,-0.015271186828613282,0.9781193733215332,-0.19645212590694428,0.06847696006298065,0.20152996480464936,0.9764186143875122,-0.07741055637598038,-0.05165470391511917,0.08951692283153534,0.9946449398994446],"EasingStyle":"Linear","EasingDirection":"Out"},"HumanoidRootPart":{"Weight":0,"CFrame":[0,0,0,1,0,0,0,1,0,0,0,1],"EasingStyle":"Linear","EasingDirection":"In"},"Head":{"Weight":1,"CFrame":[1.2852251529693604e-7,-5.3085386753082278e-8,-1.1920928955078126e-7,0.9923430681228638,0.06948783248662949,0.10211087763309479,-0.08459396660327912,0.9847588539123535,0.15196672081947328,-0.08999474346637726,-0.15944108366966248,0.9830968976020813],"EasingStyle":"Linear","EasingDirection":"Out"}}},{"Time":0.32208332419395449,"poses":{"Left Leg":{"Weight":1,"CFrame":[-0.7303599119186401,0.4229567050933838,0.3730868101119995,0.9684025645256043,-0.2264973372220993,0.10438122600317002,0.21491330862045289,0.9702498316764832,0.11147881299257279,-0.12652553617954255,-0.08552344143390656,0.9882697463035584],"EasingStyle":"Linear","EasingDirection":"Out"},"Right Arm":{"Weight":1,"CFrame":[0.7878981232643127,-0.3518811762332916,-0.5501093864440918,-0.8803949356079102,-0.38151392340660097,0.2816948890686035,0.4702652096748352,-0.7790699601173401,0.