{"Sequence":[{"Time":0,"poses":{"Left Leg":{"Weight":1,"CFrame":[-0.4026108384132385,-0.32772767543792727,-0.018970102071762086,0.9514222741127014,0.2548576593399048,0.1727522909641266,-0.2520754933357239,0.9669520854949951,-0.03823345899581909,-0.1767873466014862,-0.007170482538640499,0.9842230081558228],"EasingStyle":"Linear","EasingDirection":"In"},"Right Arm":{"Weight":1,"CFrame":[0.31434088945388796,-0.26814916729927065,-0.040757469832897189,0.21037551760673524,-0.7035809755325317,0.6787607669830322,0.9087863564491272,-0.11517111957073212,-0.4010523557662964,0.3603464365005493,0.7012200355529785,0.6151754856109619],"EasingStyle":"Linear","EasingDirection":"In"},"Head":{"Weight":1,"CFrame":[1.4528632164001466e-7,-1.1920928955078126e-7,0.016661912202835084,0.988618016242981,-0.11318664252758026,0.09911291301250458,0.1415189951658249,0.9232020378112793,-0.35731008648872378,-0.051058489829301837,0.3672693967819214,0.9287121295928955],"EasingStyle":"Linear","EasingDirection":"In"},"Left Arm":{"Weight":1,"CFrame":[0.04338414967060089,-0.1521448791027069,-0.022362470626831056,0.8919890522956848,0.08519347757101059,-0.4439568519592285,0.04206586256623268,0.962177574634552,0.2691555619239807,0.4500955641269684,-0.2587592899799347,0.8546682000160217],"EasingStyle":"Linear","EasingDirection":"In"},"Torso":{"Weight":1,"CFrame":[-0.19317765533924104,0.17806515097618104,-0.13178038597106934,0.9706831574440002,-0.19467870891094209,-0.14097674190998078,0.22210821509361268,0.9506869912147522,0.21647679805755616,0.09188132733106613,-0.2414424568414688,0.9660555720329285],"EasingStyle":"Linear","EasingDirection":"In"},"HumanoidRootPart":{"Weight":0,"CFrame":[0,0,0,1,0,0,0,1,0,0,0,1],"EasingStyle":"Linear","EasingDirection":"In"},"Right Leg":{"Weight":1,"CFrame":[0.11996626853942871,-0.09646284580230713,0.11584457755088806,0.5951486825942993,0.7754395604133606,-0.2109304666519165,-0.6635643243789673,0.6222545504570007,0.41530904173851015,0.45329949259757998,-0.10720472037792206,0.8848880529403687],"EasingStyle":"Linear","EasingDirection":"In"}}},{"Time":0.01666666753590107,"poses":{"Left Leg":{"Weight":1,"CFrame":[-0.45759832859039309,-0.2884156107902527,-0.005222201347351074,0.9621579051017761,0.20862354338169099,0.17529535293579102,-0.20440882444381715,0.9779855608940125,-0.04197000712156296,-0.18019215762615205,0.00454991078004241,0.9836208820343018],"EasingStyle":"Linear","EasingDirection":"In"},"Right Arm":{"Weight":1,"CFrame":[0.313068151473999,-0.2683369815349579,-0.04022469371557236,0.21764937043190003,-0.6960912346839905,0.6841680407524109,0.892548143863678,-0.14170138537883759,-0.42811062932014468,0.39495158195495608,0.7038307189941406,0.5904536247253418],"EasingStyle":"Linear","EasingDirection":"In"},"Head":{"Weight":1,"CFrame":[1.4901161193847657e-7,1.4901161193847657e-8,0.016662389039993287,0.9884788990020752,-0.11486726999282837,0.09856510907411576,0.1428089588880539,0.9235560297966003,-0.355879008769989,-0.050151534378528598,0.3658548593521118,0.9293196797370911],"EasingStyle":"Linear","EasingDirection":"In"},"Left Arm":{"Weight":1,"CFrame":[0.04162950813770294,-0.1517610251903534,-0.020378708839416505,0.8791447281837463,0.02334008365869522,-0.47598305344581606,0.10916953533887863,0.9623756408691406,0.24882738292217256,0.4638819694519043,-0.2707182466983795,0.8435195088386536],"EasingStyle":"Linear","EasingDirection":"In"},"Torso":{"Weight":1,"CFrame":[-0.17066746950149537,0.14122283458709718,-0.13998770713806153,0.9711071848869324,-0.19353801012039185,-0.13962076604366303,0.22051139175891877,0.9514150023460388,0.21490506827831269,0.09124498814344406,-0.2394838184118271,0.9666032791137695],"EasingStyle":"Linear","EasingDirection":"In"},"HumanoidRootPart":{"Weight":0,"CFrame":[0,0,0,1,0,0,0,1,0,0,0,1],"EasingStyle":"Linear","EasingDirection":"In"},"Right Leg":{"Weight":1,"CFrame":[0.1021241545677185,-0.09517443180084229,0.1311546266078949,0.5869694352149963,0.7821775078773499,-0.20896223187446595,-0.6694836616516113,0.614067554473877,0.4179864227771759,0.45525652170181277,-0.10544846951961518,0.8840940594673157],"EasingStyle":"Linear","EasingDirection":"In"}}},{"Time":0.03333333507180214,"poses":{"Left Leg":{"Weight":1,"CFrame":[-0.5100547075271606,-0.23768168687820435,0.010968506336212159,0.9688239097595215,0.16985002160072328,0.18036343157291413,-0.16438452899456025,0.9853720664978027,-0.044941361993551257,-0.1853584200143814,0.013891381211578846,0.9825727939605713],"EasingStyle":"Linear","EasingDirection":"In"},"Right Arm":{"Weight":1,"CFrame":[0.30847954750061037,-0.26728183031082156,-0.039782941341400149,0.2321571260690689,-0.7072558999061585,0.667751669883728,0.8644510507583618,-0.16468942165374757,-0.47497597336769106,0.44590097665786745,0.6875075101852417,0.573154091835022],"EasingStyle":"Linear","EasingDirection":"In"},"Head":{"Weight":1,"CFrame":[9.685754776000977e-8,8.940696716308594e-8,0.016661912202835084,0.9880750179290772,-0.11960285156965256,0.09696919471025467,0.14644251763820649,0.9245223999023438,-0.3518708348274231,-0.047565411776304248,0.3618752360343933,0.9310123324394226],"EasingStyle":"Linear","EasingDirection":"In"},"Left Arm":{"Weight":1,"CFrame":[0.0402597039937973,-0.15095016360282899,-0.016110122203826906,0.8590876460075378,-0.03367648646235466,-0.5107194781303406,0.1704605519771576,0.959693968296051,0.22345198690891267,0.48260924220085146,-0.2790225148200989,0.8302016854286194],"EasingStyle":"Linear","EasingDirection":"In"},"Torso":{"Weight":1,"CFrame":[-0.14607812464237214,0.10511518269777298,-0.16238665580749513,0.9722888469696045,-0.19031523168087007,-0.1357741355895996,0.21601365506649018,0.9534412026405335,0.2104470580816269,0.08940136432647705,-0.233944371342659,0.968130886554718],"EasingStyle":"Linear","EasingDirection":"In"},"HumanoidRootPart":{"Weight":0,"CFrame":[0,0,0,1,0,0,0,1,0,0,0,1],"EasingStyle":"Linear","EasingDirection":"In"},"Right Leg":{"Weight":1,"CFrame":[0.09668636322021485,-0.0863797664642334,0.15536576509475709,0.579655110836029,0.7879957556724548,-0.20751547813415528,-0.6775481104850769,0.6075618863105774,0.41448432207107546,0.45269039273262026,-0.09965632855892182,0.8860813975334168],"EasingStyle":"Linear","EasingDirection":"In"}}},{"Time":0.05000000074505806,"poses":{"Left Leg":{"Weight":1,"CFrame":[-0.5542299747467041,-0.17809170484542848,0.028676748275756837,0.9721083641052246,0.14058642089366914,0.18772538006305695,-0.13401082158088685,0.9898487329483032,-0.047336213290691379,-0.19247449934482575,0.020858708769083024,0.9810802936553955],"EasingStyle":"Linear","EasingDirection":"In"},"Right Arm":{"Weight":1,"CFrame":[0.30097317695617678,-0.26500779390335085,-0.03927856683731079,0.2503640055656433,-0.7313525080680847,0.6343828439712524,0.825444757938385,-0.18116244673728944,-0.5346225500106812,0.5059237480163574,0.6574980020523071,0.558334469795227],"EasingStyle":"Linear","EasingDirection":"In"},"Head":{"Weight":1,"CFrame":[1.0058283805847168e-7,-1.4901161193847657e-8,0.016662240028381349,0.9873864054679871,-0.12714332342147828,0.09435433894395828,0.15225285291671754,0.9259850978851318,-0.3455009162425995,-0.04344256594777107,0.35550859570503237,0.9336628913879395],"EasingStyle":"Linear","EasingDirection":"In"},"Left Arm":{"Weight":1,"CFrame":[0.03944052755832672,-0.14973914623260499,-0.009779214859008789,0.834172248840332,-0.0800219401717186,-0.5456675887107849,0.22050021588802339,0.955287754535675,0.19698993861675263,0.5055059194564819,-0.28464362025260928,0.8145195245742798],"EasingStyle":"Linear","EasingDirection":"In"},"Torso":{"Weight":1,"CFrame":[-0.11978645622730255,0.06974337995052338,-0.19561506807804109,0.9741250276565552,-0.18513508141040803,-0.12963591516017915,0.2088554948568344,0.9565827250480652,0.2032950073480606,0.08637044578790665,-0.22510991990566255,0.9704976677894592],"EasingStyle":"Linear","EasingDirection":"In"},"HumanoidRootPart":{"Weight":0,"CFrame":[0,0,0,1,0,0,0,1,0,0,0,1],"EasingStyle":"Linear","EasingDirection":"In"},"Right Leg":{"Weight":1,"CFrame":[0.10736238956451416,-0.07652103900909424,0.17557159066200257,0.5711913704872131,0.795121431350708,-0.20377057790756226,-0.6862817406654358,0.598808228969574,0.4128511846065521,0.45028626918792727,-0.09597300738096237,0.8877114653587341],"EasingStyle":"Linear","EasingDirection":"In"}}},{"Time":0.06666667014360428,"poses":{"Left Leg":{"Weight":1,"CFrame":[-0.5866448879241943,-0.11167019605636597,0.047153323888778689,0.9728049039840698,0.12158887833356857,0.19714659452438355,-0.11401964724063873,0.9922522902488709,-0.0493442602455616,-0.20161885023117066,0.02552378550171852,0.9791314005851746],"EasingStyle":"Linear","EasingDirection":"In"},"Right Arm":{"Weight":1,"CFrame":[0.2909660339355469,-0.2615552544593811,-0.03854753077030182,0.26928484439849856,-0.7620171904563904,0.5889105796813965,0.7778398990631104,-0.1884654015302658,-0.5995381474494934,0.5678475499153137,0.6195245385169983,0.5419763922691345],"EasingStyle":"Linear","EasingDirection":"In"},"Head":{"Weight":1,"CFrame":[1.4528632164001466e-7,-1.4901161193847657e-8,0.016662508249282838,0.9863735437393189,-0.1372370719909668,0.09073778241872788,0.16008713841438294,0.9278011918067932,-0.3369825482368469,-0.03794011473655701,0.3469165861606598,0.9371283054351807],"EasingStyle":"Linear","EasingDirection":"In"},"Left Arm":{"Weight":1,"CFrame":[0.03933621942996979,-0.14812669157981873,-0.0015906095504760743,0.8077554106712341,-0.11006119102239609,-0.5791527628898621,0.25444987416267397,0.9512847661972046,0.1741054803133011,0.5317768454551697,-0.2880000174045563,0.7964103817939758],"EasingStyle":"Linear","EasingDirection":"In"},"Torso":{"Weight":1,"CFrame":[-0.09217607975006104,0.03509044647216797,-0.23633384704589845,0.9764933586120606,-0.17809966206550599,-0.12141373008489609,0.199279323220253,0.9606244564056397,0.1936192661523819,0.08214947581291199,-0.21326316893100739,0.9735349416732788],"EasingStyle":"Linear","EasingDirection":"In"},"HumanoidRootPart":{"Weight":0,"CFrame":[0,0,0,1,0,0,0,1,0,0,0,1],"EasingStyle":"Linear","EasingDirection":"In"},"Right Leg":{"Weight":1,"CFrame":[0.1371222734451294,-0.07438880205154419,0.19271433353424073,0.5578957200050354,0.8061031699180603,-0.1973574161529541,-0.6974666714668274,0.584290087223053,0.41490405797958376,0.44976940751075747,-0.09382304549217224,0.8882031440734863],"EasingStyle":"Linear","EasingDirection":"In"}}},{"Time":0.0833333358168602,"poses":{"Left Leg":{"Weight":1,"CFrame":[-0.6053451299667358,-0.040787696838378909,0.06564882397651673,0.971517026424408,0.11283363401889801,0.20838244259357453,-0.10438714176416397,0.9932214617729187,-0.051131416112184528,-0.21273928880691529,0.02792266011238098,0.9767099618911743],"EasingStyle":"Linear","EasingDirection":"In"},"Right Arm":{"Weight":1,"CFrame":[0.27886974811553957,-0.2570154070854187,-0.03740151971578598,0.2875436544418335,-0.792915940284729,0.537217915058136,0.725906491279602,-0.185486301779747,-0.6623100638389587,0.6248027682304382,0.5804129838943481,0.522247314453125],"EasingStyle":"Linear","EasingDirection":"In"},"Head":{"Weight":1,"CFrame":[7.078051567077637e-8,-7.450580596923828e-8,0.016662150621414186,0.9849837422370911,-0.14962878823280335,0.08612984418869019,0.16980011761188508,0.9298100471496582,-0.3265291750431061,-0.031226247549057008,0.33625075221061709,0.9412546753883362],"EasingStyle":"Linear","EasingDirection":"In"},"Left Arm":{"Weight":1,"CFrame":[0.04010903835296631,-0.14611023664474488,0.008270621299743653,0.7834581732749939,-0.11831506341695786,-0.6100776791572571,0.26805776357650759,0.950024425983429,0.15999561548233033,0.5606588125228882,-0.28888607025146487,0.7760197520256043],"EasingStyle":"Linear","EasingDirection":"In"},"Torso":{"Weight":1,"CFrame":[-0.06363710761070252,0.0011301040649414063,-0.2812192738056183,0.9792575836181641,-0.16929806768894196,-0.11132273077964783,0.18753211200237275,0.9653294682502747,0.18157850205898286,0.07672221958637238,-0.19868871569633485,0.977055013179779],"EasingStyle":"Linear","EasingDirection":"In"},"HumanoidRootPart":{"Weight":0,"CFrame":[0,0,0,1,0,0,0,1,0,0,0,1],"EasingStyle":"Linear","EasingDirection":"In"},"Right Leg":{"Weight":1,"CFrame":[0.17273378372192384,-0.07024335861206055,0.20664995908737184,0.5471082329750061,0.8152247071266174,-0.18995042145252229,-0.7069552540779114,0.5715224742889404,0.4166248142719269,0.4482038617134094,-0.09365252405405045,0.8890122175216675],"EasingStyle":"Linear","EasingDirection":"In"}}},{"Time":0.10000000149011612,"poses":{"Left Leg":{"Weight":1,"CFrame":[-0.6098034381866455,0.03164064884185791,0.08341816067695618,0.9685922861099243,0.11363159865140915,0.2211712747812271,-0.10445216298103333,0.9931269884109497,-0.05280536413192749,-0.22565150260925294,0.02804507315158844,0.9738044142723084],"EasingStyle":"Linear","EasingDirection":"In"},"Right Arm":{"Weight":1,"CFrame":[0.26506614685058596,-0.25154179334640505,-0.03563658893108368,0.30596789717674258,-0.818390429019928,0.4864369034767151,0.6757228374481201,-0.17325013875961305,-0.716507613658905,0.6706581115722656,0.5479247570037842,0.4999960958957672],"EasingStyle":"Linear","EasingDirection":"In"},"Head":{"Weight":1,"CFrame":[7.450580596923828e-8,4.470348358154297e-8,0.01666221022605896,0.9831573367118836,-0.16405808925628663,0.08053930848836899,0.1812470704317093,0.9318411946296692,-0.31435880064964297,-0.023476742208003999,0.3236616849899292,0.9458815455436707],"EasingStyle":"Linear","EasingDirection":"In"},"Left Arm":{"Weight":1,"CFrame":[0.04152612388134003,-0.1437314748764038,0.0195961594581604,0.7617948651313782,-0.11136913299560547,-0.6381735801696777,0.2675834000110626,0.9512431621551514,0.15341320633888246,0.5899726748466492,-0.2876342833042145,0.7544527649879456],"EasingStyle":"Linear","EasingDirection":"In"},"Torso":{"Weight":1,"CFrame":[-0.034565120935440066,-0.03216588497161865,-0.32695770263671877,0.9822731614112854,-0.1588154137134552,-0.09958495944738388,0.1738678514957428,0.9704487919807434,0.16732928156852723,0.0700676292181015,-0.1816776841878891,0.9808586835861206],"EasingStyle":"Linear","EasingDirection":"In"},"HumanoidRootPart":{"Weight":0,"CFrame":[0,0,0,1,0,0,0,1,0,0,0,1],"EasingStyle":"Linear","EasingDirection":"In"},"Right Leg":{"Weight":1,"CFrame":[0.20980387926101685,-0.06334823369979859,0.21620342135429383,0.5408766269683838,0.821199357509613,-0.18189100921154023,-0.7135820984840393,0.5624942779541016,0.41761314868927,0.4452562630176544,-0.09608307480812073,0.8902330994606018],"EasingStyle":"Linear","EasingDirection":"In"}}},{"Time":0.11666666716337204,"poses":{"Left Leg":{"Weight":1,"CFrame":[-0.601028323173523,0.102924644947052,0.09983733296394348,0.9641702771186829,0.12264429777860642,0.23523195087909699,-0.1129339411854744,0.9921137690544128,-0.05437009036540985,-0.24004508554935456,0.02585643343627453,0.9704173803329468],"EasingStyle":"Linear","EasingDirection":"In"},"Right Arm":{"Weight":1,"CFrame":[0.2499009370803833,-0.24534347653388978,-0.033051781356334689,0.3274973928928375,-0.8336948156356812,0.4446330964565277,0.6344962120056152,-0.1546415537595749,-0.7572982311248779,0.7001143097877502,0.5301312208175659,0.47833141684532168],"EasingStyle":"Linear","EasingDirection":"In"},"Head":{"Weight":1,"CFrame":[1.0058283805847168e-7,-8.940696716308594e-8,0.01666206121444702,0.9808336496353149,-0.18025793135166169,0.07397722452878952,0.19427922368049622,0.9337225556373596,-0.30069586634635928,-0.01487137284129858,0.3093048334121704,0.9508467316627502],"EasingStyle":"Linear","EasingDirection":"In"},"Left Arm":{"Weight":1,"CFrame":[0.043232545256614688,-0.14106053113937379,0.03216743469238281,0.7411286234855652,-0.09966066479682923,-0.6639247536659241,0.26216262578964236,0.9533671140670776,0.14953914284706117,0.6180607676506043,-0.28488418459892275,0.7326949834823608],"EasingStyle":"Linear","EasingDirection":"In"},"Torso":{"Weight":1,"CFrame":[-0.005380421876907349,-0.06482041627168656,-0.3706660270690918,0.9853920340538025,-0.14674074947834016,-0.08642808347940445,0.15854918956756593,0.9757308959960938,0.15103456377983094,0.06216761842370033,-0.16253136098384858,0.9847429990768433],"EasingStyle":"Linear","EasingDirection":"In"},"HumanoidRootPart":{"Weight":0,"CFrame":[0,0,0,1,0,0,0,1,0,0,0,1],"EasingStyle":"Linear","EasingDirection":"In"},"Right Leg":{"Weight":1,"CFrame":[0.24543070793151856,-0.053389906883239749,0.2209240198135376,0.5406048893928528,0.8231887817382813,-0.17351225018501283,-0.7167394161224365,0.5586657524108887,0.4173453450202942,0.44048938155174258,-0.1012558862566948,0.892029345035553],"EasingStyle":"Linear","EasingDirection":"In"}}},{"Time":0.13333334028720857,"poses":{"Left Leg":{"Weight":1,"CFrame":[-0.5809445977210999,0.17145556211471559,0.11439341306686402,0.9582383632659912,0.13835981488227845,0.25027114152908327,-0.12842275202274323,0.990154504776001,-0.055691514164209369,-0.25551265478134158,0.0212252214550972,0.9665728211402893],"EasingStyle":"Linear","EasingDirection":"In"},"Right Arm":{"Weight":1,"CFrame":[0.2337060570716858,-0.23864445090293885,-0.029461368918418886,0.3563091456890106,-0.83440101146698,0.4204983115196228,0.6098184585571289,-0.13330553472042085,-0.7812498211860657,0.7079302668571472,0.5347939729690552,0.46133512258529665],"EasingStyle":"Linear","EasingDirection":"In"},"Head":{"Weight":1,"CFrame":[8.568167686462403e-8,0,0.01666247844696045,0.9779555797576904,-0.19795383512973786,0.06646134704351425,0.2087380588054657,0.9352872967720032,-0.2857728898525238,-0.005590617191046476,0.29334625601768496,0.9559900164604187],"EasingStyle":"Linear","EasingDirection":"In"},"Left Arm":{"Weight":1,"CFrame":[0.04520735144615173,-0.13814392685890199,0.04580032825469971,0.7214327454566956,-0.08344949036836624,-0.6874380707740784,0.2520924508571625,0.9562445878982544,0.14847807586193086,0.6449683904647827,-0.28041499853134158,0.7109031081199646],"EasingStyle":"Linear","EasingDirection":"In"},"Torso":{"Weight":1,"CFrame":[0.023413334041833879,-0.09684544801712036,-0.41117003560066225,0.988467812538147,-0.13317401707172395,-0.07208382338285446,0.14184808731079102,0.9809304475784302,0.1328705996274948,0.053014300763607028,-0.1415632665157318,0.9885086417198181],"EasingStyle":"Linear","EasingDirection":"In"},"HumanoidRootPart":{"Weight":0,"CFrame":[0,0,0,1,0,0,0,1,0,0,0,1],"EasingStyle":"Linear","EasingDirection":"In"},"Right Leg":{"Weight":1,"CFrame":[0.2781314253807068,-0.040517449378967288,0.22104080021381379,0.5465517044067383,0.8210000991821289,-0.16504552960395814,-0.7164506316184998,0.5604644417762756,0.4154251515865326,0.43356627225875857,-0.10880434513092041,0.8945289850234985],"EasingStyle":"Linear","EasingDirection":"In"}}},{"Time":0.15000000596046449,"poses":{"Left Leg":{"Weight":1,"CFrame":[-0.5518245697021484,0.23628902435302735,0.1266288161277771,0.9507366418838501,0.15918278694152833,0.26600879430770876,-0.14946496486663819,0.9871501326560974,-0.056522469967603686,-0.271587997674942,0.01397900190204382,0.9623121619224548],"EasingStyle":"Linear","EasingDirection":"In"},"Right Arm":{"Weight":1,"CFrame":[0.21658843755722047,-0.23125067353248597,-0.025213144719600679,0.39302894473075869,-0.826194167137146,0.40364766120910647,0.6007568836212158,-0.10161818563938141,-0.7929471135139465,0.6961461305618286,0.5541452169418335,0.4564029574394226],"EasingStyle":"Linear","EasingDirection":"In"},"Head":{"Weight":1,"CFrame":[6.146728992462158e-8,-1.4901161193847657e-8,0.01666206121444702,0.9744760394096375,-0.21686464548110963,0.05801954120397568,0.22445262968540193,0.9363823533058167,-0.26983189582824709,0.004188502207398415,0.2759673595428467,0.9611579179763794],"EasingStyle":"Linear","EasingDirection":"In"},"Left Arm":{"Weight":1,"CFrame":[0.04742962121963501,-0.1350332498550415,0.060308992862701419,0.7026098966598511,-0.06298264861106873,-0.7087824940681458,0.23763856291770936,0.9596561193466187,0.15029335021972657,0.6707214117050171,-0.2740318179130554,0.6892309784889221],"EasingStyle":"Linear","EasingDirection":"In"},"Torso":{"Weight":1,"CFrame":[0.05129096284508705,-0.12823718786239625,-0.44771555066108706,0.9913609623908997,-0.11823204159736633,-0.05678572878241539,0.12404550611972809,0.985817551612854,0.11303291469812393,0.04261625558137894,-0.11910043656826019,0.9919672012329102],"EasingStyle":"Linear","EasingDirection":"In"},"HumanoidRootPart":{"Weight":0,"CFrame":[0,0,0,1,0,0,0,1,0,0,0,1],"EasingStyle":"Linear","EasingDirection":"In"},"Right Leg":{"Weight":1,"CFrame":[0.30708980560302737,-0.024996638298034669,0.21709463000297547,0.5585438013076782,0.814547061920166,-0.15665830671787263,-0.7128601670265198,0.5679435729980469,0.4114251136779785,0.4240981936454773,-0.11812347918748856,0.8978795409202576],"EasingStyle":"Linear","EasingDirection":"In"}}},{"Time":0.1666666716337204,"poses":{"Left Leg":{"Weight":1,"CFrame":[-0.5161023736000061,0.29611802101135256,0.13609910011291505,0.9416353702545166,0.18354471027851106,0.2821950912475586,-0.17467421293258668,0.983003556728363,-0.056505948305130008,-0.28777018189430239,0.003915820736438036,0.9576916098594666],"EasingStyle":"Linear","EasingDirection":"In"},"Right Arm":{"Weight":1,"CFrame":[0.19861310720443726,-0.22290441393852235,-0.020832598209381105,0.43526923656463625,-0.8169263601303101,0.37838077545166018,0.5997565984725952,-0.050333164632320407,-0.7985978722572327,0.6714407205581665,0.5745415091514587,0.4680486023426056],"EasingStyle":"Linear","EasingDirection":"In"},"Head":{"Weight":1,"CFrame":[5.029141902923584e-8,2.9802322387695315e-8,0.01666244864463806,0.970361053943634,-0.23670360445976258,0.04869241267442703,0.24123680591583253,0.9368743300437927,-0.2531231641769409,0.014296447858214379,0.2573672831058502,0.9662079811096191],"EasingStyle":"Linear","EasingDirection":"In"},"Left Arm":{"Weight":1,"CFrame":[0.049879103899002078,-0.13178029656410218,0.07550704479217529,0.6845036745071411,-0.038498345762491229,-0.7279922366142273,0.21904033422470094,0.9633238315582275,0.15501181781291963,0.6953244209289551,-0.26556581258773806,0.6678313612937927],"EasingStyle":"Linear","EasingDirection":"In"},"Torso":{"Weight":1,"CFrame":[0.07772833108901978,-0.1589728444814682,-0.47953224182128909,0.9939433336257935,-0.10205277800559998,-0.040766019374132159,0.10542964190244675,0.9901860952377319,0.0917399525642395,0.03100362978875637,-0.09548227488994599,0.9949482083320618],"EasingStyle":"Linear","EasingDirection":"In"},"HumanoidRootPart":{"Weight":0,"CFrame":[0,0,0,1,0,0,0,1,0,0,0,1],"EasingStyle":"Linear","EasingDirection":"In"},"Right Leg":{"Weight":1,"CFrame":[0.331490695476532,-0.007337987422943115,0.20984713733196259,0.576255202293396,0.803673267364502,-0.14845611155033112,-0.7060501575469971,0.5810379385948181,0.40483081340789797,0.4116103947162628,-0.12846839427947999,0.9022599458694458],"EasingStyle":"Linear","EasingDirection":"In"}}},{"Time":0.18333333730697633,"poses":{"Left Leg":{"Weight":1,"CFrame":[-0.4763822555541992,0.35012859106063845,0.14248314499855042,0.9310171604156494,0.20982778072357179,0.2986290454864502,-0.2026473581790924,0.977695643901825,-0.05518389120697975,-0.3035475015640259,-0.009139170870184899,0.9527724385261536],"EasingStyle":"Linear","EasingDirection":"In"},"Right Arm":{"Weight":1,"CFrame":[0.1800771951675415,-0.21373248100280763,-0.016440555453300477,0.48271071910858157,-0.804508626461029,0.34605851769447329,0.6038774847984314,0.019572362303733827,-0.7968368530273438,0.6342888474464417,0.5936185121536255,0.49527236819267275],"EasingStyle":"Linear","EasingDirection":"In"},"Head":{"Weight":1,"CFrame":[9.313225746154785e-8,-2.2351741790771486e-8,0.016661733388900758,0.9655944108963013,-0.2571817934513092,0.03853588178753853,0.25888893008232119,0.9366565942764282,-0.23590491712093354,0.024575557559728624,0.23776495456695558,0.9710118174552918],"EasingStyle":"Linear","EasingDirection":"In"},"Left Arm":{"Weight":1,"CFrame":[0.052534908056259158,-0.12843912839889527,0.09120714664459229,0.6669116020202637,-0.010230997577309609,-0.7450666427612305,0.19651657342910767,0.9669201374053955,0.16262494027614594,0.7187560796737671,-0.25487449765205386,0.6468607187271118],"EasingStyle":"Linear","EasingDirection":"In"},"Torso":{"Weight":1,"CFrame":[0.10220541059970856,-0.18900904059410096,-0.5058304667472839,0.996103048324585,-0.08479826897382736,-0.024251990020275117,0.08629309386014939,0.9938611388206482,0.06923525035381317,0.018232082948088647,-0.07105821371078491,0.9973055124282837],"EasingStyle":"Linear","EasingDirection":"In"},"HumanoidRootPart":{"Weight":0,"CFrame":[0,0,0,1,0,0,0,1,0,0,0,1],"EasingStyle":"Linear","EasingDirection":"In"},"Right Leg":{"Weight":1,"CFrame":[0.3503103256225586,0.011318385601043702,0.20039108395576478,0.5991128087043762,0.7882480621337891,-0.14045938849449159,-0.6961003541946411,0.5994727611541748,0.39506545662879946,0.39561137557029726,-0.1389150321483612,0.9078515768051148],"EasingStyle":"Linear","EasingDirection":"In"}}},{"Time":0.20000000298023225,"poses":{"Left Leg":{"Weight":1,"CFrame":[-0.43528473377227785,0.39760273694992068,0.14559531211853028,0.9190958142280579,0.23649218678474427,0.31517359614372256,-0.23208467662334443,0.9713032841682434,-0.05202704668045044,-0.31843313574790957,-0.025329124182462693,0.9476069211959839],"EasingStyle":"Linear","EasingDirection":"In"},"Right Arm":{"Weight":1,"CFrame":[0.16128087043762208,-0.20388108491897584,-0.012183070182800293,0.5348652005195618,-0.7866546511650086,0.30837276577949526,0.6095512509346008,0.10650509595870972,-0.7855595946311951,0.5851208567619324,0.6081374883651733,0.5364721417427063],"EasingStyle":"Linear","EasingDirection":"In"},"Head":{"Weight":1,"CFrame":[7.729977369308472e-8,-2.9802322387695315e-8,0.016662150621414186,0.9601812362670898,-0.2780093550682068,0.027621587738394738,0.27719181776046755,0.9356542229652405,-0.21843980252742768,0.0348840095102787,0.21739822626113892,0.9754595160484314],"EasingStyle":"Linear","EasingDirection":"In"},"Left Arm":{"Weight":1,"CFrame":[0.0553763210773468,-0.12506449222564698,0.10722064971923828,0.6495926976203919,0.021581878885626794,-0.7599760293960571,0.1702733188867569,0.970075786113739,0.17309001088142396,0.7409697771072388,-0.24184170365333558,0.6264792084693909],"EasingStyle":"Linear","EasingDirection":"In"},"Torso":{"Weight":1,"CFrame":[0.12420967221260071,-0.21828162670135499,-0.5257960557937622,0.9977481961250305,-0.06665600836277008,-0.0074617923237383369,0.06692886352539063,0.9967066645622253,0.045787665992975238,0.0043851942755281929,-0.04618396982550621,0.9989234209060669],"EasingStyle":"Linear","EasingDirection":"In"},"HumanoidRootPart":{"Weight":0,"CFrame":[0,0,0,1,0,0,0,1,0,0,0,1],"EasingStyle":"Linear","EasingDirection":"In"},"Right Leg":{"Weight":1,"CFrame":[0.36297285556793215,0.029792070388793947,0.18993592262268067,0.6263929605484009,0.7681480050086975,-0.13259145617485047,-0.6830205321311951,0.622831404209137,0.38152849674224856,0.3756524622440338,-0.14842410385608674,0.9147980809211731],"EasingStyle":"Linear","EasingDirection":"In"}}},{"Time":0.21666666865348817,"poses":{"Left Leg":{"Weight":1,"CFrame":[-0.39529573917388918,0.4379904270172119,0.14543497562408448,0.906213104724884,0.2621333599090576,0.3317590057849884,-0.2618280053138733,0.9639943242073059,-0.04648837447166443,-0.3319999575614929,-0.044735394418239596,0.9422181248664856],"EasingStyle":"Linear","EasingDirection":"In"},"Right Arm":{"Weight":1,"CFrame":[0.14252042770385743,-0.1935378909111023,-0.008217787370085717,0.5908491611480713,-0.7611666321754456,0.2674369215965271,0.612810492515564,0.20781339704990388,-0.7624151706695557,0.5247480869293213,0.614360511302948,0.5892373919487],"EasingStyle":"Linear","EasingDirection":"In"},"Head":{"Weight":1,"CFrame":[3.073364496231079e-8,-1.4901161193847657e-8,0.016662299633026124,0.954149067401886,-0.29890209436416628,0.016038041561841966,0.29591503739356997,0.9338288903236389,-0.2009926438331604,0.04510025680065155,0.19652284681797028,0.9794615507125855],"EasingStyle":"Linear","EasingDirection":"In"},"Left Arm":{"Weight":1,"CFrame":[0.058381736278533939,-0.12171170115470886,0.12335935235023499,0.6322777271270752,0.05669355392456055,-0.7726649045944214,0.1405119001865387,0.9723876118659973,0.18632982671260835,0.7618932723999023,-0.2263808399438858,0.6068528294563294],"EasingStyle":"Linear","EasingDirection":"In"},"Torso":{"Weight":1,"CFrame":[0.14323967695236207,-0.24670687317848206,-0.5385851860046387,0.9988109469413757,-0.04783862829208374,0.009399856440722943,0.047625832259655,0.9986298084259033,0.021689824759960176,-0.010424588806927204,-0.02121635712683201,0.999720573425293],"EasingStyle":"Linear","EasingDirection":"In"},"HumanoidRootPart":{"Weight":0,"CFrame":[0,0,0,1,0,0,0,1,0,0,0,1],"EasingStyle":"Linear","EasingDirection":"In"},"Right Leg":{"Weight":1,"CFrame":[0.3689957857131958,0.04650920629501343,0.17981743812561036,0.657213568687439,0.7433213591575623,-0.12467461079359055,-0.6667689085006714,0.6505223512649536,0.36364787817001345,0.3514109253883362,-0.1558651626110077,0.9231557250022888],"EasingStyle":"Linear","EasingDirection":"In"}}},{"Time":0.23333333432674409,"poses":{"Left Leg":{"Weight":1,"CFrame":[-0.3585844039916992,0.47080719470977785,0.14221817255020142,0.892794668674469,0.2855730354785919,0.3483756184577942,-0.2909277677536011,0.9559870362281799,-0.03807765617966652,-0.34391653537750246,-0.067356638610363,0.9365813732147217],"EasingStyle":"Linear","EasingDirection":"In"},"Right Arm":{"Weight":1,"CFrame":[0.12407463788986206,-0.18293112516403199,-0.0046963077038526539,0.6492357850074768,-0.7263063788414002,0.22576947510242463,0.6096745729446411,0.3194883465766907,-0.7254131436347961,0.45474153757095339,0.608610212802887,0.6502337455749512],"EasingStyle":"Linear","EasingDirection":"In"},"Head":{"Weight":1,"CFrame":[9.42964106798172e-8,-5.960464477539063e-8,0.016661733388900758,0.9475501775741577,-0.31958329677581789,0.0038896529003977777,0.31481701135635378,0.9311808943748474,-0.183827206492424,0.055126115679740909,0.1754099726676941,0.9829508662223816],"EasingStyle":"Linear","EasingDirection":"In"},"Left Arm":{"Weight":1,"CFrame":[0.06152963638305664,-0.11843842267990112,0.13943180441856385,0.6146765351295471,0.09484036266803742,-0.7830568552017212,0.10743669420480728,0.9734268188476563,0.2022315114736557,0.781428337097168,-0.20843611657619477,0.5881533026695252],"EasingStyle":"Linear","EasingDirection":"In"},"Torso":{"Weight":1,"CFrame":[0.15880832076072694,-0.2741837203502655,-0.5433233976364136,0.9992494583129883,-0.02858232520520687,0.026145873591303827,0.02866375260055065,0.9995853304862976,-0.0027448178734630348,-0.026056572794914247,0.0034921958576887848,0.9996544718742371],"EasingStyle":"Linear","EasingDirection":"In"},"HumanoidRootPart":{"Weight":0,"CFrame":[0,0,0,1,0,0,0,1,0,0,0,1],"EasingStyle":"Linear","EasingDirection":"In"},"Right Leg":{"Weight":1,"CFrame":[0.36812588572502139,0.05964416265487671,0.1713324785232544,0.6905901432037354,0.7138106226921082,-0.11644639819860459,-0.6472324132919312,0.6817971467971802,0.3409440815448761,0.3227623701095581,-0.16008472442626954,0.9328437447547913],"EasingStyle":"Linear","EasingDirection":"In"}}},{"Time":0.25,"poses":{"Left Leg":{"Weight":1,"CFrame":[-0.3251587152481079,0.49876904487609866,0.13533101975917817,0.8789891600608826,0.3067682385444641,0.36506327986717226,-0.3197888731956482,0.9471345543861389,-0.025912821292877198,-0.3537132740020752,-0.0939660593867302,0.9306220412254334],"EasingStyle":"Linear","EasingDirection":"In"},"Right Arm":{"Weight":1,"CFrame":[0.10619199275970459,-0.17232704162597657,-0.0017386339604854584,0.708053469657898,-0.6811915636062622,0.18611374497413636,0.5966920256614685,0.43619054555892947,-0.6735700368881226,0.377649188041687,0.5879762172698975,0.7153077125549316],"EasingStyle":"Linear","EasingDirection":"In"},"Head":{"Weight":1,"CFrame":[1.2712553143501283e-7,-4.470348358154297e-8,0.016661912202835084,0.9404615759849548,-0.3397887647151947,-0.008705162443220616,0.3336488604545593,0.9277511239051819,-0.16720148921012879,0.06488940864801407,0.15434202551841737,0.9858843684196472],"EasingStyle":"Linear","EasingDirection":"In"},"Left Arm":{"Weight":1,"CFrame":[0.06479665637016297,-0.11529994010925293,0.15524733066558839,0.5964864492416382,0.13573557138442994,-0.7910625338554382,0.07126352936029434,0.9727473258972168,0.22064512968063355,0.7994533181190491,-0.18798576295375825,0.5705575942993164],"EasingStyle":"Linear","EasingDirection":"In"},"Torso":{"Weight":1,"CFrame":[0.16970014572143556,-0.3005981743335724,-0.5427437424659729,0.9990499019622803,-0.00914379209280014,0.04261057823896408,0.010308155789971352,0.9995772242546082,-0.02718658372759819,-0.042343974113464358,0.027599988505244256,0.9987218976020813],"EasingStyle":"Linear","EasingDirection":"In"},"HumanoidRootPart":{"Weight":0,"CFrame":[0,0,0,1,0,0,0,1,0,0,0,1],"EasingStyle":"Linear","EasingDirection":"In"},"Right Leg":{"Weight":1,"CFrame":[0.36260986328125,0.06883716583251953,0.16519401967525483,0.7243185639381409,0.6810212731361389,-0.10757579654455185,-0.6253166198730469,0.7146033644676209,0.31356218457221987,0.2904166281223297,-0.15985000133514405,0.9434544444084168],"EasingStyle":"Linear","EasingDirection":"In"}}},{"Time":0.2666666805744171,"poses":{"Left Leg":{"Weight":1,"CFrame":[-0.29408103227615359,0.5245746374130249,0.12465910613536835,0.8648151159286499,0.32600054144859316,0.3818616569042206,-0.3488185703754425,0.9371362328529358,-0.010064837522804737,-0.3611376881599426,-0.1244962066411972,0.9241647124290466],"EasingStyle":"Linear","EasingDirection":"In"},"Right Arm":{"Weight":1,"CFrame":[0.08908343315124512,-0.16201329231262208,0.0005854442715644836,0.7649669647216797,-0.6260941028594971,0.1511014699935913,0.5715361833572388,0.5517129302024841,-0.6074202656745911,0.29693761467933657,0.5510163903236389,0.7798775434494019],"EasingStyle":"Linear","EasingDirection":"In"},"Head":{"Weight":1,"CFrame":[1.1175870895385742e-7,-4.470348358154297e-8,0.016661912202835084,0.9329832196235657,-0.35927024483680727,-0.02161576598882675,0.35215768218040469,0.9236198663711548,-0.1513650268316269,0.07434571534395218,0.13360881805419923,0.9882416129112244],"EasingStyle":"Linear","EasingDirection":"In"},"Left Arm":{"Weight":1,"CFrame":[0.06815898418426514,-0.11235451698303223,0.17061293125152589,0.5773996114730835,0.17906451225280763,-0.7965838313102722,0.03222661465406418,0.9698948264122009,0.24138233065605164,0.8158254623413086,-0.16504529118537904,0.5542463064193726],"EasingStyle":"Linear","EasingDirection":"In"},"Torso":{"Weight":1,"CFrame":[0.17556539177894593,-0.3258261978626251,-0.5403211712837219,0.9982264041900635,0.01020336989313364,0.058652594685554507,-0.00719390669837594,0.9986577033996582,-0.051294032484292987,-0.05909723415970802,0.05078110098838806,0.9969598650932312],"EasingStyle":"Linear","EasingDirection":"In"},"HumanoidRootPart":{"Weight":0,"CFrame":[0,0,0,1,0,0,0,1,0,0,0,1],"EasingStyle":"Linear","EasingDirection":"In"},"Right Leg":{"Weight":1,"CFrame":[0.35493355989456179,0.07478165626525879,0.161393404006958,0.7564215660095215,0.6467332243919373,-0.09778863191604614,-0.6020138263702393,0.746835470199585,0.2825174629688263,0.2557455599308014,-0.15483221411705018,0.954264760017395],"EasingStyle":"Linear","EasingDirection":"In"}}},{"Time":0.28333333134651186,"poses":{"Left Leg":{"Weight":1,"CFrame":[-0.2656765580177307,0.5477203130722046,0.11136490106582642,0.8505586385726929,0.34292206168174746,0.3986908495426178,-0.37731388211250307,0.9260470271110535,0.008441784419119358,-0.36631157994270327,-0.15761184692382813,0.9170466065406799],"EasingStyle":"Linear","EasingDirection":"In"},"Right Arm":{"Weight":1,"CFrame":[0.07292306423187256,-0.15226608514785767,0.0022685974836349489,0.8176180124282837,-0.5625044703483582,0.12283928692340851,0.5334559679031372,0.6598294377326965,-0.5291973352432251,0.2166229486465454,0.498210608959198,0.8395598530769348],"EasingStyle":"Linear","EasingDirection":"In"},"Head":{"Weight":1,"CFrame":[5.029141902923584e-8,2.9802322387695315e-8,0.01666221022605896,0.9252373576164246,-0.3777983486652374,-0.03470240905880928,0.3700907230377197,0.9189045429229736,-0.13655564188957215,0.08347868174314499,0.11350332200527191,0.9900243878364563],"EasingStyle":"Linear","EasingDirection":"In"},"Left Arm":{"Weight":1,"CFrame":[0.07159203290939331,-0.1096581518650055,0.18533438444137574,0.5571104288101196,0.2244795262813568,-0.7995229959487915,-0.009414926171302796,0.9644176363945007,0.2642157971858978,0.8303850293159485,-0.13967007398605348,0.5394005179405212],"EasingStyle":"Linear","EasingDirection":"In"},"Torso":{"Weight":1,"CFrame":[0.17724493145942689,-0.3497389853000641,-0.5362463593482971,0.996819794178009,0.029173055663704873,0.07415665686130524,-0.023617498576641084,0.996924877166748,-0.07471960037946701,-0.0761084035038948,0.07273057848215103,0.9944435358047485],"EasingStyle":"Linear","EasingDirection":"In"},"HumanoidRootPart":{"Weight":0,"CFrame":[0,0,0,1,0,0,0,1,0,0,0,1],"EasingStyle":"Linear","EasingDirection":"In"},"Right Leg":{"Weight":1,"CFrame":[0.3454379439353943,0.0771172046661377,0.1598869264125824,0.7863028049468994,0.6116869449615479,-0.08698874711990357,-0.5774115920066834,0.7776237726211548,0.24879124760627747,0.21982699632644654,-0.14539697766304017,0.9646428823471069],"EasingStyle":"Linear","EasingDirection":"In"}}},{"Time":0.30000001192092898,"poses":{"Left Leg":{"Weight":1,"CFrame":[-0.24016976356506349,0.5678056478500366,0.09660299122333527,0.8365370631217957,0.3573368489742279,0.41535043716430666,-0.4046444296836853,0.9140263199806213,0.028613578528165818,-0.36941662430763247,-0.19200551509857179,0.9092113971710205],"EasingStyle":"Linear","EasingDirection":"In"},"Right Arm":{"Weight":1,"CFrame":[0.05785715579986572,-0.14332520961761475,0.00336262583732605,0.8640241622924805,-0.492893785238266,0.10255709290504456,0.4833950698375702,0.7552861571311951,-0.44257450103759768,0.14068225026130677,0.43197038769721987,0.89084792137146],"EasingStyle":"Linear","EasingDirection":"In"},"Head":{"Weight":1,"CFrame":[8.940696716308594e-8,2.2351741790771486e-8,0.016661882400512697,0.917365312576294,-0.39516374468803408,-0.047819748520851138,0.3871974050998688,0.9137559533119202,-0.12299701571464539,0.09229956567287445,0.0943174883723259,0.9912543296813965],"EasingStyle":"Linear","EasingDirection":"In"},"Left Arm":{"Weight":1,"CFrame":[0.07506948709487915,-0.10726693272590637,0.1992168128490448,0.5353245139122009,0.27159738540649416,-0.7997891306877136,-0.05337192118167877,0.9558768272399902,0.28887879848480227,0.8429585695266724,-0.11195774376392365,0.5261999368667603],"EasingStyle":"Linear","EasingDirection":"In"},"Torso":{"Weight":1,"CFrame":[0.17560195922851563,-0.37220650911331179,-0.5306811332702637,0.9948967695236206,0.04747116193175316,0.08903424441814423,-0.038762226700782779,0.9945181012153626,-0.09711457788944245,-0.09315631538629532,0.09316780418157578,0.9912828207015991],"EasingStyle":"Linear","EasingDirection":"In"},"HumanoidRootPart":{"Weight":0,"CFrame":[0,0,0,1,0,0,0,1,0,0,0,1],"EasingStyle":"Linear","EasingDirection":"In"},"Right Leg":{"Weight":1,"CFrame":[0.3345320522785187,0.07556259632110596,0.16046582162380219,0.8134910464286804,0.5766884088516235,-0.07525196671485901,-0.551790714263916,0.8062167763710022,0.2134043276309967,0.18373726308345796,-0.13207918405532838,0.9740615487098694],"EasingStyle":"Linear","EasingDirection":"In"}}},{"Time":0.3166666626930237,"poses":{"Left Leg":{"Weight":1,"CFrame":[-0.21769607067108155,0.5845820307731628,0.08146503567695618,0.8230860233306885,0.3691846430301666,0.43154609203338625,-0.43025338649749758,0.9013487100601196,0.0495230071246624,-0.3706904649734497,-0.22643586993217469,0.9007304906845093],"EasingStyle":"Linear","EasingDirection":"In"},"Right Arm":{"Weight":1,"CFrame":[0.044021546840667728,-0.13536185026168824,0.003959953784942627,0.9028943181037903,-0.4202382266521454,0.09045325219631195,0.4237132668495178,0.8345868587493897,-0.35203975439071658,0.07244943827390671,0.3561807870864868,0.9316040873527527],"EasingStyle":"Linear","EasingDirection":"In"},"Head":{"Weight":1,"CFrame":[1.210719347000122e-7,-2.9802322387695315e-8,0.01666259765625,0.909