{"Sequence":[{"Time":0,"poses":{"Left Leg":{"Weight":1,"CFrame":[-0.03952241688966751,0.33192312717437746,0.45829927921295168,0.672520637512207,-0.25573617219924929,0.694489061832428,0.347256600856781,0.9377266764640808,0.009033013135194779,-0.6535508632659912,0.23509104549884797,0.7194466590881348],"EasingStyle":"Linear","EasingDirection":"In"},"Right Arm":{"Weight":1,"CFrame":[-0.0371134951710701,-0.0006009042263031006,0.008837342262268067,0.3743181526660919,-0.49165090918540957,0.786234974861145,0.40587785840034487,0.8492096066474915,0.3377962112426758,-0.8337560296058655,0.192671999335289,0.5174247026443481],"EasingStyle":"Linear","EasingDirection":"In"},"Left Arm":{"Weight":1,"CFrame":[-0.008433160372078419,-0.004494071006774902,-0.008870899677276612,0.9716753959655762,0.23534448444843293,-0.021446892991662027,-0.22027567028999329,0.9348388910293579,0.2784866690635681,0.08558964729309082,-0.2658747136592865,0.9602006673812866],"EasingStyle":"Linear","EasingDirection":"In"},"Head":{"Weight":1,"CFrame":[8.879942470230162e-8,4.4348134053961989e-9,0.016662001609802247,0.9987732768058777,-0.02512551285326481,-0.04267105087637901,0.026164792478084565,0.9993701577186585,0.02397502027451992,0.04204177483916283,-0.02506204880774021,0.9988014698028565],"EasingStyle":"Linear","EasingDirection":"In"},"Torso":{"Weight":1,"CFrame":[0.2150459587574005,-0.015967004001140596,-0.07528114318847656,0.999226450920105,2.3824010497719429e-7,-0.039326127618551257,-0.0007642028504051268,0.9998112916946411,-0.0194113589823246,0.03931870311498642,0.019426396116614343,0.9990378618240356],"EasingStyle":"Linear","EasingDirection":"In"},"HumanoidRootPart":{"Weight":0,"CFrame":[0,0,0,1,0,0,0,1,0,0,0,1],"EasingStyle":"Linear","EasingDirection":"In"},"Right Leg":{"Weight":1,"CFrame":[0.3020798861980438,0.1157788634300232,0.010585427284240723,0.9744352698326111,0.07003651559352875,0.21347324550151826,-0.08403342217206955,0.9948196411132813,0.05720330402255058,-0.20836102962493897,-0.0736798495054245,0.9752728343009949],"EasingStyle":"Linear","EasingDirection":"In"}}},{"Time":0.03333333507180214,"poses":{"Left Leg":{"Weight":1,"CFrame":[-0.14532150328159333,0.29067695140838625,0.6072417497634888,0.6778804063796997,-0.2835337519645691,0.6782969832420349,0.409554660320282,0.9118514657020569,-0.028141742572188379,-0.610526978969574,0.2968765199184418,0.7342488169670105],"EasingStyle":"Linear","EasingDirection":"In"},"Right Arm":{"Weight":1,"CFrame":[-0.030573111027479173,-0.0008383393287658691,0.015843510627746583,0.2923460006713867,-0.47269588708877566,0.8313197493553162,0.3400489091873169,0.8638668060302734,0.37161916494369509,-0.893812358379364,0.17404799163341523,0.41328778862953188],"EasingStyle":"Linear","EasingDirection":"In"},"Left Arm":{"Weight":1,"CFrame":[-0.004475363064557314,0.0009617209434509277,-0.010618507862091065,0.9603584408760071,0.20776872336864472,-0.18585969507694245,-0.1313382387161255,0.9253090620040894,0.35574355721473696,0.24588999152183534,-0.31723085045814516,0.9159163236618042],"EasingStyle":"Linear","EasingDirection":"In"},"Head":{"Weight":1,"CFrame":[1.1359225027263165e-7,-1.5774276107549669e-8,0.016661882400512697,0.9981831312179565,-0.017646776512265207,-0.057612016797065738,0.019678501412272455,0.9991974234580994,0.0348910428583622,0.05695001408457756,-0.0359613262116909,0.9977291822433472],"EasingStyle":"Linear","EasingDirection":"In"},"Torso":{"Weight":1,"CFrame":[0.1797899454832077,-0.04167453199625015,-0.11833786964416504,0.999428391456604,-0.004621309693902731,-0.03349248692393303,0.0035741436295211317,0.9995050430297852,-0.03125840425491333,0.03362036496400833,0.03112082928419113,0.9989500641822815],"EasingStyle":"Linear","EasingDirection":"In"},"HumanoidRootPart":{"Weight":0,"CFrame":[0,0,0,1,0,0,0,1,0,0,0,1],"EasingStyle":"Linear","EasingDirection":"In"},"Right Leg":{"Weight":1,"CFrame":[0.39818593859672549,0.13832467794418336,-0.040239930152893069,0.9799214005470276,0.13599266111850739,0.14580793678760529,-0.14550745487213136,0.9877333641052246,0.05665956437587738,-0.1363140046596527,-0.07673808932304383,0.9876891374588013],"EasingStyle":"Linear","EasingDirection":"In"}}},{"Time":0.06666667014360428,"poses":{"Left Leg":{"Weight":1,"CFrame":[-0.23779791593551637,0.2270982265472412,0.704764723777771,0.7277172803878784,-0.2644370496273041,0.6328511834144592,0.4239206314086914,0.8987573981285095,-0.11192163825035095,-0.539183497428894,0.3497260510921478,0.7661417126655579],"EasingStyle":"Linear","EasingDirection":"In"},"Right Arm":{"Weight":1,"CFrame":[-0.02434193715453148,-0.00112190842628479,0.021799683570861818,0.21077564358711244,-0.4566613435745239,0.8643113970756531,0.2702828347682953,0.8769307732582092,0.39741605520248415,-0.9394257664680481,0.14984291791915894,0.3082633912563324],"EasingStyle":"Linear","EasingDirection":"In"},"Left Arm":{"Weight":1,"CFrame":[-0.0001698257401585579,0.005614757537841797,-0.012220978736877442,0.9163724184036255,0.19046342372894288,-0.35211560130119326,-0.02895747870206833,0.9088024497032166,0.41622018814086916,0.39927831292152407,-0.371216744184494,0.8383169174194336],"EasingStyle":"Linear","EasingDirection":"In"},"Head":{"Weight":1,"CFrame":[1.1350493878126145e-7,1.885928213596344e-8,0.016662001609802247,0.9972392916679382,-0.010761987417936325,-0.07347207516431809,0.014104966074228287,0.9988813996315002,0.045133862644433978,0.07290417701005936,-0.046045612543821338,0.9962754845619202],"EasingStyle":"Linear","EasingDirection":"In"},"Torso":{"Weight":1,"CFrame":[0.1433628797531128,-0.06807483732700348,-0.16048550605773927,0.9995937943458557,-0.008611262775957585,-0.02716810628771782,0.00746978260576725,0.9990963935852051,-0.04184071347117424,0.027503857389092447,0.041620779782533649,0.9987548589706421],"EasingStyle":"Linear","EasingDirection":"In"},"HumanoidRootPart":{"Weight":0,"CFrame":[0,0,0,1,0,0,0,1,0,0,0,1],"EasingStyle":"Linear","EasingDirection":"In"},"Right Leg":{"Weight":1,"CFrame":[0.45471328496932986,0.1594846248626709,-0.07270681858062744,0.979951024055481,0.18393751978874207,0.07657048106193543,-0.18832331895828248,0.9805883169174194,0.05459732934832573,-0.06504155695438385,-0.06792271137237549,0.9955682158470154],"EasingStyle":"Linear","EasingDirection":"In"}}},{"Time":0.10000000149011612,"poses":{"Left Leg":{"Weight":1,"CFrame":[-0.3165225684642792,0.16019564867019654,0.7460671663284302,0.8034074306488037,-0.21084178984165193,0.5568501949310303,0.384204238653183,0.8980340957641602,-0.2142937332391739,-0.4548885226249695,0.3861094117164612,0.8024936318397522],"EasingStyle":"Linear","EasingDirection":"In"},"Right Arm":{"Weight":1,"CFrame":[-0.01965208724141121,-0.0015258193016052247,0.023839592933654786,0.14925920963287354,-0.4459051787853241,0.8825477957725525,0.20192411541938783,0.8874824047088623,0.4142480194568634,-0.9679609537124634,0.11637721955776215,0.22250387072563172],"EasingStyle":"Linear","EasingDirection":"In"},"Left Arm":{"Weight":1,"CFrame":[0.004263318143785,0.007537662982940674,-0.013249397277832032,0.8433748483657837,0.18970246613025666,-0.5027244687080383,0.0699661523103714,0.8888683319091797,0.4527890086174011,0.5327509045600891,-0.41704466938972475,0.7363764047622681],"EasingStyle":"Linear","EasingDirection":"In"},"Head":{"Weight":1,"CFrame":[9.266659617424011e-8,-2.200249582529068e-8,0.0166623592376709,0.9959837198257446,-0.00508834095671773,-0.0893900990486145,0.009809650480747223,0.9985750317573547,0.05245779827237129,0.08899576961994171,-0.05312399938702583,0.99461430311203],"EasingStyle":"Linear","EasingDirection":"In"},"Torso":{"Weight":1,"CFrame":[0.10546883940696717,-0.09292705357074738,-0.19839072227478028,0.9997317790985107,-0.011397646740078926,-0.020160580053925515,0.010396791622042656,0.9987412095069885,-0.0490708127617836,0.020694494247436525,0.048848047852516177,0.9985918402671814],"EasingStyle":"Linear","EasingDirection":"In"},"HumanoidRootPart":{"Weight":0,"CFrame":[0,0,0,1,0,0,0,1,0,0,0,1],"EasingStyle":"Linear","EasingDirection":"In"},"Right Leg":{"Weight":1,"CFrame":[0.4794257581233978,0.1766936182975769,-0.09179633855819702,0.9757687449455261,0.21862496435642243,0.008851286955177784,-0.2187950164079666,0.9745612144470215,0.04857247695326805,0.001993102952837944,-0.049332182854413989,0.9987804293632507],"EasingStyle":"Linear","EasingDirection":"In"}}},{"Time":0.13333334028720857,"poses":{"Left Leg":{"Weight":1,"CFrame":[-0.3699287176132202,0.10458129644393921,0.7323006391525269,0.8774767518043518,-0.13267002999782563,0.4609048366546631,0.2951931059360504,0.9067939519882202,-0.30097463726997378,-0.378015398979187,0.4001542031764984,0.8348538875579834],"EasingStyle":"Linear","EasingDirection":"In"},"Right Arm":{"Weight":1,"CFrame":[-0.01772015541791916,-0.0021462738513946535,0.0191037654876709,0.1268617957830429,-0.44146519899368288,0.8882649540901184,0.13941693305969239,0.8945465683937073,0.4246755838394165,-0.9820739030838013,0.06996401399374008,0.17503143846988679],"EasingStyle":"Linear","EasingDirection":"In"},"Left Arm":{"Weight":1,"CFrame":[0.008472833782434464,0.004844307899475098,-0.013315737247467041,0.7529777884483337,0.20702841877937318,-0.6246310472488403,0.14775538444519044,0.8717916011810303,0.4670630097389221,0.6412432193756104,-0.4439806044101715,0.6258499622344971],"EasingStyle":"Linear","EasingDirection":"In"},"Head":{"Weight":1,"CFrame":[7.660128176212311e-8,6.810296326875687e-9,0.01666271686553955,0.9945211410522461,-0.001275139395147562,-0.10452830046415329,0.0070182099007070068,0.9984840750694275,0.05459267273545265,0.10430019348859787,-0.05502711236476898,0.9930224418640137],"EasingStyle":"Linear","EasingDirection":"In"},"Torso":{"Weight":1,"CFrame":[0.06580379605293274,-0.11400005221366883,-0.2286975383758545,0.9998472332954407,-0.012440341524779797,-0.012287289835512638,0.011800076812505722,0.9986355304718018,-0.05087310075759888,0.01290340255945921,0.05072034150362015,0.9986295104026794],"EasingStyle":"Linear","EasingDirection":"In"},"HumanoidRootPart":{"Weight":0,"CFrame":[0,0,0,1,0,0,0,1,0,0,0,1],"EasingStyle":"Linear","EasingDirection":"In"},"Right Leg":{"Weight":1,"CFrame":[0.48137420415878298,0.18457722663879395,-0.0995069146156311,0.967889130115509,0.24540983140468598,-0.05444766581058502,-0.24370676279067994,0.9691776037216187,0.03608260303735733,0.06162453815340996,-0.021654680371284486,0.9978645443916321],"EasingStyle":"Linear","EasingDirection":"In"}}},{"Time":0.1666666716337204,"poses":{"Left Leg":{"Weight":1,"CFrame":[-0.3945273756980896,0.06586450338363648,0.6736437082290649,0.9294716715812683,-0.046887531876564029,0.365901380777359,0.18248939514160157,0.920461118221283,-0.3456137776374817,-0.32059311866760256,0.3880113661289215,0.8640992045402527],"EasingStyle":"Linear","EasingDirection":"In"},"Right Arm":{"Weight":1,"CFrame":[-0.01966669037938118,-0.003094196319580078,0.004681229591369629,0.16294650733470918,-0.4417383074760437,0.8822221159934998,0.08598741143941879,0.8971286416053772,0.43332013487815859,-0.9828808307647705,0.005251959897577763,0.18416792154312135],"EasingStyle":"Linear","EasingDirection":"In"},"Left Arm":{"Weight":1,"CFrame":[0.012037090957164765,-0.004394590854644775,-0.01209479570388794,0.6592405438423157,0.24053631722927094,-0.7124214172363281,0.18959061801433564,0.8636712431907654,0.4670409858226776,0.7276382446289063,-0.4429608881473541,0.5237638354301453],"EasingStyle":"Linear","EasingDirection":"In"},"Head":{"Weight":1,"CFrame":[9.080395102500916e-8,1.8641003407537938e-8,0.0166623592376709,0.9930077195167542,-0.00002017078804783523,-0.11805017292499542,0.005875437520444393,0.9987691640853882,0.04925211891531944,0.11790388077497482,-0.049601271748542789,0.99178546667099],"EasingStyle":"Linear","EasingDirection":"In"},"Torso":{"Weight":1,"CFrame":[0.024078626185655595,-0.12906906008720399,-0.24810028076171876,0.9999312162399292,-0.011242317967116833,-0.0033475738018751146,0.011079668067395687,0.9989174604415894,-0.045179642736911777,0.0038518738001585008,0.04513944312930107,0.9989732503890991],"EasingStyle":"Linear","EasingDirection":"In"},"HumanoidRootPart":{"Weight":0,"CFrame":[0,0,0,1,0,0,0,1,0,0,0,1],"EasingStyle":"Linear","EasingDirection":"In"},"Right Leg":{"Weight":1,"CFrame":[0.4724789261817932,0.17485582828521729,-0.09472429752349854,0.9560716152191162,0.27134525775909426,-0.11090050637722016,-0.2714126408100128,0.9623496532440186,0.01478109136223793,0.1107359230518341,0.01596798188984394,0.993721604347229],"EasingStyle":"Linear","EasingDirection":"In"}}},{"Time":0.20000000298023225,"poses":{"Left Leg":{"Weight":1,"CFrame":[-0.4063479006290436,0.048894643783569339,0.5830550193786621,0.9568291902542114,0.020644832402467729,0.2899164855480194,0.08203542977571488,0.9377360343933106,-0.3375225067138672,-0.27883318066596987,0.3467349112033844,0.8955597281455994],"EasingStyle":"Linear","EasingDirection":"In"},"Right Arm":{"Weight":1,"CFrame":[-0.02598796971142292,-0.004454910755157471,-0.021415352821350099,0.27348729968070986,-0.43955522775650027,0.8555676937103272,0.044261783361434939,0.894287109375,0.4452992081642151,-0.9608567953109741,-0.08391467481851578,0.26403161883354189],"EasingStyle":"Linear","EasingDirection":"In"},"Left Arm":{"Weight":1,"CFrame":[0.014596840366721154,-0.021516352891921998,-0.00939488410949707,0.5728921294212341,0.28626543283462527,-0.7680149674415588,0.18679051101207734,0.8667685985565186,0.46240824460983279,0.7980627417564392,-0.40836793184280398,0.4430932402610779],"EasingStyle":"Linear","EasingDirection":"In"},"Head":{"Weight":1,"CFrame":[8.777715265750885e-8,9.458744898438454e-10,0.016662120819091798,0.9916496276855469,-0.0018552116816863418,-0.12894785404205323,0.006422281265258789,0.999366283416748,0.035010889172554019,0.1288011372089386,-0.03554662689566612,0.991033136844635],"EasingStyle":"Linear","EasingDirection":"In"},"Torso":{"Weight":1,"CFrame":[-0.019530508667230607,-0.13660648465156556,-0.2545475959777832,0.9999481439590454,-0.007600368931889534,0.006794838234782219,0.007806022185832262,0.9994961023330689,-0.03077014349400997,-0.006557549349963665,0.030821586027741433,0.999503493309021],"EasingStyle":"Linear","EasingDirection":"In"},"HumanoidRootPart":{"Weight":0,"CFrame":[0,0,0,1,0,0,0,1,0,0,0,1],"EasingStyle":"Linear","EasingDirection":"In"},"Right Leg":{"Weight":1,"CFrame":[0.46581757068634035,0.13912433385849,-0.074709951877594,0.9394066333770752,0.3037548363208771,-0.15889734029769898,-0.3101644814014435,0.9505377411842346,-0.016615338623523713,0.14599092304706574,0.06489285081624985,0.9871553778648377],"EasingStyle":"Linear","EasingDirection":"In"}}},{"Time":0.23333333432674409,"poses":{"Left Leg":{"Weight":1,"CFrame":[-0.4317936897277832,0.06274235248565674,0.4783896207809448,0.9694054126739502,0.04429206997156143,0.2414361834526062,0.026425063610076906,0.9590389728546143,-0.28203901648521426,-0.24403880536556245,0.27979013323783877,0.9285271167755127],"EasingStyle":"Linear","EasingDirection":"In"},"Right Arm":{"Weight":1,"CFrame":[-0.03534591197967529,-0.0061776041984558109,-0.057037413120269778,0.44820383191108706,-0.42071714997291567,0.7887399196624756,0.01618649810552597,0.8860018849372864,0.46339893341064455,-0.8937848210334778,-0.194930300116539,0.40391936898231509],"EasingStyle":"Linear","EasingDirection":"In"},"Left Arm":{"Weight":1,"CFrame":[0.01607859879732132,-0.04515683650970459,-0.0054645538330078129,0.4976477324962616,0.3371669054031372,-0.7991654872894287,0.144479438662529,0.8762624263763428,0.4596625864505768,0.8552617430686951,-0.3442131280899048,0.38735640048980715],"EasingStyle":"Linear","EasingDirection":"In"},"Head":{"Weight":1,"CFrame":[1.0381336323916912e-7,4.059984348714352e-9,0.016662120819091798,0.9907394647598267,-0.006408950313925743,-0.13562561571598054,0.00837637111544609,0.9998677968978882,0.01394064724445343,0.13551832735538484,-0.014947611838579178,0.9906620979309082],"EasingStyle":"Linear","EasingDirection":"In"},"Torso":{"Weight":1,"CFrame":[-0.06312297284603119,-0.13786892592906953,-0.25051307678222659,0.99983811378479,-0.0022849231027066709,0.017852894961833955,0.002460324438288808,0.9999488592147827,-0.009809030219912529,-0.017829569056630136,0.009851365350186825,0.9997925162315369],"EasingStyle":"Linear","EasingDirection":"In"},"HumanoidRootPart":{"Weight":0,"CFrame":[0,0,0,1,0,0,0,1,0,0,0,1],"EasingStyle":"Linear","EasingDirection":"In"},"Right Leg":{"Weight":1,"CFrame":[0.4689928889274597,0.07480102777481079,-0.039000630378723147,0.9176116585731506,0.34474894404411318,-0.19783014059066773,-0.36186283826828005,0.9304909706115723,-0.05693671479821205,0.16445037722587586,0.12383312731981278,0.9785813093185425],"EasingStyle":"Linear","EasingDirection":"In"}}},{"Time":0.2666666805744171,"poses":{"Left Leg":{"Weight":1,"CFrame":[-0.4861394464969635,0.11706966161727905,0.36871182918548586,0.973983883857727,0.006186258979141712,0.22653262317180634,0.03686593845486641,0.9819859862327576,-0.1853228062391281,-0.22359834611415864,0.18885284662246705,0.9562104940414429],"EasingStyle":"Linear","EasingDirection":"In"},"Right Arm":{"Weight":1,"CFrame":[-0.04596520960330963,-0.008111417293548584,-0.09867554903030396,0.6555436253547669,-0.3701412081718445,0.6582233905792236,0.005274476483464241,0.8738605380058289,0.4861481785774231,-0.7551389336585999,-0.31521955132484438,0.5748059749603272],"EasingStyle":"Linear","EasingDirection":"In"},"Left Arm":{"Weight":1,"CFrame":[0.016555022448301317,-0.07327663898468018,-0.0006731152534484863,0.4344489872455597,0.3880783021450043,-0.8128035068511963,0.07066971808671951,0.8849475979804993,0.46029722690582278,0.8979198336601257,-0.2574162781238556,0.357039213180542],"EasingStyle":"Linear","EasingDirection":"In"},"Head":{"Weight":1,"CFrame":[9.837094694375992e-8,3.899913281202316e-9,0.0166623592376709,0.9905745983123779,-0.013018997386097908,-0.13635481894016267,0.011633978225290776,0.9998723864555359,-0.010948779061436654,0.1364799439907074,0.00925929844379425,0.9905996322631836],"EasingStyle":"Linear","EasingDirection":"In"},"Torso":{"Weight":1,"CFrame":[-0.10439709573984146,-0.13481396436691285,-0.23949909210205079,0.9995608925819397,0.003746636910364032,0.029397189617156984,-0.004179792944341898,0.9998834133148193,0.014687002636492253,-0.029338739812374116,-0.014803427271544934,0.9994599223136902],"EasingStyle":"Linear","EasingDirection":"In"},"HumanoidRootPart":{"Weight":0,"CFrame":[0,0,0,1,0,0,0,1,0,0,0,1],"EasingStyle":"Linear","EasingDirection":"In"},"Right Leg":{"Weight":1,"CFrame":[0.48266977071762087,-0.016330361366271974,0.008435845375061036,0.8916256427764893,0.3918404281139374,-0.2268582284450531,-0.42226046323776247,0.9004524946212769,-0.1043141782283783,0.16340062022209168,0.18880243599414826,0.9683253169059753],"EasingStyle":"Linear","EasingDirection":"In"}}},{"Time":0.30000001192092898,"poses":{"Left Leg":{"Weight":1,"CFrame":[-0.5434548854827881,0.18155699968338014,0.23565471172332765,0.9722864031791687,-0.058516621589660647,0.22635142505168916,0.07442807406187058,0.9952719211578369,-0.06240510940551758,-0.22162951529026032,0.07752250134944916,0.9720445275306702],"EasingStyle":"Linear","EasingDirection":"In"},"Right Arm":{"Weight":1,"CFrame":[-0.056469254195690158,-0.010008901357650757,-0.14238715171813966,0.8441365361213684,-0.28212881088256838,0.45589134097099306,0.013943424448370934,0.8616052865982056,0.5073873996734619,-0.5359469056129456,-0.42194753885269167,0.7312463521957398],"EasingStyle":"Linear","EasingDirection":"In"},"Left Arm":{"Weight":1,"CFrame":[0.016161330044269563,-0.10379427671432495,0.004572153091430664,0.3840599060058594,0.43607625365257265,-0.8138400316238403,-0.026380710303783418,0.886262059211731,0.4624323844909668,0.9229312539100647,-0.1561320275068283,0.35188165307044985],"EasingStyle":"Linear","EasingDirection":"In"},"Head":{"Weight":1,"CFrame":[1.1734664440155029e-7,-1.0710209608078003e-8,0.016662001609802247,0.9912957549095154,-0.02081354707479477,-0.12999869883060456,0.016186242923140527,0.9992007613182068,-0.03655143827199936,0.13065557181835175,0.0341290645301342,0.9908401966094971],"EasingStyle":"Linear","EasingDirection":"In"},"Torso":{"Weight":1,"CFrame":[-0.141105517745018,-0.12939676642417909,-0.22480440139770509,0.9991156458854675,0.009617749601602555,0.04093224182724953,-0.01124468445777893,0.9991481900215149,0.03970424830913544,-0.04051550477743149,-0.040129404515028,0.9983728528022766],"EasingStyle":"Linear","EasingDirection":"In"},"HumanoidRootPart":{"Weight":0,"CFrame":[0,0,0,1,0,0,0,1,0,0,0,1],"EasingStyle":"Linear","EasingDirection":"In"},"Right Leg":{"Weight":1,"CFrame":[0.5021998882293701,-0.11892616748809815,0.04544687271118164,0.8649013638496399,0.43900686502456667,-0.24334865808486939,-0.48057064414024355,0.8642103672027588,-0.1489708125591278,0.1449052393436432,0.24579118192195893,0.9584305882453919],"EasingStyle":"Linear","EasingDirection":"In"}}},{"Time":0.3333333432674408,"poses":{"Left Leg":{"Weight":1,"CFrame":[-0.5851650834083557,0.21962642669677735,0.08058691024780274,0.9699501991271973,-0.10965730994939804,0.2171909511089325,0.0987689197063446,0.9932754635810852,0.060402918606996539,-0.22235412895679475,-0.03713611140847206,0.9742584824562073],"EasingStyle":"Linear","EasingDirection":"In"},"Right Arm":{"Weight":1,"CFrame":[-0.06630074977874756,-0.011575460433959961,-0.1842225193977356,0.9634404182434082,-0.1699446141719818,0.2071264088153839,0.039082083851099017,0.8539577126502991,0.5188727378845215,-0.2650568187236786,-0.491808146238327,0.829379141330719],"EasingStyle":"Linear","EasingDirection":"In"},"Left Arm":{"Weight":1,"CFrame":[0.01507456973195076,-0.1345408856868744,0.009821414947509766,0.34782713651657107,0.47979408502578738,-0.8054900765419006,-0.13759952783584596,0.8759563565254211,0.4623492658138275,0.9274064302444458,-0.04998263716697693,0.37070080637931826],"EasingStyle":"Linear","EasingDirection":"In"},"Head":{"Weight":1,"CFrame":[9.778887033462525e-8,-3.026798367500305e-8,0.016662120819091798,0.9926451444625855,-0.028348475694656373,-0.11769504100084305,0.021428801119327546,0.9979894757270813,-0.059647198766469958,0.11914931982755661,0.05668638274073601,0.991256833076477],"EasingStyle":"Linear","EasingDirection":"In"},"Torso":{"Weight":1,"CFrame":[-0.17106124758720399,-0.12354806065559387,-0.2094712257385254,0.9985470175743103,0.014546380378305912,0.051889266818761829,-0.017772244289517404,0.9979017972946167,0.06225869804620743,-0.05087475851178169,-0.06309042125940323,0.9967102408409119],"EasingStyle":"Linear","EasingDirection":"In"},"HumanoidRootPart":{"Weight":0,"CFrame":[0,0,0,1,0,0,0,1,0,0,0,1],"EasingStyle":"Linear","EasingDirection":"In"},"Right Leg":{"Weight":1,"CFrame":[0.5234133005142212,-0.21285545825958253,0.058031558990478519,0.8415162563323975,0.48064178228378298,-0.24664528667926789,-0.527596652507782,0.8293467164039612,-0.1839178502559662,0.11615592986345291,0.2848990857601166,0.9514937996864319],"EasingStyle":"Linear","EasingDirection":"In"}}},{"Time":0.36666667461395266,"poses":{"Left Leg":{"Weight":1,"CFrame":[-0.6149384379386902,0.23185312747955323,-0.061923444271087649,0.9682518839836121,-0.14617277681827546,0.20278514921665193,0.11364375054836273,0.9799358248710632,0.16374057531356812,-0.22265087068080903,-0.13549686968326569,0.9654363393783569],"EasingStyle":"Linear","EasingDirection":"In"},"Right Arm":{"Weight":1,"CFrame":[-0.07550664246082306,-0.012598574161529541,-0.22092455625534059,0.9974000453948975,-0.0609273687005043,-0.03848634287714958,0.07205048948526383,0.8537485599517822,0.5156763792037964,0.0014388523995876313,-0.517108678817749,0.8559186458587647],"EasingStyle":"Linear","EasingDirection":"In"},"Left Arm":{"Weight":1,"CFrame":[0.013499801978468895,-0.16322791576385499,0.014600515365600586,0.32781872153282168,0.5189787149429321,-0.7894278168678284,-0.2532317638397217,0.8532950282096863,0.4558083117008209,0.9101695418357849,0.05048569291830063,0.4111478924751282],"EasingStyle":"Linear","EasingDirection":"In"},"Head":{"Weight":1,"CFrame":[9.656650945544243e-8,-1.862645149230957e-8,0.016662240028381349,0.9942835569381714,-0.03398056700825691,-0.10122086107730866,0.02621443197131157,0.996679425239563,-0.077090784907341,0.10350430756807327,0.0739966630935669,0.9918726682662964],"EasingStyle":"Linear","EasingDirection":"In"},"Torso":{"Weight":1,"CFrame":[-0.19212248921394349,-0.11915454268455506,-0.19631028175354005,0.9979386925697327,0.01784265972673893,0.061644427478313449,-0.02272430993616581,0.9965822100639343,0.07941985130310059,-0.06001667678356171,-0.08065696805715561,0.9949333667755127],"EasingStyle":"Linear","EasingDirection":"In"},"HumanoidRootPart":{"Weight":0,"CFrame":[0,0,0,1,0,0,0,1,0,0,0,1],"EasingStyle":"Linear","EasingDirection":"In"},"Right Leg":{"Weight":1,"CFrame":[0.5440536141395569,-0.28627169132232668,0.05197787284851074,0.8250948786735535,0.5123662352561951,-0.2381160706281662,-0.5588898062705994,0.8019400835037231,-0.2110316902399063,0.08282937109470368,0.3072018027305603,0.9480328559875488],"EasingStyle":"Linear","EasingDirection":"In"}}},{"Time":0.4000000059604645,"poses":{"Left Leg":{"Weight":1,"CFrame":[-0.6347589492797852,0.23172610998153687,-0.16028046607971192,0.9675477743148804,-0.1667184680700302,0.1898847073316574,0.12088770419359207,0.9652848839759827,0.23154111206531526,-0.2218949943780899,-0.20107237994670869,0.9541135430335999],"EasingStyle":"Linear","EasingDirection":"In"},"Right Arm":{"Weight":1,"CFrame":[-0.0839855894446373,-0.01300901174545288,-0.25006258487701418,0.9708585143089294,0.020785143598914148,-0.23875029385089875,0.10420151054859162,0.8605218529701233,0.498642235994339,0.21581420302391053,-0.5089892148971558,0.8332791924476624],"EasingStyle":"Linear","EasingDirection":"In"},"Left Arm":{"Weight":1,"CFrame":[0.011653386056423188,-0.18744096159934998,0.018448352813720704,0.32667282223701479,0.5539879202842712,-0.7657562494277954,-0.3635648488998413,0.8215199112892151,0.43923279643058779,0.8724136352539063,0.1349165290594101,0.46977871656417849],"EasingStyle":"Linear","EasingDirection":"In"},"Head":{"Weight":1,"CFrame":[8.224742487072945e-8,7.916241884231568e-9,0.016662001609802247,0.9959471225738525,-0.036015674471855167,-0.08241556584835053,0.028905335813760759,0.9958847165107727,-0.08589614927768707,0.08517003059387207,0.08316576480865479,0.9928895235061646],"EasingStyle":"Linear","EasingDirection":"In"},"Torso":{"Weight":1,"CFrame":[-0.2021629512310028,-0.11806082725524903,-0.18800115585327149,0.9973994493484497,0.018884943798184396,0.06955515593290329,-0.02501259185373783,0.9957790970802307,0.0883084386587143,-0.06759387999773026,-0.08981852978467941,0.9936617612838745],"EasingStyle":"Linear","EasingDirection":"In"},"HumanoidRootPart":{"Weight":0,"CFrame":[0,0,0,1,0,0,0,1,0,0,0,1],"EasingStyle":"Linear","EasingDirection":"In"},"Right Leg":{"Weight":1,"CFrame":[0.5638542771339417,-0.3288635015487671,0.033594727516174319,0.8188865184783936,0.5306049585342407,-0.21882258355617524,-0.5717958807945252,0.7872307896614075,-0.23090533912181855,0.049744416028261188,0.3142070174217224,0.9480504393577576],"EasingStyle":"Linear","EasingDirection":"In"}}},{"Time":0.4333333373069763,"poses":{"Left Leg":{"Weight":1,"CFrame":[-0.6469147801399231,0.2364882230758667,-0.18962371349334718,0.9678950905799866,-0.170126810669899,0.1850297749042511,0.12069739401340485,0.9602841734886169,0.25156837701797488,-0.22047971189022065,-0.22115913033485413,0.949988067150116],"EasingStyle":"Linear","EasingDirection":"In"},"Right Arm":{"Weight":1,"CFrame":[-0.09107289463281632,-0.012817174196243286,-0.26951318979263308,0.9245233535766602,0.06388718634843826,-0.37573280930519106,0.13143761456012727,0.8719240427017212,0.4716699719429016,0.357744038105011,-0.48545533418655398,0.7977169752120972],"EasingStyle":"Linear","EasingDirection":"In"},"Left Arm":{"Weight":1,"CFrame":[0.0097361970692873,-0.204656183719635,0.0209503173828125,0.34738001227378847,0.5850127339363098,-0.7328625917434692,-0.45972004532814028,0.7874156832695007,0.41065090894699099,0.8173032999038696,0.19425955414772035,0.5424743294715881],"EasingStyle":"Linear","EasingDirection":"In"},"Head":{"Weight":1,"CFrame":[1.0506482794880867e-7,2.1420419216156007e-8,0.016662240028381349,0.9974695444107056,-0.03274054452776909,-0.06310805678367615,0.02743145450949669,0.9961526989936829,-0.08323114365339279,0.06559029221534729,0.0812893807888031,0.9945300817489624],"EasingStyle":"Linear","EasingDirection":"In"},"Torso":{"Weight":1,"CFrame":[-0.19903048872947694,-0.12210214138031006,-0.18726682662963868,0.9970366358757019,0.017072588205337526,0.07501010596752167,-0.023529333993792535,0.9960123896598816,0.0860564336180687,-0.07324177771806717,-0.08756634593009949,0.9934626221656799],"EasingStyle":"Linear","EasingDirection":"In"},"HumanoidRootPart":{"Weight":0,"CFrame":[0,0,0,1,0,0,0,1,0,0,0,1],"EasingStyle":"Linear","EasingDirection":"In"},"Right Leg":{"Weight":1,"CFrame":[0.5826842188835144,-0.331496000289917,0.008233904838562012,0.825334906578064,0.5318456292152405,-0.1896379142999649,-0.5642575621604919,0.7892799973487854,-0.24217893183231355,0.020875653252005578,0.3068832457065582,0.951518177986145],"EasingStyle":"Linear","EasingDirection":"In"}}},{"Time":0.46666666865348818,"poses":{"Left Leg":{"Weight":1,"CFrame":[-0.654243528842926,0.2583428621292114,-0.13069522380828858,0.9652740955352783,-0.16844290494918824,0.19968204200267793,0.12278800457715988,0.9672086238861084,0.22233004868030549,-0.23058415949344636,-0.1900908648967743,0.9543042182922363],"EasingStyle":"Linear","EasingDirection":"In"},"Right Arm":{"Weight":1,"CFrame":[-0.09590548276901245,-0.012062549591064453,-0.2776881456375122,0.8901709914207459,0.06783932447433472,-0.45054784417152407,0.15436750650405885,0.8854653835296631,0.4383169114589691,0.4286797046661377,-0.4597269892692566,0.7777435183525086],"EasingStyle":"Linear","EasingDirection":"In"},"Left Arm":{"Weight":1,"CFrame":[0.007883348502218724,-0.2128872275352478,0.02184879779815674,0.39153963327407839,0.6114292740821838,-0.6876416802406311,-0.5352079272270203,0.7592169642448425,0.37032705545425417,0.7484979629516602,0.2230335772037506,0.624505341053009],"EasingStyle":"Linear","EasingDirection":"In"},"Head":{"Weight":1,"CFrame":[2.7124769985675813e-8,3.958120942115784e-8,0.016662240028381349,0.9987313151359558,-0.023139266297221185,-0.044727589935064319,0.020085493102669717,0.9975132942199707,-0.06755664199590683,0.04617965593934059,0.06657251715660095,0.9967123866081238],"EasingStyle":"Linear","EasingDirection":"In"},"Torso":{"Weight":1,"CFrame":[-0.1813492476940155,-0.13299323618412019,-0.1959216594696045,0.996911883354187,0.012081886641681195,0.07759461551904679,-0.017606986686587335,0.9973266124725342,0.07092016190290451,-0.0765303298830986,-0.07206734269857407,0.9944594502449036],"EasingStyle":"Linear","EasingDirection":"In"},"HumanoidRootPart":{"Weight":0,"CFrame":[0,0,0,1,0,0,0,1,0,0,0,1],"EasingStyle":"Linear","EasingDirection":"In"},"Right Leg":{"Weight":1,"CFrame":[0.5926815867424011,-0.2890348434448242,-0.016585230827331544,0.8461474180221558,0.5107133388519287,-0.15233609080314637,-0.5329471230506897,0.810100257396698,-0.24434596300125123,-0.001383205410093069,0.2879398465156555,0.9576475620269775],"EasingStyle":"Linear","EasingDirection":"In"}}},{"Time":0.5,"poses":{"Left Leg":{"Weight":1,"CFrame":[-0.6527223587036133,0.2895916700363159,0.005927443504333496,0.9563911557197571,-0.17174991965293885,0.23625802993774415,0.13704286515712739,0.9781534671783447,0.1563170701265335,-0.2579440474510193,-0.11712279170751572,0.9590345025062561],"EasingStyle":"Linear","EasingDirection":"In"},"Right Arm":{"Weight":1,"CFrame":[-0.09833838045597077,-0.010876476764678955,-0.2755451798439026,0.8783150911331177,0.04059548303484917,-0.4763556718826294,0.17594364285469056,0.8990128636360169,0.40102335810661318,0.44452962279319765,-0.4360366463661194,0.7824741005897522],"EasingStyle":"Linear","EasingDirection":"In"},"Left Arm":{"Weight":1,"CFrame":[0.006100010592490435,-0.21256756782531739,0.021307706832885743,0.4543171525001526,0.6322668790817261,-0.6275626420974731,-0.5890677571296692,0.7416815757751465,0.32079192996025088,0.6682776808738709,0.22393538057804109,0.7094065546989441],"EasingStyle":"Linear","EasingDirection":"In"},"Head":{"Weight":1,"CFrame":[1.582084223628044e-7,2.1711457520723344e-8,0.016662120819091798,0.9995831847190857,-0.008982806466519833,-0.02743913047015667,0.007821391336619854,0.9990808367729187,-0.042146097868680957,0.02779250033199787,0.04191390797495842,0.9987346529960632],"EasingStyle":"Linear","EasingDirection":"In"},"Torso":{"Weight":1,"CFrame":[-0.15107417106628419,-0.14905598759651185,-0.2113642692565918,0.9969882965087891,0.004776235669851303,0.07740514725446701,-0.008341504260897637,0.9989157319068909,0.04580216854810715,-0.07710245996713638,-0.04630989953875542,0.9959470629692078],"EasingStyle":"Linear","EasingDirection":"In"},"HumanoidRootPart":{"Weight":0,"CFrame":[0,0,0,1,0,0,0,1,0,0,0,1],"EasingStyle":"Linear","EasingDirection":"In"},"Right Leg":{"Weight":1,"CFrame":[0.5887599587440491,-0.2133185863494873,-0.03707170486450195,0.8763427734375,0.4691248834133148,-0.10929420590400696,-0.4813140630722046,0.8438838124275208,-0.2370590716600418,-0.018978605046868326,0.2603498697280884,0.965327799320221],"EasingStyle":"Linear","EasingDirection":"In"}}},{"Time":0.5333333611488342,"poses":{"Left Leg":{"Weight":1,"CFrame":[-0.6382399797439575,0.31025516986846926,0.1922222375869751,0.9420162439346314,-0.17745494842529298,0.2848072350025177,0.1653306931257248,0.9840094447135925,0.06626632809638977,-0.2920123338699341,-0.015336575917899609,0.956291675567627],"EasingStyle":"Linear","EasingDirection":"In"},"Right Arm":{"Weight":1,"CFrame":[-0.0985640361905098,-0.009398400783538819,-0.26451927423477175,0.8873597383499146,-0.011088486760854721,-0.46094444394111636,0.1991622895002365,0.9108548760414124,0.3614937365055084,0.4158450961112976,-0.4125778079032898,0.8104644417762756],"EasingStyle":"Linear","EasingDirection":"In"},"Left Arm":{"Weight":1,"CFrame":[0.004320918582379818,-0.20479828119277955,0.019600391387939454,0.5287221670150757,0.645072340965271,-0.5516656041145325,-0.6212409138679504,0.7369669675827026,0.26634442806243899,0.5783706307411194,0.20189476013183595,0.7903959155082703],"EasingStyle":"Linear","EasingDirection":"In"},"Head":{"Weight":1,"CFrame":[1.0017538443207741e-7,9.516952559351921e-9,0.016662120819091798,0.9999121427536011,0.007174549624323845,-0.011150631122291088,-0.007301298435777426,0.9999088048934937,-0.011361121200025082,0.011068122461438179,0.011441563256084919,0.9998732805252075],"EasingStyle":"Linear","EasingDirection":"In"},"Torso":{"Weight":1,"CFrame":[-0.11103090643882752,-0.16704745590686799,-0.22981786727905274,0.9972051382064819,-0.00374106178060174,0.0746198296546936,0.002644340740516782,0.9998871088027954,0.01479083951562643,-0.07466674596071243,-0.014552179723978043,0.9971023797988892],"EasingStyle":"Linear","EasingDirection":"In"},"HumanoidRootPart":{"Weight":0,"CFrame":[0,0,0,1,0,0,0,1,0,0,0,1],"EasingStyle":"Linear","EasingDirection":"In"},"Right Leg":{"Weight":1,"CFrame":[0.5727450847625732,-0.12162268161773682,-0.05387520790100098,0.9082364439964294,0.41368401050567629,-0.06302617490291596,-0.4169851541519165,0.882091760635376,-0.21917468309402467,-0.035074133425951007,0.22534334659576417,0.973647952079773],"EasingStyle":"Linear","EasingDirection":"In"}}},{"Time":0.5666666626930237,"poses":{"Left Leg":{"Weight":1,"CFrame":[-0.6149690747261047,0.308424711227417,0.38911759853363039,0.9227465391159058,-0.1871069073677063,0.3369418978691101,0.2082890272140503,0.9776805639266968,-0.027503903955221177,-0.3242754340171814,0.09556039422750473,0.9411236047744751],"EasingStyle":"Linear","EasingDirection":"In"},"Right Arm":{"Weight":1,"CFrame":[-0.09687095135450363,-0.007766157388687134,-0.24592489004135133,0.910244345664978,-0.08226992934942246,-0.4058164358139038,0.22649899125099183,0.9193671345710754,0.3216554820537567,0.3466316759586334,-0.3847021460533142,0.855482816696167],"EasingStyle":"Linear","EasingDirection":"In"},"Left Arm":{"Weight":1,"CFrame":[0.0024674059823155405,-0.19075074791908265,0.017014503479003907,0.6075235605239868,0.6465796232223511,-0.4613565504550934,-0.6318484544754028,0.7453690767288208,0.21258525550365449,0.48133426904678347,0.16235679388046266,0.8613696098327637],"EasingStyle":"Linear","EasingDirection":"In"},"Head":{"Weight":1,"CFrame":[1.0547228157520294e-7,-1.4406396076083184e-9,0.016662240028381349,0.999733567237854,0.022719988599419595,0.004082769621163607,-0.022799242287874223,0.9995291829109192,0.02053411677479744,-0.0036142845638096334,-0.020621730014681817,0.9997808933258057],"EasingStyle":"Linear","EasingDirection":"In"},"Torso":{"Weight":1,"CFrame":[-0.06412996351718903,-0.18367871642112733,-0.24723291397094727,0.9975180625915527,-0.012390166521072388,0.06931369006633759,0.013666470535099507,0.9997451305389404,-0.017969617620110513,-0.069073386490345,0.01887228898704052,0.997433066368103],"EasingStyle":"Linear","EasingDirection":"In"},"HumanoidRootPart":{"Weight":0,"CFrame":[0,0,0,1,0,0,0,1,0,0,0,1],"EasingStyle":"Linear","EasingDirection":"In"},"Right Leg":{"Weight":1,"CFrame":[0.5460862517356873,-0.029172182083129884,-0.0658460259437561,0.9364200830459595,0.3504998981952667,-0.016351647675037385,-0.3469714820384979,0.9180425405502319,-0.19185610115528108,-0.0522339791059494,0.18533140420913697,0.981286883354187],"EasingStyle":"Linear","EasingDirection":"In"}}},{"Time":0.6000000238418579,"poses":{"Left Leg":{"Weight":1,"CFrame":[-0.5863861441612244,0.28980398178100588,0.5541614294052124,0.8985292315483093,-0.20244264602661134,0.38943812251091006,0.26025256514549258,0.9602100849151611,-0.10131798684597016,-0.35343143343925478,0.19238947331905366,0.9154631495475769],"EasingStyle":"Linear","EasingDirection":"In"},"Right Arm":{"Weight":1,"CFrame":[-0.0935533195734024,-0.006125420331954956,-0.22101271152496339,0.9358950853347778,-0.1677175611257553,-0.30979225039482119,0.2595212161540985,0.9229218363761902,0.2843659222126007,0.2382209300994873,-0.34653440117836,0.9072843194007874],"EasingStyle":"Linear","EasingDirection":"In"},"Left Arm":{"Weight":1,"CFrame":[0.000490361824631691,-0.17165985703468324,0.013841032981872559,0.6840348243713379,0.6339220404624939,-0.36088696122169497,-0.6219127178192139,0.7653694748878479,0.16563229262828828,0.3812097907066345,0.11114183068275452,0.9177836179733276],"EasingStyle":"Linear","EasingDirection":"In"},"Head":{"Weight":1,"CFrame":[9.12696123123169e-8,-4.656612873077393e-10,0.016662001609802247,0.9992228746414185,0.03505968302488327,0.018018033355474473,-0.035911787301301959,0.9981348514556885,0.049369342625141147,-0.016253478825092317,-0.04997805878520012,0.9986181259155273],"EasingStyle":"Linear","EasingDirection":"In"},"Torso":{"Weight":1,"CFrame":[-0.01339404284954071,-0.1956280618906021,-0.25915098190307619,0.9979100227355957,-0.020067034289240838,0.06142536550760269,0.023053007200360299,0.9985670447349548,-0.04829508811235428,-0.060368213802576068,0.04961018264293671,0.9969425797462463],"EasingStyle":"Linear","EasingDirection":"In"},"HumanoidRootPart":{"Weight":0,"CFrame":[0,0,0,1,0,0,0,1,0,0,0,1],"EasingStyle":"Linear","EasingDirection":"In"},"Right Leg":{"Weight":1,"CFrame":[0.5105130672454834,0.05228215456008911,-0.07113403081893921,0.9580690860748291,0.2851182818412781,0.0284806527197361,-0.27735328674316409,0.947732150554657,-0.1577303558588028,-0.071963831782341,0.14321739971637727,0.9870713949203491],"EasingStyle":"Linear","EasingDirection":"In"}}},{"Time":0.6333333253860474,"poses":{"Left Leg":{"Weight":1,"CFrame":[-0.547175407409668,0.272710382938385,0.6595163345336914,0.8683070540428162,-0.2210618406534195,0.4440433084964752,0.3106292486190796,0.9402653574943543,-0.139321431517601,-0.3867199718952179,0.25890666246414187,0.8851073980331421],"EasingStyle":"Linear","EasingDirection":"In"},"Right Arm":{"Weight":1,"CFrame":[-0.08883046358823776,-0.004614651203155518,-0.19102150201797486,0.9499354958534241,-0.26016414165496828,-0.17302356660366059,0.29821446537971499,0.9201810359954834,0.2536435723304