{"Sequence":[{"Time":0,"poses":{"Left Leg":{"Weight":1,"CFrame":[-0.22933679819107057,0.09362095594406128,0.1142578125,0.9216500520706177,-0.38445940613746645,0.05246097967028618,0.3584095239639282,0.8952993750572205,0.26454049348831179,-0.14867335557937623,-0.22501122951507569,0.9629465937614441],"EasingStyle":"Linear","EasingDirection":"In"},"Right Arm":{"Weight":1,"CFrame":[0.3025737404823303,0.11999505758285523,0.4749317169189453,0.1353703886270523,-0.3306543231010437,-0.9339928030967712,0.37248268723487856,-0.8565344214439392,0.35721901059150698,-0.9181129932403565,-0.3962530493736267,0.007213416509330273],"EasingStyle":"Linear","EasingDirection":"In"},"Left Arm":{"Weight":1,"CFrame":[-0.1534551978111267,-0.008164465427398682,0.368427038192749,-0.05617803335189819,0.5078258514404297,0.859626054763794,-0.27361565828323367,-0.8358542323112488,0.47590139508247378,0.9601970911026001,-0.20847196877002717,0.18590570986270905],"EasingStyle":"Linear","EasingDirection":"In"},"Right Leg":{"Weight":1,"CFrame":[0.8622649908065796,0.8625099062919617,-0.032377660274505618,0.7283750772476196,0.6488059759140015,-0.22027362883090974,-0.5647759437561035,0.7505310773849487,0.3431200087070465,0.38794049620628359,-0.12551476061344148,0.9130980968475342],"EasingStyle":"Linear","EasingDirection":"In"},"Torso":{"Weight":1,"CFrame":[0.2858239412307739,-0.2540302276611328,0.016238689422607423,0.9748809933662415,0.12907567620277406,0.18151186406612397,-0.14845067262649537,0.9841012358665466,0.09750442951917649,-0.1660405993461609,-0.12200076878070831,0.9785429835319519],"EasingStyle":"Linear","EasingDirection":"In"},"HumanoidRootPart":{"Weight":0,"CFrame":[0,0,0,1,0,0,0,1,0,0,0,1],"EasingStyle":"Linear","EasingDirection":"In"},"Head":{"Weight":1,"CFrame":[1.7136335372924806e-7,7.450580596923828e-8,-2.384185791015625e-7,0.9420967102050781,-0.13200686872005464,-0.30826616287231448,0.08029183000326157,0.9813171625137329,-0.1748422235250473,0.3255872428417206,0.13996702432632447,0.9350947141647339],"EasingStyle":"Linear","EasingDirection":"In"}}},{"Time":0.03333333507180214,"poses":{"Left Leg":{"Weight":1,"CFrame":[-0.1426401287317276,0.11208051443099976,0.09911322593688965,0.9351757764816284,-0.3522174060344696,0.03727240860462189,0.3304959833621979,0.9056241512298584,0.26573896408081057,-0.12735268473625184,-0.23619428277015687,0.963324248790741],"EasingStyle":"Linear","EasingDirection":"In"},"Right Arm":{"Weight":1,"CFrame":[0.2371618002653122,0.1788802146911621,0.4237719774246216,0.29040607810020449,-0.0743371844291687,-0.9540116786956787,0.5887504816055298,-0.7720563411712647,0.23937781155109406,-0.7543455362319946,-0.6311916708946228,-0.18044382333755494],"EasingStyle":"Linear","EasingDirection":"In"},"Left Arm":{"Weight":1,"CFrame":[-0.22167278826236726,0.005537629127502441,0.40758681297302248,-0.2854560315608978,0.6575652956962586,0.697225034236908,-0.263963520526886,-0.7533005475997925,0.6023799777030945,0.9213241338729858,-0.012089019641280175,0.3886072635650635],"EasingStyle":"Linear","EasingDirection":"In"},"Right Leg":{"Weight":1,"CFrame":[0.7586886286735535,0.9863624572753906,-0.04821300506591797,0.7923592329025269,0.5373801589012146,-0.28877243399620058,-0.4538411796092987,0.8355623483657837,0.30961862206459048,0.4076703190803528,-0.11427236348390579,0.9059507846832275],"EasingStyle":"Linear","EasingDirection":"In"},"Torso":{"Weight":1,"CFrame":[0.2845105230808258,-0.2344321757555008,0.02759552001953125,0.9766608476638794,0.11349260807037354,0.18235424160957337,-0.13643905520439149,0.9835200309753418,0.11862868070602417,-0.1658855676651001,-0.14074023067951203,0.9760503172874451],"EasingStyle":"Linear","EasingDirection":"In"},"HumanoidRootPart":{"Weight":0,"CFrame":[0,0,0,1,0,0,0,1,0,0,0,1],"EasingStyle":"Linear","EasingDirection":"In"},"Head":{"Weight":1,"CFrame":[1.0244548320770264e-7,-1.0803341865539551e-7,3.5762786865234377e-7,0.9392102360725403,-0.1211351752281189,-0.32126373052597048,0.05343879014253616,0.9758659601211548,-0.21173082292079926,0.3391583561897278,0.18169182538986207,0.9230166077613831],"EasingStyle":"Linear","EasingDirection":"In"}}},{"Time":0.06666667014360428,"poses":{"Left Leg":{"Weight":1,"CFrame":[-0.0835462212562561,0.12620842456817628,0.0860985517501831,0.9496320486068726,-0.31276530027389529,0.019413413479924203,0.2964443862438202,0.9167063236236572,0.2678995728492737,-0.10158608853816986,-0.24865104258060456,0.9632512331008911],"EasingStyle":"Linear","EasingDirection":"In"},"Right Arm":{"Weight":1,"CFrame":[0.17463010549545289,0.22053050994873048,0.3702657222747803,0.3713872730731964,0.12944209575653077,-0.919410765171051,0.7354755997657776,-0.645405113697052,0.20622310042381288,-0.566698431968689,-0.7527927756309509,-0.3348968029022217],"EasingStyle":"Linear","EasingDirection":"In"},"Left Arm":{"Weight":1,"CFrame":[-0.2902892827987671,0.014407932758331299,0.44013750553131106,-0.5692957639694214,0.7374996542930603,0.36331337690353396,-0.35342082381248476,-0.6185359954833984,0.7017883062362671,0.7422910332679749,0.27112263441085818,0.6127777695655823],"EasingStyle":"Linear","EasingDirection":"In"},"Right Leg":{"Weight":1,"CFrame":[0.6147700548171997,1.0273345708847047,-0.023940980434417726,0.8360903263092041,0.4122389554977417,-0.36195608973503115,-0.341154545545578,0.9074042439460754,0.2454201877117157,0.4296121299266815,-0.08171045035123825,0.8993090391159058],"EasingStyle":"Linear","EasingDirection":"In"},"Torso":{"Weight":1,"CFrame":[0.28158894181251528,-0.2139410525560379,0.038951873779296878,0.9787715077400208,0.09475825726985932,0.18173381686210633,-0.11906707286834717,0.9846174716949463,0.12787288427352906,-0.16682128608226777,-0.14679685235023499,0.9749981164932251],"EasingStyle":"Linear","EasingDirection":"In"},"HumanoidRootPart":{"Weight":0,"CFrame":[0,0,0,1,0,0,0,1,0,0,0,1],"EasingStyle":"Linear","EasingDirection":"In"},"Head":{"Weight":1,"CFrame":[1.4901161193847657e-7,5.21540641784668e-8,-2.980232238769531e-7,0.9369335174560547,-0.106404148042202,-0.3329170048236847,0.027103781700134279,0.971782922744751,-0.23431454598903657,0.34845513105392458,0.21051383018493653,0.913379967212677],"EasingStyle":"Linear","EasingDirection":"In"}}},{"Time":0.10000000149011612,"poses":{"Left Leg":{"Weight":1,"CFrame":[-0.07444609701633454,0.13338565826416017,0.07775068283081055,0.9618400931358337,-0.2736093997955322,0.0012265144614502788,0.2645827531814575,0.9312314391136169,0.25060713291168215,-0.06971064954996109,-0.2407195121049881,0.9680880904197693],"EasingStyle":"Linear","EasingDirection":"In"},"Right Arm":{"Weight":1,"CFrame":[0.11862871050834656,0.2363288402557373,0.3165583610534668,0.4050614833831787,0.28325143456459048,-0.8693066239356995,0.8381954431533814,-0.4948045313358307,0.22933970391750337,-0.36517611145973208,-0.8215455412864685,-0.43784618377685549],"EasingStyle":"Linear","EasingDirection":"In"},"Left Arm":{"Weight":1,"CFrame":[-0.35036712884902956,0.019473135471343995,0.46487653255462649,-0.7360047101974487,0.6707198619842529,-0.09182555228471756,-0.521518349647522,-0.4752664566040039,0.7086186408996582,0.43164297938346865,0.5694353580474854,0.6995911002159119],"EasingStyle":"Linear","EasingDirection":"In"},"Right Leg":{"Weight":1,"CFrame":[0.46895769238471987,0.9783058166503906,0.012849807739257813,0.8570131063461304,0.2880716919898987,-0.42725080251693728,-0.2326977401971817,0.9561383128166199,0.1779080182313919,0.4597611427307129,-0.053049150854349139,0.8864567279815674],"EasingStyle":"Linear","EasingDirection":"In"},"Torso":{"Weight":1,"CFrame":[0.2736515700817108,-0.19285453855991364,0.030834197998046876,0.9834697842597961,0.07391774654388428,0.16529792547225953,-0.09514541923999787,0.9876566529273987,0.12442559003829956,-0.15406031906604768,-0.1380961388349533,0.9783633351325989],"EasingStyle":"Linear","EasingDirection":"In"},"HumanoidRootPart":{"Weight":0,"CFrame":[0,0,0,1,0,0,0,1,0,0,0,1],"EasingStyle":"Linear","EasingDirection":"In"},"Head":{"Weight":1,"CFrame":[1.210719347000122e-7,-2.60770320892334e-8,1.1920928955078126e-7,0.9401488900184631,-0.08466231822967529,-0.33007943630218508,0.002909913659095764,0.970604419708252,-0.24066287279129029,0.340751588344574,0.2252984344959259,0.912759006023407],"EasingStyle":"Linear","EasingDirection":"In"}}},{"Time":0.13333334028720857,"poses":{"Left Leg":{"Weight":1,"CFrame":[-0.09875332564115524,0.12991821765899659,0.07400298118591309,0.972450315952301,-0.23259185254573823,-0.015536676160991192,0.2308860421180725,0.9518454670906067,0.2016974538564682,-0.03212467208504677,-0.19972793757915498,0.9793246388435364],"EasingStyle":"Linear","EasingDirection":"In"},"Right Arm":{"Weight":1,"CFrame":[0.07204306870698929,0.21095174551010133,0.26451897621154787,0.4101332724094391,0.40587490797042849,-0.8167351484298706,0.901843249797821,-0.3139246702194214,0.2968669831752777,-0.13590247929096223,-0.8583220839500427,-0.4947865605354309],"EasingStyle":"Linear","EasingDirection":"In"},"Left Arm":{"Weight":1,"CFrame":[-0.3929680585861206,0.0217592716217041,0.4806019067764282,-0.7151817679405212,0.5255154371261597,-0.4608128070831299,-0.6799550652503967,-0.3705073893070221,0.6327601671218872,0.1617906540632248,0.7658705711364746,0.6223070621490479],"EasingStyle":"Linear","EasingDirection":"In"},"Right Leg":{"Weight":1,"CFrame":[0.3942147493362427,0.7623112201690674,0.11687421798706055,0.8535114526748657,0.2048049122095108,-0.47913768887519839,-0.17362046241760255,0.9787525534629822,0.10908398032188416,0.4912984073162079,-0.009916325099766255,0.8709349632263184],"EasingStyle":"Linear","EasingDirection":"In"},"Torso":{"Weight":1,"CFrame":[0.25863099098205569,-0.17147035896778108,0.0022187232971191408,0.9907960891723633,0.05243002250790596,0.12479681521654129,-0.06640837341547013,0.9916413426399231,0.11062292009592056,-0.11795371025800705,-0.1178923025727272,0.9859961271286011],"EasingStyle":"Linear","EasingDirection":"In"},"HumanoidRootPart":{"Weight":0,"CFrame":[0,0,0,1,0,0,0,1,0,0,0,1],"EasingStyle":"Linear","EasingDirection":"In"},"Head":{"Weight":1,"CFrame":[1.7834827303886414e-7,7.450580596923828e-9,-3.5762786865234377e-7,0.9510288238525391,-0.055317070335149768,-0.3041122555732727,-0.01829720288515091,0.9720563292503357,-0.23403353989124299,0.30856025218963625,0.2281370759010315,0.9234414100646973],"EasingStyle":"Linear","EasingDirection":"In"}}},{"Time":0.1666666716337204,"poses":{"Left Leg":{"Weight":1,"CFrame":[-0.13934603333473206,0.13600397109985352,0.06256222724914551,0.9818452000617981,-0.18681740760803224,-0.03285188227891922,0.18958762288093568,0.9720351099967957,0.13857971131801606,0.006044094450771809,-0.14229214191436768,0.9898062348365784],"EasingStyle":"Linear","EasingDirection":"In"},"Right Arm":{"Weight":1,"CFrame":[0.03470223397016525,0.1440492868423462,0.21491456031799317,0.39613786339759829,0.5095421671867371,-0.7638334631919861,0.9102627635002136,-0.1088503822684288,0.39946630597114565,0.12040142714977265,-0.8535328507423401,-0.5069370269775391],"EasingStyle":"Linear","EasingDirection":"In"},"Left Arm":{"Weight":1,"CFrame":[-0.4091546833515167,0.022293508052825929,0.4861108064651489,-0.6298398375511169,0.4625418484210968,-0.623984694480896,-0.7716220617294312,-0.28067126870155337,0.5708090662956238,0.0888885110616684,0.840998649597168,0.5336854457855225],"EasingStyle":"Linear","EasingDirection":"In"},"Right Leg":{"Weight":1,"CFrame":[0.3031969368457794,0.4855201244354248,0.1425410509109497,0.8490974307060242,0.11322340369224549,-0.5159593224525452,-0.08102946728467941,0.9931161403656006,0.08458434045314789,0.5219845175743103,-0.030012451112270356,0.8524268269538879],"EasingStyle":"Linear","EasingDirection":"In"},"Torso":{"Weight":1,"CFrame":[0.2378939539194107,-0.1500861644744873,-0.05328559875488281,0.9970898032188416,0.03058684431016445,0.06983083486557007,-0.03666577860713005,0.9954895377159119,0.08749993145465851,-0.06683951616287232,-0.08980569243431092,0.9937139749526978],"EasingStyle":"Linear","EasingDirection":"In"},"HumanoidRootPart":{"Weight":0,"CFrame":[0,0,0,1,0,0,0,1,0,0,0,1],"EasingStyle":"Linear","EasingDirection":"In"},"Head":{"Weight":1,"CFrame":[1.5157274901866914e-7,-1.0244548320770264e-8,-5.960464477539063e-8,0.9646362662315369,-0.021881980821490289,-0.26267486810684206,-0.037143439054489139,0.9753193259239197,-0.21765248477458955,0.2609545588493347,0.21971212327480317,0.9400156140327454],"EasingStyle":"Linear","EasingDirection":"In"}}},{"Time":0.20000000298023225,"poses":{"Left Leg":{"Weight":1,"CFrame":[-0.1923748254776001,0.1650906205177307,0.04390859603881836,0.9887088537216187,-0.14096111059188844,-0.05084081366658211,0.1445477455854416,0.9866074323654175,0.07557611912488938,0.039506636559963229,-0.0820717066526413,0.9958431124687195],"EasingStyle":"Linear","EasingDirection":"In"},"Right Arm":{"Weight":1,"CFrame":[0.005671263672411442,0.04946267604827881,0.16823625564575196,0.3616485297679901,0.594448983669281,-0.7182204723358154,0.8478161096572876,0.11077652126550675,0.5185908675193787,0.38783782720565798,-0.796466588973999,-0.4639211595058441],"EasingStyle":"Linear","EasingDirection":"In"},"Left Arm":{"Weight":1,"CFrame":[-0.35579952597618105,-0.008077800273895264,0.472409725189209,-0.5223451256752014,0.504117488861084,-0.68776535987854,-0.832129955291748,-0.12511023879051209,0.540284276008606,0.18632031977176667,0.8545250296592712,0.484841912984848],"EasingStyle":"Linear","EasingDirection":"In"},"Right Leg":{"Weight":1,"CFrame":[0.19148829579353333,0.2901074290275574,0.054618000984191897,0.8400124907493591,0.005965209100395441,-0.5425342321395874,0.06597540527582169,0.9913963079452515,0.11305106431245804,0.5385408401489258,-0.13075824081897736,0.8323917984962463],"EasingStyle":"Linear","EasingDirection":"In"},"Torso":{"Weight":1,"CFrame":[0.2128073275089264,-0.12899968028068543,-0.13718175888061524,0.999904453754425,0.009165679104626179,0.010345346294343472,-0.009740965440869332,0.9983265995979309,0.05700083449482918,-0.009805583395063877,-0.05709616467356682,0.9983205199241638],"EasingStyle":"Linear","EasingDirection":"In"},"HumanoidRootPart":{"Weight":0,"CFrame":[0,0,0,1,0,0,0,1,0,0,0,1],"EasingStyle":"Linear","EasingDirection":"In"},"Head":{"Weight":1,"CFrame":[1.4557735994458199e-7,1.816079020500183e-8,1.1920928955078126e-7,0.9767934083938599,0.011272460222244263,-0.21388676762580872,-0.053858786821365359,0.9794533252716065,-0.1943461000919342,0.20730134844779969,0.2013556808233261,0.9573307037353516],"EasingStyle":"Linear","EasingDirection":"In"}}},{"Time":0.23333333432674409,"poses":{"Left Leg":{"Weight":1,"CFrame":[-0.22855080664157868,0.2129696011543274,0.031952738761901858,0.99388188123703,-0.08773604780435562,-0.06709133088588715,0.08937457203865051,0.9957590699195862,0.021818216890096666,0.06489257514476776,-0.02768099680542946,0.9975082278251648],"EasingStyle":"Linear","EasingDirection":"In"},"Right Arm":{"Weight":1,"CFrame":[-0.01598474755883217,-0.058966606855392459,0.12497544288635254,0.3101963698863983,0.6550255417823792,-0.6889991164207459,0.7074542045593262,0.3250827193260193,0.6275585293769836,0.6350485682487488,-0.6821016669273377,-0.36256110668182375],"EasingStyle":"Linear","EasingDirection":"In"},"Left Arm":{"Weight":1,"CFrame":[-0.2285676896572113,-0.08050209283828736,0.4359874725341797,-0.33070293068885805,0.5546510219573975,-0.7635429501533508,-0.8708034753799439,0.1325298249721527,0.47343122959136965,0.36378130316734316,0.8214609622955322,0.43916401267051699],"EasingStyle":"Linear","EasingDirection":"In"},"Right Leg":{"Weight":1,"CFrame":[0.16666832566261292,0.29429036378860476,0.03306150436401367,0.8238685131072998,-0.057584017515182498,-0.5638481378555298,0.1604594737291336,0.9778226613998413,0.1345939338207245,0.5435930490493774,-0.2013625204563141,0.8148372173309326],"EasingStyle":"Linear","EasingDirection":"In"},"Torso":{"Weight":1,"CFrame":[0.18473796546459199,-0.10850855708122254,-0.23141145706176759,0.9989973902702332,-0.01018111314624548,-0.04359527304768562,0.011152724735438824,0.9996935129165649,0.022102169692516328,0.04335688427090645,-0.022566214203834535,0.9988047480583191],"EasingStyle":"Linear","EasingDirection":"In"},"HumanoidRootPart":{"Weight":0,"CFrame":[0,0,0,1,0,0,0,1,0,0,0,1],"EasingStyle":"Linear","EasingDirection":"In"},"Head":{"Weight":1,"CFrame":[1.5972182154655457e-7,-1.0477378964424134e-9,-1.1920928955078126e-7,0.9852011203765869,0.03965740650892258,-0.16675153374671937,-0.06779590249061585,0.9836898446083069,-0.16660718619823457,0.15742459893226624,0.17544665932655335,0.9718209505081177],"EasingStyle":"Linear","EasingDirection":"In"}}},{"Time":0.2666666805744171,"poses":{"Left Leg":{"Weight":1,"CFrame":[-0.23656149208545686,0.26532161235809328,0.029000043869018556,0.9965348243713379,-0.027069244533777238,-0.07864870131015778,0.026297254487872125,0.9995954632759094,-0.010835187509655953,0.0789102092385292,0.00872939545661211,0.9968435168266296],"EasingStyle":"Linear","EasingDirection":"In"},"Right Arm":{"Weight":1,"CFrame":[-0.031200788915157319,-0.1673952341079712,0.08562338352203369,0.253560870885849,0.6843777894973755,-0.6836182475090027,0.5042915344238281,0.5095552802085877,0.6971681714057922,0.8254677057266235,-0.5215174555778503,-0.21592268347740174],"EasingStyle":"Linear","EasingDirection":"In"},"Left Arm":{"Weight":1,"CFrame":[-0.07671022415161133,-0.1669439971446991,0.38386714458465578,-0.054735325276851657,0.5604557991027832,-0.8263736367225647,-0.8150701522827148,0.4529816806316376,0.3612038493156433,0.5767709016799927,0.6933230757713318,0.4320167005062103],"EasingStyle":"Linear","EasingDirection":"In"},"Right Leg":{"Weight":1,"CFrame":[0.17808778584003449,0.4174402356147766,0.05961441993713379,0.8098662495613098,-0.09822379797697067,-0.5783326625823975,0.20922698080539704,0.9694076776504517,0.12834644317626954,0.5480334758758545,-0.22494624555110932,0.8056416511535645],"EasingStyle":"Linear","EasingDirection":"In"},"Torso":{"Weight":1,"CFrame":[0.15505264699459077,-0.08891052007675171,-0.31302642822265627,0.9962946176528931,-0.024877386167645456,-0.08232960850000382,0.023841507732868196,0.9996240139007568,-0.013541553169488907,0.08263552933931351,0.011528514325618744,0.9965131282806397],"EasingStyle":"Linear","EasingDirection":"In"},"HumanoidRootPart":{"Weight":0,"CFrame":[0,0,0,1,0,0,0,1,0,0,0,1],"EasingStyle":"Linear","EasingDirection":"In"},"Head":{"Weight":1,"CFrame":[1.2246891856193543e-7,-2.561137080192566e-9,-1.1920928955078126e-7,0.98960942029953,0.059352874755859378,-0.13095977902412415,-0.07730787247419357,0.9876070618629456,-0.13658608496189118,0.12123001366853714,0.14529110491275788,0.9819337129592896],"EasingStyle":"Linear","EasingDirection":"In"}}},{"Time":0.30000001192092898,"poses":{"Left Leg":{"Weight":1,"CFrame":[-0.22338978946208955,0.314004123210907,0.024547815322875978,0.9961091876029968,0.0335954912006855,-0.08147318661212921,-0.03437691554427147,0.9993752241134644,-0.008207209408283234,0.08114656805992127,0.010976086370646954,0.9966417551040649],"EasingStyle":"Linear","EasingDirection":"In"},"Right Arm":{"Weight":1,"CFrame":[-0.04091176018118858,-0.26198238134384158,0.05067098140716553,0.20913954079151154,0.6792755722999573,-0.703452467918396,0.27757713198661806,0.6485342979431152,0.7087696194648743,0.9376628398895264,-0.34349387884140017,-0.05291718989610672],"EasingStyle":"Linear","EasingDirection":"In"},"Left Arm":{"Weight":1,"CFrame":[0.05052171275019646,-0.23936837911605836,0.3230710029602051,0.25146615505218508,0.4840402901172638,-0.8381347060203552,-0.6338344812393189,0.7367949485778809,0.23534466326236726,0.7314496636390686,0.47205743193626406,0.49208036065101626],"EasingStyle":"Linear","EasingDirection":"In"},"Right Leg":{"Weight":1,"CFrame":[0.15983520448207856,0.47571325302124026,0.06489264965057373,0.7972071766853333,-0.15360678732395173,-0.5838371515274048,0.2561021149158478,0.9618061184883118,0.09664763510227204,0.5466923117637634,-0.22657006978988648,0.8060976266860962],"EasingStyle":"Linear","EasingDirection":"In"},"Torso":{"Weight":1,"CFrame":[0.12511828541755677,-0.07050324231386185,-0.364349365234375,0.9947989583015442,-0.031582310795784,-0.09683775901794434,0.027202852070331575,0.9985609650611877,-0.046216391026973727,0.09815801680088043,0.043341755867004397,0.9942265748977661],"EasingStyle":"Linear","EasingDirection":"In"},"HumanoidRootPart":{"Weight":0,"CFrame":[0,0,0,1,0,0,0,1,0,0,0,1],"EasingStyle":"Linear","EasingDirection":"In"},"Head":{"Weight":1,"CFrame":[1.0780058801174164e-7,-1.0477378964424134e-8,-2.384185791015625e-7,0.990899384021759,0.06738738715648651,-0.11652209609746933,-0.0798938199877739,0.9911275506019592,-0.10622218251228333,0.10833025723695755,0.114564910531044,0.9874914884567261],"EasingStyle":"Linear","EasingDirection":"In"}}},{"Time":0.3333333432674408,"poses":{"Left Leg":{"Weight":1,"CFrame":[-0.19606825709342957,0.3598160147666931,0.014610767364501953,0.99553382396698,0.0770677775144577,-0.054524894803762439,-0.07573716342449188,0.9967870712280273,0.0260663740336895,0.05635858327150345,-0.02182038128376007,0.9981721043586731],"EasingStyle":"Linear","EasingDirection":"In"},"Right Arm":{"Weight":1,"CFrame":[-0.04605276510119438,-0.32888472080230715,0.020609617233276368,0.1921016126871109,0.6413558721542358,-0.7428053021430969,0.07538449019193649,0.7450224757194519,0.6627659201622009,0.9784753918647766,-0.1833144724369049,0.09477170556783676],"EasingStyle":"Linear","EasingDirection":"In"},"Left Arm":{"Weight":1,"CFrame":[0.10387681424617768,-0.2697397768497467,0.2606220245361328,0.5098780393600464,0.35996273159980776,-0.7813138365745544,-0.4036077857017517,0.9021747708320618,0.15225452184677125,0.7596875429153442,0.2377130538225174,0.6052827835083008],"EasingStyle":"Linear","EasingDirection":"In"},"Right Leg":{"Weight":1,"CFrame":[0.11528565734624863,0.46073466539382937,0.08062255382537842,0.7944933176040649,-0.23548759520053864,-0.5597554445266724,0.30190378427505495,0.9529384970664978,0.02761087380349636,0.5269103050231934,-0.19092892110347749,0.828197717666626],"EasingStyle":"Linear","EasingDirection":"In"},"Torso":{"Weight":1,"CFrame":[0.09630165249109268,-0.05358448252081871,-0.38878297805786135,0.9959166049957275,-0.009623070247471333,-0.08976369351148606,0.003105649957433343,0.9973660707473755,-0.07246532291173935,0.09022460132837296,0.07189064472913742,0.9933233261108398],"EasingStyle":"Linear","EasingDirection":"In"},"HumanoidRootPart":{"Weight":0,"CFrame":[0,0,0,1,0,0,0,1,0,0,0,1],"EasingStyle":"Linear","EasingDirection":"In"},"Head":{"Weight":1,"CFrame":[1.2727105058729649e-7,2.0787410903722049e-8,-1.7881393432617188e-7,0.9930242896080017,0.04698914662003517,-0.10814213007688523,-0.05478633567690849,0.996020495891571,-0.07029648125171662,0.1044086292386055,0.0757308304309845,0.991646945476532],"EasingStyle":"Linear","EasingDirection":"In"}}},{"Time":0.36666667461395266,"poses":{"Left Leg":{"Weight":1,"CFrame":[-0.16200630366802216,0.394903302192688,0.003713369369506836,0.9957367181777954,0.09172084927558899,0.009783736430108548,-0.09218023717403412,0.9933207631111145,0.06940226256847382,-0.003352761035785079,-0.07000826299190521,0.9975407719612122],"EasingStyle":"Linear","EasingDirection":"In"},"Right Arm":{"Weight":1,"CFrame":[-0.047558605670928958,-0.35426169633865359,-0.004069089889526367,0.2089548408985138,0.5729540586471558,-0.7925033569335938,-0.063367560505867,0.8166221976280212,0.5736834406852722,0.9758700728416443,-0.06965495645999909,0.20694391429424287],"EasingStyle":"Linear","EasingDirection":"In"},"Left Arm":{"Weight":1,"CFrame":[0.08915090560913086,-0.25424516201019289,0.2026381492614746,0.7303813099861145,0.25215235352516177,-0.6347931027412415,-0.22618409991264344,0.9662165641784668,0.12355697154998779,0.6445028185844421,0.05333637446165085,0.7627394199371338],"EasingStyle":"Linear","EasingDirection":"In"},"Right Leg":{"Weight":1,"CFrame":[0.051738351583480838,0.37925076484680178,0.10454130172729492,0.7991995215415955,-0.343965619802475,-0.492917537689209,0.3622263967990875,0.9300458431243897,-0.061699219048023227,0.4796583950519562,-0.12923778593540193,0.8678856492042542],"EasingStyle":"Linear","EasingDirection":"In"},"Torso":{"Weight":1,"CFrame":[0.06986109912395477,-0.03845180571079254,-0.39499998092651369,0.9958851933479309,0.04985303059220314,-0.07567956298589707,-0.05674513056874275,0.9941561818122864,-0.09183365106582642,0.07065911591053009,0.09575022011995316,0.9928943514823914],"EasingStyle":"Linear","EasingDirection":"In"},"HumanoidRootPart":{"Weight":0,"CFrame":[0,0,0,1,0,0,0,1,0,0,0,1],"EasingStyle":"Linear","EasingDirection":"In"},"Head":{"Weight":1,"CFrame":[1.2386590242385865e-7,-1.57160684466362e-9,0,0.9961763620376587,-0.00791181530803442,-0.08700581640005112,0.005884836427867413,0.9997058510780335,-0.02352900430560112,0.08716637641191483,0.022927019745111467,0.9959298968315125],"EasingStyle":"Linear","EasingDirection":"In"}}},{"Time":0.4000000059604645,"poses":{"Left Leg":{"Weight":1,"CFrame":[-0.12945865094661714,0.4100419878959656,-0.005756080150604248,0.9922093749046326,0.07956552505493164,0.095863938331604,-0.09009245038032532,0.9897266030311585,0.11101637035608292,-0.0860460177063942,-0.11878805607557297,0.9891842603683472],"EasingStyle":"Linear","EasingDirection":"In"},"Right Arm":{"Weight":1,"CFrame":[-0.02725490927696228,-0.3255271315574646,-0.023057103157043458,0.2760222852230072,0.47946298122406008,-0.8330227136611939,-0.1276586502790451,0.8773021101951599,0.4626491963863373,0.9526358246803284,-0.021358925849199296,0.30336254835128786],"EasingStyle":"Linear","EasingDirection":"In"},"Left Arm":{"Weight":1,"CFrame":[0.052336081862449649,-0.2155100405216217,0.15161919593811036,0.9103714227676392,0.1612621694803238,-0.3810754120349884,-0.11792972683906555,0.9838552474975586,0.13461586833000184,0.3966314196586609,-0.0776103138923645,0.9146912693977356],"EasingStyle":"Linear","EasingDirection":"In"},"Right Leg":{"Weight":1,"CFrame":[-0.008093193173408509,0.39504915475845339,0.11140382289886475,0.8305311799049377,-0.38033920526504519,-0.4068906903266907,0.3789617717266083,0.9212554097175598,-0.08761563897132874,0.4081738293170929,-0.08142849057912827,0.9092653393745422],"EasingStyle":"Linear","EasingDirection":"In"},"Torso":{"Weight":1,"CFrame":[0.04662147909402847,-0.025402992963790895,-0.3822188377380371,0.9892420172691345,0.1326655149459839,-0.06164497509598732,-0.13862666487693788,0.9847209453582764,-0.1053910031914711,0.04672134667634964,0.11280285567045212,0.9925183057785034],"EasingStyle":"Linear","EasingDirection":"In"},"HumanoidRootPart":{"Weight":0,"CFrame":[0,0,0,1,0,0,0,1,0,0,0,1],"EasingStyle":"Linear","EasingDirection":"In"},"Head":{"Weight":1,"CFrame":[1.816079020500183e-7,-1.4668330550193787e-8,2.384185791015625e-7,0.9946802258491516,-0.0842837542295456,-0.05922447144985199,0.0863160789012909,0.9957332015037537,0.03263397887349129,0.056221261620521548,-0.037572380155324939,0.9977111220359802],"EasingStyle":"Linear","EasingDirection":"In"}}},{"Time":0.4333333373069763,"poses":{"Left Leg":{"Weight":1,"CFrame":[-0.1003345400094986,0.40028274059295657,-0.010561823844909668,0.9809128642082214,0.049400445073843,0.18806791305541993,-0.07788043469190598,0.9860361814498901,0.14719831943511964,-0.1781701147556305,-0.15903550386428834,0.9710628986358643],"EasingStyle":"Linear","EasingDirection":"In"},"Right Arm":{"Weight":1,"CFrame":[0.021518200635910035,-0.25695711374282839,-0.03677487373352051,0.3839443325996399,0.370068222284317,-0.8459528684616089,-0.13102352619171143,0.9287364482879639,0.34681621193885805,0.9140129089355469,-0.022318406030535699,0.4050707221031189],"EasingStyle":"Linear","EasingDirection":"In"},"Left Arm":{"Weight":1,"CFrame":[0.004476860165596008,-0.16515439748764039,0.1091609001159668,0.9943947196006775,0.08326848596334458,-0.06515790522098541,-0.07140696048736572,0.9833773970603943,0.16694283485412599,0.07797587662935257,-0.16135434806346894,0.9838112592697144],"EasingStyle":"Linear","EasingDirection":"In"},"Right Leg":{"Weight":1,"CFrame":[-0.02339087426662445,0.4973560571670532,0.06893956661224365,0.8936266899108887,-0.3083232045173645,-0.32614126801490786,0.32333728671073916,0.9462446570396423,-0.00860479474067688,0.3112625479698181,-0.09776416420936585,0.9452818632125855],"EasingStyle":"Linear","EasingDirection":"In"},"Torso":{"Weight":1,"CFrame":[0.027299175038933755,-0.014735710807144642,-0.34893321990966799,0.9733892679214478,0.22374725341796876,-0.04950273782014847,-0.22807708382606507,0.9668799042701721,-0.11456027626991272,0.02223064936697483,0.12280219048261643,0.9921821355819702],"EasingStyle":"Linear","EasingDirection":"In"},"HumanoidRootPart":{"Weight":0,"CFrame":[0,0,0,1,0,0,0,1,0,0,0,1],"EasingStyle":"Linear","EasingDirection":"In"},"Head":{"Weight":1,"CFrame":[1.4901161193847657e-7,6.51925802230835e-9,4.76837158203125e-7,0.9851365089416504,-0.1685040444135666,-0.03335357829928398,0.17095904052257539,0.9806897640228272,0.09497705101966858,0.01670551858842373,-0.09926746785640717,0.994920551776886],"EasingStyle":"Linear","EasingDirection":"In"}}},{"Time":0.46666666865348818,"poses":{"Left Leg":{"Weight":1,"CFrame":[-0.07107096910476685,0.37126535177230837,-0.009217977523803711,0.9624609351158142,0.015125924721360207,0.27099838852882388,-0.06472567468881607,0.9824313521385193,0.1750405877828598,-0.26358962059020998,-0.18601033091545106,0.9465308785438538],"EasingStyle":"Linear","EasingDirection":"In"},"Right Arm":{"Weight":1,"CFrame":[0.08055436611175537,-0.17500242590904237,-0.04582613706588745,0.49477139115333559,0.25197774171829226,-0.8316901326179504,-0.08636383712291718,0.9665597081184387,0.24146148562431336,0.8647210597991943,-0.04764031246304512,0.4999878704547882],"EasingStyle":"Linear","EasingDirection":"In"},"Left Arm":{"Weight":1,"CFrame":[-0.043382346630096439,-0.11479857563972473,0.07685816287994385,0.9691097140312195,0.01956685073673725,0.24585267901420594,-0.0704009085893631,0.9773194193840027,0.19972585141658784,-0.2363685816526413,-0.21086454391479493,0.9485072493553162],"EasingStyle":"Linear","EasingDirection":"In"},"Right Leg":{"Weight":1,"CFrame":[0.05675792694091797,0.42406606674194338,0.0356297492980957,0.9500914216041565,-0.1980862021446228,-0.2410147488117218,0.2243564873933792,0.9706457853317261,0.08666542172431946,0.21677280962467194,-0.13641336560249329,0.9666441679000855],"EasingStyle":"Linear","EasingDirection":"In"},"Torso":{"Weight":1,"CFrame":[0.012610568664968014,-0.006747654639184475,-0.30272960662841799,0.9508136510848999,0.30718788504600527,-0.039862386882305148,-0.3097628951072693,0.9431602954864502,-0.12039758265018463,0.0006119334721006453,0.1268235594034195,0.9919251203536987],"EasingStyle":"Linear","EasingDirection":"In"},"HumanoidRootPart":{"Weight":0,"CFrame":[0,0,0,1,0,0,0,1,0,0,0,1],"EasingStyle":"Linear","EasingDirection":"In"},"Head":{"Weight":1,"CFrame":[1.4784745872020722e-7,2.421438694000244e-8,1.1920928955078126e-7,0.9693298935890198,-0.24535995721817017,-0.014073020778596402,0.2444990575313568,0.9569606184959412,0.15635396540164948,-0.024895675480365754,-0.15499942004680634,0.9876008033752441],"EasingStyle":"Linear","EasingDirection":"In"}}},{"Time":0.5,"poses":{"Left Leg":{"Weight":1,"CFrame":[-0.0386509895324707,0.3296322822570801,-0.002112865447998047,0.9437388181686401,-0.007700078189373016,0.3306021988391876,-0.05860191211104393,0.980012059211731,0.19011083245277406,-0.32545799016952517,-0.19878889620304109,0.9244241714477539],"EasingStyle":"Linear","EasingDirection":"In"},"Right Arm":{"Weight":1,"CFrame":[0.13164730370044709,-0.10611125826835633,-0.05081433057785034,0.5761513113975525,0.14145119488239289,-0.8050100207328796,-0.01614980772137642,0.9866887927055359,0.16181610524654389,0.8171834945678711,-0.08022978156805039,0.5707665085792542],"EasingStyle":"Linear","EasingDirection":"In"},"Left Arm":{"Weight":1,"CFrame":[-0.08019721508026123,-0.07606339454650879,0.05630671977996826,0.8644211888313294,-0.030899934470653535,0.5018179416656494,-0.09477448463439942,0.9702008962631226,0.22299766540527345,-0.4937548339366913,-0.24032345414161683,0.8357337117195129],"EasingStyle":"Linear","EasingDirection":"In"},"Right Leg":{"Weight":1,"CFrame":[0.08094191551208496,0.2980336546897888,0.021208643913269044,0.9685990214347839,-0.17753949761390687,-0.17405663430690766,0.199438214302063,0.9728351831436157,0.11754216253757477,0.1484600305557251,-0.14856474101543427,0.9776952862739563],"EasingStyle":"Linear","EasingDirection":"In"},"Torso":{"Weight":1,"CFrame":[0.0032720575109124185,-0.0017365196254104376,-0.2511935234069824,0.9293915629386902,0.36757904291152956,-0.033421121537685397,-0.36880579590797427,0.9212620258331299,-0.12352544069290161,-0.014615749940276146,0.12712940573692323,0.9917784333229065],"EasingStyle":"Linear","EasingDirection":"In"},"HumanoidRootPart":{"Weight":0,"CFrame":[0,0,0,1,0,0,0,1,0,0,0,1],"EasingStyle":"Linear","EasingDirection":"In"},"Head":{"Weight":1,"CFrame":[1.5459954738616944e-7,-1.955777406692505e-8,0,0.9539973139762878,-0.29981476068496706,0.0004541418165899813,0.29322975873947146,0.9333576560020447,0.2070261538028717,-0.06249336898326874,-0.19736923277378083,0.9783353209495544],"EasingStyle":"Linear","EasingDirection":"In"}}},{"Time":0.5333333611488342,"poses":{"Left Leg":{"Weight":1,"CFrame":[-0.008197516202926636,0.2824491858482361,0.009462833404541016,0.9351950287818909,-0.006973471492528915,0.3540644645690918,-0.06404884159564972,0.9799873232841492,0.18847428262233735,-0.3482930064201355,-0.19893768429756165,0.916032612323761],"EasingStyle":"Linear","EasingDirection":"In"},"Right Arm":{"Weight":1,"CFrame":[0.15659074485301972,-0.07673400640487671,-0.05234295129776001,0.6066923141479492,0.06296242773532868,-0.792439341545105,0.04967496544122696,0.9919074177742004,0.11684219539165497,0.7933831810951233,-0.11025164276361466,0.5986549854278565],"EasingStyle":"Linear","EasingDirection":"In"},"Left Arm":{"Weight":1,"CFrame":[-0.09492316842079163,-0.06056952476501465,0.04910171031951904,0.7231771349906921,-0.07321643084287644,0.6867708563804627,-0.12877467274665833,0.9626343250274658,0.23822732269763947,-0.6785513162612915,-0.2607192397117615,0.6867266893386841],"EasingStyle":"Linear","EasingDirection":"In"},"Right Leg":{"Weight":1,"CFrame":[0.07623594999313355,0.237898588180542,0.018798828125,0.9684084057807922,-0.19920441508293153,-0.15000896155834199,0.21652036905288697,0.9701157212257385,0.10951888561248779,0.12370949238538742,-0.13853903114795686,0.9826000928878784],"EasingStyle":"Linear","EasingDirection":"In"},"Torso":{"Weight":1,"CFrame":[8.549722707584806e-9,5.571704376491167e-15,-0.20191192626953126,0.9199647307395935,0.3907698094844818,-0.03104531019926071,-0.391474187374115,0.9117374420166016,-0.12443007528781891,-0.02031833305954933,0.12662473320960999,0.9917425513267517],"EasingStyle":"Linear","EasingDirection":"In"},"HumanoidRootPart":{"Weight":0,"CFrame":[0,0,0,1,0,0,0,1,0,0,0,1],"EasingStyle":"Linear","EasingDirection":"In"},"Head":{"Weight":1,"CFrame":[1.6205012798309327e-7,-1.1175870895385743e-8,1.1920928955078126e-7,0.947879433631897,-0.31818991899490359,0.016726210713386537,0.3054303824901581,0.9223141074180603,0.2367466390132904,-0.09075723588466644,-0.2192985862493515,0.9714274406433106],"EasingStyle":"Linear","EasingDirection":"In"}}},{"Time":0.5666666626930237,"poses":{"Left Leg":{"Weight":1,"CFrame":[0.013777866959571839,0.2384445071220398,0.02294313907623291,0.936819851398468,-0.00024171918630599976,0.3498121500015259,-0.06678222119808197,0.9814839363098145,0.17952536046504975,-0.3433783948421478,-0.19154417514801026,0.9194574952125549],"EasingStyle":"Linear","EasingDirection":"In"},"Right Arm":{"Weight":1,"CFrame":[0.16119709610939027,-0.0760171115398407,-0.041717588901519778,0.5825918912887573,0.0229202713817358,-0.8124415874481201,0.10098517686128617,0.9898151159286499,0.10033955425024033,0.8064667582511902,-0.14050157368183137,0.5743436813354492],"EasingStyle":"Linear","EasingDirection":"In"},"Left Arm":{"Weight":1,"CFrame":[-0.09231790900230408,-0.06140810251235962,0.053354859352111819,0.5804004669189453,-0.1123148575425148,0.8065485954284668,-0.1633908599615097,0.9542398452758789,0.25045910477638247,-0.7977710962295532,-0.2771492898464203,0.5354900360107422],"EasingStyle":"Linear","EasingDirection":"In"},"Right Leg":{"Weight":1,"CFrame":[0.05963318049907684,0.19620394706726075,0.011228442192077637,0.9680705070495606,-0.19769053161144257,-0.15413609147071839,0.21624906361103059,0.9695875644683838,0.1146135926246643,0.1267903745174408,-0.14428584277629853,0.981379508972168],"EasingStyle":"Linear","EasingDirection":"In"},"Torso":{"Weight":1,"CFrame":[2.396195242226895e-9,1.561557648426914e-15,-0.16115903854370118,0.9215070009231567,0.38724610209465029,-0.029414767399430276,-0.3879123330116272,0.9141544103622437,-0.11766775697469711,-0.018676739186048509,0.11984201520681381,0.9926173090934753],"EasingStyle":"Linear","EasingDirection":"In"},"HumanoidRootPart":{"Weight":0,"CFrame":[0,0,0,1,0,0,0,1,0,0,0,1],"EasingStyle":"Linear","EasingDirection":"In"},"Head":{"Weight":1,"CFrame":[1.434236764907837e-7,1.6763806343078614e-8,-2.384185791015625e-7,0.9497395753860474,-0.3108496069908142,0.036975663155317309,0.2930075526237488,0.9243128895759583,0.24452462792396546,-0.11018745601177216,-0.22140055894851685,0.9689378142356873],"EasingStyle":"Linear","EasingDirection":"In"}}},{"Time":0.6000000238418579,"poses":{"Left Leg":{"Weight":1,"CFrame":[0.027760103344917299,0.20240378379821778,0.035793185234069827,0.9414200186729431,-0.01640264317393303,0.3368372917175293,-0.04559708759188652,0.9834535121917725,0.17532870173454286,-0.3341396152973175,-0.1804167479276657,0.9250948429107666],"EasingStyle":"Linear","EasingDirection":"In"},"Right Arm":{"Weight":1,"CFrame":[0.16379858553409577,-0.07545816898345947,-0.012583673000335694,0.5150967240333557,0.008065272122621537,-0.8570941686630249,0.14891842007637025,0.9839057922363281,0.0987555980682373,0.8440963625907898,-0.1785057932138443,0.5056054592132568],"EasingStyle":"Linear","EasingDirection":"In"},"Left Arm":{"Weight":1,"CFrame":[-0.08533617854118347,-0.06365522742271424,0.0654975175857544,0.45107147097587588,-0.14897926151752473,0.8799657225608826,-0.19711904227733613,0.9449902772903442,0.26103144884109499,-0.8704473972320557,-0.2912018597126007,0.3968915641307831],"EasingStyle":"Linear","EasingDirection":"In"},"Right Leg":{"Weight":1,"CFrame":[0.04817210137844086,0.1720070242881775,0.0037255287170410158,0.9726950526237488,-0.16697421669960023,-0.16119518876075746,0.1884075105190277,0.9736713171005249,0.12832283973693849,0.13552455604076386,-0.1551893651485443,0.9785445332527161],"EasingStyle":"Linear","EasingDirection":"In"},"Torso":{"Weight":1,"CFrame":[-2.314658686941584e-9,-1.5084242245577175e-15,-0.1299605369567871,0.925117552280426,0.37889933586120608,-0.02434832789003849,-0.3794378340244293,0.9203284382820129,-0.09498672187328339,-0.013581950217485428,0.09711256623268128,0.9951807260513306],"EasingStyle":"Linear","EasingDirection":"In"},"HumanoidRootPart":{"Weight":0,"CFrame":[0,0,0,1,0,0,0,1,0,0,0,1],"EasingStyle":"Linear","EasingDirection":"In"},"Head":{"Weight":1,"CFrame":[1.434236764907837e-7,-2.7939677238464357e-9,-1.1920928955078126e-7,0.9523122906684876,-0.2993815243244171,0.05892358720302582,0.2783676087856293,0.9315282106399536,0.23402288556098939,-0.12495111674070358,-0.20646046102046967,0.970443844795227],"EasingStyle":"Linear","EasingDirection":"In"}}},{"Time":0.6333333253860474,"poses":{"Left Leg":{"Weight":1,"CFrame":[0.03450920432806015,0.17311853170394898,0.04800128936767578,0.9460709095001221,-0.06308422982692719,0.31775808334350588,0.006478574592620134,0.9843451976776123,0.17613235116004945,-0.3238948583602905,-0.16457508504390717,0.9316690564155579],"EasingStyle":"Linear","EasingDirection":"In"},"Right Arm":{"Weight":1,"CFrame":[0.1649680882692337,-0.07503899931907654,0.03094494342803955,0.4110497534275055,0.016612078994512559,-0.9114615321159363,0.19539843499660493,0.9749906063079834,0.10589048266410828,0.8904255032539368,-0.22162440419197083,0.3975236117839813],"EasingStyle":"Linear","EasingDirection":"In"},"Left Arm