{"Sequence":[{"Time":0,"poses":{"Left Leg":{"Weight":1,"CFrame":[0.0899212658405304,0.05320727825164795,0.08638668060302735,0.8305972814559937,-0.5022189021110535,0.24059168994426728,0.46293190121650698,0.8628471493721008,0.20295049250125886,-0.30951938033103945,-0.057192541658878329,0.9491716027259827],"EasingStyle":"Linear","EasingDirection":"In"},"Right Arm":{"Weight":1,"CFrame":[0.1667819619178772,-0.07435107231140137,0.2667355537414551,-0.10954002290964127,0.19116070866584779,-0.9754273891448975,0.37898480892181399,0.9152349233627319,0.13680462539196015,0.9188969135284424,-0.35468655824661257,-0.172701895236969],"EasingStyle":"Linear","EasingDirection":"In"},"Left Arm":{"Weight":1,"CFrame":[-0.028543621301651,-0.08193695545196533,0.21217644214630128,-0.012609228491783142,-0.31206661462783816,0.9499765634536743,-0.37535905838012698,0.882049560546875,0.2847704291343689,-0.9267936944961548,-0.3529915511608124,-0.12825898826122285],"EasingStyle":"Linear","EasingDirection":"In"},"Head":{"Weight":1,"CFrame":[1.6391277313232423e-7,2.7939677238464357e-8,1.1920928955078126e-7,0.9434939026832581,-0.27793586254119875,0.180474191904068,0.29989343881607058,0.9478259682655335,-0.10811948031187058,-0.14100781083106996,0.15613314509391786,0.9776191711425781],"EasingStyle":"Linear","EasingDirection":"In"},"Torso":{"Weight":1,"CFrame":[-5.956792392680654e-9,-3.881939715288723e-15,-0.10583972930908203,0.9309639930725098,0.3618271052837372,0.048859335482120517,-0.36024218797683718,0.8885058760643005,0.2842232584953308,0.05942786484956741,-0.282202810049057,0.957512378692627],"EasingStyle":"Linear","EasingDirection":"In"},"HumanoidRootPart":{"Weight":0,"CFrame":[0,0,0,1,0,0,0,1,0,0,0,1],"EasingStyle":"Linear","EasingDirection":"In"},"Right Leg":{"Weight":1,"CFrame":[0.08631980419158936,0.1672748327255249,-0.02790844440460205,0.9239877462387085,0.3772519528865814,-0.06267099827528,-0.3404657542705536,0.8861238956451416,0.3144321143627167,0.1741543859243393,-0.2691940665245056,0.9472089409828186],"EasingStyle":"Linear","EasingDirection":"In"}}},{"Time":0.03333333507180214,"poses":{"Left Leg":{"Weight":1,"CFrame":[0.10415330529212952,0.043625473976135257,0.08651542663574219,0.7777788639068604,-0.5830421447753906,0.23478057980537415,0.5445449352264404,0.8116128444671631,0.2115546464920044,-0.31389617919921877,-0.03669414669275284,0.948747992515564],"EasingStyle":"Linear","EasingDirection":"In"},"Right Arm":{"Weight":1,"CFrame":[0.1693834662437439,-0.07432776689529419,0.32053399085998537,-0.18158307671546937,0.2307351678609848,-0.9559230208396912,0.41904371976852419,0.8975633382797241,0.13704882562160493,0.8896234631538391,-0.375687837600708,-0.2596704661846161],"EasingStyle":"Linear","EasingDirection":"In"},"Left Arm":{"Weight":1,"CFrame":[-0.021561801433563234,-0.08418399095535279,0.25222980976104739,-0.07961380481719971,-0.3379732668399811,0.937782347202301,-0.4113241136074066,0.8680814504623413,0.27793365716934206,-0.9080055952072144,-0.3636051118373871,-0.20812782645225526],"EasingStyle":"Linear","EasingDirection":"In"},"Head":{"Weight":1,"CFrame":[1.564621925354004e-7,-3.725290298461914e-9,1.1920928955078126e-7,0.9376012086868286,-0.2866133451461792,0.1968671977519989,0.3199574649333954,0.9328170418739319,-0.16576984524726869,-0.13612918555736543,0.21841515600681306,0.9663144946098328],"EasingStyle":"Linear","EasingDirection":"In"},"Torso":{"Weight":1,"CFrame":[-1.6562804461273118e-9,-1.079370696554366e-15,-0.13432073593139649,0.9267843961715698,0.3702664375305176,0.06303533166646958,-0.36833706498146059,0.8631559610366821,0.3453831672668457,0.07347448170185089,-0.343313992023468,0.9363423585891724],"EasingStyle":"Linear","EasingDirection":"In"},"HumanoidRootPart":{"Weight":0,"CFrame":[0,0,0,1,0,0,0,1,0,0,0,1],"EasingStyle":"Linear","EasingDirection":"In"},"Right Leg":{"Weight":1,"CFrame":[0.10865935683250427,0.17360997200012208,-0.03128516674041748,0.8896995186805725,0.45598557591438296,-0.022625191137194635,-0.42314931750297549,0.8422086238861084,0.33410972356796267,0.17140431702136994,-0.2876833975315094,0.942262589931488],"EasingStyle":"Linear","EasingDirection":"In"}}},{"Time":0.06666667014360428,"poses":{"Left Leg":{"Weight":1,"CFrame":[0.0889788269996643,0.06803709268569946,0.08363687992095947,0.7472039461135864,-0.6208811402320862,0.23705022037029267,0.580750048160553,0.7834145426750183,0.22133955359458924,-0.32313409447669985,-0.027718840166926385,0.9459471702575684],"EasingStyle":"Linear","EasingDirection":"In"},"Right Arm":{"Weight":1,"CFrame":[0.17398980259895326,-0.07432430982589722,0.3640453815460205,-0.20550104975700379,0.2530226707458496,-0.9453828930854797,0.4546130299568176,0.8801305890083313,0.13673783838748933,0.8666581511497498,-0.401683509349823,-0.29589518904685976],"EasingStyle":"Linear","EasingDirection":"In"},"Left Arm":{"Weight":1,"CFrame":[-0.018956542015075685,-0.08502298593521118,0.2936973571777344,-0.1397341936826706,-0.3584192395210266,0.9230438470840454,-0.444398432970047,0.85573410987854,0.2650079131126404,-0.8848640322685242,-0.37316852807998659,-0.2788562476634979],"EasingStyle":"Linear","EasingDirection":"In"},"Head":{"Weight":1,"CFrame":[1.4901161193847657e-7,1.4901161193847657e-8,2.384185791015625e-7,0.9323863387107849,-0.2977968156337738,0.2048725038766861,0.33566197752952578,0.9236251711845398,-0.1850610077381134,-0.1341148167848587,0.2413162887096405,0.9611345529556274],"EasingStyle":"Linear","EasingDirection":"In"},"Torso":{"Weight":1,"CFrame":[6.0600502393981518e-9,3.9492284361350789e-15,-0.1854238510131836,0.9215714335441589,0.3817653954029083,0.07043609768152237,-0.37970489263534548,0.8486544489860535,0.36825239658355715,0.08081010729074478,-0.3661158084869385,0.9270538687705994],"EasingStyle":"Linear","EasingDirection":"In"},"HumanoidRootPart":{"Weight":0,"CFrame":[0,0,0,1,0,0,0,1,0,0,0,1],"EasingStyle":"Linear","EasingDirection":"In"},"Right Leg":{"Weight":1,"CFrame":[0.1624571532011032,0.1977112889289856,-0.03429204225540161,0.8697850108146668,0.4934190511703491,0.003410130739212036,-0.4653133451938629,0.8179022073745728,0.33840733766555788,0.1641875058412552,-0.29592832922935488,0.9409935474395752],"EasingStyle":"Linear","EasingDirection":"In"}}},{"Time":0.10000000149011612,"poses":{"Left Leg":{"Weight":1,"CFrame":[0.01534801721572876,0.12394309043884278,0.07506012916564942,0.7482748031616211,-0.6161858439445496,0.2457638680934906,0.5704230070114136,0.7867646813392639,0.23583664000034333,-0.3386775255203247,-0.0362812802195549,0.9402027726173401],"EasingStyle":"Linear","EasingDirection":"In"},"Right Arm":{"Weight":1,"CFrame":[0.18231460452079774,-0.07454755902290344,0.396260142326355,-0.2019166201353073,0.2575737237930298,-0.9449261426925659,0.48656100034713747,0.863699197769165,0.131461501121521,0.8499929904937744,-0.43321990966796877,-0.2997205853462219],"EasingStyle":"Linear","EasingDirection":"In"},"Left Arm":{"Weight":1,"CFrame":[-0.01960316300392151,-0.08404767513275147,0.3356053829193115,-0.19319479167461396,-0.367188960313797,0.9098615646362305,-0.47705724835395815,0.8454920649528503,0.23991595208644868,-0.8573751449584961,-0.38770541548728945,-0.3385148346424103],"EasingStyle":"Linear","EasingDirection":"In"},"Head":{"Weight":1,"CFrame":[1.30385160446167e-7,7.636845111846924e-8,0,0.9290054440498352,-0.31048721075057986,0.2013617902994156,0.3431256115436554,0.9265069365501404,-0.154433473944664,-0.1386134773492813,0.2125619500875473,0.9672660827636719],"EasingStyle":"Linear","EasingDirection":"In"},"Torso":{"Weight":1,"CFrame":[1.7158043874587748e-8,1.1181600621541083e-14,-0.2589225769042969,0.9158268570899963,0.3958714008331299,0.06743118911981583,-0.39395564794540408,0.8531454205513,0.3419676125049591,0.07784657180309296,-0.3397480547428131,0.937289297580719],"EasingStyle":"Linear","EasingDirection":"In"},"HumanoidRootPart":{"Weight":0,"CFrame":[0,0,0,1,0,0,0,1,0,0,0,1],"EasingStyle":"Linear","EasingDirection":"In"},"Right Leg":{"Weight":1,"CFrame":[0.26365798711776736,0.24244660139083863,-0.03094339370727539,0.8729729056358337,0.4877159297466278,0.007176853250712156,-0.4632783830165863,0.8244484066963196,0.3250507712364197,0.1526155024766922,-0.2870854139328003,0.9456693530082703],"EasingStyle":"Linear","EasingDirection":"In"}}},{"Time":0.13333334028720857,"poses":{"Left Leg":{"Weight":1,"CFrame":[-0.1134573221206665,0.1825770139694214,0.05599844455718994,0.7698099613189697,-0.5845499634742737,0.25630834698677065,0.5285396575927734,0.8089303374290466,0.2574440836906433,-0.35782456398010256,-0.06271389126777649,0.9316805005073547],"EasingStyle":"Linear","EasingDirection":"In"},"Right Arm":{"Weight":1,"CFrame":[0.19463980197906495,-0.07513543963432312,0.4198809862136841,-0.19745095074176789,0.25080594420433047,-0.9476864337921143,0.5167703032493591,0.8481211066246033,0.11678650975227356,0.8330435752868652,-0.4666765332221985,-0.29707127809524538],"EasingStyle":"Linear","EasingDirection":"In"},"Left Arm":{"Weight":1,"CFrame":[-0.02135881781578064,-0.08129864931106568,0.37678802013397219,-0.240308478474617,-0.3621458113193512,0.9006121754646301,-0.5120612382888794,0.8355000019073486,0.19933122396469117,-0.8246484398841858,-0.4132676422595978,-0.3862185478210449],"EasingStyle":"Linear","EasingDirection":"In"},"Head":{"Weight":1,"CFrame":[1.0058283805847168e-7,-1.4901161193847657e-8,1.1920928955078126e-7,0.9282537698745728,-0.3213096261024475,0.18736352026462556,0.340741366147995,0.9365741014480591,-0.0820019468665123,-0.14913181960582734,0.1399610936641693,0.9788618683815002],"EasingStyle":"Linear","EasingDirection":"In"},"Torso":{"Weight":1,"CFrame":[2.7553991088780095e-8,1.795645643081715e-14,-0.3277716636657715,0.9107667803764343,0.4093438982963562,0.05423533543944359,-0.40781059861183169,0.8711011409759522,0.273629754781723,0.06476418673992157,-0.2713306248188019,0.9603047966957092],"EasingStyle":"Linear","EasingDirection":"In"},"HumanoidRootPart":{"Weight":0,"CFrame":[0,0,0,1,0,0,0,1,0,0,0,1],"EasingStyle":"Linear","EasingDirection":"In"},"Right Leg":{"Weight":1,"CFrame":[0.3311423361301422,0.3205925226211548,-0.03508758544921875,0.9082205295562744,0.41837647557258608,-0.009833699092268944,-0.3962392210960388,0.8672499656677246,0.3014497756958008,0.13464756309986115,-0.26988643407821658,0.9534313678741455],"EasingStyle":"Linear","EasingDirection":"In"}}},{"Time":0.1666666716337204,"poses":{"Left Leg":{"Weight":1,"CFrame":[-0.17300966382026673,0.26646894216537478,0.03463578224182129,0.8238509893417358,-0.491891473531723,0.28162428736686709,0.4258610010147095,0.8650656342506409,0.26514893770217898,-0.37404799461364748,-0.09851033985614777,0.9221625924110413],"EasingStyle":"Linear","EasingDirection":"In"},"Right Arm":{"Weight":1,"CFrame":[0.20939016342163087,-0.07596689462661743,0.43636465072631838,-0.19239190220832826,0.2354518175125122,-0.9526530504226685,0.5463870167732239,0.8320921659469605,0.09530974924564362,0.8151358962059021,-0.5021803379058838,-0.28873562812805178],"EasingStyle":"Linear","EasingDirection":"In"},"Left Arm":{"Weight":1,"CFrame":[-0.023947983980178834,-0.07704290747642517,0.41603076457977297,-0.28136253356933596,-0.3472056984901428,0.8945855498313904,-0.5480247139930725,0.8234053254127502,0.14721612632274629,-0.787720799446106,-0.4488338530063629,-0.4219527542591095],"EasingStyle":"Linear","EasingDirection":"In"},"Head":{"Weight":1,"CFrame":[1.6577541828155518e-7,-6.984919309616089e-8,2.384185791015625e-7,0.9306818246841431,-0.32567498087882998,0.16663479804992677,0.3277173638343811,0.9446423649787903,0.015877537429332734,-0.16258122026920319,0.0398322157561779,0.9858908653259277],"EasingStyle":"Linear","EasingDirection":"In"},"Torso":{"Weight":1,"CFrame":[3.215177102333655e-8,2.095275077843451e-14,-0.35822153091430666,0.9080914258956909,0.41742071509361269,0.0336153469979763,-0.41642606258392336,0.8916055560112,0.17784518003463746,0.04426462575793266,-0.17549799382686616,0.983484148979187],"EasingStyle":"Linear","EasingDirection":"In"},"HumanoidRootPart":{"Weight":0,"CFrame":[0,0,0,1,0,0,0,1,0,0,0,1],"EasingStyle":"Linear","EasingDirection":"In"},"Right Leg":{"Weight":1,"CFrame":[0.3134981095790863,0.3944286108016968,-0.035331785678863528,0.9573652148246765,0.28569433093070986,-0.042785607278347018,-0.264650821685791,0.9267692565917969,0.26656854152679446,0.11580938845872879,-0.24388015270233155,0.9628658294677734],"EasingStyle":"Linear","EasingDirection":"In"}}},{"Time":0.20000000298023225,"poses":{"Left Leg":{"Weight":1,"CFrame":[-0.15011455118656159,0.3306596279144287,0.014883637428283692,0.8824780583381653,-0.349172979593277,0.3151358962059021,0.276075541973114,0.9269685745239258,0.2539914846420288,-0.3808079957962036,-0.13714054226875306,0.9144275188446045],"EasingStyle":"Linear","EasingDirection":"In"},"Right Arm":{"Weight":1,"CFrame":[0.22499069571495057,-0.07691973447799683,0.44716763496398928,-0.18685220181941987,0.21417827904224397,-0.9587563872337341,0.5764417052268982,0.8141741156578064,0.06953693181276322,0.7954879999160767,-0.5396741032600403,-0.275591641664505],"EasingStyle":"Linear","EasingDirection":"In"},"Left Arm":{"Weight":1,"CFrame":[-0.027094870805740358,-0.07154610753059387,0.45211875438690188,-0.31666091084480288,-0.3263065218925476,0.8906457424163818,-0.5841000080108643,0.8069023489952087,0.08795391023159027,-0.7473640441894531,-0.4923745095729828,-0.4461100995540619],"EasingStyle":"Linear","EasingDirection":"In"},"Head":{"Weight":1,"CFrame":[1.434236764907837e-7,2.1420419216156007e-8,-1.1920928955078126e-7,0.9355400204658508,-0.322500616312027,0.14407694339752198,0.3067851960659027,0.9440453052520752,0.12108384817838669,-0.17506477236747743,-0.06907811015844345,0.9821305871009827],"EasingStyle":"Linear","EasingDirection":"In"},"Torso":{"Weight":1,"CFrame":[2.956402056497609e-8,1.9266359002428035e-14,-0.3410835266113281,0.908157467842102,0.4185051918029785,0.01016654260456562,-0.41810691356658938,0.9055460691452026,0.07192348688840866,0.020894082263112069,-0.06956855952739716,0.9973583221435547],"EasingStyle":"Linear","EasingDirection":"In"},"HumanoidRootPart":{"Weight":0,"CFrame":[0,0,0,1,0,0,0,1,0,0,0,1],"EasingStyle":"Linear","EasingDirection":"In"},"Right Leg":{"Weight":1,"CFrame":[0.24280011653900147,0.4092700481414795,-0.016835331916809083,0.9893165230751038,0.1217692419886589,-0.08015653491020203,-0.10188935697078705,0.970790445804596,0.2172200232744217,0.1042659729719162,-0.20673222839832307,0.9728260040283203],"EasingStyle":"Linear","EasingDirection":"In"}}},{"Time":0.23333333432674409,"poses":{"Left Leg":{"Weight":1,"CFrame":[-0.09414790570735932,0.3479243516921997,0.0023016929626464845,0.9178254008293152,-0.1984032690525055,0.34384971857070925,0.12188141793012619,0.9651539325714111,0.2315659523010254,-0.37781134247779848,-0.17062820494174958,0.9100245237350464],"EasingStyle":"Linear","EasingDirection":"In"},"Right Arm":{"Weight":1,"CFrame":[0.2398661971092224,-0.07787254452705383,0.4537465572357178,-0.1808086782693863,0.18966764211654664,-0.9650566577911377,0.6078324913978577,0.7929558157920837,0.04196292534470558,0.7732062339782715,-0.5790054202079773,-0.2586595118045807],"EasingStyle":"Linear","EasingDirection":"In"},"Left Arm":{"Weight":1,"CFrame":[-0.030523955821990968,-0.06507399678230286,0.4838378429412842,-0.3463738262653351,-0.30337026715278628,0.887688934803009,-0.6199172735214233,0.7842321395874023,0.026123519986867906,-0.7040793299674988,-0.5412452816963196,-0.4597020149230957],"EasingStyle":"Linear","EasingDirection":"In"},"Head":{"Weight":1,"CFrame":[1.489534042775631e-7,-1.862645149230957e-9,0,0.9410764575004578,-0.31443744897842409,0.12451588362455368,0.28388503193855288,0.9345652461051941,0.21446926891803742,-0.1838054358959198,-0.1664838194847107,0.9687614440917969],"EasingStyle":"Linear","EasingDirection":"In"},"Torso":{"Weight":1,"CFrame":[2.325108638956408e-8,1.515232844794337e-14,-0.29927492141723635,0.9099525213241577,0.41456905007362368,-0.010906238108873368,-0.41471248865127566,0.9096277952194214,-0.024306664243340493,-0.000156173889990896,0.026640862226486207,0.9996450543403626],"EasingStyle":"Linear","EasingDirection":"In"},"HumanoidRootPart":{"Weight":0,"CFrame":[0,0,0,1,0,0,0,1,0,0,0,1],"EasingStyle":"Linear","EasingDirection":"In"},"Right Leg":{"Weight":1,"CFrame":[0.16972532868385316,0.36794960498809817,0.006765007972717285,0.9934714436531067,-0.033080436289310458,-0.1091795563697815,0.0509309284389019,0.9849771857261658,0.1650029718875885,0.10208097100257874,-0.16948635876178742,0.980231523513794],"EasingStyle":"Linear","EasingDirection":"In"}}},{"Time":0.2666666805744171,"poses":{"Left Leg":{"Weight":1,"CFrame":[-0.0396924763917923,0.32245194911956789,0.0014542341232299805,0.9297488927841187,-0.07604862749576569,0.3602549433708191,0.000029294633350218647,0.9784524440765381,0.20647235214710236,-0.3681942820549011,-0.19195693731307984,0.9097172617912293],"EasingStyle":"Linear","EasingDirection":"In"},"Right Arm":{"Weight":1,"CFrame":[0.2524416744709015,-0.07870355248451233,0.45755791664123537,-0.1741056889295578,0.16465239226818086,-0.970863938331604,0.6412996053695679,0.7671419978141785,0.015097790397703648,0.7472763657569885,-0.6199861168861389,-0.23915530741214753],"EasingStyle":"Linear","EasingDirection":"In"},"Left Arm":{"Weight":1,"CFrame":[-0.03395935893058777,-0.05789351463317871,0.509973406791687,-0.37045642733573916,-0.2822268307209015,0.8849350810050964,-0.6554995775222778,0.7544386386871338,-0.03380042687058449,-0.6580898761749268,-0.5925962924957275,-0.4644862115383148],"EasingStyle":"Linear","EasingDirection":"In"},"Head":{"Weight":1,"CFrame":[1.4901161193847657e-7,3.725290298461914e-9,1.1920928955078126e-7,0.9466198086738586,-0.3034604787826538,0.10873211175203324,0.2641684412956238,0.9235966801643372,0.27782049775123598,-0.18473213911056519,-0.23426678776741029,0.9544596076011658],"EasingStyle":"Linear","EasingDirection":"In"},"Torso":{"Weight":1,"CFrame":[1.5388415874895146e-8,1.0028363569788458e-14,-0.24720287322998048,0.912885308265686,0.40740445256233218,-0.025730688124895097,-0.40794089436531069,0.9081410765647888,-0.09414888918399811,-0.014989581890404225,0.09644373506307602,0.9952255487442017],"EasingStyle":"Linear","EasingDirection":"In"},"HumanoidRootPart":{"Weight":0,"CFrame":[0,0,0,1,0,0,0,1,0,0,0,1],"EasingStyle":"Linear","EasingDirection":"In"},"Right Leg":{"Weight":1,"CFrame":[0.1137719452381134,0.29734307527542117,0.019559383392333986,0.9804173707962036,-0.14928679168224336,-0.12843362987041474,0.16540563106536866,0.9781907796859741,0.1256336122751236,0.10687719285488129,-0.14441700279712678,0.9837281107902527],"EasingStyle":"Linear","EasingDirection":"In"}}},{"Time":0.30000001192092898,"poses":{"Left Leg":{"Weight":1,"CFrame":[0.0007742345333099365,0.28097087144851687,0.008694887161254883,0.9309526681900024,0.005862437188625336,0.36509281396865847,-0.07893231511116028,0.9794608950614929,0.18554241955280305,-0.3565063774585724,-0.20154885947704316,0.9122945070266724],"EasingStyle":"Linear","EasingDirection":"In"},"Right Arm":{"Weight":1,"CFrame":[0.2611420750617981,-0.07929137349128723,0.460058331489563,-0.1664191633462906,0.14190447330474854,-0.9757908582687378,0.677388072013855,0.7355762720108032,-0.008555916137993336,0.7165543437004089,-0.6624127626419067,-0.21853840351104737],"EasingStyle":"Linear","EasingDirection":"In"},"Left Arm":{"Weight":1,"CFrame":[-0.03712549805641174,-0.05027115345001221,0.5293111801147461,-0.3885941803455353,-0.2665082514286041,0.882024884223938,-0.6911581754684448,0.7173563838005066,-0.087751105427742,-0.6093397736549377,-0.6437183022499085,-0.4629599153995514],"EasingStyle":"Linear","EasingDirection":"In"},"Head":{"Weight":1,"CFrame":[1.4156103134155274e-7,-7.450580596923828e-9,2.384185791015625e-7,0.9518690705299377,-0.29153674840927126,0.09461291879415512,0.2504887580871582,0.9178106784820557,0.3080243468284607,-0.17663715779781342,-0.26949936151504519,0.9466622471809387],"EasingStyle":"Linear","EasingDirection":"In"},"Torso":{"Weight":1,"CFrame":[8.151477715045985e-9,5.312175599034817e-15,-0.19927453994750977,0.9163194894790649,0.3990084230899811,-0.03392386808991432,-0.39977577328681948,0.906586766242981,-0.13520283997058869,-0.023192148655653,0.1374509483575821,0.9902369976043701],"EasingStyle":"Linear","EasingDirection":"In"},"HumanoidRootPart":{"Weight":0,"CFrame":[0,0,0,1,0,0,0,1,0,0,0,1],"EasingStyle":"Linear","EasingDirection":"In"},"Right Leg":{"Weight":1,"CFrame":[0.07395696640014649,0.22920966148376466,0.018963336944580079,0.9647318720817566,-0.22142605483531953,-0.14234775304794312,0.237026184797287,0.9659364223480225,0.10385265946388245,0.11450330913066864,-0.13393013179302216,0.9843534827232361],"EasingStyle":"Linear","EasingDirection":"In"}}},{"Time":0.3333333432674408,"poses":{"Left Leg":{"Weight":1,"CFrame":[0.023330047726631166,0.24624866247177125,0.017722368240356447,0.9314503073692322,0.04316778481006622,0.3612988591194153,-0.11262653023004532,0.9783794283866882,0.17346175014972688,-0.3459993898868561,-0.20226289331912995,0.9161736369132996],"EasingStyle":"Linear","EasingDirection":"In"},"Right Arm":{"Weight":1,"CFrame":[0.26439225673675539,-0.07951498031616211,0.4627039432525635,-0.15718965232372285,0.12418767064809799,-0.9797289371490479,0.7163887023925781,0.6971954107284546,-0.026564262807369233,0.6797636151313782,-0.706042468547821,-0.19855856895446778],"EasingStyle":"Linear","EasingDirection":"In"},"Left Arm":{"Weight":1,"CFrame":[-0.03974667191505432,-0.04247236251831055,0.5406360626220703,-0.40014153718948367,-0.2595547139644623,0.8789300918579102,-0.7273716926574707,0.6733715534210205,-0.13229134678840638,-0.5575097799301148,-0.692244291305542,-0.4582367539405823],"EasingStyle":"Linear","EasingDirection":"In"},"Head":{"Weight":1,"CFrame":[1.7136335372924806e-7,-9.313225746154786e-10,-1.7881393432617188e-7,0.9563964605331421,-0.2802085280418396,0.08239495009183884,0.2429092526435852,0.9197479486465454,0.30831605195999148,-0.16217535734176637,-0.27485787868499758,0.9477089643478394],"EasingStyle":"Linear","EasingDirection":"In"},"Torso":{"Weight":1,"CFrame":[3.109688506697239e-9,2.026528232130045e-15,-0.16588449478149415,0.9197746515274048,0.3907824456691742,-0.036105427891016009,-0.3916262090206146,0.9080120921134949,-0.1488051861524582,-0.02536628022789955,0.15100707113742829,0.9882071614265442],"EasingStyle":"Linear","EasingDirection":"In"},"HumanoidRootPart":{"Weight":0,"CFrame":[0,0,0,1,0,0,0,1,0,0,0,1],"EasingStyle":"Linear","EasingDirection":"In"},"Right Leg":{"Weight":1,"CFrame":[0.05069154500961304,0.18576395511627198,0.013176202774047852,0.9565988183021545,-0.2480067014694214,-0.15300758183002473,0.2643824815750122,0.9594504237174988,0.097758948802948,0.12255840748548508,-0.13396865129470826,0.9833777546882629],"EasingStyle":"Linear","EasingDirection":"In"}}},{"Time":0.36666667461395266,"poses":{"Left Leg":{"Weight":1,"CFrame":[0.03271840512752533,0.22372931241989137,0.025165557861328126,0.9341760277748108,0.04996717721223831,0.3532966077327728,-0.1161457896232605,0.9788047671318054,0.16867557168006898,-0.33738014101982119,-0.19860655069351197,0.9201793670654297],"EasingStyle":"Linear","EasingDirection":"In"},"Right Arm":{"Weight":1,"CFrame":[0.26313698291778567,-0.07943212985992432,0.4666515588760376,-0.1484900265932083,0.11482985317707062,-0.9822244644165039,0.7585660219192505,0.650449812412262,-0.03863510116934776,0.634451150894165,-0.7508189678192139,-0.18369127810001374],"EasingStyle":"Linear","EasingDirection":"In"},"Left Arm":{"Weight":1,"CFrame":[-0.04163098335266113,-0.034672826528549197,0.5469405651092529,-0.4016391336917877,-0.2631997764110565,0.8771612644195557,-0.7660703063011169,0.6213988661766052,-0.16431620717048646,-0.5018189549446106,-0.7379629611968994,-0.45120757818222048],"EasingStyle":"Linear","EasingDirection":"In"},"Head":{"Weight":1,"CFrame":[1.564621925354004e-7,7.450580596923828e-8,1.1920928955078126e-7,0.9603003859519959,-0.26985129714012148,0.07073509693145752,0.2390672266483307,0.9267305731773377,0.2898574471473694,-0.14377078413963319,-0.2614397704601288,0.9544522762298584],"EasingStyle":"Linear","EasingDirection":"In"},"Torso":{"Weight":1,"CFrame":[5.155520454991347e-11,3.359671812861702e-17,-0.1456313133239746,0.9229996800422669,0.3832283914089203,-0.034750234335660937,-0.3840521574020386,0.9118099212646484,-0.1452811360359192,-0.023990247398614885,0.1474403440952301,0.9887799620628357],"EasingStyle":"Linear","EasingDirection":"In"},"HumanoidRootPart":{"Weight":0,"CFrame":[0,0,0,1,0,0,0,1,0,0,0,1],"EasingStyle":"Linear","EasingDirection":"In"},"Right Leg":{"Weight":1,"CFrame":[0.039560675621032718,0.16549885272979737,0.00843501091003418,0.9561707377433777,-0.24435774981975556,-0.16132831573486329,0.26223430037498476,0.9597541689872742,0.10052436590194702,0.13027158379554749,-0.13842427730560304,0.9817678332328796],"EasingStyle":"Linear","EasingDirection":"In"}}},{"Time":0.4000000059604645,"poses":{"Left Leg":{"Weight":1,"CFrame":[0.03083363175392151,0.21105605363845826,0.031134605407714845,0.9394217729568481,0.02619747258722782,0.3417607843875885,-0.0893804058432579,0.9813016057014465,0.1704651266336441,-0.33090469241142275,-0.19068534672260285,0.9241976141929627],"EasingStyle":"Linear","EasingDirection":"In"},"Right Arm":{"Weight":1,"CFrame":[0.25969552993774416,-0.07885664701461792,0.47185683250427248,-0.14241650700569154,0.11402048915624619,-0.9832175970077515,0.8024240732192993,0.5948812365531921,-0.04724261164665222,0.5795111060142517,-0.7956856489181519,-0.17621365189552308],"EasingStyle":"Linear","EasingDirection":"In"},"Left Arm":{"Weight":1,"CFrame":[-0.042921483516693118,-0.02668777108192444,0.5521019697189331,-0.391324520111084,-0.2748688757419586,0.8782438039779663,-0.8072447776794434,0.560740053653717,-0.18419095873832704,-0.44183817505836489,-0.7810362577438355,-0.4413178861141205],"EasingStyle":"Linear","EasingDirection":"In"},"Head":{"Weight":1,"CFrame":[1.2852251529693604e-7,-4.0978193283081057e-8,0,0.9634809494018555,-0.26081007719039919,0.06068405508995056,0.23787148296833039,0.9376820921897888,0.2533169090747833,-0.12296995520591736,-0.2296309769153595,0.9654781222343445],"EasingStyle":"Linear","EasingDirection":"In"},"Torso":{"Weight":1,"CFrame":[-1.5188383883923962e-9,-9.898020445799072e-16,-0.13523101806640626,0.9258795976638794,0.37662240862846377,-0.03004194051027298,-0.3773280084133148,0.9176982641220093,-0.12431219965219498,-0.019249318167567254,0.12643378973007203,0.9917882680892944],"EasingStyle":"Linear","EasingDirection":"In"},"HumanoidRootPart":{"Weight":0,"CFrame":[0,0,0,1,0,0,0,1,0,0,0,1],"EasingStyle":"Linear","EasingDirection":"In"},"Right Leg":{"Weight":1,"CFrame":[0.03930714726448059,0.16506165266036988,0.0056160688400268559,0.9632302522659302,-0.21070100367069245,-0.16671112179756165,0.23084691166877747,0.9664899706840515,0.11228026449680329,0.13746702671051026,-0.14663653075695039,0.9795920252799988],"EasingStyle":"Linear","EasingDirection":"In"}}},{"Time":0.4333333373069763,"poses":{"Left Leg":{"Weight":1,"CFrame":[0.017889022827148439,0.2003413438796997,0.03851783275604248,0.9450175762176514,-0.048749472945928577,0.32336553931236269,-0.01078796572983265,0.9836408495903015,0.17981751263141633,-0.3268415927886963,-0.17341916263103486,0.9290319681167603],"EasingStyle":"Linear","EasingDirection":"In"},"Right Arm":{"Weight":1,"CFrame":[0.2545534372329712,-0.0772942304611206,0.47797584533691409,-0.13828547298908235,0.11979632824659348,-0.9831205010414124,0.8454352021217346,0.5313234329223633,-0.05417538806796074,0.5158647894859314,-0.8386562466621399,-0.1747543215751648],"EasingStyle":"Linear","EasingDirection":"In"},"Left Arm":{"Weight":1,"CFrame":[-0.04384453594684601,-0.01824057102203369,0.5562351942062378,-0.3707495331764221,-0.29122236371040347,0.8818924427032471,-0.8483467698097229,0.4926294982433319,-0.19396844506263734,-0.37795838713645937,-0.8200644254684448,-0.4296998977661133],"EasingStyle":"Linear","EasingDirection":"In"},"Head":{"Weight":1,"CFrame":[1.5832483768463136e-7,2.1886080503463746e-8,-1.7881393432617188e-7,0.9656745195388794,-0.2535918653011322,0.056248344480991366,0.2395443469285965,0.9531524181365967,0.18471314013004304,-0.10045499354600907,-0.1648987978696823,0.9811815023422241],"EasingStyle":"Linear","EasingDirection":"In"},"Torso":{"Weight":1,"CFrame":[-2.0974013636987367e-9,-1.3668417145120955e-15,-0.13139915466308595,0.9283276200294495,0.3712632954120636,-0.019272800534963609,-0.3716674745082855,0.9256642460823059,-0.07077445834875107,-0.008435809053480626,0.07286495715379715,0.9973061680793762],"EasingStyle":"Linear","EasingDirection":"In"},"HumanoidRootPart":{"Weight":0,"CFrame":[0,0,0,1,0,0,0,1,0,0,0,1],"EasingStyle":"Linear","EasingDirection":"In"},"Right Leg":{"Weight":1,"CFrame":[0.05426199734210968,0.1832790970802307,0.002871394157409668,0.9782915115356445,-0.12449346482753754,-0.16567173600196839,0.1485244780778885,0.9787213802337647,0.141580268740654,0.1445205956697464,-0.16311310231685639,0.975965142250061],"EasingStyle":"Linear","EasingDirection":"In"}}},{"Time":0.46666666865348818,"poses":{"Left Leg":{"Weight":1,"CFrame":[0.00663844496011734,0.1743931770324707,0.05216407775878906,0.9367160201072693,-0.18957267701625825,0.2943217158317566,0.13593681156635285,0.9716908931732178,0.19323034584522248,-0.3226209282875061,-0.14099277555942536,0.9359683394432068],"EasingStyle":"Linear","EasingDirection":"In"},"Right Arm":{"Weight":1,"CFrame":[0.2481967657804489,-0.07425028085708618,0.48466408252716067,-0.13561317324638368,0.13018862903118134,-0.9821710586547852,0.8852434158325195,0.46109628677368166,-0.06111086532473564,0.44491931796073916,-0.8777477741241455,-0.1777792125940323],"EasingStyle":"Linear","EasingDirection":"In"},"Left Arm":{"Weight":1,"CFrame":[-0.04462739825248718,-0.009055942296981812,0.559454083442688,-0.34165215492248537,-0.3092094957828522,0.8875039219856262,-0.886842668056488,0.4186600148677826,-0.19553491473197938,-0.31110116839408877,-0.853881299495697,-0.41725632548332217],"EasingStyle":"Linear","EasingDirection":"In"},"Head":{"Weight":1,"CFrame":[1.5011755749583245e-7,2.393790055066347e-9,1.1920928955078126e-7,0.96694016456604,-0.24746951460838319,0.06152672693133354,0.24321341514587403,0.9675042629241943,0.06915707141160965,-0.07664164900779724,-0.05190663039684296,0.9957066774368286],"EasingStyle":"Linear","EasingDirection":"In"},"Torso":{"Weight":1,"CFrame":[-2.1800570237928697e-9,-1.4207063395730094e-15,-0.13085174560546876,0.9304641485214233,0.3663829565048218,0.00021689891582354903,-0.3662154972553253,0.9300206303596497,0.030786680057644845,0.011077993549406529,-0.028725333511829377,0.9995259642601013],"EasingStyle":"Linear","EasingDirection":"In"},"HumanoidRootPart":{"Weight":0,"CFrame":[0,0,0,1,0,0,0,1,0,0,0,1],"EasingStyle":"Linear","EasingDirection":"In"},"Right Leg":{"Weight":1,"CFrame":[0.08578422665596008,0.2055302858352661,-0.004192352294921875,0.9880546927452087,0.03462629392743111,-0.15016302466392518,-0.004532992374151945,0.980538010597229,0.19627711176872254,0.15403683483600617,-0.1932518482208252,0.9689821004867554],"EasingStyle":"Linear","EasingDirection":"In"}}},{"Time":0.5,"poses":{"Left Leg":{"Weight":1,"CFrame":[0.031284838914871219,0.12139618396759033,0.07335352897644043,0.8894410729408264,-0.37834295630455019,0.25641995668411257,0.3336845934391022,0.9209274053573608,0.20136357843875886,-0.31232860684394839,-0.09353765100240708,0.9453578591346741],"EasingStyle":"Linear","EasingDirection":"In"},"Right Arm":{"Weight":1,"CFrame":[0.24111121892929078,-0.06923359632492066,0.49157702922821047,-0.13421660661697389,0.14320144057273866,-0.9805504679679871,0.919830858707428,0.386106938123703,-0.06951767206192017,0.3686422109603882,-0.9112709760665894,-0.18354298174381257],"EasingStyle":"Linear","EasingDirection":"In"},"Left Arm":{"Weight":1,"CFrame":[-0.045496612787246707,0.0011422038078308106,0.561873197555542,-0.30616798996925356,-0.3261631429195404,0.8943594098091126,-0.9205148816108704,0.34096500277519228,-0.19077572226524354,-0.24272115528583527,-0.8816804885864258,-0.4046306014060974],"EasingStyle":"Linear","EasingDirection":"In"},"Head":{"Weight":1,"CFrame":[1.3969838619232179e-7,-3.073364496231079e-8,1.1920928955078126e-7,0.9677035808563232,-0.23983678221702577,0.07764080166816712,0.2465074360370636,0.9647343158721924,-0.09231369942426682,-0.05276251584291458,0.1084713339805603,0.9926983714103699],"EasingStyle":"Linear","EasingDirection":"In"},"Torso":{"Weight":1,"CFrame":[-1.935340776526573e-9,-1.2612296232419299e-15,-0.13247251510620118,0.9327031970024109,0.35955333709716799,0.028038475662469865,-0.35854944586753847,0.9161084294319153,0.17940931022167207,0.03882092610001564,-0.17738881707191468,0.9833748936653137],"EasingStyle":"Linear","EasingDirection":"In"},"HumanoidRootPart":{"Weight":0,"CFrame":[0,0,0,1,0,0,0,1,0,0,0,1],"EasingStyle":"Linear","EasingDirection":"In"},"Right Leg":{"Weight":1,"CFrame":[0.11174245178699494,0.20414257049560548,-0.01870483160018921,0.9617549777030945,0.2512383460998535,-0.1091177687048912,-0.21437904238700868,0.938384473323822,0.2710649371147156,0.17049634456634522,-0.23730553686618806,0.9563561677932739],"EasingStyle":"Linear","EasingDirection":"In"}}},{"Time":0.5333333611488342,"poses":{"Left Leg":{"Weight":1,"CFrame":[0.07112017273902893,0.06679463386535645,0.08701443672180176,0.8111380338668823,-0.5409182906150818,0.22240155935287476,0.5036749839782715,0.8393513560295105,0.20445266366004945,-0.2972652018070221,-0.05382124334573746,0.9532768130302429],"EasingStyle":"Linear","EasingDirection":"In"},"Right Arm":{"Weight":1,"CFrame":[0.23378261923789979,-0.06174856424331665,0.4983711242675781,-0.1342860460281372,0.15683551132678986,-0.9784528017044067,0.9477037191390991,0.30881500244140627,-0.08056614547967911,0.2895253896713257,-0.9381023049354553,-0.19010323286056519],"EasingStyle":"Linear","EasingDirection":"In"},"Left Arm":{"Weight":1,"CFrame":[-0.04667896032333374,0.012629866600036621,0.5636062622070313,-0.26691174507141116,-0.33992907404899599,0.9017795324325562,-0.9477497935295105,0.26223498582839968,-0.18166786432266236,-0.17472387850284577,-0.9031506180763245,-0.3921612799167633],"EasingStyle":"Linear","EasingDirection":"In"},"Head":{"Weight":1,"CFrame":[1.1548399925231934e-7,2.421438694000244e-8,2.384185791015625e-7,0.9684991836547852,-0.23029732704162599,0.09472302347421646,0.2466532289981842,0.9394768476486206,-0.23779280483722688,-0.034227076917886737,0.2536659240722656,0.9666861295700073],"EasingStyle":"Linear","EasingDirection":"In"},"Torso":{"Weight":1,"CFrame":[-5.610250042309417e-10,-3.6561248078967857e-16,-0.14157438278198243,0.9349652528762817,0.3507612943649292,0.05297638103365898,-0.34899675846099856,0.8827528953552246,0.31456100940704348,0.0635707825422287,-0.31259217858314516,0.9477578401565552],"EasingStyle":"Linear","EasingDirection":"In"},"HumanoidRootPart":{"Weight":0,"CFrame":[0,0,0,1,0,0,0,1,0,0,0,1],"EasingStyle":"Linear","EasingDirection":"In"},"Right Leg":{"Weight":1,"CFrame":[0.10744744539260864,0.18617135286331178,-0.030984222888946534,0.9015816450119019,0.42887529730796816,-0.05671438202261925,-0.38854941725730898,0.8604117631912231,0.3297286927700043,0.19021017849445344,-0.2752409279346466,0.9423706531524658],"EasingStyle":"Linear","EasingDirection":"In"}}},{"Time":0.5666666626930237,"poses":{"Left Leg":{"Weight":1,"CFrame":[0.08014044165611267,0.05379617214202881,0.08957445621490479,0.7653650641441345,-0.6096432209014893,0.20627988874912263,0.5749645829200745,0.7916945219039917,0.2064838707447052,-0.2891920804977417,-0.03943191468715668,0.956458568572998],"EasingStyle":"Linear","EasingDirection":"In"},"Right Arm":{"Weight":1,"CFrame":[0.22669732570648194,-0.05130326747894287,0.5047017335891724,-0.13640670478343965,0.1691366583108902,-0.9761075973510742,0.9680414795875549,0.23207318782806397,-0.0950666144490242,0.2104492485523224,-0.9578803777694702,-0.19538770616054536],"EasingStyle":"Linear","EasingDirection":"In"},"Left Arm":{"Weight":1,"CFrame":[-0.04840096831321716,0.025682449340820314,0.5647683143615723,-0.22693514823913575,-0.348979115486145,0.9092381596565247,-0.9677554368972778,0.1855935901403427,-0.17030681669712068,-0.10931523144245148,-0.9185687899589539,-0.37984412908554079],"EasingStyle":"Linear","EasingDirection":"In"},"Head":{"Weight":1,"CFrame":[2.0116567611694337e-7,-1.1734664440155029e-7,0,0.9689716100692749,-0.22497810423374177,0.10236627608537674,0.24569015204906465,0.9219615459442139,-0.2993714213371277,-0.02702571079134941,0.3152328431606293,0.9486294984817505],"EasingStyle":"Linear","EasingDirection":"In"},"Torso":{"Weight":1,"CFrame":[2.9031461679096539e-9,1.8919277087895219e-15,-0.16451644897460938,0.9360579252243042,0.3460724353790283,0.06347784399986267,-0.34398549795150759,0.8622069954872131,0.3718508780002594,0.07395627349615097,-0.3699094355106354,0.9261195659637451],"EasingStyle":"Linear","EasingDirection":"In"},"HumanoidRootPart":{"Weight":0,"CFrame":[0,0,0,1,0,0,0,1,0,0,0,1],"EasingStyle":"Linear","EasingDirection":"In"},"Right Leg":{"Weight":1,"CFrame":[0.11480069905519486,0.186129629611969,-0.034567415714263919,0.8634023666381836,0.5036396384239197,-0.029721574857831,-0.46272456645965578,0.8139840364456177,0.3511638939380646,0.2010529637336731,-0.2894428074359894,0.9358421564102173],"EasingStyle":"Linear","EasingDirection":"In"}}},{"Time":0.6000000238418579,"poses":{"Left Leg":{"Weight":1,"CFrame":[0.033809810876846316,0.09698992967605591,0.08365821838378906,0.7794486880302429,-0.5896065831184387,0.21171623468399049,0.5519919991493225,0.8061949014663696,0.21296630799770356,-0.2962508499622345,-0.049130603671073917,0.9538456797599793],"EasingStyle":"Linear","EasingDirection":"In"},"Right Arm":{"Weight":1,"CFrame":[0.22034049034118653,-0.037403106689453128,0.5102250576019287,-0.14152981340885163,0.17824295163154603,-0.9737550020217896,0.9807559251785278,0.1588824838399887,-0.11346449702978134,0.13448825478553773,-0.9710745811462402,-0.1972992867231369],"EasingStyle":"Linear","EasingDirection":"In"},"Left Arm":{"Weight":1,"CFrame":[-0.050889670848846439,0.04057621955871582,0.5654729604721069,-0.18959136307239533,-0.3524554371833801,0.9164225459098816,-0.9806484580039978,0.11438355594873429,-0.15888674557209016,-0.048823148012161258,-0.9288119077682495,-0.36732107400894167],"EasingStyle":"Linear","EasingDirection":"In"},"Head":{"Weight":1,"CFrame":[1.4901161193847657e-7,3.3527612686157229e-8,1.1920928955078126e-7,0.9678001403808594,-0.23034338653087617,0.10151246190071106,0.24950742721557618,0.9311788082122803,-0.2658044993877411,-0.033299967646598819,0.28257375955581667,0.9586673974990845],"EasingStyle":"Linear","EasingDirection":"In"},"Torso":{"Weight":1,"CFrame":[9.417419732926647e-9,6.13716747845214e-15,-0.2076582908630371,0.9343975186347961,0.3513023853302002,0.05905816704034805,-0.3493691682815552,0.8713299036026001,0.3445654511451721,0.06958752870559693,-0.3425942361354828,0.9369027614593506],"EasingStyle":"Linear","EasingDirection":"In"},"HumanoidRootPart":{"Weight":0,"CFrame":[0,0,0,1,0,0,0,1,0,0,0,1],"EasingStyle":"Linear","EasingDirection":"In"},"Right Leg":{"Weight":1,"CFrame":[0.17287577688694,0.2165878415107727,-0.030923843383789064,0.8726761341094971,0.4868912994861603,-0.03705688193440437,-0.4470391869544983,0.827164351940155,0.34052175283432009,0.19644923508167268,-0.28059929609298708,0.9395061135292053],"EasingStyle":"Linear","EasingDirection":"In"}}},{"Time":0.6333333253860474,"poses":{"Left Leg":{"Weight":1,"CFrame":[-0.0803338885307312,0.16022175550460816,0.062023162841796878,0.8073216676712036,-0.5457331538200378,0.22451508045196534,0.4994172155857086,0.8345306515693665,0.23268230259418488,-0.31434714794158938,-0.07572276890277863,0.946283221244812],"EasingStyle":"Linear","EasingDirection":"In"},"Right Arm":{"Weight":1,"CFrame":[0.2151983082294464,-0.01955544948577881,0.5145962238311768,-0.1508873850107193,0.18239754438400269,-0.9715781807899475,0.9864298701286316,0.0921296626329422,-0.13589805364608766,0.06472364813089371,-0.9788990020751953,-0.19382356107234956],"EasingStyle":"Linear","EasingDirection":"In"},"Left Arm":