{"Sequence":[{"Time":0,"poses":{"Left Leg":{"Weight":1,"CFrame":[-0.7548351883888245,0.1363534927368164,-0.2411634922027588,0.8772304058074951,-0.359954833984375,-0.31764695048332217,0.4147789776325226,0.9014370441436768,0.12397438287734986,0.2417135238647461,-0.24050737917423249,0.9400695562362671],"EasingStyle":"Linear","EasingDirection":"In"},"Right Arm":{"Weight":1,"CFrame":[0.39915895462036135,-0.6208023428916931,0.1413503885269165,-0.8494370579719544,-0.5011693835258484,0.16518539190292359,0.5276805758476257,-0.8086105585098267,0.26019635796546938,0.0031682695262134077,0.3081854581832886,0.951321005821228],"EasingStyle":"Linear","EasingDirection":"In"},"Head":{"Weight":1,"CFrame":[-4.470348358154297e-8,0,-2.384185791015625e-7,0.8777660727500916,0.40027064085006716,0.26326850056648257,-0.4086911678314209,0.9123439788818359,-0.02449698932468891,-0.2499968707561493,-0.08609285950660706,0.9644114971160889],"EasingStyle":"Linear","EasingDirection":"In"},"Right Leg":{"Weight":1,"CFrame":[0.4659823179244995,0.6647223234176636,-0.07239192724227905,0.9669305682182312,0.03241879865527153,-0.2529706060886383,0.05997693911194801,0.9351663589477539,0.34909412264823916,0.24788689613342286,-0.35272228717803957,0.9022966623306274],"EasingStyle":"Linear","EasingDirection":"In"},"Torso":{"Weight":1,"CFrame":[-0.25363820791244509,-0.1720450520515442,-0.4144103527069092,0.8625463247299194,-0.4890398681163788,-0.1298230141401291,0.47296422719955447,0.8704382181167603,-0.13653631508350373,0.17977464199066163,0.05636723339557648,0.9820915460586548],"EasingStyle":"Linear","EasingDirection":"In"},"HumanoidRootPart":{"Weight":1,"CFrame":[0,0,0,1,0,0,0,1,0,0,0,1],"EasingStyle":"Linear","EasingDirection":"In"},"Left Arm":{"Weight":1,"CFrame":[0.14406073093414308,-0.09006604552268982,0.318020224571228,0.1778945028781891,-0.07002922147512436,0.9815546274185181,-0.9765178561210632,0.11061150580644608,0.18487325310707093,-0.12151780724525452,-0.991393506526947,-0.0487075001001358],"EasingStyle":"Linear","EasingDirection":"In"}}},{"Time":0.03333333507180214,"poses":{"Left Leg":{"Weight":1,"CFrame":[-0.7456225156784058,0.10878461599349976,-0.23714804649353028,0.8657665252685547,-0.38351374864578249,-0.32150527834892275,0.44014668464660647,0.8892549872398377,0.124485544860363,0.23815813660621644,-0.2492848038673401,0.9386894106864929],"EasingStyle":"Linear","EasingDirection":"In"},"Right Arm":{"Weight":1,"CFrame":[0.3958611488342285,-0.5887038111686707,0.14185822010040284,-0.867906391620636,-0.4798053205013275,0.12855128943920136,0.4967048764228821,-0.8407902121543884,0.2153049111366272,0.004780218005180359,0.2507163882255554,0.9680488109588623],"EasingStyle":"Linear","EasingDirection":"In"},"Head":{"Weight":1,"CFrame":[1.4156103134155274e-7,-1.4901161193847657e-8,3.5762786865234377e-7,0.8709292411804199,0.4019624590873718,0.2826809883117676,-0.40493080019950869,0.9129461646080017,-0.05060137063264847,-0.2784123718738556,-0.07039602100849152,0.9578784108161926],"EasingStyle":"Linear","EasingDirection":"In"},"Right Leg":{"Weight":1,"CFrame":[0.4767018258571625,0.6191562414169312,-0.04811471700668335,0.9659630656242371,0.06571575999259949,-0.2501937448978424,0.023541726171970369,0.9408466815948486,0.33801379799842837,0.2576068043708801,-0.3323988616466522,0.9072760939598084],"EasingStyle":"Linear","EasingDirection":"In"},"Torso":{"Weight":1,"CFrame":[-0.25712502002716067,-0.14386779069900514,-0.39302587509155276,0.8623713254928589,-0.48817119002342226,-0.13418148458003999,0.47810617089271548,0.8724390268325806,-0.10131475329399109,0.16652409732341767,0.02321794629096985,0.9857640266418457],"EasingStyle":"Linear","EasingDirection":"In"},"HumanoidRootPart":{"Weight":1,"CFrame":[0,0,0,1,0,0,0,1,0,0,0,1],"EasingStyle":"Linear","EasingDirection":"In"},"Left Arm":{"Weight":1,"CFrame":[0.14534705877304078,-0.06150433421134949,0.3224172592163086,0.16289611160755158,-0.07320216298103333,0.9839239716529846,-0.9856929779052734,0.03168380632996559,0.16554628312587739,-0.04329288750886917,-0.9968137741088867,-0.06699366867542267],"EasingStyle":"Linear","EasingDirection":"In"}}},{"Time":0.06666667014360428,"poses":{"Left Leg":{"Weight":1,"CFrame":[-0.7005172371864319,0.08523881435394287,-0.21730750799179078,0.8696579337120056,-0.3766697943210602,-0.31908491253852847,0.4339158236980438,0.8914883136749268,0.13025237619876862,0.2353983223438263,-0.2517309784889221,0.9387327432632446],"EasingStyle":"Linear","EasingDirection":"In"},"Right Arm":{"Weight":1,"CFrame":[0.3934881389141083,-0.5656051635742188,0.14222359657287599,-0.8805137276649475,-0.462709903717041,0.10293317586183548,0.47399842739105227,-0.8615715503692627,0.18171410262584687,0.004603364039212465,0.2087917923927307,0.9779492616653442],"EasingStyle":"Linear","EasingDirection":"In"},"Head":{"Weight":1,"CFrame":[1.2665987014770509e-7,-3.259629011154175e-9,2.384185791015625e-7,0.8680394291877747,0.40272846817970278,0.2903744578361511,-0.4032137095928192,0.9130702614784241,-0.061003975570201877,-0.28970035910606387,-0.06412910670042038,0.9549666047096252],"EasingStyle":"Linear","EasingDirection":"In"},"Right Leg":{"Weight":1,"CFrame":[0.4524310529232025,0.5466182231903076,-0.009845495223999024,0.9623528718948364,0.07537374645471573,-0.26114335656166079,0.01014139223843813,0.9501541256904602,0.311615526676178,0.2716141641139984,-0.302532434463501,0.9136191010475159],"EasingStyle":"Linear","EasingDirection":"In"},"Torso":{"Weight":1,"CFrame":[-0.2530120611190796,-0.12158124893903732,-0.3443889617919922,0.8622406721115112,-0.4897853136062622,-0.12904036045074464,0.4842463433742523,0.8718426823616028,-0.0734565481543541,0.1484808325767517,0.0008499008254148066,0.9889149069786072],"EasingStyle":"Linear","EasingDirection":"In"},"HumanoidRootPart":{"Weight":1,"CFrame":[0,0,0,1,0,0,0,1,0,0,0,1],"EasingStyle":"Linear","EasingDirection":"In"},"Left Arm":{"Weight":1,"CFrame":[0.14627280831336976,-0.024373888969421388,0.32558155059814455,0.14386945962905885,-0.07704322040081024,0.9865930676460266,-0.9891606569290161,-0.04078773036599159,0.1410587728023529,0.02937324345111847,-0.9961931109428406,-0.08207608759403229],"EasingStyle":"Linear","EasingDirection":"In"}}},{"Time":0.10000000149011612,"poses":{"Left Leg":{"Weight":1,"CFrame":[-0.6247945427894592,0.07339209318161011,-0.18594610691070558,0.88826584815979,-0.33768564462661745,-0.3113715946674347,0.394321471452713,0.9082645177841187,0.13987933099269868,0.23557239770889283,-0.24703052639961244,0.9399369955062866],"EasingStyle":"Linear","EasingDirection":"In"},"Right Arm":{"Weight":1,"CFrame":[0.3920538127422333,-0.5516445636749268,0.14244461059570313,-0.8878336548805237,-0.45171135663986208,0.08779799938201904,0.4601477384567261,-0.8731313347816467,0.16095255315303803,0.003955099731683731,0.18329904973506928,0.983049213886261],"EasingStyle":"Linear","EasingDirection":"In"},"Head":{"Weight":1,"CFrame":[9.685754776000977e-8,2.9802322387695315e-8,0,0.8709292411804199,0.4019625186920166,0.2826809585094452,-0.40493083000183108,0.9129462242126465,-0.05060138553380966,-0.2784123718738556,-0.07039599120616913,0.9578784108161926],"EasingStyle":"Linear","EasingDirection":"In"},"Right Leg":{"Weight":1,"CFrame":[0.39317619800567629,0.466627299785614,0.023822307586669923,0.9577895998954773,0.05459152162075043,-0.2822389006614685,0.027478478848934175,0.9599210023880005,0.27892032265663149,0.28615376353263857,-0.2749025523662567,0.9179023504257202],"EasingStyle":"Linear","EasingDirection":"In"},"Torso":{"Weight":1,"CFrame":[-0.24285493791103364,-0.11083824187517166,-0.2824544906616211,0.8619446754455566,-0.49347296357154848,-0.1163439154624939,0.4898364245891571,0.8697454333305359,-0.06002778932452202,0.1308116763830185,-0.0052488637156784538,0.9913933277130127],"EasingStyle":"Linear","EasingDirection":"In"},"HumanoidRootPart":{"Weight":1,"CFrame":[0,0,0,1,0,0,0,1,0,0,0,1],"EasingStyle":"Linear","EasingDirection":"In"},"Left Arm":{"Weight":1,"CFrame":[0.14683237671852113,0.012755632400512696,0.3274940252304077,0.12007755786180496,-0.08674363791942597,0.9889676570892334,-0.9895417094230652,-0.09066151082515717,0.11219522356987,0.07992906868457794,-0.9920968413352966,-0.09672266244888306],"EasingStyle":"Linear","EasingDirection":"In"}}},{"Time":0.13333334028720857,"poses":{"Left Leg":{"Weight":1,"CFrame":[-0.5234010815620422,0.07462698221206665,-0.14758872985839845,0.9168775081634522,-0.2639441192150116,-0.2994484007358551,0.3186550438404083,0.9357904195785523,0.150848388671875,0.2404053807258606,-0.233730286359787,0.9421122074127197],"EasingStyle":"Linear","EasingDirection":"In"},"Right Arm":{"Weight":1,"CFrame":[0.39157262444496157,-0.546960711479187,0.1425187587738037,-0.8902369737625122,-0.44791218638420107,0.08278297632932663,0.4554832875728607,-0.8768380880355835,0.1539153754711151,0.0036467243917286398,0.17472733557224275,0.9846100807189941],"EasingStyle":"Linear","EasingDirection":"In"},"Head":{"Weight":1,"CFrame":[2.9802322387695315e-8,2.60770320892334e-8,-3.5762786865234377e-7,0.8777660727500916,0.40027058124542239,0.26326853036880495,-0.4086911082267761,0.9123440384864807,-0.02449692413210869,-0.2499968409538269,-0.08609293401241303,0.9644115567207336],"EasingStyle":"Linear","EasingDirection":"In"},"Right Leg":{"Weight":1,"CFrame":[0.30929774045944216,0.39551544189453127,0.04166972637176514,0.9513766765594482,0.001239363569766283,-0.308027446269989,0.07860765606164932,0.965904951095581,0.24667486548423768,0.2978309988975525,-0.25889405608177187,0.9188419580459595],"EasingStyle":"Linear","EasingDirection":"In"},"Torso":{"Weight":1,"CFrame":[-0.2283000349998474,-0.1165429875254631,-0.22129535675048829,0.861447274684906,-0.4982721209526062,-0.09815031290054321,0.4938146471977234,0.866969883441925,-0.06715872883796692,0.11855669319629669,0.00938563421368599,0.992902934551239],"EasingStyle":"Linear","EasingDirection":"In"},"HumanoidRootPart":{"Weight":1,"CFrame":[0,0,0,1,0,0,0,1,0,0,0,1],"EasingStyle":"Linear","EasingDirection":"In"},"Left Arm":{"Weight":1,"CFrame":[0.14702007174491883,0.041316449642181399,0.32813572883605959,0.09666931629180908,-0.09988589584827423,0.9902918934822083,-0.9901403784751892,-0.11099057644605637,0.08545947074890137,0.10137680172920227,-0.9887890815734863,-0.10963036864995957],"EasingStyle":"Linear","EasingDirection":"In"}}},{"Time":0.1666666716337204,"poses":{"Left Leg":{"Weight":1,"CFrame":[-0.4095798432826996,0.08133560419082642,-0.10863238573074341,0.9435069561004639,-0.16675955057144166,-0.2863319516181946,0.21859438717365266,0.9626683592796326,0.159644216299057,0.24902038276195527,-0.21321602165699006,0.9447369575500488],"EasingStyle":"Linear","EasingDirection":"In"},"Right Arm":{"Weight":1,"CFrame":[0.3921399712562561,-0.5524826049804688,0.14243125915527345,-0.8874010443687439,-0.4523850381374359,0.08869820088148117,0.4609810709953308,-0.8724592924118042,0.16220742464065553,0.00400554109364748,0.18483111262321473,0.9827621579170227],"EasingStyle":"Linear","EasingDirection":"In"},"Head":{"Weight":1,"CFrame":[1.1175870895385742e-7,7.450580596923828e-9,-4.172325134277344e-7,0.885809600353241,0.39855191111564639,0.23769283294677735,-0.41243138909339907,0.9109382629394531,0.00958979595452547,-0.2127014547586441,-0.10652671754360199,0.9712930917739868],"EasingStyle":"Linear","EasingDirection":"In"},"Right Leg":{"Weight":1,"CFrame":[0.2264675796031952,0.3439509868621826,0.04388713836669922,0.9411658644676209,-0.06891359388828278,-0.33084386587142947,0.14815425872802735,0.964033842086792,0.22065609693527223,0.3037385046482086,-0.25668996572494509,0.9175257086753845],"EasingStyle":"Linear","EasingDirection":"In"},"Torso":{"Weight":1,"CFrame":[-0.21299564838409425,-0.13592395186424256,-0.17536091804504395,0.8609795570373535,-0.5024640560150147,-0.07901979982852936,0.4956614375114441,0.8636947274208069,-0.09138495475053787,0.11416664719581604,0.03951350972056389,0.9926755428314209],"EasingStyle":"Linear","EasingDirection":"In"},"HumanoidRootPart":{"Weight":1,"CFrame":[0,0,0,1,0,0,0,1,0,0,0,1],"EasingStyle":"Linear","EasingDirection":"In"},"Left Arm":{"Weight":1,"CFrame":[0.14679867029190064,0.05274122953414917,0.32737934589385989,0.07953835278749466,-0.1117684543132782,0.9905460476875305,-0.9928016066551209,-0.09814775735139847,0.06864495575428009,0.08954750746488571,-0.9888756275177002,-0.11877033114433289],"EasingStyle":"Linear","EasingDirection":"In"}}},{"Time":0.20000000298023225,"poses":{"Left Leg":{"Weight":1,"CFrame":[-0.33091041445732119,0.08749943971633911,-0.08363121747970581,0.9575350284576416,-0.08331096172332764,-0.2760184407234192,0.1321152150630951,0.9777040481567383,0.16321922838687898,0.2562662959098816,-0.192754328250885,0.947192370891571],"EasingStyle":"Linear","EasingDirection":"In"},"Right Arm":{"Weight":1,"CFrame":[0.39360296726226809,-0.5667232871055603,0.14220595359802247,-0.8799176812171936,-0.46356919407844546,0.1041567474603653,0.4751037657260895,-0.8606130480766296,0.18336211144924165,0.0046377032995224,0.2108287662267685,0.977512001991272],"EasingStyle":"Linear","EasingDirection":"In"},"Head":{"Weight":1,"CFrame":[1.043081283569336e-7,-2.9802322387695315e-8,1.1920928955078126e-7,0.8928765654563904,0.3973819613456726,0.21179965138435365,-0.4148627519607544,0.9088312387466431,0.04375876113772392,-0.17510119080543519,-0.12693893909454347,0.9763330817222595],"EasingStyle":"Linear","EasingDirection":"In"},"Right Leg":{"Weight":1,"CFrame":[0.18257945775985719,0.33049529790878298,0.03950297832489014,0.9305290579795837,-0.12649469077587129,-0.3436783254146576,0.20670172572135926,0.9560918807983398,0.2077566385269165,0.30230802297592165,-0.2643624544143677,0.9158178567886353],"EasingStyle":"Linear","EasingDirection":"In"},"Torso":{"Weight":1,"CFrame":[-0.2015189528465271,-0.16311576962471009,-0.15905523300170899,0.8609291911125183,-0.5045971274375916,-0.06467393040657044,0.4946388602256775,0.8600078821182251,-0.1253746896982193,0.11888380348682404,0.07594847679138184,0.9899992346763611],"EasingStyle":"Linear","EasingDirection":"In"},"HumanoidRootPart":{"Weight":1,"CFrame":[0,0,0,1,0,0,0,1,0,0,0,1],"EasingStyle":"Linear","EasingDirection":"In"},"Left Arm":{"Weight":1,"CFrame":[0.14622801542282105,0.0444563627243042,0.32542848587036135,0.07152393460273743,-0.12013962119817734,0.9901771545410156,-0.996428370475769,-0.053281038999557498,0.06551089137792587,0.044887155294418338,-0.9913262724876404,-0.12352138757705689],"EasingStyle":"Linear","EasingDirection":"In"}}},{"Time":0.23333333432674409,"poses":{"Left Leg":{"Weight":1,"CFrame":[-0.37128812074661257,0.09949618577957154,-0.09625542163848877,0.9595208764076233,-0.0735781267285347,-0.27185678482055666,0.12056754529476166,0.9796610474586487,0.16039878129959107,0.2545255124568939,-0.1866830736398697,0.9488762617111206],"EasingStyle":"Linear","EasingDirection":"In"},"Right Arm":{"Weight":1,"CFrame":[0.3956035375595093,-0.5861952304840088,0.1418977975845337,-0.8693042993545532,-0.47801724076271059,0.1257365494966507,0.49425384402275088,-0.8431451916694641,0.21170583367347718,0.004815230146050453,0.24618250131607057,0.9692115187644959],"EasingStyle":"Linear","EasingDirection":"In"},"Head":{"Weight":1,"CFrame":[1.2665987014770509e-7,1.4901161193847657e-8,2.384185791015625e-7,0.8976364731788635,0.39685699343681338,0.19171184301376344,-0.4158390462398529,0.9067374467849731,0.07003816962242127,-0.14603716135025025,-0.14259007573127747,0.9789491295814514],"EasingStyle":"Linear","EasingDirection":"In"},"Right Leg":{"Weight":1,"CFrame":[0.20231038331985475,0.37550705671310427,0.03454017639160156,0.9277490377426148,-0.1473436802625656,-0.34288713335990908,0.22997738420963288,0.9493036866188049,0.21431958675384522,0.2939254939556122,-0.2776910960674286,0.9146012663841248],"EasingStyle":"Linear","EasingDirection":"In"},"Torso":{"Weight":1,"CFrame":[-0.1976039856672287,-0.19206684827804566,-0.18146133422851563,0.8615115284919739,-0.5042065382003784,-0.059780221432447436,0.49009937047958376,0.8565627932548523,-0.16156353056430818,0.1326669156551361,0.10989059507846832,0.9850500226020813],"EasingStyle":"Linear","EasingDirection":"In"},"HumanoidRootPart":{"Weight":1,"CFrame":[0,0,0,1,0,0,0,1,0,0,0,1],"EasingStyle":"Linear","EasingDirection":"In"},"Left Arm":{"Weight":1,"CFrame":[0.14544764161109925,0.02729099988937378,0.32276105880737307,0.07282756268978119,-0.12258249521255493,0.9897826313972473,-0.9971433877944946,0.010981793515384198,0.07472923398017883,-0.020030127838253976,-0.9923976063728333,-0.12143246829509735],"EasingStyle":"Linear","EasingDirection":"In"}}},{"Time":0.2666666805744171,"poses":{"Left Leg":{"Weight":1,"CFrame":[-0.47188135981559756,0.12291687726974487,-0.12941676378250123,0.9552370309829712,-0.11153540760278702,-0.2740112245082855,0.15792955458164216,0.9754449129104614,0.15351048111915589,0.25016099214553835,-0.18991348147392274,0.9493958353996277],"EasingStyle":"Linear","EasingDirection":"In"},"Right Arm":{"Weight":1,"CFrame":[0.39778319001197817,-0.6074123382568359,0.1415621042251587,-0.8572693467140198,-0.492603600025177,0.14977005124092103,0.5148519277572632,-0.8224899768829346,0.24173882603645326,0.004103109706193209,0.28434470295906069,0.9587133526802063],"EasingStyle":"Linear","EasingDirection":"In"},"Head":{"Weight":1,"CFrame":[8.940696716308594e-8,0,-5.960464477539063e-7,0.8993740677833557,0.3967384397983551,0.18364380300045014,-0.41601186990737917,0.9057857990264893,0.08053779602050781,-0.1343895047903061,-0.1488315612077713,0.9796881079673767],"EasingStyle":"Linear","EasingDirection":"In"},"Right Leg":{"Weight":1,"CFrame":[0.2554841637611389,0.4600979685783386,0.02077651023864746,0.9329211115837097,-0.13969342410564423,-0.3318794369697571,0.22602982819080354,0.9446609616279602,0.23775237798690797,0.28030118346214297,-0.2968188226222992,0.9128690958023071],"EasingStyle":"Linear","EasingDirection":"In"},"Torso":{"Weight":1,"CFrame":[-0.20119760930538178,-0.2158493995666504,-0.23207616806030274,0.8623842000961304,-0.502157986164093,-0.06427225470542908,0.4832202196121216,0.8543452024459839,-0.19129173457622529,0.15096935629844666,0.13390929996967317,0.9794266819953919],"EasingStyle":"Linear","EasingDirection":"In"},"HumanoidRootPart":{"Weight":1,"CFrame":[0,0,0,1,0,0,0,1,0,0,0,1],"EasingStyle":"Linear","EasingDirection":"In"},"Left Arm":{"Weight":1,"CFrame":[0.1445973515510559,0.005807995796203613,0.31985461711883547,0.08601031452417374,-0.11770308017730713,0.9893170595169067,-0.9923372268676758,0.07829310745000839,0.09558778256177902,-0.08870778232812882,-0.9899576902389526,-0.11006710678339005],"EasingStyle":"Linear","EasingDirection":"In"}}},{"Time":0.30000001192092898,"poses":{"Left Leg":{"Weight":1,"CFrame":[-0.573327898979187,0.14835423231124879,-0.1658191680908203,0.9445869326591492,-0.16847123205661775,-0.2817319929599762,0.2154870331287384,0.9656780362129211,0.14502187073230744,0.247630313038826,-0.19769537448883058,0.9484702944755554],"EasingStyle":"Linear","EasingDirection":"In"},"Right Arm":{"Weight":1,"CFrame":[0.39978379011154177,-0.6268839836120606,0.14125406742095948,-0.8458226323127747,-0.5048925280570984,0.1722431480884552,0.5334577560424805,-0.8020974397659302,0.2684444785118103,0.0026202574372291567,0.31894078850746157,0.9477710127830505],"EasingStyle":"Linear","EasingDirection":"In"},"Head":{"Weight":1,"CFrame":[5.960464477539063e-8,-5.960464477539063e-8,2.384185791015625e-7,0.8976364135742188,0.3968569338321686,0.19171187281608582,-0.4158388376235962,0.9067373275756836,0.07003815472126007,-0.14603713154792787,-0.14259003102779389,0.9789491295814514],"EasingStyle":"Linear","EasingDirection":"In"},"Right Leg":{"Weight":1,"CFrame":[0.3146645426750183,0.5527710318565369,-0.006785213947296143,0.9425474405288696,-0.11324218660593033,-0.31429368257522585,0.20365987718105317,0.9405330419540405,0.2718828618526459,0.2648151218891144,-0.3202716112136841,0.9095599055290222],"EasingStyle":"Linear","EasingDirection":"In"},"Torso":{"Weight":1,"CFrame":[-0.21122275292873383,-0.2274273931980133,-0.2951028347015381,0.8630406856536865,-0.4992614686489105,-0.07680369168519974,0.47624123096466067,0.8549007773399353,-0.2057642638683319,0.168389692902565,0.14100585877895356,0.9755830764770508],"EasingStyle":"Linear","EasingDirection":"In"},"HumanoidRootPart":{"Weight":1,"CFrame":[0,0,0,1,0,0,0,1,0,0,0,1],"EasingStyle":"Linear","EasingDirection":"In"},"Left Arm":{"Weight":1,"CFrame":[0.14381691813468934,-0.018214255571365358,0.31718719005584719,0.11024875938892365,-0.10790223628282547,0.9880295991897583,-0.9829933643341065,0.13505522906780244,0.12443611025810242,-0.146865576505661,-0.9849452972412109,-0.09117747098207474],"EasingStyle":"Linear","EasingDirection":"In"}}},{"Time":0.3333333432674408,"poses":{"Left Leg":{"Weight":1,"CFrame":[-0.6601532697677612,0.1617336869239807,-0.19993388652801515,0.9256377220153809,-0.23826920986175538,-0.2939774692058563,0.28735554218292239,0.9480651617050171,0.1363791674375534,0.24621480703353883,-0.21071386337280274,0.9460327625274658],"EasingStyle":"Linear","EasingDirection":"In"},"Right Arm":{"Weight":1,"CFrame":[0.40124672651290896,-0.6411248445510864,0.14102840423583985,-0.8372273445129395,-0.5131957530975342,0.18889334797859193,0.5468541383743286,-0.7863485813140869,0.28741344809532168,0.001036674017086625,0.3439273238182068,0.9389957189559937],"EasingStyle":"Linear","EasingDirection":"In"},"Head":{"Weight":1,"CFrame":[1.4901161193847657e-7,4.470348358154297e-8,-5.960464477539063e-8,0.8928765058517456,0.3973820209503174,0.21179968118667603,-0.4148627817630768,0.9088311195373535,0.043758805841207507,-0.17510119080543519,-0.12693898379802705,0.9763330221176148],"EasingStyle":"Linear","EasingDirection":"In"},"Right Leg":{"Weight":1,"CFrame":[0.3733632266521454,0.6267315745353699,-0.04079943895339966,0.953881025314331,-0.06919018924236298,-0.2921023666858673,0.16246341168880464,0.9372369647026062,0.3085329234600067,0.2524217367172241,-0.34175971150398257,0.9052533507347107],"EasingStyle":"Linear","EasingDirection":"In"},"Torso":{"Weight":1,"CFrame":[-0.22620858252048493,-0.22099414467811585,-0.35504770278930666,0.8631635904312134,-0.4958040714263916,-0.09553597122430802,0.4717026352882385,0.8593035340309143,-0.1977226585149765,0.1801261156797409,0.12560242414474488,0.9755914211273193],"EasingStyle":"Linear","EasingDirection":"In"},"HumanoidRootPart":{"Weight":1,"CFrame":[0,0,0,1,0,0,0,1,0,0,0,1],"EasingStyle":"Linear","EasingDirection":"In"},"Left Arm":{"Weight":1,"CFrame":[0.14324623346328736,-0.04371154308319092,0.31523609161376955,0.14209556579589845,-0.09423726052045822,0.9853569865226746,-0.9731948971748352,0.16855670511722566,0.15646208822727204,-0.1808331459760666,-0.9811768531799316,-0.06776000559329987],"EasingStyle":"Linear","EasingDirection":"In"}}},{"Time":0.36666667461395266,"poses":{"Left Leg":{"Weight":1,"CFrame":[-0.7236838936805725,0.15684247016906739,-0.22702008485794068,0.9005727767944336,-0.30740562081336977,-0.30736061930656435,0.35942256450653078,0.9242535829544067,0.12872684001922608,0.24450775980949403,-0.2264002561569214,0.9428462386131287],"EasingStyle":"Linear","EasingDirection":"In"},"Right Arm":{"Weight":1,"CFrame":[0.40181416273117068,-0.6466471552848816,0.14094126224517823,-0.8338466882705689,-0.5162574052810669,0.1953921914100647,0.5519959926605225,-0.7800582051277161,0.2946346402168274,0.0003100335889030248,0.3535357415676117,0.9354209303855896],"EasingStyle":"Linear","EasingDirection":"In"},"Head":{"Weight":1,"CFrame":[1.4901161193847657e-7,-4.470348358154297e-8,1.1920928955078126e-7,0.8858095407485962,0.398551881313324,0.23769284784793855,-0.41243135929107668,0.9109382033348084,0.00958982203155756,-0.2127014547586441,-0.10652671009302139,0.9712930917739868],"EasingStyle":"Linear","EasingDirection":"In"},"Right Leg":{"Weight":1,"CFrame":[0.4269649386405945,0.6667382121086121,-0.06765574216842652,0.9628967642784119,-0.016573533415794374,-0.2693605422973633,0.11051549017429352,0.9347981214523315,0.3375481963157654,0.2462034523487091,-0.35479265451431277,0.9019457697868347],"EasingStyle":"Linear","EasingDirection":"In"},"Torso":{"Weight":1,"CFrame":[-0.2420358806848526,-0.20013031363487245,-0.398928165435791,0.862882673740387,-0.4920719265937805,-0.1153201013803482,0.4706152677536011,0.8654825091362,-0.17164291441440583,0.18426819145679475,0.09383627772331238,0.9783864617347717],"EasingStyle":"Linear","EasingDirection":"In"},"HumanoidRootPart":{"Weight":1,"CFrame":[0,0,0,1,0,0,0,1,0,0,0,1],"EasingStyle":"Linear","EasingDirection":"In"},"Left Arm":{"Weight":1,"CFrame":[0.14302490651607514,-0.0695754885673523,0.3144798278808594,0.17606836557388307,-0.07396629452705383,0.9815951585769653,-0.9682502150535584,0.16675178706645966,0.18623992800712586,-0.1774582862854004,-0.983220636844635,-0.042257990688085559],"EasingStyle":"Linear","EasingDirection":"In"}}},{"Time":0.4000000059604645,"poses":{"Left Leg":{"Weight":1,"CFrame":[-0.7548351883888245,0.1363534927368164,-0.2411634922027588,0.8772304058074951,-0.359954833984375,-0.31764695048332217,0.4147789776325226,0.9014370441436768,0.12397438287734986,0.2417135238647461,-0.24050737917423249,0.9400695562362671],"EasingStyle":"Linear","EasingDirection":"In"},"Right Arm":{"Weight":1,"CFrame":[0.39915895462036135,-0.6208023428916931,0.1413503885269165,-0.8494370579719544,-0.5011693835258484,0.16518539190292359,0.5276805758476257,-0.8086105585098267,0.26019635796546938,0.0031682695262134077,0.3081854581832886,0.951321005821228],"EasingStyle":"Linear","EasingDirection":"In"},"Head":{"Weight":1,"CFrame":[-4.470348358154297e-8,0,-2.384185791015625e-7,0.8777660727500916,0.40027064085006716,0.26326850056648257,-0.4086911678314209,0.9123439788818359,-0.02449698932468891,-0.2499968707561493,-0.08609285950660706,0.9644114971160889],"EasingStyle":"Linear","EasingDirection":"In"},"Right Leg":{"Weight":1,"CFrame":[0.4659823179244995,0.6647223234176636,-0.07239192724227905,0.9669305682182312,0.03241879865527153,-0.2529706060886383,0.05997693911194801,0.9351663589477539,0.34909412264823916,0.24788689613342286,-0.35272228717803957,0.9022966623306274],"EasingStyle":"Linear","EasingDirection":"In"},"Torso":{"Weight":1,"CFrame":[-0.25363820791244509,-0.1720450520515442,-0.4144103527069092,0.8625463247299194,-0.4890398681163788,-0.1298230141401291,0.47296422719955447,0.8704382181167603,-0.13653631508350373,0.17977464199066163,0.05636723339557648,0.9820915460586548],"EasingStyle":"Linear","EasingDirection":"In"},"HumanoidRootPart":{"Weight":1,"CFrame":[0,0,0,1,0,0,0,1,0,0,0,1],"EasingStyle":"Linear","EasingDirection":"In"},"Left Arm":{"Weight":1,"CFrame":[0.14406073093414308,-0.09006604552268982,0.318020224571228,0.1778945028781891,-0.07002922147512436,0.9815546274185181,-0.9765178561210632,0.11061150580644608,0.18487325310707093,-0.12151780724525452,-0.991393506526947,-0.0487075001001358],"EasingStyle":"Linear","EasingDirection":"In"}}}],"Loop":true,"Name":"Doodle_Loop","Priority":"Action"}