{"Sequence":[{"Time":0,"poses":{"Left Leg":{"Weight":1,"CFrame":[-0.5693097710609436,0.22829848527908326,-0.022490203380584718,0.8478233218193054,0.5225666165351868,-0.09010915458202362,-0.5255268216133118,0.8507041335105896,-0.01114417053759098,0.07083260267972946,0.056803036481142047,0.9958695769309998],"EasingStyle":"Constant","EasingDirection":"In"},"Right Arm":{"Weight":1,"CFrame":[0.8771519660949707,-0.2577923536300659,-0.3180795907974243,-0.5258111357688904,-0.8202746510505676,-0.22510451078414918,0.6775645613670349,-0.5639005899429321,0.4721468389034271,-0.514226496219635,0.09573720395565033,0.8522942066192627],"EasingStyle":"Constant","EasingDirection":"In"},"Head":{"Weight":1,"CFrame":[7.941509494457932e-8,-3.553904548425635e-8,0,0.9998198747634888,-0.0021430980414152147,0.01886012963950634,-0.002143087098374963,0.9745078086853027,0.2243431806564331,-0.01886012963950634,-0.22434315085411073,0.9743277430534363],"EasingStyle":"Constant","EasingDirection":"In"},"Left Arm":{"Weight":1,"CFrame":[0.12128908932209015,-0.032614290714263919,0.010196566581726075,0.5280115604400635,-0.8223390579223633,0.21204304695129395,0.7853190302848816,0.5678393840789795,0.24664270877838136,-0.32323023676872256,0.036291178315877917,0.9456242918968201],"EasingStyle":"Constant","EasingDirection":"In"},"Torso":{"Weight":1,"CFrame":[0.2070552110671997,3.0435529652095286e-8,-0.20580720901489259,-0.0809178501367569,-0.9625305533409119,0.2588190734386444,0.9964849352836609,-0.08377233147621155,-4.907107609142258e-8,0.02168191783130169,0.25790923833847048,0.9659258127212524],"EasingStyle":"Constant","EasingDirection":"In"},"HumanoidRootPart":{"Weight":0,"CFrame":[0,0,0,1,0,0,0,1,0,0,0,1],"EasingStyle":"Linear","EasingDirection":"In"},"Right Leg":{"Weight":1,"CFrame":[-0.14537331461906434,0.05027800798416138,-0.024227440357208253,0.8534144163131714,0.42728641629219057,-0.2985129952430725,-0.4158388674259186,0.9034348130226135,0.10432589054107666,0.31426408886909487,0.03510008379817009,0.9486864805221558],"EasingStyle":"Constant","EasingDirection":"In"}}},{"Time":0.034583333879709247,"poses":{"Left Leg":{"Weight":1,"CFrame":[-0.5349230170249939,0.288432240486145,-0.029661893844604493,0.8247643709182739,0.5522164702415466,-0.12174046039581299,-0.5576227903366089,0.8299942016601563,-0.012904773466289044,0.09391758590936661,0.07852866500616074,0.99247807264328],"EasingStyle":"Constant","EasingDirection":"In"},"Right Arm":{"Weight":1,"CFrame":[0.8771519660949707,-0.25779274106025698,-0.3180795907974243,-0.5303868055343628,-0.8166149854660034,-0.2276621013879776,0.6733529567718506,-0.5689563751220703,0.4721064567565918,-0.5150588154792786,0.09710193425416947,0.8516369462013245],"EasingStyle":"Constant","EasingDirection":"In"},"Head":{"Weight":1,"CFrame":[8.446559007779797e-8,-1.2722074416160468e-7,-4.76837158203125e-7,0.9989902973175049,0.03723444044589996,0.025143152102828027,-0.04193693771958351,0.9735774397850037,0.2244732677936554,-0.016120674088597299,-0.22530096769332887,0.9741559028625488],"EasingStyle":"Constant","EasingDirection":"In"},"Left Arm":{"Weight":1,"CFrame":[0.1212892085313797,-0.03261458873748779,0.010196685791015625,0.5143918395042419,-0.8308356404304504,0.2123987376689911,0.7897636294364929,0.5554848313331604,0.26021161675453188,-0.33417731523513796,0.033893924206495288,0.9419005513191223],"EasingStyle":"Constant","EasingDirection":"In"},"Torso":{"Weight":1,"CFrame":[0.2070552110671997,3.112187840770275e-8,-0.3014395236968994,-0.11051133275032044,-0.9595832228660584,0.258819043636322,0.9934336543083191,-0.11440975964069367,-4.794638996941103e-8,0.029611466452479364,0.25711944699287417,0.965925931930542],"EasingStyle":"Constant","EasingDirection":"In"},"HumanoidRootPart":{"Weight":0,"CFrame":[0,0,0,1,0,0,0,1,0,0,0,1],"EasingStyle":"Linear","EasingDirection":"In"},"Right Leg":{"Weight":1,"CFrame":[-0.16290846467018128,0.05877876281738281,-0.03093045949935913,0.817994236946106,0.46887481212615969,-0.3332292437553406,-0.45583057403564455,0.8817108869552612,0.12167385965585709,0.35086169838905337,0.05236747860908508,0.9349619746208191],"EasingStyle":"Constant","EasingDirection":"In"}}},{"Time":0.06916666775941849,"poses":{"Left Leg":{"Weight":1,"CFrame":[-0.49671220779418948,0.3438965678215027,-0.036035776138305667,0.7979574799537659,0.5831067562103272,-0.15248019993305207,-0.5916050672531128,0.8061189651489258,-0.013261690735816956,0.11518417298793793,0.10079027712345123,0.9882175326347351],"EasingStyle":"Constant","EasingDirection":"In"},"Right Arm":{"Weight":1,"CFrame":[0.8771518468856812,-0.25779277086257937,-0.31807971000671389,-0.5349359512329102,-0.8129221200942993,-0.230219766497612,0.6691110134124756,-0.5739867091178894,0.47204867005348208,-0.5158818364143372,0.09847318381071091,0.8509811758995056],"EasingStyle":"Constant","EasingDirection":"In"},"Head":{"Weight":1,"CFrame":[6.159097409863534e-8,-9.952210433539222e-8,-6.556510925292969e-7,0.9965667724609375,0.07659342885017395,0.031434353440999988,-0.08171097934246063,0.971076250076294,0.2243528962135315,-0.013341197744011879,-0.22615119814872743,0.9740009307861328],"EasingStyle":"Constant","EasingDirection":"In"},"Left Arm":{"Weight":1,"CFrame":[0.12128907442092896,-0.03261461853981018,0.010196566581726075,0.5006528496742249,-0.8391534090042114,0.21252800524234773,0.7938791513442993,0.5429720282554627,0.27374696731567385,-0.34511253237724306,0.031669363379478458,0.9380268454551697],"EasingStyle":"Constant","EasingDirection":"In"},"Torso":{"Weight":1,"CFrame":[0.2070552110671997,3.101271772720793e-8,-0.39707183837890627,-0.14002105593681336,-0.955723226070404,0.2588190734386444,0.989437460899353,-0.14496049284934998,-4.773349004949523e-8,0.03751857578754425,0.25608524680137637,0.9659258127212524],"EasingStyle":"Constant","EasingDirection":"In"},"HumanoidRootPart":{"Weight":0,"CFrame":[0,0,0,1,0,0,0,1,0,0,0,1],"EasingStyle":"Linear","EasingDirection":"In"},"Right Leg":{"Weight":1,"CFrame":[-0.18071776628494264,0.06893652677536011,-0.038903892040252689,0.7768071293830872,0.5107031464576721,-0.36844637989997866,-0.49573788046836855,0.8567296266555786,0.14233234524726869,0.3883485794067383,0.07208800315856934,0.9186885952949524],"EasingStyle":"Constant","EasingDirection":"In"}}},{"Time":0.10333333164453507,"poses":{"Left Leg":{"Weight":1,"CFrame":[-0.4556119740009308,0.3947029113769531,-0.04162842035293579,0.7674482464790344,0.6146677732467651,-0.18222719430923463,-0.6268384456634522,0.7790553569793701,-0.012104667723178864,0.13452468812465669,0.12351672351360321,0.9831820130348206],"EasingStyle":"Constant","EasingDirection":"In"},"Right Arm":{"Weight":1,"CFrame":[0.8771517872810364,-0.2577923536300659,-0.3180796504020691,-0.5394587516784668,-0.8091964721679688,-0.23277762532234193,0.6648384928703308,-0.5789913535118103,0.4719734489917755,-0.5166953802108765,0.09985058754682541,0.8503268361091614],"EasingStyle":"Constant","EasingDirection":"In"},"Head":{"Weight":1,"CFrame":[8.385765681850899e-8,-7.056141981820474e-8,-5.960464477539063e-8,0.9925516247749329,0.11583928018808365,0.03771866485476494,-0.1213696300983429,0.967006504535675,0.22398175299167634,-0.010528314858675003,-0.22689130902290345,0.9738631844520569],"EasingStyle":"Constant","EasingDirection":"In"},"Left Arm":{"Weight":1,"CFrame":[0.1212891936302185,-0.03261399269104004,0.010196566581726075,0.48680225014686587,-0.8472877740859985,0.21243129670619965,0.7976632118225098,0.5303077101707459,0.2872406244277954,-0.3560294210910797,0.029619179666042329,0.9340052008628845],"EasingStyle":"Constant","EasingDirection":"In"},"Torso":{"Weight":1,"CFrame":[0.2070552110671997,2.7766326127220965e-8,-0.4927043914794922,-0.1694047600030899,-0.9509546756744385,0.25881901383399966,0.9845007061958313,-0.17538073658943177,-5.1359883457280378e-8,0.045391909778118137,0.2548074424266815,0.9659258723258972],"EasingStyle":"Constant","EasingDirection":"In"},"HumanoidRootPart":{"Weight":0,"CFrame":[0,0,0,1,0,0,0,1,0,0,0,1],"EasingStyle":"Linear","EasingDirection":"In"},"Right Leg":{"Weight":1,"CFrame":[-0.19881725311279298,0.08119964599609375,-0.04844862222671509,0.7291107773780823,0.5522931814193726,-0.4041900336742401,-0.5347486138343811,0.828306257724762,0.16719099879264832,0.4271315634250641,0.094239242374897,0.8992650508880615],"EasingStyle":"Constant","EasingDirection":"In"}}},{"Time":0.1379166692495346,"poses":{"Left Leg":{"Weight":1,"CFrame":[-0.41916966438293459,0.3533369302749634,-0.049025535583496097,0.7265248894691467,0.6540772318840027,-0.21058140695095063,-0.6704599261283875,0.7418938875198364,-0.00878425408154726,0.15048344433307649,0.14756834506988526,0.9775368571281433],"EasingStyle":"Constant","EasingDirection":"In"},"Right Arm":{"Weight":1,"CFrame":[0.8771518468856812,-0.25779223442077639,-0.3180796504020691,-0.5439543724060059,-0.8054383993148804,-0.23533520102500916,0.6605360507965088,-0.58396977186203,0.47188088297843935,-0.5174995064735413,0.10123424977064133,0.8496739864349365],"EasingStyle":"Constant","EasingDirection":"In"},"Head":{"Weight":1,"CFrame":[6.410562036762713e-8,-1.3469705351099038e-8,-2.384185791015625e-7,0.9869541525840759,0.15487797558307649,0.043981026858091357,-0.1608179211616516,0.9613780379295349,0.22336052358150483,-0.007688770070672035,-0.22751952707767487,0.9737431406974793],"EasingStyle":"Constant","EasingDirection":"In"},"Left Arm":{"Weight":1,"CFrame":[0.1212892010807991,-0.03261438012123108,0.010196566581726075,0.47284799814224245,-0.8552337288856506,0.2121085524559021,0.8011136054992676,0.5174993276596069,0.30068525671958926,-0.36692216992378237,0.027744589373469354,0.9298378229141235],"EasingStyle":"Constant","EasingDirection":"In"},"Torso":{"Weight":1,"CFrame":[0.2070552110671997,2.911352936507683e-8,-0.5095291137695313,-0.19862067699432374,-0.9452844262123108,0.258819043636322,0.9786304235458374,-0.20562727749347688,-4.9162675708203099e-8,0.05322028696537018,0.2532880902290344,0.9659258723258972],"EasingStyle":"Constant","EasingDirection":"In"},"HumanoidRootPart":{"Weight":0,"CFrame":[0,0,0,1,0,0,0,1,0,0,0,1],"EasingStyle":"Linear","EasingDirection":"In"},"Right Leg":{"Weight":1,"CFrame":[-0.2142673134803772,0.08727139234542847,-0.05672425031661987,0.6997014284133911,0.566864013671875,-0.4348367750644684,-0.54952472448349,0.8159726858139038,0.17947515845298768,0.4565529525279999,0.1133745089173317,0.8824430704116821],"EasingStyle":"Constant","EasingDirection":"In"}}},{"Time":0.17249999940395356,"poses":{"Left Leg":{"Weight":1,"CFrame":[-0.3744302988052368,0.29681915044784548,-0.05357128381729126,0.6761883497238159,0.6972131729125977,-0.2380402535200119,-0.7185641527175903,0.6954479813575745,-0.00423949072137475,0.16258874535560609,0.17391382157802583,0.9712461233139038],"EasingStyle":"Constant","EasingDirection":"In"},"Right Arm":{"Weight":1,"CFrame":[0.8771516680717468,-0.25779253244400027,-0.3180796504020691,-0.5484226942062378,-0.8016481399536133,-0.2378925383090973,0.6562039852142334,-0.5889216065406799,0.47177091240882876,-0.5182942748069763,0.10262376070022583,0.8490225672721863],"EasingStyle":"Constant","EasingDirection":"In"},"Head":{"Weight":1,"CFrame":[9.62777662039116e-8,4.3485236744800207e-8,-2.384185791015625e-7,0.9797917604446411,0.19361695647239686,0.05020654946565628,-0.19996227324008943,0.9542078971862793,0.22249144315719605,-0.004829379729926586,-0.22803464531898499,0.973641037940979],"EasingStyle":"Constant","EasingDirection":"In"},"Left Arm":{"Weight":1,"CFrame":[0.12128926813602448,-0.032614320516586307,0.010196566581726075,0.45879799127578738,-0.8629871606826782,0.21156007051467896,0.8042284846305847,0.5045541524887085,0.3140730559825897,-0.3777844309806824,0.026046479120850564,0.9255272150039673],"EasingStyle":"Constant","EasingDirection":"In"},"Torso":{"Weight":1,"CFrame":[0.2070552110671997,3.040084806116283e-8,-0.5263538360595703,-0.2276274561882019,-0.9387217164039612,0.2588190734386444,0.9718362092971802,-0.23565728962421418,-4.6959577559846369e-8,0.06099262833595276,0.25152963399887087,0.965925931930542],"EasingStyle":"Constant","EasingDirection":"In"},"HumanoidRootPart":{"Weight":0,"CFrame":[0,0,0,1,0,0,0,1,0,0,0,1],"EasingStyle":"Linear","EasingDirection":"In"},"Right Leg":{"Weight":1,"CFrame":[-0.22947588562965394,0.0937698483467102,-0.06575536727905274,0.6686734557151794,0.5802285075187683,-0.4649845063686371,-0.5632869005203247,0.8034994602203369,0.19260498881340028,0.48536965250968935,0.13312982022762299,0.8641138672828674],"EasingStyle":"Constant","EasingDirection":"In"}}},{"Time":0.2070833295583725,"poses":{"Left Leg":{"Weight":1,"CFrame":[-0.43592870235443118,0.29331040382385256,-0.05118715763092041,0.8796887397766113,0.4508717656135559,-0.1512029618024826,-0.4563640058040619,0.8897914290428162,-0.0018285056576132775,0.13371463119983674,0.07061205059289932,0.9885011315345764],"EasingStyle":"Constant","EasingDirection":"In"},"Right Arm":{"Weight":1,"CFrame":[0.2878435254096985,-0.4440499246120453,-0.18973565101623536,-0.2031080573797226,-0.9736026525497437,-0.10413932055234909,0.852576494216919,-0.22815093398094178,0.47017085552215578,-0.4815189838409424,0.0067085991613566879,0.8764099478721619],"EasingStyle":"Constant","EasingDirection":"In"},"Head":{"Weight":1,"CFrame":[1.080289280253055e-7,1.0958709140140854e-7,4.76837158203125e-7,0.993694543838501,0.1089601218700409,0.02643693797290325,-0.11211661249399185,0.9678228497505188,0.2252752035856247,-0.0010402658954262734,-0.2268187552690506,0.9739364385604858],"EasingStyle":"Constant","EasingDirection":"In"},"Left Arm":{"Weight":1,"CFrame":[0.24766194820404054,-0.20906168222427369,-0.06608730554580689,0.9970341324806213,-0.07061637192964554,0.03059840202331543,0.06611234694719315,0.9894146919250488,0.12918135523796082,-0.03939689323306084,-0.126775324344635,0.9911487698554993],"EasingStyle":"Constant","EasingDirection":"In"},"Torso":{"Weight":1,"CFrame":[0.20705515146255494,2.84676957562624e-8,-0.28094959259033205,-0.1451052576303482,-0.9549645185470581,0.25881898403167727,0.9886519908905029,-0.15022404491901399,-5.084609000505225e-8,0.038880880922079089,0.2558818459510803,0.9659258723258972],"EasingStyle":"Constant","EasingDirection":"In"},"HumanoidRootPart":{"Weight":0,"CFrame":[0,0,0,1,0,0,0,1,0,0,0,1],"EasingStyle":"Linear","EasingDirection":"In"},"Right Leg":{"Weight":1,"CFrame":[0.3196403384208679,-0.1483933925628662,0.05583822727203369,0.7438196539878845,0.6508366465568543,-0.1521310657262802,-0.6579203009605408,0.7530714869499207,0.004946376662701368,0.11778490245342255,0.09641092270612717,0.9883479475975037],"EasingStyle":"Constant","EasingDirection":"In"}}},{"Time":0.24124999344348908,"poses":{"Left Leg":{"Weight":1,"CFrame":[-0.0651945248246193,-0.03264153003692627,-0.0012630820274353028,0.8917315602302551,0.44808077812194826,-0.06354960799217224,-0.4490140378475189,0.893524706363678,-0.0004506901605054736,0.05658118054270744,0.02893655002117157,0.9979785680770874],"EasingStyle":"Constant","EasingDirection":"In"},"Right Arm":{"Weight":1,"CFrame":[-0.3014645576477051,-0.6303085684776306,-0.061391592025756839,0.1871446818113327,-0.9822090268135071,0.01556483842432499,0.8930254578590393,0.1767105758190155,0.4138586223125458,-0.4092461168766022,-0.06355169415473938,0.9102081060409546],"EasingStyle":"Constant","EasingDirection":"In"},"Head":{"Weight":1,"CFrame":[8.15587100078119e-8,5.537543046330029e-8,-2.384185791015625e-7,0.9997307062149048,0.023081541061401368,0.002417330164462328,-0.023030783981084825,0.9738703370094299,0.22593431174755097,0.0028607435524463655,-0.2259291559457779,0.9741396307945252],"EasingStyle":"Constant","EasingDirection":"In"},"Left Arm":{"Weight":1,"CFrame":[0.3740346133708954,-0.3855101466178894,-0.1423712968826294,0.5883826613426209,0.7749426364898682,-0.23080234229564668,-0.759368896484375,0.6276443004608154,0.1715269833803177,0.2777853310108185,0.0743405744433403,0.9577624201774597],"EasingStyle":"Constant","EasingDirection":"In"},"Torso":{"Weight":1,"CFrame":[0.2070552110671997,2.9685146785141116e-8,-0.03554487228393555,-0.061161987483501437,-0.9639875292778015,0.258819043636322,0.9979932904243469,-0.06331955641508103,-5.014092607780185e-8,0.01638835482299328,0.2582995891571045,0.965925931930542],"EasingStyle":"Constant","EasingDirection":"In"},"HumanoidRootPart":{"Weight":0,"CFrame":[0,0,0,1,0,0,0,1,0,0,0,1],"EasingStyle":"Linear","EasingDirection":"In"},"Right Leg":{"Weight":1,"CFrame":[0.71356600522995,-0.009023308753967286,0.04649555683135986,0.7805431485176086,0.6218581199645996,-0.06359823793172836,-0.6230788230895996,0.7821587920188904,0.0008165191975422204,0.05025175213813782,0.038989339023828509,0.99797523021698],"EasingStyle":"Constant","EasingDirection":"In"}}},{"Time":0.2758333384990692,"poses":{"Left Leg":{"Weight":1,"CFrame":[0.007706670090556145,0.0010663270950317383,-0.00004094839096069336,0.9731860756874085,0.22875255346298219,0.024107202887535096,-0.22882089018821717,0.9734686017036438,0.00007794461998855695,-0.023449810221791269,-0.005592085421085358,0.99970942735672],"EasingStyle":"Constant","EasingDirection":"In"},"Right Arm":{"Weight":1,"CFrame":[-0.3014645576477051,-0.6303084492683411,-0.06139165163040161,0.2108686864376068,-0.9772207140922546,0.023962179198861123,0.8914320468902588,0.202300027012825,0.4054921269416809,-0.4011026620864868,-0.06414499878883362,0.913784384727478],"EasingStyle":"Constant","EasingDirection":"In"},"Head":{"Weight":1,"CFrame":[8.53876542805665e-8,-8.779965554595037e-8,0,0.9977807402610779,-0.0629969909787178,-0.021565912291407586,0.06623516231775284,0.9722325205802918,0.22444795072078706,0.006827543023973703,-0.22537824511528016,0.974247395992279],"EasingStyle":"Constant","EasingDirection":"In"},"Left Arm":{"Weight":1,"CFrame":[0.37403449416160586,-0.3855099380016327,-0.14237123727798463,0.484457790851593,0.8497747778892517,-0.20780625939369203,-0.8191299438476563,0.5240324139595032,0.2332732379436493,0.30712684988975527,0.05720912665128708,0.9499474763870239],"EasingStyle":"Constant","EasingDirection":"In"},"Torso":{"Weight":1,"CFrame":[0.2070552110671997,2.9680251145691728e-8,-0.022840023040771486,0.02324850670993328,-0.9656460285186768,0.258819043636322,0.9997103214263916,0.02406861074268818,-5.02971566618271e-8,-0.006229364778846502,0.2587439715862274,0.965925931930542],"EasingStyle":"Constant","EasingDirection":"In"},"HumanoidRootPart":{"Weight":0,"CFrame":[0,0,0,1,0,0,0,1,0,0,0,1],"EasingStyle":"Linear","EasingDirection":"In"},"Right Leg":{"Weight":1,"CFrame":[0.9298129081726074,0.42964130640029909,-0.02226489782333374,0.8536971211433411,0.5202152132987976,0.024028604850172998,-0.5203685760498047,0.8539419174194336,0.00014075913350097835,-0.020445724949240686,-0.012623860500752926,0.999711275100708],"EasingStyle":"Constant","EasingDirection":"In"}}},{"Time":0.31041666865348818,"poses":{"Left Leg":{"Weight":1,"CFrame":[0.05153041332960129,0.0017564892768859864,-0.0026454925537109377,0.9726823568344116,0.2034701555967331,0.11175432056188584,-0.20493632555007935,0.9787739515304565,0.0016705786110833288,-0.10904235392808914,-0.02452751435339451,0.9937344789505005],"EasingStyle":"Constant","EasingDirection":"In"},"Right Arm":{"Weight":1,"CFrame":[-0.3014645576477051,-0.6303085088729858,-0.06139165163040161,0.234529048204422,-0.9715778231620789,0.03213602304458618,0.8891622424125671,0.22776222229003907,0.39688172936439516,-0.3929208219051361,-0.06450625509023667,0.9173070788383484],"EasingStyle":"Constant","EasingDirection":"In"},"Head":{"Weight":1,"CFrame":[9.165263747945574e-8,6.072710334592557e-9,-2.384185791015625e-7,0.9879153966903687,-0.14824877679347993,-0.045227356255054477,0.1546165943145752,0.9629747867584229,0.22084692120552064,0.01081252470612526,-0.22517092525959016,0.9742593765258789],"EasingStyle":"Constant","EasingDirection":"In"},"Left Arm":{"Weight":1,"CFrame":[0.3740345537662506,-0.3855102062225342,-0.14237123727798463,0.3730963468551636,0.9107875227928162,-0.17681999504566194,-0.8640161752700806,0.41052091121673586,0.29145973920822146,0.3380461037158966,0.044032689183950427,0.9400988817214966],"EasingStyle":"Constant","EasingDirection":"In"},"Torso":{"Weight":1,"CFrame":[0.2070552110671997,2.4327839298621258e-8,-0.010135173797607422,0.10716188699007034,-0.9599630236625671,0.2588190734386444,0.9938268661499023,0.11094214022159577,-5.647331491331897e-8,-0.028713872656226159,0.2572212517261505,0.965925931930542],"EasingStyle":"Constant","EasingDirection":"In"},"HumanoidRootPart":{"Weight":0,"CFrame":[0,0,0,1,0,0,0,1,0,0,0,1],"EasingStyle":"Linear","EasingDirection":"In"},"Right Leg":{"Weight":1,"CFrame":[0.8485285043716431,0.40730947256088259,-0.09196227788925171,0.9314994812011719,0.346672385931015,0.11012239009141922,-0.34904855489730837,0.9371015429496765,0.0024632166605442764,-0.10234189033508301,-0.040732529014348987,0.9939150214195252],"EasingStyle":"Constant","EasingDirection":"In"}}},{"Time":0.3449999988079071,"poses":{"Left Leg":{"Weight":1,"CFrame":[0.03178415447473526,0.012364208698272705,0.0015523433685302735,0.9733978509902954,0.1596837043762207,0.16431038081645966,-0.1624816358089447,0.9867048263549805,0.0036427003797143699,-0.16154418885707856,-0.030243199318647386,0.9864019751548767],"EasingStyle":"Constant","EasingDirection":"In"},"Right Arm":{"Weight":1,"CFrame":[-0.3014645278453827,-0.6303083300590515,-0.06139165163040161,0.2580992579460144,-0.9652867317199707,0.040077127516269687,0.8862188458442688,0.25306880474090578,0.388036847114563,-0.384708970785141,-0.06463509052991867,0.920772135257721],"EasingStyle":"Constant","EasingDirection":"In"},"Head":{"Weight":1,"CFrame":[8.445204002782703e-8,-1.9571622544845014e-8,-5.960464477539063e-8,0.9879154562950134,-0.14824874699115754,-0.04522734880447388,0.15461662411689759,0.9629748463630676,0.22084686160087586,0.010812528431415558,-0.22517092525959016,0.9742593765258789],"EasingStyle":"Constant","EasingDirection":"In"},"Left Arm":{"Weight":1,"CFrame":[0.37403449416160586,-0.3855099678039551,-0.1423712968826294,0.2573300302028656,0.9563196301460266,-0.13868719339370728,-0.8928058743476868,0.29019975662231448,0.34450235962867739,0.3697013258934021,0.03516995534300804,0.9284848570823669],"EasingStyle":"Constant","EasingDirection":"In"},"Torso":{"Weight":1,"CFrame":[0.20705515146255494,2.7972170357770666e-8,-0.018697500228881837,0.15701478719711305,-0.9530787467956543,0.25881898403167727,0.9866997003555298,0.16255363821983338,-5.129481905896682e-8,-0.04207191243767738,0.25537654757499697,0.9659258723258972],"EasingStyle":"Constant","EasingDirection":"In"},"HumanoidRootPart":{"Weight":0,"CFrame":[0,0,0,1,0,0,0,1,0,0,0,1],"EasingStyle":"Linear","EasingDirection":"In"},"Right Leg":{"Weight":1,"CFrame":[0.7336312532424927,0.3426066040992737,-0.11452090740203858,0.9707027077674866,0.1785242110490799,0.16082759201526643,-0.18160437047481538,0.9833611845970154,0.004538559354841709,-0.15734130144119264,-0.03361259773373604,0.9869721531867981],"EasingStyle":"Constant","EasingDirection":"In"}}},{"Time":0.3791666626930237,"poses":{"Left Leg":{"Weight":1,"CFrame":[-0.049920111894607547,0.038682520389556888,0.023021697998046876,0.9731370210647583,0.07753279060125351,0.21677881479263307,-0.08083748072385788,0.9967067241668701,0.006405025254935026,-0.21556833386421204,-0.023756850510835649,0.9761998057365418],"EasingStyle":"Constant","EasingDirection":"In"},"Right Arm":{"Weight":1,"CFrame":[-0.3524090647697449,-0.446503609418869,-0.01363438367843628,0.9889031052589417,-0.14455996453762055,-0.034251440316438678,0.13714353740215302,0.7996600866317749,0.5845814943313599,-0.05711762607097626,-0.5827916860580444,0.8106117844581604],"EasingStyle":"Constant","EasingDirection":"In"},"Head":{"Weight":1,"CFrame":[9.401212253123959e-8,-1.9619852764662938e-7,0,0.9879153370857239,-0.1482488214969635,-0.04522734880447388,0.15461668372154237,0.9629747867584229,0.22084689140319825,0.010812501423060894,-0.22517094016075135,0.9742593765258789],"EasingStyle":"Constant","EasingDirection":"In"},"Left Arm":{"Weight":1,"CFrame":[0.005558639764785767,-0.38550999760627749,-0.14237123727798463,-0.03412919119000435,0.9985032081604004,0.04273879528045654,-0.9341273903846741,-0.04707347974181175,0.3538222908973694,0.35530444979667666,-0.027847927063703538,0.9343357682228088],"EasingStyle":"Constant","EasingDirection":"In"},"Torso":{"Weight":1,"CFrame":[0.2070552110671997,2.5822977534062376e-8,-0.027259111404418947,0.2064414620399475,-0.9436073303222656,0.25881901383399966,0.9768940806388855,0.21372392773628236,-5.312407935775809e-8,-0.05531574785709381,0.25283873081207278,0.965925931930542],"EasingStyle":"Constant","EasingDirection":"In"},"HumanoidRootPart":{"Weight":0,"CFrame":[0,0,0,1,0,0,0,1,0,0,0,1],"EasingStyle":"Linear","EasingDirection":"In"},"Right Leg":{"Weight":1,"CFrame":[0.419472336769104,0.23922079801559449,-0.08056062459945679,0.9332848191261292,-0.2907576262950897,0.2108067274093628,0.2960854172706604,0.9551390409469605,0.0065552289597690109,-0.20325562357902528,0.05629885196685791,0.9775058031082153],"EasingStyle":"Constant","EasingDirection":"In"}}},{"Time":0.4137499928474426,"poses":{"Left Leg":{"Weight":1,"CFrame":[0.26822414994239809,0.04767113924026489,-0.08071064949035645,0.626085638999939,-0.5604792237281799,0.5421068668365479,0.6136825680732727,0.7830826640129089,0.10087248682975769,-0.48105138540267947,0.26952672004699709,0.8342331647872925],"EasingStyle":"Constant","EasingDirection":"In"},"Right Arm":{"Weight":1,"CFrame":[-0.40335386991500857,-0.2626989781856537,0.03412294387817383,0.7361679077148438,0.6751861572265625,0.046696729958057407,-0.6679449677467346,0.7136817574501038,0.21096894145011903,0.10911663621664047,-0.18649950623512269,0.9763767719268799],"EasingStyle":"Constant","EasingDirection":"In"},"Head":{"Weight":1,"CFrame":[7.450580596923828e-8,2.2351741790771486e-8,1.1920928955078126e-7,0.8303259015083313,-0.5419456958770752,-0.12982256710529328,0.554851233959198,0.8256821036338806,0.10192698985338211,0.051953285932540897,-0.15666478872299195,0.9862844944000244],"EasingStyle":"Constant","EasingDirection":"In"},"Left Arm":{"Weight":1,"CFrame":[-0.3629170060157776,-0.3855094313621521,-0.14237123727798463,-0.3228892385959625,0.9212717413902283,0.21679715812206269,-0.8753119707107544,-0.3778054714202881,0.3018146753311157,0.3599604070186615,-0.09231265634298325,0.9283894896507263],"EasingStyle":"Constant","EasingDirection":"In"},"Torso":{"Weight":1,"CFrame":[0.14001601934432984,0.019367150962352754,-0.47803163528442385,0.5106978416442871,-0.8417574763298035,0.1750199794769287,0.8524631261825562,0.5222265124320984,0.02420886605978012,-0.11177803575992584,0.13683462142944337,0.9842672944068909],"EasingStyle":"Constant","EasingDirection":"In"},"HumanoidRootPart":{"Weight":0,"CFrame":[0,0,0,1,0,0,0,1,0,0,0,1],"EasingStyle":"Linear","EasingDirection":"In"},"Right Leg":{"Weight":1,"CFrame":[0.5314844250679016,0.3757842779159546,-0.25587767362594607,0.7374700903892517,-0.4501476287841797,0.5034927725791931,0.5080878734588623,0.8609272837638855,0.025511272251605989,-0.444954514503479,0.23700480163097382,0.8636227250099182],"EasingStyle":"Constant","EasingDirection":"In"}}},{"Time":0.44833332300186159,"poses":{"Left Leg":{"Weight":1,"CFrame":[0.2704140841960907,0.02259594202041626,-0.08149689435958862,0.6069225668907166,-0.570601224899292,0.5532261729240418,0.6306132674217224,0.7693994641304016,0.10174291580915451,-0.48370659351348879,0.28712165355682375,0.826794445514679],"EasingStyle":"Constant","EasingDirection":"In"},"Right Arm":{"Weight":1,"CFrame":[-0.40335386991500857,-0.2626992464065552,0.03412294387817383,0.7333554625511169,0.6782411932945252,0.04667698219418526,-0.6707230806350708,0.7105980515480042,0.21255812048912049,0.11099705845117569,-0.18718808889389039,0.9760329127311707],"EasingStyle":"Constant","EasingDirection":"In"},"Head":{"Weight":1,"CFrame":[6.891787052154541e-8,-2.2351741790771486e-8,-1.1920928955078126e-7,0.8303259015083313,-0.5419456958770752,-0.12982255220413209,0.5548511743545532,0.8256821632385254,0.10192691534757614,0.05195329338312149,-0.15666472911834718,0.9862845540046692],"EasingStyle":"Constant","EasingDirection":"In"},"Left Arm":{"Weight":1,"CFrame":[-0.37475961446762087,-0.366688996553421,-0.16648131608963014,-0.3453305959701538,0.8775368928909302,0.3326796591281891,-0.8427789807319641,-0.44593191146850588,0.3014441132545471,0.4128807485103607,-0.17627763748168946,0.8935635089874268],"EasingStyle":"Constant","EasingDirection":"In"},"Torso":{"Weight":1,"CFrame":[0.13914111256599427,0.015457995235919953,-0.5030193328857422,0.5211665034294128,-0.8355448246002197,0.17392632365226746,0.8465072512626648,0.5320264101028442,0.01932241953909397,-0.10867810249328613,0.13715967535972596,0.9845690727233887],"EasingStyle":"Constant","EasingDirection":"In"},"HumanoidRootPart":{"Weight":0,"CFrame":[0,0,0,1,0,0,0,1,0,0,0,1],"EasingStyle":"Linear","EasingDirection":"In"},"Right Leg":{"Weight":1,"CFrame":[0.5219060182571411,0.39395809173583987,-0.2587730884552002,0.723520815372467,-0.4630645215511322,0.5119462609291077,0.5216516852378845,0.8524867296218872,0.03385215997695923,-0.45210301876068118,0.24256494641304017,0.8583502173423767],"EasingStyle":"Constant","EasingDirection":"In"}}},{"Time":0.4829166531562805,"poses":{"Left Leg":{"Weight":1,"CFrame":[0.2726055383682251,-0.0022069215774536134,-0.0824275016784668,0.5868548154830933,-0.580621600151062,0.5643404722213745,0.6476802229881287,0.7548968195915222,0.10315603017807007,-0.48591339588165285,0.3049744963645935,0.8190719485282898],"EasingStyle":"Constant","EasingDirection":"In"},"Right Arm":{"Weight":1,"CFrame":[-0.40335381031036379,-0.26269930601119997,0.03412282466888428,0.7305302023887634,0.6812841296195984,0.0466637946665287,-0.6734862327575684,0.7075008153915405,0.2141469120979309,0.11288011819124222,-0.18786819279193879,0.975686252117157],"EasingStyle":"Constant","EasingDirection":"In"},"Head":{"Weight":1,"CFrame":[8.754432201385498e-8,-3.166496753692627e-8,-2.384185791015625e-7,0.8303258419036865,-0.5419456958770752,-0.1298225075006485,0.554851233959198,0.8256822228431702,0.10192688554525376,0.051953282207250598,-0.1566646844148636,0.9862844944000244],"EasingStyle":"Constant","EasingDirection":"In"},"Left Arm":{"Weight":1,"CFrame":[-0.3866022229194641,-0.3478677272796631,-0.19059163331985475,-0.3598001003265381,0.8206080198287964,0.4440116882324219,-0.8077583312988281,-0.512138843536377,0.2919599711894989,0.4669802486896515,-0.2536068856716156,0.8471203446388245],"EasingStyle":"Constant","EasingDirection":"In"},"Torso":{"Weight":1,"CFrame":[0.13822007179260255,0.011565875262022019,-0.528019905090332,0.5315395593643189,-0.8292252421379089,0.17277505993843079,0.8404268026351929,0.541732132434845,0.014457274228334427,-0.10558609664440155,0.13752013444900514,0.9848552942276001],"EasingStyle":"Constant","EasingDirection":"In"},"HumanoidRootPart":{"Weight":0,"CFrame":[0,0,0,1,0,0,0,1,0,0,0,1],"EasingStyle":"Linear","EasingDirection":"In"},"Right Leg":{"Weight":1,"CFrame":[0.5123671293258667,0.41152065992355349,-0.26147764921188357,0.7091668248176575,-0.4757820665836334,0.5203017592430115,0.5351237654685974,0.8437210917472839,0.042159002274274829,-0.45904797315597536,0.24852803349494935,0.8529412150382996],"EasingStyle":"Constant","EasingDirection":"In"}}},{"Time":0.5170833468437195,"poses":{"Left Leg":{"Weight":1,"CFrame":[0.2585870027542114,-0.016339421272277833,-0.08843463659286499,0.5624699592590332,-0.5915518403053284,0.5776625275611877,0.6608717441558838,0.7415045499801636,0.11584249138832092,-0.49686628580093386,0.31660300493240359,0.8080139756202698],"EasingStyle":"Constant","EasingDirection":"In"},"Right Arm":{"Weight":1,"CFrame":[-0.40335384011268618,-0.2626992166042328,0.03412282466888428,0.727692186832428,0.6843151450157166,0.04665736109018326,-0.6762344241142273,0.7043902277946472,0.21573495864868165,0.11476557701826096,-0.18854011595249177,0.9753366708755493],"EasingStyle":"Constant","EasingDirection":"In"},"Head":{"Weight":1,"CFrame":[7.543712854385376e-8,-2.421438694000244e-8,-5.960464477539063e-8,0.8303259015083313,-0.54194575548172,-0.1298225224018097,0.554851233959198,0.8256822228431702,0.10192693769931793,0.051953285932540897,-0.15666471421718598,0.9862845540046692],"EasingStyle":"Constant","EasingDirection":"In"},"Left Arm":{"Weight":1,"CFrame":[-0.3866021931171417,-0.347867488861084,-0.19059157371520997,-0.3643481135368347,0.8167169690132141,0.4474636912345886,-0.8046647906303406,-0.5179710388183594,0.290208101272583,0.46879100799560549,-0.2543216347694397,0.8459051251411438],"EasingStyle":"Constant","EasingDirection":"In"},"Torso":{"Weight":1,"CFrame":[0.13725343346595765,0.007691621780395508,-0.522200345993042,0.5418152213096619,-0.8228008151054382,0.17156673967838288,0.8342238068580627,0.5513421893119812,0.009614454582333565,-0.1025027334690094,0.13791579008102418,0.9851256012916565],"EasingStyle":"Constant","EasingDirection":"In"},"HumanoidRootPart":{"Weight":0,"CFrame":[0,0,0,1,0,0,0,1,0,0,0,1],"EasingStyle":"Linear","EasingDirection":"In"},"Right Leg":{"Weight":1,"CFrame":[0.5054733157157898,0.3949228525161743,-0.2629055380821228,0.6931821703910828,-0.4894251823425293,0.5291138887405396,0.5508359670639038,0.8331718444824219,0.04903588816523552,-0.4648420810699463,0.2574641704559326,0.8471328616142273],"EasingStyle":"Constant","EasingDirection":"In"}}},{"Time":0.5516666769981384,"poses":{"Left Leg":{"Weight":1,"CFrame":[0.24449457228183747,-0.029932856559753419,-0.09475666284561157,0.5372729897499085,-0.6018821597099304,0.590826153755188,0.6731230616569519,0.728085994720459,0.12960021197795869,-0.5081762671470642,0.3280680179595947,0.7963217496871948],"EasingStyle":"Constant","EasingDirection":"In"},"Right Arm":{"Weight":1,"CFrame":[-0.40335386991500857,-0.262698769569397,0.03412294387817383,0.724841296672821,0.6873341202735901,0.046657923609018329,-0.6789677739143372,0.7012658715248108,0.21732231974601746,0.1166534349322319,-0.1892034262418747,0.9749841094017029],"EasingStyle":"Constant","EasingDirection":"In"},"Head":{"Weight":1,"CFrame":[5.9138983488082889e-8,2.2817403078079225e-8,2.384185791015625e-7,0.8303258419036865,-0.5419456958770752,-0.1298224925994873,0.5548512935638428,0.8256822228431702,0.10192692279815674,0.051953285932540897,-0.15666471421718598,0.9862844944000244],"EasingStyle":"Constant","EasingDirection":"In"},"Left Arm":{"Weight":1,"CFrame":[-0.3866022825241089,-0.3478672206401825,-0.1905914545059204,-0.36887168884277346,0.8127856254577637,0.4509024918079376,-0.8015386462211609,-0.5237781405448914,0.2884313762187958,0.47060564160346987,-0.2550216019153595,0.8446858525276184],"EasingStyle":"Constant","EasingDirection":"In"},"Torso":{"Weight":1,"CFrame":[0.13624164462089539,0.0038360729813575746,-0.5163936614990234,0.5519916415214539,-0.8162736296653748,0.17030200362205506,0.8279005289077759,0.5608545541763306,0.004795020446181297,-0.0994287058711052,0.13834626972675324,0.985380232334137],"EasingStyle":"Constant","EasingDirection":"In"},"HumanoidRootPart":{"Weight":0,"CFrame":[0,0,0,1,0,0,0,1,0,0,0,1],"EasingStyle":"Linear","EasingDirection":"In"},"Right Leg":{"Weight":1,"CFrame":[0.4969358742237091,0.3758358955383301,-0.2623552083969116,0.6758725643157959,-0.5038774609565735,0.5378697514533997,0.5678597688674927,0.8212335109710693,0.055775970220565799,-0.4698207974433899,0.2677370607852936,0.8411808609962463],"EasingStyle":"Constant","EasingDirection":"In"}}},{"Time":0.5862500071525574,"poses":{"Left Leg":{"Weight":1,"CFrame":[0.23030267655849458,-0.04296708106994629,-0.10141801834106446,0.5112305283546448,-0.6116283535957336,0.6037831902503967,0.6843886375427246,0.7146618962287903,0.1444675624370575,-0.5198612213134766,0.33936604857444765,0.7839483618736267],"EasingStyle":"Constant","EasingDirection":"In"},"Right Arm":{"Weight":1,"CFrame":[-0.4033537805080414,-0.2626994550228119,0.03412282466888428,0.7219776511192322,0.6903409957885742,0.0466650053858757,-0.6816858649253845,0.6981282234191895,0.21890921890735627,0.11854376643896103,-0.18985846638679505,0.9746286869049072],"EasingStyle":"Constant","EasingDirection":"In"},"Head":{"Weight":1,"CFrame":[1.0053796017928107e-7,-5.9424358767046218e-9,-4.172325134277344e-7,0.8303258419036865,-0.5419456958770752,-0.1298225373029709,0.554851233959198,0.8256821632385254,0.10192693769931793,0.05195327475667,-0.15666474401950837,0.9862845540046692],"EasingStyle":"Constant","EasingDirection":"In"},"Left Arm":{"Weight":1,"CFrame":[-0.3866021931171417,-0.3478676676750183,-0.19059157371520997,-0.3733713924884796,0.8088146448135376,0.4543265104293823,-0.7983794808387756,-0.5295599102973938,0.2866300642490387,0.4724235534667969,-0.25570550560951235,0.8434634804725647],"EasingStyle":"Constant","EasingDirection":"In"},"Torso":{"Weight":1,"CFrame":[0.13518530130386353,3.020884520310574e-8,-0.5105991363525391,0.562066912651062,-0.8096455931663513,0.16898155212402345,0.8214588165283203,0.5702677965164185,-3.405315851523483e-8,-0.09636466950178147,0.1388113647699356,0.985619306564331],"EasingStyle":"Constant","EasingDirection":"In"},"HumanoidRootPart":{"Weight":0,"CFrame":[0,0,0,1,0,0,0,1,0,0,0,1],"EasingStyle":"Linear","EasingDirection":"In"},"Right Leg":{"Weight":1,"CFrame":[0.4865044057369232,0.3537255525588989,-0.2594912648200989,0.6569717526435852,-0.5192817449569702,0.5465662479400635,0.586433470249176,0.8075915575027466,0.062384672462940219,-0.47379738092422488,0.27953970432281496,0.8350889086723328],"EasingStyle":"Constant","EasingDirection":"In"}}},{"Time":0.6208333373069763,"poses":{"Left Leg":{"Weight":1,"CFrame":[-0.7184944152832031,-0.28227126598358157,0.3046681880950928,0.4552071988582611,-0.8095412254333496,0.3707147240638733,0.8576276302337647,0.5105449557304382,0.06179661676287651,-0.2392934262752533,0.2898048758506775,0.9266886115074158],"EasingStyle":"Constant","EasingDirection":"In"},"Right Arm":{"Weight":1,"CFrame":[-0.3524092137813568,-0.44650357961654665,-0.01363438367843628,0.9585690498352051,-0.2689480483531952,0.09387378394603729,0.22939102351665498,0.9241799712181091,0.30540332198143008,-0.1688939481973648,-0.27121633291244509,0.9475846290588379],"EasingStyle":"Constant","EasingDirection":"In"},"Head":{"Weight":1,"CFrame":[6.705522537231445e-8,3.306195139884949e-8,1.1920928955078126e-7,0.9368699193000794,-0.33956238627433779,-0.08349918574094773,0.34949684143066409,0.9169819951057434,0.19234339892864228,0.011254669167101384,-0.20938345789909364,0.9777688980102539],"EasingStyle":"Constant","EasingDirection":"In"},"Left Arm":{"Weight":1,"CFrame":[-0.006283760070800781,-0.3666888475418091,-0.16648149490356446,-0.07241848856210709,0.9832022190093994,0.1675383597612381,-0.9151359796524048,-0.1322970986366272,0.38082000613212588,0.3965878486633301,-0.12574203312397004,0.9093442559242249],"EasingStyle":"Constant","EasingDirection":"In"},"Torso":{"Weight":1,"CFrame":[0.17129862308502198,-0.004584458656609058,-0.27225828170776369,0.34433937072753909,-0.9141015410423279,0.21412327885627747,0.9362327456474304,0.35133373737335207,-0.005730656441301107,-0.06999031454324722,0.2024424523115158,0.9767898321151733],"EasingStyle":"Constant","EasingDirection":"In"},"HumanoidRootPart":{"Weight":0,"CFrame":[0,0,0,1,0,0,0,1,0,0,0,1],"EasingStyle":"Linear","EasingDirection":"In"},"Right Leg":{"Weight":1,"CFrame":[0.4800865650177002,0.26008880138397219,-0.16162312030792237,0.8415403962135315,-0.41953328251838686,0.34029629826545718,0.4361831545829773,0.8993543386459351,0.030101202428340913,-0.31867530941963198,0.12310007959604263,0.939836323261261],"EasingStyle":"Constant","EasingDirection":"In"}}},{"Time":0.6549999713897705,"poses":{"Left Leg":{"Weight":1,"CFrame":[-0.8947849869728088,0.6100479364395142,0.0855112075805664,0.8834980130195618,-0.45402637124061587,0.11528822779655457,0.4553908109664917,0.8901523947715759,0.01575084589421749,-0.10977541655302048,0.038585364818573,0.9932072162628174],"EasingStyle":"Constant","EasingDirection":"In"},"Right Arm":{"Weight":1,"CFrame":[-0.3014644980430603,-0.6303085088729858,-0.06139165163040161,0.2580992877483368,-0.9652867913246155,0.04007704555988312,0.8862188458442688