{"Sequence":[{"Time":0,"poses":{"Left Leg":{"Weight":1,"CFrame":[-0.3004792630672455,0.06476813554763794,0.047945618629455569,0.9626749753952026,-0.2261495441198349,0.14870543777942658,0.21977876126766206,0.9738132357597351,0.058181602507829669,-0.15796910226345063,-0.0233276579529047,0.9871684908866882],"EasingStyle":"Linear","EasingDirection":"Out"},"Right Leg":{"Weight":1,"CFrame":[0.2683398425579071,0.091255784034729,0.06353414058685303,0.9467456936836243,0.24147085845470429,-0.2129891961812973,-0.22222527861595155,0.9687181711196899,0.11045827716588974,0.2329990267753601,-0.057244352996349338,0.970790684223175],"EasingStyle":"Linear","EasingDirection":"Out"},"Head":{"Weight":1,"CFrame":[8.559436537325382e-8,-1.0477378964424134e-9,2.384185791015625e-7,0.9987547397613525,0.049629148095846179,0.005093368701636791,-0.04979267716407776,0.9979695081710815,0.039718594402074817,-0.003111825091764331,-0.03992275148630142,0.9991979002952576],"EasingStyle":"Linear","EasingDirection":"Out"},"Torso":{"Weight":1,"CFrame":[0.027828410267829896,3.725290298461914e-9,-0.08042407035827637,0.9996665120124817,-0.020083747804164888,-0.016233369708061219,0.020245051011443139,0.9997466802597046,0.009834122844040394,0.016031751409173013,-0.010159488767385483,0.9998198747634888],"EasingStyle":"Linear","EasingDirection":"Out"},"HumanoidRootPart":{"Weight":0,"CFrame":[0,0,0,1,0,0,0,1,0,0,0,1],"EasingStyle":"Linear","EasingDirection":"In"},"RightEffect":{"Weight":1,"CFrame":[1.5,2,-1,1,0,0,0,1,0,0,0,1],"EasingStyle":"Linear","EasingDirection":"In"},"Right Arm":{"Weight":1,"CFrame":[-0.13228169083595277,-0.4662299156188965,-0.0776137113571167,0.4553651511669159,-0.8878679871559143,-0.06582513451576233,0.8621785640716553,0.42133522033691409,0.28129127621650698,-0.22201509773731233,-0.18484334647655488,0.9573621153831482],"EasingStyle":"Linear","EasingDirection":"Out"},"Left Arm":{"Weight":1,"CFrame":[0.09408074617385864,-0.20584559440612794,-0.06631040573120117,-0.12944510579109193,0.9851189255714417,0.1130693256855011,-0.9833349585533142,-0.14221075177192689,0.11326278746128082,0.1276569813489914,-0.09652379155158997,0.9871103763580322],"EasingStyle":"Linear","EasingDirection":"Out"},"LeftEffect":{"Weight":1,"CFrame":[-1.5,2,-1,1,0,0,0,1,0,0,0,1],"EasingStyle":"Linear","EasingDirection":"In"}}},{"Time":0.020416665822267534,"poses":{"Left Leg":{"Weight":1,"CFrame":[-0.30271029472351076,0.06194579601287842,0.04722177982330322,0.9624929428100586,-0.2291153222322464,0.14530478417873383,0.2233486771583557,0.9731826782226563,0.05505308881402016,-0.15402165055274964,-0.020534586161375047,0.9878540635108948],"EasingStyle":"Linear","EasingDirection":"Out"},"Right Arm":{"Weight":1,"CFrame":[-0.1306675374507904,-0.46612632274627688,-0.07803177833557129,0.44758743047714236,-0.891741156578064,-0.06680641323328018,0.8661547899246216,0.4137425124645233,0.28034457564353945,-0.22235417366027833,-0.18334344029426576,0.9575718641281128],"EasingStyle":"Linear","EasingDirection":"Out"},"Left Arm":{"Weight":1,"CFrame":[0.09307753294706345,-0.21420860290527345,-0.06516242027282715,-0.10823755711317063,0.987626850605011,0.11348029971122742,-0.9858898520469666,-0.12130191177129746,0.11535614728927612,0.12769421935081483,-0.09939330071210861,0.9868207573890686],"EasingStyle":"Linear","EasingDirection":"Out"},"Right Leg":{"Weight":1,"CFrame":[0.26577019691467287,0.0922551155090332,0.06408381462097168,0.9451817870140076,0.24460454285144807,-0.2163330316543579,-0.22418710589408875,0.967767596244812,0.11474335938692093,0.23742687702178956,-0.059954266995191577,0.9695534706115723],"EasingStyle":"Linear","EasingDirection":"Out"},"Torso":{"Weight":1,"CFrame":[0.032413750886917117,3.725290298461914e-9,-0.08042430877685547,0.9996304512023926,-0.021413270384073259,-0.016746578738093377,0.02161264978349209,0.9996966123580933,0.011816659942269326,0.016488464549183847,-0.012174231000244618,0.9997899532318115],"EasingStyle":"Linear","EasingDirection":"Out"},"HumanoidRootPart":{"Weight":0,"CFrame":[0,0,0,1,0,0,0,1,0,0,0,1],"EasingStyle":"Linear","EasingDirection":"In"},"Head":{"Weight":1,"CFrame":[9.531504474580288e-8,1.1641532182693482e-9,2.384185791015625e-7,0.9999279975891113,0.010378565639257431,-0.006023114081472158,-0.010076269507408142,0.9987859725952148,0.04821838438510895,0.0065162344835698608,-0.04815421253442764,0.9988186359405518],"EasingStyle":"Linear","EasingDirection":"Out"}}},{"Time":0.040833331644535068,"poses":{"Left Leg":{"Weight":1,"CFrame":[-0.3036108613014221,0.05846381187438965,0.0464777946472168,0.9627024531364441,-0.23019437491893769,0.1421780288219452,0.22523726522922517,0.973007321357727,0.0502488911151886,-0.14990727603435517,-0.016350993886590005,0.9885648488998413],"EasingStyle":"Linear","EasingDirection":"Out"},"Right Arm":{"Weight":1,"CFrame":[-0.1247338056564331,-0.46557098627090456,-0.07964688539505005,0.4174646735191345,-0.9059550762176514,-0.07048788666725159,0.8807708621025086,0.38433602452278139,0.27663785219192507,-0.22353048622608186,-0.17757026851177216,0.9583855867385864],"EasingStyle":"Linear","EasingDirection":"Out"},"Left Arm":{"Weight":1,"CFrame":[0.09170802682638169,-0.2295837700366974,-0.06305927038192749,-0.06925302743911743,0.991050660610199,0.11411624401807785,-0.9894046783447266,-0.08286511898040772,0.11921331286430359,0.127602681517601,-0.10465138405561447,0.986288845539093],"EasingStyle":"Linear","EasingDirection":"Out"},"Right Leg":{"Weight":1,"CFrame":[0.26426562666893008,0.09475386142730713,0.06455063819885254,0.9439292550086975,0.24668365716934205,-0.21941907703876496,-0.22477762401103974,0.9669744372367859,0.12014735490083695,0.24181106686592103,-0.06409017741680145,0.9682044386863709],"EasingStyle":"Linear","EasingDirection":"Out"},"Torso":{"Weight":1,"CFrame":[0.0367189384996891,3.725290298461914e-9,-0.08042430877685547,0.9995870590209961,-0.02218598499894142,-0.01826070435345173,0.02242298796772957,0.9996656179428101,0.012877993285655976,0.017968887463212014,-0.013282135128974915,0.9997503161430359],"EasingStyle":"Linear","EasingDirection":"Out"},"HumanoidRootPart":{"Weight":0,"CFrame":[0,0,0,1,0,0,0,1,0,0,0,1],"EasingStyle":"Linear","EasingDirection":"In"},"Head":{"Weight":1,"CFrame":[8.675851859152317e-8,-6.024492904543877e-9,-5.960464477539063e-8,0.99924236536026,-0.029071440920233728,-0.0258758757263422,0.030560506507754327,0.9977815747261047,0.05914420261979103,0.024099063128232957,-0.05989017337560654,0.9979140162467957],"EasingStyle":"Linear","EasingDirection":"Out"}}},{"Time":0.061250001192092898,"poses":{"Left Leg":{"Weight":1,"CFrame":[-0.3033284842967987,0.05461704730987549,0.04574716091156006,0.963224470615387,-0.2296862006187439,0.13943761587142945,0.22564642131328584,0.9731997847557068,0.04433804750442505,-0.14588457345962525,-0.011243908666074276,0.9892377257347107],"EasingStyle":"Linear","EasingDirection":"Out"},"Right Arm":{"Weight":1,"CFrame":[-0.11608024686574936,-0.4641939103603363,-0.08226710557937622,0.36826157569885256,-0.9266014695167542,-0.07611215114593506,0.9020841717720032,0.3363023102283478,0.2704532742500305,-0.22500574588775636,-0.16825716197490693,0.959719717502594],"EasingStyle":"Linear","EasingDirection":"Out"},"Left Arm":{"Weight":1,"CFrame":[0.09082596749067307,-0.25030237436294558,-0.06023913621902466,-0.01672089472413063,0.9932559728622437,0.11473016440868378,-0.9917420148849487,-0.03106817603111267,0.12442909926176071,0.1271543800830841,-0.11170220375061035,0.9855731129646301],"EasingStyle":"Linear","EasingDirection":"Out"},"Right Leg":{"Weight":1,"CFrame":[0.263712614774704,0.09833335876464844,0.06491851806640625,0.9429906606674194,0.2478388398885727,-0.22213628888130189,-0.22424772381782533,0.9663283228874207,0.12618468701839448,0.2459300458431244,-0.06917743384838104,0.9668158292770386],"EasingStyle":"Linear","EasingDirection":"Out"},"Torso":{"Weight":1,"CFrame":[0.04053770750761032,7.450580596923828e-9,-0.08042454719543457,0.9995368123054504,-0.02246885932981968,-0.020526733249425889,0.022741762921214105,0.9996547698974609,0.013159684836864472,0.020223964005708696,-0.013620403595268727,0.9997026920318604],"EasingStyle":"Linear","EasingDirection":"Out"},"HumanoidRootPart":{"Weight":0,"CFrame":[0,0,0,1,0,0,0,1,0,0,0,1],"EasingStyle":"Linear","EasingDirection":"In"},"Head":{"Weight":1,"CFrame":[9.281211532652378e-8,-7.479684427380562e-9,3.5762786865234377e-7,0.9970833659172058,-0.05886441096663475,-0.048576608300209048,0.06215507537126541,0.9956598281860352,0.06926923990249634,0.044288285076618198,-0.07208650559186936,0.9964146018028259],"EasingStyle":"Linear","EasingDirection":"Out"}}},{"Time":0.08166666328907013,"poses":{"Left Leg":{"Weight":1,"CFrame":[-0.3020141124725342,0.050689697265625,0.04506349563598633,0.963972806930542,-0.22789032757282258,0.13719481229782105,0.22479045391082765,0.973670244216919,0.037888653576374057,-0.14221706986427308,-0.005683549679815769,0.9898191690444946],"EasingStyle":"Linear","EasingDirection":"Out"},"Right Arm":{"Weight":1,"CFrame":[-0.10650224983692169,-0.46165552735328677,-0.08568727970123291,0.3033134937286377,-0.949282705783844,-0.08284462988376618,0.9256635308265686,0.27289676666259768,0.26205798983573916,-0.22615911066532136,-0.15617206692695619,0.9614896774291992],"EasingStyle":"Linear","EasingDirection":"Out"},"Left Arm":{"Weight":1,"CFrame":[0.09119187295436859,-0.27459096908569338,-0.056953370571136478,0.04485807195305824,0.9923409819602966,0.1150958240032196,-0.9909956455230713,0.02965320274233818,0.13056932389736176,0.12615634500980378,-0.11991666257381439,0.9847357869148254],"EasingStyle":"Linear","EasingDirection":"Out"},"Right Leg":{"Weight":1,"CFrame":[0.26398900151252749,0.10258114337921143,0.06516921520233154,0.9423666596412659,0.24819454550743104,-0.22437597811222077,-0.22285383939743043,0.9658223986625671,0.1323752999305725,0.24956218898296357,-0.07474306225776673,0.9654699563980103],"EasingStyle":"Linear","EasingDirection":"Out"},"Torso":{"Weight":1,"CFrame":[0.04366379976272583,3.725290298461914e-9,-0.08042430877685547,0.9994791746139526,-0.02233044058084488,-0.02329704910516739,0.022632982581853868,0.9996618628501892,0.012804391793906689,0.023003242909908296,-0.013325003907084465,0.9996466040611267],"EasingStyle":"Linear","EasingDirection":"Out"},"HumanoidRootPart":{"Weight":0,"CFrame":[0,0,0,1,0,0,0,1,0,0,0,1],"EasingStyle":"Linear","EasingDirection":"In"},"Head":{"Weight":1,"CFrame":[1.0451185517013073e-7,8.003553375601769e-9,-1.1920928955078126e-7,0.9952666759490967,-0.06952622532844544,-0.06789971143007279,0.07466040551662445,0.9942890405654907,0.07625731825828552,0.062210049480199817,-0.08096577972173691,0.9947735667228699],"EasingStyle":"Linear","EasingDirection":"Out"}}},{"Time":0.10208333283662796,"poses":{"Left Leg":{"Weight":1,"CFrame":[-0.29984214901924136,0.046961307525634769,0.04446744918823242,0.9648545384407044,-0.22511950135231019,0.13556146621704102,0.22290964424610139,0.9743311405181885,0.031465571373701099,-0.13916528224945069,-0.00014177197590470314,0.9902691841125488],"EasingStyle":"Linear","EasingDirection":"Out"},"Right Arm":{"Weight":1,"CFrame":[-0.09770414233207703,-0.45787423849105837,-0.08966082334518433,0.22662217915058137,-0.9698294401168823,-0.08985067903995514,0.9472951292991638,0.19802571833133698,0.2518288791179657,-0.22643834352493287,-0.14218519628047944,0.9635917544364929],"EasingStyle":"Linear","EasingDirection":"Out"},"Left Arm":{"Weight":1,"CFrame":[0.09325942397117615,-0.3005574345588684,-0.05346500873565674,0.1106860339641571,0.9871722459793091,0.11506337672472,-0.9860235452651978,0.09456942975521088,0.13716493546962739,0.12452390044927597,-0.12863755226135255,0.9838425517082214],"EasingStyle":"Linear","EasingDirection":"Out"},"Right Leg":{"Weight":1,"CFrame":[0.2649900019168854,0.1070905327796936,0.06529343128204346,0.9420523643493652,0.24788802862167359,-0.22602832317352296,-0.22087626159191132,0.9654541611671448,0.13824613392353059,0.2524895668029785,-0.08031085133552551,0.9642609357833862],"EasingStyle":"Linear","EasingDirection":"Out"},"Torso":{"Weight":1,"CFrame":[0.04589097201824188,3.725290298461914e-9,-0.08042407035827637,0.99941486120224,-0.021839555352926256,-0.026324862614274026,0.02216031588613987,0.9996829628944397,0.011955121532082558,0.02605542168021202,-0.012531492859125138,0.9995819330215454],"EasingStyle":"Linear","EasingDirection":"Out"},"HumanoidRootPart":{"Weight":0,"CFrame":[0,0,0,1,0,0,0,1,0,0,0,1],"EasingStyle":"Linear","EasingDirection":"In"},"Head":{"Weight":1,"CFrame":[7.057678885757923e-8,3.812601789832115e-9,0,0.9953665733337402,-0.05498634651303291,-0.07887902855873108,0.06121278926730156,0.9950076341629028,0.07882095128297806,0.0741511806845665,-0.0832841619849205,0.9937632083892822],"EasingStyle":"Linear","EasingDirection":"Out"}}},{"Time":0.12250000238418579,"poses":{"Left Leg":{"Weight":1,"CFrame":[-0.29700297117233279,0.043708086013793948,0.04400670528411865,0.9657729864120483,-0.2217012196779251,0.1346517652273178,0.22026950120925904,0.9751023054122925,0.025629229843616487,-0.13698135316371919,0.004907627124339342,0.9905614852905273],"EasingStyle":"Linear","EasingDirection":"Out"},"Right Arm":{"Weight":1,"CFrame":[-0.09101696312427521,-0.45312100648880007,-0.09389692544937134,0.14308986067771913,-0.9850044846534729,-0.09639184176921845,0.963679850101471,0.11647439002990723,0.24032233655452729,-0.22549143433570863,-0.12727870047092439,0.9658953547477722],"EasingStyle":"Linear","EasingDirection":"Out"},"Left Arm":{"Weight":1,"CFrame":[0.09703735262155533,-0.3262574076652527,-0.05003756284713745,0.17583362758159638,0.9777274131774902,0.11459358781576157,-0.9767903685569763,0.15881988406181336,0.14372490346431733,0.12232403457164765,-0.13720569014549256,0.98296058177948],"EasingStyle":"Linear","EasingDirection":"Out"},"Right Leg":{"Weight":1,"CFrame":[0.2666226029396057,0.11145472526550293,0.0652930736541748,0.9420398473739624,0.24706412851810456,-0.2269807755947113,-0.2186107039451599,0.9652283191680908,0.14333070814609528,0.2545001804828644,-0.08540285378694534,0.9632943868637085],"EasingStyle":"Linear","EasingDirection":"Out"},"Torso":{"Weight":1,"CFrame":[0.04701291769742966,3.725290298461914e-9,-0.08042430877685547,0.9993467926979065,-0.021064385771751405,-0.029363762587308885,0.021388117223978044,0.9997134208679199,0.010754654183983803,0.02912880666553974,-0.011375664733350277,0.9995109438896179],"EasingStyle":"Linear","EasingDirection":"Out"},"HumanoidRootPart":{"Weight":0,"CFrame":[0,0,0,1,0,0,0,1,0,0,0,1],"EasingStyle":"Linear","EasingDirection":"In"},"Head":{"Weight":1,"CFrame":[8.399365469813347e-8,-1.4260876923799515e-9,1.1920928955078126e-7,0.9964082837104797,-0.02158374898135662,-0.08188208937644959,0.02796870283782482,0.9965882897377014,0.07764992862939835,0.0799267441034317,-0.07966116070747376,0.99361252784729],"EasingStyle":"Linear","EasingDirection":"Out"}}},{"Time":0.14291666448116303,"poses":{"Left Leg":{"Weight":1,"CFrame":[-0.29371577501296999,0.041203975677490237,0.04373359680175781,0.9666288495063782,-0.2179819494485855,0.13458292186260224,0.21716050803661347,0.9759113788604736,0.020934566855430604,-0.13590441644191743,0.008990149945020676,0.9906811714172363],"EasingStyle":"Linear","EasingDirection":"Out"},"Right Arm":{"Weight":1,"CFrame":[-0.08716847002506256,-0.4479532539844513,-0.09808248281478882,0.058351192623376849,-0.9930797815322876,-0.10191997140645981,0.9730108380317688,0.033743735402822497,0.2282789796590805,-0.2232600599527359,-0.11248967796564102,0.968246340751648],"EasingStyle":"Linear","EasingDirection":"Out"},"Left Arm":{"Weight":1,"CFrame":[0.10205300152301789,-0.3498035669326782,-0.0469202995300293,0.23551584780216218,0.9651883244514465,0.11377100646495819,-0.9644604921340942,0.21768483519554139,0.14976383745670319,0.11978405714035034,-0.1449994444847107,0.9821542501449585],"EasingStyle":"Linear","EasingDirection":"Out"},"Right Leg":{"Weight":1,"CFrame":[0.2688203752040863,0.1152682900428772,0.06517982482910156,0.9423163533210754,0.24588312208652497,-0.22711527347564698,-0.21637240052223206,0.9651551842689514,0.14716821908950807,0.25538769364356997,-0.0895375907421112,0.9626838564872742],"EasingStyle":"Linear","EasingDirection":"Out"},"Torso":{"Weight":1,"CFrame":[0.04682342708110809,3.725290298461914e-9,-0.08042430877685547,0.9992809295654297,-0.020071864128112794,-0.032167382538318637,0.020382080227136613,0.9997485876083374,0.009345119819045067,0.03197172284126282,-0.009994038380682469,0.9994388222694397],"EasingStyle":"Linear","EasingDirection":"Out"},"HumanoidRootPart":{"Weight":0,"CFrame":[0,0,0,1,0,0,0,1,0,0,0,1],"EasingStyle":"Linear","EasingDirection":"In"},"Head":{"Weight":1,"CFrame":[6.983464118093252e-8,-1.5425030142068863e-9,0,0.9966706037521362,0.0213013868778944,-0.07870148867368698,-0.015506522729992867,0.9971730709075928,0.07352174073457718,0.08004511892795563,-0.07205657660961151,0.9941834211349487],"EasingStyle":"Linear","EasingDirection":"Out"}}},{"Time":0.16333332657814027,"poses":{"Left Leg":{"Weight":1,"CFrame":[-0.29021263122558596,0.03972595930099487,0.043704986572265628,0.9673224091529846,-0.2143220752477646,0.1354745477437973,0.21388716995716096,0.9766938090324402,0.017931008711457254,-0.1361602246761322,0.011631187982857228,0.9906185269355774],"EasingStyle":"Linear","EasingDirection":"Out"},"Right Arm":{"Weight":1,"CFrame":[-0.08617149293422699,-0.4430326819419861,-0.10191839933395386,-0.021690189838409425,-0.9941141605377197,-0.10614409297704697,0.9752569794654846,-0.044402338564395908,0.21656915545463563,-0.22000752389431,-0.09882044047117233,0.9704799056053162],"EasingStyle":"Linear","EasingDirection":"Out"},"Left Arm":{"Weight":1,"CFrame":[0.10742048919200897,-0.3694583773612976,-0.044335126876831058,0.2853315472602844,0.9517695307731628,0.11278583854436875,-0.9512280225753784,0.26682206988334658,0.15482662618160249,0.1172654926776886,-0.15146203339099885,0.9814825654029846],"EasingStyle":"Linear","EasingDirection":"Out"},"Right Leg":{"Weight":1,"CFrame":[0.27153438329696658,0.118125319480896,0.06497514247894287,0.9428659677505493,0.2445170283317566,-0.22630779445171357,-0.21448609232902528,0.9652485847473145,0.14930154383182527,0.25495004653930666,-0.09223148226737976,0.9625455141067505],"EasingStyle":"Linear","EasingDirection":"Out"},"Torso":{"Weight":1,"CFrame":[0.04511618614196777,3.725290298461914e-9,-0.08042430877685547,0.9992258548736572,-0.018927352502942086,-0.03448912128806114,0.019209494814276696,0.999784529209137,0.007867680862545967,0.034332774579524997,-0.008524109609425068,0.9993740916252136],"EasingStyle":"Linear","EasingDirection":"Out"},"HumanoidRootPart":{"Weight":0,"CFrame":[0,0,0,1,0,0,0,1,0,0,0,1],"EasingStyle":"Linear","EasingDirection":"In"},"Head":{"Weight":1,"CFrame":[9.800714906305075e-8,1.2951204553246499e-9,3.5762786865234377e-7,0.9954003691673279,0.06420595198869705,-0.07110327482223511,-0.059446461498737338,0.9959707260131836,0.06714487820863724,0.07512789219617844,-0.06260921061038971,0.9952064752578735],"EasingStyle":"Linear","EasingDirection":"Out"}}},{"Time":0.1837500035762787,"poses":{"Left Leg":{"Weight":1,"CFrame":[-0.28672340512275698,0.03955119848251343,0.04397463798522949,0.9677562117576599,-0.21108244359493257,0.1374484896659851,0.2107458859682083,0.9773901700973511,0.017164435237646104,-0.13796396553516389,0.012355717830359936,0.9903602004051209],"EasingStyle":"Linear","EasingDirection":"Out"},"Right Arm":{"Weight":1,"CFrame":[-0.0873742625117302,-0.43892237544059756,-0.10515344142913819,-0.0913889929652214,-0.9898276925086975,-0.10903748869895935,0.9720459580421448,-0.11245180666446686,0.20610974729061128,-0.21627455949783326,-0.08715333789587021,0.9724348783493042],"EasingStyle":"Linear","EasingDirection":"Out"},"Left Arm":{"Weight":1,"CFrame":[0.11199578642845154,-0.3836647868156433,-0.042476773262023929,0.32133495807647707,0.9403311610221863,0.11189819127321243,-0.9399310350418091,0.30233699083328249,0.1584988385438919,0.11521048098802567,-0.1561078280210495,0.9809979200363159],"EasingStyle":"Linear","EasingDirection":"Out"},"Right Leg":{"Weight":1,"CFrame":[0.2747153043746948,0.11961424350738526,0.0646979808807373,0.9436715841293335,0.24313804507255555,-0.22442764043807984,-0.2132674753665924,0.9655230045318604,0.14927273988723756,0.2529839873313904,-0.09300137311220169,0.9629901051521301],"EasingStyle":"Linear","EasingDirection":"Out"},"Torso":{"Weight":1,"CFrame":[0.04168497025966644,5.587935447692871e-9,-0.08042430877685547,0.9991921782493591,-0.017694760113954545,-0.03608201444149017,0.017939211800694467,0.9998182058334351,0.006462416611611843,0.03596110641956329,-0.0071044787764549259,0.9993279576301575],"EasingStyle":"Linear","EasingDirection":"Out"},"HumanoidRootPart":{"Weight":0,"CFrame":[0,0,0,1,0,0,0,1,0,0,0,1],"EasingStyle":"Linear","EasingDirection":"In"},"Head":{"Weight":1,"CFrame":[9.289942681789398e-8,-6.039044819772244e-10,0,0.993366539478302,0.09767208993434906,-0.060688626021146777,-0.09408080577850342,0.9937873482704163,0.059460315853357318,0.06611921638250351,-0.05335625633597374,0.9963841438293457],"EasingStyle":"Linear","EasingDirection":"Out"}}},{"Time":0.20416666567325593,"poses":{"Left Leg":{"Weight":1,"CFrame":[-0.28344908356666567,0.04089200496673584,0.04458189010620117,0.9678458571434021,-0.20858439803123475,0.14059492945671082,0.20799416303634644,0.9779446125030518,0.019045328721404077,-0.1414666771888733,0.010809948667883873,0.9898840188980103],"EasingStyle":"Linear","EasingDirection":"Out"},"Right Arm":{"Weight":1,"CFrame":[-0.08965851366519928,-0.4359496533870697,-0.10759848356246948,-0.14569665491580964,-0.9831073880195618,-0.11078052222728729,0.9661767482757568,-0.16547511518001557,0.19778874516487122,-0.21277904510498048,-0.07821646332740784,0.9739647507667542],"EasingStyle":"Linear","EasingDirection":"Out"},"Left Arm":{"Weight":1,"CFrame":[0.11458709090948105,-0.39097869396209719,-0.04152345657348633,0.3398713171482086,0.9338531494140625,0.11138147860765457,-0.9335281848907471,0.32062265276908877,0.16039389371871949,0.11407290399074555,-0.15849116444587708,0.9807486534118652],"EasingStyle":"Linear","EasingDirection":"Out"},"Right Leg":{"Weight":1,"CFrame":[0.27828025817871096,0.11940920352935791,0.06434905529022217,0.9447201490402222,0.24186569452285767,-0.22137020528316499,-0.21292637288570405,0.9659868478775024,0.14673718810081483,0.24933144450187684,-0.09149008989334107,0.9640868306159973],"EasingStyle":"Linear","EasingDirection":"Out"},"Torso":{"Weight":1,"CFrame":[0.03644493222236633,3.725290298461914e-9,-0.08042430877685547,0.9991903901100159,-0.01640547811985016,-0.0367337130010128,0.01660923659801483,0.9998483061790466,0.005248624831438065,0.036642033606767657,-0.005854494404047728,0.9993113279342651],"EasingStyle":"Linear","EasingDirection":"Out"},"HumanoidRootPart":{"Weight":0,"CFrame":[0,0,0,1,0,0,0,1,0,0,0,1],"EasingStyle":"Linear","EasingDirection":"In"},"Head":{"Weight":1,"CFrame":[1.0359508451074362e-7,1.8021637515630574e-9,-2.384185791015625e-7,0.992241382598877,0.11440107971429825,-0.048676811158657077,-0.11188196390867233,0.9923772811889648,0.05166957899928093,0.05421680212020874,-0.045822639018297198,0.9974772334098816],"EasingStyle":"Linear","EasingDirection":"Out"}}},{"Time":0.22458332777023316,"poses":{"Left Leg":{"Weight":1,"CFrame":[-0.28051891922950747,0.04367649555206299,0.04552340507507324,0.967555582523346,-0.20699478685855866,0.1448768973350525,0.20578493177890778,0.9783161282539368,0.023454193025827409,-0.14659030735492707,0.007120255380868912,0.9891716837882996],"EasingStyle":"Linear","EasingDirection":"Out"},"Right Arm":{"Weight":1,"CFrame":[-0.09172964841127396,-0.43421152234077456,-0.1091122031211853,-0.1801571100950241,-0.9772807359695435,-0.11165016889572144,0.9608963131904602,-0.19912093877792359,0.19242963194847108,-0.21028965711593629,-0.072616808116436,0.9749385118484497],"EasingStyle":"Linear","EasingDirection":"Out"},"Left Arm":{"Weight":1,"CFrame":[0.11420273780822754,-0.38992246985435488,-0.04166102409362793,0.33719438314437868,0.9348138570785523,0.11145863682031632,-0.9344779849052429,0.31798192858695986,0.16012001037597657,0.11424051970243454,-0.15814729034900666,0.9807846546173096],"EasingStyle":"Linear","EasingDirection":"Out"},"Right Leg":{"Weight":1,"CFrame":[0.2820376455783844,0.11753052473068237,0.063873291015625,0.9460145831108093,0.2406252771615982,-0.21715407073497773,-0.21331636607646943,0.9666351675987244,0.14181865751743318,0.24403390288352967,-0.08784007281064987,0.9657803177833557],"EasingStyle":"Linear","EasingDirection":"Out"},"Torso":{"Weight":1,"CFrame":[0.02979697287082672,4.6566128730773929e-9,-0.08042407035827637,0.9992262721061707,-0.014965027570724488,-0.036371923983097079,0.01513004582375288,0.9998764395713806,0.004265960305929184,0.03630359098315239,-0.0048129684291779999,0.9993292093276978],"EasingStyle":"Linear","EasingDirection":"Out"},"HumanoidRootPart":{"Weight":0,"CFrame":[0,0,0,1,0,0,0,1,0,0,0,1],"EasingStyle":"Linear","EasingDirection":"In"},"Head":{"Weight":1,"CFrame":[7.301423465833068e-8,2.5902409106492998e-9,1.1920928955078126e-7,0.9926996827125549,0.1152406632900238,-0.035593338310718539,-0.11361127346754074,0.9925129413604736,0.04483923688530922,0.0404941625893116,-0.04046809300780296,0.9983599185943604],"EasingStyle":"Linear","EasingDirection":"Out"}}},{"Time":0.24500000476837159,"poses":{"Left Leg":{"Weight":1,"CFrame":[-0.2780138850212097,0.04776507616043091,0.046781063079833987,0.9668609499931336,-0.20642784237861634,0.15022462606430055,0.2042209953069687,0.9784606099128723,0.030142804607748987,-0.15321125090122224,0.0015351270558312536,0.9881922602653503],"EasingStyle":"Linear","EasingDirection":"Out"},"Right Arm":{"Weight":1,"CFrame":[-0.09245023876428604,-0.43371516466140749,-0.1095626950263977,-0.19054856896400453,-0.9752820134162903,-0.11187580227851868,0.9590632319450378,-0.2092667669057846,0.19080130755901338,-0.20949698984622956,-0.07093912363052368,0.9752326011657715],"EasingStyle":"Linear","EasingDirection":"Out"},"Left Arm":{"Weight":1,"CFrame":[0.11057919263839722,-0.3794594407081604,-0.0430259108543396,0.31067752838134768,0.9438728094100952,0.11217659711837769,-0.9434302449226379,0.29182395339012148,0.1574106365442276,0.11583979427814484,-0.15473487973213197,0.9811413288116455],"EasingStyle":"Linear","EasingDirection":"Out"},"Right Leg":{"Weight":1,"CFrame":[0.2857397198677063,0.11408835649490357,0.06319355964660645,0.9475612640380859,0.2392793744802475,-0.21183261275291444,-0.21417774260044099,0.9674549102783203,0.13475477695465089,0.2371826022863388,-0.08231867849826813,0.96797114610672],"EasingStyle":"Linear","EasingDirection":"Out"},"Torso":{"Weight":1,"CFrame":[0.022263377904891969,5.587935447692871e-9,-0.08042430877685547,0.9993008971214294,-0.013247971422970295,-0.03495938330888748,0.013379592448472977,0.999904215335846,0.0035337249282747509,0.03490922227501869,-0.003998996689915657,0.999382495880127],"EasingStyle":"Linear","EasingDirection":"Out"},"HumanoidRootPart":{"Weight":0,"CFrame":[0,0,0,1,0,0,0,1,0,0,0,1],"EasingStyle":"Linear","EasingDirection":"In"},"Head":{"Weight":1,"CFrame":[7.768176146782935e-8,5.820766091346741e-11,-2.384185791015625e-7,0.9944458603858948,0.1029505804181099,-0.021876493468880655,-0.10202321410179138,0.9939791560173035,0.03995923697948456,0.025858603417873384,-0.0375053845345974,0.9989618062973023],"EasingStyle":"Linear","EasingDirection":"Out"}}},{"Time":0.2654166519641876,"poses":{"Left Leg":{"Weight":1,"CFrame":[-0.27601122856140139,0.05302375555038452,0.04833543300628662,0.9657325744628906,-0.20699618756771089,0.15656673908233643,0.20339378714561463,0.9783251881599426,0.03886882960796356,-0.16121892631053925,-0.005692184437066317,0.9869022369384766],"EasingStyle":"Linear","EasingDirection":"Out"},"Right Arm":{"Weight":1,"CFrame":[-0.09121538698673248,-0.4345950484275818,-0.10877019166946411,-0.17231464385986329,-0.978714644908905,-0.11146852374076843,0.9622055292129517,-0.19146385788917542,0.19365468621253968,-0.21087494492530824,-0.07388623803853989,0.9747166633605957],"EasingStyle":"Linear","EasingDirection":"Out"},"Left Arm":{"Weight":1,"CFrame":[0.10496903955936432,-0.3609747290611267,-0.04544878005981445,0.2638309895992279,0.9578980803489685,0.11324524879455567,-0.957274854183197,0.24561388790607453,0.15263907611370088,0.11839804798364639,-0.148677796125412,0.9817723035812378],"EasingStyle":"Linear","EasingDirection":"Out"},"Right Leg":{"Weight":1,"CFrame":[0.2891365587711334,0.10919809341430664,0.06223154067993164,0.9493603110313416,0.23769511282444,-0.20546525716781617,-0.2152460217475891,0.968425452709198,0.12578287720680238,0.22887583076953889,-0.07518774271011353,0.970547616481781],"EasingStyle":"Linear","EasingDirection":"Out"},"Torso":{"Weight":1,"CFrame":[0.014366470277309418,5.587935447692871e-9,-0.08042430877685547,0.9994111061096191,-0.011129532940685749,-0.03245863690972328,0.011235042475163937,0.9999321699142456,0.0030700198840349914,0.0324222669005394,-0.0034328859765082599,0.9994683861732483],"EasingStyle":"Linear","EasingDirection":"Out"},"HumanoidRootPart":{"Weight":0,"CFrame":[0,0,0,1,0,0,0,1,0,0,0,1],"EasingStyle":"Linear","EasingDirection":"In"},"Head":{"Weight":1,"CFrame":[8.69658833835274e-8,5.529727786779404e-10,5.960464477539063e-7,0.9967461824417114,0.08019808679819107,-0.008082587271928788,-0.07983694970607758,0.9960845708847046,0.037968941032886508,0.01109597273170948,-0.03720010071992874,0.9992462396621704],"EasingStyle":"Linear","EasingDirection":"Out"}}},{"Time":0.28583332896232607,"poses":{"Left Leg":{"Weight":1,"CFrame":[-0.2745803892612457,0.05932062864303589,0.05016958713531494,0.9641352295875549,-0.20881149172782899,0.16383220255374909,0.20338840782642365,0.9778513312339783,0.04939581826329231,-0.1705179512500763,-0.014302659779787064,0.9852507710456848],"EasingStyle":"Linear","EasingDirection":"Out"},"Right Arm":{"Weight":1,"CFrame":[-0.0885290578007698,-0.4371981620788574,-0.10655438899993897,-0.12231279164552689,-0.9863674640655518,-0.11008545011281967,0.9690689444541931,-0.14264419674873353,0.20139016211032868,-0.21434777975082398,-0.08204792439937592,0.9733052849769592],"EasingStyle":"Linear","EasingDirection":"Out"},"Left Arm":{"Weight":1,"CFrame":[0.09904418885707855,-0.33655214309692385,-0.0486719012260437,0.2019273042678833,0.9727102518081665,0.114281065762043,-0.9718628525733948,0.18455561995506288,0.14636172354221345,0.12127631157636643,-0.14062006771564485,0.9826077818870544],"EasingStyle":"Linear","EasingDirection":"Out"},"Right Leg":{"Weight":1,"CFrame":[0.29197028279304507,0.10298138856887818,0.060912251472473147,0.9514078497886658,0.2357378751039505,-0.1981179565191269,-0.21625001728534699,0.9695247411727905,0.11514204740524292,0.21922363340854646,-0.06670409440994263,0.9733917713165283],"EasingStyle":"Linear","EasingDirection":"Out"},"Torso":{"Weight":1,"CFrame":[0.006628558039665222,4.6566128730773929e-9,-0.08042430877685547,0.9995482563972473,-0.008485705591738224,-0.028831807896494867,0.008572584018111229,0.9999590516090393,0.0028910234104841949,0.02880609594285488,-0.003136880462989211,0.9995800852775574],"EasingStyle":"Linear","EasingDirection":"Out"},"HumanoidRootPart":{"Weight":0,"CFrame":[0,0,0,1,0,0,0,1,0,0,0,1],"EasingStyle":"Linear","EasingDirection":"In"},"Head":{"Weight":1,"CFrame":[8.67876224219799e-8,8.731149137020111e-10,-2.384185791015625e-7,0.9987547397613525,0.04962914064526558,0.0050933645106852058,-0.04979268088936806,0.9979695081710815,0.03971860185265541,-0.0031118234619498255,-0.039922744035720828,0.9991979002952576],"EasingStyle":"Linear","EasingDirection":"Out"}}},{"Time":0.3062500059604645,"poses":{"Left Leg":{"Weight":1,"CFrame":[-0.27378368377685549,0.06652599573135376,0.052272677421569827,0.9620270133018494,-0.21198436617851258,0.17194966971874238,0.20428776741027833,0.9769775867462158,0.06149249151349068,-0.181026428937912,-0.024030238389968873,0.9831846356391907],"EasingStyle":"Linear","EasingDirection":"Out"},"Right Arm":{"Weight":1,"CFrame":[-0.08637098222970963,-0.4415738582611084,-0.10305607318878174,-0.0459500327706337,-0.9931713938713074,-0.1072341725230217,0.9746863842010498,-0.06808797270059586,0.21295642852783204,-0.21880358457565309,-0.09473434835672379,0.9711592793464661],"EasingStyle":"Linear","EasingDirection":"Out"},"Left Arm":{"Weight":1,"CFrame":[0.09424242377281189,-0.3085086941719055,-0.05240178108215332,0.13084310293197633,0.9847147464752197,0.114965058863163,-0.9836297035217285,0.11444835364818573,0.1391911506652832,0.1239059567451477,-0.1312953680753708,0.9835694432258606],"EasingStyle":"Linear","EasingDirection":"Out"},"Right Leg":{"Weight":1,"CFrame":[0.29397052526474,0.09556639194488526,0.05916917324066162,0.9536949992179871,0.23327475786209107,-0.1898650974035263,-0.21692131459712983,0.9707319140434265,0.10307589918375015,0.20835314691066743,-0.057117268443107608,0.9763844609260559],"EasingStyle":"Linear","EasingDirection":"Out"},"Torso":{"Weight":1,"CFrame":[-0.0004280358552932739,5.587935447692871e-9,-0.08042430877685547,0.9996975064277649,-0.005193451419472694,-0.024040408432483674,0.005267316475510597,0.9999815821647644,0.0030102317687124016,0.02402433194220066,-0.003135949606075883,0.9997064471244812],"EasingStyle":"Linear","EasingDirection":"Out"},"HumanoidRootPart":{"Weight":0,"CFrame":[0,0,0,1,0,0,0,1,0,0,0,1],"EasingStyle":"Linear","EasingDirection":"In"},"Head":{"Weight":1,"CFrame":[8.672577678225935e-8,4.511093720793724e-10,0,0.9997620582580566,0.013858575373888016,0.016845829784870149,-0.014615030959248543,0.9988508820533752,0.045643530786037448,-0.016193917021155359,-0.045878876000642779,0.9988157153129578],"EasingStyle":"Linear","EasingDirection":"Out"}}},{"Time":0.3266666531562805,"poses":{"Left Leg":{"Weight":1,"CFrame":[-0.273613303899765,0.07444393634796143,0.05460762977600098,0.9593974947929382,-0.21651576459407807,0.18076863884925843,0.20608855783939362,0.9756680727005005,0.07482855767011643,-0.19257183372974397,-0.034535981714725497,0.9806749820709229],"EasingStyle":"Linear","EasingDirection":"Out"},"Right Arm":{"Weight":1,"CFrame":[-0.08690301328897476,-0.4473308324813843,-0.09857147932052612,0.048282377421855929,-0.9935600757598877,-0.10250428318977356,0.9736422300338745,0.02391343005001545,0.22682368755340577,-0.2229117453098297,-0.11075415462255478,0.9685266613960266],"EasingStyle":"Linear","EasingDirection":"Out"},"Left Arm":{"Weight":1,"CFrame":[0.09144563227891922,-0.27943184971809389,-0.056300997734069827,0.05713065341114998,0.9917070269584656,0.11512291431427002,-0.9903969764709473,0.041755445301532748,0.13179650902748109,0.12589648365974427,-0.12154712527990341,0.9845691323280335],"EasingStyle":"Linear","EasingDirection":"Out"},"Right Leg":{"Weight":1,"CFrame":[0.29492250084877016,0.08717042207717896,0.05698394775390625,0.9561765789985657,0.23024500906467439,-0.1808687448501587,-0.21704666316509248,0.9720099568367004,0.08993017673492432,0.19651226699352265,-0.04673221707344055,0.979387104511261],"EasingStyle":"Linear","EasingDirection":"Out"},"Torso":{"Weight":1,"CFrame":[-0.006383426487445831,5.587935447692871e-9,-0.08042430877685547,0.9998346567153931,-0.0012099053710699082,-0.018143288791179658,0.0012722744140774012,0.9999933242797852,0.0034264344722032549,0.01813902147114277,-0.003448951058089733,0.9998295307159424],"EasingStyle":"Linear","EasingDirection":"Out"},"HumanoidRootPart":{"Weight":0,"CFrame":[0,0,0,1,0,0,0,1,0,0,0,1],"EasingStyle":"Linear","EasingDirection":"In"},"Head":{"Weight":1,"CFrame":[8.646475180285052e-8,-1.9226717995479705e-9,3.5762786865234377e-7,0.999346911907196,-0.024684501811861993,0.02638891153037548,0.023207884281873704,0.9982238411903381,0.05486877262592316,-0.02769644930958748,-0.05422051623463631,0.998144805431366],"EasingStyle":"Linear","EasingDirection":"Out"}}},{"Time":0.34708333015441897,"poses":{"Left Leg":{"Weight":1,"CFrame":[-0.2737885117530823,0.0826074481010437,0.057007431983947757,0.9564001560211182,-0.22196301817893983,0.1898188591003418,0.20845232903957368,0.9740056395530701,0.08866015821695328,-0.20456397533416749,-0.04522641375660896,0.9778078198432922],"EasingStyle":"Linear","EasingDirection":"Out"},"Right Arm":{"Weight":1,"CFrame":[-0.09149826318025589,-0.45356613397598269,-0.09352070093154907,0.15058939158916474,-0.9839388728141785,-0.09584946185350418,0.9625044465065002,0.12379610538482666,0.24137045443058015,-0.22562801837921143,-0.12860339879989625,0.9656879305839539],"EasingStyle":"Linear","EasingDirection":"Out"},"Left Arm":{"Weight":1,"CFrame":[0.09080196171998978,-0.25204160809516909,-0.06000298261642456,-0.012310496531426907,0.9933159351348877,0.11476892232894898,-0.9918135404586792,-0.026719342917203904,0.12486788630485535,0.12709981203079225,-0.1122923195362091,0.9855130910873413],"EasingStyle":"Linear","EasingDirection":"Out"},"Right Leg":{"Weight":1,"CFrame":[0.2948637902736664,0.07831674814224243,0.05449068546295166,0.9586828947067261,0.2268797904253006,-0.17161741852760316,-0.21664336323738099,0.9732532501220703,0.07644473761320114,0.18437111377716065,-0.03610655292868614,0.9821932911872864],"EasingStyle":"Linear","EasingDirection":"Out"},"Torso":{"Weight":1,"CFrame":[-0.011227451264858246,5.587935447692871e-9,-0.08042454719543457,0.9999276995658875,0.0031907958909869196,-0.011591381393373013,-0.0031435335986316206,0.9999867081642151,0.004093280993402004,0.011604287661612034,-0.004056546837091446,0.9999244213104248],"EasingStyle":"Linear","EasingDirection":"Out"},"HumanoidRootPart":{"Weight":0,"CFrame":[0,0,0,1,0,0,0,1,0,0,0,1],"EasingStyle":"Linear","EasingDirection":"In"},"Head":{"Weight":1,"CFrame":[9.103860065806657e-8,1.3096723705530167e-9,3.5762786865234377e-7,0.9974321126937866,-0.063542939722538,0.03303660824894905,0.06125782057642937,0.9959306120872498,0.06610336154699326,-0.03710256889462471,-0.0639098659157753,0.9972656965255737],"EasingStyle":"Linear","EasingDirection":"Out"}}},{"Time":0.3675000071525574,"poses":{"Left Leg":{"Weight":1,"CFrame":[-0.2740511894226074,0.09047222137451172,0.05929267406463623,0.9532467126846314,-0.22781141102313996,0.19855129718780518,0.21104978024959565,0.9721249341964722,0.10213302075862885,-0.21628378331661225,-0.05545378848910332,0.9747544527053833],"EasingStyle":"Linear","EasingDirection":"Out"},"Right Arm":{"Weight":1,"CFrame":[-0.10016604512929917,-0.459126740694046,-0.08843028545379639,0.25052839517593386,-0.9641221761703491,-0.08777223527431488,0.9412469267845154,0.22136467695236207,0.25505271553993227,-0.22647234797477723,-0.14651334285736085,0.9629351496696472],"EasingStyle":"Linear","EasingDirection":"Out"},"Left Arm":{"Weight":1,"CFrame":[0.0917481854557991,-0.22900986671447755,-0.06313765048980713,-0.07070769369602204,0.990950345993042,0.114095538854599,-0.9893008470535278,-0.08429940044879914,0.11906925588846207,0.12760986387729646,-0.10445574671030045,0.9863086342811585],"EasingStyle":"Linear","EasingDirection":"Out"},"Right Leg":{"Weight":1,"CFrame":[0.2939722239971161,0.06959855556488037,0.05188572406768799,0.9610292315483093,0.2235139161348343,-0.16267870366573335,-0.21587172150611878,0.9743574261665344,0.06345903128385544,0.1726912260055542,-0.025868313387036325,0.9846362471580505],"EasingStyle":"Linear","EasingDirection":"Out"},"Torso":{"Weight":1,"CFrame":[-0.015052363276481629,4.6566128730773929e-9,-0.08042430877685547,0.9999585151672363,0.007655646651983261,-0.004934611264616251,-0.007631168235093355,0.9999585747718811,0.0049603949300944809,0.004972381982952356,-0.0049225324764847759,0.9999755024909973],"EasingStyle":"Linear","EasingDirection":"Out"},"HumanoidRootPart":{"Weight":0,"CFrame":[0,0,0,1,0,0,0,1,0,0,0,1],"EasingStyle":"Linear","EasingDirection":"In"},"Head":{"Weight":1,"CFrame":[8.861024980433285e-8,4.94765117764473e-10,0,0.9943054914474487,-0.10021352767944336,0.03624743968248367,0.0971599891781807,0.9922100901603699,0.07796871662139893,-0.043778590857982638,-0.07400291413068772,0.9962966442108154],"EasingStyle":"Linear","EasingDirection":"Out"}}},{"Time":0.3879166543483734,"poses":{"Left Leg":{"Weight":1,"CFrame":[-0.27425503730773928,0.09749400615692139,0.06131470203399658