{"Sequence":[{"Time":0,"poses":{"Left Leg":{"Weight":1,"CFrame":[-0.2491118460893631,0.08635610342025757,3.5762786865234377e-7,0.9484831094741821,0.3168279230594635,4.172324565843155e-7,-0.3168279826641083,0.9484830498695374,-2.0427717117854628e-7,-4.1512825532663557e-7,8.291902986456989e-8,1],"EasingStyle":"Constant","EasingDirection":"In"},"Right Arm":{"Weight":1,"CFrame":[-0.7427206039428711,-0.29437458515167239,0.26957666873931887,0.7161450386047363,-0.5387477874755859,0.4437198042869568,0.5987540483474731,0.8009099960327148,0.006070757284760475,-0.35865020751953127,0.26133137941360476,0.8961449861526489],"EasingStyle":"Constant","EasingDirection":"In"},"Head":{"Weight":1,"CFrame":[8.742276236262114e-8,0,-2.384185791015625e-7,0.9294896721839905,0.36884814500808718,8.742277657347586e-8,-0.36884814500808718,0.9294896721839905,2.6208243356155545e-15,-8.125857675622683e-8,-3.2245740300140827e-8,1],"EasingStyle":"Constant","EasingDirection":"In"},"Right Leg":{"Weight":1,"CFrame":[0.16409510374069215,-0.06774389743804932,2.384185791015625e-7,0.8597952723503113,0.5106390714645386,5.066394805908203e-7,-0.5106390118598938,0.8597951531410217,-1.3656044473009389e-7,-4.0239345366899217e-7,-1.1986917058948166e-7,1],"EasingStyle":"Constant","EasingDirection":"In"},"Torso":{"Weight":1,"CFrame":[0,0,-0.17257905006408692,0.8903817534446716,-0.45521485805511477,-7.783963695828788e-8,0.45521485805511477,0.8903817534446716,-3.979614149329791e-8,8.742278367890322e-8,0,1],"EasingStyle":"Constant","EasingDirection":"In"},"HumanoidRootPart":{"Weight":0,"CFrame":[0,0,0,1,0,0,0,1,0,0,0,1],"EasingStyle":"Linear","EasingDirection":"In"},"Left Arm":{"Weight":1,"CFrame":[-0.1225443184375763,0.36305397748947146,0.0044078826904296879,-0.860260009765625,0.47984662652015688,0.1723368614912033,-0.4792924225330353,-0.8763633370399475,0.04760442674160004,0.1738724708557129,-0.04164763540029526,0.9838871955871582],"EasingStyle":"Constant","EasingDirection":"In"}}},{"Time":0.0416666679084301,"poses":{"Left Leg":{"Weight":1,"CFrame":[-0.2491118460893631,0.08635610342025757,3.5762786865234377e-7,0.9484831094741821,0.3168279230594635,4.172324565843155e-7,-0.3168279826641083,0.9484830498695374,-2.0427717117854628e-7,-4.1512825532663557e-7,8.291902986456989e-8,1],"EasingStyle":"Constant","EasingDirection":"In"},"Right Arm":{"Weight":1,"CFrame":[-0.7427206039428711,-0.29437458515167239,0.26957666873931887,0.7161450386047363,-0.5387477874755859,0.4437198042869568,0.5987540483474731,0.8009099960327148,0.006070757284760475,-0.35865020751953127,0.26133137941360476,0.8961449861526489],"EasingStyle":"Constant","EasingDirection":"In"},"Head":{"Weight":1,"CFrame":[8.742276236262114e-8,0,-2.384185791015625e-7,0.9294896721839905,0.36884814500808718,8.742277657347586e-8,-0.36884814500808718,0.9294896721839905,2.6208243356155545e-15,-8.125857675622683e-8,-3.2245740300140827e-8,1],"EasingStyle":"Constant","EasingDirection":"In"},"Right Leg":{"Weight":1,"CFrame":[0.16409510374069215,-0.06774389743804932,2.384185791015625e-7,0.8597952723503113,0.5106390714645386,5.066394805908203e-7,-0.5106390118598938,0.8597951531410217,-1.3656044473009389e-7,-4.0239345366899217e-7,-1.1986917058948166e-7,1],"EasingStyle":"Constant","EasingDirection":"In"},"Torso":{"Weight":1,"CFrame":[0,0,-0.17257905006408692,0.8903817534446716,-0.45521485805511477,-7.783963695828788e-8,0.45521485805511477,0.8903817534446716,-3.979614149329791e-8,8.742278367890322e-8,0,1],"EasingStyle":"Constant","EasingDirection":"In"},"HumanoidRootPart":{"Weight":0,"CFrame":[0,0,0,1,0,0,0,1,0,0,0,1],"EasingStyle":"Linear","EasingDirection":"In"},"Left Arm":{"Weight":1,"CFrame":[-0.1225443184375763,0.36305397748947146,0.0044078826904296879,-0.860260009765625,0.47984662652015688,0.1723368614912033,-0.4792924225330353,-0.8763633370399475,0.04760442674160004,0.1738724708557129,-0.04164763540029526,0.9838871955871582],"EasingStyle":"Constant","EasingDirection":"In"}}},{"Time":0.0833333358168602,"poses":{"Left Leg":{"Weight":1,"CFrame":[-0.2491118460893631,0.08635610342025757,3.5762786865234377e-7,0.9484831094741821,0.3168279230594635,4.172324565843155e-7,-0.3168279826641083,0.9484830498695374,-2.0427717117854628e-7,-4.1512825532663557e-7,8.291902986456989e-8,1],"EasingStyle":"Constant","EasingDirection":"In"},"Right Arm":{"Weight":1,"CFrame":[-0.7427206039428711,-0.29437458515167239,0.26957666873931887,0.7161450386047363,-0.5387477874755859,0.4437198042869568,0.5987540483474731,0.8009099960327148,0.006070757284760475,-0.35865020751953127,0.26133137941360476,0.8961449861526489],"EasingStyle":"Constant","EasingDirection":"In"},"Head":{"Weight":1,"CFrame":[8.742276236262114e-8,0,-2.384185791015625e-7,0.9294896721839905,0.36884814500808718,8.742277657347586e-8,-0.36884814500808718,0.9294896721839905,2.6208243356155545e-15,-8.125857675622683e-8,-3.2245740300140827e-8,1],"EasingStyle":"Constant","EasingDirection":"In"},"Right Leg":{"Weight":1,"CFrame":[0.16409510374069215,-0.06774389743804932,2.384185791015625e-7,0.8597952723503113,0.5106390714645386,5.066394805908203e-7,-0.5106390118598938,0.8597951531410217,-1.3656044473009389e-7,-4.0239345366899217e-7,-1.1986917058948166e-7,1],"EasingStyle":"Constant","EasingDirection":"In"},"Torso":{"Weight":1,"CFrame":[0,0,-0.17257905006408692,0.8903817534446716,-0.45521485805511477,-7.783963695828788e-8,0.45521485805511477,0.8903817534446716,-3.979614149329791e-8,8.742278367890322e-8,0,1],"EasingStyle":"Constant","EasingDirection":"In"},"HumanoidRootPart":{"Weight":0,"CFrame":[0,0,0,1,0,0,0,1,0,0,0,1],"EasingStyle":"Linear","EasingDirection":"In"},"Left Arm":{"Weight":1,"CFrame":[-0.1225443184375763,0.36305397748947146,0.0044078826904296879,-0.860260009765625,0.47984662652015688,0.1723368614912033,-0.4792924225330353,-0.8763633370399475,0.04760442674160004,0.1738724708557129,-0.04164763540029526,0.9838871955871582],"EasingStyle":"Constant","EasingDirection":"In"}}},{"Time":0.125,"poses":{"Left Leg":{"Weight":1,"CFrame":[-0.2491118460893631,0.08635610342025757,3.5762786865234377e-7,0.9484831094741821,0.3168279230594635,4.172324565843155e-7,-0.3168279826641083,0.9484830498695374,-2.0427717117854628e-7,-4.1512825532663557e-7,8.291902986456989e-8,1],"EasingStyle":"Constant","EasingDirection":"In"},"Right Arm":{"Weight":1,"CFrame":[-0.7427206039428711,-0.29437458515167239,0.26957666873931887,0.7161450386047363,-0.5387477874755859,0.4437198042869568,0.5987540483474731,0.8009099960327148,0.006070757284760475,-0.35865020751953127,0.26133137941360476,0.8961449861526489],"EasingStyle":"Constant","EasingDirection":"In"},"Head":{"Weight":1,"CFrame":[8.742276236262114e-8,0,-2.384185791015625e-7,0.9294896721839905,0.36884814500808718,8.742277657347586e-8,-0.36884814500808718,0.9294896721839905,2.6208243356155545e-15,-8.125857675622683e-8,-3.2245740300140827e-8,1],"EasingStyle":"Constant","EasingDirection":"In"},"Right Leg":{"Weight":1,"CFrame":[0.16409510374069215,-0.06774389743804932,2.384185791015625e-7,0.8597952723503113,0.5106390714645386,5.066394805908203e-7,-0.5106390118598938,0.8597951531410217,-1.3656044473009389e-7,-4.0239345366899217e-7,-1.1986917058948166e-7,1],"EasingStyle":"Constant","EasingDirection":"In"},"Torso":{"Weight":1,"CFrame":[0,0,-0.17257905006408692,0.8903817534446716,-0.45521485805511477,-7.783963695828788e-8,0.45521485805511477,0.8903817534446716,-3.979614149329791e-8,8.742278367890322e-8,0,1],"EasingStyle":"Constant","EasingDirection":"In"},"HumanoidRootPart":{"Weight":0,"CFrame":[0,0,0,1,0,0,0,1,0,0,0,1],"EasingStyle":"Linear","EasingDirection":"In"},"Left Arm":{"Weight":1,"CFrame":[-0.1225443184375763,0.36305397748947146,0.0044078826904296879,-0.860260009765625,0.47984662652015688,0.1723368614912033,-0.4792924225330353,-0.8763633370399475,0.04760442674160004,0.1738724708557129,-0.04164763540029526,0.9838871955871582],"EasingStyle":"Constant","EasingDirection":"In"}}},{"Time":0.1666666716337204,"poses":{"Left Leg":{"Weight":1,"CFrame":[-0.2491118460893631,0.08635610342025757,3.5762786865234377e-7,0.9484831094741821,0.3168279230594635,4.172324565843155e-7,-0.3168279826641083,0.9484830498695374,-2.0427717117854628e-7,-4.1512825532663557e-7,8.291902986456989e-8,1],"EasingStyle":"Constant","EasingDirection":"In"},"Right Arm":{"Weight":1,"CFrame":[-0.7427206039428711,-0.29437458515167239,0.26957666873931887,0.7161450386047363,-0.5387477874755859,0.4437198042869568,0.5987540483474731,0.8009099960327148,0.006070757284760475,-0.35865020751953127,0.26133137941360476,0.8961449861526489],"EasingStyle":"Constant","EasingDirection":"In"},"Head":{"Weight":1,"CFrame":[8.742276236262114e-8,0,-2.384185791015625e-7,0.9294896721839905,0.36884814500808718,8.742277657347586e-8,-0.36884814500808718,0.9294896721839905,2.6208243356155545e-15,-8.125857675622683e-8,-3.2245740300140827e-8,1],"EasingStyle":"Constant","EasingDirection":"In"},"Right Leg":{"Weight":1,"CFrame":[0.16409510374069215,-0.06774389743804932,2.384185791015625e-7,0.8597952723503113,0.5106390714645386,5.066394805908203e-7,-0.5106390118598938,0.8597951531410217,-1.3656044473009389e-7,-4.0239345366899217e-7,-1.1986917058948166e-7,1],"EasingStyle":"Constant","EasingDirection":"In"},"Torso":{"Weight":1,"CFrame":[0,0,-0.17257905006408692,0.8903817534446716,-0.45521485805511477,-7.783963695828788e-8,0.45521485805511477,0.8903817534446716,-3.979614149329791e-8,8.742278367890322e-8,0,1],"EasingStyle":"Constant","EasingDirection":"In"},"HumanoidRootPart":{"Weight":0,"CFrame":[0,0,0,1,0,0,0,1,0,0,0,1],"EasingStyle":"Linear","EasingDirection":"In"},"Left Arm":{"Weight":1,"CFrame":[-0.1225443184375763,0.36305397748947146,0.0044078826904296879,-0.860260009765625,0.47984662652015688,0.1723368614912033,-0.4792924225330353,-0.8763633370399475,0.04760442674160004,0.1738724708557129,-0.04164763540029526,0.9838871955871582],"EasingStyle":"Constant","EasingDirection":"In"}}},{"Time":0.2083333283662796,"poses":{"Left Leg":{"Weight":1,"CFrame":[-0.2491118460893631,0.08635610342025757,3.5762786865234377e-7,0.9484831094741821,0.3168279230594635,4.172324565843155e-7,-0.3168279826641083,0.9484830498695374,-2.0427717117854628e-7,-4.1512825532663557e-7,8.291902986456989e-8,1],"EasingStyle":"Constant","EasingDirection":"In"},"Right Arm":{"Weight":1,"CFrame":[-0.7427206039428711,-0.29437458515167239,0.26957666873931887,0.7161450386047363,-0.5387477874755859,0.4437198042869568,0.5987540483474731,0.8009099960327148,0.006070757284760475,-0.35865020751953127,0.26133137941360476,0.8961449861526489],"EasingStyle":"Constant","EasingDirection":"In"},"Head":{"Weight":1,"CFrame":[8.742276236262114e-8,0,-2.384185791015625e-7,0.9294896721839905,0.36884814500808718,8.742277657347586e-8,-0.36884814500808718,0.9294896721839905,2.6208243356155545e-15,-8.125857675622683e-8,-3.2245740300140827e-8,1],"EasingStyle":"Constant","EasingDirection":"In"},"Right Leg":{"Weight":1,"CFrame":[0.16409510374069215,-0.06774389743804932,2.384185791015625e-7,0.8597952723503113,0.5106390714645386,5.066394805908203e-7,-0.5106390118598938,0.8597951531410217,-1.3656044473009389e-7,-4.0239345366899217e-7,-1.1986917058948166e-7,1],"EasingStyle":"Constant","EasingDirection":"In"},"Torso":{"Weight":1,"CFrame":[0,0,-0.17257905006408692,0.8903817534446716,-0.45521485805511477,-7.783963695828788e-8,0.45521485805511477,0.8903817534446716,-3.979614149329791e-8,8.742278367890322e-8,0,1],"EasingStyle":"Constant","EasingDirection":"In"},"HumanoidRootPart":{"Weight":0,"CFrame":[0,0,0,1,0,0,0,1,0,0,0,1],"EasingStyle":"Linear","EasingDirection":"In"},"Left Arm":{"Weight":1,"CFrame":[-0.1225443184375763,0.36305397748947146,0.0044078826904296879,-0.860260009765625,0.47984662652015688,0.1723368614912033,-0.4792924225330353,-0.8763633370399475,0.04760442674160004,0.1738724708557129,-0.04164763540029526,0.9838871955871582],"EasingStyle":"Constant","EasingDirection":"In"}}},{"Time":0.25,"poses":{"Left Leg":{"Weight":1,"CFrame":[-0.5514892935752869,0.41812247037887576,0.03963828086853027,0.9545588493347168,0.2816464900970459,0.09742982685565949,-0.28193166851997378,0.9593701362609863,-0.011113366112112999,-0.09660141170024872,-0.016860218718647958,0.9951803088188171],"EasingStyle":"Constant","EasingDirection":"In"},"Right Arm":{"Weight":1,"CFrame":[-0.3679138422012329,-0.14347591996192933,0.01745462417602539,0.47222596406936648,0.8591132164001465,0.19729968905448914,-0.8802300095558167,0.4714973568916321,0.05371415242552757,-0.046879854053258899,-0.19903446733951569,0.9788706302642822],"EasingStyle":"Constant","EasingDirection":"In"},"Head":{"Weight":1,"CFrame":[8.789641015027883e-8,1.862645149230957e-9,0,0.9971410632133484,0.07552513480186463,-0.0023806069511920215,-0.07556265592575073,0.9966460466384888,-0.031416136771440509,-8.537137574649023e-8,0.03150620311498642,0.9995035529136658],"EasingStyle":"Constant","EasingDirection":"In"},"Right Leg":{"Weight":1,"CFrame":[0.07831123471260071,-0.14286839962005616,0.015059590339660645,0.8035831451416016,0.5936165452003479,0.04328396916389465,-0.594805896282196,0.8035557866096497,0.02245556376874447,-0.021451065316796304,-0.043790560215711597,0.9988104104995728],"EasingStyle":"Constant","EasingDirection":"In"},"Torso":{"Weight":1,"CFrame":[-0.0279999990016222,0,-0.18216681480407716,0.8164772987365723,-0.5773775577545166,-7.137871449458544e-8,0.5773775577545166,0.8164772987365723,-5.0475950530426419e-8,8.742277657347586e-8,0,1],"EasingStyle":"Constant","EasingDirection":"In"},"HumanoidRootPart":{"Weight":0,"CFrame":[0,0,0,1,0,0,0,1,0,0,0,1],"EasingStyle":"Linear","EasingDirection":"In"},"Left Arm":{"Weight":1,"CFrame":[-0.36880120635032656,-0.15427789092063905,-0.007442355155944824,0.1625787615776062,0.977563738822937,-0.13393056392669679,-0.9656496644020081,0.18552365899085999,0.18193908035755158,0.20270434021949769,0.09975042939186096,0.9741462469100952],"EasingStyle":"Constant","EasingDirection":"In"}}},{"Time":0.2916666567325592,"poses":{"Left Leg":{"Weight":1,"CFrame":[-0.5514892935752869,0.41812247037887576,0.03963828086853027,0.9545588493347168,0.2816464900970459,0.09742982685565949,-0.28193166851997378,0.9593701362609863,-0.011113366112112999,-0.09660143405199051,-0.016860218718647958,0.9951803088188171],"EasingStyle":"Constant","EasingDirection":"In"},"Right Arm":{"Weight":1,"CFrame":[-0.3679138422012329,-0.14347591996192933,0.01745462417602539,0.47222596406936648,0.8591132164001465,0.19729968905448914,-0.8802300095558167,0.4714973568916321,0.05371415242552757,-0.046879854053258899,-0.19903446733951569,0.9788706302642822],"EasingStyle":"Constant","EasingDirection":"In"},"Head":{"Weight":1,"CFrame":[8.789641015027883e-8,0,0,0.9971410632133484,0.07552513480186463,-0.0023806069511920215,-0.07556265592575073,0.9966460466384888,-0.031416136771440509,-8.537137574649023e-8,0.03150620311498642,0.9995035529136658],"EasingStyle":"Constant","EasingDirection":"In"},"Right Leg":{"Weight":1,"CFrame":[0.0783112421631813,-0.14286839962005616,0.015059590339660645,0.8035831451416016,0.5936166048049927,0.04328427091240883,-0.5948059558868408,0.8035556674003601,0.022455565631389619,-0.021451307460665704,-0.04379064589738846,0.9988104701042175],"EasingStyle":"Constant","EasingDirection":"In"},"Torso":{"Weight":1,"CFrame":[-0.0559999980032444,0,-0.18216681480407716,0.8164772987365723,-0.5773775577545166,-7.137871449458544e-8,0.5773775577545166,0.8164772987365723,-5.0475950530426419e-8,8.742277657347586e-8,0,1],"EasingStyle":"Constant","EasingDirection":"In"},"HumanoidRootPart":{"Weight":0,"CFrame":[0,0,0,1,0,0,0,1,0,0,0,1],"EasingStyle":"Linear","EasingDirection":"In"},"Left Arm":{"Weight":1,"CFrame":[-0.36880120635032656,-0.15427789092063905,-0.007442355155944824,0.1625787615776062,0.977563738822937,-0.13393056392669679,-0.9656496644020081,0.18552365899085999,0.18193908035755158,0.20270434021949769,0.09975042939186096,0.9741462469100952],"EasingStyle":"Constant","EasingDirection":"In"}}},{"Time":0.3333333432674408,"poses":{"Left Leg":{"Weight":1,"CFrame":[-0.5514892935752869,0.41812247037887576,0.03963828086853027,0.9545588493347168,0.2816464900970459,0.09742982685565949,-0.28193166851997378,0.9593701362609863,-0.011113366112112999,-0.09660141170024872,-0.016860218718647958,0.9951803088188171],"EasingStyle":"Constant","EasingDirection":"In"},"Right Arm":{"Weight":1,"CFrame":[-0.3679138422012329,-0.14347591996192933,0.01745462417602539,0.47222596406936648,0.8591132164001465,0.19729968905448914,-0.8802300095558167,0.4714973568916321,0.05371415242552757,-0.046879854053258899,-0.19903446733951569,0.9788706302642822],"EasingStyle":"Constant","EasingDirection":"In"},"Head":{"Weight":1,"CFrame":[8.789641015027883e-8,0,0,0.9971410632133484,0.07552513480186463,-0.0023806069511920215,-0.07556265592575073,0.9966460466384888,-0.031416136771440509,-8.537137574649023e-8,0.03150620311498642,0.9995035529136658],"EasingStyle":"Constant","EasingDirection":"In"},"Right Leg":{"Weight":1,"CFrame":[0.07831121981143952,-0.14286839962005616,0.015059590339660645,0.8035831451416016,0.5936165452003479,0.04328396916389465,-0.594805896282196,0.8035557866096497,0.02245556376874447,-0.021451065316796304,-0.043790560215711597,0.9988104104995728],"EasingStyle":"Constant","EasingDirection":"In"},"Torso":{"Weight":1,"CFrame":[-0.08399999886751175,0,-0.18216681480407716,0.8164772987365723,-0.5773775577545166,-7.137871449458544e-8,0.5773775577545166,0.8164772987365723,-5.0475950530426419e-8,8.742277657347586e-8,0,1],"EasingStyle":"Constant","EasingDirection":"In"},"HumanoidRootPart":{"Weight":0,"CFrame":[0,0,0,1,0,0,0,1,0,0,0,1],"EasingStyle":"Linear","EasingDirection":"In"},"Left Arm":{"Weight":1,"CFrame":[-0.36880120635032656,-0.15427789092063905,-0.007442355155944824,0.1625787615776062,0.977563738822937,-0.13393056392669679,-0.9656496644020081,0.18552365899085999,0.18193908035755158,0.20270434021949769,0.09975042939186096,0.9741462469100952],"EasingStyle":"Constant","EasingDirection":"In"}}},{"Time":0.375,"poses":{"Left Leg":{"Weight":1,"CFrame":[-0.8641136288642883,0.22759485244750977,-0.05294889211654663,0.9506748914718628,-0.29944151639938357,-0.0809449851512909,0.3011878728866577,0.9535123109817505,0.010013192892074585,0.07418355345726013,-0.033898867666721347,0.9966683387756348],"EasingStyle":"Constant","EasingDirection":"In"},"Right Arm":{"Weight":1,"CFrame":[-0.21755142509937287,-0.017320752143859865,-0.023434162139892579,0.9806985259056091,0.17456859350204469,0.08807025104761124,-0.18411441147327424,0.9761072397232056,0.11539746820926666,-0.06582136452198029,-0.12938526272773744,0.989407479763031],"EasingStyle":"Constant","EasingDirection":"In"},"Head":{"Weight":1,"CFrame":[1.0058283805847168e-7,-1.4901161193847657e-8,4.76837158203125e-7,0.9969761967658997,-0.07613741606473923,0.015544473193585873,0.07658767700195313,0.9965872764587402,-0.030792929232120515,-0.013146932236850262,0.03189033269882202,0.9994049072265625],"EasingStyle":"Constant","EasingDirection":"In"},"Right Leg":{"Weight":1,"CFrame":[0.6061936616897583,0.28303927183151247,0.04604339599609375,0.9696659445762634,0.22815734148025514,-0.08770535886287689,-0.2260207235813141,0.9735394716262817,0.033700160682201388,0.09307360649108887,-0.012854739092290402,0.9955763220787048],"EasingStyle":"Constant","EasingDirection":"In"},"Torso":{"Weight":1,"CFrame":[-0.09927917271852493,-0.030201591551303865,-0.29789113998413088,0.7929087281227112,-0.6091330051422119,0.01590096764266491,0.6092517971992493,0.7920777201652527,-0.037752050906419757,0.010401218198239804,0.03962162137031555,0.999160647392273],"EasingStyle":"Constant","EasingDirection":"In"},"HumanoidRootPart":{"Weight":0,"CFrame":[0,0,0,1,0,0,0,1,0,0,0,1],"EasingStyle":"Linear","EasingDirection":"In"},"Left Arm":{"Weight":1,"CFrame":[0.2691666781902313,-0.3307415843009949,0.1604938507080078,0.6905755996704102,0.7067847847938538,-0.15349456667900086,-0.6195313334465027,0.6875705718994141,0.3787184953689575,0.3732108175754547,-0.166439026594162,0.9126947522163391],"EasingStyle":"Constant","EasingDirection":"In"}}},{"Time":0.4166666567325592,"poses":{"Left Leg":{"Weight":1,"CFrame":[-0.8641136288642883,0.22759467363357545,-0.052948951721191409,0.9506748914718628,-0.2994414269924164,-0.08094509690999985,0.30118775367736819,0.9535123705863953,0.010013195686042309,0.0741836428642273,-0.033898867666721347,0.99666827917099],"EasingStyle":"Constant","EasingDirection":"In"},"Right Arm":{"Weight":1,"CFrame":[-0.21755139529705048,-0.017320841550827028,-0.023434162139892579,0.9806985259056091,0.17456859350204469,0.08807025104761124,-0.18411441147327424,0.9761072397232056,0.11539746820926666,-0.06582136452198029,-0.12938526272773744,0.989407479763031],"EasingStyle":"Constant","EasingDirection":"In"},"Head":{"Weight":1,"CFrame":[8.568167686462403e-8,-3.725290298461914e-9,4.76837158203125e-7,0.9969761967658997,-0.07613741606473923,0.015544473193585873,0.07658767700195313,0.9965872764587402,-0.030792929232120515,-0.013146932236850262,0.03189033269882202,0.9994049072265625],"EasingStyle":"Constant","EasingDirection":"In"},"Right Leg":{"Weight":1,"CFrame":[0.606193482875824,0.2830391526222229,0.0460432767868042,0.9696658849716187,0.2281571924686432,-0.08770542591810227,-0.22602057456970216,0.973539412021637,0.03370007500052452,0.09307361394166947,-0.012854574248194695,0.9955763220787048],"EasingStyle":"Constant","EasingDirection":"In"},"Torso":{"Weight":1,"CFrame":[-0.1272791624069214,-0.030201591551303865,-0.29789113998413088,0.7929087281227112,-0.6091330051422119,0.01590096764266491,0.6092517971992493,0.7920777201652527,-0.037752050906419757,0.010401218198239804,0.03962162137031555,0.999160647392273],"EasingStyle":"Constant","EasingDirection":"In"},"HumanoidRootPart":{"Weight":0,"CFrame":[0,0,0,1,0,0,0,1,0,0,0,1],"EasingStyle":"Linear","EasingDirection":"In"},"Left Arm":{"Weight":1,"CFrame":[0.2691666781902313,-0.3307417035102844,0.1604938507080078,0.6905755996704102,0.7067847847938538,-0.15349456667900086,-0.6195313334465027,0.6875705718994141,0.3787184953689575,0.3732108175754547,-0.166439026594162,0.9126947522163391],"EasingStyle":"Constant","EasingDirection":"In"}}},{"Time":0.4583333432674408,"poses":{"Left Leg":{"Weight":1,"CFrame":[-0.864113450050354,0.2275945544242859,-0.05294889211654663,0.9506750106811523,-0.2994413375854492,-0.0809449777007103,0.301187664270401,0.9535123705863953,0.010013282299041748,0.07418354600667954,-0.033898983150720599,0.99666827917099],"EasingStyle":"Constant","EasingDirection":"In"},"Right Arm":{"Weight":1,"CFrame":[-0.21755142509937287,-0.017320960760116578,-0.023434162139892579,0.9806985259056091,0.17456859350204469,0.08807025104761124,-0.18411441147327424,0.9761072397232056,0.11539746820926666,-0.06582136452198029,-0.12938526272773744,0.989407479763031],"EasingStyle":"Constant","EasingDirection":"In"},"Head":{"Weight":1,"CFrame":[7.078051567077637e-8,3.725290298461914e-9,3.5762786865234377e-7,0.9969761967658997,-0.07613741606473923,0.015544473193585873,0.07658767700195313,0.9965872764587402,-0.030792929232120515,-0.013146932236850262,0.03189033269882202,0.9994049072265625],"EasingStyle":"Constant","EasingDirection":"In"},"Right Leg":{"Weight":1,"CFrame":[0.6061937212944031,0.2830390930175781,0.04604339599609375,0.9696659445762634,0.22815731167793275,-0.08770530670881272,-0.2260207235813141,0.973539412021637,0.03370016813278198,0.09307356178760529,-0.01285470835864544,0.9955763220787048],"EasingStyle":"Constant","EasingDirection":"In"},"Torso":{"Weight":1,"CFrame":[-0.15527915954589845,-0.030201591551303865,-0.29789113998413088,0.7929087281227112,-0.6091330051422119,0.01590096764266491,0.6092517971992493,0.7920777201652527,-0.037752050906419757,0.010401218198239804,0.03962162137031555,0.999160647392273],"EasingStyle":"Constant","EasingDirection":"In"},"HumanoidRootPart":{"Weight":0,"CFrame":[0,0,0,1,0,0,0,1,0,0,0,1],"EasingStyle":"Linear","EasingDirection":"In"},"Left Arm":{"Weight":1,"CFrame":[0.2691666781902313,-0.3307417929172516,0.1604938507080078,0.6905755996704102,0.7067847847938538,-0.15349456667900086,-0.6195313334465027,0.6875705718994141,0.3787184953689575,0.3732108175754547,-0.166439026594162,0.9126947522163391],"EasingStyle":"Constant","EasingDirection":"In"}}},{"Time":0.5,"poses":{"Left Leg":{"Weight":1,"CFrame":[-0.24368613958358766,-0.5496902465820313,-0.008898913860321045,-0.21695269644260407,-0.9637567400932312,-0.15525658428668977,0.9733275175094605,-0.2257191687822342,0.0410437174141407,-0.07460059225559235,-0.1422109454870224,0.987021267414093],"EasingStyle":"Constant","EasingDirection":"In"},"Right Arm":{"Weight":1,"CFrame":[0.3688012659549713,-0.15427756309509278,-0.0074424147605896,0.1625785231590271,-0.9775637984275818,0.13393040001392365,0.9656495451927185,0.1855236440896988,0.18193933367729188,-0.2027045637369156,0.09975044429302216,0.9741461873054504],"EasingStyle":"Constant","EasingDirection":"In"},"Head":{"Weight":1,"CFrame":[9.685754776000977e-8,3.725290298461914e-9,1.1920928955078126e-7,0.9963997602462769,-0.08459541201591492,-0.005597131326794624,0.08449207246303559,0.9962847828865051,-0.016664523631334306,0.006986084394156933,0.016131611540913583,0.9998455047607422],"EasingStyle":"Constant","EasingDirection":"In"},"Right Leg":{"Weight":1,"CFrame":[0.2851741909980774,0.2454155683517456,0.04898035526275635,0.9638240933418274,-0.2201814204454422,-0.15021082758903504,0.22275914251804353,0.9748734831809998,0.00034399860305711627,0.14636097848415376,-0.03379248455166817,0.9886539578437805],"EasingStyle":"Constant","EasingDirection":"In"},"Torso":{"Weight":1,"CFrame":[-0.17803476750850678,-0.03185512125492096,-0.25011730194091799,0.7144486308097839,-0.6993274092674255,0.022456489503383638,0.6995880007743836,0.7134361267089844,-0.03981896862387657,0.011825226247310639,0.044158898293972018,0.9989545345306397],"EasingStyle":"Constant","EasingDirection":"In"},"HumanoidRootPart":{"Weight":0,"CFrame":[0,0,0,1,0,0,0,1,0,0,0,1],"EasingStyle":"Linear","EasingDirection":"In"},"Left Arm":{"Weight":1,"CFrame":[0.36893951892852785,-0.13283804059028626,-0.04224365949630737,0.48227497935295107,-0.8635097742080689,-0.14751820266246797,0.8756965398788452,0.47978800535202029,0.05439865216612816,0.023803692311048509,-0.15541641414165498,0.9875622391700745],"EasingStyle":"Constant","EasingDirection":"In"}}},{"Time":0.5416666865348816,"poses":{"Left Leg":{"Weight":1,"CFrame":[-0.2436862587928772,-0.5496898889541626,-0.008898794651031495,-0.2169526219367981,-0.9637567400932312,-0.15525665879249574,0.9733275175094605,-0.2257191389799118,0.04104398190975189,-0.07460083812475205,-0.14221090078353883,0.987021267414093],"EasingStyle":"Constant","EasingDirection":"In"},"Right Arm":{"Weight":1,"CFrame":[0.3688012659549713,-0.15427738428115846,-0.007442474365234375,0.1625785231590271,-0.9775637984275818,0.13393040001392365,0.9656495451927185,0.1855236440896988,0.18193933367729188,-0.2027045637369156,0.09975044429302216,0.9741461873054504],"EasingStyle":"Constant","EasingDirection":"In"},"Head":{"Weight":1,"CFrame":[1.1920928955078126e-7,-1.1175870895385743e-8,3.5762786865234377e-7,0.9963997602462769,-0.08459541201591492,-0.005597131326794624,0.08449207246303559,0.9962847828865051,-0.016664523631334306,0.006986084394156933,0.016131611540913583,0.9998455047607422],"EasingStyle":"Constant","EasingDirection":"In"},"Right Leg":{"Weight":1,"CFrame":[0.28517410159111025,0.24541562795639039,0.04898035526275635,0.9638240933418274,-0.2201814204454422,-0.15021082758903504,0.22275914251804353,0.9748734831809998,0.00034399860305711627,0.14636097848415376,-0.03379248455166817,0.9886539578437805],"EasingStyle":"Constant","EasingDirection":"In"},"Torso":{"Weight":1,"CFrame":[-0.20603476464748383,-0.03185512125492096,-0.25011730194091799,0.7144486308097839,-0.6993274092674255,0.022456489503383638,0.6995880007743836,0.7134361267089844,-0.03981896862387657,0.011825226247310639,0.044158898293972018,0.9989545345306397],"EasingStyle":"Constant","EasingDirection":"In"},"HumanoidRootPart":{"Weight":0,"CFrame":[0,0,0,1,0,0,0,1,0,0,0,1],"EasingStyle":"Linear","EasingDirection":"In"},"Left Arm":{"Weight":1,"CFrame":[0.36893951892852785,-0.13283786177635194,-0.04224365949630737,0.48227497935295107,-0.8635097742080689,-0.14751820266246797,0.8756965398788452,0.47978800535202029,0.05439865216612816,0.023803692311048509,-0.15541641414165498,0.9875622391700745],"EasingStyle":"Constant","EasingDirection":"In"}}},{"Time":0.5833333134651184,"poses":{"Left Leg":{"Weight":1,"CFrame":[-0.24368616938591004,-0.5496902465820313,-0.008898913860321045,-0.21695269644260407,-0.9637566804885864,-0.15525640547275544,0.9733275175094605,-0.2257191389799118,0.04104376584291458,-0.07460059225559235,-0.14221075177192689,0.987021267414093],"EasingStyle":"Constant","EasingDirection":"In"},"Right Arm":{"Weight":1,"CFrame":[0.3688012361526489,-0.15427768230438233,-0.0074424147605896,0.1625785231590271,-0.9775637984275818,0.13393040001392365,0.9656495451927185,0.1855236440896988,0.18193933367729188,-0.2027045637369156,0.09975044429302216,0.9741461873054504],"EasingStyle":"Constant","EasingDirection":"In"},"Head":{"Weight":1,"CFrame":[1.043081283569336e-7,1.862645149230957e-8,0,0.9963997602462769,-0.08459541201591492,-0.005597131326794624,0.08449207246303559,0.9962847828865051,-0.016664523631334306,0.006986084394156933,0.016131611540913583,0.9998455047607422],"EasingStyle":"Constant","EasingDirection":"In"},"Right Leg":{"Weight":1,"CFrame":[0.285174161195755,0.24541521072387696,0.0489804744720459,0.9638240933418274,-0.220181405544281,-0.150210902094841,0.22275911271572114,0.9748734831809998,0.0003441159497015178,0.14636097848415376,-0.03379255160689354,0.9886539578437805],"EasingStyle":"Constant","EasingDirection":"In"},"Torso":{"Weight":1,"CFrame":[-0.2340347319841385,-0.03185512125492096,-0.25011730194091799,0.7144486308097839,-0.6993274092674255,0.022456489503383638,0.6995880007743836,0.7134361267089844,-0.03981896862387657,0.011825226247310639,0.044158898293972018,0.9989545345306397],"EasingStyle":"Constant","EasingDirection":"In"},"HumanoidRootPart":{"Weight":0,"CFrame":[0,0,0,1,0,0,0,1,0,0,0,1],"EasingStyle":"Linear","EasingDirection":"In"},"Left Arm":{"Weight":1,"CFrame":[0.3689395785331726,-0.1328381896018982,-0.04224371910095215,0.48227497935295107,-0.8635097742080689,-0.14751820266246797,0.8756965398788452,0.47978800535202029,0.05439865216612816,0.023803692311048509,-0.15541641414165498,0.9875622391700745],"EasingStyle":"Constant","EasingDirection":"In"}}},{"Time":0.625,"poses":{"Left Leg":{"Weight":1,"CFrame":[-0.864113450050354,0.22759473323822022,-0.052948951721191409,0.9506749510765076,-0.2994414269924164,-0.0809449777007103,0.30118778347969057,0.9535123705863953,0.010013282299041748,0.07418349385261536,-0.03389895707368851,0.99666827917099],"EasingStyle":"Constant","EasingDirection":"In"},"Right Arm":{"Weight":1,"CFrame":[-0.21755145490169526,-0.017320871353149415,-0.023434102535247804,0.9806985259056091,0.17456859350204469,0.08807025104761124,-0.18411439657211305,0.9761072397232056,0.11539746820926666,-0.06582137197256088,-0.12938526272773744,0.989407479763031],"EasingStyle":"Constant","EasingDirection":"In"},"Head":{"Weight":1,"CFrame":[1.1175870895385742e-7,-1.1175870895385743e-8,3.5762786865234377e-7,0.9969761967658997,-0.07613741606473923,0.015544472262263298,0.07658767700195313,0.9965872764587402,-0.030792929232120515,-0.013146932236850262,0.03189033269882202,0.9994049072265625],"EasingStyle":"Constant","EasingDirection":"In"},"Right Leg":{"Weight":1,"CFrame":[0.6061937808990479,0.28303927183151247,0.0460432767868042,0.9696658253669739,0.22815746068954469,-0.08770535886287689,-0.22602081298828126,0.9735393524169922,0.033700160682201388,0.09307363629341126,-0.012854691594839096,0.9955763220787048],"EasingStyle":"Constant","EasingDirection":"In"},"Torso":{"Weight":1,"CFrame":[-0.26727917790412905,-0.030201591551303865,-0.29789113998413088,0.7929087281227112,-0.6091330051422119,0.01590096950531006,0.6092517971992493,0.7920777201652527,-0.037752050906419757,0.010401219129562378,0.03962162137031555,0.999160647392273],"EasingStyle":"Constant","EasingDirection":"In"},"HumanoidRootPart":{"Weight":0,"CFrame":[0,0,0,1,0,0,0,1,0,0,0,1],"EasingStyle":"Linear","EasingDirection":"In"},"Left Arm":{"Weight":1,"CFrame":[0.2691667079925537,-0.3307417035102844,0.1604938507080078,0.6905755996704102,0.7067847847938538,-0.15349456667900086,-0.6195313334465027,0.6875705718994141,0.3787184953689575,0.3732108175754547,-0.166439026594162,0.9126947522163391],"EasingStyle":"Constant","EasingDirection":"In"}}},{"Time":0.6666666865348816,"poses":{"Left Leg":{"Weight":1,"CFrame":[-0.8641133904457092,0.22759473323822022,-0.052948832511901858,0.9506749510765076,-0.29944130778312685,-0.08094494789838791,0.301187664270401,0.9535123705863953,0.01001327857375145,0.07418344914913178,-0.03389895334839821,0.99666827917099],"EasingStyle":"Constant","EasingDirection":"In"},"Right Arm":{"Weight":1,"CFrame":[-0.21755145490169526,-0.017320990562438966,-0.023434102535247804,0.9806985259056091,0.17456859350204469,0.08807025104761124,-0.18411439657211305,0.9761072397232056,0.11539746820926666,-0.06582137197256088,-0.12938526272773744,0.989407479763031],"EasingStyle":"Constant","EasingDirection":"In"},"Head":{"Weight":1,"CFrame":[1.1175870895385742e-7,-4.0978193283081057e-8,3.5762786865234377e-7,0.9969761967658997,-0.07613741606473923,0.015544472262263298,0.07658767700195313,0.9965872764587402,-0.030792929232120515,-0.013146932236850262,0.03189033269882202,0.9994049072265625],"EasingStyle":"Constant","EasingDirection":"In"},"Right Leg":{"Weight":1,"CFrame":[0.6061937808990479,0.2830390930175781,0.0460432767868042,0.9696659445762634,0.22815734148025514,-0.08770535886287689,-0.2260207235813141,0.9735394716262817,0.033700160682201388,0.09307360649108887,-0.012854738160967827,0.9955763220787048],"EasingStyle":"Constant","EasingDirection":"In"},"Torso":{"Weight":1,"CFrame":[-0.2952791750431061,-0.030201591551303865,-0.29789113998413088,0.7929087281227112,-0.6091330051422119,0.01590096950531006,0.6092517971992493,0.7920777201652527,-0.037752050906419757,0.010401219129562378,0.03962162137031555,0.999160647392273],"EasingStyle":"Constant","EasingDirection":"In"},"HumanoidRootPart":{"Weight":0,"CFrame":[0,0,0,1,0,0,0,1,0,0,0,1],"EasingStyle":"Linear","EasingDirection":"In"},"Left Arm":{"Weight":1,"CFrame":[0.2691666781902313,-0.330741822719574,0.1604938507080078,0.6905755996704102,0.7067847847938538,-0.15349456667900086,-0.6195313334465027,0.6875705718994141,0.3787184953689575,0.3732108175754547,-0.166439026594162,0.9126947522163391],"EasingStyle":"Constant","EasingDirection":"In"}}},{"Time":0.7083333134651184,"poses":{"Left Leg":{"Weight":1,"CFrame":[-0.8641135096549988,0.227594792842865,-0.05294889211654663,0.9506749510765076,-0.2994414269924164,-0.0809449777007103,0.30118778347969057,0.9535123705863953,0.010013282299041748,0.07418349385261536,-0.03389895707368851,0.99666827917099],"EasingStyle":"Constant","EasingDirection":"In"},"Right Arm":{"Weight":1,"CFrame":[-0.21755151450634004,-0.017320841550827028,-0.023434102535247804,0.9806985259056091,0.17456859350204469,0.08807025104761124,-0.18411439657211305,0.9761072397232056,0.11539746820926666,-0.06582137197256088,-0.12938526272773744,0.989407479763031],"EasingStyle":"Constant","EasingDirection":"In"},"Head":{"Weight":1,"CFrame":[1.1175870895385742e-7,3.725290298461914e-9,4.76837158203125e-7,0.9969761967658997,-0.07613741606473923,0.015544472262263298,0.07658767700195313,0.9965872764587402,-0.030792929232120515,-0.013146932236850262,0.03189033269882202,0.9994049072265625],"EasingStyle":"Constant","EasingDirection":"In"},"Right Leg":{"Weight":1,"CFrame":[0.6061937212944031,0.2830392122268677,0.0460435152053833,0.9696658849716187,0.22815747559070588,-0.08770515024662018,-0.22602081298828126,0.9735393524169922,0.03370016813278198,0.09307338297367096,-0.012854766100645066,0.9955763220787048],"EasingStyle":"Constant","EasingDirection":"In"},"Torso":{"Weight":1,"CFrame":[-0.32327917218208315,-0.030201591551303865,-0.29789113998413088,0.7929087281227112,-0.6091330051422119,0.01590096950531006,0.6092517971992493,0.7920777201652527,-0.037752050906419757,0.010401219129562378,0.03962162137031555,0.999160647392273],"EasingStyle":"Constant","EasingDirection":"In"},"HumanoidRootPart":{"Weight":0,"CFrame":[0,0,0,1,0,0,0,1,0,0,0,1],"EasingStyle":"Linear","EasingDirection":"In"},"Left Arm":{"Weight":1,"CFrame":[0.2691667079925537,-0.33074167370796206,0.1604938507080078,0.6905755996704102,0.7067847847938538,-0.15349456667900086,-0.6195313334465027,0.6875705718994141,0.3787184953689575,0.3732108175754547,-0.166439026594162,0.9126947522163391],"EasingStyle":"Constant","EasingDirection":"In"}}},{"Time":0.75,"poses":{"Left Leg":{"Weight":1,"CFrame":[-0.5514892935752869,0.41812247037887576,0.03963828086853027,0.9545588493347168,0.2816464900970459,0.09742988646030426,-0.28193166851997378,0.9593701362609863,-0.011113246902823449,-0.09660141170024872,-0.0168603528290987,0.9951803684234619],"EasingStyle":"Constant","EasingDirection":"In"},"Right Arm":{"Weight":1,"CFrame":[-0.3679139018058777,-0.14347589015960694,0.01745462417602539,0.47222596406936648,0.8591132164001465,0.19729968905448914,-0.8802300095558167,0.4714973568916321,0.05371415242552757,-0.046879854053258899,-0.19903446733951569,0.9788706302642822],"EasingStyle":"Constant","EasingDirection":"In"},"Head":{"Weight":1,"CFrame":[9.534699074720266e-8,0,0,0.9971410632133484,0.07552513480186463,-0.0023806069511920215,-0.07556265592575073,0.9966460466384888,-0.031416136771440509,-8.537137574649023e-8,0.03150620311498642,0.9995035529136658],"EasingStyle":"Constant","EasingDirection":"In"},"Right Leg":{"Weight":1,"CFrame":[0.07831129431724549,-0.1428685188293457,0.015059590339660645,0.8035832047462463,0.5936164855957031,0.04328396916389465,-0.5948058366775513,0.8035558462142944,0.022455593571066858,-0.021451065316796304,-0.043790530413389209,0.9988104104995728],"EasingStyle":"Constant","EasingDirection":"In"},"Torso":{"Weight":1,"CFrame":[-0.36399996280670168,0,-0.18216681480407716,0.8164772987365723,-0.5773775577545166,-7.137871449458544e-8,0.5773775577545166,0.8164772987365723,-5.0475950530426419e-8,8.742277657347586e-8,0,1],"EasingStyle":"Constant","EasingDirection":"In"},"HumanoidRootPart":{"Weight":0,"CFrame":[0,0,0,1,0,0,0,1,0,0,0,1],"EasingStyle":"Linear","EasingDirection":"In"},"Left Arm":{"Weight":1,"CFrame":[-0.3688012361526489,-0.15427786111831666,-0.007442355155944824,0.1625787615776062,0.977563738822937,-0.13393056392669679,-0.9656496644020081,0.18552365899085999,0.18193908035755158,0.20270434021949769,0.09975042939186096,0.9741462469100952],"EasingStyle":"Constant","EasingDirection":"In"}}},{"Time":0.7916666865348816,"poses":{"Left Leg":{"Weight":1,"CFrame":[-0.5514891147613525,0.41812247037887576,0.03963828086853027,0.9545589089393616,0.2816464304924011,0.09742991626262665,-0.281931608915329,0.9593700766563416,-0.011113366112112999,-0.09660142660140991,-0.016860220581293107,0.9951803088188171],"EasingStyle":"Constant","EasingDirection":"In"},"Right Arm":{"Weight":1,"CFrame":[-0.3679138422012329,-0.14347589015960694,0.01745450496673584,0.47222596406936648,0.8591132164001465,0.19729968905448914,-0.8802300095558167,0.4714973568916321,0.05371415242552757,-0.046879854053258899,-0.19903446733951569,0.9788706302642822],"EasingStyle":"Constant","EasingDirection":"In"},"Head":{"Weight":1,"CFrame":[6.554466835950734e-8,0,0,0.9971410632133484,0.07552513480186463,-0.0023806069511920215,-0.07556265592575073,0.9966460466384888,-0.031416136771440509,-8.537137574649023e-8,0.03150620311498642,0.9995035529136658],"EasingStyle":"Constant","EasingDirection":"In"},"Right Leg":{"Weight":1,"CFrame":[0.07831132411956787,-0.14286839962005616,0.015059590339660645,0.8035831451416016,0.5936166048049927,0.04328402876853943,-0.594805896282196,0.8035556674003601,0.02245556376874447,-0.021451065316796304,-0.04379046708345413,0.9988104701042175],"EasingStyle":"Constant","EasingDirection":"In"},"Torso":{"Weight":1,"CFrame":[-0.3920000195503235,0,-0.18216681480407716,0.8164772987365723,-0.5773775577545166,-7.137871449458544e-8,0.577