{"Sequence":[{"Time":0,"poses":{"Left Leg":{"Weight":1,"CFrame":[-0.646906852722168,0.5149202346801758,-0.03639030456542969,0.9896022081375122,0.14375372231006623,-0.004725374281406403,-0.13983483612537385,0.9692761898040772,0.20236074924468995,0.03367030248045921,-0.1995958685874939,0.9792996644973755],"EasingStyle":"Linear","EasingDirection":"Out"},"Right Arm":{"Weight":1,"CFrame":[-0.21200954914093018,-0.5824135541915894,0.13432729244232179,0.986799418926239,0.12447541207075119,0.10359916090965271,-0.16002173721790315,0.6510995030403137,0.7419316172599793,0.02489887736737728,-0.7487157583236694,0.662423312664032],"EasingStyle":"Linear","EasingDirection":"Out"},"Left Arm":{"Weight":1,"CFrame":[0.7018699049949646,-0.211247980594635,0.23721599578857423,0.6116452813148499,0.6644077301025391,-0.4294793903827667,-0.5490172505378723,0.7473386526107788,0.37425246834754946,0.5696226954460144,0.006881898734718561,0.8218774199485779],"EasingStyle":"Linear","EasingDirection":"Out"},"Head":{"Weight":1,"CFrame":[1.2665987014770509e-7,5.21540641784668e-8,1.1920928955078126e-7,0.9333733916282654,0.3280932605266571,-0.14549557864665986,-0.2806068956851959,0.9198452234268189,0.27412503957748415,0.22377198934555055,-0.21503394842147828,0.9506242871284485],"EasingStyle":"Linear","EasingDirection":"Out"},"Torso":{"Weight":1,"CFrame":[-0.0181543231010437,1.1564046609180423e-8,-0.20354557037353517,0.9208827018737793,-0.30331796407699587,0.24489447474479676,0.3601543605327606,0.9023805260658264,-0.23663948476314546,-0.14921100437641145,0.3061170279979706,0.9402278661727905],"EasingStyle":"Linear","EasingDirection":"Out"},"HumanoidRootPart":{"Weight":0,"CFrame":[0,0,0,1,0,0,0,1,0,0,0,1],"EasingStyle":"Linear","EasingDirection":"In"},"Right Leg":{"Weight":1,"CFrame":[0.24215704202651978,0.5180093050003052,0.12724792957305909,0.9047821760177612,0.28169894218444826,-0.3193976879119873,-0.042448077350854877,0.8058978319168091,0.5905308723449707,0.42375388741493227,-0.5207440853118897,0.7411196827888489],"EasingStyle":"Linear","EasingDirection":"Out"}}},{"Time":0.01666666753590107,"poses":{"Left Leg":{"Weight":1,"CFrame":[-0.6479341983795166,0.511070728302002,-0.03485172986984253,0.9896355271339417,0.14338813722133637,-0.00783124566078186,-0.1388843059539795,0.9695636034011841,0.20163728296756745,0.03650534525513649,-0.19845977425575257,0.9794289469718933],"EasingStyle":"Linear","EasingDirection":"Out"},"Right Arm":{"Weight":1,"CFrame":[-0.22492006421089173,-0.5799077749252319,0.14065444469451905,0.9853918552398682,0.13975133001804353,0.0973266065120697,-0.16562314331531526,0.6533572673797607,0.7387105226516724,0.039646755903959277,-0.7440388798713684,0.6669590473175049],"EasingStyle":"Linear","EasingDirection":"Out"},"Left Arm":{"Weight":1,"CFrame":[0.7048732042312622,-0.2762734591960907,0.22534584999084474,0.6181215047836304,0.6958129405975342,-0.36574605107307436,-0.5603921413421631,0.7163379788398743,0.41571688652038576,0.5512589812278748,-0.052002329379320148,0.8327119946479797],"EasingStyle":"Linear","EasingDirection":"Out"},"Head":{"Weight":1,"CFrame":[1.2665987014770509e-7,-5.960464477539063e-8,2.384185791015625e-7,0.9324639439582825,0.33085745573043826,-0.14506672322750092,-0.2836700975894928,0.9192131161689758,0.27309054136276247,0.2237013280391693,-0.21349601447582246,0.9509874582290649],"EasingStyle":"Linear","EasingDirection":"Out"},"Torso":{"Weight":1,"CFrame":[-0.019568096846342088,1.0642715153608151e-8,-0.20074224472045899,0.9200806617736816,-0.3061542510986328,0.24437905848026277,0.3625531494617462,0.9017778635025024,-0.23526981472969056,-0.14834679663181306,0.3050675690174103,0.9407055974006653],"EasingStyle":"Linear","EasingDirection":"Out"},"HumanoidRootPart":{"Weight":0,"CFrame":[0,0,0,1,0,0,0,1,0,0,0,1],"EasingStyle":"Linear","EasingDirection":"In"},"Right Leg":{"Weight":1,"CFrame":[0.1874738335609436,0.517169713973999,0.1646348237991333,0.8910465240478516,0.26412415504455569,-0.3691536784172058,-0.011664810590445996,0.8263272643089294,0.5630694627761841,0.453762024641037,-0.4974149763584137,0.7393770217895508],"EasingStyle":"Linear","EasingDirection":"Out"}}},{"Time":0.03333333507180214,"poses":{"Left Leg":{"Weight":1,"CFrame":[-0.6490192413330078,0.5000025033950806,-0.02968442440032959,0.9902825355529785,0.13859494030475617,-0.011486081406474114,-0.13354463875293733,0.9707378149032593,0.1995844542980194,0.03881129249930382,-0.19611109793186189,0.979813277721405],"EasingStyle":"Linear","EasingDirection":"Out"},"Right Arm":{"Weight":1,"CFrame":[-0.23120763897895814,-0.571549654006958,0.15449917316436768,0.985044538974762,0.14394359290599824,0.09469694644212723,-0.16666744649410249,0.6566500663757324,0.7355491518974304,0.04369482770562172,-0.7403315901756287,0.6708202958106995],"EasingStyle":"Linear","EasingDirection":"Out"},"Left Arm":{"Weight":1,"CFrame":[0.7070773839950562,-0.4254394471645355,0.19657301902770997,0.6433911323547363,0.7399559617042542,-0.19624720513820649,-0.5800697207450867,0.6385124325752258,0.5057875514030457,0.49956682324409487,-0.211582213640213,0.8400392532348633],"EasingStyle":"Linear","EasingDirection":"Out"},"Head":{"Weight":1,"CFrame":[2.086162567138672e-7,-2.9802322387695315e-8,2.384185791015625e-7,0.9316225051879883,0.33348655700683596,-0.1444515585899353,-0.2874530553817749,0.9193645715713501,0.2685879170894623,0.2223741114139557,-0.20869946479797364,0.9523624777793884],"EasingStyle":"Linear","EasingDirection":"Out"},"Torso":{"Weight":1,"CFrame":[-0.023551614955067636,8.046723287691293e-9,-0.1934528350830078,0.9196862578392029,-0.3093555271625519,0.2418188750743866,0.36422932147979739,0.9021840691566467,-0.23108641803264619,-0.14667730033397675,0.30060452222824099,0.9424026012420654],"EasingStyle":"Linear","EasingDirection":"Out"},"HumanoidRootPart":{"Weight":0,"CFrame":[0,0,0,1,0,0,0,1,0,0,0,1],"EasingStyle":"Linear","EasingDirection":"In"},"Right Leg":{"Weight":1,"CFrame":[0.140371173620224,0.5057213306427002,0.18182873725891114,0.8723788857460022,0.24832946062088014,-0.4210551679134369,0.01608988642692566,0.8462986946105957,0.5324655771255493,0.4885653853416443,-0.4712865650653839,0.7342976331710815],"EasingStyle":"Linear","EasingDirection":"Out"}}},{"Time":0.05000000074505806,"poses":{"Left Leg":{"Weight":1,"CFrame":[-0.647291898727417,0.48309290409088137,-0.021132171154022218,0.9917975664138794,0.1273701936006546,-0.010700185783207417,-0.12279501557350159,0.9727104306221008,0.1968647688627243,0.03548279032111168,-0.19393609464168549,0.9803722500801086],"EasingStyle":"Linear","EasingDirection":"Out"},"Right Arm":{"Weight":1,"CFrame":[-0.2379266768693924,-0.5560805797576904,0.16815638542175294,0.9840503334999085,0.15084640681743623,0.09428843855857849,-0.17149890959262849,0.663668692111969,0.7281016111373901,0.04725527763366699,-0.7326589822769165,0.6789534091949463],"EasingStyle":"Linear","EasingDirection":"Out"},"Left Arm":{"Weight":1,"CFrame":[0.70843505859375,-0.5900598764419556,0.1611478328704834,0.6482180953025818,0.7604062557220459,0.039944738149642947,-0.6211197376251221,0.49767863750457766,0.6054141521453857,0.4404809772968292,-0.4172509014606476,0.7949076294898987],"EasingStyle":"Linear","EasingDirection":"Out"},"Head":{"Weight":1,"CFrame":[1.1920928955078126e-7,2.9802322387695315e-8,1.1920928955078126e-7,0.9324520826339722,0.33118170499801638,-0.14440150558948518,-0.28719863295555117,0.9219376444816589,0.2598998248577118,0.21920320391654969,-0.20087222754955293,0.9547775983810425],"EasingStyle":"Linear","EasingDirection":"Out"},"Torso":{"Weight":1,"CFrame":[-0.0297181885689497,4.0280738744513659e-9,-0.18318510055541993,0.9213708639144898,-0.30822989344596865,0.2367912083864212,0.36054500937461855,0.9053388237953186,-0.2244303971529007,-0.14520010352134705,0.29215750098228457,0.9452835321426392],"EasingStyle":"Linear","EasingDirection":"Out"},"HumanoidRootPart":{"Weight":0,"CFrame":[0,0,0,1,0,0,0,1,0,0,0,1],"EasingStyle":"Linear","EasingDirection":"In"},"Right Leg":{"Weight":1,"CFrame":[0.14506864547729493,0.49769556522369387,0.19029521942138673,0.8628883361816406,0.23201575875282288,-0.4489904046058655,0.009571120142936707,0.8807344436645508,0.47351372241973879,0.5053039789199829,-0.41288676857948305,0.7577548027038574],"EasingStyle":"Linear","EasingDirection":"Out"}}},{"Time":0.06666667014360428,"poses":{"Left Leg":{"Weight":1,"CFrame":[-0.6411465406417847,0.46019864082336428,-0.00967860221862793,0.9937997460365295,0.11100400239229202,-0.006335671525448561,-0.10771734267473221,0.9753633141517639,0.19251851737499238,0.027549879625439645,-0.1906423419713974,0.9812728762626648],"EasingStyle":"Linear","EasingDirection":"Out"},"Right Arm":{"Weight":1,"CFrame":[-0.24530886113643647,-0.5327234268188477,0.1778414249420166,0.9828118085861206,0.16115248203277589,0.09006038308143616,-0.1766500025987625,0.6792259216308594,0.7123531103134155,0.053626179695129397,-0.7160181403160095,0.6960188150405884],"EasingStyle":"Linear","EasingDirection":"Out"},"Left Arm":{"Weight":1,"CFrame":[0.70889812707901,-0.7012985348701477,0.12932240962982179,0.6027019619941711,0.7447770833969116,0.2864568531513214,-0.6807922124862671,0.2926618754863739,0.6714693307876587,0.41625991463661196,-0.5997133255004883,0.6834262609481812],"EasingStyle":"Linear","EasingDirection":"Out"},"Head":{"Weight":1,"CFrame":[1.7136335372924806e-7,-2.9802322387695315e-8,-1.1920928955078126e-7,0.9349313974380493,0.3243246078491211,-0.14393340051174165,-0.28340259194374087,0.9266226291656494,0.24709005653858186,0.21350936591625215,-0.1902211308479309,0.9582430124282837],"EasingStyle":"Linear","EasingDirection":"Out"},"Torso":{"Weight":1,"CFrame":[-0.03768113628029823,-1.1612417694095712e-9,-0.17075061798095704,0.9250382781028748,-0.30325183272361758,0.22878478467464448,0.3519294261932373,0.9108538031578064,-0.21561793982982636,-0.14300298690795899,0.2799709439277649,0.9492978453636169],"EasingStyle":"Linear","EasingDirection":"Out"},"HumanoidRootPart":{"Weight":0,"CFrame":[0,0,0,1,0,0,0,1,0,0,0,1],"EasingStyle":"Linear","EasingDirection":"In"},"Right Leg":{"Weight":1,"CFrame":[0.19172152876853944,0.49101680517196658,0.22534966468811036,0.8620092868804932,0.212318554520607,-0.46028342843055727,-0.03502468392252922,0.9308275580406189,0.36377662420272829,0.5056809782981873,-0.2974574565887451,0.8098183274269104],"EasingStyle":"Linear","EasingDirection":"Out"}}},{"Time":0.0833333358168602,"poses":{"Left Leg":{"Weight":1,"CFrame":[-0.6288313865661621,0.43114614486694338,0.003874659538269043,0.99577397108078,0.09183794260025025,-0.000005018896445108112,-0.09024447947740555,0.9785062074661255,0.18542250990867616,0.017033696174621583,-0.18463847041130067,0.982658863067627],"EasingStyle":"Linear","EasingDirection":"Out"},"Right Arm":{"Weight":1,"CFrame":[-0.24816766381263734,-0.5026271939277649,0.1835540533065796,0.982990026473999,0.16633503139019013,0.0778670683503151,-0.17374441027641297,0.7047885656356812,0.6878124475479126,0.05952754616737366,-0.6896417140960693,0.7216998934745789],"EasingStyle":"Linear","EasingDirection":"Out"},"Left Arm":{"Weight":1,"CFrame":[0.7035281658172607,-0.7351153492927551,0.11319327354431153,0.4981110394001007,0.7089845538139343,0.4992257058620453,-0.7333370447158814,0.03721676021814346,0.6788458228111267,0.46271172165870669,-0.7042413353919983,0.5384626388549805],"EasingStyle":"Linear","EasingDirection":"Out"},"Head":{"Weight":1,"CFrame":[9.685754776000977e-8,3.3527612686157229e-8,4.76837158203125e-7,0.9387409687042236,0.3140966594219208,-0.14180520176887513,-0.2772367000579834,0.9327070713043213,0.23064537346363069,0.20470765233039857,-0.17720265686511994,0.9626494646072388],"EasingStyle":"Linear","EasingDirection":"Out"},"Torso":{"Weight":1,"CFrame":[-0.04705376178026199,-7.269218116334741e-9,-0.1567854881286621,0.9302629828453064,-0.2955543100833893,0.21738998591899873,0.33958524465560915,0.9179182648658752,-0.2052021026611328,-0.1388978809118271,0.2647143602371216,0.9542713165283203],"EasingStyle":"Linear","EasingDirection":"Out"},"HumanoidRootPart":{"Weight":0,"CFrame":[0,0,0,1,0,0,0,1,0,0,0,1],"EasingStyle":"Linear","EasingDirection":"In"},"Right Leg":{"Weight":1,"CFrame":[0.23252558708190919,0.4400441646575928,0.25812840461730959,0.8690294623374939,0.17975464463233949,-0.46095120906829836,-0.08217330276966095,0.9711650609970093,0.22379910945892335,0.4878886938095093,-0.15661008656024934,0.8587420582771301],"EasingStyle":"Linear","EasingDirection":"Out"}}},{"Time":0.10000000149011612,"poses":{"Left Leg":{"Weight":1,"CFrame":[-0.6087983250617981,0.39591944217681887,0.018392086029052736,0.997360110282898,0.07232599705457688,0.006460638251155615,-0.07234282046556473,0.9820134043693543,0.17440234124660493,0.006269365549087524,-0.17440935969352723,0.9846532940864563],"EasingStyle":"Linear","EasingDirection":"Out"},"Right Arm":{"Weight":1,"CFrame":[-0.24542970955371858,-0.46742722392082217,0.1832641363143921,0.9843422174453735,0.16606639325618745,0.0590963251888752,-0.16376051306724549,0.7375299334526062,0.6551581025123596,0.06521444022655487,-0.6545774340629578,0.7531769275665283],"EasingStyle":"Linear","EasingDirection":"Out"},"Left Arm":{"Weight":1,"CFrame":[0.6877636909484863,-0.722366452217102,0.1181570291519165,0.3576662242412567,0.6482660174369812,0.6721799969673157,-0.7431708574295044,-0.2382744699716568,0.6252378225326538,0.5654837489128113,-0.7231711149215698,0.3965497314929962],"EasingStyle":"Linear","EasingDirection":"Out"},"Head":{"Weight":1,"CFrame":[9.685754776000977e-8,-2.60770320892334e-8,1.1920928955078126e-7,0.9434496164321899,0.30199915170669558,-0.1367456167936325,-0.270107626914978,0.9394044280052185,0.21109512448310853,0.19220997393131257,-0.16222161054611207,0.9678530097007752],"EasingStyle":"Linear","EasingDirection":"Out"},"Torso":{"Weight":1,"CFrame":[-0.05744936317205429,-1.4043855856016308e-8,-0.14192676544189454,0.9364970326423645,-0.28651663661003115,0.20219172537326814,0.3250176012516022,0.9256632328033447,-0.19367799162864686,-0.13166950643062592,0.2470947504043579,0.9600038528442383],"EasingStyle":"Linear","EasingDirection":"Out"},"HumanoidRootPart":{"Weight":0,"CFrame":[0,0,0,1,0,0,0,1,0,0,0,1],"EasingStyle":"Linear","EasingDirection":"In"},"Right Leg":{"Weight":1,"CFrame":[0.24394816160202027,0.334267795085907,0.25749266147613528,0.8807252645492554,0.13523900508880616,-0.4539089798927307,-0.1075194850564003,0.9904353618621826,0.08647176623344422,0.4612619876861572,-0.02735382877290249,0.8868423104286194],"EasingStyle":"Linear","EasingDirection":"Out"}}},{"Time":0.11666666716337204,"poses":{"Left Leg":{"Weight":1,"CFrame":[-0.5809241533279419,0.35741257667541506,0.03191661834716797,0.9984662532806397,0.05381789058446884,0.012993701733648777,-0.055212508887052539,0.9852818846702576,0.16177500784397126,-0.004096141085028648,-0.1622442752122879,0.9867421388626099],"EasingStyle":"Linear","EasingDirection":"Out"},"Right Arm":{"Weight":1,"CFrame":[-0.23602156341075898,-0.4287547469139099,0.17494094371795655,0.98649001121521,0.15997210144996644,0.035304054617881778,-0.14761008322238923,0.7745137214660645,0.6150933504104614,0.07105428725481034,-0.6119946837425232,0.787663459777832],"EasingStyle":"Linear","EasingDirection":"Out"},"Left Arm":{"Weight":1,"CFrame":[0.6621229648590088,-0.6745705604553223,0.1435474157333374,0.21477383375167848,0.5579206347465515,0.8016213178634644,-0.6944061517715454,-0.48993176221847536,0.5270361304283142,0.6867839694023132,-0.6698443293571472,0.2821989059448242],"EasingStyle":"Linear","EasingDirection":"Out"},"Head":{"Weight":1,"CFrame":[1.4156103134155274e-7,3.725290298461914e-9,0,0.9486103057861328,0.28853490948677065,-0.12994655966758729,-0.26193058490753176,0.9463573098182678,0.18920956552028657,0.1775694638490677,-0.14544916152954102,0.9733003973960877],"EasingStyle":"Linear","EasingDirection":"Out"},"Torso":{"Weight":1,"CFrame":[-0.06854016333818436,-2.1271539196732193e-8,-0.12668514251708985,0.9431873559951782,-0.2760551869869232,0.18490852415561677,0.30881035327911379,0.9336937665939331,-0.1812516152858734,-0.12261246144771576,0.22805587947368623,0.9658968448638916],"EasingStyle":"Linear","EasingDirection":"Out"},"HumanoidRootPart":{"Weight":0,"CFrame":[0,0,0,1,0,0,0,1,0,0,0,1],"EasingStyle":"Linear","EasingDirection":"In"},"Right Leg":{"Weight":1,"CFrame":[0.22051486372947694,0.19826513528823853,0.21387064456939698,0.8931520581245422,0.08455470204353333,-0.4417352080345154,-0.10422144085168839,0.9943450093269348,-0.02039453573524952,0.43751266598701479,0.06425365060567856,0.8969136476516724],"EasingStyle":"Linear","EasingDirection":"Out"}}},{"Time":0.13333334028720857,"poses":{"Left Leg":{"Weight":1,"CFrame":[-0.5492671728134155,0.3185831904411316,0.043160319328308108,0.9991785287857056,0.034897856414318088,0.020599903538823129,-0.03760376200079918,0.9879220128059387,0.15031985938549043,-0.015105278231203556,-0.15097099542617799,0.9884227514266968],"EasingStyle":"Linear","EasingDirection":"Out"},"Right Arm":{"Weight":1,"CFrame":[-0.21886789798736573,-0.3882429301738739,0.15655171871185304,0.9889847636222839,0.14779220521450044,0.008159831166267395,-0.12616778910160066,0.8128869533538818,0.5685916543006897,0.07740037888288498,-0.5633580088615418,0.8225794434547424],"EasingStyle":"Linear","EasingDirection":"Out"},"Left Arm":{"Weight":1,"CFrame":[0.6271233558654785,-0.6017191410064697,0.1872239112854004,0.09819228202104569,0.4512072205543518,0.8870007395744324,-0.6020857691764832,-0.6827404499053955,0.41395407915115359,0.7923704981803894,-0.5746977925300598,0.20462574064731599],"EasingStyle":"Linear","EasingDirection":"Out"},"Head":{"Weight":1,"CFrame":[1.341104507446289e-7,6.146728992462158e-8,0,0.9541193842887878,0.2730051279067993,-0.12298139929771424,-0.2515125274658203,0.9535878300666809,0.16556496918201447,0.162473663687706,-0.12703736126422883,0.9785007834434509],"EasingStyle":"Linear","EasingDirection":"Out"},"Torso":{"Weight":1,"CFrame":[-0.08023403584957123,-2.8892230830024347e-8,-0.11106491088867188,0.950160562992096,-0.2630082070827484,0.16739647090435029,0.290377140045166,0.9420263171195984,-0.1681293249130249,-0.11347249895334244,0.20835795998573304,0.9714478850364685],"EasingStyle":"Linear","EasingDirection":"Out"},"HumanoidRootPart":{"Weight":0,"CFrame":[0,0,0,1,0,0,0,1,0,0,0,1],"EasingStyle":"Linear","EasingDirection":"In"},"Right Leg":{"Weight":1,"CFrame":[0.1856798231601715,0.06499505043029785,0.15359139442443849,0.9045802354812622,0.041916266083717349,-0.42423775792121889,-0.08906043320894242,0.9917767643928528,-0.0919078141450882,0.4168967306613922,0.12092078477144242,0.9008747339248657],"EasingStyle":"Linear","EasingDirection":"Out"}}},{"Time":0.15000000596046449,"poses":{"Left Leg":{"Weight":1,"CFrame":[-0.522533118724823,0.2793564796447754,0.05209612846374512,0.9995103478431702,0.012103586457669735,0.028854211792349817,-0.01601412519812584,0.9901058673858643,0.13940541446208955,-0.026881428435444833,-0.13979925215244294,0.9898149371147156],"EasingStyle":"Linear","EasingDirection":"Out"},"Right Arm":{"Weight":1,"CFrame":[-0.19265198707580567,-0.3473738729953766,0.13124942779541017,0.9914024472236633,0.12922433018684388,-0.02054934948682785,-0.1000962033867836,0.8501395583152771,0.5169559717178345,0.08427309989929199,-0.5104544758796692,0.8557652831077576],"EasingStyle":"Linear","EasingDirection":"Out"},"Left Arm":{"Weight":1,"CFrame":[0.5832828879356384,-0.5128270387649536,0.2453904151916504,0.013658778741955758,0.35561883449554446,0.9345312118530273,-0.4868237376213074,-0.8140007257461548,0.3168684244155884,0.8733934164047241,-0.45927995443344118,0.16200552880764008],"EasingStyle":"Linear","EasingDirection":"Out"},"Head":{"Weight":1,"CFrame":[1.2293457984924317e-7,2.421438694000244e-8,2.384185791015625e-7,0.9599574208259583,0.2553901672363281,-0.11514189094305039,-0.23878532648086549,0.9608625769615173,0.14044472575187684,0.14650371670722962,-0.10732673108577728,0.9833705425262451],"EasingStyle":"Linear","EasingDirection":"Out"},"Torso":{"Weight":1,"CFrame":[-0.09249772131443024,-3.688426630787944e-8,-0.09494638442993164,0.957335889339447,-0.2473561018705368,0.14940862357616425,0.2697230279445648,0.9504191279411316,-0.15476731956005097,-0.10371817648410797,0.1884632557630539,0.9765880107879639],"EasingStyle":"Linear","EasingDirection":"Out"},"HumanoidRootPart":{"Weight":0,"CFrame":[0,0,0,1,0,0,0,1,0,0,0,1],"EasingStyle":"Linear","EasingDirection":"In"},"Right Leg":{"Weight":1,"CFrame":[0.18307837843894959,-0.03167462348937988,0.11361074447631836,0.9146789908409119,0.03125957399606705,-0.4029705226421356,-0.08953006565570831,0.9879072904586792,-0.12658411264419557,0.3941405415534973,0.15186180174350739,0.9064167141914368],"EasingStyle":"Linear","EasingDirection":"Out"}}},{"Time":0.1666666716337204,"poses":{"Left Leg":{"Weight":1,"CFrame":[-0.5044059753417969,0.23891860246658326,0.05875825881958008,0.9991960525512695,-0.015322791412472725,0.03704722225666046,0.010448767803609372,0.9916744828224182,0.12834519147872926,-0.03870537504553795,-0.12785491347312928,0.9910373687744141],"EasingStyle":"Linear","EasingDirection":"Out"},"Right Arm":{"Weight":1,"CFrame":[-0.1598440408706665,-0.3070317208766937,0.10413587093353272,0.9934137463569641,0.10387695580720902,-0.04836052283644676,-0.06999306380748749,0.8842946887016296,0.46165338158607485,0.09072009474039078,-0.45522788166999819,0.8857411742210388],"EasingStyle":"Linear","EasingDirection":"Out"},"Left Arm":{"Weight":1,"CFrame":[0.5311197638511658,-0.4163569509983063,0.31280529499053957,-0.044516392052173617,0.2954489588737488,0.9543207883834839,-0.3621522784233093,-0.8950623869895935,0.26020967960357668,0.9310553073883057,-0.3340258002281189,0.14684252440929414],"EasingStyle":"Linear","EasingDirection":"Out"},"Head":{"Weight":1,"CFrame":[1.9185245037078858e-7,1.3504177331924439e-8,-2.980232238769531e-7,0.9659817218780518,0.23602807521820069,-0.10568869113922119,-0.22399982810020448,0.9678784608840942,0.11417239904403687,0.1292417049407959,-0.0866142064332962,0.9878231287002564],"EasingStyle":"Linear","EasingDirection":"Out"},"Torso":{"Weight":1,"CFrame":[-0.1052980050444603,-4.5225988287711519e-8,-0.07820796966552735,0.9645136594772339,-0.22941936552524568,0.130691260099411,0.24718892574310304,0.9585684537887573,-0.14157725870609284,-0.0927959457039833,0.16885864734649659,0.9812622666358948],"EasingStyle":"Linear","EasingDirection":"Out"},"HumanoidRootPart":{"Weight":0,"CFrame":[0,0,0,1,0,0,0,1,0,0,0,1],"EasingStyle":"Linear","EasingDirection":"In"},"Right Leg":{"Weight":1,"CFrame":[0.19605201482772828,-0.03931009769439697,0.09938061237335205,0.9238558411598206,0.04647008702158928,-0.37990909814834597,-0.09998514503240586,0.9874365925788879,-0.12235988676548004,0.36945003271102908,0.15102815628051759,0.9168953895568848],"EasingStyle":"Linear","EasingDirection":"Out"}}},{"Time":0.18333333730697633,"poses":{"Left Leg":{"Weight":1,"CFrame":[-0.49878349900245669,0.196461021900177,0.06374597549438477,0.997999906539917,-0.04790307953953743,0.04124905541539192,0.04283754900097847,0.9923282861709595,0.11597214639186859,-0.046488046646118167,-0.11397315561771393,0.9923955798149109],"EasingStyle":"Linear","EasingDirection":"Out"},"Right Arm":{"Weight":1,"CFrame":[-0.12504953145980836,-0.267947256565094,0.07610082626342774,0.9947726726531982,0.07198330760002136,-0.07242723554372788,-0.03665981814265251,0.9137452244758606,0.4046304225921631,0.0953066498041153,-0.39986011385917666,0.9116076827049255],"EasingStyle":"Linear","EasingDirection":"Out"},"Left Arm":{"Weight":1,"CFrame":[0.47115156054496767,-0.3205837607383728,0.3834395408630371,-0.08648761361837387,0.28762826323509219,0.9538290500640869,-0.23560453951358796,-0.9361634254455566,0.26093804836273196,0.9679929614067078,-0.20215852558612824,0.14873279631137849],"EasingStyle":"Linear","EasingDirection":"Out"},"Head":{"Weight":1,"CFrame":[1.387670636177063e-7,2.2118911147117616e-8,2.384185791015625e-7,0.972366452217102,0.21376922726631165,-0.09384166449308396,-0.20586375892162324,0.9746875762939453,0.08720206469297409,0.110107421875,-0.06547373533248902,0.9917608499526978],"EasingStyle":"Linear","EasingDirection":"Out"},"Torso":{"Weight":1,"CFrame":[-0.11854099482297898,-5.3856204829116908e-8,-0.06148242950439453,0.9717769622802734,-0.20827394723892213,0.11077705025672913,0.22185514867305757,0.9665009379386902,-0.1290588229894638,-0.08018653839826584,0.14999283850193025,0.9854300022125244],"EasingStyle":"Linear","EasingDirection":"Out"},"HumanoidRootPart":{"Weight":0,"CFrame":[0,0,0,1,0,0,0,1,0,0,0,1],"EasingStyle":"Linear","EasingDirection":"In"},"Right Leg":{"Weight":1,"CFrame":[0.20705291628837586,-0.03714919090270996,0.09184002876281738,0.9334558248519898,0.06352706998586655,-0.3530219495296478,-0.10487230867147446,0.9895221590995789,-0.09923525899648667,0.34301894903182986,0.12965397536754609,0.9303374886512756],"EasingStyle":"Linear","EasingDirection":"Out"}}},{"Time":0.20000000298023225,"poses":{"Left Leg":{"Weight":1,"CFrame":[-0.5093860030174255,0.16108191013336183,0.066489577293396,0.9957412481307983,-0.08481193333864212,0.036143459379673007,0.08089528232812882,0.9918228387832642,0.09870845079421997,-0.04421957582235336,-0.09536422789096832,0.9944598078727722],"EasingStyle":"Linear","EasingDirection":"Out"},"Right Arm":{"Weight":1,"CFrame":[-0.0928741991519928,-0.23085364699363709,0.048034071922302249,0.995324969291687,0.034448347985744479,-0.09023064374923706,-0.0008603818714618683,0.9373552799224854,0.3483738601207733,0.09657906740903855,-0.34666749835014346,0.9330027103424072],"EasingStyle":"Linear","EasingDirection":"Out"},"Left Arm":{"Weight":1,"CFrame":[0.40389639139175417,-0.23393645882606507,0.45138299465179446,-0.12486002594232559,0.3439219892024994,0.9306597709655762,-0.11081099510192871,-0.9369655847549439,0.33138564229011538,0.9859669804573059,-0.06175050511956215,0.15509986877441407],"EasingStyle":"Linear","EasingDirection":"Out"},"Head":{"Weight":1,"CFrame":[1.5459954738616944e-7,2.3283064365386964e-9,3.5762786865234377e-7,0.9782891273498535,0.19182120263576508,-0.07845421135425568,-0.1873326450586319,0.9803934693336487,0.061115507036447528,0.08863925188779831,-0.04509161412715912,0.995042622089386],"EasingStyle":"Linear","EasingDirection":"Out"},"Torso":{"Weight":1,"CFrame":[-0.1304173320531845,-6.159580578923851e-8,-0.0484161376953125,0.9780518412590027,-0.1883542239665985,0.0890912339091301,0.198100283741951,0.9731243252754211,-0.11741083115339279,-0.06458202749490738,0.1324828714132309,0.9890791177749634],"EasingStyle":"Linear","EasingDirection":"Out"},"HumanoidRootPart":{"Weight":0,"CFrame":[0,0,0,1,0,0,0,1,0,0,0,1],"EasingStyle":"Linear","EasingDirection":"In"},"Right Leg":{"Weight":1,"CFrame":[0.21695636212825776,-0.029215574264526368,0.08761405944824219,0.940800666809082,0.08017978817224503,-0.3293406665325165,-0.1102358028292656,0.9911770820617676,-0.0735941231250763,0.3205341696739197,0.10554251074790955,0.9413387179374695],"EasingStyle":"Linear","EasingDirection":"Out"}}},{"Time":0.21666666865348817,"poses":{"Left Leg":{"Weight":1,"CFrame":[-0.5333864688873291,0.1513800024986267,0.06535565853118897,0.9919774532318115,-0.12385406345129013,0.025314973667263986,0.12163268029689789,0.9896772503852844,0.07579214125871659,-0.03444084897637367,-0.07210496813058853,0.9968022108078003],"EasingStyle":"Linear","EasingDirection":"Out"},"Right Arm":{"Weight":1,"CFrame":[-0.0679231584072113,-0.1964837908744812,0.02082526683807373,0.9949491024017334,-0.007252097595483065,-0.1001182496547699,0.03671969100832939,0.9545540809631348,0.2957671284675598,0.09342335164546967,-0.2979496121406555,0.9499990344047546],"EasingStyle":"Linear","EasingDirection":"Out"},"Left Arm":{"Weight":1,"CFrame":[0.3303248882293701,-0.16388830542564393,0.5119303464889526,-0.1753990203142166,0.45564281940460207,0.872711181640625,0.010858312249183655,-0.8855042457580566,0.4645043611526489,0.9844375252723694,0.09094975143671036,0.15036898851394654],"EasingStyle":"Linear","EasingDirection":"Out"},"Head":{"Weight":1,"CFrame":[1.6205012798309327e-7,1.1175870895385743e-8,2.384185791015625e-7,0.9835138916969299,0.17105261981487275,-0.05866338312625885,-0.1690031886100769,0.9848704934120178,0.03831487521529198,0.06432968378067017,-0.027768928557634355,0.9975422620773315],"EasingStyle":"Linear","EasingDirection":"Out"},"Torso":{"Weight":1,"CFrame":[-0.1408553421497345,-6.839809429948218e-8,-0.0391840934753418,0.9831303358078003,-0.1707775592803955,0.06549664586782456,0.17711934447288514,0.9782567620277405,-0.10790016502141953,-0.04564560949802399,0.11768065392971039,0.9920018911361694],"EasingStyle":"Linear","EasingDirection":"Out"},"HumanoidRootPart":{"Weight":0,"CFrame":[0,0,0,1,0,0,0,1,0,0,0,1],"EasingStyle":"Linear","EasingDirection":"In"},"Right Leg":{"Weight":1,"CFrame":[0.2253248393535614,-0.014226198196411133,0.0857616662979126,0.9457864761352539,0.09482137113809586,-0.3106393814086914,-0.11422397196292877,0.9924429059028626,-0.04483243450522423,0.304040789604187,0.07788436859846115,0.9494699835777283],"EasingStyle":"Linear","EasingDirection":"Out"}}},{"Time":0.23333333432674409,"poses":{"Left Leg":{"Weight":1,"CFrame":[-0.5707269906997681,0.17567890882492066,0.06169462203979492,0.987042248249054,-0.15989357233047486,0.013479507528245449,0.1590067595243454,0.9859243035316467,0.051673103123903278,-0.021551959216594697,-0.04886019974946976,0.9985730648040772],"EasingStyle":"Linear","EasingDirection":"Out"},"Right Arm":{"Weight":1,"CFrame":[-0.054799869656562808,-0.16557025909423829,-0.004635632038116455,0.9935060739517212,-0.051333099603652957,-0.10154135525226593,0.07541642338037491,0.9653357863426209,0.2498784214258194,0.08519446849822998,-0.25591355562210085,0.9629382491111755],"EasingStyle":"Linear","EasingDirection":"Out"},"Left Arm":{"Weight":1,"CFrame":[0.2532199025154114,-0.11253765225410462,0.5623838901519775,-0.24697937071323396,0.5782367587089539,0.7775882482528687,0.11468273401260376,-0.7793658375740051,0.6159844398498535,0.9622105360031128,0.24131137132644654,0.12617352604866029],"EasingStyle":"Linear","EasingDirection":"Out"},"Head":{"Weight":1,"CFrame":[1.5087425708770753e-7,-7.450580596923828e-9,0,0.9882925152778626,0.14810912311077119,-0.03662823885679245,-0.14727351069450379,0.9887908101081848,0.024561036378145219,0.039855387061834338,-0.018879123032093049,0.9990270733833313],"EasingStyle":"Linear","EasingDirection":"Out"},"Torso":{"Weight":1,"CFrame":[-0.15136142075061799,-7.524472067643728e-8,-0.03107929229736328,0.9875563383102417,-0.15133757889270783,0.04277169331908226,0.1550806164741516,0.9823058843612671,-0.10500048846006394,-0.026124369353055955,0.11032696068286896,0.9935519695281982],"EasingStyle":"Linear","EasingDirection":"Out"},"HumanoidRootPart":{"Weight":0,"CFrame":[0,0,0,1,0,0,0,1,0,0,0,1],"EasingStyle":"Linear","EasingDirection":"In"},"Right Leg":{"Weight":1,"CFrame":[0.2357289344072342,0.002881646156311035,0.08593237400054932,0.9517616629600525,0.09890861809253693,-0.2904595732688904,-0.10933041572570801,0.9938076138496399,-0.01983187533915043,0.2866993844509125,0.05063128098845482,0.9566817283630371],"EasingStyle":"Linear","EasingDirection":"Out"}}},{"Time":0.25,"poses":{"Left Leg":{"Weight":1,"CFrame":[-0.6253710389137268,0.22541207075119019,0.05790293216705322,0.9800667762756348,-0.19866622984409333,0.0009217455517500639,0.19854865968227387,0.9796265363693237,0.030170731246471406,-0.006896872539073229,-0.029386313632130624,0.9995443224906921],"EasingStyle":"Linear","EasingDirection":"Out"},"Right Arm":{"Weight":1,"CFrame":[-0.05810501426458359,-0.13884419202804566,-0.027458786964416505,0.9908397197723389,-0.0960131287574768,-0.09496371448040009,0.11449485272169113,0.9701559543609619,0.2137482613325119,0.07160698622465134,-0.22266311943531037,0.9722620844841003],"EasingStyle":"Linear","EasingDirection":"Out"},"Left Arm":{"Weight":1,"CFrame":[0.17581707239151,-0.08059313893318176,0.600435733795166,-0.32471078634262087,0.6791592836380005,0.6582595109939575,0.17879651486873628,-0.6393457055091858,0.7478429079055786,0.928759753704071,0.360526978969574,0.08617080003023148],"EasingStyle":"Linear","EasingDirection":"Out"},"Head":{"Weight":1,"CFrame":[1.555308699607849e-7,-1.1175870895385743e-8,2.384185791015625e-7,0.9924768209457398,0.12141706794500351,-0.01573828235268593,-0.12112414836883545,0.992466926574707,0.018395334482192994,0.017853233963251115,-0.016350682824850084,0.9997069239616394],"EasingStyle":"Linear","EasingDirection":"Out"},"Torso":{"Weight":1,"CFrame":[-0.16168498992919923,-8.197241641028086e-8,-0.024182796478271486,0.9913719892501831,-0.12905645370483399,0.022934837266802789,0.1307712197303772,0.9857643246650696,-0.10567683726549149,-0.008970067836344242,0.10776427388191223,0.9941360354423523],"EasingStyle":"Linear","EasingDirection":"Out"},"HumanoidRootPart":{"Weight":0,"CFrame":[0,0,0,1,0,0,0,1,0,0,0,1],"EasingStyle":"Linear","EasingDirection":"In"},"Right Leg":{"Weight":1,"CFrame":[0.2479977011680603,0.01841062307357788,0.08724963665008545,0.9586876630783081,0.09573493897914887,-0.2678670585155487,-0.09958864748477936,0.9950283765792847,-0.0008041542605496943,0.26645827293395998,0.027447449043393136,0.9634555578231812],"EasingStyle":"Linear","EasingDirection":"Out"}}},{"Time":0.2666666805744171,"poses":{"Left Leg":{"Weight":1,"CFrame":[-0.7126964926719666,0.28174054622650149,0.05465531349182129,0.9674727320671082,-0.2527516782283783,-0.010638082399964333,0.25285235047340395,0.967458188533783,0.009505551308393479,0.007889339700341225,-0.011886226013302803,0.9998982548713684],"EasingStyle":"Linear","EasingDirection":"Out"},"Right Arm":{"Weight":1,"CFrame":[-0.08483850210905075,-0.11684966087341309,-0.04695868492126465,0.986772358417511,-0.13946977257728578,-0.08263464272022248,0.15295997262001038,0.9698699712753296,0.18961943686008454,0.05369866266846657,-0.19975103437900544,0.9783741235733032],"EasingStyle":"Linear","EasingDirection":"Out"},"Left Arm":{"Weight":1,"CFrame":[0.10130038857460022,-0.0716107189655304,0.6241455078125,-0.3796226978302002,0.7539161443710327,0.5361875295639038,0.20203042030334474,-0.4980274438858032,0.8432985544204712,0.9028124213218689,0.42846131324768069,0.03674823418259621],"EasingStyle":"Linear","EasingDirection":"Out"},"Head":{"Weight":1,"CFrame":[1.555308699607849e-7,3.725290298461914e-9,-5.960464477539063e-8,0.9960149526596069,0.08905824273824692,0.004774746485054493,-0.08912742137908936,0.9958742260932922,0.01705537550151348,-0.0032361242920160295,-0.017412947490811349,0.9998431205749512],"EasingStyle":"Linear","EasingDirection":"Out"},"Torso":{"Weight":1,"CFrame":[-0.17160075902938844,-8.843434784466808e-8,-0.018583297729492189,0.9947348237037659,-0.10240738838911057,0.003914993721991777,0.10223637521266937,0.9889801144599915,-0.10707966983318329,0.0070938970893621449,0.10691612958908081,0.9942427277565002],"EasingStyle":"Linear","EasingDirection":"Out"},"HumanoidRootPart":{"Weight":0,"CFrame":[0,0,0,1,0,0,0,1,0,0,0,1],"EasingStyle":"Linear","EasingDirection":"In"},"Right Leg":{"Weight":1,"CFrame":[0.2627984285354614,0.03396892547607422,0.08951890468597412,0.9663439989089966,0.08935969322919846,-0.24123458564281465,-0.08816582709550858,0.9959810972213745,0.01576099917292595,0.24167346954345704,0.006038098130375147,0.9703388214111328],"EasingStyle":"Linear","EasingDirection":"Out"}}},{"Time":0.28333333134651186,"poses":{"Left Leg":{"Weight":1,"CFrame":[-0.8295422196388245,0.33318740129470827,0.05159962177276611,0.949076771736145,-0.31460073590278628,-0.016719959676265718,0.31441351771354678,0.9491982460021973,-0.012919382192194462,0.01993498206138611,0.0070045082829892639,0.9997767210006714],"EasingStyle":"Linear","EasingDirection":"Out"},"Right Arm":{"Weight":1,"CFrame":[-0.1372767686843872,-0.09936487674713135,-0.06326526403427124,0.981492280960083,-0.17961660027503968,-0.06641346961259842,0.18875832855701447,0.9658820629119873,0.1773194521665573,0.032298073172569278,-0.18657375872135163,0.9819099307060242],"EasingStyle":"Linear","EasingDirection":"Out"},"Left Arm":{"Weight":1,"CFrame":[0.032648488879203799,-0.08560016751289368,0.6323280334472656,-0.3974531292915344,0.8178354501724243,0.4161444902420044,0.1910693496465683,-0.3698039948940277,0.9092510938644409,0.8975096344947815,0.44089701771736147,-0.009283735416829586],"EasingStyle":"Linear","EasingDirection":"Out"},"Head":{"Weight":1,"CFrame":[1.5459954738616944e-7,7.450580596923828e-9,2.384185791015625e-7,0.9982913732528687,0.051637016236782077,0.027348266914486886,-0.05232930928468704,0.9983109831809998,0.02523435465991497,-0.025999048724770547,-0.026622366160154344,0.99930739402771],"EasingStyle":"Linear","EasingDirection":"Out"},"Torso":{"Weight":1,"CFrame":[-0.18094635009765626,-9.452470806081692e-8,-0.014378547668457032,0.9972779154777527,-0.07177747786045075,-0.01687350869178772,0.06938912719488144,0.991001546382904,-0.11445992439985275,0.02493731863796711,0.1129775270819664,0.9932845830917358],"EasingStyle":"Linear","EasingDirection":"Out"},"HumanoidRootPart":{"Weight":0,"CFrame":[0,0,0,1,0,0,0,1,0,0,0,1],"EasingStyle":"Linear","EasingDirection":"In"},"Right Leg":{"Weight":1,"CFrame":[0.28130170702934267,0.05529022216796875,0.09221065044403076,0.974778413772583,0.07286037504673004,-0.21094639599323274,-0.06738843023777008,0.997180163860321,0.033022940158843997,0.2127576321363449,-0.01797470450401306,0.9769396781921387],"EasingStyle":"Linear","EasingDirection":"Out"}}},{"Time":0.30000001192092898,"poses":{"Left Leg":{"Weight":1,"CFrame":[-0.9249888062477112,0.3888114094734192,0.05122363567352295,0.9337544441223145,-0.3576571047306061,-0.013561876490712166,0.3570265769958496,0.9334367513656616,-0.035041794180870059,0.02519208937883377,0.027878478169441224,0.9992938041687012],"EasingStyle":"Linear","EasingDirection":"Out"},"Right Arm":{"Weight":1,"CFrame":[-0.21169908344745637,-0.08598023653030396,-0.076712965965271,0.9754998683929443,-0.21504279971122743,-0.04643916338682175,0.21987363696098329,0.9601252675056458,0.17267030477523805,0.007455899380147457,-0.1786506026983261,0.983884334564209],"EasingStyle":"Linear","EasingDirection":"Out"},"Left Arm":{"Weight":1,"CFrame":[-0.027211876586079599,-0.12171870470046997,0.6237952709197998,-0.36922183632850649,0.8820288777351379,0.2927462160587311,0.1431366503238678,-0.2572730779647827,0.9556790590286255,0.9182522296905518,0.39476025104522707,-0.031259868294000629],"EasingStyle":"Linear","EasingDirection":"Out"},"Head":{"Weight":1,"CFrame":[1.6577541828155518e-7,7.543712854385376e-8,-1.7881393432617188e-7,0.998535692691803,0.010945135727524758,0.0529777891933918,-0.013310995884239674,0.9989201426506043,0.04451264068484306,-0.05243339017033577,-0.04515264928340912,0.9976031184196472],"EasingStyle":"Linear","EasingDirection":"Out"},"Torso":{"Weight":1,"CFrame":[-0.19362664222717286,-1.027882348125786e-7,-0.011680126190185547,0.9983874559402466,-0.03895231708884239,-0.0412936806678772,0.0333215706050396,0.9910556077957153,-0.1292225569486618,0.04595784842967987,0.12763822078704835,0.9907554388046265],"EasingStyle":"Linear","EasingDirection":"Out"},"HumanoidRootPart":{"Weight":0,"CFrame":[0,0,0,1,0,0,0,1,0,0,0,1],"EasingStyle":"Linear","EasingDirection":"In"},"Right Leg":{"Weight":1,"CFrame":[0.3033401668071747,0.08416211605072022,0.09402787685394287,0.9829148054122925,0.04444390907883644,-0.17861482501029969,-0.03563366085290909,0.997998833656311,0.05223630741238594,0.18057890236377717,-0.04497913271188736,0.9825314879417419],"EasingStyle":"Linear","EasingDirection":"Out"}}},{"Time":0.3166666626930237,"poses":{"Left Leg":{"Weight":1,"CFrame":[-0.9783754944801331,0.45134592056274416,0.05699360370635986,0.9255328178405762,-0.3786458969116211,0.004021010361611843,0.3783702552318573,0.9243341088294983,-0.04942178726196289,0.014996599406003952,0.04726291447877884,0.9987698793411255],"EasingStyle":"Linear","EasingDirection":"Out"},"Right Arm":{"Weight":1,"CFrame":[-0.30274686217308047,-0.07628464698791504,-0.0876358151435852,0.9690228700637817,-0.24586963653564454,-0.023297755047678949,0.24616318941116334,0.9539228677749634,0.1715659201145172,-0.019958579912781717,-0.1719863563776