{"Sequence":[{"Time":0,"poses":{"Left Leg":{"Weight":1,"CFrame":[-0.09362416714429856,0.12808138132095338,0.03860318660736084,0.9804271459579468,0.008025694638490677,0.1967187076807022,-0.02474508062005043,0.9962687492370606,0.08268149942159653,-0.19532112777233125,-0.08593098819255829,0.9769675135612488],"EasingStyle":"Linear","EasingDirection":"Out"},"Right Arm":{"Weight":1,"CFrame":[3.253384228685263e-10,3.5762786865234377e-7,-1.1920928955078126e-7,0.9922541379928589,0.005837044212967157,-0.12408740073442459,0.015534858219325543,0.9852234721183777,0.17056788504123689,0.12324944138526917,-0.17117437720298768,0.9775013327598572],"EasingStyle":"Linear","EasingDirection":"Out"},"Left Arm":{"Weight":1,"CFrame":[-3.253384228685263e-10,1.1920928955078126e-7,0,0.9982870817184448,0.054753925651311877,-0.0206124410033226,-0.05078654736280441,0.9859228134155273,0.1593012660741806,0.029044635593891145,-0.15798157453536988,0.9870148301124573],"EasingStyle":"Linear","EasingDirection":"Out"},"Head":{"Weight":1,"CFrame":[1.5099578831723194e-7,-2.0261570199409108e-15,2.384185791015625e-7,0.9925649166107178,-0.12171048671007157,-0.0012170578120276332,0.12171657383441925,0.9925152659416199,0.009925477206707,-8.610484769633331e-8,-0.009999816305935383,0.9999499917030335],"EasingStyle":"Linear","EasingDirection":"Out"},"Torso":{"Weight":1,"CFrame":[0,8.470329472543004e-22,-0.08447694778442383,0.9925649166107178,0.12171657383441925,-1.4315799035102828e-7,-0.12171657383441925,0.9925649166107178,1.8210775110105716e-8,1.4431013539706329e-7,-6.506759575586329e-10,1],"EasingStyle":"Linear","EasingDirection":"Out"},"HumanoidRootPart":{"Weight":0,"CFrame":[0,0,0,1,0,0,0,1,0,0,0,1],"EasingStyle":"Linear","EasingDirection":"In"},"Right Leg":{"Weight":1,"CFrame":[0.04328905791044235,0.12585341930389405,0.02934861183166504,0.9941443800926209,0.10603830963373184,-0.02080448344349861,-0.10297940671443939,0.9880191087722778,0.11494965851306915,0.03274429216980934,-0.11213413625955582,0.99315345287323],"EasingStyle":"Linear","EasingDirection":"Out"}}},{"Time":0.01666666753590107,"poses":{"Left Leg":{"Weight":1,"CFrame":[-0.1075645238161087,0.13439401984214784,0.03953051567077637,0.9800319075584412,0.0008673975244164467,0.19883844256401063,-0.01804446429014206,0.9962523579597473,0.08459129929542542,-0.19801989197731019,-0.08649010956287384,0.9763747453689575],"EasingStyle":"Linear","EasingDirection":"In"},"Right Arm":{"Weight":1,"CFrame":[-0.00021098392608109862,2.682209014892578e-7,0.0014615058898925782,0.9924351572990418,0.005698464345186949,-0.12263768911361695,0.01566590927541256,0.9848782420158386,0.17253828048706056,0.12176638841629029,-0.1731542944908142,0.9773384928703308],"EasingStyle":"Linear","EasingDirection":"In"},"Left Arm":{"Weight":1,"CFrame":[0.0019464658107608557,-1.6391277313232423e-7,0,0.9982635974884033,0.055040258914232257,-0.0209842287003994,-0.05103157088160515,0.9860237240791321,0.15859705209732057,0.029420170933008195,-0.15725082159042359,0.9871203899383545],"EasingStyle":"Linear","EasingDirection":"In"},"Head":{"Weight":1,"CFrame":[1.5095685057531228e-7,-9.458846206289451e-11,2.9802322387695315e-8,0.9925646185874939,-0.1217077374458313,-0.0016535322647541762,0.12171830236911774,0.992512583732605,0.010168793611228466,0.0004035306628793478,-0.010294449515640736,0.9999469518661499],"EasingStyle":"Linear","EasingDirection":"In"},"Torso":{"Weight":1,"CFrame":[0.0001697654224699363,1.1063319704796015e-10,-0.08964276313781738,0.9925646185874939,0.12171833962202072,0.00040347373578697443,-0.12171822041273117,0.9925646781921387,-0.00029463222017511725,-0.0004363359184935689,0.00024333142209798098,0.9999998807907105],"EasingStyle":"Linear","EasingDirection":"In"},"HumanoidRootPart":{"Weight":0,"CFrame":[0,0,0,1,0,0,0,1,0,0,0,1],"EasingStyle":"Linear","EasingDirection":"In"},"Right Leg":{"Weight":1,"CFrame":[0.05805454030632973,0.12919914722442628,0.0272102952003479,0.9934199452400208,0.11278737336397171,-0.019894907251000406,-0.10976817458868027,0.9872145056724548,0.11557892709970474,0.03267638385295868,-0.11263459175825119,0.99309903383255],"EasingStyle":"Linear","EasingDirection":"In"}}},{"Time":0.03333333507180214,"poses":{"Left Leg":{"Weight":1,"CFrame":[-0.12150488793849945,0.14070665836334229,0.040457844734191897,0.979582667350769,-0.006292132660746574,0.20094320178031922,-0.011348262429237366,0.9961858987808228,0.08651546388864517,-0.2007211595773697,-0.08702939748764038,0.9757750034332275],"EasingStyle":"Linear","EasingDirection":"Out"},"Right Arm":{"Weight":1,"CFrame":[-0.00042196817230433226,1.7881393432617188e-7,0.002923130989074707,0.9926140308380127,0.005556944757699966,-0.12118794769048691,0.015793966129422189,0.9845290780067444,0.17450815439224244,0.12028277665376663,-0.17513327300548554,0.9771695733070374],"EasingStyle":"Linear","EasingDirection":"Out"},"Left Arm":{"Weight":1,"CFrame":[0.0038929320871829988,-4.470348358154297e-7,0,0.9982399344444275,0.05532630532979965,-0.021356213837862016,-0.05127685144543648,0.9861239790916443,0.15789282321929933,0.02979552000761032,-0.1565198451280594,0.9872252941131592],"EasingStyle":"Linear","EasingDirection":"Out"},"Head":{"Weight":1,"CFrame":[1.5091791283339263e-7,-1.8917489796876908e-10,-1.7881393432617188e-7,0.9925641417503357,-0.12170489132404328,-0.00209000613540411,0.12172015756368637,0.9925098419189453,0.01041211187839508,0.0008071468328125775,-0.010589083656668663,0.9999436140060425],"EasingStyle":"Linear","EasingDirection":"Out"},"Torso":{"Weight":1,"CFrame":[0.0003395308449398726,2.212663940959203e-10,-0.09480857849121094,0.9925641417503357,0.12172015756368637,0.0008070898475125432,-0.12171971052885056,0.99256432056427,-0.0005892831832170486,-0.0008728162501938641,0.00048666264046914876,0.9999995231628418],"EasingStyle":"Linear","EasingDirection":"Out"},"HumanoidRootPart":{"Weight":0,"CFrame":[0,0,0,1,0,0,0,1,0,0,0,1],"EasingStyle":"Linear","EasingDirection":"In"},"Right Leg":{"Weight":1,"CFrame":[0.0728200227022171,0.1325448751449585,0.02507197856903076,0.9926490783691406,0.11953066289424896,-0.018981043249368669,-0.11655182391405106,0.986363410949707,0.11620189249515534,0.0326119028031826,-0.11313541978597641,0.9930442571640015],"EasingStyle":"Linear","EasingDirection":"Out"}}},{"Time":0.05000000074505806,"poses":{"Left Leg":{"Weight":1,"CFrame":[-0.12150488793849945,0.14070665836334229,0.040457844734191897,0.979582667350769,-0.006292132660746574,0.20094320178031922,-0.011348262429237366,0.9961858987808228,0.08651546388864517,-0.2007211595773697,-0.08702939748764038,0.9757750034332275],"EasingStyle":"Linear","EasingDirection":"Out"},"Right Arm":{"Weight":1,"CFrame":[-0.00042196817230433226,1.7881393432617188e-7,0.002923130989074707,0.9926140308380127,0.005556944757699966,-0.12118794769048691,0.015793966129422189,0.9845290780067444,0.17450815439224244,0.12028277665376663,-0.17513327300548554,0.9771695733070374],"EasingStyle":"Linear","EasingDirection":"Out"},"Left Arm":{"Weight":1,"CFrame":[0.0038929320871829988,-4.470348358154297e-7,0,0.9982399344444275,0.05532630532979965,-0.021356213837862016,-0.05127685144543648,0.9861239790916443,0.15789282321929933,0.02979552000761032,-0.1565198451280594,0.9872252941131592],"EasingStyle":"Linear","EasingDirection":"Out"},"Head":{"Weight":1,"CFrame":[1.5091791283339263e-7,-1.8917489796876908e-10,-1.7881393432617188e-7,0.9925641417503357,-0.12170489132404328,-0.00209000613540411,0.12172015756368637,0.9925098419189453,0.01041211187839508,0.0008071468328125775,-0.010589083656668663,0.9999436140060425],"EasingStyle":"Linear","EasingDirection":"Out"},"Torso":{"Weight":1,"CFrame":[0.0003395308449398726,2.212663940959203e-10,-0.09480857849121094,0.9925641417503357,0.12172015756368637,0.0008070898475125432,-0.12171971052885056,0.99256432056427,-0.0005892831832170486,-0.0008728162501938641,0.00048666264046914876,0.9999995231628418],"EasingStyle":"Linear","EasingDirection":"Out"},"HumanoidRootPart":{"Weight":0,"CFrame":[0,0,0,1,0,0,0,1,0,0,0,1],"EasingStyle":"Linear","EasingDirection":"In"},"Right Leg":{"Weight":1,"CFrame":[0.0728200227022171,0.1325448751449585,0.02507197856903076,0.9926490783691406,0.11953066289424896,-0.018981043249368669,-0.11655182391405106,0.986363410949707,0.11620189249515534,0.0326119028031826,-0.11313541978597641,0.9930442571640015],"EasingStyle":"Linear","EasingDirection":"Out"}}},{"Time":0.06666667014360428,"poses":{"Left Leg":{"Weight":1,"CFrame":[-0.15346866846084596,0.1541668176651001,0.04315119981765747,0.9782151579856873,-0.02240796759724617,0.20638057589530946,0.0036528706550598146,0.995861291885376,0.09081250429153443,-0.20756134390830995,-0.08808028697967529,0.9742485284805298],"EasingStyle":"Linear","EasingDirection":"In"},"Right Arm":{"Weight":1,"CFrame":[-0.001872947090305388,4.172325134277344e-7,0.006465256214141846,0.99313884973526,0.004697449505329132,-0.11684662848711014,0.016482800245285035,0.9835946559906006,0.17963801324367524,0.11577356606721878,-0.18033145368099214,0.9767686724662781],"EasingStyle":"Linear","EasingDirection":"In"},"Left Arm":{"Weight":1,"CFrame":[0.009546295739710331,-1.341104507446289e-7,0,0.9980682730674744,0.05736017972230911,-0.023864980787038804,-0.05294260382652283,0.9862737059593201,0.1564009189605713,0.03250858560204506,-0.1548353135585785,0.9874053001403809],"EasingStyle":"Linear","EasingDirection":"In"},"Head":{"Weight":1,"CFrame":[1.5086698113009334e-7,-4.729372449219227e-10,1.4901161193847657e-7,0.9925621747970581,-0.12169451266527176,-0.0032742414623498918,0.12172406166791916,0.9925000071525574,0.011267443187534809,0.001878498587757349,-0.011582192964851857,0.9999311566352844],"EasingStyle":"Linear","EasingDirection":"In"},"Torso":{"Weight":1,"CFrame":[0.0010003899224102498,6.519369488700022e-10,-0.10617327690124512,0.9925621747970581,0.12172406911849976,0.001878442126326263,-0.12172117829322815,0.9925630688667297,-0.0015824667643755675,-0.0020570966880768539,0.0013420504983514548,0.9999969601631165],"EasingStyle":"Linear","EasingDirection":"In"},"HumanoidRootPart":{"Weight":0,"CFrame":[0,0,0,1,0,0,0,1,0,0,0,1],"EasingStyle":"Linear","EasingDirection":"In"},"Right Leg":{"Weight":1,"CFrame":[0.10734274983406067,0.1387699842453003,0.020496010780334474,0.9907289743423462,0.13483738899230958,-0.016583379358053209,-0.13199737668037415,0.9842867255210877,0.1172875463962555,0.03213754668831825,-0.11401121318340302,0.9929594993591309],"EasingStyle":"Linear","EasingDirection":"In"}}},{"Time":0.0833333358168602,"poses":{"Left Leg":{"Weight":1,"CFrame":[-0.18543244898319245,0.1676269769668579,0.04584455490112305,0.9765666127204895,-0.03852373734116554,0.21173951029777528,0.01862262189388275,0.9952847361564636,0.09519178420305252,-0.2144082635641098,-0.08901795744895935,0.9726792573928833],"EasingStyle":"Linear","EasingDirection":"Out"},"Right Arm":{"Weight":1,"CFrame":[-0.0033239261247217657,6.556510925292969e-7,0.010007381439208985,0.9936435222625732,0.0038148697931319477,-0.11250751465559006,0.017147930338978769,0.9826329350471497,0.18476587533950807,0.11125846952199936,-0.1855206936597824,0.9763214588165283],"EasingStyle":"Linear","EasingDirection":"Out"},"Left Arm":{"Weight":1,"CFrame":[0.015199659392237664,1.7881393432617188e-7,0,0.9978863596916199,0.059389546513557437,-0.026376638561487199,-0.05461225286126137,0.9864175319671631,0.1549127697944641,0.035218577831983569,-0.15314482152462007,0.9875759482383728],"EasingStyle":"Linear","EasingDirection":"Out"},"Head":{"Weight":1,"CFrame":[1.5081604942679406e-7,-7.566995918750763e-10,4.76837158203125e-7,0.992559015750885,-0.12168297171592713,-0.004458463750779629,0.12172888964414597,0.9924893379211426,0.012122759595513344,0.0029498443473130466,-0.012575279921293259,0.9999165534973145],"EasingStyle":"Linear","EasingDirection":"Out"},"Torso":{"Weight":1,"CFrame":[0.0016612489707767964,1.0826074481329329e-9,-0.1175379753112793,0.992559015750885,0.12172888964414597,0.0029497873038053514,-0.12172147631645203,0.9925609827041626,-0.002575649879872799,-0.0032413748558610679,0.0021974320989102127,0.999992311000824],"EasingStyle":"Linear","EasingDirection":"Out"},"HumanoidRootPart":{"Weight":0,"CFrame":[0,0,0,1,0,0,0,1,0,0,0,1],"EasingStyle":"Linear","EasingDirection":"In"},"Right Leg":{"Weight":1,"CFrame":[0.14186547696590424,0.1449950933456421,0.015920042991638185,0.9885678887367249,0.15010933578014375,-0.014169106259942055,-0.14741148054599763,0.9819707274436951,0.11833561211824417,0.031676944345235828,-0.11489409953355789,0.9928725361824036],"EasingStyle":"Linear","EasingDirection":"Out"}}},{"Time":0.10000000149011612,"poses":{"Left Leg":{"Weight":1,"CFrame":[-0.18543244898319245,0.1676269769668579,0.04584455490112305,0.9765666127204895,-0.03852373734116554,0.21173951029777528,0.01862262189388275,0.9952847361564636,0.09519178420305252,-0.2144082635641098,-0.08901795744895935,0.9726792573928833],"EasingStyle":"Linear","EasingDirection":"Out"},"Right Arm":{"Weight":1,"CFrame":[-0.0033239261247217657,6.556510925292969e-7,0.010007381439208985,0.9936435222625732,0.0038148697931319477,-0.11250751465559006,0.017147930338978769,0.9826329350471497,0.18476587533950807,0.11125846952199936,-0.1855206936597824,0.9763214588165283],"EasingStyle":"Linear","EasingDirection":"Out"},"Left Arm":{"Weight":1,"CFrame":[0.015199659392237664,1.7881393432617188e-7,0,0.9978863596916199,0.059389546513557437,-0.026376638561487199,-0.05461225286126137,0.9864175319671631,0.1549127697944641,0.035218577831983569,-0.15314482152462007,0.9875759482383728],"EasingStyle":"Linear","EasingDirection":"Out"},"Head":{"Weight":1,"CFrame":[1.5081604942679406e-7,-7.566995918750763e-10,4.76837158203125e-7,0.992559015750885,-0.12168297171592713,-0.004458463750779629,0.12172888964414597,0.9924893379211426,0.012122759595513344,0.0029498443473130466,-0.012575279921293259,0.9999165534973145],"EasingStyle":"Linear","EasingDirection":"Out"},"Torso":{"Weight":1,"CFrame":[0.0016612489707767964,1.0826074481329329e-9,-0.1175379753112793,0.992559015750885,0.12172888964414597,0.0029497873038053514,-0.12172147631645203,0.9925609827041626,-0.002575649879872799,-0.0032413748558610679,0.0021974320989102127,0.999992311000824],"EasingStyle":"Linear","EasingDirection":"Out"},"HumanoidRootPart":{"Weight":0,"CFrame":[0,0,0,1,0,0,0,1,0,0,0,1],"EasingStyle":"Linear","EasingDirection":"In"},"Right Leg":{"Weight":1,"CFrame":[0.14186547696590424,0.1449950933456421,0.015920042991638185,0.9885678887367249,0.15010933578014375,-0.014169106259942055,-0.14741148054599763,0.9819707274436951,0.11833561211824417,0.031676944345235828,-0.11489409953355789,0.9928725361824036],"EasingStyle":"Linear","EasingDirection":"Out"}}},{"Time":0.11666666716337204,"poses":{"Left Leg":{"Weight":1,"CFrame":[-0.18543244898319245,0.1676269769668579,0.04584455490112305,0.9765666127204895,-0.03852373734116554,0.21173951029777528,0.01862262189388275,0.9952847361564636,0.09519178420305252,-0.2144082635641098,-0.08901795744895935,0.9726792573928833],"EasingStyle":"Linear","EasingDirection":"Out"},"Right Arm":{"Weight":1,"CFrame":[-0.0033239261247217657,6.556510925292969e-7,0.010007381439208985,0.9936435222625732,0.0038148697931319477,-0.11250751465559006,0.017147930338978769,0.9826329350471497,0.18476587533950807,0.11125846952199936,-0.1855206936597824,0.9763214588165283],"EasingStyle":"Linear","EasingDirection":"Out"},"Left Arm":{"Weight":1,"CFrame":[0.015199659392237664,1.7881393432617188e-7,0,0.9978863596916199,0.059389546513557437,-0.026376638561487199,-0.05461225286126137,0.9864175319671631,0.1549127697944641,0.035218577831983569,-0.15314482152462007,0.9875759482383728],"EasingStyle":"Linear","EasingDirection":"Out"},"Head":{"Weight":1,"CFrame":[1.5081604942679406e-7,-7.566995918750763e-10,4.76837158203125e-7,0.992559015750885,-0.12168297171592713,-0.004458463750779629,0.12172888964414597,0.9924893379211426,0.012122759595513344,0.0029498443473130466,-0.012575279921293259,0.9999165534973145],"EasingStyle":"Linear","EasingDirection":"Out"},"Torso":{"Weight":1,"CFrame":[0.0016612489707767964,1.0826074481329329e-9,-0.1175379753112793,0.992559015750885,0.12172888964414597,0.0029497873038053514,-0.12172147631645203,0.9925609827041626,-0.002575649879872799,-0.0032413748558610679,0.0021974320989102127,0.999992311000824],"EasingStyle":"Linear","EasingDirection":"Out"},"HumanoidRootPart":{"Weight":0,"CFrame":[0,0,0,1,0,0,0,1,0,0,0,1],"EasingStyle":"Linear","EasingDirection":"In"},"Right Leg":{"Weight":1,"CFrame":[0.14186547696590424,0.1449950933456421,0.015920042991638185,0.9885678887367249,0.15010933578014375,-0.014169106259942055,-0.14741148054599763,0.9819707274436951,0.11833561211824417,0.031676944345235828,-0.11489409953355789,0.9928725361824036],"EasingStyle":"Linear","EasingDirection":"Out"}}},{"Time":0.13333334028720857,"poses":{"Left Leg":{"Weight":1,"CFrame":[-0.2512727975845337,0.19396209716796876,0.05359673500061035,0.9714459776878357,-0.07040136307477951,0.2265753149986267,0.047695983201265338,0.993414580821991,0.10417582839727402,-0.23241733014583589,-0.09039448201656342,0.9684064388275147],"EasingStyle":"Linear","EasingDirection":"Out"},"Right Arm":{"Weight":1,"CFrame":[-0.011160032823681832,1.1920928955078126e-7,0.018724560737609865,0.9951761960983276,-0.0007933956221677363,-0.09810074418783188,0.0203997939825058,0.9797830581665039,0.19902019202709199,0.09595953673124314,-0.20006141066551209,0.9750729203224182],"EasingStyle":"Linear","EasingDirection":"Out"},"Left Arm":{"Weight":1,"CFrame":[0.033362023532390597,-1.4901161193847657e-7,-5.960464477539063e-8,0.9967199563980103,0.07042977958917618,-0.039862632751464847,-0.0636010691523552,0.9862847328186035,0.15230660140514375,0.05004281923174858,-0.14927174150943757,0.9875290989875794],"EasingStyle":"Linear","EasingDirection":"Out"},"Head":{"Weight":1,"CFrame":[1.5075784176588059e-7,2.3283064365386964e-9,-5.960464477539063e-8,0.9925433993339539,-0.12163221091032028,-0.00794664304703474,0.12174330651760102,0.9924415946006775,0.01543352473527193,0.006009364500641823,-0.016285890713334085,0.9998493194580078],"EasingStyle":"Linear","EasingDirection":"Out"},"Torso":{"Weight":1,"CFrame":[0.004419844131916761,2.88033619177952e-9,-0.14026737213134767,0.9925433993339539,0.12174330651760102,0.006009308155626059,-0.12170559912919998,0.9925463199615479,-0.0062867505475878719,-0.0067298864014446739,0.005508505739271641,0.9999622106552124],"EasingStyle":"Linear","EasingDirection":"Out"},"HumanoidRootPart":{"Weight":0,"CFrame":[0,0,0,1,0,0,0,1,0,0,0,1],"EasingStyle":"Linear","EasingDirection":"In"},"Right Leg":{"Weight":1,"CFrame":[0.2190571129322052,0.15339642763137818,0.007174849510192871,0.9832771420478821,0.18195974826812745,-0.007532934192568064,-0.1797907054424286,0.9764821529388428,0.11898712813854218,0.029006609693169595,-0.11564300209283829,0.9928672313690186],"EasingStyle":"Linear","EasingDirection":"Out"}}},{"Time":0.15000000596046449,"poses":{"Left Leg":{"Weight":1,"CFrame":[-0.27872326970100405,0.20873522758483888,0.060585975646972659,0.9665279388427734,-0.08068915456533432,0.24354273080825807,0.05567030608654022,0.992598831653595,0.10792788863182068,-0.2504488229751587,-0.09075723588466644,0.9638664126396179],"EasingStyle":"Linear","EasingDirection":"Out"},"Right Arm":{"Weight":1,"CFrame":[-0.026384372264146806,5.960464477539063e-8,0.026546239852905275,0.996902346611023,-0.00969105027616024,-0.07805012166500092,0.02632603980600834,0.9762512445449829,0.2150360345840454,0.07411260157823563,-0.21642464399337769,0.9734822511672974],"EasingStyle":"Linear","EasingDirection":"Out"},"Left Arm":{"Weight":1,"CFrame":[0.05782191827893257,-2.980232238769531e-7,0,0.9935845732688904,0.09188364446163178,-0.06593265384435654,-0.08098593354225159,0.9850136637687683,0.15228064358234406,0.07893668860197067,-0.1459641009569168,0.9861356616020203],"EasingStyle":"Linear","EasingDirection":"Out"},"Head":{"Weight":1,"CFrame":[1.4435499906539918e-7,-3.958120942115784e-9,2.384185791015625e-7,0.9925124645233154,-0.12153483927249909,-0.012177920900285244,0.12176822125911713,0.9923422932624817,0.020719854161143304,0.009566482156515122,-0.02204759605228901,0.9997111558914185],"EasingStyle":"Linear","EasingDirection":"Out"},"Torso":{"Weight":1,"CFrame":[0.009070001542568207,5.910763434258115e-9,-0.15059900283813477,0.9925124645233154,0.12176822125911713,0.00956642348319292,-0.12165053188800812,0.992499828338623,-0.012049548327922821,-0.0109619265422225,0.01079556718468666,0.9998816251754761],"EasingStyle":"Linear","EasingDirection":"Out"},"HumanoidRootPart":{"Weight":0,"CFrame":[0,0,0,1,0,0,0,1,0,0,0,1],"EasingStyle":"Linear","EasingDirection":"In"},"Right Leg":{"Weight":1,"CFrame":[0.27128204703330996,0.1521134376525879,0.0036340951919555666,0.9801186919212341,0.19841136038303376,-0.0005405785050243139,-0.1970062255859375,0.9734940528869629,0.11618009954690933,0.023577693849802018,-0.11376379430294037,0.993228018283844],"EasingStyle":"Linear","EasingDirection":"Out"}}},{"Time":0.1666666716337204,"poses":{"Left Leg":{"Weight":1,"CFrame":[-0.28015390038490298,0.22603267431259156,0.06746149063110352,0.9630613327026367,-0.07770337909460068,0.2578274607658386,0.051723796874284747,0.9930127263069153,0.10606805980205536,-0.26426783204078677,-0.08881422877311707,0.960351288318634],"EasingStyle":"Linear","EasingDirection":"Out"},"Right Arm":{"Weight":1,"CFrame":[-0.050324518233537677,-0.0009881854057312012,0.031858205795288089,0.9983391165733337,-0.025307273492217065,-0.051754970103502277,0.03670234605669975,0.9718400835990906,0.23276548087596894,0.04440688341856003,-0.2342783808708191,0.9711548089981079],"EasingStyle":"Linear","EasingDirection":"Out"},"Left Arm":{"Weight":1,"CFrame":[0.08790221065282822,-0.0003198087215423584,-0.00021851062774658203,0.9862784743309021,0.12595981359481812,-0.10671880096197128,-0.108260877430439,0.9814979434013367,0.1579282283782959,0.12463687360286713,-0.14420774579048158,0.9816668629646301],"EasingStyle":"Linear","EasingDirection":"Out"},"Head":{"Weight":1,"CFrame":[1.4831312000751496e-7,-1.6298145055770875e-9,4.76837158203125e-7,0.9929104447364807,-0.11779642105102539,-0.015901368111371995,0.11805105209350586,0.9928761124610901,0.01615431345999241,0.013885167427361012,-0.017916958779096605,0.9997430443763733],"EasingStyle":"Linear","EasingDirection":"Out"},"Torso":{"Weight":1,"CFrame":[0.01575758308172226,1.0268944805602587e-8,-0.1372971534729004,0.9926945567131043,0.11992494016885758,0.0132505614310503,-0.11965031921863556,0.992617130279541,-0.019874226301908494,-0.015536149963736534,0.018143601715564729,0.9997146725654602],"EasingStyle":"Linear","EasingDirection":"Out"},"HumanoidRootPart":{"Weight":0,"CFrame":[0,0,0,1,0,0,0,1,0,0,0,1],"EasingStyle":"Linear","EasingDirection":"In"},"Right Leg":{"Weight":1,"CFrame":[0.3114106357097626,0.16322046518325807,0.005324125289916992,0.9783969521522522,0.20667046308517457,0.0051693725399672989,-0.20595720410346986,0.9722433090209961,0.11101623624563217,0.01791791059076786,-0.1096826121211052,0.9938051700592041],"EasingStyle":"Linear","EasingDirection":"Out"}}},{"Time":0.18333333730697633,"poses":{"Left Leg":{"Weight":1,"CFrame":[-0.26617953181266787,0.2315692901611328,0.07159960269927979,0.961085855960846,-0.07053650170564652,0.26709288358688357,0.04461008310317993,0.9937909841537476,0.1019287258386612,-0.2726241946220398,-0.0860472172498703,0.9582650661468506],"EasingStyle":"Linear","EasingDirection":"Out"},"Right Arm":{"Weight":1,"CFrame":[-0.07980208843946457,-0.006747245788574219,0.03508031368255615,0.9983797669410706,-0.054680462926626208,-0.015746280550956727,0.056880466639995578,0.9667258858680725,0.24941062927246095,0.0015844471054151655,-0.24990218877792359,0.9682697653770447],"EasingStyle":"Linear","EasingDirection":"Out"},"Left Arm":{"Weight":1,"CFrame":[0.12244962155818939,-0.0014504492282867432,-0.0007974505424499512,0.9737701416015625,0.16696366667747498,-0.1545797437429428,-0.1401810497045517,0.9753490090370178,0.17042161524295808,0.1792234182357788,-0.14428232610225678,0.9731708765029907],"EasingStyle":"Linear","EasingDirection":"Out"},"Head":{"Weight":1,"CFrame":[1.4598481357097627e-7,6.05359673500061e-9,0,0.9939156174659729,-0.10855767875909805,-0.01862870529294014,0.10850148648023606,0.9940882325172424,-0.004003733396530151,0.01895320974290371,0.001958136912435293,0.9998184442520142],"EasingStyle":"Linear","EasingDirection":"Out"},"Torso":{"Weight":1,"CFrame":[0.023393115028738977,1.5244889794985285e-8,-0.10557842254638672,0.993238627910614,0.11486336588859558,0.01683429814875126,-0.11435537785291672,0.9930297136306763,-0.02854587882757187,-0.019995832815766336,0.026427779346704484,0.9994507431983948],"EasingStyle":"Linear","EasingDirection":"Out"},"HumanoidRootPart":{"Weight":0,"CFrame":[0,0,0,1,0,0,0,1,0,0,0,1],"EasingStyle":"Linear","EasingDirection":"In"},"Right Leg":{"Weight":1,"CFrame":[0.33660826086997988,0.17105937004089356,0.010712623596191407,0.9781563878059387,0.2077149599790573,0.008031887002289296,-0.20740926265716554,0.972686767578125,0.10422050952911377,0.013835636898875237,-0.10360986739397049,0.9945217967033386],"EasingStyle":"Linear","EasingDirection":"Out"}}},{"Time":0.20000000298023225,"poses":{"Left Leg":{"Weight":1,"CFrame":[-0.23826390504837037,0.2204035520553589,0.07218849658966065,0.9603198766708374,-0.0610274113714695,0.2721421718597412,0.03594500198960304,0.9947106838226318,0.09622139483690262,-0.27657485008239748,-0.08262114226818085,0.9574341177940369],"EasingStyle":"Linear","EasingDirection":"Out"},"Right Arm":{"Weight":1,"CFrame":[-0.1105131134390831,-0.021465688943862916,0.036734819412231448,0.99373859167099,-0.10618718713521958,0.034755464643239978,0.09363046288490296,0.9611799120903015,0.25955066084861758,-0.06096721813082695,-0.2546713650226593,0.9651038646697998],"EasingStyle":"Linear","EasingDirection":"Out"},"Left Arm":{"Weight":1,"CFrame":[0.16019189357757569,-0.0036461055278778078,-0.0016216039657592774,0.9579488039016724,0.20663148164749146,-0.19909194111824037,-0.16947327554225923,0.967333972454071,0.18853050470352174,0.23154470324516297,-0.14686179161071778,0.9616749286651611],"EasingStyle":"Linear","EasingDirection":"Out"},"Head":{"Weight":1,"CFrame":[1.5320256352424622e-7,9.778887033462525e-9,-5.960464477539063e-7,0.9951316714286804,-0.0962681993842125,-0.021105298772454263,0.09561064839363098,0.9949599504470825,-0.03022134117782116,0.023908279836177827,0.028056317940354348,0.999320387840271],"EasingStyle":"Linear","EasingDirection":"Out"},"Torso":{"Weight":1,"CFrame":[0.03057829476892948,1.992735043643279e-8,-0.06771993637084961,0.9940159320831299,0.10737057030200958,0.020097021013498308,-0.10658980906009674,0.9936307072639465,-0.03655923902988434,-0.023894404992461206,0.0341983288526535,0.9991294145584106],"EasingStyle":"Linear","EasingDirection":"Out"},"HumanoidRootPart":{"Weight":0,"CFrame":[0,0,0,1,0,0,0,1,0,0,0,1],"EasingStyle":"Linear","EasingDirection":"In"},"Right Leg":{"Weight":1,"CFrame":[0.3386561870574951,0.1667037010192871,0.018696308135986329,0.9799159169197083,0.19923335313796998,0.008416666649281979,-0.19911524653434754,0.9752926230430603,0.09569454938173294,0.010856826789677143,-0.09544853121042252,0.9953751564025879],"EasingStyle":"Linear","EasingDirection":"Out"}}},{"Time":0.21666666865348817,"poses":{"Left Leg":{"Weight":1,"CFrame":[-0.21014250814914704,0.2026621699333191,0.07100653648376465,0.9601408243179321,-0.05736139416694641,0.2735675573348999,0.03379354998469353,0.9953591823577881,0.09010064601898194,-0.2774663269519806,-0.07726451754570008,0.9576234221458435],"EasingStyle":"Linear","EasingDirection":"Out"},"Right Arm":{"Weight":1,"CFrame":[-0.13815343379974366,-0.04933127760887146,0.03734445571899414,0.976456880569458,-0.18786689639091493,0.10600946843624115,0.1552508920431137,0.9532411098480225,0.2592846155166626,-0.14976359903812409,-0.23672223091125489,0.9599653482437134],"EasingStyle":"Linear","EasingDirection":"Out"},"Left Arm":{"Weight":1,"CFrame":[0.1998567283153534,-0.007161825895309448,-0.0025758743286132814,0.9436662793159485,0.23713578283786775,-0.23078244924545289,-0.18969649076461793,0.9591471552848816,0.2098856419324875,0.2711257040500641,-0.15428340435028077,0.9500986933708191],"EasingStyle":"Linear","EasingDirection":"Out"},"Head":{"Weight":1,"CFrame":[1.5692785382270814e-7,1.5366822481155397e-8,-1.7881393432617188e-7,0.9962483048439026,-0.08324429392814636,-0.023657914251089097,0.08190294355154038,0.995234489440918,-0.05291735380887985,0.027950234711170198,0.050781168043613437,0.998318612575531],"EasingStyle":"Linear","EasingDirection":"Out"},"Torso":{"Weight":1,"CFrame":[0.0359148234128952,2.340507343490117e-8,-0.036000728607177737,0.9949037432670593,0.09822193533182144,0.02278195507824421,-0.09719695895910263,0.9943607449531555,-0.04242038354277611,-0.026820091530680658,0.039989858865737918,0.9988400936126709],"EasingStyle":"Linear","EasingDirection":"Out"},"HumanoidRootPart":{"Weight":0,"CFrame":[0,0,0,1,0,0,0,1,0,0,0,1],"EasingStyle":"Linear","EasingDirection":"In"},"Right Leg":{"Weight":1,"CFrame":[0.32900887727737429,0.15590566396713258,0.02754652500152588,0.9819984436035156,0.18874523043632508,0.007365974597632885,-0.1886759251356125,0.9782934784889221,0.08569274842739105,0.008968022651970387,-0.08553993701934815,0.996294379234314],"EasingStyle":"Linear","EasingDirection":"Out"}}},{"Time":0.23333333432674409,"poses":{"Left Leg":{"Weight":1,"CFrame":[-0.19666147232055665,0.19005966186523438,0.07040762901306153,0.9598278403282166,-0.06855122745037079,0.2720867991447449,0.04712527245283127,0.9953066110610962,0.08452212065458298,-0.2766038477420807,-0.06830450892448425,0.9585534930229187],"EasingStyle":"Linear","EasingDirection":"Out"},"Right Arm":{"Weight":1,"CFrame":[-0.15841765701770783,-0.09453308582305908,0.03743147850036621,0.9297052621841431,-0.30505505204200747,0.20637239515781403,0.2520517408847809,0.9355499744415283,0.24741895496845246,-0.2685481011867523,-0.17801018059253694,0.9466754198074341],"EasingStyle":"Linear","EasingDirection":"Out"},"Left Arm":{"Weight":1,"CFrame":[0.2401719093322754,-0.012252122163772583,-0.003545224666595459,0.9374584555625916,0.2508978843688965,-0.2412921041250229,-0.1954289823770523,0.9529704451560974,0.23163509368896485,0.2880609631538391,-0.16999280452728272,0.9424029588699341],"EasingStyle":"Linear","EasingDirection":"Out"},"Head":{"Weight":1,"CFrame":[1.4388933777809144e-7,3.259629011154175e-9,2.384185791015625e-7,0.997089147567749,-0.07167708873748779,-0.025992276147007943,0.06993872672319412,0.995588481426239,-0.0625467449426651,0.03036077693104744,0.06054680794477463,0.997703492641449],"EasingStyle":"Linear","EasingDirection":"Out"},"Torso":{"Weight":1,"CFrame":[0.038004402071237567,2.4766812600773848e-8,-0.022699356079101564,0.9958003759384155,0.08818771690130234,0.02458668313920498,-0.08703256398439408,0.9952044486999512,-0.044648218899965289,-0.02840619906783104,0.042320869863033298,0.9987001419067383],"EasingStyle":"Linear","EasingDirection":"Out"},"HumanoidRootPart":{"Weight":0,"CFrame":[0,0,0,1,0,0,0,1,0,0,0,1],"EasingStyle":"Linear","EasingDirection":"In"},"Right Leg":{"Weight":1,"CFrame":[0.3204270005226135,0.146919846534729,0.035512685775756839,0.9827926754951477,0.18461930751800538,0.005856242962181568,-0.18453839421272279,0.9799989461898804,0.07448261231184006,0.008011804893612862,-0.07428164780139923,0.9972051382064819],"EasingStyle":"Linear","EasingDirection":"Out"}}},{"Time":0.25,"poses":{"Left Leg":{"Weight":1,"CFrame":[-0.1857333481311798,0.16849029064178468,0.062319159507751468,0.9591684341430664,-0.0869358703494072,0.2691432237625122,0.06955835223197937,0.9948693513870239,0.07346148788928986,-0.2741488218307495,-0.05174078419804573,0.9602944254875183],"EasingStyle":"Linear","EasingDirection":"Out"},"Right Arm":{"Weight":1,"CFrame":[-0.15563395619392396,-0.15944066643714906,0.0371319055557251,0.8255020976066589,-0.4401174485683441,0.35333117842674258,0.40239185094833376,0.8979260325431824,0.1783527433872223,-0.3957614302635193,-0.005052980035543442,0.9183394908905029],"EasingStyle":"Linear","EasingDirection":"Out"},"Left Arm":{"Weight":1,"CFrame":[0.2800382673740387,-0.019099175930023195,-0.00444406270980835,0.9394001960754395,0.24806073307991029,-0.2366287261247635,-0.18683607876300813,0.9491732716560364,0.2533029317855835,0.28743618726730349,-0.1937420517206192,0.9380002617835999],"EasingStyle":"Linear","EasingDirection":"Out"},"Head":{"Weight":1,"CFrame":[1.487787812948227e-7,2.1886080503463746e-8,0,0.9977219700813294,-0.06118839979171753,-0.02840557135641575,0.05968952924013138,0.9969176650047302,-0.050914615392684939,0.03143340349197388,0.04910312592983246,0.9982989430427551],"EasingStyle":"Linear","EasingDirection":"Out"},"Torso":{"Weight":1,"CFrame":[0.033746931701898578,2.1992292431605166e-8,-0.029727935791015626,0.9966347813606262,0.07790982723236084,0.025479989126324655,-0.07676427811384201,0.9961124658584595,-0.04321049898862839,-0.02874745801091194,0.041109129786491397,0.9987410306930542],"EasingStyle":"Linear","EasingDirection":"Out"},"HumanoidRootPart":{"Weight":0,"CFrame":[0,0,0,1,0,0,0,1,0,0,0,1],"EasingStyle":"Linear","EasingDirection":"In"},"Right Leg":{"Weight":1,"CFrame":[0.30220651626586916,0.11980575323104859,0.04231071472167969,0.9833555221557617,0.18166036903858186,0.003379381960257888,-0.18156251311302186,0.9817839860916138,0.055994000285863879,0.006854073144495487,-0.05567556992173195,0.9984253644943237],"EasingStyle":"Linear","EasingDirection":"Out"}}},{"Time":0.2666666805744171,"poses":{"Left Leg":{"Weight":1,"CFrame":[-0.17057901620864869,0.13437509536743165,0.04377484321594238,0.9583472013473511,-0.10525233298540116,0.26550447940826418,0.09328417479991913,0.9939876794815064,0.057328518480062488,-0.26994213461875918,-0.030173271894454957,0.9624036550521851],"EasingStyle":"Linear","EasingDirection":"Out"},"Right Arm":{"Weight":1,"CFrame":[-0.11995798349380493,-0.2391374111175537,0.0350344181060791,0.6509605050086975,-0.5368832349777222,0.5366626381874085,0.5966756939888,0.7989231944084168,0.07549653202295304,-0.4692850708961487,0.27106839418411257,0.8404126763343811],"EasingStyle":"Linear","EasingDirection":"Out"},"Left Arm":{"Weight":1,"CFrame":[0.3190491497516632,-0.02758646011352539,-0.005306839942932129,0.9446015357971191,0.23519062995910645,-0.22893960773944856,-0.16888858377933503,0.946381151676178,0.2753894627094269,0.2814331352710724,-0.2214680165052414,0.9336740970611572],"EasingStyle":"Linear","EasingDirection":"Out"},"Head":{"Weight":1,"CFrame":[1.4598481357097627e-7,-1.862645149230957e-9,0,0.9982724189758301,-0.05010700598359108,-0.03068419359624386,0.049387793987989429,0.9984968900680542,-0.023765476420521737,0.03182889148592949,0.02220899797976017,0.9992465376853943],"EasingStyle":"Linear","EasingDirection":"Out"},"Torso":{"Weight":1,"CFrame":[0.022739604115486146,1.4819007354560654e-8,-0.04963874816894531,0.9973945617675781,0.06743961572647095,0.025612477213144304,-0.06640458106994629,0.9970179200172424,-0.03931467980146408,-0.02818746492266655,0.03751146420836449,0.9988985657691956],"EasingStyle":"Linear","EasingDirection":"Out"},"HumanoidRootPart":{"Weight":0,"CFrame":[0,0,0,1,0,0,0,1,0,0,0,1],"EasingStyle":"Linear","EasingDirection":"In"},"Right Leg":{"Weight":1,"CFrame":[0.27994927763938906,0.06882399320602417,0.04725611209869385,0.9835513234138489,0.18062840402126313,-0.00042638671584427357,-0.18053138256072999,0.9830947518348694,0.03054722771048546,0.005936901550740004,-0.029967783018946649,0.9995332360267639],"EasingStyle":"Linear","EasingDirection":"Out"}}},{"Time":0.28333333134651186,"poses":{"Left Leg":{"Weight":1,"CFrame":[-0.16762548685073853,0.11491888761520386,0.023850202560424806,0.9566426277160645,-0.12951886653900147,0.26088276505470278,0.12168616056442261,0.9915008544921875,0.04602787271142006,-0.2646269202232361,-0.012286405079066754,0.9642725586891174],"EasingStyle":"Linear","EasingDirection":"Out"},"Right Arm":{"Weight":1,"CFrame":[-0.05740884318947792,-0.32688987255096438,0.02934110164642334,0.4339938163757324,-0.5550307631492615,0.7096409797668457,0.7838027477264404,0.620977520942688,0.00633569061756134,-0.44418758153915408,0.5534688830375671,0.7045349478721619],"EasingStyle":"Linear","EasingDirection":"Out"},"Left Arm":{"Weight":1,"CFrame":[0.35697120428085329,-0.03752690553665161,-0.006197094917297363,0.9518581032752991,0.2140304446220398,-0.21944735944271089,-0.14384886622428895,0.9440449476242065,0.29679393768310549,0.2706910967826843,-0.2509384751319885,0.9293848872184753],"EasingStyle":"Linear","EasingDirection":"Out"},"Head":{"Weight":1,"CFrame":[1.5669502317905427e-7,-5.005858838558197e-9,-2.384185791015625e-7,0.9987463355064392,-0.03874209150671959,-0.03169800713658333,0.038994982838630679,0.9992120265960693,0.0073988595977425579,0.03138638660311699,-0.008625643327832222,0.9994701147079468],"EasingStyle":"Linear","EasingDirection":"Out"},"Torso":{"Weight":1,"CFrame":[0.007630042731761932,4.9723678507973549e-9,-0.0806722640991211,0.9980820417404175,0.05666583403944969,0.02492494508624077,-0.05582176521420479,0.997883677482605,-0.03334851935505867,-0.026761917397379876,0.03189320117235184,0.9991329312324524],"EasingStyle":"Linear","EasingDirection":"Out"},"HumanoidRootPart":{"Weight":0,"CFrame":[0,0,0,1,0,0,0,1,0,0,0,1],"EasingStyle":"Linear","EasingDirection":"In"},"Right Leg":{"Weight":1,"CFrame":[0.2684166133403778,0.03394877910614014,0.048945069313049319,0.9821152687072754,0.1882036179304123,-0.005385874304920435,-0.1881590336561203,0.9821072220802307,0.007848813198506832,0.006766691338270903,-0.006695030257105827,0.9999547004699707],"EasingStyle":"Linear","EasingDirection":"Out"}}},{"Time":0.30000001192092898,"poses":{"Left Leg":{"Weight":1,"CFrame":[-0.18860046565532685,0.13535219430923463,0.011213898658752442,0.9532845616340637,-0.16232819855213166,0.2547510862350464,0.15574593842029572,0.9867282509803772,0.04594124108552933,-0.2588276267051697,-0.004118632059544325,0.9659147262573242],"EasingStyle":"Linear","EasingDirection":"Out"},"Right Arm":{"Weight":1,"CFrame":[0.024209847673773767,-0.41596096754074099,0.01825416088104248,0.22484701871871949,-0.507509171962738,0.8317921757698059,0.916125476360321,0.4008799195289612,-0.003051081905141473,-0.331900417804718,0.7627120614051819,0.5550788044929504],"EasingStyle":"Linear","EasingDirection":"Out"},"Left Arm":{"Weight":1,"CFrame":[0.39357107877731326,-0.04872924089431763,-0.007178544998168945,0.9599311351776123,0.1864210069179535,-0.20923535525798798,-0.11392596364021301,0.9417591691017151,0.31640249490737917,0.25603339076042178,-0.279887318611145,0.9252621531486511],"EasingStyle":"Linear","EasingDirection":"Out"},"Head":{"Weight":1,"CFrame":[1.5471596270799638e-7,7.159542292356491e-9,1.1920928955078126e-7,0.9991459250450134,-0.02750845067203045,-0.030832748860120775,0.028463514521718026,0.9991147518157959,0.03097696043550968,0.029953323304653169,-0.03182810917496681,0.9990444183349609],"EasingStyle":"Linear","EasingDirection":"Out"},"Torso":{"Weight":1,"CFrame":[-0.008934123441576958,-5.822213822170852e-9,-0.12106704711914063,0.9986920356750488,0.045479916036129,0.023363294079899789,-0.0448773130774498,0.9986618757247925,-0.02570023015141487,-0.024500876665115358,0.024618133902549745,0.9993966221809387],"EasingStyle":"Linear","EasingDirection":"Out"},"HumanoidRootPart":{"Weight":0,"CFrame":[0,0,0,1,0,0,0,1,0,0,0,1],"EasingStyle":"Linear","EasingDirection":"In"},"Right Leg":{"Weight":1,"CFrame":[0.2755300998687744,0.06231129169464111,0.04975426197052002,0.9781038165092468,0.2077869325876236,-0.01172724924981594,-0.20786212384700776,0.9781422019004822,-0.005588778294622898,0.010309655219316483,0.007904057390987873,0.999915599822998],"EasingStyle":"Linear","EasingDirection":"Out"}}},{"Time":0.3166666626930237,"poses":{"Left Leg":{"Weight":1,"CFrame":[-0.23024626076221467,0.17132753133773805,0.012056708335876465,0.9486758708953857,-0.19725877046585084,0.2471904456615448,0.190496027469635,0.9803503155708313,0.05123046040534973,-0.2524387836456299,-0.0015123120974749327,0.9676116704940796],"EasingStyle":"Linear","EasingDirection":"Out"},"Right Arm":