{"Sequence":[{"Time":0,"poses":{"Left Leg":{"Weight":1,"CFrame":[0.06540659070014954,0.09996533393859863,-0.01906728744506836,0.8889645934104919,0.4369083642959595,0.13730618357658387,-0.4568144381046295,0.8672598600387573,0.19794200360774995,-0.03259770944714546,-0.23868685960769654,0.9705494046211243],"EasingStyle":"Linear","EasingDirection":"In"},"Right Arm":{"Weight":1,"CFrame":[-0.001979481428861618,-0.06023481488227844,-0.009540855884552002,-0.7024766206741333,0.06276389956474304,0.7089338898658752,-0.2830187976360321,-0.9385921955108643,-0.19734454154968263,0.6530138254165649,-0.3392716944217682,0.6771026253700256],"EasingStyle":"Linear","EasingDirection":"In"},"Left Arm":{"Weight":1,"CFrame":[-0.3592275381088257,-0.3992482125759125,0.11062371730804444,-0.7538471817970276,0.2442883998155594,-0.6099488139152527,-0.5915561318397522,0.1516859382390976,0.7918665409088135,0.28596463799476626,0.9577654004096985,0.03016231209039688],"EasingStyle":"Linear","EasingDirection":"In"},"Head":{"Weight":1,"CFrame":[8.568167686462403e-8,-1.1641532182693482e-7,0.01666247844696045,0.980383038520813,-0.06488557904958725,-0.18611551821231843,0.04779917746782303,0.9943414926528931,-0.09487074613571167,0.1912180483341217,0.08411355316638947,0.9779369235038757],"EasingStyle":"Linear","EasingDirection":"In"},"Torso":{"Weight":1,"CFrame":[-0.02502526342868805,0.11743929982185364,-0.040721893310546878,0.9717281460762024,-0.23413409292697907,-0.030423715710639955,0.23606538772583009,0.9611914753913879,0.14277291297912599,-0.0041849953122437,-0.14591844379901887,0.989287793636322],"EasingStyle":"Linear","EasingDirection":"In"},"HumanoidRootPart":{"Weight":1,"CFrame":[0,0,0,1,0,0,0,1,0,0,0,1],"EasingStyle":"Linear","EasingDirection":"In"},"Right Leg":{"Weight":1,"CFrame":[-0.11885735392570496,0.033251404762268069,0.017182588577270509,0.7793241143226624,0.29089781641960146,-0.5550065636634827,-0.27400267124176028,0.9547477960586548,0.1156691312789917,0.5635392665863037,0.06192953139543533,0.8237647414207459],"EasingStyle":"Linear","EasingDirection":"In"}}},{"Time":0.03448275849223137,"poses":{"Left Leg":{"Weight":1,"CFrame":[-0.28062349557876589,0.2644616961479187,0.008930683135986328,0.9804573655128479,0.10204004496335983,0.16819995641708375,-0.13403236865997315,0.9723119735717773,0.1914283037185669,-0.14400945603847505,-0.21023142337799073,0.966987133026123],"EasingStyle":"Linear","EasingDirection":"In"},"Right Arm":{"Weight":1,"CFrame":[-0.03713778778910637,-0.25461113452911379,0.0010330677032470704,-0.8183611035346985,-0.24485409259796143,0.5199342966079712,0.29855549335479739,-0.9541707038879395,0.020567286759614946,0.4910700023174286,0.17206048965454102,0.8539585471153259],"EasingStyle":"Linear","EasingDirection":"In"},"Left Arm":{"Weight":1,"CFrame":[-0.3810531497001648,-0.4378330707550049,0.11604428291320801,-0.7806128263473511,0.25498777627944949,-0.5706355571746826,-0.5363162159919739,0.19555746018886567,0.8210494518280029,0.3209496736526489,0.946962833404541,-0.015900708734989167],"EasingStyle":"Linear","EasingDirection":"In"},"Head":{"Weight":1,"CFrame":[8.754432201385498e-8,-3.9173755794763568e-8,0.0166623592376709,0.9826620221138,-0.09478721022605896,-0.15934498608112336,0.0825449675321579,0.993226170539856,-0.08178098499774933,0.16601745784282685,0.067209891974926,0.9838297963142395],"EasingStyle":"Linear","EasingDirection":"In"},"Torso":{"Weight":1,"CFrame":[-0.003145447466522455,0.09409020841121674,-0.028705358505249025,0.9897440075874329,-0.14281806349754334,-0.0031424416229128839,0.1422371119260788,0.9832010269165039,0.11438705027103424,-0.01324688270688057,-0.11366084963083267,0.9934313893318176],"EasingStyle":"Linear","EasingDirection":"In"},"HumanoidRootPart":{"Weight":1,"CFrame":[0,0,0,1,0,0,0,1,0,0,0,1],"EasingStyle":"Linear","EasingDirection":"In"},"Right Leg":{"Weight":1,"CFrame":[-0.11619725823402405,0.017983734607696534,0.0020537376403808595,0.849676787853241,0.21418514847755433,-0.48184439539909365,-0.20998187363147736,0.9756470322608948,0.06340726464986801,0.4836909770965576,0.047302838414907458,0.8739597201347351],"EasingStyle":"Linear","EasingDirection":"In"}}},{"Time":0.06896551698446274,"poses":{"Left Leg":{"Weight":1,"CFrame":[-0.32147058844566347,0.12234967947006226,0.048223018646240237,0.9715218544006348,-0.1652746945619583,0.16979260742664338,0.14814779162406922,0.982928991317749,0.10910031944513321,-0.1849256008863449,-0.08083896338939667,0.9794220328330994],"EasingStyle":"Linear","EasingDirection":"In"},"Right Arm":{"Weight":1,"CFrame":[-0.07399457693099976,-0.461777925491333,0.008710980415344239,-0.7250472903251648,-0.5792873501777649,0.37246817350387576,0.6865240335464478,-0.5649859309196472,0.45768502354621889,-0.05469188466668129,0.5875517129898071,0.8073362708091736],"EasingStyle":"Linear","EasingDirection":"In"},"Left Arm":{"Weight":1,"CFrame":[-0.3804088830947876,-0.4700906574726105,0.11705207824707031,-0.764578104019165,0.2706642746925354,-0.5849454402923584,-0.5422634482383728,0.22041991353034974,0.8107808232307434,0.3483830988407135,0.937099814414978,-0.021757110953330995],"EasingStyle":"Linear","EasingDirection":"In"},"Head":{"Weight":1,"CFrame":[8.89413058757782e-8,-4.819594323635101e-8,0.01666247844696045,0.9944588541984558,-0.0760536938905716,-0.07257729768753052,0.0708966925740242,0.9949415326118469,-0.0711691752076149,0.07762283086776734,0.06562932580709458,0.9948203563690186],"EasingStyle":"Linear","EasingDirection":"In"},"Torso":{"Weight":1,"CFrame":[0.0156756192445755,0.06807956099510193,-0.015014886856079102,0.9994333982467651,-0.02742159366607666,0.01951863244175911,0.025717513635754586,0.9962371587753296,0.08276548236608505,-0.021714746952056886,-0.08221661299467087,0.9963778853416443],"EasingStyle":"Linear","EasingDirection":"In"},"HumanoidRootPart":{"Weight":1,"CFrame":[0,0,0,1,0,0,0,1,0,0,0,1],"EasingStyle":"Linear","EasingDirection":"In"},"Right Leg":{"Weight":1,"CFrame":[-0.1854391098022461,0.0069388747215271,-0.040055036544799808,0.9201657772064209,0.08718903362751007,-0.38169750571250918,-0.08823391050100327,0.9959898591041565,0.014801250770688057,0.3814573884010315,0.020059050992131234,0.9241688251495361],"EasingStyle":"Linear","EasingDirection":"In"}}},{"Time":0.1034482792019844,"poses":{"Left Leg":{"Weight":1,"CFrame":[-0.1307360827922821,0.022931814193725587,0.03844940662384033,0.948748767375946,-0.22267968952655793,0.2242533266544342,0.21503233909606934,0.9748659729957581,0.05828722566366196,-0.23159629106521607,-0.007078203372657299,0.9727863073348999],"EasingStyle":"Linear","EasingDirection":"In"},"Right Arm":{"Weight":1,"CFrame":[-0.09381163120269776,-0.6120266318321228,0.006341338157653809,-0.5225393176078796,-0.766418993473053,0.37357062101364138,0.6547912955284119,-0.08010837435722351,0.7515524625778198,-0.5460777282714844,0.637326180934906,0.5437039732933044],"EasingStyle":"Linear","EasingDirection":"In"},"Left Arm":{"Weight":1,"CFrame":[-0.3740781545639038,-0.49636387825012209,0.11701858043670654,-0.749441921710968,0.23061804473400117,-0.6206063032150269,-0.623566746711731,0.06913438439369202,0.7787072658538818,0.22248922288417817,0.970585286617279,0.09199334681034088],"EasingStyle":"Linear","EasingDirection":"In"},"Head":{"Weight":1,"CFrame":[9.499490261077881e-8,-3.259629011154175e-9,0.0166623592376709,0.9957901239395142,-0.08287668973207474,0.03915989398956299,0.08572226017713547,0.9932883381843567,-0.07765279710292816,-0.0324614979326725,0.08068275451660156,0.9962111711502075],"EasingStyle":"Linear","EasingDirection":"In"},"Torso":{"Weight":1,"CFrame":[0.03234660625457764,0.06063230335712433,-0.023547649383544923,0.9949604868888855,0.09223507344722748,0.039324235171079639,-0.09494348615407944,0.9927498698234558,0.07371173053979874,-0.03224032372236252,-0.077073834836483,0.996504008769989],"EasingStyle":"Linear","EasingDirection":"In"},"HumanoidRootPart":{"Weight":1,"CFrame":[0,0,0,1,0,0,0,1,0,0,0,1],"EasingStyle":"Linear","EasingDirection":"In"},"Right Leg":{"Weight":1,"CFrame":[-0.07568034529685974,-0.011130332946777344,-0.006208837032318115,0.9595873355865479,0.07801277190446854,-0.2703813314437866,-0.08631370216608048,0.9960882067680359,-0.01892845146358013,0.2678470015525818,0.041501063853502277,0.9625672101974487],"EasingStyle":"Linear","EasingDirection":"In"}}},{"Time":0.13793103396892548,"poses":{"Left Leg":{"Weight":1,"CFrame":[-0.20136404037475587,0.026399731636047365,0.09297120571136475,0.8788474798202515,-0.35113072395324709,0.3230082392692566,0.33854618668556216,0.9360017776489258,0.09637046605348587,-0.33617496490478518,0.024658314883708955,0.9414767622947693],"EasingStyle":"Linear","EasingDirection":"In"},"Right Arm":{"Weight":1,"CFrame":[-0.08897906541824341,-0.6595508456230164,0.0016595125198364258,-0.3946802020072937,-0.8079920411109924,0.4374661445617676,0.5236509442329407,0.1934230476617813,0.8296849727630615,-0.7549949288368225,0.5565397143363953,0.3467654585838318],"EasingStyle":"Linear","EasingDirection":"In"},"Left Arm":{"Weight":1,"CFrame":[-0.3754042088985443,-0.5196689367294312,0.11226654052734375,-0.7184781432151794,0.0817369818687439,-0.6907302737236023,-0.6431100964546204,-0.4563487768173218,0.6149434447288513,-0.2649502754211426,0.8860388994216919,0.3804422616958618],"EasingStyle":"Linear","EasingDirection":"In"},"Head":{"Weight":1,"CFrame":[7.078051567077637e-8,-4.470348358154297e-8,0.016662240028381349,0.9790802001953125,-0.14011862874031068,0.1475423276424408,0.15642696619033814,0.9820495247840881,-0.10540103912353516,-0.13012516498565675,0.1262757033109665,0.98342365026474],"EasingStyle":"Linear","EasingDirection":"In"},"Torso":{"Weight":1,"CFrame":[0.05163164436817169,0.0851866602897644,-0.06908011436462403,0.9784361124038696,0.19683967530727387,0.06258675456047058,-0.20252850651741029,0.973784863948822,0.10356288403272629,-0.040560755878686908,-0.11400525271892548,0.9926518201828003],"EasingStyle":"Linear","EasingDirection":"In"},"HumanoidRootPart":{"Weight":1,"CFrame":[0,0,0,1,0,0,0,1,0,0,0,1],"EasingStyle":"Linear","EasingDirection":"In"},"Right Leg":{"Weight":1,"CFrame":[0.26204100251197817,0.05655890703201294,0.042536020278930667,0.9784462451934815,0.13439415395259858,-0.1567840278148651,-0.13251513242721559,0.9909272789955139,0.022425353527069093,0.15837553143501283,-0.0011657971190288663,0.9873782992362976],"EasingStyle":"Linear","EasingDirection":"In"}}},{"Time":0.17241379618644715,"poses":{"Left Leg":{"Weight":1,"CFrame":[-0.25351619720458987,0.01741468906402588,0.15336835384368897,0.7875881195068359,-0.47322672605514529,0.39466622471809389,0.45754045248031618,0.8781211376190186,0.1398574262857437,-0.41274911165237429,0.07042572647333145,0.9081180691719055],"EasingStyle":"Linear","EasingDirection":"In"},"Right Arm":{"Weight":1,"CFrame":[-0.0806574672460556,-0.6368873119354248,0.0006704330444335938,-0.34877341985702517,-0.7977729439735413,0.49184906482696535,0.45483696460723879,0.314775675535202,0.8330903649330139,-0.8194391131401062,0.5142709016799927,0.25307124853134158],"EasingStyle":"Linear","EasingDirection":"In"},"Left Arm":{"Weight":1,"CFrame":[-0.3801126778125763,-0.531552791595459,0.09097170829772949,-0.5617917776107788,-0.053765688091516498,-0.8255296945571899,-0.1910804808139801,-0.9624696373939514,0.1927192211151123,-0.8049089312553406,0.26601049304008486,0.5304338335990906],"EasingStyle":"Linear","EasingDirection":"In"},"Head":{"Weight":1,"CFrame":[8.940696716308594e-8,4.0978193283081057e-8,0.016661882400512697,0.9505773782730103,-0.2065189778804779,0.23184600472450257,0.24164828658103944,0.960957407951355,-0.1347852498292923,-0.1949583888053894,0.18414896726608277,0.9633693099021912],"EasingStyle":"Linear","EasingDirection":"In"},"Torso":{"Weight":1,"CFrame":[0.07209569215774536,0.12402689456939697,-0.13059782981872559,0.9568154215812683,0.27720707654953005,0.08752420544624329,-0.28779342770576479,0.9457483291625977,0.15078164637088777,-0.04097812622785568,-0.16945910453796388,0.984684944152832],"EasingStyle":"Linear","EasingDirection":"In"},"HumanoidRootPart":{"Weight":1,"CFrame":[0,0,0,1,0,0,0,1,0,0,0,1],"EasingStyle":"Linear","EasingDirection":"In"},"Right Leg":{"Weight":1,"CFrame":[0.33514446020126345,0.18835628032684327,-0.011255264282226563,0.9982792139053345,-0.04257940500974655,-0.04031835496425629,0.04762648791074753,0.9898548722267151,0.1338629275560379,0.03420957550406456,-0.13555286824703217,0.9901793599128723],"EasingStyle":"Linear","EasingDirection":"In"}}},{"Time":0.2068965584039688,"poses":{"Left Leg":{"Weight":1,"CFrame":[-0.2634502053260803,0.004315793514251709,0.19239675998687745,0.7153554558753967,-0.5434318780899048,0.43925899267196658,0.5273422598838806,0.8322934508323669,0.1708732396364212,-0.4584503769874573,0.10940475761890412,0.8819603323936462],"EasingStyle":"Linear","EasingDirection":"In"},"Right Arm":{"Weight":1,"CFrame":[-0.09495458006858826,-0.598496675491333,0.004614710807800293,-0.36065247654914858,-0.7761024236679077,0.517295777797699,0.44919678568840029,0.34153181314468386,0.825577437877655,-0.8174057602882385,0.5301141142845154,0.2254483699798584],"EasingStyle":"Linear","EasingDirection":"In"},"Left Arm":{"Weight":1,"CFrame":[-0.38156047463417055,-0.5247421860694885,0.07196664810180664,-0.39767757058143618,-0.04661843925714493,-0.916340172290802,0.32917550206184389,-0.9394715428352356,-0.09506159275770188,-0.8564439415931702,-0.3394407331943512,0.3889525532722473],"EasingStyle":"Linear","EasingDirection":"In"},"Head":{"Weight":1,"CFrame":[2.2351741790771486e-8,5.21540641784668e-8,0.0166623592376709,0.9271549582481384,-0.26063767075538638,0.2691686749458313,0.3082851767539978,0.9389598369598389,-0.15269190073013307,-0.2129412591457367,0.22454982995986939,0.9509119391441345],"EasingStyle":"Linear","EasingDirection":"In"},"Torso":{"Weight":1,"CFrame":[0.08580818772315979,0.15347152948379517,-0.1747133731842041,0.938194215297699,0.330014169216156,0.10431837290525437,-0.3443945646286011,0.9200983643531799,0.18657803535461427,-0.034409768879413608,-0.2109731286764145,0.9768860340118408],"EasingStyle":"Linear","EasingDirection":"In"},"HumanoidRootPart":{"Weight":1,"CFrame":[0,0,0,1,0,0,0,1,0,0,0,1],"EasingStyle":"Linear","EasingDirection":"In"},"Right Leg":{"Weight":1,"CFrame":[0.2872976064682007,0.22492468357086183,-0.05261749029159546,0.9728883504867554,-0.22701072692871095,0.04420807585120201,0.21405190229415894,0.9562172889709473,0.19957509636878968,-0.0875781700015068,-0.18470151722431184,0.9788848757743836],"EasingStyle":"Linear","EasingDirection":"In"}}},{"Time":0.24137930572032929,"poses":{"Left Leg":{"Weight":1,"CFrame":[-0.2306678295135498,-0.000293731689453125,0.19243788719177247,0.7004038095474243,-0.5440894365310669,0.4619537591934204,0.5303986072540283,0.8298603892326355,0.1732316017150879,-0.4776107668876648,0.12368758022785187,0.8698214888572693],"EasingStyle":"Linear","EasingDirection":"In"},"Right Arm":{"Weight":1,"CFrame":[-0.14112350344657899,-0.5873057842254639,0.012097358703613282,-0.4111318588256836,-0.7551885843276978,0.5105497241020203,0.4794304072856903,0.2972226142883301,0.8257149457931519,-0.7753174901008606,0.5842506289482117,0.2398625910282135],"EasingStyle":"Linear","EasingDirection":"In"},"Left Arm":{"Weight":1,"CFrame":[-0.3819703161716461,-0.5203914642333984,0.06607699394226074,-0.32826101779937746,-0.03302159160375595,-0.9440097212791443,0.5180261135101318,-0.8419882655143738,-0.15068058669567109,-0.7898693680763245,-0.5384843945503235,0.29349809885025027],"EasingStyle":"Linear","EasingDirection":"In"},"Head":{"Weight":1,"CFrame":[9.685754776000977e-8,1.043081283569336e-7,0.016662240028381349,0.9175755977630615,-0.2859340012073517,0.27621883153915408,0.334786057472229,0.9304457902908325,-0.14895948767662049,-0.21441400051116944,0.22915582358837129,0.9494810700416565],"EasingStyle":"Linear","EasingDirection":"In"},"Torso":{"Weight":1,"CFrame":[0.08459948003292084,0.15740057826042176,-0.17342686653137208,0.9289788007736206,0.3555424213409424,0.10289786756038666,-0.3692505359649658,0.9094160199165344,0.19135460257530213,-0.02554229274392128,-0.21575945615768434,0.976112425327301],"EasingStyle":"Linear","EasingDirection":"In"},"HumanoidRootPart":{"Weight":1,"CFrame":[0,0,0,1,0,0,0,1,0,0,0,1],"EasingStyle":"Linear","EasingDirection":"In"},"Right Leg":{"Weight":1,"CFrame":[0.33428850769996645,0.26570093631744387,-0.07122993469238281,0.9631925225257874,-0.2592674493789673,0.07099809497594834,0.2411351203918457,0.9500667452812195,0.19805854558944703,-0.1188029870390892,-0.17364837229251862,0.9776155948638916],"EasingStyle":"Linear","EasingDirection":"In"}}},{"Time":0.27586206793785097,"poses":{"Left Leg":{"Weight":1,"CFrame":[-0.1678103804588318,0.0027442574501037599,0.15739572048187257,0.7369295358657837,-0.49021202325820925,0.4654320478439331,0.48013144731521609,0.8642635941505432,0.15007434785366059,-0.4758242070674896,0.11287431418895722,0.8722676038742065],"EasingStyle":"Linear","EasingDirection":"In"},"Right Arm":{"Weight":1,"CFrame":[-0.16391140222549439,-0.5958913564682007,0.016363143920898439,-0.4663918614387512,-0.7278928160667419,0.5026437640190125,0.5337566137313843,0.22155378758907319,0.816099226474762,-0.7053954601287842,0.6489114761352539,0.2851865887641907],"EasingStyle":"Linear","EasingDirection":"In"},"Left Arm":{"Weight":1,"CFrame":[-0.3822135925292969,-0.5222082734107971,0.06695556640625,-0.32706037163734438,-0.046094559133052829,-0.943878710269928,0.4958581328392029,-0.8586350083351135,-0.12988634407520295,-0.8044602870941162,-0.5105107426643372,0.30368199944496157],"EasingStyle":"Linear","EasingDirection":"In"},"Head":{"Weight":1,"CFrame":[9.685754776000977e-8,7.450580596923828e-9,0.0166623592376709,0.916096568107605,-0.28221818804740908,0.28481578826904299,0.32753628492355349,0.9364544749259949,-0.1255909502506256,-0.23127295076847077,0.20834094285964967,0.9503194093704224],"EasingStyle":"Linear","EasingDirection":"In"},"Torso":{"Weight":1,"CFrame":[0.07013504207134247,0.14136147499084474,-0.135176420211792,0.9304950833320618,0.3562348186969757,0.08529740571975708,-0.3659191131591797,0.9146413803100586,0.1718556135892868,-0.016795584931969644,-0.19112274050712586,0.9814225435256958],"EasingStyle":"Linear","EasingDirection":"In"},"HumanoidRootPart":{"Weight":1,"CFrame":[0,0,0,1,0,0,0,1,0,0,0,1],"EasingStyle":"Linear","EasingDirection":"In"},"Right Leg":{"Weight":1,"CFrame":[0.29410192370414736,0.2595033049583435,-0.0660395622253418,0.9473617672920227,-0.31390222907066347,0.06301737576723099,0.29559025168418887,0.933159589767456,0.2045474350452423,-0.12301301956176758,-0.17515315115451814,0.9768261313438416],"EasingStyle":"Linear","EasingDirection":"In"}}},{"Time":0.3103448152542114,"poses":{"Left Leg":{"Weight":1,"CFrame":[-0.07092633843421936,0.008488059043884278,0.09379565715789795,0.8039215803146362,-0.39081239700317385,0.4483031630516052,0.38356101512908938,0.9167740941047669,0.11138371378183365,-0.45452290773391726,0.0824078619480133,0.8869149088859558],"EasingStyle":"Linear","EasingDirection":"In"},"Right Arm":{"Weight":1,"CFrame":[-0.09223943948745728,-0.6041818261146545,0.00968778133392334,-0.48900771141052248,-0.6915889978408814,0.5315791964530945,0.6133303046226502,0.16071414947509767,0.7733025550842285,-0.6202399134635925,0.7041842937469482,0.3455817401409149],"EasingStyle":"Linear","EasingDirection":"In"},"Left Arm":{"Weight":1,"CFrame":[-0.38139593601226809,-0.5253719091415405,0.07354998588562012,-0.40022405982017519,-0.041498590260744098,-0.9154773354530335,0.2824666202068329,-0.955922544002533,-0.08015529066324234,-0.8717989325523377,-0.2906718850135803,0.3943052589893341],"EasingStyle":"Linear","EasingDirection":"In"},"Head":{"Weight":1,"CFrame":[6.705522537231445e-8,-8.568167686462403e-8,0.0166623592376709,0.9212564826011658,-0.253360778093338,0.2951186001300812,0.29223018884658816,0.9515882730484009,-0.09529665857553482,-0.2566869556903839,0.17403526604175569,0.9506964087486267],"EasingStyle":"Linear","EasingDirection":"In"},"Torso":{"Weight":1,"CFrame":[0.0479046106338501,0.11482590436935425,-0.07868504524230957,0.9410600066184998,0.33318832516670229,0.05823836475610733,-0.33815237879753115,0.9306803941726685,0.13959583640098573,-0.007689604535698891,-0.15106149017810822,0.9884944558143616],"EasingStyle":"Linear","EasingDirection":"In"},"HumanoidRootPart":{"Weight":1,"CFrame":[0,0,0,1,0,0,0,1,0,0,0,1],"EasingStyle":"Linear","EasingDirection":"In"},"Right Leg":{"Weight":1,"CFrame":[0.1922587752342224,0.21571838855743409,-0.04516422748565674,0.9238424301147461,-0.38186776638031008,0.026308920234441758,0.3678106665611267,0.9046599864959717,0.2151879072189331,-0.10597391426563263,-0.18912295997142793,0.9762182831764221],"EasingStyle":"Linear","EasingDirection":"In"}}},{"Time":0.3448275923728943,"poses":{"Left Leg":{"Weight":1,"CFrame":[0.11499875783920288,0.02019733190536499,-0.008391976356506348,0.8839115500450134,-0.22814296185970307,0.40822935104370119,0.2199912965297699,0.9731617569923401,0.06752850115299225,-0.4126792550086975,0.03011765144765377,0.9103783965110779],"EasingStyle":"Linear","EasingDirection":"In"},"Right Arm":{"Weight":1,"CFrame":[0.10973703861236572,-0.5935884118080139,-0.01109236478805542,-0.4559135437011719,-0.647800624370575,0.610325813293457,0.7210963368415833,0.13309824466705323,0.6799300909042358,-0.5216923952102661,0.7500928640365601,0.40644505620002749],"EasingStyle":"Linear","EasingDirection":"In"},"Left Arm":{"Weight":1,"CFrame":[-0.3768767714500427,-0.5221465229988098,0.08744359016418457,-0.5344791412353516,0.07629188150167465,-0.8417314291000366,-0.180486798286438,-0.9832472205162048,0.025486283004283906,-0.8256856203079224,0.16554318368434907,0.5392946600914002],"EasingStyle":"Linear","EasingDirection":"In"},"Head":{"Weight":1,"CFrame":[9.033828973770142e-8,-4.0046870708465579e-8,0.016662240028381349,0.9434843063354492,-0.21333056688308717,0.25362876057624819,0.23933038115501405,0.9679481983184815,-0.07614092528820038,-0.22925631701946259,0.13253876566886903,0.964300274848938],"EasingStyle":"Linear","EasingDirection":"In"},"Torso":{"Weight":1,"CFrame":[0.023580294102430345,0.08653061091899872,-0.02182745933532715,0.9576448798179627,0.2865227162837982,0.02865380235016346,-0.2879376709461212,0.9518537521362305,0.1051967591047287,0.0028670283500105144,-0.10899163037538529,0.9940386414527893],"EasingStyle":"Linear","EasingDirection":"In"},"HumanoidRootPart":{"Weight":1,"CFrame":[0,0,0,1,0,0,0,1,0,0,0,1],"EasingStyle":"Linear","EasingDirection":"In"},"Right Leg":{"Weight":1,"CFrame":[0.2939521372318268,0.2359170913696289,-0.021162867546081544,0.9809934496879578,-0.18826651573181153,-0.04698512330651283,0.1933857798576355,0.9684669971466065,0.1570788323879242,0.015930866822600366,-0.16317957639694215,0.9864677786827087],"EasingStyle":"Linear","EasingDirection":"In"}}},{"Time":0.37931033968925478,"poses":{"Left Leg":{"Weight":1,"CFrame":[0.19581781327724458,0.015997350215911866,-0.043801069259643558,0.932969331741333,-0.11214541643857956,0.34204041957855227,0.1098654493689537,0.9936037659645081,0.026099249720573427,-0.34277957677841189,0.013228663243353367,0.9393227696418762],"EasingStyle":"Linear","EasingDirection":"In"},"Right Arm":{"Weight":1,"CFrame":[0.33737897872924807,-0.5512709021568298,-0.033107221126556399,-0.4142312705516815,-0.5944356322288513,0.6892451643943787,0.835220456123352,0.052670981734991077,0.5473871231079102,-0.36168962717056277,0.8024163842201233,0.4746667146682739],"EasingStyle":"Linear","EasingDirection":"In"},"Left Arm":{"Weight":1,"CFrame":[-0.36790189146995547,-0.5035904049873352,0.10255205631256104,-0.5847318172454834,0.32128486037254336,-0.7448925375938416,-0.6877391934394836,-0.6833159327507019,0.2451414316892624,-0.4302367866039276,0.6556336283683777,0.6205166578292847],"EasingStyle":"Linear","EasingDirection":"In"},"Head":{"Weight":1,"CFrame":[8.800998330116272e-8,-2.8638169169425966e-8,0.016662001609802247,0.9746390581130981,-0.17118455469608308,0.14413419365882874,0.1820833534002304,0.9810608625411987,-0.06607024371623993,-0.1300942301750183,0.09063909947872162,0.9873500466346741],"EasingStyle":"Linear","EasingDirection":"In"},"Torso":{"Weight":1,"CFrame":[0.0011155756656080485,0.06362693011760712,0.019362926483154298,0.9767521619796753,0.21436749398708344,0.0013473033905029297,-0.2138272076845169,0.9738041758537293,0.0773523673415184,0.015269823372364045,-0.07584218680858612,0.997002899646759],"EasingStyle":"Linear","EasingDirection":"In"},"HumanoidRootPart":{"Weight":1,"CFrame":[0,0,0,1,0,0,0,1,0,0,0,1],"EasingStyle":"Linear","EasingDirection":"In"},"Right Leg":{"Weight":1,"CFrame":[0.21665114164352418,0.09053313732147217,0.027440309524536134,0.9890260696411133,0.03726145997643471,-0.14296549558639527,-0.02823372185230255,0.997507631778717,0.06466417014598847,0.14501872658729554,-0.05991809815168381,0.9876130819320679],"EasingStyle":"Linear","EasingDirection":"In"}}},{"Time":0.4137931168079376,"poses":{"Left Leg":{"Weight":1,"CFrame":[0.07834148406982422,0.02060168981552124,-0.006408095359802246,0.956797182559967,-0.05805107206106186,0.28490233421325686,0.04872092977166176,0.9980219006538391,0.039733484387397769,-0.2866453528404236,-0.024136200547218324,0.9577327966690064],"EasingStyle":"Linear","EasingDirection":"In"},"Right Arm":{"Weight":1,"CFrame":[0.45105576515197756,-0.4665905237197876,-0.041281163692474368,-0.44373664259910586,-0.5199517607688904,0.7298958897590637,0.8950507044792175,-0.21667391061782838,0.389790803194046,-0.044522982090711597,0.8262582421302795,0.561529278755188],"EasingStyle":"Linear","EasingDirection":"In"},"Left Arm":{"Weight":1,"CFrame":[-0.3599926233291626,-0.47445908188819888,0.10785043239593506,-0.5096305012702942,0.5048405528068543,-0.696715772151947,-0.8570659756660461,-0.2267250120639801,0.462637722492218,0.07559538632631302,0.8329057097434998,0.5482275485992432],"EasingStyle":"Linear","EasingDirection":"In"},"Head":{"Weight":1,"CFrame":[9.220093488693237e-8,1.3969838619232178e-9,0.016662120819091798,0.9920405149459839,-0.1230294406414032,0.026820717379450799,0.12441129237413407,0.9905325770378113,-0.05802791565656662,-0.019427653402090074,0.06090286001563072,0.9979546666145325],"EasingStyle":"Linear","EasingDirection":"In"},"Torso":{"Weight":1,"CFrame":[-0.017078831791877748,0.05336596071720123,0.029955387115478517,0.9931432008743286,0.1150459423661232,-0.02076311595737934,-0.11348980665206909,0.9914186596870422,0.06487792730331421,0.028048882260918618,-0.062076669186353686,0.997677206993103],"EasingStyle":"Linear","EasingDirection":"In"},"HumanoidRootPart":{"Weight":1,"CFrame":[0,0,0,1,0,0,0,1,0,0,0,1],"EasingStyle":"Linear","EasingDirection":"In"},"Right Leg":{"Weight":1,"CFrame":[-0.15029966831207276,0.01879405975341797,-0.026998937129974366,0.9686787128448486,0.012043309397995472,-0.24802528321743012,-0.002764122560620308,0.9992843270301819,0.0377267487347126,0.24830210208892823,-0.035859547555446628,0.9680187702178955],"EasingStyle":"Linear","EasingDirection":"In"}}},{"Time":0.4482758641242981,"poses":{"Left Leg":{"Weight":1,"CFrame":[-0.22474254667758943,0.15367746353149415,0.056598663330078128,0.9680300951004028,-0.027430931106209756,0.24932967126369477,0.0017147664912045003,0.9947028756141663,0.10277819633483887,-0.2508283257484436,-0.09906483441591263,0.962949275970459],"EasingStyle":"Linear","EasingDirection":"In"},"Right Arm":{"Weight":1,"CFrame":[0.36091864109039309,-0.33689624071121218,-0.03250199556350708,-0.5853604078292847,-0.33912786841392519,0.7364410758018494,0.6584385633468628,-0.7288458943367004,0.18772979080677033,0.4730875492095947,0.5947908759117127,0.6499325633049011],"EasingStyle":"Linear","EasingDirection":"In"},"Left Arm":{"Weight":1,"CFrame":[-0.35589081048965456,-0.44659700989723208,0.10749173164367676,-0.478102445602417,0.5409202575683594,-0.6919705271720886,-0.811309814453125,0.029805060476064683,0.5838563442230225,0.33644405007362368,0.8405455946922302,0.4246040880680084],"EasingStyle":"Linear","EasingDirection":"In"},"Head":{"Weight":1,"CFrame":[8.288770914077759e-8,2.4156179279088976e-9,0.016662001609802247,0.9959941506385803,-0.07054971158504486,-0.054941561073064807,0.06734392046928406,0.9960329532623291,-0.058166228234767917,0.05882718041539192,0.05423327162861824,0.9967939257621765],"EasingStyle":"Linear","EasingDirection":"In"},"Torso":{"Weight":1,"CFrame":[-0.0307014137506485,0.06058919429779053,0.002550363540649414,0.9992801547050476,-0.006807620171457529,-0.03732091188430786,0.009544720873236657,0.9972378015518189,0.07365932315587998,0.03671637922525406,-0.07396251708269119,0.9965848922729492],"EasingStyle":"Linear","EasingDirection":"In"},"HumanoidRootPart":{"Weight":1,"CFrame":[0,0,0,1,0,0,0,1,0,0,0,1],"EasingStyle":"Linear","EasingDirection":"In"},"Right Leg":{"Weight":1,"CFrame":[-0.054458267986774448,0.03248298168182373,0.009812712669372559,0.9218848347663879,0.137165829539299,-0.36237266659736636,-0.12061040103435517,0.9903655648231506,0.0680389329791069,0.3682139813899994,-0.019018206745386125,0.9295466542243958],"EasingStyle":"Linear","EasingDirection":"In"}}},{"Time":0.48275861144065859,"poses":{"Left Leg":{"Weight":1,"CFrame":[-0.18109151721000672,0.2267124056816101,0.018332839012145997,0.9567753076553345,0.1965506672859192,0.21435710787773133,-0.2312987744808197,0.9610679149627686,0.15116068720817567,-0.17630106210708619,-0.1942073255777359,0.9649878740310669],"EasingStyle":"Linear","EasingDirection":"In"},"Right Arm":{"Weight":1,"CFrame":[0.16441026329994203,-0.18557685613632203,-0.021789908409118654,-0.6450905799865723,-0.05054779723286629,0.7624322772026062,0.04650352522730827,-0.9985570907592773,-0.026855850592255594,0.7626897096633911,0.018131257966160775,0.6465104818344116],"EasingStyle":"Linear","EasingDirection":"In"},"Left Arm":{"Weight":1,"CFrame":[-0.35411331057548525,-0.4230083227157593,0.10734498500823975,-0.5255122184753418,0.49851417541503909,-0.6894350647926331,-0.7468371987342835,0.11785027384757996,0.654481053352356,0.4075181782245636,0.8588335514068604,0.31037718057632449],"EasingStyle":"Linear","EasingDirection":"In"},"Head":{"Weight":1,"CFrame":[1.0058283805847168e-7,1.3969838619232178e-8,0.016662120819091798,0.9937115907669067,-0.02834298089146614,-0.1083238497376442,0.021229993551969529,0.9975762963294983,-0.06626244634389878,0.10993930697441101,0.06354610621929169,0.9919049143791199],"EasingStyle":"Linear","EasingDirection":"In"},"Torso":{"Weight":1,"CFrame":[-0.0400482639670372,0.0787363201379776,-0.04092764854431152,0.9909425973892212,-0.12515030801296235,-0.048685234040021899,0.1293511539697647,0.9869679808616638,0.09572107344865799,0.03607124090194702,-0.10115157812833786,0.9942169189453125],"EasingStyle":"Linear","EasingDirection":"In"},"HumanoidRootPart":{"Weight":1,"CFrame":[0,0,0,1,0,0,0,1,0,0,0,1],"EasingStyle":"Linear","EasingDirection":"In"},"Right Leg":{"Weight":1,"CFrame":[0.03845718502998352,0.04304772615432739,0.07973730564117432,0.8414596319198608,0.2726230323314667,-0.46650025248527529,-0.25504598021507265,0.9615463018417358,0.10188372433185578,0.4763374626636505,0.033247869461774829,0.8786337971687317],"EasingStyle":"Linear","EasingDirection":"In"}}},{"Time":0.517241358757019,"poses":{"Left Leg":{"Weight":1,"CFrame":[-0.07022956013679505,0.17654216289520265,-0.0089072585105896,0.9162330031394959,0.3652469217777252,0.1646566241979599,-0.39112406969070437,0.9044954180717468,0.1700296849012375,-0.08682840317487717,-0.22018803656101228,0.9715853333473206],"EasingStyle":"Linear","EasingDirection":"In"},"Right Arm":{"Weight":1,"CFrame":[-0.0005304105579853058,-0.05970904231071472,-0.010654628276824952,-0.6018950939178467,0.12047284096479416,0.7894355654716492,-0.37728384137153628,-0.9141713976860046,-0.1481468379497528,0.7038317918777466,-0.38701021671295168,0.5956878066062927],"EasingStyle":"Linear","EasingDirection":"In"},"Left Arm":{"Weight":1,"CFrame":[-0.35431328415870669,-0.40552467107772829,0.1081688404083252,-0.6129415035247803,0.41314730048179629,-0.6735073924064636,-0.6936945915222168,0.12670451402664185,0.7090373039245606,0.37827321887016299,0.9018067121505737,0.20893548429012299],"EasingStyle":"Linear","EasingDirection":"In"},"Head":{"Weight":1,"CFrame":[8.195638656616211e-8,-3.3527612686157229e-8,0.016661643981933595,0.9893706440925598,-0.013062522746622563,-0.14482836425304414,0.0016086548566818238,0.996879518032074,-0.07892253249883652,0.1454072892665863,0.07785063982009888,0.9863042235374451],"EasingStyle":"Linear","EasingDirection":"In"},"Torso":{"Weight":1,"CFrame":[-0.0428270623087883,0.09914818406105042,-0.07098627090454102,0.9761993288993836,-0.21053294837474824,-0.05206567794084549,0.2154206931591034,0.9690536856651306,0.12053609639406204,0.025077618658542634,-0.12888328731060029,0.9913426637649536],"EasingStyle":"Linear","EasingDirection":"In"},"HumanoidRootPart":{"Weight":1,"CFrame":[0,0,0,1,0,0,0,1,0,0,0,1],"EasingStyle":"Linear","EasingDirection":"In"},"Right Leg":{"Weight":1,"CFrame":[0.0366598516702652,0.041873931884765628,0.11154770851135254,0.771840512752533,0.34108445048332217,-0.5365850925445557,-0.3256753087043762,0.9369015097618103,0.12708738446235658,0.5460749864578247,0.07666125893592835,0.834221363067627],"EasingStyle":"Linear","EasingDirection":"In"}}},{"Time":0.5517241358757019,"poses":{"Left Leg":{"Weight":1,"CFrame":[-0.056695789098739627,0.16137421131134034,-0.014621734619140625,0.9147946834564209,0.3833359181880951,0.1272962987422943,-0.40155890583992007,0.897124707698822,0.184167742729187,-0.04360257089138031,-0.2195926159620285,0.9746167659759522],"EasingStyle":"Linear","EasingDirection":"In"},"Right Arm":{"Weight":1,"CFrame":[-0.03304392099380493,-0.014234691858291626,-0.007813632488250733,-0.6149687170982361,0.1337873637676239,0.7771193385124207,-0.44427022337913515,-0.87298983335495,-0.2012781798839569,0.6514887809753418,-0.4690307378768921,0.5962991714477539],"EasingStyle":"Linear","EasingDirection":"In"},"Left Arm":{"Weight":1,"CFrame":[-0.3563043773174286,-0.39667248725891116,0.10939109325408936,-0.6986653208732605,0.3129359185695648,-0.6433801651000977,-0.6428255438804627,0.12019306421279907,0.7565242052078247,0.31407350301742556,0.9421384930610657,0.11718817055225373],"EasingStyle":"Linear","EasingDirection":"In"},"Head":{"Weight":1,"CFrame":[7.636845111846924e-8,-1.0244548320770264e-7,0.016662240028381349,0.9846850037574768,-0.0323583222925663,-0.1713137924671173,0.016883471980690957,0.995705246925354,-0.09102872014045716,0.17352354526519776,0.08674224466085434,0.9810022711753845],"EasingStyle":"Linear","EasingDirection":"In"},"Torso":{"Weight":1,"CFrame":[-0.03613174706697464,0.11425691843032837,-0.06634068489074707,0.9687173366546631,-0.24424821138381959,-0.043926581740379336,0.2480316460132599,0.9587418437004089,0.13890403509140016,0.008187195286154747,-0.14545392990112306,0.9893311262130737],"EasingStyle":"Linear","EasingDirection":"In"},"HumanoidRootPart":{"Weight":1,"CFrame":[0,0,0,1,0,0,0,1,0,0,0,1],"EasingStyle":"Linear","EasingDirection":"In"},"Right Leg":{"Weight":1,"CFrame":[-0.024562448263168336,0.034271240234375,0.08504831790924072,0.7520970106124878,0.3429223597049713,-0.5628093481063843,-0.3288518190383911,0.9353288412094116,0.13044683635234834,0.5711450576782227,0.08697215467691422,0.8162287473678589],"EasingStyle":"Linear","EasingDirection":"In"}}},{"Time":0.5862069129943848,"poses":{"Left Leg":{"Weight":1,"CFrame":[0.06540659070014954,0.09996533393859863,-0.01906728744506836,0.8889645934104919,0.4369083642959595,0.13730618357658387,-0.4568144381046295,0.8672598600387573,0.19794200360774995,-0.03259770944714546,-0.23868685960769654,0.9705494046211243],"EasingStyle":"Linear","EasingDirection":"In"},"Right Arm":{"Weight":1,"CFrame":[-0.001979481428861618,-0.06023481488227844,-0.009540855884552002,-0.7024766206741333,0.06276389956474304,0.7089338898658752,-0.2830187976360321,-0.9385921955108643,-0.19734454154968263,0.6530138254165649,-0.3392716944217682,0.6771026253700256],"EasingStyle":"Linear","EasingDirection":"In"},"Left Arm":{"Weight":1,"CFrame":[-0.3592275381088257,-0.3992482125759125,0.11062371730804444,-0.7538471817970276,0.2442883998155594,-0.6099488139152527,-0.5915561318397522,0.1516859382390976,0.7918665409088135,0.28596463799476626,0.9577654004096985,0.03016231209039688],"EasingStyle":"Linear","EasingDirection":"In"},"Head":{"Weight":1,"CFrame":[8.568167686462403e-8,-1.1641532182693482e-7,0.01666247844696045,0.980383038520813,-0.06488557904958725,-0.18611551821231843,0.04779917746782303,0.9943414926528931,-0.09487074613571167,0.1912180483341217,0.08411355316638947,0.9779369235038757],"EasingStyle":"Linear","EasingDirection":"In"},"Torso":{"Weight":1,"CFrame":[-0.02502526342868805,0.11743929982185364,-0.040721893310546878,0.9717281460762024,-0.23413409292697907,-0.030423715710639955,0.23606538772583009,0.9611914753913879,0.14277291297912599,-0.0041849953122437,-0.14591844379901887,0.989287793636322],"EasingStyle":"Linear","EasingDirection":"In"},"HumanoidRootPart":{"Weight":1,"CFrame":[0,0,0,1,0,0,0,1,0,0,0,1],"EasingStyle":"Linear","EasingDirection":"In"},"Right Leg":{"Weight":1,"CFrame":[-0.11885735392570496,0.033251404762268069,0.017182588577270509,0.7793241143226624,0.29089781641960146,-0.5550065636634827,-0.27400267124176028,0.9547477960586548,0.1156691312789917,0.5635392665863037,0.06192953139543533,0.8237647414207459],"EasingStyle":"Linear","EasingDirection":"In"}}},{"Time":0.6206896305084229,"poses":{"Left Leg":{"Weight":1,"CFrame":[-0.1581624150276184,0.2065165638923645,-0.006225168704986572,0.9616971015930176,0.23268811404705048,0.14489610493183137,-0.2576312720775604,0.9478051662445068,0.1878608912229538,-0.09362034499645233,-0.2179950326681137,0.9714491367340088],"EasingStyle":"Linear","EasingDirection":"In"},"Right Arm":{"Weight":1,"CFrame":[0.0004121363162994385,-0.18738079071044923,-0.005825698375701904,-0.8149343729019165,-0.09397653490304947,0.5718832612037659,0.06606326997280121,-0.9953969120979309,-0.06943140923976898,0.5757756233215332,-0.01880163699388504,0.8173915147781372],"EasingStyle":"Linear","EasingDirection":"In"},"Left Arm":{"Weight":1,"CFrame":[-0.3622041642665863,-0.4150792360305786,0.11175715923309326,-0.7693359851837158,0.24276268482208253,-0.5909218192100525,-0.5434732437133789,0.23749488592147828,0.8051292300224304,0.3357962369918823,0.9405649900436401,-0.05077846720814705],"EasingStyle":"Linear","EasingDirection":"In"},"Head":{"Weight":1,"CFrame":[8.288770914077759e-8,-1.1641532182693482e-8,0.016662240028381349,0.9827239513397217,-0.07457416504621506,-0.16938859224319459,0.06067147105932236,0.994461178779602,-0.08582548052072525,0.174850732088089,0.0740656703710556,0.9818053245544434],"EasingStyle":"Linear","EasingDirection":"In"},"Torso":{"Weight":1,"CFrame":[-0.015752770006656648,0.10353317856788635,-0.01409459114074707,0.9814258217811585,-0.19088372588157655,-0.01915067620575428,0.19176635146141053,0.9733361005783081,0.12586702406406403,-0.005385917611420155,-0.12720158696174622,0.9918623566627502],"EasingStyle":"Linear","EasingDirection":"In"},"HumanoidRootPart":{"Weight":1,"CFrame":[0,0,0,1,0,0,0,1,0,0,0,1],"EasingStyle":"Linear","EasingDirection":"In"},"Right Leg":{"Weight":1,"CFrame":[-0.2821107804775238,0.04897540807723999,-0.09416502714157105,0.8370974063873291,0.16587887704372407,-0.5212985873222351,-0.138828843832016,0.9861392974853516,0.09086237102746964,0.5291451215744019,-0.003689433913677931,0.8485233783721924],"EasingStyle":"Linear","EasingDirection":"In"}}},{"Time":0.6551724076271057,"poses":{"Left Leg":{"Weight":1,"CFrame":[-0.294607937335968,0.17995721101760865,0.0219191312789917,0.9904472231864929,-0.004346250090748072,0.1378239244222641,-0.014246571809053421,0.9909290671348572,0.13362915813922883,-0.13715454936027528,-0.13431617617607118,0.9814009666442871],"EasingStyle":"Linear","EasingDirection":"In"},"Right Arm":{"Weight":1,"CFrame":[-0.029514407739043237,-0.3517773449420929,0.0025658607482910158,-0.8358409404754639,-0.3602646589279175,0.4142213761806488,0.47833579778671267,-0.8481957912445068,0.22750554978847505,0.2693786323070526,0.3882955014705658,0.8812842965126038],"EasingStyle":"Li