{"Sequence":[{"Time":0,"poses":{"Left Leg":{"Weight":1,"CFrame":[-0.5859153270721436,0.12875866889953614,0.051047444343566897,0.9249083399772644,-0.3695070445537567,0.08949408680200577,0.3683358430862427,0.9292126893997192,0.029876912012696267,-0.0941988080739975,0.0053305113688111309,0.995539128780365],"EasingStyle":"Linear","EasingDirection":"In"},"Right Arm":{"Weight":1,"CFrame":[-0.1035149097442627,-0.12888562679290772,-0.33755773305892947,0.6721758842468262,0.12885048985481263,-0.7290934324264526,-0.17412330210208894,0.9846315383911133,0.01348064187914133,0.7196253538131714,0.11789079755544663,0.6842814087867737],"EasingStyle":"Linear","EasingDirection":"In"},"Left Arm":{"Weight":1,"CFrame":[-0.012971561402082444,-0.319130003452301,0.507675051689148,-0.03102942369878292,0.668704628944397,0.7428802847862244,-0.1157393828034401,-0.7406425476074219,0.661855936050415,0.9927948713302612,-0.06544345617294312,0.100377157330513],"EasingStyle":"Linear","EasingDirection":"In"},"Head":{"Weight":1,"CFrame":[8.800998330116272e-8,2.4683686206117274e-9,-5.960464477539063e-8,0.99979168176651,-0.019861113280057908,-0.004724533762782812,0.01990511454641819,0.9997571706771851,0.009455330669879914,0.004535594489425421,-0.009547402150928975,0.9999441504478455],"EasingStyle":"Linear","EasingDirection":"In"},"Torso":{"Weight":1,"CFrame":[-0.00046572228893637657,0.008520176634192467,0.2371671199798584,0.9995521903038025,-0.029917942360043527,0.0005990967038087547,0.029909873381257058,0.9994958639144898,0.010650222189724446,-0.0009174272418022156,-0.010627533309161663,0.999943196773529],"EasingStyle":"Linear","EasingDirection":"In"},"HumanoidRootPart":{"Weight":1,"CFrame":[0,0,0,1,0,0,0,1,0,0,0,1],"EasingStyle":"Linear","EasingDirection":"In"},"Right Leg":{"Weight":1,"CFrame":[0.26680928468704226,-0.014891862869262696,0.012515664100646973,0.9571512937545776,0.28607746958732607,-0.04495684430003166,-0.2863604426383972,0.9581220149993897,0.00015446890029124916,0.04311838373541832,0.012726010754704476,0.9989889860153198],"EasingStyle":"Linear","EasingDirection":"In"}}},{"Time":0.03333333507180214,"poses":{"Left Leg":{"Weight":1,"CFrame":[-0.5256651043891907,-0.008159399032592774,0.09643387794494629,0.9060848951339722,-0.3917463719844818,0.15982811152935029,0.41357335448265078,0.8997604846954346,-0.13924166560173036,-0.08925965428352356,0.19226549565792085,0.9772751927375794],"EasingStyle":"Linear","EasingDirection":"In"},"Right Arm":{"Weight":1,"CFrame":[-0.10292226076126099,-0.1321670413017273,-0.3602098226547241,0.6715479493141174,0.1278076171875,-0.7298551797866821,-0.1841721087694168,0.9828904271125794,0.002658569486811757,0.7177074551582336,0.13263361155986787,0.6835966110229492],"EasingStyle":"Linear","EasingDirection":"In"},"Left Arm":{"Weight":1,"CFrame":[-0.022898521274328233,-0.2752244472503662,0.5039517879486084,-0.07559045404195786,0.6386479735374451,0.7657772302627564,0.056543927639722827,-0.763993501663208,0.6427419185638428,0.9955345392227173,0.09188526123762131,0.021638918668031694],"EasingStyle":"Linear","EasingDirection":"In"},"Head":{"Weight":1,"CFrame":[8.556526154279709e-8,5.820766091346741e-10,-3.5762786865234377e-7,0.9998752474784851,-0.01546564232558012,-0.0032296583522111179,0.015495873987674714,0.9998343586921692,0.009557138197124005,0.003081314731389284,-0.009605993516743184,0.9999492168426514],"EasingStyle":"Linear","EasingDirection":"In"},"Torso":{"Weight":1,"CFrame":[-0.0037581613287329675,0.018918510526418687,0.20168614387512208,0.9992789626121521,-0.037808530032634738,-0.003503879066556692,0.037842072546482089,0.9992331266403198,0.010059543885290623,0.0031208558939397337,-0.010184884071350098,0.9999432563781738],"EasingStyle":"Linear","EasingDirection":"In"},"HumanoidRootPart":{"Weight":1,"CFrame":[0,0,0,1,0,0,0,1,0,0,0,1],"EasingStyle":"Linear","EasingDirection":"In"},"Right Leg":{"Weight":1,"CFrame":[0.2229565680027008,-0.07400107383728028,0.024333715438842775,0.9553594589233398,0.27180352807044985,-0.11580667644739151,-0.2847409248352051,0.9516205787658691,-0.11550349742174149,0.07880979776382446,0.14332221448421479,0.9865332841873169],"EasingStyle":"Linear","EasingDirection":"In"}}},{"Time":0.06666667014360428,"poses":{"Left Leg":{"Weight":1,"CFrame":[-0.3752513527870178,-0.17047369480133058,0.07234525680541992,0.891252875328064,-0.3965630531311035,0.22001412510871888,0.4470406770706177,0.8498641848564148,-0.27907976508140566,-0.07630939781665802,0.3470859229564667,0.9347236156463623],"EasingStyle":"Linear","EasingDirection":"In"},"Right Arm":{"Weight":1,"CFrame":[-0.10134191811084748,-0.1411151885986328,-0.3803098797798157,0.6715624928474426,0.12651611864566804,-0.7300668954849243,-0.1967555284500122,0.9803898334503174,-0.0110929561778903,0.7143466472625732,0.15109430253505708,0.683285653591156],"EasingStyle":"Linear","EasingDirection":"In"},"Left Arm":{"Weight":1,"CFrame":[-0.047804564237594607,-0.16545909643173219,0.4946439266204834,-0.09883826225996018,0.6121842861175537,0.7845134735107422,0.1777610033750534,-0.7648310661315918,0.6192209720611572,0.9790976643562317,0.20065869390964509,-0.03322797641158104],"EasingStyle":"Linear","EasingDirection":"In"},"Head":{"Weight":1,"CFrame":[8.754432201385498e-8,-3.259629011154175e-9,3.5762786865234377e-7,0.9999898672103882,-0.004475634545087814,0.0005096051609143615,0.004470441956073046,0.9999421834945679,0.009782901965081692,-0.0005533620715141296,-0.009780521504580975,0.9999520182609558],"EasingStyle":"Linear","EasingDirection":"In"},"Torso":{"Weight":1,"CFrame":[-0.011979276314377785,0.04436716064810753,0.11701798439025879,0.9988324046134949,-0.04632895067334175,-0.013692257925868035,0.04644775390625,0.9988847374916077,0.008490235544741154,0.013283642940223217,-0.009116297587752343,0.999870240688324],"EasingStyle":"Linear","EasingDirection":"In"},"HumanoidRootPart":{"Weight":1,"CFrame":[0,0,0,1,0,0,0,1,0,0,0,1],"EasingStyle":"Linear","EasingDirection":"In"},"Right Leg":{"Weight":1,"CFrame":[0.17951186001300813,-0.1082296371459961,0.03645026683807373,0.9466741681098938,0.2519081234931946,-0.20087411999702454,-0.2886328101158142,0.9401186108589172,-0.18129603564739228,0.14317560195922852,0.22960707545280457,0.9626948237419128],"EasingStyle":"Linear","EasingDirection":"In"}}},{"Time":0.10000000149011612,"poses":{"Left Leg":{"Weight":1,"CFrame":[0.0734323114156723,-0.20431089401245118,-0.04475700855255127,0.9313536286354065,-0.2424447387456894,0.2716631591320038,0.3337084650993347,0.8668286800384522,-0.3704683482646942,-0.14566738903522492,0.4356933832168579,0.8882299065589905],"EasingStyle":"Linear","EasingDirection":"In"},"Right Arm":{"Weight":1,"CFrame":[-0.09907026588916779,-0.15438774228096009,-0.39715951681137087,0.6719930768013,0.1251848042011261,-0.7299001216888428,-0.20987091958522798,0.977394163608551,-0.025588419288396837,0.7101967930793762,0.17038004100322724,0.6830747723579407],"EasingStyle":"Linear","EasingDirection":"In"},"Left Arm":{"Weight":1,"CFrame":[-0.08037742972373963,-0.022765785455703737,0.4825434684753418,-0.10834676027297974,0.5926357507705689,0.7981501221656799,0.25603601336479189,-0.759155809879303,0.5984383225440979,0.9605761766433716,0.2691941559314728,-0.06948412954807282],"EasingStyle":"Linear","EasingDirection":"In"},"Head":{"Weight":1,"CFrame":[8.89413058757782e-8,-2.3283064365386965e-10,0,0.9999374151229858,0.009811443276703358,0.005374145228415728,-0.009864909574389458,0.999901294708252,0.0100147919729352,-0.005275354254990816,-0.010067183524370194,0.9999354481697083],"EasingStyle":"Linear","EasingDirection":"In"},"Torso":{"Weight":1,"CFrame":[-0.02274063602089882,0.07720579206943512,0.01583123207092285,0.9981471300125122,-0.05457456037402153,-0.026905061677098275,0.05476239696145058,0.9984796643257141,0.006294599734246731,0.02652062475681305,-0.007756322156637907,0.9996182918548584],"EasingStyle":"Linear","EasingDirection":"In"},"HumanoidRootPart":{"Weight":1,"CFrame":[0,0,0,1,0,0,0,1,0,0,0,1],"EasingStyle":"Linear","EasingDirection":"In"},"Right Leg":{"Weight":1,"CFrame":[0.13298851251602174,-0.12422525882720947,0.05099058151245117,0.9272326827049255,0.22878895699977876,-0.2964712977409363,-0.29708054661750796,0.9313880205154419,-0.21037966012954713,0.2279973030090332,0.2831467092037201,0.9315820932388306],"EasingStyle":"Linear","EasingDirection":"In"}}},{"Time":0.13333334028720857,"poses":{"Left Leg":{"Weight":1,"CFrame":[0.15561912953853608,-0.20833444595336915,-0.07291668653488159,0.9066416025161743,-0.27554118633270266,0.31949666142463686,0.394957959651947,0.8205921053886414,-0.41308218240737917,-0.14835534989833833,0.5007052421569824,0.8528100848197937],"EasingStyle":"Linear","EasingDirection":"In"},"Right Arm":{"Weight":1,"CFrame":[-0.09640362858772278,-0.17064085602760316,-0.41005992889404299,0.6726035475730896,0.1240130066871643,-0.7295377254486084,-0.2215641587972641,0.9743800163269043,-0.038639701902866366,0.7060551643371582,0.1876286417245865,0.6828481554985046],"EasingStyle":"Linear","EasingDirection":"In"},"Left Arm":{"Weight":1,"CFrame":[-0.11330494284629822,0.11992818117141724,0.47044336795806887,-0.11007020622491837,0.5802544355392456,0.8069631457328796,0.30121511220932009,-0.7542407512664795,0.5834298729896545,0.9471821784973145,0.3072878122329712,-0.09176202118396759],"EasingStyle":"Linear","EasingDirection":"In"},"Head":{"Weight":1,"CFrame":[7.59027898311615e-8,-1.3969838619232178e-9,1.1920928955078126e-7,0.9996573328971863,0.024094542488455774,0.010241260752081871,-0.024198761209845544,0.9996553659439087,0.01017709169536829,-0.00999252125620842,-0.010421429760754109,0.9998958706855774],"EasingStyle":"Linear","EasingDirection":"In"},"Torso":{"Weight":1,"CFrame":[-0.03366028517484665,0.10983321815729141,-0.0691220760345459,0.9972935914993286,-0.061630625277757648,-0.04008938744664192,0.06183586269617081,0.9980788230895996,0.003898890456184745,0.03977207466959953,-0.006367301102727652,0.9991884827613831],"EasingStyle":"Linear","EasingDirection":"In"},"HumanoidRootPart":{"Weight":1,"CFrame":[0,0,0,1,0,0,0,1,0,0,0,1],"EasingStyle":"Linear","EasingDirection":"In"},"Right Leg":{"Weight":1,"CFrame":[0.05729221552610397,-0.12713861465454102,0.05431056022644043,0.8991072773933411,0.18998843431472779,-0.39434829354286196,-0.2908882200717926,0.9325291514396668,-0.21394753456115724,0.32709378004074099,0.3070729672908783,0.893709123134613],"EasingStyle":"Linear","EasingDirection":"In"}}},{"Time":0.1666666716337204,"poses":{"Left Leg":{"Weight":1,"CFrame":[0.1776556372642517,-0.2123112678527832,-0.08360624313354492,0.8760266900062561,-0.31704241037368777,0.363402783870697,0.4578894078731537,0.7833241820335388,-0.4204051196575165,-0.15137600898742677,0.534684419631958,0.831383228302002],"EasingStyle":"Linear","EasingDirection":"In"},"Right Arm":{"Weight":1,"CFrame":[-0.09363848716020584,-0.18853172659873963,-0.41831254959106448,0.6731500625610352,0.12318436056375504,-0.7291739583015442,-0.22994090616703034,0.9720169305801392,-0.048064716160297397,0.7028486132621765,0.2000216841697693,0.68263840675354],"EasingStyle":"Linear","EasingDirection":"In"},"Left Arm":{"Weight":1,"CFrame":[-0.13927477598190309,0.2296927571296692,0.46113526821136477,-0.10849995166063309,0.5739635825157166,0.8116610050201416,0.3223661482334137,-0.7520447373390198,0.5748989582061768,0.9403765201568604,0.3240285813808441,-0.10342966765165329],"EasingStyle":"Linear","EasingDirection":"In"},"Head":{"Weight":1,"CFrame":[9.033828973770142e-8,4.656612873077393e-10,3.5762786865234377e-7,0.9992868304252625,0.03507671132683754,0.013986272737383843,-0.035221658647060397,0.9993270039558411,0.010254709050059319,-0.013617164455354214,-0.010740014724433422,0.9998496174812317],"EasingStyle":"Linear","EasingDirection":"In"},"Torso":{"Weight":1,"CFrame":[-0.04236810654401779,0.13470341265201569,-0.1049644947052002,0.9965177774429321,-0.06656994670629502,-0.05020718649029732,0.06674410402774811,0.9977685213088989,0.0017982869176194072,0.0499754399061203,-0.005143058020621538,0.9987372159957886],"EasingStyle":"Linear","EasingDirection":"In"},"HumanoidRootPart":{"Weight":1,"CFrame":[0,0,0,1,0,0,0,1,0,0,0,1],"EasingStyle":"Linear","EasingDirection":"In"},"Right Leg":{"Weight":1,"CFrame":[0.037737879902124408,-0.12553727626800538,0.07569026947021485,0.8596535921096802,0.18510015308856965,-0.4761654734611511,-0.3150378465652466,0.9258107542991638,-0.20886798202991486,0.402177631855011,0.3295642137527466,0.8541901111602783],"EasingStyle":"Linear","EasingDirection":"In"}}},{"Time":0.20000000298023225,"poses":{"Left Leg":{"Weight":1,"CFrame":[0.1904357522726059,-0.20946431159973145,-0.08783483505249024,0.8595702052116394,-0.3315635025501251,0.388850599527359,0.48461872339248659,0.7703132033348084,-0.41444215178489687,-0.16212284564971925,0.5446863174438477,0.8228201270103455],"EasingStyle":"Linear","EasingDirection":"In"},"Right Arm":{"Weight":1,"CFrame":[-0.09107109159231186,-0.20671644806861878,-0.4212186932563782,0.6733864545822144,0.122870534658432,-0.729008674621582,-0.23314593732357026,0.9710670709609985,-0.05168922618031502,0.701565146446228,0.2047722190618515,0.6825500726699829],"EasingStyle":"Linear","EasingDirection":"In"},"Left Arm":{"Weight":1,"CFrame":[-0.15097475051879884,0.2735986113548279,0.45741212368011477,-0.1072513610124588,0.5722295641899109,0.8130502104759216,0.327674925327301,-0.7517335414886475,0.5722988843917847,0.9386833310127258,0.32779598236083987,-0.10688082128763199],"EasingStyle":"Linear","EasingDirection":"In"},"Head":{"Weight":1,"CFrame":[1.257285475730896e-7,6.984919309616089e-9,2.384185791015625e-7,0.9991008639335632,0.03946984186768532,0.015485125593841076,-0.03963148966431618,0.9991615414619446,0.010274633765220642,-0.015066605061292649,-0.010879091918468476,0.9998273253440857],"EasingStyle":"Linear","EasingDirection":"In"},"Torso":{"Weight":1,"CFrame":[-0.046505920588970187,0.14429843425750733,-0.08431220054626465,0.9961788654327393,-0.0684562474489212,-0.054235223680734637,0.06858548521995545,0.9976451992988586,0.0005231475806795061,0.05407169461250305,-0.004240897949784994,0.9985280632972717],"EasingStyle":"Linear","EasingDirection":"In"},"HumanoidRootPart":{"Weight":1,"CFrame":[0,0,0,1,0,0,0,1,0,0,0,1],"EasingStyle":"Linear","EasingDirection":"In"},"Right Leg":{"Weight":1,"CFrame":[-0.03677124157547951,-0.12117481231689453,0.04677689075469971,0.8471399545669556,0.14439183473587037,-0.5113754868507385,-0.2814434766769409,0.9382215142250061,-0.20132070779800416,0.4507144093513489,0.314470112323761,0.8354431390762329],"EasingStyle":"Linear","EasingDirection":"In"}}},{"Time":0.23333333432674409,"poses":{"Left Leg":{"Weight":1,"CFrame":[0.16477243602275849,-0.18445932865142823,-0.06543570756912232,0.8801526427268982,-0.3336186110973358,0.3376835882663727,0.4491102993488312,0.815621018409729,-0.364777147769928,-0.15372543036937715,0.47271662950515749,0.8677024245262146],"EasingStyle":"Linear","EasingDirection":"In"},"Right Arm":{"Weight":1,"CFrame":[-0.08894301950931549,-0.2239690124988556,-0.42024320363998415,0.6735515594482422,0.12359865009784699,-0.7287330031394959,-0.22585678100585938,0.9731800556182861,-0.04369577020406723,0.703787624835968,0.19402067363262177,0.683402419090271],"EasingStyle":"Linear","EasingDirection":"In"},"Left Arm":{"Weight":1,"CFrame":[-0.15247197449207307,0.24937695264816285,0.4656205177307129,-0.11176194250583649,0.5712798237800598,0.8131104111671448,0.28244760632514956,-0.766228199005127,0.5771635174751282,0.9527500867843628,0.29416605830192568,-0.07572153955698013],"EasingStyle":"Linear","EasingDirection":"In"},"Head":{"Weight":1,"CFrame":[9.12696123123169e-8,2.3283064365386964e-9,-5.960464477539063e-8,0.999106228351593,0.039479851722717288,0.015106409788131714,-0.03955095633864403,0.9992077350616455,0.00443729804828763,-0.014919254928827286,-0.005030805245041847,0.999876081943512],"EasingStyle":"Linear","EasingDirection":"In"},"Torso":{"Weight":1,"CFrame":[-0.053198814392089847,0.14265954494476319,-0.03821086883544922,0.9965498447418213,-0.06850020587444306,-0.046863261610269549,0.06859578192234039,0.9976445436477661,0.0004325744230300188,0.04672323912382126,-0.003645703662186861,0.9989012479782105],"EasingStyle":"Linear","EasingDirection":"In"},"HumanoidRootPart":{"Weight":1,"CFrame":[0,0,0,1,0,0,0,1,0,0,0,1],"EasingStyle":"Linear","EasingDirection":"In"},"Right Leg":{"Weight":1,"CFrame":[0.05773515999317169,-0.08452343940734863,0.024234890937805177,0.9636275172233582,0.09937150031328201,-0.24808724224567414,-0.14457066357135774,0.974575400352478,-0.1711786389350891,0.22476941347122193,0.20081855356693269,0.9534940123558044],"EasingStyle":"Linear","EasingDirection":"In"}}},{"Time":0.2666666805744171,"poses":{"Left Leg":{"Weight":1,"CFrame":[0.08575721085071564,-0.12379741668701172,-0.023197472095489503,0.9226175546646118,-0.34116077423095705,0.1799621731042862,0.3778647482395172,0.8930904269218445,-0.24414698779582978,-0.07742921262979508,0.29325562715530398,0.9528934359550476],"EasingStyle":"Linear","EasingDirection":"In"},"Right Arm":{"Weight":1,"CFrame":[-0.08727601915597916,-0.23952868580818177,-0.4178045988082886,0.6739898324012756,0.12540440261363984,-0.7280189394950867,-0.2075209617614746,0.9779443144798279,-0.023664982989430429,0.7089942097663879,0.16702918708324433,0.6851485967636108],"EasingStyle":"Linear","EasingDirection":"In"},"Left Arm":{"Weight":1,"CFrame":[-0.1530235856771469,0.20439374446868897,0.4808650016784668,-0.11810563504695893,0.5717498660087586,0.811882495880127,0.18966278433799745,-0.7895644307136536,0.5836234092712402,0.9747200012207031,0.22291319072246552,-0.015187721699476242],"EasingStyle":"Linear","EasingDirection":"In"},"Head":{"Weight":1,"CFrame":[9.220093488693237e-8,4.190951585769653e-9,-6.556510925292969e-7,0.9991268515586853,0.03931019827723503,0.014157677069306374,-0.03916801139712334,0.9991807341575623,-0.01018496137112379,-0.014546448364853859,0.00962154008448124,0.999847948551178],"EasingStyle":"Linear","EasingDirection":"In"},"Torso":{"Weight":1,"CFrame":[-0.06644891947507858,0.13660828769207,0.008037328720092774,0.9971055388450623,-0.06853289902210236,-0.0329204760491848,0.06859636306762696,0.9976441860198975,0.0008007913129404187,0.03278804197907448,-0.0030566982459276916,0.9994576573371887],"EasingStyle":"Linear","EasingDirection":"In"},"HumanoidRootPart":{"Weight":1,"CFrame":[0,0,0,1,0,0,0,1,0,0,0,1],"EasingStyle":"Linear","EasingDirection":"In"},"Right Leg":{"Weight":1,"CFrame":[0.3019254505634308,0.012241601943969727,-0.08075791597366333,0.9323830008506775,0.01646173745393753,0.36109694838523867,-0.01832231692969799,0.9998307228088379,0.0017291941912844778,-0.36100727319717409,-0.008228430524468422,0.932526707649231],"EasingStyle":"Linear","EasingDirection":"In"}}},{"Time":0.30000001192092898,"poses":{"Left Leg":{"Weight":1,"CFrame":[-0.020831676200032235,-0.04266166687011719,-0.002238631248474121,0.9390206336975098,-0.3422623574733734,-0.03311646357178688,0.33872780203819277,0.9372822642326355,-0.08225256949663162,0.05919138342142105,0.06601938605308533,0.9960612654685974],"EasingStyle":"Linear","EasingDirection":"In"},"Right Arm":{"Weight":1,"CFrame":[-0.0860370621085167,-0.25275105237960818,-0.4146345853805542,0.6746132969856262,0.12771828472614289,-0.7270386219024658,-0.18347112834453584,0.9830220937728882,0.002445158315822482,0.7150071859359741,0.13174106180667878,0.6865923404693604],"EasingStyle":"Linear","EasingDirection":"In"},"Left Arm":{"Weight":1,"CFrame":[-0.15310236811637879,0.18017256259918214,0.4890735149383545,-0.11496207863092423,0.5773434638977051,0.8083676695823669,0.11756503582000733,-0.8001363277435303,0.5881839394569397,0.9863884449005127,0.16265469789505006,0.02410988323390484],"EasingStyle":"Linear","EasingDirection":"In"},"Head":{"Weight":1,"CFrame":[8.89413058757782e-8,8.847564458847046e-9,1.1920928955078126e-7,0.999168336391449,0.03867184370756149,0.01293234247714281,-0.03828055411577225,0.9988389611244202,-0.029246941208839418,-0.014048361219465733,0.02872755564749241,0.9994885921478272],"EasingStyle":"Linear","EasingDirection":"In"},"Torso":{"Weight":1,"CFrame":[-0.07922959327697754,0.12279104441404343,0.02904820442199707,0.997343897819519,-0.06855187565088272,-0.024612870067358018,0.06858548521995545,0.9976451992988586,0.0005231474642641842,0.024519046768546106,-0.0022098436020314695,0.9996969103813171],"EasingStyle":"Linear","EasingDirection":"In"},"HumanoidRootPart":{"Weight":1,"CFrame":[0,0,0,1,0,0,0,1,0,0,0,1],"EasingStyle":"Linear","EasingDirection":"In"},"Right Leg":{"Weight":1,"CFrame":[0.4370473325252533,0.09702420234680176,-0.217312753200531,0.8008147478103638,-0.01579982414841652,0.5987038612365723,-0.12129037082195282,0.9746594429016113,0.18795694410800935,-0.586501955986023,-0.22313563525676728,0.7786051630973816],"EasingStyle":"Linear","EasingDirection":"In"}}},{"Time":0.3333333432674408,"poses":{"Left Leg":{"Weight":1,"CFrame":[-0.08722102642059326,0.029619932174682618,-0.008537352085113526,0.9274264574050903,-0.33513960242271426,-0.16601738333702088,0.3490544259548187,0.9350226521492004,0.06239840015769005,0.1343178004026413,-0.115819051861763,0.9841467142105103],"EasingStyle":"Linear","EasingDirection":"In"},"Right Arm":{"Weight":1,"CFrame":[-0.08519303798675537,-0.26299312710762026,-0.4114643931388855,0.6752967238426209,0.12999001145362855,-0.7260007858276367,-0.15922290086746217,0.9868287444114685,0.028588201850652696,0.7201544642448425,0.0962904691696167,0.6870993971824646],"EasingStyle":"Linear","EasingDirection":"In"},"Left Arm":{"Weight":1,"CFrame":[-0.15310236811637879,0.18017268180847169,0.4890735149383545,-0.09167956560850144,0.5846977233886719,0.8060542345046997,0.09569784998893738,-0.8005432486534119,0.5915848612785339,0.9911794662475586,0.13137394189834596,0.017439108341932298],"EasingStyle":"Linear","EasingDirection":"In"},"Head":{"Weight":1,"CFrame":[9.452924132347107e-8,-2.7939677238464357e-9,2.384185791015625e-7,0.9992356300354004,0.03729023039340973,0.011734838597476483,-0.03668152168393135,0.9981544017791748,-0.04839709773659706,-0.013517923653125763,0.04792964458465576,0.9987592697143555],"EasingStyle":"Linear","EasingDirection":"In"},"Torso":{"Weight":1,"CFrame":[-0.08618275076150894,0.09293438494205475,-0.005506277084350586,0.9974207282066345,-0.06788013130426407,-0.023328572511672975,0.06768031418323517,0.9976641535758972,-0.009251725859940052,0.023902088403701783,0.007648977916687727,0.9996850490570068],"EasingStyle":"Linear","EasingDirection":"In"},"HumanoidRootPart":{"Weight":1,"CFrame":[0,0,0,1,0,0,0,1,0,0,0,1],"EasingStyle":"Linear","EasingDirection":"In"},"Right Leg":{"Weight":1,"CFrame":[0.46935001015663149,0.14302754402160645,-0.25957274436950686,0.8077636361122131,-0.01147917378693819,0.5893948674201965,-0.20757795870304109,0.9302383065223694,0.3026024401187897,-0.5517511367797852,-0.3667765259742737,0.7490296959877014],"EasingStyle":"Linear","EasingDirection":"In"}}},{"Time":0.36666667461395266,"poses":{"Left Leg":{"Weight":1,"CFrame":[-0.08579644560813904,0.0750274658203125,-0.013142764568328858,0.9267612099647522,-0.33834853768348696,-0.1631995290517807,0.36260437965393069,0.9192435145378113,0.15332750976085664,0.09814191609621048,-0.20127485692501069,0.974605917930603],"EasingStyle":"Linear","EasingDirection":"In"},"Right Arm":{"Weight":1,"CFrame":[-0.08471086621284485,-0.26961079239845278,-0.4090258479118347,0.6758621335029602,0.13170592486858369,-0.7251648306846619,-0.14046496152877809,0.9888877868652344,0.04868870973587036,0.7235192656517029,0.06895344704389572,0.6868518590927124],"EasingStyle":"Linear","EasingDirection":"In"},"Left Arm":{"Weight":1,"CFrame":[-0.15310236811637879,0.18017232418060304,0.4890732765197754,-0.06069110333919525,0.5886300206184387,0.8061211109161377,0.09499876201152802,-0.8005374670028687,0.5917052626609802,0.9936255812644959,0.11249178647994995,-0.007333659566938877],"EasingStyle":"Linear","EasingDirection":"In"},"Head":{"Weight":1,"CFrame":[1.0081566870212555e-7,1.3969838619232178e-8,0,0.9993312954902649,0.03491156920790672,0.010869921185076237,-0.03415600582957268,0.9974102973937988,-0.06329382956027985,-0.01305146049708128,0.06288021057844162,0.9979358315467835],"EasingStyle":"Linear","EasingDirection":"In"},"Torso":{"Weight":1,"CFrame":[-0.08855234086513519,0.05680827796459198,-0.069793701171875,0.9976213574409485,-0.06511709094047547,-0.02261528931558132,0.0646403506398201,0.9976833462715149,-0.021208258345723153,0.023943915963172914,0.019695952534675599,0.9995192885398865],"EasingStyle":"Linear","EasingDirection":"In"},"HumanoidRootPart":{"Weight":1,"CFrame":[0,0,0,1,0,0,0,1,0,0,0,1],"EasingStyle":"Linear","EasingDirection":"In"},"Right Leg":{"Weight":1,"CFrame":[0.5552159547805786,0.16509497165679933,-0.31580299139022829,0.8368993401527405,0.056731801480054858,0.5444088578224182,-0.28462037444114687,0.8946766257286072,0.34430354833602908,-0.46753689646720889,-0.4430972933769226,0.764901340007782],"EasingStyle":"Linear","EasingDirection":"In"}}},{"Time":0.4000000059604645,"poses":{"Left Leg":{"Weight":1,"CFrame":[-0.05196221172809601,0.0966455340385437,-0.012168347835540772,0.9255080819129944,-0.3664751648902893,-0.09555565565824509,0.37845656275749209,0.904477059841156,0.19670258462429048,0.01434122771024704,-0.21821345388889314,0.9757956862449646],"EasingStyle":"Linear","EasingDirection":"In"},"Right Arm":{"Weight":1,"CFrame":[-0.08455751836299896,-0.2719598412513733,-0.408050537109375,0.6760978698730469,0.13238409161567689,-0.7248215675354004,-0.13294151425361634,0.989499568939209,0.05672073736786842,0.7247194647789002,0.05801009386777878,0.6865978240966797],"EasingStyle":"Linear","EasingDirection":"In"},"Left Arm":{"Weight":1,"CFrame":[-0.15310236811637879,0.18017208576202393,0.48907339572906496,-0.04521627724170685,0.589756965637207,0.8063139319419861,0.09851720184087753,-0.8005724549293518,0.5910822153091431,0.9941076040267944,0.10616239160299301,-0.02190231904387474],"EasingStyle":"Linear","EasingDirection":"In"},"Head":{"Weight":1,"CFrame":[1.0314397513866425e-7,-2.3283064365386964e-9,-2.980232238769531e-7,0.9994537830352783,0.031295131891965869,0.010620529763400555,-0.03048192337155342,0.9971081614494324,-0.06961570680141449,-0.012768447399139405,0.06925394386053086,0.9975173473358154],"EasingStyle":"Linear","EasingDirection":"In"},"Torso":{"Weight":1,"CFrame":[-0.08915480226278305,0.037943512201309207,-0.10422468185424805,0.9979838132858276,-0.05921578034758568,-0.022843338549137117,0.058943212032318118,0.998184084892273,-0.01242678053677082,0.023537714034318925,0.011055264621973038,0.999661922454834],"EasingStyle":"Linear","EasingDirection":"In"},"HumanoidRootPart":{"Weight":1,"CFrame":[0,0,0,1,0,0,0,1,0,0,0,1],"EasingStyle":"Linear","EasingDirection":"In"},"Right Leg":{"Weight":1,"CFrame":[0.58543860912323,0.17345833778381349,-0.30437445640563967,0.8685926198959351,0.11379152536392212,0.4822847545146942,-0.30928078293800356,0.8849217891693115,0.34822243452072146,-0.3871593773365021,-0.4516247510910034,0.8038300275802612],"EasingStyle":"Linear","EasingDirection":"In"}}},{"Time":0.4333333373069763,"poses":{"Left Leg":{"Weight":1,"CFrame":[-0.0008181147277355194,0.09699422121047974,-0.009477734565734864,0.9176908731460571,-0.3972390592098236,0.006678664591163397,0.38821280002593996,0.9001591801643372,0.19749511778354646,-0.0844646692276001,-0.1786467581987381,0.9802811741828919],"EasingStyle":"Linear","EasingDirection":"In"},"Right Arm":{"Weight":1,"CFrame":[-0.0868435949087143,-0.26111698150634768,-0.412134051322937,0.6759465336799622,0.1322866827249527,-0.724980354309082,-0.1394047737121582,0.9889481663703919,0.05047633871436119,0.7236453294754028,0.06694645434617996,0.6869175434112549],"EasingStyle":"Linear","EasingDirection":"In"},"Left Arm":{"Weight":1,"CFrame":[-0.1778218299150467,0.11592590808868408,0.4190746545791626,-0.1146405041217804,0.6049807071685791,0.7879440188407898,0.09020478278398514,-0.7835572957992554,0.614736795425415,0.9893031716346741,0.14155007898807527,0.035255201160907748],"EasingStyle":"Linear","EasingDirection":"In"},"Head":{"Weight":1,"CFrame":[8.323695510625839e-8,-4.6566128730773929e-9,1.1920928955078126e-7,0.9996621012687683,0.02360156923532486,0.01089305430650711,-0.02278204821050167,0.9972831606864929,-0.07005302608013153,-0.012516822665929795,0.06978120654821396,0.9974837899208069],"EasingStyle":"Linear","EasingDirection":"In"},"Torso":{"Weight":1,"CFrame":[-0.07753211259841919,0.030202221125364305,-0.08335566520690918,0.9984909892082214,-0.04979713633656502,-0.023155516013503076,0.049902621656656268,0.9987460970878601,0.003999535460025072,0.022927315905690194,-0.005149019416421652,0.9997239708900452],"EasingStyle":"Linear","EasingDirection":"In"},"HumanoidRootPart":{"Weight":1,"CFrame":[0,0,0,1,0,0,0,1,0,0,0,1],"EasingStyle":"Linear","EasingDirection":"In"},"Right Leg":{"Weight":1,"CFrame":[0.5542864799499512,0.16718900203704835,-0.2327137589454651,0.9091734290122986,0.1434594839811325,0.39092594385147097,-0.2760332226753235,0.9105192422866821,0.307831734418869,-0.31178417801856997,-0.38778093457221987,0.8674194812774658],"EasingStyle":"Linear","EasingDirection":"In"}}},{"Time":0.46666666865348818,"poses":{"Left Leg":{"Weight":1,"CFrame":[0.0592447966337204,0.0753014087677002,-0.009245157241821289,0.896233320236206,-0.42514047026634219,0.1265755146741867,0.4055909514427185,0.9009456634521484,0.15424971282482148,-0.17961551249027253,-0.08690584450960159,0.9798907041549683],"EasingStyle":"Linear","EasingDirection":"In"},"Right Arm":{"Weight":1,"CFrame":[-0.09187295287847519,-0.23485422134399415,-0.42111802101135256,0.6755515933036804,0.13204032182693482,-0.7253932952880859,-0.15493854880332948,0.9872890114784241,0.035419221967458728,0.7208495736122131,0.08846387267112732,0.6874228119850159],"EasingStyle":"Linear","EasingDirection":"In"},"Left Arm":{"Weight":1,"CFrame":[-0.24157191812992097,-0.04976347088813782,0.23855161666870118,-0.30606091022491457,0.6347469687461853,0.7095229625701904,0.06053891405463219,-0.7308029532432556,0.6798985600471497,0.9500852227210999,0.25104421377182009,0.18524335324764253],"EasingStyle":"Linear","EasingDirection":"In"},"Head":{"Weight":1,"CFrame":[8.42846930027008e-8,-8.381903171539307e-9,1.1920928955078126e-7,0.9998757243156433,0.010931063443422318,0.011364216916263104,-0.010106661356985569,0.9974797368049622,-0.07022950798273087,-0.01210325863212347,0.07010593265295029,0.9974662065505981],"EasingStyle":"Linear","EasingDirection":"In"},"Torso":{"Weight":1,"CFrame":[-0.050495099276304248,0.0171781275421381,-0.03755927085876465,0.9990241527557373,-0.03773719444870949,-0.022953515872359277,0.03789397329092026,0.9992610812187195,0.006433811504393816,0.022693760693073274,-0.007297331001609564,0.9997159242630005],"EasingStyle":"Linear","EasingDirection":"In"},"HumanoidRootPart":{"Weight":1,"CFrame":[0,0,0,1,0,0,0,1,0,0,0,1],"EasingStyle":"Linear","EasingDirection":"In"},"Right Leg":{"Weight":1,"CFrame":[0.4832850992679596,0.14624565839767457,-0.12717866897583009,0.9596807956695557,0.14677350223064423,0.2397298663854599,-0.19902880489826203,0.9570543169975281,0.21079488098621369,-0.19849543273448945,-0.2500089108943939,0.9476788640022278],"EasingStyle":"Linear","EasingDirection":"In"}}},{"Time":0.5,"poses":{"Left Leg":{"Weight":1,"CFrame":[-0.04256020113825798,-0.03853869438171387,0.03005075454711914,0.80219966173172,-0.5472177863121033,0.2388063371181488,0.5462186336517334,0.8341380953788757,0.07654213905334473,-0.24108266830444337,0.06903840601444245,0.9680459499359131],"EasingStyle":"Linear","EasingDirection":"In"},"Right Arm":{"Weight":1,"CFrame":[-0.09690232574939728,-0.20256692171096803,-0.4301018714904785,0.6750004887580872,0.13171476125717164,-0.7259654402732849,-0.17376218736171723,0.9846394658088684,0.01708337850868702,0.7170643210411072,0.11461402475833893,0.6875190734863281],"EasingStyle":"Linear","EasingDirection":"In"},"Left Arm":{"Weight":1,"CFrame":[-0.3287404477596283,-0.2763177752494812,-0.008286356925964356,-0.5742705464363098,0.6328848600387573,0.5192975997924805,-0.008104667067527771,-0.6386861205101013,0.7694249153137207,0.8186254501342773,0.4376493990421295,0.3719078600406647],"EasingStyle":"Linear","EasingDirection":"In"},"Head":{"Weight":1,"CFrame":[8.990173228085041e-8,-4.889443516731262e-9,-1.7881393432617188e-7,0.999920666217804,-0.00404502684250474,0.011935750022530556,0.004873649682849646,0.9975188374519348,-0.07023163884878159,-0.011622046120464802,0.07028423249721527,0.997459352016449],"EasingStyle":"Linear","EasingDirection":"In"},"Torso":{"Weight":1,"CFrame":[-0.021479148417711259,0.0051974523812532429,0.008263349533081055,0.9994588494300842,-0.023861516267061235,-0.022640518844127656,0.0239292960613966,0.9997100234031677,0.0027277253102511169,0.02256886474788189,-0.0032680213917046787,0.999739944934845],"EasingStyle":"Linear","EasingDirection":"In"},"HumanoidRootPart":{"Weight":1,"CFrame":[0,0,0,1,0,0,0,1,0,0,0,1],"EasingStyle":"Linear","EasingDirection":"In"},"Right Leg":{"Weight":1,"CFrame":[0.3304556906223297,0.07865172624588013,-0.01753026247024536,0.9934196472167969,0.10653691738843918,0.042040735483169559,-0.10910502076148987,0.9919398427009583,0.06443280726671219,-0.03483733534812927,-0.06859569251537323,0.9970361590385437],"EasingStyle":"Linear","EasingDirection":"In"}}},{"Time":0.5333333611488342,"poses":{"Left Leg":{"Weight":1,"CFrame":[-0.04650425165891647,-0.12707626819610597,0.03994393348693848,0.7493225336074829,-0.5783171057701111,0.32259103655815127,0.6196076273918152,0.7842016220092773,-0.033382222056388858,-0.23367096483707429,0.2248939573764801,0.9459496140480042],"EasingStyle":"Linear","EasingDirection":"In"},"Right Arm":{"Weight":1,"CFrame":[-0.0991884097456932,-0.1736513078212738,-0.4341855049133301,0.6743747591972351,0.13139212131500245,-0.7266049981117249,-0.19017194211483003,0.9817503094673157,0.0010280084097757936,0.7134796977043152,0.13748659193515778,0.6870547533035278],"EasingStyle":"Linear","EasingDirection":"In"},"Left Arm":{"Weight":1,"CFrame":[-0.42371517419815066,-0.5231603384017944,-0.2772290110588074,-0.8137326240539551,0.5421841144561768,0.20946455001831056,-0.12535953521728517,-0.5156046748161316,0.8476065993309021,0.5675598382949829,0.66346675157547,0.48753222823143008],"EasingStyle":"Linear","EasingDirection":"In"},"Head":{"Weight":1,"CFrame":[8.074623281117965e-8,-5.285983206704259e-9,5.960464477539063e-7,0.9997478723526001,-0.01865062490105629,0.012509929947555066,0.019483620300889016,0.9973461627960205,-0.07015024870634079,-0.011168388649821282,0.07037631422281265,0.9974579811096191],"EasingStyle":"Linear","EasingDirection":"In"},"Torso":{"Weight":1,"CFrame":[-0.0037849321961402895,0.000008783090379438363,0.029088973999023439,0.9997074007987976,-0.009004062972962857,-0.02245129458606243,0.009006578475236893,0.9999594688415527,0.000010940775609924458,0.022450286895036699,-0.00021314692276064306,0.9997479319572449],"EasingStyle":"Linear","EasingDirection":"In"},"HumanoidRootPart":{"Weight":1,"CFrame":[0,0,0,1,0,0,0,1,0,0,0,1],"EasingStyle":"Linear","EasingDirection":"In"},"Right Leg":{"Weight":1,"CFrame":[0.09248316287994385,-0.02696096897125244,0.01671123504638672,0.9909327626228333,0.010661345906555653,-0.13393521308898927,-0.02273745648562908,0.9957756996154785,-0.08896033465862274,0.13242107629776,0.09119904786348343,0.9869890809059143],"EasingStyle":"Linear","EasingDirection":"In"}}},{"Time":0.5666666626930237,"poses":{"Left Leg":{"Weight":1,"CFrame":[0.18181480467319489,-0.07402849197387696,-0.04012686014175415,0.8103669881820679,-0.45358559489250185,0.3708985149860382,0.5325122475624085,0.8342049717903137,-0.14329250156879426,-0.2444099634885788,0.31362754106521609,0.9175519943237305],"EasingStyle":"Linear","EasingDirection":"In"},"Right Arm":{"Weight":1,"CFrame":[-0.09906358271837235,-0.15519967675209046,-0.41969728469848635,0.6737913489341736,0.13115887343883515,-0.7271881699562073,-0.1999087929725647,0.9797775745391846,-0.008512798696756363,0.7113661170005798,0.15110710263252259,0.6863853931427002],"EasingStyle":"Linear","EasingDirection":"In"},"Left Arm":{"Weight":1,"CFrame":[-0.5108837485313416,-0.749714732170105,-0.524066686630249,-0.9237085580825806,0.36608636379241946,-0.11288654059171677,-0.2603204846382141,-0.38362032175064089,0.8860411047935486,0.2810620069503784,0.8478304147720337,0.4496530592441559],"EasingStyle":"Linear","EasingDirection":"In"},"Head":{"Weight":1,"CFrame":[8.767892722971738e-8,-5.624315235763788e-9,1.1920928955078126e-7,0.9994414448738098,-0.030817115679383279,0.012932732701301575,0.031595129519701007,0.9973830580711365,-0.06502963602542877,-0.010894862934947014,0.06540191173553467,0.9977995753288269],"EasingStyle":"Linear","EasingDirection":"In"},"Torso":{"Weight":1,"CFrame":[0.0015905201435089112,0.0026482469402253629,-0.008155107498168946,0.999734103679657,0.005563271231949329,-0.022382467985153199,-0.005490525159984827,0.999979555606842,0.0033102715387940408,0.022400425747036935,-0.003186499932780862,0.9997439980506897],"EasingStyle":"Linear","EasingDirection":"In"},"HumanoidRootPart":{"Weight":1,"CFrame":[0,0,0,1,0,0,0,1,0,0,0,1],"EasingStyle":"Linear","EasingDirection":"In"},"Right Leg":{"Weight":1,"CFrame":[-0.11088225245475769,-0.10041141510009766,-0.022881150245666505,0.969956636428833,-0.0782608613371849,-0.23034636676311494,0.03123604878783226,0.9790704250335693,-0.2011110782623291,0.24126452207565309,0.18787389993667603,0.9521002173423767],"EasingStyle":"Linear","EasingDirection":"In"}}},{"Time":0.6000000238418579,"poses":{"Left Leg":{"Weight":1,"CFrame":[0.19143645465373994,-0.11514937877655029,-0.05266004800796509,0.8095235228538513,-0.4386496841907501,0.39020276069641116,0.5458981394767761,0.8069723844528198,-0.2253681719303131,-0.2160252332687378,0.39545169472694399,0.8927210569381714],"EasingStyle":"Linear","EasingDirection":"In"},"Right Arm":{"Weight":1,"CFrame":[-0.09818970412015915,-0.14508330821990968,-0.3840106129646301,0.6735354661941528,0.13105496764183045,-0.7274439930915833,-0.2040460854768753,0.9788805246353149,-0.012571757659316063,0.7104331851005554,0.15689952671527863,0.6860519647598267],"EasingStyle":"Linear","EasingDirection":"In"},"Left Arm":{"Weight":1,"CFrame":[-0.5746338367462158,-0.9154036641120911,-0.7045901417732239,-0.9294303059577942,0.18762701749801637,-0.31773480772972109,-0.35791853070259097,-0.24898700416088105,0.8999444246292114,0.08974210917949677,0.9501587152481079,0.2985711693763733],"EasingStyle":"Linear","EasingDirection":"In"},"Head":{"Weight":1,"CFrame":[8.716597221791744e-8,-8.381903171539307e-9,1.1920928955078126e-7,0.9990841150283814,-0.0407252162694931,0.013138162903487683,0.041395604610443118,0.9975950121879578,-0.05559425428509712,-0.010842476971447468,0.0560871958732605,0.9983670711517334],"EasingStyle":"Linear","EasingDirection":"In"},"Torso":{"Weight":1,"CFrame":[0.00367022305727005,0.007436014711856842,-0.07734441757202149,0.9996111989021301,0.016828147694468499,-0.022233011201024057,-0.016624903306365014,0.9998186826705933,0.009294982068240643,0.02238539420068264,-0.008921747095882893,0.9997096061706543],"EasingStyle":"Linear","EasingDirection":"In"},"HumanoidRootPart":{"Weight":1,"CFrame":[0,0,0,1,0,0,0,1,0,0,0,1],"EasingStyle":"Linear","EasingDirection":"In"},"Right Leg":{"Weight":1,"CFrame":[0.004817020148038864,-0.1335505247116089,0.003091573715209961,0.9635009169578552,0.005978803616017103,-0.267638623714447,-0.08255011588335037,0.9576674103736877,-0.2757875323295593,0.25465986132621767,0.28781500458717348,0.9232068657875061],"EasingStyle":"Linear","EasingDirection":"In"}}},{"Time":0.6333333253860474,"poses":{"Left Leg":{"Weight":1,"CFrame":[0.18653015792369843,-0.13538193702697755,-0.056267499923706058,0.8176757097244263,-0.43200790882110598,0.380494087934494,0.5441348552703857,0.7957715392112732,-0.2658286988735199,-0.18794625997543336,0.42440178990364077,0.8857536315917969],"EasingStyle":"Linear","EasingDirection":"In"},"Right Arm":{"Weight":1,"CFrame":[-0.09581781923770905,-0.13886934518814088,-0.33879220485687258,0.6739377975463867,0.1311010867357254,-0.7270629405975342,-0.20493562519550324,0.9786