{"Sequence":[{"Time":0,"poses":{"Left Leg":{"Weight":1,"CFrame":[-0.183048814535141,-0.15298056602478028,-0.008278608322143555,0.9666973948478699,0.1659964770078659,0.19478505849838258,-0.12845292687416078,0.9730104207992554,-0.19170451164245606,-0.22135014832019807,0.16029955446720124,0.9619295001029968],"EasingStyle":"Linear","EasingDirection":"In"},"Right Arm":{"Weight":1,"CFrame":[-0.39681899547576907,-0.11567062139511109,0.2997955083847046,0.8595021367073059,0.3437064290046692,0.3783147633075714,-0.42845118045806887,0.08086651563644409,0.8999390006065369,0.27872177958488467,-0.9355888366699219,0.21676650643348695],"EasingStyle":"Linear","EasingDirection":"In"},"Left Arm":{"Weight":1,"CFrame":[0.14479418098926545,-0.3547660708427429,0.17630243301391602,0.13633914291858674,0.6302797794342041,-0.7643032670021057,-0.8974893093109131,0.4052298367023468,0.17407380044460298,0.41943359375,0.6622207164764404,0.620917797088623],"EasingStyle":"Linear","EasingDirection":"In"},"Head":{"Weight":1,"CFrame":[7.82310962677002e-8,1.1641532182693482e-8,0.01666259765625,0.9492553472518921,-0.31192338466644289,0.04022693634033203,0.31219157576560976,0.9500191807746887,-0.0004056263715028763,-0.03808983042836189,0.012943555600941182,0.9991905689239502],"EasingStyle":"Linear","EasingDirection":"In"},"Torso":{"Weight":1,"CFrame":[0.015322726219892502,-0.07767720520496369,-0.047276973724365237,0.9888697862625122,-0.14665870368480683,0.025057094171643258,0.14804847538471223,0.9866511225700378,-0.06783217936754227,-0.014774429611861706,0.07078685611486435,0.9973820447921753],"EasingStyle":"Linear","EasingDirection":"In"},"HumanoidRootPart":{"Weight":1,"CFrame":[0,0,0,1,0,0,0,1,0,0,0,1],"EasingStyle":"Linear","EasingDirection":"In"},"Right Leg":{"Weight":1,"CFrame":[-0.2777152359485626,-0.10184299945831299,-0.150054931640625,0.6930504441261292,0.06958010792732239,-0.7175233364105225,-0.20175059139728547,0.9742783904075623,-0.10039108246564865,0.6920821666717529,0.21433678269386292,0.6892619132995606],"EasingStyle":"Linear","EasingDirection":"In"}}},{"Time":0.016949152573943139,"poses":{"Left Leg":{"Weight":1,"CFrame":[-0.1999070793390274,-0.1313086748123169,-0.00013369321823120117,0.9676467776298523,0.16109603643417359,0.19418510794639588,-0.1231369897723198,0.9732775092124939,-0.19382566213607789,-0.22022053599357606,0.16364333033561707,0.9616256356239319],"EasingStyle":"Linear","EasingDirection":"In"},"Right Arm":{"Weight":1,"CFrame":[-0.3955715298652649,-0.1171368956565857,0.30032670497894289,0.8471239805221558,0.3801824152469635,0.3712712228298187,-0.4154168665409088,0.03810311481356621,0.908832848072052,0.3313756287097931,-0.924126386642456,0.19021230936050416],"EasingStyle":"Linear","EasingDirection":"In"},"Left Arm":{"Weight":1,"CFrame":[0.1345006674528122,-0.35964274406433108,0.1676177978515625,0.03755531832575798,0.6547697186470032,-0.754895031452179,-0.9212595224380493,0.3153420388698578,0.2276848703622818,0.3871312439441681,0.6869032979011536,0.6150553226470947],"EasingStyle":"Linear","EasingDirection":"In"},"Head":{"Weight":1,"CFrame":[9.872019290924072e-8,2.0489096641540528e-8,0.0166623592376709,0.9472726583480835,-0.31785598397254946,0.04052374139428139,0.31804221868515017,0.9480745792388916,0.001940043643116951,-0.03903622552752495,0.01105053722858429,0.9991767406463623],"EasingStyle":"Linear","EasingDirection":"In"},"Torso":{"Weight":1,"CFrame":[0.01465587317943573,-0.07833178341388703,-0.06778240203857422,0.9889484643936157,-0.14597737789154054,0.025916019454598428,0.1474776566028595,0.986518144607544,-0.07093927264213562,-0.015211094170808792,0.07397731393575669,0.9971439242362976],"EasingStyle":"Linear","EasingDirection":"In"},"HumanoidRootPart":{"Weight":1,"CFrame":[0,0,0,1,0,0,0,1,0,0,0,1],"EasingStyle":"Linear","EasingDirection":"In"},"Right Leg":{"Weight":1,"CFrame":[-0.2674722969532013,-0.08810973167419434,-0.13572287559509278,0.6936815977096558,0.07091175764799118,-0.7167826890945435,-0.20849426090717317,0.9723078012466431,-0.10558368265628815,0.689446210861206,0.22268642485141755,0.6892566680908203],"EasingStyle":"Linear","EasingDirection":"In"}}},{"Time":0.033898305147886279,"poses":{"Left Leg":{"Weight":1,"CFrame":[-0.21053382754325868,-0.11027967929840088,0.007154226303100586,0.967047393321991,0.1673075407743454,0.19190482795238496,-0.1288922280073166,0.9717546701431274,-0.1976862996816635,-0.21955886483192445,0.16643697023391725,0.9612973928451538],"EasingStyle":"Linear","EasingDirection":"In"},"Right Arm":{"Weight":1,"CFrame":[-0.39449912309646609,-0.1185401976108551,0.3009098768234253,0.8343892693519592,0.41174596548080447,0.36641475558280947,-0.4008304476737976,-0.0030147575307637455,0.9161473512649536,0.37832459807395937,-0.9112936854362488,0.1625249683856964],"EasingStyle":"Linear","EasingDirection":"In"},"Left Arm":{"Weight":1,"CFrame":[0.1057448536157608,-0.3671756982803345,0.14324486255645753,-0.07144683599472046,0.6687030792236328,-0.7400890588760376,-0.92859947681427,0.2262861430644989,0.2941049039363861,0.36414071917533877,0.7082589864730835,0.604789674282074],"EasingStyle":"Linear","EasingDirection":"In"},"Head":{"Weight":1,"CFrame":[8.568167686462403e-8,-1.4435499906539917e-8,0.016661882400512697,0.9457031488418579,-0.32254308462142947,0.040144942700862887,0.3224937617778778,0.9465389251708984,0.007876102812588215,-0.04053909704089165,0.005497996229678392,0.9991628527641296],"EasingStyle":"Linear","EasingDirection":"In"},"Torso":{"Weight":1,"CFrame":[0.015957966446876527,-0.08018463850021362,-0.08832430839538574,0.988982617855072,-0.14530469477176667,0.028283489868044854,0.1471255123615265,0.9859296679496765,-0.07935252785682678,-0.016355236992239953,0.08263948559761048,0.9964452981948853],"EasingStyle":"Linear","EasingDirection":"In"},"HumanoidRootPart":{"Weight":1,"CFrame":[0,0,0,1,0,0,0,1,0,0,0,1],"EasingStyle":"Linear","EasingDirection":"In"},"Right Leg":{"Weight":1,"CFrame":[-0.26261019706726076,-0.07614672183990479,-0.12435823678970337,0.6958870887756348,0.06185956671833992,-0.7154819369316101,-0.20700012147426606,0.9712767601013184,-0.1173558160662651,0.6876713633537293,0.2297711819410324,0.6887040138244629],"EasingStyle":"Linear","EasingDirection":"In"}}},{"Time":0.050847455859184268,"poses":{"Left Leg":{"Weight":1,"CFrame":[-0.21519431471824647,-0.09112954139709473,0.013265252113342286,0.9650105834007263,0.18230636417865754,0.1884649097919464,-0.14346915483474732,0.9687255024909973,-0.2024543285369873,-0.219479501247406,0.16833163797855378,0.960985541343689],"EasingStyle":"Linear","EasingDirection":"In"},"Right Arm":{"Weight":1,"CFrame":[-0.39355403184890749,-0.11985531449317932,0.30153512954711916,0.8216643333435059,0.439667671918869,0.3627123534679413,-0.3847087621688843,-0.04174348711967468,0.9220936298370361,0.42055559158325198,-0.8971899747848511,0.13484492897987367],"EasingStyle":"Linear","EasingDirection":"In"},"Left Arm":{"Weight":1,"CFrame":[0.06454454362392426,-0.37631213665008547,0.1083829402923584,-0.18229717016220094,0.6721870303153992,-0.7175880074501038,-0.9192555546760559,0.14246323704719544,0.3669790029525757,0.3489084839820862,0.7265457510948181,0.5919407606124878],"EasingStyle":"Linear","EasingDirection":"In"},"Head":{"Weight":1,"CFrame":[8.754432201385498e-8,-5.681067705154419e-8,0.016661763191223146,0.9444796442985535,-0.3262161910533905,0.039260830730199817,0.3258141279220581,0.9452913403511047,0.01641440950334072,-0.042467549443244937,-0.002711361972615123,0.9990941882133484],"EasingStyle":"Linear","EasingDirection":"In"},"Torso":{"Weight":1,"CFrame":[0.01838979870080948,-0.08309310674667359,-0.10741782188415528,0.9889907836914063,-0.14452645182609559,0.03177350014448166,0.1468747854232788,0.9848917722702026,-0.0917387381196022,-0.018034784123301507,0.09539547562599182,0.9952760934829712],"EasingStyle":"Linear","EasingDirection":"In"},"HumanoidRootPart":{"Weight":1,"CFrame":[0,0,0,1,0,0,0,1,0,0,0,1],"EasingStyle":"Linear","EasingDirection":"In"},"Right Leg":{"Weight":1,"CFrame":[-0.26205140352249148,-0.06687116622924805,-0.11602795124053955,0.6992419958114624,0.04495108872652054,-0.7134703397750855,-0.1990460902452469,0.970797598361969,-0.13391301035881043,0.6866157650947571,0.23565104603767396,0.6877698302268982],"EasingStyle":"Linear","EasingDirection":"In"}}},{"Time":0.06779661029577255,"poses":{"Left Leg":{"Weight":1,"CFrame":[-0.21447570621967317,-0.07518661022186279,0.01787114143371582,0.9615095853805542,0.20367376506328584,0.1844348907470703,-0.16451850533485413,0.9643518328666687,-0.20726585388183595,-0.2200748175382614,0.16894520819187165,0.9607416987419128],"EasingStyle":"Linear","EasingDirection":"In"},"Right Arm":{"Weight":1,"CFrame":[-0.39269882440567019,-0.12104889750480652,0.302188515663147,0.8092413544654846,0.46489593386650088,0.35916584730148318,-0.36719438433647158,-0.07696662843227387,0.9269543886184692,0.4585811495780945,-0.8820135593414307,0.10842256247997284],"EasingStyle":"Linear","EasingDirection":"In"},"Left Arm":{"Weight":1,"CFrame":[0.01699775457382202,-0.38599893450737,0.06821894645690918,-0.2865769863128662,0.6673581600189209,-0.6873912811279297,-0.8955711126327515,0.06827061623334885,0.43964940309524538,0.3403322994709015,0.7416010499000549,0.5781018733978272],"EasingStyle":"Linear","EasingDirection":"In"},"Head":{"Weight":1,"CFrame":[9.12696123123169e-8,-3.4458935260772708e-8,0.016661882400512697,0.9435266852378845,-0.3291061222553253,0.03803517296910286,0.3282732665538788,0.9442091584205627,0.026565562933683397,-0.04465606436133385,-0.012579401955008507,0.9989233016967773],"EasingStyle":"Linear","EasingDirection":"In"},"Torso":{"Weight":1,"CFrame":[0.021110907196998597,-0.08691205084323883,-0.12357068061828613,0.9889909625053406,-0.14353050291538239,0.03599845618009567,0.14660753309726716,0.9834166169166565,-0.10676158219575882,-0.020077934488654138,0.11086387932300568,0.9936327934265137],"EasingStyle":"Linear","EasingDirection":"In"},"HumanoidRootPart":{"Weight":1,"CFrame":[0,0,0,1,0,0,0,1,0,0,0,1],"EasingStyle":"Linear","EasingDirection":"In"},"Right Leg":{"Weight":1,"CFrame":[-0.26442763209342959,-0.06138908863067627,-0.11088812351226807,0.703194797039032,0.022773411124944688,-0.71063232421875,-0.18644088506698609,0.9704179763793945,-0.15339095890522004,0.6861171722412109,0.24035461246967317,0.6866388320922852],"EasingStyle":"Linear","EasingDirection":"In"}}},{"Time":0.08474576473236084,"poses":{"Left Leg":{"Weight":1,"CFrame":[-0.20906245708465577,-0.06391775608062744,0.020578742027282716,0.9565383791923523,0.22905749082565309,0.18046273291110993,-0.18974915146827699,0.9588336944580078,-0.21126629412174226,-0.2214258760213852,0.16784164309501649,0.9606246948242188],"EasingStyle":"Linear","EasingDirection":"In"},"Right Arm":{"Weight":1,"CFrame":[-0.3919035792350769,-0.12207385897636414,0.30284953117370608,0.7973989844322205,0.4881630539894104,0.35475578904151919,-0.34860217571258547,-0.1072269082069397,0.931117057800293,0.4925762414932251,-0.8661404252052307,0.08467210829257965],"EasingStyle":"Linear","EasingDirection":"In"},"Left Arm":{"Weight":1,"CFrame":[-0.030726386234164239,-0.3952083885669708,0.027927398681640626,-0.3768027126789093,0.6580886244773865,-0.6518735885620117,-0.8624954223632813,0.007391893304884434,0.5060109496116638,0.3378186523914337,0.7529043555259705,0.5648130178451538],"EasingStyle":"Linear","EasingDirection":"In"},"Head":{"Weight":1,"CFrame":[8.195638656616211e-8,-3.91155481338501e-8,0.0166623592376709,0.9427626729011536,-0.33144667744636538,0.03662743419408798,0.3301466703414917,0.9431909322738648,0.037338484078645709,-0.046922408044338229,-0.023108966648578645,0.9986312389373779],"EasingStyle":"Linear","EasingDirection":"In"},"Torso":{"Weight":1,"CFrame":[0.023279041051864625,-0.09149730205535889,-0.13524699211120606,0.9890034794807434,-0.14221951365470887,0.04056864231824875,0.14619922637939454,0.9815679788589478,-0.12308602780103684,-0.02231564000248909,0.12766359746456147,0.99156653881073],"EasingStyle":"Linear","EasingDirection":"In"},"HumanoidRootPart":{"Weight":1,"CFrame":[0,0,0,1,0,0,0,1,0,0,0,1],"EasingStyle":"Linear","EasingDirection":"In"},"Right Leg":{"Weight":1,"CFrame":[-0.26811590790748598,-0.0607222318649292,-0.10914081335067749,0.7072352766990662,-0.002032960532233119,-0.7069752216339111,-0.17103596031665803,0.9697988629341126,-0.17388762533664704,0.6859773397445679,0.24389758706092835,0.6855283379554749],"EasingStyle":"Linear","EasingDirection":"In"}}},{"Time":0.10169491171836853,"poses":{"Left Leg":{"Weight":1,"CFrame":[-0.19963137805461884,-0.058783531188964847,0.02096092700958252,0.9502224922180176,0.2562239468097687,0.17727534472942353,-0.21698227524757386,0.952509343624115,-0.21364666521549226,-0.22359782457351685,0.16454626619815827,0.9606917500495911],"EasingStyle":"Linear","EasingDirection":"In"},"Right Arm":{"Weight":1,"CFrame":[-0.39114367961883547,-0.12287607789039612,0.3034902811050415,0.7864311933517456,0.5100318193435669,0.3484158217906952,-0.32945185899734499,-0.13078080117702485,0.9350711107254028,0.5224820971488953,-0.8501552939414978,0.06518081575632096],"EasingStyle":"Linear","EasingDirection":"In"},"Left Arm":{"Weight":1,"CFrame":[-0.07241397351026535,-0.4029582440853119,-0.007327139377593994,-0.44708138704299929,0.6492902040481567,-0.6152565479278565,-0.8268469572067261,-0.03758654743432999,0.5611698031425476,0.3412366807460785,0.7596114277839661,0.5536677837371826],"EasingStyle":"Linear","EasingDirection":"In"},"Head":{"Weight":1,"CFrame":[8.195638656616211e-8,9.313225746154785e-9,0.016662240028381349,0.9421016573905945,-0.33347538113594057,0.03519461676478386,0.3317162096500397,0.9421705007553101,0.047742269933223727,-0.04908028244972229,-0.033303532749414447,0.9982395172119141],"EasingStyle":"Linear","EasingDirection":"In"},"Torso":{"Weight":1,"CFrame":[0.0240514874458313,-0.0967106819152832,-0.14084196090698243,0.989050567150116,-0.1405189484357834,0.045093752443790439,0.1455153375864029,0.9794883131980896,-0.1393841952085495,-0.02458268217742443,0.1444198340177536,0.9892112016677856],"EasingStyle":"Linear","EasingDirection":"In"},"HumanoidRootPart":{"Weight":1,"CFrame":[0,0,0,1,0,0,0,1,0,0,0,1],"EasingStyle":"Linear","EasingDirection":"In"},"Right Leg":{"Weight":1,"CFrame":[-0.2714370787143707,-0.06568968296051026,-0.1110953688621521,0.7110040187835693,-0.026860836893320085,-0.7026748061180115,-0.15464168787002564,0.9688343405723572,-0.19350992143154145,0.6859731674194336,0.24624906480312348,0.684691309928894],"EasingStyle":"Linear","EasingDirection":"In"}}},{"Time":0.11864406615495682,"poses":{"Left Leg":{"Weight":1,"CFrame":[-0.18873204290866853,-0.057175397872924808,0.020125627517700197,0.9432913661003113,0.28181490302085879,0.17544686794281007,-0.2427818328142166,0.9460984468460083,-0.21437066793441773,-0.2264029085636139,0.15961867570877076,0.9608661532402039],"EasingStyle":"Linear","EasingDirection":"In"},"Right Arm":{"Weight":1,"CFrame":[-0.3903995752334595,-0.12339407205581665,0.30407512187957766,0.7766618728637695,0.530894935131073,0.33903804421424868,-0.31047025322914126,-0.14568957686424256,0.9393523931503296,0.5480917096138,-0.8348205089569092,0.05167578160762787],"EasingStyle":"Linear","EasingDirection":"In"},"Left Arm":{"Weight":1,"CFrame":[-0.10183969885110855,-0.4083026647567749,-0.0323939323425293,-0.4930340647697449,0.6460462212562561,-0.5827021598815918,-0.7961722016334534,-0.06501996517181397,0.6015665531158447,0.3507525622844696,0.7605239748954773,0.5464209914207459],"EasingStyle":"Linear","EasingDirection":"In"},"Head":{"Weight":1,"CFrame":[7.82310962677002e-8,6.146728992462158e-8,0.016662120819091798,0.9414275288581848,-0.33550775051116946,0.033895932137966159,0.33334392309188845,0.9410932660102844,0.056792695075273517,-0.0509537048637867,-0.04216718673706055,0.9978104829788208],"EasingStyle":"Linear","EasingDirection":"In"},"Torso":{"Weight":1,"CFrame":[0.022905558347702028,-0.10229098796844483,-0.142730712890625,0.9891683459281921,-0.13830170035362245,0.049180012196302417,0.14433257281780244,0.9774181842803955,-0.1543433666229248,-0.026723485440015794,0.15976984798908235,0.9867925047874451],"EasingStyle":"Linear","EasingDirection":"In"},"HumanoidRootPart":{"Weight":1,"CFrame":[0,0,0,1,0,0,0,1,0,0,0,1],"EasingStyle":"Linear","EasingDirection":"In"},"Right Leg":{"Weight":1,"CFrame":[-0.2711665630340576,-0.07344043254852295,-0.11441689729690552,0.7144722938537598,-0.048057492822408679,-0.6980112195014954,-0.14058490097522736,0.9674310684204102,-0.21050699055194856,0.6853941679000855,0.24853122234344483,0.6844466328620911],"EasingStyle":"Linear","EasingDirection":"In"}}},{"Time":0.1355932205915451,"poses":{"Left Leg":{"Weight":1,"CFrame":[-0.17874076962471009,-0.056372880935668948,0.019637703895568849,0.9368089437484741,0.30265575647354128,0.17546617984771729,-0.2636973261833191,0.9404890537261963,-0.21434597671031953,-0.22989708185195924,0.15453124046325684,0.9608681201934815],"EasingStyle":"Linear","EasingDirection":"In"},"Right Arm":{"Weight":1,"CFrame":[-0.38965919613838198,-0.12356418371200562,0.30456626415252688,0.7684480547904968,0.5509302020072937,0.3255203068256378,-0.29255229234695437,-0.1499575674533844,0.9444183707237244,0.5691227912902832,-0.8209682106971741,0.04594142362475395],"EasingStyle":"Linear","EasingDirection":"In"},"Left Arm":{"Weight":1,"CFrame":[-0.11280082166194916,-0.4103107452392578,-0.04213881492614746,-0.5109231472015381,0.652779221534729,-0.5593183040618897,-0.7775764465332031,-0.07353553920984268,0.6244737505912781,0.3665136992931366,0.753970742225647,0.5451565980911255],"EasingStyle":"Linear","EasingDirection":"In"},"Head":{"Weight":1,"CFrame":[1.0058283805847168e-7,-3.259629011154175e-8,0.016661882400512697,0.9405144453048706,-0.33815711736679079,0.03290020301938057,0.33568814396858218,0.9398285746574402,0.06352721154689789,-0.05240267142653465,-0.04870408773422241,0.9974377155303955],"EasingStyle":"Linear","EasingDirection":"In"},"Torso":{"Weight":1,"CFrame":[0.02059243619441986,-0.10745728015899658,-0.1438133716583252,0.9894375205039978,-0.13515301048755647,0.05241234228014946,0.14210805296897889,0.9757172465324402,-0.16667702794075013,-0.02861272729933262,0.1723647266626358,0.9846175312995911],"EasingStyle":"Linear","EasingDirection":"In"},"HumanoidRootPart":{"Weight":1,"CFrame":[0,0,0,1,0,0,0,1,0,0,0,1],"EasingStyle":"Linear","EasingDirection":"In"},"Right Leg":{"Weight":1,"CFrame":[-0.2641376852989197,-0.07973229885101319,-0.11655551195144654,0.7180447578430176,-0.06208179518580437,-0.6932224631309509,-0.13156382739543916,0.9659501910209656,-0.22278080880641938,0.6834489703178406,0.2511695623397827,0.6854279637336731],"EasingStyle":"Linear","EasingDirection":"In"}}},{"Time":0.1525423675775528,"poses":{"Left Leg":{"Weight":1,"CFrame":[-0.170180544257164,-0.05715608596801758,0.019860267639160157,0.9316608905792236,0.31677156686782839,0.17794294655323029,-0.277513325214386,0.9365341067314148,-0.2142205536365509,-0.2345086634159088,0.15019942820072175,0.960440456867218],"EasingStyle":"Linear","EasingDirection":"In"},"Right Arm":{"Weight":1,"CFrame":[-0.38721683621406557,-0.12350538372993469,0.3025646209716797,0.7595870494842529,0.5736843347549439,0.3064538538455963,-0.2801273763179779,-0.13667187094688416,0.9501839280128479,0.5869892239570618,-0.8075934052467346,0.05689056217670441],"EasingStyle":"Linear","EasingDirection":"In"},"Left Arm":{"Weight":1,"CFrame":[-0.11016815155744553,-0.40909722447395327,-0.042619168758392337,-0.4987944960594177,0.6707251667976379,-0.5489370822906494,-0.7748088836669922,-0.06122654676437378,0.6292239427566528,0.38842684030532839,0.7391746640205383,0.5502231121063232],"EasingStyle":"Linear","EasingDirection":"In"},"Head":{"Weight":1,"CFrame":[1.043081283569336e-7,5.122274160385132e-8,0.016661882400512697,0.9391019940376282,-0.3421090543270111,0.032385870814323428,0.3394791781902313,0.9382248520851135,0.06699238717556,-0.05330398306250572,-0.05191834270954132,0.9972277879714966],"EasingStyle":"Linear","EasingDirection":"In"},"Torso":{"Weight":1,"CFrame":[0.018183991312980653,-0.11130616068840027,-0.1431896686553955,0.9899439811706543,-0.13059306144714356,0.05437299609184265,0.13821329176425935,0.9747984409332275,-0.1751144677400589,-0.03013397380709648,0.18086859583854676,0.9830455183982849],"EasingStyle":"Linear","EasingDirection":"In"},"HumanoidRootPart":{"Weight":1,"CFrame":[0,0,0,1,0,0,0,1,0,0,0,1],"EasingStyle":"Linear","EasingDirection":"In"},"Right Leg":{"Weight":1,"CFrame":[-0.24899238348007203,-0.08324921131134033,-0.11764776706695557,0.722084641456604,-0.06665770709514618,-0.6885857582092285,-0.12834055721759797,0.9651620388031006,-0.2280154824256897,0.6797957420349121,0.25301995873451235,0.6883739233016968],"EasingStyle":"Linear","EasingDirection":"In"}}},{"Time":0.16949152946472169,"poses":{"Left Leg":{"Weight":1,"CFrame":[-0.16332018375396729,-0.06070137023925781,0.021019697189331056,0.9286503195762634,0.32241421937942507,0.18346007168293,-0.28223419189453127,0.9350340962409973,-0.21460475027561189,-0.24073311686515809,0.14751414954662324,0.959316074848175],"EasingStyle":"Linear","EasingDirection":"In"},"Right Arm":{"Weight":1,"CFrame":[-0.3813056945800781,-0.12332656979560852,0.29578709602355959,0.7480942010879517,0.6011717915534973,0.28097593784332278,-0.2769107222557068,-0.10198178142309189,0.9554685950279236,0.6030552387237549,-0.7925857305526733,0.09017907828092575],"EasingStyle":"Linear","EasingDirection":"In"},"Left Arm":{"Weight":1,"CFrame":[-0.10322528332471848,-0.40546226501464846,-0.043168723583221439,-0.4586730897426605,0.697303831577301,-0.5508053302764893,-0.785309910774231,-0.028029706329107286,0.6184680461883545,0.41582128405570986,0.7162273526191711,0.560455858707428],"EasingStyle":"Linear","EasingDirection":"In"},"Head":{"Weight":1,"CFrame":[8.940696716308594e-8,2.7939677238464357e-9,0.016662240028381349,0.9369134902954102,-0.3480425775051117,0.03255124017596245,0.34543925523757937,0.9361006021499634,0.06623737514019013,-0.05352462828159332,-0.050814323127269748,0.997272789478302],"EasingStyle":"Linear","EasingDirection":"In"},"Torso":{"Weight":1,"CFrame":[0.01676623523235321,-0.11293265223503113,-0.13995361328125,0.9907582998275757,-0.12413828819990158,0.05466136708855629,0.13201361894607545,0.9750651121139526,-0.17838291823863984,-0.031154245138168336,0.18395036458969117,0.982441782951355],"EasingStyle":"Linear","EasingDirection":"In"},"HumanoidRootPart":{"Weight":1,"CFrame":[0,0,0,1,0,0,0,1,0,0,0,1],"EasingStyle":"Linear","EasingDirection":"In"},"Right Leg":{"Weight":1,"CFrame":[-0.22449415922164918,-0.0830237865447998,-0.11800158023834229,0.7267730832099915,-0.059604059904813769,-0.6842864751815796,-0.13164862990379334,0.9656714200973511,-0.2239363044500351,0.674143373966217,0.25283628702163699,0.693977415561676],"EasingStyle":"Linear","EasingDirection":"In"}}},{"Time":0.18644067645072938,"poses":{"Left Leg":{"Weight":1,"CFrame":[-0.1599254012107849,-0.05858945846557617,0.01842641830444336,0.9282557368278503,0.3201780319213867,0.1892809420824051,-0.2813916504383087,0.9373204112052918,-0.205546036362648,-0.2432282716035843,0.1375371813774109,0.9601686000823975],"EasingStyle":"Linear","EasingDirection":"In"},"Right Arm":{"Weight":1,"CFrame":[-0.371833860874176,-0.12294265627861023,0.2843940258026123,0.7348936200141907,0.6308870315551758,0.24882328510284425,-0.28280505537986758,-0.04839259013533592,0.9579558968544006,0.6164031028747559,-0.774364173412323,0.1428547203540802],"EasingStyle":"Linear","EasingDirection":"In"},"Left Arm":{"Weight":1,"CFrame":[-0.09246973693370819,-0.3994624614715576,-0.04359632730484009,-0.3911876678466797,0.728980302810669,-0.5617472529411316,-0.8043904900550842,0.025726210325956346,0.5935437083244324,0.4471333622932434,0.6840510368347168,0.5763211250305176],"EasingStyle":"Linear","EasingDirection":"In"},"Head":{"Weight":1,"CFrame":[8.195638656616211e-8,5.774199962615967e-8,0.0166623592376709,0.9361382126808167,-0.3501679599285126,0.0320596843957901,0.34778109192848208,0.9354856014251709,0.06257086247205734,-0.05190173164010048,-0.047425106167793277,0.9975255131721497],"EasingStyle":"Linear","EasingDirection":"In"},"Torso":{"Weight":1,"CFrame":[0.016260415315628053,-0.11341047286987305,-0.13224339485168458,0.9918764233589172,-0.1152741014957428,0.05378824472427368,0.12311623245477677,0.9762991666793823,-0.1779957115650177,-0.031995128840208057,0.18317194283008576,0.9825600981712341],"EasingStyle":"Linear","EasingDirection":"In"},"HumanoidRootPart":{"Weight":1,"CFrame":[0,0,0,1,0,0,0,1,0,0,0,1],"EasingStyle":"Linear","EasingDirection":"In"},"Right Leg":{"Weight":1,"CFrame":[-0.1905154287815094,-0.07672202587127686,-0.11544668674468994,0.7324902415275574,-0.04464595392346382,-0.6793118715286255,-0.13929402828216554,0.9669074416160584,-0.21374569833278657,0.6663745641708374,0.251190721988678,0.7020314335823059],"EasingStyle":"Linear","EasingDirection":"In"}}},{"Time":0.20338982343673707,"poses":{"Left Leg":{"Weight":1,"CFrame":[-0.16069014370441438,-0.04512357711791992,0.008460640907287598,0.930152952671051,0.31239938735961916,0.1929304003715515,-0.27937474846839907,0.9431189298629761,-0.18021269142627717,-0.23825468122959138,0.11372546851634979,0.9645212888717651],"EasingStyle":"Linear","EasingDirection":"In"},"Right Arm":{"Weight":1,"CFrame":[-0.3587196469306946,-0.12227034568786621,0.26856255531311037,0.7212343811988831,0.6600774526596069,0.21004469692707063,-0.29749730229377749,0.0213321540504694,0.9544844031333923,0.6255529522895813,-0.7508946061134338,0.21175676584243775],"EasingStyle":"Linear","EasingDirection":"In"},"Left Arm":{"Weight":1,"CFrame":[-0.0784582793712616,-0.39114266633987429,-0.043713927268981937,-0.2963530123233795,0.7606028914451599,-0.5776315331459045,-0.8257108330726624,0.09990205615758896,0.555176854133606,0.47997575998306277,0.6414849162101746,0.5984317064285278],"EasingStyle":"Linear","EasingDirection":"In"},"Head":{"Weight":1,"CFrame":[1.0058283805847168e-7,-9.313225746154785e-8,0.016662240028381349,0.9388982057571411,-0.34292182326316836,0.029576294124126436,0.34088531136512759,0.9383184909820557,0.05792782083153725,-0.04761669784784317,-0.0443061925470829,0.9978826642036438],"EasingStyle":"Linear","EasingDirection":"In"},"Torso":{"Weight":1,"CFrame":[0.01582390069961548,-0.11431369185447693,-0.11976814270019531,0.993186354637146,-0.10402487218379975,0.05253443494439125,0.11175957322120667,0.9779560565948486,-0.17638573050498963,-0.03302786126732826,0.18105509877204896,0.9829183220863342],"EasingStyle":"Linear","EasingDirection":"In"},"HumanoidRootPart":{"Weight":1,"CFrame":[0,0,0,1,0,0,0,1,0,0,0,1],"EasingStyle":"Linear","EasingDirection":"In"},"Right Leg":{"Weight":1,"CFrame":[-0.14837199449539185,-0.06292188167572022,-0.10777014493942261,0.7394052147865295,-0.027111774310469629,-0.6727144718170166,-0.14852748811244965,0.9680024981498718,-0.2022644728422165,0.6566729545593262,0.249471977353096,0.7117193341255188],"EasingStyle":"Linear","EasingDirection":"In"}}},{"Time":0.22033898532390595,"poses":{"Left Leg":{"Weight":1,"CFrame":[-0.16427242755889893,-0.025777339935302736,-0.007263243198394775,0.9337679147720337,0.29992344975471499,0.1952524185180664,-0.2752412259578705,0.950555682182312,-0.14382684230804444,-0.22873526811599732,0.08055932819843292,0.9701497554779053],"EasingStyle":"Linear","EasingDirection":"In"},"Right Arm":{"Weight":1,"CFrame":[-0.34189003705978396,-0.12125179171562195,0.2484680414199829,0.7086822986602783,0.6858596801757813,0.16542689502239228,-0.3201582133769989,0.10368350893259049,0.941673219203949,0.6287035942077637,-0.720309853553772,0.29306235909461977],"EasingStyle":"Linear","EasingDirection":"In"},"Left Arm":{"Weight":1,"CFrame":[-0.06179950386285782,-0.38057905435562136,-0.04332154989242554,-0.17500393092632295,0.785595178604126,-0.5934762954711914,-0.841536283493042,0.1935376226902008,0.5043410658836365,0.5110678672790527,0.5876933336257935,0.6272368431091309],"EasingStyle":"Linear","EasingDirection":"In"},"Head":{"Weight":1,"CFrame":[7.82310962677002e-8,1.1548399925231934e-7,0.016662240028381349,0.9446151256561279,-0.32720106840133669,0.025328725576400758,0.3256043791770935,0.9440566897392273,0.05233539268374443,-0.041036028414964679,-0.04118960723280907,0.9983083009719849],"EasingStyle":"Linear","EasingDirection":"In"},"Torso":{"Weight":1,"CFrame":[0.015420600771903992,-0.11547306180000305,-0.10400652885437012,0.9945749640464783,-0.09069973975419998,0.05093301087617874,0.09825335443019867,0.9798954725265503,-0.17364127933979035,-0.03415980562567711,0.1777036190032959,0.9834910035133362],"EasingStyle":"Linear","EasingDirection":"In"},"HumanoidRootPart":{"Weight":1,"CFrame":[0,0,0,1,0,0,0,1,0,0,0,1],"EasingStyle":"Linear","EasingDirection":"In"},"Right Leg":{"Weight":1,"CFrame":[-0.09922582656145096,-0.04239225387573242,-0.09565597772598267,0.7471766471862793,-0.007428424898535013,-0.6645839810371399,-0.15906254947185517,0.9688798785209656,-0.1896601766347885,0.6453108787536621,0.2474200278520584,0.7227427959442139],"EasingStyle":"Linear","EasingDirection":"In"}}},{"Time":0.23728813230991364,"poses":{"Left Leg":{"Weight":1,"CFrame":[-0.16923247277736665,-0.005719304084777832,-0.02669888734817505,0.9384220838546753,0.2837238609790802,0.19714128971099854,-0.26823702454566958,0.9579557180404663,-0.10183218866586685,-0.2177448868751526,0.04268103465437889,0.9750720858573914],"EasingStyle":"Linear","EasingDirection":"In"},"Right Arm":{"Weight":1,"CFrame":[-0.3212723731994629,-0.11986330151557923,0.22426283359527589,0.6990007162094116,0.7055141925811768,0.11682377010583878,-0.34919536113739016,0.19417624175548554,0.9167105555534363,0.6240677833557129,-0.68157559633255,0.3820916712284088],"EasingStyle":"Linear","EasingDirection":"In"},"Left Arm":{"Weight":1,"CFrame":[-0.043132565915584567,-0.3679128885269165,-0.042189180850982669,-0.030243944376707078,0.7965612411499023,-0.6038010716438294,-0.8434275984764099,0.3038320243358612,0.4430755376815796,0.536391019821167,0.5226627588272095,0.6626524925231934],"EasingStyle":"Linear","EasingDirection":"In"},"Head":{"Weight":1,"CFrame":[9.499490261077881e-8,-8.102506399154663e-8,0.016661882400512697,0.9525279402732849,-0.3038225471973419,0.01955438032746315,0.3027063310146332,0.9519800543785095,0.04585907235741615,-0.0325484499335289,-0.0377628430724144,0.9987565279006958],"EasingStyle":"Linear","EasingDirection":"In"},"Torso":{"Weight":1,"CFrame":[0.015017107129096985,-0.11671802401542664,-0.0864417552947998,0.9959318041801453,-0.07560983300209046,0.04902048408985138,0.0829104483127594,0.9819760918617249,-0.16984932124614716,-0.03529466316103935,0.1732226461172104,0.9842500686645508],"EasingStyle":"Linear","EasingDirection":"In"},"HumanoidRootPart":{"Weight":1,"CFrame":[0,0,0,1,0,0,0,1,0,0,0,1],"EasingStyle":"Linear","EasingDirection":"In"},"Right Leg":{"Weight":1,"CFrame":[-0.04442808777093887,-0.01583576202392578,-0.07994979619979859,0.7554850578308106,0.013835247606039048,-0.6550196409225464,-0.17044642567634583,0.9695013761520386,-0.1761114001274109,0.6326058506965637,0.2446952760219574,0.7348021268844605],"EasingStyle":"Linear","EasingDirection":"In"}}},{"Time":0.2542372941970825,"poses":{"Left Leg":{"Weight":1,"CFrame":[-0.1740155816078186,0.010962367057800293,-0.046966731548309329,0.9433496594429016,0.26494020223617556,0.1997450292110443,-0.25812482833862307,0.9642521739006043,-0.05991215631365776,-0.2084776908159256,0.0049589513801038269,0.9780146479606628],"EasingStyle":"Linear","EasingDirection":"In"},"Right Arm":{"Weight":1,"CFrame":[-0.29678142070770266,-0.11811572313308716,0.19605493545532227,0.6939020752906799,0.7169211506843567,0.06725998222827912,-0.3821815848350525,0.28751757740974429,0.87822026014328,0.6102762818336487,-0.6351044178009033,0.47350314259529116],"EasingStyle":"Linear","EasingDirection":"In"},"Left Arm":{"Weight":1,"CFrame":[-0.023080360144376756,-0.3533792197704315,-0.040040552616119388,0.13149765133857728,0.7865177989006043,-0.6034056544303894,-0.8235993385314941,0.4254472553730011,0.3750719428062439,0.5517179369926453,0.44764336943626406,0.7037206888198853],"EasingStyle":"Linear","EasingDirection":"In"},"Head":{"Weight":1,"CFrame":[7.264316082000733e-8,-9.080395102500916e-9,0.01666247844696045,0.9617619514465332,-0.27360138297080996,0.01250198483467102,0.2729548215866089,0.9612524509429932,0.038592852652072909,-0.022576652467250825,-0.03370468318462372,0.9991769194602966],"EasingStyle":"Linear","EasingDirection":"In"},"Torso":{"Weight":1,"CFrame":[0.014580890536308289,-0.11787864565849304,-0.0685577392578125,0.9971545934677124,-0.05906995013356209,0.04683426767587662,0.06604871153831482,0.9840633273124695,-0.1650974005460739,-0.03633558377623558,0.1677209734916687,0.9851647615432739],"EasingStyle":"Linear","EasingDirection":"In"},"HumanoidRootPart":{"Weight":1,"CFrame":[0,0,0,1,0,0,0,1,0,0,0,1],"EasingStyle":"Linear","EasingDirection":"In"},"Right Leg":{"Weight":1,"CFrame":[0.014537476003170014,0.016217172145843507,-0.061523497104644778,0.764058530330658,0.03601417690515518,-0.6441408395767212,-0.18211764097213746,0.9698739051818848,-0.16179585456848145,0.6189084649085999,0.24093085527420045,0.7475992441177368],"EasingStyle":"Linear","EasingDirection":"In"}}},{"Time":0.2711864411830902,"poses":{"Left Leg":{"Weight":1,"CFrame":[-0.17698945105075837,0.02170497179031372,-0.064572274684906,0.9477264285087586,0.2448827177286148,0.20456580817699433,-0.24529792368412019,0.969157338142395,-0.023731257766485215,-0.2040678858757019,-0.027688831090927125,0.9785651564598084],"EasingStyle":"Linear","EasingDirection":"In"},"Right Arm":{"Weight":1,"CFrame":[-0.26830267906188967,-0.11604103446006775,0.16389381885528565,0.694719672203064,0.7189828157424927,0.020699234679341317,-0.41605544090270998,0.37820711731910708,0.8269565105438232,0.5867389440536499,-0.5831151008605957,0.5618848204612732],"EasingStyle":"Linear","EasingDirection":"In"},"Left Arm":{"Weight":1,"CFrame":[-0.0021881386637687685,-0.33730435371398928,-0.03654605150222778,0.3004128038883209,0.7506101131439209,-0.5885039567947388,-0.7767775654792786,0.55058753490448,0.3057287037372589,0.5535058975219727,0.3652917146682739,0.7484604716300964],"EasingStyle":"Linear","EasingDirection":"In"},"Head":{"Weight":1,"CFrame":[8.009374141693115e-8,-1.5832483768463136e-8,0.016662001609802247,0.9713972210884094,-0.23741915822029115,0.004434599075466394,0.23717796802520753,0.9709827899932861,0.03064512088894844,-0.011581681668758393,-0.02871684916317463,0.999520480632782],"EasingStyle":"Linear","EasingDirection":"In"},"Torso":{"Weight":1,"CFrame":[0.014077983796596527,-0.11878553032875061,-0.051839590072631839,0.9981552362442017,-0.041398752480745319,0.044410135596990588,0.047991398721933368,0.9860350489616394,-0.15947380661964417,-0.03718792274594307,0.16131092607975007,0.9862028360366821],"EasingStyle":"Linear","EasingDirection":"In"},"HumanoidRootPart":{"Weight":1,"CFrame":[0,0,0,1,0,0,0,1,0,0,0,1],"EasingStyle":"Linear","EasingDirection":"In"},"Right Leg":{"Weight":1,"CFrame":[0.07594763487577439,0.053138673305511478,-0.04138290882110596,0.7726979851722717,0.058303918689489368,-0.6320906281471252,-0.19334597885608674,0.9700746536254883,-0.14687594771385194,0.6046116948127747,0.23570282757282258,0.7608475089073181],"EasingStyle":"Linear","EasingDirection":"In"}}},{"Time":0.2881355881690979,"poses":{"Left Leg":{"Weight":1,"CFrame":[-0.17650745809078217,0.025383830070495607,-0.07590842247009278,0.9506796002388,0.2250344157218933,0.21346603333950044,-0.23063188791275025,0.9730401039123535,0.0013562458334490657,-0.20740588009357453,-0.05052145943045616,0.9769495129585266],"EasingStyle":"Linear","EasingDirection":"In"},"Right Arm":{"Weight":1,"CFrame":[-0.236281618475914,-0.11357879638671875,0.12781286239624024,0.7153979539871216,0.6982094645500183,-0.026635516434907914,-0.43280449509620669,0.4727414846420288,0.7675909996032715,0.5485308766365051,-0.5376049876213074,0.6403864026069641],"EasingStyle":"Linear","EasingDirection":"In"},"Left Arm":{"Weight":1,"CFrame":[0.019136298447847368,-0.320064514875412,-0.03133779764175415,0.4646756052970886,0.6876872181892395,-0.5578198432922363,-0.701862633228302,0.6701314449310303,0.2414800375699997,0.5398753881454468,0.2793028950691223,0.794055700302124],"EasingStyle":"Linear","EasingDirection":"In"},"Head":{"Weight":1,"CFrame":[6.984919309616089e-8,-1.932494342327118e-8,0.016661882400512697,0.9805402159690857,-0.19626986980438233,-0.004370439797639847,0.1963186413049698,0.9802905321121216,0.022126946598291398,-0.000058610465202946219,-0.022554269060492517,0.9997456669807434],"EasingStyle":"Linear","EasingDirection":"In"},"Torso":{"Weight":1,"CFrame":[0.01347149908542633,-0.11927103996276856,-0.03777265548706055,0.998863935470581,-0.02291887253522873,0.04178024083375931,0.02906726486980915,0.9877880215644836,-0.15306894481182099,-0.03776185214519501,0.15410949289798737,0.9873319268226624],"EasingStyle":"Linear","EasingDirection":"In"},"HumanoidRootPart":{"Weight":1,"CFrame":[0,0,0,1,0,0,0,1,0,0,0,1],"EasingStyle":"Linear","EasingDirection":"In"},"Right Leg":{"Weight":1,"CFrame":[0.13807141780853272,0.09467309713363648,-0.02033865451812744,0.7812844514846802,0.07990486919879914,-0.6190394163131714,-0.20340771973133088,0.9702253937721252,-0.13148367404937745,0.5901014804840088,0.22864346206188203,0.7742753624916077],"EasingStyle":"Linear","EasingDirection":"In"}}},{"Time":0.3050847351551056,"poses":{"Left Leg":{"Weight":1,"CFrame":[-0.17083516716957093,0.021578311920166017,-0.0776715874671936,0.9512349367141724,0.2071245163679123,0.22858591377735139,-0.21513165533542634,0.9765296578407288,0.010400828905403614,-0.2210666537284851,-0.0590696856379509,0.9734683036804199],"EasingStyle":"Linear","EasingDirection":"In"},"Right Arm":{"Weight":1,"CFrame":[-0.20192965865135194,-0.1118229329586029,0.08919346332550049,0.7630403637886047,0.6420843005180359,-0.07414217293262482,-0.4170452952384949,0.5767233371734619,0.7024694085121155,0.49380412697792055,-0.5050919055938721,0.707841694355011],"EasingStyle":"Linear","EasingDirection":"In"},"Left Arm":{"Weight":1,"CFrame":[0.04064461961388588,-0.30201584100723269,-0.02403932809829712,0.6129207015037537,0.6009080410003662,-0.5130672454833984,-0.6024923324584961,0.7755313515663147,0.18855786323547364,0.5112056732177734,0.19354794919490815,0.8373816013336182],"EasingStyle":"Linear","EasingDirection":"In"},"Head":{"Weight":1,"CFrame":[9.476207196712494e-8,3.9683072827756408e-8,0.016662120819091798,0.9883970022201538,-0.15128105878829957,-0.013624480925500393,0.15145891904830934,0.9883762001991272,0.013138756155967713,0.011478501372039318,-0.015049845911562443,0.9998209476470947],"EasingStyle":"Linear","EasingDirection":"In"},"Torso":{"Weight":1,"CFrame":[0.012719899415969849,-0.11916953325271607,-0.02784276008605957,0.9992325901985169,-0.0039559537544846539,0.038971174508333209,0.009609607979655266,0.9892415404319763,-0.14597554504871369,-0.03797443211078644,0.14623799920082093,0.9885203242301941],"EasingStyle":"Linear","EasingDirection":"In"},"HumanoidRootPart":{"Weight":1,"CFrame":[0,0,0,1,0,0,0,1,0,0,0,1],"EasingStyle":"Linear","EasingDirection":"In"},"Right Leg":{"Weight":1,"CFrame":[0.19901812076568604,0.1406300663948059,0.0007939338684082031,0.7897858619689941,0.09994178265333176,-0.6051858067512512,-0.21147166192531587,0.970511257648468,-0.1157045066356659,0.5757759213447571,0.2193613052368164,0.7876310348510742],"EasingStyle":"Linear","EasingDirection":"In"}}},{"Time":0.32203391194343569,"poses":{"Left Leg":{"Weight":1,"CFrame":[-0.16362421214580537,0.01705712080001831,-0.07335561513900757,0.9501601457595825,0.18949535489082337,0.24756254255771638,-0.1980542093515396,0.9801411628723145,0.009900658391416073,-0.2407701164484024,-0.0584380216896534,0.9688213467597961],"EasingStyle":"Linear","EasingDirection":"In"},"Right Arm":{"Weight":1,"CFrame":[-0.16624636948108674,-0.11261054873466492,0.05007743835449219,0.8263337016105652,0.5518895387649536,-0.11220910400152207,-0.36943185329437258,0.6815694570541382,0.6316510438919067,0.42507994174957278,-0.4805009365081787,0.7670894265174866],"EasingSty