{"Sequence":[{"Time":0,"poses":{"Left Leg":{"Weight":1,"CFrame":[0.10173831880092621,-0.0864114761352539,-0.12138938903808594,0.943605899810791,-0.015971314162015916,0.33068522810935976,0.038623981177806857,0.9973257184028626,-0.06204456090927124,-0.3288100063800812,0.07131798565387726,0.9416993856430054],"EasingStyle":"Constant","EasingDirection":"In"},"Right Arm":{"Weight":1,"CFrame":[4.917383193969727e-7,0.0000019073486328125,0.0000029802322387695314,0.968005895614624,0.12101615965366364,-0.2198168784379959,-0.12090227007865906,0.9925650358200073,0.014022221788764,0.21987955272197724,0.013002810999751091,0.9754403829574585],"EasingStyle":"Constant","EasingDirection":"In"},"Head":{"Weight":1,"CFrame":[0.000002253800630569458,2.7939677238464358e-7,-0.0000045299530029296879,0.9940202236175537,0.04055190831422806,0.10138888657093048,-0.03193331137299538,0.9958492517471314,-0.08522854745388031,-0.10442432016134262,0.0814812183380127,0.9911885261535645],"EasingStyle":"Constant","EasingDirection":"In"},"Left Arm":{"Weight":1,"CFrame":[-0.000001087784767150879,0.0000012814998626708985,-0.0000029206275939941408,0.9650334119796753,-0.1098814457654953,0.23798397183418275,0.10975240170955658,0.9938623905181885,0.013834045268595219,-0.23804344236850739,0.012768926098942757,0.9711706638336182],"EasingStyle":"Constant","EasingDirection":"In"},"Torso":{"Weight":1,"CFrame":[0,0,0,0.9999388456344605,-0.011056866496801377,-0.00032914578332565725,0.011055748909711838,0.99797123670578,0.06269868463277817,-0.00036478249239735305,-0.06269849091768265,0.9980323910713196],"EasingStyle":"Constant","EasingDirection":"In"},"HumanoidRootPart":{"Weight":0,"CFrame":[0,0,0,1,0,0,0,1,0,0,0,1],"EasingStyle":"Linear","EasingDirection":"In"},"Right Leg":{"Weight":1,"CFrame":[-0.5461646318435669,0.02863943576812744,-0.190871000289917,0.8237107396125794,0.2901151180267334,-0.4871692955493927,-0.3000955581665039,0.9520483613014221,0.05955160781741142,0.4810856282711029,0.09714405983686447,0.8712748289108276],"EasingStyle":"Constant","EasingDirection":"In"}}},{"Time":0.0833333358168602,"poses":{"Left Leg":{"Weight":1,"CFrame":[0.10323858261108399,-0.07579588890075684,-0.14009225368499757,0.9356850385665894,-0.022206377238035203,0.3521363437175751,0.03993795067071915,0.998269259929657,-0.04316917434334755,-0.35056841373443606,0.054456356912851337,0.9349526166915894],"EasingStyle":"Constant","EasingDirection":"In"},"Right Arm":{"Weight":1,"CFrame":[0.0000021010637283325197,0.000005811452865600586,0.000006109476089477539,0.9475368857383728,0.14155736565589906,-0.2865886092185974,-0.15005525946617127,0.9886457920074463,-0.007791332900524139,0.28223246335983279,0.050386909395456317,0.9580225348472595],"EasingStyle":"Constant","EasingDirection":"In"},"Head":{"Weight":1,"CFrame":[0.0000024605542421340944,0.0000010170042514801026,-0.00000998377799987793,0.9974439740180969,0.03823158144950867,0.060376282781362537,-0.03305693715810776,0.9958742260932922,-0.08449378609657288,-0.06335754692554474,0.08228178322315216,0.9945915937423706],"EasingStyle":"Constant","EasingDirection":"In"},"Left Arm":{"Weight":1,"CFrame":[-6.258487701416016e-7,0.000003546476364135742,0.00000286102294921875,0.9407540559768677,-0.14081846177577973,0.30846473574638369,0.13866989314556123,0.989913284778595,0.02899428829550743,-0.30943673849105837,0.01549816969782114,0.9507941007614136],"EasingStyle":"Constant","EasingDirection":"In"},"Torso":{"Weight":1,"CFrame":[0.014902512542903424,-2.1614687284454704e-7,0.0008273115381598473,0.9999168515205383,-0.0022334291134029629,0.012705047614872456,0.001495425938628614,0.9983267784118652,0.057802848517894748,-0.012812902219593525,-0.05777905508875847,0.9982470870018005],"EasingStyle":"Constant","EasingDirection":"In"},"HumanoidRootPart":{"Weight":0,"CFrame":[0,0,0,1,0,0,0,1,0,0,0,1],"EasingStyle":"Linear","EasingDirection":"In"},"Right Leg":{"Weight":1,"CFrame":[-0.5387746095657349,0.014147639274597168,-0.1830977201461792,0.8217307329177856,0.2738477885723114,-0.49976587295532229,-0.295276403427124,0.9546712040901184,0.037611350417137149,0.48741188645362856,0.11666269600391388,0.8653436303138733],"EasingStyle":"Constant","EasingDirection":"In"}}},{"Time":0.18333333730697633,"poses":{"Left Leg":{"Weight":1,"CFrame":[0.10850434005260468,-0.057867348194122317,-0.1449412703514099,0.9363120198249817,-0.025179963558912278,0.35026508569717409,0.03636140748858452,0.9990164041519165,-0.025382159277796747,-0.3492816686630249,0.03650175780057907,0.936306893825531],"EasingStyle":"Constant","EasingDirection":"In"},"Right Arm":{"Weight":1,"CFrame":[0.000005856156349182129,0.000002205371856689453,2.086162567138672e-7,0.9400514364242554,0.14720679819583894,-0.3076225519180298,-0.1615198403596878,0.9866365194320679,-0.021447427570819856,0.30035489797592165,0.06984911859035492,0.9512676000595093],"EasingStyle":"Constant","EasingDirection":"In"},"Head":{"Weight":1,"CFrame":[0.0000029476359486579897,-7.525086402893066e-7,-0.00000718235969543457,0.9992602467536926,0.033478859812021258,-0.01899072714149952,-0.034968435764312747,0.9958122372627258,-0.08445701003074646,0.016083722934126855,0.08505827933549881,0.9962458610534668],"EasingStyle":"Constant","EasingDirection":"In"},"Left Arm":{"Weight":1,"CFrame":[-0.0000013709068298339844,0.000003129243850708008,0.000008702278137207032,0.9047555327415466,-0.19219526648521424,0.38010141253471377,0.18567851185798646,0.9811185598373413,0.05412349849939346,-0.38332733511924746,0.021607980132102968,0.9233604669570923],"EasingStyle":"Constant","EasingDirection":"In"},"Torso":{"Weight":1,"CFrame":[0.030553622171282769,4.734611138701439e-7,-0.006497496273368597,0.9996672868728638,0.007538572419434786,0.02467103861272335,-0.00893707387149334,0.9983298182487488,0.057075511664152148,-0.024199582636356355,-0.057277027517557147,0.9980650544166565],"EasingStyle":"Constant","EasingDirection":"In"},"HumanoidRootPart":{"Weight":0,"CFrame":[0,0,0,1,0,0,0,1,0,0,0,1],"EasingStyle":"Linear","EasingDirection":"In"},"Right Leg":{"Weight":1,"CFrame":[-0.5334613919258118,0.010174334049224854,-0.17243057489395142,0.810548722743988,0.26949143409729006,-0.5199856758117676,-0.30352315306663515,0.9526020884513855,0.0205730888992548,0.5008837580680847,0.1411522477865219,0.8539273142814636],"EasingStyle":"Constant","EasingDirection":"In"}}},{"Time":0.2666666805744171,"poses":{"Left Leg":{"Weight":1,"CFrame":[0.114804707467556,-0.06838434934616089,-0.16300475597381593,0.9573383927345276,-0.027148477733135225,0.28769081830978396,0.033122606575489047,0.9993245005607605,-0.015917815268039705,-0.2870645523071289,0.024767819792032243,0.9575911164283752],"EasingStyle":"Constant","EasingDirection":"In"},"Right Arm":{"Weight":1,"CFrame":[0.0000030994415283203127,0.000003248453140258789,0.0000041425228118896488,0.9410780668258667,0.13909660279750825,-0.30825814604759219,-0.13985976576805116,0.9899740219116211,0.019733579829335214,0.3079127073287964,0.024542171508073808,0.9510982036590576],"EasingStyle":"Constant","EasingDirection":"In"},"Head":{"Weight":1,"CFrame":[0.00000657886266708374,4.172325134277344e-7,-0.000010728836059570313,0.9879903197288513,-0.012980278581380844,-0.1539715677499771,0.0014085173606872559,0.9971795678138733,-0.07502726465463638,0.15451137721538545,0.07390926778316498,0.9852212071418762],"EasingStyle":"Constant","EasingDirection":"In"},"Left Arm":{"Weight":1,"CFrame":[-0.000005245208740234375,0.00001755356788635254,-0.000013083219528198243,0.8737475872039795,-0.2232176661491394,0.43212994933128359,0.21154862642288209,0.9744366407394409,0.07560514658689499,-0.43796107172966006,0.025356531143188478,0.8986362814903259],"EasingStyle":"Constant","EasingDirection":"In"},"Torso":{"Weight":1,"CFrame":[0.03597046807408333,-0.0000011771335266530514,-0.0016061004716902972,0.999626100063324,0.022337600588798524,0.015770819038152696,-0.023225506767630578,0.998013436794281,0.058563027530908588,-0.014431343413889408,-0.05890742316842079,0.9981590509414673],"EasingStyle":"Constant","EasingDirection":"In"},"HumanoidRootPart":{"Weight":0,"CFrame":[0,0,0,1,0,0,0,1,0,0,0,1],"EasingStyle":"Linear","EasingDirection":"In"},"Right Leg":{"Weight":1,"CFrame":[-0.5232167840003967,0.013400077819824219,-0.15048062801361085,0.8187756538391113,0.2693803310394287,-0.5069916248321533,-0.29718464612960818,0.9544332027435303,0.027175839990377427,0.49121034145355227,0.12841926515102387,0.8615225553512573],"EasingStyle":"Constant","EasingDirection":"In"}}},{"Time":0.36666667461395266,"poses":{"Left Leg":{"Weight":1,"CFrame":[-0.00624786876142025,-0.07883650064468384,-0.09143334627151489,0.9933509826660156,-0.0480375736951828,0.10462185740470886,0.05073356628417969,0.9984412789344788,-0.023260856047272683,-0.10334165394306183,0.028414027765393258,0.9942401647567749],"EasingStyle":"Constant","EasingDirection":"In"},"Right Arm":{"Weight":1,"CFrame":[0.0000064373016357421879,0.000038951635360717776,0.000010579824447631836,0.9048303365707398,0.1427575796842575,-0.4011225700378418,-0.13059616088867188,0.9897539019584656,0.05765668302774429,0.40524551272392275,0.00021625426597893238,0.9142088890075684],"EasingStyle":"Constant","EasingDirection":"In"},"Head":{"Weight":1,"CFrame":[0.00001064687967300415,9.834766387939454e-7,-0.000022917985916137697,0.9805620908737183,-0.03312314301729202,-0.19339527189731599,0.018798671662807466,0.9969716668128967,-0.07543922960758209,0.19530841708183289,0.07033708691596985,0.9782136678695679],"EasingStyle":"Constant","EasingDirection":"In"},"Left Arm":{"Weight":1,"CFrame":[-0.000009715557098388672,0.00002962350845336914,-0.000007927417755126953,0.8946097493171692,-0.2303003966808319,0.38292527198791506,0.2062215954065323,0.9730216860771179,0.1034126803278923,-0.3964129686355591,-0.013546726666390896,0.9179728627204895],"EasingStyle":"Constant","EasingDirection":"In"},"Torso":{"Weight":1,"CFrame":[0.03596433997154236,-0.0000010112999007105828,-0.0016064135124906898,0.9992957711219788,0.036242131143808368,0.009722776710987091,-0.03669863939285278,0.9979821443557739,0.051814619451761249,-0.007825298234820366,-0.05213494971394539,0.9986092448234558],"EasingStyle":"Constant","EasingDirection":"In"},"HumanoidRootPart":{"Weight":0,"CFrame":[0,0,0,1,0,0,0,1,0,0,0,1],"EasingStyle":"Linear","EasingDirection":"In"},"Right Leg":{"Weight":1,"CFrame":[-0.5146685838699341,0.014323115348815918,-0.04976677894592285,0.7569387555122376,0.2516360282897949,-0.6030944585800171,-0.29083672165870669,0.956170916557312,0.033927373588085178,0.5851987600326538,0.149721160531044,0.7969479560852051],"EasingStyle":"Constant","EasingDirection":"In"}}},{"Time":0.4833333194255829,"poses":{"Left Leg":{"Weight":1,"CFrame":[-0.16660091280937196,-0.097889244556427,-0.014803767204284668,0.9999070167541504,0.010682431049644947,-0.008469156920909882,-0.011071144603192807,0.9988210201263428,-0.04726560413837433,0.007954247295856476,0.047354962676763538,0.9988462924957275],"EasingStyle":"Constant","EasingDirection":"In"},"Right Arm":{"Weight":1,"CFrame":[0.0000133514404296875,0.00004464387893676758,-0.000025600194931030275,0.8506947755813599,0.01841873861849308,-0.5253332853317261,0.018857281655073167,0.9976710081100464,0.0655149295926094,0.5253168940544128,-0.0656391978263855,0.8483680486679077],"EasingStyle":"Constant","EasingDirection":"In"},"Head":{"Weight":1,"CFrame":[0.00000527501106262207,3.3527612686157229e-7,-0.00003483891487121582,0.9905585050582886,-0.06603217869997025,-0.12013420462608338,0.05727514624595642,0.9955399632453919,-0.07494406402111054,0.12454705685377121,0.06735561043024063,0.9899219274520874],"EasingStyle":"Constant","EasingDirection":"In"},"Left Arm":{"Weight":1,"CFrame":[-0.00001189112663269043,0.000042051076889038089,-0.000007808208465576172,0.9116960167884827,-0.16486595571041108,0.37633153796195986,0.1433904618024826,0.9860404133796692,0.08459440618753433,-0.3850269317626953,-0.023162253201007844,0.922613799571991],"EasingStyle":"Constant","EasingDirection":"In"},"Torso":{"Weight":1,"CFrame":[0.009660719893872738,-7.426133379340172e-7,-0.0016058096662163735,0.9949982762336731,0.09837667644023895,-0.01732751727104187,-0.09855560213327408,0.9950833320617676,-0.009792018681764603,0.016279013827443124,0.011450760066509247,0.9998018741607666],"EasingStyle":"Constant","EasingDirection":"In"},"HumanoidRootPart":{"Weight":0,"CFrame":[0,0,0,1,0,0,0,1,0,0,0,1],"EasingStyle":"Linear","EasingDirection":"In"},"Right Leg":{"Weight":1,"CFrame":[-0.373828649520874,0.03852647542953491,0.21430784463882447,0.7665371894836426,0.21192042529582978,-0.60622638463974,-0.278958797454834,0.960151195526123,-0.017083799466490747,0.5784485340118408,0.1822075992822647,0.7951086759567261],"EasingStyle":"Constant","EasingDirection":"In"}}},{"Time":0.6166666746139526,"poses":{"Left Leg":{"Weight":1,"CFrame":[-0.05197495222091675,-0.11122101545333862,0.027416348457336427,0.9904966354370117,0.1065477579832077,0.08697031438350678,-0.10453639924526215,0.9941439628601074,-0.02737511321902275,-0.08937796950340271,0.01802341639995575,0.9958343505859375],"EasingStyle":"Constant","EasingDirection":"In"},"Right Arm":{"Weight":1,"CFrame":[0.0073471516370773319,-0.09342175722122193,0.004106640815734863,0.8928403258323669,-0.04371209442615509,-0.4482448399066925,0.08716512471437454,0.9932312965393066,0.07676339149475098,0.44185441732406618,-0.10760905593633652,0.8906077146530151],"EasingStyle":"Constant","EasingDirection":"In"},"Head":{"Weight":1,"CFrame":[0.000013646669685840607,0.0000020544975996017458,-0.000038057565689086917,0.9446259140968323,-0.32801321148872378,-0.009052895940840245,0.32813340425491335,0.9441224932670593,0.03094480186700821,-0.0016024475917220116,-0.03220188617706299,0.9994763731956482],"EasingStyle":"Constant","EasingDirection":"In"},"Left Arm":{"Weight":1,"CFrame":[0.01802194118499756,-0.008411318063735962,0.03471094369888306,0.9307464957237244,-0.10463613271713257,0.3503701686859131,0.06236422806978226,0.9895665645599365,0.12986059486865998,-0.36030423641204836,-0.09901639074087143,0.9275598526000977],"EasingStyle":"Constant","EasingDirection":"In"},"Torso":{"Weight":1,"CFrame":[-0.07608485966920853,-0.0000021457672119140627,-0.0016061220085248352,0.959461510181427,0.2766839265823364,-0.05365865305066109,-0.2801400423049927,0.957107663154602,-0.07393535226583481,0.030900420621037484,0.08597008138895035,0.9958181977272034],"EasingStyle":"Constant","EasingDirection":"In"},"HumanoidRootPart":{"Weight":0,"CFrame":[0,0,0,1,0,0,0,1,0,0,0,1],"EasingStyle":"Linear","EasingDirection":"In"},"Right Leg":{"Weight":1,"CFrame":[-0.028391428291797639,0.12428909540176392,0.44764667749404909,0.9011120796203613,0.1862933337688446,-0.39152514934539797,-0.2417939156293869,0.965454638004303,-0.09712177515029907,0.35990649461746218,0.18218594789505006,0.9150274395942688],"EasingStyle":"Constant","EasingDirection":"In"}}},{"Time":0.699999988079071,"poses":{"Left Leg":{"Weight":1,"CFrame":[0.1448850929737091,-0.1328200101852417,-0.02272161841392517,0.9857801795005798,0.10935915261507034,0.1275848150253296,-0.11225076019763947,0.9935562014579773,0.015677031129598619,-0.12504854798316956,-0.029775623232126237,0.9917035102844238],"EasingStyle":"Constant","EasingDirection":"In"},"Right Arm":{"Weight":1,"CFrame":[0.007342815399169922,-0.0934218168258667,0.004097610712051392,0.801880955696106,-0.018599361181259157,-0.5971923470497131,0.053851157426834109,0.9976972341537476,0.04123688116669655,0.5950479507446289,-0.06522652506828308,0.8010357022285461],"EasingStyle":"Constant","EasingDirection":"In"},"Head":{"Weight":1,"CFrame":[0.000007268041372299194,4.544854164123535e-7,-0.000027388334274291993,0.8606336712837219,-0.5074969530105591,0.041824616491794589,0.5055060386657715,0.8613752126693726,0.04991886764764786,-0.061359941959381106,-0.021818799898028375,0.9978762269020081],"EasingStyle":"Constant","EasingDirection":"In"},"Left Arm":{"Weight":1,"CFrame":[0.17196232080459596,0.005735605955123901,-0.042400896549224856,0.9310191869735718,-0.062229279428720477,0.35962462425231936,-0.013366471976041794,0.9788820743560791,0.20399023592472077,-0.36472460627555849,-0.19472543895244599,0.9105243682861328],"EasingStyle":"Constant","EasingDirection":"In"},"Torso":{"Weight":1,"CFrame":[-0.1130857765674591,-0.000003855675458908081,-0.001605890691280365,0.8879647254943848,0.4537949562072754,-0.07475630193948746,-0.4578171372413635,0.8876603245735169,-0.04962414503097534,0.043839000165462497,0.07828923314809799,0.995966374874115],"EasingStyle":"Constant","EasingDirection":"In"},"HumanoidRootPart":{"Weight":0,"CFrame":[0,0,0,1,0,0,0,1,0,0,0,1],"EasingStyle":"Linear","EasingDirection":"In"},"Right Leg":{"Weight":1,"CFrame":[0.1755550503730774,0.18547213077545167,0.37193265557289126,0.9312745928764343,0.08453427255153656,-0.3543747365474701,-0.043057072907686236,0.991428792476654,0.12334916740655899,0.3617643415927887,-0.09961361438035965,0.9269320964813232],"EasingStyle":"Constant","EasingDirection":"In"}}},{"Time":0.800000011920929,"poses":{"Left Leg":{"Weight":1,"CFrame":[0.1775377094745636,0.005610227584838867,0.05679762363433838,0.9588316679000855,-0.1393933743238449,0.2474086582660675,0.10901147127151489,0.9851596355438232,0.13257884979248048,-0.26221755146980288,-0.10015042871236801,0.9597975611686707],"EasingStyle":"Constant","EasingDirection":"In"},"Right Arm":{"Weight":1,"CFrame":[-0.1765335202217102,-0.08896738290786743,-0.2643376290798187,0.6885321736335754,0.13725987076759339,-0.7120931148529053,-0.15694788098335267,0.9868572354316711,0.038467828184366229,0.708013653755188,0.08527547121047974,0.7010252475738525],"EasingStyle":"Constant","EasingDirection":"In"},"Head":{"Weight":1,"CFrame":[0.000016927719116210939,0.000008087605237960816,-0.000020265579223632814,0.8163217306137085,-0.5580613613128662,0.14892563223838807,0.5535396337509155,0.8295066952705383,0.07419607043266297,-0.16494053602218629,0.021868783980607988,0.9860603213310242],"EasingStyle":"Constant","EasingDirection":"In"},"Left Arm":{"Weight":1,"CFrame":[0.2215394824743271,0.11011405289173126,-0.12368816137313843,0.9882601499557495,0.13096128404140473,-0.0786544680595398,-0.08978847414255142,0.9145004749298096,0.39449557662010195,0.12359350919723511,-0.38280177116394045,0.9155230522155762],"EasingStyle":"Constant","EasingDirection":"In"},"Torso":{"Weight":1,"CFrame":[-0.24203191697597505,-0.00000712275505065918,-0.06908450275659561,0.8248828649520874,0.5651378035545349,0.013682028278708458,-0.5652761459350586,0.8248390555381775,0.010151747614145279,-0.005548318848013878,-0.016108091920614244,0.9998548626899719],"EasingStyle":"Constant","EasingDirection":"In"},"HumanoidRootPart":{"Weight":0,"CFrame":[0,0,0,1,0,0,0,1,0,0,0,1],"EasingStyle":"Linear","EasingDirection":"In"},"Right Leg":{"Weight":1,"CFrame":[0.1229870617389679,0.10015887022018433,0.1450599581003189,0.8862542510032654,-0.04073185473680496,-0.4614045023918152,0.1655568927526474,0.9581806063652039,0.23341138660907746,0.43260151147842409,-0.2832506000995636,0.8559349179267883],"EasingStyle":"Constant","EasingDirection":"In"}}},{"Time":0.8833333253860474,"poses":{"Left Leg":{"Weight":1,"CFrame":[0.2244003266096115,0.17999619245529176,-0.06007865071296692,0.9370795488357544,-0.2717265188694,0.21919438242912293,0.2068474441766739,0.9379238486289978,0.2784115970134735,-0.28123947978019717,-0.2155541181564331,0.9351150989532471],"EasingStyle":"Constant","EasingDirection":"In"},"Right Arm":{"Weight":1,"CFrame":[-0.1765173077583313,-0.08896446228027344,-0.2643335461616516,0.6201773285865784,0.11696942150592804,-0.7756865620613098,-0.17115750908851624,0.9851735830307007,0.011715898290276528,0.7655563950538635,0.12549909949302674,0.6310025453567505],"EasingStyle":"Constant","EasingDirection":"In"},"Head":{"Weight":1,"CFrame":[0.000022873282432556154,0.000015497207641601564,-0.0000209808349609375,0.7384883165359497,-0.624176561832428,0.2550255358219147,0.6187540888786316,0.7776307463645935,0.11150306463241577,-0.26791349053382876,0.0754544660449028,0.960483729839325],"EasingStyle":"Constant","EasingDirection":"In"},"Left Arm":{"Weight":1,"CFrame":[0.26386982202529909,0.2094074785709381,-0.04457587003707886,0.8491390943527222,0.25047922134399416,-0.4649955928325653,-0.08418948203325272,0.9333276152610779,0.3490150570869446,0.5214145183563232,-0.2572144567966461,0.8136129975318909],"EasingStyle":"Constant","EasingDirection":"In"},"Torso":{"Weight":1,"CFrame":[-0.3740212023258209,-0.000009953975677490235,-0.15024808049201966,0.7608133554458618,0.6446956992149353,0.07436513900756836,-0.6480886340141296,0.7607465386390686,0.03529052808880806,-0.033821359276771548,-0.0750446692109108,0.9966064095497131],"EasingStyle":"Constant","EasingDirection":"In"},"HumanoidRootPart":{"Weight":0,"CFrame":[0,0,0,1,0,0,0,1,0,0,0,1],"EasingStyle":"Linear","EasingDirection":"In"},"Right Leg":{"Weight":1,"CFrame":[0.20655471086502076,0.13245218992233277,0.12337777018547058,0.8778924942016602,0.07173938304185868,-0.47345319390296938,0.017174040898680688,0.9833612442016602,0.18084730207920075,0.4785493016242981,-0.16689567267894746,0.8620535135269165],"EasingStyle":"Constant","EasingDirection":"In"}}},{"Time":0.9833333492279053,"poses":{"Left Leg":{"Weight":1,"CFrame":[-0.005261927843093872,0.32102131843566897,-0.07573878765106201,0.7511832118034363,-0.6098291873931885,0.25264912843704226,0.4949279725551605,0.7735950350761414,0.3957236409187317,-0.4367719292640686,-0.17221790552139283,0.8829330205917358],"EasingStyle":"Constant","EasingDirection":"In"},"Right Arm":{"Weight":1,"CFrame":[-0.1041874885559082,-0.10319864749908447,-0.19867932796478272,0.5354425311088562,0.19515156745910645,-0.8217146396636963,-0.23790408670902253,0.9683914184570313,0.07496437430381775,0.8103712797164917,0.15535011887550355,0.5649454593658447],"EasingStyle":"Constant","EasingDirection":"In"},"Head":{"Weight":1,"CFrame":[0.00001043081283569336,0.000003129243850708008,-0.000011563301086425782,0.6461424827575684,-0.7315590977668762,0.2175275981426239,0.7169467806816101,0.6795223355293274,0.15566352009773255,-0.261692613363266,0.05537503957748413,0.9635618329048157],"EasingStyle":"Constant","EasingDirection":"In"},"Left Arm":{"Weight":1,"CFrame":[-0.13520130515098573,-0.009330272674560547,0.1470986008644104,0.7605305314064026,0.260891854763031,-0.5945819616317749,-0.19189222157001496,0.965133011341095,0.1780332326889038,0.6202980875968933,-0.021304011344909669,0.7840763330459595],"EasingStyle":"Constant","EasingDirection":"In"},"Torso":{"Weight":1,"CFrame":[-0.5590841770172119,-0.000010251998901367188,-0.1776498705148697,0.6651296615600586,0.732672929763794,0.14419597387313844,-0.7450520992279053,0.6640752553939819,0.062457844614982608,-0.0499957874417305,-0.14897602796554566,0.9875761270523071],"EasingStyle":"Constant","EasingDirection":"In"},"HumanoidRootPart":{"Weight":0,"CFrame":[0,0,0,1,0,0,0,1,0,0,0,1],"EasingStyle":"Linear","EasingDirection":"In"},"Right Leg":{"Weight":1,"CFrame":[0.3480481803417206,0.09406149387359619,0.11868917942047119,0.9099207520484924,0.19008994102478028,-0.36865919828414919,-0.154092937707901,0.9801124930381775,0.12504015862941743,0.3850964307785034,-0.056968893855810168,0.921116054058075],"EasingStyle":"Constant","EasingDirection":"In"}}},{"Time":1.0666667222976685,"poses":{"Left Leg":{"Weight":1,"CFrame":[-0.16208800673484803,0.36011654138565066,0.03248023986816406,0.7229999899864197,-0.646811842918396,0.2427031397819519,0.5596376061439514,0.7543352246284485,0.3431969881057739,-0.40506333112716677,-0.11230584979057312,0.9073646664619446],"EasingStyle":"Constant","EasingDirection":"In"},"Right Arm":{"Weight":1,"CFrame":[-0.07002696394920349,-0.1231277585029602,-0.12041781842708588,0.6670231819152832,0.17295323312282563,-0.7246785759925842,-0.2543657422065735,0.9671018719673157,-0.003315981477499008,0.7002678513526917,0.18654628098011018,0.6890720725059509],"EasingStyle":"Constant","EasingDirection":"In"},"Head":{"Weight":1,"CFrame":[0.000018894672393798829,0.000003203749656677246,-0.00001424551010131836,0.7933521866798401,-0.5815882682800293,0.17984579503536225,0.5656284689903259,0.8134594559669495,0.13543365895748139,-0.2250642627477646,-0.00572042353451252,0.9743266701698303],"EasingStyle":"Constant","EasingDirection":"In"},"Left Arm":{"Weight":1,"CFrame":[-0.13517963886260987,-0.009329468011856079,0.14709877967834474,0.45543694496154787,0.28293824195861819,-0.8441087603569031,-0.29478898644447329,0.9425936341285706,0.15689651668071748,0.8400447964668274,0.17737816274166108,0.5126988291740418],"EasingStyle":"Constant","EasingDirection":"In"},"Torso":{"Weight":1,"CFrame":[-0.6125919222831726,0.000004231929779052734,-0.1633167713880539,0.7897660732269287,0.5840542316436768,0.1874832957983017,-0.598130464553833,0.8010330200195313,0.024195950478315355,-0.1360485851764679,-0.1312485784292221,0.9819697141647339],"EasingStyle":"Constant","EasingDirection":"In"},"HumanoidRootPart":{"Weight":0,"CFrame":[0,0,0,1,0,0,0,1,0,0,0,1],"EasingStyle":"Linear","EasingDirection":"In"},"Right Leg":{"Weight":1,"CFrame":[0.20893441140651704,-0.014923155307769776,0.22557350993156434,0.8292339444160461,0.24047458171844483,-0.5045220851898193,-0.24741767346858979,0.9673786759376526,0.054433539509773257,0.5011540055274963,0.07968956977128983,0.8616807460784912],"EasingStyle":"Constant","EasingDirection":"In"}}},{"Time":1.1333333253860474,"poses":{"Left Leg":{"Weight":1,"CFrame":[-0.3395557105541229,0.37576156854629519,0.069029301404953,0.729022741317749,-0.6366963386535645,0.2512827515602112,0.6065773367881775,0.7710344791412354,0.19382990896701814,-0.31715837121009829,0.01111602783203125,0.9483070373535156],"EasingStyle":"Constant","EasingDirection":"In"},"Right Arm":{"Weight":1,"CFrame":[-0.10011550784111023,-0.055843472480773929,-0.11841137707233429,0.7888153791427612,0.05398735776543617,-0.6122545599937439,-0.19764114916324616,0.9655091166496277,-0.169499933719635,0.5819864869117737,0.254710853099823,0.7722786068916321],"EasingStyle":"Constant","EasingDirection":"In"},"Head":{"Weight":1,"CFrame":[0.000012510456144809723,-0.000003734603524208069,-0.000012606382369995118,0.8844678401947022,-0.46644821763038638,-0.011846788227558136,0.4665088653564453,0.8835126161575317,0.042083702981472018,-0.00916280411183834,-0.04274843633174896,0.9990439414978027],"EasingStyle":"Constant","EasingDirection":"In"},"Left Arm":{"Weight":1,"CFrame":[-0.1351669430732727,-0.009334444999694825,0.1470959335565567,0.21575187146663667,0.39480912685394289,-0.8930680751800537,-0.46397164463996889,0.8462164402008057,0.2620076835155487,0.859173059463501,0.35783079266548159,0.36575251817703249],"EasingStyle":"Constant","EasingDirection":"In"},"Torso":{"Weight":1,"CFrame":[-0.5763529539108276,0.0000013262033462524415,-0.1295660138130188,0.8562731146812439,0.4612165093421936,0.23254108428955079,-0.46813464164733889,0.8832142949104309,-0.027960393577814103,-0.2182794064283371,-0.0849187970161438,0.9721845984458923],"EasingStyle":"Constant","EasingDirection":"In"},"HumanoidRootPart":{"Weight":0,"CFrame":[0,0,0,1,0,0,0,1,0,0,0,1],"EasingStyle":"Linear","EasingDirection":"In"},"Right Leg":{"Weight":1,"CFrame":[0.1362278163433075,-0.1474725604057312,0.2283281683921814,0.7635550498962402,0.22563989460468293,-0.6050368547439575,-0.28969407081604006,0.9570802450180054,-0.008663749322295189,0.5771141052246094,0.18189090490341187,0.796149730682373],"EasingStyle":"Constant","EasingDirection":"In"}}},{"Time":1.2000000476837159,"poses":{"Left Leg":{"Weight":1,"CFrame":[-0.376046746969223,0.24623507261276246,-0.0857965350151062,0.764737069606781,-0.5755060315132141,0.2897745966911316,0.558599054813385,0.8163023591041565,0.14702969789505006,-0.32116013765335085,0.049428775906562808,0.9457337260246277],"EasingStyle":"Constant","EasingDirection":"In"},"Right Arm":{"Weight":1,"CFrame":[0.019139140844345094,-0.09009510278701782,0.2014089822769165,0.9045842289924622,0.1580776870250702,-0.395898699760437,-0.2422044277191162,0.9548304080963135,-0.17215745151042939,0.35080111026763918,0.2516191005706787,0.9020106792449951],"EasingStyle":"Constant","EasingDirection":"In"},"Head":{"Weight":1,"CFrame":[0.000012777745723724366,0.000006759539246559143,-0.00000426173210144043,0.9011316895484924,-0.39154523611068728,-0.18613913655281068,0.38832300901412966,0.9198753833770752,-0.055023178458213809,0.1927681267261505,-0.02269923686981201,0.9809834957122803],"EasingStyle":"Constant","EasingDirection":"In"},"Left Arm":{"Weight":1,"CFrame":[-0.056978583335876468,-0.23495200276374818,0.2669147253036499,0.2286907285451889,0.3403404951095581,-0.9120679497718811,-0.5351894497871399,0.8265666365623474,0.17424273490905763,0.8131864070892334,0.4482812285423279,0.3711748421192169],"EasingStyle":"Constant","EasingDirection":"In"},"Torso":{"Weight":1,"CFrame":[-0.48839613795280459,-0.000011175870895385743,-0.07403629273176193,0.8978681564331055,0.3587268888950348,0.25523966550827029,-0.3865917921066284,0.919799268245697,0.06719833612442017,-0.21066337823867799,-0.15900875627994538,0.9645400047302246],"EasingStyle":"Constant","EasingDirection":"In"},"HumanoidRootPart":{"Weight":0,"CFrame":[0,0,0,1,0,0,0,1,0,0,0,1],"EasingStyle":"Linear","EasingDirection":"In"},"Right Leg":{"Weight":1,"CFrame":[0.014449656009674073,-0.2092381715774536,0.30066266655921938,0.7268778085708618,0.3151865005493164,-0.6101685762405396,-0.34947025775909426,0.9345881342887878,0.06645283102989197,0.59120112657547,0.16493263840675355,0.7894794940948486],"EasingStyle":"Constant","EasingDirection":"In"}}},{"Time":1.2833333015441895,"poses":{"Left Leg":{"Weight":1,"CFrame":[-0.4692928194999695,0.18776851892471314,-0.092440664768219,0.8078873753547669,-0.45290178060531618,0.3770907521247864,0.4511030614376068,0.8869808912277222,0.09884857386350632,-0.3792409896850586,0.09024830907583237,0.9208859205245972],"EasingStyle":"Constant","EasingDirection":"In"},"Right Arm":{"Weight":1,"CFrame":[0.01914680004119873,-0.09011399745941162,0.20137661695480348,0.9641856551170349,0.015984071418642999,-0.2647465169429779,-0.0005913557251915336,0.9983094930648804,0.0581192672252655,0.26522794365882876,-0.05588119849562645,0.9625650644302368],"EasingStyle":"Constant","EasingDirection":"In"},"Head":{"Weight":1,"CFrame":[0.000009238719940185547,0.000007953494787216187,-0.0000017583370208740235,0.9572543501853943,-0.18547788262367249,-0.22194240987300874,0.18050768971443177,0.9826464653015137,-0.04265466332435608,0.22600330412387849,0.0007692351937294006,0.9741266369819641],"EasingStyle":"Constant","EasingDirection":"In"},"Left Arm":{"Weight":1,"CFrame":[0.034923434257507327,-0.18924793601036073,0.23771610856056214,0.5671122670173645,0.4447528123855591,-0.693237841129303,-0.36116546392440798,0.8907224535942078,0.2759946584701538,0.7402319312095642,0.09385360032320023,0.6657690405845642],"EasingStyle":"Constant","EasingDirection":"In"},"Torso":{"Weight":1,"CFrame":[-0.3803133964538574,-0.000010758638381958008,-0.007261555641889572,0.9551601409912109,0.19053854048252107,0.22663524746894837,-0.21072107553482057,0.9751608967781067,0.06824439764022827,-0.20800262689590455,-0.11294110864400864,0.9715859889984131],"EasingStyle":"Constant","EasingDirection":"In"},"HumanoidRootPart":{"Weight":0,"CFrame":[0,0,0,1,0,0,0,1,0,0,0,1],"EasingStyle":"Linear","EasingDirection":"In"},"Right Leg":{"Weight":1,"CFrame":[-0.20842605829238892,-0.25425684452056887,0.3721823990345001,0.776117205619812,0.2087785303592682,-0.5950236320495606,-0.24277363717556,0.9697956442832947,0.02361549809575081,0.5819815397262573,0.12612763047218324,0.8033608198165894],"EasingStyle":"Constant","EasingDirection":"In"}}},{"Time":1.3833333253860474,"poses":{"Left Leg":{"Weight":1,"CFrame":[-0.640346109867096,0.13176101446151734,-0.003208070993423462,0.8649488091468811,-0.36772069334983828,0.34153205156326296,0.34885716438293459,0.9297724962234497,0.11756716668605805,-0.3607789874076843,0.017456328496336938,0.9324876070022583],"EasingStyle":"Constant","EasingDirection":"In"},"Right Arm":{"Weight":1,"CFrame":[0.019142650067806245,-0.0901142954826355,0.20139050483703614,0.9906045198440552,0.05072903633117676,-0.12697066366672517,-0.01300371065735817,0.9593703746795654,0.28185614943504336,0.1361096203327179,-0.27755898237228396,0.951015293598175],"EasingStyle":"Constant","EasingDirection":"In"},"Head":{"Weight":1,"CFrame":[0.000015169382095336914,0.000004109926521778107,0.000002175569534301758,0.9680024981498718,-0.024570830166339875,-0.24972838163375855,0.02936561033129692,0.9994470477104187,0.01549399085342884,0.24921026825904847,-0.022331824526190759,0.968192994594574],"EasingStyle":"Constant","EasingDirection":"In"},"Left Arm":{"Weight":1,"CFrame":[0.02305138111114502,-0.22259250283241273,0.3353549838066101,0.6348459720611572,0.4706103503704071,-0.6127712726593018,-0.21714353561401368,0.8698051571846008,0.44304800033569338,0.741493821144104,-0.14821025729179383,0.6543815732002258],"EasingStyle":"Constant","EasingDirection":"In"},"Torso":{"Weight":1,"CFrame":[-0.2769414186477661,-0.000008780509233474732,0.0780479833483696,0.9882636070251465,0.01854991540312767,0.15162606537342072,-0.02191609889268875,0.9995481371879578,0.020558858290314676,-0.15117616951465608,-0.023640615865588189,0.9882242679595947],"EasingStyle":"Constant","EasingDirection":"In"},"HumanoidRootPart":{"Weight":0,"CFrame":[0,0,0,1,0,0,0,1,0,0,0,1],"EasingStyle":"Linear","EasingDirection":"In"},"Right Leg":{"Weight":1,"CFrame":[-0.3873748183250427,-0.2660456895828247,0.4649249017238617,0.7837881445884705,0.13600265979766847,-0.6059529185295105,-0.12339475750923157,0.9903765916824341,0.06267577409744263,0.6086455583572388,0.025646861642599107,0.7930272817611694],"EasingStyle":"Constant","EasingDirection":"In"}}},{"Time":1.4666666984558106,"poses":{"Left Leg":{"Weight":1,"CFrame":[-0.33120983839035036,0.03206229209899902,0.2177727073431015,0.8759883046150208,-0.192758709192276,0.4421400725841522,0.13336482644081117,0.977732241153717,0.1620309203863144,-0.46352729201316836,-0.08297128975391388,0.8821887373924255],"EasingStyle":"Constant","EasingDirection":"In"},"Right Arm":{"Weight":1,"CFrame":[0.01913408935070038,-0.0901273787021637,0.20137590169906617,0.9808567762374878,0.008101053535938263,0.19456037878990174,-0.07082746177911759,0.9455429315567017,0.3176994323730469,-0.18139153718948365,-0.32539764046669009,0.9280154705047607],"EasingStyle":"Constant","EasingDirection":"In"},"Head":{"Weight":1,"CFrame":[0.00001971423625946045,0.0000019837170839309694,0.00003165006637573242,0.955822229385376,0.052089475095272067,-0.2892783284187317,-0.0719650462269783,0.995686948299408,-0.05848929286003113,0.2849854826927185,0.07672291249036789,0.9554612636566162],"EasingStyle":"Constant","EasingDirection":"In"},"Left Arm":{"Weight":1,"CFrame":[0.3955429196357727,-0.21030981838703156,0.18846642971038819,0.8491843342781067,0.33736780285835268,-0.4062826931476593,-0.1437332034111023,0.8879491090774536,0.43691137433052065,0.5081562995910645,-0.3126213848590851,0.8025218844413757],"EasingStyle":"Constant","EasingDirection":"In"},"Torso":{"Weight":1,"CFrame":[-0.20896534621715547,-0.000009397044777870179,0.05837732180953026,0.9966235160827637,-0.06266096234321594,0.05305350199341774,0.05987153574824333,0.9968175888061523,0.052627671509981158,-0.056182343512773517,-0.04927357658743858,0.9972041845321655],"EasingStyle":"Constant","EasingDirection":"In"},"HumanoidRootPart":{"Weight":0,"CFrame":[0,0,0,1,0,0,0,1,0,0,0,1],"EasingStyle":"Linear","EasingDirection":"In"},"Right Leg":{"Weight":1,"CFrame":[-0.2865341901779175,-0.0831221342086792,0.45128607749938967,0.8098995685577393,0.2543611526489258,-0.5285476446151733,-0.11851382255554199,0.9534611105918884,0.2772487998008728,0.5744706988334656,-0.16190344095230103,0.8023527264595032],"EasingStyle":"Constant","EasingDirection":"In"}}},{"Time":1.5333333015441895,"poses":{"Left Leg":{"Weight":1,"CFrame":[-0.4498521089553833,-0.0006258487701416016,0.12085911631584168,0.8972979187965393,-0.05816714093089104,0.43757516145706179,0.0009328816086053848,0.9915279746055603,0.1298917531967163,-0.4414234161376953,-0.11614347249269486,0.8897502422332764],"EasingStyle":"Constant","EasingDirection":"In"},"Right Arm":{"Weight":1,"CFrame":[0.019135117530822755,-0.0901140570640564,0.20138758420944215,0.903930127620697,-0.04860846698284149,0.42490750551223757,-0.12378451228141785,0.921260416507721,0.36872419714927676,-0.40937358140945437,-0.38589778542518618,0.8267378211021423],"EasingStyle":"Constant","EasingDirection":"In"},"Head":{"Weight":1,"CFrame":[0.000011429190635681153,0.000004403293132781982,0.000005424022674560547,0.897702693939209,0.28406935930252077,-0.3367883265018463,-0.2703566253185272,0.9587228894233704,0.08802547305822373,0.34789326786994936,0.01203165389597416,0.9374597668647766],"EasingStyle":"Constant","EasingDirection":"In"},"Left Arm":{"Weight":1,"CFrame":[0.6175740957260132,-0.2089887112379074,0.07120692729949951,0.9254498481750488,0.2927513122558594,-0.24049219489097596,-0.1736568808555603,0.8919330835342407,0.4174934923648834,0.3367241621017456,-0.34460604190826418,0.8762771487236023],"EasingStyle":"Constant","EasingDirection":"In"},"Torso":{"Weight":1,"CFrame":[-0.18049752712249757,-0.000010263174772262574,-0.006279507651925087,0.954662024974823,-0.29768484830856326,-0.001932019367814064,0.2976358234882355,0.9543396234512329,0.025457702577114106,-0.005734557751566172,-0.024878552183508874,0.9996742606163025],"EasingStyle":"Constant","EasingDirection":"In"},"HumanoidRootPart":{"Weight":0,"CFrame":[0,0,0,1,0,0,0,1,0,0,0,1],"EasingStyle":"Linear","EasingDirection":"In"},"Right Leg":{"Weight":1,"CFrame":[-0.3257248103618622,0.054292917251586917,0.29953640699386599,0.7477651238441467,0.3600544035434723,-0.5578596591949463,-0.12008114159107208,0.8996788263320923,0.41971293091773989,0.6530139446258545,-0.24685828387737275,0.7159842252731323],"EasingStyle":"Constant","EasingDirection":"In"}}},{"Time":1.6166666746139527,"poses":{"Left Leg":{"Weight":1,"CFrame":[-0.5584038496017456,0.041555047035217288,0.07006600499153137,0.8942033648490906,-0.10392636060714722,0.43542927503585818,0.08063989877700806,0.9941627979278565,0.07167953997850418,-0.44033709168434145,-0.028983162716031076,0.8973644375801086],"EasingStyle":"Constant","EasingDirection":"In"},"Right Arm":{"Weight":1,"CFrame":[0.013949960470199585,-0.1846858561038971,0.20425552129745484,0.8122832775115967,-0.2058582305908203,0.5457199811935425,-0.06805912405252457,0.8958008885383606,0.4392200708389282,-0.5792748332023621,-0.39391207695007326,0.7136322259902954],"EasingStyle":"Constant","EasingDirection":"In"},"Head":{"Weight":1,"CFrame":[0.0000063478946685791019,0.000004518777132034302,3.2782554626464846e-7,0.8572304844856262,0.38657987117767336,-0.34016406536102297,-0.3777332603931427,0.9210458993911743,0.09481845796108246,0.3499622046947479,0.04721002280712128,0.9355740547180176],"EasingStyle":"Constant","EasingDirection":"In"},"Left Arm":{"Weight":1,"CFrame":[0.6806828379631043,-0.2012040615081787,-0.07256752252578736,0.9027265310287476,0.0017989054322242737,0.4302019476890564,-0.16702353954315186,0.9230190515518189,0.34661924839019778,-0.39646241068840029,-0.3847556710243225,0.8335333466529846],"EasingStyle":"Constant","EasingDirection":"In"},"Torso":{"Weight":1,"CFrame":[-0.12211290001869202,-0.000011790543794631958,-0.11121417582035065,0.9143432974815369,-0.4018787145614624,-0.04969479888677597,0.4038025438785553,0.914073646068573,0.03757685795426369,0.030323389917612077,-0.05442504212260246,0.9980576038360596],"EasingStyle":"Constant","EasingDirection":"In"},"HumanoidRootPart":{"Weight":0,"CFrame":[0,0,0,1,0,0,0,1,0,0,0,1],"EasingStyle":"Linear","EasingDirection":"In"},"Right Leg":{"Weight":1,"CFrame":[-0.3727445900440216,0.2136961817741394,0.38882872462272646,0.823494017124176,0.4698752164840698,-0.3179214596748352,-0.28364041447639468,0.8263177275657654,0.4865672290325165,0.4913298487663269,-0.3105098605155945,0.8137434124946594],"EasingStyle":"Constant","EasingDirection":"In"}}},{"Time":1.6833332777023316,"poses":{"Left Leg":{"Weight":1,"CFrame":[-0.7812637090682983,0.06879991292