{"Sequence":[{"Time":0,"poses":{"Left Leg":{"Weight":1,"CFrame":[-0.3068373501300812,0.047524869441986087,0.078696608543396,0.9301148653030396,-0.2888394594192505,0.22684384882450105,0.2822047770023346,0.9573558568954468,0.06188970431685448,-0.23504649102687837,0.006451840046793222,0.9719628095626831],"EasingStyle":"Linear","EasingDirection":"In"},"Right Arm":{"Weight":1,"CFrame":[0.009310942143201828,-0.15449866652488709,0.00491023063659668,0.3332552909851074,-0.3675695061683655,-0.8682360053062439,0.5224519371986389,0.838559627532959,-0.15447303652763368,0.7848471403121948,-0.40213248133659365,0.47149181365966799],"EasingStyle":"Linear","EasingDirection":"In"},"Left Arm":{"Weight":1,"CFrame":[-0.2382582277059555,-0.09010842442512512,0.16257715225219727,0.39363086223602297,0.45975756645202639,0.7960387468338013,-0.38313010334968569,0.8692044615745544,-0.31256213784217837,-0.8356232643127441,-0.18195240199565888,0.5182926058769226],"EasingStyle":"Linear","EasingDirection":"In"},"Head":{"Weight":1,"CFrame":[1.0221265256404877e-7,-9.313225746154786e-10,0.016662240028381349,0.9719240069389343,-0.2231556624174118,0.07460193336009979,0.22259992361068726,0.9747820496559143,0.01579030603170395,-0.07624431699514389,0.0012593809515237809,0.9970884323120117],"EasingStyle":"Linear","EasingDirection":"In"},"Torso":{"Weight":1,"CFrame":[-0.028454318642616273,0.00590895488858223,-0.12764549255371095,0.9716925621032715,0.23370261490345,-0.03459247946739197,-0.23359477519989015,0.9723075032234192,0.007183636073023081,0.03531336039304733,0.0011003371328115464,0.9993757009506226],"EasingStyle":"Linear","EasingDirection":"In"},"HumanoidRootPart":{"Weight":1,"CFrame":[0,0,0,1,0,0,0,1,0,0,0,1],"EasingStyle":"Linear","EasingDirection":"In"},"Right Leg":{"Weight":1,"CFrame":[0.5741751194000244,0.16339325904846192,-0.12206447124481201,0.9701619744300842,0.15840570628643037,0.18355759978294373,-0.18480363488197328,0.9731929302215576,0.13690561056137086,-0.15695025026798249,-0.166742742061615,0.9734287261962891],"EasingStyle":"Linear","EasingDirection":"In"}}},{"Time":0.03333333507180214,"poses":{"Left Leg":{"Weight":1,"CFrame":[-0.29564934968948367,0.04124903678894043,0.07572734355926514,0.9333800673484802,-0.2796771228313446,0.22490523755550385,0.27517035603523257,0.9599987268447876,0.05180485546588898,-0.23039738833904267,0.0135336983948946,0.973002552986145],"EasingStyle":"Linear","EasingDirection":"In"},"Right Arm":{"Weight":1,"CFrame":[-0.0403803288936615,-0.13675835728645326,0.07202887535095215,-0.16253548860549928,-0.6347560286521912,-0.7554250955581665,0.6799474954605103,0.4827467203140259,-0.55193030834198,0.7150200605392456,-0.6033576130867004,0.3531372845172882],"EasingStyle":"Linear","EasingDirection":"In"},"Left Arm":{"Weight":1,"CFrame":[-0.21941491961479188,-0.08142322301864624,0.14577138423919679,0.4130204916000366,0.4608284533023834,0.7855260372161865,-0.38826343417167666,0.8693177103996277,-0.3058404326438904,-0.8238117098808289,-0.17867282032966615,0.5379687547683716],"EasingStyle":"Linear","EasingDirection":"In"},"Head":{"Weight":1,"CFrame":[1.0384246706962586e-7,1.3969838619232178e-9,0.016662001609802247,0.9715723395347595,-0.22059455513954163,0.08593727648258209,0.2198546677827835,0.9753647446632385,0.018100259825587274,-0.08781307190656662,0.0013080352218821645,0.9961361289024353],"EasingStyle":"Linear","EasingDirection":"In"},"Torso":{"Weight":1,"CFrame":[-0.031052909791469575,0.00605214387178421,-0.1255018711090088,0.9719654321670532,0.23138178884983064,-0.0417817197740078,-0.2312808781862259,0.9728597402572632,0.007298916112631559,0.04233658313751221,0.0025690188631415369,0.9991000890731812],"EasingStyle":"Linear","EasingDirection":"In"},"HumanoidRootPart":{"Weight":1,"CFrame":[0,0,0,1,0,0,0,1,0,0,0,1],"EasingStyle":"Linear","EasingDirection":"In"},"Right Leg":{"Weight":1,"CFrame":[0.5743171572685242,0.16834604740142823,-0.12270760536193848,0.9706805348396301,0.1579657793045044,0.18117986619472505,-0.1854887306690216,0.9716475009918213,0.1466124802827835,-0.15288309752941132,-0.175920769572258,0.9724600911140442],"EasingStyle":"Linear","EasingDirection":"In"}}},{"Time":0.06666667014360428,"poses":{"Left Leg":{"Weight":1,"CFrame":[-0.27974796295166018,0.03500378131866455,0.0698004961013794,0.9394943714141846,-0.2638269066810608,0.21850824356079102,0.2612914443016052,0.9643905162811279,0.040961410850286487,-0.22153404355049134,0.018611300736665727,0.9749751091003418],"EasingStyle":"Linear","EasingDirection":"In"},"Right Arm":{"Weight":1,"CFrame":[-0.1483408808708191,-0.08161816000938416,0.19073712825775147,-0.5592615604400635,-0.7785434126853943,-0.28477466106414797,0.4204705059528351,0.029653973877429963,-0.9068214893341065,0.714444637298584,-0.6268897652626038,0.310770183801651],"EasingStyle":"Linear","EasingDirection":"In"},"Left Arm":{"Weight":1,"CFrame":[-0.17448440194129945,-0.06071054935455322,0.1056971549987793,0.4583263695240021,0.4629649221897125,0.7586832046508789,-0.40003129839897158,0.8697230815887451,-0.2890619933605194,-0.7936698794364929,-0.17101237177848817,0.5838175415992737],"EasingStyle":"Linear","EasingDirection":"In"},"Head":{"Weight":1,"CFrame":[8.638016879558563e-8,9.313225746154786e-10,0.01666271686553955,0.9725000858306885,-0.213429793715477,0.09322710335254669,0.2124483585357666,0.9769584536552429,0.020443744957447053,-0.09544230997562409,-0.0000756019217078574,0.9954349398612976],"EasingStyle":"Linear","EasingDirection":"In"},"Torso":{"Weight":1,"CFrame":[-0.026875309646129609,0.005039566196501255,-0.11864042282104492,0.9733943939208984,0.22431054711341859,-0.04677814245223999,-0.22428353130817414,0.974506139755249,0.005893395282328129,0.046907536685466769,0.004754967521876097,0.9988878965377808],"EasingStyle":"Linear","EasingDirection":"In"},"HumanoidRootPart":{"Weight":1,"CFrame":[0,0,0,1,0,0,0,1,0,0,0,1],"EasingStyle":"Linear","EasingDirection":"In"},"Right Leg":{"Weight":1,"CFrame":[0.5609914064407349,0.16954725980758668,-0.11787045001983643,0.9729428887367249,0.15198342502117158,0.17402109503746034,-0.1796257644891739,0.9712886214256287,0.15599113702774049,-0.14531655609607697,-0.1830291599035263,0.972308337688446],"EasingStyle":"Linear","EasingDirection":"In"}}},{"Time":0.10000000149011612,"poses":{"Left Leg":{"Weight":1,"CFrame":[-0.25711822509765627,0.028811216354370118,0.06071352958679199,0.9482082724571228,-0.2407347857952118,0.20723871886730195,0.23973138630390168,0.9703653454780579,0.030329184606671335,-0.20839858055114747,0.02092323824763298,0.9778201580047607],"EasingStyle":"Linear","EasingDirection":"In"},"Right Arm":{"Weight":1,"CFrame":[-0.28120020031929018,-0.00736728310585022,0.332943320274353,-0.5862433910369873,-0.7378721833229065,0.33445999026298525,-0.014319183304905892,-0.403342604637146,-0.9149370193481445,0.8100084662437439,-0.5411648750305176,0.22589117288589478],"EasingStyle":"Linear","EasingDirection":"In"},"Left Arm":{"Weight":1,"CFrame":[-0.12086644768714905,-0.035990357398986819,0.057863593101501468,0.510447084903717,0.46470919251441958,0.72352534532547,-0.4131642282009125,0.8704538941383362,-0.2675918936729431,-0.754148006439209,-0.16234351694583894,0.636322021484375],"EasingStyle":"Linear","EasingDirection":"In"},"Head":{"Weight":1,"CFrame":[1.0163057595491409e-7,2.3283064365386964e-9,0.0166623592376709,0.9746549725532532,-0.20138457417488099,0.09742657840251923,0.20012935996055604,0.9795090556144714,0.02259089983999729,-0.09997963160276413,-0.002520349808037281,0.994986355304718],"EasingStyle":"Linear","EasingDirection":"In"},"Torso":{"Weight":1,"CFrame":[-0.018742486834526063,0.0031846771016716959,-0.10717153549194336,0.9759361743927002,0.21224965155124665,-0.049988698214292529,-0.2123502939939499,0.9771878719329834,0.0033509694039821626,0.04955960065126419,0.00734478235244751,0.9987441897392273],"EasingStyle":"Linear","EasingDirection":"In"},"HumanoidRootPart":{"Weight":1,"CFrame":[0,0,0,1,0,0,0,1,0,0,0,1],"EasingStyle":"Linear","EasingDirection":"In"},"Right Leg":{"Weight":1,"CFrame":[0.534537136554718,0.16671818494796754,-0.10769486427307129,0.9766244292259216,0.14148935675621034,0.16181974112987519,-0.1680152267217636,0.972028374671936,0.16410881280899049,-0.1340736448764801,-0.18746083974838258,0.9730789661407471],"EasingStyle":"Linear","EasingDirection":"In"}}},{"Time":0.13333334028720857,"poses":{"Left Leg":{"Weight":1,"CFrame":[-0.22357074916362763,0.022536039352416993,0.0482255220413208,0.9592081904411316,-0.2087012678384781,0.1906924843788147,0.20858480036258698,0.9777806997299194,0.0209124144166708,-0.19081994891166688,0.019716214388608934,0.9814270734786987],"EasingStyle":"Linear","EasingDirection":"In"},"Right Arm":{"Weight":1,"CFrame":[-0.40856796503067019,0.06969761848449707,0.46954405307769778,-0.3341480493545532,-0.5658318996429443,0.7537768483161926,-0.2789933383464813,-0.7045257687568665,-0.6525381803512573,0.900282084941864,-0.4283430278301239,0.07755257934331894],"EasingStyle":"Linear","EasingDirection":"In"},"Left Arm":{"Weight":1,"CFrame":[-0.07596109807491303,-0.0152815580368042,0.017760276794433595,0.5522875785827637,0.46523311734199526,0.6917634010314941,-0.42364034056663515,0.8712921738624573,-0.24774746596813203,-0.7179884314537048,-0.1562311053276062,0.6782953143119812],"EasingStyle":"Linear","EasingDirection":"In"},"Head":{"Weight":1,"CFrame":[9.2186382971704e-8,3.259629011154175e-9,0.016662001609802247,0.9778496026992798,-0.1841588020324707,0.09947711229324341,0.18262940645217896,0.9828803539276123,0.024346817284822465,-0.10225781053304672,-0.005639960058033466,0.9947419762611389],"EasingStyle":"Linear","EasingDirection":"In"},"Torso":{"Weight":1,"CFrame":[-0.009465634822845459,0.0008146597538143396,-0.0912179946899414,0.9794450998306274,0.19494451582431794,-0.0518084317445755,-0.1952029913663864,0.9807629585266113,0.000072222544986289,0.05082587152719498,0.010042422451078892,0.9986570477485657],"EasingStyle":"Linear","EasingDirection":"In"},"HumanoidRootPart":{"Weight":1,"CFrame":[0,0,0,1,0,0,0,1,0,0,0,1],"EasingStyle":"Linear","EasingDirection":"In"},"Right Leg":{"Weight":1,"CFrame":[0.49391868710517886,0.15949296951293946,-0.09255367517471314,0.9813761115074158,0.1267785280942917,0.14432010054588319,-0.15081357955932618,0.9738225340843201,0.17007353901863099,-0.11898043751716614,-0.18867149949073792,0.9748060703277588],"EasingStyle":"Linear","EasingDirection":"In"}}},{"Time":0.1666666716337204,"poses":{"Left Leg":{"Weight":1,"CFrame":[-0.17168541252613069,0.016002416610717775,0.032259464263916019,0.9719236493110657,-0.16424444317817689,0.16848847270011903,0.16429880261421204,0.9863152503967285,0.0137155307456851,-0.1684354990720749,0.014352020807564259,0.9856082201004028],"EasingStyle":"Linear","EasingDirection":"In"},"Right Arm":{"Weight":1,"CFrame":[-0.5035359859466553,0.13061952590942384,0.5725377798080444,-0.07949164509773255,-0.368579238653183,0.9261913895606995,-0.31150272488594057,-0.8734163641929627,-0.3743126392364502,0.9469144940376282,-0.31826579570770266,-0.04538414999842644],"EasingStyle":"Linear","EasingDirection":"In"},"Left Arm":{"Weight":1,"CFrame":[-0.0571683868765831,-0.006608188152313232,0.000858306884765625,0.5694442987442017,0.46427369117736819,0.6783678531646729,-0.42895540595054629,0.8717963695526123,-0.2365766167640686,-0.7012349367141724,-0.15627259016036988,0.6955922245979309],"EasingStyle":"Linear","EasingDirection":"In"},"Head":{"Weight":1,"CFrame":[8.882489055395127e-8,-4.656612873077393e-10,0.0166623592376709,0.9817721247673035,-0.16143791377544404,0.10030585527420044,0.15966416895389558,0.9868414998054504,0.025521274656057359,-0.10310615599155426,-0.009040828794240952,0.9946292638778687],"EasingStyle":"Linear","EasingDirection":"In"},"Torso":{"Weight":1,"CFrame":[-0.0018544942140579224,-0.0017359722405672074,-0.07090973854064942,0.9836678504943848,0.1721266359090805,-0.05263065919280052,-0.1725478619337082,0.9849948883056641,-0.0035333482082933189,0.05123274028301239,0.012556950561702252,0.9986078143119812],"EasingStyle":"Linear","EasingDirection":"In"},"HumanoidRootPart":{"Weight":1,"CFrame":[0,0,0,1,0,0,0,1,0,0,0,1],"EasingStyle":"Linear","EasingDirection":"In"},"Right Leg":{"Weight":1,"CFrame":[0.4369398355484009,0.14764267206192017,-0.07332479953765869,0.9867846369743347,0.1074683740735054,0.12127133458852768,-0.1276305615901947,0.9766027927398682,0.17308208346366883,-0.09983301907777786,-0.18627259135246278,0.9774128794670105],"EasingStyle":"Linear","EasingDirection":"In"}}},{"Time":0.20000000298023225,"poses":{"Left Leg":{"Weight":1,"CFrame":[-0.07723180949687958,0.008748292922973633,0.011728167533874512,0.9855469465255737,-0.09497054666280747,0.14027811586856843,0.09454584866762161,0.9954732656478882,0.009703846648335457,-0.14056473970413209,0.003699141088873148,0.9900646209716797],"EasingStyle":"Linear","EasingDirection":"In"},"Right Arm":{"Weight":1,"CFrame":[-0.5382357835769653,0.15382272005081178,0.6156328916549683,0.029768092557787896,-0.19283227622509004,0.9807800650596619,-0.20075954496860505,-0.9623734951019287,-0.1831200122833252,0.9791881442070007,-0.19144988059997559,-0.06736095249652863],"EasingStyle":"Linear","EasingDirection":"In"},"Left Arm":{"Weight":1,"CFrame":[-0.05713113769888878,-0.007542699575424194,0.003755807876586914,0.5677579045295715,0.46618756651878359,0.6784689426422119,-0.4334384799003601,0.8699845671653748,-0.23507024347782136,-0.699844241142273,-0.16061171889305116,0.6960042715072632],"EasingStyle":"Linear","EasingDirection":"In"},"Head":{"Weight":1,"CFrame":[9.813811630010605e-8,4.656612873077393e-10,0.016662001609802247,0.9860172867774963,-0.13301290571689607,0.10038752108812332,0.13105976581573487,0.9910377860069275,0.025837650522589685,-0.10292458534240723,-0.012319550849497319,0.9946129322052002],"EasingStyle":"Linear","EasingDirection":"In"},"Torso":{"Weight":1,"CFrame":[0.0012732744216918946,-0.004132850095629692,-0.04637622833251953,0.9882344603538513,0.14352232217788697,-0.052858252078294757,-0.14408926665782929,0.989539623260498,-0.007056423928588629,0.051292575895786288,0.014589711092412472,0.9985771179199219],"EasingStyle":"Linear","EasingDirection":"In"},"HumanoidRootPart":{"Weight":1,"CFrame":[0,0,0,1,0,0,0,1,0,0,0,1],"EasingStyle":"Linear","EasingDirection":"In"},"Right Leg":{"Weight":1,"CFrame":[0.35848817229270937,0.13092702627182008,-0.05146259069442749,0.9923765063285828,0.08153260499238968,0.0924191102385521,-0.09659828990697861,0.9802698493003845,0.17245255410671235,-0.07653509825468064,-0.18006543815135957,0.9806726574897766],"EasingStyle":"Linear","EasingDirection":"In"}}},{"Time":0.23333333432674409,"poses":{"Left Leg":{"Weight":1,"CFrame":[0.08057771623134613,0.01191866397857666,-0.010068655014038086,0.9943099617958069,0.008615637198090554,0.10617672652006149,-0.01129702478647232,0.9996316432952881,0.024678189307451249,-0.1059250459074974,-0.025737248361110688,0.9940409660339356],"EasingStyle":"Linear","EasingDirection":"In"},"Right Arm":{"Weight":1,"CFrame":[-0.4539424479007721,0.15120983123779298,0.46277809143066409,-0.11022770404815674,-0.16782207787036897,0.9796355366706848,0.11168694496154785,-0.9814903140068054,-0.15557275712490083,0.9876112341880798,0.09226403385400772,0.12693095207214356],"EasingStyle":"Linear","EasingDirection":"In"},"Left Arm":{"Weight":1,"CFrame":[-0.05677736923098564,-0.011202037334442139,0.010715723037719727,0.5572757720947266,0.48187240958213808,0.6761972904205322,-0.4500437378883362,0.859669029712677,-0.24172276258468629,-0.6977853775024414,-0.16961205005645753,0.6959362626075745],"EasingStyle":"Linear","EasingDirection":"In"},"Head":{"Weight":1,"CFrame":[1.1094380170106888e-7,-9.313225746154786e-10,0.016662001609802247,0.9910227060317993,-0.09922255575656891,0.0896049365401268,0.09739687293767929,0.9949432611465454,0.024533607065677644,-0.09158612042665482,-0.015586109831929207,0.9956752061843872],"EasingStyle":"Linear","EasingDirection":"In"},"Torso":{"Weight":1,"CFrame":[-0.0011263489723205567,-0.006577208638191223,-0.01822066307067871,0.9930663704872131,0.10957642644643784,-0.0425705760717392,-0.11012343317270279,0.9938601851463318,-0.010717072524130345,0.04113486036658287,0.015330782160162926,0.9990359544754028],"EasingStyle":"Linear","EasingDirection":"In"},"HumanoidRootPart":{"Weight":1,"CFrame":[0,0,0,1,0,0,0,1,0,0,0,1],"EasingStyle":"Linear","EasingDirection":"In"},"Right Leg":{"Weight":1,"CFrame":[0.2312452793121338,0.09927833080291748,-0.026611387729644777,0.9976762533187866,0.03564269840717316,0.058067239820957187,-0.04415105655789375,0.9873093962669373,0.15254780650138856,-0.05189305171370506,-0.1547570526599884,0.9865888357162476],"EasingStyle":"Linear","EasingDirection":"In"}}},{"Time":0.2666666805744171,"poses":{"Left Leg":{"Weight":1,"CFrame":[0.06222159042954445,0.031656622886657718,-0.008359134197235108,0.9974130988121033,0.020088599994778634,0.06901968270540238,-0.024600539356470109,0.9975718855857849,0.0651559829711914,-0.06754324585199356,-0.06668535619974137,0.9954853653907776],"EasingStyle":"Linear","EasingDirection":"In"},"Right Arm":{"Weight":1,"CFrame":[-0.275760293006897,0.14543384313583375,0.11815917491912842,-0.36706244945526125,-0.44265127182006838,0.8181229829788208,0.6283591985702515,-0.7665043473243713,-0.1328003853559494,0.6858789324760437,0.4653289020061493,0.5594987869262695],"EasingStyle":"Linear","EasingDirection":"In"},"Left Arm":{"Weight":1,"CFrame":[-0.05596117302775383,-0.018972337245941163,0.018705368041992189,0.5296294689178467,0.5201000571250916,0.6700661182403565,-0.48898857831954958,0.832694411277771,-0.2598276138305664,-0.6930966377258301,-0.1900423765182495,0.6953423619270325],"EasingStyle":"Linear","EasingDirection":"In"},"Head":{"Weight":1,"CFrame":[8.323695510625839e-8,-8.149072527885437e-10,0.016662001609802247,0.9960057735443115,-0.06280472129583359,0.06346766650676727,0.06150292605161667,0.9978586435317993,0.0222617257386446,-0.06472991406917572,-0.018269451335072519,0.9977356195449829],"EasingStyle":"Linear","EasingDirection":"In"},"Torso":{"Weight":1,"CFrame":[-0.008246958255767823,-0.008714612573385239,0.008866548538208008,0.997169554233551,0.07316142320632935,-0.01733003556728363,-0.07340680062770844,0.9972041845321655,-0.013972796499729157,0.016259312629699708,0.015205387026071549,0.9997522830963135],"EasingStyle":"Linear","EasingDirection":"In"},"HumanoidRootPart":{"Weight":1,"CFrame":[0,0,0,1,0,0,0,1,0,0,0,1],"EasingStyle":"Linear","EasingDirection":"In"},"Right Leg":{"Weight":1,"CFrame":[-0.017650408670306207,0.051628291606903079,-0.0065187811851501469,0.9972641468048096,-0.07091180235147476,0.020874500274658204,0.06826784461736679,0.9918229579925537,0.1078270673751831,-0.02834995463490486,-0.10610704869031906,0.9939505457878113],"EasingStyle":"Linear","EasingDirection":"In"}}},{"Time":0.30000001192092898,"poses":{"Left Leg":{"Weight":1,"CFrame":[0.04417787864804268,0.057656288146972659,-0.008873701095581055,0.998959481716156,0.03191809728741646,0.03257543966174126,-0.035559043288230899,0.992362916469574,0.11811590939760208,-0.02855665795505047,-0.11915136873722077,0.9924654364585877],"EasingStyle":"Linear","EasingDirection":"In"},"Right Arm":{"Weight":1,"CFrame":[-0.09192033112049103,0.12217658758163452,-0.23716247081756593,-0.37985461950302126,-0.7817460894584656,0.4945541024208069,0.9184989929199219,-0.3822344243526459,0.1012747660279274,0.10986442863941193,0.49271687865257265,0.8632263541221619],"EasingStyle":"Linear","EasingDirection":"In"},"Left Arm":{"Weight":1,"CFrame":[-0.05462060868740082,-0.03237822651863098,0.024701476097106935,0.4731796383857727,0.5868372321128845,0.6570565700531006,-0.5577674508094788,0.7768726348876953,-0.29217198491096499,-0.6819066405296326,-0.22823496162891389,0.6949188709259033],"EasingStyle":"Linear","EasingDirection":"In"},"Head":{"Weight":1,"CFrame":[9.901123121380806e-8,-8.003553375601769e-9,0.016662240028381349,0.9991582036018372,-0.027337675914168359,0.03058871626853943,0.026724236086010934,0.9994369149208069,0.020290784537792207,-0.03112626075744629,-0.019456181675195695,0.9993261694908142],"EasingStyle":"Linear","EasingDirection":"In"},"Torso":{"Weight":1,"CFrame":[-0.020222987979650499,-0.009803041815757752,0.028727293014526368,0.9991891980171204,0.037702493369579318,0.0141235226765275,-0.037478700280189517,0.9991728067398071,-0.015788162127137185,-0.014707091264426709,0.015246030874550343,0.9997755885124207],"EasingStyle":"Linear","EasingDirection":"In"},"HumanoidRootPart":{"Weight":1,"CFrame":[0,0,0,1,0,0,0,1,0,0,0,1],"EasingStyle":"Linear","EasingDirection":"In"},"Right Leg":{"Weight":1,"CFrame":[-0.035802364349365237,0.024424970149993898,-0.005299210548400879,0.9982122778892517,-0.057681452482938769,-0.015662111341953279,0.05842999368906021,0.9969096779823303,0.05250798165798187,0.012585030868649483,-0.05332928150892258,0.998497724533081],"EasingStyle":"Linear","EasingDirection":"In"}}},{"Time":0.3333333432674408,"poses":{"Left Leg":{"Weight":1,"CFrame":[0.028316505253314973,0.08344489336013794,-0.011514663696289063,0.9990493655204773,0.04359109327197075,0.0006035250262357295,-0.04305589199066162,0.9844220876693726,0.17046789824962617,0.006836727727204561,-0.17033177614212037,0.9853630661964417],"EasingStyle":"Linear","EasingDirection":"In"},"Right Arm":{"Weight":1,"CFrame":[0.009299504570662976,0.05835449695587158,-0.4031258225440979,-0.32175299525260928,-0.9029185771942139,0.284978985786438,0.9280822277069092,-0.24117034673690797,0.2837259769439697,-0.18745304644107819,0.35577353835105898,0.9155799150466919],"EasingStyle":"Linear","EasingDirection":"In"},"Left Arm":{"Weight":1,"CFrame":[-0.052920278161764148,-0.05317717790603638,0.025734424591064454,0.3710686266422272,0.6807593703269959,0.6315653324127197,-0.6566996574401856,0.6732397675514221,-0.33984389901161196,-0.6565468311309815,-0.2886434495449066,0.6968725323677063],"EasingStyle":"Linear","EasingDirection":"In"},"Head":{"Weight":1,"CFrame":[1.2377859093248845e-7,-1.6625563148409129e-9,0.016661882400512697,0.9999937415122986,0.0035273267421871425,-0.00028643349651247263,-0.003521210979670286,0.9998124241828919,0.01904931478202343,0.0003535567666403949,-0.019048219546675683,0.9998185038566589],"EasingStyle":"Linear","EasingDirection":"In"},"Torso":{"Weight":1,"CFrame":[-0.037243276834487918,-0.009779628366231919,0.03585553169250488,0.9990535378456116,0.006658920552581549,0.042984094470739368,-0.005977869965136051,0.9998548626899719,-0.01595338247716427,-0.04308408871293068,0.015681328251957895,0.9989483952522278],"EasingStyle":"Linear","EasingDirection":"In"},"HumanoidRootPart":{"Weight":1,"CFrame":[0,0,0,1,0,0,0,1,0,0,0,1],"EasingStyle":"Linear","EasingDirection":"In"},"Right Leg":{"Weight":1,"CFrame":[-0.05175008252263069,-0.0013377666473388672,-0.006003916263580322,0.9977095127105713,-0.04783588647842407,-0.047827985137701038,0.047893572598695758,0.9988524317741394,0.00006154603761387989,0.04777022451162338,-0.0023520931135863067,0.9988555908203125],"EasingStyle":"Linear","EasingDirection":"In"}}},{"Time":0.36666667461395266,"poses":{"Left Leg":{"Weight":1,"CFrame":[0.016078218817710878,0.10414588451385498,-0.015023648738861084,0.9982629418373108,0.05379531532526016,-0.024024229496717454,-0.047485146671533588,0.9760260581970215,0.21241065859794618,0.034874942153692248,-0.21090088784694673,0.976885199546814],"EasingStyle":"Linear","EasingDirection":"In"},"Right Arm":{"Weight":1,"CFrame":[0.02573515847325325,-0.04988524317741394,-0.3586711883544922,-0.3756764233112335,-0.9029390811920166,0.2087300419807434,0.8979944586753845,-0.29899555444717409,0.32281219959259035,-0.22907038033008576,0.30871132016181948,0.9231598377227783],"EasingStyle":"Linear","EasingDirection":"In"},"Left Arm":{"Weight":1,"CFrame":[-0.052018903195858,-0.08280104398727417,0.006784558296203613,0.21251708269119264,0.7825056314468384,0.5852529406547546,-0.7895949482917786,0.49035540223121645,-0.36890631914138796,-0.5756530165672302,-0.3837141692638397,0.7220714092254639],"EasingStyle":"Linear","EasingDirection":"In"},"Head":{"Weight":1,"CFrame":[9.051291272044182e-8,-4.4674379751086239e-9,0.016662120819091798,0.9993739128112793,0.026972981169819833,-0.02289717271924019,-0.02655244804918766,0.9994767904281616,0.018473869189620019,0.023383434861898423,-0.01785428635776043,0.9995672106742859],"EasingStyle":"Linear","EasingDirection":"In"},"Torso":{"Weight":1,"CFrame":[-0.058302104473114017,-0.009226426482200623,0.027979135513305665,0.997862696647644,-0.01726660691201687,0.06302297115325928,0.018259502947330476,0.999717652797699,-0.015212693251669407,-0.06274250149726868,0.01633094809949398,0.997896134853363],"EasingStyle":"Linear","EasingDirection":"In"},"HumanoidRootPart":{"Weight":1,"CFrame":[0,0,0,1,0,0,0,1,0,0,0,1],"EasingStyle":"Linear","EasingDirection":"In"},"Right Leg":{"Weight":1,"CFrame":[-0.06406384706497193,-0.0211026668548584,-0.007815420627593995,0.9964892864227295,-0.041514553129673007,-0.07270298898220062,0.03866061940789223,0.9984422326087952,-0.040231239050626758,0.07425996661186218,0.03727924823760986,0.9965419173240662],"EasingStyle":"Linear","EasingDirection":"In"}}},{"Time":0.4000000059604645,"poses":{"Left Leg":{"Weight":1,"CFrame":[0.007357122376561165,0.11954343318939209,-0.0184323787689209,0.9972246289253235,0.06177898496389389,-0.0415523536503315,-0.049857329577207568,0.9686037302017212,0.2435591071844101,0.055294569581747058,-0.24081143736839295,0.9689956307411194],"EasingStyle":"Linear","EasingDirection":"In"},"Right Arm":{"Weight":1,"CFrame":[0.02847951278090477,-0.11366668343544007,-0.27998626232147219,-0.41028356552124026,-0.8942416310310364,0.17888334393501283,0.8857633471488953,-0.3440818190574646,0.31149822473526,-0.21700416505336762,0.2862509489059448,0.933257520198822],"EasingStyle":"Linear","EasingDirection":"In"},"Left Arm":{"Weight":1,"CFrame":[-0.05323652923107147,-0.11807960271835327,-0.03401821851730347,0.006803120486438274,0.8491288423538208,0.5281418561935425,-0.9114996790885925,0.22247126698493958,-0.34594058990478518,-0.41124460101127627,-0.4790478050708771,0.7754942774772644],"EasingStyle":"Linear","EasingDirection":"In"},"Head":{"Weight":1,"CFrame":[9.575160220265389e-8,1.1204974725842476e-9,0.016662120819091798,0.998339056968689,0.04325167462229729,-0.03805973008275032,-0.042585812509059909,0.9989282488822937,0.018134497106075288,0.038803279399871829,-0.016483603045344354,0.9991109371185303],"EasingStyle":"Linear","EasingDirection":"In"},"Torso":{"Weight":1,"CFrame":[-0.08020240068435669,-0.00854724645614624,0.010580778121948243,0.9965808987617493,-0.034279171377420428,0.07517600804567337,0.035442374646663669,0.9992709159851074,-0.01419356744736433,-0.07463464885950089,0.016809452325105668,0.9970693588256836],"EasingStyle":"Linear","EasingDirection":"In"},"HumanoidRootPart":{"Weight":1,"CFrame":[0,0,0,1,0,0,0,1,0,0,0,1],"EasingStyle":"Linear","EasingDirection":"In"},"Right Leg":{"Weight":1,"CFrame":[-0.07284170389175415,-0.03518795967102051,-0.009784400463104248,0.9951916337013245,-0.03757418319582939,-0.0904541090130806,0.03137709200382233,0.9971243143081665,-0.06898374855518341,0.09278605878353119,0.0658138170838356,0.9935085773468018],"EasingStyle":"Linear","EasingDirection":"In"}}},{"Time":0.4333333373069763,"poses":{"Left Leg":{"Weight":1,"CFrame":[-0.16940432786941529,0.1427040696144104,-0.03405177593231201,0.9983259439468384,-0.02306205779314041,-0.05304280295968056,0.036334894597530368,0.9635871052742004,0.26491445302963259,0.045001860707998279,-0.26639825105667117,0.9628120064735413],"EasingStyle":"Linear","EasingDirection":"In"},"Right Arm":{"Weight":1,"CFrame":[0.02761806920170784,-0.10321313142776489,-0.22228509187698365,-0.39441344141960146,-0.9047762751579285,0.16067934036254884,0.8976696133613586,-0.34195420145988467,0.2779507637023926,-0.1965383142232895,0.2538643479347229,0.9470615386962891],"EasingStyle":"Linear","EasingDirection":"In"},"Left Arm":{"Weight":1,"CFrame":[-0.056693948805332187,-0.15274372696876527,-0.08018273115158081,-0.2100541591644287,0.8520811200141907,0.47941112518310549,-0.9567867517471314,-0.07829982787370682,-0.2800503075122833,-0.20108787715435029,-0.5175201296806336,0.8317071199417114],"EasingStyle":"Linear","EasingDirection":"In"},"Head":{"Weight":1,"CFrame":[9.097857400774956e-8,-2.6775524020195009e-9,0.016661882400512697,0.9974385499954224,0.05335337668657303,-0.0476427786052227,-0.052573319524526599,0.9984641671180725,0.017477484419941903,0.04850206524133682,-0.014927979558706284,0.9987115263938904],"EasingStyle":"Linear","EasingDirection":"In"},"Torso":{"Weight":1,"CFrame":[-0.09981733560562134,-0.007745295763015747,-0.009761810302734375,0.9956491589546204,-0.045321088284254077,0.08141830563545227,0.04652228578925133,0.9988338351249695,-0.012916439212858677,-0.08073797821998596,0.016648009419441224,0.9965963363647461],"EasingStyle":"Linear","EasingDirection":"In"},"HumanoidRootPart":{"Weight":1,"CFrame":[0,0,0,1,0,0,0,1,0,0,0,1],"EasingStyle":"Linear","EasingDirection":"In"},"Right Leg":{"Weight":1,"CFrame":[-0.07856635749340058,-0.044458866119384769,-0.011382758617401123,0.9941731691360474,-0.03475189208984375,-0.10203920304775238,0.025781523436307908,0.9957913160324097,-0.08794928342103958,0.10466621816158295,0.08480606973171234,0.9908849596977234],"EasingStyle":"Linear","EasingDirection":"In"}}},{"Time":0.46666666865348818,"poses":{"Left Leg":{"Weight":1,"CFrame":[-0.24626362323760987,0.15736627578735352,-0.04418915510177612,0.9964131116867065,-0.06014997512102127,-0.05952252075076103,0.07438879460096359,0.9579075574874878,0.27727147936820986,0.040339160710573199,-0.2807047367095947,0.9589461088180542],"EasingStyle":"Linear","EasingDirection":"In"},"Right Arm":{"Weight":1,"CFrame":[0.0255073681473732,-0.0753900408744812,-0.1794649362564087,-0.3585643172264099,-0.9227185249328613,0.14149940013885499,0.9177122116088867,-0.3206613063812256,0.23447974026203156,-0.1709854006767273,0.2139316201210022,0.9617677927017212],"EasingStyle":"Linear","EasingDirection":"In"},"Left Arm":{"Weight":1,"CFrame":[-0.06100308895111084,-0.17955133318901063,-0.11679470539093018,-0.3885031044483185,0.80629962682724,0.4460339844226837,-0.9213711619377136,-0.33369699120521548,-0.19930265843868257,-0.011857468634843827,-0.4883926212787628,0.8725435733795166],"EasingStyle":"Linear","EasingDirection":"In"},"Head":{"Weight":1,"CFrame":[6.880145519971848e-8,-2.9103830456733705e-9,0.01666247844696045,0.9968666434288025,0.058252085000276569,-0.053513556718826297,-0.057465407997369769,0.9982173442840576,0.016125712543725969,0.05435754358768463,-0.013000029139220715,0.9984369277954102],"EasingStyle":"Linear","EasingDirection":"In"},"Torso":{"Weight":1,"CFrame":[-0.11403471231460571,-0.006673488765954971,-0.02661871910095215,0.9951680302619934,-0.05132269859313965,0.08370625972747803,0.05244135856628418,0.9985609650611877,-0.011219065636396408,-0.08301001042127609,0.015554523095488549,0.9964274168014526],"EasingStyle":"Linear","EasingDirection":"In"},"HumanoidRootPart":{"Weight":1,"CFrame":[0,0,0,1,0,0,0,1,0,0,0,1],"EasingStyle":"Linear","EasingDirection":"In"},"Right Leg":{"Weight":1,"CFrame":[-0.08170932531356812,-0.04957294464111328,-0.012368440628051758,0.993586003780365,-0.032178498804569247,-0.10840398818254471,0.021476639434695245,0.9949072599411011,-0.09848049283027649,0.11102091521024704,0.09552066028118134,0.9892170429229736],"EasingStyle":"Linear","EasingDirection":"In"}}},{"Time":0.5,"poses":{"Left Leg":{"Weight":1,"CFrame":[-0.27190548181533816,0.1620822548866272,-0.04789316654205322,0.9952858090400696,-0.07462632656097412,-0.06194474175572395,0.08914821594953537,0.9554719924926758,0.2812933623790741,0.038194552063941959,-0.2854894995689392,0.9576205015182495],"EasingStyle":"Linear","EasingDirection":"In"},"Right Arm":{"Weight":1,"CFrame":[0.02264327183365822,-0.03592255711555481,-0.14928096532821656,-0.3089911639690399,-0.9433977603912354,0.12052012234926224,0.9405571818351746,-0.2843288779258728,0.18576672673225404,-0.14098456501960755,0.17075620591640473,0.9751747250556946],"EasingStyle":"Linear","EasingDirection":"In"},"Left Arm":{"Weight":1,"CFrame":[-0.06360284984111786,-0.19209328293800355,-0.13057124614715577,-0.500201940536499,0.7590156197547913,0.4167652130126953,-0.8600183129310608,-0.4915158152580261,-0.13704289495944978,0.10082893818616867,-0.4269748628139496,0.89862459897995],"EasingStyle":"Linear","EasingDirection":"In"},"Head":{"Weight":1,"CFrame":[7.508788257837296e-8,-2.3283064365386965e-10,0.0166623592376709,0.9966043829917908,0.05890737101435661,-0.05753038823604584,-0.058204904198646548,0.9982091188430786,0.013810048811137677,0.058240856975317,-0.010414596647024155,0.998248279094696],"EasingStyle":"Linear","EasingDirection":"In"},"Torso":{"Weight":1,"CFrame":[-0.11974948644638062,-0.005099296569824219,-0.033629417419433597,0.9950457215309143,-0.05320032685995102,0.08398658782243729,0.05413046479225159,0.9984948635101318,-0.00883527658879757,-0.08339013159275055,0.013337739743292332,0.9964277148246765],"EasingStyle":"Linear","EasingDirection":"In"},"HumanoidRootPart":{"Weight":1,"CFrame":[0,0,0,1,0,0,0,1,0,0,0,1],"EasingStyle":"Linear","EasingDirection":"In"},"Right Leg":{"Weight":1,"CFrame":[-0.08271823823451996,-0.05107474327087402,-0.012686431407928467,0.9934509992599487,-0.029247945174574853,-0.11045201867818833,0.01797652617096901,0.9946529269218445,-0.10169757902622223,0.11283590644598007,0.09904593229293823,0.9886648058891296],"EasingStyle":"Linear","EasingDirection":"In"}}},{"Time":0.5333333611488342,"poses":{"Left Leg":{"Weight":1,"CFrame":[-0.24291391670703889,0.14848119020462037,-0.040591657161712649,0.9960356950759888,-0.06808184087276459,-0.05725131928920746,0.08083493262529373,0.9613799452781677,0.263086199760437,0.03712884709239006,-0.26667115092277529,0.9630721211433411],"EasingStyle":"Linear","EasingDirection":"In"},"Right Arm":{"Weight":1,"CFrame":[0.0194991622120142,0.009429514408111573,-0.12949305772781373,-0.25242456793785097,-0.9626505374908447,0.09790722280740738,0.961544930934906,-0.23823583126068116,0.13665668666362763,-0.10822765529155731,0.12863774597644807,0.9857683181762695],"EasingStyle":"Linear","EasingDirection":"In"},"Left Arm":{"Weight":1,"CFrame":[-0.05265999957919121,-0.13602158427238465,-0.11357492208480835,-0.580640435218811,0.7511675953865051,0.31401264667510989,-0.8113142848014832,-0.566063404083252,-0.14608752727508546,0.06801474094390869,-0.3395874798297882,0.9381122589111328],"EasingStyle":"Linear","EasingDirection":"In"},"Head":{"Weight":1,"CFrame":[1.3472163118422032e-7,5.3551048040390018e-9,0.016661882400512697,0.9973670840263367,0.05215780436992645,-0.05038498714566231,-0.05173647403717041,0.9986144304275513,0.009630695916712284,0.05081747844815254,-0.006998590659350157,0.9986834526062012],"EasingStyle":"Linear","EasingDirection":"In"},"Torso":{"Weight":1,"CFrame":[-0.1181536614894867,-0.0028349552303552629,-0.02885293960571289,0.9961807131767273,-0.047883614897727969,0.07301613688468933,0.048417702317237857,0.9988117814064026,-0.005561241880059242,-0.0726630762219429,0.00907527469098568,0.9973153471946716],"EasingStyle":"Linear","EasingDirection":"In"},"HumanoidRootPart":{"Weight":1,"CFrame":[0,0,0,1,0,0,0,1,0,0,0,1],"EasingStyle":"Linear","EasingDirection":"In"},"Right Leg":{"Weight":1,"CFrame":[-0.0799805074930191,-0.042443156242370608,-0.01144099235534668,0.9941526651382446,-0.02555040642619133,-0.10491729527711868,0.016697680577635766,0.9962916374206543,-0.08440513908863068,0.1066848486661911,0.08215969055891037,0.9908926486968994],"EasingStyle":"Linear","EasingDirection":"In"}}},{"Time":0.5666666626930237,"poses":{"Left Leg":{"Weight":1,"CFrame":[-0.14749537408351899,0.11551189422607422,-0.024121582508087159,0.9984540939331055,-0.03529691323637962,-0.04293770715594292,0.043822892010211948,0.9750820994377136,0.21747279167175294,0.03419163450598717,-0.21901817619800569,0.9751214981079102],"EasingStyle":"Linear","EasingDirection":"In"},"Right Arm":{"Weight":1,"CFrame":[0.01649496518075466,0.05486112833023071,-0.11788016557693482,-0.19607937335968018,-0.9777070879936218,0.07511167228221894,0.9776676893234253,-0.1890137791633606,0.09186796844005585,-0.0756228119134903,0.09144768863916397,0.9929343461990356],"EasingStyle":"Linear","EasingDirection":"In"},"Left Arm":{"Weight":1,"CFrame":[-0.0257100872695446,0.0025052428245544435,-0.0755578875541687,-0.6378911733627319,0.763631284236908,0.09981071203947067,-0.7623580098152161,-0.6077688932418823,-0.22232231497764588,-0.10911043733358383,-0.2179090678691864,0.9698508381843567],"EasingStyle":"Linear","EasingDirection":"In"},"Head":{"Weight":1,"CFrame":[8.878487278707326e-8,2.3283064365386965e-10,0.016662120819091798,0.998992383480072,0.03601067513227463,-0.02678891085088253,-0.0359172597527504,0.9993470311164856,0.003957786597311497,0.02691391296684742,-0.0029916558414697649,0.9996333122253418],"EasingStyle":"Linear","EasingDirection":"In"},"Torso":{"Weight":1,"CFrame":[-0.11346323788166046,-0.00004703225567936897,-0.01785588264465332,0.9984045624732971,-0.03318043053150177,0.045688334852457049,0.03329073637723923,0.9994444251060486,-0.0016554074827581645,-0.04560801386833191,0.003173764795064926,0.9989544749259949],"EasingStyle":"Linear","EasingDirection":"In"},"HumanoidRootPart":{"Weight":1,"CFrame":[0,0,0,1,0,0,0,1,0,0,0,1],"EasingStyle":"Linear","EasingDirection":"In"},"Right Leg":{"Weight":1,"CFrame":[-0.07230962812900543,-0.0209197998046875,-0.0089493989944458,0.995745837688446,-0.02230510301887989,-0.08940230309963227,0.018697382882237436,0.998984694480896,-0.04098951071500778,0.09022583812475205,0.039143551141023639,0.9951518774032593],"EasingStyle":"Linear","EasingDirection":"In"}}},{"Time":0.6000000238418579,"poses":{"Left Leg":{"Weight":1,"CFrame":[0.01760139688849449,0.07791143655776978,-0.010078907012939453,0.9993393421173096,0.02971639297902584,-0.02092602849006653,-0.026034504175186158,0.9870375990867615,0.15836384892463685,0.025360744446516038,-0.15771445631980897,0.9871590733528137],"EasingStyle":"Linear","EasingDirection":"In"},"Right Arm":{"Weight":1,"CFrame":[0.01398499682545662,0.09453660249710083,-0.11225205659866333,-0.14727693796157838,-0.9875795841217041,0.05473784729838371,0.9879762530326843,-0.14425306022167207,0.055624984204769137,-0.047037992626428607,0.06227189674973488,0.9969502091407776],"EasingStyle":"Linear","EasingDirection":"In"},"Left Arm":{"Weight":1,"CFrame":[0.005974908359348774,0.16843867301940919,-0.03022974729537964,-0.626227080821991,0.7643691301345825,-0.15355651080608369,-0.703906238079071,-0.6389994621276856,-0.3101547956466675,-0.33519527316093447,-0.08613821864128113,0.9382027387619019],"EasingStyle":"Linear","EasingDirection":"In"},"Head":{"Weight":1,"CFrame":[9.692303137853742e-8,1.6298145055770875e-9,0.016661763191223146,0.9998997449874878,0.013130377046763897,0.005320162512362003,-0.013123043812811375,0.9999129176139832,-0.0014076469233259559,-0.005338187329471111,0.001337708323262632,0.9999849200248718],"EasingStyle":"Linear","EasingDirection":"In"},"Torso":{"Weight":1,"CFrame":[-0.10707821696996689,0.003048204816877842,-0.005524873733520508,0.9998831748962402,-0.011402717791497708,0.010188053362071514,0.011377237737178803,0.9999321103096008,0.002555486047640443,-0.01021649967879057,-0.002439275151118636,0.9999449253082275],"EasingStyle":"Linear","EasingDirection":"In"},"HumanoidRootPart":{"Weight":1,"CFrame":[0,0,0,1,0,0,0,1,0,0,0,1],"EasingStyle":"Linear","EasingDirection":"In"},"Right Leg":{"Weight":1,"CFrame":[-0.0608573816716671,0.007291316986083984,-0.007127165794372559,0.9975666999816895,-0.02170731872320175,-0.0662536770105362,0.0228152796626091,0.9996114373207092,0.01601315476000309,0.06588040292263031,-0.017485780641436578,0.997674286365509],"EasingStyle":"Linear","EasingDirection":"In"}}},{"Time":0.6333333253860474,"poses":{"Left Leg":{"Weight":1,"CFrame":[0.03107350692152977,0.049099087715148929,-0.006912529468536377,0.9998638033866882,0.015289301052689553,0.006218918599188328,-0.015833767130970956,0.9948839545249939,0.09977556765079498,-0.00466163968667388,-0.09986048191785813,0.9949905276298523],"EasingStyle":"Line