{"Sequence":[{"Time":0,"poses":{"Left Leg":{"Weight":1,"CFrame":[-0.28438374400138857,0.006834983825683594,0.1723088026046753,0.8345460295677185,-0.37462326884269717,0.40396830439567568,0.414149671792984,0.9101354479789734,-0.011558152735233307,-0.3633359372615814,0.17694920301437379,0.9146999716758728],"EasingStyle":"Linear","EasingDirection":"In"},"Right Leg":{"Weight":1,"CFrame":[-0.011976182460784912,0.1734250783920288,0.14326632022857667,0.7172351479530335,0.184612438082695,-0.6719315648078919,-0.12452317029237747,0.982702374458313,0.1370774805545807,0.6856149435043335,-0.014645827002823353,0.727817177772522],"EasingStyle":"Linear","EasingDirection":"In"},"Left Arm":{"Weight":1,"CFrame":[-0.00032458454370498657,-0.09122350811958313,-0.014025330543518067,0.8019535541534424,0.1869225800037384,0.5673892498016357,-0.3751074969768524,0.8967653512954712,0.23474720120429994,-0.4649354815483093,-0.4010884165763855,0.7892802953720093],"EasingStyle":"Linear","EasingDirection":"In"},"Head":{"Weight":1,"CFrame":[8.774804882705212e-8,-1.609805622138083e-8,-5.960464477539063e-8,0.9995521306991577,-0.02986918017268181,0.0018459700513631106,0.029904218390583993,0.9945550560951233,-0.09982999414205551,0.00114592129830271,0.09984048455953598,0.9950028657913208],"EasingStyle":"Linear","EasingDirection":"In"},"Torso":{"Weight":1,"CFrame":[-0.00015998713206499815,0.0670701414346695,-0.14993047714233399,0.9998000264167786,0.019997332245111467,-0.00020007129933219403,-0.019910160452127458,0.9962804913520813,0.08383766561746597,0.0018758568912744523,-0.08381692320108414,0.9964793920516968],"EasingStyle":"Linear","EasingDirection":"In"},"HumanoidRootPart":{"Weight":1,"CFrame":[0,0,0,1,0,0,0,1,0,0,0,1],"EasingStyle":"Linear","EasingDirection":"In"},"Right Arm":{"Weight":1,"CFrame":[0.0031970348209142687,-0.1404615044593811,0.056018710136413577,-0.04813277721405029,-0.9504830837249756,-0.30702629685401919,0.9152498245239258,-0.16506537795066834,0.36752021312713625,-0.4000011384487152,-0.2633160650730133,0.8778746128082275],"EasingStyle":"Linear","EasingDirection":"In"}}},{"Time":0.03333333507180214,"poses":{"Left Leg":{"Weight":1,"CFrame":[-0.29134881496429446,0.029174506664276124,0.20077550411224366,0.8274675011634827,-0.34883663058280947,0.4400121867656708,0.40066468715667727,0.915814220905304,-0.02742518112063408,-0.39340248703956606,0.19899077713489533,0.8975729942321777],"EasingStyle":"Linear","EasingDirection":"In"},"Right Leg":{"Weight":1,"CFrame":[0.0843493640422821,0.24147677421569825,0.22055304050445558,0.7223040461540222,0.18240566551685334,-0.6670871376991272,-0.154655322432518,0.9827649593353272,0.10126670449972153,0.6740613579750061,0.03002317249774933,0.7380649447441101],"EasingStyle":"Linear","EasingDirection":"In"},"Left Arm":{"Weight":1,"CFrame":[-0.005138940643519163,-0.10952815413475037,-0.07000011205673218,0.7916709184646606,0.4720817804336548,0.38780930638313296,-0.5203396677970886,0.853647768497467,0.02306888811290264,-0.3201620876789093,-0.22005562484264375,0.9214509725570679],"EasingStyle":"Linear","EasingDirection":"In"},"Head":{"Weight":1,"CFrame":[8.783536031842232e-8,-2.419255906715989e-9,0,0.9990684390068054,-0.04312918707728386,0.0014610722428187729,0.04313771426677704,0.9971923828125,-0.06120883300900459,0.001182917389087379,0.06121484562754631,0.9981239438056946],"EasingStyle":"Linear","EasingDirection":"In"},"Torso":{"Weight":1,"CFrame":[-0.00036703806836158037,0.03191626816987991,-0.17317795753479005,0.999170184135437,0.0407276377081871,-0.0004588850133586675,-0.04067692160606384,0.998375654220581,0.03989533334970474,0.00208298210054636,-0.039843566715717319,0.9992037415504456],"EasingStyle":"Linear","EasingDirection":"In"},"HumanoidRootPart":{"Weight":1,"CFrame":[0,0,0,1,0,0,0,1,0,0,0,1],"EasingStyle":"Linear","EasingDirection":"In"},"Right Arm":{"Weight":1,"CFrame":[0.07562686502933502,-0.18372687697410584,-0.005235791206359863,0.0172538161277771,-0.9995478987693787,-0.024624217301607133,0.898063063621521,0.004666410386562347,0.4398420751094818,-0.43952831625938418,-0.029703160747885705,0.8977375030517578],"EasingStyle":"Linear","EasingDirection":"In"}}},{"Time":0.06666667014360428,"poses":{"Left Leg":{"Weight":1,"CFrame":[-0.2888074219226837,0.07424992322921753,0.25350141525268557,0.8131980895996094,-0.2937695384025574,0.5024025440216065,0.37327054142951968,0.9255833029747009,-0.06296680867671967,-0.4465177059173584,0.23873652517795564,0.8623380064964294],"EasingStyle":"Linear","EasingDirection":"In"},"Right Leg":{"Weight":1,"CFrame":[0.18390288949012757,0.4026145935058594,0.30940210819244387,0.738860011100769,0.14432834088802339,-0.6582212448120117,-0.16554661095142365,0.9857360124588013,0.03031483106315136,0.6532076001167297,0.08656778186559677,0.7522139549255371],"EasingStyle":"Linear","EasingDirection":"In"},"Left Arm":{"Weight":1,"CFrame":[-0.016229502856731416,-0.14459386467933656,-0.17395293712615968,0.5818091034889221,0.8009309768676758,-0.14144915342330934,-0.8029720783233643,0.5379881262779236,-0.2565241754055023,-0.12936019897460938,0.2628277838230133,0.9561315774917603],"EasingStyle":"Linear","EasingDirection":"In"},"Head":{"Weight":1,"CFrame":[8.719507604837418e-8,-1.4551915228366852e-8,0,0.9977067112922669,-0.0676654800772667,-0.001705285394564271,0.06767991930246353,0.997649610042572,0.010711511597037316,0.0009764778660610318,-0.01080234907567501,0.9999412298202515],"EasingStyle":"Linear","EasingDirection":"In"},"Torso":{"Weight":1,"CFrame":[-0.0026906225830316545,-0.03351011872291565,-0.22046923637390138,0.996860921382904,0.07910118997097016,-0.003363365773111582,-0.07917265594005585,0.9959805011749268,-0.04188764467835426,0.00003648439815151505,0.04202244058251381,0.9991166591644287],"EasingStyle":"Linear","EasingDirection":"In"},"HumanoidRootPart":{"Weight":1,"CFrame":[0,0,0,1,0,0,0,1,0,0,0,1],"EasingStyle":"Linear","EasingDirection":"In"},"Right Arm":{"Weight":1,"CFrame":[0.21013948321342469,-0.26407700777053835,-0.11899399757385254,-0.02704421989619732,-0.8326230049133301,0.5531796216964722,0.8428358435630798,0.27855411171913149,0.46047303080558779,-0.5374909043312073,0.4786926209926605,0.6942311525344849],"EasingStyle":"Linear","EasingDirection":"In"}}},{"Time":0.10000000149011612,"poses":{"Left Leg":{"Weight":1,"CFrame":[-0.279666006565094,0.09942328929901123,0.2814595699310303,0.8046404123306274,-0.2607978880405426,0.5334214568138123,0.357822984457016,0.9299021363258362,-0.08511537313461304,-0.4738318920135498,0.25935766100883486,0.8415563106536865],"EasingStyle":"Linear","EasingDirection":"In"},"Right Leg":{"Weight":1,"CFrame":[0.18723851442337037,0.5484673380851746,0.351731538772583,0.7383250594139099,0.10912606120109558,-0.6655582189559937,-0.16360610723495484,0.9863275289535523,-0.019773513078689576,0.6543006300926209,0.12348858267068863,0.7460839152336121],"EasingStyle":"Linear","EasingDirection":"In"},"Left Arm":{"Weight":1,"CFrame":[-0.02856743335723877,-0.16664686799049378,-0.22992777824401856,0.4066704213619232,0.8063234090805054,-0.429490327835083,-0.9074568152427673,0.3022077679634094,-0.29187750816345217,-0.10555234551429749,0.5084418654441834,0.8546026349067688],"EasingStyle":"Linear","EasingDirection":"In"},"Head":{"Weight":1,"CFrame":[9.033828973770142e-8,-5.9371814131736759e-9,1.1920928955078126e-7,0.9967151284217835,-0.08065404742956162,-0.007353782653808594,0.0809193104505539,0.9955037832260132,0.04923846945166588,0.0033494355157017709,-0.04967179149389267,0.9987600445747376],"EasingStyle":"Linear","EasingDirection":"In"},"Torso":{"Weight":1,"CFrame":[-0.004977722652256489,-0.0685853660106659,-0.24815058708190919,0.9950119853019714,0.09956131875514984,-0.006222241558134556,-0.09972746670246124,0.9913145303726196,-0.08573172986507416,-0.0023673642426729204,0.08592462539672852,0.9962988495826721],"EasingStyle":"Linear","EasingDirection":"In"},"HumanoidRootPart":{"Weight":1,"CFrame":[0,0,0,1,0,0,0,1,0,0,0,1],"EasingStyle":"Linear","EasingDirection":"In"},"Right Arm":{"Weight":1,"CFrame":[0.28256934881210329,-0.30734264850616457,-0.18024849891662599,-0.2704508602619171,-0.5704492926597595,0.7755283117294312,0.8109731078147888,0.2991267740726471,0.5028377771377564,-0.5188246965408325,0.7649253606796265,0.38171982765197756],"EasingStyle":"Linear","EasingDirection":"In"}}},{"Time":0.13333334028720857,"poses":{"Left Leg":{"Weight":1,"CFrame":[-0.32220417261123659,0.09923690557479859,0.2580958604812622,0.8299798965454102,-0.2819861173629761,0.4812662601470947,0.35824722051620486,0.930812418460846,-0.07243771106004715,-0.4275422692298889,0.23253415524959565,0.8735763430595398],"EasingStyle":"Linear","EasingDirection":"In"},"Right Leg":{"Weight":1,"CFrame":[0.1510809063911438,0.5837779641151428,0.3845561742782593,0.6938161849975586,0.12614566087722779,-0.709017813205719,-0.20615951716899873,0.9781258702278137,-0.027715113013982774,0.6900125741958618,0.1653999388217926,0.7046457529067993],"EasingStyle":"Linear","EasingDirection":"In"},"Left Arm":{"Weight":1,"CFrame":[-0.03906440734863281,-0.17060399055480958,-0.21036696434020997,0.4206056296825409,0.830132782459259,-0.3660198450088501,-0.9016320109367371,0.33767324686050417,-0.27025264501571658,-0.10075052827596665,0.44368502497673037,0.8905014991760254],"EasingStyle":"Linear","EasingDirection":"In"},"Head":{"Weight":1,"CFrame":[8.568167686462403e-8,3.236345946788788e-8,-5.960464477539063e-8,0.9974679946899414,-0.06845702975988388,-0.019268497824668886,0.06918089836835861,0.9968094825744629,0.03981238976120949,0.016481582075357438,-0.04104458913207054,0.9990214109420776],"EasingStyle":"Linear","EasingDirection":"In"},"Torso":{"Weight":1,"CFrame":[0.020020537078380586,-0.055218324065208438,-0.23519039154052735,0.99666428565979,0.08118543773889542,0.008322847075760365,-0.08042202144861222,0.9943681955337524,-0.06902291625738144,-0.013879630714654923,0.06812333315610886,0.997580349445343],"EasingStyle":"Linear","EasingDirection":"In"},"HumanoidRootPart":{"Weight":1,"CFrame":[0,0,0,1,0,0,0,1,0,0,0,1],"EasingStyle":"Linear","EasingDirection":"In"},"Right Arm":{"Weight":1,"CFrame":[0.22022466361522675,-0.20772969722747804,-0.13716131448745728,0.003917232621461153,-0.554527759552002,0.8321560621261597,0.7092851996421814,0.5881455540657044,0.3885864019393921,-0.7049107551574707,0.5887138247489929,0.39562222361564639],"EasingStyle":"Linear","EasingDirection":"In"}}},{"Time":0.1666666716337204,"poses":{"Left Leg":{"Weight":1,"CFrame":[-0.3931671977043152,0.09803926944732666,0.20392704010009767,0.871829092502594,-0.3148430287837982,0.3752171993255615,0.3558177053928375,0.933546245098114,-0.04341938719153404,-0.3366122543811798,0.1713632047176361,0.9259194731712341],"EasingStyle":"Linear","EasingDirection":"In"},"Right Leg":{"Weight":1,"CFrame":[0.10714218765497208,0.5364397764205933,0.4190007448196411,0.6274802684783936,0.15658192336559297,-0.762725830078125,-0.26809078454971316,0.9631231427192688,-0.02283126674592495,0.7310238480567932,0.21880578994750977,0.6463189721107483],"EasingStyle":"Linear","EasingDirection":"In"},"Left Arm":{"Weight":1,"CFrame":[-0.052394799888134,-0.17206159234046937,-0.1605740189552307,0.467506468296051,0.8595821857452393,-0.20629186928272248,-0.8802339434623718,0.43117788434028628,-0.1981768012046814,-0.0814007893204689,0.27423393726348879,0.9582117199897766],"EasingStyle":"Linear","EasingDirection":"In"},"Head":{"Weight":1,"CFrame":[9.033828973770142e-8,-2.8405338525772096e-8,-1.7881393432617188e-7,0.9980025887489319,-0.04603732004761696,-0.043259941041469577,0.04704775661230087,0.9986361861228943,0.022636407986283304,0.0421588160097599,-0.02462647669017315,0.998807430267334],"EasingStyle":"Linear","EasingDirection":"In"},"Torso":{"Weight":1,"CFrame":[0.07903441786766052,-0.02969326823949814,-0.2024073600769043,0.9979523420333862,0.04644027352333069,0.04398200660943985,-0.0448208823800087,0.9983053803443909,-0.037116602063179019,-0.04563117027282715,0.035069286823272708,0.9983426928520203],"EasingStyle":"Linear","EasingDirection":"In"},"HumanoidRootPart":{"Weight":1,"CFrame":[0,0,0,1,0,0,0,1,0,0,0,1],"EasingStyle":"Linear","EasingDirection":"In"},"Right Arm":{"Weight":1,"CFrame":[0.10444191098213196,-0.02273494005203247,-0.03493964672088623,0.4854966998100281,-0.2978282570838928,0.8219436407089233,0.22827157378196717,0.9507529139518738,0.20966891944408418,-0.8439105749130249,0.08583264797925949,0.5295731425285339],"EasingStyle":"Linear","EasingDirection":"In"}}},{"Time":0.20000000298023225,"poses":{"Left Leg":{"Weight":1,"CFrame":[-0.4089537262916565,0.1010427474975586,0.1621946096420288,0.8944461345672607,-0.3190879225730896,0.31328749656677248,0.33820971846580508,0.9410438537597656,-0.0071326810866594318,-0.29254138469696047,0.11233662068843842,0.9496316313743591],"EasingStyle":"Linear","EasingDirection":"In"},"Right Leg":{"Weight":1,"CFrame":[0.06263233721256256,0.45704376697540285,0.4386380910873413,0.5791086554527283,0.1630682498216629,-0.7987751364707947,-0.3097168505191803,0.9503384828567505,-0.03053392842411995,0.7541277408599854,0.26507648825645449,0.6008543968200684],"EasingStyle":"Linear","EasingDirection":"In"},"Left Arm":{"Weight":1,"CFrame":[-0.07517316937446594,-0.1722690761089325,-0.09388428926467896,0.5568636059761047,0.8305788636207581,-0.00646378006786108,-0.8292847871780396,0.5555240511894226,-0.06066164746880531,-0.04679354652762413,0.039140503853559497,0.9981374740600586],"EasingStyle":"Linear","EasingDirection":"In"},"Head":{"Weight":1,"CFrame":[1.328880898654461e-7,-1.0244548320770264e-8,5.960464477539063e-7,0.996374249458313,-0.03393672779202461,-0.07801781594753266,0.03507154807448387,0.9992973804473877,0.01322147622704506,0.07751429826021195,-0.015909744426608087,0.9968643188476563],"EasingStyle":"Linear","EasingDirection":"In"},"Torso":{"Weight":1,"CFrame":[0.14957422018051148,-0.01515544205904007,-0.15755677223205567,0.9955059289932251,0.02742171287536621,0.09064316004514694,-0.025806467980146409,0.9994874596595764,-0.018944300711154939,-0.09111618995666504,0.016519982367753984,0.9957032203674316],"EasingStyle":"Linear","EasingDirection":"In"},"HumanoidRootPart":{"Weight":1,"CFrame":[0,0,0,1,0,0,0,1,0,0,0,1],"EasingStyle":"Linear","EasingDirection":"In"},"Right Arm":{"Weight":1,"CFrame":[0.042097270488739017,0.07687830924987793,0.08585667610168457,0.7007499933242798,-0.11385060101747513,0.7042637467384338,-0.13421714305877686,0.9485164284706116,0.28688377141952517,-0.7006676197052002,-0.2955581843852997,0.649392306804657],"EasingStyle":"Linear","EasingDirection":"In"}}},{"Time":0.23333333432674409,"poses":{"Left Leg":{"Weight":1,"CFrame":[-0.36787983775138857,0.11266618967056275,0.14396071434020997,0.9026501774787903,-0.29542076587677,0.3129686415195465,0.2998870313167572,0.9533339738845825,0.03496036306023598,-0.30869168043136599,0.06229833886027336,0.9491198658943176],"EasingStyle":"Linear","EasingDirection":"In"},"Right Leg":{"Weight":1,"CFrame":[0.024738479405641557,0.38058698177337649,0.44473135471343996,0.5572941899299622,0.1465790867805481,-0.8172745704650879,-0.33079397678375246,0.9420032501220703,-0.05661699175834656,0.7615764737129211,0.30190181732177737,0.5734604001045227],"EasingStyle":"Linear","EasingDirection":"In"},"Left Arm":{"Weight":1,"CFrame":[-0.11002686619758606,-0.16365095973014832,-0.023270487785339357,0.6896786689758301,0.7055597305297852,0.16287678480148316,-0.7240516543388367,0.6749362349510193,0.14216330647468568,-0.009626765735447407,-0.2159782201051712,0.9763507843017578],"EasingStyle":"Linear","EasingDirection":"In"},"Head":{"Weight":1,"CFrame":[7.613562047481537e-8,-1.6763806343078614e-8,1.1920928955078126e-7,0.9921402335166931,-0.037584155797958377,-0.11935319006443024,0.04035263508558273,0.9989676475524902,0.020863434299826623,0.11844583600759506,-0.025515668094158174,0.9926326274871826],"EasingStyle":"Linear","EasingDirection":"In"},"Torso":{"Weight":1,"CFrame":[0.21308976411819459,-0.01510370522737503,-0.10790085792541504,0.9897789359092712,0.027793480083346368,0.1398753970861435,-0.025398360565304757,0.9994991421699524,-0.018879633396863939,-0.14033006131649018,0.015134056098759175,0.9899892210960388],"EasingStyle":"Linear","EasingDirection":"In"},"HumanoidRootPart":{"Weight":1,"CFrame":[0,0,0,1,0,0,0,1,0,0,0,1],"EasingStyle":"Linear","EasingDirection":"In"},"Right Arm":{"Weight":1,"CFrame":[0.04348280280828476,0.046000540256500247,0.19096660614013673,0.7835792303085327,-0.35912004113197329,0.5069875121116638,0.003289224114269018,0.8184079527854919,0.5746282935142517,-0.6212831735610962,-0.4485992193222046,0.6424687504768372],"EasingStyle":"Linear","EasingDirection":"In"}}},{"Time":0.2666666805744171,"poses":{"Left Leg":{"Weight":1,"CFrame":[-0.32784992456436159,0.1234290599822998,0.12715721130371095,0.9097325205802918,-0.27217110991477969,0.31354376673698428,0.2626132071018219,0.9621201157569885,0.07320668548345566,-0.32159164547920229,0.01574227213859558,0.9467476010322571],"EasingStyle":"Linear","EasingDirection":"In"},"Right Leg":{"Weight":1,"CFrame":[-0.00610307976603508,0.32488811016082766,0.44324731826782229,0.5397387146949768,0.13238535821437837,-0.831358015537262,-0.34533774852752688,0.9354575276374817,-0.07523991167545319,0.7677395939826965,0.3277091383934021,0.5506203174591065],"EasingStyle":"Linear","EasingDirection":"In"},"Left Arm":{"Weight":1,"CFrame":[-0.1436331868171692,-0.14369407296180726,0.03974270820617676,0.8071008324623108,0.5322097539901733,0.2556191086769104,-0.5904126167297363,0.7267042398452759,0.3511607050895691,0.0011316818417981268,-0.4343428611755371,0.9007470011711121],"EasingStyle":"Linear","EasingDirection":"In"},"Head":{"Weight":1,"CFrame":[1.1146767064929009e-7,-1.1175870895385743e-8,-1.7881393432617188e-7,0.9867292642593384,-0.04863748699426651,-0.15491873025894166,0.05471118167042732,0.9978821873664856,0.03518394008278847,0.15287934243679048,-0.04319281131029129,0.9873005747795105],"EasingStyle":"Linear","EasingDirection":"In"},"Torso":{"Weight":1,"CFrame":[0.2583634853363037,-0.015485014766454697,-0.06736445426940918,0.9833610653877258,0.02832462638616562,0.17944051325321198,-0.02525724284350872,0.9994935989379883,-0.019356269389390947,-0.17989790439605714,0.014502028003334999,0.9835783839225769],"EasingStyle":"Linear","EasingDirection":"In"},"HumanoidRootPart":{"Weight":1,"CFrame":[0,0,0,1,0,0,0,1,0,0,0,1],"EasingStyle":"Linear","EasingDirection":"In"},"Right Arm":{"Weight":1,"CFrame":[0.053181543946266177,-0.011343687772750855,0.2713240385055542,0.7010148763656616,-0.687831461429596,0.18832477927207948,0.3106399178504944,0.532222330570221,0.7875545024871826,-0.6419353485107422,-0.49358630180358889,0.5867637395858765],"EasingStyle":"Linear","EasingDirection":"In"}}},{"Time":0.30000001192092898,"poses":{"Left Leg":{"Weight":1,"CFrame":[-0.3090871572494507,0.12772178649902345,0.11977696418762207,0.9122986197471619,-0.26235172152519228,0.3144564628601074,0.2464095652103424,0.964960515499115,0.0901871919631958,-0.32709890604019167,-0.004792542662471533,0.9449779987335205],"EasingStyle":"Linear","EasingDirection":"In"},"Right Leg":{"Weight":1,"CFrame":[-0.02756410837173462,0.3105059862136841,0.43533647060394289,0.5264379382133484,0.1226559728384018,-0.8413195013999939,-0.34037166833877566,0.9371863603591919,-0.0763479471206665,0.7791086435317993,0.32655376195907595,0.5351191163063049],"EasingStyle":"Linear","EasingDirection":"In"},"Left Arm":{"Weight":1,"CFrame":[-0.15868201851844788,-0.12124419212341309,0.0839921236038208,0.8554714918136597,0.4295073449611664,0.2892957031726837,-0.5178491473197937,0.7084992527961731,0.47943827509880068,0.0009564628126099706,-0.5599574446678162,0.8285210132598877],"EasingStyle":"Linear","EasingDirection":"In"},"Head":{"Weight":1,"CFrame":[1.4138640835881234e-7,-2.0489096641540528e-8,0,0.9830631613731384,-0.06743040680885315,-0.1704111248254776,0.07556574046611786,0.9962683320045471,0.04170585051178932,0.16696293652057649,-0.053876735270023349,0.984490156173706],"EasingStyle":"Linear","EasingDirection":"In"},"Torso":{"Weight":1,"CFrame":[0.2756491005420685,-0.015155456960201264,-0.050641775131225589,0.98023521900177,0.029018620029091836,0.1956961452960968,-0.02580648474395275,0.9994874596595764,-0.018944302573800088,-0.19614560902118684,0.013519641943275929,0.9804815649986267],"EasingStyle":"Linear","EasingDirection":"In"},"HumanoidRootPart":{"Weight":1,"CFrame":[0,0,0,1,0,0,0,1,0,0,0,1],"EasingStyle":"Linear","EasingDirection":"In"},"Right Arm":{"Weight":1,"CFrame":[0.07950671017169953,-0.04222121834754944,0.3241618871688843,0.5940988063812256,-0.8042831420898438,-0.01323423907160759,0.42243441939353945,0.29795345664024355,0.856021523475647,-0.6845405101776123,-0.5141522288322449,0.5167707800865173],"EasingStyle":"Linear","EasingDirection":"In"}}},{"Time":0.3333333432674408,"poses":{"Left Leg":{"Weight":1,"CFrame":[-0.3103213608264923,0.1287028193473816,0.12447512149810791,0.9070405960083008,-0.27052199840545657,0.3226378858089447,0.25440388917922976,0.962712824344635,0.09199286997318268,-0.335493803024292,-0.0013609823072329164,0.9420415163040161],"EasingStyle":"Linear","EasingDirection":"In"},"Right Leg":{"Weight":1,"CFrame":[-0.03460223227739334,0.3274155855178833,0.4230055809020996,0.5244905352592468,0.11668657511472702,-0.8433824181556702,-0.31584393978118899,0.9465504884719849,-0.06545953452587128,0.7906656861305237,0.30071011185646059,0.5333114862442017],"EasingStyle":"Linear","EasingDirection":"In"},"Left Arm":{"Weight":1,"CFrame":[-0.1583564132452011,-0.10359841585159302,0.10302531719207764,0.8591355085372925,0.41309216618537905,0.30206140875816347,-0.5117077231407166,0.6860307455062866,0.5172206163406372,0.006436359137296677,-0.5989297032356262,0.8007758259773254],"EasingStyle":"Linear","EasingDirection":"In"},"Head":{"Weight":1,"CFrame":[2.2794120013713837e-7,-1.6763806343078614e-8,-5.960464477539063e-8,0.9810199737548828,-0.09288407862186432,-0.170212984085083,0.09907835721969605,0.9946786761283875,0.028247177600860597,0.16668349504470826,-0.044575463980436328,0.9850023984909058],"EasingStyle":"Linear","EasingDirection":"In"},"Torso":{"Weight":1,"CFrame":[0.2742534279823303,-0.013862479478120804,-0.054490089416503909,0.9799860119819641,0.037130992859601977,0.19557324051856996,-0.03440307453274727,0.9992578029632568,-0.017328081652522088,-0.19607149064540864,0.010252955369651318,0.9805361032485962],"EasingStyle":"Linear","EasingDirection":"In"},"HumanoidRootPart":{"Weight":1,"CFrame":[0,0,0,1,0,0,0,1,0,0,0,1],"EasingStyle":"Linear","EasingDirection":"In"},"Right Arm":{"Weight":1,"CFrame":[0.13928401470184327,-0.020474791526794435,0.35101211071014407,0.598181426525116,-0.8003435730934143,-0.04036303237080574,0.38164278864860537,0.2402290254831314,0.8925462365150452,-0.7046472430229187,-0.5493088960647583,0.4491459131240845],"EasingStyle":"Linear","EasingDirection":"In"}}},{"Time":0.36666667461395266,"poses":{"Left Leg":{"Weight":1,"CFrame":[-0.34254908561706545,0.14390331506729127,0.1423560380935669,0.8918164372444153,-0.3015419542789459,0.3372476100921631,0.28539395332336428,0.9534100294113159,0.09777398407459259,-0.3510182201862335,0.009051945060491562,0.936324954032898],"EasingStyle":"Linear","EasingDirection":"In"},"Right Leg":{"Weight":1,"CFrame":[-0.028254730626940728,0.35473310947418215,0.4168010950088501,0.532515823841095,0.1139279380440712,-0.8387176394462586,-0.293888121843338,0.9541395902633667,-0.056988105177879336,0.793761134147644,0.2768361568450928,0.5415765047073364],"EasingStyle":"Linear","EasingDirection":"In"},"Left Arm":{"Weight":1,"CFrame":[-0.15767551958560944,-0.09185078740119934,0.10922837257385254,0.8591102957725525,0.40869614481925967,0.3080537021160126,-0.5117542147636414,0.6788191199302673,0.5266045331954956,0.0061085158959031109,-0.6100591421127319,0.7923323512077332],"EasingStyle":"Linear","EasingDirection":"In"},"Head":{"Weight":1,"CFrame":[1.5343539416790009e-7,-1.4901161193847657e-8,-2.384185791015625e-7,0.978799045085907,-0.11597280204296112,-0.16882753372192384,0.11856495589017868,0.9929320812225342,0.0053200488910079,0.16701728105545045,-0.025224288925528528,0.9856312274932861],"EasingStyle":"Linear","EasingDirection":"In"},"Torso":{"Weight":1,"CFrame":[0.26495498418807986,-0.01258041337132454,-0.08166837692260742,0.9793962240219116,0.05138658359646797,0.19530150294303895,-0.049261610954999927,0.9986621141433716,-0.01572549343109131,-0.19584831595420838,0.005780620966106653,0.9806171655654907],"EasingStyle":"Linear","EasingDirection":"In"},"HumanoidRootPart":{"Weight":1,"CFrame":[0,0,0,1,0,0,0,1,0,0,0,1],"EasingStyle":"Linear","EasingDirection":"In"},"Right Arm":{"Weight":1,"CFrame":[0.21110810339450837,0.019911468029022218,0.3609042167663574,0.6060994863510132,-0.7945659756660461,-0.03617163375020027,0.35054099559783938,0.22601965069770814,0.9088652729988098,-0.7139779329299927,-0.5635424256324768,0.4155184030532837],"EasingStyle":"Linear","EasingDirection":"In"}}},{"Time":0.4000000059604645,"poses":{"Left Leg":{"Weight":1,"CFrame":[-0.43064773082733157,0.1913607120513916,0.17408788204193116,0.8659451603889465,-0.36087659001350405,0.3462759554386139,0.34436550736427309,0.9323150515556336,0.11045831441879273,-0.36270010471343996,0.023594604805111886,0.9316072463989258],"EasingStyle":"Linear","EasingDirection":"In"},"Right Leg":{"Weight":1,"CFrame":[-0.016019711270928384,0.39906030893325808,0.42801356315612795,0.5378690361976624,0.11733181029558182,-0.8348233699798584,-0.292839378118515,0.954606831073761,-0.054506730288267139,0.7905327677726746,0.27378660440444949,0.5478129386901856],"EasingStyle":"Linear","EasingDirection":"In"},"Left Arm":{"Weight":1,"CFrame":[-0.1570834517478943,-0.0855439305305481,0.11969757080078125,0.8554714322090149,0.4005774259567261,0.3281864821910858,-0.5178492069244385,0.6605690121650696,0.5435814261436462,0.0009565278887748718,-0.6349695324897766,0.77253657579422],"EasingStyle":"Linear","EasingDirection":"In"},"Head":{"Weight":1,"CFrame":[-6.05359673500061e-9,-1.210719347000122e-8,1.1920928955078126e-7,0.9777230024337769,-0.1260136216878891,-0.1678646206855774,0.12667450308799745,0.9919210076332092,-0.006809080019593239,0.16736647486686707,-0.014606771059334278,0.9857866168022156],"EasingStyle":"Linear","EasingDirection":"In"},"Torso":{"Weight":1,"CFrame":[0.24021464586257935,-0.012001246213912964,-0.15558743476867677,0.9789906740188599,0.058987218886613849,0.19518691301345826,-0.057156872004270557,0.9982525110244751,-0.015001554042100907,-0.19573074579238892,0.003530108602717519,0.980651319026947],"EasingStyle":"Linear","EasingDirection":"In"},"HumanoidRootPart":{"Weight":1,"CFrame":[0,0,0,1,0,0,0,1,0,0,0,1],"EasingStyle":"Linear","EasingDirection":"In"},"Right Arm":{"Weight":1,"CFrame":[0.2459457665681839,0.04165816307067871,0.36231768131256106,0.6155653595924377,-0.7875425815582275,-0.029256165027618409,0.3306795656681061,0.22441527247428895,0.9166726469993591,-0.71535325050354,-0.573946475982666,0.39856651425361636],"EasingStyle":"Linear","EasingDirection":"In"}}},{"Time":0.4333333373069763,"poses":{"Left Leg":{"Weight":1,"CFrame":[-0.5156762599945068,0.33745187520980837,0.22716951370239259,0.8281605243682861,-0.39475852251052859,0.3978891968727112,0.3732343316078186,0.918016254901886,0.1339488923549652,-0.4181462526321411,0.03757462650537491,0.9076023697853088],"EasingStyle":"Linear","EasingDirection":"In"},"Right Leg":{"Weight":1,"CFrame":[-0.017785117030143739,0.4494422674179077,0.4677858352661133,0.5480819344520569,0.09706394374370575,-0.8307735919952393,-0.3179413378238678,0.9428650736808777,-0.09959349781274796,0.7736404538154602,0.31872260570526125,0.5476279854774475],"EasingStyle":"Linear","EasingDirection":"In"},"Left Arm":{"Weight":1,"CFrame":[-0.1568303108215332,-0.08336997032165528,0.1456289291381836,0.8420736789703369,0.37470096349716189,0.3879575729370117,-0.5390917658805847,0.6074918508529663,0.5833812355995178,-0.017087575048208238,-0.7003948092460632,0.7135511040687561],"EasingStyle":"Linear","EasingDirection":"In"},"Head":{"Weight":1,"CFrame":[1.0337680578231812e-7,0,2.384185791015625e-7,0.9805434346199036,-0.09529531747102738,-0.1716204136610031,0.10032596439123154,0.9947359561920166,0.020861709490418435,0.16872897744178773,-0.037673793733119968,0.9849422574043274],"EasingStyle":"Linear","EasingDirection":"In"},"Torso":{"Weight":1,"CFrame":[0.1721542477607727,-0.03000207245349884,-0.3028073310852051,0.979376494884491,0.05123177170753479,0.19544090330600739,-0.04343418404459953,0.9980878233909607,-0.04397950693964958,-0.197320356965065,0.034583672881126407,0.9797288775444031],"EasingStyle":"Linear","EasingDirection":"In"},"HumanoidRootPart":{"Weight":1,"CFrame":[0,0,0,1,0,0,0,1,0,0,0,1],"EasingStyle":"Linear","EasingDirection":"In"},"Right Arm":{"Weight":1,"CFrame":[0.2459457367658615,0.041658639907836917,0.3623173236846924,0.6410921216011047,-0.7643012404441834,-0.06960194557905197,0.3445780873298645,0.20561721920967103,0.9159626960754395,-0.6857600212097168,-0.6111998558044434,0.3951810896396637],"EasingStyle":"Linear","EasingDirection":"In"}}},{"Time":0.46666666865348818,"poses":{"Left Leg":{"Weight":1,"CFrame":[-0.48912757635116579,0.5706291794776917,0.25050628185272219,0.7987664341926575,-0.3533458709716797,0.4869484603404999,0.3126979172229767,0.9352815747261047,0.16573670506477357,-0.5139962434768677,0.01988285593688488,0.8575620055198669],"EasingStyle":"Linear","EasingDirection":"In"},"Right Leg":{"Weight":1,"CFrame":[-0.024225838482379915,0.44941049814224245,0.517704963684082,0.5853176116943359,0.05518047884106636,-0.8089241981506348,-0.3497922718524933,0.9172476530075073,-0.19053137302398683,0.7314702272415161,0.3944767415523529,0.5561829209327698],"EasingStyle":"Linear","EasingDirection":"In"},"Left Arm":{"Weight":1,"CFrame":[-0.1563906967639923,-0.08061769604682923,0.1746140718460083,0.8208341002464294,0.33795496821403506,0.46045392751693728,-0.5697386264801025,0.5414377450942993,0.618257999420166,-0.04036379233002663,-0.76982581615448,0.6369766592979431],"EasingStyle":"Linear","EasingDirection":"In"},"Head":{"Weight":1,"CFrame":[1.0686926543712616e-7,-1.1175870895385743e-8,-2.384185791015625e-7,0.9836086630821228,-0.03781399130821228,-0.17630739510059358,0.051280781626701358,0.9960520267486572,0.07246154546737671,0.17287129163742066,-0.08031497150659561,0.9816644787788391],"EasingStyle":"Linear","EasingDirection":"In"},"Torso":{"Weight":1,"CFrame":[0.0635194182395935,-0.06332941353321076,-0.4680333137512207,0.9798216819763184,0.03682497516274452,0.1964520812034607,-0.0178156066685915,0.9950596690177918,-0.09766724705696106,-0.19907814264297486,0.09219656884670258,0.9756370782852173],"EasingStyle":"Linear","EasingDirection":"In"},"HumanoidRootPart":{"Weight":1,"CFrame":[0,0,0,1,0,0,0,1,0,0,0,1],"EasingStyle":"Linear","EasingDirection":"In"},"Right Arm":{"Weight":1,"CFrame":[0.24594581127166749,0.04165804386138916,0.36231768131256106,0.6813743710517883,-0.7189743518829346,-0.13713055849075318,0.3796713352203369,0.1870092749595642,0.9060227274894714,-0.6257624626159668,-0.6694052815437317,0.40039727091789248],"EasingStyle":"Linear","EasingDirection":"In"}}},{"Time":0.5,"poses":{"Left Leg":{"Weight":1,"CFrame":[-0.43224969506263735,0.7247956991195679,0.20286142826080323,0.7844604253768921,-0.31060636043548586,0.5367918014526367,0.2251693457365036,0.9491250514984131,0.2201371043920517,-0.5778586268424988,-0.05181974545121193,0.8144901394844055],"EasingStyle":"Linear","EasingDirection":"In"},"Right Leg":{"Weight":1,"CFrame":[0.03640105575323105,0.35841619968414309,0.5411887168884277,0.643308699131012,0.056945811957120898,-0.7634861469268799,-0.37934795022010805,0.8899182081222534,-0.2532603442668915,0.6650181412696838,0.45255136489868166,0.594094455242157],"EasingStyle":"Linear","EasingDirection":"In"},"Left Arm":{"Weight":1,"CFrame":[-0.15504512190818788,-0.07172191143035889,0.18834435939788819,0.8091009259223938,0.3177264332771301,0.49437403678894045,-0.5854637622833252,0.5086246132850647,0.6312947869300842,-0.05087177827954292,-0.8002193570137024,0.5975459218025208],"EasingStyle":"Linear","EasingDirection":"In"},"Head":{"Weight":1,"CFrame":[1.305597834289074e-7,-1.1641532182693482e-8,-8.940696716308594e-7,0.9840859174728394,-0.00676003098487854,-0.17756468057632447,0.024917682632803918,0.994652271270752,0.10022976249456406,0.17593753337860108,-0.10305918753147125,0.9789917469024658],"EasingStyle":"Linear","EasingDirection":"In"},"Torso":{"Weight":1,"CFrame":[-0.04847860336303711,-0.08115378022193909,-0.5472464561462402,0.9799091815948486,0.029095789417624475,0.19731102883815766,-0.00399744464084506,0.9919682741165161,-0.12642458081245423,-0.19940470159053803,0.12309587001800537,0.9721549153327942],"EasingStyle":"Linear","EasingDirection":"In"},"HumanoidRootPart":{"Weight":1,"CFrame":[0,0,0,1,0,0,0,1,0,0,0,1],"EasingStyle":"Linear","EasingDirection":"In"},"Right Arm":{"Weight":1,"CFrame":[0.2459457665681839,0.04165726900100708,0.3623175621032715,0.7218565344810486,-0.6745712161064148,-0.1545213758945465,0.3818368911743164,0.20201174914836884,0.9018823504447937,-0.5771688222885132,-0.7100316882133484,0.40339985489845278],"EasingStyle":"Linear","EasingDirection":"In"}}},{"Time":0.5333333611488342,"poses":{"Left Leg":{"Weight":1,"CFrame":[-0.4291093349456787,0.6589747667312622,0.20658934116363526,0.7913455367088318,-0.30712395906448367,0.5286273956298828,0.21789221465587617,0.9495643973350525,0.22550068795681,-0.5712224841117859,-0.06326521933078766,0.818353533744812],"EasingStyle":"Linear","EasingDirection":"In"},"Right Leg":{"Weight":1,"CFrame":[0.14578843116760255,0.31728941202163699,0.4822739362716675,0.7046347856521606,0.10410335659980774,-0.7018919587135315,-0.34378325939178469,0.9154147505760193,-0.20935390889644624,0.6207277774810791,0.3888166546821594,0.6808220148086548],"EasingStyle":"Linear","EasingDirection":"In"},"Left Arm":{"Weight":1,"CFrame":[-0.1070515364408493,-0.04571986198425293,0.17147374153137208,0.9056292176246643,0.27551811933517458,0.32237479090690615,-0.4230930209159851,0.6386150121688843,0.6427777409553528,-0.02877647802233696,-0.7185128331184387,0.6949180960655212],"EasingStyle":"Linear","EasingDirection":"In"},"Head":{"Weight":1,"CFrame":[1.0943040251731873e-7,-2.444721758365631e-8,3.5762786865234377e-7,0.9936886429786682,-0.021267741918563844,-0.11013983190059662,0.029960867017507554,0.9965121150016785,0.07788468152284622,0.10809922963380814,-0.08069302141666413,0.9908598065376282],"EasingStyle":"Linear","EasingDirection":"In"},"Torso":{"Weight":1,"CFrame":[-0.17982971668243409,-0.0815994143486023,-0.5056161880493164,0.9894252419471741,0.03390850871801376,0.14102530479431153,-0.01589011400938034,0.9917778968811035,-0.12698166072368623,-0.14417150616645814,0.12339793890714646,0.9818287491798401],"EasingStyle":"Linear","EasingDirection":"In"},"HumanoidRootPart":{"Weight":1,"CFrame":[0,0,0,1,0,0,0,1,0,0,0,1],"EasingStyle":"Linear","EasingDirection":"In"},"Right Arm":{"Weight":1,"CFrame":[0.2064598947763443,0.04102271795272827,0.31086480617523196,0.8260034918785095,-0.5620630383491516,0.04246687516570091,0.2881844937801361,0.4858589172363281,0.8251610994338989,-0.48442551493644717,-0.6693477034568787,0.5632990598678589],"EasingStyle":"Linear","EasingDirection":"In"}}},{"Time":0.5666666626930237,"poses":{"Left Leg":{"Weight":1,"CFrame":[-0.39700159430503847,0.4600076675415039,0.24571752548217774,0.8146687150001526,-0.2818664014339447,0.5068196654319763,0.24021676182746888,0.9594523310661316,0.14746901392936707,-0.5278359651565552,0.0016082118963822723,0.8493449091911316],"EasingStyle":"Linear","EasingDirection":"In"},"Right Leg":{"Weight":1,"CFrame":[0.22783231735229493,0.36151236295700076,0.37876057624816897,0.7628594636917114,0.13790570199489594,-0.6316862106323242,-0.24914714694023133,0.9642394781112671,-0.09037739038467407,0.59663325548172,0.2263280302286148,0.7699379920959473],"EasingStyle":"Linear","EasingDirection":"In"},"Left Arm":{"Weight":1,"CFrame":[-0.020055964589118959,-0.011912614107131958,0.123421311378479,0.9891037344932556,0.1317436695098877,-0.06570738554000855,-0.0804644301533699,0.8575285077095032,0.508104681968689,0.12328547239303589,-0.49728119373321535,0.8587853312492371],"EasingStyle":"Linear","EasingDirection":"In"},"Head":{"Weight":1,"CFrame":[1.257285475730896e-7,4.936009645462036e-8,4.76837158203125e-7,0.9987877011299133,-0.046111512929201129,0.01723346672952175,0.045442868024110797,0.9982681274414063,0.037361517548561099,-0.018926415592432023,-0.03653308376669884,0.999153196811676],"EasingStyle":"Linear","EasingDirection":"In"},"Torso":{"Weight":1,"CFrame":[-0.3370670974254608,-0.0806836187839508,-0.41552162170410159,0.9986146092414856,0.04677732288837433,0.02409801073372364,-0.04338877275586128,0.9911016821861267,-0.12583686411380769,-0.029769888147711755,0.12461695075035095,0.9917582273483276],"EasingStyle":"Linear","EasingDirection":"In"},"HumanoidRootPart":{"Weight":1,"CFrame":[0,0,0,1,0,0,0,1,0,0,0,1],"EasingStyle":"Linear","EasingDirection":"In"},"Right Arm":{"Weight":1,"CFrame":[0.11940299719572067,0.03657275438308716,0.21234130859375,0.9102135896682739,-0.2500549554824829,0.3301268517971039,0.05793340504169464,0.8661821484565735,0.4963589012622833,-0.41006696224212649,-0.43266740441322329,0.8028972744941711],"EasingStyle":"Linear","EasingDirection":"In"}}},{"Time":0.6000000238418579,"poses":{"Left Leg":{"Weight":1,"CFrame":[-0.29404211044311526,0.27414125204086306,0.22960162162780763,0.8342755436897278,-0.22203446924686433,0.5046632885932922,0.21290117502212525,0.9740663170814514,0.07660175114870072,-0.5085837244987488,0.04353650286793709,0.8599112033843994],"EasingStyle":"Linear","EasingDirection":"In"},"Right Leg":{"Weight":1,"CFrame":[0.24692460894584657,0.36963868141174319,0.2977471351623535,0.8007829785346985,0.13067442178726197,-0.5845261812210083,-0.1666385978460312,0.9859867095947266,-0.007866334170103073,0.5753070116043091,0.10370376706123352,0.8113367557525635],"EasingStyle":"Linear","EasingDirection":"In"},"Left Arm":{"Weight":1,"CFrame":[0.02657872438430786,0.00487285852432251,0.04802751541137695,0.9182381629943848,0.005821676924824715,-0.3959859609603882,0.08261091262102127,0.9750800728797913,0.20589877665042878,0.38731658458709719,-0.22177693247795106,0.8948747515678406],"EasingStyle":"Linear","EasingDirection":"In"},"Head":{"Weight":1,"CFrame":[9.406358003616333e-8,-7.450580596923828e-9,-5.960464477539063e-8,0.994292676448822,-0.063136525452137,0.0859997496008873,0.06192098557949066,0.9979407787322998,0.016731949523091317,-0.08687905967235565,-0.011311260983347893,0.9961546659469605],"EasingStyle":"Linear","EasingDirection":"In"},"Torso":{"Weight":1,"CFrame":[-0.46689239144325259,-0.07737699151039124,-0.3158273696899414,0.9952772259712219,0.06537426263093949,-0.07175976037979126,-0.07379064708948136,0.9898197650909424,-0.12170353531837464,0.06307294964790344,0.12642395496368409,0.9899690747261047],"EasingStyle":"Linear","EasingDirection":"In"},"HumanoidRootPart":{"Weight":1,"CFrame":[0,0,0,1,0,0,0,1,0,0,0,1],"EasingStyle":"Linear","EasingDirection":"In"},"Right Arm":{"Weight":1,"CFrame":[0.03187596797943115,0.024492979049682618,0.15049922466278077,0.867995023727417,-0.054937638342380527,0.49352455139160159,-0.08266057819128037,0.9640094637870789,0.25269144773483279,-0.4896445870399475,-0.2601299583911896,0.8322142362594605],"EasingStyle":"Linear","EasingDirection":"In"}}},{"Time":0.6333333253860474,"poses":{"Left Leg":{"Weight":1,"CFrame":[-0.24092674255371095,0.2325294017791748,0.22375190258026124,0.8213074803352356,-0.21117158234119416,0.5299628376960754,0.20673257112503053,0.9759955406188965,0.06851689517498017,-0.531710147857666,0.053287237882614139,0.8452484607696533],"EasingStyle":"Linear","EasingDirection":"In"},"Right Leg":{"Weight":1,"CFrame":[0.2179730385541916,0.31734907627105715,0.2584412097930908,0.8169479966163635,0.09822918474674225,-0.5682841539382935,-0.11980903148651123,0.992796778678894,-0.0006267204298637807,0.5641291737556458,0.06859748065471649,0.8228321075439453],"EasingStyle":"Linear","EasingDirection":"In"},"Left Arm":{"Weight":1,"CFrame":[-0.09641724079847336,-0.0595991313457