{"Sequence":[{"Time":0,"poses":{"Left Leg":{"Weight":1,"CFrame":[-0.3451559245586395,0.7463538646697998,-0.08724051713943482,0.5974347591400147,0.6033686995506287,0.5282214283943176,-0.7989562749862671,0.5044094324111939,0.3274752199649811,-0.06885160505771637,-0.6176708340644836,0.7834168672561646],"EasingStyle":"Linear","EasingDirection":"In"},"Right Arm":{"Weight":1,"CFrame":[-0.6907874345779419,-0.08675983548164368,0.6335538625717163,0.38996145129203799,-0.3793790638446808,0.8390480875968933,0.6472307443618774,0.7610630393028259,0.04330659285187721,-0.6549980640411377,0.5261697769165039,0.5423310399055481],"EasingStyle":"Linear","EasingDirection":"In"},"Head":{"Weight":1,"CFrame":[1.955777406692505e-8,1.862645149230957e-8,-1.1920928955078126e-7,0.9898396730422974,0.06915854662656784,0.12423574179410935,-0.060971930623054507,0.995783805847168,-0.06853513419628144,-0.12845173478126527,0.060263898223638538,0.9898830652236939],"EasingStyle":"Linear","EasingDirection":"In"},"Right Leg":{"Weight":1,"CFrame":[0.7555597424507141,0.6691696047782898,0.3805633783340454,0.4748425781726837,0.6648913025856018,-0.5765794515609741,-0.6263660192489624,0.7155433893203735,0.3092952072620392,0.6182153224945068,0.21428324282169343,0.7562357783317566],"EasingStyle":"Linear","EasingDirection":"In"},"Torso":{"Weight":1,"CFrame":[-0.11752906441688538,0.04815120995044708,-0.9247469902038574,0.9881743788719177,-0.043914876878261569,-0.14691141247749329,0.05324495583772659,0.9967659115791321,0.060189008712768558,0.14379309117794038,-0.06729952245950699,0.9873167276382446],"EasingStyle":"Linear","EasingDirection":"In"},"HumanoidRootPart":{"Weight":1,"CFrame":[0,0,0,1,0,0,0,1,0,0,0,1],"EasingStyle":"Linear","EasingDirection":"In"},"Left Arm":{"Weight":1,"CFrame":[-0.39659014344215395,-0.3472304344177246,0.107491135597229,-0.3089714050292969,0.6256692409515381,-0.7162925004959106,-0.8095043897628784,0.2223375141620636,0.5433863401412964,0.4992387294769287,0.7477326393127441,0.4377858638763428],"EasingStyle":"Linear","EasingDirection":"In"}}},{"Time":0.03333333507180214,"poses":{"Left Leg":{"Weight":1,"CFrame":[-0.29037803411483767,0.6481012105941773,-0.07597285509109497,0.5965642929077148,0.5934051871299744,0.5403528809547424,-0.7846391797065735,0.5727453827857971,0.23728503286838532,-0.1686784029006958,-0.5655378699302673,0.807288408279419],"EasingStyle":"Linear","EasingDirection":"In"},"Right Arm":{"Weight":1,"CFrame":[-0.6957986950874329,-0.10203495621681214,0.6167986392974854,0.4053995609283447,-0.3838402032852173,0.8296493291854858,0.6357856392860413,0.7705053687095642,0.04580693691968918,-0.6568318009376526,0.5089088082313538,0.5564025044441223],"EasingStyle":"Linear","EasingDirection":"In"},"Head":{"Weight":1,"CFrame":[7.986091077327728e-8,1.210719347000122e-8,1.1920928955078126e-7,0.991489589214325,0.05016539990901947,0.12013301253318787,-0.04466971382498741,0.9978473782539368,-0.04801236093044281,-0.1222829818725586,0.04223744198679924,0.9915962219238281],"EasingStyle":"Linear","EasingDirection":"In"},"Right Leg":{"Weight":1,"CFrame":[0.6970492601394653,0.6192058324813843,0.35964059829711916,0.5505148768424988,0.6099554896354675,-0.5699892640113831,-0.5807442665100098,0.770295262336731,0.263403981924057,0.5997246503829956,0.18601004779338838,0.7782870531082153],"EasingStyle":"Linear","EasingDirection":"In"},"Torso":{"Weight":1,"CFrame":[-0.10747948288917542,0.03217613697052002,-0.806694507598877,0.9897446036338806,-0.029286270961165429,-0.13981419801712037,0.034712158143520358,0.9987295866012573,0.03652777895331383,0.13856680691242219,-0.0410064235329628,0.989503800868988],"EasingStyle":"Linear","EasingDirection":"In"},"HumanoidRootPart":{"Weight":1,"CFrame":[0,0,0,1,0,0,0,1,0,0,0,1],"EasingStyle":"Linear","EasingDirection":"In"},"Left Arm":{"Weight":1,"CFrame":[-0.4085792303085327,-0.3462715148925781,0.02180945873260498,-0.2842414379119873,0.47018730640411379,-0.8355422616004944,-0.9113484025001526,0.13813890516757966,0.38776513934135439,0.29774314165115359,0.871688961982727,0.3892395496368408],"EasingStyle":"Linear","EasingDirection":"In"}}},{"Time":0.06666667014360428,"poses":{"Left Leg":{"Weight":1,"CFrame":[-0.27545368671417239,0.6188142895698547,-0.0028438568115234377,0.6725308299064636,0.49434205889701846,0.5507524013519287,-0.637926459312439,0.7644858956336975,0.0927959606051445,-0.3751695454120636,-0.4137476682662964,0.829494297504425],"EasingStyle":"Linear","EasingDirection":"In"},"Right Arm":{"Weight":1,"CFrame":[-0.6983723640441895,-0.1356416940689087,0.5799371004104614,0.4392325282096863,-0.39238226413726809,0.8081528544425964,0.610186755657196,0.790536642074585,0.05219132825732231,-0.6593533754348755,0.47019991278648379,0.5866557359695435],"EasingStyle":"Linear","EasingDirection":"In"},"Head":{"Weight":1,"CFrame":[1.1621341400314123e-7,1.3271346688270569e-8,-5.960464477539063e-8,0.9942252039909363,0.004222640302032232,0.10723058879375458,-0.0032373566646128895,0.9999510049819946,-0.009360890835523606,-0.10726484656333924,0.008959687314927578,0.9941901564598084],"EasingStyle":"Linear","EasingDirection":"In"},"Right Leg":{"Weight":1,"CFrame":[0.550478458404541,0.4831087589263916,0.3043261766433716,0.6991884112358093,0.46629059314727785,-0.5419489741325378,-0.45107775926589968,0.8758305907249451,0.17160871624946595,0.5546750426292419,0.12447422742843628,0.8227039575576782],"EasingStyle":"Linear","EasingDirection":"In"},"Torso":{"Weight":1,"CFrame":[-0.08142751455307007,0.00522458553314209,-0.5426211357116699,0.9924612045288086,0.007024386432021856,-0.12235760688781738,-0.007985955104231835,0.9999410510063171,-0.00737003143876791,0.12229859828948975,0.00829161237925291,0.9924588203430176],"EasingStyle":"Linear","EasingDirection":"In"},"HumanoidRootPart":{"Weight":1,"CFrame":[0,0,0,1,0,0,0,1,0,0,0,1],"EasingStyle":"Linear","EasingDirection":"In"},"Left Arm":{"Weight":1,"CFrame":[-0.4389154613018036,-0.3432387113571167,-0.09948629140853882,-0.2581770718097687,0.352087140083313,-0.8996551632881165,-0.9603779911994934,0.007647807709872723,0.2785959839820862,0.10497047752141953,0.9359360933303833,0.33616217970848086],"EasingStyle":"Linear","EasingDirection":"In"}}},{"Time":0.10000000149011612,"poses":{"Left Leg":{"Weight":1,"CFrame":[-0.3082159459590912,0.5902193784713745,0.1313546895980835,0.781480073928833,0.2784815728664398,0.5583341717720032,-0.33899715542793276,0.9407728314399719,0.005250544287264347,-0.5238034129142761,-0.19337677955627442,0.8295996189117432],"EasingStyle":"Linear","EasingDirection":"In"},"Right Arm":{"Weight":1,"CFrame":[-0.699320375919342,-0.16924849152565003,0.5430755615234375,0.47277694940567019,-0.39914625883102419,0.78559809923172,0.5840932130813599,0.8094829320907593,0.05977136641740799,-0.6597856879234314,0.43060389161109927,0.6158434152603149],"EasingStyle":"Linear","EasingDirection":"In"},"Head":{"Weight":1,"CFrame":[1.0838266462087631e-7,3.259629011154175e-9,-1.1920928955078126e-7,0.9948734641075134,-0.05223078653216362,0.08659613132476807,0.0513354055583477,0.9986028075218201,0.012536094523966313,-0.08712991327047348,-0.008026378229260445,0.9961646795272827],"EasingStyle":"Linear","EasingDirection":"In"},"Right Leg":{"Weight":1,"CFrame":[0.3840186893939972,0.3151043653488159,0.23754405975341798,0.8123000264167786,0.30604293942451479,-0.49649396538734438,-0.29861655831336977,0.9494618773460388,0.09669774025678635,0.5009958744049072,0.06971369683742523,0.8626374006271362],"EasingStyle":"Linear","EasingDirection":"In"},"Torso":{"Weight":1,"CFrame":[-0.04417797923088074,-0.0008027851581573486,-0.29607391357421877,0.9937347173690796,0.05258897691965103,-0.0986189916729927,-0.05582315847277641,0.9979800581932068,-0.030325399711728097,0.0968250036239624,0.03564062714576721,0.9946631193161011],"EasingStyle":"Linear","EasingDirection":"In"},"HumanoidRootPart":{"Weight":1,"CFrame":[0,0,0,1,0,0,0,1,0,0,0,1],"EasingStyle":"Linear","EasingDirection":"In"},"Left Arm":{"Weight":1,"CFrame":[-0.4791521430015564,-0.33789151906967165,-0.22782105207443238,-0.23951037228107453,0.26696521043777468,-0.9334690570831299,-0.9681107997894287,-0.13841497898101808,0.2088131457567215,-0.07346020638942719,0.9537142515182495,0.2916037142276764],"EasingStyle":"Linear","EasingDirection":"In"}}},{"Time":0.13333334028720857,"poses":{"Left Leg":{"Weight":1,"CFrame":[-0.4102720022201538,0.4852679371833801,0.2733633518218994,0.8127486109733582,-0.0867791473865509,0.5761154294013977,0.09392248839139939,0.9954267740249634,0.017439035698771478,-0.5749942660331726,0.039936646819114688,0.8171823620796204],"EasingStyle":"Linear","EasingDirection":"In"},"Right Arm":{"Weight":1,"CFrame":[-0.699455738067627,-0.18452391028404237,0.5263205766677856,0.48789384961128237,-0.40162625908851626,0.7750199437141419,0.5720964074134827,0.8177165985107422,0.06360361725091934,-0.6592915654182434,0.4123542308807373,0.6287277340888977],"EasingStyle":"Linear","EasingDirection":"In"},"Head":{"Weight":1,"CFrame":[6.82193785905838e-8,2.3748725652694703e-8,1.1920928955078126e-7,0.9924502372741699,-0.10537832230329514,0.06275402754545212,0.10575200617313385,0.994388997554779,-0.0026541189290583135,-0.062122222036123279,0.009270446375012398,0.9980255961418152],"EasingStyle":"Linear","EasingDirection":"In"},"Right Leg":{"Weight":1,"CFrame":[0.24722880125045777,0.17608410120010377,0.17739331722259522,0.8678379058837891,0.20006141066551209,-0.45478880405426028,-0.1944400668144226,0.9790979027748108,0.05966992676258087,0.4572204351425171,0.0366453155875206,0.8885982036590576],"EasingStyle":"Linear","EasingDirection":"In"},"Torso":{"Weight":1,"CFrame":[0.002098366618156433,0.025930743664503099,-0.1407761573791504,0.9931589961051941,0.0939212292432785,-0.06938304007053375,-0.09526007622480393,0.9953199625015259,-0.0162392295897007,0.06753311306238175,0.022737568244338037,0.9974579215049744],"EasingStyle":"Linear","EasingDirection":"In"},"HumanoidRootPart":{"Weight":1,"CFrame":[0,0,0,1,0,0,0,1,0,0,0,1],"EasingStyle":"Linear","EasingDirection":"In"},"Left Arm":{"Weight":1,"CFrame":[-0.5208426713943481,-0.3299928903579712,-0.3346191644668579,-0.23035715520381928,0.20814132690429688,-0.9505854845046997,-0.9459768533706665,-0.27695193886756899,0.16859862208366395,-0.2281741201877594,0.938069760799408,0.2606947124004364],"EasingStyle":"Linear","EasingDirection":"In"}}},{"Time":0.1666666716337204,"poses":{"Left Leg":{"Weight":1,"CFrame":[-0.3747170865535736,0.2204229235649109,0.3203181028366089,0.7493023872375488,-0.31161051988601687,0.5843328237533569,0.36874595284461977,0.9292530417442322,0.022697443142533304,-0.5500659346580505,0.1984630972146988,0.8111966252326965],"EasingStyle":"Linear","EasingDirection":"In"},"Right Arm":{"Weight":1,"CFrame":[-0.6990832090377808,-0.18032333254814149,0.5309282541275024,0.4837459325790405,-0.40098145604133608,0.7779483795166016,0.575403094291687,0.8154765367507935,0.06252609938383103,-0.6594704389572144,0.4173870384693146,0.6252095103263855],"EasingStyle":"Linear","EasingDirection":"In"},"Head":{"Weight":1,"CFrame":[6.239861249923706e-8,4.6566128730773929e-9,-1.1920928955078126e-7,0.9883584976196289,-0.14739258587360383,0.037724170833826068,0.1486646831035614,0.9883209466934204,-0.033474572002887729,-0.032349683344364169,0.03869312256574631,0.9987273812294006],"EasingStyle":"Linear","EasingDirection":"In"},"Right Leg":{"Weight":1,"CFrame":[0.2920125722885132,0.1621294617652893,0.18682825565338136,0.8799620270729065,0.20658428966999055,-0.42777302861213686,-0.20432120561599732,0.9775336980819702,0.05177575349807739,0.4288586974143982,0.04184237867593765,0.9024020433425903],"EasingStyle":"Linear","EasingDirection":"In"},"Torso":{"Weight":1,"CFrame":[0.054602399468421939,0.06277108192443848,-0.06630325317382813,0.9915453195571899,0.12460335344076157,-0.03621997684240341,-0.1243981346487999,0.9922011494636536,0.007874049246311188,0.03691863268613815,-0.003301778109744191,0.9993128180503845],"EasingStyle":"Linear","EasingDirection":"In"},"HumanoidRootPart":{"Weight":1,"CFrame":[0,0,0,1,0,0,0,1,0,0,0,1],"EasingStyle":"Linear","EasingDirection":"In"},"Left Arm":{"Weight":1,"CFrame":[-0.5555403232574463,-0.31930476427078249,-0.39130526781082156,-0.2292359173297882,0.17035523056983949,-0.9583475589752197,-0.9094685912132263,-0.388343870639801,0.14851242303848267,-0.3468685746192932,0.9056313037872315,0.24395501613616944],"EasingStyle":"Linear","EasingDirection":"In"}}},{"Time":0.20000000298023225,"poses":{"Left Leg":{"Weight":1,"CFrame":[-0.15470731258392335,0.0395163893699646,0.20775997638702393,0.7730422019958496,-0.2601981461048126,0.5785349011421204,0.33314502239227297,0.9426373839378357,-0.021196164190769197,-0.5398334264755249,0.20912156999111176,0.815382182598114],"EasingStyle":"Linear","EasingDirection":"In"},"Right Arm":{"Weight":1,"CFrame":[-0.6981013417243958,-0.1692485511302948,0.5430757999420166,0.4727771282196045,-0.39914628863334658,0.7855979800224304,0.5840932130813599,0.809482991695404,0.059771254658699039,-0.6597856283187866,0.4306037724018097,0.6158435344696045],"EasingStyle":"Linear","EasingDirection":"In"},"Head":{"Weight":1,"CFrame":[6.239861249923706e-8,1.4901161193847657e-8,0,0.9852634072303772,-0.17075666785240174,0.009914731606841088,0.1710418164730072,0.9839030504226685,-0.05176469683647156,-0.0009159687906503677,0.05269768089056015,0.9986101388931274],"EasingStyle":"Linear","EasingDirection":"In"},"Right Leg":{"Weight":1,"CFrame":[0.516952395439148,0.3036764860153198,0.2615705728530884,0.8714564442634583,0.2558370530605316,-0.41846272349357607,-0.2553579807281494,0.9650907516479492,0.05824310705065727,0.4187551438808441,0.056101370602846149,0.9063646197319031],"EasingStyle":"Linear","EasingDirection":"In"},"Torso":{"Weight":1,"CFrame":[0.1090744137763977,0.0905478298664093,-0.045624732971191409,0.9898304343223572,0.14222979545593263,-0.00252562970854342,-0.1421552151441574,0.9896551370620728,0.01935465633869171,0.005252311006188393,-0.018798796460032464,0.9998095035552979],"EasingStyle":"Linear","EasingDirection":"In"},"HumanoidRootPart":{"Weight":1,"CFrame":[0,0,0,1,0,0,0,1,0,0,0,1],"EasingStyle":"Linear","EasingDirection":"In"},"Left Arm":{"Weight":1,"CFrame":[-0.5768704414367676,-0.30558842420578005,-0.4068606495857239,-0.2327747941017151,0.14991845190525056,-0.9609060287475586,-0.8767678141593933,-0.4598895013332367,0.14064179360866548,-0.42082566022872927,0.8752292394638062,0.23849423229694367],"EasingStyle":"Linear","EasingDirection":"In"}}},{"Time":0.23333333432674409,"poses":{"Left Leg":{"Weight":1,"CFrame":[-0.016271254047751428,0.0036682486534118654,0.12202620506286621,0.8025850057601929,-0.1691449135541916,0.5720552802085877,0.23579141497612,0.9708179235458374,-0.043761078268289569,-0.5479596257209778,0.17000775039196015,0.8190468549728394],"EasingStyle":"Linear","EasingDirection":"In"},"Right Arm":{"Weight":1,"CFrame":[-0.6967129707336426,-0.1535908281803131,0.560249924659729,0.4571923613548279,-0.39621779322624209,0.7962327599525452,0.5963056683540344,0.8007953763008118,0.056092794984579089,-0.6598445177078247,0.44915276765823367,0.6023844480514526],"EasingStyle":"Linear","EasingDirection":"In"},"Head":{"Weight":1,"CFrame":[8.195638656616211e-8,1.30385160446167e-8,1.1920928955078126e-7,0.9836645722389221,-0.17878180742263795,-0.021002518013119699,0.1775311976671219,0.9827874302864075,-0.051104433834552768,0.029777539893984796,0.04654102027416229,0.9984725117683411],"EasingStyle":"Linear","EasingDirection":"In"},"Right Leg":{"Weight":1,"CFrame":[0.6272203326225281,0.5800960659980774,0.27549850940704348,0.8952617049217224,0.13101710379123689,-0.42584148049354555,-0.1157524585723877,0.9913625121116638,0.06165847182273865,0.4302417039871216,-0.005908309947699308,0.902694582939148],"EasingStyle":"Linear","EasingDirection":"In"},"Torso":{"Weight":1,"CFrame":[0.16192050278186799,0.10212434083223343,-0.06613779067993164,0.988313615322113,0.14962445199489594,0.029136309400200845,-0.149984672665596,0.9886316657066345,0.010584957897663117,-0.027221310883760454,-0.014831256121397019,0.999519407749176],"EasingStyle":"Linear","EasingDirection":"In"},"HumanoidRootPart":{"Weight":1,"CFrame":[0,0,0,1,0,0,0,1,0,0,0,1],"EasingStyle":"Linear","EasingDirection":"In"},"Left Arm":{"Weight":1,"CFrame":[-0.5867460370063782,-0.28860557079315188,-0.4125915765762329,-0.2382204830646515,0.14173822104930879,-0.9608128070831299,-0.8567582368850708,-0.49658671021461489,0.13916563987731934,-0.4574018120765686,0.8563362956047058,0.23973239958286286],"EasingStyle":"Linear","EasingDirection":"In"}}},{"Time":0.2666666805744171,"poses":{"Left Leg":{"Weight":1,"CFrame":[-0.13199913501739503,0.07385247945785523,0.1854081153869629,0.7909916639328003,-0.2152094841003418,0.5727277994155884,0.2842539846897125,0.9581970572471619,-0.03252756968140602,-0.5417858362197876,0.18852920830249787,0.8191000819206238],"EasingStyle":"Linear","EasingDirection":"In"},"Right Arm":{"Weight":1,"CFrame":[-0.695121705532074,-0.13564163446426392,0.5799373388290405,0.4392324686050415,-0.3923821747303009,0.8081530332565308,0.6101868152618408,0.790536642074585,0.052191346883773807,-0.6593533754348755,0.47020000219345095,0.5866556763648987],"EasingStyle":"Linear","EasingDirection":"In"},"Head":{"Weight":1,"CFrame":[7.636845111846924e-8,9.313225746154785e-9,2.384185791015625e-7,0.9820109605789185,-0.18184076249599458,-0.05087613686919212,0.17948932945728303,0.9826109409332275,-0.047532010823488238,0.05863470956683159,0.037545230239629748,0.9975733160972595],"EasingStyle":"Linear","EasingDirection":"In"},"Right Leg":{"Weight":1,"CFrame":[0.5211867094039917,0.7619771957397461,0.20507943630218507,0.8696796298027039,-0.2227271944284439,-0.4405110478401184,0.2698027491569519,0.9617988467216492,0.04636267200112343,0.41335681080818179,-0.15917178988456727,0.8965492844581604],"EasingStyle":"Linear","EasingDirection":"In"},"Torso":{"Weight":1,"CFrame":[0.21247686445713044,0.10825179517269135,-0.1401827335357666,0.9865005016326904,0.15242378413677216,0.059864819049835208,-0.15247772634029389,0.9883000254631043,-0.003692867234349251,-0.05972727760672569,-0.005485035013407469,0.9981997609138489],"EasingStyle":"Linear","EasingDirection":"In"},"HumanoidRootPart":{"Weight":1,"CFrame":[0,0,0,1,0,0,0,1,0,0,0,1],"EasingStyle":"Linear","EasingDirection":"In"},"Left Arm":{"Weight":1,"CFrame":[-0.589152455329895,-0.26811832189559939,-0.4134101867675781,-0.2412199079990387,0.14025940001010896,-0.9602813720703125,-0.8505235910415649,-0.5070756077766419,0.13958533108234406,-0.46735700964927676,0.8504127264022827,0.241610586643219],"EasingStyle":"Linear","EasingDirection":"In"}}},{"Time":0.30000001192092898,"poses":{"Left Leg":{"Weight":1,"CFrame":[-0.3007138967514038,0.20048290491104127,0.260998010635376,0.7590230703353882,-0.3008495271205902,0.5773851275444031,0.37326592206954958,0.927695631980896,-0.0073100184090435509,-0.5334383845329285,0.2210666537284851,0.8164392113685608],"EasingStyle":"Linear","EasingDirection":"In"},"Right Arm":{"Weight":1,"CFrame":[-0.6935301423072815,-0.11769324541091919,0.599624514579773,0.42119017243385317,-0.38803908228874209,0.8197710514068604,0.6239267587661743,0.7799683213233948,0.04863104969263077,-0.6582661271095276,0.49099406599998476,0.5706228613853455],"EasingStyle":"Linear","EasingDirection":"In"},"Head":{"Weight":1,"CFrame":[1.2200325727462769e-7,1.816079020500183e-8,-2.980232238769531e-7,0.9802694916725159,-0.18242806196212769,-0.0761045292019844,0.1792767345905304,0.9827027916908264,-0.04642428457736969,0.08325723558664322,0.03186454996466637,0.9960185289382935],"EasingStyle":"Linear","EasingDirection":"In"},"Right Leg":{"Weight":1,"CFrame":[0.41727280616760256,0.6391503214836121,0.14910662174224854,0.6794946193695068,-0.572625458240509,-0.45867976546287539,0.6557236909866333,0.7544220685958862,0.02956189215183258,0.3291102647781372,-0.32085421681404116,0.8881099224090576],"EasingStyle":"Linear","EasingDirection":"In"},"Torso":{"Weight":1,"CFrame":[0.26032930612564089,0.11666317284107208,-0.29519128799438479,0.9839847683906555,0.15323205292224885,0.09107086062431336,-0.15272895991802216,0.9881890416145325,-0.012509378604590893,-0.09191204607486725,-0.0016001231269910932,0.9957659244537354],"EasingStyle":"Linear","EasingDirection":"In"},"HumanoidRootPart":{"Weight":1,"CFrame":[0,0,0,1,0,0,0,1,0,0,0,1],"EasingStyle":"Linear","EasingDirection":"In"},"Left Arm":{"Weight":1,"CFrame":[-0.5877220630645752,-0.24417859315872193,-0.39506828784942629,-0.22961869835853578,0.13152039051055909,-0.9643535017967224,-0.8912683129310608,-0.4265090227127075,0.15404856204986573,-0.39104488492012026,0.8948701024055481,0.21515430510044099],"EasingStyle":"Linear","EasingDirection":"In"}}},{"Time":0.3333333432674408,"poses":{"Left Leg":{"Weight":1,"CFrame":[-0.5168859958648682,0.36191242933273318,0.35855960845947268,0.6810005903244019,-0.44270068407058718,0.5833132266998291,0.5231750011444092,0.8514881134033203,0.035438619554042819,-0.5123730897903442,0.2810412347316742,0.8114738464355469],"EasingStyle":"Linear","EasingDirection":"In"},"Right Arm":{"Weight":1,"CFrame":[-0.6921417117118836,-0.10203561186790467,0.6167986392974854,0.4053995907306671,-0.3838401734828949,0.8296492695808411,0.6357855200767517,0.770505428314209,0.045806970447301868,-0.6568318009376526,0.508908748626709,0.5564025044441223],"EasingStyle":"Linear","EasingDirection":"In"},"Head":{"Weight":1,"CFrame":[8.940696716308594e-8,7.450580596923828e-9,-4.76837158203125e-7,0.9787010550498962,-0.18348929286003114,-0.09206606447696686,0.1774066984653473,0.981611967086792,-0.07046215981245041,0.10330220311880112,0.05262824892997742,0.9932567477226257],"EasingStyle":"Linear","EasingDirection":"In"},"Right Leg":{"Weight":1,"CFrame":[0.39789465069770815,0.4233044385910034,0.12066853046417237,0.46544158458709719,-0.7391833066940308,-0.48679783940315249,0.8627402782440186,0.5016966462135315,0.06308452785015106,0.19759389758110047,-0.44934237003326418,0.8712338209152222],"EasingStyle":"Linear","EasingDirection":"In"},"Torso":{"Weight":1,"CFrame":[0.3048970699310303,0.14721208810806275,-0.5596137046813965,0.9804974794387817,0.15251055359840394,0.12395721673965454,-0.15495362877845765,0.98786860704422,0.0102556012570858,-0.12088935077190399,-0.02926321141421795,0.9922346472740173],"EasingStyle":"Linear","EasingDirection":"In"},"HumanoidRootPart":{"Weight":1,"CFrame":[0,0,0,1,0,0,0,1,0,0,0,1],"EasingStyle":"Linear","EasingDirection":"In"},"Left Arm":{"Weight":1,"CFrame":[-0.5777091979980469,-0.21799123287200929,-0.34070688486099245,-0.20139364898204804,0.12382473051548004,-0.9716523289680481,-0.9603798985481262,-0.2200564295053482,0.17101387679576875,-0.19264253973960877,0.9675963521003723,0.16323670744895936],"EasingStyle":"Linear","EasingDirection":"In"}}},{"Time":0.36666667461395266,"poses":{"Left Leg":{"Weight":1,"CFrame":[-0.6866076588630676,0.4954790472984314,0.42475175857543948,0.5828733444213867,-0.563431441783905,0.5854945778846741,0.6503517031669617,0.7554565072059631,0.07954857498407364,-0.4871358573436737,0.3344106376171112,0.8067640066146851],"EasingStyle":"Linear","EasingDirection":"In"},"Right Arm":{"Weight":1,"CFrame":[-0.6911598443984985,-0.09096050262451172,0.6289464235305786,0.3942094147205353,-0.38064152002334597,0.8364874124526978,0.6440960168838501,0.7636800408363342,0.04396900162100792,-0.6555449962615967,0.5214450359344482,0.5462194681167603],"EasingStyle":"Linear","EasingDirection":"In"},"Head":{"Weight":1,"CFrame":[5.960464477539063e-8,7.450580596923828e-9,-5.960464477539063e-8,0.9776734709739685,-0.18540450930595399,-0.09889306128025055,0.17408965528011323,0.9782348871231079,-0.11291324347257614,0.11767526715993881,0.09317601472139359,0.9886713027954102],"EasingStyle":"Linear","EasingDirection":"In"},"Right Leg":{"Weight":1,"CFrame":[0.44089096784591677,0.45856577157974245,0.12692439556121827,0.4327486753463745,-0.7447516322135925,-0.5080094933509827,0.8913174867630005,0.43797025084495547,0.11719730496406555,0.13521021604537965,-0.5035147070884705,0.8533411622047424],"EasingStyle":"Linear","EasingDirection":"In"},"Torso":{"Weight":1,"CFrame":[0.33900246024131777,0.19112639129161836,-0.835972785949707,0.9770088791847229,0.15002477169036866,0.15148063004016877,-0.15986360609531403,0.9856090545654297,0.054940108209848407,-0.1410583257675171,-0.0778932049870491,0.9869322180747986],"EasingStyle":"Linear","EasingDirection":"In"},"HumanoidRootPart":{"Weight":1,"CFrame":[0,0,0,1,0,0,0,1,0,0,0,1],"EasingStyle":"Linear","EasingDirection":"In"},"Left Arm":{"Weight":1,"CFrame":[-0.5505316853523254,-0.19105219841003419,-0.25132256746292117,-0.1565839648246765,0.14384309947490693,-0.9771338701248169,-0.9854422211647034,0.04357877001166344,0.16433049738407136,0.06622014939785004,0.988640546798706,0.13492529094219209],"EasingStyle":"Linear","EasingDirection":"In"}}},{"Time":0.4000000059604645,"poses":{"Left Leg":{"Weight":1,"CFrame":[-0.736352801322937,0.5329616069793701,0.43880319595336916,0.5408626794815064,-0.6022350788116455,0.5871803164482117,0.6885513663291931,0.7179598808288574,0.1021302342414856,-0.48307839035987856,0.3490653932094574,0.8029873967170715],"EasingStyle":"Linear","EasingDirection":"In"},"Right Arm":{"Weight":1,"CFrame":[-0.6907874941825867,-0.08675944805145264,0.6335539817810059,0.3899613916873932,-0.3793790340423584,0.8390480875968933,0.6472309231758118,0.7610629796981812,0.04330650717020035,-0.6549980044364929,0.5261697769165039,0.5423309803009033],"EasingStyle":"Linear","EasingDirection":"In"},"Head":{"Weight":1,"CFrame":[8.242204785346985e-8,2.9802322387695315e-8,0,0.9773335456848145,-0.1864318698644638,-0.10031139105558396,0.17221581935882569,0.9756995439529419,-0.13547030091285706,0.12312974780797959,0.11512443423271179,0.9856903553009033],"EasingStyle":"Linear","EasingDirection":"In"},"Right Leg":{"Weight":1,"CFrame":[0.4677897095680237,0.4646122455596924,0.1449052095413208,0.4544093608856201,-0.7337250709533691,-0.5051335096359253,0.8792098760604858,0.46056804060935976,0.12192997336387634,0.1431853324174881,-0.49952441453933718,0.8543847799301148],"EasingStyle":"Linear","EasingDirection":"In"},"Torso":{"Weight":1,"CFrame":[0.3525838255882263,0.21335193514823914,-0.9278349876403809,0.9752416610717773,0.14945606887340547,0.16299261152744294,-0.1639002412557602,0.9833061695098877,0.07902968674898148,-0.14846017956733704,-0.10378756374120712,0.9834570288658142],"EasingStyle":"Linear","EasingDirection":"In"},"HumanoidRootPart":{"Weight":1,"CFrame":[0,0,0,1,0,0,0,1,0,0,0,1],"EasingStyle":"Linear","EasingDirection":"In"},"Left Arm":{"Weight":1,"CFrame":[-0.49760687351226809,-0.16485801339149476,-0.1279124617576599,-0.0771840512752533,0.2171613723039627,-0.97307950258255,-0.9480692744255066,0.28606361150741579,0.13904087245464326,0.30855700373649599,0.9332784414291382,0.18380442261695863],"EasingStyle":"Linear","EasingDirection":"In"}}},{"Time":0.4333333373069763,"poses":{"Left Leg":{"Weight":1,"CFrame":[-0.6654932498931885,0.4857422113418579,0.4203265905380249,0.5889949202537537,-0.5535294413566589,0.5888041257858276,0.6390792727470398,0.7649829387664795,0.07986710220575333,-0.49463391304016116,0.32925117015838625,0.8043201565742493],"EasingStyle":"Linear","EasingDirection":"In"},"Right Arm":{"Weight":1,"CFrame":[-0.6921417117118836,-0.1020348072052002,0.6167987585067749,0.4053996205329895,-0.3838401436805725,0.8296494483947754,0.6357855796813965,0.770505428314209,0.04580694064497948,-0.6568317413330078,0.5089088082313538,0.5564025044441223],"EasingStyle":"Linear","EasingDirection":"In"},"Head":{"Weight":1,"CFrame":[-1.5832483768463136e-8,-7.450580596923828e-9,2.384185791015625e-7,0.9776785373687744,-0.18542318046092988,-0.09880765527486801,0.1741156131029129,0.9782294631004334,-0.11291965842247009,0.11759445816278458,0.09319515526294708,0.9886791110038757],"EasingStyle":"Linear","EasingDirection":"In"},"Right Leg":{"Weight":1,"CFrame":[0.3744444251060486,0.27785390615463259,0.09865760803222656,0.4278728663921356,-0.7592833042144775,-0.49031996726989748,0.8872902393341065,0.456193745136261,0.06784787029027939,0.1721651703119278,-0.46408647298812868,0.868897557258606],"EasingStyle":"Linear","EasingDirection":"In"},"Torso":{"Weight":1,"CFrame":[0.3400576412677765,0.189932182431221,-0.8088486194610596,0.9761526584625244,0.15420201420783997,0.152799591422081,-0.16396848857402802,0.9850165843963623,0.05344735085964203,-0.14226844906806947,-0.07722709327936173,0.9868108630180359],"EasingStyle":"Linear","EasingDirection":"In"},"HumanoidRootPart":{"Weight":1,"CFrame":[0,0,0,1,0,0,0,1,0,0,0,1],"EasingStyle":"Linear","EasingDirection":"In"},"Left Arm":{"Weight":1,"CFrame":[-0.40509599447250368,-0.1404295265674591,0.02302241325378418,0.03058997541666031,0.3339948356151581,-0.9420784711837769,-0.8649005889892578,0.48127779364585879,0.14254331588745118,0.5010101199150086,0.8104438781738281,0.3035944998264313],"EasingStyle":"Linear","EasingDirection":"In"}}},{"Time":0.46666666865348818,"poses":{"Left Leg":{"Weight":1,"CFrame":[-0.49548977613449099,0.35477036237716677,0.365154504776001,0.6868398785591126,-0.4306182563304901,0.585507333278656,0.5132219195365906,0.8577721118927002,0.028814293444156648,-0.5146398544311523,0.28070440888404848,0.810154914855957],"EasingStyle":"Linear","EasingDirection":"In"},"Right Arm":{"Weight":1,"CFrame":[-0.6951214671134949,-0.1356411874294281,0.5799373388290405,0.4392324686050415,-0.39238211512565615,0.8081528544425964,0.6101868748664856,0.790536642074585,0.05219126492738724,-0.6593533754348755,0.4702000617980957,0.5866557955741882],"EasingStyle":"Linear","EasingDirection":"In"},"Head":{"Weight":1,"CFrame":[7.078051567077637e-8,1.4901161193847657e-8,5.960464477539063e-7,0.9787096381187439,-0.1835295706987381,-0.09189409762620926,0.17745602130889893,0.9816028475761414,-0.07046421617269516,0.10313578695058823,0.052656836807727817,0.993272602558136],"EasingStyle":"Linear","EasingDirection":"In"},"Right Leg":{"Weight":1,"CFrame":[0.23874972760677339,0.14221817255020142,0.016898393630981447,0.48095107078552248,-0.7452694773674011,-0.46180033683776858,0.83780837059021,0.5458990335464478,-0.008438780903816224,0.2583855986595154,-0.382841557264328,0.8869438171386719],"EasingStyle":"Linear","EasingDirection":"In"},"Torso":{"Weight":1,"CFrame":[0.3077051639556885,0.14415045082569123,-0.5431303977966309,0.9788276553153992,0.16015131771564485,0.12746740877628327,-0.1622803807258606,0.9867238402366638,0.006428554654121399,-0.12474557757377625,-0.026977909728884698,0.9918219447135925],"EasingStyle":"Linear","EasingDirection":"In"},"HumanoidRootPart":{"Weight":1,"CFrame":[0,0,0,1,0,0,0,1,0,0,0,1],"EasingStyle":"Linear","EasingDirection":"In"},"Left Arm":{"Weight":1,"CFrame":[-0.2908287048339844,-0.11689344048500061,0.17296075820922852,0.13928283751010896,0.4584228992462158,-0.8777521848678589,-0.7527504563331604,0.6249350905418396,0.2069370150566101,0.6434028148651123,0.6319055557250977,0.43212080001831057],"EasingStyle":"Linear","EasingDirection":"In"}}},{"Time":0.5,"poses":{"Left Leg":{"Weight":1,"CFrame":[-0.3056347668170929,0.1907508373260498,0.2942075729370117,0.7580198645591736,-0.30260133743286135,0.5777873992919922,0.38289111852645876,0.9236059784889221,-0.018613595515489579,-0.5280154347419739,0.23533913493156434,0.8159750699996948],"EasingStyle":"Linear","EasingDirection":"In"},"Right Arm":{"Weight":1,"CFrame":[-0.6981014609336853,-0.16924884915351869,0.5430757999420166,0.47277703881263735,-0.399146169424057,0.7855980396270752,0.5840930342674255,0.8094830513000488,0.059771280735731128,-0.6597856879234314,0.4306037127971649,0.6158435344696045],"EasingStyle":"Linear","EasingDirection":"In"},"Head":{"Weight":1,"CFrame":[1.2200325727462769e-7,0,-5.364418029785156e-7,0.9802694320678711,-0.18242807686328889,-0.0761045292019844,0.1792767196893692,0.9827027320861816,-0.04642423242330551,0.08325722068548203,0.03186449036002159,0.9960185289382935],"EasingStyle":"Linear","EasingDirection":"In"},"Right Leg":{"Weight":1,"CFrame":[0.2307094782590866,0.30254483222961428,0.05240488052368164,0.7128023505210877,-0.5506654381752014,-0.4343736469745636,0.5967572927474976,0.8015729784965515,-0.03690015524625778,0.3685019016265869,-0.23291312158107758,0.8999766707420349],"EasingStyle":"Linear","EasingDirection":"In"},"Torso":{"Weight":1,"CFrame":[0.2640659213066101,0.11269570887088776,-0.29560184478759768,0.9820348024368286,0.1626080870628357,0.09574165940284729,-0.16167575120925904,0.9866893291473389,-0.01746871881186962,-0.09730783104896546,0.0016757867997512222,0.9952530264854431],"EasingStyle":"Linear","EasingDirection":"In"},"HumanoidRootPart":{"Weight":1,"CFrame":[0,0,0,1,0,0,0,1,0,0,0,1],"EasingStyle":"Linear","EasingDirection":"In"},"Left Arm":{"Weight":1,"CFrame":[-0.1937263011932373,-0.09290233254432678,0.2878761291503906,0.24307584762573243,0.5804506540298462,-0.777168869972229,-0.6397362351417542,0.6981836557388306,0.321367472410202,0.7291445136070252,0.41906633973121645,0.5410468578338623],"EasingStyle":"Linear","EasingDirection":"In"}}},{"Time":0.5333333611488342,"poses":{"Left Leg":{"Weight":1,"CFrame":[-0.15845778584480287,0.06441628932952881,0.21695184707641602,0.7972292304039002,-0.2194269448518753,0.5623854994773865,0.2941027879714966,0.954741895198822,-0.044402364641427997,-0.5271899700164795,0.20079796016216279,0.8256821632385254],"EasingStyle":"Linear","EasingDirection":"In"},"Right Arm":{"Weight":1,"CFrame":[-0.699455738067627,-0.18452441692352296,0.5263204574584961,0.48789387941360476,-0.40162643790245058,0.7750199437141419,0.5720964074134827,0.8177165389060974,0.06360377371311188,-0.6592915654182434,0.41235408186912539,0.6287279725074768],"EasingStyle":"Linear","EasingDirection":"In"},"Head":{"Weight":1,"CFrame":[6.51925802230835e-8,1.862645149230957e-9,-2.384185791015625e-7,0.9848232269287109,-0.16561497747898103,-0.05191371962428093,0.16324231028556825,0.9854633212089539,-0.04705306887626648,0.058951765298843387,0.03786443546414375,0.9975425004959106],"EasingStyle":"Linear","EasingDirection":"In"},"Right Leg":{"Weight":1,"CFrame":[0.3403865694999695,0.45330768823623659,0.1488475799560547,0.8849144577980042,-0.1558423489332199,-0.43890732526779177,0.1811266988515854,0.9833291172981262,0.016033925116062166,0.42909175157546999,-0.09368652105331421,0.8983892798423767],"EasingStyle":"Linear","EasingDirection":"In"},"Torso":{"Weight":1,"CFrame":[0.21516455709934236,0.10229205340147019,-0.14039278030395509,0.9869438409805298,0.14813682436943055,0.0632244274020195,-0.14772647619247437,0.9889655113220215,-0.011142540723085404,-0.06417740136384964,0.0016571396263316274,0.9979371428489685],"EasingStyle":"Linear","EasingDirection":"In"},"HumanoidRootPart":{"Weight":1,"CFrame":[0,0,0,1,0,0,0,1,0,0,0,1],"EasingStyle":"Linear","EasingDirection":"In"},"Left Arm":{"Weight":1,"CFrame":[-0.15270967781543733,-0.06710687279701233,0.33374249935150149,0.3330644369125366,0.6951349973678589,-0.6370680332183838,-0.5501500964164734,0.6919836401939392,0.4674328863620758,0.7657696008682251,0.1947978138923645,0.6129037141799927],"EasingStyle":"Linear","EasingDirection":"In"}}},{"Time":0.5666666626930237,"poses":{"Left Leg":{"Weight":1,"CFrame":[-0.21419881284236909,0.05039340257644653,0.23325097560882569,0.804259717464447,-0.242483451962471,0.5425569415092468,0.31734272837638857,0.9471400380134583,-0.04711056500673294,-0.5024539232254028,0.21006569266319276,0.8386969566345215],"EasingStyle":"Linear","EasingDirection":"In"},"Right Arm":{"Weight":1,"CFrame":[-0.6990832686424255,-0.18032345175743104,0.5309281349182129,0.48374611139297488,-0.4009815752506256,0.777948260307312,0.575403094291687,0.8154765367507935,0.06252600252628327,-0.65947026014328,0.4173870086669922,0.625209629535675],"EasingStyle":"Linear","EasingDirection":"In"},"Head":{"Weight":1,"CFrame":[6.05359673500061e-8,2.514570951461792e-8,-2.384185791015625e-7,0.9912548065185547,-0.1298208385705948,-0.023676717653870584,0.1285097748041153,0.9904288053512573,-0.05036032944917679,0.029987918213009836,0.04687723144888878,0.9984504580497742],"EasingStyle":"Linear","EasingDirection":"In"},"Right Leg":{"Weight":1,"CFrame":[0.3793374300003052,0.3418703079223633,0.20748615264892579,0.8757014870643616,0.15170437097549439,-0.4584023952484131,-0.1376839280128479,0.9884011149406433,0.0640808567404747,0.4628068804740906,0.00699892733246088,0.8864315748214722],"EasingStyle":"Linear","EasingDirection":"In"},"Torso":{"Weight":1,"CFrame":[0.16249185800552369,0.09187434613704682,-0.06611180305480957,0.9927424192428589,0.11649725586175919,0.02985049970448017,-0.11648285388946533,0.9931902289390564,-0.002227528253570199,-0.029906729236245157,-0.001265709288418293,0.9995518922805786],"EasingStyle":"Linear","EasingDirection":"In"},"HumanoidRootPart":{"Weight":1,"CFrame":[0,0,0,1,0,0,0,1,0,0,0,1],"EasingStyle":"Linear","EasingDirection":"In"},"Left Arm":{"Weight":1,"CFrame":[-0.19946616888046266,-0.039212197065353397,0.3335747718811035,0.3785731792449951,0.8178222179412842,-0.4334159791469574,-0.5292630791664124,0.5754326581954956,0.6235044598579407,0.7593174576759338,-0.006650914438068867,0.6506864428520203],"EasingStyle":"Linear","EasingDirection":"In"}}},{"Time":0.6000000238418579,"poses":{"Left Leg":{"Weight":1,"CFrame":[-0.4781326651573181,0.17004311084747315,0.35733699798583987,0.7757464051246643,-0.33881744742393496,0.5323725342750549,0.41265827417373659,0.9106260538101196,-0.021755943074822427,-0.4774211049079895,0.23656509816646577,0.8462305665016174],"EasingStyle":"Linear","EasingDirection":"In"},"Right Arm":{"Weight":1,"CFrame":[-0.6981013417243958,-0.16924861073493958,0.5430757999420166,0.4727770984172821,-0.3991461992263794,0.7855980396270752,0.5840930938720703,0.809482991695404,0.059771303087472919,-0.6597856879234314,0.43060386180877688,0.6158435344696045],"EasingStyle":"Linear","EasingDirection":"In"},"Head":{"Weight":1,"CFrame":[7.264316082000733e-8,1.862645149230957e-8,-4.172325134277344e-7,0.9953093528747559,-0.09654504805803299,0.006194521673023701,0.09673666208982468,0.9939621090888977,-0.05178290233016014,-0.0011577365221455694,0.05213923007249832,0.9986392259597778],"EasingStyle":"Linear","EasingDirection":"In"},"Right Leg":{"Weight":1,"CFrame":[0.20900624990463258,0.15088212490081788,0.16513359546661378,0.8643367290496826,0.1733921319246292,-0.4720776081085205,-0.17016705870628358,0.9841504693031311,0.049911875277757648,0.4732497036457062,0.03719133511185646,0.8801430463790894],"EasingStyle":"Linear","EasingDirection":"In"},"Torso":{"Weight":1,"CFrame":[0.10856491327285767,0.07734811305999756,-0.045479536056518558,0.996351957321167,0.08528067171573639,-0.003162503009662032,-0.08527175337076187,0.9963537454605103,0.0028550042770802976,0.0033944479655474426,-0.00257491716183722,0.9999909400939941],"EasingStyle":"Linear","EasingDirection":"In"},"HumanoidRootPart":{"Weight":1,"CFrame":[0,0,0,1,0,0,0,1,0,0,0,1],"EasingStyle":"Linear","EasingDirection":"In"},"Left Arm":{"Weight":1,"CFrame":[-0.30233046412467959,-0.013135343790054322,0.33240067958831789,0.3539571762084961,0.9202301502227783,-0.16700536012649537,-0.58536696434021,0.3572419285774231,0.7278212308883667,0.7294244170188904,-0.15985804796218873,0.6651207208633423],"EasingStyle":"Linear","EasingDirection":"In"}}},{"Time":0.6333333253860474,"poses":{"Left Leg":{"Weight":1,"CFrame":[-0.6643043160438538,0.4844279885292053,0.41205668449401858,0.7843003273010254,-0.30291277170181277,0.5414026975631714,0.3418383300304413,0.9392696619033814,0.030315455049276353,-0.5177061557769775,0.16129575669765473,0.8402166962623596],"EasingStyle":"Linear","EasingDirection":"In"},"Right Arm":{"Weight":1,"CFrame":[-0.6967129707336426,-0.1535906195640564,0.560249924659729,0.45719245076179507,-0.3962177634239197,0.7962328195571899,0.5963056087493897,0.8007954359054565,0.056092891842126849,-0.6598443984985352,0.44915273785591128,0.6023844480514526],"EasingStyle":"Linear","EasingDirection":"In"},"Head":{"Weight":1,"CFrame":[6.332993507385254e-8,1.7578713595867158e-8,2.384185791015625e-7,0.9960519671440125,-0.08150628209114075,0.03517521172761917,0.08271711319684982,0.9959771633148193,-0.034460440278053287,-0.03222496807575226