{"Sequence":[{"Time":0,"poses":{"Left Leg":{"Weight":1,"CFrame":[-0.5392657518386841,0.5228082537651062,-0.0686643123626709,0.9497280120849609,-0.045035503804683688,0.30981990694999697,-0.10805395990610123,0.8816397786140442,0.4593861401081085,-0.293838232755661,-0.469769150018692,0.8324518203735352],"EasingStyle":"Linear","EasingDirection":"In"},"Right Arm":{"Weight":1,"CFrame":[0.9732930064201355,-0.6653560996055603,0.21287739276885987,-0.9821454286575317,-0.1879781037569046,0.007400841452181339,-0.04040559008717537,0.24920611083507539,0.9676072597503662,-0.18373334407806397,0.9500318169593811,-0.2523519694805145],"EasingStyle":"Linear","EasingDirection":"In"},"Left Arm":{"Weight":1,"CFrame":[-0.6092171669006348,-0.06850740313529968,0.015129923820495606,-0.5828444361686707,0.7621860504150391,0.2817172706127167,-0.743329644203186,-0.640155553817749,0.19406744837760926,0.3282584249973297,-0.09629791975021362,0.9396665692329407],"EasingStyle":"Linear","EasingDirection":"In"},"Head":{"Weight":1,"CFrame":[7.82310962677002e-8,4.7497451305389407e-8,0.016662240028381349,0.9917484521865845,0.011311778798699379,-0.1276993751525879,0.013145019300282002,0.9818766713142395,0.18906456232070924,0.1275237500667572,-0.1891830861568451,0.9736260175704956],"EasingStyle":"Linear","EasingDirection":"In"},"Torso":{"Weight":1,"CFrame":[-0.2763698697090149,-0.12324625253677368,-0.1170802116394043,0.9877755641937256,-0.07674702256917954,0.13568167388439179,0.10205531865358353,0.9763242602348328,-0.1907239556312561,-0.11783183366060257,0.20223946869373322,0.9722216129302979],"EasingStyle":"Linear","EasingDirection":"In"},"HumanoidRootPart":{"Weight":1,"CFrame":[0,0,0,1,0,0,0,1,0,0,0,1],"EasingStyle":"Linear","EasingDirection":"In"},"Right Leg":{"Weight":1,"CFrame":[0.6783523559570313,-0.22224998474121095,-0.09935182332992554,0.9341509342193604,0.3491268455982208,0.07397590577602387,-0.33333820104599,0.9276189208030701,-0.1685495674610138,-0.1274666041135788,0.1327916979789734,0.9829134345054627],"EasingStyle":"Linear","EasingDirection":"In"}}},{"Time":0.03333333507180214,"poses":{"Left Leg":{"Weight":1,"CFrame":[-0.5149610042572022,0.5578141212463379,-0.12455350160598755,0.9615813493728638,0.0015176384476944805,0.27451562881469729,-0.13954247534275056,0.863860547542572,0.48401758074760439,-0.23640863597393037,-0.5037288665771484,0.8308840394020081],"EasingStyle":"Linear","EasingDirection":"In"},"Right Arm":{"Weight":1,"CFrame":[0.9069413542747498,-0.5538539886474609,0.36361730098724368,-0.9702190160751343,-0.2292267084121704,-0.07829660922288895,-0.1265244483947754,0.20393863320350648,0.9707732796669006,-0.2065594643354416,0.9517689943313599,-0.22686786949634553],"EasingStyle":"Linear","EasingDirection":"In"},"Left Arm":{"Weight":1,"CFrame":[-0.7412697076797485,-0.02409958839416504,-0.01672041416168213,-0.4785093069076538,0.841424822807312,0.25106364488601687,-0.7921775579452515,-0.5370165705680847,0.28994524478912356,0.3787924647331238,-0.060145631432533267,0.9235252737998962],"EasingStyle":"Linear","EasingDirection":"In"},"Head":{"Weight":1,"CFrame":[1.471489667892456e-7,-2.0489096641540528e-8,0.016662001609802247,0.9904707670211792,-0.007231580559164286,-0.13753357529640199,0.0328676700592041,0.982177734375,0.18505850434303285,0.13374412059783936,-0.1878153681755066,0.9730560183525086],"EasingStyle":"Linear","EasingDirection":"In"},"Torso":{"Weight":1,"CFrame":[-0.3104408085346222,-0.10583168268203736,-0.1049036979675293,0.990034282207489,-0.060021478682756427,0.12739509344100953,0.08361294865608216,0.9784504175186157,-0.1887957900762558,-0.11331797391176224,0.1975662261247635,0.9737179279327393],"EasingStyle":"Linear","EasingDirection":"In"},"HumanoidRootPart":{"Weight":1,"CFrame":[0,0,0,1,0,0,0,1,0,0,0,1],"EasingStyle":"Linear","EasingDirection":"In"},"Right Leg":{"Weight":1,"CFrame":[0.6477161049842835,-0.21039271354675294,-0.09679746627807617,0.943045437335968,0.31879663467407229,0.09504763782024384,-0.2988894283771515,0.9374181032180786,-0.17864114046096803,-0.14604948461055757,0.14005796611309052,0.9793127179145813],"EasingStyle":"Linear","EasingDirection":"In"}}},{"Time":0.06666667014360428,"poses":{"Left Leg":{"Weight":1,"CFrame":[-0.42194536328315737,0.5195446610450745,-0.12385249137878418,0.9662540555000305,0.08765047788619995,0.24222014844417573,-0.1937800496816635,0.8668707013130188,0.45933061838150027,-0.16971299052238465,-0.49076735973358157,0.8546022176742554],"EasingStyle":"Linear","EasingDirection":"In"},"Right Arm":{"Weight":1,"CFrame":[0.8223321437835693,-0.4360065460205078,0.4816058874130249,-0.9432554841041565,-0.29823166131973269,-0.14603787660598756,-0.18187551200389863,0.09603045880794525,0.978621244430542,-0.2778317332267761,0.9496504664421082,-0.14482221007347108],"EasingStyle":"Linear","EasingDirection":"In"},"Left Arm":{"Weight":1,"CFrame":[-0.80684894323349,0.07168173789978028,-0.03718423843383789,-0.39519190788269045,0.8958508372306824,0.20316161215305329,-0.7840490937232971,-0.4441917836666107,0.43354445695877077,0.478633850812912,0.012044469825923443,0.8779319524765015],"EasingStyle":"Linear","EasingDirection":"In"},"Head":{"Weight":1,"CFrame":[6.705522537231445e-8,-4.0978193283081057e-8,0.016662001609802247,0.9901282787322998,-0.027057083323597909,-0.13752785325050355,0.05174366012215614,0.9824435114860535,0.17924143373966218,0.13026349246501923,-0.18458816409111024,0.9741450548171997],"EasingStyle":"Linear","EasingDirection":"In"},"Torso":{"Weight":1,"CFrame":[-0.31546497344970705,-0.08614510297775269,-0.10061430931091309,0.9931833148002625,-0.044215332716703418,0.10785138607025147,0.06383850425481796,0.9804909229278565,-0.18590961396694184,-0.09752723574638367,0.19152741134166718,0.9766298532485962],"EasingStyle":"Linear","EasingDirection":"In"},"HumanoidRootPart":{"Weight":1,"CFrame":[0,0,0,1,0,0,0,1,0,0,0,1],"EasingStyle":"Linear","EasingDirection":"In"},"Right Leg":{"Weight":1,"CFrame":[0.5639132261276245,-0.15862345695495606,-0.07521021366119385,0.9578023552894592,0.26480409502983096,0.11177454143762589,-0.246059849858284,0.9564039707183838,-0.15730871260166169,-0.14855751395225526,0.12316735088825226,0.9812036156654358],"EasingStyle":"Linear","EasingDirection":"In"}}},{"Time":0.10000000149011612,"poses":{"Left Leg":{"Weight":1,"CFrame":[-0.2688562273979187,0.3638744354248047,-0.08185911178588867,0.9530191421508789,0.20128871500492097,0.2263566106557846,-0.27872106432914736,0.87534099817276,0.3950856924057007,-0.11861295998096466,-0.4396146237850189,0.8903201818466187],"EasingStyle":"Linear","EasingDirection":"In"},"Right Arm":{"Weight":1,"CFrame":[0.7541325688362122,-0.32040655612945559,0.5499914884567261,-0.9045239686965942,-0.35872766375541689,-0.2305450141429901,-0.21483907103538514,-0.08364902436733246,0.9730607271194458,-0.368348628282547,0.9296866655349731,-0.0014062545960769058],"EasingStyle":"Linear","EasingDirection":"In"},"Left Arm":{"Weight":1,"CFrame":[-0.7811381816864014,0.2282193899154663,-0.04247403144836426,-0.34975865483283999,0.9267526268959045,0.13710780441761018,-0.7409622073173523,-0.36320725083351138,0.5648500919342041,0.5732748508453369,0.09596948325634003,0.8137234449386597],"EasingStyle":"Linear","EasingDirection":"In"},"Head":{"Weight":1,"CFrame":[3.632158041000366e-8,2.0489096641540528e-8,0.016662120819091798,0.9904278516769409,-0.04733296483755112,-0.12966272234916688,0.06950858980417252,0.9825984835624695,0.17224644124507905,0.11925347149372101,-0.17961031198501588,0.9764828681945801],"EasingStyle":"Linear","EasingDirection":"In"},"Torso":{"Weight":1,"CFrame":[-0.29448845982551577,-0.06485298275947571,-0.11970782279968262,0.9963732361793518,-0.029392315074801446,0.07985260337591171,0.04356221854686737,0.9823380708694458,-0.18197327852249146,-0.07309364527463913,0.18479186296463014,0.9800557494163513],"EasingStyle":"Linear","EasingDirection":"In"},"HumanoidRootPart":{"Weight":1,"CFrame":[0,0,0,1,0,0,0,1,0,0,0,1],"EasingStyle":"Linear","EasingDirection":"In"},"Right Leg":{"Weight":1,"CFrame":[0.5093984603881836,-0.08193540573120117,-0.049157917499542239,0.9655513763427734,0.23234939575195313,0.11715046316385269,-0.21991291642189027,0.9693042039871216,-0.1099441722035408,-0.13909980654716493,0.08039388060569763,0.9870097041130066],"EasingStyle":"Linear","EasingDirection":"In"}}},{"Time":0.13333334028720857,"poses":{"Left Leg":{"Weight":1,"CFrame":[-0.3880227208137512,0.3636075258255005,-0.057872891426086429,0.962859570980072,0.1423979103565216,0.22939981520175935,-0.21565558016300202,0.916816771030426,0.3360651433467865,-0.16246259212493897,-0.3730548918247223,0.9134746193885803],"EasingStyle":"Linear","EasingDirection":"In"},"Right Arm":{"Weight":1,"CFrame":[0.6965760588645935,-0.2089882493019104,0.5406428575515747,-0.8571813702583313,-0.3958739638328552,-0.32942989468574526,-0.21374547481536866,-0.30850446224212649,0.9268969297409058,-0.46856486797332766,0.8649328947067261,0.17982803285121919],"EasingStyle":"Linear","EasingDirection":"In"},"Left Arm":{"Weight":1,"CFrame":[-0.6827014088630676,0.4101199507713318,-0.03424787521362305,-0.3703303039073944,0.9236286282539368,0.09882120788097382,-0.6674506068229675,-0.3385760188102722,0.6632316708564758,0.6460381150245667,0.17965641617774964,0.7418612837791443],"EasingStyle":"Linear","EasingDirection":"In"},"Head":{"Weight":1,"CFrame":[1.2246891856193543e-7,-2.0256265997886659e-8,0.016662120819091798,0.9909793734550476,-0.06720314174890518,-0.1159467026591301,0.08590061217546463,0.9826028943061829,0.1646595150232315,0.10286392271518707,-0.17313410341739655,0.9795120358467102],"EasingStyle":"Linear","EasingDirection":"In"},"Torso":{"Weight":1,"CFrame":[-0.2543177008628845,-0.042738258838653567,-0.20909595489501954,0.9988073706626892,-0.01566673256456852,0.04624304920434952,0.02362973615527153,0.9839204549789429,-0.17703711986541749,-0.04272588714957237,0.1779186874628067,0.9831172227859497],"EasingStyle":"Linear","EasingDirection":"In"},"HumanoidRootPart":{"Weight":1,"CFrame":[0,0,0,1,0,0,0,1,0,0,0,1],"EasingStyle":"Linear","EasingDirection":"In"},"Right Leg":{"Weight":1,"CFrame":[0.6151463985443115,0.02324986457824707,-0.031217455863952638,0.9500637650489807,0.29962536692619326,0.08719761669635773,-0.2970769703388214,0.9539654850959778,-0.04117369279265404,-0.09552012383937836,0.01321319118142128,0.9953398108482361],"EasingStyle":"Linear","EasingDirection":"In"}}},{"Time":0.1666666716337204,"poses":{"Left Leg":{"Weight":1,"CFrame":[-0.5402231812477112,0.5165948867797852,-0.03978496789932251,0.9693039059638977,0.041572801768779758,0.2423253059387207,-0.11035071313381195,0.9543135762214661,0.2776840329170227,-0.21971020102500916,-0.2959009110927582,0.9296075105667114],"EasingStyle":"Linear","EasingDirection":"In"},"Right Arm":{"Weight":1,"CFrame":[0.6337918043136597,-0.10185939073562622,0.5106760263442993,-0.8088072538375855,-0.4000905454158783,-0.4309968948364258,-0.17540821433067323,-0.5354037880897522,0.8261808753013611,-0.5613045692443848,0.7438214421272278,0.36285918951034548],"EasingStyle":"Linear","EasingDirection":"In"},"Left Arm":{"Weight":1,"CFrame":[-0.5409987568855286,0.5710450410842896,-0.018397510051727296,-0.46775567531585696,0.8716420531272888,0.1464405506849289,-0.5510161519050598,-0.4171244502067566,0.7227645516395569,0.69107586145401,0.2573859393596649,0.6754010319709778],"EasingStyle":"Linear","EasingDirection":"In"},"Head":{"Weight":1,"CFrame":[8.707866072654724e-8,1.594889909029007e-8,0.016661763191223146,0.9914332032203674,-0.08582792431116104,-0.09845726937055588,0.1006440818309784,0.982453465461731,0.15702234208583833,0.08325283229351044,-0.16558629274368287,0.9826750159263611],"EasingStyle":"Linear","EasingDirection":"In"},"Torso":{"Weight":1,"CFrame":[-0.20170225203037263,-0.020727217197418214,-0.38278627395629885,0.9999455213546753,-0.0032202634029090406,0.00993785448372364,0.00487548066303134,0.9852024912834168,-0.1713249236345291,-0.00923908967524767,0.17136403918266297,0.98516446352005],"EasingStyle":"Linear","EasingDirection":"In"},"HumanoidRootPart":{"Weight":1,"CFrame":[0,0,0,1,0,0,0,1,0,0,0,1],"EasingStyle":"Linear","EasingDirection":"In"},"Right Leg":{"Weight":1,"CFrame":[0.802209198474884,0.16050457954406739,0.0032919645309448244,0.9031983017921448,0.42915743589401247,0.007530743721872568,-0.4289093613624573,0.9017271995544434,0.05408206209540367,0.016419099643826486,-0.05207686498761177,0.9985081553459168],"EasingStyle":"Linear","EasingDirection":"In"}}},{"Time":0.20000000298023225,"poses":{"Left Leg":{"Weight":1,"CFrame":[-0.5748535990715027,0.6671032309532166,0.002457857131958008,0.9654704332351685,-0.0011578242992982269,0.2605101764202118,-0.052909005433321,0.9782778024673462,0.20043256878852845,-0.2550834119319916,-0.20729507505893708,0.9444370269775391],"EasingStyle":"Linear","EasingDirection":"In"},"Right Arm":{"Weight":1,"CFrame":[0.5494716763496399,0.0007062554359436035,0.4512087106704712,-0.768036961555481,-0.37430453300476076,-0.5196301341056824,-0.11057664453983307,-0.7217103242874146,0.6833059191703796,-0.6307869553565979,0.5822631120681763,0.5129108428955078],"EasingStyle":"Linear","EasingDirection":"In"},"Left Arm":{"Weight":1,"CFrame":[-0.3863677382469177,0.6660217046737671,0.00128173828125,-0.616744339466095,0.7242676615715027,0.30832237005233767,-0.36562708020210268,-0.6104511618614197,0.7026139497756958,0.6970963478088379,0.3206022381782532,0.6413041353225708],"EasingStyle":"Linear","EasingDirection":"In"},"Head":{"Weight":1,"CFrame":[9.802170097827912e-8,3.1548552215099338e-8,0.016661763191223146,0.9915755987167358,-0.10242932289838791,-0.07928536832332611,0.11343950778245926,0.9821819067001343,0.14983364939689637,0.06252524256706238,-0.1575654000043869,0.9855271577835083],"EasingStyle":"Linear","EasingDirection":"In"},"Torso":{"Weight":1,"CFrame":[-0.14340367913246156,0.0001087486743927002,-0.5507478713989258,0.9996281862258911,0.0076943933963775639,-0.026163099333643915,-0.011915622279047966,0.9861819744110107,-0.16523726284503938,0.02453017793595791,0.16548757255077363,0.9859067797660828],"EasingStyle":"Linear","EasingDirection":"In"},"HumanoidRootPart":{"Weight":1,"CFrame":[0,0,0,1,0,0,0,1,0,0,0,1],"EasingStyle":"Linear","EasingDirection":"In"},"Right Leg":{"Weight":1,"CFrame":[0.8944816589355469,0.3173885941505432,0.059782981872558597,0.8504777550697327,0.5154507160186768,-0.10487215965986252,-0.4945317506790161,0.8514639139175415,0.17449213564395905,0.1792370229959488,-0.09653912484645844,0.9790579080581665],"EasingStyle":"Linear","EasingDirection":"In"}}},{"Time":0.23333333432674409,"poses":{"Left Leg":{"Weight":1,"CFrame":[-0.5524324774742127,0.6848645806312561,0.1006155014038086,0.9596534371376038,-0.0011166358599439264,0.28118327260017397,-0.025420067831873895,0.9955528974533081,0.09070985019207001,-0.28003421425819399,-0.09419767558574677,0.9553574323654175],"EasingStyle":"Linear","EasingDirection":"In"},"Right Arm":{"Weight":1,"CFrame":[0.40807217359542849,0.17249906063079835,0.329961895942688,-0.7507597804069519,-0.3194043040275574,-0.57822185754776,0.0014020242961123586,-0.8760993480682373,0.4821285903453827,-0.6605738401412964,0.36115214228630068,0.6581880450248718],"EasingStyle":"Linear","EasingDirection":"In"},"Left Arm":{"Weight":1,"CFrame":[-0.2439175695180893,0.7383191585540772,0.0070781707763671879,-0.5791016817092896,0.6607432961463928,0.4775557816028595,-0.32255691289901736,-0.7236735820770264,0.6101261377334595,0.7487311363220215,0.1992860734462738,0.6322076916694641],"EasingStyle":"Linear","EasingDirection":"In"},"Head":{"Weight":1,"CFrame":[8.265487849712372e-8,-1.0337680578231812e-7,0.016661882400512697,0.9913605451583862,-0.11631184816360474,-0.06062987446784973,0.12397490441799164,0.98184734582901,0.1435483992099762,0.04283289611339569,-0.1498248130083084,0.9877843260765076],"EasingStyle":"Linear","EasingDirection":"In"},"Torso":{"Weight":1,"CFrame":[-0.08614178001880646,0.01857253909111023,-0.6182026863098145,0.9981105327606201,0.016777006909251214,-0.05910934507846832,-0.026023851707577707,0.986882746219635,-0.1593274623155594,0.05566095560789108,0.16056467592716218,0.9854546189308167],"EasingStyle":"Linear","EasingDirection":"In"},"HumanoidRootPart":{"Weight":1,"CFrame":[0,0,0,1,0,0,0,1,0,0,0,1],"EasingStyle":"Linear","EasingDirection":"In"},"Right Leg":{"Weight":1,"CFrame":[0.8575377464294434,0.45105963945388796,0.10925817489624024,0.8202006816864014,0.5261914134025574,-0.22448483109474183,-0.46142733097076418,0.8404566645622253,0.28410837054252627,0.33816516399383547,-0.1294424682855606,0.9321421980857849],"EasingStyle":"Linear","EasingDirection":"In"}}},{"Time":0.2666666805744171,"poses":{"Left Leg":{"Weight":1,"CFrame":[-0.5199906229972839,0.6480187773704529,0.1978985071182251,0.9534964561462402,0.013850570656359196,0.3010857403278351,-0.00847915280610323,0.9997808337211609,-0.019139688462018968,-0.3012848198413849,0.015696648508310319,0.9534050226211548],"EasingStyle":"Linear","EasingDirection":"In"},"Right Arm":{"Weight":1,"CFrame":[0.25452736020088198,0.3665451407432556,0.2052614688873291,-0.7544536590576172,-0.24504798650741578,-0.6088933348655701,0.10302712023258209,-0.9604053497314453,0.2588570713996887,-0.6482167840003967,0.13256306946277619,0.749828040599823],"EasingStyle":"Linear","EasingDirection":"In"},"Left Arm":{"Weight":1,"CFrame":[-0.13696987926959992,0.746322512626648,0.01314234733581543,-0.604918897151947,0.5171355605125427,0.6055114269256592,-0.3154349625110626,-0.8538336157798767,0.4140883684158325,0.7311456799507141,0.059490419924259189,0.6796225905418396],"EasingStyle":"Linear","EasingDirection":"In"},"Head":{"Weight":1,"CFrame":[9.778887033462525e-8,9.755603969097138e-8,0.016662120819091798,0.9902564287185669,-0.13491281867027284,-0.03450937569141388,0.13847380876541139,0.9802129864692688,0.14144794642925263,0.014743325300514698,-0.1448482871055603,0.98934406042099],"EasingStyle":"Linear","EasingDirection":"In"},"Torso":{"Weight":1,"CFrame":[-0.03638303279876709,0.03616335988044739,-0.6479141712188721,0.9955663084983826,0.02589574083685875,-0.09042785316705704,-0.03998653218150139,0.986680805683136,-0.15767726302146913,0.08514025807380676,0.16059404611587525,0.9833415746688843],"EasingStyle":"Linear","EasingDirection":"In"},"HumanoidRootPart":{"Weight":1,"CFrame":[0,0,0,1,0,0,0,1,0,0,0,1],"EasingStyle":"Linear","EasingDirection":"In"},"Right Leg":{"Weight":1,"CFrame":[0.7917812466621399,0.5696483850479126,0.11808693408966065,0.8033007383346558,0.5048590302467346,-0.3159516751766205,-0.3868379294872284,0.8456509113311768,0.3677375912666321,0.4528404474258423,-0.17318180203437806,0.8746106028556824],"EasingStyle":"Linear","EasingDirection":"In"}}},{"Time":0.30000001192092898,"poses":{"Left Leg":{"Weight":1,"CFrame":[-0.4815698266029358,0.5907306671142578,0.2647362947463989,0.9473938345909119,0.03989781439304352,0.31757378578186037,-0.004108811728656292,0.9936346411705017,-0.11257603019475937,-0.3200439512729645,0.10534899681806565,0.9415271878242493],"EasingStyle":"Linear","EasingDirection":"In"},"Right Arm":{"Weight":1,"CFrame":[0.11809113621711731,0.5276682376861572,0.13071894645690919,-0.7642024159431458,-0.175827294588089,-0.6205475330352783,0.14750419557094575,-0.9842702746391296,0.09723427146673203,-0.6278830170631409,-0.01722675748169422,0.7781170606613159],"EasingStyle":"Linear","EasingDirection":"In"},"Left Arm":{"Weight":1,"CFrame":[-0.06425826251506806,0.6954127550125122,0.05010271072387695,-0.6973139643669128,0.306299090385437,0.6480233073234558,-0.2459855079650879,-0.9514502882957459,0.1850232183933258,0.6732342839241028,-0.030385082587599756,0.7388046383857727],"EasingStyle":"Linear","EasingDirection":"In"},"Head":{"Weight":1,"CFrame":[6.565824151039124e-8,6.472691893577576e-8,0.016661763191223146,0.9873949885368347,-0.1582723706960678,-0.00100321089848876,0.15675239264965058,0.9769957065582275,0.14459678530693055,-0.021905567497015,-0.14293140172958375,0.9894902110099793],"EasingStyle":"Linear","EasingDirection":"In"},"Torso":{"Weight":1,"CFrame":[0.003968149423599243,0.05280792713165283,-0.6576957702636719,0.9921344518661499,0.03506077826023102,-0.12016672641038895,-0.05427990108728409,0.9855246543884277,-0.16060765087604524,0.11279624700546265,0.16586701571941377,0.9796760678291321],"EasingStyle":"Linear","EasingDirection":"In"},"HumanoidRootPart":{"Weight":1,"CFrame":[0,0,0,1,0,0,0,1,0,0,0,1],"EasingStyle":"Linear","EasingDirection":"In"},"Right Leg":{"Weight":1,"CFrame":[0.727603554725647,0.6639258861541748,0.09495806694030762,0.7990427017211914,0.46836522221565249,-0.3770473599433899,-0.29966387152671816,0.8538538813591003,0.4255997836589813,0.521279513835907,-0.2270849645137787,0.8226178288459778],"EasingStyle":"Linear","EasingDirection":"In"}}},{"Time":0.3333333432674408,"poses":{"Left Leg":{"Weight":1,"CFrame":[-0.4372748136520386,0.516470193862915,0.2964358329772949,0.9409103989601135,0.07646746933460236,0.32990938425064089,-0.014393758960068226,0.982323944568634,-0.1866348832845688,-0.3383494019508362,0.17085810005664826,0.9253795742988586],"EasingStyle":"Linear","EasingDirection":"In"},"Right Arm":{"Weight":1,"CFrame":[0.018077511340379716,0.6081953048706055,0.15138459205627442,-0.7621960043907166,-0.1289394199848175,-0.6343751549720764,0.11273112893104553,-0.9914267659187317,0.0660664513707161,-0.6374551653862,-0.021158307790756227,0.7701970338821411],"EasingStyle":"Linear","EasingDirection":"In"},"Left Arm":{"Weight":1,"CFrame":[-0.018076974898576738,0.6081951856613159,0.15138459205627442,-0.7621957659721375,0.12893947958946229,0.6343755125999451,-0.11273122578859329,-0.9914267659187317,0.0660664364695549,0.637455403804779,-0.0211584884673357,0.7701967358589172],"EasingStyle":"Linear","EasingDirection":"In"},"Head":{"Weight":1,"CFrame":[5.3551048040390017e-8,3.026798367500305e-8,0.016661882400512697,0.9822567701339722,-0.18389177322387696,0.036817632615566257,0.17629487812519074,0.9723461270332336,0.15317729115486146,-0.06396748125553131,-0.1439686417579651,0.9875126481056213],"EasingStyle":"Linear","EasingDirection":"In"},"Torso":{"Weight":1,"CFrame":[0.03421086072921753,0.06777095794677735,-0.6423671245574951,0.9880740642547607,0.04372664541006088,-0.14764030277729035,-0.06851529330015183,0.9835323691368103,-0.16724169254302979,0.1378960907459259,0.17536279559135438,0.9747987389564514],"EasingStyle":"Linear","EasingDirection":"In"},"HumanoidRootPart":{"Weight":1,"CFrame":[0,0,0,1,0,0,0,1,0,0,0,1],"EasingStyle":"Linear","EasingDirection":"In"},"Right Leg":{"Weight":1,"CFrame":[0.6694589257240295,0.7210184335708618,0.06056404113769531,0.8065599203109741,0.42208078503608706,-0.4138946533203125,-0.2143334001302719,0.8613053560256958,0.4606671929359436,0.55092853307724,-0.28284427523612978,0.7851606011390686],"EasingStyle":"Linear","EasingDirection":"In"}}},{"Time":0.36666667461395266,"poses":{"Left Leg":{"Weight":1,"CFrame":[-0.3874524235725403,0.4255170226097107,0.29877257347106936,0.9329577088356018,0.12232846021652222,0.33856406807899477,-0.03852921724319458,0.9690220952033997,-0.24395044147968293,-0.3579181432723999,0.21455082297325135,0.9087699055671692],"EasingStyle":"Linear","EasingDirection":"In"},"Right Arm":{"Weight":1,"CFrame":[-0.03194340690970421,0.577553391456604,0.29283666610717776,-0.7355603575706482,-0.11784246563911438,-0.667131245136261,-0.021635910496115686,-0.9801662564277649,0.19699248671531678,-0.6771136522293091,0.15933378040790559,0.7184218764305115],"EasingStyle":"Linear","EasingDirection":"In"},"Left Arm":{"Weight":1,"CFrame":[0.007783882319927216,0.5040491819381714,0.334944486618042,-0.7606485486030579,0.052341390401124957,0.6470503211021423,0.053408220410346988,-0.9883193969726563,0.1427324116230011,0.6469632387161255,0.1431269347667694,0.748968243598938],"EasingStyle":"Linear","EasingDirection":"In"},"Head":{"Weight":1,"CFrame":[4.0046870708465579e-8,2.1420419216156007e-8,0.016662240028381349,0.974879801273346,-0.20936523377895356,0.07599835842847824,0.19457091391086579,0.9665819406509399,0.16691774129867555,-0.10840539634227753,-0.14793768525123597,0.983037531375885],"EasingStyle":"Linear","EasingDirection":"In"},"Torso":{"Weight":1,"CFrame":[0.05393749475479126,0.0806320309638977,-0.6003201007843018,0.9837048649787903,0.05148068442940712,-0.1722630113363266,-0.08223728835582733,0.9808619618415833,-0.17648465931415559,0.15988068282604218,0.18777523934841157,0.9691123962402344],"EasingStyle":"Linear","EasingDirection":"In"},"HumanoidRootPart":{"Weight":1,"CFrame":[0,0,0,1,0,0,0,1,0,0,0,1],"EasingStyle":"Linear","EasingDirection":"In"},"Right Leg":{"Weight":1,"CFrame":[0.6183027029037476,0.7389532327651978,0.029079198837280275,0.8232678771018982,0.369242787361145,-0.43114936351776125,-0.13842076063156129,0.8671857118606567,0.4783603549003601,0.550517737865448,-0.3341386914253235,0.7650370597839356],"EasingStyle":"Linear","EasingDirection":"In"}}},{"Time":0.4000000059604645,"poses":{"Left Leg":{"Weight":1,"CFrame":[-0.3333668112754822,0.32870566844940188,0.2806084156036377,0.9226082563400269,0.1735457479953766,0.34449368715286257,-0.07220272719860077,0.9549877047538757,-0.28772443532943728,-0.3789205849170685,0.24058355391025544,0.8936100006103516],"EasingStyle":"Linear","EasingDirection":"In"},"Right Arm":{"Weight":1,"CFrame":[-0.04164135456085205,0.46944916248321535,0.5018938779830933,-0.6938976645469666,-0.14683841168880464,-0.7049429416656494,-0.22538980841636659,-0.8855022192001343,0.40630677342414858,-0.6838900446891785,0.4408223330974579,0.5813521146774292],"EasingStyle":"Linear","EasingDirection":"In"},"Left Arm":{"Weight":1,"CFrame":[0.017276257276535035,0.3957986831665039,0.5525975227355957,-0.7208324074745178,0.07223367691040039,0.6893351078033447,0.23288455605506898,-0.9114920496940613,0.339038610458374,0.6528134346008301,0.40492546558380129,0.6402108669281006],"EasingStyle":"Linear","EasingDirection":"In"},"Head":{"Weight":1,"CFrame":[1.6391277313232423e-7,-9.96515154838562e-8,0.016662240028381349,0.9658634066581726,-0.23243041336536408,0.11438586562871933,0.20927651226520539,0.960335910320282,0.18427784740924836,-0.1526806503534317,-0.15404899418354035,0.9761955142021179],"EasingStyle":"Linear","EasingDirection":"In"},"Torso":{"Weight":1,"CFrame":[0.06388843059539795,0.09235113859176636,-0.5443048477172852,0.979299008846283,0.058170970529317859,-0.19388042390346528,-0.09495675563812256,0.9779078960418701,-0.186224102973938,0.17876435816287995,0.20077934861183167,0.9631879329681397],"EasingStyle":"Linear","EasingDirection":"In"},"HumanoidRootPart":{"Weight":1,"CFrame":[0,0,0,1,0,0,0,1,0,0,0,1],"EasingStyle":"Linear","EasingDirection":"In"},"Right Leg":{"Weight":1,"CFrame":[0.567191481590271,0.7320010662078857,0.005082607269287109,0.8439453840255737,0.3118521273136139,-0.4364681541919708,-0.0715329647064209,0.871813178062439,0.4845872223377228,0.5316383242607117,-0.37774333357810976,0.7580704689025879],"EasingStyle":"Linear","EasingDirection":"In"}}},{"Time":0.4333333373069763,"poses":{"Left Leg":{"Weight":1,"CFrame":[-0.28041544556617739,0.24005597829818726,0.2526973485946655,0.9103138446807861,0.22295968234539033,0.3487372100353241,-0.10792248696088791,0.9412332773208618,-0.32005128264427187,-0.3996015787124634,0.25371047854423525,0.8808801174163818],"EasingStyle":"Linear","EasingDirection":"In"},"Right Arm":{"Weight":1,"CFrame":[-0.02589467167854309,0.33107417821884158,0.704267144203186,-0.6588338017463684,-0.19958797097206117,-0.7253292798995972,-0.4162997305393219,-0.7063543796539307,0.5725015997886658,-0.6266039609909058,0.6791377663612366,0.3822817802429199],"EasingStyle":"Linear","EasingDirection":"In"},"Left Arm":{"Weight":1,"CFrame":[0.01356024295091629,0.2934917211532593,0.7379952669143677,-0.6787787675857544,0.15491275489330293,0.7178170680999756,0.38718268275260928,-0.7550901770591736,0.5290828943252564,0.6239784359931946,0.6370563507080078,0.45255929231643679],"EasingStyle":"Linear","EasingDirection":"In"},"Head":{"Weight":1,"CFrame":[5.122274160385132e-8,-6.239861249923706e-8,0.016661882400512697,0.9562963247299194,-0.250919908285141,0.15012219548225404,0.21852339804172517,0.954430103302002,0.20325075089931489,-0.19428084790706635,-0.16156277060508729,0.967549741268158],"EasingStyle":"Linear","EasingDirection":"In"},"Torso":{"Weight":1,"CFrame":[0.06511932611465454,0.1042129397392273,-0.49060678482055666,0.9750950932502747,0.06380333006381989,-0.21241168677806855,-0.10609782487154007,0.9752237796783447,-0.19411806762218476,0.19476355612277986,0.21181999146938325,0.9577053189277649],"EasingStyle":"Linear","EasingDirection":"In"},"HumanoidRootPart":{"Weight":1,"CFrame":[0,0,0,1,0,0,0,1,0,0,0,1],"EasingStyle":"Linear","EasingDirection":"In"},"Right Leg":{"Weight":1,"CFrame":[0.5075668692588806,0.717167317867279,-0.011314034461975098,0.8629223108291626,0.2520582973957062,-0.437985897064209,-0.010892531834542752,0.87579745054245,0.48255589604377749,0.5052192807197571,-0.41163748502731326,0.7584908604621887],"EasingStyle":"Linear","EasingDirection":"In"}}},{"Time":0.46666666865348818,"poses":{"Left Leg":{"Weight":1,"CFrame":[-0.2377028465270996,0.17180931568145753,0.22642803192138673,0.8985629081726074,0.26207634806632998,0.3519951403141022,-0.1372920721769333,0.9297128319740295,-0.34173819422721865,-0.41681596636772158,0.2587471306324005,0.8713865876197815],"EasingStyle":"Linear","EasingDirection":"In"},"Right Arm":{"Weight":1,"CFrame":[0.0013613849878311158,0.2053118348121643,0.827224612236023,-0.642361581325531,-0.23959395289421082,-0.7279877662658691,-0.5210362076759338,-0.5600718259811401,0.6440815329551697,-0.5620434284210205,0.7930412292480469,0.23493140935897828],"EasingStyle":"Linear","EasingDirection":"In"},"Left Arm":{"Weight":1,"CFrame":[-0.0015306919813156129,0.20342785120010377,0.8254331350326538,-0.6568382382392883,0.23259736597537995,0.7172601222991943,0.46850404143333437,-0.6194446682929993,0.6299147009849548,0.5908194780349731,0.749791145324707,0.29790201783180239],"EasingStyle":"Linear","EasingDirection":"In"},"Head":{"Weight":1,"CFrame":[1.3504177331924439e-7,3.259629011154175e-8,0.01666271686553955,0.9477761387825012,-0.26272052526474,0.1808265596628189,0.22075612843036652,0.9495905041694641,0.22258614003658296,-0.23018912971019746,-0.17104333639144898,0.9579964876174927],"EasingStyle":"Linear","EasingDirection":"In"},"Torso":{"Weight":1,"CFrame":[0.059074997901916507,0.1161963939666748,-0.45074987411499026,0.9714145064353943,0.06831837445497513,-0.22734682261943818,-0.11497878283262253,0.9732690453529358,-0.19881470501422883,0.2076869159936905,0.21927154064178468,0.9533027410507202],"EasingStyle":"Linear","EasingDirection":"In"},"HumanoidRootPart":{"Weight":1,"CFrame":[0,0,0,1,0,0,0,1,0,0,0,1],"EasingStyle":"Linear","EasingDirection":"In"},"Right Leg":{"Weight":1,"CFrame":[0.4415835738182068,0.7063589096069336,-0.02149862051010132,0.8761698007583618,0.19555586576461793,-0.44054996967315676,0.04236171767115593,0.8792210817337036,0.4745270013809204,0.4801374673843384,-0.43442875146865847,0.7620629072189331],"EasingStyle":"Linear","EasingDirection":"In"}}},{"Time":0.5,"poses":{"Left Leg":{"Weight":1,"CFrame":[-0.20540955662727357,0.1212039589881897,0.20300543308258058,0.8887230753898621,0.2916589081287384,0.3537037968635559,-0.1623745709657669,0.9217722415924072,-0.3520943522453308,-0.42872583866119387,0.2554818391799927,0.866558313369751],"EasingStyle":"Linear","EasingDirection":"In"},"Right Arm":{"Weight":1,"CFrame":[0.0282895565032959,0.12692004442214967,0.8236862421035767,-0.6414859890937805,-0.24201595783233643,-0.7279587388038635,-0.5242967009544373,-0.5544061064720154,0.646333634853363,-0.5600077509880066,0.7962802052497864,0.22875544428825379],"EasingStyle":"Linear","EasingDirection":"In"},"Left Arm":{"Weight":1,"CFrame":[-0.025156117975711824,0.13299107551574708,0.7766783237457275,-0.6559232473373413,0.2524816393852234,0.7113493084907532,0.4590960144996643,-0.6146107316017151,0.6414706707000732,0.5991624593734741,0.7473330497741699,0.2872239947319031],"EasingStyle":"Linear","EasingDirection":"In"},"Head":{"Weight":1,"CFrame":[1.2014061212539674e-7,7.543712854385376e-8,0.016662001609802247,0.9425175189971924,-0.2658694386482239,0.2024208903312683,0.2143951952457428,0.9457871317863464,0.2439703792333603,-0.2563113570213318,-0.18654830753803254,0.9484219551086426],"EasingStyle":"Linear","EasingDirection":"In"},"Torso":{"Weight":1,"CFrame":[0.04879021644592285,0.12313920259475708,-0.41741180419921877,0.9690084457397461,0.07105603814125061,-0.236587792634964,-0.12077642232179642,0.9717385768890381,-0.20282313227653504,0.21548965573310853,0.22511152923107148,0.9502047300338745],"EasingStyle":"Linear","EasingDirection":"In"},"HumanoidRootPart":{"Weight":1,"CFrame":[0,0,0,1,0,0,0,1,0,0,0,1],"EasingStyle":"Linear","EasingDirection":"In"},"Right Leg":{"Weight":1,"CFrame":[0.3977019488811493,0.6896498203277588,-0.022804617881774904,0.8825651407241821,0.15699733793735505,-0.4432048797607422,0.07649669051170349,0.8821051716804504,0.4647999107837677,0.46392562985420229,-0.4441198706626892,0.7665054798126221],"EasingStyle":"Linear","EasingDirection":"In"}}},{"Time":0.5333333611488342,"poses":{"Left Leg":{"Weight":1,"CFrame":[-0.16849273443222047,0.07847493886947632,0.17245781421661378,0.878528356552124,0.3220338523387909,0.35282036662101748,-0.19543714821338654,0.9162620306015015,-0.34966886043548586,-0.4358810782432556,0.23823973536491395,0.867899477481842],"EasingStyle":"Linear","EasingDirection":"In"},"Right Arm":{"Weight":1,"CFrame":[0.049190059304237369,0.10315793752670288,0.7375311851501465,-0.6514447927474976,-0.2164846509695053,-0.7271549105644226,-0.45431965589523318,-0.6562823057174683,0.6024013757705689,-0.6076294183731079,0.7227917909622192,0.32917842268943789],"EasingStyle":"Linear","EasingDirection":"In"},"Left Arm":{"Weight":1,"CFrame":[-0.04867761582136154,0.10145896673202515,0.6529247760772705,-0.6681019067764282,0.228643536567688,0.7080692052841187,0.38358503580093386,-0.7095807790756226,0.5910650491714478,0.6375755667686462,0.6664962768554688,0.3863677978515625],"EasingStyle":"Linear","EasingDirection":"In"},"Head":{"Weight":1,"CFrame":[3.818422555923462e-8,3.4458935260772708e-8,0.016662120819091798,0.9419253468513489,-0.25897353887557986,0.21379737555980683,0.1984434872865677,0.9428257942199707,0.26776808500289919,-0.2709186375141144,-0.20979087054729463,0.9394631385803223],"EasingStyle":"Linear","EasingDirection":"In"},"Torso":{"Weight":1,"CFrame":[0.038196444511413577,0.11860960721969605,-0.3786158561706543,0.9687379002571106,0.07115785777568817,-0.2376626580953598,-0.12267626076936722,0.9700614213943481,-0.20959815382957459,0.21563281118869782,0.2322012335062027,0.9484646320343018],"EasingStyle":"Linear","EasingDirection":"In"},"HumanoidRootPart":{"Weight":1,"CFrame":[0,0,0,1,0,0,0,1,0,0,0,1],"EasingStyle":"Linear","EasingDirection":"In"},"Right Leg":{"Weight":1,"CFrame":[0.4051108956336975,0.65607750415802,-0.010747194290161133,0.8822147250175476,0.1500738561153412,-0.4462904632091522,0.08010154962539673,0.8861919045448303,0.45634183287620547,0.4639838635921478,-0.4383400082588196,0.7697902917861939],"EasingStyle":"Linear","EasingDirection":"In"}}},{"Time":0.5666666626930237,"poses":{"Left Leg":{"Weight":1,"CFrame":[-0.117940753698349,0.034060657024383548,0.12940919399261475,0.8653329014778137,0.36010196805000307,0.34860506653785708,-0.24431946873664857,0.9103811383247376,-0.33393752574920657,-0.4376150369644165,0.20379617810249329,0.8757627010345459],"EasingStyle":"Linear","EasingDirection":"In"},"Right Arm":{"Weight":1,"CFrame":[0.06049034744501114,0.13347041606903077,0.6247841119766235,-0.6703088879585266,-0.18150438368320466,-0.7195430397987366,-0.33975550532341006,-0.7869688868522644,0.5150205492973328,-0.6597365140914917,0.5896915197372437,0.46584513783454897],"EasingStyle":"Linear","EasingDirection":"In"},"Left Arm":{"Weight":1,"CFrame":[-0.06299512833356857,0.12632060050964356,0.5256185531616211,-0.6878585815429688,0.18983988463878632,0.7005794644355774,0.2752668261528015,-0.8248652219772339,0.49378693103790285,0.6716240644454956,0.5325018763542175,0.5151338577270508],"EasingStyle":"Linear","EasingDirection":"In"},"Head":{"Weight":1,"CFrame":[4.0978193283081057e-8,-2.9802322387695315e-8,0.016661763191223146,0.9464489221572876,-0.24051827192306519,0.21537281572818757,0.1722848117351532,0.9404241442680359,0.29312190413475039,-0.2730429470539093,-0.24031950533390046,0.9315010905265808],"EasingStyle":"Linear","EasingDirection":"In"},"Torso":{"Weight":1,"CFrame":[0.030410587787628175,0.09791707992553711,-0.32677650451660159,0.9711021780967712,0.06801753491163254,-0.2287668138742447,-0.12000509351491928,0.967703640460968,-0.2216946929693222,0.2062993347644806,0.24274137616157533,0.9479014873504639],"EasingStyle":"Linear","EasingDirection":"In"},"HumanoidRootPart":{"Weight":1,"CFrame":[0,0,0,1,0,0,0,1,0,0,0,1],"EasingStyle":"Linear","EasingDirection":"In"},"Right Leg":{"Weight":1,"CFrame":[0.5861947536468506,0.7011077404022217,-0.06125837564468384,0.9039025902748108,0.1832912713289261,-0.38647696375846865,0.026818182319402696,0.8774732947349548,0.47887519001960757,0.42689692974090578,-0.44322118163108828,0.7882348895072937],"EasingStyle":"Linear","EasingDirection":"In"}}},{"Time":0.6000000238418579,"poses":{"Left Leg":{"Weight":1,"CFrame":[-0.11593791097402573,0.009206235408782959,0.11222207546234131,0.8627538681030273,0.37278398871421816,0.34159618616104128,-0.27227580547332766,0.9118034839630127,-0.30737680196762087,-0.4260536730289459,0.1721821278333664,0.8881619572639465],"EasingStyle":"Linear","EasingDirection":"In"},"Right Arm":{"Weight":1,"CFrame":[0.06181088462471962,0.2105967402458191,0.5028935670852661,-0.6927316188812256,-0.1538502275943756,-0.7045941948890686,-0.21927720308303834,-0.885796308517456,0.40900182723999026,-0.6870519518852234,0.4378298819065094,0.5798831582069397],"EasingStyle":"Linear","EasingDirection":"In"},"Left Arm":{"Weight":1,"CFrame":[-0.06460464745759964,0.2024824023246765,0.4109123945236206,-0.7073114514350891,0.15934714674949647,0.6887083053588867,0.17131997644901277,-0.9065772891044617,0.385703444480896,0.6858278512954712,0.3908018469810486,0.6139330267906189],"EasingStyle":"Linear","EasingDirection":"In"},"Head":{"Weight":1,"CFrame":[1.341104507446289e-7,3.4458935260772708e-8,0.016662120819091798,0.9549522399902344,-0.20960520207881928,0.21007606387138368,0.13643194735050202,0.9387449026107788,0.3164559304714203,-0.2635386884212494,-0.2735392153263092,0.9250533580780029],"EasingStyle":"Linear","EasingDirection":"In"},"Torso":{"Weight":1,"CFrame":[0.024816691875457765,0.06318360567092896,-0.2713606357574463,0.9755346179008484,0.06199713796377182,-0.21092328429222108,-0.1128174364566803,0.964628279209137,-0.23825304210186006,0.18869155645370484,0.25621992349624636,0.9480226039886475],"EasingStyle":"Linear","EasingDirection":"In"},"HumanoidRootPart":{"Weight":1,"CFrame":[0,0,0,1,0,0,0,1,0,0,0,1],"EasingStyle":"Linear","EasingDirection":"In"},"Right Leg":{"Weight":1,"CFrame":[0.7404353022575378,0.7608685493469238,-0.14433276653289796,0.9227208495140076,0.18408925831317902,-0.33867016434669497,0.005238886922597885,0.8725223541259766,0.48854631185531618,0.3854333460330963,-0.4525660574436188,0.8041300773620606],"EasingStyle":"Linear","EasingDirection":"In"}}},{"Time":0.6333333253860474,"poses":{"Left Leg":{"Weight":1,"CFrame":[-0.16247127950191499,0.01962345838546753,0.12048542499542237,0.8722838759422302,0.3584173619747162,0.332652747631073,-0.27606043219566347,0.9224385619163513,-0.2699960172176361,-0.4036230742931366,0.14368091523647309,0.9035731554031372],"EasingStyle":"Linear","EasingDirection":"In"},"Right Arm":{"Weight":1,"CFrame":[0.05566944181919098,0.32242876291275027,0.37959110736846926,-0.715757429599762,-0.1365446001291275,-0.6848699450492859,-0.10469124466180802,-0.9486361742019653,0.2985454797744751,-0.690457284450531,0.28538596630096438,0.6646983623504639],"EasingStyle":"Linear","EasingDirection":"In"},"Left Arm":{"Weight":1,"CFrame":[-0.0573275163769722,0.3161575198173523,0.31033873558044436,-0.724958062171936,0.13996006548404694,0.6744233965873718,0.07645281404256