{"Sequence":[{"Time":0,"poses":{"Left Leg":{"Weight":1,"CFrame":[-0.7138603925704956,0.417685866355896,0.15540802478790284,0.7635077834129334,-0.5718027353286743,0.30016282200813296,0.5031747817993164,0.8180744051933289,0.2785130441188812,-0.4048100709915161,-0.06161247193813324,0.9123227596282959],"EasingStyle":"Linear","EasingDirection":"In"},"Right Arm":{"Weight":1,"CFrame":[-0.07301776856184006,0.08688807487487793,0.0812603235244751,-0.6890778541564941,-0.5294069647789002,-0.4948737621307373,0.402743935585022,-0.8474716544151306,0.3458164930343628,-0.6024691462516785,0.03898696228861809,0.797189474105835],"EasingStyle":"Linear","EasingDirection":"In"},"Head":{"Weight":1,"CFrame":[1.5832483768463136e-7,5.960464477539063e-8,-4.172325134277344e-7,0.9991142749786377,-0.04204903915524483,-0.0016521087381988764,0.04208061471581459,0.9985751509666443,0.03281794860959053,0.00026980324764735997,-0.03285840153694153,0.9994600415229797],"EasingStyle":"Linear","EasingDirection":"In"},"Right Leg":{"Weight":1,"CFrame":[0.47449371218681338,0.37609851360321047,0.184401273727417,0.8816733360290527,0.28595682978630068,-0.3753410279750824,-0.25365373492240908,0.9579678177833557,0.13400544226169587,0.39788439869880679,-0.022942429408431054,0.917148768901825],"EasingStyle":"Linear","EasingDirection":"In"},"Torso":{"Weight":1,"CFrame":[0.29372042417526247,0.017275989055633546,-0.5178706645965576,0.9855639338493347,0.11609989404678345,0.12322558462619782,-0.12985976040363313,0.9853875041007996,0.11021855473518372,-0.10862856358289719,-0.12462947517633438,0.9862390756607056],"EasingStyle":"Linear","EasingDirection":"In"},"HumanoidRootPart":{"Weight":1,"CFrame":[0,0,0,1,0,0,0,1,0,0,0,1],"EasingStyle":"Linear","EasingDirection":"In"},"Left Arm":{"Weight":1,"CFrame":[-0.13304202258586884,0.21575742959976197,0.15824854373931886,-0.7990268468856812,0.4372103810310364,0.4127991795539856,-0.2787500023841858,-0.8776243925094605,0.38996654748916628,0.5327800512313843,0.19652582705020905,0.8231177926063538],"EasingStyle":"Linear","EasingDirection":"In"}}},{"Time":0.03333333507180214,"poses":{"Left Leg":{"Weight":1,"CFrame":[-0.7073113322257996,0.42648983001708987,0.14416253566741944,0.7689957022666931,-0.5652622580528259,0.2985367178916931,0.4875229299068451,0.8206573128700256,0.2980653941631317,-0.4134814739227295,-0.08366753906011582,0.9066603183746338],"EasingStyle":"Linear","EasingDirection":"In"},"Right Arm":{"Weight":1,"CFrame":[-0.12493222206830979,0.033270299434661868,0.07763922214508057,-0.6682788729667664,-0.5603541731834412,-0.4892919957637787,0.4153253436088562,-0.8267172574996948,0.37953072786331179,-0.6171777248382568,0.05041686072945595,0.7852067947387695],"EasingStyle":"Linear","EasingDirection":"In"},"Head":{"Weight":1,"CFrame":[6.705522537231445e-8,1.862645149230957e-8,1.1920928955078126e-7,0.9985070824623108,-0.04926813021302223,0.02358859032392502,0.048809874802827838,0.9986153841018677,0.019623737782239915,-0.02452275902032852,-0.018443068489432336,0.9995291233062744],"EasingStyle":"Linear","EasingDirection":"In"},"Right Leg":{"Weight":1,"CFrame":[0.45924878120422366,0.3389240503311157,0.18687033653259278,0.8868101239204407,0.2750667333602905,-0.3713570535182953,-0.25213947892189028,0.9614171981811523,0.11001290380954743,0.3872900903224945,-0.0039268541149795059,0.9219496250152588],"EasingStyle":"Linear","EasingDirection":"In"},"Torso":{"Weight":1,"CFrame":[0.3028586506843567,0.009146541357040406,-0.49892425537109377,0.9835540652275086,0.11450060456991196,0.13968248665332795,-0.12941253185272218,0.9862486124038696,0.10279127210378647,-0.12599200010299684,-0.11917740851640701,0.9848466515541077],"EasingStyle":"Linear","EasingDirection":"In"},"HumanoidRootPart":{"Weight":1,"CFrame":[0,0,0,1,0,0,0,1,0,0,0,1],"EasingStyle":"Linear","EasingDirection":"In"},"Left Arm":{"Weight":1,"CFrame":[-0.1372527927160263,0.15032482147216798,0.1829843521118164,-0.7670606970787048,0.5029168725013733,0.398362398147583,-0.3432771563529968,-0.8462777733802795,0.4074001908302307,0.5420135855674744,0.17575190961360932,0.8217862248420715],"EasingStyle":"Linear","EasingDirection":"In"}}},{"Time":0.06666667014360428,"poses":{"Left Leg":{"Weight":1,"CFrame":[-0.6700894236564636,0.3866501450538635,0.13651823997497559,0.7837753295898438,-0.5479337573051453,0.2923438847064972,0.46383073925971987,0.8294848203659058,0.3111524283885956,-0.41298577189445498,-0.10827552527189255,0.9042782783508301],"EasingStyle":"Linear","EasingDirection":"In"},"Right Arm":{"Weight":1,"CFrame":[-0.14569813013076783,0.013961493968963623,0.07635247707366944,-0.6612415909767151,-0.5771439075469971,-0.4792335033416748,0.4115772545337677,-0.8132067322731018,0.4114595353603363,-0.627187192440033,0.07483244687318802,0.7752652168273926],"EasingStyle":"Linear","EasingDirection":"In"},"Head":{"Weight":1,"CFrame":[4.284083843231201e-8,7.078051567077637e-8,-3.5762786865234377e-7,0.9973135590553284,-0.05465828627347946,0.048766035586595538,0.05540800094604492,0.9983634948730469,-0.014156317338347435,-0.04791243001818657,0.016820332035422326,0.9987099766731262],"EasingStyle":"Linear","EasingDirection":"In"},"Right Leg":{"Weight":1,"CFrame":[0.41240227222442629,0.25950032472610476,0.17145788669586183,0.8994461894035339,0.25249382853507998,-0.35671210289001467,-0.23717081546783448,0.9675769209861755,0.08686220645904541,0.36707860231399538,0.006473718211054802,0.9301674962043762],"EasingStyle":"Linear","EasingDirection":"In"},"Torso":{"Weight":1,"CFrame":[0.300188809633255,0.000716090202331543,-0.4257960319519043,0.9823279976844788,0.11139071732759476,0.1504126638174057,-0.12718160450458527,0.9868478775024414,0.09978126734495163,-0.13731971383094788,-0.11714766919612885,0.9835749864578247],"EasingStyle":"Linear","EasingDirection":"In"},"HumanoidRootPart":{"Weight":1,"CFrame":[0,0,0,1,0,0,0,1,0,0,0,1],"EasingStyle":"Linear","EasingDirection":"In"},"Left Arm":{"Weight":1,"CFrame":[-0.13798318803310395,0.12463235855102539,0.19303369522094727,-0.7341172695159912,0.5619338154792786,0.38118553161621096,-0.40403810143470766,-0.8126750588417053,0.4198959767818451,0.5457336902618408,0.15423940122127534,0.8236413598060608],"EasingStyle":"Linear","EasingDirection":"In"}}},{"Time":0.10000000149011612,"poses":{"Left Leg":{"Weight":1,"CFrame":[-0.6072445511817932,0.3260992169380188,0.1262803077697754,0.8058047890663147,-0.5210966467857361,0.2813132107257843,0.4336618185043335,0.8427570462226868,0.3189012408256531,-0.4032571613788605,-0.1349772810935974,0.9050772786140442],"EasingStyle":"Linear","EasingDirection":"In"},"Right Arm":{"Weight":1,"CFrame":[-0.12964650988578797,0.038447678089141849,0.07763922214508057,-0.6989263296127319,-0.5660997033119202,-0.43707340955734255,0.37632742524147036,-0.8107819557189941,0.44834184646606448,-0.6081774234771729,0.14887504279613496,0.7797155380249023],"EasingStyle":"Linear","EasingDirection":"In"},"Head":{"Weight":1,"CFrame":[1.2665987014770509e-7,3.3527612686157229e-8,-1.7881393432617188e-7,0.9957362413406372,-0.05774619057774544,0.0719367191195488,0.06198873370885849,0.9963780641555786,-0.05820946395397186,-0.0683148056268692,0.062420543283224109,0.995709240436554],"EasingStyle":"Linear","EasingDirection":"In"},"Right Leg":{"Weight":1,"CFrame":[0.33211877942085268,0.1726057529449463,0.1374601125717163,0.9171800017356873,0.21628214418888093,-0.3346683979034424,-0.2046133130788803,0.9763223528862,0.07020052522420883,0.3419274389743805,0.004090986680239439,0.9397175312042236],"EasingStyle":"Linear","EasingDirection":"In"},"Torso":{"Weight":1,"CFrame":[0.2860442101955414,-0.006353884935379028,-0.33063197135925295,0.9822141528129578,0.10701832920312882,0.15428036451339723,-0.12360627949237824,0.9870492219924927,0.10225220024585724,-0.14133945107460023,-0.11950359493494034,0.982721745967865],"EasingStyle":"Linear","EasingDirection":"In"},"HumanoidRootPart":{"Weight":1,"CFrame":[0,0,0,1,0,0,0,1,0,0,0,1],"EasingStyle":"Linear","EasingDirection":"In"},"Left Arm":{"Weight":1,"CFrame":[-0.13729605078697205,0.13224196434020997,0.18600106239318849,-0.7174612283706665,0.5973313450813294,0.35839200019836428,-0.4659554362297058,-0.7939677834510803,0.3905135691165924,0.5178175568580627,0.11318357288837433,0.847970724105835],"EasingStyle":"Linear","EasingDirection":"In"}}},{"Time":0.13333334028720857,"poses":{"Left Leg":{"Weight":1,"CFrame":[-0.5537551045417786,0.28139686584472659,0.11173057556152344,0.823755145072937,-0.5010442733764648,0.2652961313724518,0.4117155075073242,0.850375771522522,0.32764557003974917,-0.3897663950920105,-0.1606731414794922,0.9067890644073486],"EasingStyle":"Linear","EasingDirection":"In"},"Right Arm":{"Weight":1,"CFrame":[-0.08877194672822952,0.10287588834762573,0.08126044273376465,-0.7508336305618286,-0.5185785889625549,-0.4090540111064911,0.3186728060245514,-0.8268911242485046,0.4633561968803406,-0.5785296559333801,0.21754881739616395,0.7861143350601196],"EasingStyle":"Linear","EasingDirection":"In"},"Head":{"Weight":1,"CFrame":[1.471489667892456e-7,1.862645149230957e-8,0,0.99411541223526,-0.058767709881067279,0.09100043028593064,0.06802036613225937,0.9924396872520447,-0.10216085612773895,-0.08430870622396469,0.1077495664358139,0.9905968904495239],"EasingStyle":"Linear","EasingDirection":"In"},"Right Leg":{"Weight":1,"CFrame":[0.26293981075286868,0.11614096164703369,0.10513973236083985,0.9318617582321167,0.18939359486103059,-0.3094574213027954,-0.17916041612625123,0.981899619102478,0.061439398676157,0.3154923915863037,-0.001810567919164896,0.9489265084266663],"EasingStyle":"Linear","EasingDirection":"In"},"Torso":{"Weight":1,"CFrame":[0.2635021507740021,-0.012262314558029175,-0.26350855827331545,0.9828960299491882,0.10163018852472305,0.1535797119140625,-0.1190657988190651,0.9868915677070618,0.10894228518009186,-0.1404946744441986,-0.1253650188446045,0.9821125268936157],"EasingStyle":"Linear","EasingDirection":"In"},"HumanoidRootPart":{"Weight":1,"CFrame":[0,0,0,1,0,0,0,1,0,0,0,1],"EasingStyle":"Linear","EasingDirection":"In"},"Left Arm":{"Weight":1,"CFrame":[-0.13248565793037415,0.16312915086746217,0.16768574714660645,-0.7176786065101624,0.6110854148864746,0.3339338004589081,-0.5220398306846619,-0.7894862294197083,0.32277894020080569,0.46088165044784548,0.057324785739183429,0.8856081962585449],"EasingStyle":"Linear","EasingDirection":"In"}}},{"Time":0.1666666716337204,"poses":{"Left Leg":{"Weight":1,"CFrame":[-0.5182276964187622,0.25138914585113528,0.09596753120422363,0.8360217809677124,-0.49127429723739626,0.24437104165554048,0.40120929479599,0.8511396050453186,0.33851510286331179,-0.37429770827293398,-0.18496209383010865,0.9086750745773315],"EasingStyle":"Linear","EasingDirection":"In"},"Right Arm":{"Weight":1,"CFrame":[-0.03376380354166031,0.195776104927063,0.08685696125030518,-0.7758008241653442,-0.45866698026657107,-0.4333101212978363,0.270255446434021,-0.8620913028717041,0.4286729693412781,-0.5701711177825928,0.21546028554439546,0.7927684187889099],"EasingStyle":"Linear","EasingDirection":"In"},"Head":{"Weight":1,"CFrame":[8.66129994392395e-8,-3.725290298461914e-9,-2.980232238769531e-7,0.9928641319274902,-0.058568697422742847,0.103877492249012,0.07249458134174347,0.9880802631378174,-0.13580137491226197,-0.09468556195497513,0.14236284792423249,0.9852753281593323],"EasingStyle":"Linear","EasingDirection":"In"},"Right Leg":{"Weight":1,"CFrame":[0.21961072087287904,0.08286696672439575,0.08346891403198242,0.941190779209137,0.18005211651325227,-0.28590425848960879,-0.1712329387664795,0.983650803565979,0.055772386491298679,0.2912719249725342,-0.0035362383350729944,0.9566338062286377],"EasingStyle":"Linear","EasingDirection":"In"},"Torso":{"Weight":1,"CFrame":[0.23589769005775453,-0.017606526613235475,-0.22292661666870118,0.9839190244674683,0.09552153199911118,0.1509271115064621,-0.11388184130191803,0.9864509701728821,0.11809158325195313,-0.13760189712047578,-0.13338042795658112,0.9814659357070923],"EasingStyle":"Linear","EasingDirection":"In"},"HumanoidRootPart":{"Weight":1,"CFrame":[0,0,0,1,0,0,0,1,0,0,0,1],"EasingStyle":"Linear","EasingDirection":"In"},"Left Arm":{"Weight":1,"CFrame":[-0.11942894756793976,0.22938263416290284,0.14226126670837403,-0.7222992181777954,0.6122467517852783,0.32161760330200198,-0.5438008308410645,-0.7901204824447632,0.28282585740089419,0.42727577686309817,0.02938886731863022,0.9036435484886169],"EasingStyle":"Linear","EasingDirection":"In"}}},{"Time":0.20000000298023225,"poses":{"Left Leg":{"Weight":1,"CFrame":[-0.5006604194641113,0.22754156589508058,0.07816517353057862,0.8457418084144592,-0.4889650344848633,0.21362145245075227,0.40182650089263918,0.8470349907875061,0.34794723987579348,-0.35107892751693728,-0.20843471586704255,0.9128519892692566],"EasingStyle":"Linear","EasingDirection":"In"},"Right Arm":{"Weight":1,"CFrame":[0.025614216923713685,0.30420464277267458,0.09406960010528565,-0.7917630076408386,-0.39925533533096316,-0.462284117937088,0.23865561187267304,-0.8988583087921143,0.3675558865070343,-0.5622766017913818,0.18069030344486237,0.8069671988487244],"EasingStyle":"Linear","EasingDirection":"In"},"Head":{"Weight":1,"CFrame":[5.681067705154419e-8,-5.960464477539063e-8,0,0.992376446723938,-0.05827335640788078,0.10859697312116623,0.07422759383916855,0.9860162734985352,-0.1492053121328354,-0.09838368743658066,0.15612870454788209,0.9828248023986816],"EasingStyle":"Linear","EasingDirection":"In"},"Right Leg":{"Weight":1,"CFrame":[0.20254990458488465,0.06459581851959229,0.07313156127929688,0.9445094466209412,0.18817399442195893,-0.2692441940307617,-0.18072165548801423,0.9821353554725647,0.052439529448747638,0.27430203557014468,-0.0008713671704754233,0.9616432189941406],"EasingStyle":"Linear","EasingDirection":"In"},"Torso":{"Weight":1,"CFrame":[0.20386357605457307,-0.022803276777267457,-0.19961071014404298,0.9853180646896362,0.08922051638364792,0.145561084151268,-0.10820107907056809,0.9858326315879822,0.12816600501537324,-0.1320638358592987,-0.1420341432094574,0.9810124635696411],"EasingStyle":"Linear","EasingDirection":"In"},"HumanoidRootPart":{"Weight":1,"CFrame":[0,0,0,1,0,0,0,1,0,0,0,1],"EasingStyle":"Linear","EasingDirection":"In"},"Left Arm":{"Weight":1,"CFrame":[-0.09081124514341355,0.33543628454208376,0.11402535438537598,-0.7371276021003723,0.5927608013153076,0.32446491718292239,-0.5227885842323303,-0.8044703006744385,0.2819922864437103,0.4281763434410095,0.03823767229914665,0.9028858542442322],"EasingStyle":"Linear","EasingDirection":"In"}}},{"Time":0.23333333432674409,"poses":{"Left Leg":{"Weight":1,"CFrame":[-0.4959079921245575,0.2062387466430664,0.05951201915740967,0.8537697196006775,-0.49019867181777956,0.1754501760005951,0.4102143943309784,0.8408505916595459,0.3531210124492645,-0.3206268846988678,-0.22951185703277589,0.9189792275428772],"EasingStyle":"Linear","EasingDirection":"In"},"Right Arm":{"Weight":1,"CFrame":[0.07982921600341797,0.41256535053253176,0.1025390625,-0.8041073083877564,-0.3451491892337799,-0.48402851819992068,0.21846778690814973,-0.9287915825843811,0.2993627190589905,-0.5528863668441773,0.13497498631477357,0.8222520351409912],"EasingStyle":"Linear","EasingDirection":"In"},"Head":{"Weight":1,"CFrame":[1.3783574104309083e-7,2.421438694000244e-8,-1.1920928955078126e-7,0.9925920367240906,-0.058876268565654758,0.10627669841051102,0.0736268162727356,0.9873121380805969,-0.14069059491157533,-0.09664490073919296,0.14747317135334016,0.9843330383300781],"EasingStyle":"Linear","EasingDirection":"In"},"Right Leg":{"Weight":1,"CFrame":[0.2065272331237793,0.05647099018096924,0.07309353351593018,0.9410523176193237,0.21020735800266267,-0.26501592993736269,-0.2037506103515625,0.9776434898376465,0.05195128172636032,0.2700117230415344,0.005108224228024483,0.9628435373306274],"EasingStyle":"Linear","EasingDirection":"In"},"Torso":{"Weight":1,"CFrame":[0.16804924607276917,-0.028271466493606569,-0.18771839141845704,0.9871017336845398,0.08325917273759842,0.1367410272359848,-0.10216423869132996,0.9852010011672974,0.1376287192106247,-0.12325851619243622,-0.14982357621192933,0.9809997081756592],"EasingStyle":"Linear","EasingDirection":"In"},"HumanoidRootPart":{"Weight":1,"CFrame":[0,0,0,1,0,0,0,1,0,0,0,1],"EasingStyle":"Linear","EasingDirection":"In"},"Left Arm":{"Weight":1,"CFrame":[-0.046525683254003528,0.4550970792770386,0.08777046203613281,-0.7668139934539795,0.5473329424858093,0.33529528975486758,-0.4725761115550995,-0.8349106311798096,0.28212791681289675,0.43435949087142947,0.057887062430381778,0.8988776206970215],"EasingStyle":"Linear","EasingDirection":"In"}}},{"Time":0.2666666805744171,"poses":{"Left Leg":{"Weight":1,"CFrame":[-0.49437570571899416,0.18831944465637208,0.044675230979919437,0.8593815565109253,-0.4912305176258087,0.14197146892547608,0.41968774795532229,0.8362307548522949,0.352959543466568,-0.29210543632507326,-0.24374330043792725,0.9248047471046448],"EasingStyle":"Linear","EasingDirection":"In"},"Right Arm":{"Weight":1,"CFrame":[0.1193489357829094,0.5006171464920044,0.11190640926361084,-0.8154118657112122,-0.30181947350502016,-0.4939723014831543,0.20415741205215455,-0.9484300017356873,0.24248772859573365,-0.5416855812072754,0.09687916934490204,0.8349797129631043],"EasingStyle":"Linear","EasingDirection":"In"},"Head":{"Weight":1,"CFrame":[7.916241884231568e-8,-6.705522537231445e-8,1.1920928955078126e-7,0.9932073950767517,-0.060218360275030139,0.09956353157758713,0.07189571112394333,0.9903841018676758,-0.11819639801979065,-0.0914885550737381,0.12455172091722489,0.9879862666130066],"EasingStyle":"Linear","EasingDirection":"In"},"Right Leg":{"Weight":1,"CFrame":[0.2267044484615326,0.05637639760971069,0.0806739330291748,0.9323182106018066,0.2403097152709961,-0.27024775743484499,-0.23409722745418549,0.9706279039382935,0.055498115718364719,0.275646835565567,0.011522338725626469,0.9611899852752686],"EasingStyle":"Linear","EasingDirection":"In"},"Torso":{"Weight":1,"CFrame":[0.12919822335243226,-0.034555017948150638,-0.18371891975402833,0.9892381429672241,0.07810450345277786,0.12372446805238724,-0.09587904810905457,0.9847860336303711,0.14492662250995637,-0.11052271723747254,-0.15522950887680055,0.9816763997077942],"EasingStyle":"Linear","EasingDirection":"In"},"HumanoidRootPart":{"Weight":1,"CFrame":[0,0,0,1,0,0,0,1,0,0,0,1],"EasingStyle":"Linear","EasingDirection":"In"},"Left Arm":{"Weight":1,"CFrame":[0.006738172844052315,0.5545188188552856,0.068412184715271,-0.798711895942688,0.4865649342536926,0.3539966642856598,-0.40569061040878298,-0.869943380355835,0.2803814113140106,0.44438087940216067,0.08033084124326706,0.8922290205955505],"EasingStyle":"Linear","EasingDirection":"In"}}},{"Time":0.30000001192092898,"poses":{"Left Leg":{"Weight":1,"CFrame":[-0.48978033661842348,0.17622750997543336,0.038263916969299319,0.8624461889266968,-0.490372896194458,0.12538385391235352,0.42460644245147707,0.8357849717140198,0.34809908270835879,-0.2754923403263092,-0.24697798490524293,0.9290350079536438],"EasingStyle":"Linear","EasingDirection":"In"},"Right Arm":{"Weight":1,"CFrame":[0.13464048504829408,0.5396819114685059,0.12181234359741211,-0.8225340247154236,-0.27194705605506899,-0.49948227405548098,0.19282890856266023,-0.9595972895622253,0.20491474866867066,-0.535027801990509,0.07223454117774964,0.8417406678199768],"EasingStyle":"Linear","EasingDirection":"In"},"Head":{"Weight":1,"CFrame":[1.0617077350616455e-7,-1.5832483768463136e-8,-1.7881393432617188e-7,0.9941452145576477,-0.0615166611969471,0.08883153647184372,0.06920945644378662,0.9938634037971497,-0.0862879529595375,-0.08297828584909439,0.09193073213100434,0.9923020601272583],"EasingStyle":"Linear","EasingDirection":"In"},"Right Leg":{"Weight":1,"CFrame":[0.26206091046333315,0.06464189291000366,0.09325850009918213,0.9207805395126343,0.27390599250793459,-0.2777388095855713,-0.26680052280426028,0.961634635925293,0.06384700536727905,0.28457143902778628,0.015311730094254017,0.9585326313972473],"EasingStyle":"Linear","EasingDirection":"In"},"Torso":{"Weight":1,"CFrame":[0.08773656189441681,-0.04264020919799805,-0.18656229972839356,0.9916306734085083,0.07402728497982025,0.10577613860368729,-0.0893639624118805,0.984864354133606,0.1485138088464737,-0.0931810587644577,-0.15672340989112855,0.9832371473312378],"EasingStyle":"Linear","EasingDirection":"In"},"HumanoidRootPart":{"Weight":1,"CFrame":[0,0,0,1,0,0,0,1,0,0,0,1],"EasingStyle":"Linear","EasingDirection":"In"},"Left Arm":{"Weight":1,"CFrame":[0.06229165941476822,0.5998519659042358,0.0608670711517334,-0.8224644064903259,0.42322108149528506,0.38004767894744875,-0.33688604831695559,-0.9007797837257385,0.2740504741668701,0.45832329988479617,0.09736398607492447,0.8834365010261536],"EasingStyle":"Linear","EasingDirection":"In"}}},{"Time":0.3333333432674408,"poses":{"Left Leg":{"Weight":1,"CFrame":[-0.47552236914634707,0.17765551805496217,0.04856860637664795,0.862058699131012,-0.485005259513855,0.14705391228199006,0.41617122292518618,0.8430262804031372,0.34074652194976809,-0.2892341911792755,-0.2325439453125,0.9285833835601807],"EasingStyle":"Linear","EasingDirection":"In"},"Right Arm":{"Weight":1,"CFrame":[0.11618172377347946,0.5240837335586548,0.1318981647491455,-0.8147724866867065,-0.2566337287425995,-0.5198892951011658,0.18134891986846925,-0.9645131826400757,0.19190332293510438,-0.5506889224052429,0.06207605078816414,0.8323990702629089],"EasingStyle":"Linear","EasingDirection":"In"},"Head":{"Weight":1,"CFrame":[5.075708031654358e-8,4.284083843231201e-8,-1.1920928955078126e-7,0.995293140411377,-0.061973441392183307,0.07450509071350098,0.06576873362064362,0.9966007471084595,-0.049612633883953097,-0.0711771622300148,0.05427920073270798,0.995985746383667],"EasingStyle":"Linear","EasingDirection":"In"},"Right Leg":{"Weight":1,"CFrame":[0.3125077188014984,0.08578556776046753,0.11070072650909424,0.9079174995422363,0.3054605722427368,-0.28701838850975039,-0.2961682975292206,0.9520761370658875,0.07639011740684509,0.2965976595878601,0.01564984954893589,0.9548743963241577],"EasingStyle":"Linear","EasingDirection":"In"},"Torso":{"Weight":1,"CFrame":[0.04375344514846802,-0.05627754330635071,-0.19840216636657716,0.9940725564956665,0.0713159367442131,0.08206083625555039,-0.08259900659322739,0.9861931204795837,0.1435289829969406,-0.07069192826747894,-0.14945633709430695,0.9862381219863892],"EasingStyle":"Linear","EasingDirection":"In"},"HumanoidRootPart":{"Weight":1,"CFrame":[0,0,0,1,0,0,0,1,0,0,0,1],"EasingStyle":"Linear","EasingDirection":"In"},"Left Arm":{"Weight":1,"CFrame":[0.11407316476106644,0.6039400100708008,0.06923401355743408,-0.8326907753944397,0.3700222074985504,0.41195836663246157,-0.28662067651748659,-0.9245548248291016,0.25109201669692995,0.4737876355648041,0.09100610017776489,0.8759241700172424],"EasingStyle":"Linear","EasingDirection":"In"}}},{"Time":0.36666667461395266,"poses":{"Left Leg":{"Weight":1,"CFrame":[-0.4565528333187103,0.19354331493377686,0.07602310180664063,0.8546311259269714,-0.4762684106826782,0.20681890845298768,0.39762890338897707,0.8564643263816834,0.3291809558868408,-0.33391156792640688,-0.1990911364555359,0.921339213848114],"EasingStyle":"Linear","EasingDirection":"In"},"Right Arm":{"Weight":1,"CFrame":[0.0690031424164772,0.4715595245361328,0.14180409908294679,-0.8000392317771912,-0.25416532158851626,-0.5434496402740479,0.17337282001972199,-0.9651259183883667,0.1961478739976883,-0.5743511915206909,0.06270644068717957,0.816203773021698],"EasingStyle":"Linear","EasingDirection":"In"},"Head":{"Weight":1,"CFrame":[6.100162863731384e-8,1.862645149230957e-9,-2.980232238769531e-7,0.9965113401412964,-0.06088641285896301,0.05707983672618866,0.06171829253435135,0.9980099201202393,-0.012924433685839177,-0.056179337203502658,0.0164022333920002,0.9982860684394836],"EasingStyle":"Linear","EasingDirection":"In"},"Right Leg":{"Weight":1,"CFrame":[0.377272367477417,0.12634623050689698,0.13193857669830323,0.8948584198951721,0.3327920138835907,-0.29745230078697207,-0.31973156332969668,0.9429261684417725,0.09306994825601578,0.3114486336708069,0.01182046439498663,0.9501895904541016],"EasingStyle":"Linear","EasingDirection":"In"},"Torso":{"Weight":1,"CFrame":[-0.002187371253967285,-0.0766497552394867,-0.22391843795776368,0.9961898326873779,0.069761723279953,0.052336737513542178,-0.07598701119422913,0.9888173937797546,0.1283206045627594,-0.04279960319399834,-0.13180860877037049,0.9903507828712463],"EasingStyle":"Linear","EasingDirection":"In"},"HumanoidRootPart":{"Weight":1,"CFrame":[0,0,0,1,0,0,0,1,0,0,0,1],"EasingStyle":"Linear","EasingDirection":"In"},"Left Arm":{"Weight":1,"CFrame":[0.1585315465927124,0.604523777961731,0.08295440673828125,-0.8335058093070984,0.34735074639320376,0.42966923117637637,-0.2691112756729126,-0.9344127178192139,0.23334980010986329,0.48254260420799258,0.0788695439696312,0.8723143339157105],"EasingStyle":"Linear","EasingDirection":"In"}}},{"Time":0.4000000059604645,"poses":{"Left Leg":{"Weight":1,"CFrame":[-0.4498376250267029,0.22224342823028565,0.11554479598999024,0.8351746797561646,-0.471303790807724,0.28347134590148928,0.3845832049846649,0.8689113855361939,0.3115907609462738,-0.3931654393672943,-0.15121445059776307,0.9069483280181885],"EasingStyle":"Linear","EasingDirection":"In"},"Right Arm":{"Weight":1,"CFrame":[0.005401216447353363,0.3836800456047058,0.15117168426513673,-0.7951008081436157,-0.261565238237381,-0.5471732020378113,0.16983677446842194,-0.9621461629867554,0.21314378082752229,-0.5822116136550903,0.07654053717851639,0.8094265460968018],"EasingStyle":"Linear","EasingDirection":"In"},"Head":{"Weight":1,"CFrame":[7.433118298649788e-8,-1.0710209608078003e-8,-1.7881393432617188e-7,0.9976422190666199,-0.05774017423391342,0.03709549829363823,0.057066138833761218,0.9981900453567505,0.018979758024215699,-0.038124240934848788,-0.016818122938275338,0.9991315007209778],"EasingStyle":"Linear","EasingDirection":"In"},"Right Leg":{"Weight":1,"CFrame":[0.45448294281959536,0.19313377141952516,0.15440797805786134,0.8811590671539307,0.3585923910140991,-0.308172345161438,-0.3401079773902893,0.9334830045700073,0.11373711377382279,0.3284589648246765,0.004591312725096941,0.9445070624351502],"EasingStyle":"Linear","EasingDirection":"In"},"Torso":{"Weight":1,"CFrame":[-0.04776532202959061,-0.10102394223213196,-0.2719278335571289,0.9974636435508728,0.0687158927321434,0.01855798065662384,-0.07030469924211502,0.9918635487556458,0.10613174736499787,-0.011114047840237618,-0.10716726630926132,0.9941788911819458],"EasingStyle":"Linear","EasingDirection":"In"},"HumanoidRootPart":{"Weight":1,"CFrame":[0,0,0,1,0,0,0,1,0,0,0,1],"EasingStyle":"Linear","EasingDirection":"In"},"Left Arm":{"Weight":1,"CFrame":[0.19343136250972749,0.5531988143920898,0.09197628498077393,-0.8256726861000061,0.36969685554504397,0.4261324405670166,-0.2869024872779846,-0.9255498051643372,0.2470719963312149,0.4857485294342041,0.08174207806587219,0.8702681064605713],"EasingStyle":"Linear","EasingDirection":"In"}}},{"Time":0.4333333373069763,"poses":{"Left Leg":{"Weight":1,"CFrame":[-0.46842873096466067,0.26925432682037356,0.1633744239807129,0.8038578033447266,-0.4758514165878296,0.35690072178840639,0.388590931892395,0.8743913173675537,0.29058054089546206,-0.45034411549568179,-0.09489711374044419,0.8877978324890137],"EasingStyle":"Linear","EasingDirection":"In"},"Right Arm":{"Weight":1,"CFrame":[-0.062327854335308078,0.2707659602165222,0.15964102745056153,-0.7911878824234009,-0.2829640209674835,-0.5421744585037231,0.16956490278244019,-0.9532641768455505,0.25007033348083498,-0.5875962972640991,0.10591869801282883,0.8021917939186096],"EasingStyle":"Linear","EasingDirection":"In"},"Head":{"Weight":1,"CFrame":[7.334165275096893e-8,-3.119930624961853e-8,-4.172325134277344e-7,0.9985193014144898,-0.05226942151784897,0.015071635134518147,0.05160830542445183,0.9978111982345581,0.04134509339928627,-0.01719973050057888,-0.040506042540073398,0.9990312457084656],"EasingStyle":"Linear","EasingDirection":"In"},"Right Leg":{"Weight":1,"CFrame":[0.5383464694023132,0.29566115140914919,0.1723688840866089,0.8668110966682434,0.3836936056613922,-0.3184616267681122,-0.3579312264919281,0.9234414100646973,0.13835208117961884,0.34716546535491946,-0.005937800742685795,0.9377852082252502],"EasingStyle":"Linear","EasingDirection":"In"},"Torso":{"Weight":1,"CFrame":[-0.09021419286727905,-0.12658920884132386,-0.3534843921661377,0.9975631833076477,0.0677252933382988,-0.016764240339398385,-0.06617268174886704,0.9945716857910156,0.08030305057764054,0.022111784666776658,-0.07899802923202515,0.996629536151886],"EasingStyle":"Linear","EasingDirection":"In"},"HumanoidRootPart":{"Weight":1,"CFrame":[0,0,0,1,0,0,0,1,0,0,0,1],"EasingStyle":"Linear","EasingDirection":"In"},"Left Arm":{"Weight":1,"CFrame":[0.21928808093070985,0.4248840808868408,0.09802353382110596,-0.8067426681518555,0.42238038778305056,0.4132325053215027,-0.32942995429039,-0.9020527601242065,0.2788849174976349,0.4905529320240021,0.08885703235864639,0.8668692111968994],"EasingStyle":"Linear","EasingDirection":"In"}}},{"Time":0.46666666865348818,"poses":{"Left Leg":{"Weight":1,"CFrame":[-0.48941731452941897,0.3221029043197632,0.20634865760803224,0.776250958442688,-0.47750619053840639,0.4116095304489136,0.3984847068786621,0.877579927444458,0.2665773034095764,-0.48851248621940615,-0.04291070997714996,0.8715011477470398],"EasingStyle":"Linear","EasingDirection":"In"},"Right Arm":{"Weight":1,"CFrame":[-0.1232491061091423,0.14884471893310548,0.166853666305542,-0.7824718952178955,-0.33661580085754397,-0.5238584280014038,0.19836834073066712,-0.9322096109390259,0.3027132451534271,-0.5902437567710877,0.13294753432273866,0.7962015867233276],"EasingStyle":"Linear","EasingDirection":"In"},"Head":{"Weight":1,"CFrame":[8.707866072654724e-8,-5.587935447692871e-9,-1.1920928955078126e-7,0.9989730715751648,-0.04449158534407616,-0.008570706471800805,0.044862452894449237,0.9977665543556213,0.04949064180254936,0.006349649745970964,-0.0498243011534214,0.9987378716468811],"EasingStyle":"Linear","EasingDirection":"In"},"Right Leg":{"Weight":1,"CFrame":[0.596828043460846,0.417755663394928,0.1732274293899536,0.858473539352417,0.3947562277317047,-0.32739993929862978,-0.35925695300102236,0.9184623956680298,0.16541261970996858,0.36600223183631899,-0.024381645023822786,0.9302945733070374],"EasingStyle":"Linear","EasingDirection":"In"},"Torso":{"Weight":1,"CFrame":[-0.12674377858638764,-0.1504422128200531,-0.44483494758605959,0.9964650869369507,0.06668819487094879,-0.05108876898884773,-0.06390558183193207,0.9964781999588013,0.05429043620824814,0.05452937260270119,-0.050833676010370257,0.9972173571586609],"EasingStyle":"Linear","EasingDirection":"In"},"HumanoidRootPart":{"Weight":1,"CFrame":[0,0,0,1,0,0,0,1,0,0,0,1],"EasingStyle":"Linear","EasingDirection":"In"},"Left Arm":{"Weight":1,"CFrame":[0.23730459809303285,0.25807613134384158,0.10169172286987305,-0.779295802116394,0.4882662892341614,0.3928030729293823,-0.38282138109207156,-0.8671972751617432,0.3184601366519928,0.49613091349601748,0.09780105203390122,0.8627218008041382],"EasingStyle":"Linear","EasingDirection":"In"}}},{"Time":0.5,"poses":{"Left Leg":{"Weight":1,"CFrame":[-0.4774363040924072,0.3284480571746826,0.2277611494064331,0.7750435471534729,-0.4566018283367157,0.43683233857154848,0.39396512508392336,0.8896446228027344,0.23091982305049897,-0.49406397342681887,-0.00687618600204587,0.8693984150886536],"EasingStyle":"Linear","EasingDirection":"In"},"Right Arm":{"Weight":1,"CFrame":[-0.17187391221523286,0.04038196802139282,0.17245018482208253,-0.7671921849250794,-0.41183027625083926,-0.49174395203590395,0.25610071420669558,-0.8995673060417175,0.35382357239723208,-0.5880720615386963,0.14551454782485963,0.7956109046936035],"EasingStyle":"Linear","EasingDirection":"In"},"Head":{"Weight":1,"CFrame":[9.12696123123169e-8,-1.7695128917694093e-8,2.384185791015625e-7,0.9988389611244202,-0.03472499921917915,-0.03339000791311264,0.036043670028448108,0.9985599517822266,0.03973746299743652,0.03196203336119652,-0.040894825011491778,0.9986522197723389],"EasingStyle":"Linear","EasingDirection":"In"},"Right Leg":{"Weight":1,"CFrame":[0.6050965189933777,0.49325650930404665,0.15839087963104249,0.8625749945640564,0.38073399662971499,-0.3331756591796875,-0.3342766761779785,0.9232131838798523,0.18956981599330903,0.3797679543495178,-0.05214532092213631,0.9236111044883728],"EasingStyle":"Linear","EasingDirection":"In"},"Torso":{"Weight":1,"CFrame":[-0.1545848697423935,-0.16964057087898255,-0.47620248794555666,0.9944607019424439,0.06588049978017807,-0.08190062642097473,-0.06347832828760147,0.99748295545578,0.03159882128238678,0.08377622067928314,-0.026224875822663308,0.9961394667625427],"EasingStyle":"Linear","EasingDirection":"In"},"HumanoidRootPart":{"Weight":1,"CFrame":[0,0,0,1,0,0,0,1,0,0,0,1],"EasingStyle":"Linear","EasingDirection":"In"},"Left Arm":{"Weight":1,"CFrame":[0.24868403375148774,0.09126853942871094,0.10357534885406494,-0.7485926747322083,0.5510603189468384,0.36870256066322329,-0.4339473843574524,-0.8276476263999939,0.3559345602989197,0.5012971758842468,0.10645239800214768,0.8587019443511963],"EasingStyle":"Linear","EasingDirection":"In"}}},{"Time":0.5333333611488342,"poses":{"Left Leg":{"Weight":1,"CFrame":[-0.4519512355327606,0.2916087508201599,0.2279205322265625,0.7935752868652344,-0.426059752702713,0.4344092011451721,0.38152435421943667,0.9045743346214294,0.19022224843502046,-0.47400158643722536,0.014781968668103218,0.8804000020027161],"EasingStyle":"Linear","EasingDirection":"In"},"Right Arm":{"Weight":1,"CFrame":[-0.2040753960609436,-0.032453447580337527,0.1760714054107666,-0.7499866485595703,-0.4743143618106842,-0.461027055978775,0.31503555178642275,-0.8690032958984375,0.38155731558799746,-0.5816121697425842,0.1409228891134262,0.8011667728424072],"EasingStyle":"Linear","EasingDirection":"In"},"Head":{"Weight":1,"CFrame":[5.3085386753082278e-8,1.6763806343078614e-8,0,0.9980005025863648,-0.024194929748773576,-0.058393172919750217,0.025138534605503084,0.9995641708374023,0.015479345805943013,0.05799320712685585,-0.016916314139962198,0.9981736540794373],"EasingStyle":"Linear","EasingDirection":"In"},"Right Leg":{"Weight":1,"CFrame":[0.5916602611541748,0.5158835649490356,0.1395655870437622,0.8734434247016907,0.356002539396286,-0.3322029113769531,-0.2993427515029907,0.9306793808937073,0.21030907332897187,0.3840450644493103,-0.08425059169530869,0.9194625616073608],"EasingStyle":"Linear","EasingDirection":"In"},"Torso":{"Weight":1,"CFrame":[-0.17085352540016175,-0.18065911531448365,-0.4553234577178955,0.9919796586036682,0.06770022958517075,-0.10673917829990387,-0.06638805568218231,0.9976687431335449,0.01580316759645939,0.10756023228168488,-0.00859021581709385,0.9941614866256714],"EasingStyle":"Linear","EasingDirection":"In"},"HumanoidRootPart":{"Weight":1,"CFrame":[0,0,0,1,0,0,0,1,0,0,0,1],"EasingStyle":"Linear","EasingDirection":"In"},"Left Arm":{"Weight":1,"CFrame":[0.254629522562027,-0.03704550862312317,0.10426950454711914,-0.7232025861740112,0.5969862341880798,0.3472541272640228,-0.47172364592552187,-0.7942298054695129,0.38298311829566958,0.5044350624084473,0.11316639184951782,0.8560014963150024],"EasingStyle":"Linear","EasingDirection":"In"}}},{"Time":0.5666666626930237,"poses":{"Left Leg":{"Weight":1,"CFrame":[-0.3945659399032593,0.21923387050628663,0.20387625694274903,0.8257271647453308,-0.3808431029319763,0.4160928428173065,0.35071176290512087,0.9243780374526978,0.15008851885795594,-0.4417872428894043,0.021996548399329187,0.8968502283096314],"EasingStyle":"Linear","EasingDirection":"In"},"Right Arm":{"Weight":1,"CFrame":[-0.21572628617286683,-0.05746099352836609,0.17735838890075684,-0.743571400642395,-0.4965217709541321,-0.4478479325771332,0.3492378890514374,-0.8595448136329651,0.3731163442134857,-0.5702056288719177,0.12103298306465149,0.8125371336936951],"EasingStyle":"Linear","EasingDirection":"In"},"Head":{"Weight":1,"CFrame":[6.51925802230835e-8,4.656612873077393e-10,0,0.9965033531188965,-0.014251044020056725,-0.08232825994491577,0.012865027412772179,0.9997668862342835,-0.017341289669275285,0.08255621045827866,0.01622149720788002,0.9964544177055359],"EasingStyle":"Linear","EasingDirection":"In"},"Right Leg":{"Weight":1,"CFrame":[0.5574571490287781,0.4797324538230896,0.12187469005584717,0.8901982307434082,0.3214626908302307,-0.32281389832496645,-0.2573455274105072,0.939534068107605,0.2259403020143509,0.37592607736587527,-0.1180569976568222,0.9190985560417175],"EasingStyle":"Linear","EasingDirection":"In"},"Torso":{"Weight":1,"CFrame":[-0.1738928258419037,-0.18042773008346559,-0.38135838508605959,0.9896398186683655,0.07369783520698548,-0.12321391701698303,-0.07297048717737198,0.9972797632217407,0.010411608964204789,0.12364605814218521,-0.0013127631973475218,0.9923255443572998],"EasingStyle":"Linear","EasingDirection":"In"},"HumanoidRootPart":{"Weight":1,"CFrame":[0,0,0,1,0,0,0,1,0,0,0,1],"EasingStyle":"Linear","EasingDirection":"In"},"Left Arm":{"Weight":1,"CFrame":[0.2563439607620239,-0.08837133646011353,0.10436856746673584,-0.7135461568832398,0.6147246956825256,0.33610329031944277,-0.4869967997074127,-0.780071496963501,0.3928394615650177,0.5036726593971252,0.11662781238555908,0.8559858798980713],"EasingStyle":"Linear","EasingDirection":"In"}}},{"Time":0.6000000238418579,"poses":{"Left Leg":{"Weight":1,"CFrame":[-0.3313656151294708,0.15386462211608888,0.1658010482788086,0.8576667904853821,-0.3400595486164093,0.3857034146785736,0.31690889596939089,0.9402743577957153,0.12431032210588455,-0.4049399793148041,0.015615956857800484,0.9142099618911743],"EasingStyle":"Linear","EasingDirection":"In"},"Right Arm":{"Weight":1,"CFrame":[-0.20371097326278687,-0.02936670184135437,0.17607128620147706,-0.7473325729370117,-0.48876315355300906,-0.4501163363456726,0.36280590295791628,-0.8676935434341431,0.3398229777812958,-0.556656002998352,0.09065575152635575,0.8257818222045898],"EasingStyle":"Linear","EasingDirection":"In"},"Head":{"Weight":1,"CFrame":[1.862645149230957e-8,9.313225746154785e-9,-2.384185791015625e-7,0.994585394859314,-0.005857429932802916,-0.10375820845365524,0.00037249477463774383,0.9986048340797424,-0.052803393453359607,0.10392270237207413,0.05247882008552551,0.9931999444961548],"EasingStyle":"Linear","EasingDirection":"In"},"Right Leg":{"Weight":1,"CFrame":[0.5157950520515442,0.4253038763999939,0.10473930835723877,0.9067035913467407,0.28902778029441836,-0.3071671724319458,-0.2208714336156845,0.9458200335502625,0.23799221217632295,0.3593112826347351,-0.14794400334358216,0.9214162826538086],"EasingStyle":"Linear","EasingDirection":"In"},"Torso":{"Weight":1,"CFrame":[-0.16274745762348176,-0.16770237684249879,-0.3038756847381592,0.9881821274757385,0.08297944813966751,-0.12888190150260926,-0.08139009773731232,0.9965277314186096,0.017559243366122247,0.12989142537117005,-0.006862018723040819,0.9915044903755188],"EasingStyle":"Linear","EasingDirection":"In"},"HumanoidRootPart":{"Weight":1,"CFrame":[0,0,0,1,0,0,0,1,0,0,0,1],"EasingStyle":"Linear","EasingDirection":"In"},"Left Arm":{"Weight":1,"CFrame":[0.25123441219329836,-0.05024832487106323,0.10151958465576172,-0.7209853529930115,0.6058458685874939,0.3363492786884308,-0.4812234342098236,-0.7870084643363953,0.386059433221817,0.4986021816730499,0.11648395657539368,0.8589687943458557],"EasingStyle":"Linear","EasingDirection":"In"}}},{"Time":0.6333333253860474,"poses":{"Left Leg":{"Weight":1,"CFrame":[-0.2945246696472168,0.11360853910446167,0.13421058654785157,0.8796325922012329,-0.323039174079895,0.3491305410861969,0.3024347126483917,0.946368932723999,0.11366178095340729,-0.3671235740184784,0.005608588457107544,0.930155336856842],"EasingStyle":"Linear","EasingDirection":"In"},"Right Arm":{"Weight":1,"CFrame":[-0.17150990664958955,0.05373871326446533,0.17245018482208253,-0.7493183016777039,-0.478269100189209,-0.45801830291748049,0.3763647675514221,-0.8766617178916931,0.2996894419193268,-0.5448592901229858,0.05218079313635826,0.8369022607803345],"EasingStyle":"Linear","EasingDirection":"In"},"Head":{"Weight":1,"CFrame":[5.3085386753082278e-8,3.725290298461914e-8,-4.76837158203125e-7,0.9926401972770691,0.00041574524948373437,-0.12110094726085663,-0.0107966559007