{"Sequence":[{"Time":0,"poses":{"Left Leg":{"Weight":1,"CFrame":[0.4905674457550049,-0.06639933586120606,-0.33367112278938296,0.08302491903305054,0.10747402161359787,0.9907351732254028,-0.4698857367038727,0.8809372782707214,-0.05618618428707123,-0.8788143992424011,-0.4608674645423889,0.12364020198583603],"EasingStyle":"Constant","EasingDirection":"In"},"Right Arm":{"Weight":1,"CFrame":[-0.06177341938018799,0.3306140601634979,0.674697995185852,-0.17131957411766053,-0.7862535119056702,0.5936791300773621,0.35161295533180239,0.5141111016273499,0.7823416590690613,-0.9203360676765442,0.34277576208114626,0.18837948143482209],"EasingStyle":"Constant","EasingDirection":"In"},"Head":{"Weight":1,"CFrame":[0.0305912047624588,0.012280315160751343,-0.0027043521404266359,0.8755404353141785,-0.3619081974029541,0.32008132338523867,0.35756656527519228,0.9309126734733582,0.07448416948318482,-0.324924111366272,0.04923645779490471,0.9444579482078552],"EasingStyle":"Constant","EasingDirection":"In"},"Right Leg":{"Weight":1,"CFrame":[-0.055605292320251468,0.46314799785614016,0.4623357951641083,0.3341340720653534,0.34512385725975039,-0.8770656585693359,-0.3260073959827423,0.9154304265975952,0.23602183163166047,0.8843494653701782,0.20706723630428315,0.41838929057121279],"EasingStyle":"Constant","EasingDirection":"In"},"Torso":{"Weight":1,"CFrame":[-2.9940528869628908,-0.035671234130859378,-0.37023377418518069,0.9723351001739502,0.16871356964111329,-0.16155610978603364,-0.17612376809120179,0.9838281869888306,-0.03259607404470444,0.1534440815448761,0.060148172080516818,0.986325204372406],"EasingStyle":"Constant","EasingDirection":"In"},"HumanoidRootPart":{"Weight":0,"CFrame":[0,0,0,1,0,0,0,1,0,0,0,1],"EasingStyle":"Linear","EasingDirection":"In"},"Left Arm":{"Weight":1,"CFrame":[0.08467960357666016,0.2611091434955597,0.5114728212356567,0.7711523771286011,0.21343354880809785,-0.5998084545135498,0.354818195104599,0.63816899061203,0.6832606196403503,0.5286098718643189,-0.73972088098526,0.4163953363895416],"EasingStyle":"Constant","EasingDirection":"In"}}},{"Time":0.03999999910593033,"poses":{"Left Leg":{"Weight":1,"CFrame":[0.49056369066238406,-0.06639963388442993,-0.333674818277359,0.08302490413188935,0.10747405886650086,0.9907352328300476,-0.4698856770992279,0.8809374570846558,-0.05618622899055481,-0.8788144588470459,-0.46086737513542178,0.1236402615904808],"EasingStyle":"Constant","EasingDirection":"In"},"Right Arm":{"Weight":1,"CFrame":[-0.06176960468292236,0.33061453700065615,0.6746941804885864,-0.17131957411766053,-0.7862535119056702,0.5936791300773621,0.35161295533180239,0.5141111016273499,0.7823416590690613,-0.9203360676765442,0.34277576208114626,0.18837948143482209],"EasingStyle":"Constant","EasingDirection":"In"},"Head":{"Weight":1,"CFrame":[0.030587390065193178,0.012276500463485718,-0.0027043521404266359,0.8755404353141785,-0.3619081974029541,0.32008132338523867,0.35756656527519228,0.9309126734733582,0.07448416948318482,-0.324924111366272,0.04923645779490471,0.9444579482078552],"EasingStyle":"Constant","EasingDirection":"In"},"Right Leg":{"Weight":1,"CFrame":[-0.055605292320251468,0.4631483554840088,0.46233227849006655,0.3341340124607086,0.34512391686439516,-0.8770657777786255,-0.3260076344013214,0.9154304265975952,0.23602166771888734,0.8843493461608887,0.20706753432750703,0.41838929057121279],"EasingStyle":"Constant","EasingDirection":"In"},"Torso":{"Weight":1,"CFrame":[-2.5385284423828127,-0.035671234130859378,-0.37023377418518069,0.9723351001739502,0.16871356964111329,-0.16155610978603364,-0.17612376809120179,0.9838281869888306,-0.03259607404470444,0.1534440815448761,0.060148172080516818,0.986325204372406],"EasingStyle":"Constant","EasingDirection":"In"},"HumanoidRootPart":{"Weight":0,"CFrame":[0,0,0,1,0,0,0,1,0,0,0,1],"EasingStyle":"Linear","EasingDirection":"In"},"Left Arm":{"Weight":1,"CFrame":[0.08467960357666016,0.2611086666584015,0.5114766359329224,0.7711523771286011,0.21343354880809785,-0.5998084545135498,0.354818195104599,0.63816899061203,0.6832606196403503,0.5286098718643189,-0.73972088098526,0.4163953363895416],"EasingStyle":"Constant","EasingDirection":"In"}}},{"Time":0.07999999821186066,"poses":{"Left Leg":{"Weight":1,"CFrame":[0.49056363105773928,-0.06639832258224487,-0.333678662776947,0.08302485942840576,0.10747403651475907,0.9907351732254028,-0.4698857367038727,0.880937397480011,-0.056186240166425708,-0.8788143396377564,-0.46086734533309939,0.12364014238119126],"EasingStyle":"Constant","EasingDirection":"In"},"Right Arm":{"Weight":1,"CFrame":[-0.06176960468292236,0.3306131064891815,0.674697995185852,-0.17131957411766053,-0.7862535119056702,0.5936791300773621,0.35161295533180239,0.5141111016273499,0.7823416590690613,-0.9203360676765442,0.34277576208114626,0.18837948143482209],"EasingStyle":"Constant","EasingDirection":"In"},"Head":{"Weight":1,"CFrame":[0.030587390065193178,0.012276500463485718,-0.002704828977584839,0.8755404353141785,-0.3619081974029541,0.32008132338523867,0.35756656527519228,0.9309126734733582,0.07448416948318482,-0.324924111366272,0.04923645779490471,0.9444579482078552],"EasingStyle":"Constant","EasingDirection":"In"},"Right Leg":{"Weight":1,"CFrame":[-0.05560603737831116,0.4631490707397461,0.4623360335826874,0.3341340720653534,0.3451232314109802,-0.877065896987915,-0.32600700855255129,0.91543048620224,0.23602113127708436,0.8843494057655335,0.20706762373447419,0.4183889925479889],"EasingStyle":"Constant","EasingDirection":"In"},"Torso":{"Weight":1,"CFrame":[-1.5788230895996094,-0.035671234130859378,-0.37023472785949709,0.9723351001739502,0.16871356964111329,-0.16155610978603364,-0.17612376809120179,0.9838281869888306,-0.03259607404470444,0.1534440815448761,0.060148172080516818,0.986325204372406],"EasingStyle":"Constant","EasingDirection":"In"},"HumanoidRootPart":{"Weight":0,"CFrame":[0,0,0,1,0,0,0,1,0,0,0,1],"EasingStyle":"Linear","EasingDirection":"In"},"Left Arm":{"Weight":1,"CFrame":[0.08467960357666016,0.2611077129840851,0.5114766359329224,0.7711523771286011,0.21343354880809785,-0.5998084545135498,0.354818195104599,0.63816899061203,0.6832606196403503,0.5286098718643189,-0.73972088098526,0.4163953363895416],"EasingStyle":"Constant","EasingDirection":"In"}}},{"Time":0.11999999731779099,"poses":{"Left Leg":{"Weight":1,"CFrame":[0.49056363105773928,-0.06639820337295532,-0.3336784243583679,0.0830250233411789,0.10747407376766205,0.9907351136207581,-0.46988555788993838,0.8809374570846558,-0.05618622526526451,-0.8788143992424011,-0.4608671963214874,0.12364036589860916],"EasingStyle":"Constant","EasingDirection":"In"},"Right Arm":{"Weight":1,"CFrame":[-0.06177341938018799,0.3306140601634979,0.6746941804885864,-0.17131957411766053,-0.7862535119056702,0.5936791300773621,0.35161295533180239,0.5141111016273499,0.7823416590690613,-0.9203360676765442,0.34277576208114626,0.18837948143482209],"EasingStyle":"Constant","EasingDirection":"In"},"Head":{"Weight":1,"CFrame":[0.030587390065193178,0.012280315160751343,-0.002704828977584839,0.8755404353141785,-0.3619081974029541,0.32008132338523867,0.35756656527519228,0.9309126734733582,0.07448416948318482,-0.324924111366272,0.04923645779490471,0.9444579482078552],"EasingStyle":"Constant","EasingDirection":"In"},"Right Leg":{"Weight":1,"CFrame":[-0.05560603737831116,0.46314942836761477,0.4623359441757202,0.33413413166999819,0.3451232612133026,-0.8770659565925598,-0.32600703835487368,0.9154307246208191,0.2360212504863739,0.8843492865562439,0.20706738531589509,0.41838929057121279],"EasingStyle":"Constant","EasingDirection":"In"},"Torso":{"Weight":1,"CFrame":[-0.7252655029296875,-0.035671234130859378,-0.37023472785949709,0.9723351001739502,0.16871356964111329,-0.16155610978603364,-0.17612376809120179,0.9838281869888306,-0.03259607404470444,0.1534440815448761,0.060148172080516818,0.986325204372406],"EasingStyle":"Constant","EasingDirection":"In"},"HumanoidRootPart":{"Weight":0,"CFrame":[0,0,0,1,0,0,0,1,0,0,0,1],"EasingStyle":"Linear","EasingDirection":"In"},"Left Arm":{"Weight":1,"CFrame":[0.08468341827392578,0.2611077129840851,0.5114766359329224,0.7711523771286011,0.21343354880809785,-0.5998084545135498,0.354818195104599,0.63816899061203,0.6832606196403503,0.5286098718643189,-0.73972088098526,0.4163953363895416],"EasingStyle":"Constant","EasingDirection":"In"}}},{"Time":0.1599999964237213,"poses":{"Left Leg":{"Weight":1,"CFrame":[0.48727113008499148,-0.04804253578186035,-0.299496054649353,0.08583854138851166,0.10559668391942978,0.9906972050666809,-0.4467082917690277,0.8928960561752319,-0.05646737664937973,-0.8905526995658875,-0.43770548701286318,0.12381578236818314],"EasingStyle":"Constant","EasingDirection":"In"},"Right Arm":{"Weight":1,"CFrame":[-0.06177341938018799,0.3306131064891815,0.6746941804885864,-0.17131957411766053,-0.7862535119056702,0.5936791300773621,0.35161295533180239,0.5141111016273499,0.7823416590690613,-0.9203360676765442,0.34277576208114626,0.18837948143482209],"EasingStyle":"Constant","EasingDirection":"In"},"Head":{"Weight":1,"CFrame":[0.030587390065193178,0.012280315160751343,-0.002704828977584839,0.8755404353141785,-0.3619081974029541,0.32008132338523867,0.35756656527519228,0.9309126734733582,0.07448416948318482,-0.324924111366272,0.04923645779490471,0.9444579482078552],"EasingStyle":"Constant","EasingDirection":"In"},"Right Leg":{"Weight":1,"CFrame":[-0.05560588836669922,0.463148832321167,0.462336003780365,0.33413416147232058,0.3451233506202698,-0.8770658373832703,-0.32600733637809756,0.9154306054115295,0.2360212206840515,0.8843493461608887,0.20706744492053986,0.41838929057121279],"EasingStyle":"Constant","EasingDirection":"In"},"Torso":{"Weight":1,"CFrame":[-0.3051185607910156,-0.035671234130859378,-0.37023472785949709,0.9723351001739502,0.16871356964111329,-0.16155610978603364,-0.17612376809120179,0.9838281869888306,-0.03259607404470444,0.1534440815448761,0.060148172080516818,0.986325204372406],"EasingStyle":"Constant","EasingDirection":"In"},"HumanoidRootPart":{"Weight":0,"CFrame":[0,0,0,1,0,0,0,1,0,0,0,1],"EasingStyle":"Linear","EasingDirection":"In"},"Left Arm":{"Weight":1,"CFrame":[0.08468341827392578,0.2611086666584015,0.5114766359329224,0.7711523771286011,0.21343354880809785,-0.5998084545135498,0.354818195104599,0.63816899061203,0.6832606196403503,0.5286098718643189,-0.73972088098526,0.4163953363895416],"EasingStyle":"Constant","EasingDirection":"In"}}},{"Time":0.20000000298023225,"poses":{"Left Leg":{"Weight":1,"CFrame":[0.4851760268211365,-0.03649622201919556,-0.2780289351940155,0.08763661980628967,0.10447037220001221,0.9906593561172485,-0.4316678047180176,0.9002459645271301,-0.056749168783426288,-0.8977657556533814,-0.4226621389389038,0.12399093061685562],"EasingStyle":"Constant","EasingDirection":"In"},"Right Arm":{"Weight":1,"CFrame":[-0.06177341938018799,0.3306131064891815,0.674697995185852,-0.17131957411766053,-0.7862535119056702,0.5936791300773621,0.35161295533180239,0.5141111016273499,0.7823416590690613,-0.9203360676765442,0.34277576208114626,0.18837948143482209],"EasingStyle":"Constant","EasingDirection":"In"},"Head":{"Weight":1,"CFrame":[0.030587390065193178,0.012280315160751343,-0.002704828977584839,0.8755404353141785,-0.3619081974029541,0.32008132338523867,0.35756656527519228,0.9309126734733582,0.07448416948318482,-0.324924111366272,0.04923645779490471,0.9444579482078552],"EasingStyle":"Constant","EasingDirection":"In"},"Right Leg":{"Weight":1,"CFrame":[-0.055606186389923099,0.4631483554840088,0.4623357355594635,0.33413419127464297,0.3451231122016907,-0.8770659565925598,-0.32600709795951846,0.9154306650161743,0.23602113127708436,0.8843494057655335,0.20706723630428315,0.4183891713619232],"EasingStyle":"Constant","EasingDirection":"In"},"Torso":{"Weight":1,"CFrame":[-0.15032577514648438,-0.035671234130859378,-0.37023377418518069,0.9723351001739502,0.16871356964111329,-0.16155610978603364,-0.17612376809120179,0.9838281869888306,-0.03259607404470444,0.1534440815448761,0.060148172080516818,0.986325204372406],"EasingStyle":"Constant","EasingDirection":"In"},"HumanoidRootPart":{"Weight":0,"CFrame":[0,0,0,1,0,0,0,1,0,0,0,1],"EasingStyle":"Linear","EasingDirection":"In"},"Left Arm":{"Weight":1,"CFrame":[0.08467960357666016,0.2611086666584015,0.5114728212356567,0.7711523771286011,0.21343354880809785,-0.5998084545135498,0.354818195104599,0.63816899061203,0.6832606196403503,0.5286098718643189,-0.73972088098526,0.4163953363895416],"EasingStyle":"Constant","EasingDirection":"In"}}},{"Time":0.23999999463558198,"poses":{"Left Leg":{"Weight":1,"CFrame":[0.49056363105773928,-0.06639909744262696,-0.3336784839630127,0.0830250233411789,0.10747406631708145,0.9907351136207581,-0.46988555788993838,0.8809375166893005,-0.05618620663881302,-0.8788143992424011,-0.4608672559261322,0.12364030629396439],"EasingStyle":"Constant","EasingDirection":"In"},"Right Arm":{"Weight":1,"CFrame":[-0.06177341938018799,0.3306131064891815,0.6746941804885864,-0.17131957411766053,-0.7862535119056702,0.5936791300773621,0.35161295533180239,0.5141111016273499,0.7823416590690613,-0.9203360676765442,0.34277576208114626,0.18837948143482209],"EasingStyle":"Constant","EasingDirection":"In"},"Head":{"Weight":1,"CFrame":[0.030587390065193178,0.012280315160751343,-0.0027043521404266359,0.8755404353141785,-0.3619081974029541,0.32008132338523867,0.35756656527519228,0.9309126734733582,0.07448416948318482,-0.324924111366272,0.04923645779490471,0.9444579482078552],"EasingStyle":"Constant","EasingDirection":"In"},"Right Leg":{"Weight":1,"CFrame":[-0.05560588836669922,0.4631483554840088,0.4623359739780426,0.3341342508792877,0.34512338042259219,-0.877065896987915,-0.32600727677345278,0.9154306054115295,0.23602119088172913,0.8843494653701782,0.20706744492053986,0.418389230966568],"EasingStyle":"Constant","EasingDirection":"In"},"Torso":{"Weight":1,"CFrame":[-0.12821197509765626,-0.035671234130859378,-0.37023377418518069,0.9723351001739502,0.16871356964111329,-0.16155610978603364,-0.17612376809120179,0.9838281869888306,-0.03259607404470444,0.1534440815448761,0.060148172080516818,0.986325204372406],"EasingStyle":"Constant","EasingDirection":"In"},"HumanoidRootPart":{"Weight":0,"CFrame":[0,0,0,1,0,0,0,1,0,0,0,1],"EasingStyle":"Linear","EasingDirection":"In"},"Left Arm":{"Weight":1,"CFrame":[0.08467960357666016,0.2611081898212433,0.5114766359329224,0.7711523771286011,0.21343354880809785,-0.5998084545135498,0.354818195104599,0.63816899061203,0.6832606196403503,0.5286098718643189,-0.73972088098526,0.4163953363895416],"EasingStyle":"Constant","EasingDirection":"In"}}},{"Time":0.2800000011920929,"poses":{"Left Leg":{"Weight":1,"CFrame":[0.491920530796051,0.013870477676391602,-0.17110514640808106,0.08539004623889923,0.10488646477460861,0.9908115863800049,-0.35536226630210879,0.9322476983070374,-0.06806110590696335,-0.9308203458786011,-0.346284955739975,0.11687735468149185],"EasingStyle":"Constant","EasingDirection":"In"},"Right Arm":{"Weight":1,"CFrame":[-0.09856534004211426,0.39244991540908816,0.7077060341835022,-0.23310591280460359,-0.7955527305603027,0.5592470169067383,0.313630610704422,0.48285549879074099,0.8176103830337524,-0.9204875826835632,0.365986704826355,0.13695310056209565],"EasingStyle":"Constant","EasingDirection":"In"},"Head":{"Weight":1,"CFrame":[0.031446561217308047,0.01717507839202881,-0.003198474645614624,0.8605862855911255,-0.3705265522003174,0.3494298756122589,0.364088773727417,0.927327036857605,0.08662533760070801,-0.35613274574279787,0.05267486721277237,0.9329497218132019],"EasingStyle":"Constant","EasingDirection":"In"},"Right Leg":{"Weight":1,"CFrame":[-0.052434176206588748,0.47557151317596438,0.5022865533828735,0.3549061119556427,0.3288987874984741,-0.875138521194458,-0.32631734013557436,0.9207829236984253,0.21371738612651826,0.8761042952537537,0.20972375571727754,0.43411704897880556],"EasingStyle":"Constant","EasingDirection":"In"},"Torso":{"Weight":1,"CFrame":[-0.11927032470703125,-0.07268905639648438,-0.3833162784576416,0.9680328369140625,0.18351663649082185,-0.1709796041250229,-0.19501814246177674,0.9793692827224731,-0.052950210869312289,0.1577349305152893,0.08460165560245514,0.9838507771492004],"EasingStyle":"Constant","EasingDirection":"In"},"HumanoidRootPart":{"Weight":0,"CFrame":[0,0,0,1,0,0,0,1,0,0,0,1],"EasingStyle":"Linear","EasingDirection":"In"},"Left Arm":{"Weight":1,"CFrame":[0.06465303897857666,0.23430928587913514,0.5069935917854309,0.7667319774627686,0.16268672049045564,-0.6210116147994995,0.417649507522583,0.6082394123077393,0.6749917268753052,0.4875359833240509,-0.7769027352333069,0.39841052889823916],"EasingStyle":"Constant","EasingDirection":"In"}}},{"Time":0.3199999928474426,"poses":{"Left Leg":{"Weight":1,"CFrame":[0.46821510791778567,0.07009047269821167,-0.07366174459457398,0.17578613758087159,0.09013468772172928,0.9802933931350708,-0.3083629012107849,0.9507262706756592,-0.03212045133113861,-0.9348859786987305,-0.2966398596763611,0.19491872191429139],"EasingStyle":"Constant","EasingDirection":"In"},"Right Arm":{"Weight":1,"CFrame":[-0.13667190074920655,0.45663076639175417,0.7366753816604614,-0.2938847243785858,-0.7990354299545288,0.5245707631111145,0.2709696590900421,0.4566456377506256,0.8473783135414124,-0.9166283011436462,0.3911743462085724,0.08231332153081894],"EasingStyle":"Constant","EasingDirection":"In"},"Head":{"Weight":1,"CFrame":[0.032208189368247989,0.022070836275815965,-0.0038118064403533937,0.8446243405342102,-0.38355809450149538,0.3734879791736603,0.3652934432029724,0.9229038953781128,0.1216946616768837,-0.39137041568756106,0.033646441996097568,0.9196180701255798],"EasingStyle":"Constant","EasingDirection":"In"},"Right Leg":{"Weight":1,"CFrame":[-0.051951199769973758,0.4911644458770752,0.5416574478149414,0.37760281562805178,0.3103061020374298,-0.8724257349967957,-0.3234163820743561,0.927036464214325,0.18974921107292176,0.8676508665084839,0.2105071097612381,0.45040956139564516],"EasingStyle":"Constant","EasingDirection":"In"},"Torso":{"Weight":1,"CFrame":[-0.10799407958984375,-0.10965347290039063,-0.39858174324035647,0.9633714556694031,0.19809074699878694,-0.18076401948928834,-0.21401174366474152,0.9740920066833496,-0.07310206443071366,0.16159990429878236,0.10911005735397339,0.9808060526847839],"EasingStyle":"Constant","EasingDirection":"In"},"HumanoidRootPart":{"Weight":0,"CFrame":[0,0,0,1,0,0,0,1,0,0,0,1],"EasingStyle":"Linear","EasingDirection":"In"},"Left Arm":{"Weight":1,"CFrame":[0.028987526893615724,0.16449213027954102,0.5001821517944336,0.7650290727615356,0.14859673380851746,-0.6266177296638489,0.4488675892353058,0.5746791958808899,0.6842964887619019,0.46178844571113589,-0.804775059223175,0.3729459345340729],"EasingStyle":"Constant","EasingDirection":"In"}}},{"Time":0.36000001430511477,"poses":{"Left Leg":{"Weight":1,"CFrame":[0.06695938110351563,0.09070301055908203,0.06358546018600464,0.8980907797813416,0.18117785453796388,0.40075916051864626,-0.24043138325214387,0.9652469158172607,0.10242486745119095,-0.3682745695114136,-0.18834178149700166,0.91044020652771],"EasingStyle":"Constant","EasingDirection":"In"},"Right Arm":{"Weight":1,"CFrame":[0.008687436580657959,0.20421263575553895,0.35270917415618899,0.7465393543243408,-0.34016844630241396,0.5718085169792175,-0.19956029951572419,0.7053717374801636,0.680166482925415,-0.634708821773529,-0.6218811869621277,0.45870351791381838],"EasingStyle":"Constant","EasingDirection":"In"},"Head":{"Weight":1,"CFrame":[0.03164643421769142,-0.007183615118265152,-0.002669304609298706,0.9946688413619995,-0.06793564558029175,-0.07758272439241409,0.07429009675979614,0.9938439726829529,0.0821925476193428,0.07152135670185089,-0.08751796185970307,0.9935922026634216],"EasingStyle":"Constant","EasingDirection":"In"},"Right Leg":{"Weight":1,"CFrame":[0.6915758848190308,-0.47355973720550539,0.11926984786987305,-0.06793557107448578,0.9388003945350647,0.33769652247428896,-0.8765398263931274,-0.21782536804676057,0.4292203485965729,0.4765110909938812,-0.26684507727622988,0.8376939296722412],"EasingStyle":"Constant","EasingDirection":"In"},"Torso":{"Weight":1,"CFrame":[0.10280227661132813,-0.023708343505859376,-0.12682533264160157,0.9045997262001038,-0.3950703740119934,-0.1600590944290161,0.3957729637622833,0.9178953170776367,-0.028846202418208123,0.1583138108253479,-0.037252794951200488,0.9866858720779419],"EasingStyle":"Constant","EasingDirection":"In"},"HumanoidRootPart":{"Weight":0,"CFrame":[0,0,0,1,0,0,0,1,0,0,0,1],"EasingStyle":"Linear","EasingDirection":"In"},"Left Arm":{"Weight":1,"CFrame":[-0.1471971720457077,0.11727946996688843,0.5213106870651245,0.472126841545105,0.7360902428627014,0.4850439429283142,-0.6988997459411621,-0.022779228165745736,0.7148568034172058,0.5372480154037476,-0.676500141620636,0.5036986470222473],"EasingStyle":"Constant","EasingDirection":"In"}}},{"Time":0.4000000059604645,"poses":{"Left Leg":{"Weight":1,"CFrame":[0.1589098870754242,-0.7884402275085449,0.259183406829834,-0.4803711175918579,-0.7352406978607178,0.4781893193721771,0.8648658990859985,-0.4877113103866577,0.11893066018819809,0.1457756757736206,0.47070059180259707,0.8701670169830322],"EasingStyle":"Constant","EasingDirection":"In"},"Right Arm":{"Weight":1,"CFrame":[0.9165034890174866,0.5454442501068115,-0.5431770086288452,-0.4485352635383606,-0.8508647084236145,0.27357909083366396,0.8586639165878296,-0.3252943456172943,0.3960806429386139,-0.24801741540431977,0.41256871819496157,0.8765129446983337],"EasingStyle":"Constant","EasingDirection":"In"},"Head":{"Weight":1,"CFrame":[0.08547234535217285,-0.03949451446533203,-0.023577511310577394,0.9823364615440369,0.15027740597724915,0.11149930208921433,-0.15035128593444825,0.9886021018028259,-0.007795330137014389,-0.11139985918998718,-0.009106352925300599,0.9937340021133423],"EasingStyle":"Constant","EasingDirection":"In"},"Right Leg":{"Weight":1,"CFrame":[0.5553334951400757,0.1442154049873352,-0.37067270278930666,-0.33658406138420107,-0.7656252384185791,0.5482057332992554,0.9107449650764465,-0.41261565685272219,-0.01708652637898922,0.23928046226501466,0.4935246407985687,0.8361690044403076],"EasingStyle":"Constant","EasingDirection":"In"},"Torso":{"Weight":1,"CFrame":[0.19665908813476563,-0.10493850708007813,-0.04112529754638672,0.6691757440567017,-0.5865200757980347,-0.4562873840332031,0.6080605983734131,0.7851495742797852,-0.11748424172401428,0.42716073989868166,-0.19883279502391816,0.8820427060127258],"EasingStyle":"Constant","EasingDirection":"In"},"HumanoidRootPart":{"Weight":0,"CFrame":[0,0,0,1,0,0,0,1,0,0,0,1],"EasingStyle":"Linear","EasingDirection":"In"},"Left Arm":{"Weight":1,"CFrame":[-0.647325336933136,0.5774164199829102,0.3561374545097351,-0.41878050565719607,0.8753578066825867,0.241602823138237,-0.9054113626480103,-0.3820855915546417,-0.18504317104816438,-0.06966610252857208,-0.2962425947189331,0.952568769454956],"EasingStyle":"Constant","EasingDirection":"In"}}},{"Time":0.4399999976158142,"poses":{"Left Leg":{"Weight":1,"CFrame":[0.1589098870754242,-0.7884402275085449,0.259183406829834,-0.4803711175918579,-0.7352406978607178,0.4781893193721771,0.8648658990859985,-0.4877113103866577,0.11893066018819809,0.1457756757736206,0.47070059180259707,0.8701670169830322],"EasingStyle":"Constant","EasingDirection":"In"},"Right Arm":{"Weight":1,"CFrame":[0.9165034890174866,0.5454442501068115,-0.5431770086288452,-0.4485352635383606,-0.8508647084236145,0.27357909083366396,0.8586639165878296,-0.3252943456172943,0.3960806429386139,-0.24801741540431977,0.41256871819496157,0.8765129446983337],"EasingStyle":"Constant","EasingDirection":"In"},"Head":{"Weight":1,"CFrame":[0.08547234535217285,-0.03949451446533203,-0.023577511310577394,0.9823364615440369,0.15027740597724915,0.11149930208921433,-0.15035128593444825,0.9886021018028259,-0.007795330137014389,-0.11139985918998718,-0.009106352925300599,0.9937340021133423],"EasingStyle":"Constant","EasingDirection":"In"},"Right Leg":{"Weight":1,"CFrame":[0.5553334951400757,0.1442154049873352,-0.37067270278930666,-0.33658406138420107,-0.7656252384185791,0.5482057332992554,0.9107449650764465,-0.41261565685272219,-0.01708652637898922,0.23928046226501466,0.4935246407985687,0.8361690044403076],"EasingStyle":"Constant","EasingDirection":"In"},"Torso":{"Weight":1,"CFrame":[0.19665908813476563,-0.10493850708007813,-0.04112529754638672,0.6691757440567017,-0.5865200757980347,-0.4562873840332031,0.6080605983734131,0.7851495742797852,-0.11748424172401428,0.42716073989868166,-0.19883279502391816,0.8820427060127258],"EasingStyle":"Constant","EasingDirection":"In"},"HumanoidRootPart":{"Weight":0,"CFrame":[0,0,0,1,0,0,0,1,0,0,0,1],"EasingStyle":"Linear","EasingDirection":"In"},"Left Arm":{"Weight":1,"CFrame":[-0.647325336933136,0.5774164199829102,0.3561374545097351,-0.41878050565719607,0.8753578066825867,0.241602823138237,-0.9054113626480103,-0.3820855915546417,-0.18504317104816438,-0.06966610252857208,-0.2962425947189331,0.952568769454956],"EasingStyle":"Constant","EasingDirection":"In"}}},{"Time":0.47999998927116396,"poses":{"Left Leg":{"Weight":1,"CFrame":[0.15216535329818726,-0.7724733352661133,0.2717360854148865,-0.46233221888542178,-0.7483367323875427,0.47564876079559328,0.8776021599769592,-0.4628523290157318,0.12482812255620957,0.1267412304878235,0.47514238953590395,0.8707332611083984],"EasingStyle":"Constant","EasingDirection":"In"},"Right Arm":{"Weight":1,"CFrame":[0.8847388029098511,0.5417420268058777,-0.5305019617080689,-0.48313504457473757,-0.8317064642906189,0.27357932925224306,0.8445651531219482,-0.36031895875930788,0.3960808217525482,-0.23084677755832673,0.4224158227443695,0.8765129446983337],"EasingStyle":"Constant","EasingDirection":"In"},"Head":{"Weight":1,"CFrame":[0.0854722186923027,-0.04196861386299133,-0.024152100086212159,0.9855597019195557,0.14995276927947999,0.07865501940250397,-0.15052929520606996,0.9886050224304199,0.0014176927506923676,-0.07754622399806977,-0.01323726773262024,0.9969011545181274],"EasingStyle":"Constant","EasingDirection":"In"},"Right Leg":{"Weight":1,"CFrame":[0.5272058248519898,0.18257290124893189,-0.3565409183502197,-0.2927079498767853,-0.7860914468765259,0.5444108247756958,0.9308872222900391,-0.3644033372402191,-0.025672506541013719,0.21856632828712464,0.49927040934562685,0.8384260535240173],"EasingStyle":"Constant","EasingDirection":"In"},"Torso":{"Weight":1,"CFrame":[0.20096588134765626,-0.10230636596679688,-0.04792499542236328,0.6691757440567017,-0.580062985420227,-0.4644685387611389,0.6080605983734131,0.7867202162742615,-0.10646097362041474,0.42716068029403689,-0.21118399500846864,0.8791673183441162],"EasingStyle":"Constant","EasingDirection":"In"},"HumanoidRootPart":{"Weight":0,"CFrame":[0,0,0,1,0,0,0,1,0,0,0,1],"EasingStyle":"Linear","EasingDirection":"In"},"Left Arm":{"Weight":1,"CFrame":[-0.6379162073135376,0.5706995129585266,0.35136061906814577,-0.45115745067596438,0.8591192364692688,0.2416030317544937,-0.8905211091041565,-0.4156096875667572,-0.18504327535629273,-0.058561522513628009,-0.2986360192298889,0.952568769454956],"EasingStyle":"Constant","EasingDirection":"In"}}},{"Time":0.5199999809265137,"poses":{"Left Leg":{"Weight":1,"CFrame":[0.15216535329818726,-0.7724733352661133,0.2717360854148865,-0.46233221888542178,-0.7483367323875427,0.47564876079559328,0.8776021599769592,-0.4628523290157318,0.12482812255620957,0.1267412304878235,0.47514238953590395,0.8707332611083984],"EasingStyle":"Constant","EasingDirection":"In"},"Right Arm":{"Weight":1,"CFrame":[0.8847388029098511,0.5417420268058777,-0.5305019617080689,-0.48313504457473757,-0.8317064642906189,0.27357932925224306,0.8445651531219482,-0.36031895875930788,0.3960808217525482,-0.23084677755832673,0.4224158227443695,0.8765129446983337],"EasingStyle":"Constant","EasingDirection":"In"},"Head":{"Weight":1,"CFrame":[0.0854722186923027,-0.04196861386299133,-0.024152100086212159,0.9855597019195557,0.14995276927947999,0.07865501940250397,-0.15052929520606996,0.9886050224304199,0.0014176927506923676,-0.07754622399806977,-0.01323726773262024,0.9969011545181274],"EasingStyle":"Constant","EasingDirection":"In"},"Right Leg":{"Weight":1,"CFrame":[0.5272058248519898,0.18257290124893189,-0.3565409183502197,-0.2927079498767853,-0.7860914468765259,0.5444108247756958,0.9308872222900391,-0.3644033372402191,-0.025672506541013719,0.21856632828712464,0.49927040934562685,0.8384260535240173],"EasingStyle":"Constant","EasingDirection":"In"},"Torso":{"Weight":1,"CFrame":[0.20096588134765626,-0.10230636596679688,-0.04792499542236328,0.6691757440567017,-0.580062985420227,-0.4644685387611389,0.6080605983734131,0.7867202162742615,-0.10646097362041474,0.42716068029403689,-0.21118399500846864,0.8791673183441162],"EasingStyle":"Constant","EasingDirection":"In"},"HumanoidRootPart":{"Weight":0,"CFrame":[0,0,0,1,0,0,0,1,0,0,0,1],"EasingStyle":"Linear","EasingDirection":"In"},"Left Arm":{"Weight":1,"CFrame":[-0.6379162073135376,0.5706995129585266,0.35136061906814577,-0.45115745067596438,0.8591192364692688,0.2416030317544937,-0.8905211091041565,-0.4156096875667572,-0.18504327535629273,-0.058561522513628009,-0.2986360192298889,0.952568769454956],"EasingStyle":"Constant","EasingDirection":"In"}}},{"Time":0.5600000023841858,"poses":{"Left Leg":{"Weight":1,"CFrame":[0.15216535329818726,-0.7724733352661133,0.2717360854148865,-0.46233221888542178,-0.7483367323875427,0.47564876079559328,0.8776021599769592,-0.4628523290157318,0.12482812255620957,0.1267412304878235,0.47514238953590395,0.8707332611083984],"EasingStyle":"Constant","EasingDirection":"In"},"Right Arm":{"Weight":1,"CFrame":[0.8847388029098511,0.5417420268058777,-0.5305019617080689,-0.48313504457473757,-0.8317064642906189,0.27357932925224306,0.8445651531219482,-0.36031895875930788,0.3960808217525482,-0.23084677755832673,0.4224158227443695,0.8765129446983337],"EasingStyle":"Constant","EasingDirection":"In"},"Head":{"Weight":1,"CFrame":[0.0854722186923027,-0.04196861386299133,-0.024152100086212159,0.9855597019195557,0.14995276927947999,0.07865501940250397,-0.15052929520606996,0.9886050224304199,0.0014176927506923676,-0.07754622399806977,-0.01323726773262024,0.9969011545181274],"EasingStyle":"Constant","EasingDirection":"In"},"Right Leg":{"Weight":1,"CFrame":[0.5272058248519898,0.18257290124893189,-0.3565409183502197,-0.2927079498767853,-0.7860914468765259,0.5444108247756958,0.9308872222900391,-0.3644033372402191,-0.025672506541013719,0.21856632828712464,0.49927040934562685,0.8384260535240173],"EasingStyle":"Constant","EasingDirection":"In"},"Torso":{"Weight":1,"CFrame":[0.20096588134765626,-0.10230636596679688,-0.04792499542236328,0.6691757440567017,-0.580062985420227,-0.4644685387611389,0.6080605983734131,0.7867202162742615,-0.10646097362041474,0.42716068029403689,-0.21118399500846864,0.8791673183441162],"EasingStyle":"Constant","EasingDirection":"In"},"HumanoidRootPart":{"Weight":0,"CFrame":[0,0,0,1,0,0,0,1,0,0,0,1],"EasingStyle":"Linear","EasingDirection":"In"},"Left Arm":{"Weight":1,"CFrame":[-0.6379162073135376,0.5706995129585266,0.35136061906814577,-0.45115745067596438,0.8591192364692688,0.2416030317544937,-0.8905211091041565,-0.4156096875667572,-0.18504327535629273,-0.058561522513628009,-0.2986360192298889,0.952568769454956],"EasingStyle":"Constant","EasingDirection":"In"}}},{"Time":0.6000000238418579,"poses":{"Left Leg":{"Weight":1,"CFrame":[0.15216535329818726,-0.7724733352661133,0.2717360854148865,-0.46233221888542178,-0.7483367323875427,0.47564876079559328,0.8776021599769592,-0.4628523290157318,0.12482812255620957,0.1267412304878235,0.47514238953590395,0.8707332611083984],"EasingStyle":"Constant","EasingDirection":"In"},"Right Arm":{"Weight":1,"CFrame":[0.8847388029098511,0.5417420268058777,-0.5305019617080689,-0.48313504457473757,-0.8317064642906189,0.27357932925224306,0.8445651531219482,-0.36031895875930788,0.3960808217525482,-0.23084677755832673,0.4224158227443695,0.8765129446983337],"EasingStyle":"Constant","EasingDirection":"In"},"Head":{"Weight":1,"CFrame":[0.0854722186923027,-0.04196861386299133,-0.024152100086212159,0.9855597019195557,0.14995276927947999,0.07865501940250397,-0.15052929520606996,0.9886050224304199,0.0014176927506923676,-0.07754622399806977,-0.01323726773262024,0.9969011545181274],"EasingStyle":"Constant","EasingDirection":"In"},"Right Leg":{"Weight":1,"CFrame":[0.5272058248519898,0.18257290124893189,-0.3565409183502197,-0.2927079498767853,-0.7860914468765259,0.5444108247756958,0.9308872222900391,-0.3644033372402191,-0.025672506541013719,0.21856632828712464,0.49927040934562685,0.8384260535240173],"EasingStyle":"Constant","EasingDirection":"In"},"Torso":{"Weight":1,"CFrame":[0.20096588134765626,-0.10230636596679688,-0.04792499542236328,0.6691757440567017,-0.580062985420227,-0.4644685387611389,0.6080605983734131,0.7867202162742615,-0.10646097362041474,0.42716068029403689,-0.21118399500846864,0.8791673183441162],"EasingStyle":"Constant","EasingDirection":"In"},"HumanoidRootPart":{"Weight":0,"CFrame":[0,0,0,1,0,0,0,1,0,0,0,1],"EasingStyle":"Linear","EasingDirection":"In"},"Left Arm":{"Weight":1,"CFrame":[-0.6379162073135376,0.5706995129585266,0.35136061906814577,-0.45115745067596438,0.8591192364692688,0.2416030317544937,-0.8905211091041565,-0.4156096875667572,-0.18504327535629273,-0.058561522513628009,-0.2986360192298889,0.952568769454956],"EasingStyle":"Constant","EasingDirection":"In"}}},{"Time":0.6399999856948853,"poses":{"Left Leg":{"Weight":1,"CFrame":[0.15216535329818726,-0.7724733352661133,0.2717360854148865,-0.46233221888542178,-0.7483367323875427,0.47564876079559328,0.8776021599769592,-0.4628523290157318,0.12482812255620957,0.1267412304878235,0.47514238953590395,0.8707332611083984],"EasingStyle":"Constant","EasingDirection":"In"},"Right Arm":{"Weight":1,"CFrame":[0.8847388029098511,0.5417420268058777,-0.5305019617080689,-0.48313504457473757,-0.8317064642906189,0.27357932925224306,0.8445651531219482,-0.36031895875930788,0.3960808217525482,-0.23084677755832673,0.4224158227443695,0.8765129446983337],"EasingStyle":"Constant","EasingDirection":"In"},"Head":{"Weight":1,"CFrame":[0.0854722186923027,-0.04196861386299133,-0.024152100086212159,0.9855597019195557,0.14995276927947999,0.07865501940250397,-0.15052929520606996,0.9886050224304199,0.0014176927506923676,-0.07754622399806977,-0.01323726773262024,0.9969011545181274],"EasingStyle":"Constant","EasingDirection":"In"},"Right Leg":{"Weight":1,"CFrame":[0.5272058248519898,0.18257290124893189,-0.3565409183502197,-0.2927079498767853,-0.7860914468765259,0.5444108247756958,0.9308872222900391,-0.3644033372402191,-0.025672506541013719,0.21856632828712464,0.49927040934562685,0.8384260535240173],"EasingStyle":"Constant","EasingDirection":"In"},"Torso":{"Weight":1,"CFrame":[0.20096588134765626,-0.10230636596679688,-0.04792499542236328,0.6691757440567017,-0.580062985420227,-0.4644685387611389,0.6080605983734131,0.7867202162742615,-0.10646097362041474,0.42716068029403689,-0.21118399500846864,0.8791673183441162],"EasingStyle":"Constant","EasingDirection":"In"},"HumanoidRootPart":{"Weight":0,"CFrame":[0,0,0,1,0,0,0,1,0,0,0,1],"EasingStyle":"Linear","EasingDirection":"In"},"Left Arm":{"Weight":1,"CFrame":[-0.6379162073135376,0.5706995129585266,0.35136061906814577,-0.45115745067596438,0.8591192364692688,0.2416030317544937,-0.8905211091041565,-0.4156096875667572,-0.18504327535629273,-0.058561522513628009,-0.2986360192298889,0.952568769454956],"EasingStyle":"Constant","EasingDirection":"In"}}},{"Time":0.6800000071525574,"poses":{"Left Leg":{"Weight":1,"CFrame":[0.15216535329818726,-0.7724733352661133,0.2717360854148865,-0.46233221888542178,-0.7483367323875427,0.47564876079559328,0.8776021599769592,-0.4628523290157318,0.12482812255620957,0.1267412304878235,0.47514238953590395,0.8707332611083984],"EasingStyle":"Constant","EasingDirection":"In"},"Right Arm":{"Weight":1,"CFrame":[0.8847388029098511,0.5417420268058777,-0.5305019617080689,-0.48313504457473757,-0.8317064642906189,0.27357932925224306,0.8445651531219482,-0.36031895875930788,0.3960808217525482,-0.23084677755832673,0.4224158227443695,0.8765129446983337],"EasingStyle":"Constant","EasingDirection":"In"},"Head":{"Weight":1,"CFrame":[0.0854722186923027,-0.04196861386299133,-0.024152100086212159,0.9855597019195557,0.14995276927947999,0.07865501940250397,-0.15052929520606996,0.9886050224304199,0.0014176927506923676,-0.07754622399806977,-0.01323726773262024,0.9969011545181274],"EasingStyle":"Constant","EasingDirection":"In"},"Right Leg":{"Weight":1,"CFrame":[0.5272058248519898,0.18257290124893189,-0.3565409183502197,-0.2927079498767853,-0.7860914468765259,0.5444108247756958,0.9308872222900391,-0.3644033372402191,-0.025672506541013719,0.21856632828712464,0.49927040934562685,0.8384260535240173],"EasingStyle":"Constant","EasingDirection":"In"},"Torso":{"Weight":1,"CFrame":[0.20096588134765626,-0.10230636596679688,-0.04792499542236328,0.6691757440567017,-0.580062985420227,-0.4644685387611389,0.6080605983734131,0.7867202162742615,-0.10646097362041474,0.42716068029403689,-0.21118399500846864,0.8791673183441162],"EasingStyle":"Constant","EasingDirection":"In"},"HumanoidRootPart":{"Weight":0,"CFrame":[0,0,0,1,0,0,0,1,0,0,0,1],"EasingStyle":"Linear","EasingDirection":"In"},"Left Arm":{"Weight":1,"CFrame":[-0.6379162073135376,0.5706995129585266,0.35136061906814577,-0.45115745067596438,0.8591192364692688,0.2416030317544937,-0.8905211091041565,-0.4156096875667572,-0.18504327535629273,-0.058561522513628009,-0.2986360192298889,0.952568769454956],"EasingStyle":"Constant","EasingDirection":"In"}}},{"Time":0.7200000286102295,"poses":{"Left Leg":{"Weight":1,"CFrame":[0.06363308429718018,-0.6708666086196899,0.22916126251220704,-0.1673448234796524,-0.8540008664131165,0.49262431263923647,0.9851515889167786,-0.1642930954694748,0.04984307289123535,0.03836887329816818,0.49365076422691347,0.868813693523407],"EasingStyle":"Constant","EasingDirection":"In"},"Right Arm":{"Weight":1,"CFrame":[1.0282249450683594,0.08070871233940125,-0.3524685502052307,-0.5256004333496094,-0.8012964725494385,0.2857778072357178,0.7900638580322266,-0.3351733386516571,0.5132817029953003,-0.3155055046081543,0.49556371569633486,0.8092426061630249],"EasingStyle":"Constant","EasingDirection":"In"},"Head":{"Weight":1,"CFrame":[0.08546889573335648,-0.04910075664520264,-0.026033222675323488,0.9878172874450684,0.1459638476371765,-0.05396391451358795,-0.1420709788799286,0.9873740673065186,0.07006430625915528,0.06350937485694885,-0.061543986201286319,0.9960819482803345],"EasingStyle":"Constant","EasingDirection":"In"},"Right Leg":{"Weight":1,"CFrame":[0.5476455688476563,0.4109419584274292,-0.3290637731552124,0.5043430924415588,-0.7403568029403687,0.4444207549095154,0.8386818766593933,0.5425013303756714,-0.048015691339969638,-0.2055499106645584,0.39694398641586306,0.8945305943489075],"EasingStyle":"Constant","EasingDirection":"In"},"Torso":{"Weight":1,"CFrame":[0.20684051513671876,-0.002017974853515625,-0.04831409454345703,0.6630619168281555,-0.5685217976570129,-0.4869621992111206,0.6147217154502869,0.7847604155540466,-0.07917404174804688,0.42716076970100405,-0.2468489706516266,0.8698272705078125],"EasingStyle":"Constant","EasingDirection":"In"},"HumanoidRootPart":{"Weight":0,"CFrame":[0,0,0,1,0,0,0,1,0,0,0,1],"EasingStyle":"Linear","EasingDirection":"In"},"Left Arm":{"Weight":1,"CFrame":[-0.7284997701644898,0.2920646369457245,0.3171378970146179,-0.5072810649871826,0.8272210955619812,0.24160291254520417,-0.8609171509742737,-0.4738997519016266,-0.18504317104816438,-0.038575801998376849,-0.30186906456947329,0.9525689482688904],"EasingStyle":"Constant","EasingDirection":"In"}}},{"Time":0.7599999904632568,"poses":{"Left Leg":{"Weight":1,"CFrame":[0.06363308429718018,-0.6708666086196899,0.22916126251220704,-0.1673448234796524,-0.8540008664131165,0.49262431263923647,0.9851515889167786,-0.1642930954694748,0.04984307289123535,0.03836887329816818,0.49365076422691347,0.868813693523407],"EasingStyle":"Constant","EasingDirection":"In"},"Right Arm":{"Weight":1,"CFrame":[1.0282249450683594,0.08070871233940125,-0.3524685502052307,-0.5256004333496094,-0.8012964725494385,0.2857778072357178,0.7900638580322266,-0.3351733386516571,0.5132817029953003,-0.3155055046081543,0.49556371569633486,0.8092426061630249],"EasingStyle