{"Sequence":[{"Time":0,"poses":{"Left Leg":{"Weight":1,"CFrame":[0.03902234882116318,0.04348844289779663,-0.003324747085571289,0.9778566956520081,-0.02151939645409584,0.20816630125045777,0.004903875291347504,0.9967821836471558,0.08000735938549042,-0.20921817421913148,-0.07721490412950516,0.9748157858848572],"EasingStyle":"Linear","EasingDirection":"In"},"Right Arm":{"Weight":1,"CFrame":[0.5926436185836792,-0.9778134822845459,-0.515414834022522,-0.8698520660400391,-0.49254581332206728,0.02749805711209774,0.43421342968940737,-0.73799729347229,0.5165449976921082,-0.23412860929965974,0.4612576961517334,0.8558183908462524],"EasingStyle":"Linear","EasingDirection":"In"},"Head":{"Weight":1,"CFrame":[8.887946023605764e-8,0,0.0166623592376709,0.9999547004699707,-0.009493880905210972,-0.0007596269133500755,0.009496975690126419,0.9999462962150574,0.0041713714599609379,0.0007199739338830113,-0.004178404342383146,0.9999910593032837],"EasingStyle":"Linear","EasingDirection":"In"},"Left Arm":{"Weight":1,"CFrame":[-0.5928754210472107,-0.9767840504646301,-0.4608914256095886,-0.8744060397148132,0.4684203565120697,-0.1264771968126297,-0.4550717771053314,-0.7013471126556397,0.5486549735069275,0.16829665005207063,0.5373032689094544,0.8264268040657044],"EasingStyle":"Linear","EasingDirection":"In"},"Torso":{"Weight":1,"CFrame":[0,0,-0.010454893112182618,1,2.384185791015625e-7,-8.742277657347586e-8,-2.384185791015625e-7,1,2.084321417176148e-14,8.742277657347586e-8,0,1],"EasingStyle":"Linear","EasingDirection":"In"},"HumanoidRootPart":{"Weight":0,"CFrame":[0,0,0,1,0,0,0,1,0,0,0,1],"EasingStyle":"Linear","EasingDirection":"In"},"Right Leg":{"Weight":1,"CFrame":[-0.06868529319763184,0.050396740436553958,-0.011575579643249512,0.9877108335494995,-0.007728822063654661,-0.15610118210315705,0.023714641109108926,0.9946234226226807,0.10080629587173462,0.1544828563928604,-0.10326939821243286,0.9825835824012756],"EasingStyle":"Linear","EasingDirection":"In"}}},{"Time":0.03333333507180214,"poses":{"Left Leg":{"Weight":1,"CFrame":[0.13117939233779908,0.006341993808746338,-0.020976603031158448,0.9766849875450134,0.04974067956209183,0.20883598923683167,-0.05424148961901665,0.9984016418457031,0.01587674953043461,-0.2077125608921051,-0.026834163814783098,0.9778218269348145],"EasingStyle":"Linear","EasingDirection":"In"},"Right Arm":{"Weight":1,"CFrame":[0.593966007232666,-0.9544178247451782,-0.48430389165878298,-0.8727930784225464,-0.48714879155158999,0.03030312806367874,0.4389943480491638,-0.7563484311103821,0.4849960505962372,-0.2133454978466034,0.4366040527820587,0.8739912509918213],"EasingStyle":"Linear","EasingDirection":"In"},"Head":{"Weight":1,"CFrame":[8.240749593824148e-8,-2.153683453798294e-9,0.016662001609802247,0.9998055696487427,-0.0067721204832196239,0.01851876825094223,0.006304743234068155,0.9996629953384399,0.025186458602547647,-0.01868315599858761,-0.02506479062139988,0.9995112419128418],"EasingStyle":"Linear","EasingDirection":"In"},"Left Arm":{"Weight":1,"CFrame":[-0.5987891554832459,-0.9352632761001587,-0.5848748087882996,-0.8685165643692017,0.47506386041641238,-0.14139702916145326,-0.4693637192249298,-0.696581244468689,0.5426532030105591,0.15930041670799256,0.5376698970794678,0.827970027923584],"EasingStyle":"Linear","EasingDirection":"In"},"Torso":{"Weight":1,"CFrame":[0.059315621852874759,-0.018684297800064088,-0.011221885681152344,0.9998104572296143,-0.00320519064553082,-0.019203655421733857,0.0028003458864986898,0.999774158000946,-0.021071555092930795,0.019266853109002115,0.021013783290982248,0.9995936155319214],"EasingStyle":"Linear","EasingDirection":"In"},"HumanoidRootPart":{"Weight":0,"CFrame":[0,0,0,1,0,0,0,1,0,0,0,1],"EasingStyle":"Linear","EasingDirection":"In"},"Right Leg":{"Weight":1,"CFrame":[0.18537823855876923,0.10481429100036621,0.03170013427734375,0.9766217470169067,0.1323332041501999,-0.16940462589263917,-0.10625298321247101,0.9822263121604919,0.15473148226737977,0.18686984479427339,-0.13311439752578736,0.9733242988586426],"EasingStyle":"Linear","EasingDirection":"In"}}},{"Time":0.06666667014360428,"poses":{"Left Leg":{"Weight":1,"CFrame":[0.13025565445423127,-0.02626180648803711,-0.021265387535095216,0.9758120775222778,0.07045986503362656,0.20694486796855927,-0.06152202561497688,0.9968864321708679,-0.04932025820016861,-0.2097756266593933,0.03539564833045006,0.9771086573600769],"EasingStyle":"Linear","EasingDirection":"In"},"Right Arm":{"Weight":1,"CFrame":[0.5965492725372315,-0.9015727639198303,-0.4151124954223633,-0.8737678527832031,-0.48484477400779726,0.03815089911222458,0.4551949203014374,-0.7876641154289246,0.4151902198791504,-0.17125260829925538,0.3801459074020386,0.9089344143867493],"EasingStyle":"Linear","EasingDirection":"In"},"Head":{"Weight":1,"CFrame":[1.1452357284724713e-7,-5.704350769519806e-9,0.016662120819091798,0.9992422461509705,-0.004459827672690153,0.038665030151605609,0.0027007346507161857,0.9989638924598694,0.045429300516843799,-0.03882758319377899,-0.04529046639800072,0.9982190132141113],"EasingStyle":"Linear","EasingDirection":"In"},"Left Arm":{"Weight":1,"CFrame":[-0.6008190512657166,-0.8410605192184448,-0.8287659883499146,-0.854525625705719,0.49737638235092165,-0.14967603981494904,-0.49280571937561037,-0.6853241920471191,0.5361654162406921,0.16409935057163239,0.5319281816482544,0.8307368755340576],"EasingStyle":"Linear","EasingDirection":"In"},"Torso":{"Weight":1,"CFrame":[0.11988532543182373,-0.03915086388587952,-0.015257120132446289,0.9992099404335022,-0.00681771244853735,-0.03915420174598694,0.00519123300909996,0.9991253018379211,-0.04149280861020088,0.03940283879637718,0.04125677049160004,0.9983713030815125],"EasingStyle":"Linear","EasingDirection":"In"},"HumanoidRootPart":{"Weight":0,"CFrame":[0,0,0,1,0,0,0,1,0,0,0,1],"EasingStyle":"Linear","EasingDirection":"In"},"Right Leg":{"Weight":1,"CFrame":[0.42258787155151369,0.1678980588912964,0.09460067749023438,0.928598165512085,0.31207531690597536,-0.20078489184379579,-0.2700790762901306,0.9394227266311646,0.21105042099952699,0.25448551774024966,-0.14175325632095338,0.9566311836242676],"EasingStyle":"Linear","EasingDirection":"In"}}},{"Time":0.10000000149011612,"poses":{"Left Leg":{"Weight":1,"CFrame":[0.13456889986991883,-0.05806899070739746,-0.025134146213531495,0.9726622104644775,0.08593002706766129,0.21574151515960694,-0.06248217076063156,0.9915992021560669,-0.11325653642416,-0.22366128861904145,0.09668035805225373,0.9698600769042969],"EasingStyle":"Linear","EasingDirection":"In"},"Right Arm":{"Weight":1,"CFrame":[0.59893798828125,-0.8458778858184815,-0.344540536403656,-0.8712555766105652,-0.48895755410194399,0.042829252779483798,0.47461915016174319,-0.8170271515846252,0.32741937041282656,-0.1251014620065689,0.30559346079826357,0.9439079761505127],"EasingStyle":"Linear","EasingDirection":"In"},"Head":{"Weight":1,"CFrame":[4.1676685214042666e-8,6.199115887284279e-9,0.016662240028381349,0.9981443881988525,-0.01597961038351059,0.05875843018293381,0.012152587994933129,0.9978163242340088,0.06492308527231217,-0.05966764688491821,-0.06408846378326416,0.9961588978767395],"EasingStyle":"Linear","EasingDirection":"In"},"Left Arm":{"Weight":1,"CFrame":[-0.6057210564613342,-0.7396312952041626,-1.079980731010437,-0.8393853902816773,0.519977867603302,-0.15828843414783479,-0.516504168510437,-0.6723684072494507,0.5302305221557617,0.1692800372838974,0.5268242359161377,0.8329468369483948],"EasingStyle":"Linear","EasingDirection":"In"},"Torso":{"Weight":1,"CFrame":[0.17943845689296723,-0.06018917262554169,-0.025122880935668947,0.9982061386108398,0.0026297352742403747,-0.059813253581523898,-0.006254571955651045,0.9981489181518555,-0.06049636751413345,0.059543441981077197,0.060761958360672,0.9963747262954712],"EasingStyle":"Linear","EasingDirection":"In"},"HumanoidRootPart":{"Weight":0,"CFrame":[0,0,0,1,0,0,0,1,0,0,0,1],"EasingStyle":"Linear","EasingDirection":"In"},"Right Leg":{"Weight":1,"CFrame":[0.6097366809844971,0.21111631393432618,0.16949689388275147,0.8400523066520691,0.4910493493080139,-0.2306136041879654,-0.4270106554031372,0.8606987595558167,0.2772354185581207,0.3346251845359802,-0.1344178020954132,0.9327152967453003],"EasingStyle":"Linear","EasingDirection":"In"}}},{"Time":0.13333334028720857,"poses":{"Left Leg":{"Weight":1,"CFrame":[0.14589115977287293,-0.08827447891235352,-0.033053815364837649,0.966159462928772,0.09740596264600754,0.23884715139865876,-0.056005071848630908,0.9830856919288635,-0.17437343299388886,-0.2517922520637512,0.1550958901643753,0.9552727341651917],"EasingStyle":"Linear","EasingDirection":"In"},"Right Arm":{"Weight":1,"CFrame":[0.5997288227081299,-0.8141037225723267,-0.309198796749115,-0.864485502243042,-0.5014197826385498,0.03525620698928833,0.4937605857849121,-0.8339543342590332,0.2464158684015274,-0.09415572136640549,0.2304309606552124,0.9685227870941162],"EasingStyle":"Linear","EasingDirection":"In"},"Head":{"Weight":1,"CFrame":[1.0663643479347229e-7,-4.190951585769653e-9,0.016662120819091798,0.9959583282470703,-0.04488024488091469,0.07780008018016815,0.03832181543111801,0.995742678642273,0.08383383601903916,-0.08123133331537247,-0.08051358163356781,0.9934380650520325],"EasingStyle":"Linear","EasingDirection":"In"},"Left Arm":{"Weight":1,"CFrame":[-0.6202211976051331,-0.6764636039733887,-1.2259135246276856,-0.8308797478675842,0.5283679366111755,-0.1745457500219345,-0.5323654413223267,-0.6635057926177979,0.5256875157356262,0.16194434463977815,0.5297051668167114,0.8325783014297485],"EasingStyle":"Linear","EasingDirection":"In"},"Torso":{"Weight":1,"CFrame":[0.23564192652702332,-0.08044211566448212,-0.04333162307739258,0.9962800741195679,0.028803158551454545,-0.08121800422668457,-0.0350949801504612,0.9964026808738709,-0.07713666558265686,0.07870405167341232,0.07970007508993149,0.993707001209259],"EasingStyle":"Linear","EasingDirection":"In"},"HumanoidRootPart":{"Weight":0,"CFrame":[0,0,0,1,0,0,0,1,0,0,0,1],"EasingStyle":"Linear","EasingDirection":"In"},"Right Leg":{"Weight":1,"CFrame":[0.7464737296104431,0.2255762219429016,0.2470453977584839,0.7169575095176697,0.651025652885437,-0.249274343252182,-0.555085301399231,0.7494580149650574,0.36082252860069277,0.42172542214393618,-0.12032589316368103,0.8987043499946594],"EasingStyle":"Linear","EasingDirection":"In"}}},{"Time":0.1666666716337204,"poses":{"Left Leg":{"Weight":1,"CFrame":[0.1320752203464508,-0.11505770683288574,-0.0354885458946228,0.9582646489143372,0.09205818176269531,0.27065521478652956,-0.028040284290909768,0.9724360704421997,-0.23147794604301454,-0.28450432419776919,0.2142278403043747,0.934432327747345],"EasingStyle":"Linear","EasingDirection":"In"},"Right Arm":{"Weight":1,"CFrame":[0.5838586091995239,-0.8074318766593933,-0.30567920207977297,-0.8439224362373352,-0.5359950065612793,-0.0224576685577631,0.5211046934127808,-0.8289856314659119,0.20305873453617097,-0.12745559215545655,0.15966299176216126,0.9789089560508728],"EasingStyle":"Linear","EasingDirection":"In"},"Head":{"Weight":1,"CFrame":[-3.725290298461914e-9,-1.1175870895385743e-8,0.016662120819091798,0.991801381111145,-0.0852615013718605,0.09518704563379288,0.07548680901527405,0.9919209480285645,0.10195481032133103,-0.10311084985733032,-0.09393353760242462,0.9902245998382568],"EasingStyle":"Linear","EasingDirection":"In"},"Left Arm":{"Weight":1,"CFrame":[-0.6480161547660828,-0.6558261513710022,-1.267540693283081,-0.8269849419593811,0.5101028084754944,-0.23641298711299897,-0.5489810109138489,-0.6419166326522827,0.5353159308433533,0.1213088184595108,0.5724843740463257,0.8108919262886047],"EasingStyle":"Linear","EasingDirection":"In"},"Torso":{"Weight":1,"CFrame":[0.2865239679813385,-0.09880684316158295,-0.07234334945678711,0.9924935102462769,0.06598898768424988,-0.10296666622161865,-0.07544101774692536,0.9930096864700317,-0.09077710658311844,0.09625660628080368,0.09786359965801239,0.9905338883399963],"EasingStyle":"Linear","EasingDirection":"In"},"HumanoidRootPart":{"Weight":0,"CFrame":[0,0,0,1,0,0,0,1,0,0,0,1],"EasingStyle":"Linear","EasingDirection":"In"},"Right Leg":{"Weight":1,"CFrame":[0.8302521109580994,0.22126996517181397,0.32255542278289797,0.5729964375495911,0.7785371541976929,-0.2560371458530426,-0.6329774856567383,0.6188426613807678,0.46515947580337527,0.5205907225608826,-0.10446901619434357,0.8473911285400391],"EasingStyle":"Linear","EasingDirection":"In"}}},{"Time":0.20000000298023225,"poses":{"Left Leg":{"Weight":1,"CFrame":[-0.02456165850162506,-0.12932491302490235,0.014242887496948243,0.9520671367645264,0.009786128997802735,0.3057328164577484,0.08122444897890091,0.9555196762084961,-0.2835220396518707,-0.29490840435028078,0.2947649657726288,0.9089239239692688],"EasingStyle":"Linear","EasingDirection":"In"},"Right Arm":{"Weight":1,"CFrame":[0.5497732162475586,-0.8057793378829956,-0.305377721786499,-0.8003876805305481,-0.5843294858932495,-0.13393588364124299,0.5566861629486084,-0.807361900806427,0.195620596408844,-0.22244161367416383,0.08201192319393158,0.9714905023574829],"EasingStyle":"Linear","EasingDirection":"In"},"Head":{"Weight":1,"CFrame":[1.434236764907837e-7,-3.725290298461914e-9,0.016661882400512697,0.9851775765419006,-0.13112983107566834,0.11059064418077469,0.11788935959339142,0.9858947992324829,0.11880094558000565,-0.1246090829372406,-0.10400255769491196,0.9867401719093323],"EasingStyle":"Linear","EasingDirection":"In"},"Left Arm":{"Weight":1,"CFrame":[-0.6815626621246338,-0.6467739343643189,-1.286663293838501,-0.8161432147026062,0.4616861343383789,-0.347500205039978,-0.5758979916572571,-0.60048907995224,0.5547562837600708,0.04745328053832054,0.6528850197792053,0.7559690475463867],"EasingStyle":"Linear","EasingDirection":"In"},"Torso":{"Weight":1,"CFrame":[0.3303525447845459,-0.11441326141357422,-0.11457419395446778,0.9862937331199646,0.10843401402235031,-0.12436569482088089,-0.12130548059940338,0.9874568581581116,-0.1010642722249031,0.11184694617986679,0.11476529389619827,0.9870761036872864],"EasingStyle":"Linear","EasingDirection":"In"},"HumanoidRootPart":{"Weight":0,"CFrame":[0,0,0,1,0,0,0,1,0,0,0,1],"EasingStyle":"Linear","EasingDirection":"In"},"Right Leg":{"Weight":1,"CFrame":[0.8690535426139832,0.22594738006591798,0.3867788314819336,0.43447473645210268,0.8651545643806458,-0.2504783272743225,-0.6456648111343384,0.49306604266166689,0.5830976366996765,0.6279720664024353,-0.09161626547574997,0.7728245258331299],"EasingStyle":"Linear","EasingDirection":"In"}}},{"Time":0.23333333432674409,"poses":{"Left Leg":{"Weight":1,"CFrame":[-0.1338859647512436,-0.1415729522705078,0.062264442443847659,0.9395017623901367,-0.048675719648599628,0.3390682637691498,0.16714678704738618,0.9291541576385498,-0.3297492265701294,-0.29899585247039797,0.3664741516113281,0.8810778856277466],"EasingStyle":"Linear","EasingDirection":"In"},"Right Arm":{"Weight":1,"CFrame":[0.5161885023117065,-0.8041712045669556,-0.30691391229629519,-0.7428628206253052,-0.6191293597221375,-0.25462475419044497,0.5864202976226807,-0.7852869629859924,0.19858410954475404,-0.32290276885032656,-0.00179665454197675,0.946430504322052],"EasingStyle":"Linear","EasingDirection":"In"},"Head":{"Weight":1,"CFrame":[5.587935447692871e-8,1.862645149230957e-8,0.016662120819091798,0.9764588475227356,-0.17652177810668946,0.12396905571222305,0.15983924269676209,0.9780511260032654,0.13366971909999848,-0.14484372735023499,-0.11070774495601654,0.983241617679596],"EasingStyle":"Linear","EasingDirection":"In"},"Left Arm":{"Weight":1,"CFrame":[-0.7104536294937134,-0.6421271562576294,-1.29192316532135,-0.7956943511962891,0.3903510868549347,-0.46313801407814028,-0.6043016910552979,-0.5635133981704712,0.563269317150116,-0.04111161828041077,0.7280651330947876,0.6842740178108215],"EasingStyle":"Linear","EasingDirection":"In"},"Torso":{"Weight":1,"CFrame":[0.3655508756637573,-0.12666383385658265,-0.1724088191986084,0.9779962301254273,0.1504451483488083,-0.14453308284282685,-0.16672199964523316,0.9800740480422974,-0.10797592252492905,0.12540867924690247,0.12969689071178437,0.9835910797119141],"EasingStyle":"Linear","EasingDirection":"In"},"HumanoidRootPart":{"Weight":0,"CFrame":[0,0,0,1,0,0,0,1,0,0,0,1],"EasingStyle":"Linear","EasingDirection":"In"},"Right Leg":{"Weight":1,"CFrame":[0.8901556730270386,0.2630764842033386,0.4199627637863159,0.3336130380630493,0.9131489992141724,-0.23422491550445558,-0.5998174548149109,0.3972894847393036,0.6945358514785767,0.7272698879241943,-0.09121401607990265,0.6802636981010437],"EasingStyle":"Linear","EasingDirection":"In"}}},{"Time":0.2666666805744171,"poses":{"Left Leg":{"Weight":1,"CFrame":[-0.2419235110282898,-0.14864933490753175,0.12117350101470947,0.9242705702781677,-0.10773060470819473,0.36622127890586855,0.2507849633693695,0.8946436643600464,-0.36975640058517458,-0.2878034710884094,0.43359771370887759,0.853909969329834],"EasingStyle":"Linear","EasingDirection":"In"},"Right Arm":{"Weight":1,"CFrame":[0.5015113353729248,-0.7975480556488037,-0.3087131977081299,-0.701702356338501,-0.6233196258544922,-0.3450893461704254,0.6025912761688232,-0.7776432037353516,0.17931732535362245,-0.3801283538341522,-0.0821203738451004,0.9212809801101685],"EasingStyle":"Linear","EasingDirection":"In"},"Head":{"Weight":1,"CFrame":[5.960464477539063e-8,2.60770320892334e-8,0.016662240028381349,0.9670095443725586,-0.21568503975868226,0.13554522395133973,0.19586904346942902,0.9697427153587341,0.145720973610878,-0.16287383437156678,-0.11436446756124497,0.9799964427947998],"EasingStyle":"Linear","EasingDirection":"In"},"Left Arm":{"Weight":1,"CFrame":[-0.7236889004707336,-0.6348631381988525,-1.2917169332504273,-0.7732722163200378,0.3196926414966583,-0.547582745552063,-0.620685338973999,-0.5581738948822022,0.550628662109375,-0.12961435317993165,0.7656622529029846,0.6300486326217651],"EasingStyle":"Linear","EasingDirection":"In"},"Torso":{"Weight":1,"CFrame":[0.3905927538871765,-0.13523021340370179,-0.24822258949279786,0.9689103364944458,0.1865430325269699,-0.16252519190311433,-0.2059246152639389,0.9721584320068359,-0.1118171438574791,0.13714154064655305,0.14180871844291688,0.9803481698036194],"EasingStyle":"Linear","EasingDirection":"In"},"HumanoidRootPart":{"Weight":0,"CFrame":[0,0,0,1,0,0,0,1,0,0,0,1],"EasingStyle":"Linear","EasingDirection":"In"},"Right Leg":{"Weight":1,"CFrame":[0.9316750764846802,0.3296270966529846,0.3981274366378784,0.29489865899086,0.9317349195480347,-0.2119077742099762,-0.5286433696746826,0.34382763504981997,0.7760921120643616,0.7959717512130737,-0.11684492230415344,0.5939497351646423],"EasingStyle":"Linear","EasingDirection":"In"}}},{"Time":0.30000001192092898,"poses":{"Left Leg":{"Weight":1,"CFrame":[-0.38430240750312807,-0.14194762706756593,0.20663440227508546,0.9043758511543274,-0.1886717826128006,0.3827628791332245,0.34818002581596377,0.8448375463485718,-0.40622684359550478,-0.24672895669937135,0.5006521940231323,0.8297423720359802],"EasingStyle":"Linear","EasingDirection":"In"},"Right Arm":{"Weight":1,"CFrame":[0.5102506279945374,-0.7174946665763855,-0.30967485904693606,-0.6872650384902954,-0.6033480763435364,-0.40452200174331667,0.6124348640441895,-0.7807387113571167,0.1239786222577095,-0.39062821865081789,-0.16253730654716493,0.9060857892036438],"EasingStyle":"Linear","EasingDirection":"In"},"Head":{"Weight":1,"CFrame":[-1.4901161193847657e-8,1.862645149230957e-8,0.016662120819091798,0.9589706063270569,-0.24318327009677888,0.14572986960411073,0.22081473469734193,0.9630741477012634,0.15404313802719117,-0.17780941724777223,-0.11554346978664398,0.9772582650184631],"EasingStyle":"Linear","EasingDirection":"In"},"Left Arm":{"Weight":1,"CFrame":[-0.7248983979225159,-0.6194465756416321,-1.2919301986694337,-0.7639519572257996,0.2592187225818634,-0.5909172892570496,-0.6110774278640747,-0.5847889184951782,0.5334853529930115,-0.2072724550962448,0.768653154373169,0.6051530241966248],"EasingStyle":"Linear","EasingDirection":"In"},"Torso":{"Weight":1,"CFrame":[0.4039120674133301,-0.13999491930007935,-0.3680429458618164,0.9611251354217529,0.21154460310935975,-0.17744681239128114,-0.23345521092414857,0.9657618999481201,-0.11314938962459564,0.14743521809577943,0.15017661452293397,0.9776041507720947],"EasingStyle":"Linear","EasingDirection":"In"},"HumanoidRootPart":{"Weight":0,"CFrame":[0,0,0,1,0,0,0,1,0,0,0,1],"EasingStyle":"Linear","EasingDirection":"In"},"Right Leg":{"Weight":1,"CFrame":[0.9901095032691956,0.4095630645751953,0.3403816223144531,0.2675156593322754,0.9446421265602112,-0.1899648755788803,-0.4403860569000244,0.29522091150283816,0.8478824496269226,0.8570272326469421,-0.1431640237569809,0.494983434677124],"EasingStyle":"Linear","EasingDirection":"In"}}},{"Time":0.3333333432674408,"poses":{"Left Leg":{"Weight":1,"CFrame":[-0.4553111791610718,-0.13824176788330079,0.25224769115448,0.8928048014640808,-0.23009853065013886,0.3872392773628235,0.39533209800720217,0.8123162388801575,-0.42878299951553347,-0.21589842438697816,0.5359076261520386,0.8162052631378174],"EasingStyle":"Linear","EasingDirection":"In"},"Right Arm":{"Weight":1,"CFrame":[0.5299448370933533,-0.5422322750091553,-0.30886369943618777,-0.6824192404747009,-0.5741176009178162,-0.45242995023727419,0.6221194863319397,-0.7811355590820313,0.05286439508199692,-0.38375964760780337,-0.24539008736610413,0.8902316689491272],"EasingStyle":"Linear","EasingDirection":"In"},"Head":{"Weight":1,"CFrame":[3.725290298461914e-8,-3.725290298461914e-9,0.016661763191223146,0.9547576308250427,-0.2538050413131714,0.15498708188533784,0.2297094315290451,0.960401713848114,0.157677561044693,-0.18886922299861909,-0.11494188755750656,0.9752522110939026],"EasingStyle":"Linear","EasingDirection":"In"},"Left Arm":{"Weight":1,"CFrame":[-0.7254132628440857,-0.5984565615653992,-1.2928364276885987,-0.768296480178833,0.2016124725341797,-0.6075138449668884,-0.5801800489425659,-0.6202654838562012,0.5278844833374023,-0.2703918218612671,0.7580390572547913,0.5935190916061401],"EasingStyle":"Linear","EasingDirection":"In"},"Torso":{"Weight":1,"CFrame":[0.4038543701171875,-0.14094498753547669,-0.44571447372436526,0.95700603723526,0.22046151757240296,-0.18851032853126527,-0.24407781660556794,0.9631892442703247,-0.11266116052865982,0.1567336618900299,0.15382862091064454,0.9755876660346985],"EasingStyle":"Linear","EasingDirection":"In"},"HumanoidRootPart":{"Weight":0,"CFrame":[0,0,0,1,0,0,0,1,0,0,0,1],"EasingStyle":"Linear","EasingDirection":"In"},"Right Leg":{"Weight":1,"CFrame":[1.0135538578033448,0.4608888030052185,0.29388582706451418,0.2464057356119156,0.9524433016777039,-0.17926530539989472,-0.36824271082878115,0.26310497522354128,0.8917247653007507,0.8964828848838806,-0.15371301770210267,0.4155610501766205],"EasingStyle":"Linear","EasingDirection":"In"}}},{"Time":0.36666667461395266,"poses":{"Left Leg":{"Weight":1,"CFrame":[-0.3456762135028839,-0.1631627082824707,0.18417930603027345,0.9072399735450745,-0.16645927727222444,0.38627326488494875,0.33356136083602908,0.8441748023033142,-0.419649600982666,-0.25622761249542239,0.5095686912536621,0.8213934898376465],"EasingStyle":"Linear","EasingDirection":"In"},"Right Arm":{"Weight":1,"CFrame":[0.5532905459403992,-0.33664670586586,-0.3049788475036621,-0.686500608921051,-0.5401322841644287,-0.4867996871471405,0.6264099478721619,-0.7792685627937317,-0.018740253522992135,-0.36922553181648257,-0.3178013265132904,0.8733127117156982],"EasingStyle":"Linear","EasingDirection":"In"},"Head":{"Weight":1,"CFrame":[2.123415470123291e-7,-7.450580596923828e-9,0.016662240028381349,0.9545550346374512,-0.24944931268692017,0.16309435665607453,0.2247142195701599,0.9618645906448364,0.1559489369392395,-0.1957760453224182,-0.11221224814653397,0.9742075204849243],"EasingStyle":"Linear","EasingDirection":"In"},"Left Arm":{"Weight":1,"CFrame":[-0.7254744172096252,-0.5770624279975891,-1.294116497039795,-0.779411256313324,0.1529945582151413,-0.6075448989868164,-0.5396783351898193,-0.6565013527870178,0.5270231366157532,-0.31822243332862856,0.7386465668678284,0.5942522883415222],"EasingStyle":"Linear","EasingDirection":"In"},"Torso":{"Weight":1,"CFrame":[0.39068174362182619,-0.13805365562438966,-0.35265231132507326,0.9567559957504273,0.21545395255088807,-0.19544196128845216,-0.23969043791294099,0.9645974040031433,-0.11000163108110428,0.164822518825531,0.15209029614925385,0.974526584148407],"EasingStyle":"Linear","EasingDirection":"In"},"HumanoidRootPart":{"Weight":0,"CFrame":[0,0,0,1,0,0,0,1,0,0,0,1],"EasingStyle":"Linear","EasingDirection":"In"},"Right Leg":{"Weight":1,"CFrame":[1.0044242143630982,0.43897998332977297,0.26482439041137698,0.32290467619895937,0.9279499650001526,-0.18612244725227357,-0.42255863547325137,0.3173218369483948,0.8489705920219421,0.8468629121780396,-0.19548895955085755,0.4945780038833618],"EasingStyle":"Linear","EasingDirection":"In"}}},{"Time":0.4000000059604645,"poses":{"Left Leg":{"Weight":1,"CFrame":[-0.10385975241661072,-0.18880236148834229,0.05279505252838135,0.9239096641540527,-0.03439721837639809,0.3810616135597229,0.19752657413482667,0.8958449959754944,-0.39805155992507937,-0.3276803195476532,0.44303327798843386,0.8344741463661194],"EasingStyle":"Linear","EasingDirection":"In"},"Right Arm":{"Weight":1,"CFrame":[0.5729689598083496,-0.1657591164112091,-0.2967758774757385,-0.6974011659622192,-0.5065851211547852,-0.5069547295570374,0.6215028166770935,-0.7797347903251648,-0.07581500709056854,-0.3568834960460663,-0.36794742941856387,0.8586320281028748],"EasingStyle":"Linear","EasingDirection":"In"},"Head":{"Weight":1,"CFrame":[4.470348358154297e-8,-2.60770320892334e-8,0.01666259765625,0.9567411541938782,-0.23654252290725709,0.1693931519985199,0.2123279720544815,0.9657244086265564,0.14930960536003114,-0.19890527427196504,-0.106883704662323,0.9741727709770203],"EasingStyle":"Linear","EasingDirection":"In"},"Left Arm":{"Weight":1,"CFrame":[-0.7252935171127319,-0.5605069994926453,-1.2954175472259522,-0.7907882928848267,0.12056893855333328,-0.6000977158546448,-0.5025262832641602,-0.687627375125885,0.5240573287010193,-0.3494585454463959,0.7159830331802368,0.6043564677238464],"EasingStyle":"Linear","EasingDirection":"In"},"Torso":{"Weight":1,"CFrame":[0.3666890263557434,-0.13172504305839539,-0.21505212783813477,0.958814799785614,0.20303663611412049,-0.19862152636051179,-0.22673730552196504,0.9683117270469666,-0.10470326989889145,0.1710689663887024,0.1454259604215622,0.974467396736145],"EasingStyle":"Linear","EasingDirection":"In"},"HumanoidRootPart":{"Weight":0,"CFrame":[0,0,0,1,0,0,0,1,0,0,0,1],"EasingStyle":"Linear","EasingDirection":"In"},"Right Leg":{"Weight":1,"CFrame":[0.981784462928772,0.40880286693573,0.2168583869934082,0.45592692494392397,0.8698223829269409,-0.18851973116397859,-0.4899227023124695,0.4221130609512329,0.7627558708190918,0.7430386543273926,-0.2554008364677429,0.6185984015464783],"EasingStyle":"Linear","EasingDirection":"In"}}},{"Time":0.4333333373069763,"poses":{"Left Leg":{"Weight":1,"CFrame":[0.20980118215084077,-0.18628501892089845,-0.08902251720428467,0.9204447865486145,0.1262565404176712,0.3699197769165039,0.02400047704577446,0.9263533353805542,-0.3758903741836548,-0.3901350796222687,0.35486456751823428,0.8496267795562744],"EasingStyle":"Linear","EasingDirection":"In"},"Right Arm":{"Weight":1,"CFrame":[0.5816855430603027,-0.09466877579689026,-0.2830451726913452,-0.7123385667800903,-0.4781932234764099,-0.5137168765068054,0.6048649549484253,-0.789535403251648,-0.10378894954919815,-0.3559665381908417,-0.3846622407436371,0.8516589403152466],"EasingStyle":"Linear","EasingDirection":"In"},"Head":{"Weight":1,"CFrame":[7.078051567077637e-8,-1.6763806343078614e-8,0.0166623592376709,0.9607006907463074,-0.21664544939994813,0.17354828119277955,0.19399085640907288,0.9711789488792419,0.13848824799060822,-0.1985493302345276,-0.09937896579504013,0.9750394821166992],"EasingStyle":"Linear","EasingDirection":"In"},"Left Arm":{"Weight":1,"CFrame":[-0.725044846534729,-0.5540918707847595,-1.296372413635254,-0.796592652797699,0.11272497475147248,-0.5939135551452637,-0.48305657505989077,-0.709377110004425,0.5132648944854736,-0.363450825214386,0.6957565546035767,0.6195368766784668],"EasingStyle":"Linear","EasingDirection":"In"},"Torso":{"Weight":1,"CFrame":[0.33319157361984255,-0.12252059578895569,-0.14069867134094239,0.962581992149353,0.1846567839384079,-0.19833756983280183,-0.2067863643169403,0.9735466837882996,-0.0971919596195221,0.17514373362064362,0.1345687359571457,0.9753029942512512],"EasingStyle":"Linear","EasingDirection":"In"},"HumanoidRootPart":{"Weight":0,"CFrame":[0,0,0,1,0,0,0,1,0,0,0,1],"EasingStyle":"Linear","EasingDirection":"In"},"Right Leg":{"Weight":1,"CFrame":[0.9571473598480225,0.4025796055793762,0.15811538696289063,0.5739688277244568,0.7986446022987366,-0.180904820561409,-0.5092983245849609,0.5211501717567444,0.6848487257957459,0.6412293314933777,-0.30094730854034426,0.7058723568916321],"EasingStyle":"Linear","EasingDirection":"In"}}},{"Time":0.46666666865348818,"poses":{"Left Leg":{"Weight":1,"CFrame":[0.2023167610168457,-0.17246770858764649,-0.07944196462631226,0.92820805311203,0.11301354318857193,0.3544825613498688,0.018706880509853364,0.9373711347579956,-0.3478296399116516,-0.3715912103652954,0.329489529132843,0.8679612278938294],"EasingStyle":"Linear","EasingDirection":"In"},"Right Arm":{"Weight":1,"CFrame":[0.5752474069595337,-0.17900103330612184,-0.26286596059799197,-0.737669050693512,-0.4648137390613556,-0.48968634009361269,0.5707927346229553,-0.8167232871055603,-0.08460905402898789,-0.3606107831001282,-0.34192293882369997,0.8677837252616882],"EasingStyle":"Linear","EasingDirection":"In"},"Head":{"Weight":1,"CFrame":[1.3783574104309083e-7,-2.514570951461792e-8,0.016662240028381349,0.9659491777420044,-0.19130302965641023,0.1741994023323059,0.1711694598197937,0.9773821830749512,0.12419851124286652,-0.19401901960372926,-0.09015175700187683,0.9768466353416443],"EasingStyle":"Linear","EasingDirection":"In"},"Left Arm":{"Weight":1,"CFrame":[-0.7266647815704346,-0.5677636861801148,-1.2968053817749024,-0.7986887693405151,0.1210496723651886,-0.5894432067871094,-0.4774705767631531,-0.7236447930335999,0.49835753440856936,-0.36622145771980288,0.6794742941856384,0.635764479637146],"EasingStyle":"Linear","EasingDirection":"In"},"Torso":{"Weight":1,"CFrame":[0.2923128008842468,-0.11101911962032318,-0.08986091613769531,0.9675891399383545,0.16178834438323975,-0.19389641284942628,-0.18139278888702393,0.9794732332229614,-0.08791470527648926,0.17569275200366975,0.12023673951625824,0.9770748019218445],"EasingStyle":"Linear","EasingDirection":"In"},"HumanoidRootPart":{"Weight":0,"CFrame":[0,0,0,1,0,0,0,1,0,0,0,1],"EasingStyle":"Linear","EasingDirection":"In"},"Right Leg":{"Weight":1,"CFrame":[0.9086073637008667,0.3999045491218567,0.10364127159118653,0.6864745020866394,0.7073906660079956,-0.16837845742702485,-0.4931577146053314,0.6230815052986145,0.60709547996521,0.5343671441078186,-0.333718478679657,0.7765846252441406],"EasingStyle":"Linear","EasingDirection":"In"}}},{"Time":0.5,"poses":{"Left Leg":{"Weight":1,"CFrame":[0.19310879707336427,-0.15521490573883058,-0.06863898038864136,0.9369414448738098,0.09779316186904907,0.33552542328834536,0.012900268658995629,0.9497209787368774,-0.3128317892551422,-0.3492484390735626,0.29743340611457827,0.8885713219642639],"EasingStyle":"Linear","EasingDirection":"In"},"Right Arm":{"Weight":1,"CFrame":[0.558776319026947,-0.3792787492275238,-0.23884320259094239,-0.7753955721855164,-0.4656873941421509,-0.42649370431900027,0.5216825604438782,-0.8529682755470276,-0.017101526260375978,-0.3558216392993927,-0.23575492203235627,0.9043288826942444],"EasingStyle":"Linear","EasingDirection":"In"},"Head":{"Weight":1,"CFrame":[3.91155481338501e-8,-2.0489096641540528e-8,0.0166623592376709,0.9719489812850952,-0.16215015947818757,0.17036058008670808,0.14528098702430726,0.9835559725761414,0.10728984326124191,-0.18495617806911469,-0.07953005284070969,0.9795235395431519],"EasingStyle":"Linear","EasingDirection":"In"},"Left Arm":{"Weight":1,"CFrame":[-0.7307306528091431,-0.6014623045921326,-1.295981526374817,-0.8039240837097168,0.13470077514648438,-0.579276978969574,-0.47361117601394656,-0.7341251969337463,0.48657268285751345,-0.3597201108932495,0.6655192971229553,0.653976559638977],"EasingStyle":"Linear","EasingDirection":"In"},"Torso":{"Weight":1,"CFrame":[0.24590277671813966,-0.0976988673210144,-0.05773806571960449,0.9733148813247681,0.13585539162158967,-0.18493692576885224,-0.152200385928154,0.9853302836418152,-0.07719633728265763,0.17173641920089723,0.10328380018472672,0.9797137975692749],"EasingStyle":"Linear","EasingDirection":"In"},"HumanoidRootPart":{"Weight":0,"CFrame":[0,0,0,1,0,0,0,1,0,0,0,1],"EasingStyle":"Linear","EasingDirection":"In"},"Right Leg":{"Weight":1,"CFrame":[0.8313634395599365,0.38893628120422366,0.06150186061859131,0.7849727272987366,0.6000336408615112,-0.1541997790336609,-0.44495123624801638,0.7192214727401733,0.53360915184021,0.4310874044895172,-0.35025733709335329,0.8315550088882446],"EasingStyle":"Linear","EasingDirection":"In"}}},{"Time":0.5333333611488342,"poses":{"Left Leg":{"Weight":1,"CFrame":[0.1825367510318756,-0.13459599018096925,-0.057378530502319339,0.9459404349327087,0.08198774605989456,0.3138071298599243,0.006483601871877909,0.9625498056411743,-0.27102768421173098,-0.324275940656662,0.25841057300567629,0.9099830985069275],"EasingStyle":"Linear","EasingDirection":"In"},"Right Arm":{"Weight":1,"CFrame":[0.538994312286377,-0.6178719997406006,-0.21509402990341187,-0.8157632946968079,-0.4684106409549713,-0.339295893907547,0.4692618250846863,-0.8789418935775757,0.08517380803823471,-0.33811765909194949,-0.0897371768951416,0.9368157982826233],"EasingStyle":"Linear","EasingDirection":"In"},"Head":{"Weight":1,"CFrame":[1.0803341865539551e-7,2.60770320892334e-8,0.016662240028381349,0.9780189394950867,-0.13094781339168549,0.1622706949710846,0.1177007406949997,0.989074170589447,0.08876273036003113,-0.172121062874794,-0.06771223992109299,0.982745885848999],"EasingStyle":"Linear","EasingDirection":"In"},"Left Arm":{"Weight":1,"CFrame":[-0.7353665232658386,-0.6454916596412659,-1.2927135229110718,-0.813377320766449,0.15884420275688172,-0.5596302151679993,-0.4735927879810333,-0.7394617795944214,0.4784417748451233,-0.3378273546695709,0.6541902422904968,0.6766887307167053],"EasingStyle":"Linear","EasingDirection":"In"},"Torso":{"Weight":1,"CFrame":[0.1948907971382141,-0.0829412117600441,-0.03973960876464844,0.9790944457054138,0.10823803395032883,-0.17221699655056,-0.12097591161727905,0.990509033203125,-0.06524378806352616,0.16352063417434693,0.08471392840147019,0.9828960299491882],"EasingStyle":"Linear","EasingDirection":"In"},"HumanoidRootPart":{"Weight":0,"CFrame":[0,0,0,1,0,0,0,1,0,0,0,1],"EasingStyle":"Linear","EasingDirection":"In"},"Right Leg":{"Weight":1,"CFrame":[0.725712776184082,0.3621695637702942,0.03344905376434326,0.8642218708992004,0.4828537404537201,-0.14132541418075562,-0.37205037474632265,0.802451491355896,0.4665299654006958,0.3386724889278412,-0.3506052494049072,0.8731420636177063],"EasingStyle":"Linear","EasingDirection":"In"}}},{"Time":0.5666666626930237,"poses":{"Left Leg":{"Weight":1,"CFrame":[0.17105314135551454,-0.11078667640686035,-0.04645901918411255,0.9546095728874207,0.06682149320840836,0.29026809334754946,-0.0005027970182709396,0.9748713970184326,-0.2227678894996643,-0.2978597581386566,0.2125103771686554,0.9306551814079285],"EasingStyle":"Linear","EasingDirection":"In"},"Right Arm":{"Weight":1,"CFrame":[0.5224272608757019,-0.8173251152038574,-0.19597220420837403,-0.8494980335235596,-0.4669179320335388,-0.24564367532730103,0.42632991075515749,-0.8817854523658752,0.20173560082912446,-0.3107990324497223,0.06664861738681793,0.948136031627655],"EasingStyle":"Linear","EasingDirection":"In"},"Head":{"Weight":1,"CFrame":[9.12696123123169e-8,1.4668330550193787e-8,0.016662001609802247,0.9836214780807495,-0.09952231496572495,0.15028059482574464,0.08988696336746216,0.9935158491134644,0.06961812078952789,-0.1562347263097763,-0.054969608783721927,0.9861892461776733],"EasingStyle":"Linear","EasingDirection":"In"},"Left Arm":{"Weight":1,"CFrame":[-0.7386987209320068,-0.6901508569717407,-1.2858449220657349,-0.8269366025924683,0.198715478181839,-0.5260114669799805,-0.4793565273284912,-0.7381316423416138,0.4747411608695984,-0.2939271926879883,0.6447277069091797,0.7056435942649841],"EasingStyle":"Linear","EasingDirection":"In"},"Torso":{"Weight":1,"CFrame":[0.14023888111114503,-0.06718720495700836,-0.031275033950805667,0.9844074845314026,0.08039790391921997,-0.15645496547222138,-0.08954888582229614,0.9946064352989197,-0.05233660712838173,0.15140335261821748,0.06553091108798981,0.9862974882125855],"EasingStyle":"Linear","EasingDirection":"In"},"HumanoidRootPart":{"Weight":0,"CFrame":[0,0,0,1,0,0,0,1,0,0,0,1],"EasingStyle":"Linear","EasingDirection":"In"},"Right Leg":{"Weight":1,"CFrame":[0.594660222530365,0.3181205987930298,0.017293214797973634,0.9223763942718506,0.36300739645957949,-0.1320885568857193,-0.2839668393135071,0.8689931631088257,0.4052329659461975,0.2618866562843323,-0.3362686038017273,0.904620885848999],"EasingStyle":"Linear","EasingDirection":"In"}}},{"Time":0.6000000238418579,"poses":{"Left Leg":{"Weight":1,"CFrame":[0.1592390388250351,-0.08411836624145508,-0.036671996116638187,0.9624736309051514,0.053238313645124438,0.2661018967628479,-0.007869942113757134,0.9856312870979309,-0.16872768104076386,-0.27126118540763857,0.16030174493789674,0.9490630626678467],"EasingStyle":"Linear","EasingDirection":"In"},"Right Arm":{"Weight":1,"CFrame":[0.5152573585510254,-0.90058833360672,-0.1859636902809143,-0.8697700500488281,-0.465596079826355,-0.16346405446529389,0.4031231105327606,-0.8614766597747803,0.30878782272338869,-0.28459081053733828,0.20267806947231294,0.9369789958000183],"EasingStyle":"Linear","EasingDirection":"In"},"Head":{"Weight":1,"CFrame":[1.0989606380462647e-7,-2.561137080192566e-9,0.016662240028381349,0.9884055852890015,-0.06973551958799362,0.13487555086612702,0.06338591128587723,0.9966945648193359,0.05081743746995926,-0.13797351717948914,-0.04167904704809189,0.9895585775375366],"EasingStyle":"Linear","EasingDirection":"In"},"Left Arm":{"Weight":1,"CFrame":[-0.7388586401939392,-0.7257301807403565,-1.2742788791656495,-0.8420112133026123,0.2595774531364441,-0.47290268540382388,-0.4922954738140106,-0.7282037138938904,0.4768277704715729,-0.22059571743011475,0.634302020072937,0.7409442067146301],"EasingStyle":"Linear","EasingDirection":"In"},"Torso":{"Weight":1,"CFrame":[0.08294671773910523,-0.05096421390771866,-0.027728796005249025,0.9889203310012817,0.05388215184211731,-0.1383233517408371,-0.05978252738714218,0.9974547624588013,-0.03885927051305771,0.13587746024131776,0.04669804126024246,0.9896245002746582],"EasingStyle":"Linear","EasingDirection":"In"},"HumanoidRootPart":{"Weight":0,"CFrame":[0,0,0,1,0,0,0,1,0,0,0,1],"EasingStyle":"Linear","EasingDirection":"In"},"Right Leg":{"Weight":1,"CFrame":[0.4451262056827545,0.2610904574394226,0.009157896041870118,0.9599095582962036,0.24919337034225465,-0.1283603459596634,-0.19183185696601869,0.9178900122642517,0.3473881483078003,0.20438754558563233,-0.3088376224040985,0.928894579410553],"EasingStyle":"Linear","EasingDirection":"In"}}},{"Time":0.6333333253860474,"poses":{"Left Leg":{"Weight":1,"CFrame":[0.14782749116420747,-0.055104732513427737,-0.028742074966430665,0.9691799879074097,0.041690170764923099,0.24280063807964326,-0.01520291157066822,0.9938198924064636,-0.10995930433273316,-0.24588434398174287,0.10287907719612122,0.9638240933418274],"EasingStyle":"Linear","EasingDirection":"In"},"Right Arm":{"Weight":1,"CFrame":[0.5166972279548645,-0.8852978944778442,-0.20943325757980348,-0.8765450716018677,-0.46979811787605288,-0.10468264669179917,0.39874520897865298,-0.8305948376655579,0.38873475790023806,-0.26957571506500246,0.29900166392326357,0.915383517742157],"EasingStyle":"Linear","EasingDirection":"In"},"Head":{"Weight":1,"CFrame":[3.9814040064811709e-8,-1.0244548320770264e-8,0.016661763191223146,0.9922195076942444,-0.043447330594062808,0.11667444556951523,0.03981996327638626,0.9986537098884583,0.03324388340115547,-0.11796174943447113,-0.02833923138678074,0.9