{"Sequence":[{"Time":0,"poses":{"Left Leg":{"Weight":1,"CFrame":[-0.41549599170684817,-0.054497361183166507,-0.03532421588897705,0.927775502204895,-0.36381617188453677,-0.08288813382387161,0.3688625395298004,0.9277626276016235,0.056541524827480319,0.056329745799303058,-0.08303217589855194,0.9949536323547363],"EasingStyle":"Linear","EasingDirection":"In"},"Right Arm":{"Weight":1,"CFrame":[0.537741482257843,-0.3372165560722351,-0.2804652452468872,0.038485389202833179,-0.0402691550552845,0.9984474778175354,0.9851817488670349,-0.1655992567539215,-0.04465292766690254,0.16714029014110566,0.9853706955909729,0.033299218863248828],"EasingStyle":"Linear","EasingDirection":"In"},"Head":{"Weight":1,"CFrame":[9.685754776000977e-8,-5.2619725465774539e-8,0.016661882400512697,0.750028669834137,-0.6385480761528015,-0.17237624526023866,0.6450119614601135,0.7638266682624817,-0.02298828586935997,0.14634466171264649,-0.093942791223526,0.984762966632843],"EasingStyle":"Linear","EasingDirection":"In"},"Right Leg":{"Weight":1,"CFrame":[0.6867842078208923,0.04525262117385864,0.6021150350570679,0.6770244836807251,0.6201587915420532,-0.39628371596336367,-0.6736516356468201,0.7390274405479431,0.005641663447022438,0.29636332392692568,0.2631376087665558,0.9181107878684998],"EasingStyle":"Linear","EasingDirection":"In"},"Torso":{"Weight":1,"CFrame":[0.0408182367682457,0.1544128954410553,-0.015655040740966798,0.9954406023025513,-0.08145856857299805,0.04962333291769028,0.07080966979265213,0.9796664118766785,0.18772238492965699,-0.06390590220689774,-0.18335267901420594,0.9809678196907044],"EasingStyle":"Linear","EasingDirection":"In"},"HumanoidRootPart":{"Weight":1,"CFrame":[0,0,0,1,0,0,0,1,0,0,0,1],"EasingStyle":"Linear","EasingDirection":"In"},"Left Arm":{"Weight":1,"CFrame":[-0.5104948282241821,-0.4459390640258789,-0.3259410858154297,-0.09247279912233353,-0.17795783281326295,-0.979683518409729,-0.9879449605941773,0.13907590508460999,0.06798971444368363,0.12415114790201187,0.9741606116294861,-0.18867364525794984],"EasingStyle":"Linear","EasingDirection":"In"}}},{"Time":0.03333333507180214,"poses":{"Left Leg":{"Weight":1,"CFrame":[-0.5002484321594238,-0.044151902198791507,-0.009663879871368409,0.9044612050056458,-0.4259975850582123,-0.021819913759827615,0.42640358209609988,0.9015870094299316,0.07294401526451111,-0.011401438154280186,-0.0752791091799736,0.9970974326133728],"EasingStyle":"Linear","EasingDirection":"In"},"Right Arm":{"Weight":1,"CFrame":[0.5377417206764221,-0.3372161388397217,-0.2804650068283081,0.0384853333234787,-0.04026924818754196,0.9984474778175354,0.9851817488670349,-0.1655992567539215,-0.04465291649103165,0.16714030504226685,0.9853706955909729,0.03329937905073166],"EasingStyle":"Linear","EasingDirection":"In"},"Head":{"Weight":1,"CFrame":[6.332993507385254e-8,-3.818422555923462e-8,0.016662240028381349,0.7522452473640442,-0.6484661102294922,-0.11670035868883133,0.6510526537895203,0.7587786912918091,-0.019631244242191316,0.10127992182970047,-0.06121048703789711,0.9929732084274292],"EasingStyle":"Linear","EasingDirection":"In"},"Right Leg":{"Weight":1,"CFrame":[0.7053201198577881,0.14216017723083497,0.5766246318817139,0.7015513181686401,0.6050313115119934,-0.3765140473842621,-0.6238007545471191,0.7768369317054749,0.08600566536188126,0.34452617168426516,0.17453232407569886,0.9224100112915039],"EasingStyle":"Linear","EasingDirection":"In"},"Torso":{"Weight":1,"CFrame":[0.044831253588199618,0.1600354015827179,-0.0657491683959961,0.9950164556503296,-0.0834982767701149,0.05450202897191048,0.07143744081258774,0.9782863259315491,0.1945577710866928,-0.06956382840871811,-0.18969470262527467,0.9793757200241089],"EasingStyle":"Linear","EasingDirection":"In"},"HumanoidRootPart":{"Weight":1,"CFrame":[0,0,0,1,0,0,0,1,0,0,0,1],"EasingStyle":"Linear","EasingDirection":"In"},"Left Arm":{"Weight":1,"CFrame":[-0.5104949474334717,-0.4459391236305237,-0.3259410262107849,-0.09247277677059174,-0.17795799672603608,-0.9796834588050842,-0.987945020198822,0.1390758901834488,0.06798963248729706,0.12415114045143128,0.9741606712341309,-0.18867380917072297],"EasingStyle":"Linear","EasingDirection":"In"}}},{"Time":0.06666667014360428,"poses":{"Left Leg":{"Weight":1,"CFrame":[-0.5594339966773987,-0.015101790428161621,0.07545280456542969,0.8608991503715515,-0.4953480362892151,0.11611644178628922,0.4853275716304779,0.8680363297462463,0.10473836958408356,-0.15267522633075715,-0.03381466120481491,0.9876977205276489],"EasingStyle":"Linear","EasingDirection":"In"},"Right Arm":{"Weight":1,"CFrame":[0.5377415418624878,-0.33721643686294558,-0.2804650664329529,0.038485389202833179,-0.040269069373607638,0.9984474778175354,0.9851818084716797,-0.1655992716550827,-0.04465289041399956,0.16714030504226685,0.9853706955909729,0.03329899162054062],"EasingStyle":"Linear","EasingDirection":"In"},"Head":{"Weight":1,"CFrame":[7.450580596923828e-8,-2.9802322387695315e-8,0.016662001609802247,0.75082927942276,-0.6582800149917603,-0.05406259372830391,0.6576745510101318,0.7526710629463196,-0.03083578497171402,0.060989860445261,-0.012403177097439766,0.9980613589286804],"EasingStyle":"Linear","EasingDirection":"In"},"Right Leg":{"Weight":1,"CFrame":[0.6764445900917053,0.24102813005447389,0.5176748037338257,0.7716658115386963,0.5278732776641846,-0.35479792952537539,-0.5079540610313416,0.8471959233283997,0.1556979864835739,0.38277217745780947,0.06007421761751175,0.9218875765800476],"EasingStyle":"Linear","EasingDirection":"In"},"Torso":{"Weight":1,"CFrame":[0.04941174387931824,0.16802969574928285,-0.14048552513122559,0.9945785999298096,-0.0848817229270935,0.06007061526179314,0.07098690420389176,0.9763360619544983,0.20427659153938294,-0.07598844915628433,-0.198904886841774,0.9770684838294983],"EasingStyle":"Linear","EasingDirection":"In"},"HumanoidRootPart":{"Weight":1,"CFrame":[0,0,0,1,0,0,0,1,0,0,0,1],"EasingStyle":"Linear","EasingDirection":"In"},"Left Arm":{"Weight":1,"CFrame":[-0.5104948878288269,-0.4459390640258789,-0.3259410262107849,-0.0924728736281395,-0.1779579371213913,-0.9796834588050842,-0.9879449605941773,0.13907591998577119,0.06798974424600601,0.12415116280317307,0.9741606712341309,-0.18867354094982148],"EasingStyle":"Linear","EasingDirection":"In"}}},{"Time":0.10000000149011612,"poses":{"Left Leg":{"Weight":1,"CFrame":[-0.573291540145874,0.021580040454864503,0.17686867713928224,0.8020954132080078,-0.5425912737846375,0.24947501718997956,0.524865984916687,0.8397704362869263,0.13892917335033418,-0.2848834693431854,0.019506528973579408,0.9583636522293091],"EasingStyle":"Linear","EasingDirection":"In"},"Right Arm":{"Weight":1,"CFrame":[0.5377416610717773,-0.33721625804901125,-0.2804650664329529,0.03848538175225258,-0.04026898369193077,0.9984475374221802,0.9851817488670349,-0.1655992716550827,-0.04465290904045105,0.16714027523994447,0.9853706955909729,0.03329898789525032],"EasingStyle":"Linear","EasingDirection":"In"},"Head":{"Weight":1,"CFrame":[9.12696123123169e-8,-4.6566128730773929e-9,0.016662240028381349,0.7476139068603516,-0.6641066670417786,0.005989575758576393,0.6634435057640076,0.7463953495025635,-0.05231368914246559,0.0302712582051754,0.04308411106467247,0.9986128211021423],"EasingStyle":"Linear","EasingDirection":"In"},"Right Leg":{"Weight":1,"CFrame":[0.5882062911987305,0.2764779329299927,0.4467942714691162,0.8458942174911499,0.41345512866973879,-0.33692413568496706,-0.3626604974269867,0.9090796709060669,0.20506449043750764,0.3910757601261139,-0.05127381905913353,0.9189291596412659],"EasingStyle":"Linear","EasingDirection":"In"},"Torso":{"Weight":1,"CFrame":[0.0553988516330719,0.1787971556186676,-0.2094104290008545,0.9938399195671082,-0.08801393955945969,0.06734924763441086,0.07147971540689469,0.9734693169593811,0.2173667550086975,-0.08469372242689133,-0.211213618516922,0.9737638235092163],"EasingStyle":"Linear","EasingDirection":"In"},"HumanoidRootPart":{"Weight":1,"CFrame":[0,0,0,1,0,0,0,1,0,0,0,1],"EasingStyle":"Linear","EasingDirection":"In"},"Left Arm":{"Weight":1,"CFrame":[-0.5104949474334717,-0.44593897461891177,-0.3259410262107849,-0.09247280657291413,-0.17795798182487489,-0.979683518409729,-0.9879449605941773,0.13907591998577119,0.06798970699310303,0.12415112555027008,0.9741606712341309,-0.18867377936840058],"EasingStyle":"Linear","EasingDirection":"In"}}},{"Time":0.13333334028720857,"poses":{"Left Leg":{"Weight":1,"CFrame":[-0.572566032409668,0.039290010929107669,0.23052644729614259,0.7672222852706909,-0.5639036893844605,0.305585652589798,0.5432614684104919,0.8246137499809265,0.15773120522499085,-0.3409354090690613,0.04499804228544235,0.9390092492103577],"EasingStyle":"Linear","EasingDirection":"In"},"Right Arm":{"Weight":1,"CFrame":[0.5377415418624878,-0.3372166156768799,-0.2804650664329529,0.038485318422317508,-0.04026905447244644,0.9984474182128906,0.9851817488670349,-0.1655993014574051,-0.04465288668870926,0.16714030504226685,0.9853706955909729,0.03329908475279808],"EasingStyle":"Linear","EasingDirection":"In"},"Head":{"Weight":1,"CFrame":[8.754432201385498e-8,-2.0489096641540528e-8,0.016661882400512697,0.743880033493042,-0.6658728122711182,0.05706050246953964,0.6682652235031128,0.7400871515274048,-0.07544956356287003,0.00801003072410822,0.09425702691078186,0.995515763759613],"EasingStyle":"Linear","EasingDirection":"In"},"Right Leg":{"Weight":1,"CFrame":[0.4522620737552643,0.24151521921157838,0.387931227684021,0.8987354040145874,0.2921886742115021,-0.326956182718277,-0.22423534095287324,0.9470198154449463,0.22993957996368409,0.3768197298049927,-0.1333397775888443,0.9166393280029297],"EasingStyle":"Linear","EasingDirection":"In"},"Torso":{"Weight":1,"CFrame":[0.06119893491268158,0.18869763612747193,-0.2409963607788086,0.9929583072662354,-0.09218643605709076,0.07440049946308136,0.07292158901691437,0.970596194267273,0.22940294444561006,-0.09336066991090775,-0.22236217558383943,0.9704838395118713],"EasingStyle":"Linear","EasingDirection":"In"},"HumanoidRootPart":{"Weight":1,"CFrame":[0,0,0,1,0,0,0,1,0,0,0,1],"EasingStyle":"Linear","EasingDirection":"In"},"Left Arm":{"Weight":1,"CFrame":[-0.5104948282241821,-0.4459393620491028,-0.32594096660614016,-0.09247288852930069,-0.1779579371213913,-0.979683518409729,-0.9879449605941773,0.13907590508460999,0.06798973679542542,0.12415111064910889,0.9741605520248413,-0.18867363035678864],"EasingStyle":"Linear","EasingDirection":"In"}}},{"Time":0.1666666716337204,"poses":{"Left Leg":{"Weight":1,"CFrame":[-0.5369956493377686,0.028232574462890626,0.2299102544784546,0.7767107486724854,-0.552149772644043,0.303069144487381,0.5302951335906982,0.832891583442688,0.15836289525032044,-0.3398638367652893,0.037713922560214999,0.9397183060646057],"EasingStyle":"Linear","EasingDirection":"In"},"Right Arm":{"Weight":1,"CFrame":[0.537741482257843,-0.3372163772583008,-0.2804650664329529,0.03848540410399437,-0.040269047021865848,0.9984475374221802,0.9851816892623901,-0.16559921205043794,-0.04465295746922493,0.16714026033878327,0.9853706359863281,0.03329899534583092],"EasingStyle":"Linear","EasingDirection":"In"},"Head":{"Weight":1,"CFrame":[8.195638656616211e-8,3.166496753692627e-8,0.0166623592376709,0.7409425377845764,-0.664986789226532,0.09379234164953232,0.671511173248291,0.7354437112808228,-0.09052783250808716,-0.008779139257967472,0.13005854189395905,0.9914675354957581],"EasingStyle":"Linear","EasingDirection":"In"},"Right Leg":{"Weight":1,"CFrame":[0.31173932552337649,0.1775064468383789,0.35034966468811037,0.9221411943435669,0.20603777468204499,-0.32742050290107729,-0.13344436883926392,0.9638341069221497,0.2306871861219406,0.3631093502044678,-0.16903376579284669,0.9162856340408325],"EasingStyle":"Linear","EasingDirection":"In"},"Torso":{"Weight":1,"CFrame":[0.06467713415622711,0.19311165809631349,-0.20861482620239259,0.9922903180122376,-0.09579970687627793,0.07862899452447891,0.07496318966150284,0.9691563248634338,0.23476916551589967,-0.09869462251663208,-0.22706487774848939,0.9688658118247986],"EasingStyle":"Linear","EasingDirection":"In"},"HumanoidRootPart":{"Weight":1,"CFrame":[0,0,0,1,0,0,0,1,0,0,0,1],"EasingStyle":"Linear","EasingDirection":"In"},"Left Arm":{"Weight":1,"CFrame":[-0.5104947686195374,-0.44593918323516848,-0.3259410262107849,-0.09247288852930069,-0.17795789241790772,-0.979683518409729,-0.987945020198822,0.13907590508460999,0.06798975169658661,0.12415114045143128,0.9741606712341309,-0.18867351114749909],"EasingStyle":"Linear","EasingDirection":"In"}}},{"Time":0.20000000298023225,"poses":{"Left Leg":{"Weight":1,"CFrame":[-0.4350012540817261,0.01202172040939331,0.21069562435150147,0.8096375465393066,-0.5028184056282044,0.3027551770210266,0.4794483780860901,0.8641300797462463,0.15299829840660096,-0.33855029940605166,0.02128232829272747,0.9407076239585877],"EasingStyle":"Linear","EasingDirection":"In"},"Right Arm":{"Weight":1,"CFrame":[0.537741482257843,-0.3372166156768799,-0.28046512603759768,0.03848534822463989,-0.04026903584599495,0.9984475374221802,0.9851817488670349,-0.16559924185276032,-0.04465290158987045,0.16714027523994447,0.9853706955909729,0.033299025148153308],"EasingStyle":"Linear","EasingDirection":"In"},"Head":{"Weight":1,"CFrame":[1.1548399925231934e-7,4.0046870708465579e-8,0.016661763191223146,0.7404924035072327,-0.6633857488632202,0.10766004770994187,0.671808123588562,0.735076904296875,-0.09130033105611801,-0.018571069464087487,0.1399340182542801,0.9899866580963135],"EasingStyle":"Linear","EasingDirection":"In"},"Right Leg":{"Weight":1,"CFrame":[0.16709162294864655,0.11593520641326904,0.31368696689605715,0.9324145317077637,0.13852334022521974,-0.3337880074977875,-0.06604791432619095,0.9733837842941284,0.21945780515670777,0.35530394315719607,-0.18257972598075868,0.9167464375495911],"EasingStyle":"Linear","EasingDirection":"In"},"Torso":{"Weight":1,"CFrame":[0.06623873114585877,0.19030296802520753,-0.1316699981689453,0.9919198751449585,-0.09795776754617691,0.08061777055263519,0.07697203755378723,0.9698197245597839,0.23135459423065186,-0.10084768384695053,-0.22327987849712373,0.9695236086845398],"EasingStyle":"Linear","EasingDirection":"In"},"HumanoidRootPart":{"Weight":1,"CFrame":[0,0,0,1,0,0,0,1,0,0,0,1],"EasingStyle":"Linear","EasingDirection":"In"},"Left Arm":{"Weight":1,"CFrame":[-0.5104947090148926,-0.44593942165374758,-0.32594096660614016,-0.09247293323278427,-0.17795774340629579,-0.979683518409729,-0.9879449605941773,0.13907594978809358,0.0679897740483284,0.12415115535259247,0.9741606116294861,-0.18867354094982148],"EasingStyle":"Linear","EasingDirection":"In"}}},{"Time":0.23333333432674409,"poses":{"Left Leg":{"Weight":1,"CFrame":[-0.2958594262599945,0.00309145450592041,0.17866027355194093,0.8512563705444336,-0.42796245217323305,0.30366235971450808,0.4024294912815094,0.9037948250770569,0.14562058448791505,-0.3367686867713928,-0.001757708378136158,0.9415858387947083],"EasingStyle":"Linear","EasingDirection":"In"},"Right Arm":{"Weight":1,"CFrame":[0.5377416014671326,-0.33721640706062319,-0.2804650664329529,0.038485344499349597,-0.04026881977915764,0.9984475374221802,0.9851818084716797,-0.1655993014574051,-0.044652849435806277,0.16714033484458924,0.9853706955909729,0.03329884260892868],"EasingStyle":"Linear","EasingDirection":"In"},"Head":{"Weight":1,"CFrame":[7.82310962677002e-8,-2.2351741790771486e-8,0.016662120819091798,0.7450305223464966,-0.6603115200996399,0.09443555027246475,0.6668512225151062,0.740609347820282,-0.08250641077756882,-0.015459887683391571,0.12444428354501724,0.9921062588691711],"EasingStyle":"Linear","EasingDirection":"In"},"Right Leg":{"Weight":1,"CFrame":[0.08304297924041748,0.0780867338180542,0.28978431224823,0.9327729940414429,0.1077219620347023,-0.34399208426475527,-0.0399872250854969,0.9793351888656616,0.19825147092342378,0.3582395911216736,-0.17116834223270417,0.917805016040802],"EasingStyle":"Linear","EasingDirection":"In"},"Torso":{"Weight":1,"CFrame":[0.06736418604850769,0.18221917748451234,-0.047926902770996097,0.9916431903839111,-0.09908658266067505,0.08261820673942566,0.07866502553224564,0.9719762206077576,0.22152696549892426,-0.10225329548120499,-0.21317656338214875,0.971648097038269],"EasingStyle":"Linear","EasingDirection":"In"},"HumanoidRootPart":{"Weight":1,"CFrame":[0,0,0,1,0,0,0,1,0,0,0,1],"EasingStyle":"Linear","EasingDirection":"In"},"Left Arm":{"Weight":1,"CFrame":[-0.5104948282241821,-0.4459388852119446,-0.32594114542007449,-0.09247280657291413,-0.17795786261558534,-0.9796834588050842,-0.9879449605941773,0.13907590508460999,0.06798968464136124,0.12415114790201187,0.9741606712341309,-0.18867361545562745],"EasingStyle":"Linear","EasingDirection":"In"}}},{"Time":0.2666666805744171,"poses":{"Left Leg":{"Weight":1,"CFrame":[-0.18292918801307679,0.0029549598693847658,0.15285658836364747,0.8827260136604309,-0.35724493861198428,0.30523887276649477,0.33066046237945559,0.9338029623031616,0.13665923476219178,-0.3338538110256195,-0.01970217376947403,0.9424189925193787],"EasingStyle":"Linear","EasingDirection":"In"},"Right Arm":{"Weight":1,"CFrame":[0.5377416610717773,-0.3372163474559784,-0.2804650664329529,0.03848539665341377,-0.04026896134018898,0.9984475374221802,0.9851816892623901,-0.1655992716550827,-0.04465293884277344,0.16714029014110566,0.9853706955909729,0.03329892456531525],"EasingStyle":"Linear","EasingDirection":"In"},"Head":{"Weight":1,"CFrame":[8.381903171539307e-8,5.960464477539063e-8,0.016662001609802247,0.754013180732727,-0.6539326310157776,0.061938345432281497,0.6568588018417358,0.7507796287536621,-0.06976065039634705,-0.0008832812309265137,0.09328514337539673,0.9956390857696533],"EasingStyle":"Linear","EasingDirection":"In"},"Right Leg":{"Weight":1,"CFrame":[0.24507759511470796,0.10399085283279419,0.3444502353668213,0.9092899560928345,0.2155577838420868,-0.3559867739677429,-0.16344843804836274,0.9716440439224243,0.17085857689380647,0.38272225856781008,-0.09717455506324768,0.9187387228012085],"EasingStyle":"Linear","EasingDirection":"In"},"Torso":{"Weight":1,"CFrame":[0.06756949424743653,0.1697663962841034,0.005158901214599609,0.9914339780807495,-0.09952104091644287,0.08458375185728073,0.08028070628643036,0.9751712679862976,0.20638789236545564,-0.10302361100912094,-0.19782951474189759,0.9748075008392334],"EasingStyle":"Linear","EasingDirection":"In"},"HumanoidRootPart":{"Weight":1,"CFrame":[0,0,0,1,0,0,0,1,0,0,0,1],"EasingStyle":"Linear","EasingDirection":"In"},"Left Arm":{"Weight":1,"CFrame":[-0.5104949474334717,-0.4459392726421356,-0.32594096660614016,-0.09247288107872009,-0.17795781791210175,-0.9796834588050842,-0.987945020198822,0.1390758901834488,0.06798973679542542,0.12415114045143128,0.9741606116294861,-0.1886734813451767],"EasingStyle":"Linear","EasingDirection":"In"}}},{"Time":0.30000001192092898,"poses":{"Left Leg":{"Weight":1,"CFrame":[-0.16865910589694978,-0.006376147270202637,0.13715457916259767,0.9164721965789795,-0.31478023529052737,0.24696621298789979,0.29610323905944826,0.9487487077713013,0.11044818162918091,-0.26907581090927126,-0.028095129877328874,0.9627091288566589],"EasingStyle":"Linear","EasingDirection":"In"},"Right Arm":{"Weight":1,"CFrame":[0.5377417206764221,-0.3372165262699127,-0.2804650068283081,0.038485337048769,-0.0402689203619957,0.9984474778175354,0.9851817488670349,-0.1655993014574051,-0.044652875512838367,0.16714030504226685,0.9853706359863281,0.033298905938863757],"EasingStyle":"Linear","EasingDirection":"In"},"Head":{"Weight":1,"CFrame":[3.91155481338501e-8,-1.257285475730896e-7,0.0166623592376709,0.7647477388381958,-0.644119381904602,0.016468418762087823,0.6439675092697144,0.7632108926773071,-0.05305880308151245,0.0216072928160429,0.051181767135858539,0.9984555840492249],"EasingStyle":"Linear","EasingDirection":"In"},"Right Leg":{"Weight":1,"CFrame":[0.4466906785964966,0.15218502283096314,0.4126722812652588,0.8626388907432556,0.35013604164123537,-0.36504635214805605,-0.31641602516174319,0.936587929725647,0.1506122499704361,0.3946327269077301,-0.014417524449527264,0.918725848197937],"EasingStyle":"Linear","EasingDirection":"In"},"Torso":{"Weight":1,"CFrame":[0.06636661291122437,0.15385004878044129,0.02642059326171875,0.9912636280059815,-0.09960203617811203,0.08646296709775925,0.08204737305641175,0.9789204001426697,0.1870381087064743,-0.10326972603797913,-0.17831002175807954,0.978540301322937],"EasingStyle":"Linear","EasingDirection":"In"},"HumanoidRootPart":{"Weight":1,"CFrame":[0,0,0,1,0,0,0,1,0,0,0,1],"EasingStyle":"Linear","EasingDirection":"In"},"Left Arm":{"Weight":1,"CFrame":[-0.5104949474334717,-0.44593918323516848,-0.32594096660614016,-0.09247279167175293,-0.17795781791210175,-0.979683518409729,-0.987945020198822,0.13907591998577119,0.06798969209194184,0.12415112555027008,0.9741606712341309,-0.18867351114749909],"EasingStyle":"Linear","EasingDirection":"In"}}},{"Time":0.3333333432674408,"poses":{"Left Leg":{"Weight":1,"CFrame":[-0.21217116713523866,-0.026724934577941896,0.10957467555999756,0.9562508463859558,-0.27547889947891238,0.09846801310777664,0.2701614201068878,0.9606829881668091,0.06403911113739014,-0.11223793774843216,-0.03463521972298622,0.9930775761604309],"EasingStyle":"Linear","EasingDirection":"In"},"Right Arm":{"Weight":1,"CFrame":[0.5377416014671326,-0.33721640706062319,-0.2804650068283081,0.038485392928123477,-0.04026911035180092,0.9984474182128906,0.9851817488670349,-0.1655992567539215,-0.044652946293354037,0.16714027523994447,0.9853706955909729,0.03329910710453987],"EasingStyle":"Linear","EasingDirection":"In"},"Head":{"Weight":1,"CFrame":[4.842877388000488e-8,3.166496753692627e-8,0.016662240028381349,0.7748948931694031,-0.6310965418815613,-0.03542857617139816,0.6302565336227417,0.7756986618041992,-0.032688964158296588,0.04811178892850876,0.0030015751253813507,0.9988375306129456],"EasingStyle":"Linear","EasingDirection":"In"},"Right Leg":{"Weight":1,"CFrame":[0.6037402153015137,0.20072615146636964,0.4568232297897339,0.8049336075782776,0.4660675823688507,-0.3672367334365845,-0.4417556822299957,0.883903980255127,0.15351107716560365,0.39614853262901308,0.03866266831755638,0.9173721671104431],"EasingStyle":"Linear","EasingDirection":"In"},"Torso":{"Weight":1,"CFrame":[0.06327293813228607,0.13538801670074464,0.04063701629638672,0.9911020994186401,-0.09967732429504395,0.0882110521197319,0.08418922871351242,0.9827620983123779,0.16459351778030396,-0.10309672355651856,-0.15570256114006043,0.9824091792106628],"EasingStyle":"Linear","EasingDirection":"In"},"HumanoidRootPart":{"Weight":1,"CFrame":[0,0,0,1,0,0,0,1,0,0,0,1],"EasingStyle":"Linear","EasingDirection":"In"},"Left Arm":{"Weight":1,"CFrame":[-0.5104948282241821,-0.44593921303749087,-0.3259410262107849,-0.09247282892465592,-0.1779577136039734,-0.9796835780143738,-0.987945020198822,0.13907591998577119,0.06798970699310303,0.12415116280317307,0.9741607308387756,-0.18867333233356477],"EasingStyle":"Linear","EasingDirection":"In"}}},{"Time":0.36666667461395266,"poses":{"Left Leg":{"Weight":1,"CFrame":[-0.2775762975215912,-0.044745564460754397,0.06958949565887451,0.9679710268974304,-0.23595093190670014,-0.08578649908304215,0.23825541138648988,0.9710440039634705,0.01755109429359436,0.07916123420000076,-0.03742797672748566,0.9961588978767395],"EasingStyle":"Linear","EasingDirection":"In"},"Right Arm":{"Weight":1,"CFrame":[0.5377416610717773,-0.33721625804901125,-0.2804650068283081,0.03848535194993019,-0.040269240736961368,0.9984475374221802,0.9851817488670349,-0.1655992865562439,-0.04465287923812866,0.16714030504226685,0.9853706955909729,0.03329913690686226],"EasingStyle":"Linear","EasingDirection":"In"},"Head":{"Weight":1,"CFrame":[7.450580596923828e-8,-8.009374141693115e-8,0.016662240028381349,0.7830386161804199,-0.6158634424209595,-0.08696559071540833,0.6175315380096436,0.7864897847175598,-0.00942017138004303,0.0741991400718689,-0.04632769152522087,0.9961667656898499],"EasingStyle":"Linear","EasingDirection":"In"},"Right Leg":{"Weight":1,"CFrame":[0.7396150827407837,0.24523627758026124,0.4614541530609131,0.7479913234710693,0.5662301778793335,-0.3462546467781067,-0.5395351052284241,0.8225768208503723,0.1796370893716812,0.38653701543807986,0.05244949087500572,0.9207813143730164],"EasingStyle":"Linear","EasingDirection":"In"},"Torso":{"Weight":1,"CFrame":[0.05781783163547516,0.11531740427017212,0.04929304122924805,0.9909168481826782,-0.10010161250829697,0.08979769051074982,0.08693086355924607,0.9863005876541138,0.14019334316253663,-0.10260110348463059,-0.13111373782157899,0.9860438108444214],"EasingStyle":"Linear","EasingDirection":"In"},"HumanoidRootPart":{"Weight":1,"CFrame":[0,0,0,1,0,0,0,1,0,0,0,1],"EasingStyle":"Linear","EasingDirection":"In"},"Left Arm":{"Weight":1,"CFrame":[-0.5104948878288269,-0.445939302444458,-0.3259410262107849,-0.09247281402349472,-0.1779576987028122,-0.979683518409729,-0.9879449605941773,0.13907590508460999,0.06798971444368363,0.12415113300085068,0.9741606712341309,-0.18867343664169312],"EasingStyle":"Linear","EasingDirection":"In"}}},{"Time":0.4000000059604645,"poses":{"Left Leg":{"Weight":1,"CFrame":[-0.33498281240463259,-0.05201435089111328,0.026637911796569825,0.9502333998680115,-0.1984800547361374,-0.2401300072669983,0.20200008153915406,0.979333221912384,-0.010123318992555142,0.23717652261257173,-0.03888682648539543,0.970687985420227],"EasingStyle":"Linear","EasingDirection":"In"},"Right Arm":{"Weight":1,"CFrame":[0.5377416610717773,-0.3372166156768799,-0.2804650664329529,0.038485411554574969,-0.04026922956109047,0.9984474182128906,0.9851816892623901,-0.16559919714927674,-0.04465301334857941,0.16714023053646089,0.9853706359863281,0.033299315720796588],"EasingStyle":"Linear","EasingDirection":"In"},"Head":{"Weight":1,"CFrame":[1.2293457984924317e-7,1.862645149230957e-8,0.016662120819091798,0.7889240384101868,-0.6002918481826782,-0.13133466243743897,0.607100784778595,0.7944729328155518,0.015539256855845452,0.09501370787620545,-0.09199259430170059,0.9912163615226746],"EasingStyle":"Linear","EasingDirection":"In"},"Right Leg":{"Weight":1,"CFrame":[0.8649337887763977,0.270161509513855,0.42997026443481448,0.6953839659690857,0.6519255638122559,-0.3023807108402252,-0.6195183992385864,0.7570605874061585,0.20749998092651368,0.3641950488090515,0.04303821548819542,0.9303277730941773],"EasingStyle":"Linear","EasingDirection":"In"},"Torso":{"Weight":1,"CFrame":[0.04954537749290466,0.09459397196769715,0.05395174026489258,0.9906726479530335,-0.10123516619205475,0.0912105068564415,0.09050028771162033,0.9892345666885376,0.11499948799610138,-0.1018705889582634,-0.10567227005958557,0.9891692399978638],"EasingStyle":"Linear","EasingDirection":"In"},"HumanoidRootPart":{"Weight":1,"CFrame":[0,0,0,1,0,0,0,1,0,0,0,1],"EasingStyle":"Linear","EasingDirection":"In"},"Left Arm":{"Weight":1,"CFrame":[-0.5104949474334717,-0.44593921303749087,-0.32594090700149538,-0.0924728587269783,-0.177957683801651,-0.9796834588050842,-0.9879449605941773,0.13907590508460999,0.06798969209194184,0.12415111809968949,0.9741606712341309,-0.18867351114749909],"EasingStyle":"Linear","EasingDirection":"In"}}},{"Time":0.4333333373069763,"poses":{"Left Leg":{"Weight":1,"CFrame":[-0.3651464879512787,-0.046176791191101077,0.0036460161209106447,0.9367815852165222,-0.16836661100387574,-0.30674606561660769,0.17364096641540528,0.9847559332847595,-0.010224583558738232,0.30379152297973635,-0.043685488402843478,0.951736569404602],"EasingStyle":"Linear","EasingDirection":"In"},"Right Arm":{"Weight":1,"CFrame":[0.5377416014671326,-0.33721667528152468,-0.2804650664329529,0.03848537802696228,-0.040269479155540469,0.9984474182128906,0.9851817488670349,-0.16559924185276032,-0.04465298727154732,0.16714030504226685,0.9853706955909729,0.033299520611763],"EasingStyle":"Linear","EasingDirection":"In"},"Head":{"Weight":1,"CFrame":[6.146728992462158e-8,-5.587935447692871e-9,0.016662001609802247,0.7932869791984558,-0.5869191288948059,-0.16193132102489472,0.5996356010437012,0.7992358803749085,0.040734536945819858,0.10551335662603378,-0.12941384315490724,0.9859610199928284],"EasingStyle":"Linear","EasingDirection":"In"},"Right Leg":{"Weight":1,"CFrame":[0.9655600786209106,0.27477097511291506,0.3822462558746338,0.6483705043792725,0.7175697088241577,-0.25437992811203005,-0.6802785396575928,0.6960664391517639,0.22959205508232118,0.34181368350982668,0.02418840490281582,0.9394564032554627],"EasingStyle":"Linear","EasingDirection":"In"},"Torso":{"Weight":1,"CFrame":[0.03801417350769043,0.07418714463710785,0.05626845359802246,0.9903292655944824,-0.10344210267066956,0.09245474636554718,0.09513091295957566,0.9913707375526428,0.0901905745267868,-0.10098643600940705,-0.0805230513215065,0.9916238188743591],"EasingStyle":"Linear","EasingDirection":"In"},"HumanoidRootPart":{"Weight":1,"CFrame":[0,0,0,1,0,0,0,1,0,0,0,1],"EasingStyle":"Linear","EasingDirection":"In"},"Left Arm":{"Weight":1,"CFrame":[-0.5104949474334717,-0.4459393620491028,-0.32594096660614016,-0.0924728736281395,-0.1779577136039734,-0.979683518409729,-0.987945020198822,0.13907591998577119,0.0679897591471672,0.12415112555027008,0.9741607308387756,-0.18867351114749909],"EasingStyle":"Linear","EasingDirection":"In"}}},{"Time":0.46666666865348818,"poses":{"Left Leg":{"Weight":1,"CFrame":[-0.41386309266090395,-0.031328678131103519,-0.012602925300598145,0.9354493618011475,-0.1635492891073227,-0.31334686279296877,0.1735783964395523,0.9848112463951111,0.004176491405814886,0.307904452085495,-0.058297138661146167,0.9496296644210815],"EasingStyle":"Linear","EasingDirection":"In"},"Right Arm":{"Weight":1,"CFrame":[0.5377416014671326,-0.33721673488616946,-0.2804650664329529,0.03848537430167198,-0.04026941582560539,0.9984474182128906,0.9851817488670349,-0.1655992567539215,-0.044652990996837619,0.16714031994342805,0.9853706955909729,0.0332995243370533],"EasingStyle":"Linear","EasingDirection":"In"},"Head":{"Weight":1,"CFrame":[7.916241884231568e-8,-3.166496753692627e-8,0.016661882400512697,0.7972629070281982,-0.5784983038902283,-0.1723710000514984,0.5951821208000183,0.8009836077690125,0.06468044966459274,0.10064882040023804,-0.15415942668914796,0.9829062819480896],"EasingStyle":"Linear","EasingDirection":"In"},"Right Leg":{"Weight":1,"CFrame":[1.0345714092254639,0.27654534578323367,0.33915066719055178,0.6128225922584534,0.7592505812644959,-0.2190593183040619,-0.7193856835365295,0.6507400274276733,0.24294337630271913,0.3270055949687958,0.008706947788596154,0.9449824094772339],"EasingStyle":"Linear","EasingDirection":"In"},"Torso":{"Weight":1,"CFrame":[0.02279326319694519,0.05507273972034454,0.0482478141784668,0.9898387789726257,-0.1070888489484787,0.09354838728904724,0.10106262564659119,0.9926247000694275,0.06695286929607392,-0.10002834349870682,-0.056818295270204547,0.9933610558509827],"EasingStyle":"Linear","EasingDirection":"In"},"HumanoidRootPart":{"Weight":1,"CFrame":[0,0,0,1,0,0,0,1,0,0,0,1],"EasingStyle":"Linear","EasingDirection":"In"},"Left Arm":{"Weight":1,"CFrame":[-0.5104949474334717,-0.4459397494792938,-0.32594096660614016,-0.09247284382581711,-0.17795760929584504,-0.9796835780143738,-0.9879449605941773,0.1390758752822876,0.06798972934484482,0.12415112555027008,0.9741606712341309,-0.18867337703704835],"EasingStyle":"Linear","EasingDirection":"In"}}},{"Time":0.5,"poses":{"Left Leg":{"Weight":1,"CFrame":[-0.5056872963905335,-0.009018898010253907,-0.044808924198150638,0.9291688799858093,-0.18322546780109406,-0.3210509717464447,0.1999238133430481,0.9796167016029358,0.019536646082997323,0.31092727184295657,-0.08233856409788132,0.9468604326248169],"EasingStyle":"Linear","EasingDirection":"In"},"Right Arm":{"Weight":1,"CFrame":[0.5377416610717773,-0.33721616864204409,-0.2804650664329529,0.038485363125801089,-0.04026966169476509,0.9984474778175354,0.9851817488670349,-0.16559924185276032,-0.044652990996837619,0.16714027523994447,0.9853706359863281,0.033299509435892108],"EasingStyle":"Linear","EasingDirection":"In"},"Head":{"Weight":1,"CFrame":[1.341104507446289e-7,-9.313225746154785e-9,0.016662001609802247,0.79904705286026,-0.5812553763389587,-0.15383797883987428,0.5966780185699463,0.7981088757514954,0.08365092426538468,0.07415692508220673,-0.15863272547721864,0.9845488667488098],"EasingStyle":"Linear","EasingDirection":"In"},"Right Leg":{"Weight":1,"CFrame":[1.0645307302474976,0.29808664321899416,0.3185678720474243,0.5986772179603577,0.7724272608757019,-0.21199439465999604,-0.7319120764732361,0.6350612640380859,0.24698561429977418,0.3254079222679138,0.007296523544937372,0.9455456733703613],"EasingStyle":"Linear","EasingDirection":"In"},"Torso":{"Weight":1,"CFrame":[0.00345456600189209,0.038225047290325168,0.023808002471923829,0.9891418218612671,-0.11254315823316574,0.09451290220022202,0.10854243487119675,0.9930050373077393,0.04647083580493927,-0.09908178448677063,-0.035707585513591769,0.9944384098052979],"EasingStyle":"Linear","EasingDirection":"In"},"HumanoidRootPart":{"Weight":1,"CFrame":[0,0,0,1,0,0,0,1,0,0,0,1],"EasingStyle":"Linear","EasingDirection":"In"},"Left Arm":{"Weight":1,"CFrame":[-0.5104949474334717,-0.44593876600265505,-0.32594096660614016,-0.09247283637523651,-0.17795750498771668,-0.979683518409729,-0.9879449605941773,0.13907590508460999,0.0679897591471672,0.12415112555027008,0.9741607308387756,-0.18867337703704835],"EasingStyle":"Linear","EasingDirection":"In"}}},{"Time":0.5333333611488342,"poses":{"Left Leg":{"Weight":1,"CFrame":[-0.606777548789978,0.020547807216644288,-0.08395278453826904,0.9197285771369934,-0.21039482951164246,-0.33141112327575686,0.2353362739086151,0.9712275862693787,0.03652355447411537,0.31419122219085696,-0.11158479750156403,0.9427793622016907],"EasingStyle":"Linear","EasingDirection":"In"},"Right Arm":{"Weight":1,"CFrame":[0.5377416014671326,-0.3372161388397217,-0.2804650664329529,0.03848535940051079,-0.040269240736961368,0.9984474778175354,0.9851817488670349,-0.16559919714927674,-0.04465293139219284,0.16714024543762208,0.9853706955909729,0.033299241214990619],"EasingStyle":"Linear","EasingDirection":"In"},"Head":{"Weight":1,"CFrame":[1.0896474123001099e-7,-1.862645149230957e-9,0.016662120819091798,0.7971154451370239,-0.5940414667129517,-0.10826718807220459,0.6031230092048645,0.791938841342926,0.09526640921831131,0.0291487667709589,-0.14123669266700746,0.9895466566085815],"EasingStyle":"Linear","EasingDirection":"In"},"Right Leg":{"Weight":1,"CFrame":[1.0641194581985474,0.33223283290863039,0.32176804542541506,0.5922020673751831,0.7712761759757996,-0.23330220580101014,-0.7246465086936951,0.636378288269043,0.26440495252609255,0.35239776968955996,0.012480411678552628,0.9357671737670898],"EasingStyle":"Linear","EasingDirection":"In"},"Torso":{"Weight":1,"CFrame":[-0.02107211947441101,0.024727776646614076,-0.012393712997436524,0.988019585609436,-0.12145333737134934,0.09521820396184921,0.1190980076789856,0.992427408695221,0.03006197139620781,-0.09814828634262085,-0.018361521884799005,0.9950023889541626],"EasingStyle":"Linear","EasingDirection":"In"},"HumanoidRootPart":{"Weight":1,"CFrame":[0,0,0,1,0,0,0,1,0,0,0,1],"EasingStyle":"Linear","EasingDirection":"In"},"Left Arm":{"Weight":1,"CFrame":[-0.5104948282241821,-0.4459390342235565,-0.3259410858154297,-0.0924728661775589,-0.17795738577842713,-0.979683518409729,-0.987945020198822,0.13907590508460999,0.0679897889494896,0.12415115535259247,0.9741607308387756,-0.1886732131242752],"EasingStyle":"Linear","EasingDirection":"In"}}},{"Time":0.5666666626930237,"poses":{"Left Leg":{"Weight":1,"CFrame":[-0.7028703689575195,0.053581297397613528,-0.12727773189544679,0.9075096845626831,-0.23835378885269166,-0.3458521068096161,0.27311456203460696,0.9604225754737854,0.0547451376914978,0.31911543011665347,-0.14413894712924958,0.936690628528595],"EasingStyle":"Linear","EasingDirection":"In"},"Right Arm":{"Weight":1,"CFrame":[0.5377415418624878,-0.3372166156768799,-0.28046512603759768,0.03848537057638168,-0.04026925191283226,0.9984474778175354,0.9851818084716797,-0.1655992716550827,-0.04465295001864433,0.16714029014110566,0.9853706955909729,0.03329920023679733],"EasingStyle":"Linear","EasingDirection":"In"},"Head":{"Weight":1,"CFrame":[1.280568540096283e-7,-4.656612873077393e-10,0.016661882400512697,0.7921099066734314,-0.6086912751197815,-0.045351792126894,0.6098745465278626,0.7862496972084045,0.09932127594947815,-0.024798184633255006,-0.10633242875337601,0.9940213561058044],"EasingStyle":"Linear","EasingDirection":"In"},"Right Leg":{"Weight":1,"CFrame":[1.0289605855941773,0.33917510509490969,0.34662485122680666,0.582724392414093,0.7641702890396118,-0.27654269337654116,-0.6995067596435547,0.6448627710342407,0.30796459317207339,0.413669615983963,0.01398498471826315,0.9103196859359741],"EasingStyle":"Linear","EasingDirection":"In"},"Torso":{"Weight":1,"CFrame":[-0.05127045512199402,0.015926837921142579,-0.05563521385192871,0.986221432685852,-0.13536685705184937,0.09509556740522385,0.13412490487098695,0.9907752871513367,0.019362516701221467,-0.09683936089277268,-0.006341045722365379,0.9952799081802368],"EasingStyle":"Linear","EasingDirection":"In"},"HumanoidRootPart":{"Weight":1,"CFrame":[0,0,0,1,0,0,0,1,0,0,0,1],"EasingStyle":"Linear","EasingDirection":"In"},"Left Arm":{"Weight":1,"CFrame":[-0.5104948878288269,-0.4459393620491028,-0.3259410262107849,-0.09247282892465592,-0.17795738577842713,-0.9796835780143738,-0.987945020198822,0.1390758603811264,0.067989781498909,0.12415113300085068,0.9741607904434204,-0.18867309391498567],"EasingStyle":"Linear","EasingDirection":"In"}}},{"Time":0.6000000238418579,"poses":{"Left Leg":{"Weight":1,"CFrame":[-0.7503904104232788,0.08303660154342652,-0.08015751838684082,0.9287154674530029,-0.2784557342529297,-0.24484699964523316,0.30057448148727419,0.9520306587219238,0.05738191306591034,0.21712344884872437,-0.126886248588562,0.9678622484207153],"EasingStyle":"Linear","EasingDirection":"In"},"Right Arm":{"Weight":1,"CFrame":[0.5377415418624878,-0.3372163772583008,-0.28046512603759768,0.03848538175225258,-0.04026905819773674,0.9984474778175354,0.9851818084716797,-0.1655992716550827,-0.04465291276574135,0.16714029014110566,0.9853706955909729,0.03329896554350853],"EasingStyle":"Linear","EasingDirection":"In"},"Head":{"Weight":1,"CFrame":[9.12696123123169e-8,-1.1641532182693482e-10,0.016662001609802247,0.7850988507270813,-0.6188900470733643,0.024391522631049157,0.6144717931747437,0.78322833776474,0.09475115686655045,-0.07774467766284943,-0.05940116196870804,0.9952021837234497],"EasingStyle":"Linear","EasingDirection":"In"},"Right Leg":{"Weight":1,"CFrame":[0.9037227034568787,0.29889798164367678,0.39497601985931399,0.5970221161842346,0.7230774164199829,-0.3474532961845398,-0.6336948275566101,0.6906602382659912,0.348452627658844,0.49193045496940615,0.012145426124334336,0.8705498576164246],"EasingStyle":"Linear","EasingDirection":"In"},"Torso":{"Weight":1,"CFrame":[-0.0867721438407898,0.013159915804862976,-0.10119223594665528,0.983568012714386,-0.15449628233909608,0.09340695291757584,0.15367190539836884,0.9879924058914185,0.015998724848031999,-0.0947570949792862,-0.0013818093575537205,0.9954995512962341],"EasingStyle":"Linear","EasingDirection":"In"},"HumanoidRootPart":{"Weight":1,"CFrame":[0,0,0,1,0,0,0,1,0,0,0,1],"EasingStyle":"Linear","EasingDirection":"In"},"Left Arm":{"Weight":1,"CFrame":[-0.5104948282241821,-0.4459392726421356,-0.3259410858154297,-0.09247280657291413,-0.17795738577842713,-0.9796835780143738,-0.9879449605941773,0.1390758752822876,0.06798974424600601,0.12415112555027008,0.9741607308387756,-0.18867313861846925],"EasingStyle":"Linear","EasingDirection":"In"}}},{"Time":0.6333333253860474,"poses":{"Left Leg":{"Weight":1,"CFrame":[-0.7200825214385986,0.09980881214141846,0.07525956630706787,0.9458326697349548,-0.3245527148246765,-0.008134020492434502,0.32460373640060427,0.9449442625045776,0.041387710720300677,-0.0057462970726192,-0.04178621247410774,0.9991101026535034],"EasingStyle":"Linear","EasingDirection":"In"},"Right Arm":{"Weight":1,"CFrame":[0.5377416014671326,-0.3372167944908142,-0.28046518564224245,0.03848534822463989,-0.04026917368173599,0.9984474778175354,0.9851817488670349,-0.16559921205043794,-0.044652923941612247,0.16714026033878327,0.9853706955909729,0.0332992747426033],"EasingStyle":"Linear","EasingDirection":"In"},"Head":{"Weight":1,"CFrame":[5.3085