{"Sequence":[{"Time":0,"poses":{"Left Leg":{"Weight":1,"CFrame":[-0.4470723867416382,0.05474132299423218,0.008221030235290528,0.9885103702545166,-0.15040063858032227,0.015062316320836544,0.1511044204235077,0.9858000874519348,-0.0732516497373581,-0.003831374691799283,0.0746859759092331,0.9971997737884522],"EasingStyle":"Linear","EasingDirection":"In"},"Right Arm":{"Weight":1,"CFrame":[0.5070902109146118,-0.7582564353942871,0.24913012981414796,-0.47882142663002016,-0.8778925538063049,-0.005905616097152233,0.14339037239551545,-0.08484146744012833,0.98602294921875,-0.8661231994628906,0.471282035112381,0.1665051281452179],"EasingStyle":"Linear","EasingDirection":"In"},"Head":{"Weight":1,"CFrame":[1.0337680578231812e-7,1.1175870895385743e-8,0.016662240028381349,0.9904088377952576,0.06122114881873131,0.1238645538687706,-0.07724882662296295,0.9886263608932495,0.12903688848018647,-0.1145559623837471,-0.1373676061630249,0.9838735461235046],"EasingStyle":"Linear","EasingDirection":"In"},"Left Arm":{"Weight":1,"CFrame":[-0.5070896148681641,-0.7582567930221558,0.24913036823272706,-0.47882094979286196,0.8778927326202393,0.005905248690396547,-0.1433904767036438,-0.08484110981225968,0.98602294921875,0.8661233186721802,0.4712817072868347,0.16650493443012238],"EasingStyle":"Linear","EasingDirection":"In"},"Torso":{"Weight":1,"CFrame":[-0.04994365572929382,-0.06527584791183472,-0.14896774291992188,0.9949546456336975,-0.07986650615930557,-0.06071744114160538,0.07591381669044495,0.9950041770935059,-0.06483649462461472,0.06559237837791443,0.05990007519721985,0.9960470199584961],"EasingStyle":"Linear","EasingDirection":"In"},"HumanoidRootPart":{"Weight":0,"CFrame":[0,0,0,1,0,0,0,1,0,0,0,1],"EasingStyle":"Linear","EasingDirection":"In"},"Right Leg":{"Weight":1,"CFrame":[0.33019593358039858,0.7901012897491455,0.0541301965713501,0.9175787568092346,-0.3469032347202301,-0.19418413937091828,0.357430636882782,0.9337049722671509,0.02093648724257946,0.1740478128194809,-0.08861826360225678,0.9807417392730713],"EasingStyle":"Linear","EasingDirection":"In"}}},{"Time":0.03333333507180214,"poses":{"Left Leg":{"Weight":1,"CFrame":[-0.4604273736476898,0.06394696235656738,0.009147286415100098,0.9890021681785584,-0.14714646339416505,0.01492368895560503,0.14785301685333253,0.9862115383148193,-0.07433906197547913,-0.00377922086045146,0.07572800666093826,0.9971213936805725],"EasingStyle":"Linear","EasingDirection":"In"},"Right Arm":{"Weight":1,"CFrame":[0.5048454999923706,-0.7422584891319275,0.24487674236297608,-0.39176860451698305,-0.9182349443435669,-0.057981979101896289,0.13346321880817414,-0.11906943470239639,0.983875036239624,-0.9103323817253113,0.3777129352092743,0.16919830441474915],"EasingStyle":"Linear","EasingDirection":"In"},"Head":{"Weight":1,"CFrame":[8.940696716308594e-8,2.514570951461792e-8,0.016662120819091798,0.9921132326126099,0.06312622874975205,0.10828857123851776,-0.0753035694360733,0.9908141493797302,0.11232390999794007,-0.10020334273576737,-0.11959249526262284,0.9877535700798035],"EasingStyle":"Linear","EasingDirection":"In"},"Left Arm":{"Weight":1,"CFrame":[-0.5048449039459229,-0.7422586679458618,0.24487686157226563,-0.39176809787750246,0.918235182762146,0.057982027530670169,-0.13346333801746369,-0.11906963586807251,0.9838750958442688,0.9103325009346008,0.3777123987674713,0.16919833421707154],"EasingStyle":"Linear","EasingDirection":"In"},"Torso":{"Weight":1,"CFrame":[-0.04994365572929382,-0.07376915216445923,-0.15720891952514649,0.9949546456336975,-0.07986651360988617,-0.06071744114160538,0.07522954046726227,0.9943296313285828,-0.07516195625066757,0.06637607514858246,0.07021499425172806,0.9953210949897766],"EasingStyle":"Linear","EasingDirection":"In"},"HumanoidRootPart":{"Weight":0,"CFrame":[0,0,0,1,0,0,0,1,0,0,0,1],"EasingStyle":"Linear","EasingDirection":"In"},"Right Leg":{"Weight":1,"CFrame":[0.24489286541938783,0.7761908173561096,0.016980290412902833,0.8645408153533936,-0.46176695823669436,-0.19834387302398683,0.4793442189693451,0.8762362003326416,0.049387481063604358,0.15099066495895387,-0.13777248561382295,0.9788874387741089],"EasingStyle":"Linear","EasingDirection":"In"}}},{"Time":0.06666667014360428,"poses":{"Left Leg":{"Weight":1,"CFrame":[-0.48777303099632265,0.0669405460357666,0.010453343391418457,0.9884428381919861,-0.15118086338043214,0.01118252333253622,0.15155074000358582,0.9837096333503723,-0.09668471664190293,0.0036164792254567148,0.09726203233003617,0.9952523112297058],"EasingStyle":"Linear","EasingDirection":"In"},"Right Arm":{"Weight":1,"CFrame":[0.5033209919929504,-0.744947612285614,0.23962271213531495,-0.21372102200984956,-0.9756215214729309,-0.04985883831977844,0.16624495387077332,-0.08661647140979767,0.9822729825973511,-0.9626452922821045,0.2016436606645584,0.18070396780967713],"EasingStyle":"Linear","EasingDirection":"In"},"Head":{"Weight":1,"CFrame":[1.3131648302078248e-7,6.705522537231445e-8,0.01666259765625,0.9939945936203003,0.0682678073644638,0.08552411198616028,-0.0743723139166832,0.9947460293769836,0.07034999132156372,-0.08027219772338867,-0.07628808170557022,0.9938493371009827],"EasingStyle":"Linear","EasingDirection":"In"},"Left Arm":{"Weight":1,"CFrame":[-0.5033204555511475,-0.7449479103088379,0.23962271213531495,-0.21372070908546449,0.9756216406822205,0.04985873028635979,-0.16624519228935243,-0.08661671727895737,0.9822729825973511,0.9626452922821045,0.20164333283901215,0.18070414662361146],"EasingStyle":"Linear","EasingDirection":"In"},"Torso":{"Weight":1,"CFrame":[-0.028688818216323854,-0.08338548243045807,-0.17253947257995606,0.9943593740463257,-0.08242589235305786,-0.06674900650978089,0.07653865963220597,0.9933151006698608,-0.08641232550144196,0.07342540472745896,0.08081603050231934,0.9940208792686462],"EasingStyle":"Linear","EasingDirection":"In"},"HumanoidRootPart":{"Weight":0,"CFrame":[0,0,0,1,0,0,0,1,0,0,0,1],"EasingStyle":"Linear","EasingDirection":"In"},"Right Leg":{"Weight":1,"CFrame":[-0.0013795047998428345,0.4229893684387207,0.0030515193939208986,0.5242043137550354,-0.8278520703315735,-0.19967706501483918,0.8455503582954407,0.5338566303253174,0.00644516758620739,0.10126334428787232,-0.17221564054489137,0.9798405766487122],"EasingStyle":"Linear","EasingDirection":"In"}}},{"Time":0.10000000149011612,"poses":{"Left Leg":{"Weight":1,"CFrame":[-0.45479631423950198,0.05378222465515137,0.009064435958862305,0.9922077059745789,-0.1242629811167717,0.009084654040634632,0.12451482564210892,0.986323893070221,-0.10798782110214234,0.004458433482795954,0.10827755928039551,0.9941107630729675],"EasingStyle":"Linear","EasingDirection":"In"},"Right Arm":{"Weight":1,"CFrame":[0.5027599930763245,-0.7529693841934204,0.23688983917236329,-0.09098946303129196,-0.991335928440094,0.09473171085119248,0.2218150794506073,0.07256118953227997,0.9723852276802063,-0.9708342552185059,0.10948963463306427,0.2132909744977951],"EasingStyle":"Linear","EasingDirection":"In"},"Head":{"Weight":1,"CFrame":[1.0617077350616455e-7,7.636845111846924e-8,0.01666247844696045,0.9953633546829224,0.07012791931629181,0.06583185493946076,-0.0737660825252533,0.9957819581031799,0.05456205829977989,-0.061727847903966907,-0.059165216982364658,0.996337890625],"EasingStyle":"Linear","EasingDirection":"In"},"Left Arm":{"Weight":1,"CFrame":[-0.5027595162391663,-0.75296950340271,0.23688983917236329,-0.09098904579877854,0.9913359880447388,-0.09473143517971039,-0.22181518375873567,0.07256104052066803,0.9723851680755615,0.9708342552185059,0.10948925465345383,0.21329104900360108],"EasingStyle":"Linear","EasingDirection":"In"},"Torso":{"Weight":1,"CFrame":[-0.0006930679082870483,-0.09094826877117157,-0.15930557250976563,0.9944913983345032,-0.0833410993218422,-0.06357105076313019,0.07707224786281586,0.9924514889717102,-0.09539423882961273,0.07104144990444184,0.08996918052434921,0.9934076070785523],"EasingStyle":"Linear","EasingDirection":"In"},"HumanoidRootPart":{"Weight":0,"CFrame":[0,0,0,1,0,0,0,1,0,0,0,1],"EasingStyle":"Linear","EasingDirection":"In"},"Right Leg":{"Weight":1,"CFrame":[-0.09072880446910858,-0.07937359809875488,-0.017800450325012208,0.0926893875002861,-0.980466902256012,-0.17347466945648194,0.9886924028396606,0.11125652492046356,-0.10054520517587662,0.11788147687911987,-0.1621936708688736,0.9796924591064453],"EasingStyle":"Linear","EasingDirection":"In"}}},{"Time":0.13333334028720857,"poses":{"Left Leg":{"Weight":1,"CFrame":[-0.4066571295261383,0.007138669490814209,0.006410837173461914,0.9963218569755554,-0.08417100459337235,0.016068249940872194,0.08519178628921509,0.9931585192680359,-0.07986631244421005,-0.009235930629074574,0.08094141632318497,0.9966761469841003],"EasingStyle":"Linear","EasingDirection":"In"},"Right Arm":{"Weight":1,"CFrame":[0.5035614371299744,-0.7662898898124695,0.22974801063537599,-0.04934296756982803,-0.9833259582519531,0.17502981424331666,0.24595671892166139,0.157883420586586,0.9563357830047607,-0.9680241346359253,0.09023813158273697,0.23406514525413514],"EasingStyle":"Linear","EasingDirection":"In"},"Head":{"Weight":1,"CFrame":[9.96515154838562e-8,-1.3504177331924439e-8,0.016661882400512697,0.9965201616287231,0.06291565299034119,0.0546746551990509,-0.06845681369304657,0.9919838905334473,0.10621564090251923,-0.04755380377173424,-0.10958884656429291,0.9928387999534607],"EasingStyle":"Linear","EasingDirection":"In"},"Left Arm":{"Weight":1,"CFrame":[-0.5035620927810669,-0.7663301229476929,0.22976720333099366,-0.05019087344408035,0.9834626913070679,-0.17401762306690217,-0.24571162462234498,0.1567225158214569,0.9565896987915039,0.96804279088974,0.09077020734548569,0.233782097697258],"EasingStyle":"Linear","EasingDirection":"In"},"Torso":{"Weight":1,"CFrame":[0.014425352215766907,-0.09897506237030029,-0.09294819831848145,0.9963175654411316,-0.07621495425701142,-0.03927577659487724,0.07168447226285935,0.991768479347229,-0.10609796643257141,0.0470387227833271,0.10289181768894196,0.9935796856880188],"EasingStyle":"Linear","EasingDirection":"In"},"HumanoidRootPart":{"Weight":0,"CFrame":[0,0,0,1,0,0,0,1,0,0,0,1],"EasingStyle":"Linear","EasingDirection":"In"},"Right Leg":{"Weight":1,"CFrame":[-0.06894196569919586,0.5146428346633911,0.019919276237487794,0.3999256491661072,-0.9057554006576538,-0.14023800194263459,0.9103705883026123,0.41028687357902529,-0.053758520632982257,0.10622989386320114,-0.10616914927959442,0.9886573553085327],"EasingStyle":"Linear","EasingDirection":"In"}}},{"Time":0.1666666716337204,"poses":{"Left Leg":{"Weight":1,"CFrame":[-0.48452144861221316,-0.06690013408660889,0.01656198501586914,0.9934707880020142,-0.10936760157346726,0.032472044229507449,0.11101814359426499,0.9923320412635803,-0.0543341338634491,-0.026280701160430909,0.05758439749479294,0.9979947209358215],"EasingStyle":"Linear","EasingDirection":"In"},"Right Arm":{"Weight":1,"CFrame":[0.5062314867973328,-0.7882146835327148,0.23012256622314454,-0.084086574614048,-0.985896646976471,0.14469702541828156,0.2413051575422287,0.12074234336614609,0.9629087448120117,-0.9667996168136597,0.11588379740715027,0.22774916887283326],"EasingStyle":"Linear","EasingDirection":"In"},"Head":{"Weight":1,"CFrame":[1.0058283805847168e-7,7.747439667582512e-8,0.016662240028381349,0.9972168803215027,0.045899488031864169,0.058751095086336139,-0.055807821452617648,0.9820812940597534,0.18000519275665284,-0.04943621903657913,-0.1827828735113144,0.9819095730781555],"EasingStyle":"Linear","EasingDirection":"In"},"Left Arm":{"Weight":1,"CFrame":[-0.5062372088432312,-0.7882950901985169,0.23015666007995606,-0.08563201129436493,0.9860705733299255,-0.14259105920791627,-0.240707129240036,0.11840174347162247,0.9633488655090332,0.9668130278587341,0.1168162077665329,0.22721518576145173],"EasingStyle":"Linear","EasingDirection":"In"},"Torso":{"Weight":1,"CFrame":[0.024288952350616456,-0.1084117591381073,-0.007662773132324219,0.9981499314308167,-0.05845119431614876,-0.01674298755824566,0.05603199079632759,0.991197407245636,-0.11995130032300949,0.023606905713677408,0.11879123747348786,0.9926385879516602],"EasingStyle":"Linear","EasingDirection":"In"},"HumanoidRootPart":{"Weight":0,"CFrame":[0,0,0,1,0,0,0,1,0,0,0,1],"EasingStyle":"Linear","EasingDirection":"In"},"Right Leg":{"Weight":1,"CFrame":[0.29463163018226626,0.9128151535987854,-0.011247873306274414,0.8979246616363525,-0.4313083589076996,-0.08777462691068649,0.4357171654701233,0.8992574214935303,0.038553591817617419,0.06230355426669121,-0.0728631541132927,0.9953941106796265],"EasingStyle":"Linear","EasingDirection":"In"}}},{"Time":0.20000000298023225,"poses":{"Left Leg":{"Weight":1,"CFrame":[-0.5555360913276672,-0.11349070072174072,0.0326848030090332,0.9889675378799439,-0.13715477287769319,0.055961113423109058,0.1392987221479416,0.989581823348999,-0.036384712904691699,-0.05038778483867645,0.04377860203385353,0.9977697730064392],"EasingStyle":"Linear","EasingDirection":"In"},"Right Arm":{"Weight":1,"CFrame":[0.5128527879714966,-0.819977879524231,0.2558809518814087,-0.1813759207725525,-0.9834109544754028,0.002406191546469927,0.19776275753974915,-0.03407757356762886,0.9796574711799622,-0.9633237719535828,0.1781621128320694,0.20066292583942414],"EasingStyle":"Linear","EasingDirection":"In"},"Head":{"Weight":1,"CFrame":[9.685754776000977e-8,1.0110670700669289e-7,0.0166623592376709,0.9975659847259522,0.024998269975185396,0.06509379297494888,-0.037783969193696979,0.9783854484558106,0.20330888032913209,-0.05860445648431778,-0.20527343451976777,0.9769485592842102],"EasingStyle":"Linear","EasingDirection":"In"},"Left Arm":{"Weight":1,"CFrame":[-0.5128521919250488,-0.8199777603149414,0.25588130950927737,-0.1813754439353943,0.9834110140800476,-0.002406365005299449,-0.19776302576065064,-0.034077439457178119,0.9796573519706726,0.9633238315582275,0.17816169559955598,0.20066314935684205],"EasingStyle":"Linear","EasingDirection":"In"},"Torso":{"Weight":1,"CFrame":[0.022674500942230226,-0.1162513792514801,0.08059954643249512,0.9993265867233276,-0.036409083753824237,-0.004557110834866762,0.03548269346356392,0.990514874458313,-0.13274571299552918,0.009347034618258477,0.13249464333057404,0.9911396503448486],"EasingStyle":"Linear","EasingDirection":"In"},"HumanoidRootPart":{"Weight":0,"CFrame":[0,0,0,1,0,0,0,1,0,0,0,1],"EasingStyle":"Linear","EasingDirection":"In"},"Right Leg":{"Weight":1,"CFrame":[0.6030905246734619,0.4051363468170166,0.010598063468933106,0.9992623329162598,0.0006479485891759396,-0.03839758411049843,0.00019789161160588264,0.9997575283050537,0.022020697593688966,0.03840259462594986,-0.022012069821357728,0.9990199208259583],"EasingStyle":"Linear","EasingDirection":"In"}}},{"Time":0.23333333432674409,"poses":{"Left Leg":{"Weight":1,"CFrame":[-0.5241790413856506,-0.08392858505249024,0.04054856300354004,0.9890723824501038,-0.12396702170372009,0.07979977130889893,0.12618757784366609,0.9917305707931519,-0.02339334785938263,-0.07623990625143051,0.03320746496319771,0.996536374092102],"EasingStyle":"Linear","EasingDirection":"In"},"Right Arm":{"Weight":1,"CFrame":[0.5236165523529053,-0.8456872701644898,0.31798553466796877,-0.297733873128891,-0.9316368699073792,-0.2083442211151123,0.10537989437580109,-0.24898144602775575,0.9627582430839539,-0.9488149285316467,0.2646903991699219,0.17230595648288728],"EasingStyle":"Linear","EasingDirection":"In"},"Head":{"Weight":1,"CFrame":[8.870847523212433e-8,3.1113813747651878e-8,0.016662001609802247,0.997826099395752,0.008072192780673504,0.0654059499502182,-0.01643938198685646,0.9915835857391357,0.1284206062555313,-0.06381886452436447,-0.12921661138534547,0.9895606637001038],"EasingStyle":"Linear","EasingDirection":"In"},"Left Arm":{"Weight":1,"CFrame":[-0.5235846638679504,-0.8456372022628784,0.3179556131362915,-0.2967676818370819,0.9323033690452576,0.20673491060733796,-0.10633634775876999,-0.2474038451910019,0.9630597829818726,0.9490108489990234,0.2638215720653534,0.17255911231040955],"EasingStyle":"Linear","EasingDirection":"In"},"Torso":{"Weight":1,"CFrame":[0.004744022153317928,-0.1182970404624939,0.15883827209472657,0.9998210668563843,-0.01857779361307621,-0.0035697887651622297,0.017903614789247514,0.9901799559593201,-0.13864806294441224,0.0061105084605515,0.13855935633182527,0.9903352856636047],"EasingStyle":"Linear","EasingDirection":"In"},"HumanoidRootPart":{"Weight":0,"CFrame":[0,0,0,1,0,0,0,1,0,0,0,1],"EasingStyle":"Linear","EasingDirection":"In"},"Right Leg":{"Weight":1,"CFrame":[0.4128800332546234,0.13145512342453004,0.013440847396850586,0.9977786540985107,0.05156441777944565,-0.04217762500047684,-0.05150344595313072,0.9986696839332581,0.0025313617661595346,0.04225209727883339,-0.00035349532845430076,0.9991069436073303],"EasingStyle":"Linear","EasingDirection":"In"}}},{"Time":0.2666666805744171,"poses":{"Left Leg":{"Weight":1,"CFrame":[-0.49633315205574038,0.01902461051940918,0.0390324592590332,0.9888045191764832,-0.12511293590068818,0.08131635189056397,0.12748096883296967,0.9915360808372498,-0.02459261193871498,-0.07755128294229508,0.034683551639318469,0.9963849782943726],"EasingStyle":"Linear","EasingDirection":"In"},"Right Arm":{"Weight":1,"CFrame":[0.523952841758728,-0.7840047478675842,0.39956676959991457,-0.3614021837711334,-0.8910313844680786,-0.274684339761734,0.04739898070693016,-0.3117716610431671,0.948974072933197,-0.9312045574188232,0.32994160056114199,0.1549089252948761],"EasingStyle":"Linear","EasingDirection":"In"},"Head":{"Weight":1,"CFrame":[9.639188647270203e-8,6.31698640063405e-8,0.016662120819091798,0.9977961778640747,0.003193406853824854,0.066276915371418,-0.004265677183866501,0.9998621940612793,0.016044292598962785,-0.06621653586626053,-0.016291696578264238,0.9976722598075867],"EasingStyle":"Linear","EasingDirection":"In"},"Left Arm":{"Weight":1,"CFrame":[-0.5239521861076355,-0.7840046882629395,0.39956700801849368,-0.3614017367362976,0.8910316228866577,0.27468445897102358,-0.047399166971445087,-0.311771959066391,0.9489740133285523,0.9312047362327576,0.329941064119339,0.15490899980068208],"EasingStyle":"Linear","EasingDirection":"In"},"Torso":{"Weight":1,"CFrame":[-0.007919255644083023,-0.11049377918243408,0.1907961368560791,0.9998699426651001,-0.012938710860908032,-0.009627661667764187,0.011555301025509835,0.9911826848983765,-0.13199765980243684,0.011250649578869343,0.13186922669410706,0.9912033677101135],"EasingStyle":"Linear","EasingDirection":"In"},"HumanoidRootPart":{"Weight":0,"CFrame":[0,0,0,1,0,0,0,1,0,0,0,1],"EasingStyle":"Linear","EasingDirection":"In"},"Right Leg":{"Weight":1,"CFrame":[0.5052323341369629,0.14958041906356812,0.0359727144241333,0.9842198491096497,0.15949209034442902,-0.0766395777463913,-0.15984591841697694,0.9871408939361572,0.0015361044788733125,0.07589911669492722,0.01073862612247467,0.9970577359199524],"EasingStyle":"Linear","EasingDirection":"In"}}},{"Time":0.30000001192092898,"poses":{"Left Leg":{"Weight":1,"CFrame":[-0.6140844821929932,0.17610549926757813,0.04804575443267822,0.973812460899353,-0.21660979092121125,0.06906196475028992,0.21990475058555604,0.9745171666145325,-0.04425099119544029,-0.05771690607070923,0.05827920883893967,0.9966304898262024],"EasingStyle":"Linear","EasingDirection":"In"},"Right Arm":{"Weight":1,"CFrame":[0.5057340860366821,-0.6034424304962158,0.4821765422821045,-0.37385687232017519,-0.9242115020751953,-0.07787183672189713,0.09409672766923905,-0.1213221400976181,0.9881430864334106,-0.9227008819580078,0.3620965778827667,0.13232237100601197],"EasingStyle":"Linear","EasingDirection":"In"},"Head":{"Weight":1,"CFrame":[7.82310962677002e-8,-2.814340405166149e-8,0.016662120819091798,0.9973620772361755,0.01586000993847847,0.07083295285701752,-0.011427730321884156,0.9979767799377441,-0.06254508346319199,-0.07168161869049072,0.06157071143388748,0.9955254793167114],"EasingStyle":"Linear","EasingDirection":"In"},"Left Arm":{"Weight":1,"CFrame":[-0.5057333707809448,-0.6034424304962158,0.4821765422821045,-0.37385648488998415,0.9242118000984192,0.07787180691957474,-0.09409694373607636,-0.12132225185632706,0.9881430864334106,0.9227010011672974,0.3620961606502533,0.1323225051164627],"EasingStyle":"Linear","EasingDirection":"In"},"Torso":{"Weight":1,"CFrame":[0.002722170203924179,-0.09088988602161408,0.14942407608032227,0.9995169639587402,-0.024423804134130479,-0.019216716289520265,0.022169215604662896,0.9936985373497009,-0.10987236350774765,0.021779121831059457,0.10939329117536545,0.9937599301338196],"EasingStyle":"Linear","EasingDirection":"In"},"HumanoidRootPart":{"Weight":0,"CFrame":[0,0,0,1,0,0,0,1,0,0,0,1],"EasingStyle":"Linear","EasingDirection":"In"},"Right Leg":{"Weight":1,"CFrame":[0.6150553822517395,0.21866190433502198,0.06933426856994629,0.9624636769294739,0.24334868788719178,-0.12018777430057526,-0.24253536760807038,0.969902753829956,0.021574918180704118,0.12182071059942246,0.008384669199585915,0.9925167560577393],"EasingStyle":"Linear","EasingDirection":"In"}}},{"Time":0.3333333432674408,"poses":{"Left Leg":{"Weight":1,"CFrame":[-0.8142287135124207,0.338184118270874,0.14483225345611573,0.9138335585594177,-0.3788403272628784,0.14624753594398499,0.3910510838031769,0.9180426001548767,-0.06539629399776459,-0.10948676615953446,0.11695157736539841,0.987084150314331],"EasingStyle":"Linear","EasingDirection":"In"},"Right Arm":{"Weight":1,"CFrame":[0.49711039662361147,-0.4768960177898407,0.5659265518188477,-0.45178717374801638,-0.8845195174217224,0.11624772846698761,0.13762208819389344,0.05964434891939163,0.9886874556541443,-0.8814468383789063,0.46267446875572207,0.09478283673524857],"EasingStyle":"Linear","EasingDirection":"In"},"Head":{"Weight":1,"CFrame":[7.404014468193054e-8,-3.370223566889763e-8,0.01666128635406494,0.9958682656288147,0.03979206457734108,0.08162809163331986,-0.030186928808689119,0.9928256869316101,-0.11569797247648239,-0.08564639091491699,0.11275588721036911,0.9899246692657471],"EasingStyle":"Linear","EasingDirection":"In"},"Left Arm":{"Weight":1,"CFrame":[-0.497122585773468,-0.47697019577026369,0.5659341812133789,-0.4523639976978302,0.8845123052597046,-0.11403833329677582,-0.13695156574249268,0.05745742470026016,0.9889100193977356,0.8812554478645325,0.46296507120132449,0.09514378756284714],"EasingStyle":"Linear","EasingDirection":"In"},"Torso":{"Weight":1,"CFrame":[0.015054725110530854,-0.06510894000530243,0.06923913955688477,0.9982747435569763,-0.046977218240499499,-0.0352228619158268,0.04406691715121269,0.9958775639533997,-0.07928529381752014,0.03880225494503975,0.07759634405374527,0.9962294697761536],"EasingStyle":"Linear","EasingDirection":"In"},"HumanoidRootPart":{"Weight":0,"CFrame":[0,0,0,1,0,0,0,1,0,0,0,1],"EasingStyle":"Linear","EasingDirection":"In"},"Right Leg":{"Weight":1,"CFrame":[0.6205984950065613,0.24666261672973634,0.1172800064086914,0.9358676075935364,0.29263100028038027,-0.19626222550868989,-0.28772279620170596,0.9562053680419922,0.05372883379459381,0.20338977873325349,0.00618601031601429,0.9790784120559692],"EasingStyle":"Linear","EasingDirection":"In"}}},{"Time":0.36666667461395266,"poses":{"Left Leg":{"Weight":1,"CFrame":[-0.8582208156585693,0.47757530212402346,0.3234792947769165,0.8413735628128052,-0.4638004004955292,0.27745214104652407,0.5071018934249878,0.8550318479537964,-0.10848025977611542,-0.1869172304868698,0.2319689244031906,0.9545953869819641],"EasingStyle":"Linear","EasingDirection":"In"},"Right Arm":{"Weight":1,"CFrame":[0.5005393028259277,-0.42495256662368777,0.6487969160079956,-0.5923596024513245,-0.7740239500999451,0.22360102832317353,0.16696488857269288,0.1535719335079193,0.9739294052124023,-0.788183331489563,0.6142497062683106,0.038265030831098559],"EasingStyle":"Linear","EasingDirection":"In"},"Head":{"Weight":1,"CFrame":[9.12696123123169e-8,-2.468004822731018e-8,0.01666259765625,0.9923220276832581,0.07004424184560776,0.10193541646003723,-0.05434124916791916,0.9872821569442749,-0.1494024246931076,-0.1111038327217102,0.14271606504917146,0.9835081100463867],"EasingStyle":"Linear","EasingDirection":"In"},"Left Arm":{"Weight":1,"CFrame":[-0.5005404353141785,-0.4250520169734955,0.6487971544265747,-0.592875063419342,0.7744755744934082,-0.22065123915672303,-0.16585935652256013,0.15069012343883515,0.974568247795105,0.7880291938781738,0.6143941879272461,0.039113521575927737],"EasingStyle":"Linear","EasingDirection":"In"},"Torso":{"Weight":1,"CFrame":[-0.001941591501235962,-0.040810391306877139,0.0006198883056640625,0.9955296516418457,-0.07168251276016236,-0.06150224432349205,0.0686614140868187,0.9963910579681397,-0.0499061681330204,0.06485769152641297,0.045460235327482226,0.9968584775924683],"EasingStyle":"Linear","EasingDirection":"In"},"HumanoidRootPart":{"Weight":0,"CFrame":[0,0,0,1,0,0,0,1,0,0,0,1],"EasingStyle":"Linear","EasingDirection":"In"},"Right Leg":{"Weight":1,"CFrame":[0.5538020133972168,0.2228940725326538,0.1423630714416504,0.915502667427063,0.3096514344215393,-0.25684770941734316,-0.2966417074203491,0.950835645198822,0.08896823227405548,0.27176907658576968,-0.005258973687887192,0.9623481631278992],"EasingStyle":"Linear","EasingDirection":"In"}}},{"Time":0.4000000059604645,"poses":{"Left Leg":{"Weight":1,"CFrame":[-0.7755876779556274,0.5036885142326355,0.5010926723480225,0.7972047924995422,-0.4653589725494385,0.3845849633216858,0.5659787058830261,0.7977815270423889,-0.20787665247917176,-0.21007756888866425,0.38338717818260195,0.8993785381317139],"EasingStyle":"Linear","EasingDirection":"In"},"Right Arm":{"Weight":1,"CFrame":[0.5099090933799744,-0.4131447970867157,0.7268024682998657,-0.7383783459663391,-0.625547468662262,0.2519682049751282,0.18247488141059876,0.17436771094799043,0.9676253199577332,-0.6492305994033814,0.7604514360427856,-0.014602776616811753],"EasingStyle":"Linear","EasingDirection":"In"},"Head":{"Weight":1,"CFrame":[1.2060627341270448e-7,-7.450580596923828e-9,0.016661643981933595,0.9865062236785889,0.09912309795618057,0.13030795753002168,-0.07700291275978089,0.983281672000885,-0.165008544921875,-0.14448565244674684,0.15274788439273835,0.9776462316513062],"EasingStyle":"Linear","EasingDirection":"In"},"Left Arm":{"Weight":1,"CFrame":[-0.509897768497467,-0.4131990671157837,0.7267944812774658,-0.7384123206138611,0.6261308789253235,-0.2504146993160248,-0.18175648152828217,0.17280755937099458,0.9680403470993042,0.6493934392929077,0.7603273987770081,-0.013800092041492463],"EasingStyle":"Linear","EasingDirection":"In"},"Torso":{"Weight":1,"CFrame":[-0.059129998087882999,-0.02393788844347,-0.02548050880432129,0.9913355708122253,-0.09065687656402588,-0.09505335986614227,0.08824504166841507,0.9956682920455933,-0.029285835102200509,0.0972965657711029,0.02064410410821438,0.9950413107872009],"EasingStyle":"Linear","EasingDirection":"In"},"HumanoidRootPart":{"Weight":0,"CFrame":[0,0,0,1,0,0,0,1,0,0,0,1],"EasingStyle":"Linear","EasingDirection":"In"},"Right Leg":{"Weight":1,"CFrame":[0.4358348846435547,0.1624869704246521,0.11235809326171875,0.9256804585456848,0.2798883616924286,-0.25451570749282839,-0.2585061192512512,0.959186315536499,0.11461411416530609,0.2762071490287781,-0.04030229151248932,0.9602527618408203],"EasingStyle":"Linear","EasingDirection":"In"}}},{"Time":0.4333333373069763,"poses":{"Left Leg":{"Weight":1,"CFrame":[-0.7976548075675964,0.37725722789764407,0.5213336944580078,0.7862371206283569,-0.4860862195491791,0.38151195645332339,0.5977578163146973,0.7547494769096375,-0.2702566981315613,-0.156577929854393,0.44053754210472109,0.8839740753173828],"EasingStyle":"Linear","EasingDirection":"In"},"Right Arm":{"Weight":1,"CFrame":[0.5188255906105042,-0.4067639112472534,0.7964447736740112,-0.8465902209281921,-0.4839511215686798,0.22153250873088838,0.17497944831848145,0.14001785218715669,0.9745650887489319,-0.50266033411026,0.8638208508491516,-0.03385649621486664],"EasingStyle":"Linear","EasingDirection":"In"},"Head":{"Weight":1,"CFrame":[8.032657206058502e-8,9.313225746154786e-10,0.016662120819091798,0.9837951064109802,0.1067626103758812,0.14404530823230744,-0.08177521824836731,0.9821431636810303,-0.1694336086511612,-0.15956227481365205,0.1549086719751358,0.974958062171936],"EasingStyle":"Linear","EasingDirection":"In"},"Left Arm":{"Weight":1,"CFrame":[-0.5188246369361877,-0.40676406025886538,0.7964448928833008,-0.8465898633003235,0.4839514195919037,-0.22153255343437196,-0.17497950792312623,0.14001786708831788,0.9745650887489319,0.5026606321334839,0.8638206124305725,-0.033856380730867389],"EasingStyle":"Linear","EasingDirection":"In"},"Torso":{"Weight":1,"CFrame":[-0.08963325619697571,-0.013202469795942307,-0.05660247802734375,0.9889822006225586,-0.10020067542791367,-0.10896876454353333,0.09903726726770401,0.9949543476104736,-0.01605047658085823,0.11002722382545471,0.005081667099148035,0.9939156174659729],"EasingStyle":"Linear","EasingDirection":"In"},"HumanoidRootPart":{"Weight":0,"CFrame":[0,0,0,1,0,0,0,1,0,0,0,1],"EasingStyle":"Linear","EasingDirection":"In"},"Right Leg":{"Weight":1,"CFrame":[0.3297941982746124,0.1143651008605957,0.06951141357421875,0.9476798176765442,0.23747111856937409,-0.21333152055740357,-0.21505968272686006,0.9688137173652649,0.12308311462402344,0.2359071969985962,-0.07076440751552582,0.9691956639289856],"EasingStyle":"Linear","EasingDirection":"In"}}},{"Time":0.46666666865348818,"poses":{"Left Leg":{"Weight":1,"CFrame":[-0.8982492685317993,0.24854505062103272,0.2863602638244629,0.8373017907142639,-0.5005561709403992,0.2199304699897766,0.5423054099082947,0.811488926410675,-0.217693492770195,-0.06950342655181885,0.30154454708099368,0.950915515422821],"EasingStyle":"Linear","EasingDirection":"In"},"Right Arm":{"Weight":1,"CFrame":[0.522121787071228,-0.3798336386680603,0.855888843536377,-0.9062978625297546,-0.3917974829673767,0.1584898680448532,0.14228300750255586,0.07026777416467667,0.9873287081718445,-0.39796963334083559,0.917364239692688,-0.007937698625028134],"EasingStyle":"Linear","EasingDirection":"In"},"Head":{"Weight":1,"CFrame":[5.925539880990982e-8,-9.313225746154786e-10,0.016662240028381349,0.9889470934867859,0.08137606829404831,0.12394215166568756,-0.05967731773853302,0.9836899638175964,-0.16968442499637605,-0.1357288956642151,0.16041246056556703,0.9776735901832581],"EasingStyle":"Linear","EasingDirection":"In"},"Left Arm":{"Weight":1,"CFrame":[-0.522148609161377,-0.379823237657547,0.8559023141860962,-0.9066605567932129,0.3909716010093689,-0.15845447778701783,-0.14210720360279084,0.07060311734676361,0.9873301386833191,0.3972054719924927,0.9176908135414124,-0.008453267626464367],"EasingStyle":"Linear","EasingDirection":"In"},"Torso":{"Weight":1,"CFrame":[-0.036858201026916507,-0.005702455528080463,-0.13616156578063966,0.9916443824768066,-0.09905345737934113,-0.08264374732971192,0.09882975369691849,0.9950811862945557,-0.006803399883210659,0.08291114121675492,-0.0014211081434041262,0.9965559244155884],"EasingStyle":"Linear","EasingDirection":"In"},"HumanoidRootPart":{"Weight":0,"CFrame":[0,0,0,1,0,0,0,1,0,0,0,1],"EasingStyle":"Linear","EasingDirection":"In"},"Right Leg":{"Weight":1,"CFrame":[0.38998058438301089,0.10650420188903809,0.060491323471069339,0.9485827088356018,0.2687162756919861,-0.1672791987657547,-0.2525452971458435,0.9611030220985413,0.11181236058473587,0.1908183991909027,-0.06381776183843613,0.9795486927032471],"EasingStyle":"Linear","EasingDirection":"In"}}},{"Time":0.5,"poses":{"Left Leg":{"Weight":1,"CFrame":[-0.830613374710083,0.1462591290473938,0.03505110740661621,0.9101095795631409,-0.41392743587493899,0.019091036170721055,0.41285330057144167,0.9018861055374146,-0.12709669768810273,0.035390812903642657,0.12355376034975052,0.9917066693305969],"EasingStyle":"Linear","EasingDirection":"In"},"Right Arm":{"Weight":1,"CFrame":[0.5207103490829468,-0.3414069414138794,0.9066203832626343,-0.9342964291572571,-0.3467901945114136,0.08262530714273453,0.08943125605583191,-0.003638199996203184,0.9959864616394043,-0.34509769082069399,0.9379357099533081,0.03441278636455536],"EasingStyle":"Linear","EasingDirection":"In"},"Head":{"Weight":1,"CFrame":[1.0868825484067202e-7,-6.402842700481415e-10,0.016662001609802247,0.9945069551467896,0.05422445014119148,0.08953068405389786,-0.038431428372859958,0.9847747683525086,-0.1695338487625122,-0.09736045449972153,0.16516178846359254,0.9814491868019104],"EasingStyle":"Linear","EasingDirection":"In"},"Left Arm":{"Weight":1,"CFrame":[-0.5207451581954956,-0.34140464663505556,0.9066348075866699,-0.934706449508667,0.34578657150268557,-0.0821918398141861,-0.08889821171760559,-0.0035509117878973486,0.9960343837738037,0.3441234230995178,0.9383065700531006,0.03405873104929924],"EasingStyle":"Linear","EasingDirection":"In"},"Torso":{"Weight":1,"CFrame":[0.038090988993644717,-0.0007960008224472404,-0.21502995491027833,0.9950742721557617,-0.08924474567174912,-0.04315730929374695,0.08929447084665299,0.9960050582885742,-0.0007779764127917588,0.04305432364344597,-0.0030795650091022255,0.9990679621696472],"EasingStyle":"Linear","EasingDirection":"In"},"HumanoidRootPart":{"Weight":0,"CFrame":[0,0,0,1,0,0,0,1,0,0,0,1],"EasingStyle":"Linear","EasingDirection":"In"},"Right Leg":{"Weight":1,"CFrame":[0.5101137161254883,0.11460685729980469,0.055454134941101077,0.9384604096412659,0.32211682200431826,-0.12463069707155228,-0.31228354573249819,0.9455004334449768,0.092239610850811,0.1475503146648407,-0.04764310643076897,0.9879064559936523],"EasingStyle":"Linear","EasingDirection":"In"}}},{"Time":0.5333333611488342,"poses":{"Left Leg":{"Weight":1,"CFrame":[-0.6826444268226624,0.08507508039474487,-0.04484432935714722,0.9463226795196533,-0.3150451183319092,-0.0722493976354599,0.31015700101852419,0.9480037689208984,-0.07135476917028427,0.09097263216972351,0.04511600360274315,0.9948309659957886],"EasingStyle":"Linear","EasingDirection":"In"},"Right Arm":{"Weight":1,"CFrame":[0.5174245238304138,-0.30944591760635378,0.9507845640182495,-0.9428485631942749,-0.3332011103630066,0.003709751646965742,0.02133558690547943,-0.04925509914755821,0.9985583424568176,-0.33253809809684756,0.9415683746337891,0.05354902520775795],"EasingStyle":"Linear","EasingDirection":"In"},"Head":{"Weight":1,"CFrame":[9.976793080568314e-8,-9.313225746154786e-10,0.016661882400512697,0.9958372712135315,0.06641460955142975,0.062428079545497897,-0.05486302077770233,0.9836836457252502,-0.17133763432502747,-0.0727887824177742,0.16719938814640046,0.9832325577735901],"EasingStyle":"Linear","EasingDirection":"In"},"Left Arm":{"Weight":1,"CFrame":[-0.5174235701560974,-0.3094468116760254,0.95078444480896,-0.942848265171051,0.33320167660713198,-0.00370976934209466,-0.02133561670780182,-0.049255114048719409,0.9985584020614624,0.33253857493400576,0.9415682554244995,0.05354895070195198],"EasingStyle":"Linear","EasingDirection":"In"},"Torso":{"Weight":1,"CFrame":[0.06360413879156113,0.0017912006005644799,-0.23639440536499024,0.9970625042915344,-0.0734904482960701,-0.021574800834059717,0.07355846464633942,0.997288167476654,0.0023752348497509958,0.021341735497117044,-0.003955267369747162,0.9997644424438477],"EasingStyle":"Linear","EasingDirection":"In"},"HumanoidRootPart":{"Weight":0,"CFrame":[0,0,0,1,0,0,0,1,0,0,0,1],"EasingStyle":"Linear","EasingDirection":"In"},"Right Leg":{"Weight":1,"CFrame":[0.5730497241020203,0.11654525995254517,0.04096555709838867,0.9360436201095581,0.3408263325691223,-0.08751920610666275,-0.3352344036102295,0.9393323063850403,0.0726136714220047,0.10695830732584,-0.03863015025854111,0.9935128688812256],"EasingStyle":"Linear","EasingDirection":"In"}}},{"Time":0.5666666626930237,"poses":{"Left Leg":{"Weight":1,"CFrame":[-0.6134804487228394,0.07086265087127686,-0.04154205322265625,0.9565684199333191,-0.2832132875919342,-0.06904394924640656,0.28055426478385928,0.9587461948394775,-0.045772258192300799,0.07915890216827393,0.0244136955589056,0.9965630173683167],"EasingStyle":"Linear","EasingDirection":"In"},"Right Arm":{"Weight":1,"CFrame":[0.5156116485595703,-0.2972017526626587,0.9893171787261963,-0.9399316906929016,-0.3325156569480896,-0.07721338421106339,-0.06475561857223511,-0.04840295389294624,0.9967266321182251,-0.3351645767688751,0.9418548345565796,0.02396334707736969],"EasingStyle":"Linear","EasingDirection":"In"},"Head":{"Weight":1,"CFrame":[8.969800546765328e-8,-1.0477378964424134e-9,0.016661882400512697,0.9894596934318543,0.1399703174829483,0.03712084889411926,-0.13152456283569337,0.9759142994880676,-0.17404812574386598,-0.06058834120631218,0.16733132302761079,0.9840372800827026],"EasingStyle":"Linear","EasingDirection":"In"},"Left Arm":{"Weight":1,"CFrame":[-0.5155967473983765,-0.29721540212631228,0.9893007278442383,-0.9397830963134766,0.3329612910747528,0.0771002396941185,0.06456264853477478,-0.04857418313622475,0.9967308640480042,0.3356178402900696,0.9416886568069458,0.024152163416147233],"EasingStyle":"Linear","EasingDirection":"In"},"Torso":{"Weight":1,"CFrame":[0.04438170790672302,0.0027008643373847009,-0.21625423431396485,0.9983890652656555,-0.0545433908700943,-0.015630168840289117,0.05460362508893013,0.9985021352767944,0.003452873323112726,0.015418426133692265,-0.00430077500641346,0.9998719096183777],"EasingStyle":"Linear","EasingDirection":"In"},"HumanoidRootPart":{"Weight":0,"CFrame":[0,0,0,1,0,0,0,1,0,0,0,1],"EasingStyle":"Linear","EasingDirection":"In"},"Right Leg":{"Weight":1,"CFrame":[0.5950791239738464,0.11139696836471558,0.025928497314453126,0.9398508071899414,0.33669281005859377,-0.05760440230369568,-0.33401405811309817,0.9411659836769104,0.05139270797371864,0.0715189129114151,-0.029060840606689454,0.9970158934593201],"EasingStyle":"Linear","EasingDirection":"In"}}},{"Time":0.6000000238418579,"poses":{"Left Leg":{"Weight":1,"CFrame":[-0.6086743474006653,0.08175665140151978,-0.02278071641921997,0.9554766416549683,-0.29302921891212466,-0.03461616113781929,0.2923465669155121,0.9560242295265198,-0.023474304005503656,0.03997249901294708,0.012309249490499497,0.9991249442100525],"EasingStyle":"Linear","EasingDirection":"In"},"Right Arm":{"Weight":1,"CFrame":[0.5154304504394531,-0.2977370023727417,1.0175199508666993,-0.9322604537010193,-0.33638840913772585,-0.13316719233989716,-0.1329859495162964,-0.02369028888642788,0.9908348321914673,-0.33646005392074587,0.9414253830909729,-0.022649401798844339],"EasingStyle":"Linear","EasingDirection":"In"},"Head":{"Weight":1,"CFrame":[8.573988452553749e-8,1.8335413187742234e-9,0.016661643981933595,0.9715840220451355,0.2355199009180069,0.023559246212244035,-0.2275146096944809,0.9567139148712158,-0.18148216605186463,-0.06528213620185852,0.17096509039402009,0.9831119775772095],"EasingStyle":"Linear","EasingDirection":"In"},"Left Arm":{"Weight":1,"CFrame":[-0.5154207944869995,-0.2977389991283417,1.01751708984375,-0.9321771264076233,0.33664271235466006,0.1331075131893158,0.13290873169898988,-0.023747360333800317,0.9908437728881836,0.3367213308811188,0.9413330554962158,-0.02260621450841427],"EasingStyle":"Linear","EasingDirection":"In"},"Torso":{"Weight":1,"CFrame":[0.002119731158018112,0.0025547724217176439,-0.19155597686767579,0.9992925524711609,-0.034829869866371158,-0.014187505468726159,0.034878913313150409,0.9993864297866821,0.0032244622707366945,0.014066489413380623,-0.00371702597476542,0.9998942613601685],"EasingStyle":"Linear","EasingDirection":"In"},"HumanoidRootPart":{"Weight":0,"CFrame":[0,0,0,1,0,0,0,1,0,0,0,1],"EasingStyle":"Linear","EasingDirection":"In"},"Right Leg":{"Weight":1,"CFrame":[0.5977479219436646,0.09974831342697144,0.014608263969421387,0.9455309510231018,0.3236876130104065,-0.0346040204167366,-0.3230036497116089,0.9460943937301636,0.023960258811712266,0.040494345128536227,-0.011477948166429997,0.999113917350769],"EasingStyle":"Linear","EasingDirection":"In"}}},{"Time":0.6333333253860474,"poses":{"Left Leg":{"Weight":1,"CFrame":[-0.5984827280044556,0.09531748294830322,-0.01558464765548706,0.9554240107536316,-0.2947027087211609,-0.017759088426828386,0.29490238428115847,0.9554764032363892,0.009874776005744934,0.014058220200240612,-0.014671855606138707,0.999793529510498],"EasingStyle":"Linear","EasingDirection":"In"},"Right Arm":{"Weight":1,"CFrame":[0.5163722634315491,-0.29981735348701479,1.0301947593688965,-0.9312907457351685,-0.33393973112106326,-0.14554035663604737,-0.15183457732200623,-0.0073271142318844799,0.9883787631988525,-0.3311253488063812,0.9425659775733948,-0.043879661709070209],