{"Sequence":[{"Time":0,"poses":{"Left Leg":{"Weight":1,"CFrame":[-0.3882535696029663,0.1690208911895752,0.16331195831298829,0.9349525570869446,-0.16970546543598176,0.3115505576133728,0.1944974660873413,0.9796244502067566,-0.05006679147481918,-0.2967059910297394,0.107405886054039,0.9489096403121948],"EasingStyle":"Linear","EasingDirection":"In"},"Right Arm":{"Weight":1,"CFrame":[-0.44376900792121889,-0.7213408350944519,0.23945832252502442,0.10791723430156708,-0.6192734241485596,0.7777237296104431,0.9642901420593262,0.25552353262901308,0.0696588009595871,-0.24186453223228455,0.7424339056015015,0.6247346997261047],"EasingStyle":"Linear","EasingDirection":"In"},"Left Arm":{"Weight":1,"CFrame":[0.5102365612983704,-0.7227908372879028,0.2349463701248169,0.12598779797554017,0.7077874541282654,-0.6951000690460205,-0.9573212265968323,0.2704703211784363,0.1018913984298706,0.2601214051246643,0.6525968909263611,0.711655855178833],"EasingStyle":"Linear","EasingDirection":"In"},"Head":{"Weight":1,"CFrame":[8.89413058757782e-8,-5.2241375669837e-8,-3.5762786865234377e-7,0.932589590549469,0.3521214425563812,-0.07929152250289917,-0.3598193824291229,0.9242731928825378,-0.12747186422348023,0.0284014493227005,0.1474095731973648,0.9886676669120789],"EasingStyle":"Linear","EasingDirection":"In"},"Torso":{"Weight":1,"CFrame":[0.003309941850602627,-0.1171676516532898,-0.2178502082824707,0.9999618530273438,-0.007690326776355505,0.004137340001761913,0.008213403634727002,0.9891825318336487,-0.14645957946777345,-0.0029662628658115865,0.14648796617984773,0.9892079830169678],"EasingStyle":"Linear","EasingDirection":"In"},"HumanoidRootPart":{"Weight":0,"CFrame":[0,0,0,1,0,0,0,1,0,0,0,1],"EasingStyle":"Linear","EasingDirection":"In"},"Right Leg":{"Weight":1,"CFrame":[0.353007972240448,0.15485453605651856,0.1826726198196411,0.9186127185821533,0.16740557551383973,-0.35794681310653689,-0.20240594446659089,0.9773136377334595,-0.062369294464588168,0.3393854796886444,0.1297437697649002,0.9316566586494446],"EasingStyle":"Linear","EasingDirection":"In"}}},{"Time":0.01666666753590107,"poses":{"Left Leg":{"Weight":1,"CFrame":[-0.423306941986084,0.19877499341964723,0.17752087116241456,0.9286077618598938,-0.19525280594825746,0.31553754210472109,0.2197265326976776,0.9745879769325256,-0.043572455644607547,-0.2990114688873291,0.10979372262954712,0.9479121565818787],"EasingStyle":"Linear","EasingDirection":"In"},"Right Arm":{"Weight":1,"CFrame":[-0.4445302486419678,-0.7301247119903565,0.2394336462020874,0.10357256233692169,-0.6209569573402405,0.7769719362258911,0.9649838805198669,0.25201234221458437,0.07277338951826096,-0.24099557101726533,0.7422279119491577,0.6253148317337036],"EasingStyle":"Linear","EasingDirection":"In"},"Left Arm":{"Weight":1,"CFrame":[0.5094755291938782,-0.7140061855316162,0.23492181301116944,0.12038831412792206,0.7112802267074585,-0.6925223469734192,-0.9568137526512146,0.2690742015838623,0.1100296601653099,0.26460185647010805,0.6493685245513916,0.7129560112953186],"EasingStyle":"Linear","EasingDirection":"In"},"Head":{"Weight":1,"CFrame":[8.89413058757782e-8,-4.058529157191515e-8,0,0.9312488436698914,0.3550700843334198,-0.08185814321041107,-0.36349835991859438,0.9208924770355225,-0.14080502092838288,0.025386901572346689,0.16087982058525086,0.9866474270820618],"EasingStyle":"Linear","EasingDirection":"In"},"Torso":{"Weight":1,"CFrame":[-0.02331908419728279,-0.11675718426704407,-0.2568182945251465,0.9999657273292542,-0.007938000373542309,-0.002363405656069517,0.007508104667067528,0.9892640113830566,-0.1459464728832245,0.0034965553786605598,0.14592373371124268,0.9892896413803101],"EasingStyle":"Linear","EasingDirection":"In"},"HumanoidRootPart":{"Weight":0,"CFrame":[0,0,0,1,0,0,0,1,0,0,0,1],"EasingStyle":"Linear","EasingDirection":"In"},"Right Leg":{"Weight":1,"CFrame":[0.3999158442020416,0.17947059869766236,0.20106172561645509,0.9141237735748291,0.19771920144557954,-0.35395586490631106,-0.2362815886735916,0.969245970249176,-0.0687994658946991,0.32946735620498659,0.14652438461780549,0.9327281713485718],"EasingStyle":"Linear","EasingDirection":"In"}}},{"Time":0.03333333507180214,"poses":{"Left Leg":{"Weight":1,"CFrame":[-0.45063096284866335,0.22431766986846925,0.18925750255584718,0.9222872257232666,-0.217091366648674,0.3197774291038513,0.2413140833377838,0.9697158932685852,-0.03766368329524994,-0.30191683769226076,0.11190350353717804,0.9467437863349915],"EasingStyle":"Linear","EasingDirection":"In"},"Right Arm":{"Weight":1,"CFrame":[-0.44659602642059328,-0.7366898655891419,0.23936545848846436,0.09175625443458557,-0.6254441142082214,0.7748550772666931,0.966761589050293,0.2424396127462387,0.0812099352478981,-0.23864781856536866,0.7416486144065857,0.6269007325172424],"EasingStyle":"Linear","EasingDirection":"In"},"Left Arm":{"Weight":1,"CFrame":[0.5074098110198975,-0.7074414491653442,0.2348536252975464,0.10720794647932053,0.7150000929832459,-0.6908555626869202,-0.9571285247802734,0.26228681206703188,0.12292487919330597,0.26909369230270388,0.6480590105056763,0.7124662399291992],"EasingStyle":"Linear","EasingDirection":"In"},"Head":{"Weight":1,"CFrame":[8.35862010717392e-8,2.4068867787718774e-8,-5.960464477539063e-8,0.9277014136314392,0.3636375069618225,-0.0844859853386879,-0.37264519929885867,0.9156237840652466,-0.15089285373687745,0.02248707041144371,0.17146682739257813,0.9849332571029663],"EasingStyle":"Linear","EasingDirection":"In"},"Torso":{"Weight":1,"CFrame":[-0.048636771738529208,-0.1155502200126648,-0.29213714599609377,0.9999265074729919,-0.007711892481893301,-0.009352699853479863,0.0062804496847093109,0.9894939661026001,-0.1444377899169922,0.010368328541517258,0.14436843991279603,0.9894697070121765],"EasingStyle":"Linear","EasingDirection":"In"},"HumanoidRootPart":{"Weight":0,"CFrame":[0,0,0,1,0,0,0,1,0,0,0,1],"EasingStyle":"Linear","EasingDirection":"In"},"Right Leg":{"Weight":1,"CFrame":[0.43860185146331789,0.20152419805526734,0.21556377410888673,0.9097822308540344,0.2236059606075287,-0.34970927238464358,-0.2647433876991272,0.961478054523468,-0.0739656388759613,0.3196987211704254,0.15987583994865418,0.9339339137077332],"EasingStyle":"Linear","EasingDirection":"In"}}},{"Time":0.05000000074505806,"poses":{"Left Leg":{"Weight":1,"CFrame":[-0.46693792939186098,0.2412952184677124,0.19730806350708009,0.9169170260429382,-0.23263129591941834,0.32426178455352785,0.256558895111084,0.9659834504127502,-0.03245887905359268,-0.30568063259124758,0.1129542738199234,0.9454103112220764],"EasingStyle":"Linear","EasingDirection":"In"},"Right Arm":{"Weight":1,"CFrame":[-0.44964027404785159,-0.7414138913154602,0.23926281929016114,0.07428611814975739,-0.6318363547325134,0.7715337872505188,0.9690995216369629,0.2282247543334961,0.09359274804592133,-0.2352183759212494,0.7407403588294983,0.6292662620544434],"EasingStyle":"Linear","EasingDirection":"In"},"Left Arm":{"Weight":1,"CFrame":[0.5043654441833496,-0.7027173042297363,0.23475098609924317,0.08833368122577667,0.7186522483825684,-0.6897363066673279,-0.9578215479850769,0.2513735294342041,0.13924497365951539,0.27345025539398196,0.6483442783355713,0.7105453610420227],"EasingStyle":"Linear","EasingDirection":"In"},"Head":{"Weight":1,"CFrame":[8.754432201385498e-8,6.9267116487026218e-9,0,0.9229200482368469,0.3750057518482208,-0.08711645752191544,-0.384488582611084,0.9093701839447022,-0.15879008173942567,0.019673915579915048,0.18004590272903443,0.9834614396095276],"EasingStyle":"Linear","EasingDirection":"In"},"Torso":{"Weight":1,"CFrame":[-0.0727519690990448,-0.11364606022834778,-0.31770825386047366,0.9998353123664856,-0.006936737801879644,-0.016771171241998674,0.004484584555029869,0.989848256111145,-0.14205755293369294,0.017586329951882364,0.14195895195007325,0.9897162914276123],"EasingStyle":"Linear","EasingDirection":"In"},"HumanoidRootPart":{"Weight":0,"CFrame":[0,0,0,1,0,0,0,1,0,0,0,1],"EasingStyle":"Linear","EasingDirection":"In"},"Right Leg":{"Weight":1,"CFrame":[0.4662855863571167,0.21715927124023438,0.22476732730865479,0.9065816402435303,0.24274103343486787,-0.3452337980270386,-0.28538885712623598,0.9552512168884277,-0.07777190953493118,0.31090667843818667,0.16903236508369447,0.9352887868881226],"EasingStyle":"Linear","EasingDirection":"In"}}},{"Time":0.06666667014360428,"poses":{"Left Leg":{"Weight":1,"CFrame":[-0.4692905843257904,0.24524587392807008,0.20058023929595948,0.9134669899940491,-0.23954087495803834,0.3289348781108856,0.26306599378585818,0.964363694190979,-0.028265485540032388,-0.310442179441452,0.11235112696886063,0.9439294934272766],"EasingStyle":"Linear","EasingDirection":"In"},"Right Arm":{"Weight":1,"CFrame":[-0.4533369541168213,-0.7446754574775696,0.23913466930389405,0.05299436300992966,-0.6392396092414856,0.7671794891357422,0.971484363079071,0.21080149710178376,0.1085396409034729,-0.23110538721084596,0.7395508289337158,0.6321825385093689],"EasingStyle":"Linear","EasingDirection":"In"},"Left Arm":{"Weight":1,"CFrame":[0.5006688833236694,-0.6994550824165344,0.23462283611297608,0.0656745582818985,0.7219405174255371,-0.6888315081596375,-0.9584769010543823,0.23762330412864686,0.15766175091266633,0.2775048315525055,0.6498746275901794,0.7075690627098084],"EasingStyle":"Linear","EasingDirection":"In"},"Head":{"Weight":1,"CFrame":[7.712515071034432e-8,-1.2165401130914688e-8,1.1920928955078126e-7,0.9179703593254089,0.38638830184936526,-0.08963528275489807,-0.39628538489341738,0.9030774235725403,-0.1655566692352295,0.016978438943624498,0.1874973028898239,0.9821183681488037],"EasingStyle":"Linear","EasingDirection":"In"},"Torso":{"Weight":1,"CFrame":[-0.09577204287052155,-0.11114275455474854,-0.32743358612060549,0.9996830821037293,-0.005538227967917919,-0.02455759420990944,0.002073417417705059,0.9903002381324768,-0.13892844319343568,0.025088807567954065,0.13883349299430848,0.9899978637695313],"EasingStyle":"Linear","EasingDirection":"In"},"HumanoidRootPart":{"Weight":0,"CFrame":[0,0,0,1,0,0,0,1,0,0,0,1],"EasingStyle":"Linear","EasingDirection":"In"},"Right Leg":{"Weight":1,"CFrame":[0.4806806743144989,0.22256803512573243,0.22749483585357667,0.9054733514785767,0.2531733512878418,-0.34061866998672488,-0.2961846590042114,0.9517814517021179,-0.07991782575845719,0.30396151542663576,0.17324942350387574,0.9367988705635071],"EasingStyle":"Linear","EasingDirection":"In"}}},{"Time":0.0833333358168602,"poses":{"Left Leg":{"Weight":1,"CFrame":[-0.43582502007484438,0.2175905704498291,0.19085931777954102,0.916037380695343,-0.22281014919281007,0.3335132896900177,0.24525479972362519,0.9691047072410584,-0.026194406673312188,-0.3173729181289673,0.10579080879688263,0.9423814415931702],"EasingStyle":"Linear","EasingDirection":"In"},"Right Arm":{"Weight":1,"CFrame":[-0.4573596715927124,-0.7468545436859131,0.23899006843566895,0.02974577248096466,-0.6468425989151001,0.7620431780815125,0.9735109210014343,0.19165398180484773,0.12468061596155167,-0.22669731080532075,0.7381486296653748,0.6354092359542847],"EasingStyle":"Linear","EasingDirection":"In"},"Left Arm":{"Weight":1,"CFrame":[0.496645987033844,-0.6972770690917969,0.23447823524475099,0.04116572067141533,0.7246326804161072,-0.6879047751426697,-0.9587942957878113,0.22234971821308137,0.17684487998485566,0.2811029851436615,0.6522791385650635,0.7039268016815186],"EasingStyle":"Linear","EasingDirection":"In"},"Head":{"Weight":1,"CFrame":[9.885116014629603e-8,7.799826562404633e-9,-1.1920928955078126e-7,0.9140527844429016,0.39504534006118777,-0.09190553426742554,-0.4053373634815216,0.8977903127670288,-0.1722620129585266,0.01446058601140976,0.19470931589603425,0.9807543754577637],"EasingStyle":"Linear","EasingDirection":"In"},"Torso":{"Weight":1,"CFrame":[-0.11780291795730591,-0.10813748836517334,-0.29569411277770998,0.9994609355926514,-0.0034435733687132599,-0.032648906111717227,-0.0010017871391028166,0.9908216595649719,-0.13517186045646668,0.032814715057611468,0.13513170182704926,0.9902840852737427],"EasingStyle":"Linear","EasingDirection":"In"},"HumanoidRootPart":{"Weight":0,"CFrame":[0,0,0,1,0,0,0,1,0,0,0,1],"EasingStyle":"Linear","EasingDirection":"In"},"Right Leg":{"Weight":1,"CFrame":[0.46235260367393496,0.20131152868270875,0.21545743942260743,0.910269021987915,0.24149154126644135,-0.33629167079925539,-0.2828184962272644,0.9559071063995361,-0.07909029722213745,0.3023640513420105,0.16710294783115388,0.9384309649467468],"EasingStyle":"Linear","EasingDirection":"In"}}},{"Time":0.10000000149011612,"poses":{"Left Leg":{"Weight":1,"CFrame":[-0.38429906964302065,0.17959821224212647,0.15184223651885987,0.9327625036239624,-0.18548639118671418,0.30910974740982058,0.19701385498046876,0.9803810119628906,-0.0062107304111123089,-0.3018933832645416,0.06669209152460098,0.9510061144828796],"EasingStyle":"Linear","EasingDirection":"In"},"Right Arm":{"Weight":1,"CFrame":[-0.46138256788253786,-0.7483276128768921,0.2388378381729126,0.006436910480260849,-0.6539645791053772,0.7564978003501892,0.9749424457550049,0.1723291277885437,0.14067648351192475,-0.22236397862434388,0.7366362810134888,0.6386870741844177],"EasingStyle":"Linear","EasingDirection":"In"},"Left Arm":{"Weight":1,"CFrame":[0.4926231801509857,-0.6958038210868836,0.23432612419128419,0.016762224957346917,0.7266066670417786,-0.6868492364883423,-0.9586408734321594,0.20688453316688538,0.19546471536159516,0.2841244637966156,0.6551652550697327,0.7000226378440857],"EasingStyle":"Linear","EasingDirection":"In"},"Head":{"Weight":1,"CFrame":[1.1071097105741501e-7,2.8951035346835853e-8,-1.7881393432617188e-7,0.9124622344970703,0.3982712924480438,-0.09376947581768036,-0.4089788794517517,0.8946183919906616,-0.17998388409614564,0.012205486185848713,0.20257821679115296,0.9791899919509888],"EasingStyle":"Linear","EasingDirection":"In"},"Torso":{"Weight":1,"CFrame":[-0.13894914090633393,-0.10472676157951355,-0.22413873672485352,0.9991597533226013,-0.0005820310325361788,-0.04098040983080864,-0.0047916932962834839,0.991382896900177,-0.13090845942497254,0.04070347175002098,0.13099484145641328,0.9905471205711365],"EasingStyle":"Linear","EasingDirection":"In"},"HumanoidRootPart":{"Weight":0,"CFrame":[0,0,0,1,0,0,0,1,0,0,0,1],"EasingStyle":"Linear","EasingDirection":"In"},"Right Leg":{"Weight":1,"CFrame":[0.41762465238571169,0.16027241945266725,0.1770859956741333,0.926629364490509,0.2082606852054596,-0.31302621960639956,-0.24026581645011903,0.9683952331542969,-0.06695523113012314,0.28918904066085818,0.137252077460289,0.9473814368247986],"EasingStyle":"Linear","EasingDirection":"In"}}},{"Time":0.11666666716337204,"poses":{"Left Leg":{"Weight":1,"CFrame":[-0.3563317060470581,0.1639043688774109,0.09108829498291016,0.961674153804779,-0.1482139229774475,0.23068472743034364,0.14109203219413758,0.9888723492622376,0.04716408625245094,-0.2351081669330597,-0.012808720581233502,0.9718848466873169],"EasingStyle":"Linear","EasingDirection":"In"},"Right Arm":{"Weight":1,"CFrame":[-0.4650792181491852,-0.7494741678237915,0.2386873960494995,-0.015015186741948128,-0.6600796580314636,0.7510454654693604,0.9757322669029236,0.1544313132762909,0.15523384511470796,-0.2184516042470932,0.735150158405304,0.6417422294616699],"EasingStyle":"Linear","EasingDirection":"In"},"Left Arm":{"Weight":1,"CFrame":[0.4889266788959503,-0.6946566104888916,0.2341756820678711,-0.005578684154897928,0.7278653383255005,-0.6856973171234131,-0.9580658078193665,0.19256384670734406,0.21220052242279054,0.28649401664733889,0.6581270098686218,0.6962686777114868],"EasingStyle":"Linear","EasingDirection":"In"},"Head":{"Weight":1,"CFrame":[7.147900760173798e-8,1.979060471057892e-8,-5.960464477539063e-8,0.9176185131072998,0.3861905634403229,-0.09398473054170609,-0.39731302857398989,0.8977401256561279,-0.19027607142925263,0.010891045443713665,0.21194219589233399,0.9772214889526367],"EasingStyle":"Linear","EasingDirection":"In"},"Torso":{"Weight":1,"CFrame":[-0.15931417047977448,-0.10100653767585755,-0.1475660800933838,0.9987699389457703,0.0031146591063588859,-0.04948597773909569,-0.009349105879664421,0.9919533729553223,-0.12625816464424134,0.04869452863931656,0.12656551599502564,0.9907623529434204],"EasingStyle":"Linear","EasingDirection":"In"},"HumanoidRootPart":{"Weight":0,"CFrame":[0,0,0,1,0,0,0,1,0,0,0,1],"EasingStyle":"Linear","EasingDirection":"In"},"Right Leg":{"Weight":1,"CFrame":[0.37209412455558779,0.12340050935745239,0.12051451206207276,0.9524013996124268,0.16811631619930268,-0.25429975986480715,-0.1841115951538086,0.9820794463157654,-0.04028502106666565,0.2429700791835785,0.08518695831298828,0.9662860631942749],"EasingStyle":"Linear","EasingDirection":"In"}}},{"Time":0.13333334028720857,"poses":{"Left Leg":{"Weight":1,"CFrame":[-0.37524181604385378,0.174718976020813,0.02452266216278076,0.9860402345657349,-0.12879414856433869,0.10553071647882462,0.1149924024939537,0.9851084351539612,0.12782064080238343,-0.12042179703712464,-0.11390112340450287,0.9861668944358826],"EasingStyle":"Linear","EasingDirection":"In"},"Right Arm":{"Weight":1,"CFrame":[-0.4681234359741211,-0.7506728768348694,0.23854708671569825,-0.03269321098923683,-0.6648030877113342,0.7463029623031616,0.9760045409202576,0.13960178196430207,0.16711218655109406,-0.21528185904026032,0.7338584661483765,0.6442866921424866],"EasingStyle":"Linear","EasingDirection":"In"},"Left Arm":{"Weight":1,"CFrame":[0.4858822524547577,-0.693458080291748,0.23403537273406983,-0.023913204669952394,0.728525698184967,-0.6846010088920593,-0.957277238368988,0.18071535229682923,0.22574813663959504,0.28818124532699587,0.6607512831687927,0.6930795311927795],"EasingStyle":"Linear","EasingDirection":"In"},"Head":{"Weight":1,"CFrame":[1.0081566870212555e-7,-1.4668330550193787e-8,1.1920928955078126e-7,0.9312413930892944,0.35277485847473147,-0.09132024645805359,-0.36423084139823916,0.9088006019592285,-0.2035125344991684,0.011197774671018124,0.2227809578180313,0.9748042225837708],"EasingStyle":"Linear","EasingDirection":"In"},"Torso":{"Weight":1,"CFrame":[-0.17900070548057557,-0.09707263112068176,-0.09390139579772949,0.9982810616493225,0.007711866404861212,-0.058098528534173968,-0.014729078859090805,0.9925016164779663,-0.1213407963514328,0.05672711879014969,0.1219879537820816,0.9909091591835022],"EasingStyle":"Linear","EasingDirection":"In"},"HumanoidRootPart":{"Weight":0,"CFrame":[0,0,0,1,0,0,0,1,0,0,0,1],"EasingStyle":"Linear","EasingDirection":"In"},"Right Leg":{"Weight":1,"CFrame":[0.3510027229785919,0.10407370328903198,0.06599581241607666,0.9766142964363098,0.13830293715000153,-0.16461093723773957,-0.14099125564098359,0.9899996519088745,-0.004703107755631208,0.16231435537338258,0.027801815420389177,0.9863473773002625],"EasingStyle":"Linear","EasingDirection":"In"}}},{"Time":0.15000000596046449,"poses":{"Left Leg":{"Weight":1,"CFrame":[-0.4283485412597656,0.19666343927383424,-0.052284061908721927,0.9910129308700562,-0.1252978891134262,-0.046838004142045978,0.132670596241951,0.9653933048248291,0.22453120350837708,0.017083775252103807,-0.22872740030288697,0.973340630531311],"EasingStyle":"Linear","EasingDirection":"In"},"Right Arm":{"Weight":1,"CFrame":[-0.47018927335739138,-0.7523024082183838,0.2384265661239624,-0.04468943178653717,-0.6678464412689209,0.742956280708313,0.9759949445724487,0.12949714064598084,0.17511233687400819,-0.21315886080265046,0.7329472303390503,0.6460276246070862],"EasingStyle":"Linear","EasingDirection":"In"},"Left Arm":{"Weight":1,"CFrame":[0.4838165044784546,-0.6918291449546814,0.23391473293304444,-0.03631587326526642,0.7287800312042236,-0.6837842464447022,-0.9565831422805786,0.17265279591083527,0.23481838405132295,0.2891882658004761,0.6626241207122803,0.690868616104126],"EasingStyle":"Linear","EasingDirection":"In"},"Head":{"Weight":1,"CFrame":[1.103617250919342e-7,-3.725290298461914e-9,-2.384185791015625e-7,0.9498487114906311,0.30078065395355227,-0.08554776757955551,-0.3124290704727173,0.9243840575218201,-0.21886566281318665,0.013248422183096409,0.23461687564849854,0.9719976186752319],"EasingStyle":"Linear","EasingDirection":"In"},"Torso":{"Weight":1,"CFrame":[-0.19811095297336579,-0.09302070736885071,-0.0635831356048584,0.9976814389228821,0.013271750882267952,-0.0667504370212555,-0.020988915115594865,0.9929951429367065,-0.11627590656280518,0.06473968178033829,0.11740732938051224,0.9909713864326477],"EasingStyle":"Linear","EasingDirection":"In"},"HumanoidRootPart":{"Weight":0,"CFrame":[0,0,0,1,0,0,0,1,0,0,0,1],"EasingStyle":"Linear","EasingDirection":"In"},"Right Leg":{"Weight":1,"CFrame":[0.36373308300971987,0.09995526075363159,0.016493558883666993,0.990705668926239,0.12560048699378968,-0.05221819877624512,-0.12386322766542435,0.9916717410087586,0.0352848619222641,0.05621517822146416,-0.0284890104085207,0.998012125492096],"EasingStyle":"Linear","EasingDirection":"In"}}},{"Time":0.1666666716337204,"poses":{"Left Leg":{"Weight":1,"CFrame":[-0.4776299297809601,0.21104037761688233,-0.1336052417755127,0.9731076955795288,-0.12424357980489731,-0.1939716637134552,0.18256501853466035,0.9294785261154175,0.3205302357673645,0.14046862721443177,-0.34732282161712649,0.9271652102470398],"EasingStyle":"Linear","EasingDirection":"In"},"Right Arm":{"Weight":1,"CFrame":[-0.4709503948688507,-0.7547407150268555,0.23833441734313966,-0.04910830408334732,-0.6689349412918091,0.7416971325874329,0.9759518504142761,0.1257665604352951,0.17804695665836335,-0.2123824506998062,0.7326040863990784,0.6466719508171082],"EasingStyle":"Linear","EasingDirection":"In"},"Left Arm":{"Weight":1,"CFrame":[0.4830555021762848,-0.6893903017044067,0.23382270336151124,-0.04087509959936142,0.7288299202919006,-0.6834737062454224,-0.9562973380088806,0.1696770042181015,0.23812831938266755,0.2895248532295227,0.6633375287055969,0.6900424361228943],"EasingStyle":"Linear","EasingDirection":"In"},"Head":{"Weight":1,"CFrame":[1.2567033991217614e-7,1.0710209608078003e-8,0,0.9694461226463318,0.23307326436042787,-0.0764925479888916,-0.244707852602005,0.9406028985977173,-0.23533858358860017,0.017097968608140947,0.2468663454055786,0.9688986539840698],"EasingStyle":"Linear","EasingDirection":"In"},"Torso":{"Weight":1,"CFrame":[-0.21674732863903047,-0.08894668519496918,-0.05017566680908203,0.9969576597213745,0.0198530126363039,-0.07537422329187393,-0.028188103809952737,0.9934000372886658,-0.11118339002132416,0.07266943901777268,0.1129697859287262,0.9909374117851257],"EasingStyle":"Linear","EasingDirection":"In"},"HumanoidRootPart":{"Weight":0,"CFrame":[0,0,0,1,0,0,0,1,0,0,0,1],"EasingStyle":"Linear","EasingDirection":"In"},"Right Leg":{"Weight":1,"CFrame":[0.40463873744010928,0.10426193475723267,-0.03347975015640259,0.9892114400863648,0.12897618114948274,0.06946880370378494,-0.13409700989723206,0.9881319403648377,0.07492177933454514,-0.05898113548755646,-0.08342908322811127,0.9947667121887207],"EasingStyle":"Linear","EasingDirection":"In"}}},{"Time":0.18333333730697633,"poses":{"Left Leg":{"Weight":1,"CFrame":[-0.4895953834056854,0.21279168128967286,-0.19440072774887086,0.9445397257804871,-0.11346534639596939,-0.30817270278930666,0.23770630359649659,0.8837023973464966,0.4031944274902344,0.22658434510231019,-0.4540877640247345,0.8616634011268616],"EasingStyle":"Linear","EasingDirection":"In"},"Right Arm":{"Weight":1,"CFrame":[-0.46987804770469668,-0.7583014965057373,0.23827195167541505,-0.03788193315267563,-0.6660647392272949,0.7449315190315247,0.9768491983413696,0.13238653540611268,0.16804614663124085,-0.21054844558238984,0.7340514659881592,0.6456295251846314],"EasingStyle":"Linear","EasingDirection":"In"},"Left Arm":{"Weight":1,"CFrame":[0.4841277301311493,-0.6858298778533936,0.23376035690307618,-0.02897319383919239,0.7279052138328552,-0.6850654482841492,-0.9561706185340881,0.17959490418434144,0.2312646359205246,0.29137304425239565,0.6617398858070374,0.6907981038093567],"EasingStyle":"Linear","EasingDirection":"In"},"Head":{"Weight":1,"CFrame":[1.280568540096283e-7,-2.421438694000244e-8,0,0.9861202239990234,0.15312641859054566,-0.06418132036924362,-0.16448082029819489,0.9536951184272766,-0.2518167197704315,0.0226496160030365,0.25887811183929446,0.9656444191932678],"EasingStyle":"Linear","EasingDirection":"In"},"Torso":{"Weight":1,"CFrame":[-0.2350126951932907,-0.08494669198989868,-0.04723930358886719,0.9960941076278687,0.027510685846209527,-0.08390308171510697,-0.03638807311654091,0.9936805367469788,-0.10618337988853455,0.08045168220996857,0.10882170498371124,0.9908003807067871],"EasingStyle":"Linear","EasingDirection":"In"},"HumanoidRootPart":{"Weight":0,"CFrame":[0,0,0,1,0,0,0,1,0,0,0,1],"EasingStyle":"Linear","EasingDirection":"In"},"Right Leg":{"Weight":1,"CFrame":[0.45773065090179446,0.11016660928726196,-0.08694159984588623,0.9724980592727661,0.14212334156036378,0.18452227115631104,-0.16414783895015717,0.980273425579071,0.11008826643228531,-0.16523610055446626,-0.13734960556030274,0.9766432642936707],"EasingStyle":"Linear","EasingDirection":"In"}}},{"Time":0.20000000298023225,"poses":{"Left Leg":{"Weight":1,"CFrame":[-0.4362378418445587,0.21459990739822389,-0.207023024559021,0.9216550588607788,-0.07866258174180985,-0.3799528479576111,0.2653692960739136,0.8421949148178101,0.4693472385406494,0.2830742597579956,-0.5334040522575378,0.7970878481864929],"EasingStyle":"Linear","EasingDirection":"In"},"Right Arm":{"Weight":1,"CFrame":[-0.46697816252708437,-0.7630360126495361,0.23820996284484864,-0.008180148899555207,-0.6581111550331116,0.7528764009475708,0.9785629510879517,0.14967294037342072,0.1414656639099121,-0.20578530430793763,0.7378941178321838,0.6427788138389587],"EasingStyle":"Linear","EasingDirection":"In"},"Left Arm":{"Weight":1,"CFrame":[0.48702773451805117,-0.6810947060585022,0.23369812965393067,0.0024457043036818506,0.7248833775520325,-0.688867449760437,-0.9551383852958679,0.20570236444473267,0.21306607127189637,0.29614973068237307,0.6574425101280212,0.692866861820221],"EasingStyle":"Linear","EasingDirection":"In"},"Head":{"Weight":1,"CFrame":[8.66129994392395e-8,-3.166496753692627e-8,2.384185791015625e-7,0.99666827917099,0.06523884832859039,-0.04895107448101044,-0.07600311189889908,0.9606469869613648,-0.2671720087528229,0.02959473431110382,0.2700023055076599,0.962404727935791],"EasingStyle":"Linear","EasingDirection":"In"},"Torso":{"Weight":1,"CFrame":[-0.2530112862586975,-0.08111725747585297,-0.047720909118652347,0.9950721263885498,0.036296021193265918,-0.0922718346118927,-0.04565192759037018,0.9937980771064758,-0.1013965755701065,0.08801928162574768,0.10510929673910141,0.9905577301979065],"EasingStyle":"Linear","EasingDirection":"In"},"HumanoidRootPart":{"Weight":0,"CFrame":[0,0,0,1,0,0,0,1,0,0,0,1],"EasingStyle":"Linear","EasingDirection":"In"},"Right Leg":{"Weight":1,"CFrame":[0.502559244632721,0.11272960901260376,-0.13799631595611573,0.9475038647651672,0.15544825792312623,0.2794142961502075,-0.20003914833068849,0.9699150919914246,0.13874101638793946,-0.2494409829378128,-0.18735142052173615,0.9500939846038818],"EasingStyle":"Linear","EasingDirection":"In"}}},{"Time":0.21666666865348817,"poses":{"Left Leg":{"Weight":1,"CFrame":[-0.2100089192390442,0.26057523488998415,-0.12849438190460206,0.9101544618606567,0.0443405956029892,-0.4118891954421997,0.19622397422790528,0.8295040130615234,0.522895097732544,0.3648492097854614,-0.5567377805709839,0.7462760806083679],"EasingStyle":"Linear","EasingDirection":"In"},"Right Arm":{"Weight":1,"CFrame":[-0.46272575855255129,-0.7689318656921387,0.23811089992523194,0.033996641635894778,-0.6459206938743591,0.7626472115516663,0.9793599247932434,0.17365983128547669,0.10342322289943695,-0.19924435019493104,0.7433900237083435,0.6384926438331604],"EasingStyle":"Linear","EasingDirection":"In"},"Left Arm":{"Weight":1,"CFrame":[0.4912799596786499,-0.6752002239227295,0.23359906673431397,0.04689029976725578,0.7191681861877441,-0.6932520270347595,-0.9519466161727905,0.2424495965242386,0.1871252954006195,0.3026532530784607,0.6511645317077637,0.6959782838821411],"EasingStyle":"Linear","EasingDirection":"In"},"Head":{"Weight":1,"CFrame":[6.891787052154541e-8,1.4901161193847657e-8,-5.364418029785156e-7,0.9991765022277832,-0.025589747354388238,-0.03148753568530083,0.015743520110845567,0.95975261926651,-0.2804051339626312,0.03739575296640396,0.2796785235404968,0.9593651294708252],"EasingStyle":"Linear","EasingDirection":"In"},"Torso":{"Weight":1,"CFrame":[-0.27084895968437197,-0.07755553722381592,-0.05001068115234375,0.9938695430755615,0.04625634476542473,-0.10041746497154236,-0.05604390799999237,0.9937106370925903,-0.0969444140791893,0.09530161321163178,0.1019778922200203,0.9902111291885376],"EasingStyle":"Linear","EasingDirection":"In"},"HumanoidRootPart":{"Weight":0,"CFrame":[0,0,0,1,0,0,0,1,0,0,0,1],"EasingStyle":"Linear","EasingDirection":"In"},"Right Leg":{"Weight":1,"CFrame":[0.5346208810806274,0.11306411027908325,-0.17868834733963014,0.9232947826385498,0.16772782802581788,0.34553447365760805,-0.23451180756092072,0.9586386680603027,0.16129526495933534,-0.30418896675109866,-0.2299550175666809,0.9244402647018433],"EasingStyle":"Linear","EasingDirection":"In"}}},{"Time":0.23333333432674409,"poses":{"Left Leg":{"Weight":1,"CFrame":[-0.20808540284633637,0.283655047416687,-0.14466845989227296,0.9127077460289002,0.023001279681921006,-0.4079649746417999,0.2346624732017517,0.7878481149673462,0.569411039352417,0.3345116674900055,-0.6154398918151856,0.7136775255203247],"EasingStyle":"Linear","EasingDirection":"In"},"Right Arm":{"Weight":1,"CFrame":[-0.4575963020324707,-0.7759729623794556,0.23793792724609376,0.08246517926454544,-0.630628228187561,0.7716913819313049,0.9779163002967835,0.2004147171974182,0.059276361018419269,-0.1920396089553833,0.7497612833976746,0.6332287788391113],"EasingStyle":"Linear","EasingDirection":"In"},"Left Arm":{"Weight":1,"CFrame":[0.4964093863964081,-0.6681572198867798,0.23342609405517579,0.09771200269460678,0.7105501890182495,-0.6968291401863098,-0.9457927942276001,0.2842031419277191,0.157176673412323,0.3097229599952698,0.6436979174613953,0.6998032927513123],"EasingStyle":"Linear","EasingDirection":"In"},"Head":{"Weight":1,"CFrame":[8.475035429000855e-8,-2.2351741790771486e-8,1.1920928955078126e-7,0.9933900833129883,-0.11407411098480225,-0.012776716612279415,0.10546150803565979,0.9509580731391907,-0.29078608751296999,0.04532128572463989,0.28751659393310549,0.9567027688026428],"EasingStyle":"Linear","EasingDirection":"In"},"Torso":{"Weight":1,"CFrame":[-0.28863441944122317,-0.07435944676399231,-0.0558314323425293,0.9924598932266235,0.05743502452969551,-0.10828031599521637,-0.06762882322072983,0.9933714270591736,-0.09294930100440979,0.10222402960062027,0.09957132488489151,0.9897655248641968],"EasingStyle":"Linear","EasingDirection":"In"},"HumanoidRootPart":{"Weight":0,"CFrame":[0,0,0,1,0,0,0,1,0,0,0,1],"EasingStyle":"Linear","EasingDirection":"In"},"Right Leg":{"Weight":1,"CFrame":[0.5587508082389832,0.11496591567993164,-0.20451867580413819,0.9078418612480164,0.1825694441795349,0.3774805963039398,-0.26524701714515688,0.9472736120223999,0.17976845800876618,-0.3247571587562561,-0.2633269429206848,0.9084006547927856],"EasingStyle":"Linear","EasingDirection":"In"}}},{"Time":0.25,"poses":{"Left Leg":{"Weight":1,"CFrame":[-0.1976010501384735,0.30277150869369509,-0.15459704399108888,0.9221347570419312,0.0019152391469106079,-0.38686418533325198,0.253439337015152,0.7525387406349182,0.6078272461891174,0.2922944128513336,-0.658545196056366,0.6934567093849182],"EasingStyle":"Linear","EasingDirection":"In"},"Right Arm":{"Weight":1,"CFrame":[-0.452065110206604,-0.7841485142707825,0.23765385150909425,0.13089126348495484,-0.6140077710151672,0.7783714532852173,0.9739550948143005,0.22626365721225739,0.014704232104122639,-0.18514561653137208,0.7561740875244141,0.6276317834854126],"EasingStyle":"Linear","EasingDirection":"In"},"Left Arm":{"Weight":1,"CFrame":[0.5019404888153076,-0.6599831581115723,0.23314201831817628,0.1481984555721283,0.699755072593689,-0.6988420486450195,-0.936994194984436,0.32539603114128115,0.12711943686008454,0.31635287404060366,0.6359719038009644,0.7038894891738892],"EasingStyle":"Linear","EasingDirection":"In"},"Head":{"Weight":1,"CFrame":[4.190951585769653e-8,-3.5390257835388186e-8,-3.5762786865234377e-7,0.9807490706443787,-0.1951795369386673,0.006016215309500694,0.18807631731033326,0.9358724355697632,-0.297943115234375,0.05252198129892349,0.29333898425102236,0.9545646905899048],"EasingStyle":"Linear","EasingDirection":"In"},"Torso":{"Weight":1,"CFrame":[-0.3064796030521393,-0.07162775099277497,-0.06690073013305664,0.9908114075660706,0.06987139582633972,-0.11580484360456467,-0.0804712325334549,0.992727518081665,-0.089534692466259,0.10870673507452011,0.0980309471487999,0.989228367805481],"EasingStyle":"Linear","EasingDirection":"In"},"HumanoidRootPart":{"Weight":0,"CFrame":[0,0,0,1,0,0,0,1,0,0,0,1],"EasingStyle":"Linear","EasingDirection":"In"},"Right Leg":{"Weight":1,"CFrame":[0.5855457186698914,0.11982536315917969,-0.2245936393737793,0.8982439637184143,0.20089061558246613,0.3908974528312683,-0.29415908455848696,0.9356298446655273,0.19510819017887116,-0.3265397846698761,-0.2902408242225647,0.8995176553726196],"EasingStyle":"Linear","EasingDirection":"In"}}},{"Time":0.2666666805744171,"poses":{"Left Leg":{"Weight":1,"CFrame":[-0.18758194148540498,0.31574487686157229,-0.16067922115325929,0.9301472902297974,-0.01844414696097374,-0.36672312021255495,0.26432907581329348,0.7268601059913635,0.6338805556297302,0.25486502051353457,-0.6865378618240356,0.6809622645378113],"EasingStyle":"Linear","EasingDirection":"In"},"Right Arm":{"Weight":1,"CFrame":[-0.4466075301170349,-0.7934427261352539,0.23722147941589356,0.17298811674118043,-0.5985293984413147,0.7822005152702332,0.9684593081474304,0.24797064065933228,-0.02443661168217659,-0.17933666706085206,0.7617565989494324,0.6225473284721375],"EasingStyle":"Linear","EasingDirection":"In"},"Left Arm":{"Weight":1,"CFrame":[0.5073983073234558,-0.6506881713867188,0.23270976543426515,0.19180457293987275,0.6885979175567627,-0.6993167996406555,-0.9271912574768066,0.3607410192489624,0.10090704262256623,0.32175666093826296,0.6290460228919983,0.7076537013053894],"EasingStyle":"Linear","EasingDirection":"In"},"Head":{"Weight":1,"CFrame":[1.4062970876693726e-7,2.9802322387695315e-8,1.1920928955078126e-7,0.9640783667564392,-0.2645586133003235,0.023698097094893457,0.25918126106262209,0.9174426794052124,-0.30186760425567629,0.058120038360357288,0.297166109085083,0.9530552625656128],"EasingStyle":"Linear","EasingDirection":"In"},"Torso":{"Weight":1,"CFrame":[-0.3245003819465637,-0.06946025788784027,-0.08493828773498535,0.9888865351676941,0.08360064029693604,-0.1229405477643013,-0.09463437646627426,0.9917185306549072,-0.08682531118392945,0.11466376483440399,0.09749478101730347,0.9886085987091065],"EasingStyle":"Linear","EasingDirection":"In"},"HumanoidRootPart":{"Weight":0,"CFrame":[0,0,0,1,0,0,0,1,0,0,0,1],"EasingStyle":"Linear","EasingDirection":"In"},"Right Leg":{"Weight":1,"CFrame":[0.6237258911132813,0.12715131044387818,-0.251681923866272,0.8870638608932495,0.2215912789106369,0.4049876928329468,-0.32465165853500368,0.9231266379356384,0.2060060352087021,-0.3282057046890259,-0.3142204284667969,0.8908122777938843],"EasingStyle":"Linear","EasingDirection":"In"}}},{"Time":0.28333333134651186,"poses":{"Left Leg":{"Weight":1,"CFrame":[-0.17816579341888429,0.32235318422317507,-0.1618189811706543,0.9368036389350891,-0.03766416758298874,-0.34782248735427859,0.26895448565483096,0.7133538722991943,0.6471397280693054,0.22374646365642548,-0.6997911334037781,0.678402304649353],"EasingStyle":"Linear","EasingDirection":"In"},"Right Arm":{"Weight":1,"CFrame":[-0.44169867038726809,-0.8038424849510193,0.23660361766815186,0.20269955694675446,-0.5871684551239014,0.7836747169494629,0.9634408354759216,0.2627626359462738,-0.05232169106602669,-0.1751987338066101,0.765629768371582,0.6189639568328857],"EasingStyle":"Linear","EasingDirection":"In"},"Left Arm":{"Weight":1,"CFrame":[0.5123069882392883,-0.6402881741523743,0.23209190368652345,0.2223265916109085,0.6797517538070679,-0.6989338994026184,-0.919083297252655,0.3853481113910675,0.0824175626039505,0.3253563642501831,0.6240547895431519,0.7104215621948242],"EasingStyle":"Linear","EasingDirection":"In"},"Head":{"Weight":1,"CFrame":[6.891787052154541e-8,-2.9802322387695315e-8,0,0.9470427632331848,-0.31870853900909426,0.039177097380161288,0.3152058720588684,0.8994086384773254,-0.30283552408218386,0.061280056834220889,0.2991470694541931,0.9522372484207153],"EasingStyle":"Linear","EasingDirection":"In"},"Torso":{"Weight":1,"CFrame":[-0.3428177237510681,-0.0679578185081482,-0.11166167259216309,0.9866408109664917,0.0986536368727684,-0.12964323163032533,-0.11017896980047226,0.990274965763092,-0.08494727313518524,0.12000209838151932,0.09809640049934387,0.9879152774810791],"EasingStyle":"Linear","EasingDirection":"In"},"HumanoidRootPart":{"Weight":0,"CFrame":[0,0,0,1,0,0,0,1,0,0,0,1],"EasingStyle":"Linear","EasingDirection":"In"},"Right Leg":{"Weight":1,"CFrame":[0.6729440093040466,0.13861966133117677,-0.2867608070373535,0.8742082715034485,0.2440255880355835,0.41977548599243166,-0.35560333728790285,0.9104370474815369,0.21130700409412385,-0.33061477541923525,-0.333999902009964,0.8826878666877747],"EasingStyle":"Linear","EasingDirection":"In"}}},{"Time":0.30000001192092898,"poses":{"Left Leg":{"Weight":1,"CFrame":[-0.1671033650636673,0.32830941677093508,-0.16190189123153687,0.9437369704246521,-0.057558685541152957,-0.3256494104862213,0.2702247202396393,0.7018678188323975,0.6590601205825806,0.19062818586826325,-0.7099778056144714,0.6779323220252991],"EasingStyle":"Linear","EasingDirection":"In"},"Right Arm":{"Weight":1,"CFrame":[-0.43781381845474245,-0.8153349161148071,0.2357630729675293,0.21417966485023499,-0.5830549001693726,0.7836926579475403,0.9613105058670044,0.26810628175735476,-0.06325520575046539,-0.1732315868139267,0.7669198513031006,0.6179195642471314],"EasingStyle":"Linear","EasingDirection":"In"},"Left Arm":{"Weight":1,"CFrame":[0.516191840171814,-0.6287955641746521,0.23125135898590089,0.23382310569286347,0.6761935353279114,-0.6986337900161743,-0.9157575368881226,0.39458784461021426,0.0754222497344017,0.32667243480682375,0.6221436262130737,0.7114930152893066],"EasingStyle":"Linear","EasingDirection":"In"},"Head":{"Weight":1,"CFrame":[1.3224780559539796e-7,-7.450580596923828e-9,4.76837158203125e-7,0.9335237741470337,-0.3547920882701874,0.051535844802856448,0.3532457649707794,0.8856934309005737,-0.3012715280056,0.061243798583745959,0.29944899678230288,0.9521446824073792],"EasingStyle":"Linear","EasingDirection":"In"},"Torso":{"Weight":1,"CFrame":[-0.36110085248947146,-0.06688067317008972,-0.15755820274353028,0.9840870499610901,0.11463010311126709,-0.13576684892177583,-0.12666811048984528,0.9884159564971924,-0.08360085636377335,0.12461094558238983,0.09946785122156143,0.987207293510437],"EasingStyle":"Linear","EasingDirection":"In"},"HumanoidRootPart":{"Weight":0,"CFrame":[0,0,0,1,0,0,0,1,0,0,0,1],"EasingStyle":"Linear","EasingDirection":"In"},"Right Leg":{"Weight":1,"CFrame":[0.7402506470680237,0.15884584188461305,-0.3352774977684021,0.857316255569458,0.2753257751464844,0.4349766671657562,-0.3952496647834778,0.8934142589569092,0.21351490914821626,-0.32982808351516726,-0.3549741506576538,0.8747609257698059],"EasingStyle":"Linear","EasingDirection":"In"}}},{"Time":0.3166666626930237,"poses":{"Left Leg":{"Weight":1,"CFrame":[-0.15525877475738526,0.3360621929168701,-0.16387945413589478,0.9502275586128235,-0.07688797265291214,-0.3019202947616577,0.269927978515625,0.6871015429496765,0.6745592951774597,0.155584454536438,-0.7224816679954529,0.6736571192741394],"EasingStyle":"Linear","EasingDirection":"In"},"Right Arm":{"Weight":1,"CFrame":[-0.43510550260543826,-0.8277366757392883,0.23459458351135255,0.21030212938785554,-0.5846527218818665,0.783552348613739,0.9626400470733643,0.2636794447898865,-0.06162245571613312,-0.17057883739471436,0.7672381401062012,0.6182624101638794],"EasingStyle":"Linear","EasingDirection":"In"},"Left Arm":{"Weight":1,"CFrame":[0.5189000368118286,-0.6163946986198425,0.23008263111114503,0.23078568279743195,0.6775416135787964,-0.6983376741409302,-0.9148763418197632,0.3954569101333618,0.08133332431316376,0.331