{"Sequence":[{"Time":0,"poses":{"Left Leg":{"Weight":1,"CFrame":[-0.6035239696502686,0.22633028030395509,-0.020507097244262697,0.8862324953079224,-0.46187689900398257,0.03552117198705673,0.45669978857040408,0.8839867115020752,0.09996410459280014,-0.07757137715816498,-0.07236896455287934,0.9943568110466003],"EasingStyle":"Linear","EasingDirection":"In"},"Right Arm":{"Weight":1,"CFrame":[-0.5500240921974182,-0.3282565474510193,0.06720829010009766,-0.07222777605056763,-0.995588481426239,-0.05988932028412819,0.9887164235115051,-0.06356959789991379,-0.1356426328420639,0.13123708963394166,-0.06901083141565323,0.9889460802078247],"EasingStyle":"Linear","EasingDirection":"In"},"Head":{"Weight":1,"CFrame":[8.66129994392395e-8,6.984919309616089e-9,-1.1920928955078126e-7,0.9862388372421265,-0.16473673284053803,0.013954970054328442,0.1651662439107895,0.9854834675788879,-0.03927608206868172,-0.007282167673110962,0.041040487587451938,0.9991310238838196],"EasingStyle":"Linear","EasingDirection":"In"},"Right Leg":{"Weight":1,"CFrame":[0.44337230920791628,-0.027475357055664064,-0.016273438930511476,0.9535465240478516,0.24501579999923707,0.17526094615459443,-0.2422434389591217,0.9694951772689819,-0.03738032653927803,-0.17907339334487916,-0.006812003441154957,0.983812153339386],"EasingStyle":"Linear","EasingDirection":"In"},"Torso":{"Weight":1,"CFrame":[-0.003057055175304413,0.05406053364276886,-0.054286956787109378,0.9923874139785767,0.12076389044523239,0.024155814200639726,-0.12214373052120209,0.9902092814445496,0.06757569313049317,-0.015758609399199487,-0.07001174241304398,0.9974216818809509],"EasingStyle":"Linear","EasingDirection":"In"},"HumanoidRootPart":{"Weight":1,"CFrame":[0,0,0,1,0,0,0,1,0,0,0,1],"EasingStyle":"Linear","EasingDirection":"In"},"Left Arm":{"Weight":1,"CFrame":[0.42954450845718386,-0.4673337936401367,0.02713453769683838,0.02825659140944481,0.9468106031417847,-0.320548415184021,-0.9627273678779602,0.1120714321732521,0.24616271257400514,0.26899388432502749,0.3016450107097626,0.9146872162818909],"EasingStyle":"Linear","EasingDirection":"In"}}},{"Time":0.03333333507180214,"poses":{"Left Leg":{"Weight":1,"CFrame":[-0.5434507727622986,0.274006724357605,-0.010776758193969727,0.9678982496261597,-0.2460523098707199,0.05129685625433922,0.23785214126110078,0.9626335501670837,0.12947215139865876,-0.08123701065778732,-0.11311479657888413,0.9902552962303162],"EasingStyle":"Linear","EasingDirection":"In"},"Right Arm":{"Weight":1,"CFrame":[-0.4765836000442505,-0.4151309132575989,0.057541489601135257,-0.2486928552389145,-0.9648334383964539,-0.0851367861032486,0.968575656414032,-0.24740080535411836,-0.025573410093784334,0.003611130639910698,-0.08882144838571549,0.9960410594940186],"EasingStyle":"Linear","EasingDirection":"In"},"Head":{"Weight":1,"CFrame":[7.82310962677002e-8,-2.2118911147117616e-8,0,0.9874563813209534,-0.15728138387203217,0.013880128972232342,0.15789249539375306,0.9834899306297302,-0.08841713517904282,0.0002554020029492676,0.08949960768222809,0.9959868788719177],"EasingStyle":"Linear","EasingDirection":"In"},"Right Leg":{"Weight":1,"CFrame":[0.5387399196624756,-0.035880088806152347,-0.03747135400772095,0.9298160076141357,0.3159239590167999,0.18877075612545014,-0.31108358502388,0.9487581253051758,-0.05554358288645744,-0.1966453194618225,-0.007078199181705713,0.9804490804672241],"EasingStyle":"Linear","EasingDirection":"In"},"Torso":{"Weight":1,"CFrame":[-0.007472537457942963,0.05797523260116577,-0.09269833564758301,0.9905452728271484,0.13320580124855042,0.03280651196837425,-0.13552843034267426,0.9872468113899231,0.08352141082286835,-0.02126258984208107,-0.08717794716358185,0.995965838432312],"EasingStyle":"Linear","EasingDirection":"In"},"HumanoidRootPart":{"Weight":1,"CFrame":[0,0,0,1,0,0,0,1,0,0,0,1],"EasingStyle":"Linear","EasingDirection":"In"},"Left Arm":{"Weight":1,"CFrame":[0.4121114909648895,-0.471358984708786,0.05060100555419922,-0.05009710043668747,0.9543836712837219,-0.29435044527053835,-0.9442014694213867,0.05080519616603851,0.32542669773101809,0.32553642988204958,0.29422906041145327,0.8985852599143982],"EasingStyle":"Linear","EasingDirection":"In"}}},{"Time":0.06666667014360428,"poses":{"Left Leg":{"Weight":1,"CFrame":[-0.5078283548355103,0.30074548721313479,0.014930009841918946,0.9968482851982117,-0.02519623003900051,0.07522369176149368,0.013517295010387898,0.9883028864860535,0.15190386772155763,-0.07817120850086212,-0.1504083275794983,0.9855285882949829],"EasingStyle":"Linear","EasingDirection":"In"},"Right Arm":{"Weight":1,"CFrame":[-0.4151051640510559,-0.477729469537735,0.037146925926208499,-0.30294308066368105,-0.9350987076759338,-0.18389129638671876,0.9282869696617127,-0.333204060792923,0.16510121524333955,-0.2156592160463333,-0.12068767100572586,0.9689818024635315],"EasingStyle":"Linear","EasingDirection":"In"},"Head":{"Weight":1,"CFrame":[7.264316082000733e-8,-4.470348358154297e-8,-1.1920928955078126e-7,0.9899715185165405,-0.14099951088428498,0.008701340295374394,0.14083462953567506,0.9802427291870117,-0.1388881653547287,0.011053737252950669,0.13872075080871583,0.9902698993682861],"EasingStyle":"Linear","EasingDirection":"In"},"Right Leg":{"Weight":1,"CFrame":[0.6390132904052734,-0.02707993984222412,-0.05661284923553467,0.9034919142723084,0.38380515575408938,0.1907774657011032,-0.37500035762786868,0.9234111905097961,-0.08177188038825989,-0.20755045115947724,0.0023385980166494848,0.9782215356826782],"EasingStyle":"Linear","EasingDirection":"In"},"Torso":{"Weight":1,"CFrame":[-0.0040230900049209599,0.05572706460952759,-0.16469907760620118,0.9897007346153259,0.13435229659080506,0.04941548779606819,-0.1383679360151291,0.9863172769546509,0.08962547034025192,-0.03669796139001846,-0.09553992748260498,0.9947488903999329],"EasingStyle":"Linear","EasingDirection":"In"},"HumanoidRootPart":{"Weight":1,"CFrame":[0,0,0,1,0,0,0,1,0,0,0,1],"EasingStyle":"Linear","EasingDirection":"In"},"Left Arm":{"Weight":1,"CFrame":[0.371785432100296,-0.4764571785926819,0.09653329849243164,-0.1910179853439331,0.9358184933662415,-0.29623618721961977,-0.9121280908584595,-0.057718366384506229,0.40582138299942019,0.3626768887042999,0.3477244973182678,0.8646116256713867],"EasingStyle":"Linear","EasingDirection":"In"}}},{"Time":0.10000000149011612,"poses":{"Left Leg":{"Weight":1,"CFrame":[-0.46638673543930056,0.30778801441192629,0.04577171802520752,0.9739114046096802,0.19119416177272798,0.12223536521196366,-0.20920681953430177,0.965149998664856,0.1572200506925583,-0.08791594207286835,-0.17869088053703309,0.9799696207046509],"EasingStyle":"Linear","EasingDirection":"In"},"Right Arm":{"Weight":1,"CFrame":[-0.36624598503112795,-0.5017690658569336,0.018931984901428224,-0.24046030640602113,-0.9340687990188599,-0.2639969289302826,0.9035300612449646,-0.3147794008255005,0.2907703220844269,-0.3547002673149109,-0.16861046850681306,0.919651210308075],"EasingStyle":"Linear","EasingDirection":"In"},"Head":{"Weight":1,"CFrame":[5.029141902923584e-8,-4.284083843231201e-8,3.5762786865234377e-7,0.9921978712081909,-0.12463223189115524,0.0031928853131830694,0.12313611805438996,0.9756354093551636,-0.1815851777791977,0.01951628550887108,0.18056155741214753,0.9833701252937317],"EasingStyle":"Linear","EasingDirection":"In"},"Right Leg":{"Weight":1,"CFrame":[0.6287626028060913,-0.0014004707336425782,-0.053480327129364017,0.9017890691757202,0.3811800181865692,0.2036622166633606,-0.3660953640937805,0.9242020845413208,-0.10874184966087342,-0.22967521846294404,0.023502400144934655,0.9729835987091065],"EasingStyle":"Linear","EasingDirection":"In"},"Torso":{"Weight":1,"CFrame":[0.005740374326705933,0.05430574715137482,-0.20965337753295899,0.9868233799934387,0.1469673216342926,0.06767767667770386,-0.1530550867319107,0.983557403087616,0.09585944563150406,-0.0524766780436039,-0.10495474934577942,0.9930914640426636],"EasingStyle":"Linear","EasingDirection":"In"},"HumanoidRootPart":{"Weight":1,"CFrame":[0,0,0,1,0,0,0,1,0,0,0,1],"EasingStyle":"Linear","EasingDirection":"In"},"Left Arm":{"Weight":1,"CFrame":[0.3265257477760315,-0.47274717688560488,0.12822961807250977,-0.24846743047237397,0.921163022518158,-0.2995375394821167,-0.8946223258972168,-0.09967489540576935,0.4355638921260834,0.3713689148426056,0.37619638442993166,0.8488589525222778],"EasingStyle":"Linear","EasingDirection":"In"}}},{"Time":0.13333334028720857,"poses":{"Left Leg":{"Weight":1,"CFrame":[-0.4031134247779846,0.3003772497177124,0.06274259090423584,0.9226816892623901,0.33595696091651919,0.18918657302856446,-0.364205002784729,0.9204789996147156,0.1416800320148468,-0.12654392421245576,-0.19962827861309052,0.9716662764549255],"EasingStyle":"Linear","EasingDirection":"In"},"Right Arm":{"Weight":1,"CFrame":[-0.33061015605926516,-0.46631062030792239,0.008278131484985352,-0.11231594532728195,-0.9482091665267944,-0.2971269488334656,0.938119649887085,-0.19976533949375153,0.2828878164291382,-0.32759252190589907,-0.24696797132492066,0.9119704365730286],"EasingStyle":"Linear","EasingDirection":"In"},"Head":{"Weight":1,"CFrame":[1.0058283805847168e-7,3.91155481338501e-8,-4.76837158203125e-7,0.9935436248779297,-0.11344454437494278,0.0011989605845883489,0.11132651567459107,0.9728497266769409,-0.20290371775627137,0.02185191959142685,0.20172716677188874,0.9791979789733887],"EasingStyle":"Linear","EasingDirection":"In"},"Right Leg":{"Weight":1,"CFrame":[0.4944688677787781,0.024143636226654054,0.0010720491409301758,0.9258477687835693,0.30104348063468935,0.2284267097711563,-0.2751208245754242,0.9513545036315918,-0.13868406414985658,-0.259064644575119,0.0655554011464119,0.9636327624320984],"EasingStyle":"Linear","EasingDirection":"In"},"Torso":{"Weight":1,"CFrame":[0.02004864811897278,0.053862035274505618,-0.20836734771728517,0.9811787605285645,0.1752854585647583,0.08101516216993332,-0.1831878125667572,0.9776257872581482,0.10339277982711792,-0.06107926741242409,-0.11628776788711548,0.9913358092308044],"EasingStyle":"Linear","EasingDirection":"In"},"HumanoidRootPart":{"Weight":1,"CFrame":[0,0,0,1,0,0,0,1,0,0,0,1],"EasingStyle":"Linear","EasingDirection":"In"},"Left Arm":{"Weight":1,"CFrame":[0.3084832429885864,-0.4639728367328644,0.13234484195709229,-0.18947608768939973,0.9302733540534973,-0.31415024399757388,-0.9185472130775452,-0.05488540604710579,0.3914826512336731,0.34694358706474306,0.3627384305000305,0.8648993968963623],"EasingStyle":"Linear","EasingDirection":"In"}}},{"Time":0.1666666716337204,"poses":{"Left Leg":{"Weight":1,"CFrame":[-0.344122052192688,0.2641218900680542,0.061693787574768069,0.9282448887825012,0.29873740673065188,0.22162437438964845,-0.32797959446907046,0.9383999705314636,0.10878869146108628,-0.17547306418418885,-0.17367085814476014,0.9690448045730591],"EasingStyle":"Linear","EasingDirection":"In"},"Right Arm":{"Weight":1,"CFrame":[-0.3070850968360901,-0.3804018795490265,0.004383206367492676,0.07045105844736099,-0.9601962566375732,-0.2702956795692444,0.9868678450584412,0.027606241405010225,0.15915356576442719,-0.14535686373710633,-0.27795878052711489,0.9495316743850708],"EasingStyle":"Linear","EasingDirection":"In"},"Head":{"Weight":1,"CFrame":[7.636845111846924e-8,3.91155481338501e-8,-1.7881393432617188e-7,0.9947465062141419,-0.10224255174398422,0.005085176322609186,0.1013583242893219,0.976747453212738,-0.18892072141170503,0.014348805882036686,0.18844369053840638,0.9819791913032532],"EasingStyle":"Linear","EasingDirection":"In"},"Right Leg":{"Weight":1,"CFrame":[0.45535820722579958,0.008676767349243164,0.009395956993103028,0.932698667049408,0.28531867265701296,0.2206050157546997,-0.2610791325569153,0.956139087677002,-0.13279978930950166,-0.24881932139396668,0.06626684218645096,0.9662804007530212],"EasingStyle":"Linear","EasingDirection":"In"},"Torso":{"Weight":1,"CFrame":[0.03583672642707825,0.04714265465736389,-0.1837158203125,0.9811930060386658,0.17339102923870088,0.0848291888833046,-0.18172970414161683,0.9779257774353027,0.10312874615192414,-0.06507504731416702,-0.11660517007112503,0.9910442233085632],"EasingStyle":"Linear","EasingDirection":"In"},"HumanoidRootPart":{"Weight":1,"CFrame":[0,0,0,1,0,0,0,1,0,0,0,1],"EasingStyle":"Linear","EasingDirection":"In"},"Left Arm":{"Weight":1,"CFrame":[0.34701472520828249,-0.45488646626472475,0.11425232887268067,-0.04716543108224869,0.9529823660850525,-0.2993326783180237,-0.960320234298706,0.03920432925224304,0.2761308252811432,0.2748830020427704,0.3004789650440216,0.9133191108703613],"EasingStyle":"Linear","EasingDirection":"In"}}},{"Time":0.20000000298023225,"poses":{"Left Leg":{"Weight":1,"CFrame":[-0.27345770597457888,0.1945992112159729,0.06341493129730225,0.9670946598052979,0.12319573760032654,0.2225998342037201,-0.1425294578075409,0.9871005415916443,0.07292430847883225,-0.2107444703578949,-0.10225175321102143,0.9721786975860596],"EasingStyle":"Linear","EasingDirection":"In"},"Right Arm":{"Weight":1,"CFrame":[-0.2979995608329773,-0.30591025948524477,0.007775783538818359,0.2678327262401581,-0.9454319477081299,-0.18553707003593446,0.9616576433181763,0.27411794662475588,-0.00860429834574461,0.05899377912282944,-0.17611870169639588,0.9825995564460754],"EasingStyle":"Linear","EasingDirection":"In"},"Head":{"Weight":1,"CFrame":[6.332993507385254e-8,-7.450580596923828e-9,3.5762786865234377e-7,0.9957861304283142,-0.09082319587469101,0.012693316675722599,0.09165284037590027,0.9809240698814392,-0.17142874002456666,0.0031185313127934934,0.17186976969242097,0.9851147532463074],"EasingStyle":"Linear","EasingDirection":"In"},"Right Leg":{"Weight":1,"CFrame":[0.3541257381439209,-0.01243293285369873,0.020759940147399904,0.9506951570510864,0.24903544783592225,0.18482480943202973,-0.23069047927856446,0.9661804437637329,-0.11522752791643143,-0.2072698175907135,0.06690891832113266,0.9759930372238159],"EasingStyle":"Linear","EasingDirection":"In"},"Torso":{"Weight":1,"CFrame":[0.04350283741950989,0.04168206453323364,-0.13589954376220704,0.9850802421569824,0.15012291073799134,0.08414396643638611,-0.15853019058704377,0.9818398356437683,0.10420607775449753,-0.06697218120098114,-0.11599071323871613,0.9909898638725281],"EasingStyle":"Linear","EasingDirection":"In"},"HumanoidRootPart":{"Weight":1,"CFrame":[0,0,0,1,0,0,0,1,0,0,0,1],"EasingStyle":"Linear","EasingDirection":"In"},"Left Arm":{"Weight":1,"CFrame":[0.37360841035842898,-0.4400855600833893,0.07860541343688965,0.1327039897441864,0.957525372505188,-0.2559979259967804,-0.9768221378326416,0.17011356353759767,0.12992258369922639,0.16795288026332856,0.23282307386398316,0.9579066634178162],"EasingStyle":"Linear","EasingDirection":"In"}}},{"Time":0.23333333432674409,"poses":{"Left Leg":{"Weight":1,"CFrame":[-0.17875364422798158,0.1076425313949585,0.059494972229003909,0.9743823409080505,-0.06494781374931336,0.21531575918197633,0.0597258135676384,0.9977433681488037,0.030677929520606996,-0.21682237088680268,-0.017032120376825334,0.976062536239624],"EasingStyle":"Linear","EasingDirection":"In"},"Right Arm":{"Weight":1,"CFrame":[-0.28947126865386965,-0.29220882058143618,0.017835021018981935,0.41678452491760256,-0.9088671803474426,-0.015847057104110719,0.8980094194412231,0.41438373923301699,-0.14786966145038606,0.14096060395240785,0.04739892855286598,0.988879919052124],"EasingStyle":"Linear","EasingDirection":"In"},"Head":{"Weight":1,"CFrame":[7.450580596923828e-8,4.0978193283081057e-8,0,0.9965893626213074,-0.08091457933187485,0.01620611734688282,0.08248741924762726,0.982425332069397,-0.16744104027748109,-0.0023728820960968734,0.16820678114891053,0.9857489466667175],"EasingStyle":"Linear","EasingDirection":"In"},"Right Leg":{"Weight":1,"CFrame":[0.24694623053073884,-0.00039756298065185547,0.01230466365814209,0.9490371942520142,0.28868743777275088,0.12644396722316743,-0.2811416685581207,0.9567840099334717,-0.07432268559932709,-0.14243553578853608,0.03498631715774536,0.9891855716705322],"EasingStyle":"Linear","EasingDirection":"In"},"Torso":{"Weight":1,"CFrame":[0.02322492003440857,0.04132282733917236,-0.09274005889892578,0.9898759126663208,0.12336639314889908,0.07018867135047913,-0.13066205382347108,0.9851765632629395,0.11115113645792008,-0.05543592944741249,-0.119196817278862,0.9913218021392822],"EasingStyle":"Linear","EasingDirection":"In"},"HumanoidRootPart":{"Weight":1,"CFrame":[0,0,0,1,0,0,0,1,0,0,0,1],"EasingStyle":"Linear","EasingDirection":"In"},"Left Arm":{"Weight":1,"CFrame":[0.34547072649002077,-0.4119223356246948,0.049886226654052737,0.297143816947937,0.9340985417366028,-0.1979033648967743,-0.95407634973526,0.2987098693847656,-0.02260368876159191,0.03800160810351372,0.19553132355213166,0.9799609184265137],"EasingStyle":"Linear","EasingDirection":"In"}}},{"Time":0.2666666805744171,"poses":{"Left Leg":{"Weight":1,"CFrame":[-0.25465473532676699,0.050325632095336917,0.07858788967132569,0.9540551900863648,-0.2214946448802948,0.2017890065908432,0.22339557111263276,0.974632978439331,0.013599464669823647,-0.19968244433403016,0.03210407868027687,0.9793346524238586],"EasingStyle":"Linear","EasingDirection":"In"},"Right Arm":{"Weight":1,"CFrame":[-0.28018972277641299,-0.3091961145401001,0.03983592987060547,0.5184250473976135,-0.8266857862472534,0.21869193017482758,0.8507632613182068,0.47283735871315,-0.2294057309627533,0.0862407237291336,0.30498453974723818,0.9484445452690125],"EasingStyle":"Linear","EasingDirection":"In"},"Head":{"Weight":1,"CFrame":[1.1175870895385742e-7,1.1175870895385743e-8,2.384185791015625e-7,0.9971282482147217,-0.07350599020719528,0.0182246882468462,0.07552042603492737,0.9830842614173889,-0.1668591946363449,-0.005651252809911966,0.1677563488483429,0.9858123064041138],"EasingStyle":"Linear","EasingDirection":"In"},"Right Leg":{"Weight":1,"CFrame":[0.1339186131954193,0.029262125492095948,0.02432096004486084,0.912027895450592,0.40735432505607607,0.047619566321372989,-0.406225323677063,0.9132190942764282,-0.03181348368525505,-0.05644635483622551,0.009670466184616089,0.9983588457107544],"EasingStyle":"Linear","EasingDirection":"In"},"Torso":{"Weight":1,"CFrame":[-0.011233478784561158,0.04151692986488342,-0.08334612846374512,0.9934254884719849,0.09972260147333145,0.05622464045882225,-0.10579239577054978,0.9873620271682739,0.1180005893111229,-0.04374674707651138,-0.12317293137311936,0.9914205074310303],"EasingStyle":"Linear","EasingDirection":"In"},"HumanoidRootPart":{"Weight":1,"CFrame":[0,0,0,1,0,0,0,1,0,0,0,1],"EasingStyle":"Linear","EasingDirection":"In"},"Left Arm":{"Weight":1,"CFrame":[0.31967252492904665,-0.3669143617153168,0.038721561431884769,0.40743592381477358,0.8952498435974121,-0.1803436279296875,-0.9122618436813355,0.38987818360328677,-0.125592440366745,-0.04212457686662674,0.21569140255451203,0.9755525588989258],"EasingStyle":"Linear","EasingDirection":"In"}}},{"Time":0.30000001192092898,"poses":{"Left Leg":{"Weight":1,"CFrame":[-0.31139880418777468,0.08513224124908447,0.08504235744476319,0.9502609968185425,-0.2501802444458008,0.18550999462604524,0.24749937653541566,0.9681482911109924,0.03785533085465431,-0.1890718787908554,0.009941157884895802,0.9819129705429077],"EasingStyle":"Linear","EasingDirection":"In"},"Right Arm":{"Weight":1,"CFrame":[-0.29622387886047366,-0.32810068130493166,0.0642465353012085,0.5461345911026001,-0.6998791694641113,0.46033281087875368,0.8354506492614746,0.4952811300754547,-0.238157257437706,-0.061312850564718249,0.5146511793136597,0.8552046418190002],"EasingStyle":"Linear","EasingDirection":"In"},"Head":{"Weight":1,"CFrame":[8.568167686462403e-8,-4.21423465013504e-8,0,0.9973760843276978,-0.06873886287212372,0.022714318707585336,0.07158337533473969,0.9832379817962647,-0.16768725216388703,-0.010806959122419358,0.16887322068214417,0.9855785965919495],"EasingStyle":"Linear","EasingDirection":"In"},"Right Leg":{"Weight":1,"CFrame":[0.1499408483505249,-0.04186999797821045,0.01706218719482422,0.8067244291305542,0.5909222960472107,-0.002541065914556384,-0.5909161567687988,0.806728184223175,0.0027861606795340778,0.0036963943857699634,-0.0007460370543412864,0.9999929666519165],"EasingStyle":"Linear","EasingDirection":"In"},"Torso":{"Weight":1,"CFrame":[-0.03712692856788635,0.03786584734916687,-0.11104321479797363,0.994699239730835,0.08120377361774445,0.0630824863910675,-0.08828084170818329,0.9889649152755737,0.11897440254688263,-0.05272518843412399,-0.12391270697116852,0.9908914566040039],"EasingStyle":"Linear","EasingDirection":"In"},"HumanoidRootPart":{"Weight":1,"CFrame":[0,0,0,1,0,0,0,1,0,0,0,1],"EasingStyle":"Linear","EasingDirection":"In"},"Left Arm":{"Weight":1,"CFrame":[0.3372635543346405,-0.29937735199928286,0.05529463291168213,0.445522665977478,0.8529862761497498,-0.27188989520072939,-0.8952566385269165,0.426179975271225,-0.12994739413261414,0.005030676256865263,0.3013056516647339,0.9535143375396729],"EasingStyle":"Linear","EasingDirection":"In"}}},{"Time":0.3333333432674408,"poses":{"Left Leg":{"Weight":1,"CFrame":[-0.3384932577610016,0.12370461225509644,0.08537638187408447,0.9504649043083191,-0.2602540850639343,0.16995443403720857,0.2529260218143463,0.9653784036636353,0.063819520175457,-0.18067964911460877,-0.01767226681113243,0.983383297920227],"EasingStyle":"Linear","EasingDirection":"In"},"Right Arm":{"Weight":1,"CFrame":[-0.32081177830696108,-0.3377225995063782,0.09246933460235596,0.4975588619709015,-0.5925676822662354,0.6334816217422485,0.8442374467849731,0.4985552132129669,-0.19673848152160645,-0.1992446780204773,0.6326977014541626,0.7483282685279846],"EasingStyle":"Linear","EasingDirection":"In"},"Head":{"Weight":1,"CFrame":[9.033828973770142e-8,3.250897862017155e-8,-2.980232238769531e-7,0.9976218938827515,-0.06394559144973755,0.025719594210386277,0.06746839731931687,0.9823012948036194,-0.17473500967025758,-0.01409086212515831,0.1760547161102295,0.9842795729637146],"EasingStyle":"Linear","EasingDirection":"In"},"Right Leg":{"Weight":1,"CFrame":[0.24218593537807465,-0.030220389366149904,0.0000209808349609375,0.715455174446106,0.6982329487800598,-0.024389006197452546,-0.697357177734375,0.715816855430603,0.036048226058483127,0.04262813180685043,-0.008783052675426007,0.9990524053573608],"EasingStyle":"Linear","EasingDirection":"In"},"Torso":{"Weight":1,"CFrame":[-0.0649808943271637,0.03482195734977722,-0.13452482223510743,0.9954665303230286,0.0643879696726799,0.07000423222780228,-0.07244069129228592,0.990206241607666,0.119348905980587,-0.061633992940187457,-0.12387900799512863,0.9903813600540161],"EasingStyle":"Linear","EasingDirection":"In"},"HumanoidRootPart":{"Weight":1,"CFrame":[0,0,0,1,0,0,0,1,0,0,0,1],"EasingStyle":"Linear","EasingDirection":"In"},"Left Arm":{"Weight":1,"CFrame":[0.3595949709415436,-0.23386654257774354,0.08911645412445069,0.42658936977386477,0.8066311478614807,-0.4091062843799591,-0.8957920074462891,0.43923500180244448,-0.06803783029317856,0.12481234222650528,0.3954981863498688,0.9099466800689697],"EasingStyle":"Linear","EasingDirection":"In"}}},{"Time":0.36666667461395266,"poses":{"Left Leg":{"Weight":1,"CFrame":[-0.3425741195678711,0.12385749816894531,0.07741653919219971,0.9575020670890808,-0.24888719618320466,0.1457567662000656,0.23964840173721314,0.9677113890647888,0.0781240165233612,-0.1604946106672287,-0.03987352177500725,0.9862309694290161],"EasingStyle":"Linear","EasingDirection":"In"},"Right Arm":{"Weight":1,"CFrame":[-0.3164926767349243,-0.3222476840019226,0.12400102615356446,0.42133229970932009,-0.5647832751274109,0.7095766663551331,0.8696814179420471,0.47348111867904665,-0.1395348161458969,-0.25716421008110049,0.6758960485458374,0.6906744241714478],"EasingStyle":"Linear","EasingDirection":"In"},"Head":{"Weight":1,"CFrame":[9.685754776000977e-8,9.19681042432785e-9,-1.7881393432617188e-7,0.998027503490448,-0.05719420313835144,0.02588309720158577,0.061112646013498309,0.9794718623161316,-0.19209416210651399,-0.014365083537995816,0.19329701364040376,0.9810351729393005],"EasingStyle":"Linear","EasingDirection":"In"},"Right Leg":{"Weight":1,"CFrame":[0.2097875475883484,0.0406760573387146,0.02889728546142578,0.7675254940986633,0.6404069066047669,-0.027994006872177125,-0.6402783393859863,0.7680059671401978,0.014511321671307087,0.03079277276992798,0.006786122918128967,0.9995027780532837],"EasingStyle":"Linear","EasingDirection":"In"},"Torso":{"Weight":1,"CFrame":[-0.09829774498939514,0.029661506414413453,-0.12199592590332031,0.9966768622398377,0.046828124672174457,0.06665126979351044,-0.05431897193193436,0.9918305277824402,0.11542029678821564,-0.06070183590054512,-0.11865715682506561,0.9910781979560852],"EasingStyle":"Linear","EasingDirection":"In"},"HumanoidRootPart":{"Weight":1,"CFrame":[0,0,0,1,0,0,0,1,0,0,0,1],"EasingStyle":"Linear","EasingDirection":"In"},"Left Arm":{"Weight":1,"CFrame":[0.3532629609107971,-0.1973322331905365,0.11854040622711182,0.38133034110069277,0.7750797867774963,-0.5038240551948547,-0.8986290693283081,0.43867725133895876,-0.005288768094033003,0.21691696345806123,0.4547676742076874,0.8637900948524475],"EasingStyle":"Linear","EasingDirection":"In"}}},{"Time":0.4000000059604645,"poses":{"Left Leg":{"Weight":1,"CFrame":[-0.22821766138076783,0.1314418911933899,0.05584311485290527,0.9764365553855896,-0.1717316210269928,0.13069026172161103,0.16064894199371339,0.9827932119369507,0.09115572273731232,-0.14409586787223817,-0.06801249086856842,0.987223744392395],"EasingStyle":"Linear","EasingDirection":"In"},"Right Arm":{"Weight":1,"CFrame":[-0.2888369560241699,-0.30677318572998049,0.13977885246276856,0.3230487108230591,-0.6124024391174316,0.721528172492981,0.910296618938446,0.4095974862575531,-0.05991692468523979,-0.2588427662849426,0.6761606335639954,0.689787745475769],"EasingStyle":"Linear","EasingDirection":"In"},"Head":{"Weight":1,"CFrame":[1.1129304766654968e-7,-6.239861249923706e-8,-5.960464477539063e-8,0.9982402920722961,-0.05322093516588211,0.026154305785894395,0.057597532868385318,0.9751098155975342,-0.21411067247390748,-0.014108145609498024,0.21524028480052949,0.976459264755249],"EasingStyle":"Linear","EasingDirection":"In"},"Right Leg":{"Weight":1,"CFrame":[0.14360478520393372,0.10644906759262085,0.05760669708251953,0.8538039326667786,0.5205603241920471,-0.005979337263852358,-0.5205795764923096,0.8536351919174194,-0.017431948333978654,-0.003970159683376551,0.017996175214648248,0.9998302459716797],"EasingStyle":"Linear","EasingDirection":"In"},"Torso":{"Weight":1,"CFrame":[-0.12914085388183595,0.025747150182724,-0.09610462188720703,0.9972509145736694,0.03811386227607727,0.06354469060897827,-0.045021336525678638,0.9927912950515747,0.1110786646604538,-0.05885298177599907,-0.11363416910171509,0.9917780160903931],"EasingStyle":"Linear","EasingDirection":"In"},"HumanoidRootPart":{"Weight":1,"CFrame":[0,0,0,1,0,0,0,1,0,0,0,1],"EasingStyle":"Linear","EasingDirection":"In"},"Left Arm":{"Weight":1,"CFrame":[0.2985958755016327,-0.18733063340187074,0.1307152509689331,0.32773473858833315,0.7744554281234741,-0.5411181449890137,-0.9129390120506287,0.40702104568481448,0.02960146963596344,0.2431715428829193,0.4843064248561859,0.8404254913330078],"EasingStyle":"Linear","EasingDirection":"In"}}},{"Time":0.4333333373069763,"poses":{"Left Leg":{"Weight":1,"CFrame":[-0.2134835422039032,0.17233061790466309,0.04667460918426514,0.9770908355712891,-0.16180910170078278,0.13824419677257539,0.14742276072502137,0.9830829501152039,0.1086941510438919,-0.1534932553768158,-0.08582369983196259,0.9844156503677368],"EasingStyle":"Linear","EasingDirection":"In"},"Right Arm":{"Weight":1,"CFrame":[-0.23555788397789002,-0.354275643825531,0.11301183700561524,0.20239166915416718,-0.7001025676727295,0.6847584843635559,0.9540432095527649,0.2987494468688965,0.023460540920495988,-0.22099588811397553,0.648540735244751,0.7283924221992493],"EasingStyle":"Linear","EasingDirection":"In"},"Head":{"Weight":1,"CFrame":[1.1594966053962708e-7,-4.7497451305389407e-8,-5.960464477539063e-8,0.9980340003967285,-0.056588392704725268,0.026942234486341478,0.06131830811500549,0.9705626368522644,-0.2329128384590149,-0.012968968600034714,0.23410698771476746,0.9721243381500244],"EasingStyle":"Linear","EasingDirection":"In"},"Right Leg":{"Weight":1,"CFrame":[0.07175879180431366,0.08183318376541138,0.05192553997039795,0.906909704208374,0.41959959268569949,0.0380917526781559,-0.41880038380622866,0.9076661467552185,-0.027360951527953149,-0.04605517163872719,0.008861042559146881,0.9988996386528015],"EasingStyle":"Linear","EasingDirection":"In"},"Torso":{"Weight":1,"CFrame":[-0.1562129259109497,0.026974797248840333,-0.0955047607421875,0.9970566034317017,0.04281763732433319,0.06360054761171341,-0.049697715789079669,0.9925922751426697,0.11086331307888031,-0.058382514864206317,-0.11369778215885163,0.9917985200881958],"EasingStyle":"Linear","EasingDirection":"In"},"HumanoidRootPart":{"Weight":1,"CFrame":[0,0,0,1,0,0,0,1,0,0,0,1],"EasingStyle":"Linear","EasingDirection":"In"},"Left Arm":{"Weight":1,"CFrame":[0.1923343688249588,-0.21995660662651063,0.11662507057189942,0.267423540353775,0.8066093325614929,-0.5271300077438355,-0.938770055770874,0.34143272042274477,0.046200454235076907,0.21724510192871095,0.48249873518943789,0.8485279083251953],"EasingStyle":"Linear","EasingDirection":"In"}}},{"Time":0.46666666865348818,"poses":{"Left Leg":{"Weight":1,"CFrame":[-0.2945295572280884,0.22732961177825929,0.04616141319274902,0.9785977602005005,-0.13860926032066346,0.15209828317165376,0.12093102186918259,0.9853894114494324,0.11993063241243363,-0.1664995700120926,-0.09897046536207199,0.9810620546340942],"EasingStyle":"Linear","EasingDirection":"In"},"Right Arm":{"Weight":1,"CFrame":[-0.15832269191741944,-0.4498196244239807,0.055812716484069827,0.08147155493497849,-0.7880426645278931,0.6102059483528137,0.9846152067184448,0.15859460830688477,0.07335413247346878,-0.1545814722776413,0.5948415398597717,0.78883957862854],"EasingStyle":"Linear","EasingDirection":"In"},"Head":{"Weight":1,"CFrame":[9.73232090473175e-8,-2.0489096641540528e-8,1.1920928955078126e-7,0.9977740049362183,-0.060760241001844409,0.02748444862663746,0.06560277193784714,0.9683353304862976,-0.24087965488433839,-0.01197826024144888,0.24214647710323335,0.9701657891273499],"EasingStyle":"Linear","EasingDirection":"In"},"Right Leg":{"Weight":1,"CFrame":[0.04530716314911842,0.05662018060684204,0.0416102409362793,0.92368084192276,0.3747614324092865,0.07979763299226761,-0.37283357977867129,0.9271036982536316,-0.038391727954149249,-0.08836836367845535,0.005710402503609657,0.9960715174674988],"EasingStyle":"Linear","EasingDirection":"In"},"Torso":{"Weight":1,"CFrame":[-0.18005028367042542,0.030379891395568849,-0.12293601036071778,0.9968398809432983,0.047518931329250339,0.06365690380334854,-0.054375700652599338,0.9923635125160217,0.11071564257144928,-0.057909704744815829,-0.11382715404033661,0.9918113946914673],"EasingStyle":"Linear","EasingDirection":"In"},"HumanoidRootPart":{"Weight":1,"CFrame":[0,0,0,1,0,0,0,1,0,0,0,1],"EasingStyle":"Linear","EasingDirection":"In"},"Left Arm":{"Weight":1,"CFrame":[0.09505922347307205,-0.29590457677841189,0.0870821475982666,0.18179276585578919,0.855708658695221,-0.4844730794429779,-0.9669861197471619,0.24503910541534425,0.06995446234941483,0.17857547104358674,0.45576152205467226,0.8720047473907471],"EasingStyle":"Linear","EasingDirection":"In"}}},{"Time":0.5,"poses":{"Left Leg":{"Weight":1,"CFrame":[-0.3495746850967407,0.2658066749572754,0.05556893348693848,0.9822521805763245,0.012332473881542683,0.18715913593769074,-0.03531551733613014,0.9921495318412781,0.11996765434741974,-0.1842103749513626,-0.12444812804460526,0.9749765396118164],"EasingStyle":"Linear","EasingDirection":"In"},"Right Arm":{"Weight":1,"CFrame":[-0.07810075581073761,-0.527673602104187,-0.0015720129013061524,-0.017870904877781869,-0.8558059334754944,0.5169883370399475,0.9945648312568665,0.0378309041261673,0.09700337052345276,-0.10257416218519211,0.5159118175506592,0.8504783511161804],"EasingStyle":"Linear","EasingDirection":"In"},"Head":{"Weight":1,"CFrame":[6.332993507385254e-8,-4.7963112592697146e-8,-4.76837158203125e-7,0.9977511763572693,-0.0615871287882328,0.026452453806996347,0.066088005900383,0.9697630405426025,-0.23492984473705293,-0.011183938011527062,0.23614966869354249,0.9716523885726929],"EasingStyle":"Linear","EasingDirection":"In"},"Right Leg":{"Weight":1,"CFrame":[0.06243947520852089,0.07610952854156494,0.03523600101470947,0.9215709567070007,0.3727928400039673,0.10831655561923981,-0.3689131438732147,0.9278563857078552,-0.0546414814889431,-0.12087211012840271,0.010396572761237622,0.9926137328147888],"EasingStyle":"Linear","EasingDirection":"In"},"Torso":{"Weight":1,"CFrame":[-0.19984692335128785,0.03765973448753357,-0.17363739013671876,0.9969565868377686,0.047654956579208377,0.06169906631112099,-0.05420663580298424,0.9925316572189331,0.10928202420473099,-0.056030455976724628,-0.11229392141103745,0.992094099521637],"EasingStyle":"Linear","EasingDirection":"In"},"HumanoidRootPart":{"Weight":1,"CFrame":[0,0,0,1,0,0,0,1,0,0,0,1],"EasingStyle":"Linear","EasingDirection":"In"},"Left Arm":{"Weight":1,"CFrame":[0.030336614698171617,-0.38077354431152346,0.058367371559143069,0.06794677674770355,0.8999249935150147,-0.43071848154067995,-0.9864823222160339,0.1251256763935089,0.10581278800964356,0.14911754429340363,0.4177064299583435,0.8962618708610535],"EasingStyle":"Linear","EasingDirection":"In"}}},{"Time":0.5333333611488342,"poses":{"Left Leg":{"Weight":1,"CFrame":[-0.36614614725112917,0.2773285508155823,0.07173120975494385,0.9484217762947083,0.20397502183914185,0.24267339706420899,-0.23340733349323274,0.9673107862472534,0.099151112139225,-0.21451625227928163,-0.1506788432598114,0.9650278091430664],"EasingStyle":"Linear","EasingDirection":"In"},"Right Arm":{"Weight":1,"CFrame":[-0.0004822351038455963,-0.5480208992958069,-0.04652315378189087,-0.08050890266895294,-0.8955637216567993,0.4375889003276825,0.9928327798843384,-0.03314843401312828,0.11482301354408264,-0.08832594007253647,0.4436967372894287,0.8918137550354004],"EasingStyle":"Linear","EasingDirection":"In"},"Head":{"Weight":1,"CFrame":[9.499490261077881e-8,5.587935447692871e-9,0,0.9978391528129578,-0.06264161318540573,0.01982949860394001,0.06544550508260727,0.9743606448173523,-0.21526330709457398,-0.005836643278598785,0.2160959243774414,0.976354718208313],"EasingStyle":"Linear","EasingDirection":"In"},"Right Leg":{"Weight":1,"CFrame":[0.07716616988182068,0.1231926679611206,0.03319716453552246,0.9268176555633545,0.352946937084198,0.12820933759212495,-0.34777596592903139,0.9355616569519043,-0.061452336609363559,-0.14163708686828614,0.01236694771796465,0.9898414611816406],"EasingStyle":"Linear","EasingDirection":"In"},"Torso":{"Weight":1,"CFrame":[-0.21467256546020509,0.04740500450134277,-0.2176980972290039,0.9971857070922852,0.04807083308696747,0.057531166821718219,-0.05361479893326759,0.9936361312866211,0.09905929118394852,-0.052403174340724948,-0.1018650159239769,0.9934171438217163],"EasingStyle":"Linear","EasingDirection":"In"},"HumanoidRootPart":{"Weight":1,"CFrame":[0,0,0,1,0,0,0,1,0,0,0,1],"EasingStyle":"Linear","EasingDirection":"In"},"Left Arm":{"Weight":1,"CFrame":[-0.0029265028424561025,-0.4370359182357788,0.03551805019378662,-0.042909886687994,0.9094762206077576,-0.4135359525680542,-0.9884805083274841,0.0214835312217474,0.14981628954410554,0.14513856172561646,0.41520068049430849,0.8980775475502014],"EasingStyle":"Linear","EasingDirection":"In"}}},{"Time":0.5666666626930237,"poses":{"Left Leg":{"Weight":1,"CFrame":[-0.3645954132080078,0.26610511541366579,0.08005023002624512,0.8984231948852539,0.34189707040786745,0.2755759656429291,-0.37163421511650088,0.926280677318573,0.06238636374473572,-0.2339310348033905,-0.15846283733844758,0.9592527151107788],"EasingStyle":"Linear","EasingDirection":"In"},"Right Arm":{"Weight":1,"CFrame":[0.062039099633693698,-0.5157231092453003,-0.06708008050918579,-0.09929550439119339,-0.9088042378425598,0.40523484349250796,0.989703357219696,-0.048008281737565997,0.13484252989292146,-0.1030908152461052,0.4144514203071594,0.9042136073112488],"EasingStyle":"Linear","EasingDirection":"In"},"Head":{"Weight":1,"CFrame":[5.8673322200775149e-8,1.210719347000122e-8,-1.7881393432617188e-7,0.9978682398796082,-0.06522232294082642,0.002265085931867361,0.06456902623176575,0.9816398024559021,-0.17948311567306519,0.009482809342443943,0.17924673855304719,0.9837584495544434],"EasingStyle":"Linear","EasingDirection":"In"},"Right Leg":{"Weight":1,"CFrame":[0.0811656042933464,0.12801575660705567,0.03187990188598633,0.9404661059379578,0.3113880753517151,0.13623911142349244,-0.3064989745616913,0.9502197504043579,-0.056043531745672229,-0.14690837264060975,0.010949904099106789,0.9890894889831543],"EasingStyle":"Linear","EasingDirection":"In"},"Torso":{"Weight":1,"CFrame":[-0.22324517369270326,0.055522605776786807,-0.22691059112548829,0.9974637031555176,0.048801399767398837,0.051812998950481418,-0.05243034288287163,0.996086061000824,0.07115918397903443,-0.04813753813505173,-0.07369527965784073,0.9961183667182922],"EasingStyle":"Linear","EasingDirection":"In"},"HumanoidRootPart":{"Weight":1,"CFrame":[0,0,0,1,0,0,0,1,0,0,0,1],"EasingStyle":"Linear","EasingDirection":"In"},"Left Arm":{"Weight":1,"CFrame":[-0.003698523622006178,-0.46138709783554079,0.026906847953796388,-0.09694311767816544,0.8956575989723206,-0.43405038118362429,-0.9846877455711365,-0.022824861109256746,0.17282675206661225,0.14488644897937776,0.4441583752632141,0.8841557502746582],"EasingStyle":"Linear","EasingDirection":"In"}}},{"Time":0.6000000238418579,"poses":{"Left Leg":{"Weight":1,"CFrame":[-0.34101200103759768,0.24982666969299317,0.08117473125457764,0.8817889094352722,0.3892785608768463,0.2662905156612396,-0.41253703832626345,0.9102524518966675,0.03540801256895065,-0.22860799729824067,-0.14107707142829896,0.9632423520088196],"EasingStyle":"Linear","EasingDirection":"In"},"Right Arm":{"Weight":1,"CFrame":[0.0773906409740448,-0.48376956582069399,-0.06643927097320557,-0.05903571471571922,-0.8962165713310242,0.43967118859291079,0.9911739826202393,-0.00025511207059025764,0.1325671523809433,-0.11869670450687409,0.44361671805381777,0.8883216381072998],"EasingStyle":"Linear","EasingDirection":"In"},"Head":{"Weight":1,"CFrame":[7.962808012962341e-8,4.889443516731262e-9,-1.7881393432617188e-7,0.9969651699066162,-0.07182466983795166,-0.030028648674488069,0.06757442653179169,0.9899401068687439,-0.1243072971701622,0.03865489363670349,0.12190085649490357,0.9917892813682556],"EasingStyle":"Linear","EasingDirection":"In"},"Right Leg":{"Weight":1,"CFrame":[0.16903309524059297,0.0951496958732605,0.029149174690246583,0.950057864189148,0.28125500679016116,0.13522502779960633,-0.2781749665737152,0.9596313238143921,-0.041552118957042697,-0.141452819108963,0.0018606483936309815,0.9899433255195618],"EasingStyle":"Linear","EasingDirection":"In"},"Torso":{"Weight":1,"CFrame":[-0.21957728266716004,0.050424642860889438,-0.2070307731628418,0.9978086352348328,0.048893459141254428,0.04458009824156761,-0.04943777248263359,0.9987145066261292,0.01118940208107233,-0.04397570341825485,-0.013368821702897549,0.9989431500434876],"EasingStyle":"Linear","EasingDirection":"In"},"HumanoidRootPart":{"Weight":1,"CFrame":[0,0,0,1,0,0,0,1,0,0,0,1],"EasingStyle":"Linear","EasingDirection":"In"},"Left Arm":{"Weight":1,"CFrame":[0.021292444318532945,-0.45198896527290347,0.04206645488739014,-0.01878335140645504,0.8875983953475952,-0.4602352976799011,-0.9907430410385132,0.045374706387519839,0.12794338166713715,0.13444539904594422,0.45837798714637759,0.8785295486450195],"EasingStyle":"Linear","EasingDirection":"In"}}},{"Time":0.6333333253860474,"poses":{"Left Leg":{"Weight":1,"CFrame":[-0.25728222727775576,0.23631501197814942,0.08135485649108887,0.9477269649505615,0.23760764300823213,0.21297003328800202,-0.2535703778266907,0.9659894704818726,0.05065947398543358,-0.1936897337436676,-0.1020142212510109,0.9757446050643921],"EasingStyle":"Linear","EasingDirection":"In"},"Right Arm":{"Weight":1,"CFrame":[0.05737985670566559,-0.46632909774780276,-0.06256484985351563,0.022936441004276277,-0.8505077958106995,0.5254622101783752,0.9882640242576599,0.09868814796209336,0.11659778654575348,-0.15102419257164002,0.516620934009552,0.8427896499633789],"EasingStyle":"Linear","EasingDirec