{"Sequence":[{"Time":0,"poses":{"Left Leg":{"Weight":1,"CFrame":[-0.2242218405008316,0.9506639838218689,-0.11902749538421631,0.8628028035163879,0.24378930032253266,0.44287487864494326,-0.3932746648788452,0.8741387724876404,0.2849852442741394,-0.3176577389240265,-0.42005738615989687,0.850085437297821],"EasingStyle":"Linear","EasingDirection":"In"},"Right Arm":{"Weight":1,"CFrame":[-0.15450419485569,-0.12705940008163453,-0.0017630457878112794,0.7665935754776001,0.23912054300308228,-0.5959494113922119,-0.41982659697532656,0.888885498046875,-0.18338052928447724,0.48588067293167117,0.3907736539840698,0.7818030118942261],"EasingStyle":"Linear","EasingDirection":"In"},"Left Arm":{"Weight":1,"CFrame":[-0.5669013261795044,0.011678695678710938,0.20293378829956056,0.293143630027771,0.14353680610656739,-0.9452322721481323,-0.9526849985122681,0.12695825099945069,-0.276175856590271,0.08036362379789353,0.9814677238464356,0.1739623099565506],"EasingStyle":"Linear","EasingDirection":"In"},"Head":{"Weight":1,"CFrame":[1.4528632164001466e-7,-5.681067705154419e-8,0.016662120819091798,0.9173926711082459,-0.3520164489746094,-0.18567486107349397,0.38724061846733096,0.897197425365448,0.21232467889785767,0.09184518456459046,-0.26668593287467959,0.9593972563743591],"EasingStyle":"Linear","EasingDirection":"In"},"Torso":{"Weight":1,"CFrame":[0.07681649923324585,0.0009980201721191407,-0.596320629119873,0.9671931862831116,0.03653920069336891,0.25140056014060976,0.06698806583881378,0.9178956151008606,-0.39112716913223269,-0.24505090713500977,0.39513638615608218,0.8853346705436707],"EasingStyle":"Linear","EasingDirection":"In"},"HumanoidRootPart":{"Weight":1,"CFrame":[0,0,0,1,0,0,0,1,0,0,0,1],"EasingStyle":"Linear","EasingDirection":"In"},"Right Leg":{"Weight":1,"CFrame":[0.3289130926132202,0.2930426001548767,0.30903708934783938,0.9192435145378113,-0.2574661374092102,-0.2978297472000122,0.1316937506198883,0.9140265583992004,-0.38368260860443118,0.37100958824157717,0.3134753406047821,0.8741196393966675],"EasingStyle":"Linear","EasingDirection":"In"}}},{"Time":0.03333333507180214,"poses":{"Left Leg":{"Weight":1,"CFrame":[-0.13337820768356324,1.019431710243225,-0.14229613542556764,0.8305352330207825,0.32001993060112,0.45584920048713686,-0.46295174956321719,0.851688802242279,0.24556447565555573,-0.3096560835838318,-0.4149860441684723,0.8555113077163696],"EasingStyle":"Linear","EasingDirection":"In"},"Right Arm":{"Weight":1,"CFrame":[-0.15923017263412476,-0.12668156623840333,-0.005130469799041748,0.7720978260040283,0.22303776443004609,-0.5950791239738464,-0.41332095861434939,0.8875264525413513,-0.20362408459186555,0.48273250460624697,0.4031762182712555,0.7774432301521301],"EasingStyle":"Linear","EasingDirection":"In"},"Left Arm":{"Weight":1,"CFrame":[-0.5599223971366882,0.024325132369995118,0.2614384889602661,0.38587433099746706,0.047018881887197497,-0.9213525652885437,-0.9216577410697937,0.06359615921974182,-0.38275665044784548,0.04059775173664093,0.9968675374984741,0.06787524372339249],"EasingStyle":"Linear","EasingDirection":"In"},"Head":{"Weight":1,"CFrame":[8.940696716308594e-8,-1.5366822481155396e-7,0.016662120819091798,0.9256412982940674,-0.33707231283187868,-0.1719607412815094,0.3751380741596222,0.8769893646240234,0.3002687692642212,0.0495954304933548,-0.3424500524997711,0.938226044178009],"EasingStyle":"Linear","EasingDirection":"In"},"Torso":{"Weight":1,"CFrame":[0.07658720016479492,-0.08066165447235108,-0.6952042579650879,0.9684374332427979,0.045183468610048297,0.245127335190773,0.07839252799749375,0.878317654132843,-0.47160670161247256,-0.23660847544670106,0.47593778371810915,0.8470535278320313],"EasingStyle":"Linear","EasingDirection":"In"},"HumanoidRootPart":{"Weight":1,"CFrame":[0,0,0,1,0,0,0,1,0,0,0,1],"EasingStyle":"Linear","EasingDirection":"In"},"Right Leg":{"Weight":1,"CFrame":[0.30752643942832949,0.3898944854736328,0.34719932079315188,0.9083074927330017,-0.3135322034358978,-0.276902437210083,0.18648897111415864,0.8960593938827515,-0.40286409854888918,0.37443187832832339,0.31428515911102297,0.872367799282074],"EasingStyle":"Linear","EasingDirection":"In"}}},{"Time":0.06666667014360428,"poses":{"Left Leg":{"Weight":1,"CFrame":[-0.026896391063928605,1.0994828939437867,-0.1979483962059021,0.7933179140090942,0.3747193217277527,0.4798250198364258,-0.525852620601654,0.8189225792884827,0.2298801690340042,-0.3067990839481354,-0.43468523025512698,0.8467130661010742],"EasingStyle":"Linear","EasingDirection":"In"},"Right Arm":{"Weight":1,"CFrame":[-0.16696757078170777,-0.12481045722961426,-0.01589953899383545,0.7856996059417725,0.18459811806678773,-0.5904234647750855,-0.41431623697280886,0.8657791018486023,-0.2806575894355774,0.4593673646450043,0.4651344418525696,0.7567241191864014],"EasingStyle":"Linear","EasingDirection":"In"},"Left Arm":{"Weight":1,"CFrame":[-0.5573748350143433,0.03569674491882324,0.3287632465362549,0.4692447781562805,-0.039403241127729419,-0.882188618183136,-0.8828734159469605,-0.0419132262468338,-0.46773695945739748,-0.01854497380554676,0.9983440041542053,-0.05445563793182373],"EasingStyle":"Linear","EasingDirection":"In"},"Head":{"Weight":1,"CFrame":[1.7136335372924806e-7,5.960464477539063e-8,0.016662001609802247,0.926777184009552,-0.33177289366722109,-0.17609860002994538,0.37479376792907717,0.8477489352226257,0.37530192732810976,0.024772288277745248,-0.4138219654560089,0.9100207090377808],"EasingStyle":"Linear","EasingDirection":"In"},"Torso":{"Weight":1,"CFrame":[0.10158407688140869,-0.15519428253173829,-0.8089051246643066,0.9637287259101868,0.06734253466129303,0.25824782252311709,0.08590934425592423,0.8378602266311646,-0.5390825271606445,-0.2526787519454956,0.5417152643203735,0.8016844987869263],"EasingStyle":"Linear","EasingDirection":"In"},"HumanoidRootPart":{"Weight":1,"CFrame":[0,0,0,1,0,0,0,1,0,0,0,1],"EasingStyle":"Linear","EasingDirection":"In"},"Right Leg":{"Weight":1,"CFrame":[0.2807890474796295,0.46188104152679446,0.38100194931030276,0.8999047875404358,-0.3589760959148407,-0.24760334193706513,0.2300167977809906,0.8731099963188171,-0.4298500716686249,0.3704908490180969,0.32987114787101748,0.8682865500450134],"EasingStyle":"Linear","EasingDirection":"In"}}},{"Time":0.10000000149011612,"poses":{"Left Leg":{"Weight":1,"CFrame":[0.017741352319717408,1.16138756275177,-0.26317650079727175,0.7823602557182312,0.36082223057746889,0.5076609253883362,-0.5348942875862122,0.8068117499351502,0.25088465213775637,-0.3190620541572571,-0.46782705187797549,0.8242192268371582],"EasingStyle":"Linear","EasingDirection":"In"},"Right Arm":{"Weight":1,"CFrame":[-0.17210906744003297,-0.12311291694641113,-0.023766517639160157,0.8028263449668884,0.1260739266872406,-0.5827310085296631,-0.4106305241584778,0.8255438804626465,-0.38711756467819216,0.4322645664215088,0.5500751733779907,0.714538037776947],"EasingStyle":"Linear","EasingDirection":"In"},"Left Arm":{"Weight":1,"CFrame":[-0.5632171034812927,0.03864884376525879,0.38488030433654787,0.5101208686828613,-0.0628877654671669,-0.8578006625175476,-0.8539526462554932,-0.15608426928520204,-0.4963895380496979,-0.1026722714304924,0.9857398271560669,-0.1333252638578415],"EasingStyle":"Linear","EasingDirection":"In"},"Head":{"Weight":1,"CFrame":[5.587935447692871e-8,2.2351741790771486e-8,0.016662120819091798,0.9190931916236877,-0.33898934721946719,-0.20088300108909608,0.392459899187088,0.8331303000450134,0.38970404863357546,0.03525619953870773,-0.4370129108428955,0.8987641334533691],"EasingStyle":"Linear","EasingDirection":"In"},"Torso":{"Weight":1,"CFrame":[0.16302013397216798,-0.18914353847503663,-0.8687033653259277,0.9515572786331177,0.09872755408287049,0.29119008779525759,0.08316999673843384,0.8290944695472717,-0.5528879761695862,-0.2960093915462494,0.5503228902816773,0.7807196974754334],"EasingStyle":"Linear","EasingDirection":"In"},"HumanoidRootPart":{"Weight":1,"CFrame":[0,0,0,1,0,0,0,1,0,0,0,1],"EasingStyle":"Linear","EasingDirection":"In"},"Right Leg":{"Weight":1,"CFrame":[0.2933327257633209,0.4671366214752197,0.39061439037323,0.9068888425827026,-0.3530043363571167,-0.23008842766284944,0.22521252930164338,0.8675792217254639,-0.4433797597885132,0.35613498091697695,0.3502771854400635,0.8662989139556885],"EasingStyle":"Linear","EasingDirection":"In"}}},{"Time":0.13333334028720857,"poses":{"Left Leg":{"Weight":1,"CFrame":[-0.020837627351284028,1.1808805465698243,-0.27399206161499026,0.8005335330963135,0.310226708650589,0.5127429962158203,-0.49456751346588137,0.8251869678497315,0.27289077639579775,-0.3384508788585663,-0.4720442593097687,0.8140180110931397],"EasingStyle":"Linear","EasingDirection":"In"},"Right Arm":{"Weight":1,"CFrame":[-0.17396777868270875,-0.12228789925575257,-0.026557087898254396,0.8156722187995911,0.06992698460817337,-0.5742726922035217,-0.3960730731487274,0.7910395860671997,-0.46624305844306948,0.4216693639755249,0.6077554821968079,0.6729251742362976],"EasingStyle":"Linear","EasingDirection":"In"},"Left Arm":{"Weight":1,"CFrame":[-0.576031506061554,0.03127264976501465,0.4273519515991211,0.5306336879730225,-0.04655996337532997,-0.8463215231895447,-0.8262935280799866,-0.250893235206604,-0.5042734146118164,-0.18885737657546998,0.9668943881988525,-0.1716049164533615],"EasingStyle":"Linear","EasingDirection":"In"},"Head":{"Weight":1,"CFrame":[2.384185791015625e-7,-2.2351741790771486e-8,0.016661643981933595,0.911328136920929,-0.3466201722621918,-0.2221158742904663,0.40715011954307558,0.8386852741241455,0.3617124557495117,0.0609084777534008,-0.42007339000701907,0.9054439663887024],"EasingStyle":"Linear","EasingDirection":"In"},"Torso":{"Weight":1,"CFrame":[0.25445234775543215,-0.193589448928833,-0.8470234870910645,0.9371089935302734,0.11786603182554245,0.3285335898399353,0.07901515811681748,0.8451830148696899,-0.5286041498184204,-0.3399754464626312,0.521318793296814,0.7827154994010925],"EasingStyle":"Linear","EasingDirection":"In"},"HumanoidRootPart":{"Weight":1,"CFrame":[0,0,0,1,0,0,0,1,0,0,0,1],"EasingStyle":"Linear","EasingDirection":"In"},"Right Leg":{"Weight":1,"CFrame":[0.32319390773773196,0.41170722246170046,0.36521315574645998,0.916144847869873,-0.3215750753879547,-0.2393071949481964,0.19603051245212556,0.8801716566085815,-0.43228453397750857,0.34964337944984438,0.34912368655204775,0.8694033622741699],"EasingStyle":"Linear","EasingDirection":"In"}}},{"Time":0.1666666716337204,"poses":{"Left Leg":{"Weight":1,"CFrame":[-0.12366313487291336,1.1276381015777588,-0.19345366954803468,0.8372959494590759,0.2606615722179413,0.48061537742614748,-0.4219757616519928,0.8670446276664734,0.2648964524269104,-0.34766656160354617,-0.4246046841144562,0.8359658122062683],"EasingStyle":"Linear","EasingDirection":"In"},"Right Arm":{"Weight":1,"CFrame":[-0.17202667891979218,-0.12259504199028015,-0.022154927253723146,0.8158767223358154,0.0307147353887558,-0.5774097442626953,-0.37426283955574038,0.7892439365386963,-0.4868484139442444,0.4407636225223541,0.6133111715316773,0.6554210186004639],"EasingStyle":"Linear","EasingDirection":"In"},"Left Arm":{"Weight":1,"CFrame":[-0.5929844975471497,0.011953473091125489,0.4580956697463989,0.5664306282997131,-0.02289554290473461,-0.8237913846969605,-0.7877947688102722,-0.30850979685783389,-0.5331051349639893,-0.24194177985191346,0.9509456157684326,-0.1927865445613861],"EasingStyle":"Linear","EasingDirection":"In"},"Head":{"Weight":1,"CFrame":[-5.587935447692871e-8,7.450580596923828e-9,0.016662240028381349,0.9139732718467712,-0.34306877851486208,-0.21669472754001618,0.3983555734157562,0.8602573871612549,0.3182300329208374,0.07723838090896607,-0.3771752715110779,0.9229155778884888],"EasingStyle":"Linear","EasingDirection":"In"},"Torso":{"Weight":1,"CFrame":[0.3575725555419922,-0.18326449394226075,-0.741539478302002,0.9292653203010559,0.10863542556762696,0.3530785143375397,0.08361314982175827,0.8691250085830689,-0.48747381567955019,-0.3598262667655945,0.48251453042030337,0.7985642552375794],"EasingStyle":"Linear","EasingDirection":"In"},"HumanoidRootPart":{"Weight":1,"CFrame":[0,0,0,1,0,0,0,1,0,0,0,1],"EasingStyle":"Linear","EasingDirection":"In"},"Right Leg":{"Weight":1,"CFrame":[0.31275826692581179,0.3032658100128174,0.30201590061187746,0.9113553166389465,-0.3052140772342682,-0.27618101239204409,0.18204858899116517,0.9006430506706238,-0.3945889472961426,0.3691745698451996,0.3093322217464447,0.8763696551322937],"EasingStyle":"Linear","EasingDirection":"In"}}},{"Time":0.20000000298023225,"poses":{"Left Leg":{"Weight":1,"CFrame":[-0.2428416609764099,1.0148673057556153,-0.10060113668441773,0.8742543458938599,0.20105230808258058,0.44187918305397036,-0.3375294804573059,0.9059489965438843,0.2555980682373047,-0.3489314913749695,-0.37260493636131289,0.859890878200531],"EasingStyle":"Linear","EasingDirection":"In"},"Right Arm":{"Weight":1,"CFrame":[-0.16006618738174439,-0.12637406587600709,0.00301969051361084,0.7919483184814453,-0.0002461652911733836,-0.6105881929397583,-0.35661327838897707,0.8115320205688477,-0.46286362409591677,0.4956258535385132,0.584307849407196,0.6426035165786743],"EasingStyle":"Linear","EasingDirection":"In"},"Left Arm":{"Weight":1,"CFrame":[-0.611396074295044,-0.019786059856414796,0.4715301990509033,0.629673421382904,-0.006550298072397709,-0.7768325209617615,-0.73598712682724,-0.3251086175441742,-0.5938241481781006,-0.24866510927677155,0.945654034614563,-0.20953339338302613],"EasingStyle":"Linear","EasingDirection":"In"},"Head":{"Weight":1,"CFrame":[1.4528632164001466e-7,-1.341104507446289e-7,0.016661882400512697,0.92312091588974,-0.3365350067615509,-0.18598957359790803,0.37626713514328005,0.8902426362037659,0.25669264793395998,0.07918980717658997,-0.30694010853767397,0.9484285712242127],"EasingStyle":"Linear","EasingDirection":"In"},"Torso":{"Weight":1,"CFrame":[0.4281224012374878,-0.15707480907440186,-0.6006040573120117,0.9292633533477783,0.08282284438610077,0.3600139617919922,0.08679065108299256,0.8983193039894104,-0.43068528175354006,-0.3590780794620514,0.43146589398384097,0.8275869488716126],"EasingStyle":"Linear","EasingDirection":"In"},"HumanoidRootPart":{"Weight":1,"CFrame":[0,0,0,1,0,0,0,1,0,0,0,1],"EasingStyle":"Linear","EasingDirection":"In"},"Right Leg":{"Weight":1,"CFrame":[0.25084981322288515,0.17242473363876344,0.2200603485107422,0.9006898403167725,-0.2981150150299072,-0.31604650616645815,0.18272052705287934,0.9199011325836182,-0.3469800353050232,0.39417144656181338,0.2547731399536133,0.8830173015594482],"EasingStyle":"Linear","EasingDirection":"In"}}},{"Time":0.23333333432674409,"poses":{"Left Leg":{"Weight":1,"CFrame":[-0.33451545238494875,0.8959327340126038,-0.04388648271560669,0.8989077806472778,0.12306904047727585,0.42049822211265566,-0.2530285120010376,0.9293346405029297,0.26891180872917178,-0.3576889634132385,-0.3481249213218689,0.8665262460708618],"EasingStyle":"Linear","EasingDirection":"In"},"Right Arm":{"Weight":1,"CFrame":[-0.13334405422210694,-0.13626527786254884,0.060782670974731448,0.7264341711997986,0.011399653740227223,-0.6871415376663208,-0.3179173767566681,0.8920180201530457,-0.32129818201065066,0.6092798709869385,0.45185619592666628,0.6516164541244507],"EasingStyle":"Linear","EasingDirection":"In"},"Left Arm":{"Weight":1,"CFrame":[-0.630728542804718,-0.05016529560089111,0.4315730333328247,0.6408662796020508,0.0310041606426239,-0.7670263051986694,-0.714730978012085,-0.34046846628189089,-0.6109344363212586,-0.28008973598480227,0.9397446513175964,-0.1960352659225464],"EasingStyle":"Linear","EasingDirection":"In"},"Head":{"Weight":1,"CFrame":[1.4156103134155274e-7,-9.313225746154785e-8,0.016662120819091798,0.9320242404937744,-0.33586743474006655,-0.13610205054283143,0.3563086986541748,0.9178345203399658,0.17499776184558869,0.06614302843809128,-0.21159645915031434,0.975116491317749],"EasingStyle":"Linear","EasingDirection":"In"},"Torso":{"Weight":1,"CFrame":[0.4302123188972473,-0.1145433783531189,-0.48014211654663088,0.935036838054657,0.056882575154304507,0.3499578833580017,0.07811899483203888,0.9297367930412293,-0.3598431348800659,-0.3458375036716461,0.36380496621131899,0.864894449710846],"EasingStyle":"Linear","EasingDirection":"In"},"HumanoidRootPart":{"Weight":1,"CFrame":[0,0,0,1,0,0,0,1,0,0,0,1],"EasingStyle":"Linear","EasingDirection":"In"},"Right Leg":{"Weight":1,"CFrame":[0.18285678327083589,0.07569336891174317,0.15401923656463624,0.9005644917488098,-0.2701491713523865,-0.34059229493141177,0.16645723581314088,0.9380481243133545,-0.30390408635139468,0.401591420173645,0.2169910967350006,0.8897411227226257],"EasingStyle":"Linear","EasingDirection":"In"}}},{"Time":0.2666666805744171,"poses":{"Left Leg":{"Weight":1,"CFrame":[-0.3793824017047882,0.7979394197463989,-0.008316218852996827,0.9107303619384766,0.06662137061357498,0.4075925648212433,-0.193645641207695,0.940579891204834,0.2789458632469177,-0.3647896349430084,-0.3329729735851288,0.8695157766342163],"EasingStyle":"Linear","EasingDirection":"In"},"Right Arm":{"Weight":1,"CFrame":[-0.09269489347934723,-0.15039658546447755,0.1402432918548584,0.6309678554534912,0.08128329366445542,-0.7715391516685486,-0.22022420167922975,0.9723528027534485,-0.07766074687242508,0.7438957095146179,0.21891304850578309,0.6314240097999573],"EasingStyle":"Linear","EasingDirection":"In"},"Left Arm":{"Weight":1,"CFrame":[-0.6504449248313904,-0.0722794234752655,0.30644094944000246,0.5238993167877197,0.10592948645353317,-0.8451676964759827,-0.7608879804611206,-0.38778796792030337,-0.5202597379684448,-0.38285669684410097,0.9156416058540344,-0.12256141006946564],"EasingStyle":"Linear","EasingDirection":"In"},"Head":{"Weight":1,"CFrame":[-3.3527612686157229e-8,1.210719347000122e-7,0.016662240028381349,0.9407994151115418,-0.33167776465415957,-0.06990357488393784,0.3374185562133789,0.9360496401786804,0.09979941695928574,0.03233184292912483,-0.1174779087305069,0.9925490617752075],"EasingStyle":"Linear","EasingDirection":"In"},"Torso":{"Weight":1,"CFrame":[0.3873702883720398,-0.06358319520950318,-0.39928436279296877,0.9447961449623108,0.037400130182504657,0.3255175054073334,0.06538691371679306,0.9519611597061157,-0.29915672540664675,-0.32106849551200869,0.3039267063140869,0.8969635367393494],"EasingStyle":"Linear","EasingDirection":"In"},"HumanoidRootPart":{"Weight":1,"CFrame":[0,0,0,1,0,0,0,1,0,0,0,1],"EasingStyle":"Linear","EasingDirection":"In"},"Right Leg":{"Weight":1,"CFrame":[0.1424485743045807,0.03592383861541748,0.1208200454711914,0.9054893255233765,-0.2356976717710495,-0.3528960049152374,0.14333772659301759,0.952574610710144,-0.26843252778053286,0.3994287848472595,0.19247949123382569,0.8963304758071899],"EasingStyle":"Linear","EasingDirection":"In"}}},{"Time":0.30000001192092898,"poses":{"Left Leg":{"Weight":1,"CFrame":[-0.38634124398231509,0.7410917282104492,0.009329795837402344,0.9143015742301941,0.049170516431331637,0.40203821659088137,-0.17337191104888917,0.9445846676826477,0.27875077724456789,-0.36605289578437807,-0.3245644271373749,0.8721600770950317],"EasingStyle":"Linear","EasingDirection":"In"},"Right Arm":{"Weight":1,"CFrame":[-0.04135219752788544,-0.1655641794204712,0.22603917121887208,0.543442964553833,0.18972672522068025,-0.8177247047424316,-0.06079453229904175,0.9804613590240479,0.18708182871341706,0.8372417688369751,-0.05195510387420654,0.5443591475486755],"EasingStyle":"Linear","EasingDirection":"In"},"Left Arm":{"Weight":1,"CFrame":[-0.6537346839904785,-0.08638572692871094,0.12479031085968018,0.2894012928009033,0.16682876646518708,-0.9425578117370606,-0.8406261801719666,-0.4266659617424011,-0.3336222767829895,-0.4578150808811188,0.8888894319534302,0.016762882471084596],"EasingStyle":"Linear","EasingDirection":"In"},"Head":{"Weight":1,"CFrame":[1.3783574104309083e-7,-1.043081283569336e-7,0.016662240028381349,0.9494680166244507,-0.31385886669158938,0.0017711911350488663,0.3132416307926178,0.9479257464408875,0.05758872628211975,-0.019753718748688699,-0.05412384867668152,0.9983388781547546],"EasingStyle":"Linear","EasingDirection":"In"},"Torso":{"Weight":1,"CFrame":[0.32465100288391116,-0.03931987285614014,-0.36226558685302737,0.9546037912368774,0.026747800409793855,0.29667550325393679,0.058028556406497958,0.9601812958717346,-0.2732851207256317,-0.29217201471328738,0.27809467911720278,0.9150403738021851],"EasingStyle":"Linear","EasingDirection":"In"},"HumanoidRootPart":{"Weight":1,"CFrame":[0,0,0,1,0,0,0,1,0,0,0,1],"EasingStyle":"Linear","EasingDirection":"In"},"Right Leg":{"Weight":1,"CFrame":[0.1509755253791809,0.04202079772949219,0.12329268455505371,0.9109807014465332,-0.20608171820640565,-0.3572738468647003,0.11939625442028046,0.9609013795852661,-0.24982643127441407,0.39478960633277895,0.18492981791496278,0.8999678492546082],"EasingStyle":"Linear","EasingDirection":"In"}}},{"Time":0.3333333432674408,"poses":{"Left Leg":{"Weight":1,"CFrame":[-0.3764283359050751,0.727070689201355,0.02629399299621582,0.9138146638870239,0.06611835956573487,0.40071311593055727,-0.17898236215114594,0.9512413740158081,0.2512074410915375,-0.36456552147865298,-0.30127760767936709,0.881092369556427],"EasingStyle":"Linear","EasingDirection":"In"},"Right Arm":{"Weight":1,"CFrame":[0.016420038416981698,-0.17604777216911317,0.3029528856277466,0.5021399855613709,0.2791895568370819,-0.8184795379638672,0.10919877886772156,0.9184066653251648,0.38026925921440127,0.857864260673523,-0.28032544255256655,0.43068167567253115],"EasingStyle":"Linear","EasingDirection":"In"},"Left Arm":{"Weight":1,"CFrame":[-0.6575860381126404,-0.09272176027297974,-0.07241660356521607,0.0460006408393383,0.1596665233373642,-0.9860987067222595,-0.9327090382575989,-0.3465944528579712,-0.0996297150850296,-0.35768383741378786,0.9243262410163879,0.13297876715660096],"EasingStyle":"Linear","EasingDirection":"In"},"Head":{"Weight":1,"CFrame":[1.4156103134155274e-7,-1.043081283569336e-7,0.016661882400512697,0.9569362998008728,-0.28074055910110476,0.07387734204530716,0.27750131487846377,0.9593613743782044,0.05117480456829071,-0.08524192869663239,-0.028469961136579515,0.9959535002708435],"EasingStyle":"Linear","EasingDirection":"In"},"Torso":{"Weight":1,"CFrame":[0.2790846824645996,-0.044104933738708499,-0.3684816360473633,0.9636901617050171,0.024024732410907747,0.26593998074531557,0.05474189296364784,0.9570152759552002,-0.2848247289657593,-0.26135143637657168,0.28904083371162417,0.9209511280059815],"EasingStyle":"Linear","EasingDirection":"In"},"HumanoidRootPart":{"Weight":1,"CFrame":[0,0,0,1,0,0,0,1,0,0,0,1],"EasingStyle":"Linear","EasingDirection":"In"},"Right Leg":{"Weight":1,"CFrame":[0.19641771912574769,0.0941806435585022,0.15141546726226808,0.9139546155929565,-0.1913178265094757,-0.3578888177871704,0.1104774922132492,0.965889036655426,-0.2342076599597931,0.39048904180526736,0.1745164692401886,0.9039150476455689],"EasingStyle":"Linear","EasingDirection":"In"}}},{"Time":0.36666667461395266,"poses":{"Left Leg":{"Weight":1,"CFrame":[-0.37674012780189516,0.7637215852737427,0.046651482582092288,0.9133697152137756,0.08260420709848404,0.39866313338279726,-0.1769169121980667,0.9624457359313965,0.2059093415737152,-0.3666827082633972,-0.2586016058921814,0.8936828374862671],"EasingStyle":"Linear","EasingDirection":"In"},"Right Arm":{"Weight":1,"CFrame":[0.07680124789476395,-0.17569488286972047,0.3558323383331299,0.5169208645820618,0.29730138182640078,-0.8027483224868774,0.23852896690368653,0.8505890369415283,0.46861720085144045,0.8221294283866882,-0.4337168037891388,0.3687722980976105],"EasingStyle":"Linear","EasingDirection":"In"},"Left Arm":{"Weight":1,"CFrame":[-0.6568406224250794,-0.09147608280181885,-0.2472861409187317,-0.1074090227484703,0.12063278257846832,-0.9868693351745606,-0.9938235282897949,-0.04087996855378151,0.10316886007785797,-0.027897583320736886,0.9918551445007324,0.12427866458892822],"EasingStyle":"Linear","EasingDirection":"In"},"Head":{"Weight":1,"CFrame":[5.960464477539063e-8,8.288770914077759e-8,0.016662120819091798,0.9618080258369446,-0.23282422125339509,0.14393849670886994,0.22673124074935914,0.9722523093223572,0.05760753154754639,-0.15335693955421449,-0.022772060707211496,0.9879084229469299],"EasingStyle":"Linear","EasingDirection":"In"},"Torso":{"Weight":1,"CFrame":[0.25348368287086489,-0.059302687644958499,-0.42874908447265627,0.9721692204475403,0.02340657263994217,0.23310761153697968,0.0516878180205822,0.9490499496459961,-0.3108578026294708,-0.2285068929195404,0.3142552077770233,0.921427309513092],"EasingStyle":"Linear","EasingDirection":"In"},"HumanoidRootPart":{"Weight":1,"CFrame":[0,0,0,1,0,0,0,1,0,0,0,1],"EasingStyle":"Linear","EasingDirection":"In"},"Right Leg":{"Weight":1,"CFrame":[0.276697039604187,0.21057534217834474,0.20371520519256593,0.9183835387229919,-0.16440024971961976,-0.3599223494529724,0.09253054857254029,0.9736118316650391,-0.20861010253429414,0.38472017645835879,0.15828025341033936,0.9093612432479858],"EasingStyle":"Linear","EasingDirection":"In"}}},{"Time":0.4000000059604645,"poses":{"Left Leg":{"Weight":1,"CFrame":[-0.37506967782974245,0.857160747051239,0.06267499923706055,0.9132392406463623,0.0910746306180954,0.3971140682697296,-0.16605275869369508,0.9732696413993836,0.15865902602672578,-0.3720493018627167,-0.21083542704582215,0.9039512276649475],"EasingStyle":"Linear","EasingDirection":"In"},"Right Arm":{"Weight":1,"CFrame":[0.13667559623718263,-0.16314667463302613,0.3524132966995239,0.5617114901542664,0.20462612807750703,-0.801628589630127,0.29704180359840395,0.8544458746910095,0.4262494146823883,0.7721700668334961,-0.477546364068985,0.41916948556900027],"EasingStyle":"Linear","EasingDirection":"In"},"Left Arm":{"Weight":1,"CFrame":[-0.6338628530502319,-0.09145209193229675,-0.3676460385322571,-0.1887456327676773,0.17071551084518434,-0.9670736193656921,-0.9082456827163696,0.34414857625961306,0.23801591992378236,0.37344998121261599,0.9232649803161621,0.09009502083063126],"EasingStyle":"Linear","EasingDirection":"In"},"Head":{"Weight":1,"CFrame":[1.3597309589385987e-7,-8.568167686462403e-8,0.016662240028381349,0.9629487991333008,-0.16997605562210084,0.20937484502792359,0.15917544066905976,0.9849383234977722,0.06752551347017288,-0.2176990807056427,-0.03169625625014305,0.9755011796951294],"EasingStyle":"Linear","EasingDirection":"In"},"Torso":{"Weight":1,"CFrame":[0.22770175337791444,-0.07641786336898804,-0.550755500793457,0.9799883365631104,0.023333821445703508,0.19768257439136506,0.04638715460896492,0.9389926791191101,-0.3407946527004242,-0.19357453286647798,0.3431447148323059,0.9191194772720337],"EasingStyle":"Linear","EasingDirection":"In"},"HumanoidRootPart":{"Weight":1,"CFrame":[0,0,0,1,0,0,0,1,0,0,0,1],"EasingStyle":"Linear","EasingDirection":"In"},"Right Leg":{"Weight":1,"CFrame":[0.39856910705566409,0.4572754502296448,0.27880167961120608,0.9260263442993164,-0.07552673667669296,-0.3698256015777588,0.01944698765873909,0.9880222082138062,-0.15308181941509248,0.3769577145576477,0.13456572592258454,0.9164033532142639],"EasingStyle":"Linear","EasingDirection":"In"}}},{"Time":0.4333333373069763,"poses":{"Left Leg":{"Weight":1,"CFrame":[-0.3492785394191742,0.9623509645462036,0.0768812894821167,0.9130551218986511,0.09999623149633408,0.39538735151290896,-0.1560564637184143,0.9813567996025086,0.11218415945768357,-0.3767981231212616,-0.16413304209709168,0.9116379022598267],"EasingStyle":"Linear","EasingDirection":"In"},"Right Arm":{"Weight":1,"CFrame":[0.19414275884628297,-0.14414983987808228,0.29780054092407229,0.6357543468475342,0.03208491951227188,-0.771224319934845,0.3395731747150421,0.885633647441864,0.31676971912384035,0.6931856870651245,-0.46327492594718935,0.5521503686904907],"EasingStyle":"Linear","EasingDirection":"In"},"Left Arm":{"Weight":1,"CFrame":[-0.5941157341003418,-0.09388852119445801,-0.41887640953063967,-0.17474621534347535,0.2723173201084137,-0.9462066888809204,-0.7063508033752441,0.6348263621330261,0.3131517171859741,0.6859535574913025,0.7230759859085083,0.0814179852604866],"EasingStyle":"Linear","EasingDirection":"In"},"Head":{"Weight":1,"CFrame":[1.5273690223693848e-7,1.5832483768463136e-8,0.016662001609802247,0.9609720706939697,-0.09575631469488144,0.25954490900039675,0.07915149629116059,0.9941334128379822,0.07371458411216736,-0.2650807797908783,-0.050294362008571628,0.9629136919975281],"EasingStyle":"Linear","EasingDirection":"In"},"Torso":{"Weight":1,"CFrame":[0.20020943880081178,-0.08726632595062256,-0.6946115493774414,0.9869502186775208,0.023013722151517869,0.1593727320432663,0.03715084493160248,0.9304897785186768,-0.3644291162490845,-0.1566815823316574,0.3655942380428314,0.9174920916557312],"EasingStyle":"Linear","EasingDirection":"In"},"HumanoidRootPart":{"Weight":1,"CFrame":[0,0,0,1,0,0,0,1,0,0,0,1],"EasingStyle":"Linear","EasingDirection":"In"},"Right Leg":{"Weight":1,"CFrame":[0.4470505714416504,0.7693042755126953,0.2713754177093506,0.9191437363624573,0.014166026376187802,-0.39366745948791506,-0.03548124060034752,0.9982683658599854,-0.04691966250538826,0.3923211395740509,0.05709366500377655,0.9180547595024109],"EasingStyle":"Linear","EasingDirection":"In"}}},{"Time":0.46666666865348818,"poses":{"Left Leg":{"Weight":1,"CFrame":[-0.3254929184913635,1.004751443862915,0.1085430383682251,0.9137971997261047,0.1047782301902771,0.3924235701560974,-0.14116069674491883,0.98785400390625,0.06494681537151337,-0.38085222244262698,-0.11474291980266571,0.9174888730049133],"EasingStyle":"Linear","EasingDirection":"In"},"Right Arm":{"Weight":1,"CFrame":[0.24817600846290589,-0.1218951940536499,0.211419939994812,0.7241044044494629,-0.20325669646263123,-0.6590595841407776,0.3964402675628662,0.9046090841293335,0.15658096969127656,0.5643651485443115,-0.3746587932109833,0.7356105446815491],"EasingStyle":"Linear","EasingDirection":"In"},"Left Arm":{"Weight":1,"CFrame":[-0.5444990396499634,-0.09489518404006958,-0.42293018102645876,-0.07225170731544495,0.3053818345069885,-0.9494850635528565,-0.5198339819908142,0.8009189367294312,0.2971557080745697,0.8512064814567566,0.5150445699691773,0.10087992995977402],"EasingStyle":"Linear","EasingDirection":"In"},"Head":{"Weight":1,"CFrame":[9.220093488693237e-8,-7.497146725654602e-8,0.016662240028381349,0.9639517068862915,-0.025984855368733407,0.2648051679134369,0.006639798171818256,0.9972591996192932,0.0736890584230423,-0.26599419116973879,-0.06927439570426941,0.9614822864532471],"EasingStyle":"Linear","EasingDirection":"In"},"Torso":{"Weight":1,"CFrame":[0.17101022601127625,-0.08383166790008545,-0.7829644680023193,0.9927764534950256,0.02246062085032463,0.11785779148340225,0.023134524002671243,0.92805016040802,-0.3717361092567444,-0.1177273690700531,0.3717774450778961,0.9208266735076904],"EasingStyle":"Linear","EasingDirection":"In"},"HumanoidRootPart":{"Weight":1,"CFrame":[0,0,0,1,0,0,0,1,0,0,0,1],"EasingStyle":"Linear","EasingDirection":"In"},"Right Leg":{"Weight":1,"CFrame":[0.4293024241924286,0.9949736595153809,0.1526702642440796,0.9058339595794678,0.055240750312805179,-0.42001569271087649,-0.02040141448378563,0.9959996342658997,0.08699558675289154,0.4231412708759308,-0.07023467123508454,0.9033374786376953],"EasingStyle":"Linear","EasingDirection":"In"}}},{"Time":0.5,"poses":{"Left Leg":{"Weight":1,"CFrame":[-0.35425662994384768,0.9307093620300293,0.17116248607635499,0.9171155691146851,0.0876534953713417,0.38886481523513796,-0.10210975259542465,0.9946342706680298,0.016620755195617677,-0.3853214681148529,-0.054950032383203509,0.921144962310791],"EasingStyle":"Linear","EasingDirection":"In"},"Right Arm":{"Weight":1,"CFrame":[0.29912495613098147,-0.09887629747390747,0.11387789249420166,0.7863166928291321,-0.45620185136795046,-0.41663673520088198,0.4862865209579468,0.8729683756828308,-0.03810177370905876,0.38109278678894045,-0.17264477908611298,0.9082742929458618],"EasingStyle":"Linear","EasingDirection":"In"},"Left Arm":{"Weight":1,"CFrame":[-0.48800894618034365,-0.09116712212562561,-0.3984556198120117,0.075567327439785,0.223079651594162,-0.9718668460845947,-0.4226441979408264,0.889938235282898,0.1714111864566803,0.9031397700309753,0.3978008031845093,0.16153351962566377],"EasingStyle":"Linear","EasingDirection":"In"},"Head":{"Weight":1,"CFrame":[1.0943040251731873e-7,2.9802322387695315e-8,0.0166623592376709,0.9710575342178345,0.03229992464184761,0.23665182292461396,-0.048013173043727878,0.9969862699508667,0.06093704327940941,-0.2339702844619751,-0.07053575664758682,0.9696816802024841],"EasingStyle":"Linear","EasingDirection":"In"},"Torso":{"Weight":1,"CFrame":[0.139414444565773,-0.06085062026977539,-0.7579030990600586,0.9970641136169434,0.02260618470609188,0.07315942645072937,0.00494031049311161,0.934445321559906,-0.3560723066329956,-0.07641293108463288,0.3553883135318756,0.9315901398658752],"EasingStyle":"Linear","EasingDirection":"In"},"HumanoidRootPart":{"Weight":1,"CFrame":[0,0,0,1,0,0,0,1,0,0,0,1],"EasingStyle":"Linear","EasingDirection":"In"},"Right Leg":{"Weight":1,"CFrame":[0.4299919903278351,1.0129040479660035,0.06454598903656006,0.9041776657104492,0.045329466462135318,-0.42474469542503359,0.032659076154232028,0.9841067790985107,0.1745486557483673,0.42590638995170596,-0.1716948002576828,0.8883270025253296],"EasingStyle":"Linear","EasingDirection":"In"}}},{"Time":0.5333333611488342,"poses":{"Left Leg":{"Weight":1,"CFrame":[-0.3986956775188446,0.7717584371566773,0.2303982973098755,0.9198358654975891,0.06312619149684906,0.3871912360191345,-0.05612373352050781,0.9979915618896484,-0.02937784232199192,-0.38826805353164675,0.005292208399623632,0.9215313792228699],"EasingStyle":"Linear","EasingDirection":"In"},"Right Arm":{"Weight":1,"CFrame":[0.3492702543735504,-0.07745882868766785,0.024237990379333497,0.7723546624183655,-0.6330353021621704,-0.052294038236141208,0.6105649471282959,0.7625917792320252,-0.21369236707687379,0.17515377700328828,0.13311737775802613,0.9755003452301025],"EasingStyle":"Linear","EasingDirection":"In"},"Left Arm":{"Weight":1,"CFrame":[-0.4226061701774597,-0.08762434124946594,-0.33015304803848269,0.257271945476532,0.13975629210472108,-0.956179678440094,-0.3205623924732208,0.945799708366394,0.0519876554608345,0.9116199612617493,0.2931402921676636,0.28812822699546816],"EasingStyle":"Linear","EasingDirection":"In"},"Head":{"Weight":1,"CFrame":[8.614733815193176e-8,4.190951585769653e-9,0.016662001609802247,0.9778876900672913,0.07881534844636917,0.19371053576469422,-0.08747833222150803,0.9954950213432312,0.036567870527505878,-0.1899556964635849,-0.052704669535160068,0.9803770184516907],"EasingStyle":"Linear","EasingDirection":"In"},"Torso":{"Weight":1,"CFrame":[0.10684338212013245,-0.0240442156791687,-0.6563572883605957,0.9993459582328796,0.024147160351276399,0.02691834047436714,-0.014125341549515725,0.945908784866333,-0.3241250216960907,-0.033288996666669849,0.3235328197479248,0.945631206035614],"EasingStyle":"Linear","EasingDirection":"In"},"HumanoidRootPart":{"Weight":1,"CFrame":[0,0,0,1,0,0,0,1,0,0,0,1],"EasingStyle":"Linear","EasingDirection":"In"},"Right Leg":{"Weight":1,"CFrame":[0.4353249669075012,0.9134589433670044,0.02956867218017578,0.9097244739532471,0.014101767912507058,-0.4149729311466217,0.08986163884401322,0.9690496921539307,0.22992970049381257,0.40537193417549136,-0.24646295607089997,0.8803009986877441],"EasingStyle":"Linear","EasingDirection":"In"}}},{"Time":0.5666666626930237,"poses":{"Left Leg":{"Weight":1,"CFrame":[-0.4005393385887146,0.5600788593292236,0.2526876926422119,0.9198324680328369,0.060463324189186099,0.3876238167285919,-0.035175248980522159,0.9967833161354065,-0.07201182842254639,-0.39073118567466738,0.052604034543037418,0.9190005660057068],"EasingStyle":"Linear","EasingDirection":"In"},"Right Arm":{"Weight":1,"CFrame":[0.4006914496421814,-0.05838838219642639,-0.03881794214248657,0.6714172959327698,-0.6621701717376709,0.3327607214450836,0.7410423159599304,0.5953900218009949,-0.31043052673339846,0.007435471750795841,0.45501816272735598,0.8904511332511902],"EasingStyle":"Linear","EasingDirection":"In"},"Left Arm":{"Weight":1,"CFrame":[-0.34993135929107668,-0.08245357871055603,-0.23812425136566163,0.46181362867355349,0.051605768501758578,-0.8854745030403137,-0.2075311243534088,0.9768822193145752,-0.05130377411842346,0.8623566031455994,0.2074563354253769,0.46184733510017397],"EasingStyle":"Linear","EasingDirection":"In"},"Head":{"Weight":1,"CFrame":[9.778887033462525e-8,3.7602148950099948e-8,0.016662120819091798,0.9827355146408081,0.11710304021835327,0.14324060082435609,-0.1196061372756958,0.9927809834480286,0.008961057290434838,-0.14115723967552186,-0.025938784703612329,0.9896473288536072],"EasingStyle":"Linear","EasingDirection":"In"},"Torso":{"Weight":1,"CFrame":[0.07492534071207047,0.017649948596954347,-0.5088224411010742,0.9994673728942871,0.026719672605395318,-0.018736258149147035,-0.030970614403486253,0.9575803875923157,-0.2864975333213806,0.010286354459822178,0.28692522644996645,0.9578977823257446],"EasingStyle":"Linear","EasingDirection":"In"},"HumanoidRootPart":{"Weight":1,"CFrame":[0,0,0,1,0,0,0,1,0,0,0,1],"EasingStyle":"Linear","EasingDirection":"In"},"Right Leg":{"Weight":1,"CFrame":[0.38818782567977908,0.7405530214309692,0.016789555549621583,0.9151344895362854,-0.05104738473892212,-0.39990368485450747,0.16950692236423493,0.9487301707267761,0.2667929530143738,0.36578160524368288,-0.3119378983974457,0.8768686652183533],"EasingStyle":"Linear","EasingDirection":"In"}}},{"Time":0.6000000238418579,"poses":{"Left Leg":{"Weight":1,"CFrame":[-0.33854517340660097,0.35853129625320437,0.23003697395324708,0.9170092940330505,0.09079556912183762,0.38839420676231387,-0.05094081163406372,0.9924321174621582,-0.11173001676797867,-0.3955995738506317,0.08267238736152649,0.9146947264671326],"EasingStyle":"Linear","EasingDirection":"In"},"Right Arm":{"Weight":1,"CFrame":[0.4522882401943207,-0.040918171405792239,-0.052594661712646487,0.5285225510597229,-0.5694736838340759,0.6295743584632874,0.844360888004303,0.4293920695781708,-0.32043302059173586,-0.08785608410835266,0.7009438276290894,0.7077845335006714],"EasingStyle":"Linear","EasingDirection":"In"},"Left Arm":{"Weight":1,"CFrame":[-0.2710328996181488,-0.07424652576446533,-0.14223474264144898,0.6648992896080017,-0.02790464274585247,-0.7464116811752319,-0.09565164148807526,0.987893283367157,-0.12213849276304245,0.7407832145690918,0.15260529518127442,0.6541803479194641],"EasingStyle":"Linear","EasingDirection":"In"},"Head":{"Weight":1,"CFrame":[9.406358003616333e-8,-1.0791700333356857e-7,0.01666271686553955,0.984538197517395,0.15043018758296967,0.08975175023078919,-0.15004827082157136,0.9886172413825989,-0.011025995016098023,-0.090388722717762,-0.0026116548106074335,0.9959031343460083],"EasingStyle":"Linear","EasingDirection":"In"},"Torso":{"Weight":1,"CFrame":[0.0452059805393219,0.054656028747558597,-0.370969295501709,0.9976754784584045,0.028765438124537469,-0.06177567318081856,-0.04361703246831894,0.9660703539848328,-0.2545696198940277,0.052356842905282977,0.25667232275009158,0.9650793075561523],"EasingStyle":"Linear","EasingDirection":"In"},"HumanoidRootPart":{"Weight":1,"CFrame":[0,0,0,1,0,0,0,1,0,0,0,1],"EasingStyle":"Linear","EasingDirection":"In"},"Right Leg":{"Weight":1,"CFrame":[0.2691858410835266,0.5559933185577393,-0.0028679370880126955,0.9102916121482849,-0.14462794363498689,-0.38788118958473208,0.272854745388031,0.9142665266990662,0.2994447946548462,0.31131863594055178,-0.37841731309890749,0.8717116117477417],"EasingStyle":"Linear","EasingDirection":"In"}}},{"Time":0.6333333253860474,"poses":{"Left Leg":{"Weight":1,"CFrame":[-0.29502588510513308,0.2657591700553894,0.21738505363464356,0.9155469536781311,0.13605648279190064,0.37850016355514529,-0.07623241096735,0.9826905727386475,-0.16884294152259828,-0.3949207663536072,0.12572968006134034,0.9100713133811951],"EasingStyle":"Linear","EasingDirection":"In"},"Right Arm":{"Weight":1,"CFrame":[0.5007418394088745,-0.024679899215698243,-0.035663723945617679,0.39444491267204287,-0.4338160455226898,0.8100721836090088,0.9105178713798523,0.3034483790397644,-0.28084954619407656,-0.12397806346416474,0.8483647704124451,0.5146908760070801],"EasingStyle":"Linear","EasingDirection":"In"},"Left Arm":{"Weight":1,"CFrame":[-0.18707463145256043,-0.06138956546783447,-0.06271731853485108,0.8361791372299194,-0.09143012017011643,