{"Sequence":[{"Time":0,"poses":{"Left Leg":{"Weight":1,"CFrame":[-0.6977895498275757,0.8645735383033752,0.25575315952301028,0.8438161611557007,-0.32851555943489077,0.42432504892349245,0.2214856743812561,0.9334319233894348,0.2822214961051941,-0.4887927770614624,-0.14416107535362245,0.8604064583778381],"EasingStyle":"Linear","EasingDirection":"In"},"Right Arm":{"Weight":1,"CFrame":[0.13944774866104127,0.22422575950622559,0.7814781665802002,0.9529755115509033,0.088929183781147,-0.289705753326416,0.29998737573623659,-0.41233980655670168,0.8602230548858643,-0.04295830801129341,-0.9066793918609619,-0.41962730884552],"EasingStyle":"Linear","EasingDirection":"In"},"Head":{"Weight":1,"CFrame":[1.341104507446289e-7,-2.9802322387695315e-8,0.016662001609802247,0.9442594647407532,0.27449679374694826,0.1817295402288437,-0.30450743436813357,0.9380565285682678,0.1653037667274475,-0.12509727478027345,-0.21142765879631043,0.9693549275398254],"EasingStyle":"Linear","EasingDirection":"In"},"Right Leg":{"Weight":1,"CFrame":[0.8401090502738953,0.5225061178207398,-0.15524530410766602,0.9510467648506165,0.29304540157318118,0.09815534949302674,-0.3017500340938568,0.8119009733200073,0.4997638463973999,0.06676114350557327,-0.5049171447753906,0.8605821132659912],"EasingStyle":"Linear","EasingDirection":"In"},"Torso":{"Weight":1,"CFrame":[0.419895201921463,-0.10924032330513,-0.7582132816314697,0.9622505307197571,-0.24403589963912965,0.12050080299377442,0.259243369102478,0.9566376805305481,-0.13280534744262696,-0.08286633342504502,0.15903104841709138,0.9837897419929504],"EasingStyle":"Linear","EasingDirection":"In"},"HumanoidRootPart":{"Weight":0,"CFrame":[0,0,0,1,0,0,0,1,0,0,0,1],"EasingStyle":"Linear","EasingDirection":"In"},"Left Arm":{"Weight":1,"CFrame":[-0.17429690062999726,-1.178662657737732,0.3496772050857544,0.04621881991624832,0.8393294215202332,0.541654646396637,-0.22796721756458283,-0.5190632343292236,0.8237746357917786,0.9725713133811951,-0.16155345737934113,0.16734912991523744],"EasingStyle":"Linear","EasingDirection":"In"}}},{"Time":0.03333333507180214,"poses":{"Left Leg":{"Weight":1,"CFrame":[-0.6235436201095581,0.7636998891830444,0.26558637619018557,0.8523726463317871,-0.27964335680007937,0.44188281893730166,0.16621221601963044,0.9460636377334595,0.27809563279151919,-0.4958168864250183,-0.16359476745128632,0.8528789281845093],"EasingStyle":"Linear","EasingDirection":"In"},"Right Arm":{"Weight":1,"CFrame":[0.36563634872436526,0.19041693210601808,0.7278236150741577,0.7968012094497681,-0.1306414157152176,-0.5899496674537659,0.4183056652545929,-0.5852962732315064,0.6945853233337402,-0.43603697419166567,-0.8002256155014038,-0.4117167294025421],"EasingStyle":"Linear","EasingDirection":"In"},"Head":{"Weight":1,"CFrame":[7.450580596923828e-8,-6.705522537231445e-8,0.016662240028381349,0.948932409286499,0.2582165002822876,0.18125049769878388,-0.28985080122947695,0.9404218792915344,0.17774485051631928,-0.12455539405345917,-0.22120346128940583,0.9672409296035767],"EasingStyle":"Linear","EasingDirection":"In"},"Right Leg":{"Weight":1,"CFrame":[0.7553120851516724,0.4736229181289673,-0.1627190113067627,0.9716996550559998,0.20645011961460114,0.11479661613702774,-0.23622019588947297,0.8492199778556824,0.4722558259963989,0.000009749088349053637,-0.48600810766220095,0.8739544153213501],"EasingStyle":"Linear","EasingDirection":"In"},"Torso":{"Weight":1,"CFrame":[0.3709767758846283,-0.11957529187202454,-0.631847620010376,0.9670199155807495,-0.22640013694763184,0.11668609082698822,0.24213185906410218,0.959291398525238,-0.1453697830438614,-0.07902420312166214,0.16882887482643128,0.9824724793434143],"EasingStyle":"Linear","EasingDirection":"In"},"HumanoidRootPart":{"Weight":0,"CFrame":[0,0,0,1,0,0,0,1,0,0,0,1],"EasingStyle":"Linear","EasingDirection":"In"},"Left Arm":{"Weight":1,"CFrame":[-0.4060034155845642,-1.1822497844696046,0.19637298583984376,-0.10193557292222977,0.9030391573905945,0.417288213968277,-0.09505848586559296,-0.42639610171318056,0.8995278477668762,0.9902389049530029,0.052027154713869098,0.12930640578269959],"EasingStyle":"Linear","EasingDirection":"In"}}},{"Time":0.06666667014360428,"poses":{"Left Leg":{"Weight":1,"CFrame":[-0.5326045751571655,0.5092161893844605,0.26818203926086428,0.8701558113098145,-0.25578996539115908,0.42118901014328005,0.1649273782968521,0.9566054940223694,0.24021880328655244,-0.4643574059009552,-0.13956218957901,0.8745825886726379],"EasingStyle":"Linear","EasingDirection":"In"},"Right Arm":{"Weight":1,"CFrame":[0.6352802515029907,0.1016695499420166,0.5825883150100708,0.29025423526763918,-0.4502614140510559,-0.8444032669067383,0.2996879816055298,-0.7952343821525574,0.5270575284957886,-0.9088122844696045,-0.4060382544994354,-0.09588208794593811],"EasingStyle":"Linear","EasingDirection":"In"},"Head":{"Weight":1,"CFrame":[7.078051567077637e-8,9.685754776000977e-8,0.016662120819091798,0.9581736922264099,0.23102903366088868,0.16890481114387513,-0.258224219083786,0.9523689150810242,0.16221489012241364,-0.12338335067033768,-0.19904546439647675,0.972192108631134],"EasingStyle":"Linear","EasingDirection":"In"},"Right Leg":{"Weight":1,"CFrame":[0.5681312084197998,0.34619033336639407,-0.07638174295425415,0.9921402335166931,0.0922192633152008,0.08457762748003006,-0.11640313267707825,0.928199291229248,0.35340696573257449,-0.04591389000415802,-0.3604743480682373,0.9316384792327881],"EasingStyle":"Linear","EasingDirection":"In"},"Torso":{"Weight":1,"CFrame":[0.31465891003608706,-0.10698986053466797,-0.39082908630371096,0.9737906455993652,-0.19967983663082124,0.1089024618268013,0.21310672163963319,0.9683323502540588,-0.13006941974163056,-0.07948151230812073,0.1498682200908661,0.9855061769485474],"EasingStyle":"Linear","EasingDirection":"In"},"HumanoidRootPart":{"Weight":0,"CFrame":[0,0,0,1,0,0,0,1,0,0,0,1],"EasingStyle":"Linear","EasingDirection":"In"},"Left Arm":{"Weight":1,"CFrame":[-0.6007711887359619,-1.1840665340423585,-0.013495564460754395,-0.39143234491348269,0.8799096941947937,0.26933157444000246,0.02338794805109501,-0.2830785810947418,0.9588116407394409,0.9199097156524658,0.38160908222198489,0.09022671729326248],"EasingStyle":"Linear","EasingDirection":"In"}}},{"Time":0.10000000149011612,"poses":{"Left Leg":{"Weight":1,"CFrame":[-0.45419514179229739,0.25156891345977785,0.22012758255004884,0.8902441263198853,-0.2887994647026062,0.3522219657897949,0.24529117345809937,0.9555589556694031,0.16352184116840363,-0.3837939202785492,-0.05917742848396301,0.9215207099914551],"EasingStyle":"Linear","EasingDirection":"In"},"Right Arm":{"Weight":1,"CFrame":[0.8313330411911011,-0.02858501672744751,0.31542038917541506,-0.29158735275268557,-0.5930893421173096,-0.7504811882972717,0.023590145632624627,-0.7887955904006958,0.6142027974128723,-0.9562533497810364,0.1613897979259491,0.243993878364563],"EasingStyle":"Linear","EasingDirection":"In"},"Head":{"Weight":1,"CFrame":[1.2665987014770509e-7,-1.4901161193847657e-8,0.016662120819091798,0.9692460894584656,0.1920526623725891,0.15387634932994843,-0.21142302453517915,0.9698425531387329,0.12126706540584564,-0.12594617903232575,-0.15007063746452332,0.9806204438209534],"EasingStyle":"Linear","EasingDirection":"In"},"Right Leg":{"Weight":1,"CFrame":[0.38101649284362795,0.20815634727478028,0.015996336936950685,0.997256338596344,0.051243219524621966,-0.05342225357890129,-0.04131024330854416,0.9840908646583557,0.17279629409313203,0.06142707169055939,-0.1701153814792633,0.9835077524185181],"EasingStyle":"Linear","EasingDirection":"In"},"Torso":{"Weight":1,"CFrame":[0.2554782032966614,-0.07481592893600464,-0.21196651458740235,0.982124388217926,-0.16381220519542695,0.09272158890962601,0.17218764126300813,0.9808560609817505,-0.09095503389835358,-0.07604697346687317,0.10529465973377228,0.9915291666984558],"EasingStyle":"Linear","EasingDirection":"In"},"HumanoidRootPart":{"Weight":0,"CFrame":[0,0,0,1,0,0,0,1,0,0,0,1],"EasingStyle":"Linear","EasingDirection":"In"},"Left Arm":{"Weight":1,"CFrame":[-0.6013343930244446,-1.1773425340652466,-0.1795436143875122,-0.6938548684120178,0.7073205709457398,0.13513974845409394,0.0821266770362854,-0.10871407389640808,0.9906748533248901,0.715416431427002,0.6984831690788269,0.01734163425862789],"EasingStyle":"Linear","EasingDirection":"In"}}},{"Time":0.13333334028720857,"poses":{"Left Leg":{"Weight":1,"CFrame":[-0.3165699243545532,0.058078110218048099,0.1382828950881958,0.9051864743232727,-0.3080827593803406,0.2927842438220978,0.30498987436294558,0.9506257176399231,0.057375576347112659,-0.29600465297698977,0.037360627204179767,0.9544556140899658],"EasingStyle":"Linear","EasingDirection":"In"},"Right Arm":{"Weight":1,"CFrame":[0.941814124584198,-0.19401484727859498,-0.019978225231170656,-0.6511744856834412,-0.5499692559242249,-0.5229775905609131,-0.12717075645923615,-0.6002852916717529,0.7896108627319336,-0.7481974959373474,0.5806819200515747,0.32095038890838625],"EasingStyle":"Linear","EasingDirection":"In"},"Head":{"Weight":1,"CFrame":[6.146728992462158e-8,1.4901161193847657e-8,0.01666247844696045,0.9787231683731079,0.14159151911735536,0.1485021859407425,-0.1532352864742279,0.9857012629508972,0.07008634507656098,-0.13645526766777039,-0.09135086089372635,0.9864253401756287],"EasingStyle":"Linear","EasingDirection":"In"},"Right Leg":{"Weight":1,"CFrame":[0.23385468125343324,0.09192675352096558,0.04616749286651611,0.9756779670715332,0.06523026525974274,-0.20927870273590089,-0.05903008207678795,0.9976161122322083,0.035744037479162219,0.21111147105693818,-0.022520966827869417,0.9772025346755981],"EasingStyle":"Linear","EasingDirection":"In"},"Torso":{"Weight":1,"CFrame":[0.1952500194311142,-0.03625413030385971,-0.11363339424133301,0.9910617470741272,-0.1175217553973198,0.06313055753707886,0.12041038274765015,0.9917454123497009,-0.044074781239032748,-0.05742970108985901,0.051282402127981189,0.997031569480896],"EasingStyle":"Linear","EasingDirection":"In"},"HumanoidRootPart":{"Weight":0,"CFrame":[0,0,0,1,0,0,0,1,0,0,0,1],"EasingStyle":"Linear","EasingDirection":"In"},"Left Arm":{"Weight":1,"CFrame":[-0.6005277633666992,-1.170546054840088,-0.2820155620574951,-0.8790102601051331,0.47295403480529787,0.06046180799603462,0.08345296233892441,0.027758417651057245,0.9961251020431519,0.4694429337978363,0.8806498646736145,-0.0638694241642952],"EasingStyle":"Linear","EasingDirection":"In"}}},{"Time":0.1666666716337204,"poses":{"Left Leg":{"Weight":1,"CFrame":[-0.10060156881809235,-0.0187227725982666,0.06396067142486572,0.9132013320922852,-0.27223649621009829,0.30323362350463869,0.2898837924003601,0.9569615125656128,-0.013858809135854245,-0.2864100933074951,0.10055845230817795,0.9528154730796814],"EasingStyle":"Linear","EasingDirection":"In"},"Right Arm":{"Weight":1,"CFrame":[0.9778852462768555,-0.393177330493927,-0.34080076217651369,-0.81398606300354,-0.4492500126361847,-0.3682405650615692,-0.1781039535999298,-0.41037946939468386,0.8943532109260559,-0.5529066920280457,0.793576180934906,0.2540299594402313],"EasingStyle":"Linear","EasingDirection":"In"},"Head":{"Weight":1,"CFrame":[9.994255378842354e-8,-4.656612873077393e-10,0.016661524772644044,0.9837072491645813,0.08167878538370133,0.16015177965164185,-0.08694333583116532,0.9958704113960266,0.02613373100757599,-0.15735585987567902,-0.03963204100728035,0.9867464303970337],"EasingStyle":"Linear","EasingDirection":"In"},"Right Leg":{"Weight":1,"CFrame":[0.19999004900455476,0.0600130558013916,0.03775835037231445,0.9640206694602966,0.09722251445055008,-0.24741071462631226,-0.0962899699807167,0.9952264428138733,0.015896426513791086,0.24777528643608094,0.008498613722622395,0.9687802791595459],"EasingStyle":"Linear","EasingDirection":"In"},"Torso":{"Weight":1,"CFrame":[0.12891043722629548,-0.003995625302195549,-0.0730588436126709,0.9980646967887878,-0.05962695926427841,0.0176487248390913,0.05972112715244293,0.9982033967971802,-0.004857555963099003,-0.01732737571001053,0.0059021576307713989,0.9998324513435364],"EasingStyle":"Linear","EasingDirection":"In"},"HumanoidRootPart":{"Weight":0,"CFrame":[0,0,0,1,0,0,0,1,0,0,0,1],"EasingStyle":"Linear","EasingDirection":"In"},"Left Arm":{"Weight":1,"CFrame":[-0.6002801656723023,-1.1670737266540528,-0.3171786665916443,-0.9361426830291748,0.3472099006175995,0.05551697313785553,0.08729740232229233,0.07655711472034455,0.993236243724823,0.3406112790107727,0.9346573948860169,-0.10197889059782028],"EasingStyle":"Linear","EasingDirection":"In"}}},{"Time":0.20000000298023225,"poses":{"Left Leg":{"Weight":1,"CFrame":[0.16909214854240418,-0.00953984260559082,-0.01946282386779785,0.9125632643699646,-0.17928624153137208,0.36753883957862856,0.20797030627727509,0.9773321747779846,-0.03962529078125954,-0.3521033823490143,0.1125977486371994,0.9291636347770691],"EasingStyle":"Linear","EasingDirection":"In"},"Right Arm":{"Weight":1,"CFrame":[0.9066262245178223,-0.618681788444519,-0.5130802392959595,-0.8556472659111023,-0.40028807520866396,-0.32808127999305727,-0.22128890454769135,-0.29008933901786806,0.9310636520385742,-0.46786653995513918,0.8692626953125,0.1596347689628601],"EasingStyle":"Linear","EasingDirection":"In"},"Head":{"Weight":1,"CFrame":[8.205824997276068e-8,-1.5861587598919869e-9,0.016661763191223146,0.9837681651115418,0.014242934994399548,0.17887799441814423,-0.015866847708821298,0.9998449683189392,0.007650784682482481,-0.17874124646186829,-0.010364823043346405,0.9838415384292603],"EasingStyle":"Linear","EasingDirection":"In"},"Right Leg":{"Weight":1,"CFrame":[0.27436575293540957,0.09281396865844727,0.027678608894348146,0.9764901995658875,0.11753012239933014,-0.18070314824581147,-0.10925646871328354,0.9924846291542053,0.05511249601840973,0.18582256138324738,-0.034073878079652789,0.9819923639297485],"EasingStyle":"Linear","EasingDirection":"In"},"Torso":{"Weight":1,"CFrame":[0.05997671186923981,0.010246621444821358,-0.06613588333129883,0.9994118809700012,0.009150361642241478,-0.03304843604564667,-0.008742759935557843,0.9998841881752014,0.012456994503736496,0.033158596605062488,-0.012160733342170716,0.999376118183136],"EasingStyle":"Linear","EasingDirection":"In"},"HumanoidRootPart":{"Weight":0,"CFrame":[0,0,0,1,0,0,0,1,0,0,0,1],"EasingStyle":"Linear","EasingDirection":"In"},"Left Arm":{"Weight":1,"CFrame":[-0.7222933173179627,-1.155787706375122,-0.2991058826446533,-0.9028270840644836,0.40525054931640627,0.14378944039344788,0.17346176505088807,0.037255071103572848,0.9841357469558716,0.3934646546840668,0.9134463667869568,-0.10393036156892777],"EasingStyle":"Linear","EasingDirection":"In"}}},{"Time":0.23333333432674409,"poses":{"Left Leg":{"Weight":1,"CFrame":[0.21270671486854554,-0.03791224956512451,-0.02845853567123413,0.8817530870437622,-0.1796918362379074,0.43614476919174197,0.23131988942623139,0.970511794090271,-0.06780776381492615,-0.41109922528266909,0.1606786996126175,0.8973181247711182],"EasingStyle":"Linear","EasingDirection":"In"},"Right Arm":{"Weight":1,"CFrame":[0.7649372220039368,-0.8478416204452515,-0.3995835781097412,-0.7972109317779541,-0.5140438675880432,-0.3165653347969055,-0.2260473519563675,-0.23205500841140748,0.9460724592208862,-0.5597832798957825,0.8257781267166138,0.06879834085702896],"EasingStyle":"Linear","EasingDirection":"In"},"Head":{"Weight":1,"CFrame":[8.12578946352005e-8,3.725290298461914e-9,0.016662240028381349,0.9797924160957336,-0.06009059399366379,0.19077707827091218,0.05853354558348656,0.99819016456604,0.013791901059448719,-0.19126062095165254,-0.002346373163163662,0.9815365076065064],"EasingStyle":"Linear","EasingDirection":"In"},"Right Leg":{"Weight":1,"CFrame":[0.3497186005115509,0.13485991954803468,0.01107645034790039,0.98829185962677,0.10884376615285874,-0.10692161321640015,-0.10044725239276886,0.9916383028030396,0.08101709932088852,0.11484582722187042,-0.06932861357927323,0.9909611344337463],"EasingStyle":"Linear","EasingDirection":"In"},"Torso":{"Weight":1,"CFrame":[-0.008049964904785157,0.008386950939893723,-0.07165026664733887,0.993294894695282,0.08505072444677353,-0.0783049687743187,-0.08451026678085327,0.9963704347610474,0.01019616611301899,0.0788879469037056,-0.0035102248657494785,0.9968773126602173],"EasingStyle":"Linear","EasingDirection":"In"},"HumanoidRootPart":{"Weight":0,"CFrame":[0,0,0,1,0,0,0,1,0,0,0,1],"EasingStyle":"Linear","EasingDirection":"In"},"Left Arm":{"Weight":1,"CFrame":[-0.840722918510437,-1.074432373046875,-0.1713193655014038,-0.7252968549728394,0.5921615958213806,0.3511252999305725,0.36481377482414248,-0.101935975253582,0.925483763217926,0.5838282704353333,0.7993457913398743,-0.1420951932668686],"EasingStyle":"Linear","EasingDirection":"In"}}},{"Time":0.2666666805744171,"poses":{"Left Leg":{"Weight":1,"CFrame":[-0.008443277329206467,-0.1070936918258667,0.10053622722625733,0.8504636287689209,-0.25571829080581667,0.459695428609848,0.3236045241355896,0.9432981610298157,-0.07395180314779282,-0.41471904516220095,0.21165286004543305,0.884992241859436],"EasingStyle":"Linear","EasingDirection":"In"},"Right Arm":{"Weight":1,"CFrame":[0.5811306834220886,-1.0557211637496949,-0.160444974899292,-0.6629400253295898,-0.6781001687049866,-0.31731799244880679,-0.18155324459075929,-0.2655809223651886,0.9468396902084351,-0.7263258099555969,0.6853079199790955,0.0529528371989727],"EasingStyle":"Linear","EasingDirection":"In"},"Head":{"Weight":1,"CFrame":[1.0023359209299088e-7,2.7939677238464357e-9,0.016662120819091798,0.9720155596733093,-0.13741303980350495,0.19053463637828828,0.13351412117481233,0.990490198135376,0.03321389481425285,-0.1932867169380188,-0.0068453894928097729,0.9811184406280518],"EasingStyle":"Linear","EasingDirection":"In"},"Right Leg":{"Weight":1,"CFrame":[0.4127066135406494,0.1958649754524231,0.015504121780395508,0.9837048649787903,0.14709685742855073,-0.10337936878204346,-0.1331467181444168,0.9824132919311523,0.13090501725673676,0.12081697583198548,-0.11500731855630875,0.9859901666641235],"EasingStyle":"Linear","EasingDirection":"In"},"Torso":{"Weight":1,"CFrame":[-0.07820230722427368,-0.0014400631189346314,-0.09879159927368164,0.980053186416626,0.16179262101650239,-0.11540831625461579,-0.16308140754699708,0.9866110682487488,-0.0017506954027339817,0.1135798767209053,0.020536724478006364,0.9933167099952698],"EasingStyle":"Linear","EasingDirection":"In"},"HumanoidRootPart":{"Weight":0,"CFrame":[0,0,0,1,0,0,0,1,0,0,0,1],"EasingStyle":"Linear","EasingDirection":"In"},"Left Arm":{"Weight":1,"CFrame":[-0.8090405464172363,-0.748024046421051,0.19923627376556397,-0.19125576317310334,0.915334939956665,0.35437729954719546,0.2869345247745514,-0.29313182830810549,0.9119991660118103,0.9386638402938843,0.27610811591148379,-0.2065780907869339],"EasingStyle":"Linear","EasingDirection":"In"}}},{"Time":0.30000001192092898,"poses":{"Left Leg":{"Weight":1,"CFrame":[-0.2729668617248535,-0.05126500129699707,0.23741602897644044,0.864158570766449,-0.2809180021286011,0.41751059889793398,0.31865397095680239,0.9476168751716614,-0.021951308473944665,-0.3894736170768738,0.15201084315776826,0.9084068536758423],"EasingStyle":"Linear","EasingDirection":"In"},"Right Arm":{"Weight":1,"CFrame":[0.3686091899871826,-1.2150709629058838,0.07531726360321045,-0.5490620136260986,-0.7365906834602356,-0.39492395520210268,-0.049564607441425326,-0.44299226999282839,0.8951543569564819,-0.8343106508255005,0.5110694766044617,0.20672133564949037],"EasingStyle":"Linear","EasingDirection":"In"},"Head":{"Weight":1,"CFrame":[8.847564458847046e-8,2.9802322387695315e-8,0.016662955284118654,0.9613024592399597,-0.2129785418510437,0.1747502088546753,0.20416270196437837,0.9766294956207275,0.06717567145824433,-0.18497322499752046,-0.028898727148771287,0.982318639755249],"EasingStyle":"Linear","EasingDirection":"In"},"Right Leg":{"Weight":1,"CFrame":[0.4340813457965851,0.288904070854187,0.06531345844268799,0.9484380483627319,0.23834481835365296,-0.20894284546375276,-0.18962079286575318,0.9548915028572083,0.22853079438209535,0.25398698449134829,-0.1771274209022522,0.9508504867553711],"EasingStyle":"Linear","EasingDirection":"In"},"Torso":{"Weight":1,"CFrame":[-0.15301662683486939,-0.022415056824684144,-0.1678943634033203,0.9617963433265686,0.23283793032169343,-0.14399392902851106,-0.23905466496944428,0.9706236720085144,-0.027250345796346666,0.133419007062912,0.060631707310676578,0.9892033338546753],"EasingStyle":"Linear","EasingDirection":"In"},"HumanoidRootPart":{"Weight":0,"CFrame":[0,0,0,1,0,0,0,1,0,0,0,1],"EasingStyle":"Linear","EasingDirection":"In"},"Left Arm":{"Weight":1,"CFrame":[-0.65447598695755,-0.408279150724411,0.5102742910385132,0.4440402686595917,0.8276126384735107,0.34334465861320498,0.10589510947465897,-0.428982138633728,0.897084653377533,0.8897272944450378,-0.361983060836792,-0.2781253457069397],"EasingStyle":"Linear","EasingDirection":"In"}}},{"Time":0.3333333432674408,"poses":{"Left Leg":{"Weight":1,"CFrame":[-0.46915221214294436,0.14203137159347535,0.2720162868499756,0.9000064134597778,-0.2599753439426422,0.3498590886592865,0.23348867893218995,0.9653335213661194,0.11668016016483307,-0.3680647015571594,-0.023324720561504365,0.9295076131820679],"EasingStyle":"Linear","EasingDirection":"In"},"Right Arm":{"Weight":1,"CFrame":[0.1740892231464386,-1.2794520854949952,0.2533515691757202,-0.46794524788856509,-0.762397289276123,-0.4469648599624634,0.14912663400173188,-0.5666214823722839,0.8103712201118469,-0.8710846900939941,0.31255489587783816,0.37884142994880679],"EasingStyle":"Linear","EasingDirection":"In"},"Head":{"Weight":1,"CFrame":[1.1548399925231934e-7,-5.21540641784668e-8,0.016662240028381349,0.9492532014846802,-0.2810414731502533,0.1411880999803543,0.26681166887283327,0.9572635293006897,0.11161670833826065,-0.16652314364910127,-0.06828194856643677,0.9836705327033997],"EasingStyle":"Linear","EasingDirection":"In"},"Right Leg":{"Weight":1,"CFrame":[0.39607900381088259,0.4214358329772949,0.11863839626312256,0.8793204426765442,0.3141704201698303,-0.3579002022743225,-0.18728871643543244,0.9191038608551025,0.3466568887233734,0.4378567934036255,-0.23779185116291047,0.8670273423194885],"EasingStyle":"Linear","EasingDirection":"In"},"Torso":{"Weight":1,"CFrame":[-0.22522908449172975,-0.05564083158969879,-0.29998326301574709,0.9420563578605652,0.2928626835346222,-0.1635890007019043,-0.3068743646144867,0.949343204498291,-0.06764347851276398,0.13549184799194337,0.11392522603273392,0.9842067956924439],"EasingStyle":"Linear","EasingDirection":"In"},"HumanoidRootPart":{"Weight":0,"CFrame":[0,0,0,1,0,0,0,1,0,0,0,1],"EasingStyle":"Linear","EasingDirection":"In"},"Left Arm":{"Weight":1,"CFrame":[-0.43637675046920779,-0.1719897985458374,0.6875871419906616,0.8337368369102478,0.4331846833229065,0.34239456057548525,-0.08937760442495346,-0.5060443878173828,0.8578641414642334,0.5448802709579468,-0.7458351850509644,-0.3831908404827118],"EasingStyle":"Linear","EasingDirection":"In"}}},{"Time":0.36666667461395266,"poses":{"Left Leg":{"Weight":1,"CFrame":[-0.6316896080970764,0.40279024839401247,0.19034850597381593,0.9140636324882507,-0.2708347737789154,0.3018878400325775,0.16913190484046937,0.9310895800590515,0.32321301102638247,-0.36862191557884219,-0.24437835812568665,0.8968819379806519],"EasingStyle":"Linear","EasingDirection":"In"},"Right Arm":{"Weight":1,"CFrame":[0.04528595507144928,-1.2542328834533692,0.34824812412261965,-0.32014235854148867,-0.8476628661155701,-0.42305609583854678,0.3815343379974365,-0.5241052508354187,0.7614101767539978,-0.8671450018882752,0.08234909921884537,0.4912007451057434],"EasingStyle":"Linear","EasingDirection":"In"},"Head":{"Weight":1,"CFrame":[9.685754776000977e-8,-2.9802322387695315e-8,0.016662001609802247,0.9371087551116943,-0.3351329267024994,0.09753475338220597,0.31863391399383547,0.9354674816131592,0.15288308262825013,-0.14247669279575349,-0.11219014227390289,0.9834194779396057],"EasingStyle":"Linear","EasingDirection":"In"},"Right Leg":{"Weight":1,"CFrame":[0.38606688380241396,0.6194971799850464,0.10604166984558106,0.7936703562736511,0.3847208619117737,-0.47125083208084109,-0.1486295461654663,0.8737921118736267,0.4630299508571625,0.589912474155426,-0.2974514067173004,0.7506837248802185],"EasingStyle":"Linear","EasingDirection":"In"},"Torso":{"Weight":1,"CFrame":[-0.2879486680030823,-0.09246362745761872,-0.5449519157409668,0.924168586730957,0.3384362459182739,-0.1771254986524582,-0.3606199026107788,0.9259143471717835,-0.11240958422422409,0.125959575176239,0.16776037216186524,0.9777477383613586],"EasingStyle":"Linear","EasingDirection":"In"},"HumanoidRootPart":{"Weight":0,"CFrame":[0,0,0,1,0,0,0,1,0,0,0,1],"EasingStyle":"Linear","EasingDirection":"In"},"Left Arm":{"Weight":1,"CFrame":[-0.31382888555526736,-0.035279691219329837,0.7832666635513306,0.9209014773368836,0.14069868624210359,0.36351683735847475,-0.24779345095157624,-0.5085847973823547,0.8245848417282105,0.3008970022201538,-0.8494383096694946,-0.4334920048713684],"EasingStyle":"Linear","EasingDirection":"In"}}},{"Time":0.4000000059604645,"poses":{"Left Leg":{"Weight":1,"CFrame":[-0.68153977394104,0.5330480337142944,0.10623157024383545,0.9080743193626404,-0.2863750159740448,0.3055984675884247,0.12751607596874238,0.8840951919555664,0.4495723843574524,-0.39892446994781496,-0.36927637457847597,0.8393415212631226],"EasingStyle":"Linear","EasingDirection":"In"},"Right Arm":{"Weight":1,"CFrame":[-0.00041878223419189453,-1.178098440170288,0.3809558153152466,-0.13351957499980927,-0.9166130423545837,-0.3768196403980255,0.5679656863212586,-0.382361501455307,0.7288448214530945,-0.8121499419212341,-0.1167055144906044,0.5716574788093567],"EasingStyle":"Linear","EasingDirection":"In"},"Head":{"Weight":1,"CFrame":[7.450580596923828e-8,-1.4901161193847657e-8,0.016662001609802247,0.9272061586380005,-0.370445191860199,0.05530781298875809,0.35567834973335268,0.9171159863471985,0.1799761801958084,-0.11739499121904373,-0.1472032219171524,0.982114851474762],"EasingStyle":"Linear","EasingDirection":"In"},"Right Leg":{"Weight":1,"CFrame":[0.3860587477684021,0.7391645908355713,0.05156850814819336,0.7633521556854248,0.40007251501083376,-0.5071839690208435,-0.10654738545417786,0.852358877658844,0.5119883418083191,0.6371351480484009,-0.3367882966995239,0.6932766437530518],"EasingStyle":"Linear","EasingDirection":"In"},"Torso":{"Weight":1,"CFrame":[-0.3341216444969177,-0.12181061506271362,-0.707087516784668,0.9111378788948059,0.3670593798160553,-0.18733744323253632,-0.39560070633888247,0.9064052104949951,-0.14808718860149384,0.11544682830572128,0.20903868973255158,0.9710689187049866],"EasingStyle":"Linear","EasingDirection":"In"},"HumanoidRootPart":{"Weight":0,"CFrame":[0,0,0,1,0,0,0,1,0,0,0,1],"EasingStyle":"Linear","EasingDirection":"In"},"Left Arm":{"Weight":1,"CFrame":[-0.3008151054382324,0.01612013578414917,0.8344321250915527,0.8997410535812378,0.09634513407945633,0.425656795501709,-0.3300803005695343,-0.48782414197921755,0.8081305027008057,0.2855049669742584,-0.8676090240478516,-0.4071134030818939],"EasingStyle":"Linear","EasingDirection":"In"}}},{"Time":0.4333333373069763,"poses":{"Left Leg":{"Weight":1,"CFrame":[-0.6012347340583801,0.4394301176071167,0.17151641845703126,0.9159074425697327,-0.23481124639511109,0.3255414068698883,0.08934982120990753,0.9099572896957398,0.4049621820449829,-0.3913184106349945,-0.3418208658695221,0.854417085647583],"EasingStyle":"Linear","EasingDirection":"In"},"Right Arm":{"Weight":1,"CFrame":[0.1258334517478943,-1.0539557933807374,0.38425564765930178,-0.0009233058663085103,-0.9435054063796997,-0.3313557207584381,0.6353598237037659,-0.2564317584037781,0.7283958792686462,-0.772215723991394,-0.2098577469587326,0.5997022390365601],"EasingStyle":"Linear","EasingDirection":"In"},"Head":{"Weight":1,"CFrame":[8.172355592250824e-8,-2.9802322387695315e-8,0.016662001609802247,0.923448383808136,-0.38311731815338137,0.02154511585831642,0.37306901812553408,0.9095321893692017,0.18322332203388215,-0.08979209512472153,-0.16115938127040864,0.9828352332115173],"EasingStyle":"Linear","EasingDirection":"In"},"Right Leg":{"Weight":1,"CFrame":[0.309163898229599,0.6467458009719849,0.0995635986328125,0.7950928211212158,0.32730597257614138,-0.5105860829353333,-0.07530517131090164,0.8886375427246094,0.45238542556762698,0.6017944812774658,-0.3212386965751648,0.7311972379684448],"EasingStyle":"Linear","EasingDirection":"In"},"Torso":{"Weight":1,"CFrame":[-0.35206907987594607,-0.13378524780273438,-0.5799448490142822,0.9062185883522034,0.3770392835140228,-0.19133609533309937,-0.4080987870693207,0.8983330130577087,-0.16264499723911286,0.11055999994277954,0.22547593712806703,0.9679551124572754],"EasingStyle":"Linear","EasingDirection":"In"},"HumanoidRootPart":{"Weight":0,"CFrame":[0,0,0,1,0,0,0,1,0,0,0,1],"EasingStyle":"Linear","EasingDirection":"In"},"Left Arm":{"Weight":1,"CFrame":[-0.2982117235660553,0.0237082839012146,0.8507070541381836,0.8733687400817871,0.11903230845928192,0.4722904860973358,-0.3662180006504059,-0.47880446910858157,0.7978914976119995,0.32110968232154848,-0.8698146343231201,-0.37458091974258425],"EasingStyle":"Linear","EasingDirection":"In"}}},{"Time":0.46666666865348818,"poses":{"Left Leg":{"Weight":1,"CFrame":[-0.4652765095233917,0.26748985052108767,0.22272861003875733,0.9358963966369629,-0.1474306732416153,0.3199409246444702,0.03356634080410004,0.9414013028144836,0.33561432361602785,-0.3506726622581482,-0.30336102843284609,0.886002779006958],"EasingStyle":"Linear","EasingDirection":"In"},"Right Arm":{"Weight":1,"CFrame":[0.40567246079444888,-0.891103208065033,0.3426988124847412,-0.03861108422279358,-0.9328290820121765,-0.35824429988861086,0.5754563212394714,-0.31385162472724917,0.7552132606506348,-0.8169205784797669,-0.17699430882930757,0.5489206314086914],"EasingStyle":"Linear","EasingDirection":"In"},"Head":{"Weight":1,"CFrame":[7.450580596923828e-8,4.470348358154297e-8,0.0166623592376709,0.9242538809776306,-0.3817705810070038,-0.0024693990126252176,0.37728264927864077,0.912360668182373,0.1589215099811554,-0.05841861292719841,-0.14781537652015687,0.987288236618042],"EasingStyle":"Linear","EasingDirection":"In"},"Right Leg":{"Weight":1,"CFrame":[0.17271515727043153,0.4792286157608032,0.11998474597930908,0.8257390260696411,0.24155884981155396,-0.5097101926803589,-0.011509185656905175,0.9106848239898682,0.41294145584106448,0.5639351606369019,-0.3351154625415802,0.7547681331634522],"EasingStyle":"Linear","EasingDirection":"In"},"Torso":{"Weight":1,"CFrame":[-0.3346223831176758,-0.12334373593330383,-0.3753504753112793,0.9067127108573914,0.3780955374240875,-0.18685784935951234,-0.4066891074180603,0.9011763334274292,-0.1499510556459427,0.11169604957103729,0.21195560693740846,0.9708753228187561],"EasingStyle":"Linear","EasingDirection":"In"},"HumanoidRootPart":{"Weight":0,"CFrame":[0,0,0,1,0,0,0,1,0,0,0,1],"EasingStyle":"Linear","EasingDirection":"In"},"Left Arm":{"Weight":1,"CFrame":[-0.30587509274482729,-0.03737157583236694,0.8305554389953613,0.8650356531143189,0.1812831461429596,0.4678138196468353,-0.3298511207103729,-0.4970921277999878,0.8025571703910828,0.37803661823272707,-0.8485492467880249,-0.37020576000213625],"EasingStyle":"Linear","EasingDirection":"In"}}},{"Time":0.5,"poses":{"Left Leg":{"Weight":1,"CFrame":[-0.36390557885169985,0.15156465768814088,0.2315692901611328,0.9478512406349182,-0.09911531955003739,0.3029097020626068,0.005414748098701239,0.955285370349884,0.2956357002258301,-0.31866732239723208,-0.27857857942581179,0.9060051441192627],"EasingStyle":"Linear","EasingDirection":"In"},"Right Arm":{"Weight":1,"CFrame":[0.7009910345077515,-0.710659384727478,0.23326551914215089,-0.21123740077018739,-0.8600534200668335,-0.46442124247550967,0.3980446457862854,-0.509651780128479,0.7627683281898499,-0.8927146196365356,-0.023735208436846734,0.4499972462654114],"EasingStyle":"Linear","EasingDirection":"In"},"Head":{"Weight":1,"CFrame":[1.043081283569336e-7,-4.470348358154297e-8,0.01666259765625,0.9268833994865418,-0.37476006150245669,-0.02103229984641075,0.37454330921173098,0.9197679162025452,0.11723592132329941,-0.02459047921001911,-0.1165415421128273,0.9928814172744751],"EasingStyle":"Linear","EasingDirection":"In"},"Right Leg":{"Weight":1,"CFrame":[0.057399868965148929,0.366865336894989,0.09663677215576172,0.842113196849823,0.19539578258991242,-0.5026586651802063,0.038572002202272418,0.9078473448753357,0.4175228476524353,0.5379195809364319,-0.37099024653434756,0.7569736242294312],"EasingStyle":"Linear","EasingDirection":"In"},"Torso":{"Weight":1,"CFrame":[-0.28937065601348879,-0.09820595383644104,-0.24776649475097657,0.9096705317497253,0.3771067261695862,-0.1740408092737198,-0.399618536233902,0.908873438835144,-0.11939060688018799,0.11315807700157166,0.1781560331583023,0.9774741530418396],"EasingStyle":"Linear","EasingDirection":"In"},"HumanoidRootPart":{"Weight":0,"CFrame":[0,0,0,1,0,0,0,1,0,0,0,1],"EasingStyle":"Linear","EasingDirection":"In"},"Left Arm":{"Weight":1,"CFrame":[-0.3398328125476837,-0.18685892224311829,0.7471892833709717,0.8494543433189392,0.32818883657455447,0.41318222880363467,-0.19918398559093476,-0.5256734490394592,0.8270389437675476,0.4886237680912018,-0.7848309278488159,-0.38116544485092165],"EasingStyle":"Linear","EasingDirection":"In"}}},{"Time":0.5333333611488342,"poses":{"Left Leg":{"Weight":1,"CFrame":[-0.29076266288757326,0.07216060161590576,0.29645419120788576,0.9040222764015198,-0.13678456842899323,0.40501075983047488,0.08520325273275376,0.986070990562439,0.14284463226795197,-0.4189082682132721,-0.09462647140026093,0.9030846357345581],"EasingStyle":"Linear","EasingDirection":"In"},"Right Arm":{"Weight":1,"CFrame":[0.9039905071258545,-0.5339443683624268,0.06655871868133545,-0.4341902434825897,-0.7211956977844238,-0.5397736430168152,0.1760600060224533,-0.6555847525596619,0.7343104481697083,-0.8834487795829773,0.2237977683544159,0.41162216663360598],"EasingStyle":"Linear","EasingDirection":"In"},"Head":{"Weight":1,"CFrame":[8.568167686462403e-8,5.960464477539063e-8,0.016662240028381349,0.9330794215202332,-0.35781049728393557,-0.03653028979897499,0.35955968499183657,0.9304884076118469,0.07005928456783295,0.008923121728003025,-0.07850571721792221,0.9968737959861755],"EasingStyle":"Linear","EasingDirection":"In"},"Right Leg":{"Weight":1,"CFrame":[0.16156089305877686,0.3064720034599304,0.10240328311920166,0.9082908630371094,0.17804011702537538,-0.37856248021125796,-0.041078198701143268,0.9385014176368713,0.3428232669830322,0.4163176417350769,-0.2958325743675232,0.8597457408905029],"EasingStyle":"Linear","EasingDirection":"In"},"Torso":{"Weight":1,"CFrame":[-0.22718259692192079,-0.06753605604171753,-0.1599886417388916,0.9171314239501953,0.3675917685031891,-0.15409821271896363,-0.3826347887516022,0.9202442169189453,-0.08210471272468567,0.11162696778774262,0.13426414132118226,0.9846383929252625],"EasingStyle":"Linear","EasingDirection":"In"},"HumanoidRootPart":{"Weight":0,"CFrame":[0,0,0,1,0,0,0,1,0,0,0,1],"EasingStyle":"Linear","EasingDirection":"In"},"Left Arm":{"Weight":1,"CFrame":[-0.41526249051094057,-0.3734893202781677,0.5666030645370483,0.7586537599563599,0.5548338890075684,0.341473251581192,-0.013506250455975533,-0.5106318593025208,0.8596935272216797,0.6513541340827942,-0.6568214893341065,-0.3798988461494446],"EasingStyle":"Linear","EasingDirection":"In"}}},{"Time":0.5666666626930237,"poses":{"Left Leg":{"Weight":1,"CFrame":[-0.10099868476390839,-0.08430242538452149,0.35532569885253909,0.778174102306366,-0.17037911713123322,0.6044964790344238,0.2624456584453583,0.9626510739326477,-0.06652282178401947,-0.5705850720405579,0.2104138433933258,0.7938253283500671],"EasingStyle":"Linear","EasingDirection":"In"},"Right Arm":{"Weight":1,"CFrame":[1.0146005153656006,-0.38635319471359255,-0.18201971054077149,-0.6571424603462219,-0.5588272213935852,-0.5058417320251465,0.00032400715281255543,-0.6712949275970459,0.7411903738975525,-0.7537663578987122,0.48690372705459597,0.44131746888160708],"EasingStyle":"Linear","EasingDirection":"In"},"Head":{"Weight":1,"CFrame":[7.078051567077637e-8,7.450580596923828e-9,0.016662001609802247,0.9437695145606995,-0.32659077644348147,-0.051358722150325778,0.3283179700374603,0.9441028237342835,0.029618699103593828,0.03881469741463661,-0.04481523111462593,0.9982409477233887],"EasingStyle":"Linear","EasingDirection":"In"},"Right Leg":{"Weight":1,"CFrame":[0.32725435495376589,0.23010718822479249,0.04864013195037842,0.9874598383903503,0.09714654088020325,-0.12444152683019638,-0.0766311064362526,0.9841092228889465,0.1601775735616684,0.13802477717399598,-0.14863276481628419,0.979212760925293],"EasingStyle":"Linear","EasingDirection":"In"},"Torso":{"Weight":1,"CFrame":[-0.15939541161060334,-0.0404425784945488,-0.10554075241088867,0.9304775595664978,0.34295597672462466,-0.12881310284137727,-0.3514043092727661,0.9349319338798523,-0.04916670545935631,0.10356947034597397,0.09101399034261704,0.9904493093490601],"EasingStyle":"Linear","EasingDirection":"In"},"HumanoidRootPart":{"Weight":0,"CFrame":[0,0,0,1,0,0,0,1,0,0,0,1],"EasingStyle":"Linear","EasingDirection":"In"},"Left Arm":{"Weight":1,"CFrame":[-0.5393691062927246,-0.5536624193191528,0.277484655380249,0.5120654702186585,0.8062214255332947,0.29630401730537417,0.13562417030334474,-0.41652509570121767,0.8989512324333191,0.8481716513633728,-0.4201357066631317,-0.32263103127479555],"EasingStyle":"Linear","EasingDirection":"In"}}},{"Time":0.6000000238418579,"poses":{"Left Leg":{"Weight":1,"CFrame":[0.055198006331920627,-0.15701889991760255,0.2775106430053711,0.7227267622947693,-0.15647880733013154,0.6731868982315064,0.3213702440261841,0.9384136199951172,-0.12689048051834107,-0.6118719577789307,0.3080493211746216,0.7285041809082031],"EasingStyle":"Linear","EasingDirection":"In"},"Right Arm":{"Weight":1,"CFrame":[1.0606870651245118,-0.29150810837745669,-0.49453502893447878,-0.8324933052062988,-0.41063010692596438,-0.37193790078163149,-0.08644112944602967,-0.5668373703956604,0.8192822933197022,-0.5472502112388611,0.7141977548599243,0.43639296293258669],"EasingStyle":"Linear","EasingDirection":"In"},"Head":{"Weight":1,"CFrame":[8.568167686462403e-8,-1.1175870895385743e-8,0.016661643981933595,0.9587865471839905,-0.2766436040401459,-0.06478329747915268,0.27762570977211,0.9606673717498779,0.006502654403448105,0.06043627858161926,-0.024220196530222894,0.9978781938552856],"EasingStyle":"Linear","EasingDirection":"In"},"Right Leg":{"Weight":1,"CFrame":[0.31403347849845889,0.15567713975906373,0.021938085556030275,0.9995814561843872,0.021060723811388017,-0.019833825528621675,-0.01988975703716278,0.99814772605896,0.05749405920505524,0.021007971838116647,-0.05707555636763573,0.9981487989425659],"EasingStyle":"Linear","EasingDirection":"In"},"Torso":{"Weight":1,"CFrame":[-0.09749042987823487,-0.02392028272151947,-0.07666397094726563,0.9496874809265137,0.2967575192451477,-0.10014361143112183,-0.3009231388568878,0.9532049298286438,-0.029080262407660486,0.0868276059627533,0.057752691209316257,0.994547963142395],"EasingStyle":"Linear","EasingDirection":"In"},"HumanoidRootPart":{"Weight":0,"CFrame":[0,0,0,1,0,0,0,1,0,0,0,1],"EasingStyle":"Linear","EasingDirection":"In"},"Left Arm":{"Weight":1,"CFrame":[-0.6824440360069275,-0.7138784527778626,-0.044689178466796878,0.13844767212867738,0.9588521122932434,0.24786077439785005,0.19511474668979646,-0.2717737555503845,0.9423743486404419,0.9709596037864685,-0.08210817724466324,-0.22471261024475099],"EasingStyle":"Linear","EasingDirection":"In"}}},{"Time":0.6333333253860474,"poses":{"Left Leg":{"Weight":1,"CFrame":[0.04956343024969101,-0.10158991813659668,0.2165231704711914,0.7729287147521973,-0.14580510556697846,0.6175128221511841,0.26348772644996645,0.9591115713119507,-0.10334017127752304,-0.5771963596343994,0.24258169531822205,0.7797427177429199],"EasingStyle":"Linear","EasingDirection":"In"},"Right Arm":{"Weight":1,"CFrame":[1.0709763765335084,-0.25700899958610537,-0.6557735204696655,-0.9299013614654541,-0.29966792464256289,-0.21326643228530885,-0.06453646719455719,-0.4378995895385742,0.8967046737670898,-0.3621029853820801,0.8476102352142334,0.3878636956214905],"EasingStyle":"Linear","EasingDirection":"In"},"Head":{"Weight":1,"CFrame":[6.239861249923706e-8,1.862645149230957e-9,0.016662001609802247,0.9761099815368