{"Sequence":[{"Time":0,"poses":{"Left Leg":{"Weight":1,"CFrame":[-0.4064299762248993,0.4392768144607544,0.16992342472076417,0.9165449738502502,-0.25222712755203249,0.3103655278682709,0.17862997949123383,0.9525185823440552,0.24657592177391053,-0.35782209038734438,-0.17055729031562806,0.9180814623832703],"EasingStyle":"Linear","EasingDirection":"In"},"Right Arm":{"Weight":1,"CFrame":[-0.13306574523448945,-0.5781882405281067,0.5809059143066406,-0.5489377379417419,-0.7144224047660828,0.43389850854873659,0.7557002902030945,-0.20235887169837953,0.6228707432746887,-0.3571896255016327,0.6698145866394043,0.6509717106819153],"EasingStyle":"Linear","EasingDirection":"In"},"Left Arm":{"Weight":1,"CFrame":[-0.6036369800567627,-0.4302324056625366,0.365581750869751,-0.7382596731185913,0.5523999333381653,-0.3870748281478882,-0.5259161591529846,-0.11207876354455948,0.8431195020675659,0.4223563075065613,0.8260100483894348,0.37325939536094668],"EasingStyle":"Linear","EasingDirection":"In"},"Head":{"Weight":1,"CFrame":[1.4994293451309205e-7,1.05355866253376e-8,2.384185791015625e-7,0.99949049949646,0.03190154209733009,-0.0009912502719089389,-0.030883613973855974,0.9745036959648132,0.2222357541322708,0.008055641315877438,-0.22209197282791139,0.9749924540519714],"EasingStyle":"Linear","EasingDirection":"In"},"Torso":{"Weight":1,"CFrame":[1.2421460837686028e-7,-0.1550731211900711,-0.39659881591796877,0.99949049949646,-0.03088362142443657,0.008055543527007103,0.031038016080856324,0.9993219971656799,-0.019802682101726533,-0.007438502740114927,0.020042620599269868,0.9997714757919312],"EasingStyle":"Linear","EasingDirection":"In"},"HumanoidRootPart":{"Weight":0,"CFrame":[0,0,0,1,0,0,0,1,0,0,0,1],"EasingStyle":"Linear","EasingDirection":"In"},"Right Leg":{"Weight":1,"CFrame":[0.35121190547943118,0.4179866909980774,0.18061530590057374,0.8740272521972656,0.2785664200782776,-0.39809176325798037,-0.19006145000457765,0.9500582814216614,0.24751953780651093,0.4471610486507416,-0.14067690074443818,0.8833215832710266],"EasingStyle":"Linear","EasingDirection":"In"}}},{"Time":0.01666666753590107,"poses":{"Left Leg":{"Weight":1,"CFrame":[-0.4441654086112976,0.5664284229278565,0.14692461490631104,0.9187494516372681,-0.23766358196735383,0.3153022527694702,0.16086940467357636,0.9545841217041016,0.25077909231185915,-0.3605835735797882,-0.17968066036701203,0.9152564406394959],"EasingStyle":"Linear","EasingDirection":"In"},"Right Arm":{"Weight":1,"CFrame":[-0.13847488164901734,-0.5630669593811035,0.5795785188674927,-0.5370195508003235,-0.7313816547393799,0.4203460216522217,0.752112090587616,-0.18946431577205659,0.6312137842178345,-0.3820176422595978,0.6551214456558228,0.6518269777297974],"EasingStyle":"Linear","EasingDirection":"In"},"Left Arm":{"Weight":1,"CFrame":[-0.6041086912155151,-0.47092151641845705,0.38058149814605715,-0.7509756684303284,0.5467526316642761,-0.37026622891426089,-0.4861876666545868,-0.07839158177375794,0.8703311085700989,0.44683006405830386,0.8336164355278015,0.32469475269317629],"EasingStyle":"Linear","EasingDirection":"In"},"Head":{"Weight":1,"CFrame":[1.5087425708770753e-7,-2.380693331360817e-8,-2.980232238769531e-7,0.9995316863059998,0.030553730204701425,-0.0016800467856228352,-0.029545653611421586,0.9779273271560669,0.20684592425823213,0.007962879724800587,-0.2066994309425354,0.9783720970153809],"EasingStyle":"Linear","EasingDirection":"In"},"Torso":{"Weight":1,"CFrame":[1.4230469957965398e-7,-0.15514178574085236,-0.5161080360412598,0.9995316863059998,-0.029545661062002183,0.007962780073285103,0.029902959242463113,0.9983371496200562,-0.049282535910606387,-0.006493454799056053,0.0494975671172142,0.9987531304359436],"EasingStyle":"Linear","EasingDirection":"In"},"HumanoidRootPart":{"Weight":0,"CFrame":[0,0,0,1,0,0,0,1,0,0,0,1],"EasingStyle":"Linear","EasingDirection":"In"},"Right Leg":{"Weight":1,"CFrame":[0.3954944610595703,0.5449761152267456,0.16824960708618165,0.8769208788871765,0.26531514525413515,-0.4007713198661804,-0.17459991574287415,0.9527207016944885,0.24867285788059236,0.44779983162879946,-0.14809176325798036,0.8817846179008484],"EasingStyle":"Linear","EasingDirection":"In"}}},{"Time":0.03333333507180214,"poses":{"Left Leg":{"Weight":1,"CFrame":[-0.4453868865966797,0.6820117235183716,0.11524450778961182,0.9225220680236816,-0.21200057864189149,0.32250386476516726,0.13102151453495027,0.958028256893158,0.2549809515476227,-0.36302390694618227,-0.19297054409980775,0.9115788340568543],"EasingStyle":"Linear","EasingDirection":"In"},"Right Arm":{"Weight":1,"CFrame":[-0.15345238149166108,-0.5328776836395264,0.5758398771286011,-0.5033699870109558,-0.7582162618637085,0.41439923644065859,0.7571430802345276,-0.15595076978206635,0.6343607902526856,-0.41635680198669436,0.6330778002738953,0.6525791883468628],"EasingStyle":"Linear","EasingDirection":"In"},"Left Arm":{"Weight":1,"CFrame":[-0.6048279404640198,-0.5049888491630554,0.3931081295013428,-0.763951301574707,0.5415354371070862,-0.35088127851486208,-0.44676536321640017,-0.05154235661029816,0.8931652307510376,0.46559545397758486,0.8390964269638062,0.2813150882720947],"EasingStyle":"Linear","EasingDirection":"In"},"Head":{"Weight":1,"CFrame":[1.4761462807655335e-7,2.7794158086180689e-9,1.1920928955078126e-7,0.9995905756950378,0.028520775958895685,-0.0022916949819773437,-0.02758408710360527,0.9818423986434937,0.18768225610256196,0.007602927275002003,-0.18754222989082337,0.9822271466255188],"EasingStyle":"Linear","EasingDirection":"In"},"Torso":{"Weight":1,"CFrame":[1.5802814345988737e-7,-0.15521785616874696,-0.6199111938476563,0.9995905756950378,-0.027584098279476167,0.007602829020470381,0.02808268554508686,0.9967127442359924,-0.07599350064992905,-0.005481624510139227,0.07617589086294174,0.9970793128013611],"EasingStyle":"Linear","EasingDirection":"In"},"HumanoidRootPart":{"Weight":0,"CFrame":[0,0,0,1,0,0,0,1,0,0,0,1],"EasingStyle":"Linear","EasingDirection":"In"},"Right Leg":{"Weight":1,"CFrame":[0.40224194526672366,0.662233829498291,0.1409512758255005,0.8825244903564453,0.23955273628234864,-0.4046788215637207,-0.144844189286232,0.9571616053581238,0.2507227659225464,0.44740432500839236,-0.1626535952091217,0.8794163465499878],"EasingStyle":"Linear","EasingDirection":"In"}}},{"Time":0.05000000074505806,"poses":{"Left Leg":{"Weight":1,"CFrame":[-0.4231368601322174,0.766791582107544,0.08552014827728272,0.9259355664253235,-0.1807257980108261,0.33163464069366457,0.09596844017505646,0.961844265460968,0.25621411204338076,-0.36528533697128298,-0.20541127026081086,0.9079497456550598],"EasingStyle":"Linear","EasingDirection":"In"},"Right Arm":{"Weight":1,"CFrame":[-0.17612327635288239,-0.49144247174263,0.570055365562439,-0.45384493470191958,-0.7893707156181336,0.41342318058013918,0.7657053470611572,-0.10817337036132813,0.6340298056602478,-0.4557631313800812,0.6043115258216858,0.653519332408905],"EasingStyle":"Linear","EasingDirection":"In"},"Left Arm":{"Weight":1,"CFrame":[-0.6057395339012146,-0.5330225229263306,0.4033842086791992,-0.7766377925872803,0.5368300676345825,-0.32961681485176089,-0.4082859456539154,-0.030486607924103738,0.9123448729515076,0.4797252118587494,0.8431394100189209,0.2428571730852127],"EasingStyle":"Linear","EasingDirection":"In"},"Head":{"Weight":1,"CFrame":[1.51805579662323e-7,-1.2965756468474865e-8,1.1920928955078126e-7,0.9996694326400757,0.025565270334482194,-0.0027337390929460527,-0.02476227842271328,0.9859406352043152,0.16525092720985413,0.006919989828020334,-0.16512858867645265,0.9862477779388428],"EasingStyle":"Linear","EasingDirection":"In"},"Torso":{"Weight":1,"CFrame":[1.6913179479161045e-7,-0.1552947759628296,-0.693115234375,0.9996694326400757,-0.024762285873293878,0.006919891573488712,0.025327343493700029,0.9947372078895569,-0.09927935153245926,-0.004425089806318283,0.09942179173231125,0.9950355291366577],"EasingStyle":"Linear","EasingDirection":"In"},"HumanoidRootPart":{"Weight":0,"CFrame":[0,0,0,1,0,0,0,1,0,0,0,1],"EasingStyle":"Linear","EasingDirection":"In"},"Right Leg":{"Weight":1,"CFrame":[0.38562440872192385,0.7497905492782593,0.11081922054290772,0.8887346386909485,0.20697550475597382,-0.4090377688407898,-0.10853702574968338,0.9619070291519165,0.2509074807167053,0.44538795948028567,-0.1785944104194641,0.8773446083068848],"EasingStyle":"Linear","EasingDirection":"In"}}},{"Time":0.06666667014360428,"poses":{"Left Leg":{"Weight":1,"CFrame":[-0.3961608409881592,0.8029830455780029,0.07143878936767578,0.9275760650634766,-0.1514076590538025,0.34158220887184145,0.06521391868591309,0.9657880663871765,0.2509992718696594,-0.36789923906326296,-0.21054497361183167,0.9057157039642334],"EasingStyle":"Linear","EasingDirection":"In"},"Right Arm":{"Weight":1,"CFrame":[-0.204612597823143,-0.4425828456878662,0.5625913143157959,-0.3949763774871826,-0.8197724223136902,0.41468891501426699,0.7732916474342346,-0.052962444722652438,0.6318346261978149,-0.4959976375102997,0.5702351331710815,0.6548420786857605],"EasingStyle":"Linear","EasingDirection":"In"},"Left Arm":{"Weight":1,"CFrame":[-0.6067882776260376,-0.5556104183197022,0.4116324186325073,-0.7886033654212952,0.5326923131942749,-0.3071540892124176,-0.37123730778694155,-0.014245257712900639,0.9284287095069885,0.49019137024879458,0.8461890816688538,0.20898914337158204],"EasingStyle":"Linear","EasingDirection":"In"},"Head":{"Weight":1,"CFrame":[1.5133991837501527e-7,2.6149791665375234e-8,-1.1920928955078126e-7,0.9997656345367432,0.02145644836127758,-0.002882137894630432,-0.02084151841700077,0.989924967288971,0.14005056023597718,0.005858088843524456,-0.13995768129825593,0.9901401400566101],"EasingStyle":"Linear","EasingDirection":"In"},"Torso":{"Weight":1,"CFrame":[1.733624657163091e-7,-0.15536600351333619,-0.7208266258239746,0.9997656345367432,-0.020841529592871667,0.005857990588992834,0.021389078348875047,0.9927232265472412,-0.11850377172231674,-0.0033455633092671634,0.11860130727291107,0.9929363131523132],"EasingStyle":"Linear","EasingDirection":"In"},"HumanoidRootPart":{"Weight":0,"CFrame":[0,0,0,1,0,0,0,1,0,0,0,1],"EasingStyle":"Linear","EasingDirection":"In"},"Right Leg":{"Weight":1,"CFrame":[0.36124783754348757,0.7895495295524597,0.0932016372680664,0.8942506909370422,0.17332451045513154,-0.41264307498931887,-0.07418028265237808,0.9666165113449097,0.2452545017004013,0.4413762092590332,-0.18870903551578523,0.8772547841072083],"EasingStyle":"Linear","EasingDirection":"In"}}},{"Time":0.0833333358168602,"poses":{"Left Leg":{"Weight":1,"CFrame":[-0.37790647149086,0.8077211976051331,0.07074368000030518,0.9271759390830994,-0.13093195855617524,0.3510008752346039,0.04495113715529442,0.9690493941307068,0.24273990094661714,-0.37191957235336306,-0.2092846781015396,0.904364824295044],"EasingStyle":"Linear","EasingDirection":"In"},"Right Arm":{"Weight":1,"CFrame":[-0.2370453029870987,-0.3901197910308838,0.5538127422332764,-0.33427122235298159,-0.8458983898162842,0.4155943691730499,0.7769535183906555,0.002276637591421604,0.6295537948608398,-0.5334847569465637,0.533339262008667,0.6564627885818481],"EasingStyle":"Linear","EasingDirection":"In"},"Left Arm":{"Weight":1,"CFrame":[-0.6079196929931641,-0.5733402371406555,0.41807568073272707,-0.7995153665542603,0.529179036617279,-0.28415626287460329,-0.3360116183757782,-0.0019128069980069996,0.9418559074401856,0.49786683917045596,0.8485080599784851,0.17933960258960725],"EasingStyle":"Linear","EasingDirection":"In"},"Head":{"Weight":1,"CFrame":[1.51805579662323e-7,-3.5666744224727157e-8,-1.1920928955078126e-7,0.9998691082000732,0.015970712527632715,-0.0025873295962810518,-0.01557804737240076,0.9935221076011658,0.11256639659404755,0.004368334077298641,-0.11251136660575867,0.9936408400535584],"EasingStyle":"Linear","EasingDirection":"In"},"Torso":{"Weight":1,"CFrame":[1.734009060783137e-7,-0.15542498230934144,-0.7208266258239746,0.9998691082000732,-0.01557806134223938,0.004368237219750881,0.016020819544792177,0.9909807443618774,-0.13304342329502107,-0.0022562802769243719,0.13309599459171296,0.9911006093025208],"EasingStyle":"Linear","EasingDirection":"In"},"HumanoidRootPart":{"Weight":0,"CFrame":[0,0,0,1,0,0,0,1,0,0,0,1],"EasingStyle":"Linear","EasingDirection":"In"},"Right Leg":{"Weight":1,"CFrame":[0.3429771959781647,0.7983514070510864,0.08835136890411377,0.8987676501274109,0.1453169882297516,-0.4136419892311096,-0.047940753400325778,0.9703890085220337,0.2367420345544815,0.435796320438385,-0.19294589757919312,0.8791208863258362],"EasingStyle":"Linear","EasingDirection":"In"}}},{"Time":0.10000000149011612,"poses":{"Left Leg":{"Weight":1,"CFrame":[-0.36641842126846316,0.8092449307441711,0.07132995128631592,0.9252097010612488,-0.12050062417984009,0.35981476306915285,0.03418893739581108,0.970853328704834,0.23722349107265473,-0.37791287899017336,-0.20717975497245789,0.9023626446723938],"EasingStyle":"Linear","EasingDirection":"In"},"Right Arm":{"Weight":1,"CFrame":[-0.27154654264450076,-0.3378753662109375,0.5440856218338013,-0.27990174293518069,-0.8662742376327515,0.41379234194755556,0.7756661772727966,0.049908172339200976,0.6291670799255371,-0.5656827688217163,0.4970695674419403,0.657970130443573],"EasingStyle":"Linear","EasingDirection":"In"},"Left Arm":{"Weight":1,"CFrame":[-0.609078586101532,-0.5867992639541626,0.4229367971420288,-0.8091233968734741,0.5263636708259583,-0.2612673342227936,-0.30294227600097659,0.007342691067606211,0.9529805779457092,0.5035328269004822,0.8502278327941895,0.15351659059524537],"EasingStyle":"Linear","EasingDirection":"In"},"Head":{"Weight":1,"CFrame":[1.5133991837501527e-7,-4.607682058122009e-8,-2.980232238769531e-7,0.9999590516090393,0.008890432305634022,-0.0016833861591294408,-0.008719408884644509,0.9964892864227295,0.08326507359743118,0.0024177387822419407,-0.08324699103832245,0.9965260028839111],"EasingStyle":"Linear","EasingDirection":"In"},"Torso":{"Weight":1,"CFrame":[1.734270824726991e-7,-0.15546518564224244,-0.7208266258239746,0.9999590516090393,-0.008719422854483128,0.002417641459032893,0.008974705822765828,0.9897862076759338,-0.1422768086194992,-0.0011523766443133355,0.14229267835617066,0.9898239374160767],"EasingStyle":"Linear","EasingDirection":"In"},"HumanoidRootPart":{"Weight":0,"CFrame":[0,0,0,1,0,0,0,1,0,0,0,1],"EasingStyle":"Linear","EasingDirection":"In"},"Right Leg":{"Weight":1,"CFrame":[0.33081838488578799,0.8045772314071655,0.0844111442565918,0.902908444404602,0.12471560388803482,-0.41134223341941836,-0.028948882594704629,0.9724525809288025,0.23129604756832124,0.4288570284843445,-0.19693131744861604,0.8816460371017456],"EasingStyle":"Linear","EasingDirection":"In"}}},{"Time":0.11666666716337204,"poses":{"Left Leg":{"Weight":1,"CFrame":[-0.36265653371810915,0.807680606842041,0.07330060005187988,0.9218156337738037,-0.12145142257213593,0.3681108057498932,0.03412908315658569,0.9713894724845886,0.23502697050571443,-0.38612329959869387,-0.2040882706642151,0.8995869755744934],"EasingStyle":"Linear","EasingDirection":"In"},"Right Arm":{"Weight":1,"CFrame":[-0.30624133348464968,-0.2896704077720642,0.5337754487991333,-0.2401619851589203,-0.881222128868103,0.4071485102176666,0.7699762582778931,0.08248894661664963,0.632718026638031,-0.5911504030227661,0.4654494524002075,0.6587092876434326],"EasingStyle":"Linear","EasingDirection":"In"},"Left Arm":{"Weight":1,"CFrame":[-0.6102100014686585,-0.5965763926506043,0.42643868923187258,-0.8172428011894226,0.5243461728096008,-0.23911334574222566,-0.2723289132118225,0.014287830330431462,0.9620981216430664,0.5078889727592468,0.8513853549957275,0.1311183124780655],"EasingStyle":"Linear","EasingDirection":"In"},"Head":{"Weight":1,"CFrame":[1.509957598955225e-7,1.4900755296309854e-8,0,1,6.419374471988704e-7,1.5576246426007857e-7,-6.49241087558039e-7,0.9986159801483154,0.05259357765316963,-1.217850922330399e-7,-0.05259357765316963,0.9986159801483154],"EasingStyle":"Linear","EasingDirection":"In"},"Torso":{"Weight":1,"CFrame":[2.1016546725149966e-7,-0.1554800420999527,-0.7208266258239746,1,-6.586245717699057e-7,-2.45861741632325e-7,6.158185215099365e-7,0.9893478751182556,-0.14557072520256043,3.3911925356733266e-7,0.14557072520256043,0.9893478751182556],"EasingStyle":"Linear","EasingDirection":"In"},"HumanoidRootPart":{"Weight":0,"CFrame":[0,0,0,1,0,0,0,1,0,0,0,1],"EasingStyle":"Linear","EasingDirection":"In"},"Right Leg":{"Weight":1,"CFrame":[0.32601791620254519,0.8086514472961426,0.08139729499816895,0.907159149646759,0.11262785643339157,-0.4054345488548279,-0.018293481320142747,0.973158597946167,0.22940726578235627,0.420389860868454,-0.20069217681884767,0.8848701119422913],"EasingStyle":"Linear","EasingDirection":"In"}}},{"Time":0.13333334028720857,"poses":{"Left Leg":{"Weight":1,"CFrame":[-0.3616240620613098,0.804754376411438,0.07597577571868897,0.9173176288604736,-0.1273079365491867,0.3772544860839844,0.038524460047483447,0.9714378714561462,0.23414590954780579,-0.3962880074977875,-0.2002526819705963,0.8960216045379639],"EasingStyle":"Linear","EasingDirection":"In"},"Right Arm":{"Weight":1,"CFrame":[-0.3392546474933624,-0.24932700395584107,0.5232480764389038,-0.2231009602546692,-0.891853928565979,0.39347490668296816,0.7609884142875671,0.09291241317987442,0.6420778632164002,-0.6091983318328857,0.4426780641078949,0.6579616665840149],"EasingStyle":"Linear","EasingDirection":"In"},"Left Arm":{"Weight":1,"CFrame":[-0.611258864402771,-0.6032574772834778,0.4288041591644287,-0.8237395286560059,0.5232559442520142,-0.21830344200134278,-0.24445170164108277,0.01963205449283123,0.9694626927375794,0.5115628838539124,0.8519493937492371,0.11173935234546662],"EasingStyle":"Linear","EasingDirection":"In"},"Head":{"Weight":1,"CFrame":[1.511070877313614e-7,1.7207639757543803e-9,-5.960464477539063e-8,0.999937891960144,-0.010836680419743061,0.0026052084285765888,0.010770737193524838,0.9996511340141296,0.02411651611328125,-0.002865642076358199,-0.0240869652479887,0.9997057318687439],"EasingStyle":"Linear","EasingDirection":"In"},"Torso":{"Weight":1,"CFrame":[2.083194772239949e-7,-0.15264742076396943,-0.7208266258239746,0.999937891960144,0.010770730674266816,-0.0028657664079219105,-0.011073209345340729,0.9892836809158325,-0.14558564126491548,0.0012669921852648259,0.1456083357334137,0.9893414974212647],"EasingStyle":"Linear","EasingDirection":"In"},"HumanoidRootPart":{"Weight":0,"CFrame":[0,0,0,1,0,0,0,1,0,0,0,1],"EasingStyle":"Linear","EasingDirection":"In"},"Right Leg":{"Weight":1,"CFrame":[0.32360127568244936,0.8123986721038818,0.07840704917907715,0.9120901823043823,0.10232237726449967,-0.3970159888267517,-0.009671793319284916,0.9734564423561096,0.22866789996623994,0.4098754823207855,-0.20472587645053864,0.8888697028160095],"EasingStyle":"Linear","EasingDirection":"In"}}},{"Time":0.15000000596046449,"poses":{"Left Leg":{"Weight":1,"CFrame":[-0.3585697114467621,0.8020859956741333,0.07862699031829834,0.9120910167694092,-0.1316457837820053,0.38827741146087649,0.04127797484397888,0.9717205762863159,0.23249781131744386,-0.4079045057296753,-0.19603177905082704,0.8917316794395447],"EasingStyle":"Linear","EasingDirection":"In"},"Right Arm":{"Weight":1,"CFrame":[-0.3690079152584076,-0.21964380145072938,0.5127358436584473,-0.22312110662460328,-0.9001753330230713,0.37403395771980288,0.7513593435287476,0.08563985675573349,0.6543125510215759,-0.6210282444953919,0.427024781703949,0.6572470664978027],"EasingStyle":"Linear","EasingDirection":"In"},"Left Arm":{"Weight":1,"CFrame":[-0.612170398235321,-0.6074304580688477,0.4302561283111572,-0.8285136222839356,0.5232515335083008,-0.1994318664073944,-0.2195817083120346,0.024040060117840768,0.9752978682518005,0.5151203870773315,0.8518391251564026,0.09497887641191483],"EasingStyle":"Linear","EasingDirection":"In"},"Head":{"Weight":1,"CFrame":[1.5133991837501527e-7,-7.8580342233181e-9,1.1920928955078126e-7,0.9997060298919678,-0.023449305444955827,0.0061636813916265968,0.023446444422006608,0.9997249245643616,0.000536411302164197,-0.006174563895910978,-0.000391732610296458,0.9999808669090271],"EasingStyle":"Linear","EasingDirection":"In"},"Torso":{"Weight":1,"CFrame":[2.0315073356869107e-7,-0.1447160392999649,-0.7208266258239746,0.9997060298919678,0.02344643510878086,-0.0061746882274746899,-0.024094339460134507,0.9891296625137329,-0.14505846798419953,0.0027064632158726455,0.1451645940542221,0.9894038438796997],"EasingStyle":"Linear","EasingDirection":"In"},"HumanoidRootPart":{"Weight":0,"CFrame":[0,0,0,1,0,0,0,1,0,0,0,1],"EasingStyle":"Linear","EasingDirection":"In"},"Right Leg":{"Weight":1,"CFrame":[0.3186804950237274,0.8170678019523621,0.07480442523956299,0.9177845120429993,0.0875103697180748,-0.3873157501220703,0.002859230153262615,0.9739311337471008,0.2268257737159729,0.39706847071647646,-0.20928461849689485,0.8936087489128113],"EasingStyle":"Linear","EasingDirection":"In"}}},{"Time":0.1666666716337204,"poses":{"Left Leg":{"Weight":1,"CFrame":[-0.354541540145874,0.7992819547653198,0.0813746452331543,0.9060953855514526,-0.13574957847595216,0.40070343017578127,0.043692417442798617,0.9720858931541443,0.23052121698856355,-0.420811265707016,-0.19136646389961244,0.8867337703704834],"EasingStyle":"Linear","EasingDirection":"In"},"Right Arm":{"Weight":1,"CFrame":[-0.39510807394981387,-0.19932979345321656,0.5019394159317017,-0.23080572485923768,-0.9075986742973328,0.3507041037082672,0.7433437705039978,0.06809474527835846,0.6654345393180847,-0.6278285980224609,0.41427984833717348,0.6589411497116089],"EasingStyle":"Linear","EasingDirection":"In"},"Left Arm":{"Weight":1,"CFrame":[-0.6128896474838257,-0.6096850633621216,0.43101727962493899,-0.8314830660820007,0.524516224861145,-0.18308128416538239,-0.19798550009727479,0.028143150731921197,0.979800820350647,0.5190739035606384,0.850935161113739,0.08044590055942536],"EasingStyle":"Linear","EasingDirection":"In"},"Head":{"Weight":1,"CFrame":[1.4994293451309205e-7,5.061156116425991e-8,-3.5762786865234377e-7,0.9992364048957825,-0.037594377994537356,0.010640640743076802,0.037791818380355838,0.9991048574447632,-0.01900680549442768,-0.009916563518345356,0.01939440332353115,0.9997627139091492],"EasingStyle":"Linear","EasingDirection":"In"},"Torso":{"Weight":1,"CFrame":[1.9521306171554898e-7,-0.13253574073314668,-0.7208266258239746,0.9992364048957825,0.03779181092977524,-0.009916688315570355,-0.038824357092380527,0.9888956546783447,-0.14345048367977143,0.00438531581312418,0.14372596144676209,0.9896078109741211],"EasingStyle":"Linear","EasingDirection":"In"},"HumanoidRootPart":{"Weight":0,"CFrame":[0,0,0,1,0,0,0,1,0,0,0,1],"EasingStyle":"Linear","EasingDirection":"In"},"Right Leg":{"Weight":1,"CFrame":[0.31246715784072878,0.8220930099487305,0.07091772556304932,0.9239028096199036,0.06988298892974854,-0.3761913776397705,0.017722902819514276,0.9743087291717529,0.22451810538768769,0.38221654295921328,-0.214100182056427,0.8989280462265015],"EasingStyle":"Linear","EasingDirection":"In"}}},{"Time":0.18333333730697633,"poses":{"Left Leg":{"Weight":1,"CFrame":[-0.3506878614425659,0.7959107160568237,0.08442306518554688,0.8992778658866882,-0.14095070958137513,0.4140435457229614,0.04711879417300224,0.9723613858222961,0.22867703437805177,-0.43483230471611025,-0.186134934425354,0.8810645937919617],"EasingStyle":"Linear","EasingDirection":"In"},"Right Arm":{"Weight":1,"CFrame":[-0.4174582362174988,-0.18606990575790406,0.49042606353759768,-0.24816834926605225,-0.9136795401573181,0.3218729496002197,0.7366489171981812,0.037783242762088779,0.6752191781997681,-0.6290952563285828,0.40467530488967898,0.6636843681335449],"EasingStyle":"Linear","EasingDirection":"In"},"Left Arm":{"Weight":1,"CFrame":[-0.6133612394332886,-0.6106054782867432,0.43131065368652346,-0.8325653672218323,0.527251124382019,-0.16982702910900117,-0.17992666363716126,0.03255239501595497,0.9831412434577942,0.5238905549049377,0.8490857481956482,0.06776450574398041],"EasingStyle":"Linear","EasingDirection":"In"},"Head":{"Weight":1,"CFrame":[1.4994293451309205e-7,7.956987246870995e-8,1.1920928955078126e-7,0.9984649419784546,-0.05303490161895752,0.015970243141055108,0.05357261374592781,0.9979373216629028,-0.0353703647851944,-0.014061440713703633,0.036171671003103259,0.9992466568946838],"EasingStyle":"Linear","EasingDirection":"In"},"Torso":{"Weight":1,"CFrame":[1.850602018294012e-7,-0.11695627868175507,-0.7208266258239746,0.9984649419784546,0.05357261002063751,-0.014061563648283482,-0.05501754954457283,0.9885905981063843,-0.14022034406661988,0.006389159709215164,0.14077873528003694,0.9900204539299011],"EasingStyle":"Linear","EasingDirection":"In"},"HumanoidRootPart":{"Weight":0,"CFrame":[0,0,0,1,0,0,0,1,0,0,0,1],"EasingStyle":"Linear","EasingDirection":"In"},"Right Leg":{"Weight":1,"CFrame":[0.30611199140548708,0.8270082473754883,0.06698024272918701,0.930177628993988,0.05110945552587509,-0.3635345995426178,0.03336946293711662,0.9743905663490295,0.22237256169319154,0.36559003591537478,-0.2189769446849823,0.9046508073806763],"EasingStyle":"Linear","EasingDirection":"In"}}},{"Time":0.20000000298023225,"poses":{"Left Leg":{"Weight":1,"CFrame":[-0.34808021783828738,0.7915046811103821,0.08800745010375977,0.8915801644325256,-0.14854340255260468,0.42780786752700808,0.052866481244564059,0.9723551273345947,0.2274438440799713,-0.4497665464878082,-0.18016770482063294,0.8747855424880981],"EasingStyle":"Linear","EasingDirection":"In"},"Right Arm":{"Weight":1,"CFrame":[-0.43596163392066958,-0.17755141854286195,0.4777635335922241,-0.2771230638027191,-0.9173119068145752,0.2859051525592804,0.7303574681282044,-0.007761506829410791,0.6830210089683533,-0.6243242025375366,0.3980937898159027,0.6721164584159851],"EasingStyle":"Linear","EasingDirection":"In"},"Left Arm":{"Weight":1,"CFrame":[-0.6135308742523193,-0.6107824444770813,0.43135881423950198,-0.8316585421562195,0.5316638350486755,-0.16024231910705567,-0.165665403008461,0.037870749831199649,0.9854546189308167,0.5299991369247437,0.8461083769798279,0.05658276006579399],"EasingStyle":"Linear","EasingDirection":"In"},"Head":{"Weight":1,"CFrame":[1.4901161193847657e-7,2.3283064365386964e-9,-1.1920928955078126e-7,0.9973352551460266,-0.069535031914711,0.02207375131547451,0.07055521756410599,0.9962835311889648,-0.04940718412399292,-0.01855619065463543,0.050832975655794147,0.9985347390174866],"EasingStyle":"Linear","EasingDirection":"In"},"Torso":{"Weight":1,"CFrame":[1.7324595091849916e-7,-0.09882745146751404,-0.7208266258239746,0.9973352551460266,0.07055521011352539,-0.01855631172657013,-0.07241886109113693,0.9882194995880127,-0.13482463359832765,0.008825130760669709,0.13580918312072755,0.9906957149505615],"EasingStyle":"Linear","EasingDirection":"In"},"HumanoidRootPart":{"Weight":0,"CFrame":[0,0,0,1,0,0,0,1,0,0,0,1],"EasingStyle":"Linear","EasingDirection":"In"},"Right Leg":{"Weight":1,"CFrame":[0.30082961916923525,0.8314942717552185,0.06313931941986084,0.9364426136016846,0.032899171113967898,-0.34927481412887576,0.04821198061108589,0.9740785360336304,0.2210126668214798,0.3474922478199005,-0.22380490601062776,0.9105824828147888],"EasingStyle":"Linear","EasingDirection":"In"}}},{"Time":0.21666666865348817,"poses":{"Left Leg":{"Weight":1,"CFrame":[-0.34792593121528628,0.7843009829521179,0.09298563003540039,0.8829151391983032,-0.15980887413024903,0.44149959087371828,0.062363140285015109,0.9718785285949707,0.22707489132881165,-0.46537265181541445,-0.17295455932617188,0.8680524826049805],"EasingStyle":"Linear","EasingDirection":"In"},"Right Arm":{"Weight":1,"CFrame":[-0.45052170753479006,-0.1714586317539215,0.4635190963745117,-0.3194602429866791,-0.9163858890533447,0.24120934307575227,0.7226608395576477,-0.07094988226890564,0.6875516772270203,-0.6129489541053772,0.39395806193351748,0.6849019527435303],"EasingStyle":"Linear","EasingDirection":"In"},"Left Arm":{"Weight":1,"CFrame":[-0.6113077402114868,-0.6107351183891296,0.42615997791290285,-0.827090859413147,0.5397194623947144,-0.15691912174224854,-0.15723872184753419,0.045855823904275897,0.9864954352378845,0.5396264791488648,0.8405951261520386,0.046937841922044757],"EasingStyle":"Linear","EasingDirection":"In"},"Head":{"Weight":1,"CFrame":[1.564621925354004e-7,1.862645149230957e-8,2.384185791015625e-7,0.9958024621009827,-0.08685460686683655,0.02887457050383091,0.08850695937871933,0.9941461682319641,-0.06196729838848114,-0.02332339435815811,0.06426281481981278,0.9976603984832764],"EasingStyle":"Linear","EasingDirection":"In"},"Torso":{"Weight":1,"CFrame":[1.6013898118671933e-7,-0.07899905741214752,-0.7196006774902344,0.9958024621009827,0.08850695937871933,-0.02332351915538311,-0.0907617062330246,0.987777590751648,-0.12671932578086854,0.011822905391454697,0.12830430269241334,0.9916643500328064],"EasingStyle":"Linear","EasingDirection":"In"},"HumanoidRootPart":{"Weight":0,"CFrame":[0,0,0,1,0,0,0,1,0,0,0,1],"EasingStyle":"Linear","EasingDirection":"In"},"Right Leg":{"Weight":1,"CFrame":[0.29859453439712527,0.8342219591140747,0.06007874011993408,0.9426494836807251,0.017257655039429666,-0.3333377242088318,0.060278069227933887,0.9734413623809815,0.2208584100008011,0.32829633355140688,-0.22828499972820283,0.9165737628936768],"EasingStyle":"Linear","EasingDirection":"In"}}},{"Time":0.23333333432674409,"poses":{"Left Leg":{"Weight":1,"CFrame":[-0.3435060381889343,0.7686501741409302,0.09723687171936035,0.8729097247123718,-0.1807989776134491,0.453144907951355,0.08093190938234329,0.9695930480957031,0.23095321655273438,-0.48112231492996218,-0.1649273782968521,0.860999584197998],"EasingStyle":"Linear","EasingDirection":"In"},"Right Arm":{"Weight":1,"CFrame":[-0.46104151010513308,-0.1654796302318573,0.44726014137268069,-0.3766902685165405,-0.9073923826217651,0.1863962560892105,0.7105429172515869,-0.153927743434906,0.6866112947463989,-0.5943342447280884,0.3910822868347168,0.702724277973175],"EasingStyle":"Linear","EasingDirection":"In"},"Left Arm":{"Weight":1,"CFrame":[-0.6052441596984863,-0.6104080677032471,0.4122270345687866,-0.8180428147315979,0.5522686839103699,-0.16064025461673737,-0.15514878928661347,0.05705882981419563,0.9862419366836548,0.553836464881897,0.8317112326622009,0.039007313549518588],"EasingStyle":"Linear","EasingDirection":"In"},"Head":{"Weight":1,"CFrame":[1.4901161193847657e-7,2.6542693376541139e-8,-1.1920928955078126e-7,0.9938356876373291,-0.10461430251598358,0.036694854497909549,0.1073235347867012,0.9908448457717896,-0.08190307766199112,-0.027790676802396776,0.08533644676208496,0.995964527130127],"EasingStyle":"Linear","EasingDirection":"In"},"Torso":{"Weight":1,"CFrame":[1.4593859987144243e-7,-0.05832086503505707,-0.7148003578186035,0.9938356876373291,0.1073235273361206,-0.027790799736976625,-0.10971193760633469,0.9881452918052673,-0.10738784074783325,0.01593610644340515,0.10977485030889511,0.9938287138938904],"EasingStyle":"Linear","EasingDirection":"In"},"HumanoidRootPart":{"Weight":0,"CFrame":[0,0,0,1,0,0,0,1,0,0,0,1],"EasingStyle":"Linear","EasingDirection":"In"},"Right Leg":{"Weight":1,"CFrame":[0.3136553466320038,0.8316046595573425,0.05212271213531494,0.9494076371192932,0.020651012659072877,-0.31336677074432375,0.054785698652267459,0.9716435670852661,0.23001597821712495,0.30923086404800417,-0.23554694652557374,0.9213544130325317],"EasingStyle":"Linear","EasingDirection":"In"}}},{"Time":0.25,"poses":{"Left Leg":{"Weight":1,"CFrame":[-0.3279297649860382,0.7417053580284119,0.09864485263824463,0.861077606678009,-0.21339277923107148,0.46152883768081667,0.10992651432752609,0.9643346667289734,0.24077969789505006,-0.49644893407821658,-0.15659575164318086,0.8538244962692261],"EasingStyle":"Linear","EasingDirection":"In"},"Right Arm":{"Weight":1,"CFrame":[-0.46742427349090578,-0.1572987139225006,0.4285541772842407,-0.44965076446533205,-0.8850236535072327,0.12061221897602081,0.6894471049308777,-0.2580479681491852,0.6768115162849426,-0.5678704977035523,0.38748466968536379,0.726208508014679],"EasingStyle":"Linear","EasingDirection":"In"},"Left Arm":{"Weight":1,"CFrame":[-0.5962485671043396,-0.6095184087753296,0.3920555114746094,-0.8055396676063538,0.5678544044494629,-0.169254869222641,-0.1573844850063324,0.07033760845661164,0.9850292801856995,0.5712581872940064,0.8201183080673218,0.032711777836084369],"EasingStyle":"Linear","EasingDirection":"In"},"Head":{"Weight":1,"CFrame":[1.4808028936386109e-7,-2.3283064365386964e-9,0,0.9914345145225525,-0.12274643778800965,0.04462021216750145,0.12684233486652375,0.9863504767417908,-0.10499413311481476,-0.03112350031733513,0.10975456237792969,0.9934713244438171],"EasingStyle":"Linear","EasingDirection":"In"},"Torso":{"Weight":1,"CFrame":[1.309444570551932e-7,-0.03764268010854721,-0.7047438621520996,0.9914345145225525,0.12684231996536256,-0.031123626977205278,-0.12880462408065797,0.9890304803848267,-0.0723056048154831,0.021610800176858903,0.07569514214992523,0.9968968033790588],"EasingStyle":"Linear","EasingDirection":"In"},"HumanoidRootPart":{"Weight":0,"CFrame":[0,0,0,1,0,0,0,1,0,0,0,1],"EasingStyle":"Linear","EasingDirection":"In"},"Right Leg":{"Weight":1,"CFrame":[0.35376766324043276,0.8197386264801025,0.035596609115600589,0.9563146829605103,0.05226645618677139,-0.2876289188861847,0.022973133251070977,0.9674091339111328,0.25217413902282717,0.291435182094574,-0.24776561558246613,0.9239468574523926],"EasingStyle":"Linear","EasingDirection":"In"}}},{"Time":0.2666666805744171,"poses":{"Left Leg":{"Weight":1,"CFrame":[-0.30259451270103457,0.7047425508499146,0.09859609603881836,0.8471845984458923,-0.2528476417064667,0.46727538108825686,0.14523255825042725,0.9562104344367981,0.2541046440601349,-0.5110633969306946,-0.14740993082523347,0.8468084335327148],"EasingStyle":"Linear","EasingDirection":"In"},"Right Arm":{"Weight":1,"CFrame":[-0.4695734679698944,-0.1446026861667633,0.4069685935974121,-0.5377525091171265,-0.8419460654258728,0.04414815083146095,0.6530650854110718,-0.3828522861003876,0.6533988118171692,-0.53322434425354,0.38019856810569765,0.7557254433631897],"EasingStyle":"Linear","EasingDirection":"In"},"Left Arm":{"Weight":1,"CFrame":[-0.5852298140525818,-0.6077874302864075,0.36814069747924807,-0.7905910015106201,0.5851025581359863,-0.18061214685440064,-0.1620219200849533,0.08456147462129593,0.9831572771072388,0.5905207991600037,0.806538462638855,0.027946054935455323],"EasingStyle":"Linear","EasingDirection":"In"},"Head":{"Weight":1,"CFrame":[1.471489667892456e-7,-1.3969838619232178e-9,-1.1920928955078126e-7,0.9886377453804016,-0.1413755714893341,0.05107235908508301,0.14665327966213227,0.9817214608192444,-0.12130869925022125,-0.03298874571919441,0.1274203360080719,0.9913000464439392],"EasingStyle":"Linear","EasingDirection":"In"},"Torso":{"Weight":1,"CFrame":[1.1545625966391526e-7,-0.017814278602600099,-0.6877474784851074,0.9886377453804016,0.14665327966213227,-0.03298886865377426,-0.1475616991519928,0.9886837005615234,-0.027019880712032319,0.02865300513803959,0.031580764800310138,0.9990904331207275],"EasingStyle":"Linear","EasingDirection":"In"},"HumanoidRootPart":{"Weight":0,"CFrame":[0,0,0,1,0,0,0,1,0,0,0,1],"EasingStyle":"Linear","EasingDirection":"In"},"Right Leg":{"Weight":1,"CFrame":[0.40953946113586428,0.7942790985107422,0.015192508697509766,0.9610003232955933,0.10246913880109787,-0.256862610578537,-0.027287207543849946,0.9594225287437439,0.2806488573551178,0.2751976251602173,-0.2626945674419403,0.9248015284538269],"EasingStyle":"Linear","EasingDirection":"In"}}},{"Time":0.28333333134651186,"poses":{"Left Leg":{"Weight":1,"CFrame":[-0.26882582902908327,0.6592057347297669,0.09810531139373779,0.8314108848571777,-0.2944226861000061,0.47124427556991579,0.1826934814453125,0.9457751512527466,0.26857471466064455,-0.52476567029953,-0.13720273971557618,0.8401169180870056],"EasingStyle":"Linear","EasingDirection":"In"},"Right Arm":{"Weight":1,"CFrame":[-0.45181161165237429,-0.12564954161643983,0.38259077072143557,-0.6349215507507324,-0.7715831995010376,-0.03916725143790245,0.5954522490501404,-0.521028995513916,0.6115269660949707,-0.49225127696990969,0.3649495244026184,0.7902535796165466],"EasingStyle":"Linear","EasingDirection":"In"},"Left Arm":{"Weight":1,"CFrame":[-0.5730963349342346,-0.6049328446388245,0.34297800064086916,-0.7743135094642639,0.6027867197990418,-0.19257962703704835,-0.1672586053609848,0.09855084866285324,0.9809751510620117,0.6102976202964783,0.7917928099632263,0.024511877447366716],"EasingStyle":"Linear","EasingDirection":"In"},"Head":{"Weight":1,"CFrame":[1.434236764907837e-7,1.3969838619232178e-9,-2.980232238769531e-7,0.9855198860168457,-0.16014543175697328,0.05571302771568298,0.1662575751543045,0.9772046208381653,-0.13202114403247834,-0.03330044820904732,0.13937214016914369,0.9896799921989441],"EasingStyle":"Linear","EasingDirection":"In"},"Torso":{"Weight":1,"CFrame":[9.977367909641544e-8,0.0003145486116409302,-0.6621284484863281,0.9855198860168457,0.1662575900554657,-0.03330056741833687,-0.16555988788604737,0.9859376549720764,0.022733811289072038,0.03661195561289787,-0.01689138635993004,0.9991868138313294],"EasingStyle":"Linear","EasingDirection":"In"},"HumanoidRootPart":{"Weight":0,"CFrame":[0,0,0,1,0,0,0,1,0,0,0,1],"EasingStyle":"Linear","EasingDirection":"In"},"Right Leg":{"Weight":1,"CFrame":[0.47065356373786929,0.7520655393600464,-0.003929793834686279,0.9614607691764832,0.16142340004444123,-0.22256600856781007,-0.08744240552186966,0.9470004439353943,0.30910173058509829,0.2606663703918457,-0.27772757411003115,0.9246190786361694],"EasingStyle":"Linear","EasingDirection":"In"}}},{"Time":0.30000001192092898,"poses":{"Left Leg":{"Weight":1,"CFrame":[-0.22830547392368318,0.6062167882919312,0.09814810752868653,0.8145394325256348,-0.33351966738700869,0.4746473431587219,0.21826353669166566,0.9342792630195618,0.28192761540412905,-0.5374816656112671,-0.12604299187660218,0.8338025808334351],"EasingStyle":"Linear","EasingDirection":"In"},"Right Arm":{"Weight":1,"CFrame":[-0.40945643186569216,-0.10098445415496826,0.3575875759124756,-0.7229704856872559,-0.6805899739265442,-0.11878994852304459,0.5212626457214356,-0.6501978635787964,0.5527458786964417,-0.4534302353858948,0.33769816160202029,0.8248399496078491],"EasingStyle":"Linear","EasingDirection":"In"},"Left Arm":{"Weight":1,"CFrame":[-0.5607569217681885,-0.6006749868392944,0.31906330585479739,-0.7579833269119263,0.6198606491088867,-0.20306149125099183,-0.17142923176288606,0.11105706542730332,0.9789169430732727,0.6293435096740723,0.7768133878707886,0.022083057090640069],"EasingStyle":"Linear","EasingDirection":"In"},"Head":{"Weight":1,"CFrame":[1.7136335372924806e-7,-1.862645149230957e-8,-1.7881393432617188e-7,0.9821839928627014,-0.17857635021209718,0.058523837476968768,0.18513432145118714,0.972935676574707,-0.13828018307685853,-0.032246366143226626,0.14665137231349946,0.9886624813079834],"EasingStyle":"Linear","EasingDirection":"In"},"Torso":{"Weight":1,"CFrame":[8.419643648949205e-8,0.015894010663032533,-0.6262044906616211,0.9821839928627014,0.18513435125350953,-0.032246485352516177,-0.18250615894794465,0.9806289076805115,0.07112252712249756,0.044789064675569537,-0.06397023051977158,0.9969462156295776],"EasingStyle":"Linear","EasingDirection":"In"},"HumanoidRootPart":{"Weight":0,"CFrame":[0,0,0,1,0,0,0,1,0,0,0,1],"EasingStyle":"Linear","EasingDirection":"In"},"Right Leg":{"Weight":1,"CFrame":[0.5239288210868836,0.6937100887298584,-0.017598271369934083,0.9576890468597412,0.2181374877691269,-0.18774373829364777,-0.14707300066947938,0.9316533207893372,0.3322524130344391,0.24738886952400208,-0.29058247804641726,0.9243162870407105],"EasingStyle":"Linear","EasingDirection":"In"}}},{"Time":0.3166666626930237,"poses":{"Left Leg":{"Weight":1,"CFrame":[-0.18258976936340333,0.5464376211166382,0.09936690330505371,0.7980977892875671,-0.36539027094841006,0.4790925979614258,0.24766285717487336,0.9238003492355347,0.2919863164424896,-0.5492749810218811,-0.11438023298978806,0.8277767300605774],"EasingStyle":"Linear","EasingDirection":"In"},"Right Arm":{"Weight":1,"CFrame":[-0.3589032292366028,-0.07172355055809021,0.33464622497558596,-0.7874706983566284,-0.5873066186904907,-0.1869778335094452,0.44560766220092776,-0.7520779967308044,0.4856052100658417,-0.4258212149143219,0.2990812659263611,0.8539478182792664],"EasingStyle":"Linear","EasingDirection":"In"},"Left Arm":{"Weight":1,"CFrame":[-0.54912012