{"Sequence":[{"Time":0,"poses":{"Left Leg":{"Weight":1,"CFrame":[-0.01938013732433319,0.1515215039253235,0.026055335998535157,0.9192284345626831,-0.09722106903791428,0.3815325200557709,0.0258365198969841,0.9818403124809265,0.187941774725914,-0.3928759694099426,-0.16290393471717835,0.9050474166870117],"EasingStyle":"Linear","EasingDirection":"In"},"Right Arm":{"Weight":1,"CFrame":[-0.07422110438346863,-0.156193345785141,-0.07527858018875122,0.9638333320617676,0.021491311490535737,-0.26563772559165957,0.015033353120088578,0.9907717704772949,0.1347046047449112,0.26608142256736758,-0.13382621109485627,0.9546157717704773],"EasingStyle":"Linear","EasingDirection":"In"},"Left Arm":{"Weight":1,"CFrame":[-0.010940030217170716,-0.11299148201942444,0.02057206630706787,0.8864833116531372,-0.015216516330838204,0.462510347366333,-0.03603425994515419,0.9941547513008118,0.10177359730005264,-0.4613555073738098,-0.10688682645559311,0.8807532787322998],"EasingStyle":"Linear","EasingDirection":"In"},"Head":{"Weight":1,"CFrame":[1.5099580252808665e-7,-1.0644961203742226e-14,-4.76837158203125e-7,0.9732692241668701,-0.22966714203357697,8.912213189660179e-8,0.22966714203357697,0.9732692241668701,-1.4600637143757922e-8,-8.338655277384533e-8,3.467877718321688e-8,1],"EasingStyle":"Linear","EasingDirection":"In"},"Torso":{"Weight":1,"CFrame":[0,8.470329472543004e-22,-0.08504343032836914,0.9732692241668701,0.22966714203357697,-1.469595645176014e-7,-0.22966714203357697,0.9732692241668701,3.467877718321688e-8,1.5099578831723194e-7,0,1],"EasingStyle":"Linear","EasingDirection":"In"},"HumanoidRootPart":{"Weight":0,"CFrame":[0,0,0,1,0,0,0,1,0,0,0,1],"EasingStyle":"Linear","EasingDirection":"In"},"Right Leg":{"Weight":1,"CFrame":[0.17241312563419343,0.11634987592697144,0.10931193828582764,0.9878634214401245,0.14277586340904237,-0.06116291880607605,-0.13559526205062867,0.984775722026825,0.10876904428005219,0.0757613331079483,-0.09915553778409958,0.9921836256980896],"EasingStyle":"Linear","EasingDirection":"In"}}},{"Time":0.01666666753590107,"poses":{"Left Leg":{"Weight":1,"CFrame":[-0.021565062925219537,0.15642130374908448,0.026120305061340333,0.9195613861083984,-0.09278345853090286,0.3818352222442627,0.022045260295271875,0.982374370098114,0.18561962246894837,-0.39232754707336428,-0.16227097809314729,0.9053989052772522],"EasingStyle":"Linear","EasingDirection":"In"},"Right Arm":{"Weight":1,"CFrame":[-0.08904595673084259,-0.15634900331497193,-0.07438832521438599,0.9629820585250855,-0.014048983342945576,-0.26919904351234438,0.047388527542352679,0.9919115900993347,0.11775283515453339,0.2653673589229584,-0.12615081667900086,0.9558588266372681],"EasingStyle":"Linear","EasingDirection":"In"},"Left Arm":{"Weight":1,"CFrame":[-0.020769115537405015,-0.09452739357948303,0.02491772174835205,0.8946763873100281,0.0317801758646965,0.44558292627334597,-0.08445969969034195,0.9915097951889038,0.09886769950389862,-0.43865782022476199,-0.12608841061592103,0.8897646069526672],"EasingStyle":"Linear","EasingDirection":"In"},"Head":{"Weight":1,"CFrame":[1.5106888895388693e-7,5.611582309938967e-10,-5.960464477539063e-8,0.9732717871665955,-0.2296561896800995,-0.0001795420830603689,0.22965629398822785,0.9732714295387268,0.000869965530000627,-0.000025049761461559684,-0.0008879462257027626,0.9999995827674866],"EasingStyle":"Linear","EasingDirection":"In"},"Torso":{"Weight":1,"CFrame":[6.20989482058576e-10,4.0468944583874925e-16,-0.0891561508178711,0.9732717871665955,0.22965629398822785,-0.00002510809281375259,-0.22965458035469056,0.9732641577720642,-0.003962778020650148,-0.000885640038177371,0.0038626263849437238,0.9999921321868897],"EasingStyle":"Linear","EasingDirection":"In"},"HumanoidRootPart":{"Weight":0,"CFrame":[0,0,0,1,0,0,0,1,0,0,0,1],"EasingStyle":"Linear","EasingDirection":"In"},"Right Leg":{"Weight":1,"CFrame":[0.17514795064926148,0.11880427598953247,0.10836589336395264,0.9875864386558533,0.14482514560222627,-0.060817014425992969,-0.13765299320220948,0.984461784362793,0.10902576148509979,0.07566174864768982,-0.09930071979761124,0.9921767115592957],"EasingStyle":"Linear","EasingDirection":"In"}}},{"Time":0.03333333507180214,"poses":{"Left Leg":{"Weight":1,"CFrame":[-0.028185337781906129,0.16928929090499879,0.0268324613571167,0.9204019904136658,-0.08135194331407547,0.3824160397052765,0.012544619850814343,0.9837539792060852,0.17908300459384919,-0.3907720744609833,-0.16003108024597169,0.9064696431159973],"EasingStyle":"Linear","EasingDirection":"In"},"Right Arm":{"Weight":1,"CFrame":[-0.12877660989761353,-0.1574399471282959,-0.07161730527877808,0.9546219706535339,-0.11279094964265824,-0.2756357491016388,0.13700944185256959,0.9880801439285278,0.0701858177781105,0.26443392038345339,-0.10476566106081009,0.9586964249610901],"EasingStyle":"Linear","EasingDirection":"In"},"Left Arm":{"Weight":1,"CFrame":[-0.04747792333364487,-0.043691784143447879,0.03637421131134033,0.902228832244873,0.17685921490192414,0.39332425594329836,-0.23129375278949738,0.9682155251502991,0.09519388526678086,-0.3639867305755615,-0.17686010897159577,0.9144583940505981],"EasingStyle":"Linear","EasingDirection":"In"},"Head":{"Weight":1,"CFrame":[1.5107798390090466e-7,-3.410605131648481e-9,0,0.9732782244682312,-0.2296280562877655,-0.0006918789003975689,0.22962909936904908,0.9732725024223328,0.0033321063965559007,-0.00009175832383334637,-0.003401941852644086,0.9999942183494568],"EasingStyle":"Linear","EasingDirection":"In"},"Torso":{"Weight":1,"CFrame":[2.2581492231665836e-9,1.4715970319561134e-15,-0.09999847412109375,0.9732782244682312,0.22962908446788789,-0.00009180176130030304,-0.22960598766803742,0.9731743931770325,-0.014582665637135506,-0.0032592648640275,0.014214067719876767,0.9998936653137207],"EasingStyle":"Linear","EasingDirection":"In"},"HumanoidRootPart":{"Weight":0,"CFrame":[0,0,0,1,0,0,0,1,0,0,0,1],"EasingStyle":"Linear","EasingDirection":"In"},"Right Leg":{"Weight":1,"CFrame":[0.18404312431812287,0.12674987316131593,0.10555768013000488,0.9866714477539063,0.151371568441391,-0.05971648544073105,-0.14422503113746644,0.9834278225898743,0.1098581999540329,0.07535632699728012,-0.099781334400177,0.9921517372131348],"EasingStyle":"Linear","EasingDirection":"In"}}},{"Time":0.05000000074505806,"poses":{"Left Leg":{"Weight":1,"CFrame":[-0.04306235909461975,0.19195997714996339,0.029551982879638673,0.921455979347229,-0.06764562427997589,0.38254794478416445,0.0020096220541745426,0.9855399131774902,0.16943155229091645,-0.38847753405570986,-0.15535491704940797,0.908267617225647],"EasingStyle":"Linear","EasingDirection":"In"},"Right Arm":{"Weight":1,"CFrame":[-0.18629713356494904,-0.16040176153182984,-0.06681448221206665,0.9248842597007752,-0.26179999113082888,-0.27577149868011477,0.27153459191322329,0.9624240398406982,-0.0029899179935455324,0.26619186997413638,-0.0721161738038063,0.9612185955047607],"EasingStyle":"Linear","EasingDirection":"In"},"Left Arm":{"Weight":1,"CFrame":[-0.08689885586500168,0.03268057107925415,0.05257141590118408,0.8495163917541504,0.43541860580444338,0.29788026213645937,-0.48337018489837649,0.8686263561248779,0.10881851613521576,-0.21136507391929627,-0.23642955720424653,0.9483806490898132],"EasingStyle":"Linear","EasingDirection":"In"},"Head":{"Weight":1,"CFrame":[1.502630766481161e-7,-4.838511813431978e-9,1.1920928955078126e-7,0.9732867479324341,-0.2295881062746048,-0.0014970313059166074,0.2295929342508316,0.9732604026794434,0.007164441514760256,-0.00018786999862641096,-0.007316767703741789,0.9999732375144959],"EasingStyle":"Linear","EasingDirection":"In"},"Torso":{"Weight":1,"CFrame":[4.572751066689307e-9,2.9799838811850334e-15,-0.11532735824584961,0.9732867479324341,0.2295929193496704,-0.00018789076420944184,-0.22949537634849549,0.9728487133979797,-0.029954159632325174,-0.006694474257528782,0.02919710800051689,0.9995512366294861],"EasingStyle":"Linear","EasingDirection":"In"},"HumanoidRootPart":{"Weight":0,"CFrame":[0,0,0,1,0,0,0,1,0,0,0,1],"EasingStyle":"Linear","EasingDirection":"In"},"Right Leg":{"Weight":1,"CFrame":[0.20597335696220399,0.14666378498077393,0.10045254230499268,0.9844375848770142,0.16605056822299958,-0.057531896978616717,-0.15892519056797028,0.9809377193450928,0.11182136088609696,0.07500310987234116,-0.1009378731250763,0.9920614957809448],"EasingStyle":"Linear","EasingDirection":"In"}}},{"Time":0.06666667014360428,"poses":{"Left Leg":{"Weight":1,"CFrame":[-0.06924700736999512,0.22335004806518556,0.03610885143280029,0.9226237535476685,-0.05607477203011513,0.3816031813621521,-0.00508800009265542,0.9875197410583496,0.15741294622421266,-0.3856675624847412,-0.14717449247837068,0.9108238816261292],"EasingStyle":"Linear","EasingDirection":"In"},"Right Arm":{"Weight":1,"CFrame":[-0.25449156761169436,-0.16616973280906678,-0.0598292350769043,0.858877956867218,-0.44168585538864138,-0.2593112289905548,0.4328092634677887,0.8966065049171448,-0.0936637744307518,0.273870050907135,-0.03178655356168747,0.9612412452697754],"EasingStyle":"Linear","EasingDirection":"In"},"Left Arm":{"Weight":1,"CFrame":[-0.13486412167549134,0.12775593996047975,0.07113885879516602,0.6123842000961304,0.7733553647994995,0.16403377056121827,-0.7895137071609497,0.5875909328460693,0.17721439898014069,0.040664948523044589,-0.23803022503852845,0.9704061150550842],"EasingStyle":"Linear","EasingDirection":"In"},"Head":{"Weight":1,"CFrame":[1.4572287909686566e-7,-5.75528247281909e-9,1.1920928955078126e-7,0.9732955098152161,-0.22954164445400239,-0.0025548464618623258,0.2295556664466858,0.9732197523117065,0.0121444808319211,-0.0003012384404428303,-0.012406643480062485,0.9999229907989502],"EasingStyle":"Linear","EasingDirection":"In"},"Torso":{"Weight":1,"CFrame":[7.226073961419388e-9,4.709108469380489e-15,-0.13289976119995118,0.9732955098152161,0.22955568134784699,-0.00030122962198220193,-0.22930335998535157,0.9721624851226807,-0.04816732928156853,-0.010764237493276596,0.04695011302828789,0.998839259147644],"EasingStyle":"Linear","EasingDirection":"In"},"HumanoidRootPart":{"Weight":0,"CFrame":[0,0,0,1,0,0,0,1,0,0,0,1],"EasingStyle":"Linear","EasingDirection":"In"},"Right Leg":{"Weight":1,"CFrame":[0.23897531628608704,0.1688949465751648,0.09400486946105957,0.9806498885154724,0.18811127543449403,-0.054221078753471377,-0.18104282021522523,0.9767921566963196,0.11445783078670502,0.07449343055486679,-0.10242671519517899,0.9919472932815552],"EasingStyle":"Linear","EasingDirection":"In"}}},{"Time":0.0833333358168602,"poses":{"Left Leg":{"Weight":1,"CFrame":[-0.0991152971982956,0.25740742683410647,0.045310258865356448,0.9240612387657166,-0.04567330330610275,0.37950599193573,-0.00984228029847145,0.9896636009216309,0.14307039976119996,-0.38211774826049807,-0.1359410136938095,0.9140602350234985],"EasingStyle":"Linear","EasingDirection":"In"},"Right Arm":{"Weight":1,"CFrame":[-0.32624393701553347,-0.1756785809993744,-0.05051058530807495,0.7492685317993164,-0.6248998045921326,-0.2193101942539215,0.5957449674606323,0.7806284427642822,-0.18896348774433137,0.28928303718566897,0.010931499302387238,0.9571812152862549],"EasingStyle":"Linear","EasingDirection":"In"},"Left Arm":{"Weight":1,"CFrame":[-0.18720611929893495,0.23469913005828858,0.08970654010772705,0.11161110550165177,0.9922831058502197,0.054011669009923938,-0.9423003792762756,0.08841407299041748,0.3228822350502014,0.3156152665615082,-0.08693242818117142,0.9448966979980469],"EasingStyle":"Linear","EasingDirection":"In"},"Head":{"Weight":1,"CFrame":[1.572479959577322e-7,-2.3028405848890544e-8,-1.1920928955078126e-7,0.9733025431632996,-0.22949400544166566,-0.0038248803466558458,0.22952549159526826,0.9731352925300598,0.018049513921141626,-0.00042012694757431746,-0.018445540219545366,0.9998297691345215],"EasingStyle":"Linear","EasingDirection":"In"},"Torso":{"Weight":1,"CFrame":[9.879402185219988e-9,6.438236869224208e-15,-0.15047168731689454,0.9733025431632996,0.22952550649642945,-0.00042008524178527296,-0.2290324717760086,0.971088707447052,-0.06731146574020386,-0.015041756443679333,0.06561063230037689,0.9977319240570068],"EasingStyle":"Linear","EasingDirection":"In"},"HumanoidRootPart":{"Weight":0,"CFrame":[0,0,0,1,0,0,0,1,0,0,0,1],"EasingStyle":"Linear","EasingDirection":"In"},"Right Leg":{"Weight":1,"CFrame":[0.28089505434036257,0.19058459997177125,0.08644664287567139,0.974994957447052,0.21659106016159059,-0.049730297178030017,-0.20963509380817414,0.9706826210021973,0.11759426444768906,0.07374220341444016,-0.10422860085964203,0.9918157458305359],"EasingStyle":"Linear","EasingDirection":"In"}}},{"Time":0.10000000149011612,"poses":{"Left Leg":{"Weight":1,"CFrame":[-0.1245623379945755,0.2908819913864136,0.05489790439605713,0.925857663154602,-0.035066258162260059,0.37624189257621767,-0.013963707722723484,0.9918297529220581,0.12680190801620484,-0.3776143789291382,-0.1226542517542839,0.9178035259246826],"EasingStyle":"Linear","EasingDirection":"In"},"Right Arm":{"Weight":1,"CFrame":[-0.3944382965564728,-0.18986424803733827,-0.03870797157287598,0.6028692722320557,-0.7823540568351746,-0.1564307063817978,0.7345783114433289,0.620809018611908,-0.27384498715400698,0.31135737895965578,0.05018210783600807,0.9489669799804688],"EasingStyle":"Linear","EasingDirection":"In"},"Left Arm":{"Weight":1,"CFrame":[-0.23975712060928346,0.3466758131980896,0.10590362548828125,-0.42503291368484499,0.9041302800178528,0.0435372032225132,-0.7883363366127014,-0.39337730407714846,0.47305402159690859,0.4448290169239044,0.16674162447452546,0.8799570798873901],"EasingStyle":"Linear","EasingDirection":"In"},"Head":{"Weight":1,"CFrame":[1.521548256278038e-7,-1.4828401617705822e-8,-2.980232238769531e-7,0.9733057618141174,-0.22945190966129304,-0.005266765598207712,0.22951169312000276,0.9729934930801392,0.024658026173710824,-0.0005333011504262686,-0.02520858496427536,0.9996820688247681],"EasingStyle":"Linear","EasingDirection":"In"},"Torso":{"Weight":1,"CFrame":[1.2194004028742711e-8,7.946623400815773e-15,-0.1658005714416504,0.9733057618141174,0.22951170802116395,-0.0005332219297997654,-0.22871600091457368,0.9697327017784119,-0.08548346161842346,-0.019102374091744424,0.08332350105047226,0.9963394403457642],"EasingStyle":"Linear","EasingDirection":"In"},"HumanoidRootPart":{"Weight":0,"CFrame":[0,0,0,1,0,0,0,1,0,0,0,1],"EasingStyle":"Linear","EasingDirection":"In"},"Right Leg":{"Weight":1,"CFrame":[0.32660675048828127,0.21008753776550294,0.07784056663513184,0.9675227999687195,0.24889780580997468,-0.044153012335300449,-0.2421286553144455,0.9626713991165161,0.12098550796508789,0.07261788100004196,-0.10636550933122635,0.9916718006134033],"EasingStyle":"Linear","EasingDirection":"In"}}},{"Time":0.11666666716337204,"poses":{"Left Leg":{"Weight":1,"CFrame":[-0.14275866746902467,0.3203338384628296,0.06417346000671387,0.9280104041099548,-0.025245847180485727,0.3716978132724762,-0.016720306128263475,0.9938737154006958,0.109249547123909,-0.3721788823604584,-0.10759962350130081,0.9219030737876892],"EasingStyle":"Linear","EasingDirection":"In"},"Right Arm":{"Weight":1,"CFrame":[-0.4519588351249695,-0.20966148376464845,-0.024270236492156984,0.4393601417541504,-0.8947975039482117,-0.07937397807836533,0.8330500721931458,0.4389107823371887,-0.3367265462875366,0.3361401855945587,0.0818217471241951,0.9382510185241699],"EasingStyle":"Linear","EasingDirection":"In"},"Left Arm":{"Weight":1,"CFrame":[-0.28834962844848635,0.4568519592285156,0.11736035346984863,-0.7344406843185425,0.6722732782363892,0.09298168122768402,-0.5281276702880859,-0.6521809697151184,0.5438207983970642,0.4262371063232422,0.3502979874610901,0.8340343832969666],"EasingStyle":"Linear","EasingDirection":"In"},"Head":{"Weight":1,"CFrame":[1.5256227925419808e-7,3.346940502524376e-10,-2.980232238769531e-7,0.9733027815818787,-0.22942307591438294,-0.006840737070888281,0.22952412068843842,0.9727849364280701,0.0317513644695282,-0.0006299278466030955,-0.03247381001710892,0.9994723796844482],"EasingStyle":"Linear","EasingDirection":"In"},"Torso":{"Weight":1,"CFrame":[1.383116021713704e-8,9.013528313485397e-15,-0.17664337158203126,0.9733027815818787,0.2295241504907608,-0.0006298075895756483,-0.2284170538187027,0.968331515789032,-0.10079571604728699,-0.02252519130706787,0.09824860841035843,0.9949069619178772],"EasingStyle":"Linear","EasingDirection":"In"},"HumanoidRootPart":{"Weight":0,"CFrame":[0,0,0,1,0,0,0,1,0,0,0,1],"EasingStyle":"Linear","EasingDirection":"In"},"Right Leg":{"Weight":1,"CFrame":[0.37221255898475649,0.22661513090133668,0.06825864315032959,0.9584252238273621,0.28285306692123415,-0.03762078657746315,-0.276361346244812,0.9529714584350586,0.12437760084867478,0.0710320696234703,-0.10880971699953079,0.9915214776992798],"EasingStyle":"Linear","EasingDirection":"In"}}},{"Time":0.13333334028720857,"poses":{"Left Leg":{"Weight":1,"CFrame":[-0.1549614667892456,0.3423793911933899,0.07352340221405029,0.9304969906806946,-0.019054396077990533,0.36580348014831545,-0.015481510199606419,0.9957080483436585,0.09124606102705002,-0.3659721612930298,-0.09056738018989563,0.9262083768844605],"EasingStyle":"Linear","EasingDirection":"In"},"Right Arm":{"Weight":1,"CFrame":[-0.4916895925998688,-0.2360057532787323,-0.007046878337860107,0.282439261674881,-0.9592849612236023,-0.0006385892047546804,0.8898289203643799,0.262238085269928,-0.3734109401702881,0.3583749234676361,0.10489769279956818,0.9276658296585083],"EasingStyle":"Linear","EasingDirection":"In"},"Left Arm":{"Weight":1,"CFrame":[-0.328815758228302,0.5583926439285278,0.12170577049255371,-0.8453160524368286,0.5183889269828796,0.12928153574466706,-0.3794093132019043,-0.7528266310691834,0.5378666520118713,0.3761507272720337,0.40561676025390627,0.8330580592155457],"EasingStyle":"Linear","EasingDirection":"In"},"Head":{"Weight":1,"CFrame":[1.432490535080433e-7,8.818460628390313e-9,2.384185791015625e-7,0.9732910990715027,-0.22941674292087556,-0.008508129045367241,0.2295733243227005,0.9725050926208496,0.039114367216825488,-0.0006992904236540198,-0.04002290219068527,0.9991984963417053],"EasingStyle":"Linear","EasingDirection":"In"},"Torso":{"Weight":1,"CFrame":[1.4452149699195616e-8,9.418217785793926e-15,-0.180755615234375,0.9732910990715027,0.22957336902618409,-0.000699127500411123,-0.2282208502292633,0.9672178626060486,-0.11137720197439194,-0.024893028661608697,0.10856200009584427,0.9937779307365418],"EasingStyle":"Linear","EasingDirection":"In"},"HumanoidRootPart":{"Weight":0,"CFrame":[0,0,0,1,0,0,0,1,0,0,0,1],"EasingStyle":"Linear","EasingDirection":"In"},"Right Leg":{"Weight":1,"CFrame":[0.41622859239578249,0.23982656002044679,0.05782639980316162,0.9478481411933899,0.3172838091850281,-0.030247829854488374,-0.31117525696754458,0.9417572021484375,0.1275278627872467,0.06894858926534653,-0.11146470159292221,0.9913736581802368],"EasingStyle":"Linear","EasingDirection":"In"}}},{"Time":0.15000000596046449,"poses":{"Left Leg":{"Weight":1,"CFrame":[-0.16408498585224152,0.3546234369277954,0.08346498012542725,0.9332481622695923,-0.02015850320458412,0.35866615176200869,-0.006809699349105358,0.9972521662712097,0.07376846671104431,-0.3591677248477936,-0.07128667831420899,0.9305465221405029],"EasingStyle":"Linear","EasingDirection":"In"},"Right Arm":{"Weight":1,"CFrame":[-0.506514310836792,-0.26983314752578738,0.013112902641296387,0.15124432742595673,-0.9861128926277161,0.06860411167144776,0.915370762348175,0.11352099478244782,-0.3862762451171875,0.3731239438056946,0.12122030556201935,0.9198282957077026],"EasingStyle":"Linear","EasingDirection":"In"},"Left Arm":{"Weight":1,"CFrame":[-0.3604235053062439,0.6458123922348023,0.11630439758300781,-0.8840877413749695,0.4453693926334381,0.14154523611068726,-0.3238307237625122,-0.8022289276123047,0.5015599131584168,0.33693110942840578,0.39758631587028506,0.8534650206565857],"EasingStyle":"Linear","EasingDirection":"In"},"Head":{"Weight":1,"CFrame":[1.512817107141018e-7,-3.8751750253140929e-8,-4.172325134277344e-7,0.9732682704925537,-0.22924451529979707,-0.013994691893458367,0.22967007756233216,0.9712610840797424,0.06247808784246445,-0.0007302589365281165,-0.06402211636304856,0.9979482293128967],"EasingStyle":"Linear","EasingDirection":"In"},"Torso":{"Weight":1,"CFrame":[1.3843676427427454e-8,9.021685240767456e-15,-0.1767258644104004,0.9732682704925537,0.22967012226581574,-0.0007300552679225802,-0.22821874916553498,0.9667510986328125,-0.11536269634962082,-0.02578958310186863,0.11244546622037888,0.9933231472969055],"EasingStyle":"Linear","EasingDirection":"In"},"HumanoidRootPart":{"Weight":0,"CFrame":[0,0,0,1,0,0,0,1,0,0,0,1],"EasingStyle":"Linear","EasingDirection":"In"},"Right Leg":{"Weight":1,"CFrame":[0.45916786789894106,0.25028133392333987,0.04660332202911377,0.9357782602310181,0.3518950641155243,-0.022112155333161355,-0.3462836444377899,0.9290417432785034,0.13026514649391175,0.06638269871473313,-0.11424220353364945,0.9912325739860535],"EasingStyle":"Linear","EasingDirection":"In"}}},{"Time":0.1666666716337204,"poses":{"Left Leg":{"Weight":1,"CFrame":[-0.17436344921588899,0.35650479793548586,0.09413933753967285,0.9357998967170715,-0.03672346845269203,0.350613534450531,0.01689578779041767,0.9980885982513428,0.05944504216313362,-0.35212644934654238,-0.04970478266477585,0.9346317052841187],"EasingStyle":"Linear","EasingDirection":"In"},"Right Arm":{"Weight":1,"CFrame":[-0.5027439594268799,-0.32579460740089419,0.03615713119506836,0.04664279893040657,-0.9898980259895325,0.13388918340206147,0.926040768623352,-0.0074048759415745739,-0.37735092639923098,0.3745303750038147,0.1415875405073166,0.9163405299186707],"EasingStyle":"Linear","EasingDirection":"In"},"Left Arm":{"Weight":1,"CFrame":[-0.385750412940979,0.7190223932266235,0.1013716459274292,-0.9109172224998474,0.386844277381897,0.1434617042541504,-0.28234627842903139,-0.8380110859870911,0.46692386269569399,0.3008493483066559,0.38482317328453066,0.8725828528404236],"EasingStyle":"Linear","EasingDirection":"In"},"Head":{"Weight":1,"CFrame":[1.6318517737090588e-7,-3.3399373933207246e-8,0,0.9731796979904175,-0.22866876423358918,-0.025137441232800485,0.23004624247550965,0.9673285484313965,0.10655620694160462,-0.00004990732850274071,-0.10948113352060318,0.9939888715744019],"EasingStyle":"Linear","EasingDirection":"In"},"Torso":{"Weight":1,"CFrame":[1.210438327348129e-8,7.888217938003747e-15,-0.1652073860168457,0.9731796979904175,0.23004628717899323,-0.00004966844790033065,-0.2286980301141739,0.9674526453018189,-0.10831692069768906,-0.024869855493307115,0.10542318224906922,0.9941164255142212],"EasingStyle":"Linear","EasingDirection":"In"},"HumanoidRootPart":{"Weight":0,"CFrame":[0,0,0,1,0,0,0,1,0,0,0,1],"EasingStyle":"Linear","EasingDirection":"In"},"Right Leg":{"Weight":1,"CFrame":[0.5031797885894775,0.2579548954963684,0.034574151039123538,0.9205439686775208,0.39043575525283816,-0.012596153654158116,-0.38549113273620608,0.9131582379341126,0.1324334591627121,0.06320901960134506,-0.11705509573221207,0.9911118745803833],"EasingStyle":"Linear","EasingDirection":"In"}}},{"Time":0.18333333730697633,"poses":{"Left Leg":{"Weight":1,"CFrame":[-0.18734358251094819,0.34788018465042117,0.10503017902374268,0.936817467212677,-0.07204358279705048,0.34231963753700259,0.05848925560712814,0.9970466494560242,0.04976946860551834,-0.3448942005634308,-0.02660289593040943,0.9382644891738892],"EasingStyle":"Linear","EasingDirection":"In"},"Right Arm":{"Weight":1,"CFrame":[-0.49243873357772829,-0.4104852080345154,0.06122088432312012,-0.04121467098593712,-0.9784196615219116,0.20247545838356019,0.9308251738548279,-0.11125028878450394,-0.3481203317642212,0.3631333112716675,0.17412158846855164,0.9153228402137756],"EasingStyle":"Linear","EasingDirection":"In"},"Left Arm":{"Weight":1,"CFrame":[-0.40559327602386477,0.7792820930480957,0.07881343364715576,-0.930201530456543,0.34019356966018679,0.13781696557998658,-0.25208812952041628,-0.8650283217430115,0.43379440903663638,0.26678961515426638,0.3687741756439209,0.8904094099998474],"EasingStyle":"Linear","EasingDirection":"In"},"Head":{"Weight":1,"CFrame":[1.498265191912651e-7,3.457535058259964e-8,-5.960464477539063e-8,0.9729903936386108,-0.22743988037109376,-0.039507459849119189,0.23083822429180146,0.9599783420562744,0.1586042195558548,0.0018533816328272224,-0.16344022750854493,0.9865515232086182],"EasingStyle":"Linear","EasingDirection":"In"},"Torso":{"Weight":1,"CFrame":[9.363454012145667e-9,6.10200205861393e-15,-0.14705467224121095,0.9729903936386108,0.23083829879760743,0.001853659632615745,-0.22977158427238465,0.9692054986953735,-0.08857619017362595,-0.022243350744247438,0.08575786650180817,0.9960677027702332],"EasingStyle":"Linear","EasingDirection":"In"},"HumanoidRootPart":{"Weight":0,"CFrame":[0,0,0,1,0,0,0,1,0,0,0,1],"EasingStyle":"Linear","EasingDirection":"In"},"Right Leg":{"Weight":1,"CFrame":[0.5471388697624207,0.2585437297821045,0.022118449211120607,0.8994179368019104,0.43708837032318118,-0.0010674615623429418,-0.43299752473831179,0.8913281559944153,0.13434021174907685,0.059669844806194308,-0.12036579102277756,0.9909346699714661],"EasingStyle":"Linear","EasingDirection":"In"}}},{"Time":0.20000000298023225,"poses":{"Left Leg":{"Weight":1,"CFrame":[-0.2009417563676834,0.32878392934799197,0.11533784866333008,0.9345225095748901,-0.12219015508890152,0.3342711925506592,0.11411335319280625,0.9925028681755066,0.04377464950084686,-0.33711403608322146,-0.0027635858859866859,0.9414597749710083],"EasingStyle":"Linear","EasingDirection":"In"},"Right Arm":{"Weight":1,"CFrame":[-0.4771077632904053,-0.5127484798431397,0.08723664283752442,-0.11449063569307327,-0.9561781287193298,0.2694720923900604,0.932232677936554,-0.19714048504829408,-0.30344340205192568,0.3432697355747223,0.21646933257579804,0.9139512777328491],"EasingStyle":"Linear","EasingDirection":"In"},"Left Arm":{"Weight":1,"CFrame":[-0.4207489490509033,0.8278505802154541,0.050536274909973147,-0.9444882273674011,0.3032349944114685,0.12645374238491059,-0.23071834444999696,-0.8861813545227051,0.4018104374408722,0.23390395939350129,0.35033008456230166,0.9069497585296631],"EasingStyle":"Linear","EasingDirection":"In"},"Head":{"Weight":1,"CFrame":[1.4994293451309205e-7,6.51925802230835e-9,3.5762786865234377e-7,0.9727300405502319,-0.22537995874881745,-0.054773472249507907,0.23189139366149903,0.9498603343963623,0.20974195003509522,0.0047555165365338329,-0.21672382950782777,0.9762213826179504],"EasingStyle":"Linear","EasingDirection":"In"},"Torso":{"Weight":1,"CFrame":[5.7500706418522899e-9,3.747222513159716e-15,-0.12312459945678711,0.9727300405502319,0.2318914830684662,0.004755819216370583,-0.23122791945934297,0.9711445569992065,-0.05841154232621193,-0.01816372573375702,0.055718980729579929,0.9982812404632568],"EasingStyle":"Linear","EasingDirection":"In"},"HumanoidRootPart":{"Weight":0,"CFrame":[0,0,0,1,0,0,0,1,0,0,0,1],"EasingStyle":"Linear","EasingDirection":"In"},"Right Leg":{"Weight":1,"CFrame":[0.5881951451301575,0.24768316745758058,0.009863734245300293,0.8704904913902283,0.4920288324356079,0.012403018772602082,-0.4889468848705292,0.8616024255752564,0.13628040254116059,0.056367360055446628,-0.12469519674777985,0.9905926585197449],"EasingStyle":"Linear","EasingDirection":"In"}}},{"Time":0.21666666865348817,"poses":{"Left Leg":{"Weight":1,"CFrame":[-0.21151067316532136,0.2997691035270691,0.12402284145355225,0.9273595213890076,-0.18241575360298158,0.32669374346733096,0.1791091412305832,0.9829971790313721,0.04045255482196808,-0.32851818203926089,0.02099977247416973,0.9442641735076904],"EasingStyle":"Linear","EasingDirection":"In"},"Right Arm":{"Weight":1,"CFrame":[-0.4582598805427551,-0.6214317679405212,0.11313652992248535,-0.17469970881938935,-0.9273291826248169,0.3309692144393921,0.9316832423210144,-0.2644225060939789,-0.24909226596355439,0.3185063600540161,0.2648421823978424,0.910171627998352],"EasingStyle":"Linear","EasingDirection":"In"},"Left Arm":{"Weight":1,"CFrame":[-0.432014137506485,0.8659870624542236,0.01844644546508789,-0.9552751779556274,0.2742365896701813,0.11065089702606201,-0.21637004613876344,-0.9032368063926697,0.3706037700176239,0.2015771120786667,0.33008715510368349,0.9221763610839844],"EasingStyle":"Linear","EasingDirection":"In"},"Head":{"Weight":1,"CFrame":[1.5133991837501527e-7,-3.4924596548080446e-9,-1.1920928955078126e-7,0.9724300503730774,-0.22288142144680024,-0.068583182990551,0.23304235935211183,0.9394456744194031,0.2512628436088562,0.008428356610238552,-0.2603183388710022,0.9654860496520996],"EasingStyle":"Linear","EasingDirection":"In"},"Torso":{"Weight":1,"CFrame":[1.3934222664602203e-9,9.080702473125637e-16,-0.09427165985107422,0.9724300503730774,0.23304244875907899,0.008428683504462242,-0.23283833265304566,0.9723068475723267,-0.020141910761594774,-0.012889186851680279,0.017624080181121827,0.9997615814208984],"EasingStyle":"Linear","EasingDirection":"In"},"HumanoidRootPart":{"Weight":0,"CFrame":[0,0,0,1,0,0,0,1,0,0,0,1],"EasingStyle":"Linear","EasingDirection":"In"},"Right Leg":{"Weight":1,"CFrame":[0.6246452331542969,0.22594678401947022,-0.0017457008361816407,0.8339100480079651,0.551233172416687,0.027131639420986177,-0.5493111610412598,0.8242378234863281,0.13743752241134644,0.053397148847579959,-0.12951423227787019,0.9901387691497803],"EasingStyle":"Linear","EasingDirection":"In"}}},{"Time":0.23333333432674409,"poses":{"Left Leg":{"Weight":1,"CFrame":[-0.21467164158821107,0.2627291679382324,0.12993407249450684,0.9146451950073242,-0.2474597543478012,0.31966832280158999,0.24827629327774049,0.9679080843925476,0.038895245641469958,-0.319034606218338,0.04379072040319443,0.9467308521270752],"EasingStyle":"Linear","EasingDirection":"In"},"Right Arm":{"Weight":1,"CFrame":[-0.4374040961265564,-0.7253799438476563,0.13785266876220704,-0.22255206108093263,-0.8961682319641113,0.38386595249176028,0.9301574230194092,-0.3131210207939148,-0.19173534214496613,0.292023628950119,0.31438466906547549,0.90326327085495],"EasingStyle":"Linear","EasingDirection":"In"},"Left Arm":{"Weight":1,"CFrame":[-0.44018566608428957,0.8949519395828247,-0.015549838542938233,-0.9634498953819275,0.25182971358299258,0.09135723859071732,-0.20753522217273713,-0.9172860383987427,0.339875727891922,0.16939149796962739,0.30849331617355349,0.9360226392745972],"EasingStyle":"Linear","EasingDirection":"In"},"Head":{"Weight":1,"CFrame":[1.4854595065116883e-7,1.6298145055770875e-9,-2.384185791015625e-7,0.9721209406852722,-0.22088058292865754,-0.07869330048561096,0.23413963615894319,0.9324864149093628,0.2750411629676819,0.012629182077944279,-0.2857985198497772,0.9582065343856812],"EasingStyle":"Linear","EasingDirection":"In"},"Torso":{"Weight":1,"CFrame":[-3.577309115598837e-9,-2.3312697224866977e-15,-0.06135225296020508,0.9721209406852722,0.23413972556591035,0.012629523873329163,-0.2343844175338745,0.97185218334198,0.023816462606191636,-0.006697650533169508,-0.026112645864486696,0.9996365904808044],"EasingStyle":"Linear","EasingDirection":"In"},"HumanoidRootPart":{"Weight":0,"CFrame":[0,0,0,1,0,0,0,1,0,0,0,1],"EasingStyle":"Linear","EasingDirection":"In"},"Right Leg":{"Weight":1,"CFrame":[0.6542946100234985,0.19546175003051759,-0.012370049953460694,0.790810763835907,0.6105944514274597,0.04233904555439949,-0.6099529266357422,0.780463695526123,0.13723710179328919,0.050752192735672,-0.1343533843755722,0.9896329641342163],"EasingStyle":"Linear","EasingDirection":"In"}}},{"Time":0.25,"poses":{"Left Leg":{"Weight":1,"CFrame":[-0.20645077526569367,0.22119790315628053,0.1320781707763672,0.8969460725784302,-0.31206709146499636,0.3132120668888092,0.31640341877937319,0.9478512406349182,0.03830115497112274,-0.30883103609085085,0.06474730372428894,0.9489105343818665],"EasingStyle":"Linear","EasingDirection":"In"},"Right Arm":{"Weight":1,"CFrame":[-0.416049599647522,-0.813439130783081,0.1603180170059204,-0.25799813866615298,-0.8672501444816589,0.4258100688457489,0.928560197353363,-0.34431344270706179,-0.13865122199058534,0.266857385635376,0.35961848497390749,0.8941261768341065],"EasingStyle":"Linear","EasingDirection":"In"},"Left Arm":{"Weight":1,"CFrame":[-0.44606050848960879,0.9160054922103882,-0.04954582452774048,-0.9695405960083008,0.23491129279136659,0.0693373829126358,-0.2029617577791214,-0.9290095567703247,0.3094313144683838,0.13710397481918336,0.28593337535858157,0.948390543460846],"EasingStyle":"Linear","EasingDirection":"In"},"Head":{"Weight":1,"CFrame":[1.4642137102782727e-7,-6.984919309616089e-9,-5.960464477539063e-8,0.9718300700187683,-0.22058358788490296,-0.08300098031759262,0.2350616306066513,0.9327203631401062,0.27345696091651919,0.01709657721221447,-0.2852640450000763,0.9582964777946472],"EasingStyle":"Linear","EasingDirection":"In"},"Torso":{"Weight":1,"CFrame":[-9.032937953179499e-9,-5.886608779907213e-15,-0.025220870971679689,0.9718300700187683,0.23506172001361848,0.017096929252147676,-0.2356826215982437,0.9692367315292358,0.07094986736774445,0.0001066281838575378,-0.07298066467046738,0.9973333477973938],"EasingStyle":"Linear","EasingDirection":"In"},"HumanoidRootPart":{"Weight":0,"CFrame":[0,0,0,1,0,0,0,1,0,0,0,1],"EasingStyle":"Linear","EasingDirection":"In"},"Right Leg":{"Weight":1,"CFrame":[0.6754750609397888,0.1597127914428711,-0.02184849977493286,0.743349015712738,0.6664505004882813,0.05723554641008377,-0.6671565175056458,0.732507586479187,0.13540683686733247,0.04831647500395775,-0.13883958756923676,0.9891355037689209],"EasingStyle":"Linear","EasingDirection":"In"}}},{"Time":0.2666666805744171,"poses":{"Left Leg":{"Weight":1,"CFrame":[-0.18433567881584168,0.17998772859573365,0.12986338138580323,0.8760710954666138,-0.3715500235557556,0.30732712149620058,0.3788447678089142,0.9246808886528015,0.03797357529401779,-0.29828858375549319,0.08316170424222946,0.9508459568023682],"EasingStyle":"Linear","EasingDirection":"In"},"Right Arm":{"Weight":1,"CFrame":[-0.39570510387420657,-0.8744539022445679,0.17946398258209229,-0.2803989052772522,-0.8451778888702393,0.45502832531929018,0.92780601978302,-0.3601662218570709,-0.09724391996860504,0.2460741549730301,0.39491093158721926,0.8851513266563416],"EasingStyle":"Linear","EasingDirection":"In"},"Left Arm":{"Weight":1,"CFrame":[-0.45043522119522097,0.930405855178833,-0.08163565397262573,-0.9738685488700867,0.22255608439445496,0.04526473209261894,-0.20157362520694734,-0.9388377666473389,0.2791985273361206,0.10463356226682663,0.2627784013748169,0.9591659307479858],"EasingStyle":"Linear","EasingDirection":"In"},"Head":{"Weight":1,"CFrame":[1.4901161193847657e-7,6.984919309616089e-9,-2.384185791015625e-7,0.971579909324646,-0.2216268926858902,-0.08315061032772064,0.23572862148284913,0.9378690719604492,0.25462445616722109,0.021552763879299165,-0.2669890224933624,0.9634585380554199],"EasingStyle":"Linear","EasingDirection":"In"},"Torso":{"Weight":1,"CFrame":[-1.484428491238532e-8,-9.673762543782865e-15,0.013265609741210938,0.9715798497200012,0.2357286512851715,0.02155311033129692,-0.2366025447845459,0.9643292427062988,0.11869420856237412,0.007195331156253815,-0.1204204112291336,0.9926968812942505],"EasingStyle":"Linear","EasingDirection":"In"},"HumanoidRootPart":{"Weight":0,"CFrame":[0,0,0,1,0,0,0,1,0,0,0,1],"EasingStyle":"Linear","EasingDirection":"In"},"Right Leg":{"Weight":1,"CFrame":[0.687907338142395,0.12283575534820557,-0.03022211790084839,0.6944093704223633,0.7160560488700867,0.07112801820039749,-0.7181153297424316,0.6832982897758484,0.1319618970155716,0.045890457928180698,-0.14271366596221925,0.9886995553970337],"EasingStyle":"Linear","EasingDirection":"In"}}},{"Time":0.28333333134651186,"poses":{"Left Leg":{"Weight":1,"CFrame":[-0.14898648858070374,0.14370501041412354,0.1236121654510498,0.854444146156311,-0.42273640632629397,0.30202484130859377,0.43250951170921328,0.9008569717407227,0.037314414978027347,-0.287855327129364,0.09874550253152847,0.9525694847106934],"EasingStyle":"Linear","EasingDirection":"In"},"Right Arm":{"Weight":1,"CFrame":[-0.3778797686100006,-0.8972710371017456,0.19422364234924317,-0.2887919843196869,-0.8341494202613831,0.46988722681999209,0.9286162853240967,-0.3634796440601349,-0.07452739775180817,0.23296140134334565,0.4148220121860504,0.879574716091156],"EasingStyle":"Linear","EasingDirection":"In"},"Left Arm":{"Weight":1,"CFrame":[-0.45410701632499697,0.9394145011901856,-0.1099129319190979,-0.9766453504562378,0.21394528448581696,0.019781678915023805,-0.20241416990756989,-0.9470517635345459,0.24924172461032868,0.07205835729837418,0.23941673338413239,0.9682392477989197],"EasingStyle":"Linear","EasingDirection":"In"},"Head":{"Weight":1,"CFrame":[1.5087425708770753e-7,-3.119930624961853e-8,-1.1920928955078126e-7,0.9713864922523499,-0.22275249660015107,-0.08239911496639252,0.23610858619213105,0.9432550668716431,0.23350082337856294,0.025710493326187135,-0.24627472460269929,0.9688590168952942],"EasingStyle":"Linear","EasingDirection":"In"},"Torso":{"Weight":1,"CFrame":[-2.088215289575146e-8,-1.3608537209705996e-14,0.0532526969909668,0.9713864922523499,0.23610861599445344,0.025710836052894594,-0.237077996134758,0.9574602842330933,0.16451077163219453,0.014225300401449204,-0.16589900851249696,0.9860401153564453],"EasingStyle":"Linear","EasingDirection":"In"},"HumanoidRootPart":{"Weight":0,"CFrame":[0,0,0,1,0,0,0,1,0,0,0,1],"EasingStyle":"Linear","EasingDirection":"In"},"Right Leg":{"Weight":1,"CFrame":[0.6930692195892334,0.08864486217498779,-0.037696659564971927,0.6471123099327087,0.7578083872795105,0.08349854499101639,-0.7611677646636963,0.6359734535217285,0.12712793052196504,0.04323580116033554,-0.1458224207162857,0.9883655309677124],"EasingStyle":"Linear","EasingDirection":"In"}}},{"Time":0.30000001192092898,"poses":{"Left Leg":{"Weight":1,"CFrame":[-0.10632465779781342,0.114102303981781,0.11525106430053711,0.8338108658790588,-0.46512991189956667,0.29734402894973757,0.477079838514328,0.8781298398971558,0.03581760451197624,-0.27776652574539187,0.11199171841144562,0.9540983438491821],"EasingStyle":"Linear","EasingDirection":"In"},"Right Arm":{"Weight":1,"CFrame":[-0.3631184697151184,-0.8960235118865967,0.20544469356536866,-0.289098858833313,-0.8309217095375061,0.4753849506378174,0.9307029843330383,-0.3602036237716675,-0.06360279023647309,0.2240842878818512,0.42405474185943606,0.8774757981300354],"EasingStyle":"Linear","EasingDirection":"In"},"Left Arm":{"Weight":1,"CFrame":[-0.457872211933136,0.944288969039917,-0.1324710249900818,-0.9780417680740356,0.20830883085727693,-0.006463479250669479,-0.20460931956768037,-0.9538527727127075,0.21977229416370393,0.039615292102098468,0.21626898646354676,0.9755297899246216],"EasingStyle":"Linear","EasingDirection":"In"},"Head":{"Weight":1,"CFrame":[1.73225998878479e-7,1.257285475730896e-8,-3.5762786865234377e-7,0.9712594747543335,-0.2237836718559265,-0.08109169453382492,0.23621511459350587,0.9481306076049805,0.2127220630645752,0.029281804338097574,-0.2257634997367859,0.9737420082092285],"EasingStyle":"Linear","EasingDirection":"In"},"Torso":{"Weight":1,"CFrame":[-2.7017367898451995e-8,-1.7606752102279634e-14,0.09388446807861328,0.9712594747543335,0.23621512949466706,0.029282143339514734,-0.23710814118385316,0.9493991732597351,0.2059634029865265,0.020851226523518564,-0.2069869339466095,0.9781214594841003],"EasingStyle":"Linear","EasingDirection":"In"},"HumanoidRootPart":{"Weight":0,"CFrame":[0,0,0,1,0,0,0,1,0,0,0,1],"EasingStyle":"Linear","EasingDirection":"In"},"Right Leg":{"Weight":1,"CFrame":[0.6940971612930298,0.05965608358383179,-0.044570744037628177,0.6042535901069641,0.7912233471870422,0.09403738379478455,-0.7957807183265686,0.5933247208595276,0.12123946100473404,0.04013281688094139,-0.14809249341487885,0.9881588816642761],"EasingStyle":"Linear","EasingDirection":"In"}}},{"Time":0.3166666626930237,"poses":{"Left Leg":{"Weight":1,"CFrame":[-0.06725715100765228,0.08832359313964844,0.10822618007659912,0.8142838478088379,-0.5008745789527893,0.2933708727359772,0.5149726867675781,0.8565687537193298,0.0330626405775547,-0.2678525447845459,0.12415558099746704,0.955426812171936],"EasingStyle":"Linear","EasingDirection":"In"},"Right Arm":{"Weight":1,"CFrame":[-0.35081109404563906,-0.892426609992981,0.21480035781860352,-0.2880222499370575,-0.8297550082206726,0.4780687987804413,0.9334700703620911,-0.35468506813049319,-0.05321735143661