{"Sequence":[{"Time":0,"poses":{"Left Leg":{"Weight":1,"CFrame":[0.37435925006866457,0.0640525221824646,-0.17976504564285279,0.6611252427101135,-0.22070568799972535,0.7170789837837219,0.1969357281923294,0.9732900857925415,0.11799453943967819,-0.7239680290222168,0.06320931017398834,0.6869315505027771],"EasingStyle":"Linear","EasingDirection":"In"},"Right Arm":{"Weight":1,"CFrame":[0.22305548191070558,0.2180730104446411,0.16546893119812013,-0.04492887109518051,-0.7287324070930481,-0.6833232045173645,0.993234395980835,0.0407353937625885,-0.10874810814857483,0.10708372294902802,-0.6835860013961792,0.721971869468689],"EasingStyle":"Linear","EasingDirection":"In"},"Left Arm":{"Weight":1,"CFrame":[-0.46273842453956606,0.23427069187164308,-0.5209236145019531,-0.5005415678024292,0.4516095221042633,-0.738584578037262,-0.8103671073913574,0.05573118478059769,0.5832659602165222,0.3045707046985626,0.8904734253883362,0.3380734324455261],"EasingStyle":"Linear","EasingDirection":"In"},"Head":{"Weight":1,"CFrame":[6.332993507385254e-8,1.862645149230957e-8,0.016662120819091798,0.6994878649711609,-0.714632511138916,0.0041436441242694859,0.7143629789352417,0.6993632316589356,0.0240093432366848,-0.02005578763782978,-0.013834155164659024,0.9997031688690186],"EasingStyle":"Linear","EasingDirection":"In"},"Torso":{"Weight":1,"CFrame":[-0.007310330867767334,0.04380369931459427,0.05643773078918457,0.6807523369789124,0.732162594795227,-0.022678367793560029,-0.7310386896133423,0.6810195446014404,0.04236602783203125,0.04646323621273041,-0.012262008152902127,0.9988447427749634],"EasingStyle":"Linear","EasingDirection":"In"},"HumanoidRootPart":{"Weight":1,"CFrame":[0,0,0,1,0,0,0,1,0,0,0,1],"EasingStyle":"Linear","EasingDirection":"In"},"Right Leg":{"Weight":1,"CFrame":[0.392845094203949,0.03087484836578369,-0.11670887470245362,0.9752748608589172,0.20079557597637177,0.0923045426607132,-0.20363108813762666,0.9787936210632324,0.02230384573340416,-0.08586863428354263,-0.040548477321863177,0.9954810738563538],"EasingStyle":"Linear","EasingDirection":"In"}}},{"Time":0.03333333507180214,"poses":{"Left Leg":{"Weight":1,"CFrame":[0.3740650713443756,0.0658302903175354,-0.179793119430542,0.6613034009933472,-0.22209560871124268,0.716485321521759,0.1950179487466812,0.9732223749160767,0.12168064713478089,-0.7243244647979736,0.059259701520204547,0.6869080066680908],"EasingStyle":"Linear","EasingDirection":"In"},"Right Arm":{"Weight":1,"CFrame":[0.2080956995487213,0.3019692897796631,0.17077374458312989,-0.14906632900238038,-0.7808853983879089,-0.6066277623176575,0.9844083189964294,-0.05925941467285156,-0.16561609506607057,0.09337879717350006,-0.6218572854995728,0.7775436043739319],"EasingStyle":"Linear","EasingDirection":"In"},"Left Arm":{"Weight":1,"CFrame":[-0.46128812432289126,0.22871875762939454,-0.5214628577232361,-0.472705602645874,0.48528462648391726,-0.7355599403381348,-0.8485506176948547,-0.025493096560239793,0.528499960899353,0.23772118985652924,0.8739845156669617,0.42383894324302676],"EasingStyle":"Linear","EasingDirection":"In"},"Head":{"Weight":1,"CFrame":[7.636845111846924e-8,9.313225746154785e-9,0.016662001609802247,0.7026711106300354,-0.7115065455436707,0.0034506998490542175,0.7112611532211304,0.702541708946228,0.02329356037080288,-0.018997758626937867,-0.01391336228698492,0.9997227787971497],"EasingStyle":"Linear","EasingDirection":"In"},"Torso":{"Weight":1,"CFrame":[-0.0016599372029304505,0.04785110801458359,0.08786320686340332,0.6807523369789124,0.732162594795227,-0.022678367793560029,-0.7310386896133423,0.6810195446014404,0.04236602783203125,0.04646323621273041,-0.012262008152902127,0.9988447427749634],"EasingStyle":"Linear","EasingDirection":"In"},"HumanoidRootPart":{"Weight":1,"CFrame":[0,0,0,1,0,0,0,1,0,0,0,1],"EasingStyle":"Linear","EasingDirection":"In"},"Right Leg":{"Weight":1,"CFrame":[0.2861859202384949,0.045257627964019778,-0.10714077949523926,0.9863912463188171,0.1360679268836975,0.0922916829586029,-0.13864992558956147,0.9900941252708435,0.022136306390166284,-0.08836545050144196,-0.03463137522339821,0.9954859018325806],"EasingStyle":"Linear","EasingDirection":"In"}}},{"Time":0.06666667014360428,"poses":{"Left Leg":{"Weight":1,"CFrame":[0.37318071722984316,0.07086175680160523,-0.1798664927482605,0.6595354080200195,-0.23240426182746888,0.7148435115814209,0.19956985116004945,0.9710119962692261,0.13155876100063325,-0.7246965169906616,0.055893585085868838,0.6867977380752564],"EasingStyle":"Linear","EasingDirection":"In"},"Right Arm":{"Weight":1,"CFrame":[0.19292311370372773,0.37081485986709597,0.1773087978363037,-0.2617795467376709,-0.8678683042526245,-0.42222753167152407,0.9449050426483154,-0.1413789689540863,-0.29523995518684389,0.19653534889221192,-0.4762527644634247,0.8570631742477417],"EasingStyle":"Linear","EasingDirection":"In"},"Left Arm":{"Weight":1,"CFrame":[-0.4586108326911926,0.21650177240371705,-0.5208568572998047,-0.4249233305454254,0.5226866006851196,-0.7390798330307007,-0.8919227123260498,-0.10227128118276596,0.44047072529792788,0.1546415537595749,0.8463683128356934,0.5096533298492432],"EasingStyle":"Linear","EasingDirection":"In"},"Head":{"Weight":1,"CFrame":[6.146728992462158e-8,1.6763806343078614e-8,0.016662001609802247,0.705053448677063,-0.7091477513313294,0.0030335288029164078,0.7089185118675232,0.7049229741096497,0.022760793566703798,-0.018279174342751504,-0.0138970036059618,0.9997363686561585],"EasingStyle":"Linear","EasingDirection":"In"},"Torso":{"Weight":1,"CFrame":[0.0002763718366622925,0.049698054790496829,0.10094857215881348,0.6807523369789124,0.732162594795227,-0.022678367793560029,-0.7310386896133423,0.6810195446014404,0.04236602783203125,0.04646323621273041,-0.012262008152902127,0.9988447427749634],"EasingStyle":"Linear","EasingDirection":"In"},"HumanoidRootPart":{"Weight":1,"CFrame":[0,0,0,1,0,0,0,1,0,0,0,1],"EasingStyle":"Linear","EasingDirection":"In"},"Right Leg":{"Weight":1,"CFrame":[0.2860000729560852,0.04332911968231201,-0.10707241296768189,0.987867534160614,0.12508468329906465,0.09204131364822388,-0.1273273080587387,0.9916809797286987,0.01888664811849594,-0.08891316503286362,-0.030376894399523736,0.9955761432647705],"EasingStyle":"Linear","EasingDirection":"In"}}},{"Time":0.10000000149011612,"poses":{"Left Leg":{"Weight":1,"CFrame":[0.3720382750034332,0.07702243328094483,-0.17999744415283204,0.6566919088363648,-0.24644716084003449,0.7127548456192017,0.20737220346927644,0.9676756262779236,0.14352932572364808,-0.7250879406929016,0.053551025688648227,0.6865711212158203],"EasingStyle":"Linear","EasingDirection":"In"},"Right Arm":{"Weight":1,"CFrame":[0.18020035326480866,0.4216129183769226,0.18505418300628663,-0.3266220688819885,-0.9340474605560303,-0.1444762498140335,0.8620188236236572,-0.23170322179794312,-0.45081838965415957,0.38761019706726076,-0.271788626909256,0.8808459043502808],"EasingStyle":"Linear","EasingDirection":"In"},"Left Arm":{"Weight":1,"CFrame":[-0.4543091654777527,0.19675904512405396,-0.5181560516357422,-0.36665159463882449,0.5606659054756165,-0.7424423098564148,-0.9284371733665466,-0.1692425161600113,0.33069857954978945,0.05975859984755516,0.810562014579773,0.5825958847999573],"EasingStyle":"Linear","EasingDirection":"In"},"Head":{"Weight":1,"CFrame":[7.078051567077637e-8,1.862645149230957e-8,0.016661882400512697,0.7073755264282227,-0.7068322896957398,0.002829358447343111,0.7066155672073364,0.7072477340698242,0.022246889770030977,-0.017725879326462747,-0.01373765803873539,0.9997485876083374],"EasingStyle":"Linear","EasingDirection":"In"},"Torso":{"Weight":1,"CFrame":[0.0010429546236991883,0.050137490034103397,0.1035616397857666,0.6807523369789124,0.732162594795227,-0.022678367793560029,-0.7310386896133423,0.6810195446014404,0.04236602783203125,0.04646323621273041,-0.012262008152902127,0.9988447427749634],"EasingStyle":"Linear","EasingDirection":"In"},"HumanoidRootPart":{"Weight":1,"CFrame":[0,0,0,1,0,0,0,1,0,0,0,1],"EasingStyle":"Linear","EasingDirection":"In"},"Right Leg":{"Weight":1,"CFrame":[0.28573933243751528,0.04051792621612549,-0.10698652267456055,0.9895511865615845,0.11129239201545716,0.09166518598794937,-0.11303495615720749,0.9934920072555542,0.014025995507836342,-0.08950777351856232,-0.024240856990218164,0.995691180229187],"EasingStyle":"Linear","EasingDirection":"In"}}},{"Time":0.13333334028720857,"poses":{"Left Leg":{"Weight":1,"CFrame":[0.36951595544815066,0.08238852024078369,-0.17845404148101808,0.6569540500640869,-0.2599153220653534,0.7077115178108215,0.21573609113693238,0.9642521142959595,0.15386945009231568,-0.7224052548408508,0.051593728363513949,0.6895424723625183],"EasingStyle":"Linear","EasingDirection":"In"},"Right Arm":{"Weight":1,"CFrame":[0.17237988114356996,0.4522593021392822,0.19263172149658204,-0.3032045364379883,-0.942200243473053,0.14256812632083894,0.7475504875183106,-0.3279625475406647,-0.5775889158248901,0.5909613370895386,-0.06855090707540512,0.8037819266319275],"EasingStyle":"Linear","EasingDirection":"In"},"Left Arm":{"Weight":1,"CFrame":[-0.4480224549770355,0.16851967573165894,-0.5123331546783447,-0.3082139492034912,0.5942854285240173,-0.7428521513938904,-0.9505589604377747,-0.2235550880432129,0.21554778516292573,-0.03797147050499916,0.772559404373169,0.6338059306144714],"EasingStyle":"Linear","EasingDirection":"In"},"Head":{"Weight":1,"CFrame":[9.406358003616333e-8,0,0.016662120819091798,0.7135810256004334,-0.7005666494369507,0.0029034260660409929,0.7003599405288696,0.713460385799408,0.021690014749765397,-0.01726674847304821,-0.01344425231218338,0.999760627746582],"EasingStyle":"Linear","EasingDirection":"In"},"Torso":{"Weight":1,"CFrame":[0.0012362226843833924,0.04879187047481537,0.09453344345092774,0.6840966939926148,0.729035496711731,-0.02278328873217106,-0.727911651134491,0.6843643188476563,0.04231083765625954,0.04643816500902176,-0.012360484339296818,0.9988448023796082],"EasingStyle":"Linear","EasingDirection":"In"},"HumanoidRootPart":{"Weight":1,"CFrame":[0,0,0,1,0,0,0,1,0,0,0,1],"EasingStyle":"Linear","EasingDirection":"In"},"Right Leg":{"Weight":1,"CFrame":[0.2831936776638031,0.03763335943222046,-0.1068384051322937,0.9915699362754822,0.0962773784995079,0.08671656250953675,-0.09742512553930283,0.9952013492584229,0.009091385640203953,-0.08542511612176895,-0.01746317557990551,0.9961915612220764],"EasingStyle":"Linear","EasingDirection":"In"}}},{"Time":0.1666666716337204,"poses":{"Left Leg":{"Weight":1,"CFrame":[0.22617898881435395,0.04481428861618042,-0.025684773921966554,0.6295241117477417,-0.33875977993011477,0.6992432475090027,0.3254307806491852,0.932166576385498,0.15862010419368745,-0.7055454254150391,0.1277000606060028,0.697064220905304],"EasingStyle":"Linear","EasingDirection":"In"},"Right Arm":{"Weight":1,"CFrame":[0.17003367841243745,0.461870014667511,0.19801855087280274,-0.22277134656906129,-0.9152059555053711,0.3358142077922821,0.6443029046058655,-0.3967337906360626,-0.6538165211677551,0.7316055297851563,0.07071441411972046,0.6780507564544678],"EasingStyle":"Linear","EasingDirection":"In"},"Left Arm":{"Weight":1,"CFrame":[-0.4393904507160187,0.1306782364845276,-0.5023403167724609,-0.259752482175827,0.617777407169342,-0.7422126531600952,-0.9572569131851196,-0.2659897208213806,0.11361629515886307,-0.1272314041852951,0.7400003671646118,0.6604632139205933],"EasingStyle":"Linear","EasingDirection":"In"},"Head":{"Weight":1,"CFrame":[7.916241884231568e-8,-8.381903171539307e-9,0.016661763191223146,0.7254927158355713,-0.688222348690033,0.0032343482598662378,0.6880248188972473,0.7253832817077637,0.021001536399126054,-0.016799844801425935,-0.013011187314987183,0.9997742176055908],"EasingStyle":"Linear","EasingDirection":"In"},"Torso":{"Weight":1,"CFrame":[0.0020619407296180727,0.04546980559825897,0.07233667373657227,0.6920134425163269,0.721515953540802,-0.02306656539440155,-0.7203927040100098,0.6922839283943176,0.04215816780924797,0.04638639837503433,-0.012557029724121094,0.9988447427749634],"EasingStyle":"Linear","EasingDirection":"In"},"HumanoidRootPart":{"Weight":1,"CFrame":[0,0,0,1,0,0,0,1,0,0,0,1],"EasingStyle":"Linear","EasingDirection":"In"},"Right Leg":{"Weight":1,"CFrame":[0.2775408923625946,0.03536134958267212,-0.10665667057037354,0.9938783645629883,0.08062324672937393,0.07553748786449433,-0.0812624841928482,0.9966781139373779,0.00542163522914052,-0.07484934478998184,-0.011526794172823429,0.9971282482147217],"EasingStyle":"Linear","EasingDirection":"In"}}},{"Time":0.20000000298023225,"poses":{"Left Leg":{"Weight":1,"CFrame":[0.09532077610492706,0.027589380741119386,0.10096561908721924,0.614557147026062,-0.38595086336135867,0.6880127191543579,0.39485087990760805,0.9055289030075073,0.15527495741844178,-0.6829437613487244,0.176237091422081,0.708892285823822],"EasingStyle":"Linear","EasingDirection":"In"},"Right Arm":{"Weight":1,"CFrame":[0.17758890986442567,0.42182809114456179,0.19881093502044679,-0.1511925458908081,-0.8987517356872559,0.41156572103500368,0.5879757404327393,-0.4164559841156006,-0.6934326887130737,0.7946228384971619,0.13714873790740968,0.5914091467857361],"EasingStyle":"Linear","EasingDirection":"In"},"Left Arm":{"Weight":1,"CFrame":[-0.4265119433403015,0.08414256572723389,-0.486258327960968,-0.22655484080314637,0.6290456056594849,-0.7436228394508362,-0.9536244869232178,-0.29859787225723269,0.03794495016336441,-0.19817502796649934,0.7177332639694214,0.6675218343734741],"EasingStyle":"Linear","EasingDirection":"In"},"Head":{"Weight":1,"CFrame":[9.592622518539429e-8,-6.05359673500061e-9,0.0166623592376709,0.7406579256057739,-0.6718725562095642,0.003622382879257202,0.6716892719268799,0.7405636310577393,0.019979404285550119,-0.01610620878636837,-0.01236488576978445,0.9997938275337219],"EasingStyle":"Linear","EasingDirection":"In"},"Torso":{"Weight":1,"CFrame":[0.007045090198516846,0.0412435308098793,0.044302940368652347,0.7013524174690247,0.7124278545379639,-0.02348085679113865,-0.7113065123558044,0.7016303539276123,0.04192737862467766,0.04634510725736618,-0.012703782878816128,0.9988448023796082],"EasingStyle":"Linear","EasingDirection":"In"},"HumanoidRootPart":{"Weight":1,"CFrame":[0,0,0,1,0,0,0,1,0,0,0,1],"EasingStyle":"Linear","EasingDirection":"In"},"Right Leg":{"Weight":1,"CFrame":[0.3712722361087799,0.02902132272720337,-0.11280947923660279,0.9914516806602478,0.11456656455993653,0.06243527680635452,-0.11505495756864548,0.9933499097824097,0.004271468613296747,-0.06153058633208275,-0.011418471112847329,0.9980399012565613],"EasingStyle":"Linear","EasingDirection":"In"}}},{"Time":0.23333333432674409,"poses":{"Left Leg":{"Weight":1,"CFrame":[-0.02224562130868435,0.031604230403900149,0.1887737512588501,0.6287070512771606,-0.4063650965690613,0.6630195379257202,0.4263942241668701,0.8931489586830139,0.1430840790271759,-0.6503195762634277,0.19274970889091493,0.7348007559776306],"EasingStyle":"Linear","EasingDirection":"In"},"Right Arm":{"Weight":1,"CFrame":[0.1939479410648346,0.32635724544525149,0.19620120525360108,-0.10446878522634506,-0.904469907283783,0.4135465621948242,0.5657171010971069,-0.3960384130477905,-0.7232686877250671,0.8179550170898438,0.1583913415670395,0.553047776222229],"EasingStyle":"Linear","EasingDirection":"In"},"Left Arm":{"Weight":1,"CFrame":[-0.4013822674751282,0.03825485706329346,-0.45857590436935427,-0.19908559322357179,0.6411189436912537,-0.7411690950393677,-0.948390007019043,-0.3165333569049835,-0.01905720867216587,-0.24682264029979707,0.6991231441497803,0.6710478067398071],"EasingStyle":"Linear","EasingDirection":"In"},"Head":{"Weight":1,"CFrame":[9.499490261077881e-8,-3.725290298461914e-9,0.016661882400512697,0.7567354440689087,-0.6537099480628967,0.003863357938826084,0.6535497903823853,0.7566590905189514,0.01843135803937912,-0.014972003176808358,-0.011422847397625447,0.9998226761817932],"EasingStyle":"Linear","EasingDirection":"In"},"Torso":{"Weight":1,"CFrame":[0.01973627507686615,0.03718772530555725,0.017763614654541017,0.7090808153152466,0.7047193646430969,-0.02398032881319523,-0.7036018371582031,0.7093732953071594,0.04164082556962967,0.046356093138456348,-0.012654103338718415,0.9988449215888977],"EasingStyle":"Linear","EasingDirection":"In"},"HumanoidRootPart":{"Weight":1,"CFrame":[0,0,0,1,0,0,0,1,0,0,0,1],"EasingStyle":"Linear","EasingDirection":"In"},"Right Leg":{"Weight":1,"CFrame":[0.5082353353500366,0.03438907861709595,-0.11912739276885987,0.984890341758728,0.16527067124843598,0.05173616483807564,-0.16584600508213044,0.9861268401145935,0.007000504061579704,-0.04986155033111572,-0.015475020743906498,0.9986362457275391],"EasingStyle":"Linear","EasingDirection":"In"}}},{"Time":0.2666666805744171,"poses":{"Left Leg":{"Weight":1,"CFrame":[-0.16621914505958558,0.03125596046447754,0.2564430236816406,0.6588045954704285,-0.4421442449092865,0.6086748242378235,0.4746917188167572,0.8719846606254578,0.11962679028511048,-0.5836473107337952,0.2101222276687622,0.7843496799468994],"EasingStyle":"Linear","EasingDirection":"In"},"Right Arm":{"Weight":1,"CFrame":[0.21046565473079682,0.20910286903381349,0.19405269622802735,-0.07067523896694184,-0.9275686740875244,0.36690783500671389,0.5489538311958313,-0.34328457713127139,-0.7621060013771057,0.832859456539154,0.14755350351333619,0.5334540009498596],"EasingStyle":"Linear","EasingDirection":"In"},"Left Arm":{"Weight":1,"CFrame":[-0.3545159697532654,0.004557967185974121,-0.4128762483596802,-0.16570651531219483,0.6700153946876526,-0.7236166000366211,-0.9479767680168152,-0.3104620575904846,-0.07038037478923798,-0.27181142568588259,0.6743090748786926,0.6866044402122498],"EasingStyle":"Linear","EasingDirection":"In"},"Head":{"Weight":1,"CFrame":[9.406358003616333e-8,-1.30385160446167e-8,0.016661524772644044,0.7715839147567749,-0.6361163854598999,0.0037643802352249624,0.6359908580780029,0.7715273499488831,0.016174590215086938,-0.013193242251873017,-0.01008592452853918,0.9998621940612793],"EasingStyle":"Linear","EasingDirection":"In"},"Torso":{"Weight":1,"CFrame":[0.04362424463033676,0.0343814492225647,0.00005054473876953125,0.712287425994873,0.7014594078063965,-0.0245222095400095,-0.7003483772277832,0.7126039266586304,0.04132615029811859,0.046463239938020709,-0.012262008152902127,0.9988447427749634],"EasingStyle":"Linear","EasingDirection":"In"},"HumanoidRootPart":{"Weight":1,"CFrame":[0,0,0,1,0,0,0,1,0,0,0,1],"EasingStyle":"Linear","EasingDirection":"In"},"Right Leg":{"Weight":1,"CFrame":[0.5625886917114258,0.04947781562805176,-0.12109744548797608,0.9851126670837402,0.1651410311460495,0.04776596650481224,-0.16601666808128358,0.9860095977783203,0.014956733211874962,-0.04462752491235733,-0.02266397513449192,0.9987466335296631],"EasingStyle":"Linear","EasingDirection":"In"}}},{"Time":0.30000001192092898,"poses":{"Left Leg":{"Weight":1,"CFrame":[-0.46484309434890749,0.009798169136047364,0.26932835578918459,0.7035435438156128,-0.5701522827148438,0.4242086708545685,0.5870317220687866,0.8026913404464722,0.105263851583004,-0.40052491426467898,0.17496629059314729,0.899425745010376],"EasingStyle":"Linear","EasingDirection":"In"},"Right Arm":{"Weight":1,"CFrame":[0.2203780859708786,0.10062682628631592,0.21587753295898438,-0.026257691904902459,-0.9759166836738586,0.21655742824077607,0.5402929782867432,-0.19611962139606477,-0.8183035254478455,0.8410671949386597,0.09551767259836197,0.5324305891990662],"EasingStyle":"Linear","EasingDirection":"In"},"Left Arm":{"Weight":1,"CFrame":[-0.27981525659561159,-0.012631863355636597,-0.34471309185028078,-0.049825768917798999,0.7303817272186279,-0.6812196969985962,-0.9709023237228394,-0.19538354873657227,-0.13847008347511292,-0.23423506319522859,0.654498279094696,0.7188642621040344],"EasingStyle":"Linear","EasingDirection":"In"},"Head":{"Weight":1,"CFrame":[7.916241884231568e-8,-1.979060471057892e-9,0.016661763191223146,0.7817171216011047,-0.6236143112182617,0.0048590609803795818,0.6233475804328919,0.7815711498260498,0.02417406626045704,-0.01887298747897148,-0.015868395566940309,0.9996959567070007],"EasingStyle":"Linear","EasingDirection":"In"},"Torso":{"Weight":1,"CFrame":[0.05666861683130264,0.027628228068351747,-0.007058143615722656,0.7062627077102661,0.7071250677108765,-0.03416305407881737,-0.706290066242218,0.7070884704589844,0.03435443341732025,0.04844917729496956,-0.0001342290051979944,0.9988256692886353],"EasingStyle":"Linear","EasingDirection":"In"},"HumanoidRootPart":{"Weight":1,"CFrame":[0,0,0,1,0,0,0,1,0,0,0,1],"EasingStyle":"Linear","EasingDirection":"In"},"Right Leg":{"Weight":1,"CFrame":[0.5894160866737366,0.06922811269760132,-0.12557262182235719,0.9892883896827698,0.13459978997707368,0.05649328976869583,-0.13615413010120393,0.9903818964958191,0.024612421169877054,-0.0526370070874691,-0.03204064071178436,0.9980996251106262],"EasingStyle":"Linear","EasingDirection":"In"}}},{"Time":0.3333333432674408,"poses":{"Left Leg":{"Weight":1,"CFrame":[-0.7088710069656372,-0.04728901386260986,0.12088847160339356,0.7260774374008179,-0.6695058345794678,0.15675942599773408,0.6653733849525452,0.7416037917137146,0.08545248955488205,-0.1734643280506134,0.042258430272340778,0.98393315076828],"EasingStyle":"Linear","EasingDirection":"In"},"Right Arm":{"Weight":1,"CFrame":[0.22663524746894837,0.010450243949890137,0.27256321907043459,0.04994877055287361,-0.9913228750228882,-0.12158945202827454,0.5412391424179077,0.1291823536157608,-0.8308864235877991,0.8393839001655579,-0.02430717460811138,0.5429953336715698],"EasingStyle":"Linear","EasingDirection":"In"},"Left Arm":{"Weight":1,"CFrame":[-0.18678906559944154,-0.017059415578842164,-0.2614787220954895,0.2321888953447342,0.7726653218269348,-0.5908271074295044,-0.9671981930732727,0.11906297504901886,-0.22439178824424745,-0.1030341312289238,0.623548150062561,0.7749655246734619],"EasingStyle":"Linear","EasingDirection":"In"},"Head":{"Weight":1,"CFrame":[1.0617077350616455e-7,9.313225746154786e-10,0.016662240028381349,0.7858669757843018,-0.6183435320854187,0.00803239643573761,0.6173372268676758,0.7852151989936829,0.048289954662323,-0.036166977137327197,-0.032990798354148868,0.9988011121749878],"EasingStyle":"Linear","EasingDirection":"In"},"Torso":{"Weight":1,"CFrame":[0.04227772355079651,0.013824701309204102,-0.009508848190307618,0.6882134675979614,0.7231557965278626,-0.05837714299559593,-0.7235530018806458,0.6900366544723511,0.017901768907904626,0.05322813242673874,0.029918720945715905,0.9981340765953064],"EasingStyle":"Linear","EasingDirection":"In"},"HumanoidRootPart":{"Weight":1,"CFrame":[0,0,0,1,0,0,0,1,0,0,0,1],"EasingStyle":"Linear","EasingDirection":"In"},"Right Leg":{"Weight":1,"CFrame":[0.6213786602020264,0.09544932842254639,-0.13629621267318726,0.9927937984466553,0.08868543803691864,0.08059455454349518,-0.09166363626718521,0.9952084422111511,0.0340290442109108,-0.07719048112630844,-0.041171424090862277,0.996165931224823],"EasingStyle":"Linear","EasingDirection":"In"}}},{"Time":0.36666667461395266,"poses":{"Left Leg":{"Weight":1,"CFrame":[-0.6648983359336853,-0.03339123725891113,0.008498907089233399,0.8071529865264893,-0.5902321338653565,0.011414832435548306,0.5869811773300171,0.8044676780700684,0.09102046489715576,-0.06290603429079056,-0.06676723062992096,0.9957836866378784],"EasingStyle":"Linear","EasingDirection":"In"},"Right Arm":{"Weight":1,"CFrame":[0.2378685474395752,-0.06203925609588623,0.3496668338775635,0.15569540858268739,-0.7782140374183655,-0.6083927750587463,0.5091684460639954,0.5910040736198425,-0.6256691217422485,0.8464670777320862,-0.2123607099056244,0.48825863003730776],"EasingStyle":"Linear","EasingDirection":"In"},"Left Arm":{"Weight":1,"CFrame":[-0.09223395586013794,-0.011162221431732178,-0.17568719387054444,0.6516746878623962,0.6294081807136536,-0.4232795834541321,-0.7536756992340088,0.6001566648483276,-0.2679269313812256,0.08539875596761704,0.4936167001724243,0.8654765486717224],"EasingStyle":"Linear","EasingDirection":"In"},"Head":{"Weight":1,"CFrame":[7.12461769580841e-8,-7.916241884231568e-9,0.016662001609802247,0.8194800615310669,-0.5728646516799927,0.016685422509908677,0.5716670751571655,0.8191366791725159,0.04703295975923538,-0.040611229836940768,-0.029004059731960298,0.9987539649009705],"EasingStyle":"Linear","EasingDirection":"In"},"Torso":{"Weight":1,"CFrame":[0.011909782886505127,-0.0025478345341980459,-0.011598587036132813,0.6577415466308594,0.7476209998130798,-0.09186391532421112,-0.7509146928787231,0.6603962779045105,-0.0019773233216255905,0.059188298881053928,0.07028252631425858,0.9957696199417114],"EasingStyle":"Linear","EasingDirection":"In"},"HumanoidRootPart":{"Weight":1,"CFrame":[0,0,0,1,0,0,0,1,0,0,0,1],"EasingStyle":"Linear","EasingDirection":"In"},"Right Leg":{"Weight":1,"CFrame":[0.6619384288787842,0.12996333837509156,-0.15547996759414674,0.9921759963035584,0.036366190761327746,0.11943341791629791,-0.042276039719581607,0.9979844689369202,0.04732658341526985,-0.11747146397829056,-0.05200548842549324,0.9917135834693909],"EasingStyle":"Linear","EasingDirection":"In"}}},{"Time":0.4000000059604645,"poses":{"Left Leg":{"Weight":1,"CFrame":[-0.4078100621700287,0.02953237295150757,-0.00848698616027832,0.9227661490440369,-0.3851949870586395,-0.011295662261545658,0.38318079710006716,0.9140393137931824,0.13305865228176118,-0.04092898592352867,-0.1271103173494339,0.9910438060760498],"EasingStyle":"Linear","EasingDirection":"In"},"Right Arm":{"Weight":1,"CFrame":[0.2583525478839874,-0.1250990927219391,0.4360380172729492,0.23210099339485169,-0.22787849605083466,-0.9456217288970947,0.4167232811450958,0.9017277359962463,-0.11501692235469818,0.878903329372406,-0.36736708879470827,0.3042542338371277],"EasingStyle":"Linear","EasingDirection":"In"},"Left Arm":{"Weight":1,"CFrame":[-0.010870128870010376,-0.006074637174606323,-0.09799617528915405,0.9551618099212647,0.18125265836715699,-0.2341231256723404,-0.22585277259349824,0.9573357701301575,-0.18027427792549134,0.19145925343036652,0.22506839036941529,0.9553468823432922],"EasingStyle":"Linear","EasingDirection":"In"},"Head":{"Weight":1,"CFrame":[9.872019290924072e-8,1.4901161193847657e-8,0.016662240028381349,0.8917105793952942,-0.45190849900245669,0.025120612233877183,0.45210304856300356,0.8919626474380493,-0.0023689197842031719,-0.021336132660508157,0.013469517230987549,0.9996817111968994],"EasingStyle":"Linear","EasingDirection":"In"},"Torso":{"Weight":1,"CFrame":[-0.02282443642616272,-0.01696106418967247,-0.01703929901123047,0.6141122579574585,0.7785840034484863,-0.12912485003471375,-0.7865563035011292,0.6172209978103638,-0.019171206280589105,0.06477216631174088,0.11333725601434708,0.9914430379867554],"EasingStyle":"Linear","EasingDirection":"In"},"HumanoidRootPart":{"Weight":1,"CFrame":[0,0,0,1,0,0,0,1,0,0,0,1],"EasingStyle":"Linear","EasingDirection":"In"},"Right Leg":{"Weight":1,"CFrame":[0.7341899871826172,0.20521384477615357,-0.17133080959320069,0.9927932620048523,-0.007946845144033432,0.11957627534866333,-0.00048129138303920627,0.9975265264511108,0.0702895000576973,-0.11983907222747803,-0.06984052807092667,0.9903337359428406],"EasingStyle":"Linear","EasingDirection":"In"}}},{"Time":0.4333333373069763,"poses":{"Left Leg":{"Weight":1,"CFrame":[-0.06330221891403198,0.06378060579299927,-0.005029499530792236,0.9823962450027466,-0.18129616975784303,0.04504790157079697,0.17309777438640595,0.9741082787513733,0.14543107151985169,-0.07024769484996796,-0.1350732147693634,0.9883424043655396],"EasingStyle":"Linear","EasingDirection":"In"},"Right Arm":{"Weight":1,"CFrame":[0.2783411741256714,-0.18176403641700746,0.519782304763794,0.22451245784759522,0.33057937026023867,-0.9166851043701172,0.32210904359817507,0.8626469969749451,0.38998204469680788,0.9196955561637878,-0.38282832503318789,0.08719241619110108],"EasingStyle":"Linear","EasingDirection":"In"},"Left Arm":{"Weight":1,"CFrame":[0.05577266216278076,-0.010377705097198487,-0.03254568576812744,0.9425866007804871,-0.30316558480262759,-0.14007574319839478,0.30408382415771487,0.9525220990180969,-0.015324590727686882,0.1380711942911148,-0.02815008908510208,0.9900221824645996],"EasingStyle":"Linear","EasingDirection":"In"},"Head":{"Weight":1,"CFrame":[1.0803341865539551e-7,1.6763806343078614e-8,0.0166623592376709,0.9594159126281738,-0.2813141345977783,0.019583076238632203,0.2819845974445343,0.9564688205718994,-0.07518015056848526,0.002418696880340576,0.07765114307403565,0.9969777464866638],"EasingStyle":"Linear","EasingDirection":"In"},"Torso":{"Weight":1,"CFrame":[-0.04988476634025574,-0.025255385786294938,-0.02857661247253418,0.5564091801643372,0.8145354986190796,-0.16413652896881104,-0.8280308246612549,0.5599822402000427,-0.028016472235322,0.06909313052892685,0.1514987200498581,0.9860396981239319],"EasingStyle":"Linear","EasingDirection":"In"},"HumanoidRootPart":{"Weight":1,"CFrame":[0,0,0,1,0,0,0,1,0,0,0,1],"EasingStyle":"Linear","EasingDirection":"In"},"Right Leg":{"Weight":1,"CFrame":[0.638215184211731,0.27916085720062258,-0.13848376274108888,0.9802796244621277,-0.19624502956867219,0.023234127089381219,0.19304265081882478,0.976100504398346,0.09981155395507813,-0.042266275733709338,-0.093358114361763,0.9947351217269898],"EasingStyle":"Linear","EasingDirection":"In"}}},{"Time":0.46666666865348818,"poses":{"Left Leg":{"Weight":1,"CFrame":[-0.15564066171646119,0.04603010416030884,0.018679022789001466,0.9574052095413208,-0.25776398181915285,0.1301274597644806,0.24209821224212647,0.96219801902771,0.12475350499153137,-0.1573653519153595,-0.08793604373931885,0.9836175441741943],"EasingStyle":"Linear","EasingDirection":"In"},"Right Arm":{"Weight":1,"CFrame":[0.292707622051239,-0.22117900848388673,0.5833065509796143,0.17008870840072633,0.6293033957481384,-0.7583186626434326,0.27966341376304629,0.7070654034614563,0.6494975090026856,0.944911777973175,-0.322546124458313,-0.05572928860783577],"EasingStyle":"Linear","EasingDirection":"In"},"Left Arm":{"Weight":1,"CFrame":[0.10494270920753479,-0.017039865255355836,0.014652252197265625,0.8119973540306091,-0.569572389125824,-0.1274665892124176,0.581901490688324,0.8069538474082947,0.10107552260160446,0.04528980329632759,-0.15624623000621797,0.9866793155670166],"EasingStyle":"Linear","EasingDirection":"In"},"Head":{"Weight":1,"CFrame":[6.705522537231445e-8,-6.332993507385254e-8,0.016662120819091798,0.993990957736969,-0.10945797711610794,0.0009170694975182414,0.10854610800743103,0.9845585227012634,-0.13734003901481629,0.01413002423942089,0.1366143822669983,0.9905235767364502],"EasingStyle":"Linear","EasingDirection":"In"},"Torso":{"Weight":1,"CFrame":[-0.06307810544967652,-0.027202602475881578,-0.06818389892578125,0.4841392934322357,0.8533892035484314,-0.1932254135608673,-0.8719779253005981,0.4888714551925659,-0.02567560039460659,0.07255111634731293,0.1809188425540924,0.9808183908462524],"EasingStyle":"Linear","EasingDirection":"In"},"HumanoidRootPart":{"Weight":1,"CFrame":[0,0,0,1,0,0,0,1,0,0,0,1],"EasingStyle":"Linear","EasingDirection":"In"},"Right Leg":{"Weight":1,"CFrame":[0.4013040363788605,0.2066119909286499,-0.1067846417427063,0.8742149472236633,-0.4791126549243927,-0.07873672246932984,0.48434141278266909,0.8718993067741394,0.07214579731225968,0.034084614366292956,-0.10120639950037003,0.9942814707756043],"EasingStyle":"Linear","EasingDirection":"In"}}},{"Time":0.5,"poses":{"Left Leg":{"Weight":1,"CFrame":[-0.07039695978164673,0.03368115425109863,0.023912549018859865,0.9446335434913635,-0.24065625667572022,0.2230517417192459,0.2240932732820511,0.9697085022926331,0.09719916433095932,-0.23968683183193208,-0.04183315858244896,0.9699486494064331],"EasingStyle":"Linear","EasingDirection":"In"},"Right Arm":{"Weight":1,"CFrame":[0.3065081834793091,-0.2347118854522705,0.6089814901351929,0.10562441498041153,0.7100107669830322,-0.6962243914604187,0.28256461024284365,0.6498502492904663,0.7055861353874207,0.9534153938293457,-0.2712554335594177,-0.13198383152484895],"EasingStyle":"Linear","EasingDirection":"In"},"Left Arm":{"Weight":1,"CFrame":[0.124543696641922,-0.01936987042427063,0.03289461135864258,0.7605011463165283,-0.636609673500061,-0.12792986631393434,0.6492871046066284,0.7479709982872009,0.13771657645702363,0.008016061037778855,-0.18779703974723817,0.9821751713752747],"EasingStyle":"Linear","EasingDirection":"In"},"Head":{"Weight":1,"CFrame":[1.0058283805847168e-7,5.4016709327697757e-8,0.0166623592376709,0.9997989535331726,0.011645954102277756,-0.016325874254107477,-0.013920163735747338,0.9890472888946533,-0.14694152772426606,0.014435827732086182,0.1471392810344696,0.9890105128288269],"EasingStyle":"Linear","EasingDirection":"In"},"Torso":{"Weight":1,"CFrame":[-0.0818326473236084,-0.023198265582323076,-0.08087038993835449,0.39918699860572817,0.8888810276985169,-0.22481179237365724,-0.9137037992477417,0.40602320432662966,-0.017046989873051645,0.07612606137990952,0.212216317653656,0.9742530584335327],"EasingStyle":"Linear","EasingDirection":"In"},"HumanoidRootPart":{"Weight":1,"CFrame":[0,0,0,1,0,0,0,1,0,0,0,1],"EasingStyle":"Linear","EasingDirection":"In"},"Right Leg":{"Weight":1,"CFrame":[0.2018313705921173,0.019219517707824708,-0.11096429824829102,0.7194622159004211,-0.6887797117233276,-0.0892007127404213,0.6925652027130127,0.7211414575576782,0.017564481124281884,0.05222834274172783,-0.07441433519124985,0.9958588480949402],"EasingStyle":"Linear","EasingDirection":"In"}}},{"Time":0.5333333611488342,"poses":{"Left Leg":{"Weight":1,"CFrame":[-0.04282569885253906,0.01458805799484253,0.034095048904418948,0.9212735295295715,-0.2437078207731247,0.303087055683136,0.23631824553012849,0.9697322249412537,0.06142621114850044,-0.3088832199573517,0.015034561045467854,0.9509811401367188],"EasingStyle":"Linear","EasingDirection":"In"},"Right Arm":{"Weight":1,"CFrame":[0.32981419563293459,-0.21717843413352967,0.6076414585113525,0.04203616827726364,0.6962732076644898,-0.7165449261665344,0.305218905210495,0.6739453077316284,0.6727846264839172,0.9513540863990784,-0.24698427319526673,-0.1841856986284256],"EasingStyle":"Linear","EasingDirection":"In"},"Left Arm":{"Weight":1,"CFrame":[0.12554176151752473,-0.01835271716117859,0.03333437442779541,0.7872580289840698,-0.6049641370773315,-0.11934558302164078,0.6164295673370361,0.7769869565963745,0.12769454717636109,0.015479302033782006,-0.17409667372703553,0.9846069812774658],"EasingStyle":"Linear","EasingDirection":"In"},"Head":{"Weight":1,"CFrame":[6.891787052154541e-8,-3.91155481338501e-8,0.016661882400512697,0.9983129501342773,0.05528578534722328,-0.017740575596690179,-0.05693208426237106,0.9920617938041687,-0.11212634295225144,0.011400760151445866,0.1129472479224205,0.9935356378555298],"EasingStyle":"Linear","EasingDirection":"In"},"Torso":{"Weight":1,"CFrame":[-0.11806708574295044,-0.011498048901557923,-0.033149003982543948,0.3048461377620697,0.9142647981643677,-0.26681214570999148,-0.9491671323776245,0.31471437215805056,-0.006062705535441637,0.07842670381069184,0.25509747862815859,0.9637295007705689],"EasingStyle":"Linear","EasingDirection":"In"},"HumanoidRootPart":{"Weight":1,"CFrame":[0,0,0,1,0,0,0,1,0,0,0,1],"EasingStyle":"Linear","EasingDirection":"In"},"Right Leg":{"Weight":1,"CFrame":[0.35625505447387698,0.14412856101989747,-0.1066998839378357,0.7808124423027039,-0.6241851449012756,-0.02692611888051033,0.6246857643127441,0.7806761860847473,0.017676422372460367,0.009987330064177513,-0.030622364953160287,0.9994811415672302],"EasingStyle":"Linear","EasingDirection":"In"}}},{"Time":0.5666666626930237,"poses":{"Left Leg":{"Weight":1,"CFrame":[-0.27059006690979006,-0.013768196105957032,0.13546276092529298,0.8504593968391419,-0.38537704944610598,0.35805508494377139,0.40427812933921816,0.9143252372741699,0.023844938725233079,-0.3365681767463684,0.1244746521115303,0.93339604139328],"EasingStyle":"Linear","EasingDirection":"In"},"Right Arm":{"Weight":1,"CFrame":[0.3667810261249542,-0.17387938499450684,0.602190375328064,-0.014264676719903946,0.6702876091003418,-0.7419645190238953,0.32915815711021426,0.703828752040863,0.6295075416564941,0.9441670179367065,-0.23524388670921327,-0.2306704819202423],"EasingStyle":"Linear","EasingDirection":"In"},"Left Arm":{"Weight":1,"CFrame":[0.12745867669582368,-0.016659080982208253,0.03410756587982178,0.8310802578926086,-0.545305609703064,-0.10930447280406952,0.5552617311477661,0.8246855139732361,0.10760234296321869,0.031465623527765277,-0.15011906623840333,0.9881671667098999],"EasingStyle":"Linear","EasingDirection":"In"},"Head":{"Weight":1,"CFrame":[9.872019290924072e-8,4.0745362639427188e-8,0.016662001609802247,0.999154806137085,0.04064842686057091,-0.00611987104639411,-0.04098766669631004,0.9964767694473267,-0.0731721743941307,0.0031239227391779424,0.07336126267910004,0.9973006248474121],"EasingStyle":"Linear","EasingDirection":"In"},"Torso":{"Weight":1,"CFrame":[-0.15880709886550904,0.006181832402944565,0.021083831787109376,0.20558294653892518,0.927983820438385,-0.31077611446380618,-0.9757040739059448,0.21893548965454102,0.008303321897983551,0.07574528455734253,0.3015184700489044,0.9504469037055969],"EasingStyle":"Linear","EasingDirection":"In"},"HumanoidRootPart":{"Weight":1,"CFrame":[0,0,0,1,0,0,0,1,0,0,0,1],"EasingStyle":"Linear","EasingDirection":"In"},"Right Leg":{"Weight":1,"CFrame":[0.6499530076980591,0.419219970703125,-0.15192914009094239,0.920948326587677,-0.3866903781890869,0.048216238617897037,0.38297736644744875,0.9209997057914734,0.07132967561483383,-0.0719895213842392,-0.04722518473863602,0.9962867498397827],"EasingStyle":"Linear","EasingDirection":"In"}}},{"Time":0.6000000238418579,"poses":{"Left Leg":{"Weight":1,"CFrame":[-0.4465867280960083,-0.04790902137756348,0.23203027248382569,0.7635048031806946,-0.5103018879890442,0.39579325914382937,0.5599046349525452,0.828471302986145,-0.01192436646670103,-0.32181838154792788,0.23071080446243287,0.918262243270874],"EasingStyle":"Linear","EasingDirection":"In"},"Right Arm":{"Weight":1,"CFrame":[0.41349977254867556,-0.11616134643554688,0.5946377515792847,-0.06501511484384537,0.6315192580223084,-0.7726296186447144,0.34597551822662356,0.7405074238777161,0.5761507153511047,0.9359883069992065,-0.22985224425792695,-0.2666342556476593],"EasingStyle":"Linear","EasingDirection":"In"},"Left Arm":{"Weight":1,"CFrame":[0.13034306466579438,-0.014662861824035645,0.035007596015930179,0.8832828402519226,-0.4571983218193054,-0.10383196175098419,0.46581998467445376,0.8808988332748413,0.08384019881486893,0.05313374847173691,-0.12242172658443451,0.9910549521446228],"EasingStyle":"Linear","EasingDirection":"In"},"Head":{"Weight":1,"CFrame":[1.043081283569336e-7,1.210719347000122e-7,0.016661643981933595,0.9999344348907471,-0.007667693309485912,0.00851229578256607,0.008006141521036625,0.9991494417190552,-0.040452565997838977,-0.008194967173039914,0.04051798954606056,0.9991452097892761],"EasingStyle":"Linear","EasingDirection":"In"},"Torso":{"Weight":1,"CFrame":[-0.1932743787765503,0.02643619477748871,0.06504344940185547,0.10674846172332764,0.9327046275138855,-0.3444806635379791,-0.9920625686645508,0.12307056039571762,0.025799185037612916,0.06645851582288742,0.33899232745170596,0.938438892364502],"EasingStyle":"Linear","EasingDirection":"In"},"HumanoidRootPart":{"Weight":1,"CFrame":[0,0,0,1,0,0,0,1,0,0,0,1],"EasingStyle":"Linear","EasingDirection":"In"},"Right Leg":{"Weight":1,"CFrame":[0.8769030570983887,0.5058664679527283,-0.2677950859069824,0.9782405495643616,-0.13715839385986329,0.15566988289356233,0.11299780756235123,0.9814810156822205,0.1546817272901535,-0.17400284111499787,-0.13372543454170228,0.9756231307983398],"EasingStyle":"Linear","EasingDirection":"In"}}},{"Time":0.6333333253860474,"poses":{"Left Leg":{"Weight":1,"CFrame":[-0.5540205836296082,-0.10584604740142822,0.30190157890319826,0.6707795858383179,-0.6093088984489441,0.4228445589542389,0.6861556768417358,0.7262418866157532,-0.04198632389307022,-0.28150475025177,0.318300724029541,0.9052290916442871],"EasingStyle":"Linear","EasingDirection":"In"},"Right Arm":{"Weight":1,"CFrame":[0.46601831912994387,-0.055388689041137698,0.5870010852813721,-0.10952029377222061,0.5781859755516052,-0.8085212111473084,0.34693023562431338,0.7844951748847961,0.5140102505683899,0.9314745664596558,-0.22420594096183778,-0.2865084409713745],"EasingStyle":"Linear","EasingDirection":"In"},"Left Arm":{"Weight":