{"Sequence":[{"Time":0,"poses":{"Left Leg":{"Weight":1,"CFrame":[-0.3845279812812805,-0.09747552871704102,0.0076105594635009769,0.9825907945632935,-0.17079949378967286,-0.07309473305940628,0.15673908591270448,0.9733480215072632,-0.1674114316701889,0.09974032640457154,0.15304012596607209,0.9831737875938416],"EasingStyle":"Linear","EasingDirection":"In"},"Right Arm":{"Weight":1,"CFrame":[-0.22852839529514314,-0.4083573818206787,0.5999749898910523,0.9494831562042236,0.30153462290763857,-0.08694074302911759,0.15257780253887177,-0.2014750987291336,0.9675370454788208,0.27422940731048586,-0.9319251775741577,-0.23730464279651643],"EasingStyle":"Linear","EasingDirection":"In"},"Left Arm":{"Weight":1,"CFrame":[-0.5879849791526794,-0.47525960206985476,-1.0957728624343873,-0.27037936449050906,-0.07334607094526291,-0.9599559307098389,-0.9525764584541321,-0.1242169588804245,0.27779173851013186,-0.1396176964044571,0.9895405769348145,-0.03628213703632355],"EasingStyle":"Linear","EasingDirection":"In"},"Head":{"Weight":1,"CFrame":[-6.05359673500061e-9,1.1641532182693482e-9,-1.1920928955078126e-7,0.9886031150817871,0.09242406487464905,0.11883465200662613,-0.09329838305711746,0.9956366419792175,0.001803218387067318,-0.11814945936203003,-0.012869744561612606,0.9929124712944031],"EasingStyle":"Linear","EasingDirection":"In"},"Torso":{"Weight":1,"CFrame":[-0.08879813551902771,-0.012078996747732163,-0.13927841186523438,0.9819008708000183,-0.0985187366604805,-0.16175536811351777,0.09735924005508423,0.9951347708702087,-0.01509876735508442,0.16245590150356294,-0.0009228875278495252,0.9867153763771057],"EasingStyle":"Linear","EasingDirection":"In"},"HumanoidRootPart":{"Weight":1,"CFrame":[0,0,0,1,0,0,0,1,0,0,0,1],"EasingStyle":"Linear","EasingDirection":"In"},"Right Leg":{"Weight":1,"CFrame":[0.3458777666091919,0.2782938480377197,0.12489557266235352,0.8556161522865295,0.35349082946777346,-0.37810760736465456,-0.24795491993427277,0.9211296439170837,0.3000645637512207,0.4543561041355133,-0.16298651695251466,0.8757830858230591],"EasingStyle":"Linear","EasingDirection":"In"}}},{"Time":0.03333333507180214,"poses":{"Left Leg":{"Weight":1,"CFrame":[-0.3602662682533264,-0.09157276153564453,0.023157358169555665,0.9835920929908752,-0.177510604262352,-0.03219901770353317,0.17129617929458619,0.9749251008033752,-0.14205144345760346,0.056607216596603397,0.13420508801937104,0.9893354773521423],"EasingStyle":"Linear","EasingDirection":"In"},"Right Arm":{"Weight":1,"CFrame":[-0.5017763376235962,-0.5531274676322937,0.45187270641326907,0.9377445578575134,0.347084105014801,-0.012958651408553124,-0.019272688776254655,0.08925025165081024,0.9958227276802063,0.34679070115089419,-0.9335774779319763,0.09038318693637848],"EasingStyle":"Linear","EasingDirection":"In"},"Left Arm":{"Weight":1,"CFrame":[-0.4938889741897583,-0.4144584536552429,-0.7991667985916138,-0.292812705039978,-0.07589251548051834,-0.9531532526016235,-0.9456133842468262,0.17070214450359345,0.2769046425819397,0.14169035851955415,0.9823956489562988,-0.12174879014492035],"EasingStyle":"Linear","EasingDirection":"In"},"Head":{"Weight":1,"CFrame":[9.266659617424011e-8,9.313225746154786e-10,-5.960464477539063e-8,0.9932656288146973,0.05011869594454765,0.10445883870124817,-0.05088937655091286,0.9986931681632996,0.004723992198705673,-0.10408555716276169,-0.010008021257817746,0.9945180416107178],"EasingStyle":"Linear","EasingDirection":"In"},"Torso":{"Weight":1,"CFrame":[-0.09169787168502808,-0.008801311254501343,-0.1258866786956787,0.9873988628387451,-0.059799667447805408,-0.14651809632778169,0.05883391574025154,0.9982081651687622,-0.010919898748397828,0.14690855145454408,0.002162062330171466,0.9891477227210999],"EasingStyle":"Linear","EasingDirection":"In"},"HumanoidRootPart":{"Weight":1,"CFrame":[0,0,0,1,0,0,0,1,0,0,0,1],"EasingStyle":"Linear","EasingDirection":"In"},"Right Leg":{"Weight":1,"CFrame":[0.35124051570892336,0.25400853157043459,0.11172544956207276,0.8819234371185303,0.32612019777297976,-0.3403772711753845,-0.24057205021381379,0.9323350191116333,0.2699567675590515,0.4053840637207031,-0.1561959832906723,0.9007033705711365],"EasingStyle":"Linear","EasingDirection":"In"}}},{"Time":0.06666667014360428,"poses":{"Left Leg":{"Weight":1,"CFrame":[-0.3532324433326721,-0.05953371524810791,0.05080080032348633,0.975695788860321,-0.21499788761138917,0.042353447526693347,0.21756982803344727,0.9735044836997986,-0.07037290185689926,-0.026101307943463327,0.07787735760211945,0.9966212511062622],"EasingStyle":"Linear","EasingDirection":"In"},"Right Arm":{"Weight":1,"CFrame":[-0.6537501811981201,-0.6978974342346191,0.14620506763458253,0.9276429414749146,0.3730209767818451,0.018273623660206796,-0.18678028881549836,0.42100945115089419,0.8876171112060547,0.3234063684940338,-0.8268048763275147,0.46021950244903567],"EasingStyle":"Linear","EasingDirection":"In"},"Left Arm":{"Weight":1,"CFrame":[-0.30551621317863467,-0.3202386796474457,-0.21379321813583375,-0.2229207456111908,0.03554088994860649,-0.9741885662078857,-0.7454476952552795,0.6377551555633545,0.19384554028511048,0.6281832456588745,0.7694187760353088,-0.11567510664463043],"EasingStyle":"Linear","EasingDirection":"In"},"Head":{"Weight":1,"CFrame":[5.106267053633928e-8,-1.0477378964424134e-9,-5.364418029785156e-7,0.9973030686378479,-0.03022206574678421,0.0668831467628479,0.029726652428507806,0.9995229244232178,0.008390153758227826,-0.06710480898618698,-0.006379314698278904,0.9977255463600159],"EasingStyle":"Linear","EasingDirection":"In"},"Torso":{"Weight":1,"CFrame":[-0.09804880619049072,-0.003973319195210934,-0.1101529598236084,0.9944827556610107,0.008425291627645493,-0.10456227511167526,-0.008961144834756852,0.999949038028717,-0.0046559893526136879,0.10451771318912506,0.005567297805100679,0.9945075511932373],"EasingStyle":"Linear","EasingDirection":"In"},"HumanoidRootPart":{"Weight":1,"CFrame":[0,0,0,1,0,0,0,1,0,0,0,1],"EasingStyle":"Linear","EasingDirection":"In"},"Right Leg":{"Weight":1,"CFrame":[0.359474241733551,0.19778227806091309,0.0924755334854126,0.9212374091148377,0.2799375057220459,-0.27010461688041689,-0.2328301966190338,0.9530457258224487,0.19363391399383546,0.311627596616745,-0.11549435555934906,0.943159282207489],"EasingStyle":"Linear","EasingDirection":"In"}}},{"Time":0.10000000149011612,"poses":{"Left Leg":{"Weight":1,"CFrame":[-0.40508514642715456,0.005276679992675781,0.0719379186630249,0.9560008645057678,-0.2783825993537903,0.09255073964595795,0.2761574387550354,0.9604268670082092,0.03629649430513382,-0.09899254888296128,-0.009140929207205773,0.9950461983680725],"EasingStyle":"Linear","EasingDirection":"In"},"Right Arm":{"Weight":1,"CFrame":[-0.6587882041931152,-0.5906047224998474,-0.14288640022277833,0.9325836896896362,0.36070528626441958,0.013396473601460457,-0.3010391294956207,0.7567703723907471,0.5802361965179443,0.19915613532066346,-0.5451516509056091,0.814338207244873],"EasingStyle":"Linear","EasingDirection":"In"},"Left Arm":{"Weight":1,"CFrame":[-0.16373930871486665,-0.27133482694625857,0.20368075370788575,-0.11022669821977616,0.20171308517456056,-0.9732224941253662,-0.2899458408355713,0.9300711154937744,0.2256084829568863,0.950674295425415,0.3070499002933502,-0.04403281211853027],"EasingStyle":"Linear","EasingDirection":"In"},"Head":{"Weight":1,"CFrame":[5.069887265563011e-8,-4.656612873077393e-10,-1.7881393432617188e-7,0.9968891739845276,-0.07729282230138779,0.015421154908835888,0.07717647403478623,0.9969853758811951,0.00800299271941185,-0.015993239358067514,-0.006787946447730064,0.9998490810394287],"EasingStyle":"Linear","EasingDirection":"In"},"Torso":{"Weight":1,"CFrame":[-0.10272062569856644,-0.002210396807640791,-0.11310839653015137,0.99785977602005,0.04956112429499626,-0.04265670105814934,-0.04969575256109238,0.9987621903419495,-0.002100819954648614,0.04249978065490723,0.004216180648654699,0.9990875720977783],"EasingStyle":"Linear","EasingDirection":"In"},"HumanoidRootPart":{"Weight":1,"CFrame":[0,0,0,1,0,0,0,1,0,0,0,1],"EasingStyle":"Linear","EasingDirection":"In"},"Right Leg":{"Weight":1,"CFrame":[0.3590865135192871,0.1262381672859192,0.085502028465271,0.9414875507354736,0.2534598708152771,-0.2221693992614746,-0.23909661173820496,0.9668358564376831,0.08978553116321564,0.23755842447280885,-0.031412117183208469,0.9708653092384338],"EasingStyle":"Linear","EasingDirection":"In"}}},{"Time":0.13333334028720857,"poses":{"Left Leg":{"Weight":1,"CFrame":[-0.47222429513931277,0.08784568309783936,0.07669281959533692,0.9339663982391357,-0.3376771807670593,0.11696552485227585,0.3180535137653351,0.9346844553947449,0.1587669551372528,-0.16293786466121674,-0.11108173429965973,0.9803633093833923],"EasingStyle":"Linear","EasingDirection":"In"},"Right Arm":{"Weight":1,"CFrame":[-0.6618441343307495,-0.3347539007663727,-0.37653082609176638,0.9476925134658814,0.3190056383609772,0.010704083368182183,-0.318828821182251,0.9476861953735352,-0.015460214577615261,-0.01507602445781231,0.011238615959882737,0.9998231530189514],"EasingStyle":"Linear","EasingDirection":"In"},"Left Arm":{"Weight":1,"CFrame":[-0.10860830545425415,-0.2947905957698822,0.3434346914291382,0.18619230389595033,0.4222349524497986,-0.8871585130691528,0.1386144906282425,0.8826280236244202,0.4491702914237976,0.9726862907409668,-0.20660501718521119,0.10581064224243164],"EasingStyle":"Linear","EasingDirection":"In"},"Head":{"Weight":1,"CFrame":[6.231130100786686e-8,-1.9208528101444246e-9,-5.960464477539063e-8,0.9957872033119202,-0.08229666948318482,-0.040437474846839908,0.08262098580598831,0.9965605139732361,0.006412744056433439,0.039770644158124927,-0.00972671341150999,0.9991614818572998],"EasingStyle":"Linear","EasingDirection":"In"},"Torso":{"Weight":1,"CFrame":[-0.09815740585327149,-0.00251924735493958,-0.12853002548217774,0.9974566698074341,0.06455152481794357,0.03022041544318199,-0.06451942026615143,0.9979143738746643,-0.002037324709817767,-0.030288899317383767,0.00008233956032199785,0.999541163444519],"EasingStyle":"Linear","EasingDirection":"In"},"HumanoidRootPart":{"Weight":1,"CFrame":[0,0,0,1,0,0,0,1,0,0,0,1],"EasingStyle":"Linear","EasingDirection":"In"},"Right Leg":{"Weight":1,"CFrame":[0.340457558631897,0.047550857067108157,0.08083665370941162,0.9507420063018799,0.23730070888996125,-0.19944444298744203,-0.24668550491333009,0.9688171148300171,-0.023230822756886483,0.18771256506443025,0.07128651440143585,0.9796338081359863],"EasingStyle":"Linear","EasingDirection":"In"}}},{"Time":0.1666666716337204,"poses":{"Left Leg":{"Weight":1,"CFrame":[-0.5255288481712341,0.17282450199127198,0.06279110908508301,0.9155232906341553,-0.38086163997650149,0.1294662058353424,0.33393144607543948,0.8990152478218079,0.2833046317100525,-0.22429195046424867,-0.21613915264606477,0.9502509832382202],"EasingStyle":"Linear","EasingDirection":"In"},"Right Arm":{"Weight":1,"CFrame":[-0.663413405418396,-0.029383718967437745,-0.549675703048706,0.9618035554885864,0.27157944440841677,0.034332819283008578,-0.2016800493001938,0.7878227233886719,-0.581945538520813,-0.18509258329868318,0.5527928471565247,0.8125027418136597],"EasingStyle":"Linear","EasingDirection":"In"},"Left Arm":{"Weight":1,"CFrame":[-0.08029776066541672,-0.35656869411468508,0.4152001142501831,0.7056839466094971,0.4401825964450836,-0.5552024841308594,0.28549665212631228,0.540513813495636,0.791414201259613,0.6484612226486206,-0.7169966697692871,0.2557613253593445],"EasingStyle":"Linear","EasingDirection":"In"},"Head":{"Weight":1,"CFrame":[5.6781573221087459e-8,-2.8958311304450037e-9,-2.384185791015625e-7,0.9922051429748535,-0.08457016199827194,-0.09152574092149735,0.08544066548347473,0.9963274002075195,0.005627844482660294,0.09071365743875504,-0.013403995893895626,0.9957868456840515],"EasingStyle":"Linear","EasingDirection":"In"},"Torso":{"Weight":1,"CFrame":[-0.10173079371452332,-0.003329397179186344,-0.15102601051330567,0.9927183389663696,0.06695309281349182,0.10013802349567414,-0.06703735888004303,0.9977473616600037,-0.00252696149982512,-0.10008161514997482,-0.004204427357763052,0.994970440864563],"EasingStyle":"Linear","EasingDirection":"In"},"HumanoidRootPart":{"Weight":1,"CFrame":[0,0,0,1,0,0,0,1,0,0,0,1],"EasingStyle":"Linear","EasingDirection":"In"},"Right Leg":{"Weight":1,"CFrame":[0.31240299344062807,-0.028702259063720704,0.07070326805114746,0.9560950994491577,0.22397957742214204,-0.18898525834083558,-0.25101280212402346,0.9587110280990601,-0.133663147687912,0.15124443173408509,0.17523230612277986,0.9728405475616455],"EasingStyle":"Linear","EasingDirection":"In"}}},{"Time":0.20000000298023225,"poses":{"Left Leg":{"Weight":1,"CFrame":[-0.5494061708450317,0.2408045530319214,0.03957247734069824,0.9037557244300842,-0.4044998586177826,0.140019491314888,0.32514244318008425,0.861472487449646,0.3900609314441681,-0.27840256690979006,-0.3069935142993927,0.9100807309150696],"EasingStyle":"Linear","EasingDirection":"In"},"Right Arm":{"Weight":1,"CFrame":[-0.6639915108680725,0.2264673113822937,-0.6572680473327637,0.9674937129020691,0.2438507378101349,0.06702958792448044,-0.07018627971410752,0.5135428309440613,-0.8551887273788452,-0.24296092987060548,0.8226849436759949,0.5139642953872681],"EasingStyle":"Linear","EasingDirection":"In"},"Left Arm":{"Weight":1,"CFrame":[-0.06986753642559052,-0.443785697221756,0.44164013862609866,0.9780919551849365,0.17143754661083222,-0.11809077113866806,0.08276431262493134,0.20026925206184388,0.9762388467788696,0.191013902425766,-0.9646250009536743,0.1816929429769516],"EasingStyle":"Linear","EasingDirection":"In"},"Head":{"Weight":1,"CFrame":[7.171183824539185e-8,2.0954757928848268e-9,-3.5762786865234377e-7,0.988029420375824,-0.08510764688253403,-0.12866449356079102,0.08651953935623169,0.9962354898452759,0.005414104089140892,0.12771934270858766,-0.01648128591477871,0.991673469543457],"EasingStyle":"Linear","EasingDirection":"In"},"Torso":{"Weight":1,"CFrame":[-0.12684214115142823,-0.004150787368416786,-0.17212343215942384,0.9860249757766724,0.06751567125320435,0.15230412781238557,-0.0678539052605629,0.9976909160614014,-0.00298171304166317,-0.15215376019477845,-0.007394387386739254,0.9883291721343994],"EasingStyle":"Linear","EasingDirection":"In"},"HumanoidRootPart":{"Weight":1,"CFrame":[0,0,0,1,0,0,0,1,0,0,0,1],"EasingStyle":"Linear","EasingDirection":"In"},"Right Leg":{"Weight":1,"CFrame":[0.2839947044849396,-0.09148514270782471,0.0541454553604126,0.9608407020568848,0.2106243073940277,-0.1800624579191208,-0.24895039200782777,0.9415075182914734,-0.22712843120098115,0.12169142812490463,0.26306089758872988,0.9570738077163696],"EasingStyle":"Linear","EasingDirection":"In"}}},{"Time":0.23333333432674409,"poses":{"Left Leg":{"Weight":1,"CFrame":[-0.5567371845245361,0.2687493562698364,0.023102283477783204,0.9022554159164429,-0.40806522965431216,0.1393485963344574,0.3142586350440979,0.8435577750205994,0.4354904890060425,-0.29525715112686159,-0.34913209080696108,0.8893425464630127],"EasingStyle":"Linear","EasingDirection":"In"},"Right Arm":{"Weight":1,"CFrame":[-0.664074182510376,0.3337603807449341,-0.6942552328109741,0.9687883257865906,0.23257151246070863,0.08578912913799286,-0.007742070592939854,0.37429672479629519,-0.9272767305374146,-0.24776867032051087,0.8976706266403198,0.36441490054130556],"EasingStyle":"Linear","EasingDirection":"In"},"Left Arm":{"Weight":1,"CFrame":[-0.0683775469660759,-0.5435569286346436,0.4454174041748047,0.9979984760284424,0.01174881774932146,0.062138836830854419,-0.06297466158866883,0.0947483703494072,0.993507444858551,0.005784923676401377,-0.9954319596290588,0.09529867768287659],"EasingStyle":"Linear","EasingDirection":"In"},"Head":{"Weight":1,"CFrame":[5.337642505764961e-8,-4.6566128730773929e-9,1.1920928955078126e-7,0.986063539981842,-0.08503544330596924,-0.14299552142620088,0.08669932186603546,0.9962197542190552,0.0054342192597687248,0.14199286699295045,-0.017756106331944467,0.989708423614502],"EasingStyle":"Linear","EasingDirection":"In"},"Torso":{"Weight":1,"CFrame":[-0.14410799741744996,-0.0043864501640200619,-0.18143796920776368,0.983016848564148,0.06189775466918945,0.17276199162006379,-0.0623733326792717,0.9980493187904358,-0.0026799209881573917,-0.17259088158607484,-0.008141331374645234,0.9849599599838257],"EasingStyle":"Linear","EasingDirection":"In"},"HumanoidRootPart":{"Weight":1,"CFrame":[0,0,0,1,0,0,0,1,0,0,0,1],"EasingStyle":"Linear","EasingDirection":"In"},"Right Leg":{"Weight":1,"CFrame":[0.26596948504447939,-0.11855947971343994,0.04583859443664551,0.962002158164978,0.20399004220962525,-0.18149352073669434,-0.24782538414001466,0.9313402771949768,-0.2668105959892273,0.11460559070110321,0.30165112018585207,0.9465053677558899],"EasingStyle":"Linear","EasingDirection":"In"}}},{"Time":0.2666666805744171,"poses":{"Left Leg":{"Weight":1,"CFrame":[-0.5592446327209473,0.24934744834899903,0.023914456367492677,0.9107009172439575,-0.3946007788181305,0.12212339788675308,0.3184244632720947,0.8589807748794556,0.40094640851020815,-0.26311537623405459,-0.3262551724910736,0.9079250693321228],"EasingStyle":"Linear","EasingDirection":"In"},"Right Arm":{"Weight":1,"CFrame":[-0.6616790890693665,0.2717563509941101,-0.6401567459106445,0.9712467193603516,0.22289416193962098,0.0836542472243309,-0.026036767289042474,0.44871580600738528,-0.8932952284812927,-0.23664718866348267,0.8654319047927856,0.44161713123321535],"EasingStyle":"Linear","EasingDirection":"In"},"Left Arm":{"Weight":1,"CFrame":[-0.10251128673553467,-0.6414152979850769,0.37252020835876467,0.9927372932434082,0.10331174731254578,0.06163908541202545,-0.0778743177652359,0.1613244265317917,0.9838242530822754,0.0916966050863266,-0.9814791083335877,0.16819824278354646],"EasingStyle":"Linear","EasingDirection":"In"},"Head":{"Weight":1,"CFrame":[5.0305970944464209e-8,-4.0745362639427189e-9,-5.960464477539063e-8,0.9882852435112,-0.0783892422914505,-0.1309487521648407,0.07990244776010513,0.9967825412750244,0.006333542987704277,0.13003095984458924,-0.01672247052192688,0.9913689494132996],"EasingStyle":"Linear","EasingDirection":"In"},"Torso":{"Weight":1,"CFrame":[-0.13148793578147889,-0.0037672286853194238,-0.172837495803833,0.9863771200180054,0.047435373067855838,0.15751208364963532,-0.04782691225409508,0.9988548755645752,-0.001305736368522048,-0.15739361941814423,-0.006245368160307407,0.9875162839889526],"EasingStyle":"Linear","EasingDirection":"In"},"HumanoidRootPart":{"Weight":1,"CFrame":[0,0,0,1,0,0,0,1,0,0,0,1],"EasingStyle":"Linear","EasingDirection":"In"},"Right Leg":{"Weight":1,"CFrame":[0.26574164628982546,-0.10111784934997559,0.05610489845275879,0.9573257565498352,0.2097475826740265,-0.19882988929748536,-0.2544538676738739,0.9379156827926636,-0.2357274740934372,0.13704238831996919,0.2762609124183655,0.9512619972229004],"EasingStyle":"Linear","EasingDirection":"In"}}},{"Time":0.30000001192092898,"poses":{"Left Leg":{"Weight":1,"CFrame":[-0.5513841509819031,0.19699937105178834,0.0324094295501709,0.9255377650260925,-0.36711370944976809,0.0927760973572731,0.3227255642414093,0.8929442167282105,0.31384512782096865,-0.19806072115898133,-0.26053428649902346,0.9449306130409241],"EasingStyle":"Linear","EasingDirection":"In"},"Right Arm":{"Weight":1,"CFrame":[-0.6449142694473267,0.03162026405334473,-0.4957549571990967,0.9772058129310608,0.2038649618625641,0.05922865867614746,-0.1082925871014595,0.7186503410339356,-0.6868875026702881,-0.18259696662425996,0.6648163795471191,0.7243463397026062],"EasingStyle":"Linear","EasingDirection":"In"},"Left Arm":{"Weight":1,"CFrame":[-0.18722853064537049,-0.7165520191192627,0.17680132389068604,0.9247721433639526,0.3801494240760803,0.01682264730334282,-0.1615080088376999,0.3520953953266144,0.9219241142272949,0.3445456027984619,-0.855286717414856,0.38700535893440249],"EasingStyle":"Linear","EasingDirection":"In"},"Head":{"Weight":1,"CFrame":[9.140785550698638e-8,2.3283064365386965e-10,-2.980232238769531e-7,0.9932292103767395,-0.060762591660022739,-0.09901351481676102,0.06188433617353439,0.9980488419532776,0.008294765837490559,0.09831629693508148,-0.014365985989570618,0.9950515627861023],"EasingStyle":"Linear","EasingDirection":"In"},"Torso":{"Weight":1,"CFrame":[-0.10486021637916565,-0.0030345874838531019,-0.15276026725769044,0.9927195310592651,0.026458045467734338,0.11750702559947968,-0.02666737139225006,0.9996443390846252,0.0002092245122184977,-0.11745969951152802,-0.0033413046039640905,0.9930720329284668],"EasingStyle":"Linear","EasingDirection":"In"},"HumanoidRootPart":{"Weight":1,"CFrame":[0,0,0,1,0,0,0,1,0,0,0,1],"EasingStyle":"Linear","EasingDirection":"In"},"Right Leg":{"Weight":1,"CFrame":[0.2710113823413849,-0.05448734760284424,0.07532620429992676,0.9481889009475708,0.22236217558383943,-0.22692041099071504,-0.26116302609443667,0.9522515535354614,-0.15814870595932008,0.18091905117034913,0.20921805500984193,0.9609870910644531],"EasingStyle":"Linear","EasingDirection":"In"}}},{"Time":0.3333333432674408,"poses":{"Left Leg":{"Weight":1,"CFrame":[-0.5258557796478272,0.12554937601089478,0.03796124458312988,0.9432653188705444,-0.3271980583667755,0.05649847537279129,0.31037822365760805,0.9293221831321716,0.2000642567873001,-0.1179659366607666,-0.17117777466773988,0.9781524538993836],"EasingStyle":"Linear","EasingDirection":"In"},"Right Arm":{"Weight":1,"CFrame":[-0.6011747717857361,-0.3813974857330322,-0.2789419889450073,0.9817339777946472,0.19025227427482606,0.0015658894553780556,-0.1892978996038437,0.9775696992874146,-0.092323899269104,-0.019095614552497865,0.09034095704555512,0.9957278370857239],"EasingStyle":"Linear","EasingDirection":"In"},"Left Arm":{"Weight":1,"CFrame":[-0.2960033416748047,-0.746573805809021,-0.10728150606155396,0.6281155347824097,0.7475811243057251,-0.21585503220558167,-0.4248404800891876,0.5618904829025269,0.7097815275192261,0.6519061326980591,-0.35412079095840456,0.6705347895622253],"EasingStyle":"Linear","EasingDirection":"In"},"Head":{"Weight":1,"CFrame":[1.2461418918974233e-7,-8.203642209991813e-10,2.384185791015625e-7,0.9979300498962402,-0.035636622458696368,-0.05353181064128876,0.03622422739863396,0.9992932677268982,0.010046402923762799,0.053135957568883899,-0.011964756064116955,0.9985156059265137],"EasingStyle":"Linear","EasingDirection":"In"},"Torso":{"Weight":1,"CFrame":[-0.0808805525302887,-0.0030872635543346407,-0.1300797462463379,0.998099684715271,0.0013724565505981446,0.06160463020205498,-0.0014207856729626656,0.9999988079071045,0.0007407093653455377,-0.06160353124141693,-0.0008268288802355528,0.9981003403663635],"EasingStyle":"Linear","EasingDirection":"In"},"HumanoidRootPart":{"Weight":1,"CFrame":[0,0,0,1,0,0,0,1,0,0,0,1],"EasingStyle":"Linear","EasingDirection":"In"},"Right Leg":{"Weight":1,"CFrame":[0.27583080530166628,0.00903308391571045,0.09377121925354004,0.9353735446929932,0.23931768536567689,-0.26039090752601626,-0.2620435953140259,0.9634391665458679,-0.05584174394607544,0.23750685155391694,0.12046658992767334,0.9638870358467102],"EasingStyle":"Linear","EasingDirection":"In"}}},{"Time":0.36666667461395266,"poses":{"Left Leg":{"Weight":1,"CFrame":[-0.48255276679992678,0.050684213638305667,0.03602945804595947,0.9600341320037842,-0.27922987937927248,0.019112959504127504,0.27674028277397158,0.9572428464889526,0.08426745235919953,-0.04182575270533562,-0.07561030238866806,0.9962599277496338],"EasingStyle":"Linear","EasingDirection":"In"},"Right Arm":{"Weight":1,"CFrame":[-0.5538160800933838,-0.6162829995155335,0.028178691864013673,0.9731801152229309,0.22125989198684693,-0.06296556442975998,-0.12430506944656372,0.7360884547233582,0.6653736233711243,0.1935686469078064,-0.6397014260292053,0.7438504099845886],"EasingStyle":"Linear","EasingDirection":"In"},"Left Arm":{"Weight":1,"CFrame":[-0.4046037793159485,-0.7041813731193543,-0.4399212598800659,0.1135825365781784,0.751468300819397,-0.6499189138412476,-0.8024712800979614,0.45507460832595827,0.3859364688396454,0.5857806205749512,0.4777056574821472,0.65472012758255],"EasingStyle":"Linear","EasingDirection":"In"},"Head":{"Weight":1,"CFrame":[6.249319994822145e-8,3.4924596548080446e-10,-2.384185791015625e-7,0.9999772906303406,-0.006653145421296358,-0.0011324265506118537,0.006664734333753586,0.9999220371246338,0.010558271780610085,0.0010620926041156054,-0.010565578937530518,0.9999436140060425],"EasingStyle":"Linear","EasingDirection":"In"},"Torso":{"Weight":1,"CFrame":[-0.06893078982830048,-0.004451502114534378,-0.11292791366577149,0.9996821880340576,-0.025194911286234857,-0.0008356311009265482,0.02519460953772068,0.9996824860572815,-0.0003699158551171422,0.0008446858264505863,0.00034874488483183086,0.9999995827674866],"EasingStyle":"Linear","EasingDirection":"In"},"HumanoidRootPart":{"Weight":1,"CFrame":[0,0,0,1,0,0,0,1,0,0,0,1],"EasingStyle":"Linear","EasingDirection":"In"},"Right Leg":{"Weight":1,"CFrame":[0.2817426919937134,0.07837069034576416,0.10659897327423096,0.9194359183311462,0.26083528995513918,-0.29428306221961977,-0.2573990821838379,0.9649541974067688,0.051080748438835147,0.29729339480400088,0.028782669454813005,0.9543523192405701],"EasingStyle":"Linear","EasingDirection":"In"}}},{"Time":0.4000000059604645,"poses":{"Left Leg":{"Weight":1,"CFrame":[-0.43643075227737429,-0.018479585647583009,0.028209447860717775,0.972048819065094,-0.23419040441513062,-0.01661369390785694,0.23372632265090943,0.9719582200050354,-0.025872040539979936,0.02220677211880684,0.02126583829522133,0.9995272159576416],"EasingStyle":"Linear","EasingDirection":"In"},"Right Arm":{"Weight":1,"CFrame":[-0.5120420455932617,-0.609162449836731,0.3853175640106201,0.9590964317321777,0.27021047472953799,-0.08438271284103394,0.023182077333331109,0.22211472690105439,0.9747449159622192,0.28212887048721316,-0.936830461025238,0.2067655473947525],"EasingStyle":"Linear","EasingDirection":"In"},"Left Arm":{"Weight":1,"CFrame":[-0.4979749321937561,-0.6109168529510498,-0.7599164247512817,-0.18116456270217896,0.36242300271987917,-0.9142369031906128,-0.9648681282997131,0.11436895281076431,0.2365359514951706,0.19028641283512116,0.9249699711799622,0.32897064089775088],"EasingStyle":"Linear","EasingDirection":"In"},"Head":{"Weight":1,"CFrame":[6.612390279769898e-8,4.656612873077393e-10,0,0.9984337687492371,0.02237960323691368,0.05127551406621933,-0.022892558947205545,0.9996934533119202,0.009438431821763516,-0.05104856565594673,-0.010597477667033673,0.9986400008201599],"EasingStyle":"Linear","EasingDirection":"In"},"Torso":{"Weight":1,"CFrame":[-0.05352295935153961,-0.007054612506181002,-0.10784578323364258,0.9968860149383545,-0.05046121031045914,-0.06059813126921654,0.05037000775337219,0.9987261295318604,-0.0030326107516884805,0.06067395955324173,-0.000029161137717892417,0.9981577396392822],"EasingStyle":"Linear","EasingDirection":"In"},"HumanoidRootPart":{"Weight":1,"CFrame":[0,0,0,1,0,0,0,1,0,0,0,1],"EasingStyle":"Linear","EasingDirection":"In"},"Right Leg":{"Weight":1,"CFrame":[0.29147303104400637,0.1511281132698059,0.11293280124664307,0.9006421566009522,0.287128746509552,-0.32619133591651919,-0.24800020456314088,0.9559928774833679,0.15675972402095796,0.3568469285964966,-0.060288943350315097,0.9322153925895691],"EasingStyle":"Linear","EasingDirection":"In"}}},{"Time":0.4333333373069763,"poses":{"Left Leg":{"Weight":1,"CFrame":[-0.4289798140525818,-0.06956911087036133,0.016664505004882814,0.974845826625824,-0.21772269904613496,-0.04767215996980667,0.21055956184864045,0.9697728157043457,-0.12331036478281021,0.07307859510183335,0.11017077416181565,0.9912224411964417],"EasingStyle":"Linear","EasingDirection":"In"},"Right Arm":{"Weight":1,"CFrame":[-0.39642584323883059,-0.5034196376800537,0.5652453899383545,0.9511145353317261,0.29723766446113589,-0.08385062962770462,0.11868590116500855,-0.10112760215997696,0.9877687096595764,0.2851223349571228,-0.9494329690933228,-0.1314617544412613],"EasingStyle":"Linear","EasingDirection":"In"},"Left Arm":{"Weight":1,"CFrame":[-0.5633556842803955,-0.517652153968811,-1.000717043876648,-0.24618981778621674,0.05230262875556946,-0.9678093791007996,-0.9660042524337769,-0.09453566372394562,0.24062176048755647,-0.07890728861093521,0.9941466450691223,0.07379826158285141],"EasingStyle":"Linear","EasingDirection":"In"},"Head":{"Weight":1,"CFrame":[6.58910721540451e-8,-2.7939677238464357e-9,2.384185791015625e-7,0.9941657185554504,0.04763288050889969,0.09677699953317642,-0.048543378710746768,0.9987960457801819,0.007074226625263691,-0.09632352739572525,-0.011730837635695935,0.995280921459198],"EasingStyle":"Linear","EasingDirection":"In"},"Torso":{"Weight":1,"CFrame":[-0.02763095498085022,-0.010274874046444893,-0.12776684761047364,0.9912697076797485,-0.07166942954063416,-0.1106703132390976,0.07139217108488083,0.9974273443222046,-0.006471066735684872,0.11084937304258347,-0.0014864212134853006,0.9938361048698425],"EasingStyle":"Linear","EasingDirection":"In"},"HumanoidRootPart":{"Weight":1,"CFrame":[0,0,0,1,0,0,0,1,0,0,0,1],"EasingStyle":"Linear","EasingDirection":"In"},"Right Leg":{"Weight":1,"CFrame":[0.321193128824234,0.22899937629699708,0.11665451526641846,0.877224326133728,0.3251785337924957,-0.3531802296638489,-0.24437767267227174,0.935682475566864,0.25451526045799258,0.41322746872901919,-0.13695769011974336,0.9002698063850403],"EasingStyle":"Linear","EasingDirection":"In"}}},{"Time":0.46666666865348818,"poses":{"Left Leg":{"Weight":1,"CFrame":[-0.45831966400146487,-0.09754908084869385,0.004873991012573242,0.9710375070571899,-0.22853508591651917,-0.06969922035932541,0.21152126789093018,0.957921028137207,-0.1940261423587799,0.11110808700323105,0.17366375029087068,0.9785171747207642],"EasingStyle":"Linear","EasingDirection":"In"},"Right Arm":{"Weight":1,"CFrame":[-0.22852833569049836,-0.4083572328090668,0.5999747514724731,0.9494832158088684,0.3015347123146057,-0.08694072812795639,0.15257781744003297,-0.20147524774074555,0.967536985874176,0.2742294669151306,-0.9319252371788025,-0.23730473220348359],"EasingStyle":"Linear","EasingDirection":"In"},"Left Arm":{"Weight":1,"CFrame":[-0.5879849195480347,-0.47525909543037417,-1.095772624015808,-0.27037930488586428,-0.07334598153829575,-0.9599559903144836,-0.9525765180587769,-0.12421700358390808,0.27779170870780947,-0.1396176666021347,0.9895406365394592,-0.03628198802471161],"EasingStyle":"Linear","EasingDirection":"In"},"Head":{"Weight":1,"CFrame":[1.1327210813760758e-7,-1.862645149230957e-9,0,0.9895203709602356,0.06540973484516144,0.12872853875160218,-0.06653956323862076,0.9977737665176392,0.00449127284809947,-0.128148153424263,-0.013009747490286827,0.991669774055481],"EasingStyle":"Linear","EasingDirection":"In"},"Torso":{"Weight":1,"CFrame":[-0.0016687512397766114,-0.013139214366674424,-0.1618962287902832,0.9856753945350647,-0.08621187508106232,-0.14495351910591126,0.08574607968330383,0.9962720274925232,-0.009469776414334774,0.1452295482158661,-0.0030950717628002168,0.9893931746482849],"EasingStyle":"Linear","EasingDirection":"In"},"HumanoidRootPart":{"Weight":1,"CFrame":[0,0,0,1,0,0,0,1,0,0,0,1],"EasingStyle":"Linear","EasingDirection":"In"},"Right Leg":{"Weight":1,"CFrame":[0.3568223714828491,0.2966054677963257,0.11626315116882324,0.8548552393913269,0.36222922801971438,-0.3715003728866577,-0.2440749555826187,0.9125521183013916,0.3281404376029968,0.4578755497932434,-0.18983860313892365,0.8685110211372376],"EasingStyle":"Linear","EasingDirection":"In"}}},{"Time":0.5,"poses":{"Left Leg":{"Weight":1,"CFrame":[-0.47754937410354617,-0.10614943504333496,-0.0005348920822143555,0.9681164622306824,-0.23801548779010774,-0.07809711992740631,0.21592451632022859,0.9509486556053162,-0.22152483463287354,0.12699264287948609,0.19759871065616609,0.9720224738121033],"EasingStyle":"Linear","EasingDirection":"In"},"Right Arm":{"Weight":1,"CFrame":[-0.055998578667640689,-0.4330725073814392,0.5252776145935059,0.9528663754463196,0.2835233509540558,-0.10798254609107971,0.146493062376976,-0.11828727275133133,0.9821140766143799,0.2656792104244232,-0.9516420960426331,-0.15424604713916779],"EasingStyle":"Linear","EasingDirection":"In"},"Left Arm":{"Weight":1,"CFrame":[-0.5845069885253906,-0.4786434769630432,-0.9516013860702515,-0.3083028495311737,-0.02001155912876129,-0.9510778188705444,-0.9507033824920654,-0.028573308140039445,0.308782696723938,-0.03335457667708397,0.9993913769721985,-0.010215864516794682],"EasingStyle":"Linear","EasingDirection":"In"},"Head":{"Weight":1,"CFrame":[-1.210719347000122e-8,0,3.5762786865234377e-7,0.9874089956283569,0.07215572148561478,0.14077292382717133,-0.07330022007226944,0.9973055124282837,0.002955131232738495,-0.14018037915229798,-0.01323661021888256,0.9900375604629517],"EasingStyle":"Linear","EasingDirection":"In"},"Torso":{"Weight":1,"CFrame":[0.010146409273147583,-0.014598198235034943,-0.17992615699768067,0.9832343459129334,-0.09160885214805603,-0.15766432881355287,0.0910598412156105,0.9957877397537231,-0.01071775984019041,0.15798203647136689,-0.003818817436695099,0.9874346256256104],"EasingStyle":"Linear","EasingDirection":"In"},"HumanoidRootPart":{"Weight":1,"CFrame":[0,0,0,1,0,0,0,1,0,0,0,1],"EasingStyle":"Linear","EasingDirection":"In"},"Right Leg":{"Weight":1,"CFrame":[0.3729732930660248,0.32541120052337649,0.1145021915435791,0.8449032306671143,0.3782957196235657,-0.37819409370422366,-0.2437078207731247,0.9015992283821106,0.357386976480484,0.47617748379707339,-0.20978860557079316,0.8539576530456543],"EasingStyle":"Linear","EasingDirection":"In"}}},{"Time":0.5333333611488342,"poses":{"Left Leg":{"Weight":1,"CFrame":[-0.4755270183086395,-0.08888554573059082,0.0066645145416259769,0.9683884978294373,-0.24066509306430818,-0.06560685485601425,0.2251715511083603,0.9565459489822388,-0.18525008857250215,0.10733915120363236,0.16462121903896333,0.9804990291595459],"EasingStyle":"Linear","EasingDirection":"In"},"Right Arm":{"Weight":1,"CFrame":[0.10051613301038742,-0.47897255420684817,0.36072635650634768,0.9598167538642883,0.23158632218837739,-0.15849249064922334,0.13392053544521333,0.11832310259342194,0.9839029312133789,0.24661168456077577,-0.9655917882919312,0.0825544223189354],"EasingStyle":"Linear","EasingDirection":"In"},"Left Arm":{"Weight":1,"CFrame":[-0.5601612329483032,-0.5020296573638916,-0.5980856418609619,-0.33286815881729128,0.1747688502073288,-0.926636278629303,-0.9223635792732239,0.14398230612277986,0.35848915576934817,0.1960720419883728,0.9740251302719116,0.11327309161424637],"EasingStyle":"Linear","EasingDirection":"In"},"Head":{"Weight":1,"CFrame":[3.282912075519562e-8,2.7939677238464357e-9,-5.364418029785156e-7,0.989515483379364,0.06576517224311829,0.12858514487743379,-0.06672810018062592,0.9977661371231079,0.0031903095077723266,-0.1280880719423294,-0.011737101711332798,0.9916934370994568],"EasingStyle":"Linear","EasingDirection":"In"},"Torso":{"Weight":1,"CFrame":[-0.0038448870182037355,-0.013623872771859169,-0.16781067848205567,0.9866644740104675,-0.08290746062994003,-0.14006999135017396,0.08247006684541702,0.9965534806251526,-0.008934343233704567,0.14032796025276185,-0.002736381022259593,0.9901013374328613],"EasingStyle":"Linear","EasingDirection":"In"},"HumanoidRootPart":{"Weight":1,"CFrame":[0,0,0,1,0,0,0,1,0,0,0,1],"EasingStyle":"Linear","EasingDirection":"In"},"Right Leg":{"Weight":1,"CFrame":[0.3663399815559387,0.29421037435531618,0.11938703060150147,0.8550535440444946,0.36521202325820925,-0.36810827255249026,-0.252349317073822,0.91323322057724,0.31988266110420229,0.45299363136291506,-0.18062497675418855,0.8730243444442749],"EasingStyle":"Linear","EasingDirection":"In"}}},{"Time":0.5666666626930237,"poses":{"Left Leg":{"Weight":1,"CFrame":[-0.47188708186149599,-0.04393601417541504,0.02216172218322754,0.9676010608673096,-0.25025323033332827,-0.03348991647362709,0.2462938278913498,0.9647290706634522,-0.0929369255900383,0.055566415190696719,0.08167745918035507,0.9951087236404419],"EasingStyle":"Linear","EasingDirection":"In"},"Right Arm":{"Weight":1,"CFrame":[0.2271188348531723,-0.5036875009536743,0.195634126663208,0.9656590819358826,0.11386307328939438,-0.23353318870067597,0.15422363579273225,0.47215330600738528,0.8679206371307373,0.20908749103546143,-0.8741317987442017,0.43837884068489077],"EasingStyle":"Linear","EasingDirection":"In"},"Left Arm":{"Weight":1,"CFrame":[-0.29579588770866396,-0.5560486912727356,-0.15720701217651368,-0.29850491881370547,0.43809235095977785,-0.8479209542274475,-0.8057651519775391,0.36046302318573,0.4699033498764038,0.511505126953125,0.823493480682373,0.24539947509765626],"EasingStyle":"Linear","EasingDirection":"In"},"Head":{"Weight":1,"CFrame":[9.73232090473175e-8,3.958120942115784e-9,-1.1920928955078126e-7,0.9941573739051819,0.04873105138540268,0.09631490707397461,-0.049392908811569217,0.9987694025039673,0.00449814647436142,-0.09597718715667725,-0.009229138493537903,0.9953408241271973],"EasingStyle":"Linear","EasingDirection":"In"},"Torso":{"Weight":1,"CFrame":[-0.03299778699874878,-0.010925957933068276,-0.14147496223449708,0.9937552213668823,-0.060308780521154407,-0.09387990832328797,0.06010260805487633,0.99817955493927,-0.005024655256420374,0.09401203691959381,-0.000649149646051228,0.9955708384513855],"EasingStyle":"Linear","EasingDirection":"In"},"HumanoidRootPart":{"Weight":1,"CFrame":[0,0,0,1,0,0,0,1,0,0,0,1],"EasingStyle":"Linear","EasingDirection":"In"},"Right Leg":{"Weight":1,"CFrame":[0.3444852828979492,0.2161584496498108,0.1231083869934082,0.8802697062492371,0.33004307746887209,-0.34087640047073367,-0.2642914354801178,0.9377273917198181,0.22542712092399598,0.39404988288879397,-0.10834600776433945,0.9126806855201721],"EasingStyle":"Linear","EasingDirection":"In"}}},{"Time":0.6000000238418579,"poses":{"Left Leg":{"Weight":1,"CFrame":[-0.4712902307510376,0.018055737018585206,0.03670525550842285,0.9626616835594177,-0.2705322504043579,0.009734581224620343,0.2701447308063507,0.9623569846153259,0.02984638325870037,-0.017442582175135614,-0.02610224112868309,0.9995071291923523],"EasingStyle":"Linear","EasingDirection":"In"},"Right Arm":{"Weight":1,"CFrame":[0.31792500615119936,-0.38848480582237246,0.09028291702270508,0.9579092264175415,-0.11734730005264282,-0.2619916498661041,0.2457469403743744,0.8069396018981934,0.5370818376541138,0.14838622510433198,-0.5788593292236328,0.8018126487731934],"EasingStyle":"Linear","EasingDirection":"In"},"Left Arm":{"Weight":1,"CFrame":[0.15144558250904084,-0.6144620180130005,0.23511648178100587,-0.16820263862609864,0.6756584644317627,-0.7177699208259583,-0.5515744090080261,0.5389747619628906,0.6366096138954163,0.8169905543327332,0.5029829740524292,0.2820188105106354],"EasingStyle":"Linear","EasingDirection":"In"},"Head":{"Weight":1,"CFrame":[7.008202373981476e-8,-4.656612873077393e-10,-1.1920928955078126e-7,0.998430609703064,0.024438612163066865,0.05039096251130104,-0.02475600130856037,0.9996773600578308,0.005683863069862127,-0.0502358116209507,-0.006922421045601368,0.9987133741378784],"EasingStyle":"Linear","EasingDirection":"In"},"Torso":{"Weight":1,"CFrame":[-0.058226052671670917,-0.008380654267966748,-0.11631178855895996,0.999148964881897,-0.029168663546442987,-0.029164891690015794,0.029141517356038095,0.9995744824409485,-0.0013553721364587546,0.029192011803388597,0.000504309602547437,0.9995737075805664],"EasingStyle":"Linear","EasingDirection":"In"},"HumanoidRootPart":{"Weight":1,"CFrame":[0,0,0,1,0,0,0,1,0,0,0,1],"EasingStyle":"Linear","EasingDirection":"In"},"Right Leg":{"Weight":1,"CFrame":[0.302602618932724,0.11740463972091675,0.11138629913330078,0.9114426374435425,0.2790885269641876,-0.30229440331459048,-0.2597561776638031,0.9601390361785889,0.10324677079916,0.3190596401691437,-0.015580743551254273,0.9476065635681152],"EasingStyle":"Linear","EasingDirection":"In"}}},{"Time":0.6333333253860474,"poses":{"Left Leg":{"Weight":1,"CFrame":[-0.483778178691864,0.08856827020645142,0.044741153717041019,0.9505776762962341,-0.3055206537246704,0.05530994012951851,0.2936982810497284,0.9425804615020752,0.15900777280330659,-0.10071423649787903,-0.13490478694438935,0.9857267737388611],"EasingStyle":"Linear","EasingDirection":"In"},"Right Arm":{"Weight":1,"CFrame":[0.3990985155105591,-0.26550841331481936,-0.011161744594573975,0.8985229134559631,-0.4389205873012543,0.0022944502998143436,0.4374563992023468,0.8959282040596008,0.07710199