{"Sequence":[{"Time":0,"poses":{"Left Leg":{"Weight":1,"CFrame":[-0.12069984525442124,0.31675565242767336,0.08953988552093506,0.8391491174697876,-0.11969011276960373,0.5305686593055725,0.09718822687864304,0.9927839040756226,0.07024722546339035,-0.5351479053497315,-0.0073828501626849178,0.8447261452674866],"EasingStyle":"Linear","EasingDirection":"In"},"Right Arm":{"Weight":1,"CFrame":[0.0008296668529510498,0.036550939083099368,0.3201863765716553,-0.30806371569633486,-0.8958343267440796,0.3202779293060303,0.36537185311317446,0.19942763447761537,0.9092480540275574,-0.8784077167510986,0.3971266746520996,0.2658761441707611],"EasingStyle":"Linear","EasingDirection":"In"},"Left Arm":{"Weight":1,"CFrame":[-0.4113103449344635,-0.27636200189590456,-0.013415157794952393,-0.9128299355506897,0.3306857645511627,-0.23955927789211274,-0.2620975971221924,-0.024619542062282563,0.9647272825241089,0.3131237328052521,0.9434197545051575,0.10914487391710282],"EasingStyle":"Linear","EasingDirection":"In"},"Head":{"Weight":1,"CFrame":[-6.402842700481415e-9,-1.4071702025830746e-8,-5.960464477539063e-8,0.9655831456184387,-0.2526347041130066,-0.061845943331718448,0.2583324909210205,0.959166407585144,0.11517013609409332,0.030224576592445375,-0.12718312442302705,0.991418719291687],"EasingStyle":"Linear","EasingDirection":"In"},"Torso":{"Weight":1,"CFrame":[-0.034887783229351047,0,-0.2270958423614502,0.9920981526374817,0.12089726328849793,0.03354499489068985,-0.11824478954076767,0.9903579354286194,-0.07217593491077423,-0.04194742441177368,0.06763908267021179,0.9968276619911194],"EasingStyle":"Linear","EasingDirection":"In"},"HumanoidRootPart":{"Weight":1,"CFrame":[0,0,0,1,0,0,0,1,0,0,0,1],"EasingStyle":"Linear","EasingDirection":"In"},"Right Leg":{"Weight":1,"CFrame":[0.6753631234169006,0.2025253176689148,-0.23236972093582154,0.8972651362419128,0.12991105020046235,0.42194607853889468,-0.18609663844108582,0.9779636859893799,0.09463223814964295,-0.4003541171550751,-0.1634330302476883,0.9016685485839844],"EasingStyle":"Linear","EasingDirection":"In"}}},{"Time":0.03333333507180214,"poses":{"Left Leg":{"Weight":1,"CFrame":[-0.09844781458377838,0.2554907202720642,0.06308853626251221,0.9011499881744385,-0.123418428003788,0.41556787490844729,0.10303867608308792,0.9921249747276306,0.07121147960424423,-0.4210842549800873,-0.021352658048272134,0.9067702293395996],"EasingStyle":"Linear","EasingDirection":"In"},"Right Arm":{"Weight":1,"CFrame":[0.010085901245474816,-0.08138620853424072,0.32707178592681887,-0.08804270625114441,-0.8362023234367371,0.5413078665733337,0.4202464520931244,0.4615088701248169,0.7812826037406921,-0.9031287431716919,0.29626891016960146,0.3107786774635315],"EasingStyle":"Linear","EasingDirection":"In"},"Left Arm":{"Weight":1,"CFrame":[-0.2848910987377167,-0.5078939199447632,-0.08618205785751343,-0.6684284806251526,0.3582557141780853,-0.6518099308013916,-0.6658203601837158,0.10236138850450516,0.7390571236610413,0.331491619348526,0.9279952645301819,0.170112743973732],"EasingStyle":"Linear","EasingDirection":"In"},"Head":{"Weight":1,"CFrame":[-1.4668330550193787e-8,-2.0954757928848268e-9,-5.960464477539063e-8,0.988666832447052,-0.14672744274139405,-0.031765908002853397,0.14752523601055146,0.9887569546699524,0.02441321313381195,0.027826668694615365,-0.028822803869843484,0.9991971254348755],"EasingStyle":"Linear","EasingDirection":"In"},"Torso":{"Weight":1,"CFrame":[-0.04051920026540756,0,-0.18760085105895997,0.9990935325622559,0.034966301172971728,0.02428114414215088,-0.0342184416949749,0.998947024345398,-0.03056124411523342,-0.02532419003546238,0.029702676460146905,0.9992379546165466],"EasingStyle":"Linear","EasingDirection":"In"},"HumanoidRootPart":{"Weight":1,"CFrame":[0,0,0,1,0,0,0,1,0,0,0,1],"EasingStyle":"Linear","EasingDirection":"In"},"Right Leg":{"Weight":1,"CFrame":[0.35446569323539736,0.14894098043441773,-0.06638854742050171,0.94792640209198,0.08671271800994873,0.3064579665660858,-0.11517058312892914,0.9904343485832214,0.07599705457687378,-0.29693660140037539,-0.10733462125062943,0.9488455653190613],"EasingStyle":"Linear","EasingDirection":"In"}}},{"Time":0.06666667014360428,"poses":{"Left Leg":{"Weight":1,"CFrame":[-0.06697176396846771,0.0574418306350708,0.03508305549621582,0.9709723591804504,-0.08938411623239517,0.22186309099197389,0.08100703358650208,0.9956238865852356,0.04659326374530792,-0.22505688667297364,-0.027268294245004655,0.9739640355110169],"EasingStyle":"Linear","EasingDirection":"In"},"Right Arm":{"Weight":1,"CFrame":[0.01852792501449585,-0.2687920033931732,0.18812406063079835,0.41290324926376345,-0.6386191844940186,0.6493661999702454,0.5181293487548828,0.7510717511177063,0.40918591618537905,-0.749034583568573,0.16750140488147736,0.6410072445869446],"EasingStyle":"Linear","EasingDirection":"In"},"Left Arm":{"Weight":1,"CFrame":[-0.10032664239406586,-0.47997573018074038,-0.11643755435943604,-0.11329290270805359,0.48849058151245119,-0.8651831150054932,-0.7501497268676758,0.5289324522018433,0.3968698978424072,0.6514906883239746,0.6939795017242432,0.3065166175365448],"EasingStyle":"Linear","EasingDirection":"In"},"Head":{"Weight":1,"CFrame":[4.71482053399086e-9,3.259629011154175e-9,0,0.9997739195823669,0.020151687785983087,-0.006799872498959303,-0.020576704293489457,0.9973596930503845,-0.06964469701051712,0.005378460977226496,0.06976885348558426,0.9975486993789673],"EasingStyle":"Linear","EasingDirection":"In"},"Torso":{"Weight":1,"CFrame":[-0.05430556833744049,0,-0.014810323715209961,0.9967654347419739,-0.08036581426858902,-0.00013421446783468127,0.0803631991147995,0.9967166781425476,0.009889707900583744,-0.0006610205746255815,-0.009868506342172623,0.9999511241912842],"EasingStyle":"Linear","EasingDirection":"In"},"HumanoidRootPart":{"Weight":1,"CFrame":[0,0,0,1,0,0,0,1,0,0,0,1],"EasingStyle":"Linear","EasingDirection":"In"},"Right Leg":{"Weight":1,"CFrame":[-0.059103094041347507,0.017161667346954347,0.09049570560455322,0.9907041192054749,0.02323022298514843,0.13403666019439698,-0.030592989176511766,0.9981186985969544,0.05313488468527794,-0.13255010545253755,-0.056741535663604739,0.9895508289337158],"EasingStyle":"Linear","EasingDirection":"In"}}},{"Time":0.10000000149011612,"poses":{"Left Leg":{"Weight":1,"CFrame":[-0.0691344290971756,0.0030515193939208986,0.02553260326385498,0.9940032958984375,-0.030835989862680436,0.10491282492876053,0.029290877282619478,0.9994390606880188,0.016236724331974984,-0.10535473376512528,-0.013066370971500874,0.9943488836288452],"EasingStyle":"Linear","EasingDirection":"In"},"Right Arm":{"Weight":1,"CFrame":[0.031887639313936236,-0.24858880043029786,0.05960202217102051,0.6887934803962708,-0.5662716627120972,0.45265886187553408,0.5671276450157166,0.8098340034484863,0.15011797845363618,-0.4515860080718994,0.15331488847732545,0.8789565563201904],"EasingStyle":"Linear","EasingDirection":"In"},"Left Arm":{"Weight":1,"CFrame":[-0.05460911989212036,-0.374924898147583,-0.002697587013244629,0.21513819694519044,0.45668676495552065,-0.8632223606109619,-0.505545437335968,0.8083472847938538,0.30165955424308779,0.8355473875999451,0.3714997172355652,0.4047822654247284],"EasingStyle":"Linear","EasingDirection":"In"},"Head":{"Weight":1,"CFrame":[5.296897143125534e-9,-1.862645149230957e-9,1.1920928955078126e-7,0.9948751330375671,0.10060478746891022,0.010109152644872666,-0.1000855341553688,0.9940529465675354,-0.04291624203324318,-0.014366607181727887,0.041684530675411227,0.9990276098251343],"EasingStyle":"Linear","EasingDirection":"In"},"Torso":{"Weight":1,"CFrame":[-0.08106974512338638,0,0.08701252937316895,0.9932326674461365,-0.11475224047899246,-0.01791398413479328,0.1148529052734375,0.9933714270591736,0.004691700916737318,0.017256855964660646,-0.006717423442751169,0.999828577041626],"EasingStyle":"Linear","EasingDirection":"In"},"HumanoidRootPart":{"Weight":1,"CFrame":[0,0,0,1,0,0,0,1,0,0,0,1],"EasingStyle":"Linear","EasingDirection":"In"},"Right Leg":{"Weight":1,"CFrame":[-0.13412635028362275,-0.024075984954833986,0.11470973491668701,0.9979861974716187,0.007346036843955517,0.06300465762615204,-0.010557832196354866,0.9986532926559448,0.050795696675777438,-0.06254661828279495,-0.05135859176516533,0.9967197179794312],"EasingStyle":"Linear","EasingDirection":"In"}}},{"Time":0.13333334028720857,"poses":{"Left Leg":{"Weight":1,"CFrame":[-0.08225694298744202,0.04564487934112549,0.009717106819152832,0.9998424053192139,0.004021948669105768,0.017295068129897119,-0.004042412154376507,0.9999911785125732,0.0011472812620922924,-0.01729034073650837,-0.0012170063564553857,0.9998498558998108],"EasingStyle":"Linear","EasingDirection":"In"},"Right Arm":{"Weight":1,"CFrame":[0.04131964221596718,-0.22162103652954102,0.02089858055114746,0.7595570087432861,-0.5567487478256226,0.33630940318107607,0.5868887305259705,0.8095348477363586,0.014665024355053902,-0.2804189622402191,0.1862371861934662,0.941637396812439],"EasingStyle":"Linear","EasingDirection":"In"},"Left Arm":{"Weight":1,"CFrame":[-0.039213407784700397,-0.23782643675804139,0.12278354167938233,0.36555060744285586,0.4943387806415558,-0.78867107629776,-0.24023716151714326,0.8687118887901306,0.43315792083740237,0.8992546796798706,0.031127003952860833,0.43631675839424136],"EasingStyle":"Linear","EasingDirection":"In"},"Head":{"Weight":1,"CFrame":[1.280568540096283e-9,-9.313225746154786e-10,4.76837158203125e-7,0.9899726510047913,0.139017716050148,0.025065744295716287,-0.1394939422607422,0.9900527000427246,0.018364856019616128,-0.022263361141085626,-0.02167722024023533,0.9995172023773193],"EasingStyle":"Linear","EasingDirection":"In"},"Torso":{"Weight":1,"CFrame":[-0.11354800313711167,0,0.12342214584350586,0.9924478530883789,-0.119879350066185,-0.026004334911704065,0.11962457001209259,0.992756724357605,-0.01114659383893013,0.027152221649885179,0.007951656356453896,0.9995996952056885],"EasingStyle":"Linear","EasingDirection":"In"},"HumanoidRootPart":{"Weight":1,"CFrame":[0,0,0,1,0,0,0,1,0,0,0,1],"EasingStyle":"Linear","EasingDirection":"In"},"Right Leg":{"Weight":1,"CFrame":[-0.12764620780944825,0.00911182165145874,0.10187578201293946,0.9992815256118774,-0.007952671498060227,-0.03705577924847603,0.010082639753818512,0.998285710811615,0.05765388533473015,0.036533817648887637,-0.057986099272966388,0.9976486563682556],"EasingStyle":"Linear","EasingDirection":"In"}}},{"Time":0.1666666716337204,"poses":{"Left Leg":{"Weight":1,"CFrame":[-0.2333926558494568,0.07820683717727661,-0.05612403154373169,0.9975534677505493,-0.014282339252531529,-0.06843399256467819,0.014359787106513977,0.9998967051506043,0.000640234153252095,0.0684177353978157,-0.0016213699709624053,0.9976555109024048],"EasingStyle":"Linear","EasingDirection":"In"},"Right Arm":{"Weight":1,"CFrame":[0.03831949830055237,-0.2127392292022705,0.0343475341796875,0.6920084953308106,-0.5671226382255554,0.44664978981018069,0.6412744522094727,0.7670615315437317,-0.01958889327943325,-0.3314986824989319,0.2999807596206665,0.8944944739341736],"EasingStyle":"Linear","EasingDirection":"In"},"Left Arm":{"Weight":1,"CFrame":[0.0177244171500206,-0.15214762091636659,0.12689447402954102,0.4962775707244873,0.5282484292984009,-0.6889573931694031,-0.13180099427700044,0.8302248120307922,0.5416228175163269,0.8581008315086365,-0.1779901087284088,0.4816455841064453],"EasingStyle":"Linear","EasingDirection":"In"},"Head":{"Weight":1,"CFrame":[-2.3283064365386964e-9,7.450580596923828e-9,3.5762786865234377e-7,0.987396776676178,0.1544870138168335,0.03437354043126106,-0.15697424113750459,0.9836478233337402,0.08829537034034729,-0.020170964300632478,-0.09257832169532776,0.9955011010169983],"EasingStyle":"Linear","EasingDirection":"In"},"Torso":{"Weight":1,"CFrame":[-0.14127220213413239,0,0.12589049339294434,0.9937095046043396,-0.10866037011146546,-0.02709769271314144,0.10752934217453003,0.9933891892433167,-0.04019175469875336,0.03128580376505852,0.03702513501048088,0.9988244771957398],"EasingStyle":"Linear","EasingDirection":"In"},"HumanoidRootPart":{"Weight":1,"CFrame":[0,0,0,1,0,0,0,1,0,0,0,1],"EasingStyle":"Linear","EasingDirection":"In"},"Right Leg":{"Weight":1,"CFrame":[-0.07161568105220795,0.08820927143096924,0.11307501792907715,0.9726297855377197,-0.022601377218961717,-0.23125885426998139,0.03560809791088104,0.99800044298172,0.05222439393401146,0.22961613535881043,-0.0590297169983387,0.971489667892456],"EasingStyle":"Linear","EasingDirection":"In"}}},{"Time":0.20000000298023225,"poses":{"Left Leg":{"Weight":1,"CFrame":[-0.4897749423980713,0.13804304599761964,-0.14669537544250489,0.9869709610939026,-0.0700593963265419,-0.1448453664779663,0.07085486501455307,0.9974866509437561,0.0003340374678373337,0.1444578766822815,-0.010592712089419365,0.9894543290138245],"EasingStyle":"Linear","EasingDirection":"In"},"Right Arm":{"Weight":1,"CFrame":[0.03379834443330765,-0.216702401638031,0.10550940036773682,0.3874343931674957,-0.6181718707084656,0.6839285492897034,0.7740136981010437,0.6211197972297669,0.12293552607297898,-0.5007967948913574,0.4817403554916382,0.7191165685653687],"EasingStyle":"Linear","EasingDirection":"In"},"Left Arm":{"Weight":1,"CFrame":[0.1521851122379303,-0.08957591652870178,0.12344014644622803,0.6197611093521118,0.5195313692092896,-0.5882035493850708,-0.11635792255401612,0.8020509481430054,0.5858115553855896,0.776116669178009,-0.2946211099624634,0.5575316548347473],"EasingStyle":"Linear","EasingDirection":"In"},"Head":{"Weight":1,"CFrame":[9.313225746154786e-10,1.1175870895385743e-8,3.5762786865234377e-7,0.9902482032775879,0.13423436880111695,0.037279609590768817,-0.13846533000469209,0.9778245091438294,0.15711994469165803,-0.01536201685667038,-0.1607496738433838,0.9868756532669067],"EasingStyle":"Linear","EasingDirection":"In"},"Torso":{"Weight":1,"CFrame":[-0.1530429571866989,0,0.09873771667480469,0.9977730512619019,-0.06019941717386246,-0.028723079711198808,0.05775608494877815,0.9951671361923218,-0.07941408455371857,0.03336494415998459,0.07757829874753952,0.9964278340339661],"EasingStyle":"Linear","EasingDirection":"In"},"HumanoidRootPart":{"Weight":1,"CFrame":[0,0,0,1,0,0,0,1,0,0,0,1],"EasingStyle":"Linear","EasingDirection":"In"},"Right Leg":{"Weight":1,"CFrame":[0.05705723538994789,0.16540080308914185,0.14332163333892823,0.9495469331741333,-0.030360301956534387,-0.31215184926986697,0.0456719696521759,0.998079240322113,0.04185696691274643,0.31028157472610476,-0.0540018267929554,0.949109673500061],"EasingStyle":"Linear","EasingDirection":"In"}}},{"Time":0.23333333432674409,"poses":{"Left Leg":{"Weight":1,"CFrame":[-0.6544269919395447,0.2132471203804016,-0.19009143114089967,0.9746519327163696,-0.10533591359853745,-0.1973779797554016,0.1066521555185318,0.994288444519043,-0.003979796078056097,0.1966697871685028,-0.017171863466501237,0.9803194403648377],"EasingStyle":"Linear","EasingDirection":"In"},"Right Arm":{"Weight":1,"CFrame":[0.04396967589855194,-0.2710569500923157,0.3051680326461792,-0.3213193416595459,-0.5306110978126526,0.7843504548072815,0.7828938961029053,0.3171316981315613,0.535261332988739,-0.5327579379081726,0.7860530614852905,0.3135117292404175],"EasingStyle":"Linear","EasingDirection":"In"},"Left Arm":{"Weight":1,"CFrame":[0.39346256852149966,0.002200305461883545,0.1326906681060791,0.7168771028518677,0.4988212287425995,-0.48709848523139956,-0.13607345521450044,0.7853174805641174,0.6039538979530335,0.6837918162345886,-0.3666795492172241,0.630852460861206],"EasingStyle":"Linear","EasingDirection":"In"},"Head":{"Weight":1,"CFrame":[1.6763806343078614e-8,-9.313225746154786e-10,-1.1920928955078126e-7,0.9966824054718018,0.07448609918355942,0.032804299145936969,-0.07987649738788605,0.9725431799888611,0.21858564019203187,-0.015622001141309739,-0.2204807549715042,0.9752662181854248],"EasingStyle":"Linear","EasingDirection":"In"},"Torso":{"Weight":1,"CFrame":[-0.15302856266498567,0,0.0166623592376709,0.9987369775772095,0.03234230726957321,-0.038450874388217929,-0.03685172647237778,0.9917181134223938,-0.12303309142589569,0.03415325656533241,0.12429467588663101,0.9916573762893677],"EasingStyle":"Linear","EasingDirection":"In"},"HumanoidRootPart":{"Weight":1,"CFrame":[0,0,0,1,0,0,0,1,0,0,0,1],"EasingStyle":"Linear","EasingDirection":"In"},"Right Leg":{"Weight":1,"CFrame":[0.25332221388816836,0.235845685005188,0.157171368598938,0.971957266330719,-0.030402222648262979,-0.23318399488925935,0.04256480559706688,0.9979732036590576,0.04730430990457535,0.23127321898937226,-0.055903222411870959,0.9712814092636108],"EasingStyle":"Linear","EasingDirection":"In"}}},{"Time":0.2666666805744171,"poses":{"Left Leg":{"Weight":1,"CFrame":[-0.6865232586860657,0.30846238136291506,-0.19092679023742677,0.9778239130973816,-0.0979635939002037,-0.18510420620441438,0.09960710257291794,0.9950268268585205,-0.0004224921576678753,0.1842249631881714,-0.01802457869052887,0.9827188849449158],"EasingStyle":"Linear","EasingDirection":"In"},"Right Arm":{"Weight":1,"CFrame":[0.10315872728824616,-0.32246267795562746,0.4450327157974243,-0.8236353397369385,-0.23881392180919648,0.5143857598304749,0.5081456899642944,0.09197748452425003,0.8563459515571594,-0.25181904435157778,0.9666996598243713,0.045596398413181308],"EasingStyle":"Linear","EasingDirection":"In"},"Left Arm":{"Weight":1,"CFrame":[0.6343750953674316,0.1437971591949463,0.16903173923492433,0.7809833884239197,0.4820963442325592,-0.3970494270324707,-0.1431053876876831,0.7569533586502075,0.6376068592071533,0.6079357862472534,-0.44114038348197939,0.6601585745811462],"EasingStyle":"Linear","EasingDirection":"In"},"Head":{"Weight":1,"CFrame":[-3.166496753692627e-8,-3.725290298461914e-9,-1.1920928955078126e-7,0.9996759295463562,0.011958285234868527,0.022472133859992029,-0.017475759610533716,0.9642889499664307,0.2642754018306732,-0.01850935071706772,-0.2645825445652008,0.9641854166984558],"EasingStyle":"Linear","EasingDirection":"In"},"Torso":{"Weight":1,"CFrame":[-0.15292781591415406,0,-0.13329505920410157,0.9917203187942505,0.11806957423686981,-0.05050141364336014,-0.12478134781122208,0.9789109230041504,-0.16175049543380738,0.03033856675028801,0.1667129099369049,0.98553866147995],"EasingStyle":"Linear","EasingDirection":"In"},"HumanoidRootPart":{"Weight":1,"CFrame":[0,0,0,1,0,0,0,1,0,0,0,1],"EasingStyle":"Linear","EasingDirection":"In"},"Right Leg":{"Weight":1,"CFrame":[0.43132418394088747,0.3374592065811157,0.14175331592559815,0.9877896308898926,-0.023054560646414758,-0.15407860279083253,0.03249122202396393,0.9977285265922546,0.05901099741458893,0.15236811339855195,-0.06329670548439026,0.9862948060035706],"EasingStyle":"Linear","EasingDirection":"In"}}},{"Time":0.30000001192092898,"poses":{"Left Leg":{"Weight":1,"CFrame":[-0.6238420009613037,0.33461248874664309,-0.20078915357589723,0.9881088733673096,-0.04192093759775162,-0.14793121814727784,0.044613536447286609,0.9988927841186523,0.014929190278053284,0.14714156091213227,-0.021351439878344537,0.9888849258422852],"EasingStyle":"Linear","EasingDirection":"In"},"Right Arm":{"Weight":1,"CFrame":[0.30866047739982607,-0.25352856516838076,0.42072129249572756,-0.9300872683525086,-0.13294143974781037,0.34243905544281008,0.3419662117958069,0.027094481512904168,0.9393216371536255,-0.13415281474590302,0.9907535314559937,0.02026129700243473],"EasingStyle":"Linear","EasingDirection":"In"},"Left Arm":{"Weight":1,"CFrame":[0.6612993478775024,0.2519010305404663,0.16134190559387208,0.8152170181274414,0.47247588634490969,-0.3349446654319763,-0.1144956648349762,0.6983959078788757,0.7064939737319946,0.5677253603935242,-0.5375961661338806,0.6234407424926758],"EasingStyle":"Linear","EasingDirection":"In"},"Head":{"Weight":1,"CFrame":[2.0489096641540528e-8,3.725290298461914e-9,-2.384185791015625e-7,0.9997146725654602,-0.018402639776468278,0.015235181897878647,0.013213985599577427,0.9572005867958069,0.28912368416786196,-0.019903773441910745,-0.2888398766517639,0.9571704864501953],"EasingStyle":"Linear","EasingDirection":"In"},"Torso":{"Weight":1,"CFrame":[-0.15265433490276338,0,-0.20971179008483888,0.9867534637451172,0.15217995643615724,-0.05620381981134415,-0.16019560396671296,0.9687060713768005,-0.1895943582057953,0.025592515245079995,0.19608649611473084,0.9802526235580444],"EasingStyle":"Linear","EasingDirection":"In"},"HumanoidRootPart":{"Weight":1,"CFrame":[0,0,0,1,0,0,0,1,0,0,0,1],"EasingStyle":"Linear","EasingDirection":"In"},"Right Leg":{"Weight":1,"CFrame":[0.5367533564567566,0.3577088713645935,0.1295720338821411,0.9924513101577759,-0.012675597332417965,-0.12198258936405182,0.020934438332915307,0.9975558519363403,0.066663958132267,0.12083953619003296,-0.06871441006660462,0.9902909398078919],"EasingStyle":"Linear","EasingDirection":"In"}}},{"Time":0.3333333432674408,"poses":{"Left Leg":{"Weight":1,"CFrame":[-0.5219442844390869,0.3477565050125122,-0.212574303150177,0.991409182548523,0.02781153842806816,-0.12780672311782838,-0.02437547966837883,0.9993003010749817,0.028371401131153108,0.12850630283355714,-0.025012318044900895,0.9913932681083679],"EasingStyle":"Linear","EasingDirection":"In"},"Right Arm":{"Weight":1,"CFrame":[0.5416736602783203,-0.14044255018234254,0.36109375953674319,-0.9504219889640808,-0.1378922164440155,0.27871841192245486,0.2793543338775635,0.01511678658425808,0.9600690603256226,-0.1365993171930313,0.9903318881988525,0.024153366684913636],"EasingStyle":"Linear","EasingDirection":"In"},"Left Arm":{"Weight":1,"CFrame":[0.6652140617370606,0.29107171297073367,0.1553417444229126,0.823578417301178,0.47293204069137576,-0.3131358325481415,-0.09119671583175659,0.6552975177764893,0.749845564365387,0.5598230957984924,-0.5889996290206909,0.5828186273574829],"EasingStyle":"Linear","EasingDirection":"In"},"Head":{"Weight":1,"CFrame":[3.725290298461914e-9,7.450580596923828e-9,3.5762786865234377e-7,0.9994748830795288,-0.028153933584690095,0.01604136824607849,0.022467048838734628,0.9588490724563599,0.283025860786438,-0.023349549621343614,-0.28251689672470095,0.9589781165122986],"EasingStyle":"Linear","EasingDirection":"In"},"Torso":{"Weight":1,"CFrame":[-0.15212179720401765,0,-0.25178003311157229,0.984209418296814,0.1666184812784195,-0.05975049361586571,-0.17552988231182099,0.9622372984886169,-0.20805920660495759,0.022827643901109697,0.2152618020772934,0.9762895703315735],"EasingStyle":"Linear","EasingDirection":"In"},"HumanoidRootPart":{"Weight":1,"CFrame":[0,0,0,1,0,0,0,1,0,0,0,1],"EasingStyle":"Linear","EasingDirection":"In"},"Right Leg":{"Weight":1,"CFrame":[0.5838785767555237,0.37824589014053347,0.12450551986694336,0.994008481502533,-0.016133584082126619,-0.1081056296825409,0.0238134004175663,0.9972535371780396,0.07013033330440521,0.1066773310303688,-0.07228454202413559,0.9916626811027527],"EasingStyle":"Linear","EasingDirection":"In"}}},{"Time":0.36666667461395266,"poses":{"Left Leg":{"Weight":1,"CFrame":[-0.4288647472858429,0.383642315864563,-0.20825141668319703,0.993379533290863,0.07172834128141403,-0.08973369002342224,-0.06940024346113205,0.9971729516983032,0.028805362060666086,0.09154611080884934,-0.022387096658349038,0.9955492615699768],"EasingStyle":"Linear","EasingDirection":"In"},"Right Arm":{"Weight":1,"CFrame":[0.5945037603378296,-0.10359767079353333,0.30463600158691409,-0.9641531109809876,-0.12070489674806595,0.2363032102584839,0.2402414083480835,-0.018978456035256387,0.9705276489257813,-0.11266262084245682,0.9925070405006409,0.047296084463596347],"EasingStyle":"Linear","EasingDirection":"In"},"Left Arm":{"Weight":1,"CFrame":[0.6657781600952148,0.2820280194282532,0.16939687728881837,0.7855626344680786,0.4996589422225952,-0.36501044034957888,-0.06212449446320534,0.6505899429321289,0.7568838000297546,0.615655779838562,-0.5719035267829895,0.5421202182769775],"EasingStyle":"Linear","EasingDirection":"In"},"Head":{"Weight":1,"CFrame":[7.450580596923828e-9,-2.2351741790771486e-8,-2.384185791015625e-7,0.9991629123687744,-0.026792962104082109,0.03091435320675373,0.01983342319726944,0.9781910181045532,0.2067582756280899,-0.035779811441898349,-0.20597201585769654,0.9779036045074463],"EasingStyle":"Linear","EasingDirection":"In"},"Torso":{"Weight":1,"CFrame":[-0.15124380588531495,0,-0.3011486530303955,0.9804999828338623,0.18580687046051026,-0.06399701535701752,-0.19539690017700196,0.9565122127532959,-0.21657432615756989,0.020972926169633867,0.2248559296131134,0.9741662740707398],"EasingStyle":"Linear","EasingDirection":"In"},"HumanoidRootPart":{"Weight":1,"CFrame":[0,0,0,1,0,0,0,1,0,0,0,1],"EasingStyle":"Linear","EasingDirection":"In"},"Right Leg":{"Weight":1,"CFrame":[0.554230809211731,0.42633557319641116,0.12662625312805177,0.9948551058769226,-0.04728243127465248,-0.08959823101758957,0.05365612357854843,0.9960947036743164,0.07011689990758896,0.0859331265091896,-0.07456373423337937,0.9935068488121033],"EasingStyle":"Linear","EasingDirection":"In"}}},{"Time":0.4000000059604645,"poses":{"Left Leg":{"Weight":1,"CFrame":[-0.36564916372299197,0.3274293541908264,-0.19556331634521485,0.9958727955818176,0.06687095016241074,-0.06136566400527954,-0.06592222303152085,0.997673749923706,0.01736004278063774,0.06238379701972008,-0.013243040069937706,0.9979643821716309],"EasingStyle":"Linear","EasingDirection":"In"},"Right Arm":{"Weight":1,"CFrame":[0.601282000541687,-0.15512201189994813,0.2958005666732788,-0.9375969767570496,-0.0959664136171341,0.3342193365097046,0.33604124188423159,-0.0030135544948279859,0.9418425559997559,-0.08937796950340271,0.9953800439834595,0.03507421165704727],"EasingStyle":"Linear","EasingDirection":"In"},"Left Arm":{"Weight":1,"CFrame":[0.6641665697097778,0.2281849980354309,0.1959705352783203,0.7097434997558594,0.5384777188301086,-0.4542093873023987,-0.016136225312948228,0.6570196151733398,0.7537006735801697,0.7042754292488098,-0.527604877948761,0.4750044047832489],"EasingStyle":"Linear","EasingDirection":"In"},"Head":{"Weight":1,"CFrame":[3.725290298461914e-9,-1.1175870895385743e-8,-2.384185791015625e-7,0.9980289340019226,-0.04371180385351181,0.04502985626459122,0.037659015506505969,0.9911290407180786,0.12745589017868043,-0.05020172894001007,-0.1255088448524475,0.9908215403556824],"EasingStyle":"Linear","EasingDirection":"In"},"Torso":{"Weight":1,"CFrame":[-0.14993402361869813,0,-0.26674962043762209,0.9813838601112366,0.182210311293602,-0.060705479234457019,-0.19052425026893617,0.9634904861450195,-0.1881134957075119,0.024212928488850595,0.1961774230003357,0.9802694320678711],"EasingStyle":"Linear","EasingDirection":"In"},"HumanoidRootPart":{"Weight":1,"CFrame":[0,0,0,1,0,0,0,1,0,0,0,1],"EasingStyle":"Linear","EasingDirection":"In"},"Right Leg":{"Weight":1,"CFrame":[0.4484788775444031,0.36946791410446169,0.15139281749725343,0.9937534928321838,-0.060408055782318118,-0.093834787607193,0.06705596297979355,0.9953335523605347,0.06938797235488892,0.08920539170503617,-0.07524674385786057,0.9931668639183044],"EasingStyle":"Linear","EasingDirection":"In"}}},{"Time":0.4333333373069763,"poses":{"Left Leg":{"Weight":1,"CFrame":[-0.284085214138031,0.1584509015083313,-0.17236781120300294,0.9988300800323486,0.03651648759841919,-0.031703073531389239,-0.0367097370326519,0.9993106126785278,-0.0055353823117911819,0.03147908300161362,0.006692734081298113,0.9994819760322571],"EasingStyle":"Linear","EasingDirection":"In"},"Right Arm":{"Weight":1,"CFrame":[0.6157488822937012,-0.281779408454895,0.2952686548233032,-0.8440495729446411,-0.14862960577011109,0.5152568221092224,0.5100238919258118,0.07439430058002472,0.856937050819397,-0.1656983196735382,0.9860906004905701,0.013011838309466839],"EasingStyle":"Linear","EasingDirection":"In"},"Left Arm":{"Weight":1,"CFrame":[0.6566898822784424,0.08809608221054077,0.21087384223937989,0.6606854200363159,0.5611116886138916,-0.49864661693573,-0.00671278964728117,0.6686648726463318,0.743533730506897,0.7506328225135803,-0.48789462447166445,0.4455437958240509],"EasingStyle":"Linear","EasingDirection":"In"},"Head":{"Weight":1,"CFrame":[-1.1175870895385743e-8,2.2351741790771486e-8,-5.960464477539063e-8,0.9952347874641419,-0.08144846558570862,0.05360977724194527,0.07819419354200363,0.9951168894767761,0.06023469194769859,-0.058253996074199679,-0.05575568228960037,0.9967436790466309],"EasingStyle":"Linear","EasingDirection":"In"},"Torso":{"Weight":1,"CFrame":[-0.14810608327388764,0,-0.1283581256866455,0.9826788902282715,0.17730307579040528,-0.053905416280031207,-0.1829196959733963,0.9746581315994263,-0.1287708878517151,0.029707876965403558,0.13640078902244569,0.9902082085609436],"EasingStyle":"Linear","EasingDirection":"In"},"HumanoidRootPart":{"Weight":1,"CFrame":[0,0,0,1,0,0,0,1,0,0,0,1],"EasingStyle":"Linear","EasingDirection":"In"},"Right Leg":{"Weight":1,"CFrame":[0.3688717186450958,0.2210952639579773,0.17228376865386964,0.9944958686828613,-0.037101197987794879,-0.09798798710107804,0.04447142407298088,0.9962561726570129,0.07413579523563385,0.09487070888280869,-0.07808544486761093,0.9924224019050598],"EasingStyle":"Linear","EasingDirection":"In"}}},{"Time":0.46666666865348818,"poses":{"Left Leg":{"Weight":1,"CFrame":[-0.15864095091819764,-0.06246459484100342,-0.13158798217773438,0.9997358322143555,0.022829694673419,0.002691389760002494,-0.022735552862286569,0.9992618560791016,-0.030965276062488557,-0.0033963494934141638,0.030895883217453958,0.9995169043540955],"EasingStyle":"Linear","EasingDirection":"In"},"Right Arm":{"Weight":1,"CFrame":[0.5290728807449341,-0.4302687644958496,0.1987389326095581,-0.6412873864173889,-0.30636149644851687,0.703486442565918,0.6553405523300171,0.2581878900527954,0.7098365426063538,-0.39909812808036806,0.9162323474884033,0.0351986400783062],"EasingStyle":"Linear","EasingDirection":"In"},"Left Arm":{"Weight":1,"CFrame":[0.4560755789279938,-0.13243651390075684,0.16794753074645997,0.7414655089378357,0.5282262563705444,-0.4137704372406006,-0.1791478991508484,0.7501143217086792,0.6365803480148315,0.6466336250305176,-0.3978763222694397,0.650814414024353],"EasingStyle":"Linear","EasingDirection":"In"},"Head":{"Weight":1,"CFrame":[-1.30385160446167e-8,-2.9802322387695315e-8,2.384185791015625e-7,0.9926891326904297,-0.11183248460292816,0.045408718287944797,0.11140891909599304,0.9937050938606262,0.011761904694139958,-0.04643824324011803,-0.006616976112127304,0.9988992810249329],"EasingStyle":"Linear","EasingDirection":"In"},"Torso":{"Weight":1,"CFrame":[-0.14312514662742616,0,0.08408164978027344,0.9840633273124695,0.17428292334079743,-0.03528239578008652,-0.17647498846054078,0.9815548658370972,-0.07353001087903977,0.02181658148765564,0.07858464866876602,0.9966686964035034],"EasingStyle":"Linear","EasingDirection":"In"},"HumanoidRootPart":{"Weight":1,"CFrame":[0,0,0,1,0,0,0,1,0,0,0,1],"EasingStyle":"Linear","EasingDirection":"In"},"Right Leg":{"Weight":1,"CFrame":[0.3319843113422394,0.0073500871658325199,0.1623671054840088,0.9973224401473999,0.006630436051636934,-0.07282914221286774,-0.0014546364545822144,0.99748295545578,0.07089267671108246,0.07311590760946274,-0.07059691846370697,0.9948216676712036],"EasingStyle":"Linear","EasingDirection":"In"}}},{"Time":0.5,"poses":{"Left Leg":{"Weight":1,"CFrame":[-0.0041363537311553959,-0.07924044132232666,-0.09159290790557862,0.9984095096588135,0.008503982797265053,0.0557343028485775,-0.006069357506930828,0.9990259408950806,-0.04370778426527977,-0.05605174973607063,0.04329998791217804,0.9974885582923889],"EasingStyle":"Linear","EasingDirection":"In"},"Right Arm":{"Weight":1,"CFrame":[0.35479694604873659,-0.4985782206058502,0.09957098960876465,-0.3754476308822632,-0.3877926170825958,0.8418172597885132,0.6741344332695007,0.5090587139129639,0.5351652503013611,-0.6360675096511841,0.768424391746521,0.07029928267002106],"EasingStyle":"Linear","EasingDirection":"In"},"Left Arm":{"Weight":1,"CFrame":[0.14678916335105897,-0.2544412910938263,0.04647195339202881,0.7837290167808533,0.5274205207824707,-0.32801923155784609,-0.3820951282978058,0.8257806301116943,0.41483697295188906,0.48966529965400698,-0.1997852325439453,0.8487129807472229],"EasingStyle":"Linear","EasingDirection":"In"},"Head":{"Weight":1,"CFrame":[3.725290298461914e-9,-1.862645149230957e-9,-1.1920928955078126e-7,0.9945001602172852,-0.09946547448635102,0.03280593082308769,0.09994693845510483,0.9949029684066773,-0.013374203816056252,-0.03130844607949257,0.01657949946820736,0.9993723034858704],"EasingStyle":"Linear","EasingDirection":"In"},"Torso":{"Weight":1,"CFrame":[-0.1283586025238037,0,0.14810657501220704,0.9886740446090698,0.14904215931892396,-0.017610201612114908,-0.14953148365020753,0.9882758855819702,-0.030842918902635576,0.012806841172277928,0.03312687575817108,0.9993690848350525],"EasingStyle":"Linear","EasingDirection":"In"},"HumanoidRootPart":{"Weight":1,"CFrame":[0,0,0,1,0,0,0,1,0,0,0,1],"EasingStyle":"Linear","EasingDirection":"In"},"Right Leg":{"Weight":1,"CFrame":[0.2628624737262726,-0.034157633781433108,0.13629961013793946,0.999116837978363,0.04164868965744972,0.005581703502684832,-0.04192719981074333,0.9969250559806824,0.06620071083307266,-0.002807354787364602,-0.06637625396251679,0.9977908134460449],"EasingStyle":"Linear","EasingDirection":"In"}}},{"Time":0.5333333611488342,"poses":{"Left Leg":{"Weight":1,"CFrame":[0.09590766578912735,-0.01720297336578369,-0.06884938478469849,0.9924408793449402,-0.01568051241338253,0.12171832472085953,0.019372088834643365,0.9993857145309448,-0.02920512855052948,-0.12118563801050186,0.0313422866165638,0.9921349883079529],"EasingStyle":"Linear","EasingDirection":"In"},"Right Arm":{"Weight":1,"CFrame":[0.16111239790916444,-0.4466208815574646,0.18917512893676759,-0.19787392020225526,-0.4242928624153137,0.8836411237716675,0.557819664478302,0.6925230622291565,0.45743730664253237,-0.8060293197631836,0.5834273099899292,0.09964653104543686],"EasingStyle":"Linear","EasingDirection":"In"},"Left Arm":{"Weight":1,"CFrame":[0.02081920951604843,-0.24065452814102174,-0.12325435876846314,0.6872156858444214,0.5807226300239563,-0.43645861744880679,-0.4781706631183624,0.8139002919197083,0.3300288915634155,0.5468890070915222,-0.018099309876561166,0.8370094895362854],"EasingStyle":"Linear","EasingDirection":"In"},"Head":{"Weight":1,"CFrame":[1.0084477253258229e-8,1.862645149230957e-9,-1.7881393432617188e-7,0.9989330768585205,-0.01224428042769432,0.044528886675834659,0.013234909623861313,0.9996699094772339,-0.022020800039172174,-0.04424455761909485,0.02258663810789585,0.9987654089927673],"EasingStyle":"Linear","EasingDirection":"In"},"Torso":{"Weight":1,"CFrame":[-0.1031893789768219,0,0.19783782958984376,0.9975888729095459,0.0677817240357399,-0.014902282506227494,-0.06783254444599152,0.9976924061775208,-0.0029308972880244257,0.014669233001768589,0.00393469026312232,0.9998846650123596],"EasingStyle":"Linear","EasingDirection":"In"},"HumanoidRootPart":{"Weight":1,"CFrame":[0,0,0,1,0,0,0,1,0,0,0,1],"EasingStyle":"Linear","EasingDirection":"In"},"Right Leg":{"Weight":1,"CFrame":[0.15701791644096375,-0.01913154125213623,0.12239456176757813,0.9922249913215637,0.045048654079437259,0.11601807177066803,-0.053262822329998019,0.9962145090103149,0.0687008649110794,-0.112483911216259,-0.07434619963169098,0.9908683896064758],"EasingStyle":"Linear","EasingDirection":"In"}}},{"Time":0.5666666626930237,"poses":{"Left Leg":{"Weight":1,"CFrame":[0.04487042501568794,0.07460170984268189,-0.045785725116729739,0.987443745136261,-0.02696511335670948,0.15565265715122224,0.028675071895122529,0.9995505213737488,-0.008750633336603642,-0.15534672141075135,0.013104132376611233,0.9877731800079346],"EasingStyle":"Linear","EasingDirection":"In"},"Right Arm":{"Weight":1,"CFrame":[-0.08239424228668213,-0.3525322675704956,0.24409747123718263,0.06318988651037216,-0.5646102428436279,0.8229352831840515,0.6239522695541382,0.6659072041511536,0.4089634418487549,-0.7789034843444824,0.48762989044189455,0.394368439912796],"EasingStyle":"Linear","EasingDirection":"In"},"Left Arm":{"Weight":1,"CFrame":[-0.05810561776161194,-0.2136475145816803,-0.22511649131774903,0.4320085942745209,0.6685524582862854,-0.6053151488304138,-0.5755045413970947,0.7211195230484009,0.38572171330451968,0.6943796873092651,0.18172647058963777,0.6962846517562866],"EasingStyle":"Linear","EasingDirection":"In"},"Head":{"Weight":1,"CFrame":[-1.4551915228366853e-10,-4.656612873077393e-10,0,0.988496720790863,0.13114318251609803,0.07533729076385498,-0.12919554114341737,0.9911595582962036,-0.03018968552350998,-0.07863043248653412,0.02010916732251644,0.9967010617256165],"EasingStyle":"Linear","EasingDirection":"In"},"Torso":{"Weight":1,"CFrame":[-0.08886364847421646,0,0.17772769927978517,0.9974150061607361,-0.07030832022428513,-0.014835728332400322,0.07039964199066162,0.9975024461746216,0.005725383292883635,0.01439613290131092,-0.006755013018846512,0.9998735785484314],"EasingStyle":"Linear","EasingDirection":"In"},"HumanoidRootPart":{"Weight":1,"CFrame":[0,0,0,1,0,0,0,1,0,0,0,1],"EasingStyle":"Linear","EasingDirection":"In"},"Right Leg":{"Weight":1,"CFrame":[0.027054691687226297,0.06843668222427368,0.08189070224761963,0.9841541051864624,0.0319543182849884,0.17441217601299287,-0.04445025324821472,0.996679961681366,0.06821553409099579,-0.17165324091911317,-0.07488729059696198,0.9823070764541626],"EasingStyle":"Linear","EasingDirection":"In"}}},{"Time":0.6000000238418579,"poses":{"Left Leg":{"Weight":1,"CFrame":[-0.049700815230607989,0.12158393859863281,-0.07945293188095093,0.9712763428688049,-0.0339428186416626,0.23552101850509644,0.035741452127695087,0.9993553757667542,-0.003370882011950016,-0.23525479435920716,0.011691917665302754,0.9718635082244873],"EasingStyle":"Linear","EasingDirection":"In"},"Right Arm":{"Weight":1,"CFrame":[-0.21459195017814637,-0.2887478768825531,0.24965620040893556,0.2751837968826294,-0.7132625579833984,0.6446166634559631,0.6792765259742737,0.6187377572059631,0.3946478068828583,-0.6803361773490906,0.32927215099334719,0.6547690033912659],"EasingStyle":"Linear","EasingDirection":"In"},"Left Arm":{"Weight":1,"CFrame":[-0.267658531665802,-0.19023185968399049,-0.23234981298446656,-0.07331697642803192,0.7149871587753296,-0.6952828764915466,-0.6772609949111939,0.47605952620506289,0.560967743396759,0.7320807576179504,0.5120163559913635,0.44932955503463747],"EasingStyle":"Linear","EasingDirection":"In"},"Head":{"Weight":1,"CFrame":[-1.862645149230957e-9,2.7939677238464357e-9,-5.960464477539063e-8,0.9734064936637878,0.1982221007347107,0.11483844369649887,-0.1952304244041443,0.980064868927002,-0.03685140237212181,-0.11985386908054352,0.013451437465846539,0.992700457572937],"EasingStyle":"Linear","EasingDirection":"In"},"Torso":{"Weight":1,"CFrame":[-0.09375643730163574,0,0.12425708770751953,0.9902613162994385,-0.1384068727493286,-0.015036185272037983,0.13827213644981385,0.990347146987915,-0.009663174860179425,0.01622849330306053,0.00748998299241066,0.999840259552002],"EasingStyle":"Linear","EasingDirection":"In"},"HumanoidRootPart":{"Weight":1,"CFrame":[0,0,0,1,0,0,0,1,0,0,0,1],"EasingStyle":"Linear","EasingDirection":"In"},"Right Leg":{"Weight":1,"CFrame":[0.021171389147639276,0.16625285148620606,0.012299299240112305,0.9747552275657654,0.008136723190546036,0.2231280654668808,-0.02083769254386425,0.9982894062995911,0.05462689697742462,-0.22230185568332673,-0.05789734050631523,0.9732573628425598],"EasingStyle":"Linear","EasingDirection":"In"}}},{"Time":0.6333333253860474,"poses":{"Left Leg":{"Weight":1,"CFrame":[-0.1679379940032959,0.13678503036499024,-0.12025415897369385,0.9523603320121765,-0.047053102403879169,0.3013235032558441,0.05048791319131851,0.9987181425094605,-0.0036170813255012037,-0.3007671535015106,0.01865794137120247,0.9535151124000549],"EasingStyle":"Linear","EasingDirection":"In"},"Right Arm":{"Weight":1,"CFrame":[-0.21847179532051087,-0.275575190782547,0.2603127956390381,0.3198215663433075,-0.8335280418395996,0.4504943788051605,0.5747897028923035,0.5486671328544617,0.607109010219574,-0.7532137632369995,0.06477289646863938,0.6545789241790772],"EasingStyle":"Linear","EasingDirection":"In"},"Left Arm":{"Weight":1,"CFrame":[-0.5205053091049194,-0.1641063392162323,-0.22620290517807008,-0.6103330254554749,0.5231401920318604,-0.5948259234428406,-0.6048816442489624,0.17706835269927979,0.7763796448707581,0.5114802718162537,0.8336492776870728,0.20836730301380158],"EasingStyle":"Linear","Ea