{"Sequence":[{"Time":0,"poses":{"Left Leg":{"Weight":1,"CFrame":[0.15212836861610413,-0.2645176649093628,0.26565706729888918,0.7455060482025147,-0.1163843646645546,0.6562586426734924,0.3300384283065796,0.9199040532112122,-0.2117811143398285,-0.5790470242500305,0.3744746744632721,0.7242053747177124],"EasingStyle":"Constant","EasingDirection":"In"},"Right Arm":{"Weight":1,"CFrame":[0.5894032120704651,0.0001792311668395996,0.5025161504745483,-0.19712354242801667,0.031053856015205385,-0.9798867702484131,0.9348220825195313,-0.29518774151802065,-0.19741280376911164,-0.29538094997406008,-0.9549344778060913,0.029158713296055795],"EasingStyle":"Constant","EasingDirection":"In"},"Head":{"Weight":1,"CFrame":[1.0989606380462647e-7,-7.450580596923828e-8,0,0.9838183522224426,-0.1656997799873352,-0.06815490126609802,0.17567190527915955,0.9668893218040466,0.18510697782039643,0.03522605821490288,-0.19408458471298219,0.9803521633148193],"EasingStyle":"Constant","EasingDirection":"In"},"Left Arm":{"Weight":1,"CFrame":[-0.5894027948379517,0.00017887353897094727,0.502516508102417,-0.1971234232187271,-0.031054403632879258,0.9798867106437683,-0.934822142124176,-0.29518795013427737,-0.19741278886795045,0.29538121819496157,-0.9549344778060913,0.029158109799027444],"EasingStyle":"Constant","EasingDirection":"In"},"Torso":{"Weight":1,"CFrame":[-0.2846996784210205,-0.11621975898742676,-0.09810304641723633,0.9826660752296448,0.18164509534835816,-0.0370466411113739,-0.18525786697864533,0.9548044204711914,-0.23243947327136994,-0.006849193945527077,0.2352735549211502,0.9719050526618958],"EasingStyle":"Constant","EasingDirection":"In"},"HumanoidRootPart":{"Weight":0,"CFrame":[0,0,0,1,0,0,0,1,0,0,0,1],"EasingStyle":"Linear","EasingDirection":"In"},"Right Leg":{"Weight":1,"CFrame":[0.3695516586303711,0.02378261089324951,0.23670077323913575,0.9169975519180298,-0.03710990026593208,-0.39716291427612307,-0.04727894067764282,0.9785332679748535,-0.20059238374233247,0.39608126878738406,0.2027200609445572,0.8955581784248352],"EasingStyle":"Constant","EasingDirection":"In"}}},{"Time":0.03333333507180214,"poses":{"Left Leg":{"Weight":1,"CFrame":[0.15212836861610413,-0.2645176649093628,0.26565706729888918,0.7455060482025147,-0.1163843646645546,0.6562586426734924,0.3300384283065796,0.9199040532112122,-0.2117811143398285,-0.5790470242500305,0.3744746744632721,0.7242053747177124],"EasingStyle":"Constant","EasingDirection":"In"},"Right Arm":{"Weight":1,"CFrame":[0.5894032120704651,0.0001792311668395996,0.5025161504745483,-0.19712354242801667,0.031053856015205385,-0.9798867702484131,0.9348220825195313,-0.29518774151802065,-0.19741280376911164,-0.29538094997406008,-0.9549344778060913,0.029158713296055795],"EasingStyle":"Constant","EasingDirection":"In"},"Head":{"Weight":1,"CFrame":[1.0989606380462647e-7,-7.450580596923828e-8,0,0.9838183522224426,-0.1656997799873352,-0.06815490126609802,0.17567190527915955,0.9668893218040466,0.18510697782039643,0.03522605821490288,-0.19408458471298219,0.9803521633148193],"EasingStyle":"Constant","EasingDirection":"In"},"Left Arm":{"Weight":1,"CFrame":[-0.5894027948379517,0.00017887353897094727,0.502516508102417,-0.1971234232187271,-0.031054403632879258,0.9798867106437683,-0.934822142124176,-0.29518795013427737,-0.19741278886795045,0.29538121819496157,-0.9549344778060913,0.029158109799027444],"EasingStyle":"Constant","EasingDirection":"In"},"Torso":{"Weight":1,"CFrame":[-0.2846996784210205,-0.11621975898742676,-0.09810304641723633,0.9826660752296448,0.18164509534835816,-0.0370466411113739,-0.18525786697864533,0.9548044204711914,-0.23243947327136994,-0.006849193945527077,0.2352735549211502,0.9719050526618958],"EasingStyle":"Constant","EasingDirection":"In"},"HumanoidRootPart":{"Weight":0,"CFrame":[0,0,0,1,0,0,0,1,0,0,0,1],"EasingStyle":"Linear","EasingDirection":"In"},"Right Leg":{"Weight":1,"CFrame":[0.3695516586303711,0.02378261089324951,0.23670077323913575,0.9169975519180298,-0.03710990026593208,-0.39716291427612307,-0.04727894067764282,0.9785332679748535,-0.20059238374233247,0.39608126878738406,0.2027200609445572,0.8955581784248352],"EasingStyle":"Constant","EasingDirection":"In"}}},{"Time":0.06666667014360428,"poses":{"Left Leg":{"Weight":1,"CFrame":[0.14550328254699708,-0.288860559463501,0.322094202041626,0.7617446184158325,-0.0973699688911438,0.6405187845230103,0.33499661087989809,0.9054179787635803,-0.26075950264930727,-0.5545470714569092,0.4132036864757538,0.7223159074783325],"EasingStyle":"Constant","EasingDirection":"In"},"Right Arm":{"Weight":1,"CFrame":[0.5905026793479919,0.002307415008544922,0.5050938129425049,-0.22594094276428224,0.021705953404307367,-0.9738991856575012,0.9189441800117493,-0.3270021677017212,-0.22047969698905946,-0.32325291633605959,-0.9447742700576782,0.0539366789162159],"EasingStyle":"Constant","EasingDirection":"In"},"Head":{"Weight":1,"CFrame":[1.2479722499847413e-7,-3.3527612686157229e-8,-5.960464477539063e-8,0.9835492372512817,-0.16409499943256379,-0.075523242354393,0.1762145459651947,0.963552713394165,0.20128248631954194,0.03974116966128349,-0.2112794667482376,0.9766175150871277],"EasingStyle":"Constant","EasingDirection":"In"},"Left Arm":{"Weight":1,"CFrame":[-0.5905041694641113,0.0023070573806762697,0.5050927400588989,-0.22370490431785584,-0.022582491859793664,0.9743953943252564,-0.9199590086936951,-0.325308233499527,-0.21874649822711945,0.3219185471534729,-0.9453384280204773,0.05199823155999184],"EasingStyle":"Constant","EasingDirection":"In"},"Torso":{"Weight":1,"CFrame":[-0.2792924642562866,-0.12910878658294679,-0.13246750831604005,0.9830427765846252,0.17789770662784577,-0.04449135810136795,-0.1833648979663849,0.9508361220359802,-0.24957601726055146,-0.002095011295750737,0.2535020411014557,0.9673326015472412],"EasingStyle":"Constant","EasingDirection":"In"},"HumanoidRootPart":{"Weight":0,"CFrame":[0,0,0,1,0,0,0,1,0,0,0,1],"EasingStyle":"Linear","EasingDirection":"In"},"Right Leg":{"Weight":1,"CFrame":[0.3376372754573822,0.10010433197021485,0.15971875190734864,0.9113322496414185,-0.06675039976835251,-0.40622416138648989,-0.0020888077560812237,0.9860045909881592,-0.1667051613330841,0.41166654229164126,0.15277224779129029,0.8984383344650269],"EasingStyle":"Constant","EasingDirection":"In"}}},{"Time":0.10000000149011612,"poses":{"Left Leg":{"Weight":1,"CFrame":[0.14550328254699708,-0.288860559463501,0.322094202041626,0.7617446184158325,-0.0973699688911438,0.6405187845230103,0.33499661087989809,0.9054179787635803,-0.26075950264930727,-0.5545470714569092,0.4132036864757538,0.7223159074783325],"EasingStyle":"Constant","EasingDirection":"In"},"Right Arm":{"Weight":1,"CFrame":[0.5905026793479919,0.002307415008544922,0.5050938129425049,-0.22594094276428224,0.021705953404307367,-0.9738991856575012,0.9189441800117493,-0.3270021677017212,-0.22047969698905946,-0.32325291633605959,-0.9447742700576782,0.0539366789162159],"EasingStyle":"Constant","EasingDirection":"In"},"Head":{"Weight":1,"CFrame":[1.2479722499847413e-7,-3.3527612686157229e-8,-5.960464477539063e-8,0.9835492372512817,-0.16409499943256379,-0.075523242354393,0.1762145459651947,0.963552713394165,0.20128248631954194,0.03974116966128349,-0.2112794667482376,0.9766175150871277],"EasingStyle":"Constant","EasingDirection":"In"},"Left Arm":{"Weight":1,"CFrame":[-0.5905041694641113,0.0023070573806762697,0.5050927400588989,-0.22370490431785584,-0.022582491859793664,0.9743953943252564,-0.9199590086936951,-0.325308233499527,-0.21874649822711945,0.3219185471534729,-0.9453384280204773,0.05199823155999184],"EasingStyle":"Constant","EasingDirection":"In"},"Torso":{"Weight":1,"CFrame":[-0.2792924642562866,-0.12910878658294679,-0.13246750831604005,0.9830427765846252,0.17789770662784577,-0.04449135810136795,-0.1833648979663849,0.9508361220359802,-0.24957601726055146,-0.002095011295750737,0.2535020411014557,0.9673326015472412],"EasingStyle":"Constant","EasingDirection":"In"},"HumanoidRootPart":{"Weight":0,"CFrame":[0,0,0,1,0,0,0,1,0,0,0,1],"EasingStyle":"Linear","EasingDirection":"In"},"Right Leg":{"Weight":1,"CFrame":[0.3376372754573822,0.10010433197021485,0.15971875190734864,0.9113322496414185,-0.06675039976835251,-0.40622416138648989,-0.0020888077560812237,0.9860045909881592,-0.1667051613330841,0.41166654229164126,0.15277224779129029,0.8984383344650269],"EasingStyle":"Constant","EasingDirection":"In"}}},{"Time":0.13333334028720857,"poses":{"Left Leg":{"Weight":1,"CFrame":[0.09833642095327378,-0.36871886253356936,0.37003886699676516,0.7987530827522278,-0.06005776673555374,0.59865403175354,0.3292294442653656,0.8764491677284241,-0.3513473570346832,-0.5035886764526367,0.4777342677116394,0.7198392152786255],"EasingStyle":"Constant","EasingDirection":"In"},"Right Arm":{"Weight":1,"CFrame":[0.5868620276451111,-0.004530817270278931,0.49690425395965578,-0.31511402130126955,0.0646885484457016,-0.946846604347229,0.8551998734474182,-0.41323211789131167,-0.3128456771373749,-0.4115051031112671,-0.9083251953125,0.07489363849163056],"EasingStyle":"Constant","EasingDirection":"In"},"Head":{"Weight":1,"CFrame":[9.685754776000977e-8,-5.587935447692871e-8,2.384185791015625e-7,0.9721090793609619,-0.15710215270519257,-0.17413480579853059,0.19449421763420106,0.9549280405044556,0.2242421954870224,0.1310572773218155,-0.25185614824295046,0.9588496088981628],"EasingStyle":"Constant","EasingDirection":"In"},"Left Arm":{"Weight":1,"CFrame":[-0.5868620872497559,-0.004531174898147583,0.49690449237823489,-0.3151141107082367,-0.06468851119279862,0.9468466639518738,-0.8552000522613525,-0.413231760263443,-0.31284573674201968,0.4115045368671417,-0.9083254337310791,0.07489364594221115],"EasingStyle":"Constant","EasingDirection":"In"},"Torso":{"Weight":1,"CFrame":[-0.2478041648864746,-0.1669396162033081,-0.1655118465423584,0.9849129915237427,0.15981711447238923,-0.06636995077133179,-0.17232203483581544,0.9409205913543701,-0.2915022075176239,0.01586180552840233,0.2985413372516632,0.9542649388313294],"EasingStyle":"Constant","EasingDirection":"In"},"HumanoidRootPart":{"Weight":0,"CFrame":[0,0,0,1,0,0,0,1,0,0,0,1],"EasingStyle":"Linear","EasingDirection":"In"},"Right Leg":{"Weight":1,"CFrame":[0.2893882393836975,0.1909472942352295,0.09218025207519531,0.8975282907485962,-0.12840957939624787,-0.421845942735672,0.08365168422460556,0.9888707995414734,-0.1230323538184166,0.4329497516155243,0.07513679563999176,0.8982812166213989],"EasingStyle":"Constant","EasingDirection":"In"}}},{"Time":0.1666666716337204,"poses":{"Left Leg":{"Weight":1,"CFrame":[0.05199316143989563,-0.42418527603149416,0.3502002954483032,0.8165449500083923,-0.042851392179727557,0.5756892561912537,0.3148234784603119,0.8689478039741516,-0.3818586766719818,-0.4838807284832001,0.49304527044296267,0.7230255603790283],"EasingStyle":"Constant","EasingDirection":"In"},"Right Arm":{"Weight":1,"CFrame":[0.5782158374786377,-0.02077239751815796,0.4774550199508667,-0.4239862263202667,-0.07697763293981552,-0.9023913741111755,0.7973292469978333,-0.5042857527732849,-0.33160537481307986,-0.42953696846961977,-0.8600991368293762,0.2751867473125458],"EasingStyle":"Constant","EasingDirection":"In"},"Head":{"Weight":1,"CFrame":[9.685754776000977e-8,7.450580596923828e-8,-2.384185791015625e-7,0.971535325050354,-0.1389218419790268,-0.19188496470451356,0.1825675666332245,0.9552392363548279,0.23278141021728517,0.1509575992822647,-0.2611873149871826,0.9534112215042114],"EasingStyle":"Constant","EasingDirection":"In"},"Left Arm":{"Weight":1,"CFrame":[-0.5782029628753662,-0.02077344059944153,0.47746336460113528,-0.43747222423553469,0.07991413027048111,0.8956740498542786,-0.7877737879753113,-0.5143681764602661,-0.33887743949890139,0.43362510204315188,-0.8538379073143005,0.28797608613967898],"EasingStyle":"Constant","EasingDirection":"In"},"Torso":{"Weight":1,"CFrame":[-0.22206714749336244,-0.19109678268432618,-0.14166712760925294,0.9864315390586853,0.1448010802268982,-0.077365942299366,-0.16200287640094758,0.9349048733711243,-0.3157656192779541,0.026606593281030656,0.32401466369628909,0.9456778764724731],"EasingStyle":"Constant","EasingDirection":"In"},"HumanoidRootPart":{"Weight":0,"CFrame":[0,0,0,1,0,0,0,1,0,0,0,1],"EasingStyle":"Linear","EasingDirection":"In"},"Right Leg":{"Weight":1,"CFrame":[0.27073565125465395,0.1907634735107422,0.07417750358581543,0.8859444856643677,-0.16243742406368257,-0.4344150722026825,0.12904606759548188,0.9860091209411621,-0.10551438480615616,0.4454766809940338,0.03742026910185814,0.8945111632347107],"EasingStyle":"Constant","EasingDirection":"In"}}},{"Time":0.20000000298023225,"poses":{"Left Leg":{"Weight":1,"CFrame":[0.05199316143989563,-0.42418527603149416,0.3502002954483032,0.8165449500083923,-0.042851392179727557,0.5756892561912537,0.3148234784603119,0.8689478039741516,-0.3818586766719818,-0.4838807284832001,0.49304527044296267,0.7230255603790283],"EasingStyle":"Constant","EasingDirection":"In"},"Right Arm":{"Weight":1,"CFrame":[0.5782158374786377,-0.02077239751815796,0.4774550199508667,-0.4239862263202667,-0.07697763293981552,-0.9023913741111755,0.7973292469978333,-0.5042857527732849,-0.33160537481307986,-0.42953696846961977,-0.8600991368293762,0.2751867473125458],"EasingStyle":"Constant","EasingDirection":"In"},"Head":{"Weight":1,"CFrame":[9.685754776000977e-8,7.450580596923828e-8,-2.384185791015625e-7,0.971535325050354,-0.1389218419790268,-0.19188496470451356,0.1825675666332245,0.9552392363548279,0.23278141021728517,0.1509575992822647,-0.2611873149871826,0.9534112215042114],"EasingStyle":"Constant","EasingDirection":"In"},"Left Arm":{"Weight":1,"CFrame":[-0.5782029628753662,-0.02077344059944153,0.47746336460113528,-0.43747222423553469,0.07991413027048111,0.8956740498542786,-0.7877737879753113,-0.5143681764602661,-0.33887743949890139,0.43362510204315188,-0.8538379073143005,0.28797608613967898],"EasingStyle":"Constant","EasingDirection":"In"},"Torso":{"Weight":1,"CFrame":[-0.22206714749336244,-0.19109678268432618,-0.14166712760925294,0.9864315390586853,0.1448010802268982,-0.077365942299366,-0.16200287640094758,0.9349048733711243,-0.3157656192779541,0.026606593281030656,0.32401466369628909,0.9456778764724731],"EasingStyle":"Constant","EasingDirection":"In"},"HumanoidRootPart":{"Weight":0,"CFrame":[0,0,0,1,0,0,0,1,0,0,0,1],"EasingStyle":"Linear","EasingDirection":"In"},"Right Leg":{"Weight":1,"CFrame":[0.27073565125465395,0.1907634735107422,0.07417750358581543,0.8859444856643677,-0.16243742406368257,-0.4344150722026825,0.12904606759548188,0.9860091209411621,-0.10551438480615616,0.4454766809940338,0.03742026910185814,0.8945111632347107],"EasingStyle":"Constant","EasingDirection":"In"}}},{"Time":0.23333333432674409,"poses":{"Left Leg":{"Weight":1,"CFrame":[0.05199316143989563,-0.42418527603149416,0.3502002954483032,0.8165449500083923,-0.042851392179727557,0.5756892561912537,0.3148234784603119,0.8689478039741516,-0.3818586766719818,-0.4838807284832001,0.49304527044296267,0.7230255603790283],"EasingStyle":"Constant","EasingDirection":"In"},"Right Arm":{"Weight":1,"CFrame":[0.5782158374786377,-0.02077239751815796,0.4774550199508667,-0.4239862263202667,-0.07697763293981552,-0.9023913741111755,0.7973292469978333,-0.5042857527732849,-0.33160537481307986,-0.42953696846961977,-0.8600991368293762,0.2751867473125458],"EasingStyle":"Constant","EasingDirection":"In"},"Head":{"Weight":1,"CFrame":[9.685754776000977e-8,7.450580596923828e-8,-2.384185791015625e-7,0.971535325050354,-0.1389218419790268,-0.19188496470451356,0.1825675666332245,0.9552392363548279,0.23278141021728517,0.1509575992822647,-0.2611873149871826,0.9534112215042114],"EasingStyle":"Constant","EasingDirection":"In"},"Left Arm":{"Weight":1,"CFrame":[-0.5782029628753662,-0.02077344059944153,0.47746336460113528,-0.43747222423553469,0.07991413027048111,0.8956740498542786,-0.7877737879753113,-0.5143681764602661,-0.33887743949890139,0.43362510204315188,-0.8538379073143005,0.28797608613967898],"EasingStyle":"Constant","EasingDirection":"In"},"Torso":{"Weight":1,"CFrame":[-0.22206714749336244,-0.19109678268432618,-0.14166712760925294,0.9864315390586853,0.1448010802268982,-0.077365942299366,-0.16200287640094758,0.9349048733711243,-0.3157656192779541,0.026606593281030656,0.32401466369628909,0.9456778764724731],"EasingStyle":"Constant","EasingDirection":"In"},"HumanoidRootPart":{"Weight":0,"CFrame":[0,0,0,1,0,0,0,1,0,0,0,1],"EasingStyle":"Linear","EasingDirection":"In"},"Right Leg":{"Weight":1,"CFrame":[0.27073565125465395,0.1907634735107422,0.07417750358581543,0.8859444856643677,-0.16243742406368257,-0.4344150722026825,0.12904606759548188,0.9860091209411621,-0.10551438480615616,0.4454766809940338,0.03742026910185814,0.8945111632347107],"EasingStyle":"Constant","EasingDirection":"In"}}},{"Time":0.2666666805744171,"poses":{"Left Leg":{"Weight":1,"CFrame":[-0.35373181104660036,0.06461036205291748,0.3794717788696289,0.8661736845970154,-0.0293705053627491,0.4988793134689331,0.17583025991916657,0.9523525238037109,-0.24921557307243348,-0.4677894413471222,0.303582102060318,0.8300668597221375],"EasingStyle":"Constant","EasingDirection":"In"},"Right Arm":{"Weight":1,"CFrame":[0.4863322377204895,-0.3501688241958618,0.23318815231323243,-0.6799553036689758,-0.0024047051556408407,-0.7332497239112854,0.5323715806007385,-0.6892675161361694,-0.49141696095466616,-0.5042235255241394,-0.7245029211044312,0.46995145082473757],"EasingStyle":"Constant","EasingDirection":"In"},"Head":{"Weight":1,"CFrame":[6.752088665962219e-8,-5.4016709327697757e-8,-1.1920928955078126e-7,0.9817637801170349,-0.06167072802782059,-0.17982418835163117,0.10981413722038269,0.9561135172843933,0.271639347076416,0.1551801562309265,-0.2864329218864441,0.9454498291015625],"EasingStyle":"Constant","EasingDirection":"In"},"Left Arm":{"Weight":1,"CFrame":[-0.4863317608833313,-0.3501688241958618,0.23318827152252198,-0.6795180439949036,0.006076039280742407,0.7336336970329285,-0.5331544280052185,-0.6910145282745361,-0.4881036877632141,0.5039858222007752,-0.7228153347969055,0.47279635071754458],"EasingStyle":"Constant","EasingDirection":"In"},"Torso":{"Weight":1,"CFrame":[-0.11046738177537918,-0.2589501738548279,0.1018056869506836,0.9941481947898865,0.08636278659105301,-0.06489136070013046,-0.10439295321702957,0.9225274920463562,-0.3715443015098572,0.027776455506682397,0.37614428997039797,0.9261447191238403],"EasingStyle":"Constant","EasingDirection":"In"},"HumanoidRootPart":{"Weight":0,"CFrame":[0,0,0,1,0,0,0,1,0,0,0,1],"EasingStyle":"Linear","EasingDirection":"In"},"Right Leg":{"Weight":1,"CFrame":[0.31536322832107546,-0.029356837272644044,0.11013185977935791,0.883401095867157,-0.22821646928787232,-0.4092918932437897,0.2106526792049408,0.9735750555992127,-0.08818899840116501,0.4186026453971863,-0.008312232792377472,0.9081315398216248],"EasingStyle":"Constant","EasingDirection":"In"}}},{"Time":0.30000001192092898,"poses":{"Left Leg":{"Weight":1,"CFrame":[-0.4149744510650635,0.1504892110824585,0.3641444444656372,0.8859942555427551,-0.021995654329657556,0.46317437291145327,0.13067644834518434,0.9702327847480774,-0.20389235019683839,-0.4449022114276886,0.2411734163761139,0.8624950051307678],"EasingStyle":"Constant","EasingDirection":"In"},"Right Arm":{"Weight":1,"CFrame":[0.4242756962776184,-0.445995569229126,0.1466280221939087,-0.7884241342544556,-0.0395684652030468,-0.6138582229614258,0.4207296371459961,-0.7626902461051941,-0.4912128448486328,-0.4487471282482147,-0.6455524563789368,0.6179710030555725],"EasingStyle":"Constant","EasingDirection":"In"},"Head":{"Weight":1,"CFrame":[8.754432201385498e-8,-1.9371509552001954e-7,-3.5762786865234377e-7,0.9880746603012085,-0.05631662532687187,-0.14330783486366273,0.0977497324347496,0.948534369468689,0.30121010541915896,0.11896927654743195,-0.3116263151168823,0.9427276849746704],"EasingStyle":"Constant","EasingDirection":"In"},"Left Arm":{"Weight":1,"CFrame":[-0.42427536845207217,-0.44599565863609316,0.1466280221939087,-0.7884239554405212,0.03956827148795128,0.6138583421707153,-0.42072975635528567,-0.762690007686615,-0.49121296405792239,0.4487471580505371,-0.6455528140068054,0.6179707050323486],"EasingStyle":"Constant","EasingDirection":"In"},"Torso":{"Weight":1,"CFrame":[-0.06745234876871109,-0.2733863592147827,0.17173027992248536,0.9959396719932556,0.08010442554950714,-0.04107894375920296,-0.08969604969024658,0.9218579530715942,-0.3770046532154083,0.007669210899621248,0.37915849685668948,0.9253000020980835],"EasingStyle":"Constant","EasingDirection":"In"},"HumanoidRootPart":{"Weight":0,"CFrame":[0,0,0,1,0,0,0,1,0,0,0,1],"EasingStyle":"Linear","EasingDirection":"In"},"Right Leg":{"Weight":1,"CFrame":[0.3458470404148102,-0.11616075038909912,0.1268860101699829,0.8963955640792847,-0.23223643004894257,-0.3775464594364166,0.21118095517158509,0.972633421421051,-0.09688660502433777,0.38971492648124697,0.007118051405996084,0.9209080934524536],"EasingStyle":"Constant","EasingDirection":"In"}}},{"Time":0.3333333432674408,"poses":{"Left Leg":{"Weight":1,"CFrame":[-0.45852285623550417,0.1148483157157898,0.29044902324676516,0.8877288103103638,-0.006490164436399937,0.4603211581707001,0.07250788807868958,0.9893919229507446,-0.12588176131248475,-0.4546210467815399,0.14512576162815095,0.8787822723388672],"EasingStyle":"Constant","EasingDirection":"In"},"Right Arm":{"Weight":1,"CFrame":[0.33650678396224978,-0.4615078270435333,0.08252811431884766,-0.8804984092712402,-0.16452975571155549,-0.4445812702178955,0.3673177659511566,-0.8296403884887695,-0.4204455316066742,-0.2996668219566345,-0.5335043668746948,0.790931761264801],"EasingStyle":"Constant","EasingDirection":"In"},"Head":{"Weight":1,"CFrame":[7.12461769580841e-8,3.343448042869568e-7,1.1920928955078126e-7,0.9934989809989929,-0.06863466650247574,-0.09082522988319397,0.0927341878414154,0.9506860375404358,0.2959672212600708,0.06603267043828964,-0.3024657368659973,0.9508702158927918],"EasingStyle":"Constant","EasingDirection":"In"},"Left Arm":{"Weight":1,"CFrame":[-0.33650657534599306,-0.46150800585746767,0.08252835273742676,-0.878629744052887,0.16277839243412019,0.44890207052230837,-0.36901724338531496,-0.8280999660491943,-0.42199116945266726,0.30304473638534548,-0.5364267826080322,0.7876612544059753],"EasingStyle":"Constant","EasingDirection":"In"},"Torso":{"Weight":1,"CFrame":[-0.038923271000385287,-0.2686007022857666,0.2055497169494629,0.9956642985343933,0.08645372092723847,-0.034328702837228778,-0.09300083667039871,0.9326657652854919,-0.3485478460788727,0.0018839475233107806,0.35022926330566409,0.9366621375083923],"EasingStyle":"Constant","EasingDirection":"In"},"HumanoidRootPart":{"Weight":0,"CFrame":[0,0,0,1,0,0,0,1,0,0,0,1],"EasingStyle":"Linear","EasingDirection":"In"},"Right Leg":{"Weight":1,"CFrame":[0.352306604385376,-0.15288174152374268,0.13972198963165284,0.9195494651794434,-0.20326849818229676,-0.3363194763660431,0.18955275416374207,0.9791155457496643,-0.07350221276283264,0.3442363142967224,0.003838565666228533,0.9388751983642578],"EasingStyle":"Constant","EasingDirection":"In"}}},{"Time":0.36666667461395266,"poses":{"Left Leg":{"Weight":1,"CFrame":[-0.3947578966617584,-0.03081643581390381,0.21339499950408936,0.886094868183136,0.010052821598947049,0.46339473128318789,0.02331393025815487,0.9975326061248779,-0.06622090935707092,-0.4629170894622803,0.06948157399892807,0.8836742043495178],"EasingStyle":"Constant","EasingDirection":"In"},"Right Arm":{"Weight":1,"CFrame":[0.2565060257911682,-0.47647732496261599,0.040562987327575687,-0.9226139783859253,-0.3091186285018921,-0.23071476817131043,0.37135985493659975,-0.8735565543174744,-0.314628005027771,-0.10428506135940552,-0.37595850229263308,0.9207496643066406],"EasingStyle":"Constant","EasingDirection":"In"},"Head":{"Weight":1,"CFrame":[9.452924132347107e-8,9.778887033462525e-9,-2.384185791015625e-7,0.99464350938797,-0.0810900405049324,-0.0641002207994461,0.09474959969520569,0.9631214737892151,0.25183242559432986,0.04131518304347992,-0.2565569281578064,0.9656457304954529],"EasingStyle":"Constant","EasingDirection":"In"},"Left Arm":{"Weight":1,"CFrame":[-0.25650712847709658,-0.4764777421951294,0.04056239128112793,-0.9201428890228272,0.30014514923095705,0.25149568915367129,-0.37248557806015017,-0.8690088391304016,-0.32569628953933718,0.12079577147960663,-0.393365740776062,0.9114120602607727],"EasingStyle":"Constant","EasingDirection":"In"},"Torso":{"Weight":1,"CFrame":[-0.020703904330730439,-0.24784356355667115,0.20444512367248536,0.9948713779449463,0.09610264748334885,-0.03154948726296425,-0.10113479197025299,0.9503092765808106,-0.2944214940071106,0.0016870860708877445,0.29610225558280947,0.9551547765731812],"EasingStyle":"Constant","EasingDirection":"In"},"HumanoidRootPart":{"Weight":0,"CFrame":[0,0,0,1,0,0,0,1,0,0,0,1],"EasingStyle":"Linear","EasingDirection":"In"},"Right Leg":{"Weight":1,"CFrame":[0.3294171094894409,-0.15489614009857179,0.14431369304656983,0.943449079990387,-0.14930732548236848,-0.29599204659461977,0.14436112344264985,0.9887708425521851,-0.03862730786204338,0.2984357178211212,-0.006286924239248037,0.954409122467041],"EasingStyle":"Constant","EasingDirection":"In"}}},{"Time":0.4000000059604645,"poses":{"Left Leg":{"Weight":1,"CFrame":[-0.3947578966617584,-0.03081643581390381,0.21339499950408936,0.886094868183136,0.010052821598947049,0.46339473128318789,0.02331393025815487,0.9975326061248779,-0.06622090935707092,-0.4629170894622803,0.06948157399892807,0.8836742043495178],"EasingStyle":"Constant","EasingDirection":"In"},"Right Arm":{"Weight":1,"CFrame":[0.2565060257911682,-0.47647732496261599,0.040562987327575687,-0.9226139783859253,-0.3091186285018921,-0.23071476817131043,0.37135985493659975,-0.8735565543174744,-0.314628005027771,-0.10428506135940552,-0.37595850229263308,0.9207496643066406],"EasingStyle":"Constant","EasingDirection":"In"},"Head":{"Weight":1,"CFrame":[9.452924132347107e-8,9.778887033462525e-9,-2.384185791015625e-7,0.99464350938797,-0.0810900405049324,-0.0641002207994461,0.09474959969520569,0.9631214737892151,0.25183242559432986,0.04131518304347992,-0.2565569281578064,0.9656457304954529],"EasingStyle":"Constant","EasingDirection":"In"},"Left Arm":{"Weight":1,"CFrame":[-0.25650712847709658,-0.4764777421951294,0.04056239128112793,-0.9201428890228272,0.30014514923095705,0.25149568915367129,-0.37248557806015017,-0.8690088391304016,-0.32569628953933718,0.12079577147960663,-0.393365740776062,0.9114120602607727],"EasingStyle":"Constant","EasingDirection":"In"},"Torso":{"Weight":1,"CFrame":[-0.020703904330730439,-0.24784356355667115,0.20444512367248536,0.9948713779449463,0.09610264748334885,-0.03154948726296425,-0.10113479197025299,0.9503092765808106,-0.2944214940071106,0.0016870860708877445,0.29610225558280947,0.9551547765731812],"EasingStyle":"Constant","EasingDirection":"In"},"HumanoidRootPart":{"Weight":0,"CFrame":[0,0,0,1,0,0,0,1,0,0,0,1],"EasingStyle":"Linear","EasingDirection":"In"},"Right Leg":{"Weight":1,"CFrame":[0.3294171094894409,-0.15489614009857179,0.14431369304656983,0.943449079990387,-0.14930732548236848,-0.29599204659461977,0.14436112344264985,0.9887708425521851,-0.03862730786204338,0.2984357178211212,-0.006286924239248037,0.954409122467041],"EasingStyle":"Constant","EasingDirection":"In"}}},{"Time":0.4333333373069763,"poses":{"Left Leg":{"Weight":1,"CFrame":[-0.3947578966617584,-0.03081643581390381,0.21339499950408936,0.886094868183136,0.010052821598947049,0.46339473128318789,0.02331393025815487,0.9975326061248779,-0.06622090935707092,-0.4629170894622803,0.06948157399892807,0.8836742043495178],"EasingStyle":"Constant","EasingDirection":"In"},"Right Arm":{"Weight":1,"CFrame":[0.2565060257911682,-0.47647732496261599,0.040562987327575687,-0.9226139783859253,-0.3091186285018921,-0.23071476817131043,0.37135985493659975,-0.8735565543174744,-0.314628005027771,-0.10428506135940552,-0.37595850229263308,0.9207496643066406],"EasingStyle":"Constant","EasingDirection":"In"},"Head":{"Weight":1,"CFrame":[9.452924132347107e-8,9.778887033462525e-9,-2.384185791015625e-7,0.99464350938797,-0.0810900405049324,-0.0641002207994461,0.09474959969520569,0.9631214737892151,0.25183242559432986,0.04131518304347992,-0.2565569281578064,0.9656457304954529],"EasingStyle":"Constant","EasingDirection":"In"},"Left Arm":{"Weight":1,"CFrame":[-0.25650712847709658,-0.4764777421951294,0.04056239128112793,-0.9201428890228272,0.30014514923095705,0.25149568915367129,-0.37248557806015017,-0.8690088391304016,-0.32569628953933718,0.12079577147960663,-0.393365740776062,0.9114120602607727],"EasingStyle":"Constant","EasingDirection":"In"},"Torso":{"Weight":1,"CFrame":[-0.020703904330730439,-0.24784356355667115,0.20444512367248536,0.9948713779449463,0.09610264748334885,-0.03154948726296425,-0.10113479197025299,0.9503092765808106,-0.2944214940071106,0.0016870860708877445,0.29610225558280947,0.9551547765731812],"EasingStyle":"Constant","EasingDirection":"In"},"HumanoidRootPart":{"Weight":0,"CFrame":[0,0,0,1,0,0,0,1,0,0,0,1],"EasingStyle":"Linear","EasingDirection":"In"},"Right Leg":{"Weight":1,"CFrame":[0.3294171094894409,-0.15489614009857179,0.14431369304656983,0.943449079990387,-0.14930732548236848,-0.29599204659461977,0.14436112344264985,0.9887708425521851,-0.03862730786204338,0.2984357178211212,-0.006286924239248037,0.954409122467041],"EasingStyle":"Constant","EasingDirection":"In"}}},{"Time":0.46666666865348818,"poses":{"Left Leg":{"Weight":1,"CFrame":[-0.13936373591423036,-0.11672782897949219,0.13078272342681886,0.9023744463920593,0.14775453507900239,0.4048319458961487,-0.13315196335315705,0.9890159964561462,-0.06417154520750046,-0.40986692905426028,0.004002592992037535,0.9121366739273071],"EasingStyle":"Constant","EasingDirection":"In"},"Right Arm":{"Weight":1,"CFrame":[0.12902727723121644,-0.5453145503997803,0,-0.8294809460639954,-0.5082536935806274,0.231602281332016,0.49543827772140505,-0.8609907627105713,-0.11504685133695603,0.25788044929504397,0.019315440207719804,0.9659837484359741],"EasingStyle":"Constant","EasingDirection":"In"},"Head":{"Weight":1,"CFrame":[7.683411240577698e-8,1.6530975699424745e-8,1.1920928955078126e-7,0.9959668517112732,-0.059250347316265109,-0.06737582385540009,0.07413146644830704,0.966447114944458,0.24593620002269746,0.05054336413741112,-0.2499389797449112,0.9669415354728699],"EasingStyle":"Constant","EasingDirection":"In"},"Left Arm":{"Weight":1,"CFrame":[-0.12902739644050599,-0.5453146696090698,-1.1920928955078126e-7,-0.8294810056686401,0.5082536339759827,-0.23160234093666078,-0.49543818831443789,-0.8609908819198608,-0.11504694819450379,-0.2578805387020111,0.019315235316753389,0.9659837484359741],"EasingStyle":"Constant","EasingDirection":"In"},"Torso":{"Weight":1,"CFrame":[-0.010070323944091797,-0.22126418352127076,0.11684274673461914,0.9968566298484802,0.07612498849630356,-0.021952027454972268,-0.07922086119651795,0.9543269872665405,-0.28806960582733157,-0.0009798846440389753,0.288903146982193,0.9573578238487244],"EasingStyle":"Constant","EasingDirection":"In"},"HumanoidRootPart":{"Weight":0,"CFrame":[0,0,0,1,0,0,0,1,0,0,0,1],"EasingStyle":"Linear","EasingDirection":"In"},"Right Leg":{"Weight":1,"CFrame":[0.31156808137893679,-0.0670696496963501,0.12423312664031983,0.9536769986152649,-0.1487400382757187,-0.26148921251296999,0.14794589579105378,0.9887318015098572,-0.022835949435830118,0.2619394063949585,-0.016908209770917894,0.9649361968040466],"EasingStyle":"Constant","EasingDirection":"In"}}},{"Time":0.5,"poses":{"Left Leg":{"Weight":1,"CFrame":[-0.12919726967811585,-0.12421071529388428,0.12824034690856934,0.9020779132843018,0.15331970155239106,0.40342119336128237,-0.13906455039978028,0.988174319267273,-0.06459641456604004,-0.40855440497398379,0.002169390209019184,0.9127314686775208],"EasingStyle":"Constant","EasingDirection":"In"},"Right Arm":{"Weight":1,"CFrame":[0.12537501752376557,-0.5475860238075256,-0.0005559325218200684,-0.8230792284011841,-0.5119348168373108,0.245893195271492,0.5010671615600586,-0.8584001660346985,-0.10991350561380387,0.26734328269958498,0.032741378992795947,0.9630449414253235],"EasingStyle":"Constant","EasingDirection":"In"},"Head":{"Weight":1,"CFrame":[9.499490261077881e-8,1.1385418474674225e-7,4.76837158203125e-7,0.9959635138511658,-0.059240780770778659,-0.0674339234828949,0.07413651049137116,0.9664479494094849,0.24593156576156617,0.050602201372385028,-0.24993817508220673,0.9669386744499207],"EasingStyle":"Constant","EasingDirection":"In"},"Left Arm":{"Weight":1,"CFrame":[-0.12537425756454469,-0.5475862622261047,-0.0005555152893066406,-0.8220022916793823,0.5120040774345398,-0.24932722747325898,-0.5016149878501892,-0.8582391142845154,-0.10866498202085495,-0.26961931586265566,0.03574337810277939,0.9623034596443176],"EasingStyle":"Constant","EasingDirection":"In"},"Torso":{"Weight":1,"CFrame":[-0.010066363960504532,-0.22116625308990479,0.11634707450866699,0.9968576431274414,0.0761156678199768,-0.021941788494586946,-0.07920898497104645,0.9543279409408569,-0.28807005286216738,-0.00098698609508574,0.28890281915664675,0.9573579430580139],"EasingStyle":"Constant","EasingDirection":"In"},"HumanoidRootPart":{"Weight":0,"CFrame":[0,0,0,1,0,0,0,1,0,0,0,1],"EasingStyle":"Linear","EasingDirection":"In"},"Right Leg":{"Weight":1,"CFrame":[0.3115854859352112,-0.06615376472473145,0.12243139743804932,0.9540526866912842,-0.1490974724292755,-0.2599107325077057,0.14859157800674439,0.9886603355407715,-0.021709730848670007,0.2602003514766693,-0.017908357083797456,0.9653886556625366],"EasingStyle":"Constant","EasingDirection":"In"}}},{"Time":0.5333333611488342,"poses":{"Left Leg":{"Weight":1,"CFrame":[-0.13932424783706666,-0.11621320247650147,0.13079619407653809,0.9023783802986145,0.1477539837360382,0.4048234522342682,-0.1331557333469391,0.989016056060791,-0.0641620084643364,-0.4098571538925171,0.003993850201368332,0.9121410250663757],"EasingStyle":"Constant","EasingDirection":"In"},"Right Arm":{"Weight":1,"CFrame":[0.12902739644050599,-0.5453144311904907,0,-0.8294810056686401,-0.5082535743713379,0.23160237073898316,0.4954381585121155,-0.8609909415245056,-0.11504670977592468,0.25788047909736636,0.019315561279654504,0.9659837484359741],"EasingStyle":"Constant","EasingDirection":"In"},"Head":{"Weight":1,"CFrame":[8.055940270423889e-8,5.541369318962097e-8,1.1920928955078126e-7,0.9959670901298523,-0.059238746762275699,-0.06738342344760895,0.0741221234202385,0.9664477705955505,0.2459363341331482,0.05055359750986099,-0.24993909895420075,0.9669409394264221],"EasingStyle":"Constant","EasingDirection":"In"},"Left Arm":{"Weight":1,"CFrame":[-0.12902727723121644,-0.5453148484230042,0,-0.8294810652732849,0.5082535743713379,-0.23160222172737122,-0.4954381585121155,-0.8609908819198608,-0.11504703760147095,-0.2578805088996887,0.019315103068947793,0.9659837484359741],"EasingStyle":"Constant","EasingDirection":"In"},"Torso":{"Weight":1,"CFrame":[-0.010066356509923935,-0.22116613388061524,0.11634683609008789,0.9968576431274414,0.0761156678199768,-0.021941781044006349,-0.07920898497104645,0.9543278813362122,-0.2880699336528778,-0.0009869845816865564,0.2889026701450348,0.9573580026626587],"EasingStyle":"Constant","EasingDirection":"In"},"HumanoidRootPart":{"Weight":0,"CFrame":[0,0,0,1,0,0,0,1,0,0,0,1],"EasingStyle":"Linear","EasingDirection":"In"},"Right Leg":{"Weight":1,"CFrame":[0.31150752305984499,-0.06657814979553223,0.1242218017578125,0.9536746144294739,-0.14873935282230378,-0.26149824261665347,0.14794275164604188,0.9887320399284363,-0.022845694795250894,0.2619498372077942,-0.016899479553103448,0.9649336338043213],"EasingStyle":"Constant","EasingDirection":"In"}}},{"Time":0.5666666626930237,"poses":{"Left Leg":{"Weight":1,"CFrame":[-0.1977127194404602,-0.0858767032623291,0.1614464521408081,0.9081467986106873,0.12643776834011079,0.3991025388240814,-0.09608564525842667,0.9908050298690796,-0.09525208175182343,-0.40747636556625368,0.048154886811971667,0.9119453430175781],"EasingStyle":"Constant","EasingDirection":"In"},"Right Arm":{"Weight":1,"CFrame":[0.22244712710380555,-0.43631142377853396,0.09915280342102051,-0.8210358619689941,-0.5646706819534302,-0.08394766598939896,0.5672568678855896,-0.7904277443885803,-0.23117896914482118,0.06418538838624954,-0.2374262809753418,0.9692828059196472],"EasingStyle":"Constant","EasingDirection":"In"},"Head":{"Weight":1,"CFrame":[8.940696716308594e-8,-1.0343501344323158e-7,1.1920928955078126e-7,0.9989957809448242,-0.014699602499604226,-0.04232599586248398,0.024426665157079698,0.9706031680107117,0.23944273591041566,0.03756203129887581,-0.24023617804050446,0.9699875116348267],"EasingStyle":"Constant","EasingDirection":"In"},"Left Arm":{"Weight":1,"CFrame":[-0.22244778275489808,-0.4363117516040802,0.09915220737457276,-0.830646276473999,0.5567076802253723,0.010168273001909256,-0.5463683009147644,-0.8114286065101624,-0.20752184092998506,-0.10727822035551071,-0.17793294787406922,0.9781776070594788],"EasingStyle":"Constant","EasingDirection":"In"},"Torso":{"Weight":1,"CFrame":[0.048317037522792819,-0.2010025978088379,0.08352899551391602,0.9996353983879089,0.024894803762435914,-0.010456051677465439,-0.026821868494153024,0.9601035118103027,-0.2783556282520294,0.0031092821154743435,0.2785346210002899,0.9604212045669556],"EasingStyle":"Constant","EasingDirection":"In"},"HumanoidRootPart":{"Weight":0,"CFrame":[0,0,0,1,0,0,0,1,0,0,0,1],"EasingStyle":"Linear","EasingDirection":"In"},"Right Leg":{"Weight":1,"CFrame":[0.2013901174068451,0.030250906944274904,0.14279425144195558,0.9354831576347351,-0.07930419594049454,-0.3443574607372284,0.062070105224847797,0.9962178468704224,-0.06080511584877968,0.34787729382514956,0.03550783172249794,0.9368674755096436],"EasingStyle":"Constant","EasingDirection":"In"}}},{"Time":0.6000000238418579,"poses":{"Left Leg":{"Weight":1,"CFrame":[-0.1977127194404602,-0.0858767032623291,0.1614464521408081,0.9081467986106873,0.12643776834011079,0.3991025388240814,-0.09608564525842667,0.9908050298690796,-0.09525208175182343,-0.40747636556625368,0.048154886811971667,0.9119453430175781],"EasingStyle":"Constant","EasingDirection":"In"},"Right Arm":{"Weight":1,"CFrame":[0.22244712710380555,-0.43631142377853396,0.09915280342102051,-0.8210358619689941,-0.5646706819534302,-0.08394766598939896,0.5672568678855896,-0.7904277443885803,-0.23117896914482118,0.06418538838624954,-0.2374262809753418,0.9692828059196472],"EasingStyle":"Constant","EasingDirection":"In"},"Head":{"Weight":1,"CFrame":[8.940696716308594e-8,-1.0343501344323158e-7,1.1920928955078126e-7,0.9989957809448242,-0.014699602499604226,-0.04232599586248398,0.024426665157079698,0.9706031680107117,0.23944273591041566,0.03756203129887581,-0.24023617804050446,0.9699875116348267],"EasingStyle":"Constant","EasingDirection":"In"},"Left Arm":{"Weight":1,"CFrame":[-0.22244778275489808,-0.4363117516040802,0.09915220737457276,-0.830646276473999,0.5567076802253723,0.010168273001909256,-0.5463683009147644,-0.8114286065101624,-0.20752184092998506,-0.10727822035551071,-0.17793294787406922,0.9781776070594788],"EasingStyle":"Constant","EasingDirection":"In"},"Torso":{"Weight":1,"CFrame":[0.048317037522792819,-0.2010025978088379,0.08352899551391602,0.9996353983879089,0.024894803762435914,-0.010456051677465439,-0.026821868494153024,0.9601035118103027,-0.2783556282520294,0.0031092821154743435,0.2785346210002899,0.9604212045669556],"EasingStyle":"Constant","EasingDirection":"In"},"HumanoidRootPart":{"Weight":0,"CFrame":[0,0,0,1,0,0,0,1,0,0,0,1],"EasingStyle":"Linear","EasingDirection":"In"},"Right Leg":{"Weight":1,"CFrame":[0.2013901174068451,0.030250906944274904,0.14279425144195558,0.9354831576347351,-0.07930419594049454,-0.3443574607372284,0.062070105224847797,0.9962178468704224,-0.06080511584877968,0.34787729382514956,0.03550783172249794,0.9368674755096436],"EasingStyle":"Constant","EasingDirection":"In"}}},{"Time":0.6333333253860474,"poses":{"Left Leg":{"Weight":1,"CFrame":[-0.3508444130420685,-0.015084981918334961,0.2271813154220581,0.9186999797821045,0.05376747250556946,0.39127933979034426,0.021920885890722276,0.9822216629981995,-0.18644043803215028,-0.39434757828712466,0.17985999584197999,0.9011883735656738],"EasingStyle":"Constant","EasingDirection":"In"},"Right Arm":{"Weight":1,"CFrame":[0.5238056182861328,-0.07872644066810608,0.4289442