{"Sequence":[{"Time":0,"poses":{"Left Leg":{"Weight":1,"CFrame":[0.21895188093185426,0.07985538244247437,-0.061615705490112308,0.9210119247436523,0.025137081742286683,0.38872241973876955,-0.09696786850690842,0.9812971949577332,0.16629242897033692,-0.37727218866348269,-0.1908508688211441,0.9062238931655884],"EasingStyle":"Linear","EasingDirection":"In"},"Right Arm":{"Weight":1,"CFrame":[0.011932402849197388,-0.21371546387672425,-0.1222299337387085,0.9674651026725769,-0.25295430421829226,0.005042985547333956,0.22733956575393678,0.8604047298431397,-0.4560927748680115,0.11103161424398422,0.442400187253952,0.8899180293083191],"EasingStyle":"Linear","EasingDirection":"In"},"Left Arm":{"Weight":1,"CFrame":[-0.01667178049683571,-0.19730335474014283,-0.31184226274490359,0.9842647314071655,0.1764885038137436,0.008649548515677452,-0.16360467672348023,0.9287197589874268,-0.33273592591285708,-0.06675706803798676,0.32608503103256228,0.9429804086685181],"EasingStyle":"Linear","EasingDirection":"In"},"Head":{"Weight":1,"CFrame":[8.887943181434821e-8,0,0.016662120819091798,0.9999814033508301,0.006060637999325991,-0.0006946429493837059,-0.006057631224393845,0.9999729990959168,0.004182666540145874,0.0007199739338830113,-0.004178405739367008,0.9999910593032837],"EasingStyle":"Linear","EasingDirection":"In"},"Torso":{"Weight":1,"CFrame":[0,0,0,1,2.384185791015625e-7,-8.742277657347586e-8,-2.384185791015625e-7,1,2.084321417176148e-14,8.742277657347586e-8,0,1],"EasingStyle":"Linear","EasingDirection":"In"},"HumanoidRootPart":{"Weight":1,"CFrame":[0,0,0,1,0,0,0,1,0,0,0,1],"EasingStyle":"Linear","EasingDirection":"In"},"Right Leg":{"Weight":1,"CFrame":[-0.2160518765449524,0.037437260150909427,-0.05438399314880371,0.9235137104988098,-0.02518545463681221,-0.38273778557777407,0.05978737771511078,0.9950975775718689,0.0787811204791069,0.3788772225379944,-0.09563838690519333,0.9204919338226318],"EasingStyle":"Linear","EasingDirection":"In"}}},{"Time":0.03333333507180214,"poses":{"Left Leg":{"Weight":1,"CFrame":[0.21900345385074616,0.07992887496948242,-0.06165510416030884,0.9209686517715454,0.02507721073925495,0.3888288736343384,-0.0969901904463768,0.9812695980072022,0.16644184291362763,-0.377372145652771,-0.19100028276443482,0.9061508178710938],"EasingStyle":"Linear","EasingDirection":"In"},"Right Arm":{"Weight":1,"CFrame":[0.011705522425472737,-0.21373116970062257,-0.12238240242004395,0.9640166163444519,-0.2647823691368103,-0.023712020367383958,0.2247427999973297,0.8593738079071045,-0.45931172370910647,0.1419951170682907,0.43745508790016177,0.8879585862159729],"EasingStyle":"Linear","EasingDirection":"In"},"Left Arm":{"Weight":1,"CFrame":[-0.016139782965183259,-0.19501864910125733,-0.3094426393508911,0.9765315055847168,0.19921129941940309,0.08186021447181702,-0.16096901893615724,0.9275985956192017,-0.33712002635002139,-0.14309151470661164,0.31603145599365237,0.9378960728645325],"EasingStyle":"Linear","EasingDirection":"In"},"Head":{"Weight":1,"CFrame":[8.887941049806614e-8,-1.0462741784067475e-12,0.0166623592376709,0.9999820590019226,0.005937520414590836,-0.0008159744320437312,-0.0059340111911296848,0.9999737739562988,0.004178461153060198,0.0008407628047280014,-0.00417356938123703,0.9999909996986389],"EasingStyle":"Linear","EasingDirection":"In"},"Torso":{"Weight":1,"CFrame":[0.0000993783469311893,0.000003376010681677144,-0.00012564659118652344,1,0.00012386379239615053,0.0001207285386044532,-0.0001238642871612683,1,0.000004104284926143009,-0.00012072802928742021,-0.000004119238383282209,1],"EasingStyle":"Linear","EasingDirection":"In"},"HumanoidRootPart":{"Weight":1,"CFrame":[0,0,0,1,0,0,0,1,0,0,0,1],"EasingStyle":"Linear","EasingDirection":"In"},"Right Leg":{"Weight":1,"CFrame":[-0.21599481999874116,0.03740501403808594,-0.054353535175323489,0.9235615134239197,-0.025224532932043077,-0.38261985778808596,0.05978955328464508,0.99510258436203,0.07871618121862412,0.3787603974342346,-0.09557591378688812,0.9205465912818909],"EasingStyle":"Linear","EasingDirection":"In"}}},{"Time":0.06666667014360428,"poses":{"Left Leg":{"Weight":1,"CFrame":[0.21911923587322236,0.08040821552276612,-0.061802446842193606,0.9208717942237854,0.02493404969573021,0.38906750082969668,-0.09730033576488495,0.9810720086097717,0.16742338240146638,-0.37752869725227358,-0.1920318603515625,0.9058675765991211],"EasingStyle":"Linear","EasingDirection":"In"},"Right Arm":{"Weight":1,"CFrame":[0.010890182107686997,-0.21382611989974976,-0.12286436557769776,0.9483250379562378,-0.30209898948669436,-0.09703521430492401,0.224599689245224,0.8551252484321594,-0.4672427475452423,0.22413089871406556,0.4213038980960846,0.8787879943847656],"EasingStyle":"Linear","EasingDirection":"In"},"Left Arm":{"Weight":1,"CFrame":[-0.014613763429224491,-0.18936270475387574,-0.30142027139663699,0.9319329261779785,0.25987201929092409,0.2529180943965912,-0.16274499893188477,0.922995388507843,-0.3487027883529663,-0.3240602910518646,0.28380635380744936,0.9024627208709717],"EasingStyle":"Linear","EasingDirection":"In"},"Head":{"Weight":1,"CFrame":[8.862522093977532e-8,-4.945377440890297e-12,0.0166623592376709,0.9999827146530151,0.005646249279379845,-0.0016629118472337723,-0.005639227572828531,0.9999754428863525,0.004168255720287561,0.0016864064382389188,-0.00415883120149374,0.999989926815033],"EasingStyle":"Linear","EasingDirection":"In"},"Torso":{"Weight":1,"CFrame":[0.0007950318977236748,0.000011281026672804728,-0.0010063648223876954,0.999999463558197,0.0004186593578197062,0.0009664463577792048,-0.0004186728037893772,0.9999999403953552,0.00001371457074128557,-0.0009664405370131135,-0.000014119187653705012,0.9999995231628418],"EasingStyle":"Linear","EasingDirection":"In"},"HumanoidRootPart":{"Weight":1,"CFrame":[0,0,0,1,0,0,0,1,0,0,0,1],"EasingStyle":"Linear","EasingDirection":"In"},"Right Leg":{"Weight":1,"CFrame":[-0.2158590853214264,0.037075698375701907,-0.054258882999420169,0.9236753582954407,-0.025317445397377015,-0.3823387324810028,0.05958043038845062,0.9951682686805725,0.07804042100906372,0.3785155713558197,-0.09486395865678787,0.9207208156585693],"EasingStyle":"Linear","EasingDirection":"In"}}},{"Time":0.10000000149011612,"poses":{"Left Leg":{"Weight":1,"CFrame":[0.2192404568195343,0.08167916536331177,-0.06210356950759888,0.9207708835601807,0.024761388078331949,0.3893173336982727,-0.09826310724020004,0.9805262088775635,0.1700376272201538,-0.3775255084037781,-0.19482117891311646,0.9052730798721314],"EasingStyle":"Linear","EasingDirection":"In"},"Right Arm":{"Weight":1,"CFrame":[0.009318407624959946,-0.21409332752227784,-0.12379258871078491,0.9098300933837891,-0.366479754447937,-0.194684237241745,0.23793154954910279,0.8450562953948975,-0.47882014513015749,0.33999699354171755,0.38932332396507265,0.8560545444488525],"EasingStyle":"Linear","EasingDirection":"In"},"Left Arm":{"Weight":1,"CFrame":[-0.01223379373550415,-0.18217167258262635,-0.2866247892379761,0.8289995789527893,0.34467002749443056,0.44041183590888979,-0.18260405957698823,0.9111667275428772,-0.3693658709526062,-0.5285978317260742,0.2257830798625946,0.8182947635650635],"EasingStyle":"Linear","EasingDirection":"In"},"Head":{"Weight":1,"CFrame":[8.933707817959658e-8,4.547473508864641e-13,0.016661882400512697,0.9999781250953674,0.005303921177983284,-0.003959880210459232,-0.005287413951009512,0.9999774098396301,0.004155253991484642,0.00398182962089777,-0.004134249407798052,0.9999836087226868],"EasingStyle":"Linear","EasingDirection":"In"},"Torso":{"Weight":1,"CFrame":[0.002683245576918125,0.000020040213712491096,-0.0033996105194091799,0.9999943971633911,0.0007704878807999194,0.003261980600655079,-0.0007705714670009911,0.9999997019767761,0.000024363293050555514,-0.0032619608100503685,-0.000026876745323534125,0.999994695186615],"EasingStyle":"Linear","EasingDirection":"In"},"HumanoidRootPart":{"Weight":1,"CFrame":[0,0,0,1,0,0,0,1,0,0,0,1],"EasingStyle":"Linear","EasingDirection":"In"},"Right Leg":{"Weight":1,"CFrame":[-0.09751444309949875,0.0455898642539978,-0.005862414836883545,0.9234359860420227,0.03658348694443703,-0.3820047676563263,-0.008047709241509438,0.9970728158950806,0.07603281736373902,0.3836681544780731,-0.0671372264623642,0.921027421951294],"EasingStyle":"Linear","EasingDirection":"In"}}},{"Time":0.13333334028720857,"poses":{"Left Leg":{"Weight":1,"CFrame":[0.2193080335855484,0.08413040637969971,-0.06261175870895386,0.920716404914856,0.024612663313746454,0.3894554078578949,-0.10024344176054001,0.9794362187385559,0.17508870363235475,-0.37713730335235598,-0.20024734735488892,0.9042503237724304],"EasingStyle":"Linear","EasingDirection":"In"},"Right Arm":{"Weight":1,"CFrame":[0.006877146195620298,-0.21470028162002564,-0.12538117170333863,0.838600218296051,-0.4576718807220459,-0.29544225335121157,0.274936318397522,0.82379549741745,-0.49575307965278628,0.47027620673179629,0.33451080322265627,0.8166656494140625],"EasingStyle":"Linear","EasingDirection":"In"},"Left Arm":{"Weight":1,"CFrame":[-0.009042852558195591,-0.17540594935417176,-0.2638619542121887,0.6918407678604126,0.4438745081424713,0.5695013403892517,-0.23304973542690278,0.8837873935699463,-0.4057188630104065,-0.6834064722061157,0.14797057211399079,0.714884877204895],"EasingStyle":"Linear","EasingDirection":"In"},"Head":{"Weight":1,"CFrame":[9.23189773516242e-8,2.3646862246096135e-11,0.016661643981933595,0.9999518394470215,0.0050275991670787338,-0.00843125768005848,-0.004992716945707798,0.9999790191650391,0.004142410587519407,0.0084518538787961,-0.004100081045180559,0.9999558925628662],"EasingStyle":"Linear","EasingDirection":"In"},"Torso":{"Weight":1,"CFrame":[0.0063602514564991,0.000025751563953235747,-0.008072137832641602,0.9999695420265198,0.00106519041582942,0.007732178550213575,-0.001065464224666357,0.9999995231628418,0.00003130672121187672,-0.007732139900326729,-0.000039544123865198347,0.9999701976776123],"EasingStyle":"Linear","EasingDirection":"In"},"HumanoidRootPart":{"Weight":1,"CFrame":[0,0,0,1,0,0,0,1,0,0,0,1],"EasingStyle":"Linear","EasingDirection":"In"},"Right Leg":{"Weight":1,"CFrame":[-0.029129626229405404,0.051530301570892337,0.02200496196746826,0.9214407205581665,0.07232611626386643,-0.3817276358604431,-0.04838015139102936,0.9962326288223267,0.07197338342666626,0.3854950964450836,-0.04785117506980896,0.9214682579040527],"EasingStyle":"Linear","EasingDirection":"In"}}},{"Time":0.1666666716337204,"poses":{"Left Leg":{"Weight":1,"CFrame":[0.21926164627075196,0.0881572961807251,-0.06339871883392334,0.9207597970962524,0.02454277127981186,0.3893572986125946,-0.10360541194677353,0.9775658249855042,0.1833880990743637,-0.37612152099609377,-0.20919591188430787,0.9026459455490112],"EasingStyle":"Linear","EasingDirection":"In"},"Right Arm":{"Weight":1,"CFrame":[0.0035375093575567009,-0.215974360704422,-0.1279054880142212,0.7270885109901428,-0.5729156732559204,-0.37829872965812685,0.3438122570514679,0.7807985544204712,-0.5216771364212036,0.5942519903182983,0.2492416948080063,0.7646850347518921],"EasingStyle":"Linear","EasingDirection":"In"},"Left Arm":{"Weight":1,"CFrame":[-0.0047866241075098518,-0.1713169813156128,-0.23173296451568604,0.5745269060134888,0.5618912577629089,0.5951443314552307,-0.32899224758148196,0.8243386745452881,-0.460684597492218,-0.7494552135467529,0.06887757778167725,0.6584625840187073],"EasingStyle":"Linear","EasingDirection":"In"},"Head":{"Weight":1,"CFrame":[8.40353280295858e-8,-1.0913936421275139e-11,0.016662240028381349,0.9998630881309509,0.0049341050907969479,-0.01580086164176464,-0.004869312047958374,0.9999796748161316,0.004133324138820171,0.015820935368537904,-0.004055842757225037,0.9998666644096375],"EasingStyle":"Linear","EasingDirection":"In"},"Torso":{"Weight":1,"CFrame":[0.012421894818544388,0.000025136512704193593,-0.015812158584594728,0.9998852610588074,0.0011886109132319689,0.015101419761776924,-0.0011892080074176193,0.9999992847442627,0.00003055899287573993,-0.015101373195648194,-0.00004851421545026824,0.9998859763145447],"EasingStyle":"Linear","EasingDirection":"In"},"HumanoidRootPart":{"Weight":1,"CFrame":[0,0,0,1,0,0,0,1,0,0,0,1],"EasingStyle":"Linear","EasingDirection":"In"},"Right Leg":{"Weight":1,"CFrame":[0.032281845808029178,0.05657148361206055,0.047152161598205569,0.9183926582336426,0.10451693087816239,-0.38161659240722659,-0.08606972545385361,0.994157075881958,0.06514514982700348,0.38619568943977358,-0.026983162388205529,0.9220221042633057],"EasingStyle":"Linear","EasingDirection":"In"}}},{"Time":0.20000000298023225,"poses":{"Left Leg":{"Weight":1,"CFrame":[0.05541202798485756,0.11808359622955322,0.0009891986846923829,0.9192924499511719,-0.058039773255586627,0.3892720341682434,-0.02080409973859787,0.9805181622505188,0.19532379508018495,-0.39302489161491396,-0.18765811622142793,0.9001755118370056],"EasingStyle":"Linear","EasingDirection":"In"},"Right Arm":{"Weight":1,"CFrame":[-0.006221373565495014,-0.19673460721969605,-0.12785637378692628,0.5629873871803284,-0.6970764398574829,-0.4439927041530609,0.46125516295433047,0.7107831835746765,-0.5310660004615784,0.6857761740684509,0.09418950974941254,0.7216921448707581],"EasingStyle":"Linear","EasingDirection":"In"},"Left Arm":{"Weight":1,"CFrame":[0.0013792125973850489,-0.17133188247680665,-0.18854504823684693,0.5092877745628357,0.7154247760772705,0.47832348942756655,-0.4784061908721924,0.6973678469657898,-0.5336718559265137,-0.7153696417808533,0.042959604412317279,0.697424590587616],"EasingStyle":"Linear","EasingDirection":"In"},"Head":{"Weight":1,"CFrame":[9.066070560947992e-8,-1.0040821507573128e-9,0.016662001609802247,0.9997859597206116,0.005354936234652996,-0.019985413178801538,-0.005336735397577286,0.99998539686203,0.0009641521610319614,0.01999031752347946,-0.0008573005325160921,0.9997997879981995],"EasingStyle":"Linear","EasingDirection":"In"},"Torso":{"Weight":1,"CFrame":[0.021584201604127885,-0.0024911421351134779,-0.035446882247924808,0.9996553063392639,0.0009495049016550183,0.026240194216370584,-0.0008703313069418073,0.9999950528144836,-0.0030285241082310678,-0.026242941617965699,0.003004642203450203,0.9996510744094849],"EasingStyle":"Linear","EasingDirection":"In"},"HumanoidRootPart":{"Weight":1,"CFrame":[0,0,0,1,0,0,0,1,0,0,0,1],"EasingStyle":"Linear","EasingDirection":"In"},"Right Leg":{"Weight":1,"CFrame":[0.11275452375411987,0.06506150960922241,0.0803987979888916,0.9128795862197876,0.14377884566783906,-0.38207122683525088,-0.1333615630865097,0.989608108997345,0.05376403033733368,0.38583099842071535,0.0018735084449872375,0.9225677251815796],"EasingStyle":"Linear","EasingDirection":"In"}}},{"Time":0.23333333432674409,"poses":{"Left Leg":{"Weight":1,"CFrame":[-0.12921465933322907,0.17478013038635255,0.06865155696868897,0.9098013043403626,-0.1387244164943695,0.3911738395690918,0.05959642305970192,0.9763859510421753,0.20765094459056855,-0.41074293851852419,-0.16560852527618409,0.8965848088264465],"EasingStyle":"Linear","EasingDirection":"In"},"Right Arm":{"Weight":1,"CFrame":[-0.023410849273204805,-0.14413106441497804,-0.12222713232040405,0.3392740786075592,-0.793009340763092,-0.5059934258460999,0.6164228916168213,0.5937360525131226,-0.5172043442726135,0.7105743288993836,-0.1364320069551468,0.6902683973312378],"EasingStyle":"Linear","EasingDirection":"In"},"Left Arm":{"Weight":1,"CFrame":[0.009187387302517891,-0.170730859041214,-0.13662588596343995,0.44111961126327517,0.8689610958099365,0.2243216186761856,-0.658025860786438,0.4831380844116211,-0.5775634050369263,-0.6102584600448608,0.10716500878334046,0.7849205732345581],"EasingStyle":"Linear","EasingDirection":"In"},"Head":{"Weight":1,"CFrame":[9.004730827655294e-8,-1.888111000880599e-9,0.016662120819091798,0.9998234510421753,0.006284603849053383,-0.0177086740732193,-0.006248816382139921,0.9999783039093018,0.0020787790417671205,0.01772138848900795,-0.0019677537493407728,0.9998410940170288],"EasingStyle":"Linear","EasingDirection":"In"},"Torso":{"Weight":1,"CFrame":[0.03333841264247894,-0.015619833022356034,-0.08296513557434082,0.9991781115531921,0.0007768285577185452,0.04052998870611191,-0.000007058100436552195,0.9998196959495544,-0.01898930035531521,-0.04053743556141853,0.01897340640425682,0.9989978671073914],"EasingStyle":"Linear","EasingDirection":"In"},"HumanoidRootPart":{"Weight":1,"CFrame":[0,0,0,1,0,0,0,1,0,0,0,1],"EasingStyle":"Linear","EasingDirection":"In"},"Right Leg":{"Weight":1,"CFrame":[0.23066289722919465,0.08862817287445069,0.1297823190689087,0.9038556814193726,0.18989434838294984,-0.3833862543106079,-0.1912294626235962,0.9809203147888184,0.03502329811453819,0.38272225856781008,0.04165869206190109,0.9229238033294678],"EasingStyle":"Linear","EasingDirection":"In"}}},{"Time":0.2666666805744171,"poses":{"Left Leg":{"Weight":1,"CFrame":[-0.29954859614372256,0.2690016031265259,0.12422823905944824,0.8972039818763733,-0.19190338253974915,0.3977412283420563,0.11176122725009918,0.969997763633728,0.21590211987495423,-0.4272405505180359,-0.14925616979599,0.8917332887649536],"EasingStyle":"Linear","EasingDirection":"In"},"Right Arm":{"Weight":1,"CFrame":[-0.04147714748978615,-0.07057523727416992,-0.11147075891494751,0.07761451601982117,-0.8289585709571838,-0.5538987517356873,0.7574474215507507,0.4102790653705597,-0.5078824758529663,0.6482665538787842,-0.38012999296188357,0.6597360968589783],"EasingStyle":"Linear","EasingDirection":"In"},"Left Arm":{"Weight":1,"CFrame":[0.016862841323018075,-0.16161870956420899,-0.08116751909255982,0.3074283301830292,0.9473974108695984,-0.08902880549430847,-0.8187690377235413,0.21568931639194489,-0.532067060470581,-0.48487648367881777,0.23646633327007295,0.842008650302887],"EasingStyle":"Linear","EasingDirection":"In"},"Head":{"Weight":1,"CFrame":[7.649941835552454e-8,-2.0372681319713594e-9,0.016662120819091798,0.9998738765716553,0.007703348528593779,-0.013894148170948029,-0.007376427296549082,0.9996983408927918,0.023428870365023614,0.014070452190935612,-0.023323383182287217,0.999629020690918],"EasingStyle":"Linear","EasingDirection":"In"},"Torso":{"Weight":1,"CFrame":[0.04642726480960846,-0.04773856699466705,-0.17063355445861817,0.998404324054718,0.0017535662045702339,0.05644233524799347,0.0015275493497028947,0.998313307762146,-0.05803659185767174,-0.056448906660079959,0.058030202984809878,0.996717631816864],"EasingStyle":"Linear","EasingDirection":"In"},"HumanoidRootPart":{"Weight":1,"CFrame":[0,0,0,1,0,0,0,1,0,0,0,1],"EasingStyle":"Linear","EasingDirection":"In"},"Right Leg":{"Weight":1,"CFrame":[0.37000811100006106,0.14447879791259767,0.19069409370422364,0.8947774171829224,0.22619767487049104,-0.3849778473377228,-0.24236361682415009,0.9701623320579529,0.006719638127833605,0.37501099705696108,0.08729202300310135,0.9229013919830322],"EasingStyle":"Linear","EasingDirection":"In"}}},{"Time":0.30000001192092898,"poses":{"Left Leg":{"Weight":1,"CFrame":[-0.43334072828292849,0.41191399097442629,0.16670572757720948,0.8799688220024109,-0.22212804853916169,0.41989758610725405,0.13900195062160493,0.9656521081924439,0.219532310962677,-0.454239159822464,-0.13481493294239045,0.8806201219558716],"EasingStyle":"Linear","EasingDirection":"In"},"Right Arm":{"Weight":1,"CFrame":[-0.05491892993450165,0.012822270393371582,-0.0958971381187439,-0.18135738372802735,-0.8032499551773071,-0.5673614144325256,0.8325384855270386,0.18167459964752198,-0.5233297348022461,0.5234398245811462,-0.5672599077224731,0.6357885599136353],"EasingStyle":"Linear","EasingDirection":"In"},"Left Arm":{"Weight":1,"CFrame":[0.024302296340465547,-0.13457965850830079,-0.029356539249420167,0.11524433642625809,0.9341008067131043,-0.3378974497318268,-0.9078949689865112,-0.03897077590227127,-0.41738227009773257,-0.4030451476573944,0.35487619042396548,0.8435742259025574],"EasingStyle":"Linear","EasingDirection":"In"},"Head":{"Weight":1,"CFrame":[1.0349322110414505e-7,3.14321368932724e-8,0.016661882400512697,0.9999205470085144,-0.0022125430405139925,-0.012411030940711499,0.0030697351321578027,0.9975788593292236,0.06947709619998932,0.012227240949869156,-0.06950971484184265,0.9975064396858215],"EasingStyle":"Linear","EasingDirection":"In"},"Torso":{"Weight":1,"CFrame":[0.05800718069076538,-0.09778279066085816,-0.3030259609222412,0.9973737597465515,0.01650780811905861,0.07052024453878403,-0.0080281225964427,0.9928766489028931,-0.11887618899345398,-0.07198028266429901,0.11799784749746323,0.9904016256332398],"EasingStyle":"Linear","EasingDirection":"In"},"HumanoidRootPart":{"Weight":1,"CFrame":[0,0,0,1,0,0,0,1,0,0,0,1],"EasingStyle":"Linear","EasingDirection":"In"},"Right Leg":{"Weight":1,"CFrame":[0.5075793266296387,0.25166237354278567,0.247766375541687,0.8955245018005371,0.24079731106758119,-0.3742356598377228,-0.27056726813316347,0.9622855186462402,-0.02828136458992958,0.3533115088939667,0.12658259272575379,0.9269023537635803],"EasingStyle":"Linear","EasingDirection":"In"}}},{"Time":0.3333333432674408,"poses":{"Left Leg":{"Weight":1,"CFrame":[-0.5213597416877747,0.5498826503753662,0.18672239780426026,0.8612008094787598,-0.2591787874698639,0.4372178018093109,0.17156077921390534,0.9579628705978394,0.22994333505630494,-0.4784349203109741,-0.12301795929670334,0.8694634437561035],"EasingStyle":"Linear","EasingDirection":"In"},"Right Arm":{"Weight":1,"CFrame":[-0.05943424999713898,0.09567922353744507,-0.0769241452217102,-0.4054754674434662,-0.7498891949653626,-0.5227388143539429,0.8204436302185059,-0.046395089477300647,-0.5698420405387878,0.4030659794807434,-0.6599346399307251,0.6340538263320923],"EasingStyle":"Linear","EasingDirection":"In"},"Left Arm":{"Weight":1,"CFrame":[0.03428061306476593,-0.08093857765197754,0.010962843894958496,-0.08579015731811524,0.8913439512252808,-0.44513601064682009,-0.9130942225456238,-0.24909713864326478,-0.3228152394294739,-0.39862149953842165,0.3787567615509033,0.8352510333061218],"EasingStyle":"Linear","EasingDirection":"In"},"Head":{"Weight":1,"CFrame":[9.499490261077881e-8,-9.266659617424011e-8,0.016661643981933595,0.9998371005058289,-0.012885015457868576,-0.01264078076928854,0.014053115621209145,0.9951711297035217,0.09714497625827789,0.01132799219340086,-0.09730680286884308,0.9951900243759155],"EasingStyle":"Linear","EasingDirection":"In"},"Torso":{"Weight":1,"CFrame":[0.06255298852920532,-0.12558534741401673,-0.4436459541320801,0.9966427087783814,0.03033609315752983,0.0760466456413269,-0.018426574766635896,0.9881044626235962,-0.1526762694120407,-0.07977362722158432,0.1507624089717865,0.9853460788726807],"EasingStyle":"Linear","EasingDirection":"In"},"HumanoidRootPart":{"Weight":1,"CFrame":[0,0,0,1,0,0,0,1,0,0,0,1],"EasingStyle":"Linear","EasingDirection":"In"},"Right Leg":{"Weight":1,"CFrame":[0.6084738373756409,0.37539565563201907,0.2867647409439087,0.8924732208251953,0.268210232257843,-0.3627048134803772,-0.30310481786727908,0.9520394206047058,-0.04181435704231262,0.3340942859649658,0.1472557634115219,0.9309654831886292],"EasingStyle":"Linear","EasingDirection":"In"}}},{"Time":0.36666667461395266,"poses":{"Left Leg":{"Weight":1,"CFrame":[-0.5869468450546265,0.6371008157730103,0.18820476531982423,0.848625898361206,-0.30166053771972659,0.4345513582229614,0.21335534751415254,0.9468721151351929,0.2406507134437561,-0.4840594530105591,-0.11150852590799332,0.8679011464118958],"EasingStyle":"Linear","EasingDirection":"In"},"Right Arm":{"Weight":1,"CFrame":[-0.058898068964481357,0.16744965314865113,-0.05611485242843628,-0.5712324976921082,-0.7161796689033508,-0.4009738862514496,0.7583127021789551,-0.2735457122325897,-0.591721773147583,0.3140944838523865,-0.6420742869377136,0.6993464231491089],"EasingStyle":"Linear","EasingDirection":"In"},"Left Arm":{"Weight":1,"CFrame":[0.050258293747901919,0.010609328746795655,0.037027955055236819,-0.2672027051448822,0.8456489443778992,-0.4620397388935089,-0.8654708862304688,-0.4214399456977844,-0.2708294987678528,-0.4237487018108368,0.327515572309494,0.8444943428039551],"EasingStyle":"Linear","EasingDirection":"In"},"Head":{"Weight":1,"CFrame":[9.266659617424011e-8,9.313225746154786e-10,0.016662001609802247,0.9998753666877747,-0.011118613183498383,-0.01121704000979662,0.012153604067862034,0.9952224493026733,0.09687452018260956,0.010086383670568467,-0.09699875861406326,0.9952334761619568],"EasingStyle":"Linear","EasingDirection":"In"},"Torso":{"Weight":1,"CFrame":[0.05973532795906067,-0.12725752592086793,-0.554962158203125,0.9971470236778259,0.027454815804958345,0.07031530886888504,-0.016470836475491525,0.988201379776001,-0.15227185189723969,-0.0736662894487381,0.15067926049232484,0.9858341813087463],"EasingStyle":"Linear","EasingDirection":"In"},"HumanoidRootPart":{"Weight":1,"CFrame":[0,0,0,1,0,0,0,1,0,0,0,1],"EasingStyle":"Linear","EasingDirection":"In"},"Right Leg":{"Weight":1,"CFrame":[0.668365478515625,0.47945261001586916,0.30914831161499026,0.8765868544578552,0.3124171793460846,-0.36604785919189455,-0.3448980450630188,0.9383043050765991,-0.025107789784669877,0.33562028408050539,0.1482582986354828,0.930257260799408],"EasingStyle":"Linear","EasingDirection":"In"}}},{"Time":0.4000000059604645,"poses":{"Left Leg":{"Weight":1,"CFrame":[-0.6251972913742065,0.6854531168937683,0.19045734405517579,0.8424713015556336,-0.325949490070343,0.4289510250091553,0.24386771023273469,0.9406935572624207,0.23584748804569245,-0.4803858697414398,-0.0940873771905899,0.8719961047172546],"EasingStyle":"Linear","EasingDirection":"In"},"Right Arm":{"Weight":1,"CFrame":[-0.05825597792863846,0.22417157888412476,-0.03238844871520996,-0.6849851608276367,-0.6918060183525086,-0.22847223281860352,0.68438720703125,-0.50346839427948,-0.5273839235305786,0.24981887638568879,-0.5176136493682861,0.8183315992355347],"EasingStyle":"Linear","EasingDirection":"In"},"Left Arm":{"Weight":1,"CFrame":[0.07042458653450012,0.12851589918136598,0.054103851318359378,-0.41885077953338625,0.7851176857948303,-0.4562394618988037,-0.7964869141578674,-0.5589413046836853,-0.23063643276691438,-0.43608787655830386,0.2667863667011261,0.8594489097595215],"EasingStyle":"Linear","EasingDirection":"In"},"Head":{"Weight":1,"CFrame":[1.287553459405899e-7,-7.12461769580841e-8,0.016661643981933595,0.9999537467956543,-0.007791908457875252,-0.005644849967211485,0.00829992350190878,0.9953096508979797,0.09638398885726929,0.004867317620664835,-0.09642637521028519,0.9953282475471497],"EasingStyle":"Linear","EasingDirection":"In"},"Torso":{"Weight":1,"CFrame":[0.05014900118112564,-0.13031673431396485,-0.6342458724975586,0.9982938170433044,0.02127087488770485,0.05437880754470825,-0.012809094041585923,0.988379716873169,-0.1514645367860794,-0.05696869269013405,0.1505095660686493,0.9869657754898071],"EasingStyle":"Linear","EasingDirection":"In"},"HumanoidRootPart":{"Weight":1,"CFrame":[0,0,0,1,0,0,0,1,0,0,0,1],"EasingStyle":"Linear","EasingDirection":"In"},"Right Leg":{"Weight":1,"CFrame":[0.6970351934432983,0.5754551887512207,0.3116583824157715,0.8632795810699463,0.3405231833457947,-0.372548371553421,-0.365360289812088,0.9308566451072693,0.004214967135339975,0.3482245206832886,0.13247565925121308,0.928003191947937],"EasingStyle":"Linear","EasingDirection":"In"}}},{"Time":0.4333333373069763,"poses":{"Left Leg":{"Weight":1,"CFrame":[-0.644041895866394,0.6980920433998108,0.20142590999603272,0.8407853245735169,-0.3369026780128479,0.42376479506492617,0.2666797637939453,0.9389520287513733,0.2173728346824646,-0.4711282253265381,-0.06975438445806503,0.8793022632598877],"EasingStyle":"Linear","EasingDirection":"In"},"Right Arm":{"Weight":1,"CFrame":[-0.055622994899749759,0.2657906413078308,-0.004845798015594482,-0.7592736482620239,-0.6488469243049622,-0.05001430585980415,0.6123156547546387,-0.6862649917602539,-0.3925682306289673,0.2203936129808426,-0.32869142293930056,0.9183620810508728],"EasingStyle":"Linear","EasingDirection":"In"},"Left Arm":{"Weight":1,"CFrame":[0.09039027243852616,0.2460734248161316,0.066628098487854,-0.5347524881362915,0.727260947227478,-0.4302689731121063,-0.7187372446060181,-0.6592278480529785,-0.22098751366138459,-0.4443608224391937,0.19107644259929658,0.8752331137657166],"EasingStyle":"Linear","EasingDirection":"In"},"Head":{"Weight":1,"CFrame":[9.872019290924072e-8,-2.6542693376541139e-8,0.016661763191223146,0.9999645948410034,-0.005873506423085928,0.006033224053680897,0.005266737658530474,0.9953573346138,0.09610439836978913,-0.006569774821400642,-0.09606913477182388,0.9953530430793762],"EasingStyle":"Linear","EasingDirection":"In"},"Torso":{"Weight":1,"CFrame":[0.032096799463033679,-0.13178786635398866,-0.6820776462554932,0.9994263052940369,0.015473627485334874,0.030126595869660379,-0.010758337564766407,0.9885034561157227,-0.15081574022769929,-0.03211390972137451,0.15040510892868043,0.9881027340888977],"EasingStyle":"Linear","EasingDirection":"In"},"HumanoidRootPart":{"Weight":1,"CFrame":[0,0,0,1,0,0,0,1,0,0,0,1],"EasingStyle":"Linear","EasingDirection":"In"},"Right Leg":{"Weight":1,"CFrame":[0.7074775099754334,0.6579985618591309,0.2978719472885132,0.8547337055206299,0.3551977574825287,-0.3785034418106079,-0.36857491731643679,0.9287683367729187,0.03926781564950943,0.3654898405075073,0.10594329237937927,0.9247666001319885],"EasingStyle":"Linear","EasingDirection":"In"}}},{"Time":0.46666666865348818,"poses":{"Left Leg":{"Weight":1,"CFrame":[-0.6484270691871643,0.6817145347595215,0.21810436248779298,0.8420340418815613,-0.33802568912506106,0.4203776717185974,0.28105220198631289,0.9400919675827026,0.19296865165233613,-0.4604220688343048,-0.044338081032037738,0.8865922093391419],"EasingStyle":"Linear","EasingDirection":"In"},"Right Arm":{"Weight":1,"CFrame":[-0.05028044059872627,0.2919813394546509,0.026004910469055177,-0.7988839149475098,-0.5955024361610413,0.08462392538785935,0.5611433982849121,-0.788546621799469,-0.2516191601753235,0.21656976640224458,-0.1535283327102661,0.9641196727752686],"EasingStyle":"Linear","EasingDirection":"In"},"Left Arm":{"Weight":1,"CFrame":[0.10580644756555557,0.3366512060165405,0.07899534702301026,-0.6101270318031311,0.6904900074005127,-0.38854697346687319,-0.6466730237007141,-0.7173329591751099,-0.25932130217552187,-0.45777627825737,0.09304378926753998,0.8841854333877564],"EasingStyle":"Linear","EasingDirection":"In"},"Head":{"Weight":1,"CFrame":[8.963979780673981e-8,-2.4007022147998215e-8,0.016661882400512697,0.9996663331985474,-0.006212983746081591,0.025073597207665445,0.0037759121041744949,0.9953648447990418,0.09609658271074295,-0.02555442601442337,-0.09596984088420868,0.9950562119483948],"EasingStyle":"Linear","EasingDirection":"In"},"Torso":{"Weight":1,"CFrame":[0.0008233787957578898,-0.13109782338142396,-0.7014942169189453,0.9999317526817322,0.011675589717924595,0.00038435374153777957,-0.011484895832836628,0.9885525703430176,-0.1504390686750412,-0.002136418828740716,0.15042439103126527,0.9886192083358765],"EasingStyle":"Linear","EasingDirection":"In"},"HumanoidRootPart":{"Weight":1,"CFrame":[0,0,0,1,0,0,0,1,0,0,0,1],"EasingStyle":"Linear","EasingDirection":"In"},"Right Leg":{"Weight":1,"CFrame":[0.7087578773498535,0.7182114124298096,0.27779221534729006,0.851129949092865,0.35993221402168276,-0.38213425874710085,-0.36189353466033938,0.9296204447746277,0.06956183165311814,0.3802773952484131,0.07908567786216736,0.9214850068092346],"EasingStyle":"Linear","EasingDirection":"In"}}},{"Time":0.5,"poses":{"Left Leg":{"Weight":1,"CFrame":[-0.6500365734100342,0.6516366004943848,0.23223423957824708,0.8475078344345093,-0.33375999331474306,0.41271647810935976,0.29030993580818179,0.942427396774292,0.16598455607891084,-0.4443542957305908,-0.02085752785205841,0.8956083655357361],"EasingStyle":"Linear","EasingDirection":"In"},"Right Arm":{"Weight":1,"CFrame":[-0.04254589602351189,0.3011583089828491,0.05909407138824463,-0.8106343150138855,-0.5693694949150086,0.1367129683494568,0.5430657863616943,-0.8183503746986389,-0.1881013810634613,0.21897831559181214,-0.07823733985424042,0.9725880026817322],"EasingStyle":"Linear","EasingDirection":"In"},"Left Arm":{"Weight":1,"CFrame":[0.11224725097417832,0.373807430267334,0.09570062160491944,-0.6414176225662231,0.6913994550704956,-0.332491010427475,-0.5924086570739746,-0.7217348217964172,-0.3579815626144409,-0.4874785542488098,-0.03264535963535309,0.8725244402885437],"EasingStyle":"Linear","EasingDirection":"In"},"Head":{"Weight":1,"CFrame":[9.289942681789398e-8,2.3457687348127366e-8,0.016662240028381349,0.9987525343894959,-0.0010700864950194955,0.049923524260520938,-0.0036851572804152967,0.9954647421836853,0.09506084024906159,-0.04979884624481201,-0.09512617439031601,0.9942188262939453],"EasingStyle":"Linear","EasingDirection":"In"},"Torso":{"Weight":1,"CFrame":[-0.02964634820818901,-0.12985625863075257,-0.7050094604492188,0.9995920062065125,0.003226402448490262,-0.028380822390317918,-0.007433000952005386,0.988750159740448,-0.1493918001651764,0.027579544112086297,0.14954178035259248,0.9883707165718079],"EasingStyle":"Linear","EasingDirection":"In"},"HumanoidRootPart":{"Weight":1,"CFrame":[0,0,0,1,0,0,0,1,0,0,0,1],"EasingStyle":"Linear","EasingDirection":"In"},"Right Leg":{"Weight":1,"CFrame":[0.7052901983261108,0.7568769454956055,0.2608100175857544,0.8458821177482605,0.3639357388019562,-0.3899156153202057,-0.354849249124527,0.9297717809677124,0.09801230579614639,0.39820268750190737,0.0554543100297451,0.9156196713447571],"EasingStyle":"Linear","EasingDirection":"In"}}},{"Time":0.5333333611488342,"poses":{"Left Leg":{"Weight":1,"CFrame":[-0.6607373952865601,0.5881118178367615,0.22999489307403565,0.8635416030883789,-0.32833245396614077,0.3827449679374695,0.2974030375480652,0.9445403814315796,0.13926605880260468,-0.4072437584400177,-0.0064324806444346909,0.9132968783378601],"EasingStyle":"Linear","EasingDirection":"In"},"Right Arm":{"Weight":1,"CFrame":[0.011813584715127945,0.25298863649368288,0.09246277809143067,-0.7571951150894165,-0.6527292132377625,0.02449985034763813,0.6267414689064026,-0.7365903258323669,-0.2542237639427185,0.1839856207370758,-0.17714214324951173,0.9668351411819458],"EasingStyle":"Linear","EasingDirection":"In"},"Left Arm":{"Weight":1,"CFrame":[0.10071616619825363,0.3593605160713196,0.11954331398010254,-0.6347520351409912,0.7339407801628113,-0.24170410633087159,-0.5343959927558899,-0.6428879499435425,-0.5487403273582459,-0.5581315159797669,-0.21914836764335633,0.800289511680603],"EasingStyle":"Linear","EasingDirection":"In"},"Head":{"Weight":1,"CFrame":[7.217749953269959e-8,-3.026798367500305e-9,0.016662120819091798,0.9969107508659363,0.02754245139658451,0.07355593144893646,-0.03319721668958664,0.9964941143989563,0.07679533213376999,-0.07118292897939682,-0.07899987697601319,0.9943299293518066],"EasingStyle":"Linear","EasingDirection":"In"},"Torso":{"Weight":1,"CFrame":[-0.047165341675281528,-0.1165526807308197,-0.6694509983062744,0.9984089732170105,-0.02667490392923355,-0.04967895895242691,0.01984526216983795,0.9908879995346069,-0.133218452334404,0.052779875695705417,0.13202060759067536,0.9898408055305481],"EasingStyle":"Linear","EasingDirection":"In"},"HumanoidRootPart":{"Weight":1,"CFrame":[0,0,0,1,0,0,0,1,0,0,0,1],"EasingStyle":"Linear","EasingDirection":"In"},"Right Leg":{"Weight":1,"CFrame":[0.732589066028595,0.7311477661132813,0.2410893440246582,0.833789587020874,0.3964554965496063,-0.38421082496643069,-0.3728955090045929,0.9176107048988342,0.13762064278125764,0.40711647272109988,0.02852378971874714,0.9129308462142944],"EasingStyle":"Linear","EasingDirection":"In"}}},{"Time":0.5666666626930237,"poses":{"Left Leg":{"Weight":1,"CFrame":[-0.6682661175727844,0.4817779064178467,0.19617676734924317,0.8928481340408325,-0.3151475787162781,0.3217206299304962,0.29257911443710329,0.9489802122116089,0.11761794239282608,-0.3423735201358795,-0.010886182077229023,0.9395009875297546],"EasingStyle":"Linear","EasingDirection":"In"},"Right Arm":{"Weight":1,"CFrame":[0.13234370946884156,0.14078623056411744,0.12265586853027344,-0.5542433261871338,-0.7804268598556519,-0.28939270973205569,0.8195877075195313,-0.4510335326194763,-0.35333362221717837,0.14522527158260346,-0.43301573395729067,0.889610767364502],"EasingStyle":"Linear","EasingDirection":"In"},"Left Arm":{"Weight":1,"CFrame":[0.0718793198466301,0.32221436500549319,0.1515871286392212,-0.6149806976318359,0.7827210426330566,-0.0956377387046814,-0.43220001459121706,-0.43602603673934939,-0.7893568277359009,-0.6595467329025269,-0.4441048800945282,0.6064398884773254],"EasingStyle":"Linear","EasingDirection":"In"},"Head":{"Weight":1,"CFrame":[7.636845111846924e-8,4.377216100692749e-8,0.016661882400512697,0.9921056628227234,0.08799533545970917,0.0893489345908165,-0.09146018326282501,0.995177686214447,0.035446006804704669,-0.0857989713549614,-0.04333798214793205,0.9953694343566895],"EasingStyle":"Linear","EasingDirection":"In"},"Torso":{"Weight":1,"CFrame":[-0.059024035930633548,-0.08726643025875092,-0.5788350105285645,0.9942452311515808,-0.08583880215883255,-0.06409578770399094,0.0793568566441536,0.992055356502533,-0.09761465340852738,0.07196570187807083,0.09196645021438599,0.9931581616401672],"EasingStyle":"Linear","EasingDirection":"In"},"HumanoidRootPart":{"Weight":1,"CFrame":[0,0,0,1,0,0,0,1,0,0,0,1],"EasingStyle":"Linear","EasingDirection":"In"},"Right Leg":{"Weight":1,"CFrame":[0.781660258769989,0.6134318113327026,0.22524738311767579,0.8134578466415405,0.458873450756073,-0.35738152265548708,-0.4222033619880676,0.8884896636009216,0.17980685830116273,0.4000384211540222,0.004622325301170349,0.9164867401123047],"EasingStyle":"Linear","EasingDirection":"In"}}},{"Time":0.6000000238418579,"poses":{"Left Leg":{"Weight":1,"CFrame":[-0.6475989818572998,0.3633663058280945,0.13233554363250733,0.931010901927948,-0.27948713302612307,0.2347460687160492,0.2628513276576996,0.9596341848373413,0.10005692392587662,-0.25323495268821719,-0.03145074099302292,0.9668934345245361],"EasingStyle":"Linear","EasingDirection":"In"},"Right Arm":{"Weight":1,"CFrame":[0.2827898859977722,0.009911537170410157,0.1493387222290039,-0.1980622112751007,-0.717042863368988,-0.6682969331741333,0.955089807510376,0.012125271372497082,-0.2960682213306427,0.22039681673049928,-0.6969236731529236,0.6824389100074768],"EasingStyle":"Linear","EasingDirection":"In"},"Left Arm":{"Weight":1,"CFrame":[0.03582039475440979,0.2748590111732483,0.19445550441741944,-0.6034071445465088,0.7927218079566956,0.08655647933483124,-0.2848694920539856,-0.11290144175291062,-0.9518942832946777,-0.7448148727416992,-0.5990371108055115,0.2939479351043701],"EasingStyle":"Linear","EasingDirection":"In"},"Head":{"Weight":1,"CFrame":[9.313225746154785e-8,-9.313225746154785e-9,0.01666247844696045,0.9799778461456299,0.17469488084316255,0.09552494436502457,-0.17410264909267426,0.9846197962760925,-0.014564850367605687,-0.09660016000270844,-0.002357862424105406,0.9953205585479736],"EasingStyle":"Linear","EasingDirection":"In"},"Torso":{"Weight":1,"CFrame":[-0.06774407625198364,-0.05357445776462555,-0.4581451416015625,0.9826761484146118,-0.1696113795042038,-0.07469687610864639,0.16562989354133607,0.9845592975616455,-0.05665474385023117,0.08315279334783554,0.04330122843384743,0.9955956339836121],"EasingStyle":"Linear","EasingDirection":"In"},"HumanoidRootPart":{"Weight":1,"CFrame":[0,0,0,1,0,0,0,1,0,0,0,1],"EasingStyle":"Linear","EasingDirection":"In"},"Right Leg":{"Weight":1,"CFrame":[0.7845577001571655,0.45041340589523318,0.22446775436401368,0.7874120473861694,0.5167055130004883,-0.33615154027938845,-0.4727865159511566,0.8561469912528992,0.20853111147880555,0.3955443203449249,-0.005272074602544308,0.91843181848526],"EasingStyle":"Linear","EasingDirection":"In"}}},{"Time":0.6333333253860474,"poses":{"Left Leg":{"Weight":1,"CFrame":[-0.5808765292167664,0.2565949559211731,0.05388927459716797,0.9703903198242188,-0.20570622384548188,0.12660056352615357,0.195956751704216,0.9768956899642944,0.08529925346374512,-0.14122216403484345,-0.05796528607606888,0.9882795810699463],"EasingStyle":"Linear","EasingDirection":"In"},"Right Arm":{"Weight":1,"CFrame":[0.41903218626976015,-0.10017943382263184,0.17214953899383546,0.13865047693252564,-0.4488031566143036,-0.8828091025352478,0.9058704972267151,0.4177159070968628,-0.07008632272481919,0.4002184569835663,-0.789993166923523,0.46447405219078066],"EasingStyle":"Linear","EasingDirection":"In"},"L