{"Sequence":[{"Time":0,"poses":{"Left Leg":{"Weight":1,"CFrame":[-0.39856696128845217,0.1999906301498413,0.17389214038848878,0.9103276133537293,-0.20778684318065644,0.35794997215270998,0.20354993641376496,0.9777902960777283,0.04993648827075958,-0.36037617921829226,0.027402110397815706,0.9324045777320862],"EasingStyle":"Linear","EasingDirection":"In"},"Right Arm":{"Weight":1,"CFrame":[0.007870682515203953,-0.03741714358329773,0.017198562622070314,0.002598763443529606,-0.8667410612106323,-0.49875181913375857,0.5870131850242615,0.4051009714603424,-0.700934112071991,0.8095732927322388,-0.29095229506492617,0.5098411440849304],"EasingStyle":"Linear","EasingDirection":"In"},"Left Arm":{"Weight":1,"CFrame":[0.026085559278726579,-0.030542343854904176,0.1875983476638794,0.5031640529632568,0.7659018635749817,0.4002751111984253,-0.40598803758621218,0.6183809638023377,-0.672888457775116,-0.7628890872001648,0.1760662943124771,0.6220940947532654],"EasingStyle":"Linear","EasingDirection":"In"},"Head":{"Weight":1,"CFrame":[8.731149137020111e-8,1.8277205526828767e-8,0.016661882400512697,0.9975696206092835,-0.00519612617790699,0.06948301941156388,0.00009268522262573242,0.9973134994506836,0.07325128465890885,-0.06967701762914658,-0.073066845536232,0.9948901534080505],"EasingStyle":"Linear","EasingDirection":"In"},"Torso":{"Weight":1,"CFrame":[0.008607104420661927,-0.07216790318489075,-0.1335153579711914,0.998927652835846,0.014505310915410519,0.04396756738424301,-0.010629892349243164,0.9961403608322144,-0.08712859451770783,-0.04506169259548187,0.08656778931617737,0.9952264428138733],"EasingStyle":"Linear","EasingDirection":"In"},"HumanoidRootPart":{"Weight":1,"CFrame":[0,0,0,1,0,0,0,1,0,0,0,1],"EasingStyle":"Linear","EasingDirection":"In"},"Right Leg":{"Weight":1,"CFrame":[0.3093704879283905,0.08689934015274048,0.08381450176239014,0.9663031101226807,0.11681575328111649,-0.22937387228012086,-0.12340342253446579,0.9922500848770142,-0.014537971466779709,0.22589804232120515,0.0423535592854023,0.9732298851013184],"EasingStyle":"Linear","EasingDirection":"In"}}},{"Time":0.03333333507180214,"poses":{"Left Leg":{"Weight":1,"CFrame":[-0.2980964481830597,0.15699642896652223,0.1794658899307251,0.89223712682724,-0.16712409257888795,0.4195026159286499,0.1734263002872467,0.9845693707466126,0.023379739373922349,-0.4169366955757141,0.05189249664545059,0.9074530601501465],"EasingStyle":"Linear","EasingDirection":"In"},"Right Arm":{"Weight":1,"CFrame":[0.0731062963604927,-0.06736275553703308,-0.1923617124557495,0.29453015327453616,-0.9156739711761475,-0.2734833359718323,0.5789299011230469,0.39865195751190188,-0.7112783789634705,0.7603238224983215,0.05116510018706322,0.6475260257720947],"EasingStyle":"Linear","EasingDirection":"In"},"Left Arm":{"Weight":1,"CFrame":[0.019680850207805635,-0.038495391607284549,0.17603707313537599,0.4322828948497772,0.8185275793075562,0.3783441483974457,-0.5093939900398254,0.5678767561912537,-0.6465554237365723,-0.744076132774353,0.08676847815513611,0.6624363660812378],"EasingStyle":"Linear","EasingDirection":"In"},"Head":{"Weight":1,"CFrame":[8.940696716308594e-8,9.66247171163559e-9,0.0166623592376709,0.9957099556922913,-0.0032036094926297666,0.09247428923845291,-0.0036540543660521509,0.9972595572471619,0.07389341294765473,-0.09245758503675461,-0.07391427457332611,0.9929695129394531],"EasingStyle":"Linear","EasingDirection":"In"},"Torso":{"Weight":1,"CFrame":[-0.030215859413146974,-0.07243470847606659,-0.1350562572479248,0.9986940622329712,0.015425696037709713,0.048705462366342548,-0.01115114800632,0.9961593747138977,-0.08684581518173218,-0.049858059734106067,0.08618927747011185,0.9950304627418518],"EasingStyle":"Linear","EasingDirection":"In"},"HumanoidRootPart":{"Weight":1,"CFrame":[0,0,0,1,0,0,0,1,0,0,0,1],"EasingStyle":"Linear","EasingDirection":"In"},"Right Leg":{"Weight":1,"CFrame":[0.31168845295906069,0.07020199298858643,0.08617293834686279,0.9663593173027039,0.11850742250680924,-0.22826683521270753,-0.1315041333436966,0.9904025197029114,-0.042538732290267947,0.2210349291563034,0.07112570106983185,0.9726688861846924],"EasingStyle":"Linear","EasingDirection":"In"}}},{"Time":0.06666667014360428,"poses":{"Left Leg":{"Weight":1,"CFrame":[-0.20683079957962037,0.07457578182220459,0.12300503253936768,0.9138025641441345,-0.12710346281528474,0.3857583701610565,0.13996446132659913,0.990142285823822,-0.00531260808929801,-0.38128042221069338,0.05884712561964989,0.922584593296051],"EasingStyle":"Linear","EasingDirection":"In"},"Right Arm":{"Weight":1,"CFrame":[0.16907110810279847,-0.10732686519622803,-0.43867820501327517,0.6407684087753296,-0.758201003074646,0.12061087787151337,0.5608276724815369,0.35498154163360598,-0.7479710578918457,0.524297833442688,0.5469179749488831,0.6526809334754944],"EasingStyle":"Linear","EasingDirection":"In"},"Left Arm":{"Weight":1,"CFrame":[0.012082641944289208,-0.04942503571510315,0.1569582223892212,0.31009232997894289,0.882835328578949,0.35276708006858828,-0.6528201103210449,0.4674776494503021,-0.5960626006126404,-0.6911357641220093,-0.04545913264155388,0.7212938070297241],"EasingStyle":"Linear","EasingDirection":"In"},"Head":{"Weight":1,"CFrame":[8.987262845039368e-8,-2.2817403078079225e-8,0.016662120819091798,0.9932808876037598,0.029220856726169587,0.11197957396507263,-0.03386509418487549,0.9986337423324585,0.03979881480336189,-0.11066367477178574,-0.043323613703250888,0.9929131865501404],"EasingStyle":"Linear","EasingDirection":"In"},"Torso":{"Weight":1,"CFrame":[-0.06783642619848252,-0.03759460151195526,-0.09688687324523926,0.9979611039161682,-0.05808746814727783,0.026447370648384095,0.05925309285521507,0.997198224067688,-0.04565906152129173,-0.023721052333712579,0.047133058309555057,0.9986069202423096],"EasingStyle":"Linear","EasingDirection":"In"},"HumanoidRootPart":{"Weight":1,"CFrame":[0,0,0,1,0,0,0,1,0,0,0,1],"EasingStyle":"Linear","EasingDirection":"In"},"Right Leg":{"Weight":1,"CFrame":[0.22725793719291688,0.04715090990066528,0.09106326103210449,0.9424935579299927,0.15224072337150575,-0.29753774404525759,-0.16363047063350678,0.9864280819892883,-0.013598834164440632,0.2914292514324188,0.06150297075510025,0.954613208770752],"EasingStyle":"Linear","EasingDirection":"In"}}},{"Time":0.10000000149011612,"poses":{"Left Leg":{"Weight":1,"CFrame":[-0.2084437906742096,0.026348769664764406,0.03769683837890625,0.9795628786087036,-0.10385413467884064,0.17225249111652375,0.10537166148424149,0.9944329261779785,0.00033549696672707796,-0.17132851481437684,0.01782192289829254,0.985052764415741],"EasingStyle":"Linear","EasingDirection":"In"},"Right Arm":{"Weight":1,"CFrame":[0.2805439233779907,-0.1496467888355255,-0.645982027053833,0.8081693053245544,-0.38732197880744936,0.44367119669914248,0.5524978637695313,0.23768188059329987,-0.7989078164100647,0.20398196578025819,0.890779972076416,0.40608176589012148],"EasingStyle":"Linear","EasingDirection":"In"},"Left Arm":{"Weight":1,"CFrame":[0.0055105797946453098,-0.06131047010421753,0.13092029094696046,0.14015759527683259,0.9313218593597412,0.33614790439605715,-0.798362135887146,0.30710604786872866,-0.5179805159568787,-0.5856395959854126,-0.19576896727085114,0.7865754961967468],"EasingStyle":"Linear","EasingDirection":"In"},"Head":{"Weight":1,"CFrame":[9.12696123123169e-8,1.862645149230957e-9,0.016662120819091798,0.9840412139892578,0.12456770241260529,0.12706661224365235,-0.12171407043933869,0.9921114444732666,-0.03001139871776104,-0.1298026442527771,0.014066694304347039,0.9914401173591614],"EasingStyle":"Linear","EasingDirection":"In"},"Torso":{"Weight":1,"CFrame":[-0.11457586288452149,0.022878341376781465,-0.025099754333496095,0.9743360877037048,-0.223891481757164,-0.02328050322830677,0.22446125745773316,0.9741443991661072,0.0256880484521389,0.016927236691117288,-0.030254362151026727,0.9993988871574402],"EasingStyle":"Linear","EasingDirection":"In"},"HumanoidRootPart":{"Weight":1,"CFrame":[0,0,0,1,0,0,0,1,0,0,0,1],"EasingStyle":"Linear","EasingDirection":"In"},"Right Leg":{"Weight":1,"CFrame":[-0.02316572144627571,0.034505486488342288,0.041436195373535159,0.8751478791236877,0.18770931661128999,-0.4459610879421234,-0.1746966391801834,0.9820916652679443,0.07054953277111054,0.45121753215789797,0.016166580840945245,0.8922677040100098],"EasingStyle":"Linear","EasingDirection":"In"}}},{"Time":0.13333334028720857,"poses":{"Left Leg":{"Weight":1,"CFrame":[-0.36378172039985659,0.05246657133102417,-0.04564523696899414,0.9904747009277344,-0.08626718819141388,-0.10732168704271317,0.09147786349058151,0.9948075413703919,0.044606760144233707,0.10291627049446106,-0.05399947986006737,0.9932231903076172],"EasingStyle":"Linear","EasingDirection":"In"},"Right Arm":{"Weight":1,"CFrame":[0.38023021817207339,-0.18565890192985536,-0.7333980798721314,0.8353738188743591,-0.14815492928028108,0.5293398499488831,0.5401318073272705,0.04251475632190704,-0.8405058979988098,0.10202036052942276,0.9880498647689819,0.11553880572319031],"EasingStyle":"Linear","EasingDirection":"In"},"Left Arm":{"Weight":1,"CFrame":[0.0022817179560661318,-0.07133138179779053,0.09884536266326904,-0.05460352450609207,0.9391080737113953,0.3392558991909027,-0.9023837447166443,0.09904057532548905,-0.41939792037010195,-0.42746010422706606,-0.329039603471756,0.8420277833938599],"EasingStyle":"Linear","EasingDirection":"In"},"Head":{"Weight":1,"CFrame":[8.381903171539307e-8,-1.4901161193847657e-8,0.016662120819091798,0.9585936665534973,0.2718397378921509,0.08486130088567734,-0.2671058773994446,0.9615991711616516,-0.0630996823310852,-0.09875553846359253,0.037820011377334598,0.9943928718566895],"EasingStyle":"Linear","EasingDirection":"In"},"Torso":{"Weight":1,"CFrame":[-0.14784470200538636,0.04986824095249176,0.02790522575378418,0.9146254062652588,-0.4002021253108978,-0.05743435397744179,0.4032239317893982,0.9133037328720093,0.057331185787916186,0.029510952532291414,-0.07559546083211899,0.9967017769813538],"EasingStyle":"Linear","EasingDirection":"In"},"HumanoidRootPart":{"Weight":1,"CFrame":[0,0,0,1,0,0,0,1,0,0,0,1],"EasingStyle":"Linear","EasingDirection":"In"},"Right Leg":{"Weight":1,"CFrame":[-0.3160335421562195,0.07047867774963379,-0.12341678142547608,0.7876297831535339,0.16952310502529145,-0.592369019985199,-0.10980880260467529,0.9846354722976685,0.13577641546726228,0.6062847971916199,-0.04189426079392433,0.7941434383392334],"EasingStyle":"Linear","EasingDirection":"In"}}},{"Time":0.1666666716337204,"poses":{"Left Leg":{"Weight":1,"CFrame":[-0.49376219511032107,0.13120496273040772,-0.15617507696151734,0.9537608623504639,-0.0012083315523341299,-0.3005639612674713,0.04256560280919075,0.9904564619064331,0.13108909130096436,0.2975369989871979,-0.13782130181789399,0.9447100758552551],"EasingStyle":"Linear","EasingDirection":"In"},"Right Arm":{"Weight":1,"CFrame":[0.4517693519592285,-0.20888766646385194,-0.6666222810745239,0.8283659815788269,-0.09982120990753174,0.5512217879295349,0.5237150192260742,-0.21125130355358125,-0.8252850770950317,0.19882725179195405,0.9723212718963623,-0.1227157711982727],"EasingStyle":"Linear","EasingDirection":"In"},"Left Arm":{"Weight":1,"CFrame":[0.009023524820804596,-0.0338287353515625,0.06231844425201416,-0.23843790590763093,0.9006015658378601,0.36340653896331789,-0.9404414892196655,-0.12075403332710266,-0.3177865147590637,-0.24231620132923127,-0.41753503680229189,0.8757554292678833],"EasingStyle":"Linear","EasingDirection":"In"},"Head":{"Weight":1,"CFrame":[8.940696716308594e-8,3.725290298461914e-9,0.0166623592376709,0.9066817164421082,0.4218156039714813,-0.0001773135591065511,-0.4218103587627411,0.9066683650016785,-0.005343826021999121,-0.0020933300256729128,0.004919847473502159,0.9999856948852539],"EasingStyle":"Linear","EasingDirection":"In"},"Torso":{"Weight":1,"CFrame":[-0.15330441296100617,0.02878498286008835,0.05369758605957031,0.8454462289810181,-0.5320121645927429,-0.046731188893318179,0.5335835218429565,0.8451487421989441,0.03181528300046921,0.022568687796592714,-0.051833100616931918,0.9984008073806763],"EasingStyle":"Linear","EasingDirection":"In"},"HumanoidRootPart":{"Weight":1,"CFrame":[0,0,0,1,0,0,0,1,0,0,0,1],"EasingStyle":"Linear","EasingDirection":"In"},"Right Leg":{"Weight":1,"CFrame":[-0.3660058379173279,0.06944364309310913,-0.17140156030654908,0.694035530090332,0.17547054588794709,-0.6982297301292419,-0.11465413868427277,0.9844047427177429,0.13342317938804627,0.7107524871826172,-0.012545553036034108,0.703330397605896],"EasingStyle":"Linear","EasingDirection":"In"}}},{"Time":0.20000000298023225,"poses":{"Left Leg":{"Weight":1,"CFrame":[-0.5113787651062012,0.20699059963226319,-0.23393630981445313,0.9071553349494934,0.14199425280094148,-0.3961147665977478,-0.051363371312618259,0.9716721177101135,0.23068389296531678,0.41764944791793826,-0.18892037868499757,0.8887509107589722],"EasingStyle":"Linear","EasingDirection":"In"},"Right Arm":{"Weight":1,"CFrame":[0.5003386735916138,-0.22271385788917542,-0.5069917440414429,0.7858467698097229,-0.07533019036054611,0.6138162016868591,0.5176732540130615,-0.46286410093307497,-0.7195632457733154,0.3383183479309082,0.8832226395606995,-0.3247438967227936],"EasingStyle":"Linear","EasingDirection":"In"},"Left Arm":{"Weight":1,"CFrame":[0.02591375634074211,0.06721663475036621,0.0258101224899292,-0.3883003890514374,0.829846978187561,0.40072038769721987,-0.9195230603218079,-0.3202008306980133,-0.2279229313135147,-0.06083016097545624,-0.4569742977619171,0.8873975872993469],"EasingStyle":"Linear","EasingDirection":"In"},"Head":{"Weight":1,"CFrame":[9.499490261077881e-8,-3.725290298461914e-9,0.016662240028381349,0.8402194976806641,0.5407304763793945,-0.040518078953027728,-0.5366632342338562,0.8399388194084168,0.08059544861316681,0.07761313766241074,-0.04597325250506401,0.9959230422973633],"EasingStyle":"Linear","EasingDirection":"In"},"Torso":{"Weight":1,"CFrame":[-0.14470791816711427,-0.01300976425409317,0.06961703300476074,0.7858962416648865,-0.6182613968849182,-0.010959024541079998,0.6180291771888733,0.7859326601028442,-0.018706869333982469,0.020178791135549547,0.007928658276796341,0.9997649788856506],"EasingStyle":"Linear","EasingDirection":"In"},"HumanoidRootPart":{"Weight":1,"CFrame":[0,0,0,1,0,0,0,1,0,0,0,1],"EasingStyle":"Linear","EasingDirection":"In"},"Right Leg":{"Weight":1,"CFrame":[-0.3956835865974426,0.046987831592559817,-0.20311665534973145,0.6362264752388,0.12677273154258729,-0.7610154151916504,-0.09050774574279785,0.9918605089187622,0.08956118673086167,0.7661750316619873,0.011896539479494095,0.642521858215332],"EasingStyle":"Linear","EasingDirection":"In"}}},{"Time":0.23333333432674409,"poses":{"Left Leg":{"Weight":1,"CFrame":[-0.4703403115272522,0.2584594488143921,-0.2598609924316406,0.8628120422363281,0.28827300667762759,-0.4152759611606598,-0.1594972312450409,0.9347506165504456,0.3174932897090912,0.47970420122146609,-0.20770160853862763,0.8524928092956543],"EasingStyle":"Linear","EasingDirection":"In"},"Right Arm":{"Weight":1,"CFrame":[0.5306809544563294,-0.23315322399139405,-0.3082897663116455,0.72723788022995,-0.047679603099823,0.6847274899482727,0.49199143052101138,-0.6593989133834839,-0.5684517621994019,0.47861212491989138,0.7502797245979309,-0.4560820460319519],"EasingStyle":"Linear","EasingDirection":"In"},"Left Arm":{"Weight":1,"CFrame":[0.04613363742828369,0.19054394960403443,-0.005825459957122803,-0.49794307351112368,0.74654620885849,0.4412722587585449,-0.8619175553321838,-0.4821724593639374,-0.15686890482902528,0.09565940499305725,-0.45845234394073489,0.8835557699203491],"EasingStyle":"Linear","EasingDirection":"In"},"Head":{"Weight":1,"CFrame":[1.043081283569336e-7,0,0.01666247844696045,0.7741093039512634,0.6320255398750305,-0.036036133766174319,-0.6253696084022522,0.772316575050354,0.11153530329465866,0.09832445532083512,-0.06380462646484375,0.9931069016456604],"EasingStyle":"Linear","EasingDirection":"In"},"Torso":{"Weight":1,"CFrame":[-0.1277165412902832,-0.059562161564826968,0.07455587387084961,0.7430014610290527,-0.6683101058006287,0.03620127588510513,0.6688841581344605,0.7395810484886169,-0.07492643594741821,0.02330031245946884,0.07988490909337998,0.9965317249298096],"EasingStyle":"Linear","EasingDirection":"In"},"HumanoidRootPart":{"Weight":1,"CFrame":[0,0,0,1,0,0,0,1,0,0,0,1],"EasingStyle":"Linear","EasingDirection":"In"},"Right Leg":{"Weight":1,"CFrame":[-0.405286967754364,0.014168143272399903,-0.21258807182312013,0.6224117875099182,0.053931619971990588,-0.780829668045044,-0.054486051201820376,0.9981886148452759,0.025512827560305597,0.7807912826538086,0.026664728298783304,0.6242229342460632],"EasingStyle":"Linear","EasingDirection":"In"}}},{"Time":0.2666666805744171,"poses":{"Left Leg":{"Weight":1,"CFrame":[-0.4208084046840668,0.2818061113357544,-0.2553800344467163,0.8289076089859009,0.3942033052444458,-0.39688271284103396,-0.24642586708068849,0.8942729830741882,0.3735641539096832,0.5021817684173584,-0.2118479609489441,0.8384115099906921],"EasingStyle":"Linear","EasingDirection":"In"},"Right Arm":{"Weight":1,"CFrame":[0.5465713739395142,-0.24705222249031068,-0.1232103705406189,0.6758752465248108,-0.018204953521490098,0.7367911338806152,0.45479416847229006,-0.7763623595237732,-0.4363757073879242,0.5799610614776611,0.6300239562988281,-0.516444742679596],"EasingStyle":"Linear","EasingDirection":"In"},"Left Arm":{"Weight":1,"CFrame":[0.06272971630096436,0.294395387172699,-0.027889728546142579,-0.5723903179168701,0.666695237159729,0.47737497091293337,-0.7904692888259888,-0.6034222841262817,-0.1050708070397377,0.21800841391086579,-0.4374917149543762,0.8723951578140259],"EasingStyle":"Linear","EasingDirection":"In"},"Head":{"Weight":1,"CFrame":[7.450580596923828e-8,-4.470348358154297e-8,0.016662240028381349,0.721631646156311,0.6913281083106995,-0.03623853251338005,-0.6858290433883667,0.7210578918457031,0.09856037050485611,0.09426764398813248,-0.046270791441202167,0.9944710731506348],"EasingStyle":"Linear","EasingDirection":"In"},"Torso":{"Weight":1,"CFrame":[-0.11098982393741608,-0.0972033143043518,0.0717461109161377,0.7184374332427979,-0.6912693381309509,0.07742379605770111,0.6950163245201111,0.7088563442230225,-0.1203124076128006,0.02828592248260975,0.14024771749973298,0.9897122979164124],"EasingStyle":"Linear","EasingDirection":"In"},"HumanoidRootPart":{"Weight":1,"CFrame":[0,0,0,1,0,0,0,1,0,0,0,1],"EasingStyle":"Linear","EasingDirection":"In"},"Right Leg":{"Weight":1,"CFrame":[-0.39334386587142947,-0.015440821647644043,-0.1963682770729065,0.6560134291648865,-0.012853739783167839,-0.7546396851539612,-0.0172084029763937,0.9993404150009155,-0.03198109567165375,0.7545530200004578,0.03396610915660858,0.6553595662117004],"EasingStyle":"Linear","EasingDirection":"In"}}},{"Time":0.30000001192092898,"poses":{"Left Leg":{"Weight":1,"CFrame":[-0.4094088673591614,0.2918146848678589,-0.25802308320999148,0.8215941190719605,0.4234795570373535,-0.3816388249397278,-0.26930099725723269,0.8783637881278992,0.39491015672683718,0.5024540424346924,-0.2216801941394806,0.8357020020484924],"EasingStyle":"Linear","EasingDirection":"In"},"Right Arm":{"Weight":1,"CFrame":[0.5512063503265381,-0.27217674255371096,-0.004315853118896484,0.6557915210723877,-0.003638563444837928,0.7549332976341248,0.4345213770866394,-0.815924346446991,-0.38139021396636965,0.6173562407493591,0.5781471729278565,-0.5334952473640442],"EasingStyle":"Linear","EasingDirection":"In"},"Left Arm":{"Weight":1,"CFrame":[0.06852412223815918,0.33673304319381716,-0.03559887409210205,-0.620955228805542,0.6000457406044006,0.5043409466743469,-0.721863865852356,-0.6885272860527039,-0.06959015130996704,0.3054952323436737,-0.4072780907154083,0.860696017742157],"EasingStyle":"Linear","EasingDirection":"In"},"Head":{"Weight":1,"CFrame":[5.4016709327697757e-8,-1.019798219203949e-7,0.016661643981933595,0.7001823782920837,0.7129477858543396,-0.03808058425784111,-0.7086505889892578,0.7004773020744324,0.0845344066619873,0.08694317936897278,-0.032203685492277148,0.9956927299499512],"EasingStyle":"Linear","EasingDirection":"In"},"Torso":{"Weight":1,"CFrame":[-0.10355404019355774,-0.11283901333808899,0.06886744499206543,0.7104709148406982,-0.6972934007644653,0.09493684768676758,0.7030550837516785,0.6974120140075684,-0.13903258740901948,0.030736427754163743,0.165524423122406,0.9857265949249268],"EasingStyle":"Linear","EasingDirection":"In"},"HumanoidRootPart":{"Weight":1,"CFrame":[0,0,0,1,0,0,0,1,0,0,0,1],"EasingStyle":"Linear","EasingDirection":"In"},"Right Leg":{"Weight":1,"CFrame":[-0.3568684458732605,-0.028612852096557618,-0.15511399507522584,0.7350072264671326,-0.04336407408118248,-0.6766712069511414,0.006274393294006586,0.9983452558517456,-0.05716296285390854,0.678030252456665,0.037769511342048648,0.7340630292892456],"EasingStyle":"Linear","EasingDirection":"In"}}},{"Time":0.3333333432674408,"poses":{"Left Leg":{"Weight":1,"CFrame":[-0.41191375255584719,0.27172183990478518,-0.23887211084365846,0.8435840606689453,0.39476415514945986,-0.3640429675579071,-0.2618066370487213,0.8942409157752991,0.36302968859672549,0.4688531160354614,-0.2109372466802597,0.8577192425727844],"EasingStyle":"Linear","EasingDirection":"In"},"Right Arm":{"Weight":1,"CFrame":[0.5456137657165527,-0.32612067461013796,0.044277310371398929,0.6729768514633179,0.006240916904062033,0.7396371960639954,0.4426572620868683,-0.8045242428779602,-0.395973801612854,0.5925847887992859,0.5938871502876282,-0.5441888570785523],"EasingStyle":"Linear","EasingDirection":"In"},"Left Arm":{"Weight":1,"CFrame":[0.047826021909713748,0.31607311964035036,0.0039441585540771488,-0.6545444130897522,0.5474069118499756,0.5214568376541138,-0.6620066165924072,-0.7481078505516052,-0.04562833160161972,0.36512866616249087,-0.37507376074790957,0.8520569205284119],"EasingStyle":"Linear","EasingDirection":"In"},"Head":{"Weight":1,"CFrame":[5.005858838558197e-8,1.461012288928032e-8,0.016662120819091798,0.6996943354606628,0.7135905027389526,-0.034877143800258639,-0.7092614769935608,0.69966059923172,0.08615780621767044,0.08588356524705887,-0.035547077655792239,0.9956708550453186],"EasingStyle":"Linear","EasingDirection":"In"},"Torso":{"Weight":1,"CFrame":[-0.0956912636756897,-0.11265122890472412,0.061347007751464847,0.7098243832588196,-0.6979661583900452,0.0948297530412674,0.7037101984024048,0.6968302726745606,-0.13863489031791688,0.030682208016514779,0.1651390790939331,0.9857929348945618],"EasingStyle":"Linear","EasingDirection":"In"},"HumanoidRootPart":{"Weight":1,"CFrame":[0,0,0,1,0,0,0,1,0,0,0,1],"EasingStyle":"Linear","EasingDirection":"In"},"Right Leg":{"Weight":1,"CFrame":[-0.2946295440196991,-0.022420406341552736,-0.10040467977523804,0.8372817039489746,-0.03417052701115608,-0.5457029938697815,0.011836539022624493,0.9989442229270935,-0.04439019039273262,0.5466436743736267,0.030707813799381257,0.8368021249771118],"EasingStyle":"Linear","EasingDirection":"In"}}},{"Time":0.36666667461395266,"poses":{"Left Leg":{"Weight":1,"CFrame":[-0.3769027590751648,0.20683449506759644,-0.16961628198623658,0.8827292323112488,0.35338085889816286,-0.30969536304473879,-0.2720232903957367,0.921738862991333,0.2764071226119995,0.38313522934913638,-0.15974827110767365,0.909773588180542],"EasingStyle":"Linear","EasingDirection":"In"},"Right Arm":{"Weight":1,"CFrame":[0.5352035760879517,-0.3913334906101227,0.06305789947509766,0.700140118598938,0.024266263470053674,0.7135931253433228,0.45921751856803896,-0.7805960178375244,-0.4240154027938843,0.5467386245727539,0.6245647072792053,-0.5576701164245606],"EasingStyle":"Linear","EasingDirection":"In"},"Left Arm":{"Weight":1,"CFrame":[0.0014264881610870362,0.26435214281082156,0.09661591053009033,-0.6795193552970886,0.5059123635292053,0.5313247442245483,-0.6114896535873413,-0.7907154560089111,-0.029146354645490648,0.40538111329078677,-0.3447053134441376,0.8466666340827942],"EasingStyle":"Linear","EasingDirection":"In"},"Head":{"Weight":1,"CFrame":[7.82310962677002e-8,-3.073364496231079e-8,0.016662001609802247,0.700439989566803,0.7131491303443909,-0.028323516249656678,-0.7087372541427612,0.6996876001358032,0.09015999734401703,0.08411506563425064,-0.043077658861875537,0.9955244660377502],"EasingStyle":"Linear","EasingDirection":"In"},"Torso":{"Weight":1,"CFrame":[-0.07372599840164185,-0.11091932654380799,0.03977513313293457,0.7094170451164246,-0.6985212564468384,0.0937844067811966,0.7041563987731934,0.6968409419059753,-0.13629566133022309,0.029852619394659997,0.16272936761379243,0.986219048500061],"EasingStyle":"Linear","EasingDirection":"In"},"HumanoidRootPart":{"Weight":1,"CFrame":[0,0,0,1,0,0,0,1,0,0,0,1],"EasingStyle":"Linear","EasingDirection":"In"},"Right Leg":{"Weight":1,"CFrame":[-0.21455618739128114,-0.005013704299926758,-0.051938772201538089,0.9250823259353638,-0.0047629959881305698,-0.3797367811203003,0.001055426080711186,0.9999498128890991,-0.009971040301024914,0.379765123128891,0.008823211304843426,0.9250409603118897],"EasingStyle":"Linear","EasingDirection":"In"}}},{"Time":0.4000000059604645,"poses":{"Left Leg":{"Weight":1,"CFrame":[-0.3046279847621918,0.11870700120925904,-0.0921628475189209,0.9263142347335815,0.30755603313446047,-0.21760371327400208,-0.2752005159854889,0.9468209743499756,0.16671761870384217,0.25730660557746889,-0.09454832971096039,0.961693286895752],"EasingStyle":"Linear","EasingDirection":"In"},"Right Arm":{"Weight":1,"CFrame":[0.5296139717102051,-0.42300987243652346,0.06615209579467774,0.7137661576271057,0.034449443221092227,0.6995363831520081,0.4675944745540619,-0.767034649848938,-0.43933263421058657,0.5214338302612305,0.6406801342964172,-0.5635918974876404],"EasingStyle":"Linear","EasingDirection":"In"},"Left Arm":{"Weight":1,"CFrame":[-0.053265780210494998,0.1896212100982666,0.20682215690612794,-0.6974086165428162,0.47590869665145876,0.5358470678329468,-0.5731582641601563,-0.8192387819290161,-0.018368400633335115,0.43024492263793948,-0.31993553042411806,0.8441153168678284],"EasingStyle":"Linear","EasingDirection":"In"},"Head":{"Weight":1,"CFrame":[1.0058283805847168e-7,2.60770320892334e-8,0.016662240028381349,0.7033675909042358,0.7105327248573303,-0.020428795367479326,-0.7062576413154602,0.7018113732337952,0.09306532889604569,0.08046310395002365,-0.051031164824962619,0.995450496673584],"EasingStyle":"Linear","EasingDirection":"In"},"Torso":{"Weight":1,"CFrame":[-0.03995466232299805,-0.10620969533920288,0.0056269168853759769,0.7091760039329529,-0.6991493701934815,0.09088248014450073,0.704494833946228,0.6976948976516724,-0.13003449141979218,0.027505289763212205,0.15624356269836427,0.9873355031013489],"EasingStyle":"Linear","EasingDirection":"In"},"HumanoidRootPart":{"Weight":1,"CFrame":[0,0,0,1,0,0,0,1,0,0,0,1],"EasingStyle":"Linear","EasingDirection":"In"},"Right Leg":{"Weight":1,"CFrame":[-0.13170546293258668,0.014966011047363282,-0.021349072456359865,0.9768198728561401,0.04012298583984375,-0.21026933193206788,-0.03496020287275314,0.9989904165267944,0.028214719146490098,0.2111891657114029,-0.02020973153412342,0.9772363305091858],"EasingStyle":"Linear","EasingDirection":"In"}}},{"Time":0.4333333373069763,"poses":{"Left Leg":{"Weight":1,"CFrame":[-0.27075979113578799,0.06314772367477417,-0.05047827959060669,0.9647226333618164,0.23454689979553224,-0.11957445740699768,-0.22693106532096864,0.9710990786552429,0.07395199686288834,0.1334637552499771,-0.04420799762010574,0.9900672435760498],"EasingStyle":"Linear","EasingDirection":"In"},"Right Arm":{"Weight":1,"CFrame":[0.5346540212631226,-0.41038578748703005,0.06250929832458496,0.7137661576271057,0.03444947674870491,0.6995363235473633,0.4675944745540619,-0.7670345902442932,-0.4393327236175537,0.5214338302612305,0.640680193901062,-0.5635917782783508],"EasingStyle":"Linear","EasingDirection":"In"},"Left Arm":{"Weight":1,"CFrame":[-0.0988437831401825,0.0999642014503479,0.2990032434463501,-0.7086012363433838,0.4577350616455078,0.5369942784309387,-0.5491111278533936,-0.8356592655181885,-0.012272339314222336,0.44312673807144167,-0.3035658001899719,0.8434966206550598],"EasingStyle":"Linear","EasingDirection":"In"},"Head":{"Weight":1,"CFrame":[7.450580596923828e-8,2.9802322387695315e-8,0.016661882400512697,0.7094136476516724,0.7046678066253662,-0.01324746385216713,-0.7009167075157166,0.7073565125465393,0.09144685417413712,0.07381037622690201,-0.055588312447071078,0.9957219362258911],"EasingStyle":"Linear","EasingDirection":"In"},"Torso":{"Weight":1,"CFrame":[0.0033209025859832765,-0.09707412123680115,-0.03970742225646973,0.7090438604354858,-0.6999985575675964,0.08519908040761948,0.7047926783561707,0.699555516242981,-0.1178533285856247,0.022895680740475656,0.14361083507537843,0.9893694519996643],"EasingStyle":"Linear","EasingDirection":"In"},"HumanoidRootPart":{"Weight":1,"CFrame":[0,0,0,1,0,0,0,1,0,0,0,1],"EasingStyle":"Linear","EasingDirection":"In"},"Right Leg":{"Weight":1,"CFrame":[-0.06687149405479431,0.030563771724700929,-0.008895397186279297,0.9923298358917236,0.09496854990720749,-0.07913563400506973,-0.09065032005310059,0.9942794442176819,0.0564890056848526,0.08404771983623505,-0.04888201132416725,0.995262086391449],"EasingStyle":"Linear","EasingDirection":"In"}}},{"Time":0.46666666865348818,"poses":{"Left Leg":{"Weight":1,"CFrame":[-0.3879466652870178,0.08920502662658692,-0.045642077922821048,0.9921929240226746,0.10025716572999954,-0.07417301833629608,-0.09837782382965088,0.9947386980056763,0.02858063578605652,0.07664823532104492,-0.0210605226457119,0.9968357682228088],"EasingStyle":"Linear","EasingDirection":"In"},"Right Arm":{"Weight":1,"CFrame":[0.5480737090110779,-0.3885256350040436,0.037011027336120608,0.7137661576271057,0.034449510276317599,0.6995364427566528,0.46759453415870669,-0.767034649848938,-0.4393325746059418,0.52143394947052,0.6406800746917725,-0.5635917782783508],"EasingStyle":"Linear","EasingDirection":"In"},"Left Arm":{"Weight":1,"CFrame":[-0.11790242791175842,0.003498852252960205,0.3376237154006958,-0.712577223777771,0.45166027545928957,0.536876916885376,-0.5408638119697571,-0.8410469889640808,-0.010318475775420666,0.4468781352043152,-0.2977299690246582,0.8435974717140198],"EasingStyle":"Linear","EasingDirection":"In"},"Head":{"Weight":1,"CFrame":[8.940696716308594e-8,1.4901161193847657e-8,0.016661763191223146,0.7194786071777344,0.6944578886032105,-0.008871646597981453,-0.6916289925575256,0.7175941467285156,0.08190318942070008,0.06324458122253418,-0.05279175564646721,0.9966008067131043],"EasingStyle":"Linear","EasingDirection":"In"},"Torso":{"Weight":1,"CFrame":[0.05378986895084381,-0.08203989267349243,-0.09502267837524414,0.7089951634407044,-0.7011280059814453,0.07579848170280457,0.7050479054450989,0.7023940682411194,-0.0977243185043335,0.015276852063834668,0.12272761762142182,0.9923228025436401],"EasingStyle":"Linear","EasingDirection":"In"},"HumanoidRootPart":{"Weight":1,"CFrame":[0,0,0,1,0,0,0,1,0,0,0,1],"EasingStyle":"Linear","EasingDirection":"In"},"Right Leg":{"Weight":1,"CFrame":[-0.04057858884334564,0.041203320026397708,-0.006848454475402832,0.9877451062202454,0.15377359092235566,-0.026707114651799203,-0.15143336355686189,0.9856547713279724,0.07451634854078293,0.03778281807899475,-0.06955885142087937,0.9968621730804443],"EasingStyle":"Linear","EasingDirection":"In"}}},{"Time":0.5,"poses":{"Left Leg":{"Weight":1,"CFrame":[-0.5539662837982178,0.12000095844268799,-0.059950172901153567,0.9945781826972961,-0.05842159315943718,-0.08603059500455857,0.058686450123786929,0.9982762932777405,0.0005510291084647179,0.08585012704133988,-0.0055968924425542358,0.9962923526763916],"EasingStyle":"Linear","EasingDirection":"In"},"Right Arm":{"Weight":1,"CFrame":[0.5671759247779846,-0.37560269236564639,-0.05398184061050415,0.6868493556976318,0.040255431085824969,0.7256841063499451,0.5006201863288879,-0.7500419616699219,-0.43222275376319888,0.5268942713737488,0.6601641178131104,-0.5353186726570129],"EasingStyle":"Linear","EasingDirection":"In"},"Left Arm":{"Weight":1,"CFrame":[-0.11117057502269745,-0.0898037850856781,0.32077205181121828,-0.674754798412323,0.4910484850406647,0.5509785413742065,-0.6175564527511597,-0.7844464182853699,-0.05716708302497864,0.40414127707481387,-0.3788341283798218,0.8325591087341309],"EasingStyle":"Linear","EasingDirection":"In"},"Head":{"Weight":1,"CFrame":[6.705522537231445e-8,7.450580596923828e-9,0.016662120819091798,0.753497838973999,0.6573544144630432,-0.011242383159697056,-0.6554819345474243,0.7524540424346924,0.0644693449139595,0.05083860084414482,-0.04120837524533272,0.9978563785552979],"EasingStyle":"Linear","EasingDirection":"In"},"Torso":{"Weight":1,"CFrame":[0.09425976872444153,-0.06152139604091644,-0.15753436088562013,0.7159999012947083,-0.6966443061828613,0.045064836740493777,0.6979122161865234,0.7128153443336487,-0.06937488913536072,0.016206713393330575,0.0811237096786499,0.9965723752975464],"EasingStyle":"Linear","EasingDirection":"In"},"HumanoidRootPart":{"Weight":1,"CFrame":[0,0,0,1,0,0,0,1,0,0,0,1],"EasingStyle":"Linear","EasingDirection":"In"},"Right Leg":{"Weight":1,"CFrame":[0.2274450808763504,0.019112050533294679,0.030384063720703126,0.9184280633926392,0.37489378452301028,-0.12627148628234864,-0.36037784814834597,0.9245574474334717,0.12377937883138657,0.1631494015455246,-0.06817702949047089,0.9842430353164673],"EasingStyle":"Linear","EasingDirection":"In"}}},{"Time":0.5333333611488342,"poses":{"Left Leg":{"Weight":1,"CFrame":[-0.679560661315918,0.08892762660980225,-0.07400727272033692,0.9706559777259827,-0.21683304011821748,-0.10397281497716904,0.21276479959487916,0.9758803844451904,-0.0488741435110569,0.11206250637769699,0.025318246334791185,0.9933785200119019],"EasingStyle":"Linear","EasingDirection":"In"},"Right Arm":{"Weight":1,"CFrame":[0.5881839990615845,-0.36853617429733279,-0.20761722326278687,0.6164209842681885,0.04445367306470871,0.786160945892334,0.5804588794708252,-0.7002847790718079,-0.4155341386795044,0.5320646166801453,0.7124781608581543,-0.45747387409210207],"EasingStyle":"Linear","EasingDirection":"In"},"Left Arm":{"Weight":1,"CFrame":[-0.09554633498191834,-0.17060577869415284,0.27845263481140139,-0.5761372447013855,0.5719183683395386,0.5839307308197022,-0.7734038233757019,-0.6125687956809998,-0.1631140112876892,0.2644098699092865,-0.5455904603004456,0.7952476143836975],"EasingStyle":"Linear","EasingDirection":"In"},"Head":{"Weight":1,"CFrame":[7.82310962677002e-8,-1.4901161193847657e-8,0.016661763191223146,0.815133273601532,0.5788375735282898,-0.02247181162238121,-0.5776896476745606,0.8151592016220093,0.0423099659383297,0.04280863329768181,-0.0215065386146307,0.9988517761230469],"EasingStyle":"Linear","EasingDirection":"In"},"Torso":{"Weight":1,"CFrame":[0.11396963894367218,-0.03845478594303131,-0.22202682495117188,0.7357203364372253,-0.6771937012672424,-0.011151337064802647,0.6764827370643616,0.7355501055717468,-0.036567214876413348,0.03296545147895813,0.01935955509543419,0.9992690086364746],"EasingStyle":"Linear","EasingDirection":"In"},"HumanoidRootPart":{"Weight":1,"CFrame":[0,0,0,1,0,0,0,1,0,0,0,1],"EasingStyle":"Linear","EasingDirection":"In"},"Right Leg":{"Weight":1,"CFrame":[0.30416059494018557,0.06263083219528198,0.14557242393493653,0.7845444679260254,0.5134057402610779,-0.3477131426334381,-0.45991575717926028,0.857918381690979,0.22902731597423554,0.4158935248851776,-0.0197634045034647,0.9091985821723938],"EasingStyle":"Linear","EasingDirection":"In"}}},{"Time":0.5666666626930237,"poses":{"Left Leg":{"Weight":1,"CFrame":[-0.7606111764907837,0.01868879795074463,-0.0807691216468811,0.9289010167121887,-0.35459229350090029,-0.10680447518825531,0.343376487493515,0.9327109456062317,-0.11019493639469147,0.13869191706180573,0.06568600237369538,0.9881548285484314],"EasingStyle":"Linear","EasingDirection":"In"},"Right Arm":{"Weight":1,"CFrame":[0.606887698173523,-0.3594221770763397,-0.37612295150756838,0.5181784629821777,0.026239553466439248,0.8548699617385864,0.6804133057594299,-0.6182482242584229,-0.39345502853393557,0.5181976556777954,0.7855448722839356,-0.33821675181388857],"EasingStyle":"Linear","EasingDirection":"In"},"Left Arm":{"Weight":1,"CFrame":[-0.07760065793991089,-0.23247060179710389,0.22308862209320069,-0.44466716051101687,0.6466075778007507,0.6198142766952515,-0.8950986862182617,-0.3460589349269867,-0.2811433672904968,0.03270282596349716,-0.6798102259635925,0.7326586246490479],"EasingStyle":"Linear","EasingDirection":"In"},"Head":{"Weight":1,"CFrame":[7.916241884231568e-8,9.313225746154785e-9,0.016661763191223146,0.8808847665786743,0.47162720561027529,-0.04012488201260567,-0.47137200832366946,0.8817858099937439,0.016193345189094545,0.04301873594522476,0.004649296402931213,0.9990634322166443],"EasingStyle":"Linear","EasingDirection":"In"},"Torso":{"Weight":1,"CFrame":[0.12046495079994202,-0.015080833807587624,-0.2822279930114746,0.7657544016838074,-0.6389386653900147,-0.07333231717348099,0.640477180480957,0.7679705023765564,-0.003241670085117221,0.05838827043771744,-0.04448535665869713,0.9973022937774658],"EasingStyle":"Linear","EasingDirection":"In"},"HumanoidRootPart":{"Weight":1,"CFrame":[0,0,0,1,0,0,0,1,0,0,0,1],"EasingStyle":"Linear","EasingDirection":"In"},"Right Leg":{"Weight":1,"CFrame":[0.26003581285476687,0.1738276481628418,0.281915545463562,0.5942606925964356,0.5667155385017395,-0.5706905722618103,-0.4587644338607788,0.8216660618782044,0.3382309377193451,0.6605978012084961,0.06081506237387657,0.7482727766036987],"EasingStyle":"Linear","EasingDirection":"In"}}},{"Time":0.6000000238418579,"poses":{"Left Leg":{"Weight":1,"CFrame":[-0.7905163168907166,-0.05793106555938721,-0.06764155626296997,0.8885022401809692,-0.45214465260505679,-0.07828780263662338,0.4359797239303589,0.8850144147872925,-0.16331352293491364,0.1431272029876709,0.11097253113985062,0.9834631085395813],"EasingStyle":"Linear","EasingDirection":"In"},"Right Arm":{"Weight":1,"CFrame":[0.619100034236908,-0.34023645520210268,-0.5118431448936462,0.409847617149353,-0.03345281258225441,0.9115404486656189,0.7824285626411438,-0.5007759928703308,-0.37017419934272768,0.4688608944416046,0.8649303317070007,-0.17906761169433595],"EasingStyle":"Linear","EasingDirection":"In"},"Left Arm":{"Weight":1,"CFrame":[-0.06257155537605286,-0.2703031301498413,0.1655871868133545,-0.31210795044898989,0.7064551115036011,0.6352242827415466,-0.9177225828170776,-0.051260754466056827,-0.39390048384666445,-0.24571096897125245,-0.7058990597724915,0.6643286347389221],"EasingStyle":"Linear","EasingDirection":"In"},"Head":{"Weight":1,"CFrame":[5.98374754190445e-8,5.541369318962097e-8,0.016662240028381349,0.9335981011390686,0.3536946177482605,-0.05740050971508026,-0.35478678345680239,0.9348962903022766,-0.0097643518820405,0.05020984634757042,0.029481012374162675,0.9983035922050476],"EasingStyle":"Linear","EasingDirection":"In"},"Torso":{"Weight":1,"CFrame":[0.12089288234710694,0.005414038896560669,-0.3280942440032959,0.8043110966682434,-0.5814561247825623,-0.12244457006454468,0.5882216691970825,0.808297336101532,0.025511818006634713,0.08413761854171753,-0.09254398941993714,0.9921473860740662],"EasingStyle":"Linear","EasingDirection":"In"},"HumanoidRootPart":{"Weight":1,"CFrame":[0,0,0,1,0,0,0,1,0,0,0,1],"EasingStyle":"Linear","EasingDirection":"In"},"Right Leg":{"Weight":1,"CFrame":[0.18019868433475495,0.3066219091415405,0.36714279651641848,0.42966675758361819,0.5542616248130798,-0.7128679156303406,-0.4089600145816803,0.8232925534248352,0.3936254382133484,0.8050702214241028,0.12240662425756455,0.5804123878479004],"EasingStyle":"Linear","EasingDirection":"In"}}},{"Time":0.6333333253860474,"poses":{"Left Leg":{"Weight":1,"CFrame":[-0.7674946784973145,-0.1067730188369751,-0.020016789436340333,0.8682809472084045,-0.49601808190345766,-0.007366292178630829,0.4865206480026245,0.8543680310249329,-0.18262799084186555,0.0968802273273468,0.15498857200145722,0.9831544756889343],"EasingStyle":"Linear","EasingDirection":"In"},"Right Arm":{"Weight":1,"CFrame":[0.6205826997756958,-0.3026198148727417,-0.5674110651016235,0.31241071224212649,-0.15503959357738496,0.937209963798523,0.8762115240097046,-0.33407583832740786,-0.34734249114990237,0.3669509291648865,0.9297075271606445,0.031478408724069598],"EasingStyle":"Linear","EasingDirection":"In"},"Left Arm":{"Weight"