{"Sequence":[{"Time":0,"poses":{"Left Leg":{"Weight":1,"CFrame":[-0.11720910668373108,-0.21638190746307374,0.05827927589416504,0.7797884941101074,-0.4864245653152466,0.39410796761512759,0.5267307162284851,0.8500040769577026,0.006912713870406151,-0.3383559584617615,0.20219829678535462,0.9190381765365601],"EasingStyle":"Linear","EasingDirection":"In"},"Right Leg":{"Weight":1,"CFrame":[0.808246374130249,0.33374762535095217,-0.15299618244171143,0.814599871635437,-0.5192499160766602,0.25846990942955019,0.5316761136054993,0.846576452255249,0.025075925514101983,-0.23183509707450868,0.1169954463839531,0.9656938314437866],"EasingStyle":"Linear","EasingDirection":"In"},"Left Arm":{"Weight":1,"CFrame":[-0.7409043312072754,-0.755679190158844,-0.07559990882873535,-0.6203011870384216,0.20975832641124726,-0.7557962536811829,-0.7838188409805298,-0.2016809731721878,0.5873270034790039,-0.029232926666736604,0.9567268490791321,0.2895154356956482],"EasingStyle":"Linear","EasingDirection":"In"},"Head":{"Weight":1,"CFrame":[4.470348358154297e-8,1.2293457984924317e-7,1.1920928955078126e-7,0.9909936785697937,-0.13387253880500794,0.0031337253749370577,0.13388115167617799,0.9900349974632263,-0.043664056807756427,0.0027429049368947746,0.043690379709005359,0.9990413784980774],"EasingStyle":"Linear","EasingDirection":"In"},"Torso":{"Weight":1,"CFrame":[-0.04717852175235748,0.630592942237854,-0.25549912452697756,0.9334467053413391,0.3538353145122528,-0.05897323787212372,-0.3567425310611725,0.8984584212303162,-0.2559438645839691,-0.03757697343826294,0.2599482238292694,0.9648911356925964],"EasingStyle":"Linear","EasingDirection":"In"},"HumanoidRootPart":{"Weight":1,"CFrame":[0,0,0,1,0,0,0,1,0,0,0,1],"EasingStyle":"Linear","EasingDirection":"In"},"Right Arm":{"Weight":1,"CFrame":[-0.08331915736198425,-0.7684909105300903,0.1427825689315796,-0.23082669079303742,-0.970638632774353,0.06767451763153076,0.9597148895263672,-0.21567264199256898,0.18009059131145478,-0.1602073460817337,0.10651794075965882,0.9813192486763],"EasingStyle":"Linear","EasingDirection":"In"}}},{"Time":0.03333333507180214,"poses":{"Left Leg":{"Weight":1,"CFrame":[-0.08896976709365845,-0.21816956996917725,0.045862793922424319,0.7803657650947571,-0.4851987063884735,0.3944762349128723,0.5249616503715515,0.8510853052139282,0.008323431015014649,-0.33977141976356509,0.20058950781822205,0.9188684821128845],"EasingStyle":"Linear","EasingDirection":"In"},"Right Leg":{"Weight":1,"CFrame":[0.8351384401321411,0.36427736282348635,-0.16110891103744508,0.8341434597969055,-0.48777511715888979,0.25744956731796267,0.49851763248443606,0.8664759993553162,0.026452556252479554,-0.23597665131092072,0.10627791285514832,0.9659296274185181],"EasingStyle":"Linear","EasingDirection":"In"},"Left Arm":{"Weight":1,"CFrame":[-0.7407264709472656,-0.7556344270706177,-0.07558023929595947,-0.6201332211494446,0.2100943624973297,-0.7558407187461853,-0.7839596271514893,-0.20160336792469026,0.5871657133102417,-0.0290197916328907,0.9566695094108582,0.2897263169288635],"EasingStyle":"Linear","EasingDirection":"In"},"Head":{"Weight":1,"CFrame":[-7.450580596923828e-9,3.0174851417541506e-7,2.384185791015625e-7,0.9909936785697937,-0.13387255370616914,0.0031337360851466657,0.13388113677501679,0.9900350570678711,-0.04366406798362732,0.002742912620306015,0.04369039088487625,0.9990413784980774],"EasingStyle":"Linear","EasingDirection":"In"},"Torso":{"Weight":1,"CFrame":[-0.04699142277240753,0.6016196012496948,-0.258756160736084,0.9335030913352966,0.35372570157051089,-0.05873936787247658,-0.3565605580806732,0.898415207862854,-0.2563488781452179,-0.03790484741330147,0.26024654507637026,0.9647979736328125],"EasingStyle":"Linear","EasingDirection":"In"},"HumanoidRootPart":{"Weight":1,"CFrame":[0,0,0,1,0,0,0,1,0,0,0,1],"EasingStyle":"Linear","EasingDirection":"In"},"Right Arm":{"Weight":1,"CFrame":[-0.08313643932342529,-0.7684080600738525,0.1427210569381714,-0.2308250069618225,-0.9703848958015442,0.07122526317834854,0.959566056728363,-0.21490827202796937,0.1817895770072937,-0.161098912358284,0.11030684411525727,0.9807546138763428],"EasingStyle":"Linear","EasingDirection":"In"}}},{"Time":0.06666667014360428,"poses":{"Left Leg":{"Weight":1,"CFrame":[-0.06912708282470703,-0.2207481861114502,0.036058902740478519,0.7776870727539063,-0.4895583987236023,0.39437970519065859,0.5285983681678772,0.8487970232963562,0.01128765381872654,-0.34027427434921267,0.19969022274017335,0.9188782572746277],"EasingStyle":"Linear","EasingDirection":"In"},"Right Leg":{"Weight":1,"CFrame":[0.8645985722541809,0.39926809072494509,-0.16961181163787843,0.8539745211601257,-0.4533300995826721,0.2553809881210327,0.4622880816459656,0.8863052129745483,0.02743631787598133,-0.23878316581249238,0.09462966024875641,0.9664511680603027],"EasingStyle":"Linear","EasingDirection":"In"},"Left Arm":{"Weight":1,"CFrame":[-0.7394831776618958,-0.7553206086158752,-0.07544219493865967,-0.618952751159668,0.2124464362859726,-0.7561506628990173,-0.7849456071853638,-0.20105670392513276,0.5860348343849182,-0.027528107166290284,0.9562649726867676,0.2912033796310425],"EasingStyle":"Linear","EasingDirection":"In"},"Head":{"Weight":1,"CFrame":[9.685754776000977e-8,-9.685754776000977e-8,2.384185791015625e-7,0.9909936785697937,-0.13387253880500794,0.0031337211839854719,0.13388116657733918,0.9900349974632263,-0.04366395249962807,0.002742910059168935,0.04369029030203819,0.9990413784980774],"EasingStyle":"Linear","EasingDirection":"In"},"Torso":{"Weight":1,"CFrame":[-0.046367794275283816,0.5708566904067993,-0.2669029235839844,0.9339359402656555,0.3527100384235382,-0.05795983225107193,-0.355337917804718,0.8985928297042847,-0.25742173194885256,-0.038712941110134128,0.2610107362270355,0.9645593166351318],"EasingStyle":"Linear","EasingDirection":"In"},"HumanoidRootPart":{"Weight":1,"CFrame":[0,0,0,1,0,0,0,1,0,0,0,1],"EasingStyle":"Linear","EasingDirection":"In"},"Right Arm":{"Weight":1,"CFrame":[-0.08185520768165589,-0.7678266763687134,0.142289400100708,-0.22945240139961244,-0.9699430465698242,0.0810067355632782,0.9595447182655335,-0.21146740019321443,0.18589138984680177,-0.16317373514175416,0.12038271874189377,0.9792253971099854],"EasingStyle":"Linear","EasingDirection":"In"}}},{"Time":0.10000000149011612,"poses":{"Left Leg":{"Weight":1,"CFrame":[-0.05452054738998413,-0.22327637672424317,0.02747166156768799,0.7739519476890564,-0.4968492090702057,0.39260560274124148,0.5345959067344666,0.844966471195221,0.015459487214684487,-0.3394196331501007,0.19792045652866364,0.9195770621299744],"EasingStyle":"Linear","EasingDirection":"In"},"Right Leg":{"Weight":1,"CFrame":[0.8930587768554688,0.43395668268203738,-0.17692190408706666,0.8731203675270081,-0.4178841710090637,0.25106507539749148,0.4249466359615326,0.9047809839248657,0.02813681960105896,-0.23891684412956239,0.08212240785360336,0.9675611853599548],"EasingStyle":"Linear","EasingDirection":"In"},"Left Arm":{"Weight":1,"CFrame":[-0.736107587814331,-0.7544689178466797,-0.07506763935089112,-0.6157188415527344,0.2188364863395691,-0.7569682598114014,-0.7876160740852356,-0.19955205917358399,0.5829581022262573,-0.023481981828808786,0.9551385045051575,0.2952270209789276],"EasingStyle":"Linear","EasingDirection":"In"},"Head":{"Weight":1,"CFrame":[6.705522537231445e-8,-1.4901161193847657e-8,0,0.9909936785697937,-0.1338725984096527,0.0031337253749370577,0.13388116657733918,0.9900349974632263,-0.043663956224918368,0.0027429123874753715,0.04369029030203819,0.9990413784980774],"EasingStyle":"Linear","EasingDirection":"In"},"Torso":{"Weight":1,"CFrame":[-0.04521121084690094,0.5388706922531128,-0.27750372886657717,0.9351356029510498,0.34975361824035647,-0.05651409924030304,-0.352054625749588,0.8994464874267578,-0.25894710421562197,-0.03973625972867012,0.2620466947555542,0.9642367959022522],"EasingStyle":"Linear","EasingDirection":"In"},"HumanoidRootPart":{"Weight":1,"CFrame":[0,0,0,1,0,0,0,1,0,0,0,1],"EasingStyle":"Linear","EasingDirection":"In"},"Right Arm":{"Weight":1,"CFrame":[-0.07837879657745362,-0.7662491798400879,0.14111804962158204,-0.22464674711227418,-0.9697257876396179,0.0957389771938324,0.9602690935134888,-0.20361343026161195,0.1908533275127411,-0.1655816286802292,0.1348097175359726,0.9769386053085327],"EasingStyle":"Linear","EasingDirection":"In"}}},{"Time":0.13333334028720857,"poses":{"Left Leg":{"Weight":1,"CFrame":[-0.0411931574344635,-0.22423171997070313,0.018417954444885255,0.7717322707176209,-0.5039341449737549,0.38791748881340029,0.5393992066383362,0.8418012857437134,0.020469889044761659,-0.3368649482727051,0.1934451162815094,0.9214667677879334],"EasingStyle":"Linear","EasingDirection":"In"},"Right Leg":{"Weight":1,"CFrame":[0.9184622168540955,0.4649279713630676,-0.18177956342697144,0.8913559317588806,-0.3824882209300995,0.24328508973121644,0.3875563144683838,0.921400249004364,0.028666336089372636,-0.23512744903564454,0.06873474270105362,0.9695311188697815],"EasingStyle":"Linear","EasingDirection":"In"},"Left Arm":{"Weight":1,"CFrame":[-0.7295342087745667,-0.7528103590011597,-0.07433819770812988,-0.6092908978462219,0.23129995167255402,-0.7584622502326965,-0.7927930355072022,-0.19653072953224183,0.576935887336731,-0.015615871176123619,0.9528253078460693,0.3031173050403595],"EasingStyle":"Linear","EasingDirection":"In"},"Head":{"Weight":1,"CFrame":[7.450580596923828e-8,-2.9802322387695315e-8,1.1920928955078126e-7,0.9909936189651489,-0.13387247920036317,0.0031337328255176546,0.1338811069726944,0.9900350570678711,-0.04366402328014374,0.0027429137844592335,0.043690335005521777,0.9990413784980774],"EasingStyle":"Linear","EasingDirection":"In"},"Torso":{"Weight":1,"CFrame":[-0.04342033714056015,0.5062612295150757,-0.28812217712402346,0.9374701976776123,0.34380775690078738,-0.05427549406886101,-0.3456769287586212,0.9014109373092651,-0.26070255041122439,-0.040707048028707507,0.26316267251968386,0.9638922810554504],"EasingStyle":"Linear","EasingDirection":"In"},"HumanoidRootPart":{"Weight":1,"CFrame":[0,0,0,1,0,0,0,1,0,0,0,1],"EasingStyle":"Linear","EasingDirection":"In"},"Right Arm":{"Weight":1,"CFrame":[-0.07160881161689758,-0.7631770372390747,0.13883709907531739,-0.21428713202476502,-0.9700731039047241,0.11419020593166352,0.9622911810874939,-0.18960817158222199,0.1950497031211853,-0.16756105422973634,0.15168075263500215,0.9741233587265015],"EasingStyle":"Linear","EasingDirection":"In"}}},{"Time":0.1666666716337204,"poses":{"Left Leg":{"Weight":1,"CFrame":[-0.1325085163116455,-0.2379986047744751,0.051709771156311038,0.7505207657814026,-0.5413743257522583,0.3789888024330139,0.5763128399848938,0.8168301582336426,0.02553148940205574,-0.3233916461467743,0.19925421476364137,0.9250489473342896],"EasingStyle":"Linear","EasingDirection":"In"},"Right Leg":{"Weight":1,"CFrame":[0.9396217465400696,0.48946869373321535,-0.18312907218933106,0.9087961316108704,-0.34759941697120669,0.2307908833026886,0.35062548518180849,0.9360619783401489,0.029149916023015977,-0.2261669933795929,0.05442985147237778,0.9725666046142578],"EasingStyle":"Linear","EasingDirection":"In"},"Left Arm":{"Weight":1,"CFrame":[-0.7186969518661499,-0.7500755786895752,-0.07313573360443115,-0.5983169078826904,0.25189483165740969,-0.760635256767273,-0.8012550473213196,-0.191284641623497,0.5669220685958862,-0.0026930382009595634,0.9486618041992188,0.316280722618103],"EasingStyle":"Linear","EasingDirection":"In"},"Head":{"Weight":1,"CFrame":[7.450580596923828e-8,1.1175870895385743e-8,-1.1920928955078126e-7,0.9909936189651489,-0.13387255370616914,0.0031337211839854719,0.13388113677501679,0.9900350570678711,-0.04366404935717583,0.0027429067995399238,0.04369035363197327,0.9990413784980774],"EasingStyle":"Linear","EasingDirection":"In"},"Torso":{"Weight":1,"CFrame":[-0.0408894419670105,0.4736102819442749,-0.29631996154785159,0.9412587285041809,0.33379578590393069,-0.05111187323927879,-0.33514437079429629,0.9048739075660706,-0.2624528408050537,-0.04135584086179733,0.26416587829589846,0.9635902047157288],"EasingStyle":"Linear","EasingDirection":"In"},"HumanoidRootPart":{"Weight":1,"CFrame":[0,0,0,1,0,0,0,1,0,0,0,1],"EasingStyle":"Linear","EasingDirection":"In"},"Right Arm":{"Weight":1,"CFrame":[-0.06044754385948181,-0.7581120729446411,0.13507676124572755,-0.19612208008766175,-0.9712209701538086,0.13515232503414155,0.9660062193870544,-0.16768918931484223,0.19675470888614655,-0.1684286743402481,0.16914577782154084,0.971092939376831],"EasingStyle":"Linear","EasingDirection":"In"}}},{"Time":0.20000000298023225,"poses":{"Left Leg":{"Weight":1,"CFrame":[-0.32453393936157229,-0.2185596227645874,0.11909675598144531,0.7264217734336853,-0.5826725959777832,0.36442306637763979,0.6162776947021484,0.7869644165039063,0.029814578592777253,-0.3041601777076721,0.2029278427362442,0.9307560920715332],"EasingStyle":"Linear","EasingDirection":"In"},"Right Leg":{"Weight":1,"CFrame":[0.9556304216384888,0.5051249265670776,-0.18001705408096314,0.92559814453125,-0.31337621808052065,0.21228167414665223,0.3144180476665497,0.9488187432289124,0.02973635494709015,-0.21073544025421143,0.039221204817295077,0.9767560362815857],"EasingStyle":"Linear","EasingDirection":"In"},"Left Arm":{"Weight":1,"CFrame":[-0.7025298476219177,-0.7459958791732788,-0.07134175300598145,-0.5810685157775879,0.28269198536872866,-0.7631805539131165,-0.8136883974075317,-0.18283593654632569,0.5517992973327637,0.016452442854642869,0.9416243433952332,0.3362632393836975],"EasingStyle":"Linear","EasingDirection":"In"},"Head":{"Weight":1,"CFrame":[4.842877388000488e-8,3.91155481338501e-8,0,0.9909936189651489,-0.13387256860733033,0.0031337514519691469,0.13388115167617799,0.9900349974632263,-0.04366400092840195,0.0027429102919995786,0.04369037225842476,0.9990413784980774],"EasingStyle":"Linear","EasingDirection":"In"},"Torso":{"Weight":1,"CFrame":[-0.03751130402088165,0.4414496421813965,-0.2996559143066406,0.9467306733131409,0.3185945749282837,-0.04688921570777893,-0.3193523585796356,0.910136878490448,-0.26394128799438479,-0.041414663195610049,0.26485544443130495,0.9633984565734863],"EasingStyle":"Linear","EasingDirection":"In"},"HumanoidRootPart":{"Weight":1,"CFrame":[0,0,0,1,0,0,0,1,0,0,0,1],"EasingStyle":"Linear","EasingDirection":"In"},"Right Arm":{"Weight":1,"CFrame":[-0.043797045946121219,-0.7505559921264648,0.12946701049804688,-0.1676931083202362,-0.9731981158256531,0.15736785531044007,0.9715014696121216,-0.1360095888376236,0.1941295713186264,-0.16752296686172486,0.18543723225593568,0.9682711362838745],"EasingStyle":"Linear","EasingDirection":"In"}}},{"Time":0.23333333432674409,"poses":{"Left Leg":{"Weight":1,"CFrame":[-0.505685031414032,-0.11269116401672363,0.16482758522033692,0.7382513284683228,-0.58209627866745,0.3408062160015106,0.6086248159408569,0.7926648855209351,0.03547240421175957,-0.2907935082912445,0.18123556673526765,0.9394641518592835],"EasingStyle":"Linear","EasingDirection":"In"},"Right Leg":{"Weight":1,"CFrame":[0.9679058194160461,0.5021849870681763,-0.1669391393661499,0.9461336731910706,-0.26564860343933108,0.18510012328624726,0.2648507058620453,0.963838517665863,0.0294877290725708,-0.18623997271060944,0.02112457901239395,0.9822771549224854],"EasingStyle":"Linear","EasingDirection":"In"},"Left Arm":{"Weight":1,"CFrame":[-0.6565744876861572,-0.7258981466293335,-0.06793767213821411,-0.5376969575881958,0.359785795211792,-0.7625196576118469,-0.8409395813941956,-0.16357950866222382,0.5158124566078186,0.060849398374557498,0.9185836315155029,0.3905142545700073],"EasingStyle":"Linear","EasingDirection":"In"},"Head":{"Weight":1,"CFrame":[7.450580596923828e-8,-1.1175870895385743e-8,-1.1920928955078126e-7,0.9911328554153442,-0.1328422874212265,0.0029613934457302095,0.13284437358379365,0.9901753067970276,-0.04364922642707825,0.002866161987185478,0.04365559294819832,0.9990425705909729],"EasingStyle":"Linear","EasingDirection":"In"},"Torso":{"Weight":1,"CFrame":[-0.03221191465854645,0.40061962604522707,-0.2921466827392578,0.9546512961387634,0.2949909269809723,-0.04026496782898903,-0.29510098695755007,0.9196199774742127,-0.2592576742172241,-0.03945019096136093,0.2593829035758972,0.9649685025215149],"EasingStyle":"Linear","EasingDirection":"In"},"HumanoidRootPart":{"Weight":1,"CFrame":[0,0,0,1,0,0,0,1,0,0,0,1],"EasingStyle":"Linear","EasingDirection":"In"},"Right Arm":{"Weight":1,"CFrame":[-0.015609025955200196,-0.7377642393112183,0.11997008323669434,-0.12143723666667938,-0.9758853316307068,0.181385800242424,0.9786263704299927,-0.08715784549713135,0.18626344203948975,-0.1659626066684723,0.20012809336185456,0.9656112790107727],"EasingStyle":"Linear","EasingDirection":"In"}}},{"Time":0.2666666805744171,"poses":{"Left Leg":{"Weight":1,"CFrame":[-0.6290453672409058,0.06852221488952637,0.16640174388885499,0.7904921174049377,-0.5301406383514404,0.30671340227127077,0.5445656776428223,0.8375545144081116,0.044167518615722659,-0.2803041636943817,0.1321115642786026,0.9507766962051392],"EasingStyle":"Linear","EasingDirection":"In"},"Right Leg":{"Weight":1,"CFrame":[0.9772509336471558,0.47292959690093996,-0.14010870456695558,0.9702313542366028,-0.19120338559150697,0.14863519370555879,0.18913109600543977,0.9815500974655151,0.028087059035897256,-0.15126313269138337,0.0008605812909081578,0.9884932637214661],"EasingStyle":"Linear","EasingDirection":"In"},"Left Arm":{"Weight":1,"CFrame":[-0.5666602253913879,-0.6809468269348145,-0.062290847301483157,-0.4424610733985901,0.5036004781723023,-0.7420343160629273,-0.8862279057502747,-0.1189378872513771,0.44772085547447207,0.1372164934873581,0.8557103872299194,0.49893009662628176],"EasingStyle":"Linear","EasingDirection":"In"},"Head":{"Weight":1,"CFrame":[6.332993507385254e-8,1.210719347000122e-7,3.5762786865234377e-7,0.9915239810943604,-0.12990035116672517,0.0024694502353668215,0.12988394498825074,0.9905699491500855,-0.043605852872133258,0.0032182515133172275,0.04355703294277191,0.9990457892417908],"EasingStyle":"Linear","EasingDirection":"In"},"Torso":{"Weight":1,"CFrame":[-0.024557478725910188,0.3421361446380615,-0.2724766731262207,0.964713990688324,0.26150456070899966,-0.030696915462613107,-0.2609608769416809,0.9341170191764832,-0.2435668706893921,-0.03501933813095093,0.24298307299613954,0.9693982005119324],"EasingStyle":"Linear","EasingDirection":"In"},"HumanoidRootPart":{"Weight":1,"CFrame":[0,0,0,1,0,0,0,1,0,0,0,1],"EasingStyle":"Linear","EasingDirection":"In"},"Right Arm":{"Weight":1,"CFrame":[0.027446389198303224,-0.7182251214981079,0.10546386241912842,-0.060517389327287677,-0.9756370186805725,0.21087971329689027,0.9839874505996704,-0.02282724902033806,0.17676977813243867,-0.1676493138074875,0.21820051968097688,0.9613959789276123],"EasingStyle":"Linear","EasingDirection":"In"}}},{"Time":0.30000001192092898,"poses":{"Left Leg":{"Weight":1,"CFrame":[-0.6713591814041138,0.2836528420448303,0.12342429161071778,0.868937075138092,-0.4188154935836792,0.2637082040309906,0.42011022567749026,0.9058442711830139,0.05434904620051384,-0.2616407871246338,0.0635606199502945,0.9630702137947083],"EasingStyle":"Linear","EasingDirection":"In"},"Right Leg":{"Weight":1,"CFrame":[0.9778825044631958,0.41776955127716067,-0.10107284784317017,0.990012526512146,-0.09434729069471359,0.10475636273622513,0.09205096960067749,0.9954001903533936,0.02655395120382309,-0.10677975416183472,-0.016645826399326326,0.9941434264183044],"EasingStyle":"Linear","EasingDirection":"In"},"Left Arm":{"Weight":1,"CFrame":[-0.44715332984924319,-0.6196290254592896,-0.05486178398132324,-0.28399595618247988,0.6809403300285339,-0.6750308871269226,-0.9333194494247437,-0.03502015769481659,0.35733532905578616,0.2196843922138214,0.7315012216567993,0.645480215549469],"EasingStyle":"Linear","EasingDirection":"In"},"Head":{"Weight":1,"CFrame":[6.332993507385254e-8,-3.725290298461914e-9,-4.76837158203125e-7,0.9921213984489441,-0.1252690553665161,0.0016957188490778208,0.12522371113300324,0.9911729097366333,-0.043534792959690097,0.0037728091701865198,0.04340413957834244,0.9990505576133728],"EasingStyle":"Linear","EasingDirection":"In"},"Torso":{"Weight":1,"CFrame":[-0.015509247779846192,0.2681509256362915,-0.24536681175231934,0.9753991365432739,0.21959225833415986,-0.01938662678003311,-0.2184683233499527,0.9511472582817078,-0.21815258264541627,-0.029465075582265855,0.217021182179451,0.975722074508667],"EasingStyle":"Linear","EasingDirection":"In"},"HumanoidRootPart":{"Weight":1,"CFrame":[0,0,0,1,0,0,0,1,0,0,0,1],"EasingStyle":"Linear","EasingDirection":"In"},"Right Arm":{"Weight":1,"CFrame":[0.08239005506038666,-0.6932922005653381,0.0869525671005249,0.00006016346742399037,-0.9683704376220703,0.2495172768831253,0.984314501285553,0.04407805576920509,0.17082816362380982,-0.17642317712306977,0.2455931007862091,0.9531835913658142],"EasingStyle":"Linear","EasingDirection":"In"}}},{"Time":0.3333333432674408,"poses":{"Left Leg":{"Weight":1,"CFrame":[-0.640457272529602,0.4657929539680481,0.055399417877197269,0.9418078660964966,-0.259591281414032,0.21356555819511414,0.2516048550605774,0.965694785118103,0.06425406038761139,-0.22291895747184754,-0.0067808786407113079,0.9748134613037109],"EasingStyle":"Linear","EasingDirection":"In"},"Right Leg":{"Weight":1,"CFrame":[0.9604788422584534,0.33962464332580569,-0.05243474245071411,0.9983128309249878,0.016797659918665887,0.055582527071237567,-0.018249956890940667,0.9995025992393494,0.02572362683713436,-0.05512271076440811,-0.02669462189078331,0.9981226921081543],"EasingStyle":"Linear","EasingDirection":"In"},"Left Arm":{"Weight":1,"CFrame":[-0.31241944432258608,-0.5504286885261536,-0.046111226081848147,-0.069017194211483,0.8372215628623962,-0.5424914956092835,-0.9597275853157044,0.09271875023841858,0.2651910185813904,0.27232280373573305,0.5389466285705566,0.7971052527427673],"EasingStyle":"Linear","EasingDirection":"In"},"Head":{"Weight":1,"CFrame":[5.427864380180836e-8,1.2922100722789765e-7,-1.1920928955078126e-7,0.9928737282752991,-0.1191699206829071,0.0006780103431083262,0.11908672749996185,0.9919333457946777,-0.04343573749065399,0.00450369156897068,0.043206945061683658,0.9990560412406921],"EasingStyle":"Linear","EasingDirection":"In"},"Torso":{"Weight":1,"CFrame":[-0.00607198104262352,0.18264174461364747,-0.21566057205200196,0.9852586388587952,0.17090286314487458,-0.0075900377705693249,-0.16935604810714723,0.9681521654129028,-0.18439079821109773,-0.024164600297808648,0.18295805156230927,0.9828237295150757],"EasingStyle":"Linear","EasingDirection":"In"},"HumanoidRootPart":{"Weight":1,"CFrame":[0,0,0,1,0,0,0,1,0,0,0,1],"EasingStyle":"Linear","EasingDirection":"In"},"Right Arm":{"Weight":1,"CFrame":[0.14624182879924775,-0.6643154621124268,0.06543982028961182,0.04310287907719612,-0.9526191353797913,0.30109646916389468,0.9796612858772278,0.09941749274730683,0.1742987483739853,-0.19597461819648744,0.28745976090431216,0.9375292062759399],"EasingStyle":"Linear","EasingDirection":"In"}}},{"Time":0.36666667461395266,"poses":{"Left Leg":{"Weight":1,"CFrame":[-0.5819174647331238,0.5668535232543945,-0.009185612201690674,0.9834728240966797,-0.08758914470672608,0.15845969319343568,0.07693371921777725,0.9944199323654175,0.07218325138092041,-0.16389794647693635,-0.05879932641983032,0.9847234487533569],"EasingStyle":"Linear","EasingDirection":"In"},"Right Leg":{"Weight":1,"CFrame":[0.9159373044967651,0.246548593044281,0.0010167360305786133,0.9912854433059692,0.13168591260910035,0.0034617017954587938,-0.13173140585422517,0.990939736366272,0.0261789932847023,0.000017126092643593439,-0.026406919583678247,0.999651312828064],"EasingStyle":"Linear","EasingDirection":"In"},"Left Arm":{"Weight":1,"CFrame":[-0.17682507634162904,-0.48183414340019228,-0.036499738693237308,0.1624804437160492,0.9188460111618042,-0.35961422324180605,-0.9493141174316406,0.24495838582515717,0.1969727724790573,0.2690780758857727,0.30938243865966799,0.9120742678642273],"EasingStyle":"Linear","EasingDirection":"In"},"Head":{"Weight":1,"CFrame":[6.845220923423767e-8,1.2165401130914688e-8,-1.1920928955078126e-7,0.9937279224395752,-0.11182466149330139,-0.0005457641091197729,0.1116962805390358,0.9927983283996582,-0.0433080829679966,0.005384744610637426,0.04297545924782753,0.999061644077301],"EasingStyle":"Linear","EasingDirection":"In"},"Torso":{"Weight":1,"CFrame":[0.0028301412239670755,0.09105861186981201,-0.18819975852966309,0.9930782318115234,0.11740148812532425,0.003537618787959218,-0.11567485332489014,0.9828090667724609,-0.14389532804489137,-0.020370326936244966,0.14249013364315034,0.989586591720581],"EasingStyle":"Linear","EasingDirection":"In"},"HumanoidRootPart":{"Weight":1,"CFrame":[0,0,0,1,0,0,0,1,0,0,0,1],"EasingStyle":"Linear","EasingDirection":"In"},"Right Arm":{"Weight":1,"CFrame":[0.21602267026901246,-0.6326488256454468,0.04192972183227539,0.05020202323794365,-0.9284917116165161,0.36794430017471316,0.9723870754241943,0.1295098513364792,0.1941407173871994,-0.22791042923927308,0.3480378985404968,0.9093549847602844],"EasingStyle":"Linear","EasingDirection":"In"}}},{"Time":0.4000000059604645,"poses":{"Left Leg":{"Weight":1,"CFrame":[-0.5382121205329895,0.5860549211502075,-0.0551949143409729,0.9929148554801941,0.06261264532804489,0.10099473595619202,-0.070533387362957,0.9945439100265503,0.07686115801334381,-0.09563124924898148,-0.08344005793333054,0.9919136166572571],"EasingStyle":"Linear","EasingDirection":"In"},"Right Leg":{"Weight":1,"CFrame":[0.8410727381706238,0.15138310194015504,0.05258834362030029,0.9693572521209717,0.24069136381149293,-0.0491349995136261,-0.23953889310359956,0.9704765677452087,0.028221411630511285,0.05447705462574959,-0.015586878173053265,0.9983933568000794],"EasingStyle":"Linear","EasingDirection":"In"},"Left Arm":{"Weight":1,"CFrame":[-0.05473585054278374,-0.4223315715789795,-0.02648836374282837,0.356943815946579,0.9170882701873779,-0.17759643495082856,-0.9080477952957153,0.385259747505188,0.164390429854393,0.21918123960494996,0.10258782655000687,0.97027587890625],"EasingStyle":"Linear","EasingDirection":"In"},"Head":{"Weight":1,"CFrame":[6.891787052154541e-8,-5.820766091346741e-10,-5.960464477539063e-8,0.9946321845054627,-0.10345572978258133,-0.00193758774548769,0.10327639430761337,0.9937162399291992,-0.04315169155597687,0.00638970173895359,0.04271996021270752,0.9990667104721069],"EasingStyle":"Linear","EasingDirection":"In"},"Torso":{"Weight":1,"CFrame":[0.01047525741159916,-0.0003999471664428711,-0.1677079200744629,0.9980280995368958,0.06138821691274643,0.013094020076096058,-0.059805978089571,0.9933307766914368,-0.09857609868049622,-0.0190581027418375,0.0975986048579216,0.9950434565544128],"EasingStyle":"Linear","EasingDirection":"In"},"HumanoidRootPart":{"Weight":1,"CFrame":[0,0,0,1,0,0,0,1,0,0,0,1],"EasingStyle":"Linear","EasingDirection":"In"},"Right Arm":{"Weight":1,"CFrame":[0.28875264525413515,-0.5996439456939697,0.017425894737243654,0.010980658233165741,-0.8923624753952026,0.4511859118938446,0.9624086618423462,0.1318908929824829,0.23743319511413575,-0.27138370275497439,0.43161794543266299,0.8602655529975891],"EasingStyle":"Linear","EasingDirection":"In"}}},{"Time":0.4333333373069763,"poses":{"Left Leg":{"Weight":1,"CFrame":[-0.5230830907821655,0.549553394317627,-0.08357220888137818,0.9840294718742371,0.17247363924980164,0.04403269663453102,-0.17549622058868409,0.9813963770866394,0.07786093652248383,-0.02978459745645523,-0.08434498310089112,0.9959913492202759],"EasingStyle":"Linear","EasingDirection":"In"},"Right Leg":{"Weight":1,"CFrame":[0.7438847422599793,0.0673302412033081,0.09597861766815186,0.9354836940765381,0.3389958441257477,-0.09975999593734741,-0.33751389384269717,0.9407801032066345,0.03189479559659958,0.10466446727514267,0.0038333111442625524,0.9945002794265747],"EasingStyle":"Linear","EasingDirection":"In"},"Left Arm":{"Weight":1,"CFrame":[0.03948182240128517,-0.3804066777229309,-0.01653766632080078,0.4845772385597229,0.8733802437782288,-0.048908181488513949,-0.8598374128341675,0.4858512580394745,0.15693335235118867,0.16082456707954408,-0.033993348479270938,0.9863974452018738],"EasingStyle":"Linear","EasingDirection":"In"},"Head":{"Weight":1,"CFrame":[6.443588063120842e-8,2.163869794458151e-8,-2.384185791015625e-7,0.995539128780365,-0.09428665041923523,-0.0034594337921589615,0.09405216574668884,0.9946396350860596,-0.042967069894075397,0.007492112461477518,0.042450014501810077,0.9990705847740173],"EasingStyle":"Linear","EasingDirection":"In"},"Torso":{"Weight":1,"CFrame":[0.016446471214294435,-0.08571824431419373,-0.15868353843688966,0.9997740983963013,0.005415480583906174,0.020558038726449014,-0.004369184374809265,0.9987093210220337,-0.05060281231999397,-0.020805545151233674,0.05050155147910118,0.9985072612762451],"EasingStyle":"Linear","EasingDirection":"In"},"HumanoidRootPart":{"Weight":1,"CFrame":[0,0,0,1,0,0,0,1,0,0,0,1],"EasingStyle":"Linear","EasingDirection":"In"},"Right Arm":{"Weight":1,"CFrame":[0.3614523708820343,-0.5666528344154358,-0.007067859172821045,-0.06741683930158615,-0.8376721143722534,0.5419967770576477,0.9458414912223816,0.11923929303884506,0.30193716287612917,-0.3175516426563263,0.5329986214637756,0.7842662334442139],"EasingStyle":"Linear","EasingDirection":"In"}}},{"Time":0.46666666865348818,"poses":{"Left Leg":{"Weight":1,"CFrame":[-0.5283775925636292,0.48461365699768069,-0.10090172290802002,0.9698747992515564,0.24339841306209565,-0.010004384443163872,-0.24198344349861146,0.9673393964767456,0.07548975199460983,0.028051691129803659,-0.0707947239279747,0.9970964193344116],"EasingStyle":"Linear","EasingDirection":"In"},"Right Leg":{"Weight":1,"CFrame":[0.6332563161849976,0.0006593465805053711,0.12708961963653565,0.8943751454353333,0.4226676821708679,-0.14644162356853486,-0.42201340198516848,0.9058318138122559,0.03706265985965729,0.14831678569316865,0.028652356937527658,0.9885247349739075],"EasingStyle":"Linear","EasingDirection":"In"},"Left Arm":{"Weight":1,"CFrame":[0.0914621502161026,-0.36454540491104128,-0.0071083903312683109,0.5437561869621277,0.8392353057861328,-0.0036576115526258947,-0.8287549018859863,0.5376423597335815,0.15526124835014344,0.13226722180843354,-0.0813930556178093,0.9878667593002319],"EasingStyle":"Linear","EasingDirection":"In"},"Head":{"Weight":1,"CFrame":[7.171183824539185e-8,9.546056389808655e-9,-2.384185791015625e-7,0.9964069724082947,-0.08454233407974243,-0.005073281470686197,0.08424994349479675,0.9955270290374756,-0.04275558888912201,0.008665245957672596,0.04217454418540001,0.999072790145874],"EasingStyle":"Linear","EasingDirection":"In"},"Torso":{"Weight":1,"CFrame":[0.020645063370466234,-0.1610012650489807,-0.1597433090209961,0.9985042214393616,-0.04820095747709274,0.025806287303566934,0.04827570542693138,0.9988314509391785,-0.002280987799167633,-0.025666184723377229,0.003523392602801323,0.9996643662452698],"EasingStyle":"Linear","EasingDirection":"In"},"HumanoidRootPart":{"Weight":1,"CFrame":[0,0,0,1,0,0,0,1,0,0,0,1],"EasingStyle":"Linear","EasingDirection":"In"},"Right Arm":{"Weight":1,"CFrame":[0.43114209175109866,-0.5350269079208374,-0.030547499656677247,-0.17439612746238709,-0.7616291046142578,0.6241052150726318,0.9192517399787903,0.10124761611223221,0.3804277777671814,-0.3529340922832489,0.6400547623634338,0.682471513748169],"EasingStyle":"Linear","EasingDirection":"In"}}},{"Time":0.5,"poses":{"Left Leg":{"Weight":1,"CFrame":[-0.5400540232658386,0.40689408779144289,-0.11188346147537232,0.9555371999740601,0.28866034746170046,-0.06019911542534828,-0.2844190299510956,0.9561293721199036,0.07016100734472275,0.07781082391738892,-0.04991970956325531,0.9957176446914673],"EasingStyle":"Linear","EasingDirection":"In"},"Right Leg":{"Weight":1,"CFrame":[0.5124157071113586,-0.046611905097961429,0.14332079887390138,0.8515941500663757,0.4890180826187134,-0.1888085901737213,-0.4900953769683838,0.8705461621284485,0.044226691126823428,0.1859942525625229,0.054870981723070148,0.9810175895690918],"EasingStyle":"Linear","EasingDirection":"In"},"Left Arm":{"Weight":1,"CFrame":[0.11271924525499344,-0.36896437406539919,0.0014410018920898438,0.5642615556716919,0.8255360126495361,-0.00996251031756401,-0.8149731755256653,0.5588901042938232,0.1531684845685959,0.13201402127742768,-0.07830800861120224,0.988149881362915],"EasingStyle":"Linear","EasingDirection":"In"},"Head":{"Weight":1,"CFrame":[7.264316082000733e-8,5.122274160385132e-9,1.1920928955078126e-7,0.9972020983695984,-0.07444892078638077,-0.006741171237081289,0.07409743219614029,0.9963441491127014,-0.04252001643180847,0.009882097132503987,0.041901543736457828,0.9990729689598084],"EasingStyle":"Linear","EasingDirection":"In"},"Torso":{"Weight":1,"CFrame":[0.023099474608898164,-0.22769474983215333,-0.16590571403503419,0.9947161078453064,-0.09852059185504914,0.028874307870864869,0.09719774127006531,0.9942871332168579,0.044109538197517398,-0.033055055886507037,-0.04106994718313217,0.9986093640327454],"EasingStyle":"Linear","EasingDirection":"In"},"HumanoidRootPart":{"Weight":1,"CFrame":[0,0,0,1,0,0,0,1,0,0,0,1],"EasingStyle":"Linear","EasingDirection":"In"},"Right Arm":{"Weight":1,"CFrame":[0.494842529296875,-0.506119430065155,-0.05200904607772827,-0.29496195912361147,-0.6672850251197815,0.6839066743850708,0.8820040822029114,0.08515435457229614,0.4634840786457062,-0.36751359701156618,0.7399185299873352,0.5634307861328125],"EasingStyle":"Linear","EasingDirection":"In"}}},{"Time":0.5333333611488342,"poses":{"Left Leg":{"Weight":1,"CFrame":[-0.551206111907959,0.3264734148979187,-0.11888730525970459,0.943117618560791,0.31505969166755679,-0.10614441335201264,-0.3098681569099426,0.9487084746360779,0.0627223551273346,0.12046131491661072,-0.026263777166604997,0.99237060546875],"EasingStyle":"Linear","EasingDirection":"In"},"Right Leg":{"Weight":1,"CFrame":[0.39092692732810976,-0.07434344291687012,0.14431273937225343,0.8098678588867188,0.5409650206565857,-0.22687207162380219,-0.5440703630447388,0.8372819423675537,0.054282061755657199,0.21932059526443482,0.07947300374507904,0.9724107384681702],"EasingStyle":"Linear","EasingDirection":"In"},"Left Arm":{"Weight":1,"CFrame":[0.1258796900510788,-0.38001149892807009,0.009158849716186524,0.5755401253700256,0.8174760937690735,-0.022058209404349328,-0.8059945702552795,0.5716052651405335,0.1537538468837738,0.1382986307144165,-0.07071273028850556,0.9878630042076111],"EasingStyle":"Linear","EasingDirection":"In"},"Head":{"Weight":1,"CFrame":[6.51925802230835e-8,5.587935447692871e-8,0,0.9978992938995361,-0.06423380225896836,-0.00842528510838747,0.06382331252098084,0.9970659613609314,-0.04226459562778473,0.01111537404358387,0.0416380912065506,0.9990710020065308],"EasingStyle":"Linear","EasingDirection":"In"},"Torso":{"Weight":1,"CFrame":[0.02399146556854248,-0.28841784596443179,-0.17583751678466798,0.9889746904373169,-0.14501698315143586,0.029989294707775117,0.14197580516338349,0.986095130443573,0.08636727184057236,-0.04209701716899872,-0.08115727454423905,0.9958119988441467],"EasingStyle":"Linear","EasingDirection":"In"},"HumanoidRootPart":{"Weight":1,"CFrame":[0,0,0,1,0,0,0,1,0,0,0,1],"EasingStyle":"Linear","EasingDirection":"In"},"Right Arm":{"Weight":1,"CFrame":[0.5495738983154297,-0.4812823235988617,-0.0704488754272461,-0.4118897318840027,-0.5644004940986633,0.7154014110565186,0.8378103971481323,0.0741904079914093,0.5408971905708313,-0.35835838317871096,0.8221604228019714,0.4423021674156189],"EasingStyle":"Linear","EasingDirection":"In"}}},{"Time":0.5666666626930237,"poses":{"Left Leg":{"Weight":1,"CFrame":[-0.5584096908569336,0.2501261830329895,-0.12300074100494385,0.932945728302002,0.3283439874649048,-0.1476568877696991,-0.32386118173599245,0.9445545077323914,0.05413818359375,0.15724587440490724,-0.002687653061002493,0.9875558018684387],"EasingStyle":"Linear","EasingDirection":"In"},"Right Leg":{"Weight":1,"CFrame":[0.2774178385734558,-0.08756327629089356,0.13553714752197267,0.7707400918006897,0.5815640091896057,-0.2602750062942505,-0.5870204567909241,0.8069742321968079,0.06480410695075989,0.2477230429649353,0.10283960402011872,0.9633573889732361],"EasingStyle":"Linear","EasingDirection":"In"},"Left Arm":{"Weight":1,"CFrame":[0.13324610888957978,-0.3943733274936676,0.01619565486907959,0.5808094143867493,0.8131995797157288,-0.03697262331843376,-0.8004845976829529,0.5788025259971619,0.15560202300548554,0.14793533086776734,-0.06077924743294716,0.9871277213096619],"EasingStyle":"Linear","EasingDirection":"In"},"Head":{"Weight":1,"CFrame":[5.960464477539063e-8,1.955777406692505e-8,-5.960464477539063e-8,0.9984831809997559,-0.05412517115473747,-0.010087980888783932,0.05365711450576782,0.9976760149002075,-0.041994933038949969,0.012337524443864823,0.04138994216918945,0.9990668892860413],"EasingStyle":"Linear","EasingDirection":"In"},"Torso":{"Weight":1,"CFrame":[0.023652657866477968,-0.34568262100219729,-0.18796920776367188,0.9818626046180725,-0.18727484345436097,0.02956578880548477,0.18238915503025056,0.9755749106407166,0.12242463231086731,-0.05177070572972298,-0.11481167376041413,0.9920373558998108],"EasingStyle":"Linear","EasingDirection":"In"},"HumanoidRootPart":{"Weight":1,"CFrame":[0,0,0,1,0,0,0,1,0,0,0,1],"EasingStyle":"Linear","EasingDirection":"In"},"Right Arm":{"Weight":1,"CFrame":[0.59235680103302,-0.46186745166778567,-0.08486318588256836,-0.5102078318595886,-0.46687203645706179,0.7223010063171387,0.7940377593040466,0.06697114557027817,0.6041680574417114,-0.3304423987865448,0.8817853927612305,0.3365446925163269],"EasingStyle":"Linear","EasingDirection":"In"}}},{"Time":0.6000000238418579,"poses":{"Left Leg":{"Weight":1,"CFrame":[-0.560795783996582,0.18230098485946656,-0.12471479177474976,0.9244956374168396,0.33345532417297366,-0.18470336496829987,-0.3309224545955658,0.9425696730613709,0.045308083295822147,0.18920396268367768,0.019235411658883096,0.9817494750022888],"EasingStyle":"Linear","EasingDirection":"In"},"Right Leg":{"Weight":1,"CFrame":[0.17777946591377259,-0.09368133544921875,0.12411773204803467,0.7351590394973755,0.6131564378738403,-0.2891027331352234,-0.6218543648719788,0.779770016670227,0.0724973976612091,0.26988592743873598,0.12648263573646546,0.9545490741729736],"EasingStyle":"Linear","EasingDirection":"In"},"Left Arm":{"Weight":1,"CFrame":[0.13712118566036225,-0.40873485803604128,0.022702455520629884,0.582821786403656,0.8109469413757324,-0.0518079549074173,-0.7971131205558777,0.5829389095306397,0.15745772421360017,0.1578906923532486,-0.05047304183244705,0.9861658215522766],"EasingStyle":"Linear","EasingDirection":"In"},"Head":{"Weight":1,"CFrame":[8.195638656616211e-8,-5.21540641784668e-8,-2.384185791015625e-7,0.9989476203918457,-0.04435158520936966,-0.011691936291754246,0.043828707188367847,0.9981676936149597,-0.04171823710203171,0.013520777225494385,0.041161853820085528,0.9990610480308533],"EasingStyle":"Linear","EasingDirection":"In"},"Torso":{"Weight":1,"CFrame":[0.022517818957567216,-0.4018740653991699,-0.20058965682983399,0.9739513993263245,-0.225003182888031,0.028147242963314058,0.21840524673461915,0.9642027616500855,0.15037332475185395,-0.0609741248190403,-0.14030879735946656,0.9882284998893738],"EasingStyle":"Linear","EasingDirection":"In"},"HumanoidRootPart":{"Weight":1,"CFrame":[0,0,0,1,0,0,0,1,0,0,0,1],"EasingStyle":"Linear","EasingDirection":"In"},"Right Arm":{"Weight":1,"CFrame":[0.620211660861969,-0.449226975440979,-0.09424793720245362,-0.580232560634613,-0.38893529772758486,0.7155832648277283,0.7595883011817932,0.0585915669798851,0.6477598547935486,-0.2938636839389801,0.9194000363349915,0.2614338994026184],"EasingStyle":"Linear","EasingDirection":"In"}}},{"Time":0.6333333253860474,"poses":{"Left Leg":{"Weight":1,"CFrame":[-0.5591158866882324,0.12565654516220094,-0.12437713146209717,0.9169120192527771,0.3347403109073639,-0.21730487048625947,-0.33495381474494936,0.9415083527565002,0.0369877964258194,0.21697567403316499,0.038872577250003818,0.9754027724266052],"EasingStyle":"Linear","EasingDirection":"In"},"Right Leg":{"Weight":1,"CFrame":[0.09658163785934448,-0.09977912902832031,0.11358880996704102,0.7030848264694214,0.6380587816238403,-0.31393104791641238,-0.6509425044059753,0.7552040219306946,0.07707703858613968,0.28626173734664919,0.1501592993736267,0.9463120102882385],"EasingStyle":"Linear","EasingDirection":"In"},"Left Arm":{"Weight"