{"Sequence":[{"Time":0,"poses":{"Left Leg":{"Weight":1,"CFrame":[-1.1357483863830567,0.17543292045593263,0.006512641906738281,0.6994198560714722,-0.6957512497901917,-0.16353029012680055,0.7120814323425293,0.6587507724761963,0.24287334084510804,-0.06125372275710106,-0.28631725907325747,0.9561749696731567],"EasingStyle":"Linear","EasingDirection":"In"},"Right Arm":{"Weight":1,"CFrame":[0.05915975198149681,-0.324769526720047,0.1490802764892578,-0.1808483749628067,-0.9610956907272339,0.20878031849861146,0.849181056022644,-0.045495688915252689,0.5261386036872864,-0.49617087841033938,0.27244332432746889,0.824371874332428],"EasingStyle":"Linear","EasingDirection":"In"},"Head":{"Weight":1,"CFrame":[7.543712854385376e-8,1.9376008353333419e-8,0.0166623592376709,0.9785590767860413,-0.07627197355031967,-0.19132348895072938,0.11281196027994156,0.9756598472595215,0.18804624676704408,0.17232398688793183,-0.20559793710708619,0.9633452296257019],"EasingStyle":"Linear","EasingDirection":"In"},"Right Leg":{"Weight":1,"CFrame":[0.49966320395469668,0.2555461525917053,0.01056981086730957,0.9954349994659424,-0.09502828866243363,0.008885066024959088,0.09541646391153336,0.9930208921432495,-0.06932033598423004,-0.002235604450106621,0.0698515921831131,0.9975548982620239],"EasingStyle":"Linear","EasingDirection":"In"},"Torso":{"Weight":1,"CFrame":[0.03606434166431427,-0.2850390076637268,-0.2549595832824707,0.9990383982658386,2.392276314822084e-7,0.043843939900398257,0.015207494609057904,0.9379168152809143,-0.3465268015861511,-0.04112204536795616,0.3468603193759918,0.9370149970054627],"EasingStyle":"Linear","EasingDirection":"In"},"HumanoidRootPart":{"Weight":1,"CFrame":[0,0,0,1,0,0,0,1,0,0,0,1],"EasingStyle":"Linear","EasingDirection":"In"},"Left Arm":{"Weight":1,"CFrame":[-0.8996873497962952,0.455169141292572,0.6525264978408814,0.39932507276535036,0.6904004812240601,0.6032299995422363,0.7473652958869934,-0.6262323260307312,0.2219875305891037,0.5310224294662476,0.3621882200241089,-0.7660515904426575],"EasingStyle":"Linear","EasingDirection":"In"}}},{"Time":0.01666666753590107,"poses":{"Left Leg":{"Weight":1,"CFrame":[-1.2128255367279053,0.2474096417427063,-0.12820029258728028,0.6814959645271301,-0.6945844292640686,-0.23046818375587464,0.7259799838066101,0.6019434332847595,0.332591712474823,-0.09228423237800598,-0.39397525787353518,0.9144763946533203],"EasingStyle":"Linear","EasingDirection":"In"},"Right Arm":{"Weight":1,"CFrame":[0.054368700832128528,-0.3125618100166321,0.06564617156982422,-0.1622403860092163,-0.9749755859375,0.15198925137519837,0.882480800151825,-0.0744505226612091,0.464418888092041,-0.441481351852417,0.20947492122650147,0.8724760413169861],"EasingStyle":"Linear","EasingDirection":"In"},"Head":{"Weight":1,"CFrame":[7.450580596923828e-8,-8.758797775954008e-8,0.01666247844696045,0.9740955233573914,-0.07467649132013321,-0.21345119178295136,0.11586001515388489,0.975411057472229,0.18748266994953156,0.19420208036899568,-0.2073565572500229,0.9587956070899963],"EasingStyle":"Linear","EasingDirection":"In"},"Right Leg":{"Weight":1,"CFrame":[0.4905122220516205,0.2523882985115051,-0.007310271263122559,0.9878369569778442,-0.15100456774234773,0.037092190235853198,0.15280896425247193,0.9868919253349304,-0.051902078092098239,-0.028768464922904969,0.0569387748837471,0.9979630708694458],"EasingStyle":"Linear","EasingDirection":"In"},"Torso":{"Weight":1,"CFrame":[0.03142201900482178,-0.20092594623565675,-0.2227778434753418,0.9991416931152344,-0.002865580143406987,0.041323743760585788,0.016947556287050248,0.9385672211647034,-0.3446800708770752,-0.03779739513993263,0.345084547996521,0.9378103017807007],"EasingStyle":"Linear","EasingDirection":"In"},"HumanoidRootPart":{"Weight":1,"CFrame":[0,0,0,1,0,0,0,1,0,0,0,1],"EasingStyle":"Linear","EasingDirection":"In"},"Left Arm":{"Weight":1,"CFrame":[-0.9471220374107361,0.45721495151519778,0.6479219198226929,0.3966835141181946,0.6931960582733154,0.6017652750015259,0.8425413966178894,-0.5351589322090149,0.06106673926115036,0.36437124013900759,0.4827880859375,-0.7963351011276245],"EasingStyle":"Linear","EasingDirection":"In"}}},{"Time":0.03333333507180214,"poses":{"Left Leg":{"Weight":1,"CFrame":[-1.2020559310913087,0.31347495317459109,-0.23924708366394044,0.7268984317779541,-0.6297386288642883,-0.2739490270614624,0.6797842979431152,0.603150486946106,0.4172564744949341,-0.0975300595164299,-0.48952919244766238,0.8665155172348023],"EasingStyle":"Linear","EasingDirection":"In"},"Right Arm":{"Weight":1,"CFrame":[0.0410335548222065,-0.2784905433654785,-0.0005373954772949219,-0.11628024280071259,-0.9897364377975464,0.08307117223739624,0.9269801378250122,-0.07811354845762253,0.3668871223926544,-0.3566325306892395,0.11966697871685028,0.9265490770339966],"EasingStyle":"Linear","EasingDirection":"In"},"Head":{"Weight":1,"CFrame":[1.1175870895385742e-7,-1.7404090613126756e-7,0.016661763191223146,0.971478283405304,-0.06679754704236984,-0.22752588987350465,0.11147426068782807,0.9755183458328247,0.18957185745239259,0.2092926949262619,-0.20952829718589784,0.9551411867141724],"EasingStyle":"Linear","EasingDirection":"In"},"Right Leg":{"Weight":1,"CFrame":[0.4337790012359619,0.19147372245788575,-0.022345662117004396,0.9725666642189026,-0.22529412806034089,0.057937607169151309,0.22713404893875123,0.9734798669815064,-0.027335871011018754,-0.05024242028594017,0.03974555432796478,0.9979459047317505],"EasingStyle":"Linear","EasingDirection":"In"},"Torso":{"Weight":1,"CFrame":[0.01822122186422348,-0.1299271583557129,-0.14579248428344727,0.9993569254875183,-0.010975722223520279,0.03413598984479904,0.02192290872335434,0.9403671026229858,-0.33945414423942568,-0.028374604880809785,0.3399842083454132,0.9400030970573425],"EasingStyle":"Linear","EasingDirection":"In"},"HumanoidRootPart":{"Weight":1,"CFrame":[0,0,0,1,0,0,0,1,0,0,0,1],"EasingStyle":"Linear","EasingDirection":"In"},"Left Arm":{"Weight":1,"CFrame":[-0.9903438687324524,0.46055829524993899,0.6300342082977295,0.3864605128765106,0.6831176280975342,0.6196761727333069,0.9068037867546082,-0.40409401059150698,-0.12006278336048126,0.1683903932571411,0.6083242893218994,-0.7756200432777405],"EasingStyle":"Linear","EasingDirection":"In"}}},{"Time":0.05000000074505806,"poses":{"Left Leg":{"Weight":1,"CFrame":[-1.128392219543457,0.3336789011955261,-0.23366224765777589,0.7912428975105286,-0.5540915727615356,-0.2586839497089386,0.6045776605606079,0.6453579068183899,0.46690359711647036,-0.09176362305879593,-0.5258286595344544,0.845626175403595],"EasingStyle":"Linear","EasingDirection":"In"},"Right Arm":{"Weight":1,"CFrame":[0.020634735003113748,-0.22946792840957642,-0.0305902361869812,-0.04697953537106514,-0.9985511302947998,-0.0262439027428627,0.9758293032646179,-0.051492441445589069,0.21238116919994355,-0.21342480182647706,-0.0156320258975029,0.9768344759941101],"EasingStyle":"Linear","EasingDirection":"In"},"Head":{"Weight":1,"CFrame":[8.475035429000855e-8,-1.548323780298233e-8,0.016662240028381349,0.9706928133964539,-0.05348758399486542,-0.2342958152294159,0.10059469193220139,0.9758318066596985,0.19399237632751466,0.21825705468654633,-0.2118758261203766,0.9526135325431824],"EasingStyle":"Linear","EasingDirection":"In"},"Right Leg":{"Weight":1,"CFrame":[0.31753474473953249,0.08349496126174927,-0.02513563632965088,0.9540165066719055,-0.29197877645492556,0.06783150881528855,0.2929592728614807,0.9561130404472351,-0.004765253979712725,-0.06346318125724793,0.024417942389845849,0.9976854920387268],"EasingStyle":"Linear","EasingDirection":"In"},"Torso":{"Weight":1,"CFrame":[-0.0024790018796920778,-0.12515079975128175,-0.05339956283569336,0.9994619488716126,-0.02357575297355652,0.022803204134106637,0.02980446070432663,0.9430424571037293,-0.3313348889350891,-0.013692919164896012,0.3318362832069397,0.9432376027107239],"EasingStyle":"Linear","EasingDirection":"In"},"HumanoidRootPart":{"Weight":1,"CFrame":[0,0,0,1,0,0,0,1,0,0,0,1],"EasingStyle":"Linear","EasingDirection":"In"},"Left Arm":{"Weight":1,"CFrame":[-1.0273840427398682,0.46299785375595095,0.604388952255249,0.37996071577072146,0.6648235321044922,0.6431480646133423,0.924120306968689,-0.2424653172492981,-0.2953171730041504,-0.04039265960454941,0.7065553069114685,-0.7065043449401856],"EasingStyle":"Linear","EasingDirection":"In"}}},{"Time":0.06666667014360428,"poses":{"Left Leg":{"Weight":1,"CFrame":[-1.0369949340820313,0.3705155849456787,-0.1925620436668396,0.8570275902748108,-0.4717544615268707,-0.2072472870349884,0.5067330002784729,0.6987343430519104,0.5049673318862915,-0.09340982884168625,-0.5377900004386902,0.837888240814209],"EasingStyle":"Linear","EasingDirection":"In"},"Right Arm":{"Weight":1,"CFrame":[-0.004558425396680832,-0.1714237630367279,-0.017143428325653077,0.02286839671432972,-0.9790983200073242,-0.20209768414497376,0.9996170997619629,0.025544647127389909,-0.01064376812428236,0.015583795495331288,-0.201776921749115,0.9793075919151306],"EasingStyle":"Linear","EasingDirection":"In"},"Head":{"Weight":1,"CFrame":[9.12696123123169e-8,-6.740447133779526e-8,0.0166623592376709,0.9714820981025696,-0.03567200154066086,-0.2344142198562622,0.08415643870830536,0.9761285185813904,0.20022715628147126,0.22167593240737916,-0.2142445147037506,0.951293408870697],"EasingStyle":"Linear","EasingDirection":"In"},"Right Leg":{"Weight":1,"CFrame":[0.29827138781547549,0.07206755876541138,-0.01766073703765869,0.9562738537788391,-0.2856850326061249,0.06264528632164002,0.2857784926891327,0.9582651853561401,0.007653126493096352,-0.062217116355895999,0.010584180243313313,0.9980065822601318],"EasingStyle":"Linear","EasingDirection":"In"},"Torso":{"Weight":1,"CFrame":[-0.02963670715689659,-0.12185823917388916,0.024964094161987306,0.9991737008094788,-0.03988541662693024,0.007827180437743664,0.04028727486729622,0.9462812542915344,-0.3208250403404236,0.005389526952058077,0.32087522745132449,0.947106122970581],"EasingStyle":"Linear","EasingDirection":"In"},"HumanoidRootPart":{"Weight":1,"CFrame":[0,0,0,1,0,0,0,1,0,0,0,1],"EasingStyle":"Linear","EasingDirection":"In"},"Left Arm":{"Weight":1,"CFrame":[-1.056053876876831,0.4616919159889221,0.5769863128662109,0.38198378682136538,0.6494507193565369,0.6574968099594116,0.8940222263336182,-0.07944704592227936,-0.44092226028442385,-0.23412100970745088,0.7562419772148132,-0.6109710335731506],"EasingStyle":"Linear","EasingDirection":"In"}}},{"Time":0.0833333358168602,"poses":{"Left Leg":{"Weight":1,"CFrame":[-0.943432092666626,0.4182353615760803,-0.1403476595878601,0.9093736410140991,-0.3954678475856781,-0.129015251994133,0.3998529016971588,0.7454907894134522,0.5332552790641785,-0.1147056296467781,-0.5365153551101685,0.836058497428894],"EasingStyle":"Linear","EasingDirection":"In"},"Right Arm":{"Weight":1,"CFrame":[-0.03126192092895508,-0.10854038596153259,0.02784407138824463,0.04746449738740921,-0.9047689437866211,-0.4232494831085205,0.9514188766479492,0.17000190913677216,-0.25671321153640749,0.3042193055152893,-0.39050284028053286,0.8688832521438599],"EasingStyle":"Linear","EasingDirection":"In"},"Head":{"Weight":1,"CFrame":[1.0989606380462647e-7,1.8533319234848023e-7,0.01666259765625,0.9734365344047546,-0.014316745102405548,-0.2285093069076538,0.06309417635202408,0.9761731624603272,0.20761753618717194,0.2200922667980194,-0.2165200412273407,0.9511459469795227],"EasingStyle":"Linear","EasingDirection":"In"},"Right Leg":{"Weight":1,"CFrame":[0.32740306854248049,0.09403449296951294,0.013850212097167969,0.971835196018219,-0.23494617640972138,0.018348675221204759,0.23503345251083375,0.9719834327697754,-0.002726093865931034,-0.017194053158164026,0.006961834616959095,0.9998279213905335],"EasingStyle":"Linear","EasingDirection":"In"},"Torso":{"Weight":1,"CFrame":[-0.06220177561044693,-0.11994242668151856,0.05984926223754883,0.9981988072395325,-0.05910562351346016,-0.010280388407409191,0.05306102707982063,0.9497629404067993,-0.3084394037723541,0.027994437143206598,0.3073383569717407,0.9511884450912476],"EasingStyle":"Linear","EasingDirection":"In"},"HumanoidRootPart":{"Weight":1,"CFrame":[0,0,0,1,0,0,0,1,0,0,0,1],"EasingStyle":"Linear","EasingDirection":"In"},"Left Arm":{"Weight":1,"CFrame":[-1.0740418434143067,0.4535737633705139,0.5545938014984131,0.38983285427093508,0.6521866321563721,0.6501405835151672,0.8354593515396118,0.04648451879620552,-0.5475829243659973,-0.3873476982116699,0.7566319108009338,-0.5267543196678162],"EasingStyle":"Linear","EasingDirection":"In"}}},{"Time":0.10000000149011612,"poses":{"Left Leg":{"Weight":1,"CFrame":[-0.8462755084037781,0.47206681966781618,-0.0849655270576477,0.945684552192688,-0.32364264130592348,-0.03059963881969452,0.28682106733322146,0.7863603234291077,0.5471481084823608,-0.15301810204982758,-0.5262061357498169,0.8364763855934143],"EasingStyle":"Linear","EasingDirection":"In"},"Right Arm":{"Weight":1,"CFrame":[-0.05717877298593521,-0.046037107706069949,0.09426486492156983,-0.0009681173833087087,-0.7800727486610413,-0.6256881952285767,0.8204902410507202,0.3570615351200104,-0.4464336037635803,0.5716598033905029,-0.5138030648231506,0.6396963000297546],"EasingStyle":"Linear","EasingDirection":"In"},"Head":{"Weight":1,"CFrame":[9.313225746154785e-8,-8.381903171539307e-8,0.016662240028381349,0.9760695099830627,0.009600937366485596,-0.21724683046340943,0.03834756836295128,0.9757694602012634,0.2154148817062378,0.21405093371868134,-0.21859069168567658,0.9520505666732788],"EasingStyle":"Linear","EasingDirection":"In"},"Right Leg":{"Weight":1,"CFrame":[0.37259918451309206,0.13511759042739869,0.0798194408416748,0.9851931929588318,-0.15636467933654786,-0.07031768560409546,0.15480320155620576,0.9875717163085938,-0.02716660313308239,0.07369173318147659,0.015878906473517419,0.9971546530723572],"EasingStyle":"Linear","EasingDirection":"In"},"Torso":{"Weight":1,"CFrame":[-0.09909667074680329,-0.11930054426193237,0.05573773384094238,0.9962791204452515,-0.0804281234741211,-0.030974475666880609,0.0677867978811264,0.9531829357147217,-0.2946988046169281,0.05322641506791115,0.29150259494781496,0.9550880789756775],"EasingStyle":"Linear","EasingDirection":"In"},"HumanoidRootPart":{"Weight":1,"CFrame":[0,0,0,1,0,0,0,1,0,0,0,1],"EasingStyle":"Linear","EasingDirection":"In"},"Left Arm":{"Weight":1,"CFrame":[-1.079099178314209,0.43576860427856448,0.5444341897964478,0.3969418406486511,0.6864758133888245,0.6092520952224731,0.7781816124916077,0.10027062147855759,-0.6199832558631897,-0.48669350147247317,0.7202061414718628,-0.49440130591392519],"EasingStyle":"Linear","EasingDirection":"In"}}},{"Time":0.11666666716337204,"poses":{"Left Leg":{"Weight":1,"CFrame":[-0.7298349738121033,0.5169733166694641,-0.01822274923324585,0.9660999774932861,-0.2445186972618103,0.08283532410860062,0.16389118134975434,0.8287881016731262,0.5350233316421509,-0.19947615265846253,-0.5033100247383118,0.8407666087150574],"EasingStyle":"Linear","EasingDirection":"In"},"Right Arm":{"Weight":1,"CFrame":[-0.08111128211021424,0.010085642337799073,0.17003333568572999,-0.10026072710752487,-0.6448354125022888,-0.757716953754425,0.653501033782959,0.5315753817558289,-0.5388545393943787,0.7502561807632446,-0.5491947531700134,0.3681045472621918],"EasingStyle":"Linear","EasingDirection":"In"},"Head":{"Weight":1,"CFrame":[1.0803341865539551e-7,2.0489096641540528e-8,0.016662001609802247,0.9788833260536194,0.03512416407465935,-0.2013799101114273,0.010864120908081532,0.9747966527938843,0.22283056378364564,0.2041311115026474,-0.2203129380941391,0.9538305997848511],"EasingStyle":"Linear","EasingDirection":"In"},"Right Leg":{"Weight":1,"CFrame":[0.38885003328323367,0.17224711179733277,0.16944622993469239,0.9805115461349487,-0.08356049656867981,-0.17780521512031556,0.0773855522274971,0.9961414337158203,-0.041397254914045337,0.18057839572429658,0.026830853894352914,0.9831945896148682],"EasingStyle":"Linear","EasingDirection":"In"},"Torso":{"Weight":1,"CFrame":[-0.1392044723033905,-0.11982816457748413,0.03827786445617676,0.9932277798652649,-0.10304909199476242,-0.053662192076444629,0.08408080786466599,0.956275463104248,-0.28012117743492129,0.08018205314874649,0.2737121880054474,0.958463728427887],"EasingStyle":"Linear","EasingDirection":"In"},"HumanoidRootPart":{"Weight":1,"CFrame":[0,0,0,1,0,0,0,1,0,0,0,1],"EasingStyle":"Linear","EasingDirection":"In"},"Left Arm":{"Weight":1,"CFrame":[-1.0437947511672974,0.3987894058227539,0.5742568969726563,0.38310784101486208,0.7568234205245972,0.5295721292495728,0.7497625350952148,0.0800798237323761,-0.6568435430526733,-0.5395224690437317,0.6486953496932983,-0.5367587208747864],"EasingStyle":"Linear","EasingDirection":"In"}}},{"Time":0.13333334028720857,"poses":{"Left Leg":{"Weight":1,"CFrame":[-0.5989231467247009,0.5416010618209839,0.05340170860290527,0.9670596718788147,-0.15920332074165345,0.19861991703510285,0.041080527007579806,0.8676616549491882,0.4954550862312317,-0.2512129843235016,-0.4709750711917877,0.8456206917762756],"EasingStyle":"Linear","EasingDirection":"In"},"Right Arm":{"Weight":1,"CFrame":[-0.10149127244949341,0.05480504035949707,0.24118423461914063,-0.2048027664422989,-0.5365426540374756,-0.8186438083648682,0.5076205134391785,0.6568835377693176,-0.5575173497200012,0.836885392665863,-0.5297414660453796,0.1378284990787506],"EasingStyle":"Linear","EasingDirection":"In"},"Head":{"Weight":1,"CFrame":[1.1920928955078126e-7,3.3527612686157229e-8,0.0166623592376709,0.9814237356185913,0.061348117887973788,-0.18178002536296845,-0.018404867500066758,0.9732325077056885,0.22908459603786469,0.19096817076206208,-0.22148340940475465,0.9562825560569763],"EasingStyle":"Linear","EasingDirection":"In"},"Right Leg":{"Weight":1,"CFrame":[0.3962487578392029,0.22506225109100343,0.26045477390289309,0.9607416391372681,-0.011963237076997757,-0.27718645334243777,0.00566709041595459,0.9997076988220215,-0.023504501208662988,0.2773866653442383,0.021010855212807657,0.9605286121368408],"EasingStyle":"Linear","EasingDirection":"In"},"Torso":{"Weight":1,"CFrame":[-0.18136435747146607,-0.12140870094299317,0.009840011596679688,0.9889591932296753,-0.1261863112449646,-0.07769719511270523,0.10150616616010666,0.9588327407836914,-0.26521024107933047,0.10796450823545456,0.25439539551734927,0.9610549807548523],"EasingStyle":"Linear","EasingDirection":"In"},"HumanoidRootPart":{"Weight":1,"CFrame":[0,0,0,1,0,0,0,1,0,0,0,1],"EasingStyle":"Linear","EasingDirection":"In"},"Left Arm":{"Weight":1,"CFrame":[-0.9514197111129761,0.3401966691017151,0.6507366895675659,0.3370938301086426,0.8486267924308777,0.4076767563819885,0.7569687962532044,0.013166461139917374,-0.653318464756012,-0.559791088104248,0.5288282632827759,-0.6379455924034119],"EasingStyle":"Linear","EasingDirection":"In"}}},{"Time":0.15000000596046449,"poses":{"Left Leg":{"Weight":1,"CFrame":[-0.4637676477432251,0.5388460755348206,0.122489333152771,0.9501449465751648,-0.07152009755373001,0.30349552631378176,-0.07084706425666809,0.8983632922172546,0.4335021674633026,-0.30365338921546938,-0.4333916902542114,0.8485082983970642],"EasingStyle":"Linear","EasingDirection":"In"},"Right Arm":{"Weight":1,"CFrame":[-0.11582067608833313,0.08426398038864136,0.2936258316040039,-0.2831900715827942,-0.46948134899139407,-0.8362958431243897,0.4124006927013397,0.7276477813720703,-0.5481372475624085,0.8658690452575684,-0.5001160502433777,-0.01244816742837429],"EasingStyle":"Linear","EasingDirection":"In"},"Head":{"Weight":1,"CFrame":[7.82310962677002e-8,1.4901161193847657e-8,0.0166623592376709,0.983325183391571,0.08745040744543076,-0.15944956243038178,-0.04851396381855011,0.9711583256721497,0.23344799876213075,0.1752658188343048,-0.22181974351406098,0.9592069387435913],"EasingStyle":"Linear","EasingDirection":"In"},"Right Leg":{"Weight":1,"CFrame":[0.41579878330230715,0.3080757260322571,0.32376575469970705,0.9373641014099121,0.0641685202717781,-0.3423900604248047,-0.051461100578308108,0.997611403465271,0.04608037695288658,0.3445291519165039,-0.025574374943971635,0.9384272694587708],"EasingStyle":"Linear","EasingDirection":"In"},"Torso":{"Weight":1,"CFrame":[-0.22437436878681184,-0.12390470504760742,-0.027125120162963868,0.9835076928138733,-0.14909827709197999,-0.10238325595855713,0.1195722222328186,0.96071857213974,-0.2504442036151886,0.13570229709148408,0.23407161235809327,0.9627021551132202],"EasingStyle":"Linear","EasingDirection":"In"},"HumanoidRootPart":{"Weight":1,"CFrame":[0,0,0,1,0,0,0,1,0,0,0,1],"EasingStyle":"Linear","EasingDirection":"In"},"Left Arm":{"Weight":1,"CFrame":[-0.8161740303039551,0.2679731249809265,0.7492234706878662,0.2701435387134552,0.9348912835121155,0.23021885752677918,0.7953367233276367,-0.08191731572151184,-0.6006073355674744,-0.542643666267395,0.34535175561904909,-0.7656828761100769],"EasingStyle":"Linear","EasingDirection":"In"}}},{"Time":0.1666666716337204,"poses":{"Left Leg":{"Weight":1,"CFrame":[-0.33706897497177126,0.5094770789146423,0.18225228786468507,0.9217168688774109,0.012586216442286969,0.38765913248062136,-0.1638249158859253,0.9185757637023926,0.3596942722797394,-0.3515670895576477,-0.3950444161891937,0.8487286567687988],"EasingStyle":"Linear","EasingDirection":"In"},"Right Arm":{"Weight":1,"CFrame":[-0.12120065093040467,0.09488600492477417,0.3139129877090454,-0.3219284415245056,-0.4453265070915222,-0.8354917764663696,0.37720805406570437,0.7490754723548889,-0.5446099638938904,0.8683755397796631,-0.4904796779155731,-0.07316797971725464],"EasingStyle":"Linear","EasingDirection":"In"},"Head":{"Weight":1,"CFrame":[9.313225746154785e-8,-1.4901161193847657e-8,0.0166623592376709,0.984343409538269,0.11271312832832337,-0.13551314175128938,-0.07853773981332779,0.9687507152557373,0.2352743297815323,0.15779690444469453,-0.22094786167144776,0.9624355435371399],"EasingStyle":"Linear","EasingDirection":"In"},"Right Leg":{"Weight":1,"CFrame":[0.4475512206554413,0.3761370778083801,0.3512974977493286,0.9046164751052856,0.18663319945335389,-0.38319334387779238,-0.1267642080783844,0.976161539554596,0.17618057131767274,0.40693968534469607,-0.11080068349838257,0.9067102074623108],"EasingStyle":"Linear","EasingDirection":"In"},"Torso":{"Weight":1,"CFrame":[-0.26699966192245486,-0.12714719772338868,-0.07007360458374024,0.9770359992980957,-0.1711016595363617,-0.1269841343164444,0.1377401500940323,0.9618769884109497,-0.2362632155418396,0.16256815195083619,0.21334685385227204,0.9633559584617615],"EasingStyle":"Linear","EasingDirection":"In"},"HumanoidRootPart":{"Weight":1,"CFrame":[0,0,0,1,0,0,0,1,0,0,0,1],"EasingStyle":"Linear","EasingDirection":"In"},"Left Arm":{"Weight":1,"CFrame":[-0.6526346802711487,0.19046682119369508,0.8454259634017944,0.20064571499824525,0.9796615839004517,-0.0021415166556835176,0.8532252907752991,-0.175823375582695,-0.4910121262073517,-0.48140203952789309,0.0966922864317894,-0.8711501359939575],"EasingStyle":"Linear","EasingDirection":"In"}}},{"Time":0.18333333730697633,"poses":{"Left Leg":{"Weight":1,"CFrame":[-0.22914090752601624,0.46092677116394045,0.2285095453262329,0.8902435898780823,0.08696827292442322,0.4471050798892975,-0.23458388447761537,0.9289509654045105,0.2863923907279968,-0.39043161273002627,-0.3598426282405853,0.8473939895629883],"EasingStyle":"Linear","EasingDirection":"In"},"Right Arm":{"Weight":1,"CFrame":[-0.12119308114051819,0.09444767236709595,0.3105752468109131,-0.34342876076698305,-0.44399499893188479,-0.8276020884513855,0.3894987404346466,0.7345114350318909,-0.5556831955909729,0.8546035885810852,-0.5131875276565552,-0.07931677997112274],"EasingStyle":"Linear","EasingDirection":"In"},"Head":{"Weight":1,"CFrame":[6.332993507385254e-8,2.2351741790771486e-8,0.016662120819091798,0.9843751192092896,0.1365337073802948,-0.11119470000267029,-0.10758648067712784,0.9662608504295349,0.23401957750320435,0.13939467072486878,-0.21839989721775056,0.9658523201942444],"EasingStyle":"Linear","EasingDirection":"In"},"Right Leg":{"Weight":1,"CFrame":[0.44257107377052309,0.3765656352043152,0.37071382999420168,0.8445432782173157,0.33787664771080019,-0.41543492674827578,-0.20809902250766755,0.9219148755073547,0.3267536461353302,0.4933980107307434,-0.18950596451759339,0.8489087224006653],"EasingStyle":"Linear","EasingDirection":"In"},"Torso":{"Weight":1,"CFrame":[-0.3079847991466522,-0.13092970848083497,-0.11637091636657715,0.9698314666748047,-0.19158518314361573,-0.1507384330034256,0.15543398261070252,0.962332546710968,-0.22306130826473237,0.1877957582473755,0.19290199875831605,0.9630792140960693],"EasingStyle":"Linear","EasingDirection":"In"},"HumanoidRootPart":{"Weight":1,"CFrame":[0,0,0,1,0,0,0,1,0,0,0,1],"EasingStyle":"Linear","EasingDirection":"In"},"Left Arm":{"Weight":1,"CFrame":[-0.4753129780292511,0.11627399921417237,0.9161392450332642,0.15022483468055726,0.9540290236473084,-0.2593478560447693,0.911614716053009,-0.235188290476799,-0.33711278438568118,-0.3826110363006592,-0.18578237295150758,-0.9050379991531372],"EasingStyle":"Linear","EasingDirection":"In"}}},{"Time":0.20000000298023225,"poses":{"Left Leg":{"Weight":1,"CFrame":[-0.14580081403255464,0.4041558504104614,0.25980496406555178,0.8633935451507568,0.14663828909397126,0.4827513098716736,-0.2837783396244049,0.9322752952575684,0.22434957325458527,-0.41715893149375918,-0.33069637417793276,0.8465332388877869],"EasingStyle":"Linear","EasingDirection":"In"},"Right Arm":{"Weight":1,"CFrame":[-0.12127536535263062,0.09319055080413819,0.3014180660247803,-0.37373292446136477,-0.4458332061767578,-0.8133612275123596,0.42537397146224978,0.6968684196472168,-0.5774351358413696,0.8242455124855042,-0.5617892742156982,-0.0707968920469284],"EasingStyle":"Linear","EasingDirection":"In"},"Head":{"Weight":1,"CFrame":[7.078051567077637e-8,-2.9802322387695315e-8,0.016662240028381349,0.9834623336791992,0.15841783583164216,-0.08778195083141327,-0.1348186433315277,0.9639868140220642,0.22924555838108064,0.12093723565340042,-0.21361972391605378,0.9694023132324219],"EasingStyle":"Linear","EasingDirection":"In"},"Right Leg":{"Weight":1,"CFrame":[0.38049378991127016,0.35262346267700198,0.3819388151168823,0.7807155251502991,0.45146840810775759,-0.4320412576198578,-0.24913182854652406,0.8589451909065247,0.44737741351127627,0.5730765461921692,-0.24163925647735597,0.7830669283866882],"EasingStyle":"Linear","EasingDirection":"In"},"Torso":{"Weight":1,"CFrame":[-0.34606677293777468,-0.13500404357910157,-0.16329741477966309,0.9622928500175476,-0.21001595258712769,-0.17287567257881165,0.17205359041690827,0.9621848464012146,-0.2111821323633194,0.2106899917125702,0.17347514629364015,0.9620375037193298],"EasingStyle":"Linear","EasingDirection":"In"},"HumanoidRootPart":{"Weight":1,"CFrame":[0,0,0,1,0,0,0,1,0,0,0,1],"EasingStyle":"Linear","EasingDirection":"In"},"Left Arm":{"Weight":1,"CFrame":[-0.29777324199676516,0.053548574447631839,0.9391829967498779,0.12963569164276124,0.861141562461853,-0.4915587604045868,0.9534556865692139,-0.24436943233013154,-0.17665205895900727,-0.2722444534301758,-0.4457789957523346,-0.852739155292511],"EasingStyle":"Linear","EasingDirection":"In"}}},{"Time":0.21666666865348817,"poses":{"Left Leg":{"Weight":1,"CFrame":[-0.08930295705795288,0.35034239292144778,0.27631306648254397,0.846803605556488,0.1879851222038269,0.4975794851779938,-0.31357982754707339,0.9320471286773682,0.18153782188892365,-0.4296411871910095,-0.309757798910141,0.8482090830802918],"EasingStyle":"Linear","EasingDirection":"In"},"Right Arm":{"Weight":1,"CFrame":[-0.12148779630661011,0.09096157550811768,0.2873373031616211,-0.4111764430999756,-0.453291654586792,-0.790860652923584,0.4736843407154083,0.6350080370903015,-0.6102360486984253,0.778817892074585,-0.6255329251289368,-0.04638312757015228],"EasingStyle":"Linear","EasingDirection":"In"},"Head":{"Weight":1,"CFrame":[1.9371509552001954e-7,2.9802322387695315e-8,0.0166623592376709,0.9817837476730347,0.1779518872499466,-0.06658702343702316,-0.15944762527942658,0.962241530418396,0.22060763835906983,0.1033303514122963,-0.2059718370437622,0.9730871319770813],"EasingStyle":"Linear","EasingDirection":"In"},"Right Leg":{"Weight":1,"CFrame":[0.3436760902404785,0.35806041955947878,0.3903334140777588,0.7352510690689087,0.5159263610839844,-0.43957459926605227,-0.27182087302207949,0.8185442686080933,0.506061851978302,0.6209020018577576,-0.25259703397750857,0.7420752048492432],"EasingStyle":"Linear","EasingDirection":"In"},"Torso":{"Weight":1,"CFrame":[-0.37998634576797488,-0.13908174633979798,-0.20806407928466798,0.9549065232276917,-0.22593651711940766,-0.192629873752594,0.18698826432228089,0.9615957736968994,-0.2009204477071762,0.23062734305858613,0.15584072470664979,0.9604815244674683],"EasingStyle":"Linear","EasingDirection":"In"},"HumanoidRootPart":{"Weight":1,"CFrame":[0,0,0,1,0,0,0,1,0,0,0,1],"EasingStyle":"Linear","EasingDirection":"In"},"Left Arm":{"Weight":1,"CFrame":[-0.13127315044403077,0.007727324962615967,0.9180892705917358,0.12913991510868073,0.7346251606941223,-0.6660696864128113,0.9755461812019348,-0.21459241211414338,-0.04753710702061653,-0.1778554916381836,-0.643642783164978,-0.7443732023239136],"EasingStyle":"Linear","EasingDirection":"In"}}},{"Time":0.23333333432674409,"poses":{"Left Leg":{"Weight":1,"CFrame":[-0.060646504163742068,0.3081517815589905,0.27807629108428957,0.8443438410758972,0.20840469002723695,0.4936101734638214,-0.32569605112075808,0.931145191192627,0.16398443281650544,-0.4254475235939026,-0.2992260754108429,0.854083240032196],"EasingStyle":"Linear","EasingDirection":"In"},"Right Arm":{"Weight":1,"CFrame":[-0.12186989188194275,0.08761823177337647,0.26926326751708987,-0.45461568236351015,-0.46865931153297427,-0.757418692111969,0.5224799513816834,0.5483770966529846,-0.6529145240783691,0.7213454246520996,-0.692561149597168,-0.004435732960700989],"EasingStyle":"Linear","EasingDirection":"In"},"Head":{"Weight":1,"CFrame":[8.195638656616211e-8,-4.470348358154297e-8,0.016661763191223146,0.9795870780944824,0.19483409821987153,-0.04948579892516136,-0.18071633577346803,0.9613568186759949,0.2076893150806427,0.08803846687078476,-0.19450686872005464,0.9769424200057983],"EasingStyle":"Linear","EasingDirection":"In"},"Right Leg":{"Weight":1,"CFrame":[0.3520376682281494,0.3892154097557068,0.40403246879577639,0.7056288123130798,0.5510714650154114,-0.4454304575920105,-0.2953163981437683,0.8001387119293213,0.522078812122345,0.6441089510917664,-0.23685099184513093,0.72734135389328],"EasingStyle":"Linear","EasingDirection":"In"},"Torso":{"Weight":1,"CFrame":[-0.40849626064300539,-0.14284169673919679,-0.2478313446044922,0.948217511177063,-0.2389521449804306,-0.2092498391866684,0.19962841272354127,0.9607707262039185,-0.192531019449234,0.2470468133687973,0.14078907668590547,0.9587212204933167],"EasingStyle":"Linear","EasingDirection":"In"},"HumanoidRootPart":{"Weight":1,"CFrame":[0,0,0,1,0,0,0,1,0,0,0,1],"EasingStyle":"Linear","EasingDirection":"In"},"Left Arm":{"Weight":1,"CFrame":[0.01774778962135315,-0.023550868034362794,0.8752733469009399,0.13777419924736024,0.6024972200393677,-0.786139726638794,0.9850913286209106,-0.1659090667963028,0.04548865184187889,-0.10302095860242844,-0.7806864380836487,-0.6163725256919861],"EasingStyle":"Linear","EasingDirection":"In"}}},{"Time":0.25,"poses":{"Left Leg":{"Weight":1,"CFrame":[-0.0643392950296402,0.28973108530044558,0.27224111557006838,0.8582803606987,0.20867246389389039,0.4688398241996765,-0.3153875172138214,0.9351835250854492,0.16112928092479707,-0.40482792258262637,-0.28616026043891909,0.8684621453285217],"EasingStyle":"Linear","EasingDirection":"In"},"Right Arm":{"Weight":1,"CFrame":[-0.12246093153953552,0.08307778835296631,0.24813425540924073,-0.5031170845031738,-0.49399513006210329,-0.7091134190559387,0.5601750612258911,0.4384053945541382,-0.7028548121452332,0.6580858826637268,-0.7508459091186523,0.056154750287532809],"EasingStyle":"Linear","EasingDirection":"In"},"Head":{"Weight":1,"CFrame":[8.195638656616211e-8,-4.470348358154297e-8,0.016661763191223146,0.9772300720214844,0.20876947045326234,-0.037903837859630588,-0.19794350862503053,0.9613240957260132,0.1915052980184555,0.07641833275556565,-0.17964190244674684,0.9807593822479248],"EasingStyle":"Linear","EasingDirection":"In"},"Right Leg":{"Weight":1,"CFrame":[0.34003257751464846,0.42179930210113528,0.4066314697265625,0.6893355846405029,0.5677989721298218,-0.44991204142570498,-0.30512624979019167,0.7908331155776978,0.5305479168891907,0.6570498943328857,-0.22844558954238892,0.718399703502655],"EasingStyle":"Linear","EasingDirection":"In"},"Torso":{"Weight":1,"CFrame":[-0.4303644895553589,-0.14594173431396485,-0.2797398567199707,0.9427936673164368,-0.24870672821998597,-0.22200259566307069,0.20937342941761018,0.9599355459213257,-0.18624334037303925,0.25942814350128176,0.12910759449005128,0.9570936560630798],"EasingStyle":"Linear","EasingDirection":"In"},"HumanoidRootPart":{"Weight":1,"CFrame":[0,0,0,1,0,0,0,1,0,0,0,1],"EasingStyle":"Linear","EasingDirection":"In"},"Left Arm":{"Weight":1,"CFrame":[0.14363965392112733,-0.04434838891029358,0.8167425394058228,0.15265537798404694,0.4787190556526184,-0.8645950555801392,0.9873360395431519,-0.11209367215633393,0.11226150393486023,-0.043173953890800479,-0.8707830905914307,-0.48976805806159975],"EasingStyle":"Linear","EasingDirection":"In"}}},{"Time":0.2666666805744171,"poses":{"Left Leg":{"Weight":1,"CFrame":[-0.09488044679164887,0.2947004437446594,0.2653498649597168,0.8838843703269959,0.19559550285339356,0.4248424470424652,-0.28427520394325259,0.9459810256958008,0.15590877830982209,-0.3713977634906769,-0.258577436208725,0.8917406797409058],"EasingStyle":"Linear","EasingDirection":"In"},"Right Arm":{"Weight":1,"CFrame":[-0.12337395548820496,0.0773324966430664,0.22491812705993653,-0.5553112030029297,-0.5329761505126953,-0.638408899307251,0.574802041053772,0.30880337953567507,-0.7577883005142212,0.6010259389877319,-0.7877670526504517,0.13487385213375092],"EasingStyle":"Linear","EasingDirection":"In"},"Head":{"Weight":1,"CFrame":[7.450580596923828e-9,-7.450580596923828e-8,0.016661882400512697,0.9751400947570801,0.21921874582767487,-0.032329510897397998,-0.21050071716308595,0.962004542350769,0.17388755083084107,0.0692204087972641,-0.16275930404663087,0.9842346906661987],"EasingStyle":"Linear","EasingDirection":"In"},"Right Leg":{"Weight":1,"CFrame":[0.31273353099823,0.4526798725128174,0.3979595899581909,0.6871464252471924,0.567973792552948,-0.45302945375442507,-0.30265817046165469,0.7906650900840759,0.5322092175483704,0.6604755520820618,-0.22859260439872743,0.7152045965194702],"EasingStyle":"Linear","EasingDirection":"In"},"Torso":{"Weight":1,"CFrame":[-0.44437262415885928,-0.14803680777549745,-0.3009366989135742,0.9391871094703674,-0.25485002994537356,-0.23017187416553498,0.21563687920570374,0.9593089818954468,-0.18228338658809663,0.2672608494758606,0.12156468629837036,0.9559255838394165],"EasingStyle":"Linear","EasingDirection":"In"},"HumanoidRootPart":{"Weight":1,"CFrame":[0,0,0,1,0,0,0,1,0,0,0,1],"EasingStyle":"Linear","EasingDirection":"In"},"Left Arm":{"Weight":1,"CFrame":[0.2404676079750061,-0.05848205089569092,0.7484405040740967,0.17444519698619843,0.36887672543525698,-0.9129617810249329,0.9846447706222534,-0.05913536250591278,0.16424885392189027,0.006599214393645525,-0.9275953769683838,-0.3735280930995941],"EasingStyle":"Linear","EasingDirection":"In"}}},{"Time":0.28333333134651186,"poses":{"Left Leg":{"Weight":1,"CFrame":[-0.1378415822982788,0.3081662058830261,0.25597381591796877,0.9134553074836731,0.17702756822109223,0.3664158880710602,-0.24337083101272584,0.9592978358268738,0.14324212074279786,-0.32614433765411379,-0.22002023458480836,0.9193590879440308],"EasingStyle":"Linear","EasingDirection":"In"},"Right Arm":{"Weight":1,"CFrame":[-0.1243966817855835,0.07037156820297241,0.20036983489990235,-0.6076183915138245,-0.5802268981933594,-0.5423438549041748,0.5648598074913025,0.16433453559875489,-0.8086578845977783,0.5583308339118958,-0.7977035045623779,0.2278941124677658],"EasingStyle":"Linear","EasingDirection":"In"},"Head":{"Weight":1,"CFrame":[1.7136335372924806e-7,-2.9802322387695315e-8,0.016661882400512697,0.9736924767494202,0.22545060515403748,-0.03309199959039688,-0.2177358716726303,0.9633610844612122,0.15661005675792695,0.06718729436397553,-0.14528465270996095,0.9871060848236084],"EasingStyle":"Linear","EasingDirection":"In"},"Right Leg":{"Weight":1,"CFrame":[0.2730097770690918,0.47770529985427859,0.3777090311050415,0.6989520788192749,0.552147388458252,-0.45453181862831118,-0.2877441942691803,0.7989631295204163,0.5280730724334717,0.6547284126281738,-0.23830893635749818,0.7173142433166504],"EasingStyle":"Linear","EasingDirection":"In"},"Torso":{"Weight":1,"CFrame":[-0.4493106007575989,-0.14880123734474183,-0.30861449241638186,0.9378913640975952,-0.2569958567619324,-0.23305144906044007,0.2178484946489334,0.9590710997581482,-0.1809002161026001,0.2700034976005554,0.11889486759901047,0.9554905295372009],"EasingStyle":"Linear","EasingDirection":"In"},"HumanoidRootPart":{"Weight":1,"CFrame":[0,0,0,1,0,0,0,1,0,0,0,1],"EasingStyle":"Linear","EasingDirection":"In"},"Left Arm":{"Weight":1,"CFrame":[0.30213916301727297,-0.06960603594779968,0.6763793230056763,0.2058739811182022,0.27437832951545718,-0.9393255710601807,0.9772869944572449,-0.008347206749022007,0.21175581216812135,0.05026036128401756,-0.9615855813026428,-0.2698648273944855],"EasingStyle":"Linear","EasingDirection":"In"}}},{"Time":0.30000001192092898,"poses":{"Left Leg":{"Weight":1,"CFrame":[-0.17760175466537476,0.3097887635231018,0.26102256774902346,0.9390390515327454,0.15726332366466523,0.3057349920272827,-0.19660747051239015,0.97513347864151,0.10227596759796143,-0.28204813599586489,-0.1561509370803833,0.9466075301170349],"EasingStyle":"Linear","EasingDirection":"In"},"Right Arm":{"Weight":1,"CFrame":[-0.12509119510650636,0.062215328216552737,0.17507565021514893,-0.6547650098800659,-0.6248297691345215,-0.4252888560295105,0.5371192097663879,0.011227604933083058,-0.8434316515922546,0.5317760705947876,-0.7806802988052368,0.3282567858695984],"EasingStyle":"Linear","EasingDirection":"In"},"Head":{"Weight":1,"CFrame":[8.195638656616211e-8,-5.960464477539063e-8,0.016662240028381349,0.97491854429245,0.21909499168395997,-0.03913051635026932,-0.2113853245973587,0.9665520191192627,0.145236074924469,0.06964214891195297,-0.13332167267799378,0.9886229634284973],"EasingStyle":"Linear","EasingDirection":"In"},"Right Leg":{"Weight":1,"CFrame":[0.21051475405693055,0.49562472105026247,0.3334846496582031,0.7354860901832581,0.5061288475990295,-0.45043736696243288,-0.24135440587997437,0.8169159889221191,0.5238285660743713,0.633094310760498,-0.2765536308288574,0.7229867577552795],"EasingStyle":"Linear","EasingDirection":"In"},"Torso":{"Weight":1,"CFrame":[-0.4298955798149109,-0.15377482771873475,-0.2931509017944336,0.9406179785728455,-0.24865035712718965,-0.23110781610012055,0.20787447690963746,0.9601245522499085,-0.18694670498371125,0.2683766484260559,0.1278040111064911,0.9547985196113586],"EasingStyle":"Linear","EasingDirection":"In"},"HumanoidRootPart":{"Weight":1,"CFrame":[0,0,0,1,0,0,0,1,0,0,0,1],"EasingStyle":"Linear","EasingDirection":"In"},"Left Arm":{"Weight":1,"CFrame":[0.3224901556968689,-0.08128529787063599,0.6066606044769287,0.25071054697036745,0.19509883224964143,-0.948198676109314,0.9638128280639648,0.04136817902326584,0.26335081458091738,0.09060463309288025,-0.9799107313156128,-0.17766720056533814],"EasingStyle":"Linear","EasingDirection":"In"}}},{"Time":0.3166666626930237,"poses":{"Left Leg":{"Weight":1,"CFrame":[-0.20547932386398316,0.27705150842666628,0.2899777889251709,0.9580846428871155,0.14114612340927125,0.2493024617433548,-0.1515442281961441,0.9881848096847534,0.022918784990906717,-0.24312210083007813,-0.05973847210407257,0.9681544303894043],"EasingStyle":"Linear","EasingDirection":"In"},"Right Arm":{"Weight":1,"CFrame":[-0.1250922679901123,0.05296677350997925,0.1495581865310669,-0.692059338092804,-0.6586945056915283,-0.29525503516197207,0.5000534653663635,-0.1424979865550995,-0.8541902899742127,0.520577073097229,-0.7387936115264893,0.42799949645996096],"EasingStyle":"Linear","EasingDirection":"In"},"Head":{"Weight":1,"CFrame":[2.2351741790771486e-8,-8.940696716308594e-8,0.016661882400512697,0.9792665243148804,0.1967050135