{"Sequence":[{"Time":0,"poses":{"Left Leg":{"Weight":1,"CFrame":[-0.004462301265448332,0.30000489950180056,-5.960464477539063e-8,1,-0.00010480761557118967,2.775458938231168e-7,0.00010478121839696541,1,-5.761137700233121e-8,-3.155993226755527e-7,5.76204612912079e-8,1],"EasingStyle":"Linear","EasingDirection":"In"},"Right Arm":{"Weight":1,"CFrame":[0,-0.299999862909317,0,1,8.972171450238875e-9,5.2683560625155226e-8,7.351370356900589e-8,1,8.742277657347586e-8,-7.4505820180093e-8,-2.066320519134024e-7,1],"EasingStyle":"Linear","EasingDirection":"In"},"Head":{"Weight":1,"CFrame":[6.993820989009692e-8,0,-0.20000004768371583,1,-6.357302595461079e-8,8.742277657347586e-8,6.357302595461079e-8,1,0,-8.742277657347586e-8,-2.0850114102149814e-15,1],"EasingStyle":"Linear","EasingDirection":"In"},"Left Arm":{"Weight":1,"CFrame":[0,-0.30000004172325137,0,1,7.532151613531824e-8,-1.053671550010904e-8,-1.3909058793615259e-8,1,-5.7620454185780548e-8,-7.450584149637507e-9,-3.178652363544643e-8,1],"EasingStyle":"Linear","EasingDirection":"In"},"Torso":{"Weight":1,"CFrame":[0,0,-0.2999999523162842,1,0,-8.742277657347586e-8,0,1,0,8.742277657347586e-8,0,1],"EasingStyle":"Linear","EasingDirection":"In"},"HumanoidRootPart":{"Weight":0,"CFrame":[0,0,0,1,0,0,0,1,0,0,0,1],"EasingStyle":"Linear","EasingDirection":"In"},"Right Leg":{"Weight":1,"CFrame":[0.0044107586145401,0.300004780292511,1.1920928955078126e-7,1,0.00031562504591420293,3.3180828040713097e-7,-0.00031567757832817733,0.9999999403953552,8.745012536337527e-8,-2.7015505565941569e-7,-1.1722511317202589e-7,1],"EasingStyle":"Linear","EasingDirection":"In"}}},{"Time":0.03333333507180214,"poses":{"Left Leg":{"Weight":1,"CFrame":[-0.004462316632270813,0.16923826932907105,-5.960464477539063e-8,1,-0.00010484149970579892,3.501772596337105e-7,0.00010481102799531072,1,-5.761137344961753e-8,-3.874209824061836e-7,8.298808751305842e-8,1],"EasingStyle":"Linear","EasingDirection":"In"},"Right Arm":{"Weight":1,"CFrame":[1.0269562977782698e-15,-0.16923275589942933,0,1,-5.701571437199959e-10,1.2665985593685037e-7,7.351368935815117e-8,1,8.742278367890322e-8,-1.4156101713069803e-7,-8.866274470165081e-8,1],"EasingStyle":"Linear","EasingDirection":"In"},"Head":{"Weight":1,"CFrame":[7.755957653898804e-8,-1.5258415512938708e-15,-0.11282181739807129,1,-5.960464477539063e-8,8.742278367890322e-8,5.960464477539063e-8,1,-8.389069366748162e-16,-8.742278367890322e-8,-1.4254929227579434e-15,1],"EasingStyle":"Linear","EasingDirection":"In"},"Left Arm":{"Weight":1,"CFrame":[-1.0269562977782698e-15,-0.16923293471336366,0,1,8.374416182732603e-8,-5.21540641784668e-8,-1.3909063234507358e-8,1,-5.7620457738494227e-8,4.470348358154297e-8,-5.19891436567832e-8,1],"EasingStyle":"Linear","EasingDirection":"In"},"Torso":{"Weight":1,"CFrame":[0,0,-0.16923308372497559,0.9938260316848755,-0.1109495535492897,-8.688303410053777e-8,0.1109495535492897,0.9938260316848755,-9.699517633521282e-9,8.742277657347586e-8,0,1],"EasingStyle":"Linear","EasingDirection":"In"},"HumanoidRootPart":{"Weight":0,"CFrame":[0,0,0,1,0,0,0,1,0,0,0,1],"EasingStyle":"Linear","EasingDirection":"In"},"Right Leg":{"Weight":1,"CFrame":[0.004410766065120697,0.1692381501197815,1.1920928955078126e-7,1,0.0003155943122692406,3.9488071479354405e-7,-0.00031564777600578964,0.9999999403953552,8.745012536337527e-8,-3.277979203630821e-7,-1.249412520110127e-7,1],"EasingStyle":"Linear","EasingDirection":"In"}}},{"Time":0.06666667014360428,"poses":{"Left Leg":{"Weight":1,"CFrame":[-0.004462316632270813,0.12000459432601929,-5.960464477539063e-8,1,-0.00010480416676728055,3.874302478834579e-7,0.00010478145122760907,1,-5.761136989690385e-8,-4.172232763721695e-7,3.747515719965122e-8,1],"EasingStyle":"Linear","EasingDirection":"In"},"Right Arm":{"Weight":1,"CFrame":[5.800915303666443e-15,-0.12000027298927307,0,1,1.053671461193062e-8,4.470347647611561e-8,7.351369646357853e-8,1,8.742278367890322e-8,-5.960464477539063e-8,-8.742278367890322e-8,1],"EasingStyle":"Linear","EasingDirection":"In"},"Head":{"Weight":1,"CFrame":[8.042897547966277e-8,-6.750155905017657e-15,-0.08000016212463379,1,-4.470348358154297e-8,8.742278367890322e-8,4.470348358154297e-8,1,-1.7763568394002506e-15,-8.742278367890322e-8,-2.3136713424580688e-15,1],"EasingStyle":"Linear","EasingDirection":"In"},"Left Arm":{"Weight":1,"CFrame":[-5.800915303666443e-15,-0.1200004518032074,1.1920928955078126e-7,1,8.216939306748827e-8,-1.4901161193847657e-8,-1.3909059681793679e-8,1,-5.76204612912079e-8,-1.2212454329667906e-15,1.706441210558296e-8,1],"EasingStyle":"Linear","EasingDirection":"In"},"Torso":{"Weight":1,"CFrame":[0,0,-0.12000012397766113,0.9743775129318237,-0.2249189168214798,-8.518279059899214e-8,0.2249189168214798,0.9743775129318237,-1.966303564415739e-8,8.742277657347586e-8,0,1],"EasingStyle":"Linear","EasingDirection":"In"},"HumanoidRootPart":{"Weight":0,"CFrame":[0,0,0,1,0,0,0,1,0,0,0,1],"EasingStyle":"Linear","EasingDirection":"In"},"Right Leg":{"Weight":1,"CFrame":[0.004410788416862488,0.12000471353530884,1.1920928955078126e-7,0.9999999403953552,0.00031559469061903656,3.427267074584961e-7,-0.0003156482707709074,0.9999999403953552,8.74501182579479e-8,-2.681933040094009e-7,-1.3408349275323418e-7,1],"EasingStyle":"Linear","EasingDirection":"In"}}},{"Time":0.10000000149011612,"poses":{"Left Leg":{"Weight":1,"CFrame":[-0.004462331533432007,0.08576172590255737,-5.960464477539063e-8,1,-0.00010487263352843001,2.384185791015625e-7,0.00010484061203897,1,-5.761137344961753e-8,-2.9801407208651656e-7,3.7189568757867167e-8,1],"EasingStyle":"Linear","EasingDirection":"In"},"Right Arm":{"Weight":1,"CFrame":[0,-0.08575716614723206,0,1,-3.4787994707130567e-9,8.940694584680387e-8,7.351369646357853e-8,1,8.742277657347586e-8,-8.940696005765858e-8,-9.248339694067909e-8,1],"EasingStyle":"Linear","EasingDirection":"In"},"Head":{"Weight":1,"CFrame":[8.242466265073745e-8,0,-0.05717158317565918,1,-2.9802322387695315e-8,8.742277657347586e-8,2.9802322387695315e-8,1,0,-8.742278367890322e-8,-2.3136713424580688e-15,1],"EasingStyle":"Linear","EasingDirection":"In"},"Left Arm":{"Weight":1,"CFrame":[0,-0.08575734496116638,0,1,6.810062558315622e-8,-2.9802322387695315e-8,-1.3909061458150518e-8,1,-5.7620457738494227e-8,-1.2212454329667906e-15,-4.2611109307699738e-8,1],"EasingStyle":"Linear","EasingDirection":"In"},"Torso":{"Weight":1,"CFrame":[0,0,-0.08575701713562012,0.9405652284622192,-0.339613139629364,-8.222682623681976e-8,0.339613139629364,0.9405652284622192,-2.968992340868226e-8,8.742277657347586e-8,0,1],"EasingStyle":"Linear","EasingDirection":"In"},"HumanoidRootPart":{"Weight":0,"CFrame":[0,0,0,1,0,0,0,1,0,0,0,1],"EasingStyle":"Linear","EasingDirection":"In"},"Right Leg":{"Weight":1,"CFrame":[0.004410833120346069,0.08576160669326782,1.1920928955078126e-7,1,0.0003155544400215149,4.4703477897201085e-7,-0.00031558817136101425,0.9999999403953552,8.74501182579479e-8,-3.277979203630821e-7,-1.3764142181571516e-7,1],"EasingStyle":"Linear","EasingDirection":"In"}}},{"Time":0.13333334028720857,"poses":{"Left Leg":{"Weight":1,"CFrame":[-0.004462242126464844,0.06000488996505737,-1.1920928955078126e-7,1,-0.0001048430276568979,1.7881397695873603e-7,0.00010481126810191199,1,-8.74137029427402e-8,-1.4900244593718527e-7,6.145123876422076e-8,1],"EasingStyle":"Linear","EasingDirection":"In"},"Right Arm":{"Weight":1,"CFrame":[0,-0.05999985337257385,0,1,1.0536711059216941e-8,8.940696716308594e-8,7.351370356900589e-8,1,8.742277657347586e-8,-5.960465188081798e-8,-8.74227694680485e-8,1],"EasingStyle":"Linear","EasingDirection":"In"},"Head":{"Weight":1,"CFrame":[8.392584049943253e-8,0,-0.039999961853027347,1,-2.9802322387695315e-8,8.742276236262114e-8,2.9802322387695315e-8,1,3.971988634944275e-15,-8.742278367890322e-8,-5.373136560248709e-16,1],"EasingStyle":"Linear","EasingDirection":"In"},"Left Arm":{"Weight":1,"CFrame":[0,-0.06000003218650818,1.1920928955078126e-7,1,6.99692321859402e-8,-2.9802322387695315e-8,-1.3909059681793679e-8,1,-5.76204612912079e-8,2.9802320611338474e-8,-5.409498182729067e-9,1],"EasingStyle":"Linear","EasingDirection":"In"},"Torso":{"Weight":1,"CFrame":[0,0,-0.059999942779541019,0.8918274641036987,-0.4523759186267853,-7.796602119469753e-8,0.4523759186267853,0.8918274641036987,-3.9547952468410588e-8,8.742278367890322e-8,0,1],"EasingStyle":"Linear","EasingDirection":"In"},"HumanoidRootPart":{"Weight":0,"CFrame":[0,0,0,1,0,0,0,1,0,0,0,1],"EasingStyle":"Linear","EasingDirection":"In"},"Right Leg":{"Weight":1,"CFrame":[0.004410773515701294,0.06000477075576782,-5.960464477539063e-8,1,0.00031562880030833185,4.4703500634568629e-7,-0.0003156780148856342,1,-1.9568691111970794e-9,-3.874025367167633e-7,-4.26465263103637e-8,1],"EasingStyle":"Linear","EasingDirection":"In"}}},{"Time":0.1666666716337204,"poses":{"Left Leg":{"Weight":1,"CFrame":[-0.004462331533432007,0.04019731283187866,0,1,-0.00010480039054527879,2.682209014892578e-7,0.00010476630995981395,1,-5.761137700233121e-8,-2.6821169285540238e-7,2.8163743337472625e-8,1],"EasingStyle":"Linear","EasingDirection":"In"},"Right Arm":{"Weight":1,"CFrame":[2.9802322387695315e-8,-0.04019227623939514,0,1,4.3935852289678226e-8,5.960463766996327e-8,7.351371067443324e-8,1,8.742277657347586e-8,-2.980232949312267e-8,-1.367909021610103e-7,1],"EasingStyle":"Linear","EasingDirection":"In"},"Head":{"Weight":1,"CFrame":[8.50803019147861e-8,0,-0.026794910430908204,1,-2.980232594040899e-8,8.74227694680485e-8,2.980232594040899e-8,1,4.9333138553539668e-15,-8.742277657347586e-8,-4.0900277583418458e-15,1],"EasingStyle":"Linear","EasingDirection":"In"},"Left Arm":{"Weight":1,"CFrame":[2.9802322387695315e-8,-0.04019245505332947,1.1920928955078126e-7,1,8.094563241911601e-8,0,-1.3909057905436839e-8,1,-5.7620454185780548e-8,-1.2212452212085538e-15,5.38608935229945e-9,1],"EasingStyle":"Linear","EasingDirection":"In"},"Torso":{"Weight":1,"CFrame":[0,0,-0.040192365646362308,0.8282597064971924,-0.5603445768356323,-7.240875277148007e-8,0.5603445768356323,0.8282597064971924,-4.898687322452133e-8,8.742278367890322e-8,0,1],"EasingStyle":"Linear","EasingDirection":"In"},"HumanoidRootPart":{"Weight":0,"CFrame":[0,0,0,1,0,0,0,1,0,0,0,1],"EasingStyle":"Linear","EasingDirection":"In"},"Right Leg":{"Weight":1,"CFrame":[0.004410743713378906,0.04019719362258911,1.1920928955078126e-7,0.9999999403953552,0.0003154725127387792,4.7683710135970616e-7,-0.00031555790337733924,1,-3.1759167740119668e-8,-2.979956263970962e-7,-2.5751775822868696e-8,1],"EasingStyle":"Linear","EasingDirection":"In"}}},{"Time":0.20000000298023225,"poses":{"Left Leg":{"Weight":1,"CFrame":[-0.004462450742721558,0.025050103664398195,-1.1920928955078126e-7,1,-0.00010485814709682018,5.960465188081798e-8,0.00010482572542969137,1,-1.768206772112535e-7,-1.1920013776034466e-7,1.8527347833696695e-7,1],"EasingStyle":"Linear","EasingDirection":"In"},"Right Arm":{"Weight":1,"CFrame":[-5.960463056453591e-8,-0.025045305490493776,-5.960464477539063e-8,1,3.022584138534512e-8,1.7881390590446245e-7,7.351370356900589e-8,1,8.742278367890322e-8,-8.94069742685133e-8,-1.0979499620589195e-7,1],"EasingStyle":"Linear","EasingDirection":"In"},"Head":{"Weight":1,"CFrame":[8.596310863140389e-8,-1.4210853021136109e-14,-0.016696929931640626,1,-2.980232594040899e-8,8.742278367890322e-8,2.980232594040899e-8,1,3.840540556475196e-15,-8.742277657347586e-8,-5.373145559973774e-16,1],"EasingStyle":"Linear","EasingDirection":"In"},"Left Arm":{"Weight":1,"CFrame":[-5.960465898624534e-8,-0.0250454843044281,0,1,6.821982623250733e-8,-1.1920928955078126e-7,-1.3909065010864197e-8,1,-5.7620454185780548e-8,8.940698137394065e-8,-2.0661128363741456e-9,1],"EasingStyle":"Linear","EasingDirection":"In"},"Torso":{"Weight":1,"CFrame":[0,0,-0.025045394897460939,0.750687301158905,-0.6606577634811401,-6.562716947655645e-8,0.6606577634811401,0.750687301158905,-5.775653733053332e-8,8.742277657347586e-8,0,1],"EasingStyle":"Linear","EasingDirection":"In"},"HumanoidRootPart":{"Weight":0,"CFrame":[0,0,0,1,0,0,0,1,0,0,0,1],"EasingStyle":"Linear","EasingDirection":"In"},"Right Leg":{"Weight":1,"CFrame":[0.00441056489944458,0.025050222873687745,0,1,0.00031560289789922535,2.086162567138672e-7,-0.0003156476595904678,1,8.745012536337527e-8,-2.3839103846512445e-7,-1.1424195633935597e-7,1],"EasingStyle":"Linear","EasingDirection":"In"}}},{"Time":0.23333333432674409,"poses":{"Left Leg":{"Weight":1,"CFrame":[-0.004462391138076782,0.013822972774505616,-2.384185791015625e-7,1,-0.00010491364810150117,1.4901168299275015e-7,0.00010487069084774703,1,-1.470183690344129e-7,-1.7880485359000887e-7,1.971915111198541e-7,1],"EasingStyle":"Linear","EasingDirection":"In"},"Right Arm":{"Weight":1,"CFrame":[0,-0.013818413019180298,0,1,3.559201999792094e-8,1.1920927533992654e-7,7.351370356900589e-8,1,8.742278367890322e-8,-8.94069742685133e-8,-1.4917326041086199e-7,1],"EasingStyle":"Linear","EasingDirection":"In"},"Head":{"Weight":1,"CFrame":[8.661743322591065e-8,0,-0.009212255477905274,1,-1.4901162614933129e-7,8.74227694680485e-8,1.4901162614933129e-7,1,5.014104704896029e-15,-8.742278367890322e-8,6.568114548609078e-15,1],"EasingStyle":"Linear","EasingDirection":"In"},"Left Arm":{"Weight":1,"CFrame":[0,-0.013818591833114624,1.1920928955078126e-7,1,5.9263058460601317e-8,-5.960464477539063e-8,-1.3909057905436839e-8,1,-5.7620450633066869e-8,-1.2212454329667906e-15,-1.3705994561519219e-8,1],"EasingStyle":"Linear","EasingDirection":"In"},"Torso":{"Weight":1,"CFrame":[0,0,-0.01381826400756836,0.6606577634811401,-0.7506873607635498,-5.775653022510596e-8,0.7506873607635498,0.6606577634811401,-6.562716237112909e-8,8.742278367890322e-8,0,1],"EasingStyle":"Linear","EasingDirection":"In"},"HumanoidRootPart":{"Weight":0,"CFrame":[0,0,0,1,0,0,0,1,0,0,0,1],"EasingStyle":"Linear","EasingDirection":"In"},"Right Leg":{"Weight":1,"CFrame":[0.004410833120346069,0.013822853565216065,-1.7881393432617188e-7,1,0.00031560834031552076,2.086163561898502e-7,-0.00031564809614792466,0.9999999403953552,8.745013246880262e-8,-1.787863794788791e-7,-1.4471365261670145e-7,1],"EasingStyle":"Linear","EasingDirection":"In"}}},{"Time":0.2666666805744171,"poses":{"Left Leg":{"Weight":1,"CFrame":[-0.004462301731109619,0.006065785884857178,0,1,-0.00010485485836397856,3.874301341966202e-7,0.00010484062659088522,1,-8.74137029427402e-8,-4.768280064126884e-7,3.958335881293351e-8,1],"EasingStyle":"Linear","EasingDirection":"In"},"Right Arm":{"Weight":1,"CFrame":[0,-0.006061464548110962,0,1,1.8521209455002464e-8,1.490115550950577e-7,7.351368935815117e-8,1,8.742278367890322e-8,-1.4901158351676714e-7,-1.2880640554158163e-7,1],"EasingStyle":"Linear","EasingDirection":"In"},"Head":{"Weight":1,"CFrame":[8.706950893611065e-8,0,-0.004041194915771484,1,-8.940694584680387e-8,8.742279078433057e-8,8.940694584680387e-8,1,-3.937940875079968e-15,-8.74227694680485e-8,-4.090028181858319e-15,1],"EasingStyle":"Linear","EasingDirection":"In"},"Left Arm":{"Weight":1,"CFrame":[0,-0.006061643362045288,1.1920928955078126e-7,1,5.480041664895907e-8,-2.9802315282267956e-8,-1.3909057905436839e-8,1,-5.7620457738494227e-8,-5.960463766996327e-8,-2.8743599500558049e-8,1],"EasingStyle":"Linear","EasingDirection":"In"},"Torso":{"Weight":1,"CFrame":[0,0,-0.0060613155364990238,0.560344398021698,-0.8282597064971924,-4.8986869671807656e-8,0.8282597064971924,0.560344398021698,-7.240877408776214e-8,8.74227694680485e-8,0,1],"EasingStyle":"Linear","EasingDirection":"In"},"HumanoidRootPart":{"Weight":0,"CFrame":[0,0,0,1,0,0,0,1,0,0,0,1],"EasingStyle":"Linear","EasingDirection":"In"},"Right Leg":{"Weight":1,"CFrame":[0.004410743713378906,0.0060659050941467289,2.384185791015625e-7,1,0.00031557201873511076,5.066393669039826e-7,-0.0003156475140713155,0.9999999403953552,8.745012536337527e-8,-4.4700712464873507e-7,-1.0839208641755249e-7,1],"EasingStyle":"Linear","EasingDirection":"In"}}},{"Time":0.30000001192092898,"poses":{"Left Leg":{"Weight":1,"CFrame":[-0.0044623613357543949,0.0015086531639099122,-1.7881393432617188e-7,1,-0.00010480350465513766,3.576279254957626e-7,0.00010478099284227937,1,-5.761137344961753e-8,-4.172233047938789e-7,2.6548473641696547e-8,1],"EasingStyle":"Linear","EasingDirection":"In"},"Right Arm":{"Weight":1,"CFrame":[0,-0.00150337815284729,-5.960464477539063e-8,1,-3.330327569273095e-9,8.940695295223122e-8,7.351370356900589e-8,1,8.742277657347586e-8,-1.1920928955078126e-7,-1.8064017126562249e-7,1],"EasingStyle":"Linear","EasingDirection":"In"},"Head":{"Weight":1,"CFrame":[8.733510981073778e-8,0,-0.0010023117065429688,1,-2.980232594040899e-8,8.74227694680485e-8,2.980232594040899e-8,1,3.1684069955764629e-15,-8.742277657347586e-8,-4.090028605374793e-15,1],"EasingStyle":"Linear","EasingDirection":"In"},"Left Arm":{"Weight":1,"CFrame":[0,-0.0015035569667816163,0,1,5.552441706413447e-8,-8.940698137394065e-8,-1.3909065010864197e-8,1,-5.7620450633066869e-8,5.960465188081798e-8,-1.292078088965809e-8,1],"EasingStyle":"Linear","EasingDirection":"In"},"Torso":{"Weight":1,"CFrame":[0,0,-0.0015037059783935547,0.45237600803375246,-0.8918272852897644,-3.95479666792653e-8,0.8918272852897644,0.45237600803375246,-7.796601408927018e-8,8.742277657347586e-8,0,1],"EasingStyle":"Linear","EasingDirection":"In"},"HumanoidRootPart":{"Weight":0,"CFrame":[0,0,0,1,0,0,0,1,0,0,0,1],"EasingStyle":"Linear","EasingDirection":"In"},"Right Leg":{"Weight":1,"CFrame":[0.004410803318023682,0.0015085339546203614,1.1920928955078126e-7,0.9999999403953552,0.00031562880030833185,5.364418598219345e-7,-0.0003156776074320078,0.9999999403953552,8.74501182579479e-8,-4.768095607232681e-7,-1.3224266126599105e-7,1],"EasingStyle":"Linear","EasingDirection":"In"}}},{"Time":0.3333333432674408,"poses":{"Left Leg":{"Weight":1,"CFrame":[-0.0044622719287872318,0.000004947185516357422,0,1,-0.00010479477350600064,2.086162567138672e-7,0.00010478123294888064,1,-5.761137700233121e-8,-2.682117496988212e-7,4.618628679509129e-8,1],"EasingStyle":"Linear","EasingDirection":"In"},"Right Arm":{"Weight":1,"CFrame":[0,5.960464477539063e-8,-5.960464477539063e-8,1,-5.811570780167585e-9,2.9802322387695315e-8,7.351371067443324e-8,1,8.742277657347586e-8,-5.960465898624534e-8,-1.7657647788382747e-7,1],"EasingStyle":"Linear","EasingDirection":"In"},"Head":{"Weight":1,"CFrame":[8.742279078433057e-8,0,0,1,-8.940698137394065e-8,8.74227694680485e-8,8.940698137394065e-8,1,3.944833182171776e-15,-8.742277657347586e-8,3.0154004462921038e-15,1],"EasingStyle":"Linear","EasingDirection":"In"},"Left Arm":{"Weight":1,"CFrame":[0,-8.940696716308594e-8,0,1,9.146614132760078e-8,-2.980232594040899e-8,-1.3909057905436839e-8,1,-5.7620454185780548e-8,-1.2212454329667906e-15,1.8906684218222837e-8,1],"EasingStyle":"Linear","EasingDirection":"In"},"Torso":{"Weight":1,"CFrame":[0,0,0,0.33961331844329836,-0.9405652284622192,-2.9689935843180139e-8,0.9405652284622192,0.33961331844329836,-8.222681202596505e-8,8.742278367890322e-8,0,1],"EasingStyle":"Linear","EasingDirection":"In"},"HumanoidRootPart":{"Weight":0,"CFrame":[0,0,0,1,0,0,0,1,0,0,0,1],"EasingStyle":"Linear","EasingDirection":"In"},"Right Leg":{"Weight":1,"CFrame":[0.004410743713378906,0.000004827976226806641,1.1920928955078126e-7,0.9999999403953552,0.0003156042657792568,2.384185791015625e-7,-0.0003156478051096201,0.9999999403953552,8.74501182579479e-8,-1.4898402866947436e-7,-1.1862935167528122e-7,1],"EasingStyle":"Linear","EasingDirection":"In"}}},{"Time":0.36666667461395266,"poses":{"Left Leg":{"Weight":1,"CFrame":[-0.004462257027626038,0.000004947185516357422,-5.960464477539063e-8,1,-0.00010470193228684366,2.9802308176840599e-7,0.00010467554966453463,1,-5.7611394765899607e-8,-2.831129108926689e-7,8.317724820017247e-8,1],"EasingStyle":"Linear","EasingDirection":"In"},"Right Arm":{"Weight":1,"CFrame":[0,5.960464477539063e-8,-5.960464477539063e-8,1,-9.572587167383518e-9,5.960463056453591e-8,7.351369646357853e-8,1,8.742277657347586e-8,-8.940696005765858e-8,-1.7453889711305238e-7,1],"EasingStyle":"Linear","EasingDirection":"In"},"Head":{"Weight":1,"CFrame":[8.742276236262114e-8,0,0,1,-5.960463766996327e-8,8.742277657347586e-8,5.960463766996327e-8,1,-3.861220018849462e-15,-8.74227694680485e-8,-5.8663850212585699e-15,1],"EasingStyle":"Linear","EasingDirection":"In"},"Left Arm":{"Weight":1,"CFrame":[0,-8.940696716308594e-8,0,1,7.043289684816045e-8,-5.960463766996327e-8,-1.3909065010864197e-8,1,-5.7620457738494227e-8,4.470347647611561e-8,7.560271519935214e-9,1],"EasingStyle":"Linear","EasingDirection":"In"},"Torso":{"Weight":1,"CFrame":[0,0,0,0.22491875290870667,-0.9743775129318237,-1.9663024986016354e-8,0.9743775129318237,0.22491875290870667,-8.51827977044195e-8,8.74227694680485e-8,0,1],"EasingStyle":"Linear","EasingDirection":"In"},"HumanoidRootPart":{"Weight":0,"CFrame":[0,0,0,1,0,0,0,1,0,0,0,1],"EasingStyle":"Linear","EasingDirection":"In"},"Right Leg":{"Weight":1,"CFrame":[0.0044107139110565189,0.000004827976226806641,2.384185791015625e-7,1,0.00031552420114167035,2.6822073095900125e-7,-0.0003155867161694914,1,8.74501182579479e-8,-1.787862942137508e-7,-1.4681640436720046e-7,1],"EasingStyle":"Linear","EasingDirection":"In"}}},{"Time":0.4000000059604645,"poses":{"Left Leg":{"Weight":1,"CFrame":[-0.004462316632270813,0.000004708766937255859,-1.1920928955078126e-7,1,-0.00010480370110599324,2.980232238769531e-7,0.00010478193871676922,1,-5.761138055504489e-8,-3.352669750711357e-7,2.7660785661964838e-8,1],"EasingStyle":"Constant","EasingDirection":"In"},"Right Arm":{"Weight":1,"CFrame":[0,5.960464477539063e-8,0,1,6.17049467077635e-10,2.2351738238057807e-8,7.351370356900589e-8,1,8.742277657347586e-8,-5.2154071283894157e-8,-1.762777372960045e-7,1],"EasingStyle":"Constant","EasingDirection":"In"},"Head":{"Weight":1,"CFrame":[8.742279078433057e-8,0,0,1,-3.725290653733282e-8,8.742277657347586e-8,3.725290653733282e-8,1,0,-8.742278367890322e-8,-4.090028605374793e-15,1],"EasingStyle":"Constant","EasingDirection":"In"},"Left Arm":{"Weight":1,"CFrame":[0,-8.940696716308594e-8,0,1,8.241629245731019e-8,-4.4703490686970329e-8,-1.3909063234507358e-8,1,-5.7620457738494227e-8,2.2351741790771486e-8,4.7058154706292046e-8,1],"EasingStyle":"Constant","EasingDirection":"In"},"Torso":{"Weight":1,"CFrame":[0,0,0,0.1109495609998703,-0.9938260912895203,-9.699518521699702e-9,0.9938260912895203,0.1109495609998703,-8.688303410053777e-8,8.742277657347586e-8,0,1],"EasingStyle":"Constant","EasingDirection":"In"},"HumanoidRootPart":{"Weight":0,"CFrame":[0,0,0,1,0,0,0,1,0,0,0,1],"EasingStyle":"Linear","EasingDirection":"In"},"Right Leg":{"Weight":1,"CFrame":[0.004410743713378906,0.000004827976226806641,1.1920928955078126e-7,1,0.0003157135797664523,4.1723257027115326e-7,-0.00031576724722981453,0.9999999403953552,8.745013246880262e-8,-3.6505085176941068e-7,-1.2319500797275396e-7,1],"EasingStyle":"Constant","EasingDirection":"In"}}},{"Time":0.4333333373069763,"poses":{"Left Leg":{"Weight":1,"CFrame":[-0.004462274722754955,0.30000489950180056,-5.960464477539063e-8,1,-0.00010492753062862903,2.8965922638235499e-7,0.00010490046406630427,1,-8.741368162645813e-8,-3.2771208680060229e-7,5.76063676760441e-8,1],"EasingStyle":"Linear","EasingDirection":"In"},"Right Arm":{"Weight":1,"CFrame":[-2.4616895029578105e-21,-0.2999996244907379,0,1,8.972176779309393e-9,1.4481842924851663e-7,7.351368935815117e-8,1,8.74227694680485e-8,-1.666407030143091e-7,-1.4702739292715706e-7,1],"EasingStyle":"Linear","EasingDirection":"In"},"Head":{"Weight":1,"CFrame":[6.99381956792422e-8,2.9646145075964844e-21,-0.19999980926513673,1,-9.213485441250669e-8,8.742277657347586e-8,9.213485441250669e-8,1,-3.55271240825108e-15,-8.74227694680485e-8,-3.14077063984816e-15,1],"EasingStyle":"Linear","EasingDirection":"In"},"Left Arm":{"Weight":1,"CFrame":[2.4616895029578105e-21,-0.29999980330467226,0,1,7.532155166245502e-8,-4.232322581287917e-8,-1.3909063234507358e-8,1,-5.7620454185780548e-8,2.4335919945883689e-8,-9.139115064726866e-8,1],"EasingStyle":"Linear","EasingDirection":"In"},"Torso":{"Weight":1,"CFrame":[0,0,-0.2999999523162842,-1.3435884227419593e-7,-1,1.1746024414075775e-14,1,-1.3435884227419593e-7,-8.742278367890322e-8,8.74227694680485e-8,0,1],"EasingStyle":"Linear","EasingDirection":"In"},"HumanoidRootPart":{"Weight":0,"CFrame":[0,0,0,1,0,0,0,1,0,0,0,1],"EasingStyle":"Linear","EasingDirection":"In"},"Right Leg":{"Weight":1,"CFrame":[0.0044107576832175259,0.300004780292511,1.1920928955078126e-7,1,0.000315743061946705,3.6040162854078519e-7,-0.0003157960600219667,1,2.7845498351553034e-8,-2.987644904806075e-7,-5.757805254802406e-8,1],"EasingStyle":"Linear","EasingDirection":"In"}}},{"Time":0.46666666865348818,"poses":{"Left Leg":{"Weight":1,"CFrame":[-0.004462286829948425,0.16923755407333375,-2.980232238769531e-7,1,-0.00010495523747522384,3.352761552832817e-7,0.00010493097943253815,1,-5.7611366344190176e-8,-3.799704870743881e-7,3.636646184190795e-8,1],"EasingStyle":"Linear","EasingDirection":"In"},"Right Arm":{"Weight":1,"CFrame":[-2.8033131371785204e-15,-0.16923299431800843,-5.960464477539063e-8,1,-5.579107176245657e-10,6.70552182668871e-8,7.351369646357853e-8,1,8.742277657347586e-8,-8.195638656616211e-8,-8.87679050265433e-8,1],"EasingStyle":"Linear","EasingDirection":"In"},"Head":{"Weight":1,"CFrame":[7.755954811727861e-8,3.3021971201447005e-15,-0.11282205581665039,1,0,8.742277657347586e-8,0,1,-2.692158697576233e-15,-8.74227694680485e-8,-1.1195454692426374e-14,1],"EasingStyle":"Linear","EasingDirection":"In"},"Left Arm":{"Weight":1,"CFrame":[2.8033131371785204e-15,-0.16923317313194276,0,1,8.517196192769916e-8,-3.725289943190546e-8,-1.3909064122685777e-8,1,-5.7620454185780548e-8,2.9802317058624795e-8,-2.105556440312739e-8,1],"EasingStyle":"Linear","EasingDirection":"In"},"Torso":{"Weight":1,"CFrame":[0,0,-0.16923308372497559,-0.12036062031984329,-0.9927302598953247,1.052226128450684e-8,0.9927302598953247,-0.12036062031984329,-8.678724583432995e-8,8.74227694680485e-8,0,1],"EasingStyle":"Linear","EasingDirection":"In"},"HumanoidRootPart":{"Weight":0,"CFrame":[0,0,0,1,0,0,0,1,0,0,0,1],"EasingStyle":"Linear","EasingDirection":"In"},"Right Leg":{"Weight":1,"CFrame":[0.004410766065120697,0.1692376732826233,-1.7881393432617188e-7,1,0.00031568031408824027,4.619360538526962e-7,-0.00031573782325722277,0.9999999403953552,8.745013246880262e-8,-4.0230361264548267e-7,-1.251922583378473e-7,1],"EasingStyle":"Linear","EasingDirection":"In"}}},{"Time":0.5,"poses":{"Left Leg":{"Weight":1,"CFrame":[-0.004462301731109619,0.12000483274459839,-1.1920928955078126e-7,1,-0.00010484390804776922,3.2782557468635789e-7,0.00010482595826033503,1,-5.761136989690385e-8,-3.278164228959213e-7,1.9325282707427506e-8,1],"EasingStyle":"Linear","EasingDirection":"In"},"Right Arm":{"Weight":1,"CFrame":[-7.105427357601002e-15,-0.12000003457069397,0,1,-1.1139157152229018e-8,1.9371505288745539e-7,7.351368225272381e-8,1,8.742277657347586e-8,-2.0861622829215777e-7,-9.287776947530802e-8,1],"EasingStyle":"Linear","EasingDirection":"In"},"Head":{"Weight":1,"CFrame":[8.042897547966277e-8,7.105427357601002e-15,-0.07999992370605469,1,-2.9802322387695315e-8,8.742278367890322e-8,2.9802322387695315e-8,1,0,-8.742278367890322e-8,-5.8663850212585699e-15,1],"EasingStyle":"Linear","EasingDirection":"In"},"Left Arm":{"Weight":1,"CFrame":[7.105427357601002e-15,-0.1200002133846283,0,1,8.358420444665171e-8,-5.960463766996327e-8,-1.3909063234507358e-8,1,-5.7620450633066869e-8,4.470348358154297e-8,-1.1816889688986976e-8,1],"EasingStyle":"Linear","EasingDirection":"In"},"Torso":{"Weight":1,"CFrame":[0,0,-0.12000012397766113,-0.24405227601528169,-0.9697620868682861,2.133572785112392e-8,0.9697620868682861,-0.24405227601528169,-8.477929469563606e-8,8.742277657347586e-8,0,1],"EasingStyle":"Linear","EasingDirection":"In"},"HumanoidRootPart":{"Weight":0,"CFrame":[0,0,0,1,0,0,0,1,0,0,0,1],"EasingStyle":"Linear","EasingDirection":"In"},"Right Leg":{"Weight":1,"CFrame":[0.0044107586145401,0.12000471353530884,1.1920928955078126e-7,1,0.00031561643118038774,3.874302478834579e-7,-0.0003156779275741428,0.9999999403953552,8.745012536337527e-8,-3.277980340499198e-7,-1.1079315243023302e-7,1],"EasingStyle":"Linear","EasingDirection":"In"}}},{"Time":0.5333333611488342,"poses":{"Left Leg":{"Weight":1,"CFrame":[-0.004462301731109619,0.08576196432113648,-1.7881393432617188e-7,1,-0.00010491908324183896,2.0861628513557663e-7,0.00010490091517567635,1,-5.7611366344190176e-8,-2.0860706229086646e-7,4.437821488068039e-8,1],"EasingStyle":"Linear","EasingDirection":"In"},"Right Arm":{"Weight":1,"CFrame":[-7.105425663535107e-15,-0.08575668931007385,-5.960464477539063e-8,1,1.05367137237522e-8,1.7881389169360774e-7,7.351368935815117e-8,1,8.742277657347586e-8,-1.1920927533992654e-7,-8.742278367890322e-8,1],"EasingStyle":"Linear","EasingDirection":"In"},"Head":{"Weight":1,"CFrame":[8.242471949415631e-8,7.105425663535107e-15,-0.05717110633850098,1,2.9802318834981635e-8,8.742279078433057e-8,-2.9802318834981635e-8,1,-3.3032713696800558e-15,-8.74227694680485e-8,-1.1195454692426374e-14,1],"EasingStyle":"Linear","EasingDirection":"In"},"Left Arm":{"Weight":1,"CFrame":[7.105425663535107e-15,-0.08575686812400818,0,1,8.876330070961558e-8,-5.960463766996327e-8,-1.3909066787221036e-8,1,-5.7620454185780548e-8,5.960464477539063e-8,-1.476440525394196e-9,1],"EasingStyle":"Linear","EasingDirection":"In"},"Torso":{"Weight":1,"CFrame":[0,0,-0.08575701713562012,-0.36809486150741579,-0.9297882318496704,3.217987654124954e-8,0.9297882318496704,-0.36809486150741579,-8.128468209633866e-8,8.74227694680485e-8,0,1],"EasingStyle":"Linear","EasingDirection":"In"},"HumanoidRootPart":{"Weight":0,"CFrame":[0,0,0,1,0,0,0,1,0,0,0,1],"EasingStyle":"Linear","EasingDirection":"In"},"Right Leg":{"Weight":1,"CFrame":[0.004410833120346069,0.08576208353042603,0,1,0.00031562193180434406,3.576278118089249e-7,-0.0003156775492243469,1,8.745013246880262e-8,-2.6819324716598205e-7,-9.44731795016196e-8,1],"EasingStyle":"Linear","EasingDirection":"In"}}},{"Time":0.5666666626930237,"poses":{"Left Leg":{"Weight":1,"CFrame":[-0.0044622719287872318,0.06000488996505737,0,1,-0.00010488984116818756,3.874301341966202e-7,0.0001048706253641285,1,-5.7611366344190176e-8,-3.8742092556276477e-7,3.682577087715799e-8,1],"EasingStyle":"Linear","EasingDirection":"In"},"Right Arm":{"Weight":1,"CFrame":[1.199040866595169e-14,-0.05999985337257385,0,1,1.053671638828746e-8,1.4901159772762186e-7,7.351368935815117e-8,1,8.742278367890322e-8,-1.4901159772762186e-7,-8.742277657347586e-8,1],"EasingStyle":"Linear","EasingDirection":"In"},"Head":{"Weight":1,"CFrame":[8.392586892114196e-8,-1.3855583686135133e-14,-0.039999961853027347,1,-1.1920928955078126e-7,8.742277657347586e-8,1.1920928955078126e-7,1,-4.538220419304882e-16,-8.742277657347586e-8,6.568112854543184e-15,1],"EasingStyle":"Linear","EasingDirection":"In"},"Left Arm":{"Weight":1,"CFrame":[-1.199040866595169e-14,-0.06000003218650818,1.1920928955078126e-7,1,7.533387957892046e-8,-8.940695295223122e-8,-1.3909066787221036e-8,1,-5.7620454185780548e-8,1.1920928955078126e-7,-3.526688274746448e-8,1],"EasingStyle":"Linear","EasingDirection":"In"},"Torso":{"Weight":1,"CFrame":[0,0,-0.059999942779541019,-0.48904168605804446,-0.8722604513168335,4.275338127968098e-8,0.8722604513168335,-0.48904168605804446,-7.625543219091924e-8,8.742277657347586e-8,0,1],"EasingStyle":"Linear","EasingDirection":"In"},"HumanoidRootPart":{"Weight":0,"CFrame":[0,0,0,1,0,0,0,1,0,0,0,1],"EasingStyle":"Linear","EasingDirection":"In"},"Right Leg":{"Weight":1,"CFrame":[0.0044107139110565189,0.06000477075576782,1.1920928955078126e-7,1,0.00031561372452415526,3.27825517842939e-7,-0.0003156770544592291,1,-1.956839801309229e-9,-2.6819324716598205e-7,-6.8924776996937e-9,1],"EasingStyle":"Linear","EasingDirection":"In"}}},{"Time":0.6000000238418579,"poses":{"Left Leg":{"Weight":1,"CFrame":[-0.0044622719287872318,0.04019707441329956,0,1,-0.000104977996670641,4.4703472212859199e-7,0.00010493001900613308,1,-8.741368873188549e-8,-3.8742092556276477e-7,5.042453210535314e-8,1],"EasingStyle":"Linear","EasingDirection":"In"},"Right Arm":{"Weight":1,"CFrame":[2.9802322387695315e-8,-0.04019227623939514,0,1,4.649206175599829e-8,1.1920923270736239e-7,7.351370356900589e-8,1,8.74227694680485e-8,2.9802308176840598e-8,-1.3496143935753936e-7,1],"EasingStyle":"Linear","EasingDirection":"In"},"Head":{"Weight":1,"CFrame":[8.508027349307668e-8,0,-0.026794910430908204,1,2.9802315282267956e-8,8.742279788975793e-8,-2.9802315282267956e-8,1,-7.810159616749527e-15,-8.742275525719379e-8,-2.1853594034761983e-14,1],"EasingStyle":"Linear","EasingDirection":"In"},"Left Arm":{"Weight":1,"CFrame":[2.9802322387695315e-8,-0.04019245505332947,1.1920928955078126e-7,1,4.3396315874133509e-8,-2.9802311729554277e-8,-1.3909070339934715e-8,1,-5.7620457738494227e-8,5.960463056453591e-8,1.6114775291953266e-8,1],"EasingStyle":"Linear","EasingDirection":"In"},"Torso":{"Weight":1,"CFrame":[0,0,-0.040192365646362308,-0.603230893611908,-0.7975666522979736,5.2736130129460437e-8,0.7975666522979736,-0.603230893611908,-6.972550892214713e-8,8.742275525719379e-8,0,1],"EasingStyle":"Linear","EasingDirection":"In"},"HumanoidRootPart":{"Weight":0,"CFrame":[0,0,0,1,0,0,0,1,0,0,0,1],"EasingStyle":"Linear","EasingDirection":"In"},"Right Leg":{"Weight":1,"CFrame":[0.004410773515701294,0.04019719362258911,1.1920928955078126e-7,1,0.00031559300259687006,4.4703472212859199e-7,-0.00031564809614792466,0.9999999403953552,8.745012536337527e-8,-3.874025367167633e-7,-1.224346846129265e-7,1],"EasingStyle":"Linear","EasingDirection":"In"}}},{"Time":0.6333333253860474,"poses":{"Left Leg":{"Weight":1,"CFrame":[-0.004462331533432007,0.025050103664398195,0,1,-0.00010479931370355189,3.576279254957626e-7,0.00010481104254722595,1,-1.768206772112535e-7,-2.9801410050822599e-7,1.5065084824072984e-7,1],"EasingStyle":"Linear","EasingDirection":"In"},"Right Arm":{"Weight":1,"CFrame":[1.2212453270876722e-14,-0.025045543909072877,0,1,1.05367137237522e-8,-5.960463766996327e-8,7.351370356900589e-8,1,8.742277657347586e-8,-6.439293542825908e-15,-1.2956962791577099e-7,1],"EasingStyle":"Linear","EasingDirection":"In"},"Head":{"Weight":1,"CFrame":[8.596310863140389e-8,-1.406255957492851e-14,-0.016697168350219728,1,-1.4901162614933129e-7,8.742277657347586e-8,1.4901162614933129e-7,1,1.471581573604826e-15,-8.742278367890322e-8,1.3673542753243028e-14,1],"EasingStyle":"Linear","EasingDirection":"In"},"Left Arm":{"Weight":1,"CFrame":[-1.226796442210798e-14,-0.025045722723007203,1.1920928955078126e-7,1,7.375699340173014e-8,-2.9802322387695315e-8,-1.3909050800009482e-8,1,-5.7620454185780548e-8,-1.2212454329667906e-15,3.129058789852479e-9,1],"EasingStyle":"Linear","EasingDirection":"In"},"Torso":{"Weight":1,"CFrame":[0,0,-0.025045394897460939,-0.7071067094802856,-0.7071068286895752,6.181722511655608e-8,0.7071068286895752,-0.7071067094802856,-6.181723932741079e-8,8.742278367890322e-8,0,1],"EasingStyle":"Linear","EasingDirection":"In"},"HumanoidRootPart":{"Weight":0,"CFrame":[0,0,0,1,0,0,0,1,0,0,0,1],"EasingStyle":"Linear","EasingDirection":"In"},"Right Leg":{"Weight":1,"CFrame":[0.004410833120346069,0.025049984455108644,1.1920928955078126e-7,1,0.00031576529727317393,2.3841855067985308e-7,-0.0003157957107760012,1,8.745013957422998e-8,-3.277980340499198e-7,-1.29594226905283e-7,1],"EasingStyle":"Linear","EasingDirection":"In"}}},{"Time":0.6666666865348816,"poses":{"Left Leg":{"Weight":1,"CFrame":[-0.004462212324142456,0.013822972774505616,3.5762786865234377e-7,1,-0.00010479300544830039,4.470344663332071e-7,0.00010478005424374714,1,-1.768205919461252e-7,-4.470255703381554e-7,1.7135093344222697e-7,1],"EasingStyle":"Linear","EasingDirection":"In"},"Right Arm":{"Weight":1,"CFrame":[-1.887379141862766e-15,-0.013818413019180298,0,1,4.009771359392289e-8,2.0861619987044833e-7,7.351368225272381e-8,1,8.742277657347586e-8,-2.0861622829215777e-7,-1.471474746495005e-7,1],"EasingStyle":"Linear","EasingDirection":"In"},"Head":{"Weight":1,"CFrame":[8.661743322591065e-8,8.18199945729764e-17,-0.009212255477905274,1,-1.1920928955078126e-7,8.742278367890322e-8,1.1920928955078126e-7,1,-2.4811604610745819e-15,-8.742278367890322e-8,6.568112854543184e-15,1],"EasingStyle":"Linear","EasingDirection":"In"},"Left Arm":{"Weight":1,"CFrame":[1.887379141862766e-15,-0.013818591833114624,1.1920928955078126e-7,1,4.858529223383812e-8,-8.940695295223122e-8,-1.3909059681793679e-8,1,-5.7620454185780548e-8,2.9802320611338474e-8,-3.20266266840008e-8,1],"EasingStyle":"Linear","EasingDirection":"In"},"Torso":{"Weight":1,"CFrame":[0,0,-0.01381826400756836,-0.7975667119026184,-0.6032308340072632,6.972549471129241e-8,0.6032308340072632,-0.7975667119026184,-5.273611591860572e-8,8.742277657347586e-8,0,1],"EasingStyle":"Linear","EasingDirection":"In"},"HumanoidRootPart":{"Weight":0,"CFrame":[0,0,0,1,0,0,0,1,0,0,0,1],"EasingStyle":"Linear","EasingDirection":"In"},"Right Leg":{"Weight":1,"CFrame":[0.004410743713378906,0.013822853565216065,3.5762786865234377e-7,1,0.0003156109305564314,3.278253473126824e-7,-0.00031567609403282404,1,-3.1759103791273449e-8,-2.979955127102585e-7,-2.863306036715585e-8,1],"EasingStyle":"Linear","EasingDirection":"In"}}},{"Time":0.699999988079071,"poses":{"Left Leg":{"Weight":1,"CFrame":[-0.004462301731109619,0.006065785884857178,-5.960464477539063e-8,1,-0.00010492882574908435,2.6822084464583897e-7,0.00010489975829841569,1,-1.4701832640184876e-7,-2.6821169285540238e-7,1.5987313872756204e-7,1],"EasingStyle":"Linear","EasingDirection":"In"},"Right Arm":{"Weight":1,"CFrame":[-7.105423969469213e-15,-0.006061464548110962,0,1,-7.191615303270282e-9,1.7881384906104359e-7,7.351368225272381e-8,1,8.742277657347586e-8,-2.3841852225814365e-7,-1.79983487669233e-7,1],"EasingStyle":"Linear","EasingDirection":"In"},"Head":{"Weight":1,"CFrame":[8.706950893611065e-8,7.105423969469213e-15,-0.004041194915771484,1,-1.7881389169360774e-7,8.742280499518529e-8,1.7881389169360774e-7,1,-7.935205396686785e-15,-8.742275525719379e-8,-4.0900298759242139e-15,1],"EasingStyle":"Linear","EasingDirection":"In"},"Left Arm":{"Weight":1,"CFrame":[7.105423969469213e-15,-0.006061643362045288,0,1,5.287486715133127e-8,-2.9802315282267956e-8,-1.3909066787221036e-8,1,-5.762046484392158e-8,-1.221245009450317e-15,1.7703682075875805e-8,1],"EasingStyle":"Linear","EasingDirection":"In"},"Torso":{"Weight":1,"CFrame":[0,0,-0.0060613155364990238,-0.8722605109214783,-0.48904159665107729,7.625545350720131e-8,0.48904159665107729,-0.8722605109214783,-4.275338483239466e-8,8.742275525719379e-8,0,1],"EasingStyle":"Linear","EasingDirection":"In"},"HumanoidRootPart":{"Weight":0,"CFrame":[0,0,0,1,0,0,0,1,0,0,0,1],"EasingStyle":"Linear","EasingDirection":"In"},"Right Leg":{"Weight":1,"CFrame":[0.004410743713378906,0.006065666675567627,1.1920928955078126e-7,1,0.00031561838113702834,4.4703472212859199e-7,-0.00031570717692375183,0.9999999403953552,-1.9568147102688728e-9,-3.5760018590735856e-7,-6.808328123497631e-8,1],"EasingStyle":"Linear","EasingDirection":"In"}}},{"Time":0.7333333492279053,"poses":{"Left Leg":{"Weight":1,"CFrame":[-0.004462301731109619,0.0015084147453308106,-1.1920928955078126e-7,1,-0.00010480248602107167,3.874301341966202e-7,0.00010476655734237283,1,-5.761138055504489e-8,-4.4702562718157426e-7,2.018565403716366e-8,1],"EasingStyle":"Linear","EasingDirection":"In"},"Right Arm":{"Weight":1,"CFrame":[-5.329071365233699e-15,-0.0015036165714263917,-5.960464477539063e-8,1,-2.237352170197937e-8,5.960464477539063e-8,7.351371067443324e-8,1,8.742278367890322e-8,-5.960465898624534e-8,-1.7055232603979676e-7,1],"EasingStyle":"Linear","EasingDirection":"In"},"Head":{"Weight":1,"CFrame":[8.733513823244721e-8,7.0965225002265177e-15,-0.0010025501251220704,1,-1.1920930376163597e-7,8.742278367890322e-8,1.1920930376163597e-7,1,7.509852555629988e-15,-8.742278367890322e-8,3.0153995992591565e-15,1],"EasingStyle":"Linear","EasingDirection":"In"},"Left Arm":{"Weight":1,"CFrame":[5.329071365233699e-15,-0.0015037953853607178,0,1,7.547768632321095e-8,-2.9802322387695315e-8,-1.3909068563577876e-8,1,-5.762046484392158e-8,5.960465188081798e-8,2.1317655196639863e-8,1],"EasingStyle":"Linear","EasingDirection":"In"},"Torso":{"Weight":1,"CFrame":[0,0,-0.0015037059783935547,-0.92978835105896,-0.3680947721004486,8.128468209633866e-8,0.3680947721004486,-0.9297883510589