{"Sequence":[{"Time":0,"poses":{"Left Leg":{"Weight":1,"CFrame":[-0.5234690308570862,0.10058963298797608,0.042049527168273929,0.9474923014640808,0.12145577371120453,0.29581552743911745,-0.08104423433542252,0.9860664010047913,-0.14527527987957,-0.30933821201324465,0.11367311328649521,0.9441336393356323],"EasingStyle":"Linear","EasingDirection":"In"},"Head":{"Weight":1,"CFrame":[1.4901161193847657e-8,-2.086162567138672e-7,-4.172325134277344e-7,0.6545115113258362,-0.7490034699440002,0.10299751162528992,0.7335606813430786,0.6621017456054688,0.1533299684524536,-0.18303950130939485,-0.02480134926736355,0.9827926754951477],"EasingStyle":"Linear","EasingDirection":"In"},"Right Arm":{"Weight":1,"CFrame":[-0.37092068791389468,-0.5443784594535828,-0.3301472067832947,0.0728030800819397,-0.7752935290336609,-0.62739098072052,0.9963149428367615,0.08513664454221726,0.01040644757449627,0.04534579813480377,-0.6258367896080017,0.7786348462104797],"EasingStyle":"Linear","EasingDirection":"In"},"Left Arm":{"Weight":1,"CFrame":[-0.8230290412902832,-0.5811364650726318,-0.4477847218513489,-0.21281731128692628,0.566493809223175,-0.796111524105072,-0.9173057675361633,0.1647968888282776,0.362480491399765,0.336539626121521,0.8074198365211487,0.48457640409469607],"EasingStyle":"Linear","EasingDirection":"In"},"handle":{"Weight":1,"CFrame":[0.4437917470932007,-2.376166343688965,-0.7184758186340332,0.416276216506958,-0.1475435346364975,0.8971872925758362,0.4124845266342163,0.9100081920623779,-0.04173233360052109,-0.8102904558181763,0.3874480426311493,0.43967416882514956],"EasingStyle":"Linear","EasingDirection":"In"},"Torso":{"Weight":1,"CFrame":[-0.9215025901794434,-0.16254578530788423,-0.27237367630004885,0.4162762761116028,0.8102903962135315,-0.4124845266342163,-0.8971872925758362,0.4396742284297943,-0.041732314974069598,0.14754347503185273,0.3874480426311493,0.9100081920623779],"EasingStyle":"Linear","EasingDirection":"In"},"HumanoidRootPart":{"Weight":0,"CFrame":[0,0,0,1,0,0,0,1,0,0,0,1],"EasingStyle":"Linear","EasingDirection":"In"},"Right Leg":{"Weight":1,"CFrame":[0.9710074067115784,0.22542279958724976,-0.2294173240661621,0.6221347451210022,0.7424709796905518,0.24836485087871552,-0.7751674652099609,0.6286700963973999,0.062365151941776279,-0.1098351925611496,-0.23132392764091493,0.9666568636894226],"EasingStyle":"Linear","EasingDirection":"In"}}},{"Time":0.03333333507180214,"poses":{"Left Leg":{"Weight":1,"CFrame":[-0.494994580745697,0.02124488353729248,0.019271254539489747,0.9491693377494812,0.1750686913728714,0.26158830523490908,-0.1291731595993042,0.9744989275932312,-0.18348316848278047,-0.28703978657722475,0.14036646485328675,0.9475787281990051],"EasingStyle":"Linear","EasingDirection":"In"},"Head":{"Weight":1,"CFrame":[1.4901161193847657e-8,-8.940696716308594e-8,-3.5762786865234377e-7,0.6536737680435181,-0.7491492629051209,0.10717380046844483,0.7325497269630432,0.6619165539741516,0.15886199474334718,-0.18995140492916108,-0.025333749130368234,0.9814665913581848],"EasingStyle":"Linear","EasingDirection":"In"},"Right Arm":{"Weight":1,"CFrame":[-0.37169066071510317,-0.513260543346405,-0.3039029836654663,0.1724255383014679,-0.7616325616836548,-0.6246477365493774,0.9791533946990967,0.20165038108825684,0.02440989390015602,0.10736905038356781,-0.6158351302146912,0.7805250287055969],"EasingStyle":"Linear","EasingDirection":"In"},"Left Arm":{"Weight":1,"CFrame":[-0.898882269859314,-0.5078250765800476,-0.48387110233306887,-0.27848055958747866,0.5464884042739868,-0.7898093461990356,-0.9050219058990479,0.1259889304637909,0.4062783718109131,0.32153376936912539,0.827935516834259,0.4594987630844116],"EasingStyle":"Linear","EasingDirection":"In"},"handle":{"Weight":1,"CFrame":[0.5927566885948181,-2.537533760070801,-0.8748766779899597,0.42672550678253176,-0.17683321237564088,0.8869247436523438,0.4368838369846344,0.8989850282669067,-0.0309598445892334,-0.7918572425842285,0.4006943702697754,0.4608752429485321],"EasingStyle":"Linear","EasingDirection":"In"},"Torso":{"Weight":1,"CFrame":[-0.9179260730743408,-0.16316114366054536,-0.0657501220703125,0.42672550678253176,0.7918572425842285,-0.436883807182312,-0.886924684047699,0.46087533235549929,-0.03095986135303974,0.17683318257331849,0.4006943702697754,0.898984968662262],"EasingStyle":"Linear","EasingDirection":"In"},"HumanoidRootPart":{"Weight":0,"CFrame":[0,0,0,1,0,0,0,1,0,0,0,1],"EasingStyle":"Linear","EasingDirection":"In"},"Right Leg":{"Weight":1,"CFrame":[0.9354211688041687,0.2421940565109253,-0.1968175768852234,0.6501063704490662,0.726865828037262,0.2214217185974121,-0.7566055655479431,0.646113932132721,0.10042360424995423,-0.07006914913654328,-0.23281505703926087,0.9699935913085938],"EasingStyle":"Linear","EasingDirection":"In"}}},{"Time":0.06666667014360428,"poses":{"Left Leg":{"Weight":1,"CFrame":[-0.34846359491348269,-0.1486983299255371,-0.0646291971206665,0.9215248823165894,0.34026479721069338,0.18711432814598084,-0.3007602095603943,0.9302119016647339,-0.2103547602891922,-0.24563229084014893,0.1375705748796463,0.9595515131950378],"EasingStyle":"Linear","EasingDirection":"In"},"Head":{"Weight":1,"CFrame":[1.043081283569336e-7,-1.341104507446289e-7,-4.172325134277344e-7,0.6515798568725586,-0.7494862079620361,0.1171073168516159,0.7299636006355286,0.6614853739738464,0.17201800644397736,-0.2063899040222168,-0.026599394157528878,0.9781082272529602],"EasingStyle":"Linear","EasingDirection":"In"},"Right Arm":{"Weight":1,"CFrame":[-0.37707942724227908,-0.4337044358253479,-0.24132072925567628,0.408063143491745,-0.6775791049003601,-0.611858606338501,0.8771111369132996,0.47691386938095095,0.056826524436473849,0.253299355506897,-0.5598568916320801,0.7889231443405151],"EasingStyle":"Linear","EasingDirection":"In"},"Left Arm":{"Weight":1,"CFrame":[-1.0397528409957886,-0.3716750144958496,-0.5712298154830933,-0.42452800273895266,0.4947672486305237,-0.7582752108573914,-0.863639235496521,0.030175458639860154,0.5032064318656921,0.271851509809494,0.8685014843940735,0.41449010372161868],"EasingStyle":"Linear","EasingDirection":"In"},"handle":{"Weight":1,"CFrame":[0.7985195517539978,-2.8814826011657717,-1.2180169820785523,0.4678073823451996,-0.20263828337192536,0.8602871298789978,0.46703019738197329,0.8830459713935852,-0.0459628701210022,-0.750359296798706,0.42328184843063357,0.5077336430549622],"EasingStyle":"Linear","EasingDirection":"In"},"Torso":{"Weight":1,"CFrame":[-0.8740878701210022,-0.1939806044101715,0.3869307041168213,0.46780744194984438,0.7503592371940613,-0.4670301675796509,-0.8602871298789978,0.5077337026596069,-0.04596290364861488,0.20263826847076417,0.42328184843063357,0.8830459713935852],"EasingStyle":"Linear","EasingDirection":"In"},"HumanoidRootPart":{"Weight":0,"CFrame":[0,0,0,1,0,0,0,1,0,0,0,1],"EasingStyle":"Linear","EasingDirection":"In"},"Right Leg":{"Weight":1,"CFrame":[0.8222506642341614,0.2649310231208801,-0.12602758407592774,0.7202281951904297,0.6754621267318726,0.15818393230438233,-0.6935536861419678,0.7063143849372864,0.1417861431837082,-0.015956386923789979,-0.21182750165462495,0.9771768450737],"EasingStyle":"Linear","EasingDirection":"In"}}},{"Time":0.10000000149011612,"poses":{"Left Leg":{"Weight":1,"CFrame":[-0.17779779434204102,-0.27614128589630129,-0.11815345287322998,0.860676109790802,0.49944689869880679,0.09894175082445145,-0.47076094150543215,0.8546363115310669,-0.21904538571834565,-0.19396083056926728,0.14194917678833009,0.9706851243972778],"EasingStyle":"Linear","EasingDirection":"In"},"Head":{"Weight":1,"CFrame":[-2.9802322387695315e-8,-1.7881393432617188e-7,-2.980232238769531e-7,0.6489155292510986,-0.7498596906661987,0.12891517579555512,0.7265450358390808,0.6609996557235718,0.1876477599143982,-0.2259223759174347,-0.028104867786169053,0.9737398028373718],"EasingStyle":"Linear","EasingDirection":"In"},"Right Arm":{"Weight":1,"CFrame":[-0.39170584082603457,-0.32640424370765688,-0.16662555932998658,0.6478376388549805,-0.4867139160633087,-0.586016833782196,0.6481765508651733,0.7563444375991821,0.08837584406137467,0.4002167880535126,-0.4370957314968109,0.805465042591095],"EasingStyle":"Linear","EasingDirection":"In"},"Left Arm":{"Weight":1,"CFrame":[-1.1156060695648194,-0.29836374521255495,-0.6785099506378174,-0.5774140954017639,0.42837804555892947,-0.6950433850288391,-0.7939321398735046,-0.09604247659444809,0.6003729104995728,0.19043298065662385,0.898481011390686,0.39555925130844118],"EasingStyle":"Linear","EasingDirection":"In"},"handle":{"Weight":1,"CFrame":[1.0153169631958008,-3.1735053062438967,-1.5810993909835816,0.5194939970970154,-0.22297926247119904,0.8248674273490906,0.4890778958797455,0.8691748976707459,-0.07306032627820969,-0.7006630897521973,0.44137880206108096,0.5605853796005249],"EasingStyle":"Linear","EasingDirection":"In"},"Torso":{"Weight":1,"CFrame":[-0.7794873714447022,-0.2305281013250351,0.8195269107818604,0.5194941163063049,0.7006630897521973,-0.4890778958797455,-0.8248673677444458,0.5605854392051697,-0.07306032627820969,0.22297926247119904,0.44137880206108096,0.8691748976707459],"EasingStyle":"Linear","EasingDirection":"In"},"HumanoidRootPart":{"Weight":0,"CFrame":[0,0,0,1,0,0,0,1,0,0,0,1],"EasingStyle":"Linear","EasingDirection":"In"},"Right Leg":{"Weight":1,"CFrame":[0.6578366756439209,0.28762298822402956,-0.05764979124069214,0.7956712245941162,0.6002790927886963,0.08106998354196549,-0.6042918562889099,0.7774291038513184,0.17445719242095948,0.04169687628746033,-0.18780052661895753,0.9813217520713806],"EasingStyle":"Linear","EasingDirection":"In"}}},{"Time":0.13333334028720857,"poses":{"Left Leg":{"Weight":1,"CFrame":[-0.23375143110752107,-0.24758338928222657,-0.09390407800674439,0.8661258220672607,0.4992203414440155,0.024599608033895494,-0.48339855670928957,0.849158525466919,-0.212733656167984,-0.12709003686904908,0.17236268520355225,0.9768005013465881],"EasingStyle":"Linear","EasingDirection":"In"},"Head":{"Weight":1,"CFrame":[8.940696716308594e-8,1.4901161193847657e-7,-1.1920928955078126e-7,0.646603524684906,-0.7500969171524048,0.13877487182617188,0.7233521938323975,0.6606752872467041,0.20067329704761506,-0.2422095388174057,-0.029372921213507654,0.9697792530059815],"EasingStyle":"Linear","EasingDirection":"In"},"Right Arm":{"Weight":1,"CFrame":[-0.42018869519233706,-0.21205571293830872,-0.10404300689697266,0.7823378443717957,-0.27513250708580019,-0.5587929487228394,0.39562901854515078,0.9124289155006409,0.10464803874492645,0.4810667037963867,-0.3029448688030243,0.8226780891418457],"EasingStyle":"Linear","EasingDirection":"In"},"Left Arm":{"Weight":1,"CFrame":[-1.111315369606018,-0.30055323243141177,-0.7794029116630554,-0.6958183646202087,0.3667152225971222,-0.6175410151481628,-0.7112943530082703,-0.23275458812713624,0.6632386445999146,0.09948437660932541,0.9007470607757568,0.4227973222732544],"EasingStyle":"Linear","EasingDirection":"In"},"handle":{"Weight":1,"CFrame":[1.1903237104415894,-3.330383777618408,-1.8317145109176636,0.5643293857574463,-0.23392385244369508,0.7917145490646362,0.4923818111419678,0.865140974521637,-0.09534801542758942,-0.6626405715942383,0.4436335861682892,0.6034043431282044],"EasingStyle":"Linear","EasingDirection":"In"},"Torso":{"Weight":1,"CFrame":[-0.6280046701431274,-0.2474474459886551,1.100517749786377,0.5643294453620911,0.6626405119895935,-0.4923818111419678,-0.7917145490646362,0.6034044027328491,-0.095348060131073,0.23392386734485627,0.4436335265636444,0.865140974521637],"EasingStyle":"Linear","EasingDirection":"In"},"HumanoidRootPart":{"Weight":0,"CFrame":[0,0,0,1,0,0,0,1,0,0,0,1],"EasingStyle":"Linear","EasingDirection":"In"},"Right Leg":{"Weight":1,"CFrame":[0.5045977234840393,0.3020259737968445,-0.01832050085067749,0.841489851474762,0.5400506854057312,0.015494820661842823,-0.5321321487426758,0.8235096335411072,0.1966395229101181,0.09343521296977997,-0.17371557652950288,0.9803534150123596],"EasingStyle":"Linear","EasingDirection":"In"}}},{"Time":0.1666666716337204,"poses":{"Left Leg":{"Weight":1,"CFrame":[-0.27141037583351138,-0.21430671215057374,-0.06934857368469238,0.8788772225379944,0.47694626450538638,-0.009855545125901699,-0.4689605236053467,0.8600048422813416,-0.20116573572158814,-0.08746927231550217,0.1814219206571579,0.9795076251029968],"EasingStyle":"Linear","EasingDirection":"In"},"Head":{"Weight":1,"CFrame":[1.1920928955078126e-7,-1.4901161193847657e-8,-5.960464477539063e-8,0.6458000540733337,-0.7500079274177551,0.1429348737001419,0.7217532992362976,0.6607508063316345,0.20610815286636353,-0.2490270733833313,-0.029940947890281678,0.9680336117744446],"EasingStyle":"Linear","EasingDirection":"In"},"Right Arm":{"Weight":1,"CFrame":[-0.46714743971824648,-0.11135226488113404,-0.07779920101165772,0.817520260810852,-0.1804896891117096,-0.5468857884407044,0.2828964591026306,0.9530088305473328,0.10836853086948395,0.5016276240348816,-0.24330559372901917,0.8301639556884766],"EasingStyle":"Linear","EasingDirection":"In"},"Left Arm":{"Weight":1,"CFrame":[-1.1002490520477296,-0.3061997592449188,-0.8677728176116943,-0.7829405069351196,0.309282511472702,-0.5397671461105347,-0.6218874454498291,-0.3666214644908905,0.6919861435890198,0.016128910705447198,0.8774582743644714,0.4793815314769745],"EasingStyle":"Linear","EasingDirection":"In"},"handle":{"Weight":1,"CFrame":[1.2932705879211426,-3.4211792945861818,-1.9098865985870362,0.58766770362854,-0.2318672388792038,0.7751672267913818,0.4698396921157837,0.8777716159820557,-0.09363552927970886,-0.6587088108062744,0.41923096776008608,0.6247784495353699],"EasingStyle":"Linear","EasingDirection":"In"},"Torso":{"Weight":1,"CFrame":[-0.4233887791633606,-0.22094394266605378,1.2556180953979493,0.5876677632331848,0.6587087512016296,-0.46983975172042849,-0.7751672267913818,0.6247785687446594,-0.09363556653261185,0.2318672090768814,0.41923093795776369,0.8777716159820557],"EasingStyle":"Linear","EasingDirection":"In"},"HumanoidRootPart":{"Weight":0,"CFrame":[0,0,0,1,0,0,0,1,0,0,0,1],"EasingStyle":"Linear","EasingDirection":"In"},"Right Leg":{"Weight":1,"CFrame":[0.48025965690612795,0.2965186834335327,-0.005974411964416504,0.8206828236579895,0.5712311863899231,-0.01321240421384573,-0.5556024312973023,0.8031994104385376,0.2148875743150711,0.13336285948753358,-0.16901373863220216,0.9765493869781494],"EasingStyle":"Linear","EasingDirection":"In"}}},{"Time":0.20000000298023225,"poses":{"Left Leg":{"Weight":1,"CFrame":[-0.2900785505771637,-0.18064427375793458,-0.04475116729736328,0.8977401256561279,0.4404796063899994,-0.00635293684899807,-0.43365970253944399,0.8811205625534058,-0.18858899176120759,-0.07747192680835724,0.17205893993377686,0.9820355772972107],"EasingStyle":"Linear","EasingDirection":"In"},"Head":{"Weight":1,"CFrame":[-5.960464477539063e-8,-1.6391277313232423e-7,-1.7881393432617188e-7,0.6498864889144898,-0.7489399909973145,0.12936903536319734,0.7255118489265442,0.6620321869850159,0.18800511956214906,-0.2264510691165924,-0.028323207050561906,0.9736106395721436],"EasingStyle":"Linear","EasingDirection":"In"},"Right Arm":{"Weight":1,"CFrame":[-0.5476481914520264,-0.04041224718093872,-0.1113085150718689,0.8173662424087524,-0.22794412076473237,-0.5291067361831665,0.329786479473114,0.9381663799285889,0.10528437793254852,0.4723910987377167,-0.2605482041835785,0.8419983983039856],"EasingStyle":"Linear","EasingDirection":"In"},"Left Arm":{"Weight":1,"CFrame":[-1.0851176977157593,-0.31392037868499758,-0.9425265192985535,-0.8452776074409485,0.2562393844127655,-0.46887868642807009,-0.531697154045105,-0.4903239905834198,0.6905654072761536,-0.05295238271355629,0.8330208659172058,0.5507015585899353],"EasingStyle":"Linear","EasingDirection":"In"},"handle":{"Weight":1,"CFrame":[1.31275475025177,-3.4385361671447756,-1.8112363815307618,0.5920510292053223,-0.221636101603508,0.7748245000839233,0.4224248230457306,0.9041244983673096,-0.06415700167417526,-0.6863183379173279,0.3652893304824829,0.6289124488830566],"EasingStyle":"Linear","EasingDirection":"In"},"Torso":{"Weight":1,"CFrame":[-0.17808318138122559,-0.1349189132452011,1.2638816833496094,0.592051088809967,0.6863182783126831,-0.4224247932434082,-0.7748244404792786,0.6289125084877014,-0.06415706127882004,0.2216361165046692,0.3652893602848053,0.9041244983673096],"EasingStyle":"Linear","EasingDirection":"In"},"HumanoidRootPart":{"Weight":0,"CFrame":[0,0,0,1,0,0,0,1,0,0,0,1],"EasingStyle":"Linear","EasingDirection":"In"},"Right Leg":{"Weight":1,"CFrame":[0.6189383268356323,0.2574065327644348,-0.003264904022216797,0.7043158411979675,0.7098541259765625,-0.006815594621002674,-0.6896423101425171,0.6864752173423767,0.23053215444087983,0.16832301020622254,-0.1576671451330185,0.9730408191680908],"EasingStyle":"Linear","EasingDirection":"In"}}},{"Time":0.23333333432674409,"poses":{"Left Leg":{"Weight":1,"CFrame":[-0.2996337413787842,-0.14678525924682618,-0.021686911582946779,0.9133614897727966,0.40697339177131655,0.011977200396358967,-0.3991250991821289,0.9007841944694519,-0.17113447189331056,-0.08043597638607025,0.15152722597122193,0.9851748943328857],"EasingStyle":"Linear","EasingDirection":"In"},"Head":{"Weight":1,"CFrame":[2.9802322387695315e-8,-1.5273690223693848e-7,-4.76837158203125e-7,0.6578464508056641,-0.7469419240951538,0.0965178981423378,0.7332468032836914,0.6644473671913147,0.1444263756275177,-0.1720091849565506,-0.024238968268036844,0.9847971200942993],"EasingStyle":"Linear","EasingDirection":"In"},"Right Arm":{"Weight":1,"CFrame":[-0.6561166048049927,0.002965390682220459,-0.19121628999710084,0.8055865168571472,-0.34058085083961489,-0.48480427265167239,0.4389105439186096,0.8927004933357239,0.10219313204288483,0.39797985553741457,-0.29511111974716189,0.868631899356842],"EasingStyle":"Linear","EasingDirection":"In"},"Left Arm":{"Weight":1,"CFrame":[-1.0686314105987549,-0.3223329186439514,-1.0025708675384522,-0.887847363948822,0.20943765342235566,-0.40971091389656069,-0.44811373949050906,-0.595780074596405,0.6665135622024536,-0.10450450330972672,0.7753592729568481,0.6228134632110596],"EasingStyle":"Linear","EasingDirection":"In"},"handle":{"Weight":1,"CFrame":[1.2652990818023682,-3.400672435760498,-1.606519103050232,0.5926212072372437,-0.20747151970863343,0.7783029675483704,0.35646361112594607,0.934039831161499,-0.022435076534748079,-0.7223113775253296,0.290732204914093,0.6274879574775696],"EasingStyle":"Linear","EasingDirection":"In"},"Torso":{"Weight":1,"CFrame":[0.07545733451843262,-0.01088045910000801,1.165853500366211,0.5926213264465332,0.7223113179206848,-0.35646361112594607,-0.7783030271530151,0.6274879574775696,-0.022435074672102929,0.20747151970863343,0.290732204914093,0.934039831161499],"EasingStyle":"Linear","EasingDirection":"In"},"HumanoidRootPart":{"Weight":0,"CFrame":[0,0,0,1,0,0,0,1,0,0,0,1],"EasingStyle":"Linear","EasingDirection":"In"},"Right Leg":{"Weight":1,"CFrame":[0.7769818305969238,0.18271797895431519,-0.004168808460235596,0.5185839533805847,0.8549445271492004,0.011854344047605992,-0.832120954990387,0.5014551877975464,0.23689116537570954,0.19658444821834565,-0.13271230459213258,0.9714638590812683],"EasingStyle":"Linear","EasingDirection":"In"}}},{"Time":0.2666666805744171,"poses":{"Left Leg":{"Weight":1,"CFrame":[-0.4905374050140381,-0.02755558490753174,0.017746567726135255,0.9643480777740479,0.2619420886039734,0.037671104073524478,-0.2538967728614807,0.9559305906295776,-0.14742155373096467,-0.07462698966264725,0.1326010674238205,0.9883561134338379],"EasingStyle":"Linear","EasingDirection":"In"},"Head":{"Weight":1,"CFrame":[8.568167686462403e-8,-9.499490261077881e-8,4.76837158203125e-7,0.6648253798484802,-0.7448423504829407,0.056719131767749789,0.7394046187400818,0.6669662594795227,0.09185225516557694,-0.10624520480632782,-0.019127337262034417,0.994156002998352],"EasingStyle":"Linear","EasingDirection":"In"},"Right Arm":{"Weight":1,"CFrame":[-0.7662096619606018,0.025558888912200929,-0.2865898013114929,0.7706491947174072,-0.4705415368080139,-0.42975637316703799,0.5607551336288452,0.8210992813110352,0.10653506964445114,0.3027432858943939,-0.32308921217918398,0.896638035774231],"EasingStyle":"Linear","EasingDirection":"In"},"Left Arm":{"Weight":1,"CFrame":[-1.0535000562667847,-0.33005350828170779,-1.0468131303787232,-0.9148173928260803,0.17206639051437379,-0.3653797507286072,-0.3793971836566925,-0.6762683987617493,0.6314418911933899,-0.13844473659992219,0.7162780165672302,0.683943510055542],"EasingStyle":"Linear","EasingDirection":"In"},"handle":{"Weight":1,"CFrame":[1.1619467735290528,-3.3420090675354006,-1.3329442739486695,0.5932466983795166,-0.18761619925498963,0.7828527688980103,0.27493444085121157,0.9612109065055847,0.02201530896127224,-0.7566170692443848,0.20217269659042359,0.6218173503875732],"EasingStyle":"Linear","EasingDirection":"In"},"Torso":{"Weight":1,"CFrame":[0.3088310956954956,0.11853237450122833,1.012725830078125,0.5932468175888062,0.7566170692443848,-0.27493444085121157,-0.7828527092933655,0.6218173503875732,0.02201531082391739,0.18761618435382844,0.20217271149158479,0.9612109065055847],"EasingStyle":"Linear","EasingDirection":"In"},"HumanoidRootPart":{"Weight":0,"CFrame":[0,0,0,1,0,0,0,1,0,0,0,1],"EasingStyle":"Linear","EasingDirection":"In"},"Right Leg":{"Weight":1,"CFrame":[0.8783252239227295,0.06962043046951294,-0.008445143699645996,0.3035668134689331,0.9521381855010986,0.03577708080410957,-0.9303082227706909,0.28807637095451357,0.22702106833457948,0.20584893226623536,-0.10220000147819519,0.9732324481010437],"EasingStyle":"Linear","EasingDirection":"In"}}},{"Time":0.30000001192092898,"poses":{"Left Leg":{"Weight":1,"CFrame":[-0.7386358380317688,0.1449110507965088,0.06668210029602051,0.9956161379814148,0.07062351703643799,0.06132517382502556,-0.06271109730005264,0.9904797673225403,-0.12254443019628525,-0.06939581036567688,0.11816146224737168,0.9905665516853333],"EasingStyle":"Linear","EasingDirection":"In"},"Head":{"Weight":1,"CFrame":[1.043081283569336e-7,4.470348358154297e-8,-6.556510925292969e-7,0.6685816049575806,-0.7432806491851807,0.02307659015059471,0.7419021725654602,0.6688185334205627,0.0475701242685318,-0.05079200491309166,-0.014683924615383149,0.9986013174057007],"EasingStyle":"Linear","EasingDirection":"In"},"Right Arm":{"Weight":1,"CFrame":[-0.8515838384628296,0.034143149852752689,-0.3664975166320801,0.7249679565429688,-0.5722898244857788,-0.3832828998565674,0.6526604294776917,0.7486050724983215,0.11672527343034744,0.22012682259082795,-0.3347757160663605,0.9162256717681885],"EasingStyle":"Linear","EasingDirection":"In"},"Left Arm":{"Weight":1,"CFrame":[-1.042433738708496,-0.33570098876953127,-1.074159860610962,-0.9295804500579834,0.14773687720298768,-0.33771881461143496,-0.33350348472595217,-0.7273326516151428,0.5998022556304932,-0.15702103078365327,0.6701947450637817,0.7253849506378174],"EasingStyle":"Linear","EasingDirection":"In"},"handle":{"Weight":1,"CFrame":[1.0227575302124024,-3.249330520629883,-1.039290428161621,0.596154510974884,-0.1621159315109253,0.7863321304321289,0.18796592950820924,0.9803647398948669,0.059613488614559177,-0.7805565595626831,0.11226478964090347,0.6149211525917053],"EasingStyle":"Linear","EasingDirection":"In"},"Torso":{"Weight":1,"CFrame":[0.5023154616355896,0.2249852865934372,0.8194477558135986,0.5961545705795288,0.7805565595626831,-0.18796591460704804,-0.7863320708274841,0.6149212121963501,0.059613484889268878,0.1621159315109253,0.11226480454206467,0.9803647398948669],"EasingStyle":"Linear","EasingDirection":"In"},"HumanoidRootPart":{"Weight":0,"CFrame":[0,0,0,1,0,0,0,1,0,0,0,1],"EasingStyle":"Linear","EasingDirection":"In"},"Right Leg":{"Weight":1,"CFrame":[0.9117221236228943,-0.060388922691345218,-0.017671048641204835,0.11431062966585159,0.9917843341827393,0.05741901695728302,-0.9752921462059021,0.10103576630353928,0.19646130502223969,0.18904592096805573,-0.07845794409513474,0.9788289070129395],"EasingStyle":"Linear","EasingDirection":"In"}}},{"Time":0.3333333432674408,"poses":{"Left Leg":{"Weight":1,"CFrame":[-0.7984227538108826,0.19947558641433717,0.08247518539428711,0.9972636103630066,0.01774335838854313,0.07176646590232849,-0.00973400566726923,0.9938339591026306,-0.11045047640800476,-0.07328366488218308,0.10944963991641998,0.9912871718406677],"EasingStyle":"Linear","EasingDirection":"In"},"Head":{"Weight":1,"CFrame":[0,0,-4.76837158203125e-7,0.6695877909660339,-0.7426792979240418,0.008929798379540444,0.74222332239151,0.6695252060890198,0.02899026684463024,-0.02750920131802559,-0.012783627025783062,0.9995397925376892],"EasingStyle":"Linear","EasingDirection":"In"},"Right Arm":{"Weight":1,"CFrame":[-0.8858956694602966,0.03549849987030029,-0.4000072479248047,0.7017819881439209,-0.6123639941215515,-0.36402231454849245,0.6878692507743836,0.7153947949409485,0.12266326695680618,0.18530507385730744,-0.3364826738834381,0.9232775568962097],"EasingStyle":"Linear","EasingDirection":"In"},"Left Arm":{"Weight":1,"CFrame":[-1.0381429195404053,-0.33789020776748659,-1.0835185050964356,-0.9343118071556091,0.13929931819438935,-0.328111469745636,-0.31705358624458315,-0.7454318404197693,0.5863518118858337,-0.16290634870529176,0.6518643498420715,0.740631103515625],"EasingStyle":"Linear","EasingDirection":"In"},"handle":{"Weight":1,"CFrame":[0.8683662414550781,-3.11214542388916,-0.7841224670410156,0.6028797626495361,-0.13031011819839478,0.7871183753013611,0.10872281342744827,0.9907866716384888,0.08075374364852905,-0.790389358997345,0.03689292073249817,0.6114928126335144],"EasingStyle":"Linear","EasingDirection":"In"},"Torso":{"Weight":1,"CFrame":[0.6445116996765137,0.2833397388458252,0.5999205112457275,0.6028797626495361,0.790389358997345,-0.10872279852628708,-0.7871183156967163,0.6114928722381592,0.08075372129678726,0.13031011819839478,0.036892931908369067,0.9907866716384888],"EasingStyle":"Linear","EasingDirection":"In"},"HumanoidRootPart":{"Weight":0,"CFrame":[0,0,0,1,0,0,0,1,0,0,0,1],"EasingStyle":"Linear","EasingDirection":"In"},"Right Leg":{"Weight":1,"CFrame":[0.9114435911178589,-0.12896525859832765,-0.027025222778320314,0.03113582544028759,0.9972548484802246,0.0671815574169159,-0.9849398136138916,0.019175732508301736,0.17183071374893189,0.1700708121061325,-0.07151999324560166,0.9828330874443054],"EasingStyle":"Linear","EasingDirection":"In"}}},{"Time":0.36666667461395266,"poses":{"Left Leg":{"Weight":1,"CFrame":[-0.774333119392395,0.1773362159729004,0.07833147048950196,0.996863603591919,0.03497573360800743,0.07099062949419022,-0.026866648346185685,0.9933304786682129,-0.11212841421365738,-0.0744389146566391,0.10986946523189545,0.991154670715332],"EasingStyle":"Linear","EasingDirection":"In"},"Head":{"Weight":1,"CFrame":[2.9802322387695315e-8,-2.2351741790771486e-8,5.960464477539063e-7,0.6695877909660339,-0.742679238319397,0.008929801173508168,0.7422232627868652,0.6695252656936646,0.028990276157855989,-0.027509193867444993,-0.012783611193299294,0.9995397925376892],"EasingStyle":"Linear","EasingDirection":"In"},"Right Arm":{"Weight":1,"CFrame":[-0.8858957886695862,0.035498976707458499,-0.40000706911087038,0.7017819881439209,-0.6123641133308411,-0.364022433757782,0.6878691911697388,0.7153947353363037,0.12266324460506439,0.1853051483631134,-0.3364827334880829,0.9232775568962097],"EasingStyle":"Linear","EasingDirection":"In"},"Left Arm":{"Weight":1,"CFrame":[-1.0381428003311158,-0.3378896415233612,-1.083518624305725,-0.9343118071556091,0.13929931819438935,-0.3281114995479584,-0.31705352663993838,-0.7454319000244141,0.5863516926765442,-0.16290636360645295,0.651864230632782,0.7406311631202698],"EasingStyle":"Linear","EasingDirection":"In"},"handle":{"Weight":1,"CFrame":[0.7036856412887573,-2.726754665374756,-0.5980314612388611,0.6099260449409485,-0.09801476448774338,0.7863735556602478,0.04493919014930725,0.9950027465820313,0.0891629233956337,-0.7911830544471741,-0.019043797627091409,0.6112827658653259],"EasingStyle":"Linear","EasingDirection":"In"},"Torso":{"Weight":1,"CFrame":[0.7379148006439209,0.307020902633667,0.1564476490020752,0.6099261045455933,0.7911830544471741,-0.04493920877575874,-0.786373496055603,0.6112828254699707,0.0891629308462143,0.09801475703716278,-0.019043803215026857,0.9950027465820313],"EasingStyle":"Linear","EasingDirection":"In"},"HumanoidRootPart":{"Weight":0,"CFrame":[0,0,0,1,0,0,0,1,0,0,0,1],"EasingStyle":"Linear","EasingDirection":"In"},"Right Leg":{"Weight":1,"CFrame":[0.9146349430084229,-0.11143326759338379,-0.028372108936309816,0.05301086977124214,0.9963576793670654,0.06679210811853409,-0.9837186932563782,0.040602512657642367,0.17506831884384156,0.17171882092952729,-0.07498518377542496,0.982288122177124],"EasingStyle":"Linear","EasingDirection":"In"}}},{"Time":0.4000000059604645,"poses":{"Left Leg":{"Weight":1,"CFrame":[-0.6954719424247742,0.1145702600479126,0.0656425952911377,0.9935897588729858,0.08953648805618286,0.0690111368894577,-0.08111739158630371,0.9898836612701416,-0.11640600115060806,-0.07873564213514328,0.11006180942058563,0.990801215171814],"EasingStyle":"Linear","EasingDirection":"In"},"Head":{"Weight":1,"CFrame":[1.1920928955078126e-7,-5.960464477539063e-8,1.1920928955078126e-7,0.6695877909660339,-0.7426791787147522,0.008929803967475891,0.74222332239151,0.6695253252983093,0.02899024449288845,-0.02750920131802559,-0.012783623300492764,0.9995397925376892],"EasingStyle":"Linear","EasingDirection":"In"},"Right Arm":{"Weight":1,"CFrame":[-0.8858957886695862,0.03549867868423462,-0.40000706911087038,0.7017819285392761,-0.6123640537261963,-0.36402246356010439,0.6878692507743836,0.7153947949409485,0.1226632297039032,0.18530508875846864,-0.3364826738834381,0.9232774972915649],"EasingStyle":"Linear","EasingDirection":"In"},"Left Arm":{"Weight":1,"CFrame":[-1.0381430387496949,-0.33789005875587466,-1.0835185050964356,-0.9343118667602539,0.13929924368858338,-0.328111469745636,-0.3170534670352936,-0.7454319596290588,0.5863518118858337,-0.16290627419948579,0.651864230632782,0.7406310439109802],"EasingStyle":"Linear","EasingDirection":"In"},"handle":{"Weight":1,"CFrame":[0.5855599045753479,-2.454470157623291,-0.47622549533843996,0.6135190725326538,-0.07520396262407303,0.7860907316207886,0.0008743925718590617,0.9955190420150757,0.09455718845129013,-0.7896794080734253,-0.057325318455696109,0.6108357906341553],"EasingStyle":"Linear","EasingDirection":"In"},"Torso":{"Weight":1,"CFrame":[0.7732890248298645,0.324425607919693,-0.15062642097473145,0.6135191917419434,0.7896793484687805,-0.0008743792423047125,-0.7860906720161438,0.6108357310295105,0.09455720335245133,0.07520396262407303,-0.05732528865337372,0.9955190420150757],"EasingStyle":"Linear","EasingDirection":"In"},"HumanoidRootPart":{"Weight":0,"CFrame":[0,0,0,1,0,0,0,1,0,0,0,1],"EasingStyle":"Linear","EasingDirection":"In"},"Right Leg":{"Weight":1,"CFrame":[0.9194616079330444,-0.06762969493865967,-0.03242003917694092,0.11014721542596817,0.9917290210723877,0.06588679552078247,-0.9784704446792603,0.09655624628067017,0.1824074387550354,0.17453698813915254,-0.08456020057201386,0.9810130000114441],"EasingStyle":"Linear","EasingDirection":"In"}}},{"Time":0.4333333373069763,"poses":{"Left Leg":{"Weight":1,"CFrame":[-0.503743588924408,0.0007302761077880859,0.038854360580444339,0.9745658040046692,0.2140454351902008,0.06637836992740631,-0.2049739509820938,0.9711233973503113,-0.12208600342273712,-0.09059362858533859,0.10537495464086533,0.9902973771095276],"EasingStyle":"Linear","EasingDirection":"In"},"Head":{"Weight":1,"CFrame":[8.940696716308594e-8,0,2.384185791015625e-7,0.6695877313613892,-0.742679238319397,0.008929821662604809,0.74222332239151,0.6695252656936646,0.028990278020501138,-0.027509192004799844,-0.012783566489815712,0.9995397925376892],"EasingStyle":"Linear","EasingDirection":"In"},"Right Arm":{"Weight":1,"CFrame":[-0.885895848274231,0.035498857498168948,-0.4000070095062256,0.7017819285392761,-0.6123640537261963,-0.36402231454849245,0.6878692507743836,0.7153947949409485,0.12266319245100022,0.18530507385730744,-0.33648258447647097,0.9232775568962097],"EasingStyle":"Linear","EasingDirection":"In"},"Left Arm":{"Weight":1,"CFrame":[-1.0381430387496949,-0.3378901481628418,-1.0835185050964356,-0.9343118071556091,0.13929927349090577,-0.3281113803386688,-0.31705352663993838,-0.7454319000244141,0.586351752281189,-0.16290633380413056,0.651864230632782,0.7406311631202698],"EasingStyle":"Linear","EasingDirection":"In"},"handle":{"Weight":1,"CFrame":[0.5204907655715942,-2.531970977783203,-0.3826119303703308,0.6145853996276856,-0.06658350676298142,0.7860351800918579,-0.015546426177024842,0.9952155947685242,0.09645824134349823,-0.7886970639228821,-0.07150181382894516,0.6106098890304565],"EasingStyle":"Linear","EasingDirection":"In"},"Torso":{"Weight":1,"CFrame":[0.7317230105400086,0.33402615785598757,-0.08331561088562012,0.6145855188369751,0.7886970043182373,0.015546387061476708,-0.7860351800918579,0.6106099486351013,0.09645818918943405,0.06658352166414261,-0.07150186598300934,0.9952155947685242],"EasingStyle":"Linear","EasingDirection":"In"},"HumanoidRootPart":{"Weight":0,"CFrame":[0,0,0,1,0,0,0,1,0,0,0,1],"EasingStyle":"Linear","EasingDirection":"In"},"Right Leg":{"Weight":1,"CFrame":[0.9176421761512756,-0.011824846267700196,-0.03858119249343872,0.18908065557479859,0.9798157811164856,0.06488121300935745,-0.9661698937416077,0.17383137345314027,0.19052132964134217,0.17539747059345246,-0.09871023148298264,0.9795366525650024],"EasingStyle":"Linear","EasingDirection":"In"}}},{"Time":0.46666666865348818,"poses":{"Left Leg":{"Weight":1,"CFrame":[-0.9821875095367432,0.6702081561088562,-0.19614166021347047,0.9585494995117188,-0.27670061588287356,-0.06796775013208389,0.28490114212036135,0.9339472055435181,0.2158098816871643,0.0037635271437466146,-0.22622857987880708,0.974066972732544],"EasingStyle":"Linear","EasingDirection":"In"},"Head":{"Weight":1,"CFrame":[1.1920928955078126e-7,-1.043081283569336e-7,-5.960464477539063e-7,0.603257954120636,-0.7927950620651245,-0.08692396432161331,0.7637348175048828,0.6056398749351502,-0.2234043926000595,0.22975851595401765,0.06838363409042359,0.9708422422409058],"EasingStyle":"Linear","EasingDirection":"In"},"Right Arm":{"Weight":1,"CFrame":[0.5522758960723877,-0.2458885908126831,0.050269126892089847,0.07503976672887802,-0.9223850965499878,-0.3789125084877014,0.993884265422821,0.10005249083042145,-0.046728722751140597,0.0810130164027214,-0.3730887174606323,0.9242519736289978],"EasingStyle":"Linear","EasingDirection":"In"},"Left Arm":{"Weight":1,"CFrame":[0.4875958561897278,0.0675194263458252,0.07592463493347168,0.7950736880302429,-0.6003655791282654,-0.08613350242376328,0.6060377359390259,0.780778706073761,0.15199637413024903,-0.024002237245440484,-0.17304851114749909,0.9846208095550537],"EasingStyle":"Linear","EasingDirection":"In"},"handle":{"Weight":1,"CFrame":[-0.6525142788887024,-2.30723237991333,2.1377487182617189,0.45220282673835757,0.21699197590351106,0.8651167750358582,-0.6381925344467163,0.7563112378120422,0.14388693869113923,-0.6230753064155579,-0.6171772480010986,0.4804888069629669],"EasingStyle":"Linear","EasingDirection":"In"},"Torso":{"Weight":1,"CFrame":[1.0980114936828614,0.23184697329998017,0.17936015129089356,0.4522028863430023,0.6230752468109131,0.6381925940513611,-0.8651167750358582,0.4804888367652893,0.1438870131969452,-0.21699200570583344,-0.6171772480010986,0.756311297416687],"EasingStyle":"Linear","EasingDirection":"In"},"HumanoidRootPart":{"Weight":0,"CFrame":[0,0,0,1,0,0,0,1,0,0,0,1],"EasingStyle":"Linear","EasingDirection":"In"},"Right Leg":{"Weight":1,"CFrame":[-0.05994986742734909,-0.200653076171875,-0.07053101062774658,0.8899774551391602,0.44815531373023989,0.08424361795186997,-0.418733686208725,0.8763206005096436,-0.23816880583763123,-0.18056102097034455,0.17668920755386353,0.967563271522522],"EasingStyle":"Linear","EasingDirection":"In"}}},{"Time":0.5,"poses":{"Left Leg":{"Weight":1,"CFrame":[-0.9998419880867004,0.7041127681732178,-0.24732732772827149,0.951656699180603,-0.26557859778404238,-0.15432943403720857,0.2908099889755249,0.9407649636268616,0.17432986199855805,0.09888945519924164,-0.21078263223171235,0.9725181460380554],"EasingStyle":"Linear","EasingDirection":"In"},"Head":{"Weight":1,"CFrame":[2.9802322387695315e-8,-8.940696716308594e-8,2.384185791015625e-7,0.6206431984901428,-0.7793466448783875,-0.08614365756511688,0.7546915411949158,0.6235576868057251,-0.20400123298168183,0.21270328760147096,0.06160010024905205,0.9751731753349304],"EasingStyle":"Linear","EasingDirection":"In"},"Right Arm":{"Weight":1,"CFrame":[0.681997537612915,-0.21422576904296876,0.13058173656463624,-0.31293126940727236,-0.8817355036735535,-0.35301071405410769,0.949735701084137,-0.2939157783985138,-0.10777553915977478,-0.008725987747311592,-0.36899322271347048,0.9293911457061768],"EasingStyle":"Linear","EasingDirection":"In"},"Left Arm":{"Weight":1,"CFrame":[0.5273662209510803,0.2186707854270935,0.12359225749969483,0.7321557402610779,-0.6671774983406067,-0.13719357550144196,0.6766430735588074,0.6893190145492554,0.25883111357688906,-0.07811614125967026,-0.2823357582092285,0.9561299085617065],"EasingStyle":"Linear","EasingDirection":"In"},"handle":{"Weight":1,"CFrame":[-0.9568928480148315,-2.5845694541931154,2.599207878112793,0.45269662141799929,0.24174590408802033,0.8582683801651001,-0.6430065631866455,0.7553585767745972,0.12639640271663667,-0.6177445650100708,-0.6090914011001587,0.49739256501197817],"EasingStyle":"Linear","EasingDirection":"In"},"Torso":{"Weight":1,"CFrame":[0.8846149444580078,0.18420708179473878,0.7410626411437988,0.4526967406272888,0.617744505405426,0.6430065035820007,-0.8582683801651001,0.49739253520965578,0.12639647722244264,-0.2417459487915039,-0.6090914011001587,0.7553585171699524],"EasingStyle":"Linear","EasingDirection":"In"},"HumanoidRootPart":{"Weight":0,"CFrame":[0,0,0,1,0,0,0,1,0,0,0,1],"EasingStyle":"Linear","EasingDirection":"In"},"Right Leg":{"Weight":1,"CFrame":[-0.0705554187297821,-0.20731353759765626,-0.05742001533508301,0.9008083343505859,0.4303826093673706,0.05757705867290497,-0.39887017011642458,0.8725754618644714,-0.2819835841655731,-0.1716011017560959,0.23104731738567353,0.9576900005340576],"EasingStyle":"Linear","EasingDirection":"In"}}},{"Time":0.5333333611488342,"poses":{"Left Leg":{"Weight":1,"CFrame":[-1.045487642288208,0.6728228330612183,-0.32031118869781496,0.9290488958358765,-0.28034988045692446,-0.2413962483406067,0.3235907256603241,0.9320663213729858,0.1629151701927185,0.17932410538196565,-0.22946959733963014,0.9566537737846375],"EasingStyle":"Linear","EasingDirection":"In"},"Head":{"Weight":1,"CFrame":[-1.4901161193847657e-8,-1.9371509552001954e-7,1.1920928955078126e-7,0.6580730080604553,-0.7484833002090454,-0.08193089812994003,0.7329307794570923,0.6616964340209961,-0.15802033245563508,0.1724889725446701,0.04393914341926575,0.9840309619903565],"EasingStyle":"Linear","EasingDirection":"In"},"Right Arm":{"Weight":1,"CFrame":[0.7606810927391052,-0.13872361183166505,0.17929565906524659,-0.5747324824333191,-0.7487062215805054,-0.33033543825149538,0.8130247592926025,-0.5683493614196777,-0.12637163698673249,-0.09313074499368668,-0.3412007987499237,0.9353655576705933],"EasingStyle":"Linear","EasingDirection":"In"},"Left Arm":{"Weight":1,"CFrame":[0.551488995552063,0.3103525638580322,0.15250539779663087,0.6872203946113586,-0.7052031755447388,-0.17440329492092133,0.7169767022132874,0.6197806000709534,0.3190869688987732,-0.11692932993173599,-0.34432604908943179,0.9315401315689087],"EasingStyle":"Linear","EasingDirection":"In"},"handle":{"Weight":1,"CFrame":[-1.1802332401275635,-2.7120838165283205,2.7572858333587648,0.4816471040248871,0.25428506731987,0.8386626839637756,-0.6185719966888428,0.7765417695045471,0.11979828774929047,-0.6207937002182007,-0.5764737129211426,0.5313128232955933],"EasingStyle":"Linear","EasingDirection":"In"},"Torso":{"Weight":1,"CFrame":[0.6101858615875244,0.16436567902565003,1.0109376907348633,0.48164716362953188,0.6207937002182007,0.618571937084198,-0.8386626839637756,0.5313128232955933,0.11979841440916062,-0.25428512692451479,-0.5764737129211426,0.7765417098999023],"EasingStyle":"Linear","EasingDirection":"In"},"HumanoidRootPart":{"Weight":0,"CFrame":[0,0,0,1,0,0,0,1,0,0,0,1],"EasingStyle":"Linear","EasingDirection":"In"