{"Sequence":[{"Time":0,"poses":{"Left Leg":{"Weight":1,"CFrame":[-0.5234690308570862,0.10058963298797608,0.042049527168273929,0.9474923014640808,0.12145577371120453,0.29581552743911745,-0.08104423433542252,0.9860664010047913,-0.14527527987957,-0.30933821201324465,0.11367311328649521,0.9441336393356323],"EasingStyle":"Linear","EasingDirection":"In"},"Right Arm":{"Weight":1,"CFrame":[-0.37092068791389468,-0.5443784594535828,-0.3301472067832947,0.0728030800819397,-0.7752935290336609,-0.62739098072052,0.9963149428367615,0.08513664454221726,0.01040644757449627,0.04534579813480377,-0.6258367896080017,0.7786348462104797],"EasingStyle":"Linear","EasingDirection":"In"},"Left Arm":{"Weight":1,"CFrame":[-0.8230290412902832,-0.5811364650726318,-0.4477847218513489,-0.21281731128692628,0.566493809223175,-0.796111524105072,-0.9173057675361633,0.1647968888282776,0.362480491399765,0.336539626121521,0.8074198365211487,0.48457640409469607],"EasingStyle":"Linear","EasingDirection":"In"},"Head":{"Weight":1,"CFrame":[1.4901161193847657e-8,-2.086162567138672e-7,-4.172325134277344e-7,0.6545115113258362,-0.7490034699440002,0.10299751162528992,0.7335606813430786,0.6621017456054688,0.1533299684524536,-0.18303950130939485,-0.02480134926736355,0.9827926754951477],"EasingStyle":"Linear","EasingDirection":"In"},"Torso":{"Weight":1,"CFrame":[-0.9215025901794434,-0.16254578530788423,-0.27237367630004885,0.4162762761116028,0.8102903962135315,-0.4124845266342163,-0.8971872925758362,0.4396742284297943,-0.041732314974069598,0.14754347503185273,0.3874480426311493,0.9100081920623779],"EasingStyle":"Linear","EasingDirection":"In"},"HumanoidRootPart":{"Weight":0,"CFrame":[0,0,0,1,0,0,0,1,0,0,0,1],"EasingStyle":"Linear","EasingDirection":"In"},"Right Leg":{"Weight":1,"CFrame":[0.9710074067115784,0.22542279958724976,-0.2294173240661621,0.6221347451210022,0.7424709796905518,0.24836485087871552,-0.7751674652099609,0.6286700963973999,0.062365151941776279,-0.1098351925611496,-0.23132392764091493,0.9666568636894226],"EasingStyle":"Linear","EasingDirection":"In"}}},{"Time":0.03333333507180214,"poses":{"Left Leg":{"Weight":1,"CFrame":[-0.5387859344482422,0.06827032566070557,0.021209359169006349,0.9538918733596802,0.15288564562797547,0.2582947909832001,-0.11523699015378952,0.9811437726020813,-0.15516860783100129,-0.2771475613117218,0.11824905872344971,0.9535232186317444],"EasingStyle":"Linear","EasingDirection":"In"},"Right Arm":{"Weight":1,"CFrame":[-0.3847399950027466,-0.5132603645324707,-0.3039029836654663,0.16744710505008698,-0.7733227610588074,-0.6115007996559143,0.9779348373413086,0.20887862145900727,0.0036332644522190096,0.12491969764232636,-0.5986164212226868,0.7912355065345764],"EasingStyle":"Linear","EasingDirection":"In"},"Left Arm":{"Weight":1,"CFrame":[-0.9508649110794067,-0.5078250169754028,-0.5193023681640625,-0.3042358160018921,0.5584176778793335,-0.7717579007148743,-0.9041525721549988,0.0857953429222107,0.4185059368610382,0.29991447925567629,0.8251113891601563,0.4787927567958832],"EasingStyle":"Linear","EasingDirection":"In"},"Head":{"Weight":1,"CFrame":[2.9802322387695315e-8,7.450580596923828e-8,-1.1920928955078126e-7,0.6514719128608704,-0.7496324777603149,0.11677158623933792,0.7311869263648987,0.6614420413970947,0.16691339015960694,-0.2023613005876541,-0.02335752733051777,0.9790323376655579],"EasingStyle":"Linear","EasingDirection":"In"},"Torso":{"Weight":1,"CFrame":[-0.8484097719192505,-0.19325663149356843,-0.22775554656982423,0.4307795763015747,0.7806661128997803,-0.4527575671672821,-0.8875506520271301,0.45729726552963259,-0.05597298592329025,0.16334860026836396,0.4259573221206665,0.889875054359436],"EasingStyle":"Linear","EasingDirection":"In"},"HumanoidRootPart":{"Weight":0,"CFrame":[0,0,0,1,0,0,0,1,0,0,0,1],"EasingStyle":"Linear","EasingDirection":"In"},"Right Leg":{"Weight":1,"CFrame":[0.9571824073791504,0.2737997770309448,-0.20536261796951295,0.6562724113464356,0.7221381068229675,0.2186850607395172,-0.7522357106208801,0.6487541198730469,0.11514943093061447,-0.05871905758976936,-0.24007226526737214,0.9689775109291077],"EasingStyle":"Linear","EasingDirection":"In"}}},{"Time":0.06666667014360428,"poses":{"Left Leg":{"Weight":1,"CFrame":[-0.4540656507015228,-0.06652235984802246,-0.0447077751159668,0.9442872405052185,0.2727590501308441,0.18418490886688233,-0.24346232414245606,0.9554675817489624,-0.16675680875778199,-0.22146709263324738,0.11262428760528565,0.9686424136161804],"EasingStyle":"Linear","EasingDirection":"In"},"Right Arm":{"Weight":1,"CFrame":[-0.39175987243652346,-0.4337043762207031,-0.2413206696510315,0.40454745292663576,-0.6903136968612671,-0.5998402237892151,0.8736101984977722,0.4856855869293213,0.030243558809161187,0.2704561948776245,-0.5362615585327148,0.7995480298995972],"EasingStyle":"Linear","EasingDirection":"In"},"Left Arm":{"Weight":1,"CFrame":[-1.065744161605835,-0.37167489528656008,-0.5968612432479858,-0.44016793370246889,0.5014245510101318,-0.7448661923408508,-0.8602716326713562,0.0021780095994472505,0.5098313093185425,0.25726425647735598,0.8651986122131348,0.430402547121048],"EasingStyle":"Linear","EasingDirection":"In"},"Head":{"Weight":1,"CFrame":[1.4901161193847657e-7,8.940696716308594e-8,1.1920928955078126e-7,0.6489335298538208,-0.7500239014625549,0.12786468863487245,0.7282536625862122,0.6609617471694946,0.18104182183742524,-0.2202993631362915,-0.024366166442632676,0.9751279354095459],"EasingStyle":"Linear","EasingDirection":"In"},"Torso":{"Weight":1,"CFrame":[-0.7749093770980835,-0.22886532545089723,0.23300719261169434,0.47257983684539797,0.7371858954429627,-0.48293396830558779,-0.8611806631088257,0.5026764273643494,-0.07539471983909607,0.1871795952320099,0.4515233635902405,0.8724049925804138],"EasingStyle":"Linear","EasingDirection":"In"},"HumanoidRootPart":{"Weight":0,"CFrame":[0,0,0,1,0,0,0,1,0,0,0,1],"EasingStyle":"Linear","EasingDirection":"In"},"Right Leg":{"Weight":1,"CFrame":[0.8632232546806336,0.29709410667419436,-0.13826137781143189,0.7150923013687134,0.6819093823432922,0.15376169979572297,-0.6990280747413635,0.6970542669296265,0.15960943698883058,0.001659124973230064,-0.22161908447742463,0.9751318693161011],"EasingStyle":"Linear","EasingDirection":"In"}}},{"Time":0.10000000149011612,"poses":{"Left Leg":{"Weight":1,"CFrame":[-0.2126440405845642,-0.24564313888549806,-0.11359381675720215,0.8769049048423767,0.47057464718818667,0.09796573966741562,-0.45065969228744509,0.8757903575897217,-0.1729077249765396,-0.16716346144676209,0.10747433453798294,0.9800539016723633],"EasingStyle":"Linear","EasingDirection":"In"},"Right Arm":{"Weight":1,"CFrame":[-0.40149256587028506,-0.32640451192855837,-0.16662561893463136,0.646747350692749,-0.4942571222782135,-0.5808853507041931,0.6441473364830017,0.7617825269699097,0.06900521367788315,0.4084019362926483,-0.4188046455383301,0.8110551834106445],"EasingStyle":"Linear","EasingDirection":"In"},"Left Arm":{"Weight":1,"CFrame":[-1.115606427192688,-0.29836365580558779,-0.6785099506378174,-0.5774140954017639,0.42837807536125185,-0.6950433254241943,-0.7939321398735046,-0.0960424616932869,0.6003729104995728,0.19043301045894624,0.898481011390686,0.39555925130844118],"EasingStyle":"Linear","EasingDirection":"In"},"Head":{"Weight":1,"CFrame":[8.940696716308594e-8,-3.2782554626464846e-7,-1.7881393432617188e-7,0.6470414400100708,-0.7502171993255615,0.1360572725534439,0.7252854704856873,0.6606557369232178,0.1936362087726593,-0.23515616357326508,-0.026610244065523149,0.9715932607650757],"EasingStyle":"Linear","EasingDirection":"In"},"Torso":{"Weight":1,"CFrame":[-0.6819318532943726,-0.2549302875995636,0.8149266242980957,0.5229966640472412,0.6918355822563171,-0.4978334605693817,-0.8255831599235535,0.55637526512146,-0.09412189573049545,0.2118653655052185,0.46022829413414,0.8621501922607422],"EasingStyle":"Linear","EasingDirection":"In"},"HumanoidRootPart":{"Weight":0,"CFrame":[0,0,0,1,0,0,0,1,0,0,0,1],"EasingStyle":"Linear","EasingDirection":"In"},"Right Leg":{"Weight":1,"CFrame":[0.7195429801940918,0.30586522817611697,-0.06860262155532837,0.7733950614929199,0.6291660070419312,0.0775253027677536,-0.6309165954589844,0.7520491480827332,0.19069968163967133,0.06167902424931526,-0.19639818370342256,0.9785823822021484],"EasingStyle":"Linear","EasingDirection":"In"}}},{"Time":0.13333334028720857,"poses":{"Left Leg":{"Weight":1,"CFrame":[-0.2671104669570923,-0.22060978412628175,-0.09014153480529785,0.8874882459640503,0.46013784408569338,0.025256318971514703,-0.44943761825561526,0.8763577938079834,-0.173212930560112,-0.1018354669213295,0.14237332344055177,0.984560489654541],"EasingStyle":"Linear","EasingDirection":"In"},"Right Arm":{"Weight":1,"CFrame":[-0.42345115542411806,-0.21205556392669679,-0.10404312610626221,0.7821721434593201,-0.2773170471191406,-0.5579444169998169,0.39395520091056826,0.9138851165771484,0.09804708510637284,0.4827069640159607,-0.29649490118026736,0.8240660429000855],"EasingStyle":"Linear","EasingDirection":"In"},"Left Arm":{"Weight":1,"CFrame":[-1.1113152503967286,-0.30055350065231326,-0.761956512928009,-0.6892970204353333,0.36465924978256228,-0.6260139346122742,-0.7166255116462708,-0.21630580723285676,0.6630682945251465,0.10638350993394852,0.9056684970855713,0.4104229211807251],"EasingStyle":"Linear","EasingDirection":"In"},"Head":{"Weight":1,"CFrame":[5.960464477539063e-8,7.450580596923828e-8,-2.384185791015625e-7,0.6459510922431946,-0.7502163648605347,0.14114756882190705,0.7229015827178955,0.6605616807937622,0.20266132056713105,-0.24527645111083985,-0.028873521834611894,0.9690231084823608],"EasingStyle":"Linear","EasingDirection":"In"},"Torso":{"Weight":1,"CFrame":[-0.553744912147522,-0.2565578818321228,1.0992431640625,0.5659614205360413,0.6599130034446716,-0.4941685199737549,-0.7919995188713074,0.6016687750816345,-0.10359235852956772,0.22896380722522736,0.4500105381011963,0.8631721138954163],"EasingStyle":"Linear","EasingDirection":"In"},"HumanoidRootPart":{"Weight":0,"CFrame":[0,0,0,1,0,0,0,1,0,0,0,1],"EasingStyle":"Linear","EasingDirection":"In"},"Right Leg":{"Weight":1,"CFrame":[0.5823370218276978,0.30667662620544436,-0.024370431900024415,0.8064874410629273,0.591083824634552,0.014072445221245289,-0.5801201462745667,0.7864834070205689,0.21190641820430757,0.11418678611516953,-0.17906369268894196,0.9771886467933655],"EasingStyle":"Linear","EasingDirection":"In"}}},{"Time":0.1666666716337204,"poses":{"Left Leg":{"Weight":1,"CFrame":[-0.3003862798213959,-0.19356632232666017,-0.06668305397033692,0.8993954062461853,0.4370371699333191,-0.009297597222030163,-0.4319709539413452,0.8853071928024292,-0.17214010655879975,-0.06700026988983154,0.15883836150169373,0.9850286245346069],"EasingStyle":"Linear","EasingDirection":"In"},"Right Arm":{"Weight":1,"CFrame":[-0.46714743971824648,-0.11135268211364746,-0.07779920101165772,0.817520260810852,-0.1804896891117096,-0.5468857884407044,0.2828964591026306,0.9530088305473328,0.10836853086948395,0.5016276240348816,-0.24330559372901917,0.8301639556884766],"EasingStyle":"Linear","EasingDirection":"In"},"Left Arm":{"Weight":1,"CFrame":[-1.1002490520477296,-0.30619996786117556,-0.8435414433479309,-0.7760355472564697,0.3077182173728943,-0.5505254864692688,-0.6302676796913147,-0.34647271037101748,0.694780170917511,0.02305436134338379,0.886152446269989,0.4628198444843292],"EasingStyle":"Linear","EasingDirection":"In"},"Head":{"Weight":1,"CFrame":[2.384185791015625e-7,4.470348358154297e-8,-5.364418029785156e-7,0.6458000540733337,-0.7500079274177551,0.1429348737001419,0.7217532992362976,0.6607508063316345,0.20610815286636353,-0.2490270733833313,-0.029940947890281678,0.9680336117744446],"EasingStyle":"Linear","EasingDirection":"In"},"Torso":{"Weight":1,"CFrame":[-0.38256168365478518,-0.22094394266605378,1.2556180953979493,0.5876677632331848,0.6587087512016296,-0.46983975172042849,-0.7751672267913818,0.6247785687446594,-0.09363556653261185,0.2318672090768814,0.41923093795776369,0.8777716159820557],"EasingStyle":"Linear","EasingDirection":"In"},"HumanoidRootPart":{"Weight":0,"CFrame":[0,0,0,1,0,0,0,1,0,0,0,1],"EasingStyle":"Linear","EasingDirection":"In"},"Right Leg":{"Weight":1,"CFrame":[0.5479147434234619,0.295412540435791,-0.00803297758102417,0.7832327485084534,0.621577799320221,-0.013691174797713757,-0.6023423075675964,0.7640828490257263,0.23100030422210694,0.15404602885246278,-0.17268013954162599,0.9728573560714722],"EasingStyle":"Linear","EasingDirection":"In"}}},{"Time":0.20000000298023225,"poses":{"Left Leg":{"Weight":1,"CFrame":[-0.3126172721385956,-0.16601777076721192,-0.043028056621551517,0.9130470156669617,0.4078025221824646,-0.006497977767139673,-0.4029550850391388,0.8995028734207153,-0.16888391971588136,-0.0630263090133667,0.15681736171245576,0.985614538192749],"EasingStyle":"Linear","EasingDirection":"In"},"Right Arm":{"Weight":1,"CFrame":[-0.5476483106613159,-0.04041174054145813,-0.11130863428115845,0.8173661828041077,-0.22794413566589356,-0.5291066765785217,0.3297864496707916,0.9381663799285889,0.10528431832790375,0.47239112854003909,-0.2605482041835785,0.8419983983039856],"EasingStyle":"Linear","EasingDirection":"In"},"Left Arm":{"Weight":1,"CFrame":[-1.0851175785064698,-0.31392037868499758,-0.9192643165588379,-0.8402965068817139,0.25560328364372256,-0.4780886471271515,-0.5399287343025208,-0.47391578555107119,0.6956154108047485,-0.04877225309610367,0.8426569700241089,0.5362372994422913],"EasingStyle":"Linear","EasingDirection":"In"},"Head":{"Weight":1,"CFrame":[1.6391277313232423e-7,1.043081283569336e-7,0,0.6498865485191345,-0.7489399909973145,0.1293690800666809,0.7255117893218994,0.6620322465896606,0.18800516426563264,-0.2264510840177536,-0.028323238715529443,0.9736106395721436],"EasingStyle":"Linear","EasingDirection":"In"},"Torso":{"Weight":1,"CFrame":[-0.16700196266174317,-0.13343453407287599,1.2634391784667969,0.5912737250328064,0.6860889792442322,-0.42388346791267397,-0.7747501134872437,0.6291906237602234,-0.06230157986283302,0.2239590883255005,0.36524105072021487,0.9035714268684387],"EasingStyle":"Linear","EasingDirection":"In"},"HumanoidRootPart":{"Weight":0,"CFrame":[0,0,0,1,0,0,0,1,0,0,0,1],"EasingStyle":"Linear","EasingDirection":"In"},"Right Leg":{"Weight":1,"CFrame":[0.6552690267562866,0.2562040686607361,-0.0036432743072509767,0.6732784509658814,0.7393499612808228,-0.007602642755955458,-0.7152432203292847,0.6538634300231934,0.2467583566904068,0.18741197884082795,-0.1606992781162262,0.9690471887588501],"EasingStyle":"Linear","EasingDirection":"In"}}},{"Time":0.23333333432674409,"poses":{"Left Leg":{"Weight":1,"CFrame":[-0.3144524097442627,-0.13743197917938233,-0.020684480667114259,0.9235489368438721,0.38329824805259707,0.011827941983938218,-0.37673425674438479,0.9126297235488892,-0.1586766242980957,-0.07161491364240647,0.14208970963954926,0.9872597455978394],"EasingStyle":"Linear","EasingDirection":"In"},"Right Arm":{"Weight":1,"CFrame":[-0.6561169624328613,0.0029662251472473146,-0.1912163496017456,0.8055865168571472,-0.34058091044425967,-0.48480403423309328,0.4389105439186096,0.8927004337310791,0.10219305753707886,0.39797982573509219,-0.29511111974716189,0.8686320781707764],"EasingStyle":"Linear","EasingDirection":"In"},"Left Arm":{"Weight":1,"CFrame":[-1.0686312913894654,-0.3223330080509186,-0.9851244688034058,-0.8850358128547669,0.20933936536312104,-0.4157988131046295,-0.45399853587150576,-0.5856466889381409,0.6714933514595032,-0.10294143110513687,0.7830676436424255,0.6133580207824707],"EasingStyle":"Linear","EasingDirection":"In"},"Head":{"Weight":1,"CFrame":[1.8067657947540284e-7,7.264316082000733e-8,0,0.6578465104103088,-0.7469419836997986,0.0965178981423378,0.7332467436790466,0.6644472479820252,0.1444264054298401,-0.1720091700553894,-0.024238957092165948,0.9847970604896545],"EasingStyle":"Linear","EasingDirection":"In"},"Torso":{"Weight":1,"CFrame":[0.0741267204284668,-0.009207502007484436,1.1653823852539063,0.5919173359870911,0.7220657467842102,-0.35812681913375857,-0.7781239151954651,0.627781331539154,-0.020343873649835588,0.21013569831848145,0.2907089293003082,0.9334512948989868],"EasingStyle":"Linear","EasingDirection":"In"},"HumanoidRootPart":{"Weight":0,"CFrame":[0,0,0,1,0,0,0,1,0,0,0,1],"EasingStyle":"Linear","EasingDirection":"In"},"Right Leg":{"Weight":1,"CFrame":[0.7909855246543884,0.18058878183364869,-0.0025746822357177736,0.49601343274116518,0.868244469165802,0.011057612486183644,-0.8420038819313049,0.4778335392475128,0.25040850043296816,0.21213224530220033,-0.13351638615131379,0.9680771231651306],"EasingStyle":"Linear","EasingDirection":"In"}}},{"Time":0.2666666805744171,"poses":{"Left Leg":{"Weight":1,"CFrame":[-0.5045650601387024,-0.022648930549621583,0.01787114143371582,0.9688999652862549,0.24457137286663056,0.03765271604061127,-0.237148717045784,0.961193859577179,-0.14094983041286469,-0.07066391408443451,0.12763695418834687,0.9893004894256592],"EasingStyle":"Linear","EasingDirection":"In"},"Right Arm":{"Weight":1,"CFrame":[-0.7662098407745361,0.0255584716796875,-0.28658974170684817,0.7706491947174072,-0.4705415368080139,-0.4297563433647156,0.5607550740242004,0.8210992813110352,0.10653508454561234,0.3027433753013611,-0.32308921217918398,0.896638035774231],"EasingStyle":"Linear","EasingDirection":"In"},"Left Arm":{"Weight":1,"CFrame":[-1.0534999370574952,-0.3300536870956421,-1.0371205806732178,-0.9136031866073608,0.1721085011959076,-0.36838552355766299,-0.3823944926261902,-0.6716540455818176,0.6345512866973877,-0.13821585476398469,0.7205966114997864,0.6794385313987732],"EasingStyle":"Linear","EasingDirection":"In"},"Head":{"Weight":1,"CFrame":[9.313225746154785e-9,1.4156103134155274e-7,4.76837158203125e-7,0.6648253798484802,-0.7448423504829407,0.05671914294362068,0.739404559135437,0.6669663190841675,0.09185228496789932,-0.1062452644109726,-0.01912730373442173,0.9941559433937073],"EasingStyle":"Linear","EasingDirection":"In"},"Torso":{"Weight":1,"CFrame":[0.30792927742004397,0.11965075135231018,1.0124406814575196,0.5929161906242371,0.7564657330513,-0.2760617136955261,-0.7826685309410095,0.6219982504844666,0.02341328002512455,0.18942126631736756,0.20218269526958466,0.960854709148407],"EasingStyle":"Linear","EasingDirection":"In"},"HumanoidRootPart":{"Weight":0,"CFrame":[0,0,0,1,0,0,0,1,0,0,0,1],"EasingStyle":"Linear","EasingDirection":"In"},"Right Leg":{"Weight":1,"CFrame":[0.8812217116355896,0.06714433431625366,-0.005825698375701904,0.2905123829841614,0.9562227725982666,0.03522087261080742,-0.9322537183761597,0.27455100417137148,0.23563678562641145,0.21565136313438416,-0.10129039734601975,0.9712027311325073],"EasingStyle":"Linear","EasingDirection":"In"}}},{"Time":0.30000001192092898,"poses":{"Left Leg":{"Weight":1,"CFrame":[-0.7420539259910584,0.14466309547424317,0.06622374057769776,0.9959321022033691,0.06600644439458847,0.061338502913713458,-0.05824771150946617,0.9909844398498535,-0.12065263092517853,-0.068749338388443,0.11658898741006851,0.9907979369163513],"EasingStyle":"Linear","EasingDirection":"In"},"Right Arm":{"Weight":1,"CFrame":[-0.85158371925354,0.03414332866668701,-0.3664972186088562,0.7249680161476135,-0.5722898244857788,-0.3832828104496002,0.6526603698730469,0.7486050724983215,0.11672528088092804,0.22012676298618318,-0.33477574586868288,0.9162256717681885],"EasingStyle":"Linear","EasingDirection":"In"},"Left Arm":{"Weight":1,"CFrame":[-1.0424340963363648,-0.3357006907463074,-1.0712523460388184,-0.9292757511138916,0.14775972068309785,-0.33854636549949648,-0.33433017134666445,-0.7261528372764587,0.6007707715034485,-0.1570667326450348,0.6714678406715393,0.7241966724395752],"EasingStyle":"Linear","EasingDirection":"In"},"Head":{"Weight":1,"CFrame":[0,-1.043081283569336e-7,4.76837158203125e-7,0.6685815453529358,-0.7432806491851807,0.02307666651904583,0.7419021725654602,0.6688185334205627,0.04757005348801613,-0.05079199746251106,-0.014683850109577179,0.9986013174057007],"EasingStyle":"Linear","EasingDirection":"In"},"Torso":{"Weight":1,"CFrame":[0.5020095705986023,0.2253587394952774,0.819366455078125,0.5960941314697266,0.7805105447769165,-0.18834832310676576,-0.7862524390220642,0.6149775981903076,0.06008031219244003,0.16272330284118653,0.11227581650018692,0.9802628755569458],"EasingStyle":"Linear","EasingDirection":"In"},"HumanoidRootPart":{"Weight":0,"CFrame":[0,0,0,1,0,0,0,1,0,0,0,1],"EasingStyle":"Linear","EasingDirection":"In"},"Right Leg":{"Weight":1,"CFrame":[0.9114800691604614,-0.06159317493438721,-0.016296863555908204,0.11015947163105011,0.9922645688056946,0.05723518878221512,-0.9751371145248413,0.09675860404968262,0.19936232268810273,0.19228222966194154,-0.07777364552021027,0.9782529473304749],"EasingStyle":"Linear","EasingDirection":"In"}}},{"Time":0.3333333432674408,"poses":{"Left Leg":{"Weight":1,"CFrame":[-0.7984227538108826,0.19947558641433717,0.08247518539428711,0.9972636103630066,0.01774335838854313,0.07176646590232849,-0.00973400566726923,0.9938339591026306,-0.11045047640800476,-0.07328366488218308,0.10944963991641998,0.9912871718406677],"EasingStyle":"Linear","EasingDirection":"In"},"Right Arm":{"Weight":1,"CFrame":[-0.8858956694602966,0.03549849987030029,-0.4000072479248047,0.7017819881439209,-0.6123639941215515,-0.36402231454849245,0.6878692507743836,0.7153947949409485,0.12266326695680618,0.18530507385730744,-0.3364826738834381,0.9232775568962097],"EasingStyle":"Linear","EasingDirection":"In"},"Left Arm":{"Weight":1,"CFrame":[-1.0381429195404053,-0.33789020776748659,-1.0835185050964356,-0.9343118071556091,0.13929931819438935,-0.328111469745636,-0.31705358624458315,-0.7454318404197693,0.5863518118858337,-0.16290634870529176,0.6518643498420715,0.740631103515625],"EasingStyle":"Linear","EasingDirection":"In"},"Head":{"Weight":1,"CFrame":[0,0,-4.76837158203125e-7,0.6695877909660339,-0.7426792979240418,0.008929798379540444,0.74222332239151,0.6695252060890198,0.02899026684463024,-0.02750920131802559,-0.012783627025783062,0.9995397925376892],"EasingStyle":"Linear","EasingDirection":"In"},"Torso":{"Weight":1,"CFrame":[0.6445116996765137,0.2833397388458252,0.5999205112457275,0.6028797626495361,0.790389358997345,-0.10872279852628708,-0.7871183156967163,0.6114928722381592,0.08075372129678726,0.13031011819839478,0.036892931908369067,0.9907866716384888],"EasingStyle":"Linear","EasingDirection":"In"},"HumanoidRootPart":{"Weight":0,"CFrame":[0,0,0,1,0,0,0,1,0,0,0,1],"EasingStyle":"Linear","EasingDirection":"In"},"Right Leg":{"Weight":1,"CFrame":[0.9114435911178589,-0.12896525859832765,-0.027025222778320314,0.03113582544028759,0.9972548484802246,0.0671815574169159,-0.9849398136138916,0.019175732508301736,0.17183071374893189,0.1700708121061325,-0.07151999324560166,0.9828330874443054],"EasingStyle":"Linear","EasingDirection":"In"}}},{"Time":0.36666667461395266,"poses":{"Left Leg":{"Weight":1,"CFrame":[-0.774333119392395,0.1773362159729004,0.07833147048950196,0.996863603591919,0.03497573360800743,0.07099062949419022,-0.026866648346185685,0.9933304786682129,-0.11212841421365738,-0.0744389146566391,0.10986946523189545,0.991154670715332],"EasingStyle":"Linear","EasingDirection":"In"},"Right Arm":{"Weight":1,"CFrame":[-0.8858957886695862,0.035498976707458499,-0.40000706911087038,0.7017819881439209,-0.6123641133308411,-0.364022433757782,0.6878691911697388,0.7153947353363037,0.12266324460506439,0.1853051483631134,-0.3364827334880829,0.9232775568962097],"EasingStyle":"Linear","EasingDirection":"In"},"Left Arm":{"Weight":1,"CFrame":[-1.0381428003311158,-0.3378896415233612,-1.083518624305725,-0.9343118071556091,0.13929931819438935,-0.3281114995479584,-0.31705352663993838,-0.7454319000244141,0.5863516926765442,-0.16290636360645295,0.651864230632782,0.7406311631202698],"EasingStyle":"Linear","EasingDirection":"In"},"Head":{"Weight":1,"CFrame":[2.9802322387695315e-8,-2.2351741790771486e-8,5.960464477539063e-7,0.6695877909660339,-0.742679238319397,0.008929801173508168,0.7422232627868652,0.6695252656936646,0.028990276157855989,-0.027509193867444993,-0.012783611193299294,0.9995397925376892],"EasingStyle":"Linear","EasingDirection":"In"},"Torso":{"Weight":1,"CFrame":[0.7379148006439209,0.307020902633667,0.1564476490020752,0.6099261045455933,0.7911830544471741,-0.04493920877575874,-0.786373496055603,0.6112828254699707,0.0891629308462143,0.09801475703716278,-0.019043803215026857,0.9950027465820313],"EasingStyle":"Linear","EasingDirection":"In"},"HumanoidRootPart":{"Weight":0,"CFrame":[0,0,0,1,0,0,0,1,0,0,0,1],"EasingStyle":"Linear","EasingDirection":"In"},"Right Leg":{"Weight":1,"CFrame":[0.9146349430084229,-0.11143326759338379,-0.028372108936309816,0.05301086977124214,0.9963576793670654,0.06679210811853409,-0.9837186932563782,0.040602512657642367,0.17506831884384156,0.17171882092952729,-0.07498518377542496,0.982288122177124],"EasingStyle":"Linear","EasingDirection":"In"}}},{"Time":0.4000000059604645,"poses":{"Left Leg":{"Weight":1,"CFrame":[-0.6954719424247742,0.1145702600479126,0.0656425952911377,0.9935897588729858,0.08953648805618286,0.0690111368894577,-0.08111739158630371,0.9898836612701416,-0.11640600115060806,-0.07873564213514328,0.11006180942058563,0.990801215171814],"EasingStyle":"Linear","EasingDirection":"In"},"Right Arm":{"Weight":1,"CFrame":[-0.8858957886695862,0.03549867868423462,-0.40000706911087038,0.7017819285392761,-0.6123640537261963,-0.36402246356010439,0.6878692507743836,0.7153947949409485,0.1226632297039032,0.18530508875846864,-0.3364826738834381,0.9232774972915649],"EasingStyle":"Linear","EasingDirection":"In"},"Left Arm":{"Weight":1,"CFrame":[-1.0381430387496949,-0.33789005875587466,-1.0835185050964356,-0.9343118667602539,0.13929924368858338,-0.328111469745636,-0.3170534670352936,-0.7454319596290588,0.5863518118858337,-0.16290627419948579,0.651864230632782,0.7406310439109802],"EasingStyle":"Linear","EasingDirection":"In"},"Head":{"Weight":1,"CFrame":[1.1920928955078126e-7,-5.960464477539063e-8,1.1920928955078126e-7,0.6695877909660339,-0.7426791787147522,0.008929803967475891,0.74222332239151,0.6695253252983093,0.02899024449288845,-0.02750920131802559,-0.012783623300492764,0.9995397925376892],"EasingStyle":"Linear","EasingDirection":"In"},"Torso":{"Weight":1,"CFrame":[0.7732890248298645,0.324425607919693,-0.15062642097473145,0.6135191917419434,0.7896793484687805,-0.0008743792423047125,-0.7860906720161438,0.6108357310295105,0.09455720335245133,0.07520396262407303,-0.05732528865337372,0.9955190420150757],"EasingStyle":"Linear","EasingDirection":"In"},"HumanoidRootPart":{"Weight":0,"CFrame":[0,0,0,1,0,0,0,1,0,0,0,1],"EasingStyle":"Linear","EasingDirection":"In"},"Right Leg":{"Weight":1,"CFrame":[0.9194616079330444,-0.06762969493865967,-0.03242003917694092,0.11014721542596817,0.9917290210723877,0.06588679552078247,-0.9784704446792603,0.09655624628067017,0.1824074387550354,0.17453698813915254,-0.08456020057201386,0.9810130000114441],"EasingStyle":"Linear","EasingDirection":"In"}}},{"Time":0.4333333373069763,"poses":{"Left Leg":{"Weight":1,"CFrame":[-0.503743588924408,0.0007302761077880859,0.038854360580444339,0.9745658040046692,0.2140454351902008,0.06637836992740631,-0.2049739509820938,0.9711233973503113,-0.12208600342273712,-0.09059362858533859,0.10537495464086533,0.9902973771095276],"EasingStyle":"Linear","EasingDirection":"In"},"Right Arm":{"Weight":1,"CFrame":[-0.885895848274231,0.035498857498168948,-0.4000070095062256,0.7017819285392761,-0.6123640537261963,-0.36402231454849245,0.6878692507743836,0.7153947949409485,0.12266319245100022,0.18530507385730744,-0.33648258447647097,0.9232775568962097],"EasingStyle":"Linear","EasingDirection":"In"},"Left Arm":{"Weight":1,"CFrame":[-1.0381430387496949,-0.3378901481628418,-1.0835185050964356,-0.9343118071556091,0.13929927349090577,-0.3281113803386688,-0.31705352663993838,-0.7454319000244141,0.586351752281189,-0.16290633380413056,0.651864230632782,0.7406311631202698],"EasingStyle":"Linear","EasingDirection":"In"},"Head":{"Weight":1,"CFrame":[8.940696716308594e-8,0,2.384185791015625e-7,0.6695877313613892,-0.742679238319397,0.008929821662604809,0.74222332239151,0.6695252656936646,0.028990278020501138,-0.027509192004799844,-0.012783566489815712,0.9995397925376892],"EasingStyle":"Linear","EasingDirection":"In"},"Torso":{"Weight":1,"CFrame":[0.7317230105400086,0.33402615785598757,-0.08331561088562012,0.6145855188369751,0.7886970043182373,0.015546387061476708,-0.7860351800918579,0.6106099486351013,0.09645818918943405,0.06658352166414261,-0.07150186598300934,0.9952155947685242],"EasingStyle":"Linear","EasingDirection":"In"},"HumanoidRootPart":{"Weight":0,"CFrame":[0,0,0,1,0,0,0,1,0,0,0,1],"EasingStyle":"Linear","EasingDirection":"In"},"Right Leg":{"Weight":1,"CFrame":[0.9176421761512756,-0.011824846267700196,-0.03858119249343872,0.18908065557479859,0.9798157811164856,0.06488121300935745,-0.9661698937416077,0.17383137345314027,0.19052132964134217,0.17539747059345246,-0.09871023148298264,0.9795366525650024],"EasingStyle":"Linear","EasingDirection":"In"}}},{"Time":0.46666666865348818,"poses":{"Left Leg":{"Weight":1,"CFrame":[-0.9821875095367432,0.6702081561088562,-0.19614166021347047,0.9585494995117188,-0.27670061588287356,-0.06796775013208389,0.28490114212036135,0.9339472055435181,0.2158098816871643,0.0037635271437466146,-0.22622857987880708,0.974066972732544],"EasingStyle":"Linear","EasingDirection":"In"},"Right Arm":{"Weight":1,"CFrame":[0.5522758960723877,-0.2458885908126831,0.050269126892089847,0.07503976672887802,-0.9223850965499878,-0.3789125084877014,0.993884265422821,0.10005249083042145,-0.046728722751140597,0.0810130164027214,-0.3730887174606323,0.9242519736289978],"EasingStyle":"Linear","EasingDirection":"In"},"Left Arm":{"Weight":1,"CFrame":[0.4875958561897278,0.0675194263458252,0.07592463493347168,0.7950736880302429,-0.6003655791282654,-0.08613350242376328,0.6060377359390259,0.780778706073761,0.15199637413024903,-0.024002237245440484,-0.17304851114749909,0.9846208095550537],"EasingStyle":"Linear","EasingDirection":"In"},"Head":{"Weight":1,"CFrame":[1.1920928955078126e-7,-1.043081283569336e-7,-5.960464477539063e-7,0.603257954120636,-0.7927950620651245,-0.08692396432161331,0.7637348175048828,0.6056398749351502,-0.2234043926000595,0.22975851595401765,0.06838363409042359,0.9708422422409058],"EasingStyle":"Linear","EasingDirection":"In"},"Torso":{"Weight":1,"CFrame":[1.0980114936828614,0.23184697329998017,0.17936015129089356,0.4522028863430023,0.6230752468109131,0.6381925940513611,-0.8651167750358582,0.4804888367652893,0.1438870131969452,-0.21699200570583344,-0.6171772480010986,0.756311297416687],"EasingStyle":"Linear","EasingDirection":"In"},"HumanoidRootPart":{"Weight":0,"CFrame":[0,0,0,1,0,0,0,1,0,0,0,1],"EasingStyle":"Linear","EasingDirection":"In"},"Right Leg":{"Weight":1,"CFrame":[-0.05994986742734909,-0.200653076171875,-0.07053101062774658,0.8899774551391602,0.44815531373023989,0.08424361795186997,-0.418733686208725,0.8763206005096436,-0.23816880583763123,-0.18056102097034455,0.17668920755386353,0.967563271522522],"EasingStyle":"Linear","EasingDirection":"In"}}},{"Time":0.5,"poses":{"Left Leg":{"Weight":1,"CFrame":[-0.9996382594108582,0.703982949256897,-0.24478548765182496,0.9517451524734497,-0.26566120982170107,-0.15363995730876923,0.290618360042572,0.9410535097122192,0.17308761179447175,0.09860071539878845,-0.20938576757907868,0.9728491306304932],"EasingStyle":"Linear","EasingDirection":"In"},"Right Arm":{"Weight":1,"CFrame":[0.681997537612915,-0.21422576904296876,0.13058173656463624,-0.31293126940727236,-0.8817355036735535,-0.35301071405410769,0.949735701084137,-0.2939157783985138,-0.10777553915977478,-0.008725987747311592,-0.36899322271347048,0.9293911457061768],"EasingStyle":"Linear","EasingDirection":"In"},"Left Arm":{"Weight":1,"CFrame":[0.5273662209510803,0.2186707854270935,0.12359225749969483,0.7321557402610779,-0.6671774983406067,-0.13719357550144196,0.6766430735588074,0.6893190145492554,0.25883111357688906,-0.07811614125967026,-0.2823357582092285,0.9561299085617065],"EasingStyle":"Linear","EasingDirection":"In"},"Head":{"Weight":1,"CFrame":[2.9802322387695315e-8,-8.940696716308594e-8,2.384185791015625e-7,0.6203624606132507,-0.7793647050857544,-0.08798269927501679,0.7544080018997192,0.6236228346824646,-0.20484930276870728,0.2145203799009323,0.06070597469806671,0.9748311638832092],"EasingStyle":"Linear","EasingDirection":"In"},"Torso":{"Weight":1,"CFrame":[0.8846149444580078,0.18420708179473878,0.7410626411437988,0.4526967406272888,0.617744505405426,0.6430065035820007,-0.8582683801651001,0.49739253520965578,0.12639647722244264,-0.2417459487915039,-0.6090914011001587,0.7553585171699524],"EasingStyle":"Linear","EasingDirection":"In"},"HumanoidRootPart":{"Weight":0,"CFrame":[0,0,0,1,0,0,0,1,0,0,0,1],"EasingStyle":"Linear","EasingDirection":"In"},"Right Leg":{"Weight":1,"CFrame":[-0.07135345041751862,-0.20754337310791017,-0.05747580528259277,0.9009367227554321,0.43016380071640017,0.05720179155468941,-0.3986634612083435,0.8725208044052124,-0.28244471549987795,-0.17140719294548036,0.23166044056415559,0.95757657289505],"EasingStyle":"Linear","EasingDirection":"In"}}},{"Time":0.5333333611488342,"poses":{"Left Leg":{"Weight":1,"CFrame":[-1.0452251434326172,0.6726241111755371,-0.31489402055740359,0.9293619394302368,-0.2806548476219177,-0.23983179032802583,0.32304829359054568,0.9326943159103394,0.16037806868553163,0.17867887020111085,-0.2265264242887497,0.9574756026268005],"EasingStyle":"Linear","EasingDirection":"In"},"Right Arm":{"Weight":1,"CFrame":[0.7606810927391052,-0.13872361183166505,0.17929565906524659,-0.5747324824333191,-0.7487062215805054,-0.33033543825149538,0.8130247592926025,-0.5683493614196777,-0.12637163698673249,-0.09313074499368668,-0.3412007987499237,0.9353655576705933],"EasingStyle":"Linear","EasingDirection":"In"},"Left Arm":{"Weight":1,"CFrame":[0.551488995552063,0.3103525638580322,0.15250539779663087,0.6872203946113586,-0.7052031755447388,-0.17440329492092133,0.7169767022132874,0.6197806000709534,0.3190869688987732,-0.11692932993173599,-0.34432604908943179,0.9315401315689087],"EasingStyle":"Linear","EasingDirection":"In"},"Head":{"Weight":1,"CFrame":[-1.4901161193847657e-8,-1.9371509552001954e-7,1.1920928955078126e-7,0.657420814037323,-0.7484951019287109,-0.08690746873617172,0.7323363423347473,0.66182941198349,-0.16020409762859345,0.17742988467216493,0.04167588800191879,0.983250617980957],"EasingStyle":"Linear","EasingDirection":"In"},"Torso":{"Weight":1,"CFrame":[0.6101858615875244,0.16436567902565003,1.0109376907348633,0.48164716362953188,0.6207937002182007,0.618571937084198,-0.8386626839637756,0.5313128232955933,0.11979841440916062,-0.25428512692451479,-0.5764737129211426,0.7765417098999023],"EasingStyle":"Linear","EasingDirection":"In"},"HumanoidRootPart":{"Weight":0,"CFrame":[0,0,0,1,0,0,0,1,0,0,0,1],"EasingStyle":"Linear","EasingDirection":"In"},"Right Leg":{"Weight":1,"CFrame":[-0.08452096581459046,-0.18940246105194093,-0.02175736427307129,0.9129992127418518,0.40746480226516726,0.02012319304049015,-0.3812945783138275,0.8698224425315857,-0.31308677792549136,-0.1450754702091217,0.2781750559806824,0.9495112895965576],"EasingStyle":"Linear","EasingDirection":"In"}}},{"Time":0.5666666626930237,"poses":{"Left Leg":{"Weight":1,"CFrame":[-1.0871728658676148,0.6208189129829407,-0.386447548866272,0.9035865664482117,-0.3003231883049011,-0.3055117130279541,0.3610546886920929,0.9176961779594421,0.165750652551651,0.23058807849884034,-0.2600763440132141,0.9376509785652161],"EasingStyle":"Linear","EasingDirection":"In"},"Right Arm":{"Weight":1,"CFrame":[0.8010859489440918,-0.04860779643058777,0.20431089401245118,-0.7443338632583618,-0.5876179337501526,-0.31728890538215639,0.6459658741950989,-0.7540526986122131,-0.11888028681278229,-0.16939640045166017,-0.2934444546699524,0.940848171710968],"EasingStyle":"Linear","EasingDirection":"In"},"Left Arm":{"Weight":1,"CFrame":[0.563876748085022,0.3574318289756775,0.16735291481018067,0.6578539609909058,-0.7267290353775024,-0.19771969318389893,0.7398698329925537,0.5745164752006531,0.3500335216522217,-0.14078634977340699,-0.37655770778656008,0.9156328439712524],"EasingStyle":"Linear","EasingDirection":"In"},"Head":{"Weight":1,"CFrame":[1.4901161193847657e-7,1.6391277313232423e-7,2.384185791015625e-7,0.693729043006897,-0.7159415483474731,-0.07853400707244873,0.7082009315490723,0.6979197859764099,-0.10658090561628342,0.13111624121665955,0.018320392817258836,0.9911977052688599],"EasingStyle":"Linear","EasingDirection":"In"},"Torso":{"Weight":1,"CFrame":[0.31055665016174319,0.14861392974853517,1.182464599609375,0.520645797252655,0.6340136528015137,0.5717995166778565,-0.8164499402046204,0.5655855536460877,0.11628592759370804,-0.24967467784881593,-0.527389407157898,0.812110185623169],"EasingStyle":"Linear","EasingDirection":"In"},"HumanoidRootPart":{"Weight":0,"CFrame":[0,0,0,1,0,0,0,1,0,0,0,1],"EasingStyle":"Linear","EasingDirection":"In"},"Right Leg":{"Weight":1,"CFrame":[-0.09077715873718262,-0.16181766986846925,0.016114115715026857,0.9234921336174011,0.3835478723049164,-0.007299330085515976,-0.3649449348449707,0.8725184798240662,-0.32484889030456545,-0.11822634190320969,0.30265912413597109,0.9457377791404724],"EasingStyle":"Linear","EasingDirection":"In"}}},{"Time":0.6000000238418579,"poses":{"Left Leg":{"Weight":1,"CFrame":[-1.104178786277771,0.5929967761039734,-0.4265240430831909,0.8910220861434937,-0.30858731269836428,-0.3329465985298157,0.37994375824928286,0.9083181619644165,0.17493130266666413,0.2484399378299713,-0.28236857056617739,0.9265773296356201],"EasingStyle":"Linear","EasingDirection":"In"},"Right Arm":{"Weight":1,"CFrame":[0.815972089767456,0.026894986629486085,0.21352696418762208,-0.8509162664413452,-0.42367833852767947,-0.3105447292327881,0.4710690379142761,-0.8770524859428406,-0.09419629722833634,-0.23245525360107423,-0.22644121944904328,0.9458799958229065],"EasingStyle":"Linear","EasingDirection":"In"},"Left Arm":{"Weight":1,"CFrame":[0.5684404969215393,0.37477707862854006,0.1728229522705078,0.641761839389801,-0.7377908825874329,-0.20929919183254243,0.751615047454834,0.550868034362793,0.3627939820289612,-0.15236975252628327,-0.39013978838920596,0.9080607891082764],"EasingStyle":"Linear","EasingDirection":"In"},"Head":{"Weight":1,"CFrame":[2.2351741790771485e-7,2.9802322387695315e-8,-5.960464477539063e-8,0.7109993696212769,-0.7004988193511963,-0.06149183586239815,0.6977967023849487,0.7136530876159668,-0.06147407367825508,0.08694639056921005,0.0007991865859366953,0.9962126612663269],"EasingStyle":"Linear","EasingDirection":"In"},"Torso":{"Weight":1,"CFrame":[0.030741333961486818,0.11441157758235932,1.262199878692627,0.5499491095542908,0.6615261435508728,0.5098422765731812,-0.8037795424461365,0.585064172744751,0.10788173973560333,-0.22692382335662843,-0.46913018822669985,0.8534766435623169],"EasingStyle":"Linear","EasingDirection":"In"},"HumanoidRootPart":{"Weight":0,"CFrame":[0,0,0,1,0,0,0,1,0,0,0,1],"EasingStyle":"Linear","EasingDirection":"In"},"Right Leg":{"Weight":1,"CFrame":[-0.08240354061126709,-0.14209091663360597,0.03568601608276367,0.9320361614227295,0.3622913062572479,-0.007317627314478159,-0.3458988666534424,0.8834834098815918,-0.3159290850162506,-0.10799332708120346,0.2969883978366852,0.948754608631134],"EasingStyle":"Linear","EasingDirection":"In"}}},{"Time":0.6333333253860474,"poses":{"Left Leg":{"Weight":1,"CFrame":[-1.1012921333312989,0.5936421155929565,-0.37301576137542727,0.9055702090263367,-0.32633933424949648,-0.27100783586502077,0.3796921968460083,0.9084455370903015,0.17481568455696107,0.18914656341075898,-0.2612074017524719,0.9465697407722473],"EasingStyle":"Linear","EasingDirection":"In"},"Right Arm":{"Weight":1,"CFrame":[0.8180990219116211,0.058557748794555667,0.2148439884185791,-0.9140242338180542,-0.2697383761405945,-0.30298659205436709,0.2997424006462097,-0.9523520469665527,-0.05639183521270752,-0.2733389437198639,-0.14236155152320863,0.9513248801231384],"EasingStyle":"Linear","EasingDirection":"In"},"Left Arm":{"Weight":1,"CFrame":[0.5690920948982239,0.377255380153656,0.17360413074493409,0.63689124584198,-0.7411664128303528,-0.21223032474517823,0.7551310658454895,0.5442323684692383,0.3654974102973938,-0.15539178252220155,-0.3930439054965973,0.9062946438789368],"