{"Sequence":[{"Time":0,"poses":{"Left Leg":{"Weight":1,"CFrame":[-0.7193792462348938,0.3546927571296692,0.39774394035339358,0.8923313617706299,-0.19445621967315675,0.4073471426963806,0.24186313152313233,0.9679418802261353,-0.06775473058223725,-0.38111305236816409,0.15898194909095765,0.9107566475868225],"EasingStyle":"Linear","EasingDirection":"In"},"Right Arm":{"Weight":1,"CFrame":[0.8688985109329224,-0.8902882933616638,-0.3109149932861328,-0.8200387954711914,-0.5675563812255859,-0.07359474897384644,-0.0036076444666832687,-0.12346413731575012,0.9923425316810608,-0.5722965002059937,0.8140248656272888,0.09919781237840653],"EasingStyle":"Linear","EasingDirection":"In"},"Head":{"Weight":1,"CFrame":[2.421438694000244e-8,-1.4901161193847657e-8,2.384185791015625e-7,0.9735152721405029,0.1914374679327011,0.12497939169406891,-0.18565884232521058,0.9809907674789429,-0.05646262690424919,-0.1334126889705658,0.03176368772983551,0.9905514121055603],"EasingStyle":"Linear","EasingDirection":"In"},"Right Leg":{"Weight":1,"CFrame":[0.31493914127349856,0.3298364281654358,0.1363316774368286,0.9407672882080078,0.2702842354774475,-0.20470312237739564,-0.2116394340991974,0.9398122429847717,0.26825666427612307,0.26488810777664187,-0.20904389023780824,0.9413474202156067],"EasingStyle":"Linear","EasingDirection":"In"},"Torso":{"Weight":1,"CFrame":[-0.10470020771026612,0.04646195471286774,0.2726271152496338,0.9748098254203796,-0.18060314655303956,-0.1308753490447998,0.1893957257270813,0.9801817536354065,0.05807743966579437,0.11779266595840454,-0.08140169084072113,0.9896962642669678],"EasingStyle":"Linear","EasingDirection":"In"},"HumanoidRootPart":{"Weight":1,"CFrame":[0,0,0,1,0,0,0,1,0,0,0,1],"EasingStyle":"Linear","EasingDirection":"In"},"Left Arm":{"Weight":1,"CFrame":[-0.758445143699646,-0.5280855894088745,-0.49927031993865969,-0.7771838307380676,0.6291767358779907,0.011044601909816265,-0.16259337961673737,-0.2177352011203766,0.962369441986084,0.6079051494598389,0.7461420893669128,0.2715202271938324],"EasingStyle":"Linear","EasingDirection":"In"}}},{"Time":0.03333333507180214,"poses":{"Left Leg":{"Weight":1,"CFrame":[-0.7126897573471069,0.31309670209884646,0.40804731845855715,0.9178006052970886,-0.18877393007278443,0.3492940366268158,0.23012492060661317,0.9698228240013123,-0.08053828775882721,-0.32354995608329775,0.15429934859275819,0.9335455298423767],"EasingStyle":"Linear","EasingDirection":"In"},"Right Arm":{"Weight":1,"CFrame":[0.9021475315093994,-0.8267909288406372,-0.31346988677978518,-0.8171990513801575,-0.5438871383666992,-0.1907161921262741,-0.08018473535776138,-0.22039535641670228,0.9721091985702515,-0.5707505345344544,0.8096992373466492,0.13649536669254304],"EasingStyle":"Linear","EasingDirection":"In"},"Head":{"Weight":1,"CFrame":[9.12696123123169e-8,7.450580596923828e-9,-2.384185791015625e-7,0.9754495024681091,0.17128300666809083,0.13842155039310456,-0.18008317053318025,0.9821857213973999,0.05367903783917427,-0.12676136195659638,-0.07728857547044754,0.9889175891876221],"EasingStyle":"Linear","EasingDirection":"In"},"Right Leg":{"Weight":1,"CFrame":[0.2804125249385834,0.29676759243011477,0.16304469108581544,0.9433363080024719,0.24205389618873597,-0.2269943803548813,-0.18246567249298097,0.9497190117835999,0.25444114208221438,0.2771693766117096,-0.19860488176345826,0.9400709271430969],"EasingStyle":"Linear","EasingDirection":"In"},"Torso":{"Weight":1,"CFrame":[-0.0993722677230835,0.030190855264663698,0.2703101634979248,0.9761202931404114,-0.17821265757083894,-0.12421542406082154,0.18412116169929505,0.982178807258606,0.037738557904958728,0.1152762696146965,-0.059708062559366229,0.9915373921394348],"EasingStyle":"Linear","EasingDirection":"In"},"HumanoidRootPart":{"Weight":1,"CFrame":[0,0,0,1,0,0,0,1,0,0,0,1],"EasingStyle":"Linear","EasingDirection":"In"},"Left Arm":{"Weight":1,"CFrame":[-0.7259917259216309,-0.47804486751556399,-0.4990389347076416,-0.7772236466407776,0.6063268184661865,0.16819986701011659,-0.056952133774757388,-0.3340035676956177,0.9408497214317322,0.6266418695449829,0.7216712236404419,0.294126957654953],"EasingStyle":"Linear","EasingDirection":"In"}}},{"Time":0.06666667014360428,"poses":{"Left Leg":{"Weight":1,"CFrame":[-0.6573681235313416,0.21940410137176515,0.4104795455932617,0.9462116956710815,-0.13478580117225648,0.2941364049911499,0.17156736552715302,0.9797794818878174,-0.10294096916913986,-0.2743139863014221,0.14786823093891145,0.9502035975456238],"EasingStyle":"Linear","EasingDirection":"In"},"Right Arm":{"Weight":1,"CFrame":[0.9181263446807861,-0.7708461284637451,-0.31611382961273196,-0.7779023051261902,-0.5342287421226502,-0.3308591842651367,-0.18364350497722627,-0.3102615475654602,0.9327448606491089,-0.6009519100189209,0.7863442897796631,0.1432453989982605],"EasingStyle":"Linear","EasingDirection":"In"},"Head":{"Weight":1,"CFrame":[1.0454095900058746e-7,1.862645149230957e-9,2.384185791015625e-7,0.9798622727394104,0.1357501894235611,0.14643076062202454,-0.15933392941951753,0.9735662341117859,0.1636507362127304,-0.12034442275762558,-0.1836865246295929,0.9755904078483582],"EasingStyle":"Linear","EasingDirection":"In"},"Right Leg":{"Weight":1,"CFrame":[0.19003665447235108,0.21975594758987428,0.2109307050704956,0.944950520992279,0.16716276109218598,-0.2812919616699219,-0.10621051490306854,0.9698072075843811,0.21952994167804719,0.30949628353118899,-0.17756874859333039,0.9341742992401123],"EasingStyle":"Linear","EasingDirection":"In"},"Torso":{"Weight":1,"CFrame":[-0.08669239282608032,-0.007160047069191933,0.24580717086791993,0.9795432686805725,-0.16956394910812379,-0.10836556553840637,0.16960017383098603,0.9854723215103149,-0.008950073271989823,0.10830888152122498,-0.009611835703253746,0.994070827960968],"EasingStyle":"Linear","EasingDirection":"In"},"HumanoidRootPart":{"Weight":1,"CFrame":[0,0,0,1,0,0,0,1,0,0,0,1],"EasingStyle":"Linear","EasingDirection":"In"},"Left Arm":{"Weight":1,"CFrame":[-0.6633917093276978,-0.4418862462043762,-0.498196005821228,-0.7248681783676148,0.590495765209198,0.3547971546649933,0.08016124367713928,-0.4392293691635132,0.8947915434837341,0.6842078566551209,0.6770468354225159,0.2710484564304352],"EasingStyle":"Linear","EasingDirection":"In"}}},{"Time":0.10000000149011612,"poses":{"Left Leg":{"Weight":1,"CFrame":[-0.5106033086776733,0.11560201644897461,0.39987850189208987,0.9670145511627197,-0.027790553867816926,0.25320038199424746,0.059911467134952548,0.9909588694572449,-0.12004715204238892,-0.24757499992847444,0.13125699758529664,0.9599365592002869],"EasingStyle":"Linear","EasingDirection":"In"},"Right Arm":{"Weight":1,"CFrame":[0.908933162689209,-0.7467899322509766,-0.3173317313194275,-0.754045307636261,-0.5225052237510681,-0.3980000615119934,-0.2259477823972702,-0.36261850595474245,0.9041324853897095,-0.6167360544204712,0.771683931350708,0.15537182986736298],"EasingStyle":"Linear","EasingDirection":"In"},"Head":{"Weight":1,"CFrame":[6.891787052154541e-8,-1.30385160446167e-8,3.5762786865234377e-7,0.9844458103179932,0.09495842456817627,0.14781543612480164,-0.13069745898246766,0.9580782651901245,0.25495946407318118,-0.11740821599960327,-0.27031293511390688,0.955586850643158],"EasingStyle":"Linear","EasingDirection":"In"},"Right Leg":{"Weight":1,"CFrame":[0.06387051939964295,0.1324242353439331,0.2318878173828125,0.9354747533798218,0.060407910495996478,-0.34819215536117556,0.0011678020237013698,0.9847481846809387,0.1739816516637802,0.35339149832725527,-0.16316209733486176,0.9211366176605225],"EasingStyle":"Linear","EasingDirection":"In"},"Torso":{"Weight":1,"CFrame":[-0.07145076990127564,-0.04842071235179901,0.17387175559997559,0.9843106865882874,-0.15216949582099915,-0.0893135815858841,0.1471339613199234,0.9872629642486572,-0.06052591651678085,0.0973861888051033,0.04643524810671806,0.9941627979278565],"EasingStyle":"Linear","EasingDirection":"In"},"HumanoidRootPart":{"Weight":1,"CFrame":[0,0,0,1,0,0,0,1,0,0,0,1],"EasingStyle":"Linear","EasingDirection":"In"},"Left Arm":{"Weight":1,"CFrame":[-0.6138801574707031,-0.42797452211380007,-0.4965174198150635,-0.6420395374298096,0.6042507886886597,0.47187501192092898,0.1717149317264557,-0.48651280999183657,0.856632649898529,0.7471941709518433,0.6310200691223145,0.2086014747619629],"EasingStyle":"Linear","EasingDirection":"In"}}},{"Time":0.13333334028720857,"poses":{"Left Leg":{"Weight":1,"CFrame":[-0.2533755302429199,0.044709861278533939,0.33506155014038088,0.9609052538871765,0.12716011703014375,0.24595025181770326,-0.10440220683813095,0.9891341328620911,-0.10350796580314636,-0.25643986463546755,0.07378360629081726,0.9637399911880493],"EasingStyle":"Linear","EasingDirection":"In"},"Right Arm":{"Weight":1,"CFrame":[0.8507328033447266,-0.7995335459709168,-0.31294357776641848,-0.7762830853462219,-0.5442929863929749,-0.31800904870033266,-0.12915700674057008,-0.35643836855888369,0.9253487586975098,-0.617011308670044,0.7594055533409119,0.20639781653881074],"EasingStyle":"Linear","EasingDirection":"In"},"Head":{"Weight":1,"CFrame":[9.872019290924072e-8,9.313225746154785e-9,-5.960464477539063e-8,0.9892934560775757,0.06205856427550316,0.13208803534507752,-0.0970144122838974,0.9558026194572449,0.2775421142578125,-0.1090262159705162,-0.2873850464820862,0.951589822769165],"EasingStyle":"Linear","EasingDirection":"In"},"Right Leg":{"Weight":1,"CFrame":[0.10301002860069275,0.10995298624038696,0.2407299280166626,0.9078983664512634,0.053933534771203998,-0.41570648550987246,0.011080760508775711,0.9882543087005615,0.152415931224823,0.4190440773963928,-0.14298458397388459,0.8966368436813355],"EasingStyle":"Linear","EasingDirection":"In"},"Torso":{"Weight":1,"CFrame":[-0.05820387601852417,-0.07626181840896607,0.032540321350097659,0.9895210266113281,-0.12471912801265717,-0.07275492697954178,0.11757862567901612,0.9884777069091797,-0.09532729536294937,0.08380575478076935,0.08577394485473633,0.9927836656570435],"EasingStyle":"Linear","EasingDirection":"In"},"HumanoidRootPart":{"Weight":1,"CFrame":[0,0,0,1,0,0,0,1,0,0,0,1],"EasingStyle":"Linear","EasingDirection":"In"},"Left Arm":{"Weight":1,"CFrame":[-0.6411546468734741,-0.4791167974472046,-0.4940147399902344,-0.5804191827774048,0.6966492533683777,0.421655535697937,0.17846471071243287,-0.3963910937309265,0.9005690217018127,0.7945212721824646,0.5979580879211426,0.10574568063020706],"EasingStyle":"Linear","EasingDirection":"In"}}},{"Time":0.1666666716337204,"poses":{"Left Leg":{"Weight":1,"CFrame":[-0.34930673241615298,0.1677013635635376,0.33592891693115237,0.9607804417610169,0.053422197699546817,0.2721157670021057,-0.04131530970335007,0.9978927373886108,-0.050032760947942737,-0.2742151916027069,0.03682796657085419,0.9609629511833191],"EasingStyle":"Linear","EasingDirection":"In"},"Right Arm":{"Weight":1,"CFrame":[0.7629930377006531,-0.9077137112617493,-0.30450010299682619,-0.7908493876457214,-0.5998698472976685,-0.12129925191402435,0.051647741347551349,-0.26290687918663027,0.9634379148483276,-0.6098277568817139,0.7556692361831665,0.23890167474746705],"EasingStyle":"Linear","EasingDirection":"In"},"Head":{"Weight":1,"CFrame":[8.381903171539307e-8,-1.210719347000122e-8,2.384185791015625e-7,0.9944625496864319,0.03950156643986702,0.09738585352897644,-0.057523488998413089,0.980127215385437,0.18984666466712953,-0.08795128017663956,-0.19439737498760224,0.9769719839096069],"EasingStyle":"Linear","EasingDirection":"In"},"Right Leg":{"Weight":1,"CFrame":[0.3439200818538666,0.33466440439224245,0.28537607192993166,0.8609445095062256,0.18502286076545716,-0.4738576114177704,-0.12130001187324524,0.9793082475662231,0.1619933545589447,0.49402517080307009,-0.0819883868098259,0.8655732870101929],"EasingStyle":"Linear","EasingDirection":"In"},"Torso":{"Weight":1,"CFrame":[-0.048852697014808658,-0.09063126146793366,-0.21121764183044434,0.9941644668579102,-0.08892663568258286,-0.06106596440076828,0.0816136971116066,0.9902045130729675,-0.11328912526369095,0.07054220139980316,0.1076442077755928,0.9916837811470032],"EasingStyle":"Linear","EasingDirection":"In"},"HumanoidRootPart":{"Weight":1,"CFrame":[0,0,0,1,0,0,0,1,0,0,0,1],"EasingStyle":"Linear","EasingDirection":"In"},"Left Arm":{"Weight":1,"CFrame":[-0.7303829789161682,-0.5740942358970642,-0.49164122343063357,-0.5660051107406616,0.7990455031394959,0.20289035141468049,0.13537947833538056,-0.15267716348171235,0.9789597988128662,0.8132101893424988,0.581563413143158,-0.021758362650871278],"EasingStyle":"Linear","EasingDirection":"In"}}},{"Time":0.20000000298023225,"poses":{"Left Leg":{"Weight":1,"CFrame":[-0.4259747564792633,0.4152742624282837,0.3219105005264282,0.949904203414917,-0.047092437744140628,0.30897313356399538,0.043920449912548068,0.9988867044448853,0.017217598855495454,-0.309440016746521,-0.0027848368044942619,0.9509149789810181],"EasingStyle":"Linear","EasingDirection":"In"},"Right Arm":{"Weight":1,"CFrame":[0.7027438282966614,-0.9963067770004273,-0.2990838289260864,-0.7813780307769775,-0.6137818098068237,0.11278485506772995,0.18162937462329865,-0.05076763778924942,0.9820557832717896,-0.5970421433448792,0.7878417372703552,0.1511494517326355],"EasingStyle":"Linear","EasingDirection":"In"},"Head":{"Weight":1,"CFrame":[9.778887033462525e-8,-2.3283064365386964e-9,1.1920928955078126e-7,0.9982404112815857,0.017766328528523446,0.05657288432121277,-0.017946386709809305,0.9998353719711304,0.0026762832421809437,-0.056516021490097049,-0.0036868536844849588,0.9983949661254883],"EasingStyle":"Linear","EasingDirection":"In"},"Right Leg":{"Weight":1,"CFrame":[0.3620346188545227,0.5352146029472351,0.25270044803619387,0.8383495807647705,0.18783757090568543,-0.5117489695549011,-0.120822474360466,0.9794371128082275,0.16157057881355287,0.5315750241279602,-0.07362193614244461,0.8438056111335754],"EasingStyle":"Linear","EasingDirection":"In"},"Torso":{"Weight":1,"CFrame":[-0.04172179102897644,-0.10053831338882446,-0.4185333251953125,0.9972716569900513,-0.05224386602640152,-0.05215233191847801,0.04534507170319557,0.991034984588623,-0.12567290663719178,0.05825041979551315,0.12296519428491593,0.9907000064849854],"EasingStyle":"Linear","EasingDirection":"In"},"HumanoidRootPart":{"Weight":1,"CFrame":[0,0,0,1,0,0,0,1,0,0,0,1],"EasingStyle":"Linear","EasingDirection":"In"},"Left Arm":{"Weight":1,"CFrame":[-0.807101309299469,-0.6252361536026001,-0.4905858039855957,-0.6068404316902161,0.7922323346138,-0.06413070112466812,0.07902386039495468,0.14042271673679353,0.9869329929351807,0.7908855676651001,0.5938430428504944,-0.14781957864761353],"EasingStyle":"Linear","EasingDirection":"In"}}},{"Time":0.23333333432674409,"poses":{"Left Leg":{"Weight":1,"CFrame":[-0.4664895832538605,0.4736621379852295,0.2959408760070801,0.9364393949508667,-0.11793084442615509,0.3304142653942108,0.10049083828926087,0.9925118088722229,0.06944050639867783,-0.3361293375492096,-0.03182326257228851,0.9412781000137329],"EasingStyle":"Linear","EasingDirection":"In"},"Right Arm":{"Weight":1,"CFrame":[0.6948935985565186,-1.0422650575637818,-0.2986065745353699,-0.7440510988235474,-0.593152642250061,0.30750301480293276,0.1970139890909195,0.24500006437301637,0.9492947459220886,-0.6384149193763733,0.7669061422348023,-0.06543324142694473],"EasingStyle":"Linear","EasingDirection":"In"},"Head":{"Weight":1,"CFrame":[8.009374141693115e-8,4.656612873077393e-10,0,0.9997196793556213,-0.010561838746070862,0.021194087341427804,0.013256601989269257,0.9912498593330383,-0.1313319355249405,-0.019621532410383226,0.1315760612487793,0.9911118745803833],"EasingStyle":"Linear","EasingDirection":"In"},"Right Leg":{"Weight":1,"CFrame":[0.3874712288379669,0.5571838021278381,0.29373443126678469,0.8271639943122864,0.19129757583141328,-0.5283985733985901,-0.14143916964530946,0.9808770418167114,0.13369831442832948,0.543870210647583,-0.03585421293973923,0.8384031653404236],"EasingStyle":"Linear","EasingDirection":"In"},"Torso":{"Weight":1,"CFrame":[-0.03125036507844925,-0.10332241654396057,-0.459012508392334,0.9987779259681702,-0.02298460155725479,-0.04375346004962921,0.017158759757876397,0.99147629737854,-0.1291530281305313,0.046349044889211658,0.12824445962905885,0.9906589388847351],"EasingStyle":"Linear","EasingDirection":"In"},"HumanoidRootPart":{"Weight":1,"CFrame":[0,0,0,1,0,0,0,1,0,0,0,1],"EasingStyle":"Linear","EasingDirection":"In"},"Left Arm":{"Weight":1,"CFrame":[-0.8337041139602661,-0.6236230134963989,-0.4908849000930786,-0.639182984828949,0.721319854259491,-0.2667255997657776,-0.008199403993785382,0.3404112160205841,0.9402409195899963,0.7690109014511108,0.6031731963157654,-0.21167072653770448],"EasingStyle":"Linear","EasingDirection":"In"}}},{"Time":0.2666666805744171,"poses":{"Left Leg":{"Weight":1,"CFrame":[-0.4686252772808075,0.418969988822937,0.26913022994995119,0.9324513077735901,-0.1521093249320984,0.3277152180671692,0.12447051703929901,0.9867731928825378,0.10385449230670929,-0.33917784690856936,-0.05604841187596321,0.93905109167099],"EasingStyle":"Linear","EasingDirection":"In"},"Right Arm":{"Weight":1,"CFrame":[0.7183458805084229,-1.0676488876342774,-0.2991815209388733,-0.762679934501648,-0.5490012168884277,0.34193143248558047,0.16993950307369233,0.33999618887901308,0.924945056438446,-0.6240511536598206,0.7635446190834045,-0.16601133346557618],"EasingStyle":"Linear","EasingDirection":"In"},"Head":{"Weight":1,"CFrame":[8.536153472959995e-8,2.8827344067394735e-8,-5.960464477539063e-8,0.9992234110832214,-0.03838196024298668,-0.008921443484723568,0.036266207695007327,0.9842971563339233,-0.1727542281150818,0.015412000939249993,0.17229649424552918,0.9849245548248291],"EasingStyle":"Linear","EasingDirection":"In"},"Right Leg":{"Weight":1,"CFrame":[0.4698760509490967,0.4453272223472595,0.37557101249694826,0.8071856498718262,0.24414420127868653,-0.5374429225921631,-0.21633531153202058,0.9694650173187256,0.11548488587141037,0.5492270588874817,0.023050060495734216,0.835355281829834],"EasingStyle":"Linear","EasingDirection":"In"},"Torso":{"Weight":1,"CFrame":[-0.010530039668083191,-0.08841851353645325,-0.3917727470397949,0.9995302557945252,-0.0051078591495752338,-0.030218712985515596,0.0017375077586621047,0.9938720464706421,-0.11052314192056656,0.030598070472478868,0.11041871458292008,0.993414044380188],"EasingStyle":"Linear","EasingDirection":"In"},"HumanoidRootPart":{"Weight":1,"CFrame":[0,0,0,1,0,0,0,1,0,0,0,1],"EasingStyle":"Linear","EasingDirection":"In"},"Left Arm":{"Weight":1,"CFrame":[-0.8279774785041809,-0.6123306155204773,-0.4929782748222351,-0.6568331718444824,0.6525888442993164,-0.3777538537979126,-0.0640454962849617,0.4508820176124573,0.8902828693389893,0.7513111233711243,0.6089608073234558,-0.2543589472770691],"EasingStyle":"Linear","EasingDirection":"In"}}},{"Time":0.30000001192092898,"poses":{"Left Leg":{"Weight":1,"CFrame":[-0.3772748112678528,0.27360135316848757,0.2295762300491333,0.9403817653656006,-0.12708207964897157,0.3154876232147217,0.08840782195329666,0.9870212078094482,0.13406434655189515,-0.32843017578125,-0.09818004816770554,0.9394117593765259],"EasingStyle":"Linear","EasingDirection":"In"},"Right Arm":{"Weight":1,"CFrame":[0.7611879110336304,-1.0621683597564698,-0.2991938591003418,-0.794485330581665,-0.5105400681495667,0.328849732875824,0.12077462673187256,0.3978588283061981,0.9094623923301697,-0.5951526761054993,0.7622712254524231,-0.254432737827301],"EasingStyle":"Linear","EasingDirection":"In"},"Head":{"Weight":1,"CFrame":[8.556526154279709e-8,4.3568434193730357e-8,1.1920928955078126e-7,0.9976334571838379,-0.05809713155031204,-0.036773040890693668,0.05242190882563591,0.988768458366394,-0.13996019959449769,0.044491324573755267,0.13770130276679994,0.9894740581512451],"EasingStyle":"Linear","EasingDirection":"In"},"Right Leg":{"Weight":1,"CFrame":[0.476113498210907,0.2148699164390564,0.4010657072067261,0.8039025664329529,0.26098713278770449,-0.534440279006958,-0.25106504559516909,0.9635053873062134,0.09286490827798844,0.5391727089881897,0.05952482298016548,0.8400890827178955],"EasingStyle":"Linear","EasingDirection":"In"},"Torso":{"Weight":1,"CFrame":[0.025482553988695146,-0.06160669028759003,-0.21436715126037599,0.9999222755432129,0.012177268043160439,-0.002685449318960309,-0.012347937561571598,0.9969539642333984,-0.07700837403535843,0.0017395179020240903,0.07703553885221482,0.9970269203186035],"EasingStyle":"Linear","EasingDirection":"In"},"HumanoidRootPart":{"Weight":1,"CFrame":[0,0,0,1,0,0,0,1,0,0,0,1],"EasingStyle":"Linear","EasingDirection":"In"},"Left Arm":{"Weight":1,"CFrame":[-0.7952107191085815,-0.5816786885261536,-0.49866002798080447,-0.6667947769165039,0.587831974029541,-0.45808109641075137,-0.12361923605203629,0.5189148783683777,0.8458402156829834,0.7349170446395874,0.6206295490264893,-0.27334243059158327],"EasingStyle":"Linear","EasingDirection":"In"}}},{"Time":0.3333333432674408,"poses":{"Left Leg":{"Weight":1,"CFrame":[-0.00935293734073639,0.06970536708831787,0.12327945232391358,0.9496948719024658,0.04367494583129883,0.31011611223220827,-0.09702177345752716,0.9825414419174194,0.1587425023317337,-0.29776889085769656,-0.1808449774980545,0.9373520612716675],"EasingStyle":"Linear","EasingDirection":"In"},"Right Arm":{"Weight":1,"CFrame":[0.8115074634552002,-1.0062282085418702,-0.29702794551849368,-0.830700695514679,-0.5062528848648071,0.23161295056343079,0.05023609846830368,0.34617045521736147,0.9368257522583008,-0.5544481873512268,0.789857029914856,-0.26213181018829348],"EasingStyle":"Linear","EasingDirection":"In"},"Head":{"Weight":1,"CFrame":[9.941868484020233e-8,6.05359673500061e-9,0,0.99598228931427,-0.06280433386564255,-0.06383533775806427,0.06167056784033775,0.9979044795036316,-0.01958061382174492,0.06493132561445236,0.01556518953293562,0.9977683424949646],"EasingStyle":"Linear","EasingDirection":"In"},"Right Leg":{"Weight":1,"CFrame":[0.1502244621515274,0.10423952341079712,0.1881546974182129,0.8532143831253052,0.07906841486692429,-0.5155320763587952,-0.047132208943367007,0.9960865378379822,0.07476761192083359,0.5194264650344849,-0.03949473053216934,0.8536020517349243],"EasingStyle":"Linear","EasingDirection":"In"},"Torso":{"Weight":1,"CFrame":[0.061640944331884387,-0.032003335654735568,0.007946968078613282,0.9989850521087647,0.03903761878609657,0.022471651434898378,-0.038117703050374988,0.9984722137451172,-0.040004171431064609,-0.023998986929655076,0.039107002317905429,0.9989467859268189],"EasingStyle":"Linear","EasingDirection":"In"},"HumanoidRootPart":{"Weight":1,"CFrame":[0,0,0,1,0,0,0,1,0,0,0,1],"EasingStyle":"Linear","EasingDirection":"In"},"Left Arm":{"Weight":1,"CFrame":[-0.7378650307655335,-0.5219890475273132,-0.5097247362136841,-0.7127498388290405,0.5992566347122192,-0.36452606320381167,-0.09139235317707062,0.43592560291290285,0.8953303098678589,0.6954388618469238,0.6714614629745483,-0.25593847036361697],"EasingStyle":"Linear","EasingDirection":"In"}}},{"Time":0.36666667461395266,"poses":{"Left Leg":{"Weight":1,"CFrame":[0.034252334386110309,-0.005308985710144043,0.12716352939605714,0.9507820010185242,0.005855320952832699,0.30980533361434939,-0.06254211813211441,0.9828701615333557,0.1733633130788803,-0.3034833073616028,-0.18420659005641938,0.9348613619804382],"EasingStyle":"Linear","EasingDirection":"In"},"Right Arm":{"Weight":1,"CFrame":[0.8573374152183533,-0.8719197511672974,-0.2970792055130005,-0.8340266346931458,-0.5516563653945923,0.008654884062707425,-0.08468268811702728,0.1434977501630783,0.9860208630561829,-0.5451866984367371,0.8216347694396973,-0.16639676690101624],"EasingStyle":"Linear","EasingDirection":"In"},"Head":{"Weight":1,"CFrame":[1.0283838491886854e-7,0,-4.76837158203125e-7,0.9947912096977234,-0.05392575263977051,-0.08650129288434982,0.06645049154758454,0.9865779876708984,0.1491585224866867,0.07729677855968476,-0.15412960946559907,0.9850224852561951],"EasingStyle":"Linear","EasingDirection":"In"},"Right Leg":{"Weight":1,"CFrame":[0.35408514738082888,0.16919571161270142,0.28542566299438479,0.8581386804580689,0.13929539918899537,-0.49416080117225649,-0.1371956467628479,0.9897060990333557,0.040732961148023608,0.4947478473186493,0.03284214809536934,0.8684158325195313],"EasingStyle":"Linear","EasingDirection":"In"},"Torso":{"Weight":1,"CFrame":[0.0929732620716095,-0.0007207146845757961,0.186539888381958,0.9965834021568298,0.07135355472564697,0.041596151888370517,-0.07137791812419892,0.9974490404129028,-0.0009008872439153492,-0.041554320603609088,-0.0020712376572191717,0.9991341233253479],"EasingStyle":"Linear","EasingDirection":"In"},"HumanoidRootPart":{"Weight":1,"CFrame":[0,0,0,1,0,0,0,1,0,0,0,1],"EasingStyle":"Linear","EasingDirection":"In"},"Left Arm":{"Weight":1,"CFrame":[-0.679603099822998,-0.3953729271888733,-0.5474715232849121,-0.7622470855712891,0.643256664276123,-0.07211270928382874,0.03628537058830261,0.15369625389575959,0.9874516129493713,0.6462684273719788,0.7500655055046082,-0.1404954344034195],"EasingStyle":"Linear","EasingDirection":"In"}}},{"Time":0.4000000059604645,"poses":{"Left Leg":{"Weight":1,"CFrame":[-0.047095127403736117,-0.05247831344604492,0.16540968418121339,0.9459517002105713,-0.09608202427625656,0.30974793434143069,0.03869400545954704,0.9817202687263489,0.18635474145412446,-0.3219912350177765,-0.1642971783876419,0.9323776960372925],"EasingStyle":"Linear","EasingDirection":"In"},"Right Arm":{"Weight":1,"CFrame":[0.8864925503730774,-0.7144816517829895,-0.301574170589447,-0.7704009413719177,-0.5795395374298096,-0.26573726534843447,-0.23693792521953584,-0.12670116126537324,0.9632276296615601,-0.5918976664543152,0.8050346374511719,-0.039704348891973498],"EasingStyle":"Linear","EasingDirection":"In"},"Head":{"Weight":1,"CFrame":[1.0244548320770264e-7,1.4901161193847657e-8,0,0.994037389755249,-0.04104134067893028,-0.10102115571498871,0.06741315871477127,0.959498941898346,0.273527592420578,0.08570374548435211,-0.2787068486213684,0.9565445184707642],"EasingStyle":"Linear","EasingDirection":"In"},"Right Leg":{"Weight":1,"CFrame":[0.5478135943412781,0.22433215379714967,0.3740454912185669,0.8623173236846924,0.14314258098602296,-0.48571503162384035,-0.1686815321445465,0.9856295585632324,-0.008999879471957684,0.47744691371917727,0.08969186246395111,0.8740710020065308],"EasingStyle":"Linear","EasingDirection":"In"},"Torso":{"Weight":1,"CFrame":[0.11805666983127594,0.027322828769683839,0.30930638313293459,0.9934771060943604,0.0996318906545639,0.05546794831752777,-0.10161500424146652,0.9942373633384705,0.03415355458855629,-0.051745522767305377,-0.03956715390086174,0.9978761672973633],"EasingStyle":"Linear","EasingDirection":"In"},"HumanoidRootPart":{"Weight":1,"CFrame":[0,0,0,1,0,0,0,1,0,0,0,1],"EasingStyle":"Linear","EasingDirection":"In"},"Left Arm":{"Weight":1,"CFrame":[-0.644034206867218,-0.24135029315948487,-0.6025348901748657,-0.7613445520401001,0.6065917015075684,0.22891271114349366,0.1420183926820755,-0.18846704065799714,0.971756637096405,0.6326020359992981,0.7723514437675476,0.05734112113714218],"EasingStyle":"Linear","EasingDirection":"In"}}},{"Time":0.4333333373069763,"poses":{"Left Leg":{"Weight":1,"CFrame":[-0.06338782608509064,-0.041609883308410647,0.10943233966827393,0.9413130879402161,-0.14032502472400666,0.30698317289352419,0.07247112691402435,0.9722980260848999,0.22222615778446198,-0.32966309785842898,-0.18693697452545167,0.9254063963890076],"EasingStyle":"Linear","EasingDirection":"In"},"Right Arm":{"Weight":1,"CFrame":[0.886725902557373,-0.6244127154350281,-0.3056447505950928,-0.7065910696983337,-0.5589388608932495,-0.4339545667171478,-0.3001062572002411,-0.31867045164108279,0.8991025686264038,-0.6408318877220154,0.7655303478240967,0.057428669184446338],"EasingStyle":"Linear","EasingDirection":"In"},"Head":{"Weight":1,"CFrame":[1.2014061212539674e-7,-7.450580596923828e-9,-1.1920928955078126e-7,0.9937171339988709,-0.028321921825408937,-0.10827857255935669,0.06166186183691025,0.9459235072135925,0.3184755742549896,0.09340338408946991,-0.32315129041671755,0.9417266845703125],"EasingStyle":"Linear","EasingDirection":"In"},"Right Leg":{"Weight":1,"CFrame":[0.6982461214065552,0.25415539741516116,0.44120240211486819,0.8629483580589294,0.13295243680477143,-0.48748719692230227,-0.1793631613254547,0.9825347661972046,-0.04954124987125397,0.4723866283893585,0.13018876314163209,0.8717235922813416],"EasingStyle":"Linear","EasingDirection":"In"},"Torso":{"Weight":1,"CFrame":[0.13470995426177979,0.047437697649002078,0.37920546531677248,0.9911721348762512,0.11615656316280365,0.06391887366771698,-0.11996108293533325,0.9910062551498413,0.05929712951183319,-0.05645625665783882,-0.06644143909215927,0.9961918592453003],"EasingStyle":"Linear","EasingDirection":"In"},"HumanoidRootPart":{"Weight":1,"CFrame":[0,0,0,1,0,0,0,1,0,0,0,1],"EasingStyle":"Linear","EasingDirection":"In"},"Left Arm":{"Weight":1,"CFrame":[-0.6319783926010132,-0.1663573980331421,-0.6307119131088257,-0.736075222492218,0.5515808463096619,0.3923669457435608,0.14969763159751893,-0.4326533079147339,0.8890454173088074,0.6601393222808838,0.7131407260894775,0.235895037651062],"EasingStyle":"Linear","EasingDirection":"In"}}},{"Time":0.46666666865348818,"poses":{"Left Leg":{"Weight":1,"CFrame":[-0.07100149989128113,0.04515939950942993,0.10485100746154785,0.9443494081497192,-0.1462821215391159,0.2946281135082245,0.08278410881757736,0.9725386500358582,0.21752117574214936,-0.3183566629886627,-0.181025430560112,0.9305261969566345],"EasingStyle":"Linear","EasingDirection":"In"},"Right Arm":{"Weight":1,"CFrame":[0.855478823184967,-0.6421705484390259,-0.3073681592941284,-0.7274326682090759,-0.5301430225372315,-0.4356490969657898,-0.2602002024650574,-0.37435677647590639,0.8900297284126282,-0.6349312663078308,0.76079261302948,0.13437601923942567],"EasingStyle":"Linear","EasingDirection":"In"},"Head":{"Weight":1,"CFrame":[8.754432201385498e-8,1.30385160446167e-8,-1.1920928955078126e-7,0.9937105774879456,-0.017578283324837686,-0.11059118807315827,0.04705987498164177,0.961712121963501,0.2699912488460541,0.10161089897155762,-0.2734975218772888,0.956490695476532],"EasingStyle":"Linear","EasingDirection":"In"},"Right Leg":{"Weight":1,"CFrame":[0.7635857462882996,0.28188520669937136,0.4826925992965698,0.8601844906806946,0.12849746644496919,-0.4935290813446045,-0.18559738993644715,0.9802521467208862,-0.06825942546129227,0.4750118851661682,0.1503133475780487,0.867046594619751],"EasingStyle":"Linear","EasingDirection":"In"},"Torso":{"Weight":1,"CFrame":[0.14056900143623353,0.05474606156349182,0.3816227912902832,0.9908486604690552,0.11743051558732987,0.06655225902795792,-0.12194706499576569,0.9901746511459351,0.06843259185552597,-0.0578622967004776,-0.07592218369245529,0.9954334497451782],"EasingStyle":"Linear","EasingDirection":"In"},"HumanoidRootPart":{"Weight":1,"CFrame":[0,0,0,1,0,0,0,1,0,0,0,1],"EasingStyle":"Linear","EasingDirection":"In"},"Left Arm":{"Weight":1,"CFrame":[-0.6649662852287293,-0.19285932183265687,-0.609585165977478,-0.7205812335014343,0.561323344707489,0.40703651309013369,0.08773496747016907,-0.5085081458091736,0.8565758466720581,0.6877974271774292,0.6529438495635986,0.31717368960380556],"EasingStyle":"Linear","EasingDirection":"In"}}},{"Time":0.5,"poses":{"Left Leg":{"Weight":1,"CFrame":[-0.07922542095184326,0.12531930208206178,0.10505807399749756,0.9526341557502747,-0.11774256080389023,0.2804011404514313,0.06220906227827072,0.9779611229896545,0.19930417835712434,-0.29768800735473635,-0.17242048680782319,0.9389638304710388],"EasingStyle":"Linear","EasingDirection":"In"},"Right Arm":{"Weight":1,"CFrame":[0.8096289038658142,-0.7151403427124023,-0.30825310945510867,-0.7932796478271484,-0.5114718079566956,-0.3303089439868927,-0.16231827437877656,-0.3452145457267761,0.9243806600570679,-0.5868220925331116,0.7869075536727905,0.19083045423030854],"EasingStyle":"Linear","EasingDirection":"In"},"Head":{"Weight":1,"CFrame":[7.35744833946228e-8,9.313225746154785e-9,-1.1920928955078126e-7,0.9939200282096863,-0.004970184527337551,-0.10999222099781037,0.02504725754261017,0.9829950928688049,0.18191573023796082,0.10721765458583832,-0.1835646778345108,0.9771429896354675],"EasingStyle":"Linear","EasingDirection":"In"},"Right Leg":{"Weight":1,"CFrame":[0.7555074095726013,0.3728570342063904,0.5023199319839478,0.8684180378913879,0.1250779628753662,-0.4797974228858948,-0.1775413304567337,0.9819403290748596,-0.06536287814378739,0.4629569947719574,0.14194609224796296,0.8749412894248962],"EasingStyle":"Linear","EasingDirection":"In"},"Torso":{"Weight":1,"CFrame":[0.12581947445869447,0.040462933480739596,0.282834529876709,0.9930935502052307,0.10408670455217362,0.054140545427799228,-0.10683321207761765,0.9929896593093872,0.050578679889440539,-0.04849643260240555,-0.05601336807012558,0.9972515106201172],"EasingStyle":"Linear","EasingDirection":"In"},"HumanoidRootPart":{"Weight":1,"CFrame":[0,0,0,1,0,0,0,1,0,0,0,1],"EasingStyle":"Linear","EasingDirection":"In"},"Left Arm":{"Weight":1,"CFrame":[-0.7408453822135925,-0.26505571603775027,-0.5631061792373657,-0.7149244546890259,0.6112603545188904,0.3394756615161896,0.0252719484269619,-0.462611585855484,0.8862009048461914,0.6987448930740356,0.6421459317207336,0.31528449058532717],"EasingStyle":"Linear","EasingDirection":"In"}}},{"Time":0.5333333611488342,"poses":{"Left Leg":{"Weight":1,"CFrame":[-0.03159049525856972,-0.003939151763916016,0.11903214454650879,0.9589263796806336,-0.08760952949523926,0.2697867751121521,0.038393307477235797,0.9824429750442505,0.18257008492946626,-0.2810450494289398,-0.16471317410469056,0.9454540014266968],"EasingStyle":"Linear","EasingDirection":"In"},"Right Arm":{"Weight":1,"CFrame":[0.7660675644874573,-0.8182575702667236,-0.30857914686203005,-0.8451042771339417,-0.5151023864746094,-0.14306765794754029,-0.020032232627272607,-0.23691561818122865,0.9713237285614014,-0.5342260599136353,0.8237357139587402,0.18989968299865724],"EasingStyle":"Linear","EasingDirection":"In"},"Head":{"Weight":1,"CFrame":[7.997732609510422e-8,-9.313225746154786e-10,7.152557373046875e-7,0.9963024854660034,0.00981951504945755,-0.08535301685333252,-0.0028819020371884109,0.9967077970504761,0.08102728426456452,0.08586767315864563,-0.08048172295093537,0.9930505752563477],"EasingStyle":"Linear","EasingDirection":"In"},"Right Leg":{"Weight":1,"CFrame":[0.6529830098152161,0.33822745084762576,0.4905667304992676,0.8778101801872253,0.16657085716724397,-0.4491138756275177,-0.19604675471782685,0.980399489402771,-0.019562531262636186,0.43705257773399355,0.10521947592496872,0.8932604193687439],"EasingStyle":"Linear","EasingDirection":"In"},"Torso":{"Weight":1,"CFrame":[0.08991412818431854,0.007878858596086502,0.08539938926696778,0.9964534044265747,0.08055455982685089,0.024321822449564935,-0.08081331849098206,0.9966806173324585,0.009848582558333874,-0.023447740823030473,-0.011779180727899075,0.9996556639671326],"EasingStyle":"Linear","EasingDirection":"In"},"HumanoidRootPart":{"Weight":1,"CFrame":[0,0,0,1,0,0,0,1,0,0,0,1],"EasingStyle":"Linear","EasingDirection":"In"},"Left Arm":{"Weight":1,"CFrame":[-0.8250157833099365,-0.37198489904403689,-0.516627311706543,-0.7144738435745239,0.6688789129257202,0.20525139570236207,-0.03860774636268616,-0.3306014835834503,0.9429805278778076,0.698596179485321,0.6658105850219727,0.26202982664108279],"EasingStyle":"Linear","EasingDirection":"In"}}},{"Time":0.5666666626930237,"poses":{"Left Leg":{"Weight":1,"CFrame":[-0.36594322323799136,0.15764504671096803,0.20141148567199708,0.9282131791114807,-0.26099491119384768,0.26514530181884768,0.22565393149852754,0.9615493416786194,0.1565350443124771,-0.2958051860332489,-0.08546677231788635,0.9514172673225403],"EasingStyle":"Linear","EasingDirection":"In"},"Right Arm":{"Weight":1,"CFrame":[0.7416876554489136,-0.926461935043335,-0.3086257576942444,-0.8357322812080383,-0.5419483780860901,0.08856453746557236,0.13610227406024934,-0.048175182193517688,0.9895227551460266,-0.5320035219192505,0.8390299677848816,0.11402185261249542],"EasingStyle":"Linear","EasingDirection":"In"},"Head":{"Weight":1,"CFrame":[8.055940270423889e-8,8.498318493366242e-9,4.76837158203125e-7,0.9991130232810974,0.025649748742580415,-0.03339562937617302,-0.026429777964949609,0.9993831515312195,-0.023129619657993318,0.03278176113963127,0.02399175614118576,0.9991745352745056],"EasingStyle":"Linear","EasingDirection":"In"},"Right Leg":{"Weight":1,"CFrame":[0.49944064021110537,0.34478050470352175,0.3918062448501587,0.8741213083267212,0.19778834283351899,-0.4436122477054596,-0.1871275156736374,0.9799655079841614,0.0681983008980751,0.4482135772705078,0.02339836210012436,0.8936202526092529],"EasingStyle":"Linear","EasingDirection":"In"},"Torso":{"Weight":1,"CFrame":[0.04438496381044388,-0.03259596973657608,-0.1553812026977539,0.9985429644584656,0.05237095057964325,-0.01300780288875103,-0.052861202508211139,0.9977703094482422,-0.04074496030807495,0.010844944976270199,0.04137319698929787,0.999085009098053],"EasingStyle":"Linear","EasingDirection":"In"},"HumanoidRootPart":{"Weight":1,"CFrame":[0,0,0,1,0,0,0,1,0,0,0,1],"EasingStyle":"Linear","EasingDirection":"In"},"Left Arm":{"Weight":1,"CFrame":[-0.8828558921813965,-0.5026851892471314,-0.4955005645751953,-0.7182113528251648,0.6955618262290955,0.019136756658554078,-0.1068086326122284,-0.13737960159778596,0.984743058681488,0.6875786185264587,0.7052096724510193,0.17295949161052705],"EasingStyle":"Linear","EasingDirection":"In"}}},{"Time":0.6000000238418579,"poses":{"Left Leg":{"Weight":1,"CFrame":[-0.32354986667633059,0.361886203289032,0.19181251525878907,0.9467601776123047,-0.1831643134355545,0.26475653052330019,0.156484454870224,0.9805147647857666,0.11875816434621811,-0.28134992718696597,-0.0710051879286766,0.9569746851921082],"EasingStyle":"Linear","EasingDirection":"In"},"Right Arm":{"Weight":1,"CFrame":[0.7419821619987488,-1.0171380043029786,-0.30663949251174929,-0.8040703535079956,-0.5258080959320068,0.27748316526412966,0.21225784718990327,0.18208417296409608,0.960099995136261,-0.5553535223007202,0.8308858871459961,-0.0348016619682312],"EasingStyle":"Linear","EasingDirection":"In"},"Head":{"Weight":1,"CFrame":[5.8673322200775149e-8,1.1175870895385743e-8,0,0.9991204738616943,0.038085050880908969,0.017546243965625764,-0.03572950139641762,0.992230236530304,-0.1191747784614563,-0.02194869890809059,0.11844300478696823,0.9927182197570801],"EasingStyle":"Linear","EasingDirection":"In"},"Right Leg":{"Weight":1,"CFrame":[0.4041922390460968,0.4843869209289551,0.18736350536346436,0.8633355498313904,0.1778338998556137,-0.472257137298584,-0.10047660022974014,0.9776872396469116,0.1844777762889862,0.4945261776447296,-0.11181548237800598,0.8619403839111328],"EasingStyle":"Linear","EasingDirection":"In"},"Torso":{"Weight":1,"CFrame":[-0.00001329183578491211,-0.07165248692035675,-0.37444186210632326,0.9984453916549683,0.02670690044760704,-0.04892377182841301,-0.031016763299703599,0.9954979419708252,-0.08956560492515564,0.04631149023771286,0.0909438282251358,0.9947786331176758],"EasingStyle":"Linear","EasingDirection":"In"},"HumanoidRootPart":{"Weight":1,"CFrame":[0,0,0,1,0,0,0,1,0,0,0,1],"EasingStyle":"Linear","EasingDirection":"In"},"Left Arm":{"Weight":1,"CFrame":[-0.8979761004447937,-0.6427446603775024,-0.4957379698753357,-0.7274922728538513,0.678310215473175,-0.10320118069648743,-0.0994504988193512,0.04457688704133034,0.9940435290336609,0.6788702011108398,0.7334223389625549,0.03502881899476051],"EasingStyle":"Linear","EasingDirection":"In"}}},{"Time":0.6333333253860474,"poses":{"Left Leg":{"Weight":1,"CFrame":[-0.3084782063961029,0.47296881675720217,0.1902545690536499,0.9528651833534241,-0.1445314735174179,0.26675593852996828,0.1227148249745369,0.987709105014801,0.09680894017219544,-0.277469277381897,-0.059510957449674609,0.9588896036148071],"EasingStyle":"Linear","EasingDirection":"In"},"Right Arm":{"Weight":1,"CFrame":[0.7583149075508118,-1.077643632888794,-0.3022698163986206,-0.806227445602417,-0.4702061414718628,0.35903140902519228,0.21104168891906739,0.3383631408214569,0.9170451164245606,-0.5526832342147827,0.8151174783706665,-0.1735646277666092],"EasingStyle":"Linear","EasingDirection":"In"},"Head":{"Weight":1,"CFrame":[5.9138983488082889e-8,4.936009645462036e-8,-5.960464477539063e-8,0.9985201954841614,0.03613915666937828,0.04063870385289192,-0.028282