{"Sequence":[{"Time":0,"poses":{"Left Leg":{"Weight":1,"CFrame":[-0.5145912170410156,0.1523229479789734,-0.11101484298706055,0.9704784154891968,-0.13950838148593903,-0.19674649834632874,0.16856001317501069,0.9757623672485352,0.13955432176589967,0.17250879108905793,-0.16859808564186097,0.9704717397689819],"EasingStyle":"Constant","EasingDirection":"In"},"Right Arm":{"Weight":1,"CFrame":[0.15896396338939668,-0.1470443606376648,0.16583240032196046,-0.5415825247764587,-0.33747902512550356,-0.7699326872825623,0.8067601919174194,-0.4660758078098297,-0.3631958067417145,-0.23627613484859467,-0.8178515434265137,0.5246832966804504],"EasingStyle":"Constant","EasingDirection":"In"},"Head":{"Weight":1,"CFrame":[8.940696716308594e-8,4.1443854570388797e-8,-1.7881393432617188e-7,0.9869060516357422,-0.16055497527122498,0.015450329519808293,0.1603482961654663,0.9869640469551086,0.01380710955709219,-0.01746571809053421,-0.011148887686431408,0.9997853636741638],"EasingStyle":"Constant","EasingDirection":"In"},"Left Arm":{"Weight":1,"CFrame":[-0.1381610929965973,-0.21523261070251466,0.2322685718536377,0.2239420861005783,0.4171598553657532,-0.8808108568191528,-0.7695279717445374,0.6302757263183594,0.10285520553588867,0.5980607867240906,0.6547749638557434,0.46216142177581789],"EasingStyle":"Constant","EasingDirection":"In"},"Torso":{"Weight":1,"CFrame":[0.0073159728199243549,-0.04901251196861267,-0.11629199981689453,0.9955599308013916,-0.09368479251861572,0.009144878946244717,0.09407051652669907,0.9936787486076355,-0.061265651136636737,-0.0033474108204245569,0.06185389682650566,0.9980795979499817],"EasingStyle":"Constant","EasingDirection":"In"},"HumanoidRootPart":{"Weight":0,"CFrame":[0,0,0,1,0,0,0,1,0,0,0,1],"EasingStyle":"Linear","EasingDirection":"In"},"Right Leg":{"Weight":1,"CFrame":[0.4657982289791107,0.12387704849243164,-0.07749146223068237,0.9675703048706055,0.20763957500457765,0.14385288953781129,-0.23094119131565095,0.9578716158866882,0.1707281470298767,-0.10234257578849793,-0.19841301441192628,0.9747605919837952],"EasingStyle":"Constant","EasingDirection":"In"}}},{"Time":0.0416666679084301,"poses":{"Left Leg":{"Weight":1,"CFrame":[-0.5145912170410156,0.1523229479789734,-0.11101484298706055,0.9704784154891968,-0.13950838148593903,-0.19674649834632874,0.16856001317501069,0.9757623672485352,0.13955432176589967,0.17250879108905793,-0.16859808564186097,0.9704717397689819],"EasingStyle":"Constant","EasingDirection":"In"},"Right Arm":{"Weight":1,"CFrame":[0.15896396338939668,-0.1470443606376648,0.16583240032196046,-0.5415825247764587,-0.33747902512550356,-0.7699326872825623,0.8067601919174194,-0.4660758078098297,-0.3631958067417145,-0.23627613484859467,-0.8178515434265137,0.5246832966804504],"EasingStyle":"Constant","EasingDirection":"In"},"Head":{"Weight":1,"CFrame":[8.940696716308594e-8,4.1443854570388797e-8,-1.7881393432617188e-7,0.9869060516357422,-0.16055497527122498,0.015450329519808293,0.1603482961654663,0.9869640469551086,0.01380710955709219,-0.01746571809053421,-0.011148887686431408,0.9997853636741638],"EasingStyle":"Constant","EasingDirection":"In"},"Left Arm":{"Weight":1,"CFrame":[-0.1381610929965973,-0.21523261070251466,0.2322685718536377,0.2239420861005783,0.4171598553657532,-0.8808108568191528,-0.7695279717445374,0.6302757263183594,0.10285520553588867,0.5980607867240906,0.6547749638557434,0.46216142177581789],"EasingStyle":"Constant","EasingDirection":"In"},"Torso":{"Weight":1,"CFrame":[0.0073159728199243549,-0.04901251196861267,-0.11629199981689453,0.9955599308013916,-0.09368479251861572,0.009144878946244717,0.09407051652669907,0.9936787486076355,-0.061265651136636737,-0.0033474108204245569,0.06185389682650566,0.9980795979499817],"EasingStyle":"Constant","EasingDirection":"In"},"HumanoidRootPart":{"Weight":0,"CFrame":[0,0,0,1,0,0,0,1,0,0,0,1],"EasingStyle":"Linear","EasingDirection":"In"},"Right Leg":{"Weight":1,"CFrame":[0.4657982289791107,0.12387704849243164,-0.07749146223068237,0.9675703048706055,0.20763957500457765,0.14385288953781129,-0.23094119131565095,0.9578716158866882,0.1707281470298767,-0.10234257578849793,-0.19841301441192628,0.9747605919837952],"EasingStyle":"Constant","EasingDirection":"In"}}},{"Time":0.0833333358168602,"poses":{"Left Leg":{"Weight":1,"CFrame":[-0.5145912170410156,0.1523229479789734,-0.11101484298706055,0.9704784154891968,-0.13950838148593903,-0.19674649834632874,0.16856001317501069,0.9757623672485352,0.13955432176589967,0.17250879108905793,-0.16859808564186097,0.9704717397689819],"EasingStyle":"Constant","EasingDirection":"In"},"Right Arm":{"Weight":1,"CFrame":[0.15896396338939668,-0.1470443606376648,0.16583240032196046,-0.5415825247764587,-0.33747902512550356,-0.7699326872825623,0.8067601919174194,-0.4660758078098297,-0.3631958067417145,-0.23627613484859467,-0.8178515434265137,0.5246832966804504],"EasingStyle":"Constant","EasingDirection":"In"},"Head":{"Weight":1,"CFrame":[8.940696716308594e-8,4.1443854570388797e-8,-1.7881393432617188e-7,0.9869060516357422,-0.16055497527122498,0.015450329519808293,0.1603482961654663,0.9869640469551086,0.01380710955709219,-0.01746571809053421,-0.011148887686431408,0.9997853636741638],"EasingStyle":"Constant","EasingDirection":"In"},"Left Arm":{"Weight":1,"CFrame":[-0.1381610929965973,-0.21523261070251466,0.2322685718536377,0.2239420861005783,0.4171598553657532,-0.8808108568191528,-0.7695279717445374,0.6302757263183594,0.10285520553588867,0.5980607867240906,0.6547749638557434,0.46216142177581789],"EasingStyle":"Constant","EasingDirection":"In"},"Torso":{"Weight":1,"CFrame":[0.0073159728199243549,-0.04901251196861267,-0.11629199981689453,0.9955599308013916,-0.09368479251861572,0.009144878946244717,0.09407051652669907,0.9936787486076355,-0.061265651136636737,-0.0033474108204245569,0.06185389682650566,0.9980795979499817],"EasingStyle":"Constant","EasingDirection":"In"},"HumanoidRootPart":{"Weight":0,"CFrame":[0,0,0,1,0,0,0,1,0,0,0,1],"EasingStyle":"Linear","EasingDirection":"In"},"Right Leg":{"Weight":1,"CFrame":[0.4657982289791107,0.12387704849243164,-0.07749146223068237,0.9675703048706055,0.20763957500457765,0.14385288953781129,-0.23094119131565095,0.9578716158866882,0.1707281470298767,-0.10234257578849793,-0.19841301441192628,0.9747605919837952],"EasingStyle":"Constant","EasingDirection":"In"}}},{"Time":0.125,"poses":{"Left Leg":{"Weight":1,"CFrame":[-0.5145912170410156,0.1523229479789734,-0.11101484298706055,0.9704784154891968,-0.13950838148593903,-0.19674649834632874,0.16856001317501069,0.9757623672485352,0.13955432176589967,0.17250879108905793,-0.16859808564186097,0.9704717397689819],"EasingStyle":"Constant","EasingDirection":"In"},"Right Arm":{"Weight":1,"CFrame":[0.15896396338939668,-0.1470443606376648,0.16583240032196046,-0.5415825247764587,-0.33747902512550356,-0.7699326872825623,0.8067601919174194,-0.4660758078098297,-0.3631958067417145,-0.23627613484859467,-0.8178515434265137,0.5246832966804504],"EasingStyle":"Constant","EasingDirection":"In"},"Head":{"Weight":1,"CFrame":[8.940696716308594e-8,4.1443854570388797e-8,-1.7881393432617188e-7,0.9869060516357422,-0.16055497527122498,0.015450329519808293,0.1603482961654663,0.9869640469551086,0.01380710955709219,-0.01746571809053421,-0.011148887686431408,0.9997853636741638],"EasingStyle":"Constant","EasingDirection":"In"},"Left Arm":{"Weight":1,"CFrame":[-0.1381610929965973,-0.21523261070251466,0.2322685718536377,0.2239420861005783,0.4171598553657532,-0.8808108568191528,-0.7695279717445374,0.6302757263183594,0.10285520553588867,0.5980607867240906,0.6547749638557434,0.46216142177581789],"EasingStyle":"Constant","EasingDirection":"In"},"Torso":{"Weight":1,"CFrame":[0.0073159728199243549,-0.04901251196861267,-0.11629199981689453,0.9955599308013916,-0.09368479251861572,0.009144878946244717,0.09407051652669907,0.9936787486076355,-0.061265651136636737,-0.0033474108204245569,0.06185389682650566,0.9980795979499817],"EasingStyle":"Constant","EasingDirection":"In"},"HumanoidRootPart":{"Weight":0,"CFrame":[0,0,0,1,0,0,0,1,0,0,0,1],"EasingStyle":"Linear","EasingDirection":"In"},"Right Leg":{"Weight":1,"CFrame":[0.4657982289791107,0.12387704849243164,-0.07749146223068237,0.9675703048706055,0.20763957500457765,0.14385288953781129,-0.23094119131565095,0.9578716158866882,0.1707281470298767,-0.10234257578849793,-0.19841301441192628,0.9747605919837952],"EasingStyle":"Constant","EasingDirection":"In"}}},{"Time":0.1666666716337204,"poses":{"Left Leg":{"Weight":1,"CFrame":[-0.5349218249320984,0.15170347690582276,-0.06852394342422486,0.9697684645652771,-0.22131678462028504,-0.10280145704746247,0.23351964354515077,0.9639330506324768,0.12767787277698518,0.07083645462989807,-0.14782413840293885,0.9864736199378967],"EasingStyle":"Constant","EasingDirection":"In"},"Right Arm":{"Weight":1,"CFrame":[0.16032971441745759,-0.27704036235809328,0.20646429061889649,-0.6182988286018372,-0.31334057450294497,-0.7207803130149841,0.7214474678039551,-0.5901056528091431,-0.3623378872871399,-0.3118014633655548,-0.7440382838249207,0.5909205675125122],"EasingStyle":"Constant","EasingDirection":"In"},"Head":{"Weight":1,"CFrame":[8.94651748239994e-8,1.5832483768463136e-8,-5.364418029785156e-7,0.9987307786941528,-0.04001918435096741,0.03058244101703167,0.041657738387584689,0.9976188540458679,-0.05496630445122719,-0.028309913352131845,0.056170541793107989,0.9980197548866272],"EasingStyle":"Constant","EasingDirection":"In"},"Left Arm":{"Weight":1,"CFrame":[-0.1443072259426117,-0.2837938070297241,0.2094796895980835,0.2334313541650772,0.34836867451667788,-0.9078266024589539,-0.6332978010177612,0.7629246711730957,0.12992286682128907,0.7378643751144409,0.5445964336395264,0.39871156215667727],"EasingStyle":"Constant","EasingDirection":"In"},"Torso":{"Weight":1,"CFrame":[-0.11119714379310608,-0.0026914095506072046,-0.14814162254333497,0.9902190566062927,-0.13949045538902284,0.002937040291726589,0.13950005173683167,0.9902163743972778,-0.0033642747439444067,-0.0024390213657170536,0.0037410862278193237,0.9999900460243225],"EasingStyle":"Constant","EasingDirection":"In"},"HumanoidRootPart":{"Weight":0,"CFrame":[0,0,0,1,0,0,0,1,0,0,0,1],"EasingStyle":"Linear","EasingDirection":"In"},"Right Leg":{"Weight":1,"CFrame":[0.4031451642513275,0.11938333511352539,0.04471743106842041,0.934363067150116,0.33186206221580508,-0.1297428011894226,-0.3095187544822693,0.9363110065460205,0.16589175164699555,0.1765328198671341,-0.11484532803297043,0.977571964263916],"EasingStyle":"Constant","EasingDirection":"In"}}},{"Time":0.2083333283662796,"poses":{"Left Leg":{"Weight":1,"CFrame":[-0.5349218249320984,0.15170347690582276,-0.06852394342422486,0.9697684645652771,-0.22131678462028504,-0.10280145704746247,0.23351964354515077,0.9639330506324768,0.12767787277698518,0.07083645462989807,-0.14782413840293885,0.9864736199378967],"EasingStyle":"Constant","EasingDirection":"In"},"Right Arm":{"Weight":1,"CFrame":[0.16032971441745759,-0.27704036235809328,0.20646429061889649,-0.6182988286018372,-0.31334057450294497,-0.7207803130149841,0.7214474678039551,-0.5901056528091431,-0.3623378872871399,-0.3118014633655548,-0.7440382838249207,0.5909205675125122],"EasingStyle":"Constant","EasingDirection":"In"},"Head":{"Weight":1,"CFrame":[8.94651748239994e-8,1.5832483768463136e-8,-5.364418029785156e-7,0.9987307786941528,-0.04001918435096741,0.03058244101703167,0.041657738387584689,0.9976188540458679,-0.05496630445122719,-0.028309913352131845,0.056170541793107989,0.9980197548866272],"EasingStyle":"Constant","EasingDirection":"In"},"Left Arm":{"Weight":1,"CFrame":[-0.1443072259426117,-0.2837938070297241,0.2094796895980835,0.2334313541650772,0.34836867451667788,-0.9078266024589539,-0.6332978010177612,0.7629246711730957,0.12992286682128907,0.7378643751144409,0.5445964336395264,0.39871156215667727],"EasingStyle":"Constant","EasingDirection":"In"},"Torso":{"Weight":1,"CFrame":[-0.11119714379310608,-0.0026914095506072046,-0.14814162254333497,0.9902190566062927,-0.13949045538902284,0.002937040291726589,0.13950005173683167,0.9902163743972778,-0.0033642747439444067,-0.0024390213657170536,0.0037410862278193237,0.9999900460243225],"EasingStyle":"Constant","EasingDirection":"In"},"HumanoidRootPart":{"Weight":0,"CFrame":[0,0,0,1,0,0,0,1,0,0,0,1],"EasingStyle":"Linear","EasingDirection":"In"},"Right Leg":{"Weight":1,"CFrame":[0.4031451642513275,0.11938333511352539,0.04471743106842041,0.934363067150116,0.33186206221580508,-0.1297428011894226,-0.3095187544822693,0.9363110065460205,0.16589175164699555,0.1765328198671341,-0.11484532803297043,0.977571964263916],"EasingStyle":"Constant","EasingDirection":"In"}}},{"Time":0.25,"poses":{"Left Leg":{"Weight":1,"CFrame":[-0.5349218249320984,0.15170347690582276,-0.06852394342422486,0.9697684645652771,-0.22131678462028504,-0.10280145704746247,0.23351964354515077,0.9639330506324768,0.12767787277698518,0.07083645462989807,-0.14782413840293885,0.9864736199378967],"EasingStyle":"Constant","EasingDirection":"In"},"Right Arm":{"Weight":1,"CFrame":[0.16032971441745759,-0.27704036235809328,0.20646429061889649,-0.6182988286018372,-0.31334057450294497,-0.7207803130149841,0.7214474678039551,-0.5901056528091431,-0.3623378872871399,-0.3118014633655548,-0.7440382838249207,0.5909205675125122],"EasingStyle":"Constant","EasingDirection":"In"},"Head":{"Weight":1,"CFrame":[8.94651748239994e-8,1.5832483768463136e-8,-5.364418029785156e-7,0.9987307786941528,-0.04001918435096741,0.03058244101703167,0.041657738387584689,0.9976188540458679,-0.05496630445122719,-0.028309913352131845,0.056170541793107989,0.9980197548866272],"EasingStyle":"Constant","EasingDirection":"In"},"Left Arm":{"Weight":1,"CFrame":[-0.1443072259426117,-0.2837938070297241,0.2094796895980835,0.2334313541650772,0.34836867451667788,-0.9078266024589539,-0.6332978010177612,0.7629246711730957,0.12992286682128907,0.7378643751144409,0.5445964336395264,0.39871156215667727],"EasingStyle":"Constant","EasingDirection":"In"},"Torso":{"Weight":1,"CFrame":[-0.11119714379310608,-0.0026914095506072046,-0.14814162254333497,0.9902190566062927,-0.13949045538902284,0.002937040291726589,0.13950005173683167,0.9902163743972778,-0.0033642747439444067,-0.0024390213657170536,0.0037410862278193237,0.9999900460243225],"EasingStyle":"Constant","EasingDirection":"In"},"HumanoidRootPart":{"Weight":0,"CFrame":[0,0,0,1,0,0,0,1,0,0,0,1],"EasingStyle":"Linear","EasingDirection":"In"},"Right Leg":{"Weight":1,"CFrame":[0.4031451642513275,0.11938333511352539,0.04471743106842041,0.934363067150116,0.33186206221580508,-0.1297428011894226,-0.3095187544822693,0.9363110065460205,0.16589175164699555,0.1765328198671341,-0.11484532803297043,0.977571964263916],"EasingStyle":"Constant","EasingDirection":"In"}}},{"Time":0.2916666567325592,"poses":{"Left Leg":{"Weight":1,"CFrame":[-0.6516098976135254,0.30349045991897585,0.05724513530731201,0.9258300065994263,-0.3540988266468048,0.13210919499397279,0.33867377042770388,0.9324501156806946,0.12584476172924043,-0.1677468866109848,-0.07176890224218369,0.9832143187522888],"EasingStyle":"Linear","EasingDirection":"In"},"Right Arm":{"Weight":1,"CFrame":[0.13055559992790223,-0.35666269063949587,0.36730289459228518,0.16330057382583619,-0.35808563232421877,-0.9192973375320435,0.9826540350914002,-0.023971935734152795,0.1838926374912262,-0.08788669854402542,-0.9333810210227966,0.3479596674442291],"EasingStyle":"Linear","EasingDirection":"In"},"Head":{"Weight":1,"CFrame":[6.757909432053566e-8,3.073364496231079e-8,2.384185791015625e-7,0.9993942379951477,-0.013901345431804657,0.03190568462014198,0.01705729030072689,0.9947527050971985,-0.10087721794843674,-0.030335936695337297,0.10136035829782486,0.9943872094154358],"EasingStyle":"Linear","EasingDirection":"In"},"Left Arm":{"Weight":1,"CFrame":[-0.14157037436962129,-0.23613420128822328,0.20159697532653809,0.36001744866371157,0.15614187717437745,-0.9197865724563599,-0.43786680698394778,0.8988432884216309,-0.018800746649503709,0.8238083720207214,0.40951254963874819,0.39196857810020449],"EasingStyle":"Linear","EasingDirection":"In"},"Torso":{"Weight":1,"CFrame":[-0.14347946643829347,-0.0018921555019915104,-0.35527539253234866,0.9878551959991455,-0.15536050498485566,0.002281947061419487,0.15536580979824067,0.9878541827201843,-0.002365208463743329,-0.0018867707112804056,0.002691019792109728,0.999994695186615],"EasingStyle":"Linear","EasingDirection":"In"},"HumanoidRootPart":{"Weight":0,"CFrame":[0,0,0,1,0,0,0,1,0,0,0,1],"EasingStyle":"Linear","EasingDirection":"In"},"Right Leg":{"Weight":1,"CFrame":[0.4832051694393158,0.2544671893119812,0.21428632736206056,0.7920856475830078,0.46528610587120058,-0.39510634541511538,-0.4222337603569031,0.8850827813148499,0.19582431018352509,0.4408162236213684,0.011717577464878559,0.897520899772644],"EasingStyle":"Linear","EasingDirection":"In"}}},{"Time":0.3333333432674408,"poses":{"Left Leg":{"Weight":1,"CFrame":[-0.5700042247772217,0.2745988965034485,0.040780067443847659,0.960112452507019,-0.25460702180862429,0.1155831441283226,0.2411501258611679,0.9632124304771423,0.11861050128936768,-0.14153021574020387,-0.08600655943155289,0.986190676689148],"EasingStyle":"Linear","EasingDirection":"In"},"Right Arm":{"Weight":1,"CFrame":[0.13286647200584413,-0.338558167219162,0.35399436950683596,0.10638409107923508,-0.36387312412261965,-0.9253532886505127,0.9879904389381409,-0.06619827449321747,0.13961614668369294,-0.11205941438674927,-0.9290931820869446,0.3524608016014099],"EasingStyle":"Linear","EasingDirection":"In"},"Head":{"Weight":1,"CFrame":[8.66129994392395e-8,2.9802322387695315e-8,1.1920928955078126e-7,0.9991526007652283,-0.03613349050283432,0.01970900036394596,0.03903518244624138,0.9837259650230408,-0.1753842532634735,-0.013051005080342293,0.17600499093532563,0.9843027591705322],"EasingStyle":"Linear","EasingDirection":"In"},"Left Arm":{"Weight":1,"CFrame":[-0.14086945354938508,-0.1912059187889099,0.2152247428894043,0.3533993661403656,0.1631963551044464,-0.9211276173591614,-0.4870985746383667,0.8727511167526245,-0.03225461393594742,0.798651397228241,0.4600786566734314,0.38792234659194949],"EasingStyle":"Linear","EasingDirection":"In"},"Torso":{"Weight":1,"CFrame":[-0.15875326097011567,-0.04165378212928772,-0.2732863426208496,0.9886786341667175,-0.1499163955450058,0.006315592676401138,0.15004116296768189,0.9873077869415283,-0.05206725001335144,0.0015703004319220782,0.05242536589503288,0.9986236095428467],"EasingStyle":"Linear","EasingDirection":"In"},"HumanoidRootPart":{"Weight":0,"CFrame":[0,0,0,1,0,0,0,1,0,0,0,1],"EasingStyle":"Linear","EasingDirection":"In"},"Right Leg":{"Weight":1,"CFrame":[0.43069976568222048,0.23330414295196534,0.16326904296875,0.8591863512992859,0.37231457233428957,-0.3509712517261505,-0.32961195707321169,0.9273964166641235,0.17689503729343415,0.3913501501083374,-0.03630150482058525,0.9195255637168884],"EasingStyle":"Linear","EasingDirection":"In"}}},{"Time":0.375,"poses":{"Left Leg":{"Weight":1,"CFrame":[-0.5370333194732666,0.26274198293685915,0.03515625,0.9701792597770691,-0.21615806221961976,0.10967236757278443,0.20340639352798463,0.9721227884292603,0.11663302034139633,-0.13182619214057923,-0.09084688872098923,0.9871011972427368],"EasingStyle":"Linear","EasingDirection":"In"},"Right Arm":{"Weight":1,"CFrame":[0.1336715668439865,-0.3322504460811615,0.3493577241897583,0.08636747300624848,-0.3653203845024109,-0.9268665909767151,0.9889592528343201,-0.08101151138544083,0.1240837499499321,-0.1204172670841217,-0.9273500442504883,0.3542903959751129],"EasingStyle":"Linear","EasingDirection":"In"},"Head":{"Weight":1,"CFrame":[9.778887033462525e-8,3.3527612686157229e-8,-4.172325134277344e-7,0.9989016056060791,-0.04409514367580414,0.015850834548473359,0.04638528451323509,0.9784454107284546,-0.2012290060520172,-0.006635949481278658,0.2017432004213333,0.9794159531593323],"EasingStyle":"Linear","EasingDirection":"In"},"Left Arm":{"Weight":1,"CFrame":[-0.14062528312206269,-0.17555320262908936,0.21997272968292237,0.3510092496871948,0.16555610299110413,-0.92162024974823,-0.5038521885871887,0.8630025386810303,-0.036871444433927539,0.7892563343048096,0.4773026406764984,0.38633769750595095],"EasingStyle":"Linear","EasingDirection":"In"},"Torso":{"Weight":1,"CFrame":[-0.16412732005119325,-0.05548250675201416,-0.24518799781799317,0.9889616966247559,-0.1479736864566803,0.007655072025954723,0.14814676344394685,0.9865307211875916,-0.06935317069292069,0.0027104795444756748,0.06972170621156693,0.997562825679779],"EasingStyle":"Linear","EasingDirection":"In"},"HumanoidRootPart":{"Weight":0,"CFrame":[0,0,0,1,0,0,0,1,0,0,0,1],"EasingStyle":"Linear","EasingDirection":"In"},"Right Leg":{"Weight":1,"CFrame":[0.407490074634552,0.2248879075050354,0.14526629447937013,0.8804565668106079,0.33566415309906008,-0.3348518908023834,-0.2932523190975189,0.9404909610748291,0.1716972440481186,0.3725578486919403,-0.052975915372371677,0.9264957308769226],"EasingStyle":"Linear","EasingDirection":"In"}}},{"Time":0.4166666567325592,"poses":{"Left Leg":{"Weight":1,"CFrame":[-0.5148565769195557,0.25466930866241457,0.031690359115600589,0.9758786559104919,-0.19088919460773469,0.10593567788600922,0.17858918011188508,0.977116584777832,0.11553819477558136,-0.12556657195091248,-0.09383227676153183,0.9876379370689392],"EasingStyle":"Linear","EasingDirection":"In"},"Right Arm":{"Weight":1,"CFrame":[0.13417604565620423,-0.328297883272171,0.3464522361755371,0.0737866759300232,-0.3660753071308136,-0.9276553392410278,0.9893290400505066,-0.09031222760677338,0.11433171480894089,-0.12563268840312959,-0.9261925220489502,0.3555052578449249],"EasingStyle":"Linear","EasingDirection":"In"},"Head":{"Weight":1,"CFrame":[1.0896474123001099e-7,2.7939677238464357e-8,0,0.9987004995346069,-0.04913368448615074,0.013540209271013737,0.05090295895934105,0.9747611880302429,-0.217369943857193,-0.0025182864628732206,0.21777671575546266,0.9759954214096069],"EasingStyle":"Linear","EasingDirection":"In"},"Left Arm":{"Weight":1,"CFrame":[-0.14047224819660188,-0.16574466228485108,0.2229475975036621,0.3494908809661865,0.16700799763202668,-0.9219352006912231,-0.5142377018928528,0.856726348400116,-0.0397438183426857,0.7832086682319641,0.48798394203186037,0.38529977202415469],"EasingStyle":"Linear","EasingDirection":"In"},"Torso":{"Weight":1,"CFrame":[-0.1675088107585907,-0.0641360729932785,-0.22770452499389649,0.9891380667686462,-0.146744966506958,0.008476575836539269,0.14695009589195252,0.9858896732330322,-0.08017010986804962,0.0034075917210429909,0.08054493367671967,0.9967451691627502],"EasingStyle":"Linear","EasingDirection":"In"},"HumanoidRootPart":{"Weight":0,"CFrame":[0,0,0,1,0,0,0,1,0,0,0,1],"EasingStyle":"Linear","EasingDirection":"In"},"Right Leg":{"Weight":1,"CFrame":[0.39130502939224245,0.21920108795166017,0.13396120071411134,0.893129825592041,0.3113892674446106,-0.3245856761932373,-0.26922714710235598,0.9481663107872009,0.16881193220615388,0.36032742261886599,-0.06338372826576233,0.9306700825691223],"EasingStyle":"Linear","EasingDirection":"In"}}},{"Time":0.4583333432674408,"poses":{"Left Leg":{"Weight":1,"CFrame":[-0.5000523924827576,0.24923378229141236,0.02951359748840332,0.9792349934577942,-0.17428989708423615,0.10354609042406082,0.16228194534778596,0.9800319671630859,0.11489984393119812,-0.12150437384843826,-0.09571027755737305,0.9879657626152039],"EasingStyle":"Linear","EasingDirection":"In"},"Right Arm":{"Weight":1,"CFrame":[0.1344970464706421,-0.32578325271606448,0.3446037769317627,0.06576769798994065,-0.3664941191673279,-0.9280929565429688,0.9894688725471497,-0.09623662382364273,0.10811987519264221,-0.1289418786764145,-0.9254299402236939,0.3563053607940674],"EasingStyle":"Linear","EasingDirection":"In"},"Head":{"Weight":1,"CFrame":[8.940696716308594e-8,2.7939677238464357e-8,0,0.9985548853874207,-0.052358515560626987,0.012113365344703198,0.05374132841825485,0.9722671508789063,-0.22761496901512147,0.00014015566557645798,0.22793710231781007,0.9736759066581726],"EasingStyle":"Linear","EasingDirection":"In"},"Left Arm":{"Weight":1,"CFrame":[-0.14037488400936128,-0.15950390696525575,0.22484064102172852,0.34851622581481936,0.1679210513830185,-0.9221383929252625,-0.5207999348640442,0.8526663780212402,-0.041562750935554507,0.7792971134185791,0.4947347640991211,0.38462117314338686],"EasingStyle":"Linear","EasingDirection":"In"},"Torso":{"Weight":1,"CFrame":[-0.16966624557971955,-0.06963708996772766,-0.2166283130645752,0.9892498254776001,-0.14595867693424226,0.008992102928459645,0.14618486166000367,0.9854201674461365,-0.08704637736082077,0.0038441733922809364,0.0874251201748848,0.9961636662483215],"EasingStyle":"Linear","EasingDirection":"In"},"HumanoidRootPart":{"Weight":0,"CFrame":[0,0,0,1,0,0,0,1,0,0,0,1],"EasingStyle":"Linear","EasingDirection":"In"},"Right Leg":{"Weight":1,"CFrame":[0.38025957345962527,0.21538317203521729,0.12676167488098145,0.9009099006652832,0.2953683137893677,-0.3179919719696045,-0.25339648127555849,0.9528166055679321,0.1671251505613327,0.3523515462875366,-0.06998665630817414,0.9332472085952759],"EasingStyle":"Linear","EasingDirection":"In"}}},{"Time":0.5,"poses":{"Left Leg":{"Weight":1,"CFrame":[-0.4914630651473999,0.24606239795684815,0.028300046920776368,0.9810250401496887,-0.16475911438465119,0.10219766944646836,0.15291735529899598,0.9815763831138611,0.11456058919429779,-0.11918983608484268,-0.09675902128219605,0.9881454706192017],"EasingStyle":"Linear","EasingDirection":"In"},"Right Arm":{"Weight":1,"CFrame":[0.1346776783466339,-0.3243682384490967,0.3435633182525635,0.06125140190124512,-0.3667089641094208,-0.928317129611969,0.9895148277282715,-0.0995718389749527,0.10462270677089691,-0.13080042600631715,-0.9249919652938843,0.35676518082618716],"EasingStyle":"Linear","EasingDirection":"In"},"Head":{"Weight":1,"CFrame":[1.0058283805847168e-7,-1.4901161193847657e-8,-2.384185791015625e-7,0.9984670281410217,-0.054179199039936069,0.011325506493449211,0.0553257092833519,0.9708128571510315,-0.23337018489837647,0.0016488675028085709,0.23363903164863587,0.9723220467567444],"EasingStyle":"Linear","EasingDirection":"In"},"Left Arm":{"Weight":1,"CFrame":[-0.14032012224197389,-0.1559925079345703,0.2259058952331543,0.347965270280838,0.16843099892139436,-0.9222533106803894,-0.5244762301445007,0.8503595590591431,-0.04258338361978531,0.7770745158195496,0.49851760268211367,0.38423362374305727],"EasingStyle":"Linear","EasingDirection":"In"},"Torso":{"Weight":1,"CFrame":[-0.1708821803331375,-0.07273037731647492,-0.21041297912597657,0.9893126487731934,-0.14551477134227754,0.009279701858758927,0.14575307071208955,0.9851349592208862,-0.09091299027204514,0.004087422974407673,0.09129390120506287,0.9958156943321228],"EasingStyle":"Linear","EasingDirection":"In"},"HumanoidRootPart":{"Weight":0,"CFrame":[0,0,0,1,0,0,0,1,0,0,0,1],"EasingStyle":"Linear","EasingDirection":"In"},"Right Leg":{"Weight":1,"CFrame":[0.373766154050827,0.21315932273864747,0.12270975112915039,0.9051854014396668,0.2861443758010864,-0.3142620921134949,-0.24429097771644593,0.9553483724594116,0.1662273108959198,0.34779486060142519,-0.07369516044855118,0.9346699118614197],"EasingStyle":"Linear","EasingDirection":"In"}}},{"Time":0.5416666865348816,"poses":{"Left Leg":{"Weight":1,"CFrame":[-0.48864030838012698,0.2450181245803833,0.027908682823181154,0.9815886616706848,-0.16164331138134004,0.10176053643226624,0.14985567331314088,0.982060968875885,0.11445378512144089,-0.11843575537204743,-0.09709710627794266,0.9882030487060547],"EasingStyle":"Constant","EasingDirection":"In"},"Right Arm":{"Weight":1,"CFrame":[0.13473618030548097,-0.3239103853702545,0.3432267904281616,0.05978890508413315,-0.3667755126953125,-0.9283862113952637,0.9895246028900147,-0.10065173357725144,0.10349050909280777,-0.13140153884887696,-0.9248486161231995,0.35691550374031069],"EasingStyle":"Constant","EasingDirection":"In"},"Head":{"Weight":1,"CFrame":[1.043081283569336e-7,-3.725290298461914e-9,-4.76837158203125e-7,0.9984377026557922,-0.054769501090049747,0.011072753928601742,0.05583665147423744,0.9703341722488403,-0.23523180186748506,0.0021392572671175005,0.23548251390457154,0.9718762040138245],"EasingStyle":"Constant","EasingDirection":"In"},"Left Arm":{"Weight":1,"CFrame":[-0.1403023898601532,-0.1548558473587036,0.2262505292892456,0.3477863669395447,0.16859552264213563,-0.9222908616065979,-0.5256638526916504,0.8496092557907105,-0.04291320592164993,0.7763518691062927,0.49973955750465395,0.38410693407058718],"EasingStyle":"Constant","EasingDirection":"In"},"Torso":{"Weight":1,"CFrame":[-0.17127613723278047,-0.0737314373254776,-0.2084033489227295,0.9893328547477722,-0.14537084102630616,0.009372422471642495,0.14561307430267335,0.985039472579956,-0.09216432273387909,0.004165799356997013,0.09254594147205353,0.9956997036933899],"EasingStyle":"Constant","EasingDirection":"In"},"HumanoidRootPart":{"Weight":0,"CFrame":[0,0,0,1,0,0,0,1,0,0,0,1],"EasingStyle":"Linear","EasingDirection":"In"},"Right Leg":{"Weight":1,"CFrame":[0.3716195821762085,0.21242660284042359,0.12139737606048584,0.9065532088279724,0.2831251323223114,-0.3130517303943634,-0.24131189286708833,0.9561542868614197,0.16594426333904267,0.34630873799324038,-0.07489422708749771,0.9351263046264648],"EasingStyle":"Constant","EasingDirection":"In"}}},{"Time":0.5833333134651184,"poses":{"Left Leg":{"Weight":1,"CFrame":[-0.48864030838012698,0.2450181245803833,0.027908682823181154,0.9815886616706848,-0.16164331138134004,0.10176053643226624,0.14985567331314088,0.982060968875885,0.11445378512144089,-0.11843575537204743,-0.09709710627794266,0.9882030487060547],"EasingStyle":"Constant","EasingDirection":"In"},"Right Arm":{"Weight":1,"CFrame":[0.13473618030548097,-0.3239103853702545,0.3432267904281616,0.05978890508413315,-0.3667755126953125,-0.9283862113952637,0.9895246028900147,-0.10065173357725144,0.10349050909280777,-0.13140153884887696,-0.9248486161231995,0.35691550374031069],"EasingStyle":"Constant","EasingDirection":"In"},"Head":{"Weight":1,"CFrame":[1.043081283569336e-7,-3.725290298461914e-9,-4.76837158203125e-7,0.9984377026557922,-0.054769501090049747,0.011072753928601742,0.05583665147423744,0.9703341722488403,-0.23523180186748506,0.0021392572671175005,0.23548251390457154,0.9718762040138245],"EasingStyle":"Constant","EasingDirection":"In"},"Left Arm":{"Weight":1,"CFrame":[-0.1403023898601532,-0.1548558473587036,0.2262505292892456,0.3477863669395447,0.16859552264213563,-0.9222908616065979,-0.5256638526916504,0.8496092557907105,-0.04291320592164993,0.7763518691062927,0.49973955750465395,0.38410693407058718],"EasingStyle":"Constant","EasingDirection":"In"},"Torso":{"Weight":1,"CFrame":[-0.17127613723278047,-0.0737314373254776,-0.2084033489227295,0.9893328547477722,-0.14537084102630616,0.009372422471642495,0.14561307430267335,0.985039472579956,-0.09216432273387909,0.004165799356997013,0.09254594147205353,0.9956997036933899],"EasingStyle":"Constant","EasingDirection":"In"},"HumanoidRootPart":{"Weight":0,"CFrame":[0,0,0,1,0,0,0,1,0,0,0,1],"EasingStyle":"Linear","EasingDirection":"In"},"Right Leg":{"Weight":1,"CFrame":[0.3716195821762085,0.21242660284042359,0.12139737606048584,0.9065532088279724,0.2831251323223114,-0.3130517303943634,-0.24131189286708833,0.9561542868614197,0.16594426333904267,0.34630873799324038,-0.07489422708749771,0.9351263046264648],"EasingStyle":"Constant","EasingDirection":"In"}}},{"Time":0.625,"poses":{"Left Leg":{"Weight":1,"CFrame":[-0.48864030838012698,0.2450181245803833,0.027908682823181154,0.9815886616706848,-0.16164331138134004,0.10176053643226624,0.14985567331314088,0.982060968875885,0.11445378512144089,-0.11843575537204743,-0.09709710627794266,0.9882030487060547],"EasingStyle":"Constant","EasingDirection":"In"},"Right Arm":{"Weight":1,"CFrame":[0.13473618030548097,-0.3239103853702545,0.3432267904281616,0.05978890508413315,-0.3667755126953125,-0.9283862113952637,0.9895246028900147,-0.10065173357725144,0.10349050909280777,-0.13140153884887696,-0.9248486161231995,0.35691550374031069],"EasingStyle":"Constant","EasingDirection":"In"},"Head":{"Weight":1,"CFrame":[1.043081283569336e-7,-3.725290298461914e-9,-4.76837158203125e-7,0.9984377026557922,-0.054769501090049747,0.011072753928601742,0.05583665147423744,0.9703341722488403,-0.23523180186748506,0.0021392572671175005,0.23548251390457154,0.9718762040138245],"EasingStyle":"Constant","EasingDirection":"In"},"Left Arm":{"Weight":1,"CFrame":[-0.1403023898601532,-0.1548558473587036,0.2262505292892456,0.3477863669395447,0.16859552264213563,-0.9222908616065979,-0.5256638526916504,0.8496092557907105,-0.04291320592164993,0.7763518691062927,0.49973955750465395,0.38410693407058718],"EasingStyle":"Constant","EasingDirection":"In"},"Torso":{"Weight":1,"CFrame":[-0.17127613723278047,-0.0737314373254776,-0.2084033489227295,0.9893328547477722,-0.14537084102630616,0.009372422471642495,0.14561307430267335,0.985039472579956,-0.09216432273387909,0.004165799356997013,0.09254594147205353,0.9956997036933899],"EasingStyle":"Constant","EasingDirection":"In"},"HumanoidRootPart":{"Weight":0,"CFrame":[0,0,0,1,0,0,0,1,0,0,0,1],"EasingStyle":"Linear","EasingDirection":"In"},"Right Leg":{"Weight":1,"CFrame":[0.3716195821762085,0.21242660284042359,0.12139737606048584,0.9065532088279724,0.2831251323223114,-0.3130517303943634,-0.24131189286708833,0.9561542868614197,0.16594426333904267,0.34630873799324038,-0.07489422708749771,0.9351263046264648],"EasingStyle":"Constant","EasingDirection":"In"}}},{"Time":0.6666666865348816,"poses":{"Left Leg":{"Weight":1,"CFrame":[-0.48864030838012698,0.2450181245803833,0.027908682823181154,0.9815886616706848,-0.16164331138134004,0.10176053643226624,0.14985567331314088,0.982060968875885,0.11445378512144089,-0.11843575537204743,-0.09709710627794266,0.9882030487060547],"EasingStyle":"Constant","EasingDirection":"In"},"Right Arm":{"Weight":1,"CFrame":[0.13473618030548097,-0.3239103853702545,0.3432267904281616,0.05978890508413315,-0.3667755126953125,-0.9283862113952637,0.9895246028900147,-0.10065173357725144,0.10349050909280777,-0.13140153884887696,-0.9248486161231995,0.35691550374031069],"EasingStyle":"Constant","EasingDirection":"In"},"Head":{"Weight":1,"CFrame":[1.043081283569336e-7,-3.725290298461914e-9,-4.76837158203125e-7,0.9984377026557922,-0.054769501090049747,0.011072753928601742,0.05583665147423744,0.9703341722488403,-0.23523180186748506,0.0021392572671175005,0.23548251390457154,0.9718762040138245],"EasingStyle":"Constant","EasingDirection":"In"},"Left Arm":{"Weight":1,"CFrame":[-0.1403023898601532,-0.1548558473587036,0.2262505292892456,0.3477863669395447,0.16859552264213563,-0.9222908616065979,-0.5256638526916504,0.8496092557907105,-0.04291320592164993,0.7763518691062927,0.49973955750465395,0.38410693407058718],"EasingStyle":"Constant","EasingDirection":"In"},"Torso":{"Weight":1,"CFrame":[-0.17127613723278047,-0.0737314373254776,-0.2084033489227295,0.9893328547477722,-0.14537084102630616,0.009372422471642495,0.14561307430267335,0.985039472579956,-0.09216432273387909,0.004165799356997013,0.09254594147205353,0.9956997036933899],"EasingStyle":"Constant","EasingDirection":"In"},"HumanoidRootPart":{"Weight":0,"CFrame":[0,0,0,1,0,0,0,1,0,0,0,1],"EasingStyle":"Linear","EasingDirection":"In"},"Right Leg":{"Weight":1,"CFrame":[0.3716195821762085,0.21242660284042359,0.12139737606048584,0.9065532088279724,0.2831251323223114,-0.3130517303943634,-0.24131189286708833,0.9561542868614197,0.16594426333904267,0.34630873799324038,-0.07489422708749771,0.9351263046264648],"EasingStyle":"Constant","EasingDirection":"In"}}},{"Time":0.7083333134651184,"poses":{"Left Leg":{"Weight":1,"CFrame":[-0.43965306878089907,0.22460567951202393,0.001260995864868164,0.9952094554901123,-0.08145049959421158,0.0540747195482254,0.07453242689371109,0.9900302290916443,0.11952026188373566,-0.06327062100172043,-0.11491739749908447,0.9913580417633057],"EasingStyle":"Constant","EasingDirection":"In"},"Right Arm":{"Weight":1,"CFrame":[0.13962359726428986,-0.2664547562599182,0.3017212152481079,-0.2215704768896103,-0.35148492455482485,-0.9095960259437561,0.9599681496620178,-0.24254588782787324,-0.14011640846729279,-0.17137008905410767,-0.9042288064956665,0.391155481338501],"EasingStyle":"Constant","EasingDirection":"In"},"Head":{"Weight":1,"CFrame":[7.264316082000733e-8,-1.4901161193847657e-8,0,0.9984643459320068,-0.053182169795036319,0.015512360259890557,0.05500524863600731,0.9850185513496399,-0.16344112157821656,-0.006587807554751635,0.1640433520078659,0.9864311218261719],"EasingStyle":"Constant","EasingDirection":"In"},"Left Arm":{"Weight":1,"CFrame":[-0.13430550694465638,-0.2924400269985199,0.24418461322784425,0.3183836042881012,0.22565875947475434,-0.9207117557525635,-0.6368991136550903,0.7703056931495667,-0.03144530579447746,0.7021334767341614,0.5964120626449585,0.38897445797920229],"EasingStyle":"Constant","EasingDirection":"In"},"Torso":{"Weight":1,"CFrame":[-0.200746089220047,-0.1031036376953125,-0.1659071445465088,0.9904038310050964,-0.13772007822990418,0.011550354771316052,0.1380549967288971,0.9820035099983215,-0.1288796067237854,0.006406819447875023,0.12923744320869447,0.9915930032730103],"EasingStyle":"Constant","EasingDirection":"In"},"HumanoidRootPart":{"Weight":0,"CFrame":[0,0,0,1,0,0,0,1,0,0,0,1],"EasingStyle":"Linear","EasingDirection":"In"},"Right Leg":{"Weight":1,"CFrame":[0.3615848422050476,0.19761031866073609,0.0676109790802002,0.9540992975234985,0.20585235953330995,-0.21752992272377015,-0.17190907895565034,0.9711881279945374,0.16504834592342378,0.24523811042308808,-0.1200772225856781,0.9619978666305542],"EasingStyle":"Constant","EasingDirection":"In"}}},{"Time":0.75,"poses":{"Left Leg":{"Weight":1,"CFrame":[-0.43965306878089907,0.22460567951202393,0.001260995864868164,0.9952094554901123,-0.08145049959421158,0.0540747195482254,0.07453242689371109,0.9900302290916443,0.11952026188373566,-0.06327062100172043,-0.11491739749908447,0.9913580417633057],"EasingStyle":"Constant","EasingDirection":"In"},"Right Arm":{"Weight":1,"CFrame":[0.13962359726428986,-0.2664547562599182,0.3017212152481079,-0.2215704768896103,-0.35148492455482485,-0.9095960259437561,0.9599681496620178,-0.24254588782787324,-0.14011640846729279,-0.17137008905410767,-0.9042288064956665,0.391155481338501],"EasingStyle":"Constant","EasingDirection":"In"},"Head":{"Weight":1,"CFrame":[7.264316082000733e-8,-1.4901161193847657e-8,0,0.9984643459320068,-0.053182169795036319,0.015512360259890557,0.05500524863600731,0.9850185513496399,-0.16344112157821656,-0.006587807554751635,0.1640433520078659,0.9864311218261719],"EasingStyle":"Constant","EasingDirection":"In"},"Left Arm":{"Weight":1,"CFrame":[-0.13430550694465638,-0.2924400269985199,0.24418461322784425,0.3183836042881012,0.22565875947475434,-0.9207117557525635,-0.6368991136550903,0.7703056931495667,-0.03144530579447746,0.7021334767341614,0.5964120626449585,0.38897445797920229],"EasingStyle":"Constant","EasingDirection":"In"},"Torso":{"Weight":1,"CFrame":[-0.200746089220047,-0.1031036376953125,-0.1659071445465088,0.9904038310050964,-0.13772007822990418,0.011550354771316052,0.1380549967288971,0.9820035099983215,-0.1288796067237854,0.006406819447875023,0.12923744320869447,0.9915930032730103],"EasingStyle":"Constant","EasingDirection":"In"},"HumanoidRootPart":{"Weight":0,"CFrame":[0,0,0,1,0,0,0,1,0,0,0,1],"EasingStyle":"Linear","EasingDirection":"In"},"Right Leg":{"Weight":1,"CFrame":[0.3615848422050476,0.19761031866073609,0.0676109790802002,0.9540992975234985,0.20585235953330995,-0.21752992272377015,-0.17190907895565034,0.9711881279945374,0.16504834592342378,0.24523811042308808,-0.1200772225856781,0.9619978666305542],"EasingStyle":"Constant","EasingDirection":"In"}}},{"Time":0.7916666865348816,"poses":{"Left Leg":{"Weight":1,"CFrame":[-0.43965306878089907,0.22460567951202393,0.001260995864868164,0.9952094554901123,-0.08145049959421158,0.0540747195482254,0.07453242689371109,0.9900302290916443,0.11952026188373566,-0.06327062100172043,-0.11491739749908447,0.9913580417633057],"EasingStyle":"Constant","EasingDirection":"In"},"Right Arm":{"Weight":1,"CFrame":[0.13962359726428986,-0.2664547562599182,0.3017212152481079,-0.2215704768896103,-0.35148492455482485,-0.9095960259437561,0.9599681496620178,-0.24254588782787324,-0.14011640846