{"Sequence":[{"Time":0,"poses":{"Left Leg":{"Weight":1,"CFrame":[0.002986729145050049,0.027550876140594484,0.06446051597595215,0.8058141469955444,-0.3699308931827545,0.4624010920524597,0.3506583869457245,0.9273245930671692,0.13079659640789033,-0.4771815836429596,0.056747063994407657,0.876970648765564],"EasingStyle":"Linear","EasingDirection":"In"},"Right Arm":{"Weight":1,"CFrame":[-0.4236227869987488,-0.40810054540634158,-0.07354819774627686,0.31882786750793459,-0.9187212586402893,-0.23302346467971803,0.9462852478027344,0.3224959671497345,0.02325192652642727,0.05378703027963638,-0.2279200702905655,0.9721931219100952],"EasingStyle":"Linear","EasingDirection":"In"},"Left Arm":{"Weight":1,"CFrame":[0.41803935170173647,-0.07729083299636841,-0.015924155712127687,0.9713068604469299,0.2376319020986557,0.009701394475996495,-0.23721027374267579,0.9650280475616455,0.11158910393714905,0.017154937610030175,-0.11068859696388245,0.9937070608139038],"EasingStyle":"Linear","EasingDirection":"In"},"Head":{"Weight":1,"CFrame":[7.82310962677002e-8,-2.2351741790771486e-8,0,0.9824004173278809,0.11319588869810105,-0.14858026802539826,-0.12915445864200593,0.986308753490448,-0.10253863781690598,0.1349390596151352,0.11992377787828446,0.9835699200630188],"EasingStyle":"Linear","EasingDirection":"In"},"Torso":{"Weight":1,"CFrame":[-0.08334629237651825,-0.058917418122291568,-0.1902446746826172,0.9486449956893921,0.2986947298049927,-0.10418293625116348,-0.30686309933662417,0.9488999843597412,-0.07364673167467118,0.07686130702495575,0.1018345057964325,0.991827666759491],"EasingStyle":"Linear","EasingDirection":"In"},"HumanoidRootPart":{"Weight":0,"CFrame":[0,0,0,1,0,0,0,1,0,0,0,1],"EasingStyle":"Linear","EasingDirection":"In"},"Right Leg":{"Weight":1,"CFrame":[0.3672836422920227,0.32942086458206179,0.07659542560577393,0.9632849097251892,0.04958559200167656,-0.2638624608516693,-0.01201507356017828,0.9897740483283997,0.14213697612285615,0.2682121694087982,-0.1337481141090393,0.9540302157402039],"EasingStyle":"Linear","EasingDirection":"In"}}},{"Time":0.03333333507180214,"poses":{"Left Leg":{"Weight":1,"CFrame":[-0.11227676272392273,0.038040876388549808,0.1331700086593628,0.8193356394767761,-0.30656158924102785,0.48446786403656008,0.3159673810005188,0.9465680718421936,0.06460297107696533,-0.47838661074638369,0.10014452785253525,0.8724203705787659],"EasingStyle":"Linear","EasingDirection":"In"},"Right Arm":{"Weight":1,"CFrame":[-0.4704878032207489,-0.4102291762828827,-0.05748474597930908,0.34395936131477358,-0.9192394614219666,-0.19154827296733857,0.9374780058860779,0.3477373719215393,0.014619938097894192,0.05316917970776558,-0.18460099399089814,0.9813743233680725],"EasingStyle":"Linear","EasingDirection":"In"},"Left Arm":{"Weight":1,"CFrame":[0.4400181472301483,-0.08724197745323181,-0.015210449695587159,0.9634764194488525,0.25952547788619997,0.0660286396741867,-0.26331523060798647,0.9630184769630432,0.05710036680102348,-0.04876776784658432,-0.07240123301744461,0.9961826205253601],"EasingStyle":"Linear","EasingDirection":"In"},"Head":{"Weight":1,"CFrame":[1.341104507446289e-7,2.2351741790771486e-8,1.1920928955078126e-7,0.9907662868499756,0.06776858866214752,-0.11742889881134033,-0.0813225582242012,0.9900583028793335,-0.11476584523916245,0.1084839478135109,0.12325575947761536,0.9864275455474854],"EasingStyle":"Linear","EasingDirection":"In"},"Torso":{"Weight":1,"CFrame":[-0.09634560346603394,-0.0810701847076416,-0.2376117706298828,0.9436684846878052,0.30057385563850405,-0.1383659541606903,-0.32174766063690188,0.9311419725418091,-0.17161883413791657,0.07725420594215393,0.20647019147872926,0.9753983020782471],"EasingStyle":"Linear","EasingDirection":"In"},"HumanoidRootPart":{"Weight":0,"CFrame":[0,0,0,1,0,0,0,1,0,0,0,1],"EasingStyle":"Linear","EasingDirection":"In"},"Right Leg":{"Weight":1,"CFrame":[0.38361668586730959,0.41103386878967287,0.06363260746002197,0.9644440412521362,-0.04282069951295853,-0.260794997215271,0.07948409765958786,0.9880977272987366,0.13170106709003449,0.2520514726638794,-0.14774742722511292,0.9563685655593872],"EasingStyle":"Linear","EasingDirection":"In"}}},{"Time":0.06666667014360428,"poses":{"Left Leg":{"Weight":1,"CFrame":[-0.17840957641601563,0.08147293329238892,0.19382238388061524,0.8312944769859314,-0.21094071865081788,0.5142503380775452,0.2553972899913788,0.966698408126831,-0.01632332056760788,-0.49368178844451907,0.14490757882595063,0.8574848175048828],"EasingStyle":"Linear","EasingDirection":"In"},"Right Arm":{"Weight":1,"CFrame":[-0.5116362571716309,-0.4155510663986206,-0.01732635498046875,0.3573291003704071,-0.9258983135223389,-0.12258962541818619,0.9339402914047241,0.3554113507270813,0.03792578727006912,0.008454274386167527,-0.12804342806339265,0.9917325377464294],"EasingStyle":"Linear","EasingDirection":"In"},"Left Arm":{"Weight":1,"CFrame":[0.49496519565582278,-0.11446565389633179,-0.012940645217895508,0.9396911263465881,0.3239041566848755,0.10984840244054795,-0.3252924978733063,0.945597231388092,-0.005538076162338257,-0.1056661456823349,-0.030528981238603593,0.9939329028129578],"EasingStyle":"Linear","EasingDirection":"In"},"Head":{"Weight":1,"CFrame":[1.043081283569336e-7,-1.043081283569336e-7,-5.960464477539063e-8,0.9958858489990234,0.030210508033633233,-0.08543262630701065,-0.041862767189741138,0.9895365834236145,-0.13807560503482819,0.08036737143993378,0.1410839855670929,0.98673015832901],"EasingStyle":"Linear","EasingDirection":"In"},"Torso":{"Weight":1,"CFrame":[-0.11604413390159607,-0.09934598207473755,-0.30744409561157229,0.9322248101234436,0.312163770198822,-0.18305909633636475,-0.35343194007873537,0.894044041633606,-0.27526548504829409,0.07773500680923462,0.3213082551956177,0.9437787532806397],"EasingStyle":"Linear","EasingDirection":"In"},"HumanoidRootPart":{"Weight":0,"CFrame":[0,0,0,1,0,0,0,1,0,0,0,1],"EasingStyle":"Linear","EasingDirection":"In"},"Right Leg":{"Weight":1,"CFrame":[0.43327730894088747,0.5261693000793457,0.0373532772064209,0.9593006372451782,-0.13976918160915376,-0.24537070095539094,0.17439404129981996,0.9766470193862915,0.12548848986625672,0.22210121154785157,-0.1631723940372467,0.9612730145454407],"EasingStyle":"Linear","EasingDirection":"In"}}},{"Time":0.10000000149011612,"poses":{"Left Leg":{"Weight":1,"CFrame":[-0.19951820373535157,0.13870131969451905,0.25024425983428957,0.8352387547492981,-0.10156533867120743,0.54042649269104,0.18575868010520936,0.9771338701248169,-0.10345540940761566,-0.5175615549087524,0.18679890036582948,0.8350067138671875],"EasingStyle":"Linear","EasingDirection":"In"},"Right Arm":{"Weight":1,"CFrame":[-0.5458173751831055,-0.42246967554092409,0.03487980365753174,0.3602917492389679,-0.9319778084754944,-0.04009014740586281,0.9309394955635071,0.356484055519104,0.07918816059827805,-0.05951017513871193,-0.06585243344306946,0.9960532188415527],"EasingStyle":"Linear","EasingDirection":"In"},"Left Arm":{"Weight":1,"CFrame":[0.5663962364196777,-0.15501877665519715,-0.008921027183532715,0.8982453346252441,0.417640745639801,0.1368633210659027,-0.41104114055633547,0.908547043800354,-0.07474914193153382,-0.1555650532245636,0.010886467061936856,0.9877656698226929],"EasingStyle":"Linear","EasingDirection":"In"},"Head":{"Weight":1,"CFrame":[5.960464477539063e-8,-7.450580596923828e-8,-2.384185791015625e-7,0.9985985159873962,0.0005228110821917653,-0.05292201787233353,-0.009539076127111912,0.9853529930114746,-0.17026028037071229,0.0520578995347023,0.1705264151096344,0.9839769601821899],"EasingStyle":"Linear","EasingDirection":"In"},"Torso":{"Weight":1,"CFrame":[-0.13777941465377809,-0.11046576499938965,-0.39030027389526369,0.9166348576545715,0.32549893856048586,-0.23201514780521394,-0.3926503658294678,0.8419342637062073,-0.370097815990448,0.07487504184246063,0.43034541606903078,0.8995535373687744],"EasingStyle":"Linear","EasingDirection":"In"},"HumanoidRootPart":{"Weight":0,"CFrame":[0,0,0,1,0,0,0,1,0,0,0,1],"EasingStyle":"Linear","EasingDirection":"In"},"Right Leg":{"Weight":1,"CFrame":[0.4973163902759552,0.6655293107032776,0.0011581182479858399,0.9482764601707459,-0.22432708740234376,-0.224608913064003,0.2563193738460541,0.958493173122406,0.12486447393894196,0.18727555871009828,-0.1759776920080185,0.9664158821105957],"EasingStyle":"Linear","EasingDirection":"In"}}},{"Time":0.13333334028720857,"poses":{"Left Leg":{"Weight":1,"CFrame":[-0.18769237399101258,0.19016337394714356,0.29984498023986819,0.8305376172065735,0.0015817895764485002,0.55696040391922,0.1225418895483017,0.9749728441238403,-0.18550318479537965,-0.5433145761489868,0.2223183959722519,0.8095577359199524],"EasingStyle":"Linear","EasingDirection":"In"},"Right Arm":{"Weight":1,"CFrame":[-0.5717813372612,-0.4293879568576813,0.08708596229553223,0.3577136993408203,-0.9329549074172974,0.040447935461997989,0.9248130917549133,0.3599317669868469,0.12316615134477616,-0.1294669806957245,-0.006651537958532572,0.9915614128112793],"EasingStyle":"Linear","EasingDirection":"In"},"Left Arm":{"Weight":1,"CFrame":[0.6378276944160461,-0.20495760440826417,-0.0029581785202026369,0.8380894064903259,0.5261399745941162,0.14416323602199555,-0.5077683329582214,0.8489538431167603,-0.1464533656835556,-0.19944287836551667,0.04953937605023384,0.9786564111709595],"EasingStyle":"Linear","EasingDirection":"In"},"Head":{"Weight":1,"CFrame":[1.2665987014770509e-7,2.5331974029541018e-7,1.1920928955078126e-7,0.9995554089546204,-0.021548721939325334,-0.020608115941286088,0.0167703740298748,0.9777747392654419,-0.208986297249794,0.024653539061546327,0.20854772627353669,0.9777014255523682],"EasingStyle":"Linear","EasingDirection":"In"},"Torso":{"Weight":1,"CFrame":[-0.1555677056312561,-0.11361026763916016,-0.47165584564208987,0.9001544117927551,0.3358677625656128,-0.2773352861404419,-0.43014734983444216,0.7856296300888062,-0.4447014033794403,0.06852192431688309,0.5195949673652649,0.8516606092453003],"EasingStyle":"Linear","EasingDirection":"In"},"HumanoidRootPart":{"Weight":0,"CFrame":[0,0,0,1,0,0,0,1,0,0,0,1],"EasingStyle":"Linear","EasingDirection":"In"},"Right Leg":{"Weight":1,"CFrame":[0.5515305995941162,0.8066459894180298,-0.04138588905334473,0.9346389770507813,-0.29013678431510928,-0.20559832453727723,0.31986141204833987,0.9385594725608826,0.1295945644378662,0.15536606311798097,-0.18688713014125825,0.9700178503990173],"EasingStyle":"Linear","EasingDirection":"In"}}},{"Time":0.1666666716337204,"poses":{"Left Leg":{"Weight":1,"CFrame":[-0.1642443835735321,0.2211700677871704,0.33845746517181399,0.8223405480384827,0.07830613106489182,0.5635815858840942,0.07979818433523178,0.9648241996765137,-0.2504926025867462,-0.5633721947669983,0.2509630024433136,0.7871653437614441],"EasingStyle":"Linear","EasingDirection":"In"},"Right Arm":{"Weight":1,"CFrame":[-0.5882762670516968,-0.43470993638038638,0.12724435329437257,0.35953912138938906,-0.9273154735565186,0.10400773584842682,0.9153550267219544,0.3721444308757782,0.15373235940933228,-0.18126431107521058,0.03993115946650505,0.9826233983039856],"EasingStyle":"Linear","EasingDirection":"In"},"Left Arm":{"Weight":1,"CFrame":[0.6927745938301086,-0.2603394687175751,0.005141258239746094,0.7613699436187744,0.634912371635437,0.13115733861923219,-0.6033316254615784,0.7679338455200195,-0.21510092914104463,-0.2372903972864151,0.0846397876739502,0.9677444696426392],"EasingStyle":"Linear","EasingDirection":"In"},"Head":{"Weight":1,"CFrame":[1.1175870895385742e-7,1.6391277313232423e-7,0,0.9992767572402954,-0.03653765842318535,0.010534727945923806,0.038013238459825519,0.9670289754867554,-0.25181344151496889,-0.0009867550106719137,0.25203174352645876,0.9677184820175171],"EasingStyle":"Linear","EasingDirection":"In"},"Torso":{"Weight":1,"CFrame":[-0.16296279430389405,-0.11167693138122559,-0.5337047576904297,0.8869421482086182,0.3419017195701599,-0.3105428218841553,-0.45775648951530459,0.7403322458267212,-0.49230799078941347,0.06158394366502762,0.578801691532135,0.8131396174430847],"EasingStyle":"Linear","EasingDirection":"In"},"HumanoidRootPart":{"Weight":0,"CFrame":[0,0,0,1,0,0,0,1,0,0,0,1],"EasingStyle":"Linear","EasingDirection":"In"},"Right Leg":{"Weight":1,"CFrame":[0.5802974700927734,0.9163294434547424,-0.08351141214370728,0.9215282797813416,-0.3353455662727356,-0.19577793776988984,0.36458563804626467,0.9207389950752258,0.13898542523384095,0.13365234434604646,-0.1994568407535553,0.9707491993904114],"EasingStyle":"Linear","EasingDirection":"In"}}},{"Time":0.20000000298023225,"poses":{"Left Leg":{"Weight":1,"CFrame":[-0.15321984887123109,0.22352218627929688,0.3621867895126343,0.8185061812400818,0.10994161665439606,0.5638797283172607,0.06943748891353607,0.9553900361061096,-0.28706857562065127,-0.5702859163284302,0.2741217613220215,0.7743586301803589],"EasingStyle":"Linear","EasingDirection":"In"},"Right Arm":{"Weight":1,"CFrame":[-0.5940524339675903,-0.4368382692337036,0.14330792427062989,0.3788949251174927,-0.9152653217315674,0.13684989511966706,0.9043285846710205,0.3975864052772522,0.15529000759124757,-0.19654130935668946,0.06491852551698685,0.9783440828323364],"EasingStyle":"Linear","EasingDirection":"In"},"Left Arm":{"Weight":1,"CFrame":[0.7147532105445862,-0.3172202706336975,0.015570998191833496,0.6740767955780029,0.7318810224533081,0.09985238313674927,-0.6881431341171265,0.6713446378707886,-0.275237113237381,-0.2684762179851532,0.1168181449174881,0.9561767578125],"EasingStyle":"Linear","EasingDirection":"In"},"Head":{"Weight":1,"CFrame":[2.9802322387695315e-8,-2.9802322387695315e-8,3.5762786865234377e-7,0.9981971979141235,-0.04527805745601654,0.03939850628376007,0.05494464561343193,0.9535301923751831,-0.296245276927948,-0.02415420673787594,0.2978760004043579,0.9542989730834961],"EasingStyle":"Linear","EasingDirection":"In"},"Torso":{"Weight":1,"CFrame":[-0.15371102094650269,-0.10994017124176026,-0.5581645965576172,0.8815401196479797,0.3439454436302185,-0.32340148091316225,-0.4684838056564331,0.7220245003700256,-0.5091202855110169,0.058394186198711398,0.6003183126449585,0.7976264953613281],"EasingStyle":"Linear","EasingDirection":"In"},"HumanoidRootPart":{"Weight":0,"CFrame":[0,0,0,1,0,0,0,1,0,0,0,1],"EasingStyle":"Linear","EasingDirection":"In"},"Right Leg":{"Weight":1,"CFrame":[0.5811549425125122,0.9603219628334045,-0.11589276790618897,0.9122298955917358,-0.35622385144233706,-0.20233900845050813,0.3886892795562744,0.9086247682571411,0.15271450579166413,0.12944988906383515,-0.21795769035816194,0.9673351049423218],"EasingStyle":"Linear","EasingDirection":"In"}}},{"Time":0.23333333432674409,"poses":{"Left Leg":{"Weight":1,"CFrame":[-0.16746488213539124,0.21673446893692017,0.36643171310424807,0.827623188495636,0.10737409442663193,0.5509180426597595,0.06934525072574616,0.9544509649276733,-0.2901976406574249,-0.5569839477539063,0.27837783098220827,0.7824798226356506],"EasingStyle":"Linear","EasingDirection":"In"},"Right Arm":{"Weight":1,"CFrame":[-0.5826291441917419,-0.4177631437778473,0.1413111686706543,0.468000203371048,-0.8754144906997681,0.12093519419431687,0.8702170848846436,0.48034751415252688,0.10949214547872544,-0.1539418250322342,0.05399743467569351,0.986603319644928],"EasingStyle":"Linear","EasingDirection":"In"},"Left Arm":{"Weight":1,"CFrame":[0.6915910243988037,-0.37220796942710879,0.02836906909942627,0.5851544737815857,0.8096498250961304,0.04540467634797096,-0.7595317959785461,0.5668271780014038,-0.31908971071243288,-0.28408747911453249,0.15223033726215363,0.9466362595558167],"EasingStyle":"Linear","EasingDirection":"In"},"Head":{"Weight":1,"CFrame":[1.1175870895385742e-7,1.1920928955078126e-7,0,0.9966949224472046,-0.048899222165346149,0.06486974656581879,0.06813716888427735,0.9380227327346802,-0.33980974555015566,-0.04423293471336365,0.3431067168712616,0.9382543563842773],"EasingStyle":"Linear","EasingDirection":"In"},"Torso":{"Weight":1,"CFrame":[-0.11988401412963867,-0.11370527744293213,-0.5409469604492188,0.8922913074493408,0.33231914043426516,-0.3055817186832428,-0.44802168011665347,0.7351921200752258,-0.508693516254425,0.0556127093732357,0.5908100605010986,0.8048917651176453],"EasingStyle":"Linear","EasingDirection":"In"},"HumanoidRootPart":{"Weight":0,"CFrame":[0,0,0,1,0,0,0,1,0,0,0,1],"EasingStyle":"Linear","EasingDirection":"In"},"Right Leg":{"Weight":1,"CFrame":[0.5456619262695313,0.9478107690811157,-0.12470412254333496,0.9086337685585022,-0.3494560718536377,-0.22861574590206147,0.3882066011428833,0.9086039662361145,0.15405981242656709,0.153884157538414,-0.2287340760231018,0.9612494111061096],"EasingStyle":"Linear","EasingDirection":"In"}}},{"Time":0.2666666805744171,"poses":{"Left Leg":{"Weight":1,"CFrame":[-0.20131561160087586,0.22067713737487794,0.3536381721496582,0.849047064781189,0.0923624038696289,0.520180881023407,0.058376364409923556,0.9621695280075073,-0.26612403988838198,-0.5250821709632874,0.25631821155548098,0.8115354776382446],"EasingStyle":"Linear","EasingDirection":"In"},"Right Arm":{"Weight":1,"CFrame":[-0.5531678199768066,-0.3685685396194458,0.135162353515625,0.6361409425735474,-0.7703176140785217,0.043993473052978519,0.7701312303543091,0.6374033093452454,0.024799000471830369,-0.04714475944638252,0.018104948103427888,0.9987239837646484],"EasingStyle":"Linear","EasingDirection":"In"},"Left Arm":{"Weight":1,"CFrame":[0.6287201642990112,-0.4241138994693756,0.042952656745910647,0.49733060598373415,0.8669199347496033,-0.033348310738801959,-0.8210360407829285,0.457893431186676,-0.34093013405799868,-0.28028926253318789,0.19693511724472047,0.9394969344139099],"EasingStyle":"Linear","EasingDirection":"In"},"Head":{"Weight":1,"CFrame":[-4.470348358154297e-8,-1.7881393432617188e-7,-5.960464477539063e-8,0.9951055645942688,-0.048780981451272967,0.08593820035457611,0.07800871133804321,0.9216325879096985,-0.3801421523094177,-0.06065968796610832,0.38498547673225405,0.9209270477294922],"EasingStyle":"Linear","EasingDirection":"In"},"Torso":{"Weight":1,"CFrame":[-0.06284421682357788,-0.12091898918151856,-0.49643731117248537,0.9180724620819092,0.30064788460731509,-0.2583675980567932,-0.39359089732170107,0.7689567804336548,-0.5037773251533508,0.047213874757289889,0.5641952753067017,0.8242903351783752],"EasingStyle":"Linear","EasingDirection":"In"},"HumanoidRootPart":{"Weight":0,"CFrame":[0,0,0,1,0,0,0,1,0,0,0,1],"EasingStyle":"Linear","EasingDirection":"In"},"Right Leg":{"Weight":1,"CFrame":[0.47952669858932497,0.9063363075256348,-0.10668236017227173,0.9085825681686401,-0.32088348269462588,-0.2674162983894348,0.36430564522743227,0.921949565410614,0.1314927637577057,0.204350546002388,-0.21689341962337495,0.954567015171051],"EasingStyle":"Linear","EasingDirection":"In"}}},{"Time":0.30000001192092898,"poses":{"Left Leg":{"Weight":1,"CFrame":[-0.24695202708244325,0.22998076677322389,0.3296694755554199,0.875673770904541,0.06409536302089691,0.47863057255744936,0.04919162020087242,0.9741567373275757,-0.22045151889324189,-0.48039117455482485,0.21658828854560853,0.8498905301094055],"EasingStyle":"Linear","EasingDirection":"In"},"Right Arm":{"Weight":1,"CFrame":[-0.5128847360610962,-0.30130255222320559,0.12462246417999268,0.8098238110542297,-0.578904926776886,-0.09515490382909775,0.5757049322128296,0.815377414226532,-0.06102146580815315,0.11291277408599854,-0.005364581011235714,0.9935904145240784],"EasingStyle":"Linear","EasingDirection":"In"},"Left Arm":{"Weight":1,"CFrame":[0.5360695719718933,-0.47230052947998049,0.05858409404754639,0.40908855199813845,0.90352463722229,-0.12763163447380067,-0.8737230896949768,0.34751737117767336,-0.34035226702690127,-0.26316243410110476,0.25074878334999087,0.9315956830978394],"EasingStyle":"Linear","EasingDirection":"In"},"Head":{"Weight":1,"CFrame":[7.450580596923828e-8,-7.450580596923828e-9,-1.1920928955078126e-7,0.9937226176261902,-0.04647301882505417,0.1017628014087677,0.08486593514680863,0.9058328866958618,-0.4150475561618805,-0.07289158552885056,0.4210783839225769,0.9040906429290772],"EasingStyle":"Linear","EasingDirection":"In"},"Torso":{"Weight":1,"CFrame":[0.009236514568328858,-0.12466788291931153,-0.435849666595459,0.9482906460762024,0.253084272146225,-0.19155459105968476,-0.3157457709312439,0.8137742877006531,-0.4879303276538849,0.032394714653491977,0.5231823325157166,0.8516048789024353],"EasingStyle":"Linear","EasingDirection":"In"},"HumanoidRootPart":{"Weight":0,"CFrame":[0,0,0,1,0,0,0,1,0,0,0,1],"EasingStyle":"Linear","EasingDirection":"In"},"Right Leg":{"Weight":1,"CFrame":[0.4022535979747772,0.8304132223129273,-0.06714636087417603,0.9091228246688843,-0.27847298979759219,-0.3097553551197052,0.3199414312839508,0.9430356621742249,0.09122058004140854,0.26670804619789126,-0.18203438818454743,0.9464303851127625],"EasingStyle":"Linear","EasingDirection":"In"}}},{"Time":0.3333333432674408,"poses":{"Left Leg":{"Weight":1,"CFrame":[-0.29803645610809328,0.23947662115097047,0.30133533477783205,0.9009807109832764,0.021271688863635064,0.43333739042282107,0.05391070991754532,0.9855675101280212,-0.16046921908855439,-0.4304967224597931,0.16794119775295258,0.8868305087089539],"EasingStyle":"Linear","EasingDirection":"In"},"Right Arm":{"Weight":1,"CFrame":[-0.4689938426017761,-0.2280128002166748,0.10945367813110352,0.9068586826324463,-0.3253824710845947,-0.2678311765193939,0.30793997645378115,0.9454841613769531,-0.1059846580028534,0.2877156436443329,0.013637128286063671,0.957618772983551],"EasingStyle":"Linear","EasingDirection":"In"},"Left Arm":{"Weight":1,"CFrame":[0.42356494069099429,-0.5161306262016296,0.07452571392059326,0.319272518157959,0.919646143913269,-0.22872740030288697,-0.9172301888465881,0.23920874297618867,-0.318540096282959,-0.23823054134845735,0.3114966154098511,0.9199000000953674],"EasingStyle":"Linear","EasingDirection":"In"},"Head":{"Weight":1,"CFrame":[8.754432201385498e-8,-2.3469328880310059e-7,0,0.99278724193573,-0.04359051212668419,0.11168407648801804,0.08896009624004364,0.892342746257782,-0.4425048530101776,-0.0803714394569397,0.44924864172935488,0.8897842764854431],"EasingStyle":"Linear","EasingDirection":"In"},"Torso":{"Weight":1,"CFrame":[0.08703508973121643,-0.11922764778137207,-0.37070178985595705,0.9738069772720337,0.19533619284629823,-0.11637762188911438,-0.22710907459259034,0.860410213470459,-0.456197053194046,0.011020687408745289,0.47067829966545107,0.8822360634803772],"EasingStyle":"Linear","EasingDirection":"In"},"HumanoidRootPart":{"Weight":0,"CFrame":[0,0,0,1,0,0,0,1,0,0,0,1],"EasingStyle":"Linear","EasingDirection":"In"},"Right Leg":{"Weight":1,"CFrame":[0.3302556574344635,0.7109197974205017,-0.015440702438354493,0.9084672927856445,-0.22943641245365144,-0.3493508994579315,0.25930869579315188,0.9649410843849182,0.04059215262532234,0.3277897536754608,-0.12746642529964448,0.9361122846603394],"EasingStyle":"Linear","EasingDirection":"In"}}},{"Time":0.36666667461395266,"poses":{"Left Leg":{"Weight":1,"CFrame":[-0.35059869289398196,0.2447187304496765,0.2766275405883789,0.9189382195472717,-0.03835770860314369,0.39253169298171999,0.08230361342430115,0.9919979572296143,-0.09574037790298462,-0.38571831583976748,0.12028629332780838,0.9147418141365051],"EasingStyle":"Linear","EasingDirection":"In"},"Right Arm":{"Weight":1,"CFrame":[-0.4287106990814209,-0.16074636578559876,0.0894174575805664,0.9031252264976502,-0.08408015221357346,-0.42106449604034426,0.046402640640735629,0.9940087795257568,-0.09896130859851837,0.42686253786087038,0.06983599811792374,0.9016159772872925],"EasingStyle":"Linear","EasingDirection":"In"},"Left Arm":{"Weight":1,"CFrame":[0.30113351345062258,-0.5549665093421936,0.09003913402557373,0.2279353141784668,0.9167637228965759,-0.328008770942688,-0.950617790222168,0.13665007054805757,-0.2786620855331421,-0.2106449156999588,0.37532785534858706,0.9026392698287964],"EasingStyle":"Linear","EasingDirection":"In"},"Head":{"Weight":1,"CFrame":[1.043081283569336e-7,-6.51925802230835e-8,0,0.9924690127372742,-0.04170361906290054,0.11517856270074845,0.09055683016777039,0.8829746246337891,-0.46060308814048769,-0.08249092102050781,0.4675646126270294,0.8801015615463257],"EasingStyle":"Linear","EasingDirection":"In"},"Torso":{"Weight":1,"CFrame":[0.16046081483364106,-0.10204112529754639,-0.3121345043182373,0.9896559119224548,0.13621066510677339,-0.045031070709228519,-0.14268532395362855,0.9019527435302734,-0.4075808823108673,-0.014900973998010159,0.4097900986671448,0.9120581150054932],"EasingStyle":"Linear","EasingDirection":"In"},"HumanoidRootPart":{"Weight":0,"CFrame":[0,0,0,1,0,0,0,1,0,0,0,1],"EasingStyle":"Linear","EasingDirection":"In"},"Right Leg":{"Weight":1,"CFrame":[0.26527392864227297,0.526352047920227,0.02570497989654541,0.9051096439361572,-0.18733537197113038,-0.3816830515861511,0.19928595423698426,0.9799056053161621,-0.008371520787477494,0.3755818009376526,-0.06848699599504471,0.92425537109375],"EasingStyle":"Linear","EasingDirection":"In"}}},{"Time":0.4000000059604645,"poses":{"Left Leg":{"Weight":1,"CFrame":[-0.4014025628566742,0.24188315868377686,0.2619842290878296,0.9245696663856506,-0.1142895370721817,0.3634677529335022,0.13632988929748536,0.9900278449058533,-0.0354824922978878,-0.3557879626750946,0.0823575109243393,0.9309307932853699],"EasingStyle":"Linear","EasingDirection":"In"},"Right Arm":{"Weight":1,"CFrame":[-0.3992500603199005,-0.11155200004577637,0.06427526473999024,0.8513205051422119,0.07943179458379746,-0.518598198890686,-0.13399136066436768,0.9886096715927124,-0.06853597611188889,0.5072472095489502,0.12783369421958924,0.852266788482666],"EasingStyle":"Linear","EasingDirection":"In"},"Left Arm":{"Weight":1,"CFrame":[0.1787022352218628,-0.5881711840629578,0.10438656806945801,0.13661061227321626,0.8983023166656494,-0.4176008999347687,-0.9731867909431458,0.0429498627781868,-0.2259707897901535,-0.18505416810512544,0.43727365136146548,0.8800833225250244],"EasingStyle":"Linear","EasingDirection":"In"},"Head":{"Weight":1,"CFrame":[5.587935447692871e-8,-2.0489096641540528e-8,0,0.994970977306366,-0.04160022735595703,0.09111606329679489,0.07997120916843414,0.8776605129241943,-0.47256386280059817,-0.06031019613146782,0.4774739742279053,0.8765736222267151],"EasingStyle":"Linear","EasingDirection":"In"},"Torso":{"Weight":1,"CFrame":[0.22154255211353303,-0.07470786571502686,-0.2676558494567871,0.9963034391403198,0.0849151611328125,0.01299320813268423,-0.07518389821052551,0.9351131916046143,-0.3462812900543213,-0.04155464470386505,0.3440243899822235,0.9380407333374023],"EasingStyle":"Linear","EasingDirection":"In"},"HumanoidRootPart":{"Weight":0,"CFrame":[0,0,0,1,0,0,0,1,0,0,0,1],"EasingStyle":"Linear","EasingDirection":"In"},"Right Leg":{"Weight":1,"CFrame":[0.21093685925006867,0.33462053537368777,0.03132438659667969,0.9032501578330994,-0.14218871295452119,-0.40487220883369448,0.14101660251617433,0.9894607067108154,-0.03289155662059784,0.40528202056884768,-0.027384446933865548,0.9137815237045288],"EasingStyle":"Linear","EasingDirection":"In"}}},{"Time":0.4333333373069763,"poses":{"Left Leg":{"Weight":1,"CFrame":[-0.4473879039287567,0.23281145095825196,0.2564202547073364,0.9181539416313171,-0.19524630904197694,0.3447783589363098,0.20179995894432069,0.9792764186859131,0.017160875722765924,-0.3409839868545532,0.053819913417100909,0.9385272264480591],"EasingStyle":"Linear","EasingDirection":"In"},"Right Arm":{"Weight":1,"CFrame":[-0.3878263235092163,-0.09247693419456482,0.03378868103027344,0.8224235773086548,0.13765797019004823,-0.551969051361084,-0.19885064661502839,0.9786376953125,-0.052217159420251849,0.5329895615577698,0.15270398557186128,0.8322280645370483],"EasingStyle":"Linear","EasingDirection":"In"},"Left Arm":{"Weight":1,"CFrame":[0.06619761139154434,-0.6151067018508911,0.11683034896850586,0.04804246500134468,0.869676411151886,-0.4912789762020111,-0.9850727319717407,-0.04014280438423157,-0.16739274561405183,-0.16529877483844758,0.49198731780052187,0.8547658324241638],"EasingStyle":"Linear","EasingDirection":"In"},"Head":{"Weight":1,"CFrame":[4.7497451305389407e-8,-1.3969838619232178e-8,-5.960464477539063e-8,0.9985226392745972,-0.042898230254650119,0.033351391553878787,0.05366611108183861,0.8747625350952148,-0.4815707802772522,-0.00851601641625166,0.48264914751052859,0.8757723569869995],"EasingStyle":"Linear","EasingDirection":"In"},"Torso":{"Weight":1,"CFrame":[0.269494891166687,-0.04301774501800537,-0.23749828338623048,0.9974623322486877,0.04212502762675285,0.05739685148000717,-0.02429659478366375,0.9591844081878662,-0.28173553943634035,-0.06692228466272354,0.2796260118484497,0.9577738046646118],"EasingStyle":"Linear","EasingDirection":"In"},"HumanoidRootPart":{"Weight":0,"CFrame":[0,0,0,1,0,0,0,1,0,0,0,1],"EasingStyle":"Linear","EasingDirection":"In"},"Right Leg":{"Weight":1,"CFrame":[0.19719082117080689,0.22219645977020265,0.028651833534240724,0.9063705205917358,-0.06648943573236466,-0.41721880435943606,0.06073734909296036,0.997786819934845,-0.02706412971019745,0.4180949926376343,-0.0008106703753583133,0.9084029793739319],"EasingStyle":"Linear","EasingDirection":"In"}}},{"Time":0.46666666865348818,"poses":{"Left Leg":{"Weight":1,"CFrame":[-0.4861117899417877,0.22296053171157838,0.2572183609008789,0.904071033000946,-0.2675032317638397,0.3333128094673157,0.2625724673271179,0.9630029797554016,0.060670413076877597,-0.3372109532356262,0.03266843780875206,0.9408621788024902],"EasingStyle":"Linear","EasingDirection":"In"},"Right Arm":{"Weight":1,"CFrame":[-0.41988372802734377,-0.09561064839363098,-0.0016232132911682129,0.8368680477142334,0.10273808240890503,-0.5376771688461304,-0.15644235908985139,0.9861509799957275,-0.05506362020969391,0.524573802947998,0.13019652664661408,0.8413508534431458],"EasingStyle":"Linear","EasingDirection":"In"},"Left Arm":{"Weight":1,"CFrame":[-0.026453347876667978,-0.6351351737976074,0.1266322135925293,-0.034472208470106128,0.8376904726028442,-0.5450562238693237,-0.9874417185783386,-0.11268341541290283,-0.11073076725006104,-0.15417693555355073,0.5343941450119019,0.8310549855232239],"EasingStyle":"Linear","EasingDirection":"In"},"Head":{"Weight":1,"CFrame":[1.3550743460655213e-7,-1.3294629752635957e-7,-1.7881393432617188e-7,0.9983537793159485,-0.04482978582382202,-0.03577665239572525,0.021812431514263154,0.8736572265625,-0.4860527515411377,0.05304616317152977,0.48447221517562868,0.8731968402862549],"EasingStyle":"Linear","EasingDirection":"In"},"Torso":{"Weight":1,"CFrame":[0.305641770362854,-0.013149678707122803,-0.2200162410736084,0.9958710670471191,0.006136918440461159,0.09057123959064484,0.0143547048792243,0.9745138883590698,-0.22386740148067475,-0.08963679522275925,0.2242431789636612,0.9704021215438843],"EasingStyle":"Linear","EasingDirection":"In"},"HumanoidRootPart":{"Weight":0,"CFrame":[0,0,0,1,0,0,0,1,0,0,0,1],"EasingStyle":"Linear","EasingDirection":"In"},"Right Leg":{"Weight":1,"CFrame":[0.2319309115409851,0.17611020803451539,0.0428539514541626,0.9091470837593079,0.031529322266578677,-0.4152798354625702,-0.039109863340854648,0.9991872310638428,-0.009759383276104927,0.41463473439216616,0.025114232674241067,0.9096413850784302],"EasingStyle":"Linear","EasingDirection":"In"}}},{"Time":0.5,"poses":{"Left Leg":{"Weight":1,"CFrame":[-0.5159837007522583,0.21954602003097535,0.26121652126312258,0.8901181221008301,-0.3180559575557709,0.3263894319534302,0.3046293556690216,0.9479249715805054,0.09294751286506653,-0.3389553427696228,0.016693567857146264,0.9406543970108032],"EasingStyle":"Linear","EasingDirection":"In"},"Right Arm":{"Weight":1,"CFrame":[-0.5000276565551758,-0.10694092512130737,-0.03891003131866455,0.8672655820846558,-0.0006497339345514774,-0.4978453516960144,-0.033489685505628589,0.997657835483551,-0.059642571955919269,0.4967181384563446,0.0683986097574234,0.8652125597000122],"EasingStyle":"Linear","EasingDirection":"In"},"Left Arm":{"Weight":1,"CFrame":[-0.08932357281446457,-0.6476202011108398,0.13305461406707765,-0.10784680396318436,0.8095539212226868,-0.5770541429519653,-0.9822501540184021,-0.17637135088443757,-0.06385798752307892,-0.15347231924533845,0.5599246025085449,0.814205527305603],"EasingStyle":"Linear","EasingDirection":"In"},"Head":{"Weight":1,"CFrame":[1.4528632164001466e-7,-5.4016709327697757e-8,-1.1920928955078126e-7,0.9945315718650818,-0.046483926475048068,-0.09352141618728638,-0.004926367197185755,0.873607337474823,-0.4866064786911011,0.10432037711143494,0.4844062626361847,0.8686010837554932],"EasingStyle":"Linear","EasingDirection":"In"},"Torso":{"Weight":1,"CFrame":[0.33151930570602419,0.009278595447540284,-0.21237969398498536,0.9930327534675598,-0.024924373254179956,0.11517254263162613,0.04575053229928017,0.9822523593902588,-0.18189884722232819,-0.10859479010105133,0.1859007179737091,0.9765490889549255],"EasingStyle":"Linear","EasingDirection":"In"},"HumanoidRootPart":{"Weight":0,"CFrame":[0,0,0,1,0,0,0,1,0,0,0,1],"EasingStyle":"Linear","EasingDirection":"In"},"Right Leg":{"Weight":1,"CFrame":[0.2701687216758728,0.13647276163101197,0.05717945098876953,0.9092401266098023,0.10760889947414398,-0.40212276577949526,-0.11819800734519959,0.9929888844490051,-0.001531681977212429,0.3991386592388153,0.04892274737358093,0.9155845046043396],"EasingStyle":"Linear","EasingDirection":"In"}}},{"Time":0.5333333611488342,"poses":{"Left Leg":{"Weight":1,"CFrame":[-0.5358218550682068,0.23061680793762208,0.26470255851745608,0.8858088850975037,-0.33470532298088076,0.32142651081085207,0.3157743811607361,0.942317545413971,0.1110142171382904,-0.3400428891181946,0.0031609022989869119,0.9404045939445496],"EasingStyle":"Linear","EasingDirection":"In"},"Right Arm":{"Weight":1,"CFrame":[-0.6042146682739258,-0.12935832142829896,-0.07436478137969971,0.8829530477523804,-0.17253464460372926,-0.4366070032119751,0.16448062658309937,0.9847597479820252,-0.056518953293561938,0.43970444798469546,-0.021909842267632486,0.8978752493858337],"EasingStyle":"Linear","EasingDirection":"In"},"Left Arm":{"Weight":1,"CFrame":[-0.11248613148927689,-0.6519232988357544,0.1353592872619629,-0.1698119342327118,0.7918645739555359,-0.5866126418113709,-0.9716880321502686,-0.23376776278018952,-0.03427837789058685,-0.16427494585514069,0.5641835927963257,0.8091418743133545],"EasingStyle":"Linear","EasingDirection":"In"},"Head":{"Weight":1,"CFrame":[1.6624107956886292e-7,-4.6566128730773929e-8,1.1920928955078126e-7,0.9919384121894836,-0.04715524613857269,-0.1176203116774559,-0.016096357256174089,0.8737801313400269,-0.48605477809906008,0.12569431960582734,0.4840296506881714,0.8659770488739014],"EasingStyle":"Linear","EasingDirection":"In"},"Torso":{"Weight":1,"CFrame":[0.3487039804458618,0.01928389072418213,-0.21140193939208985,0.9895660281181336,-0.05317586660385132,0.1339079737663269,0.07508039474487305,0.9835557341575623,-0.1642589122056961,-0.12297136336565018,0.1725989133119583,0.9772858619689941],"EasingStyle":"Linear","EasingDirection":"In"},"HumanoidRootPart":{"Weight":0,"CFrame":[0,0,0,1,0,0,0,1,0,0,0,1],"EasingStyle":"Linear","EasingDirection":"In"},"Right Leg":{"Weight":1,"CFrame":[0.3060165047645569,0.10627877712249756,0.07136297225952149,0.911213219165802,0.15067563951015473,-0.3833892047405243,-0.16600766777992249,0.9860995411872864,-0.007008871529251337,0.377003937959671,0.07003206759691239,0.9235602617263794],"EasingStyle":"Linear","EasingDirection":"In"}}},{"Time":0.5666666626930237,"poses":{"Left Leg":{"Weight":1,"CFrame":[-0.5479825139045715,0.26650476455688479,0.26547694206237795,0.8974285125732422,-0.30880245566368105,0.315060555934906,0.2887449860572815,0.9510965943336487,0.10973422974348068,-0.33353927731513979,-0.007506438530981541,0.9427063465118408],"EasingStyle":"Linear","EasingDirection":"In"},"Right Arm":{"Weight":1,"CFrame":[-0.7084015607833862,-0.16575419902801515,-0.10427981615066529,0.8414241075515747,-0.40028610825538638,-0.3630102276802063,0.4169991910457611,0.9082353711128235,-0.03493278846144676,0.34368178248405459,-0.12198173254728317,0.9311301112174988],"EasingStyle":"Linear","EasingDirection":"In"},"Left Arm":{"Weight":1,"CFrame":[-0.08754774183034897,-0.6417118906974793,0.1318497657775879,-0.2187761664390564,0.7930589318275452,-0.5685020685195923,-0.9575632214546204,-0.2865288257598877,-0.031208639964461328,-0.1876424252986908,0.537548840045929,0.822089672088623],"EasingStyle":"Linear","EasingDirection":"In"},"Head":{"Weight":1,"CFrame":[9.592622518539429e-8,-1.1920928955078126e-7,1.1920928955078126e-7,0.9934782385826111,-0.05439651012420654,-0.10020960867404938,-0.0012131575495004655,0.8737719058990479,-0.48633450269699099,0.11401523649692536,0.4832842946052551,0.8680073618888855],"EasingStyle":"Linear","EasingDirection":"In"},"Torso":{"Weight":1,"CFrame":[0.36080509424209597,0.01886194944381714,-0.22122550010681153,0.9855413436889648,-0.08017201721668244,0.1492672860622406,0.10629315674304962,0.9785997271537781,-0.17619392275810243,-0.1319471001625061,0.1895124763250351,0.9729722142219544],"EasingStyle":"Linear","EasingDirection":"In"},"HumanoidRootPart":{"Weight":0,"CFrame":[0,0,0,1,0,0,0,1,0,0,0,1],"EasingStyle":"Linear","EasingDirection":"In"},"Right Leg":{"Weight":1,"CFrame":[0.34103924036026,0.09733796119689942,0.08823156356811524,0.9186878204345703,0.15500259399414063,-0.36330005526542666,-0.1762576848268509,0.9840037822723389,-0.025881296023726465,0.35347697138786318,0.08781120926141739,0.931312620639801],"EasingStyle":"Linear","EasingDirection":"In"}}},{"Time":0.6000000238418579,"poses":{"Left Leg":{"Weight":1,"CFrame":[-0.5515751838684082,0.32744377851486208,0.26459038257598879,0.919267475605011,-0.2476397454738617,0.30597683787345889,0.2309655398130417,0.96877521276474,0.09016385674476624,-0.31875094771385195,-0.0122146001085639,0.9477598071098328],"EasingStyle":"Linear","EasingDirection":"In"},"Right Arm":{"Weight":1,"CFrame":[-0.7885456085205078,-0.21901994943618775,-0.12494772672653198,0.7074500322341919,-0.6422730684280396,-0.29495689272880556,0.6741688251495361,0.7385245561599731,0.008836145512759686,0.2121577113866806,-0.20510199666023255,0.9554697275161743],"EasingStyle":"Linear","EasingDirection":"In"},"Left Arm":{"Weight":1,"CFrame":[-0.020512044429779054,-0.6140062212944031,0.1223369836807251,-0.2531389892101288,0.8134363889694214,-0.5236811637878418,-0.9433241486549377,-0.32762691378593447,-0.052916694432497028,-0.21461638808250428,0.48060575127601626,0.8502693176269531],"EasingStyle":"Linear","EasingDirection":"In"},"Head":{"Weight":1,"CFrame":[6.752088665962219e-8,2.60770320892334e-8,0,0.995865523815155,-0.07213422656059265,-0.055213380604982379,0.036505598574876788,0.8743674755096436,-0.4838893711566925,0.08318177610635758,0.47987309098243716,0.8733856678009033],"EasingStyle":"Linear","EasingDirection":"In"},"Torso":{"Weight":1,"CFrame":[0.37018734216690066,0.014427006244659424,-0.24817657470703126,0.9810929894447327,-0.10492604970932007,0.16262568533420564,0.13848350942134858,0.9675923585891724,-0.21115705370903016,-0.13519950211048127,0.2296856790781021,0.9638286232948303],"EasingStyle":"Linear","EasingDirection":"In"},"HumanoidRootPart":{"Weight":0,"CFrame":[0,0,0,1,0,0,0,1,0,0,0,1],"EasingStyle":"Linear","EasingDirection":"In"},"Right Leg":{"Weight":1,"CFrame":[0.3801807761192322,0.11869782209396362,0.1095665693283081,0.9306905269622803,0.13085046410560609,-0.3416039049625397,-0.15726019442081452,0.9862565398216248,-0.05066809430718422,0.33027926087379458,0.10087695717811585,0.9384772181510925],"EasingStyle":"Linear","EasingDirection":"In"}}},{"Time":0.6333333253860474,"poses":{"Left Leg":{"Weight":1,"CFrame":[-0.5397526025772095,0.40508103370666506,0.2636808156967163,0.9417159557342529,-0.16325992345809937,0.29413825273513796,0.1526990830898285,0.9865288138389587,0.05868431553244591,-0.2997567355632782,-0.010349310003221035,0.953959584236145],"EasingStyle":"Linear","EasingDirection":"In"},"Right Arm":{"Weight":1,"CFrame":[-0.8206030130386353,-0.2920467257499695,-0.1326608657836914,0.4852728247642517,-0.8369395732879639,-0.2530660927295685,0.8714979290962219,0.4863911271095276,0.06256954371929169,0.07072214782238007,-0.2509099245071411,0.9654235243797302],"EasingStyle":"Linear","EasingDirection":"In"},"Left Arm":{"Weight":1,"CFrame":[0.07695119082927704,-0.573197066783905,0.10834383964538574,-0.27044251561164858,0.8465523719787598,-0.45848649740219118,-0.9339689612388611,-0.3462