{"Sequence":[{"Time":0,"poses":{"Left Leg":{"Weight":1,"CFrame":[-0.2718311548233032,0.010457992553710938,-0.08479064702987671,0.9902892708778381,-0.13874594867229463,0.00875993724912405,0.1390029788017273,0.9892331957817078,-0.045781731605529788,-0.00231373799033463,0.04655478894710541,0.998913049697876],"EasingStyle":"Linear","EasingDirection":"In"},"Right Arm":{"Weight":1,"CFrame":[0.5324869751930237,-0.7438934445381165,-0.052037835121154788,-0.5429614186286926,-0.5212896466255188,0.6583691835403442,0.7529935240745544,0.044835321605205539,0.6564988493919373,-0.37174418568611147,0.8522012829780579,0.36818376183509829],"EasingStyle":"Linear","EasingDirection":"In"},"Head":{"Weight":1,"CFrame":[9.685754776000977e-8,1.1734664440155029e-7,2.384185791015625e-7,0.973742663860321,0.21949003636837007,-0.06041163578629494,-0.21985723078250886,0.9755319952964783,0.0005819753278046846,0.0590611957013607,0.01271524466574192,0.9981734752655029],"EasingStyle":"Linear","EasingDirection":"In"},"Right Leg":{"Weight":1,"CFrame":[0.5539754033088684,0.13488250970840455,0.2131357192993164,0.8090136051177979,0.48571351170539858,-0.33102765679359438,-0.47665029764175417,0.8716607093811035,0.11407142877578736,0.3439498841762543,0.06549900025129318,0.9367008209228516],"EasingStyle":"Linear","EasingDirection":"In"},"Torso":{"Weight":1,"CFrame":[0.1227511465549469,1.8141976809715744e-8,-0.061376094818115237,0.9636814594268799,-0.266093373298645,-0.022634580731391908,0.26669132709503176,0.9633263945579529,0.029632220044732095,0.013919549994170666,-0.03459246829152107,0.9993045926094055],"EasingStyle":"Linear","EasingDirection":"In"},"HumanoidRootPart":{"Weight":1,"CFrame":[0,0,0,1,0,0,0,1,0,0,0,1],"EasingStyle":"Linear","EasingDirection":"In"},"Left Arm":{"Weight":1,"CFrame":[-8.195638656616211e-8,2.384185791015625e-7,0,0.9924682378768921,-0.12192565947771073,0.011873969808220864,0.12123115360736847,0.9914715886116028,0.047824062407016757,-0.017603740096092225,-0.046024519950151446,0.9987851977348328],"EasingStyle":"Linear","EasingDirection":"In"}}},{"Time":0.03333333507180214,"poses":{"Left Leg":{"Weight":1,"CFrame":[-0.2753060460090637,0.005841374397277832,-0.0882614254951477,0.9901193380355835,-0.1400481015443802,-0.007095753215253353,0.1394674926996231,0.9887517690658569,-0.0540255568921566,0.014582054689526558,0.05250212922692299,0.9985143542289734],"EasingStyle":"Linear","EasingDirection":"In"},"Right Arm":{"Weight":1,"CFrame":[0.5397425889968872,-0.7289235591888428,-0.06656795740127564,-0.5449869632720947,-0.5008110404014587,0.6724416613578796,0.7729686498641968,0.010601562447845936,0.6343557834625244,-0.3248211443424225,0.8654918074607849,0.3813331723213196],"EasingStyle":"Linear","EasingDirection":"In"},"Head":{"Weight":1,"CFrame":[8.568167686462403e-8,8.381903171539307e-8,1.1920928955078126e-7,0.9702947735786438,0.23464801907539369,-0.0588950514793396,-0.23507674038410188,0.9719768166542053,-0.00036153756082057953,0.05715980380773544,0.014195646159350872,0.9982641339302063],"EasingStyle":"Linear","EasingDirection":"In"},"Right Leg":{"Weight":1,"CFrame":[0.5088093876838684,0.125840425491333,0.21147239208221436,0.8078599572181702,0.4759381413459778,-0.34762775897979739,-0.46311578154563906,0.8774318695068359,0.12504927814006806,0.3645354211330414,0.05996962636709213,0.9292564392089844],"EasingStyle":"Linear","EasingDirection":"In"},"Torso":{"Weight":1,"CFrame":[0.139347106218338,2.4604682735684947e-8,-0.06137585639953613,0.9608569741249085,-0.2760947346687317,-0.02292652241885662,0.2767259478569031,0.960428774356842,0.031611647456884387,0.013291483744978905,-0.03671862930059433,0.9992372393608093],"EasingStyle":"Linear","EasingDirection":"In"},"HumanoidRootPart":{"Weight":1,"CFrame":[0,0,0,1,0,0,0,1,0,0,0,1],"EasingStyle":"Linear","EasingDirection":"In"},"Left Arm":{"Weight":1,"CFrame":[-0.0022482722997665407,-0.013709545135498047,0.015179276466369629,0.9933121204376221,-0.11391723155975342,0.01881268247961998,0.11199130117893219,0.9902330040931702,0.08304598927497864,-0.02808929607272148,-0.08038383722305298,0.9963681697845459],"EasingStyle":"Linear","EasingDirection":"In"}}},{"Time":0.06666667014360428,"poses":{"Left Leg":{"Weight":1,"CFrame":[-0.28189438581466677,-0.005333542823791504,-0.09620565176010132,0.9887200593948364,-0.1430358737707138,-0.044424328953027728,0.1395435780286789,0.9874696731567383,-0.07369796186685562,0.05440899729728699,0.06666750460863114,0.9962906837463379],"EasingStyle":"Linear","EasingDirection":"In"},"Right Arm":{"Weight":1,"CFrame":[0.5570439100265503,-0.6912791728973389,-0.10113120079040528,-0.5434409976005554,-0.45290619134902956,0.7067872285842896,0.8127241730690002,-0.0731148049235344,0.5780429840087891,-0.2101224660873413,0.8885552287101746,0.40782126784324648],"EasingStyle":"Linear","EasingDirection":"In"},"Head":{"Weight":1,"CFrame":[9.592622518539429e-8,4.842877388000488e-8,-3.5762786865234377e-7,0.9611197113990784,0.2706056833267212,-0.054969366639852527,-0.27116072177886965,0.9625301361083984,-0.002759222174063325,0.052163008600473407,0.017557471990585328,0.9984843134880066],"EasingStyle":"Linear","EasingDirection":"In"},"Right Leg":{"Weight":1,"CFrame":[0.3906210958957672,0.10766077041625977,0.19756066799163819,0.8061450123786926,0.44810348749160769,-0.3864370286464691,-0.42417988181114199,0.8929697871208191,0.15058684349060059,0.41255512833595278,0.04252391681075096,0.9099395275115967],"EasingStyle":"Linear","EasingDirection":"In"},"Torso":{"Weight":1,"CFrame":[0.17892205715179444,4.001573472578457e-8,-0.06137585639953613,0.953702449798584,-0.29982930421829226,-0.02353757806122303,0.30053046345710757,0.9530795216560364,0.03634551167488098,0.011535733006894589,-0.04173656180500984,0.9990620613098145],"EasingStyle":"Linear","EasingDirection":"In"},"HumanoidRootPart":{"Weight":1,"CFrame":[0,0,0,1,0,0,0,1,0,0,0,1],"EasingStyle":"Linear","EasingDirection":"In"},"Left Arm":{"Weight":1,"CFrame":[-0.009187102317810059,-0.050921499729156497,0.056380391120910647,0.9950104355812073,-0.09206434339284897,0.03844994679093361,0.08377884328365326,0.9802587032318115,0.17909187078475953,-0.054178930819034579,-0.17497722804546357,0.9830807447433472],"EasingStyle":"Linear","EasingDirection":"In"}}},{"Time":0.10000000149011612,"poses":{"Left Leg":{"Weight":1,"CFrame":[-0.2867490351200104,-0.018895626068115236,-0.10482478141784668,0.9853019118309021,-0.14642636477947236,-0.08797422796487808,0.13781940937042237,0.9856916069984436,-0.09704569727182388,0.1009254902601242,0.08349472284317017,0.9913842082023621],"EasingStyle":"Linear","EasingDirection":"In"},"Right Arm":{"Weight":1,"CFrame":[0.577694296836853,-0.6418595910072327,-0.14218777418136598,-0.5295027494430542,-0.39894092082977297,0.7486474514007568,0.8454100489616394,-0.1752743124961853,0.5045404434204102,-0.07006306946277619,0.9000694155693054,0.43007680773735049],"EasingStyle":"Linear","EasingDirection":"In"},"Head":{"Weight":1,"CFrame":[7.82310962677002e-8,3.3527612686157229e-8,2.384185791015625e-7,0.9484285712242127,0.3130933940410614,-0.049557823687791827,-0.31375330686569216,0.9494859576225281,-0.005948797799646854,0.045191921293735507,0.02119094505906105,0.9987536072731018],"EasingStyle":"Linear","EasingDirection":"In"},"Right Leg":{"Weight":1,"CFrame":[0.22238264977931977,0.09299659729003906,0.155021071434021,0.8074517250061035,0.40267154574394228,-0.4311349093914032,-0.3603397607803345,0.9152898192405701,0.1799999326467514,0.4670943021774292,0.010013719089329243,0.8841509222984314],"EasingStyle":"Linear","EasingDirection":"In"},"Torso":{"Weight":1,"CFrame":[0.22615671157836915,5.840959005354307e-8,-0.06137561798095703,0.9443982839584351,-0.3279244303703308,-0.024033278226852418,0.3286837339401245,0.9435039758682251,0.04203882813453674,0.008889933116734028,-0.04760074242949486,0.9988269209861755],"EasingStyle":"Linear","EasingDirection":"In"},"HumanoidRootPart":{"Weight":1,"CFrame":[0,0,0,1,0,0,0,1,0,0,0,1],"EasingStyle":"Linear","EasingDirection":"In"},"Left Arm":{"Weight":1,"CFrame":[-0.021107807755470277,-0.10575905442237854,0.11709785461425781,0.9956986308097839,-0.06055035442113876,0.07012825459241867,0.03509268909692764,0.9469747543334961,0.31938597559928896,-0.08574864268302918,-0.31555119156837466,0.9450262784957886],"EasingStyle":"Linear","EasingDirection":"In"}}},{"Time":0.13333334028720857,"poses":{"Left Leg":{"Weight":1,"CFrame":[-0.2892110347747803,-0.029929161071777345,-0.11135566234588623,0.9810304045677185,-0.14946481585502625,-0.1234489232301712,0.13536337018013,0.9840196371078491,-0.11568121612071991,0.13876639306545258,0.09677630662918091,0.9855853319168091],"EasingStyle":"Linear","EasingDirection":"In"},"Right Arm":{"Weight":1,"CFrame":[0.5949957370758057,-0.5915650129318237,-0.17619729042053224,-0.5046513080596924,-0.3593199849128723,0.7849944233894348,0.8619275093078613,-0.2613832354545593,0.43446508049964907,0.04907248541712761,0.8958616852760315,0.44161513447761538],"EasingStyle":"Linear","EasingDirection":"In"},"Head":{"Weight":1,"CFrame":[1.1362135410308838e-7,1.043081283569336e-7,-2.384185791015625e-7,0.9363889098167419,0.3482612669467926,-0.04347357153892517,-0.3489476442337036,0.9370980858802795,-0.00910462997853756,0.03756821155548096,0.023695480078458787,0.9990131855010986],"EasingStyle":"Linear","EasingDirection":"In"},"Right Leg":{"Weight":1,"CFrame":[0.034115709364414218,0.08994483947753906,0.07825815677642822,0.8154067993164063,0.3423173129558563,-0.466830313205719,-0.2772071957588196,0.9388503432273865,0.20424580574035645,0.5082007050514221,-0.03713475912809372,0.8604377508163452],"EasingStyle":"Linear","EasingDirection":"In"},"Torso":{"Weight":1,"CFrame":[0.26573169231414797,7.382065803085425e-8,-0.06137561798095703,0.9359762072563171,-0.35125699639320376,-0.023813197389245034,0.352015882730484,0.9348165988922119,0.04693303629755974,0.005775413941591978,-0.052310824394226077,0.9986141920089722],"EasingStyle":"Linear","EasingDirection":"In"},"HumanoidRootPart":{"Weight":1,"CFrame":[0,0,0,1,0,0,0,1,0,0,0,1],"EasingStyle":"Linear","EasingDirection":"In"},"Left Arm":{"Weight":1,"CFrame":[-0.0383019745349884,-0.17234832048416139,0.1908259391784668,0.9933256506919861,-0.024379728361964227,0.11273813992738724,-0.03314366191625595,0.8758571147918701,0.4814310371875763,-0.11047974228858948,-0.4819543659687042,0.8692033290863037],"EasingStyle":"Linear","EasingDirection":"In"}}},{"Time":0.1666666716337204,"poses":{"Left Leg":{"Weight":1,"CFrame":[-0.2930713891983032,-0.03270375728607178,-0.1150810718536377,0.9787183403968811,-0.15207906067371369,-0.13777688145637513,0.13582530617713929,0.9833663105964661,-0.12059107422828675,0.15382447838783265,0.09931113570928574,0.9830947518348694],"EasingStyle":"Linear","EasingDirection":"In"},"Right Arm":{"Weight":1,"CFrame":[0.6022512316703796,-0.5512933731079102,-0.1896190643310547,-0.47891393303871157,-0.35041356086730959,0.8048925399780273,0.8717095851898193,-0.29818716645240786,0.3888532817363739,0.10374925285577774,0.8878597021102905,0.4482647180557251],"EasingStyle":"Linear","EasingDirection":"In"},"Head":{"Weight":1,"CFrame":[8.475035429000855e-8,1.4528632164001466e-7,0,0.9310689568519592,0.3629237413406372,-0.03737831115722656,-0.36354413628578188,0.9315100908279419,-0.011169331148266793,0.030764658004045488,0.02398807741701603,0.9992387890815735],"EasingStyle":"Linear","EasingDirection":"In"},"Right Leg":{"Weight":1,"CFrame":[-0.09073597937822342,0.09582000970840454,0.012589573860168457,0.8258295059204102,0.29524654150009158,-0.4804529547691345,-0.21494366228580476,0.9524737596511841,0.21585412323474885,0.5213490724563599,-0.0749884694814682,0.8500423431396484],"EasingStyle":"Linear","EasingDirection":"In"},"Torso":{"Weight":1,"CFrame":[0.28232765197753909,8.246352933838353e-9,-0.06137561798095703,0.9322947859764099,-0.36102327704429629,-0.022108469158411027,0.36168885231018069,0.9309948086738586,0.04929491877555847,0.0027862561400979759,-0.053953781723976138,0.9985395669937134],"EasingStyle":"Linear","EasingDirection":"In"},"HumanoidRootPart":{"Weight":1,"CFrame":[0,0,0,1,0,0,0,1,0,0,0,1],"EasingStyle":"Linear","EasingDirection":"In"},"Left Arm":{"Weight":1,"CFrame":[-0.06106121838092804,-0.24481233954429627,0.2710597515106201,0.9865471124649048,0.011902629397809506,0.16304327547550202,-0.11462307721376419,0.7614785432815552,0.637974739074707,-0.11656040698289871,-0.6480809450149536,0.7525990009307861],"EasingStyle":"Linear","EasingDirection":"In"}}},{"Time":0.20000000298023225,"poses":{"Left Leg":{"Weight":1,"CFrame":[-0.3479362726211548,-0.007230043411254883,-0.12546169757843018,0.9792886972427368,-0.1844184249639511,-0.08356738090515137,0.17633303999900819,0.9796767830848694,-0.09560451656579972,0.09950025379657746,0.07888871431350708,0.9919053912162781],"EasingStyle":"Linear","EasingDirection":"In"},"Right Arm":{"Weight":1,"CFrame":[0.5897126197814941,-0.5159403681755066,-0.18127572536468507,-0.42813345789909365,-0.39218878746032717,0.8141803741455078,0.8991416692733765,-0.275386780500412,0.3401566445827484,0.0908089354634285,0.8776960372924805,0.47053560614585879],"EasingStyle":"Linear","EasingDirection":"In"},"Head":{"Weight":1,"CFrame":[5.541369318962097e-8,3.818422555923462e-8,-1.1920928955078126e-7,0.9423969984054565,0.33298560976982119,-0.031759750097990039,-0.33350399136543276,0.9426649212837219,-0.012572556734085083,0.025752320885658265,0.022440336644649507,0.9994165301322937],"EasingStyle":"Linear","EasingDirection":"In"},"Right Leg":{"Weight":1,"CFrame":[0.03771228343248367,0.09736961126327515,0.03258204460144043,0.8420382738113403,0.3178792893886566,-0.43580302596092226,-0.24159659445285798,0.9445951581001282,0.22219598293304444,0.48228901624679568,-0.08180905133485794,0.8721837997436523],"EasingStyle":"Linear","EasingDirection":"In"},"Torso":{"Weight":1,"CFrame":[0.2642586827278137,-0.022772209718823434,-0.0818014144897461,0.9513037204742432,-0.3078697621822357,-0.015411089174449444,0.3082343339920044,0.9506317377090454,0.03592897579073906,0.003588826861232519,-0.038929589092731479,0.9992355108261108],"EasingStyle":"Linear","EasingDirection":"In"},"HumanoidRootPart":{"Weight":1,"CFrame":[0,0,0,1,0,0,0,1,0,0,0,1],"EasingStyle":"Linear","EasingDirection":"In"},"Left Arm":{"Weight":1,"CFrame":[-0.08967636525630951,-0.317277193069458,0.35129308700561526,0.9753695726394653,0.0462367869913578,0.21567654609680177,-0.19819477200508119,0.6128713488578796,0.7649231553077698,-0.09681437909603119,-0.7888287901878357,0.6069400310516357],"EasingStyle":"Linear","EasingDirection":"In"}}},{"Time":0.23333333432674409,"poses":{"Left Leg":{"Weight":1,"CFrame":[-0.4225772023200989,0.04085433483123779,-0.10508233308792114,0.9685845375061035,-0.2426833212375641,0.054304156452417377,0.24532993137836457,0.9682056307792664,-0.04889854043722153,-0.04071076959371567,0.06068483740091324,0.9973264336585999],"EasingStyle":"Linear","EasingDirection":"In"},"Right Arm":{"Weight":1,"CFrame":[0.5549281239509583,-0.4746244549751282,-0.16104745864868165,-0.31723669171333315,-0.4842321276664734,0.8154018521308899,0.9474017024040222,-0.20019085705280305,0.2497072070837021,0.04231983795762062,0.8517293930053711,0.522270143032074],"EasingStyle":"Linear","EasingDirection":"In"},"Head":{"Weight":1,"CFrame":[8.568167686462403e-8,1.30385160446167e-7,1.1920928955078126e-7,0.9659183621406555,0.257541686296463,-0.025964878499507905,-0.25794440507888796,0.9660651683807373,-0.0135230403393507,0.02160101756453514,0.01975964568555355,0.9995714426040649],"EasingStyle":"Linear","EasingDirection":"In"},"Right Leg":{"Weight":1,"CFrame":[0.2589380741119385,0.12569767236709596,0.03451502323150635,0.8853003978729248,0.32431256771087649,-0.3332635760307312,-0.2611817717552185,0.9397281408309937,0.22066988050937653,0.38474321365356448,-0.10831686854362488,0.9166461825370789],"EasingStyle":"Linear","EasingDirection":"In"},"Torso":{"Weight":1,"CFrame":[0.2168276309967041,-0.07707513123750687,-0.1305091381072998,0.9849207997322083,-0.17288453876972199,-0.006475451868027449,0.17290015518665315,0.9849374890327454,0.0019306523026898504,0.006044135428965092,-0.003021146636456251,0.999977171421051],"EasingStyle":"Linear","EasingDirection":"In"},"HumanoidRootPart":{"Weight":1,"CFrame":[0,0,0,1,0,0,0,1,0,0,0,1],"EasingStyle":"Linear","EasingDirection":"In"},"Left Arm":{"Weight":1,"CFrame":[-0.1244392842054367,-0.38386571407318118,0.42502152919769289,0.9609515070915222,0.08044900000095368,0.2647646963596344,-0.271999329328537,0.4505380690097809,0.8503128290176392,-0.05087981000542641,-0.8891251683235169,0.454827219247818],"EasingStyle":"Linear","EasingDirection":"In"}}},{"Time":0.2666666805744171,"poses":{"Left Leg":{"Weight":1,"CFrame":[-0.4558272659778595,0.08821141719818115,-0.035233378410339358,0.9244228005409241,-0.3010141849517822,0.23416438698768617,0.308779239654541,0.9511265754699707,0.003672671504318714,-0.22382549941539765,0.06891001760959625,0.9721901416778565],"EasingStyle":"Linear","EasingDirection":"In"},"Right Arm":{"Weight":1,"CFrame":[0.5021455883979797,-0.42958539724349978,-0.13198310136795045,-0.13902463018894196,-0.6006801128387451,0.787308931350708,0.989942193031311,-0.06326241791248322,0.1265396624803543,-0.026202727109193803,0.7969825863838196,0.6034337878227234],"EasingStyle":"Linear","EasingDirection":"In"},"Head":{"Weight":1,"CFrame":[8.315691957250238e-8,3.3967808121815327e-8,0,0.987005889415741,0.15954375267028809,-0.019113589078187944,-0.15979745984077454,0.9870699048042297,-0.012566423043608666,0.016861556097865106,0.015457436442375183,0.9997383952140808],"EasingStyle":"Linear","EasingDirection":"In"},"Right Leg":{"Weight":1,"CFrame":[0.44221940636634829,0.18767225742340089,-0.029803693294525148,0.9327788949012756,0.2892552614212036,-0.2150694876909256,-0.2421937882900238,0.9448695778846741,0.22037197649478913,0.2669563591480255,-0.15346986055374146,0.9514102339744568],"EasingStyle":"Linear","EasingDirection":"In"},"Torso":{"Weight":1,"CFrame":[0.1501983255147934,-0.14188829064369203,-0.1886439323425293,0.9999949336051941,0.00031761551508679986,-0.0031748588662594558,-0.0004447151441127062,0.9991950392723084,-0.04011299088597298,0.0031595625914633276,0.04011419788002968,0.9991901516914368],"EasingStyle":"Linear","EasingDirection":"In"},"HumanoidRootPart":{"Weight":1,"CFrame":[0,0,0,1,0,0,0,1,0,0,0,1],"EasingStyle":"Linear","EasingDirection":"In"},"Left Arm":{"Weight":1,"CFrame":[-0.16564129292964936,-0.43870383501052859,0.4857386350631714,0.9445788264274597,0.12000040709972382,0.3055662214756012,-0.3278615176677704,0.29758739471435549,0.8966317772865295,0.0166634488850832,-0.9471228718757629,0.320438414812088],"EasingStyle":"Linear","EasingDirection":"In"}}},{"Time":0.30000001192092898,"poses":{"Left Leg":{"Weight":1,"CFrame":[-0.4361274838447571,0.12285137176513672,0.05082237720489502,0.8470965027809143,-0.3452792465686798,0.40399226546287539,0.3538329601287842,0.9336293339729309,0.0560213066637516,-0.3965221047401428,0.09549035876989365,0.9130454063415527],"EasingStyle":"Linear","EasingDirection":"In"},"Right Arm":{"Weight":1,"CFrame":[0.4356124699115753,-0.38306114077568056,-0.09713119268417359,0.10163575410842896,-0.7002289295196533,0.7066470384597778,0.9907131791114807,0.13573315739631654,-0.007992262952029705,-0.0903189480304718,0.7008966207504273,0.7075212001800537],"EasingStyle":"Linear","EasingDirection":"In"},"Head":{"Weight":1,"CFrame":[8.568167686462403e-8,9.499490261077881e-8,1.1920928955078126e-7,0.997841477394104,0.06480029225349426,-0.010647286660969258,-0.06489085406064987,0.9978571534156799,-0.00839309487491846,0.010080598294734955,0.009065908379852772,0.9999081492424011],"EasingStyle":"Linear","EasingDirection":"In"},"Right Leg":{"Weight":1,"CFrame":[0.5431054830551148,0.25313979387283327,-0.11474543809890747,0.9634926915168762,0.2359248548746109,-0.12657538056373597,-0.204867422580719,0.9540281891822815,0.21876832842826844,0.17236937582492829,-0.1848505437374115,0.9675324559211731],"EasingStyle":"Linear","EasingDirection":"In"},"Torso":{"Weight":1,"CFrame":[0.07453448325395584,-0.1961911916732788,-0.237351655960083,0.9875409007072449,0.15721438825130464,-0.00682634674012661,-0.15728072822093965,0.9846999645233154,-0.07502515614032746,-0.005073131062090397,0.0751640647649765,0.9971582889556885],"EasingStyle":"Linear","EasingDirection":"In"},"HumanoidRootPart":{"Weight":1,"CFrame":[0,0,0,1,0,0,0,1,0,0,0,1],"EasingStyle":"Linear","EasingDirection":"In"},"Left Arm":{"Weight":1,"CFrame":[-0.2135736495256424,-0.47591549158096316,0.5269396305084229,0.9264398217201233,0.17281635105609895,0.3344304859638214,-0.3627870976924896,0.1727655977010727,0.9157170653343201,0.10047268867492676,-0.969683825969696,0.2227526605129242],"EasingStyle":"Linear","EasingDirection":"In"}}},{"Time":0.3333333432674408,"poses":{"Left Leg":{"Weight":1,"CFrame":[-0.38842588663101199,0.14220881462097169,0.1060943603515625,0.7758419513702393,-0.3678238093852997,0.5126158595085144,0.3696284294128418,0.9234338998794556,0.10317229479551316,-0.511316180229187,0.10943204164505005,0.8523969650268555],"EasingStyle":"Linear","EasingDirection":"In"},"Right Arm":{"Weight":1,"CFrame":[0.3595765233039856,-0.3372897803783417,-0.05954033136367798,0.3727787137031555,-0.7367439866065979,0.5641315579414368,0.9199247360229492,0.3730631470680237,-0.12067467719316483,-0.1215503066778183,0.5639435052871704,0.8168189525604248],"EasingStyle":"Linear","EasingDirection":"In"},"Head":{"Weight":1,"CFrame":[8.381903171539307e-8,1.0244548320770264e-7,3.5762786865234377e-7,1,2.1187588572502137e-8,8.195637946073475e-8,-1.6065316188473845e-8,1,2.3981552743634894e-8,-8.102507109697399e-8,-2.7241185307502748e-8,1],"EasingStyle":"Linear","EasingDirection":"In"},"Right Leg":{"Weight":1,"CFrame":[0.5744357705116272,0.281829833984375,-0.16078001260757447,0.9739789366722107,0.20663629472255708,-0.09309441596269608,-0.1847938597202301,0.9618690609931946,0.20164145529270173,0.13121114671230317,-0.1791912466287613,0.9750252366065979],"EasingStyle":"Linear","EasingDirection":"In"},"Torso":{"Weight":1,"CFrame":[0,-0.2189633697271347,-0.25777745246887209,0.9689335227012634,0.2470686435699463,-0.011184032075107098,-0.2470686435699463,0.9649072885513306,-0.08894478529691696,-0.011183912865817547,0.08894481509923935,0.9959737658500671],"EasingStyle":"Linear","EasingDirection":"In"},"HumanoidRootPart":{"Weight":1,"CFrame":[0,0,0,1,0,0,0,1,0,0,0,1],"EasingStyle":"Linear","EasingDirection":"In"},"Left Arm":{"Weight":1,"CFrame":[-0.2685278058052063,-0.489624947309494,0.5421191453933716,0.9044721722602844,0.2484867125749588,0.3466762900352478,-0.3778591454029083,0.08974148333072663,0.9215036630630493,0.19787004590034486,-0.9644691944122315,0.17506185173988343],"EasingStyle":"Linear","EasingDirection":"In"}}},{"Time":0.36666667461395266,"poses":{"Left Leg":{"Weight":1,"CFrame":[-0.3398168087005615,0.14605337381362916,0.126692533493042,0.7330396771430969,-0.3790607750415802,0.5647705793380737,0.3684777021408081,0.9192309975624085,0.138703390955925,-0.571731686592102,0.10643031448125839,0.8135082125663757],"EasingStyle":"Linear","EasingDirection":"In"},"Right Arm":{"Weight":1,"CFrame":[0.2782852053642273,-0.29451030492782595,-0.022259056568145753,0.6218236088752747,-0.6861656308174133,0.37750765681266787,0.776386022567749,0.6033529043197632,-0.18218185007572175,-0.10276344418525696,0.40637677907943728,0.9079084992408752],"EasingStyle":"Linear","EasingDirection":"In"},"Head":{"Weight":1,"CFrame":[7.82310962677002e-8,1.19674950838089e-7,-2.980232238769531e-7,0.9993412494659424,-0.033690325915813449,0.013494845479726792,0.03348150849342346,0.9993205666542053,0.015412427484989167,-0.014004925265908242,-0.014950425364077092,0.9997901320457459],"EasingStyle":"Linear","EasingDirection":"In"},"Right Leg":{"Weight":1,"CFrame":[0.5751082301139832,0.272660493850708,-0.17043054103851319,0.9742759466171265,0.20666341483592988,-0.08987046778202057,-0.18893557786941529,0.966426432132721,0.17413583397865296,0.12284077703952789,-0.15267667174339295,0.9806120991706848],"EasingStyle":"Linear","EasingDirection":"In"},"Torso":{"Weight":1,"CFrame":[-0.06507653743028641,-0.21283242106437684,-0.25296568870544436,0.9584119319915772,0.2851332724094391,-0.012067820876836777,-0.2851370871067047,0.9549362659454346,-0.0824231430888176,-0.011977581307291985,0.08243629336357117,0.9965243339538574],"EasingStyle":"Linear","EasingDirection":"In"},"HumanoidRootPart":{"Weight":1,"CFrame":[0,0,0,1,0,0,0,1,0,0,0,1],"EasingStyle":"Linear","EasingDirection":"In"},"Left Arm":{"Weight":1,"CFrame":[-0.3303413689136505,-0.48701468110084536,0.5379817485809326,0.862799882888794,0.37633711099624636,0.33755984902381899,-0.3794911205768585,0.040980804711580279,0.9242873787879944,0.33401021361351015,-0.9255760908126831,0.17817503213882447],"EasingStyle":"Linear","EasingDirection":"In"}}},{"Time":0.4000000059604645,"poses":{"Left Leg":{"Weight":1,"CFrame":[-0.29023000597953799,0.1373477578163147,0.13634955883026124,0.69989413022995,-0.3904920518398285,0.5980503559112549,0.37027281522750857,0.9143831729888916,0.16371136903762818,-0.6107752919197083,0.10686115175485611,0.7845600247383118],"EasingStyle":"Linear","EasingDirection":"In"},"Right Arm":{"Weight":1,"CFrame":[0.19598624110221864,-0.2569599747657776,0.01166379451751709,0.806086003780365,-0.5628618001937866,0.18279018998146058,0.5905057787895203,0.7854014039039612,-0.18560069799423219,-0.03909614309668541,0.25754863023757937,0.965474009513855],"EasingStyle":"Linear","EasingDirection":"In"},"Head":{"Weight":1,"CFrame":[1.0058283805847168e-7,-2.60770320892334e-8,1.1920928955078126e-7,0.9980795979499817,-0.05463017523288727,0.029201030731201173,0.05348510295152664,0.9978203177452087,0.038651254028081897,-0.03124890848994255,-0.03701520711183548,0.9988260269165039],"EasingStyle":"Linear","EasingDirection":"In"},"Right Leg":{"Weight":1,"CFrame":[0.5680937767028809,0.25088512897491457,-0.17393994331359864,0.9727811813354492,0.21496625244617463,-0.0865236297249794,-0.20053157210350038,0.9680521488189697,0.15053975582122804,0.11612040549516678,-0.1290915161371231,0.984810471534729],"EasingStyle":"Linear","EasingDirection":"In"},"Torso":{"Weight":1,"CFrame":[-0.11970695108175278,-0.19619120657444,-0.23990488052368165,0.9488582015037537,0.3155174255371094,-0.010812128894031048,-0.3155287802219391,0.9466429352760315,-0.06564108282327652,-0.010475680232048035,0.0656956136226654,0.9977847337722778],"EasingStyle":"Linear","EasingDirection":"In"},"HumanoidRootPart":{"Weight":1,"CFrame":[0,0,0,1,0,0,0,1,0,0,0,1],"EasingStyle":"Linear","EasingDirection":"In"},"Left Arm":{"Weight":1,"CFrame":[-0.3970370292663574,-0.47996479272842409,0.5271141529083252,0.776755154132843,0.5511069893836975,0.30484864115715029,-0.3714945316314697,0.010060803033411503,0.9283806681632996,0.5085700154304504,-0.8343740105628967,0.2125481218099594],"EasingStyle":"Linear","EasingDirection":"In"}}},{"Time":0.4333333373069763,"poses":{"Left Leg":{"Weight":1,"CFrame":[-0.24030646681785584,0.12038195133209229,0.136885404586792,0.6769495010375977,-0.40122514963150027,0.6170557737350464,0.37476450204849245,0.909439206123352,0.18019969761371613,-0.6334752440452576,0.10926444083452225,0.7660093307495117],"EasingStyle":"Linear","EasingDirection":"In"},"Right Arm":{"Weight":1,"CFrame":[0.11692691594362259,-0.22687852382659913,0.03917968273162842,0.9145935773849487,-0.40423473715782168,0.010629735887050629,0.4013364017009735,0.9041922092437744,-0.14616994559764863,0.04947565868496895,0.13795197010040284,0.9892024397850037],"EasingStyle":"Linear","EasingDirection":"In"},"Head":{"Weight":1,"CFrame":[9.313225746154785e-8,3.725290298461914e-8,-5.960464477539063e-8,0.9967275857925415,-0.06626809388399124,0.046290431171655658,0.06307367980480194,0.9957332611083984,0.0673588365316391,-0.050556670874357226,-0.06421871483325958,0.9966543912887573],"EasingStyle":"Linear","EasingDirection":"In"},"Right Leg":{"Weight":1,"CFrame":[0.5542176961898804,0.22026067972183228,-0.1728755235671997,0.9699045419692993,0.22885867953300477,-0.08312024921178818,-0.21704775094985963,0.967357337474823,0.1308055967092514,0.1103430911898613,-0.10882788151502609,0.9879175424575806],"EasingStyle":"Linear","EasingDirection":"In"},"Torso":{"Weight":1,"CFrame":[-0.1647382229566574,-0.17166730761528016,-0.2206575870513916,0.9406797885894775,0.33921128511428835,-0.007570099551230669,-0.33922627568244936,0.9398015141487122,-0.04121514782309532,-0.006866253446787596,0.0413382351398468,0.9991216063499451],"EasingStyle":"Linear","EasingDirection":"In"},"HumanoidRootPart":{"Weight":1,"CFrame":[0,0,0,1,0,0,0,1,0,0,0,1],"EasingStyle":"Linear","EasingDirection":"In"},"Left Arm":{"Weight":1,"CFrame":[-0.46618416905403139,-0.4696486294269562,0.5118343830108643,0.6428461670875549,0.7248249053955078,0.2477455735206604,-0.3561939597129822,-0.0034726678859442474,0.9344056248664856,0.6781406402587891,-0.6889243721961975,0.25594592094421389],"EasingStyle":"Linear","EasingDirection":"In"}}},{"Time":0.46666666865348818,"poses":{"Left Leg":{"Weight":1,"CFrame":[-0.18905562162399293,0.0991407036781311,0.12959814071655274,0.6634106636047363,-0.41002458333969118,0.6259123086929321,0.3805803954601288,0.9051142334938049,0.18954400718212129,-0.6442397236824036,0.11246441304683685,0.7565097212791443],"EasingStyle":"Linear","EasingDirection":"In"},"Right Arm":{"Weight":1,"CFrame":[0.04535529389977455,-0.20650315284729005,0.05724024772644043,0.9613792300224304,-0.24451109766960145,-0.12634959816932679,0.2349414825439453,0.9681969285011292,-0.08600779622793198,0.1433611512184143,0.05300136283040047,0.9882502555847168],"EasingStyle":"Linear","EasingDirection":"In"},"Head":{"Weight":1,"CFrame":[8.335337042808533e-8,3.725290298461914e-8,-1.1920928955078126e-7,0.9953526258468628,-0.07195708155632019,0.06399581581354141,0.0654032900929451,0.992916464805603,0.09919412434101105,-0.07068020105361939,-0.0945475772023201,0.9930081367492676],"EasingStyle":"Linear","EasingDirection":"In"},"Right Leg":{"Weight":1,"CFrame":[0.5333195924758911,0.18456143140792848,-0.1682673692703247,0.9661009311676025,0.24553434550762177,-0.07976137101650238,-0.23580262064933778,0.9650248289108276,0.11456162482500076,0.1051005870103836,-0.09187019616365433,0.9902090430259705],"EasingStyle":"Linear","EasingDirection":"In"},"Torso":{"Weight":1,"CFrame":[-0.20101730525493623,-0.14188829064369203,-0.19728565216064454,0.9340696930885315,0.357080340385437,-0.0027589215897023679,-0.3570874333381653,0.9339976906776428,-0.011698934249579907,-0.0016006334917619825,0.011912794783711434,0.9999277591705322],"EasingStyle":"Linear","EasingDirection":"In"},"HumanoidRootPart":{"Weight":1,"CFrame":[0,0,0,1,0,0,0,1,0,0,0,1],"EasingStyle":"Linear","EasingDirection":"In"},"Left Arm":{"Weight":1,"CFrame":[-0.5353513360023499,-0.45723745226860049,0.49446070194244387,0.484936386346817,0.8567438721656799,0.1755753755569458,-0.337767094373703,-0.0017052341718226672,0.9412282705307007,0.8066908717155457,-0.5157393217086792,0.2885529696941376],"EasingStyle":"Linear","EasingDirection":"In"}}},{"Time":0.5,"poses":{"Left Leg":{"Weight":1,"CFrame":[-0.13520823419094087,0.0773436427116394,0.11549901962280274,0.657929003238678,-0.41558587551116946,0.6280269622802734,0.3858054578304291,0.9022009968757629,0.19284102320671082,-0.6467486023902893,0.11542060226202011,0.7539195418357849],"EasingStyle":"Linear","EasingDirection":"In"},"Right Arm":{"Weight":1,"CFrame":[-0.01448136568069458,-0.19807308912277223,0.06279683113098145,0.9677208662033081,-0.10332462936639786,-0.2298705279827118,0.1008497029542923,0.9946467876434326,-0.022522594779729844,0.23096713423728944,-0.001386785414069891,0.9729605913162231],"EasingStyle":"Linear","EasingDirection":"In"},"Head":{"Weight":1,"CFrame":[9.12696123123169e-8,1.4156103134155274e-7,0,0.9938571453094482,-0.07491904497146607,0.08145738393068314,0.06375814229249954,0.9892105460166931,0.13189923763275147,-0.09046029299497605,-0.1258954405784607,0.9879106283187866],"EasingStyle":"Linear","EasingDirection":"In"},"Right Leg":{"Weight":1,"CFrame":[0.505376398563385,0.14748996496200562,-0.16084295511245728,0.9619223475456238,0.2623722553253174,-0.07659082859754563,-0.2542787790298462,0.9618136882781982,0.10127586126327515,0.10023816674947739,-0.07794403284788132,0.9919058084487915],"EasingStyle":"Linear","EasingDirection":"In"},"Torso":{"Weight":1,"CFrame":[-0.22939124703407288,-0.10948169231414795,-0.17185163497924806,0.9290563464164734,0.36992567777633669,0.003040771931409836,-0.3699082136154175,0.928845226764679,0.020358022302389146,0.004706548992544413,-0.020038556307554246,0.9997881650924683],"EasingStyle":"Linear","EasingDirection":"In"},"HumanoidRootPart":{"Weight":1,"CFrame":[0,0,0,1,0,0,0,1,0,0,0,1],"EasingStyle":"Linear","EasingDirection":"In"},"Left Arm":{"Weight":1,"CFrame":[-0.6021077036857605,-0.44390496611595156,0.47731053829193118,0.3442990183830261,0.9329293966293335,0.10536105930805206,-0.31875568628311159,0.01059921458363533,0.9477776885032654,0.883092999458313,-0.3599033057689667,0.30102574825286868],"EasingStyle":"Linear","EasingDirection":"In"}}},{"Time":0.5333333611488342,"poses":{"Left Leg":{"Weight":1,"CFrame":[-0.07815034687519074,0.058314502239227298,0.09572696685791016,0.6589896082878113,-0.416775107383728,0.6261241436004639,0.38845816254615786,0.9014171361923218,0.1911734938621521,-0.6440752744674683,0.11724169552326203,0.7559242248535156],"EasingStyle":"Linear","EasingDirection":"In"},"Right Arm":{"Weight":1,"CFrame":[-0.059565469622612,-0.19613566994667054,0.060762643814086917,0.9524222016334534,0.013190172612667084,-0.3044965863227844,-0.0028175627812743189,0.9994014501571655,0.034478817135095599,0.30476903915405276,-0.031980425119400027,0.9518892765045166],"EasingStyle":"Linear","EasingDirection":"In"},"Head":{"Weight":1,"CFrame":[6.891787052154541e-8,8.754432201385498e-8,-3.5762786865234377e-7,0.99214106798172,-0.07823280990123749,0.09765100479125977,0.06156341731548309,0.9846445322036743,0.16335615515708924,-0.10893134772777558,-0.156060591340065,0.9817224740982056],"EasingStyle":"Linear","EasingDirection":"In"},"Right Leg":{"Weight":1,"CFrame":[0.4713186025619507,0.11251753568649292,-0.1513131856918335,0.957984447479248,0.27717018127441409,-0.0737745463848114,-0.27035748958587649,0.9585046768188477,0.09041958302259445,0.09577487409114838,-0.06667507439851761,0.993167519569397],"EasingStyle":"Linear","EasingDirection":"In"},"Torso":{"Weight":1,"CFrame":[-0.2507070004940033,-0.07707511633634567,-0.14641761779785157,0.9255406856536865,0.3785373568534851,0.009166697971522808,-0.37847790122032168,0.9241268038749695,0.05238562449812889,0.011358723975718022,-0.051954422146081927,0.9985848665237427],"EasingStyle":"Linear","EasingDirection":"In"},"HumanoidRootPart":{"Weight":1,"CFrame":[0,0,0,1,0,0,0,1,0,0,0,1],"EasingStyle":"Linear","EasingDirection":"In"},"Left Arm":{"Weight":1,"CFrame":[-0.6642043590545654,-0.43162351846694949,0.4615292549133301,0.2507806420326233,0.9667243957519531,0.05052918940782547,-0.2986963391304016,0.02762417122721672,0.9539483189582825,0.9208092093467712,-0.2543245851993561,0.2956846058368683],"EasingStyle":"Linear","EasingDirection":"In"}}},{"Time":0.5666666626930237,"poses":{"Left Leg":{"Weight":1,"CFrame":[-0.01881246268749237,0.04461914300918579,0.07199728488922119,0.6649382710456848,-0.41296255588531496,0.6223495006561279,0.3870055079460144,0.9031623601913452,0.18580786883831025,-0.6388145089149475,0.11730191856622696,0.7603660225868225],"EasingStyle":"Linear","EasingDirection":"In"},"Right Arm":{"Weight":1,"CFrame":[-0.09180101752281189,-0.194215327501297,0.058164119720458987,0.9286001920700073,0.10517963767051697,-0.3558637201786041,-0.08150044083595276,0.9933816194534302,0.08093570172786713,0.36202138662338259,-0.04615394026041031,0.9310265779495239],"EasingStyle":"Linear","EasingDirection":"In"},"Head":{"Weight":1,"CFrame":[9.12696123123169e-8,8.568167686462403e-8,-2.980232238769531e-7,0.9901494979858398,-0.08483534306287766,0.11138679832220078,0.062366120517253879,0.9794868230819702,0.19161471724510194,-0.12535756826400758,-0.18278050422668458,0.9751291275024414],"EasingStyle":"Linear","EasingDirection":"In"},"Right Leg":{"Weight":1,"CFrame":[0.43370380997657778,0.08261793851852417,-0.14064115285873414,0.9548436403274536,0.2883882522583008,-0.07145558297634125,-0.2825596332550049,0.9557704329490662,0.08162777125835419,0.09183584153652191,-0.05775132775306702,0.9940981268882752],"EasingStyle":"Linear","EasingDirection":"In"},"Torso":{"Weight":1,"CFrame":[-0.2658115029335022,-0.04729607701301575,-0.12304568290710449,0.9233247637748718,0.3837294578552246,0.014941064640879631,-0.38361474871635439,0.9198637008666992,0.08179616183042526,0.017643852159380914,-0.08125601708889008,0.9965370893478394],"EasingStyle":"Linear","EasingDirection":"In"},"HumanoidRootPart":{"Weight":1,"CFrame":[0,0,0,1,0,0,0,1,0,0,0,1],"EasingStyle":"Linear","EasingDirection":"In"},"Left Arm":{"Weight":1,"CFrame":[-0.7201220393180847,-0.4255661368370056,0.44357264041900637,0.1973579376935959,0.9802647829055786,0.011436867527663708,-0.2775762975215912,0.04468819126486778,0.9596636891365051,0.9402134418487549,-0.19257180392742158,0.2809178829193115],"EasingStyle":"Linear","EasingDirection":"In"}}},{"Time":0.6000000238418579,"poses":{"Left Leg":{"Weight":1,"CFrame":[0.038988396525382999,0.03746229410171509,0.04713320732116699,0.6737140417098999,-0.40465882420539858,0.6183530688285828,0.38111093640327456,0.9071499109268189,0.17841964960098267,-0.6331382393836975,0.11545728147029877,0.7653795480728149],"EasingStyle":"Linear","EasingDirection":"In"},"Right Arm":{"Weight":1,"CFrame":[-0.11432188749313355,-0.19301286339759828,0.05512118339538574,0.9033412933349609,0.17446018755435944,-0.39183926582336428,-0.13968950510025025,0.983400285243988,0.11580464988946915,0.4055383503437042,-0.04987524449825287,0.9127164483070374],"EasingStyle":"Linear","EasingDirection":"In"},"Head":{"Weight":1,"CFrame":[6.705522537231445e-8,3.725290298461914e-8,2.384185791015625e-7,0.9878033995628357,-0.09754766523838043,0.12136339396238327,0.06979996711015701,0.974145770072937,0.2148677408695221,-0.13918547332286836,-0.20377595722675324,0.9690731763839722],"EasingStyle":"Linear","EasingDirection":"In"},"Right Leg":{"Weight":1,"CFrame":[0.39728808403015139,0.05998075008392334,-0.1302815079689026,0.952820360660553,0.2954190969467163,-0.06972187012434006,-0.2903093099594116,0.9540020823478699,0.07483773678541184,0.08862344920635224,-0.05106598138809204,0.9947554469108582],"EasingStyle":"Linear","EasingDirection":"In"},"Torso":{"Weight":1,"CFrame":[-0.27555179595947268,-0.022772166877985,-0.10379838943481446,0.9221397638320923,0.38635411858558657,0.019720183685421945,-0.38617971539497378,0.9163128137588501,0.10600090026855469,0.022884029895067216,-0.10536316782236099,0.9941704869270325],"EasingStyle":"Linear","EasingDirection":"In"},"HumanoidRootPart":{"Weight":1,"CFrame":[0,0,0,1,0,0,0,1,0,0,0,1],"EasingStyle":"Linear","EasingDirection":"In"},"Left Arm":{"Weight":1,"CFrame":[-0.7685232758522034,-0.43170592188835146,0.418723464012146,0.1688448190689087,0.9855391383171082,-0.014289338141679764,-0.2561035752296448,0.05786643922328949,0.9649157524108887,0.9517890810966492,-0.15926143527030946,0.26217058300971987],"EasingStyle":"Linear","EasingDirection":"In"}}},{"Time":0.6333333253860474,"poses":{"Left Leg":{"Weight":1,"CFrame":[0.08585608005523682,0.03580743074417114,0.02617061138153076,0.6822524666786194,-0.39487943053245547,0.6153062582015991,0.3731034994125366,0.9118078947067261,0.1714644581079483,-0.6287489533424377,0.11259090900421143,0.7694141864776611],"EasingStyle":"Linear","EasingDirection":"In"},"Right Arm":{"Weight":1,"CFrame":[-0.13026174902915955,-0.19323128461837769,0.05175375938415527,0.8801320791244507,0.22397123277187348,-0.4185744524002075,-0.18120703101158143,0.9734501838684082,0.139852374792099,0.4387844204902649,-0.047239966690540317,0.8973498940467835],"EasingStyle":"Linear","EasingDirection":"In"},"Head":{"Weight":1,"CFrame":[7.450580596923828e-8,2.2351741790771486e-8,1.1920928955078126e-7,0.9848173260688782,-0.1191