{"Sequence":[{"Time":0,"poses":{"Left Leg":{"Weight":1,"CFrame":[0.00801380630582571,-0.00033283233642578125,-0.0040953755378723148,0.9998590350151062,0.01678844913840294,-1.8761869569061674e-7,-0.016788475215435029,0.999859094619751,3.033148132658425e-8,1.4933436887076824e-7,-5.999312602256168e-9,1],"EasingStyle":"Linear","EasingDirection":"In"},"Right Leg":{"Weight":1,"CFrame":[-0.008005463518202305,-0.0003317594528198242,-0.004095256328582764,0.9998592734336853,-0.01677151583135128,7.655042963961023e-7,0.016771458089351655,0.9998594522476196,1.4557386407432205e-7,-7.062941449476057e-7,-1.7281891473430734e-7,1],"EasingStyle":"Linear","EasingDirection":"In"},"Right Arm":{"Weight":1,"CFrame":[2.480917373759439e-7,0.002789318561553955,-0.00016105175018310547,1,5.031846050940203e-9,2.73625545332834e-7,-5.031886463058299e-9,1,1.006837209160949e-7,-2.7362557375454346e-7,-1.6028839411319496e-7,1],"EasingStyle":"Linear","EasingDirection":"In"},"Left Arm":{"Weight":1,"CFrame":[2.2866865379000957e-7,0.0027891993522644045,-0.0001609325408935547,1,3.790201485998068e-9,1.9267488937657618e-7,5.7622262517043057e-8,1,-1.1722509896117117e-7,-2.1066220767806954e-7,5.7620454185780548e-8,1],"EasingStyle":"Linear","EasingDirection":"In"},"Handle":{"Weight":1,"CFrame":[0.7994289398193359,-3.46964168548584,0.582476019859314,0.029759051278233529,0.4939742684364319,0.8689671158790588,0.4806400239467621,0.7551774382591248,-0.4457494020462036,-0.8764129281044006,0.43092530965805056,-0.21495035290718079],"EasingStyle":"Linear","EasingDirection":"In"},"Torso":{"Weight":1,"CFrame":[0,0,0,1,2.384185791015625e-7,-8.742277657347586e-8,-2.384185791015625e-7,1,2.084321417176148e-14,8.742277657347586e-8,0,1],"EasingStyle":"Linear","EasingDirection":"In"},"HumanoidRootPart":{"Weight":0,"CFrame":[0,0,0,1,0,0,0,1,0,0,0,1],"EasingStyle":"Linear","EasingDirection":"In"},"Head":{"Weight":1,"CFrame":[8.887943181434821e-8,0,0.016662120819091798,0.9999547004699707,-0.009493880905210972,-0.0007596269133500755,0.009496975690126419,0.9999462962150574,0.0041713714599609379,0.0007199739338830113,-0.004178404342383146,0.9999910593032837],"EasingStyle":"Linear","EasingDirection":"In"}}},{"Time":0.017083333805203439,"poses":{"Left Leg":{"Weight":1,"CFrame":[-0.15428844094276429,0.01018822193145752,-0.0076485276222229,0.9980073571205139,-0.06195420026779175,0.01196068525314331,0.06197240948677063,0.9980771541595459,-0.0011586945038288832,-0.011865939944982529,0.0018976633436977864,0.999927818775177],"EasingStyle":"Linear","EasingDirection":"In"},"Right Leg":{"Weight":1,"CFrame":[0.13348406553268434,0.009037137031555176,-0.0023250579833984377,0.9987432360649109,0.048624251037836078,-0.012149889022111893,-0.04861025512218475,0.9988168478012085,0.001449021976441145,0.012206037528812886,-0.0008565870230086148,0.9999251365661621],"EasingStyle":"Linear","EasingDirection":"In"},"Right Arm":{"Weight":1,"CFrame":[0.002582018729299307,0.0017538666725158692,-0.0012091398239135743,0.9993555545806885,-0.03417479246854782,-0.010985776782035828,0.03417349234223366,0.9994158744812012,-0.0003063257609028369,0.01098982710391283,-0.00006939873128430918,0.9999396204948425],"EasingStyle":"Linear","EasingDirection":"In"},"Left Arm":{"Weight":1,"CFrame":[-0.0061197117902338509,0.008481085300445557,0.000928044319152832,0.9994912147521973,0.024909093976020814,-0.019924715161323549,-0.024871300905942918,0.999688446521759,0.00213897367939353,0.019971774891018869,-0.0016424435889348388,0.9997991919517517],"EasingStyle":"Linear","EasingDirection":"In"},"Handle":{"Weight":1,"CFrame":[0.7994290590286255,-3.389896869659424,0.5824759602546692,0.01592399924993515,0.4935457408428192,0.8695741295814514,0.4594660699367523,0.7688112258911133,-0.4447697103023529,-0.8880525231361389,0.4066224694252014,-0.21452485024929048],"EasingStyle":"Linear","EasingDirection":"In"},"Torso":{"Weight":1,"CFrame":[-0.00070443085860461,-0.00974344089627266,0.008152008056640625,0.9999822974205017,0.0058852629736065868,-0.0008565385942347348,-0.0058935522101819519,0.9999325275421143,-0.010020914487540722,0.0007975049084052444,0.01002578530460596,0.9999495148658752],"EasingStyle":"Linear","EasingDirection":"In"},"HumanoidRootPart":{"Weight":0,"CFrame":[0,0,0,1,0,0,0,1,0,0,0,1],"EasingStyle":"Linear","EasingDirection":"In"},"Head":{"Weight":1,"CFrame":[8.86793714016676e-8,2.063643478322774e-9,0.016662001609802247,0.9999671578407288,-0.008105317130684853,0.00007503377855755389,0.008105297572910786,0.9999668002128601,0.0009291134774684906,-0.00008256838918896392,-0.0009284598054364324,0.9999995827674866],"EasingStyle":"Linear","EasingDirection":"In"}}},{"Time":0.03375000134110451,"poses":{"Left Leg":{"Weight":1,"CFrame":[-0.3159029185771942,0.03978884220123291,-0.00952845811843872,0.9904751181602478,-0.13029934465885163,0.044509511440992358,0.1306505799293518,0.9914155602455139,-0.005063473246991634,-0.0434676930308342,0.010830428451299668,0.9989961981773377],"EasingStyle":"Linear","EasingDirection":"In"},"Right Leg":{"Weight":1,"CFrame":[0.2738827168941498,0.035981059074401858,0.008756160736083985,0.9941115975379944,0.09882859140634537,-0.04443981871008873,-0.09875919669866562,0.9951043128967285,0.0037607825361192228,0.044593993574380878,0.0006502038449980319,0.9990050196647644],"EasingStyle":"Linear","EasingDirection":"In"},"Right Arm":{"Weight":1,"CFrame":[0.00947994738817215,-0.001201540231704712,-0.004060328006744385,0.9911463856697083,-0.12642702460289002,-0.04056083410978317,0.12638817727565766,0.9919745922088623,-0.003531085094437003,0.04068172350525856,-0.0016266889870166779,0.9991708397865295],"EasingStyle":"Linear","EasingDirection":"In"},"Left Arm":{"Weight":1,"CFrame":[-0.022435232996940614,0.02425771951675415,0.004114985466003418,0.9928336143493652,0.09423059970140457,-0.07349928468465805,-0.09366711974143982,0.9955419301986694,0.011082679033279419,0.07421591877937317,-0.004118823911994696,0.9972336888313294],"EasingStyle":"Linear","EasingDirection":"In"},"Handle":{"Weight":1,"CFrame":[0.7994290590286255,-3.171510696411133,0.5824759602546692,-0.022038569673895837,0.490910142660141,0.8709314465522766,0.40134164690971377,0.8022116422653198,-0.44201982021331789,-0.9156633615493774,0.3397994637489319,-0.21470218896865846],"EasingStyle":"Linear","EasingDirection":"In"},"Torso":{"Weight":1,"CFrame":[-0.0028444728814065458,-0.03604535758495331,0.031269073486328128,0.9997478127479553,0.022190159186720849,-0.003458396065980196,-0.022302769124507905,0.9990699887275696,-0.0369022972881794,0.0026363118086010219,0.036970123648643497,0.9993128776550293],"EasingStyle":"Linear","EasingDirection":"In"},"HumanoidRootPart":{"Weight":0,"CFrame":[0,0,0,1,0,0,0,1,0,0,0,1],"EasingStyle":"Linear","EasingDirection":"In"},"Head":{"Weight":1,"CFrame":[8.835922926664353e-8,5.413312464952469e-9,0.016661882400512697,0.9999855756759644,-0.0048414734192192558,0.0023402199149131777,0.004859540611505508,0.9999580383300781,-0.0077731977216899399,-0.0023025074042379858,0.007784408517181873,0.9999670386314392],"EasingStyle":"Linear","EasingDirection":"In"}}},{"Time":0.050833333283662799,"poses":{"Left Leg":{"Weight":1,"CFrame":[-0.4511203467845917,0.09015262126922608,-0.0009195804595947266,0.9794331192970276,-0.1793215274810791,0.0924910381436348,0.18124738335609437,0.983354389667511,-0.012791330926120282,-0.08865774422883988,0.029291952028870584,0.9956313967704773],"EasingStyle":"Linear","EasingDirection":"In"},"Right Leg":{"Weight":1,"CFrame":[0.3885565400123596,0.08160281181335449,0.033199429512023929,0.9879200458526611,0.1257808953523636,-0.09051556885242462,-0.12603802978992463,0.9920212626457214,0.0028929782565683128,0.09015729278326035,0.008550349622964859,0.9958908557891846],"EasingStyle":"Linear","EasingDirection":"In"},"Right Arm":{"Weight":1,"CFrame":[0.019473783671855928,-0.005960285663604736,-0.008308827877044678,0.9621248841285706,-0.259689599275589,-0.08292831480503082,0.2594168484210968,0.965660572052002,-0.014236361719667912,0.08377760648727417,-0.007815878838300705,0.9964538812637329],"EasingStyle":"Linear","EasingDirection":"In"},"Left Arm":{"Weight":1,"CFrame":[-0.04590633139014244,0.048062026500701907,0.009350180625915528,0.9683405160903931,0.19923534989356996,-0.15040633082389832,-0.1965874880552292,0.9799500107765198,0.03242521360516548,0.15385088324546815,-0.0018308304715901614,0.9880923628807068],"EasingStyle":"Linear","EasingDirection":"In"},"Handle":{"Weight":1,"CFrame":[0.7994289994239807,-2.845752716064453,0.5824759602546692,-0.07845988124608994,0.4828300476074219,0.8721922039985657,0.3140662908554077,0.8423106670379639,-0.4380357265472412,-0.9461535215377808,0.23955786228179933,-0.2177281230688095],"EasingStyle":"Linear","EasingDirection":"In"},"Torso":{"Weight":1,"CFrame":[-0.00662890262901783,-0.07446876168251038,0.06711769104003906,0.9988695383071899,0.046848367899656299,-0.00805944949388504,-0.04732543230056763,0.995997965335846,-0.07581815868616104,0.004475237336009741,0.07611386477947235,0.9970890879631043],"EasingStyle":"Linear","EasingDirection":"In"},"HumanoidRootPart":{"Weight":0,"CFrame":[0,0,0,1,0,0,0,1,0,0,0,1],"EasingStyle":"Linear","EasingDirection":"In"},"Head":{"Weight":1,"CFrame":[8.754432201385498e-8,-3.3760443329811098e-9,0.01666247844696045,0.9999829530715942,-0.0010230174520984293,0.005751912482082844,0.0011400808580219746,0.9997919797897339,-0.020367464050650598,-0.00572991045191884,0.020373649895191194,0.9997760653495789],"EasingStyle":"Linear","EasingDirection":"In"}}},{"Time":0.06791666895151138,"poses":{"Left Leg":{"Weight":1,"CFrame":[-0.5560670495033264,0.15929561853408814,0.02162766456604004,0.9657047390937805,-0.2115783542394638,0.15049563348293305,0.21768473088741303,0.9756954312324524,-0.025138190016150476,-0.141519233584404,0.05703667923808098,0.9882910251617432],"EasingStyle":"Linear","EasingDirection":"In"},"Right Leg":{"Weight":1,"CFrame":[0.4748823046684265,0.14259958267211915,0.06996691226959229,0.9807059168815613,0.13283950090408326,-0.14342136681079865,-0.13491225242614747,0.9908460974693298,-0.004780834540724754,0.1414734423160553,0.024037813767790796,0.9896502494812012],"EasingStyle":"Linear","EasingDirection":"In"},"Right Arm":{"Weight":1,"CFrame":[0.03147532790899277,-0.012337356805801392,-0.013530433177947998,0.9014958143234253,-0.4126107394695282,-0.1306055784225464,0.4115667939186096,0.9106618762016296,-0.0361628495156765,0.13385865092277528,-0.021152425557374955,0.9907747507095337],"EasingStyle":"Linear","EasingDirection":"In"},"Left Arm":{"Weight":1,"CFrame":[-0.0736079066991806,0.07781767845153809,0.016585588455200197,0.9142263531684876,0.32818084955215456,-0.23767121136188508,-0.3205235004425049,0.9445512294769287,0.07132761925458908,0.24790097773075105,0.01096948329359293,0.9687232375144959],"EasingStyle":"Linear","EasingDirection":"In"},"Handle":{"Weight":1,"CFrame":[0.7994289994239807,-2.443894386291504,0.5824759602546692,-0.1469985395669937,0.4664590060710907,0.8722428679466248,0.2074887901544571,0.8767443299293518,-0.43389835953712466,-0.967129647731781,0.11719836294651032,-0.2256651371717453],"EasingStyle":"Linear","EasingDirection":"In"},"Torso":{"Weight":1,"CFrame":[-0.012248709797859192,-0.12045148015022278,0.1136014461517334,0.9968645572662354,0.07771342992782593,-0.014891859143972397,-0.07895173877477646,0.9894108176231384,-0.12179038673639298,0.005269416142255068,0.12258423864841461,0.9924442172050476],"EasingStyle":"Linear","EasingDirection":"In"},"HumanoidRootPart":{"Weight":0,"CFrame":[0,0,0,1,0,0,0,1,0,0,0,1],"EasingStyle":"Linear","EasingDirection":"In"},"Head":{"Weight":1,"CFrame":[9.12696123123169e-8,-6.984919309616089e-8,0.016661882400512697,0.9999465346336365,0.0019813019316643478,0.010151071473956108,-0.0016228114254772664,0.9993789792060852,-0.03520066663622856,-0.010214492678642273,0.03518230468034744,0.9993286728858948],"EasingStyle":"Linear","EasingDirection":"In"}}},{"Time":0.0845833346247673,"poses":{"Left Leg":{"Weight":1,"CFrame":[-0.6279842853546143,0.24173253774642945,0.056946635246276858,0.9496875405311585,-0.2296030968427658,0.2130161076784134,0.24364523589611054,0.9689619541168213,-0.041828881949186328,-0.19680048525333405,0.09162472933530808,0.9761529564857483],"EasingStyle":"Linear","EasingDirection":"In"},"Right Leg":{"Weight":1,"CFrame":[0.5331809520721436,0.21221238374710084,0.1144399642944336,0.9727783203125,0.12422236055135727,-0.19563022255897523,-0.13074032962322236,0.99120032787323,-0.020712943747639657,0.1913357675075531,0.04572582617402077,0.9804590344429016],"EasingStyle":"Linear","EasingDirection":"In"},"Right Arm":{"Weight":1,"CFrame":[0.0444672629237175,-0.01985841989517212,-0.019213616847991945,0.8087087273597717,-0.5615290403366089,-0.1751442849636078,0.5587020516395569,0.8264222145080566,-0.0698445588350296,0.18396273255348206,-0.04136963561177254,0.9820623397827148],"EasingStyle":"Linear","EasingDirection":"In"},"Left Arm":{"Weight":1,"CFrame":[-0.10274455696344376,0.11157345771789551,0.02566063404083252,0.8249717950820923,0.46578270196914675,-0.3201068937778473,-0.44904398918151858,0.884118914604187,0.1292022317647934,0.34319260716438296,0.037153515964746478,0.9385299682617188],"EasingStyle":"Linear","EasingDirection":"In"},"Handle":{"Weight":1,"CFrame":[0.7994290590286255,-1.9972058534622193,0.5824759602546692,-0.22116594016551972,0.441190242767334,0.8697337508201599,0.09436109662055969,0.897315263748169,-0.4311862587928772,-0.9706604480743408,-0.01329465489834547,-0.24008657038211823],"EasingStyle":"Linear","EasingDirection":"In"},"Torso":{"Weight":1,"CFrame":[-0.019638843834400178,-0.16933178901672364,0.16916656494140626,0.9933550357818604,0.11258657276630402,-0.023876527324318887,-0.11501158773899079,0.9787582159042358,-0.16971972584724427,0.004261182155460119,0.1713380217552185,0.9852030873298645],"EasingStyle":"Linear","EasingDirection":"In"},"HumanoidRootPart":{"Weight":0,"CFrame":[0,0,0,1,0,0,0,1,0,0,0,1],"EasingStyle":"Linear","EasingDirection":"In"},"Head":{"Weight":1,"CFrame":[8.940696716308594e-8,-5.960464477539063e-8,0.016661524772644044,0.9998763203620911,0.0027057433035224678,0.01549843605607748,-0.0019190905150026084,0.9987197518348694,-0.0505482517182827,-0.015615377575159073,0.05051223933696747,0.9986014366149902],"EasingStyle":"Linear","EasingDirection":"In"}}},{"Time":0.10166666656732559,"poses":{"Left Leg":{"Weight":1,"CFrame":[-0.6677672863006592,0.3298705220222473,0.10058784484863281,0.9318804144859314,-0.23676389455795289,0.2748483717441559,0.26267868280410769,0.9629467725753784,-0.06110315024852753,-0.2501973807811737,0.12913763523101808,0.9595440626144409],"EasingStyle":"Linear","EasingDirection":"In"},"Right Leg":{"Weight":1,"CFrame":[0.5677808523178101,0.2819061875343323,0.15977263450622559,0.9651232957839966,0.10526112467050553,-0.23970212042331696,-0.11889692395925522,0.9919701814651489,-0.043112561106681827,0.2332393229007721,0.07010871171951294,0.9698887467384338],"EasingStyle":"Linear","EasingDirection":"In"},"Right Arm":{"Weight":1,"CFrame":[0.057302266359329227,-0.02769482135772705,-0.024737179279327394,0.695874035358429,-0.6869471073150635,-0.20943501591682435,0.6808485388755798,0.723821222782135,-0.11192968487739563,0.22848321497440339,-0.06470462679862976,0.9713953137397766],"EasingStyle":"Linear","EasingDirection":"In"},"Left Arm":{"Weight":1,"CFrame":[-0.1305350810289383,0.14760559797286988,0.0362248420715332,0.7053641676902771,0.5961692929267883,-0.383463054895401,-0.5658791065216065,0.7993869185447693,0.2018946409225464,0.4268985986709595,0.07458432763814926,0.9012184739112854],"EasingStyle":"Linear","EasingDirection":"In"},"Handle":{"Weight":1,"CFrame":[0.7994288802146912,-1.5369576215744019,0.5824759602546692,-0.2955801784992218,0.4093565344810486,0.8631682991981506,-0.011217844672501088,0.9019908308982849,-0.43160954117774966,-0.9552520513534546,-0.1372581422328949,-0.26201847195625307],"EasingStyle":"Linear","EasingDirection":"In"},"Torso":{"Weight":1,"CFrame":[-0.028330430388450624,-0.21649354696273805,0.23300862312316895,0.9881889224052429,0.14931952953338624,-0.03444340080022812,-0.15323595702648164,0.9646148085594177,-0.21456238627433778,0.0011862640967592598,0.21730612218379975,0.976102888584137],"EasingStyle":"Linear","EasingDirection":"In"},"HumanoidRootPart":{"Weight":0,"CFrame":[0,0,0,1,0,0,0,1,0,0,0,1],"EasingStyle":"Linear","EasingDirection":"In"},"Head":{"Weight":1,"CFrame":[8.707866072654724e-8,9.313225746154785e-9,0.016662001609802247,0.9997618794441223,-0.0004086738626938313,0.02181881293654442,0.0018198410980403424,0.9979033470153809,-0.06469646841287613,-0.021746620535850526,0.06472071260213852,0.9976664185523987],"EasingStyle":"Linear","EasingDirection":"In"}}},{"Time":0.11874999850988388,"poses":{"Left Leg":{"Weight":1,"CFrame":[-0.681214451789856,0.41543644666671755,0.14656341075897218,0.9129959344863892,-0.23773322999477387,0.3315436840057373,0.2781897485256195,0.9572136402130127,-0.07970161736011505,-0.2984105050563812,0.16499929130077363,0.9400672316551209],"EasingStyle":"Linear","EasingDirection":"In"},"Right Leg":{"Weight":1,"CFrame":[0.5880748629570007,0.3439983129501343,0.19813275337219239,0.9595375061035156,0.08292365819215775,-0.26909348368644717,-0.10449610650539398,0.9922771453857422,-0.06683426350355149,0.261473149061203,0.09224914759397507,0.9607923030853272],"EasingStyle":"Linear","EasingDirection":"In"},"Right Arm":{"Weight":1,"CFrame":[0.06853124499320984,-0.034784942865371707,-0.02940422296524048,0.5833582878112793,-0.7790618538856506,-0.22968626022338868,0.7678483724594116,0.6211664080619812,-0.15671980381011964,0.2647678256034851,-0.08494047075510025,0.9605640172958374],"EasingStyle":"Linear","EasingDirection":"In"},"Left Arm":{"Weight":1,"CFrame":[-0.15403364598751069,0.184411883354187,0.04774332046508789,0.569513201713562,0.7076338529586792,-0.41822174191474917,-0.6599131226539612,0.6969648599624634,0.28063246607780459,0.4900708496570587,0.11616581678390503,0.8639073371887207],"EasingStyle":"Linear","EasingDirection":"In"},"Handle":{"Weight":1,"CFrame":[0.7994289398193359,-1.0944210290908814,0.5824760794639587,-0.3670886754989624,0.37578481435775759,0.8509006500244141,-0.09610110521316529,0.8945474028587341,-0.4365198612213135,-0.925208330154419,-0.24201394617557527,-0.292264848947525],"EasingStyle":"Linear","EasingDirection":"In"},"Torso":{"Weight":1,"CFrame":[-0.03740342706441879,-0.2575477361679077,0.30506014823913576,0.9815065264701843,0.18594971299171449,-0.045473936945199969,-0.19139482080936433,0.9487308859825134,-0.25155067443847659,-0.0036332530435174705,0.255602091550827,0.9667752385139465],"EasingStyle":"Linear","EasingDirection":"In"},"HumanoidRootPart":{"Weight":0,"CFrame":[0,0,0,1,0,0,0,1,0,0,0,1],"EasingStyle":"Linear","EasingDirection":"In"},"Head":{"Weight":1,"CFrame":[6.699701771140099e-8,8.66129994392395e-8,0.016662001609802247,0.999536395072937,-0.008997415192425251,0.029087381437420846,0.011187782511115075,0.9970420002937317,-0.07604112476110459,-0.028317132964730264,0.0763312503695488,0.9966803193092346],"EasingStyle":"Linear","EasingDirection":"In"}}},{"Time":0.1354166716337204,"poses":{"Left Leg":{"Weight":1,"CFrame":[-0.6792808771133423,0.490298330783844,0.18919587135314942,0.8937954902648926,-0.23877522349357606,0.3796262741088867,0.2937358319759369,0.9513310790061951,-0.09321145713329315,-0.33889374136924746,0.1948218047618866,0.9204323291778565],"EasingStyle":"Linear","EasingDirection":"In"},"Right Leg":{"Weight":1,"CFrame":[0.6069738864898682,0.39298105239868166,0.22127258777618409,0.9582327008247376,0.06522107124328613,-0.2784533202648163,-0.09201609343290329,0.9921864867210388,-0.08425605297088623,0.2707824409008026,0.10635906457901001,0.9567469954490662],"EasingStyle":"Linear","EasingDirection":"In"},"Right Arm":{"Weight":1,"CFrame":[0.07640749216079712,-0.04002845287322998,-0.032488226890563968,0.4928886890411377,-0.8376345038414002,-0.23543432354927064,0.8192747831344605,0.5379075407981873,-0.19860611855983735,0.2930012345314026,-0.09499472379684448,0.9513813257217407],"EasingStyle":"Linear","EasingDirection":"In"},"Left Arm":{"Weight":1,"CFrame":[-0.17002123594284059,0.22059857845306397,0.05957913398742676,0.4355536699295044,0.7956463694572449,-0.4209989905357361,-0.728064239025116,0.5864119529724121,0.3550260365009308,0.52935391664505,0.15188132226467133,0.8346953392028809],"EasingStyle":"Linear","EasingDirection":"In"},"Handle":{"Weight":1,"CFrame":[0.7994286417961121,-0.7008653879165649,0.5824756622314453,-0.43500617146492007,0.3469278812408447,0.8309096097946167,-0.14911308884620667,0.8822973966598511,-0.44644883275032046,-0.8879948854446411,-0.3181075155735016,-0.3320732116699219],"EasingStyle":"Linear","EasingDirection":"In"},"Torso":{"Weight":1,"CFrame":[-0.04553060978651047,-0.2884349822998047,0.38576197624206545,0.9737480878829956,0.220795139670372,-0.055354610085487369,-0.2274373322725296,0.9337669014930725,-0.27631789445877077,-0.009321339428424836,0.2816537320613861,0.959470808506012],"EasingStyle":"Linear","EasingDirection":"In"},"HumanoidRootPart":{"Weight":0,"CFrame":[0,0,0,1,0,0,0,1,0,0,0,1],"EasingStyle":"Linear","EasingDirection":"In"},"Head":{"Weight":1,"CFrame":[8.66129994392395e-8,-7.078051567077637e-8,0.016661882400512697,0.9990057945251465,-0.024786032736301423,0.037054792046546939,0.027798913419246675,0.9961502552032471,-0.08313760906457901,-0.034851476550102237,0.08408503234386444,0.9958489537239075],"EasingStyle":"Linear","EasingDirection":"In"}}},{"Time":0.1525000035762787,"poses":{"Left Leg":{"Weight":1,"CFrame":[-0.6773164868354797,0.5461901426315308,0.22469139099121095,0.8748066425323486,-0.24780075252056123,0.41630300879478457,0.3136007785797119,0.9446165561676025,-0.09671635925769806,-0.3692804276943207,0.2151610553264618,0.9040673971176148],"EasingStyle":"Linear","EasingDirection":"In"},"Right Leg":{"Weight":1,"CFrame":[0.6382688283920288,0.42488014698028567,0.2205791473388672,0.9629366993904114,0.060213860124349597,-0.2629203796386719,-0.08580976724624634,0.9925082325935364,-0.08697151392698288,0.2557137906551361,0.10630914568901062,0.9608896374702454],"EasingStyle":"Linear","EasingDirection":"In"},"Right Arm":{"Weight":1,"CFrame":[0.0790533572435379,-0.04239228367805481,-0.03325086832046509,0.4438253939151764,-0.8666623830795288,-0.2278493046760559,0.8391362428665161,0.49116504192352297,-0.23368196189403535,0.31443506479263308,-0.08748261630535126,0.9452393651008606],"EasingStyle":"Linear","EasingDirection":"In"},"Left Arm":{"Weight":1,"CFrame":[-0.1750393956899643,0.25474679470062258,0.07107710838317871,0.3201111853122711,0.862220287322998,-0.39256221055984499,-0.7744484543800354,0.47682371735572817,0.4157749116420746,0.5456725358963013,0.17092494666576386,0.820381760597229],"EasingStyle":"Linear","EasingDirection":"In"},"Handle":{"Weight":1,"CFrame":[0.7994288206100464,-0.38756251335144045,0.5824756622314453,-0.5002650022506714,0.3305518925189972,0.8002939820289612,-0.1597975790500641,0.8731417059898377,-0.46053048968315127,-0.8509992361068726,-0.3582722246646881,-0.38398081064224245],"EasingStyle":"Linear","EasingDirection":"In"},"Torso":{"Weight":1,"CFrame":[-0.05108290910720825,-0.30535489320755007,0.4756612777709961,0.9656181335449219,0.2524373233318329,-0.06210488826036453,-0.25955498218536379,0.9227748513221741,-0.2848118245601654,-0.014588303864002228,0.29113906621932986,0.9565696120262146],"EasingStyle":"Linear","EasingDirection":"In"},"HumanoidRootPart":{"Weight":0,"CFrame":[0,0,0,1,0,0,0,1,0,0,0,1],"EasingStyle":"Linear","EasingDirection":"In"},"Head":{"Weight":1,"CFrame":[8.195638656616211e-8,2.9802322387695315e-8,0.016662120819091798,0.9977529644966126,-0.04964015260338783,0.04499978944659233,0.053321100771427158,0.9949811100959778,-0.08467291295528412,-0.040570735931396487,0.08688201010227204,0.9953922033309937],"EasingStyle":"Linear","EasingDirection":"In"}}},{"Time":0.16958333551883698,"poses":{"Left Leg":{"Weight":1,"CFrame":[-0.6829208731651306,0.5775308609008789,0.2526874542236328,0.8560360670089722,-0.26542621850967409,0.4435667097568512,0.33794575929641726,0.936688244342804,-0.09169342368841171,-0.39114588499069216,0.22839435935020448,0.8915386199951172],"EasingStyle":"Linear","EasingDirection":"In"},"Right Leg":{"Weight":1,"CFrame":[0.6774317026138306,0.4347018599510193,0.2020190954208374,0.969944953918457,0.0666792243719101,-0.23400984704494477,-0.08688288927078247,0.9932300448417664,-0.07710692286491394,0.22728416323661805,0.09512080252170563,0.9691718220710754],"EasingStyle":"Linear","EasingDirection":"In"},"Right Arm":{"Weight":1,"CFrame":[0.07760640978813172,-0.04094037413597107,-0.024176716804504396,0.42686986923217776,-0.8838698267936707,-0.19119670987129212,0.8441963791847229,0.4652850031852722,-0.2661623954772949,0.3242138922214508,-0.047790899872779849,0.9447759389877319],"EasingStyle":"Linear","EasingDirection":"In"},"Left Arm":{"Weight":1,"CFrame":[-0.17347265779972077,0.28550082445144656,0.0818321704864502,0.22701042890548707,0.9137045741081238,-0.33706173300743105,-0.8077272176742554,0.3700011670589447,0.4589943587779999,0.544098436832428,0.16805718839168549,0.8220179677009583],"EasingStyle":"Linear","EasingDirection":"In"},"Handle":{"Weight":1,"CFrame":[0.8414127826690674,-0.17387592792510987,0.5971248149871826,-0.3096947968006134,0.5969184041023254,0.7401201128959656,0.42117199301719668,0.7839805483818054,-0.45605793595314028,-0.8524689674377441,0.17047899961471559,-0.49419981241226199],"EasingStyle":"Linear","EasingDirection":"In"},"Torso":{"Weight":1,"CFrame":[-0.05361011624336243,-0.30880945920944216,0.5733664035797119,0.9579073786735535,0.27957966923713686,-0.0651821568608284,-0.2865135073661804,0.9168301820755005,-0.2780871093273163,-0.017986532300710679,0.2850572466850281,0.9583417177200317],"EasingStyle":"Linear","EasingDirection":"In"},"HumanoidRootPart":{"Weight":0,"CFrame":[0,0,0,1,0,0,0,1,0,0,0,1],"EasingStyle":"Linear","EasingDirection":"In"},"Head":{"Weight":1,"CFrame":[1.043081283569336e-7,-7.450580596923828e-8,0.016662120819091798,0.9955964684486389,-0.07769878953695297,0.05244556814432144,0.08204132318496704,0.992870569229126,-0.08647225052118302,-0.045352883636951449,0.09039413183927536,0.9948728680610657],"EasingStyle":"Linear","EasingDirection":"In"}}},{"Time":0.1862500011920929,"poses":{"Left Leg":{"Weight":1,"CFrame":[-0.6931086778640747,0.5865843296051025,0.27476274967193606,0.8374643325805664,-0.286309152841568,0.4654897153377533,0.36347222328186037,0.9278813004493713,-0.0832114890217781,-0.4080950915813446,0.23887915909290315,0.8811329007148743],"EasingStyle":"Linear","EasingDirection":"In"},"Right Leg":{"Weight":1,"CFrame":[0.7124956250190735,0.42288124561309817,0.17935454845428468,0.9752507209777832,0.07825933396816254,-0.2067885845899582,-0.09312222898006439,0.9936512112617493,-0.06313207745552063,0.20053502917289735,0.08082620054483414,0.9763466715812683],"EasingStyle":"Linear","EasingDirection":"In"},"Right Arm":{"Weight":1,"CFrame":[0.07479457557201386,-0.03603708744049072,-0.0005285143852233887,0.4193900227546692,-0.9006623029708862,-0.11366362869739533,0.8498418927192688,0.4335452914237976,-0.2996790409088135,0.3191879987716675,0.029086366295814515,0.9472450017929077],"EasingStyle":"Linear","EasingDirection":"In"},"Left Arm":{"Weight":1,"CFrame":[-0.17205223441123963,0.3126370906829834,0.09183299541473389,0.14909225702285767,0.9539163112640381,-0.2604139745235443,-0.8340572118759155,0.2627807855606079,0.4850720763206482,0.5311498045921326,0.14487940073013307,0.8347991704940796],"EasingStyle":"Linear","EasingDirection":"In"},"Handle":{"Weight":1,"CFrame":[0.9482380151748657,-0.0315471887588501,0.6364385485649109,0.14174240827560426,0.4828174114227295,0.8641738891601563,0.9714483618736267,0.09994018077850342,-0.21517473459243775,-0.190255805850029,0.8699995875358582,-0.4548662602901459],"EasingStyle":"Linear","EasingDirection":"In"},"Torso":{"Weight":1,"CFrame":[-0.0538468211889267,-0.3032744526863098,0.6746578216552734,0.9510069489479065,0.3021508455276489,-0.0655030682682991,-0.30857783555984499,0.9145376682281494,-0.2615351378917694,-0.019118037074804307,0.2689345180988312,0.9629687070846558],"EasingStyle":"Linear","EasingDirection":"In"},"HumanoidRootPart":{"Weight":0,"CFrame":[0,0,0,1,0,0,0,1,0,0,0,1],"EasingStyle":"Linear","EasingDirection":"In"},"Head":{"Weight":1,"CFrame":[8.195638656616211e-8,-3.725290298461914e-8,0.016662240028381349,0.9929879903793335,-0.10207103192806244,0.05963607877492905,0.10737844556570053,0.989777147769928,-0.09386789798736572,-0.049445267766714099,0.09961338341236115,0.9937969446182251],"EasingStyle":"Linear","EasingDirection":"In"}}},{"Time":0.20333333313465119,"poses":{"Left Leg":{"Weight":1,"CFrame":[-0.7088401317596436,0.5777162313461304,0.2923555374145508,0.8190725445747376,-0.31045830249786379,0.48242688179016116,0.3902830183506012,0.9178798198699951,-0.07194188982248306,-0.4204750061035156,0.24720866978168488,0.8729768991470337],"EasingStyle":"Linear","EasingDirection":"In"},"Right Leg":{"Weight":1,"CFrame":[0.7429177761077881,0.3942101001739502,0.15500259399414063,0.9789470434188843,0.09405520558357239,-0.1811528503894806,-0.1041257306933403,0.9934584498405457,-0.0468856543302536,0.17555800080299378,0.06476113945245743,0.982336699962616],"EasingStyle":"Linear","EasingDirection":"In"},"Right Arm":{"Weight":1,"CFrame":[0.07123757898807526,-0.02862212061882019,0.034252166748046878,0.4181034564971924,-0.9083926677703857,-0.003503627609461546,0.8567788004875183,0.3956230580806732,-0.3307754695415497,0.30186012387275698,0.13529665768146516,0.9437029361724854],"EasingStyle":"Linear","EasingDirection":"In"},"Left Arm":{"Weight":1,"CFrame":[-0.170786052942276,0.3363969326019287,0.10103869438171387,0.08320846408605576,0.98260897397995,-0.16600069403648377,-0.8561697602272034,0.15573187172412873,0.49266719818115237,0.5099506378173828,0.10113050788640976,0.8542382121086121],"EasingStyle":"Linear","EasingDirection":"In"},"Handle":{"Weight":1,"CFrame":[1.0912120342254639,0.07954072952270508,0.693394660949707,0.07442596554756165,0.1524624228477478,0.9855029582977295,0.9699564576148987,-0.24059584736824037,-0.03603053838014603,0.23161475360393525,0.9585765600204468,-0.16578836739063264],"EasingStyle":"Linear","EasingDirection":"In"},"Torso":{"Weight":1,"CFrame":[-0.051946818828582767,-0.2909013032913208,0.775017261505127,0.9450992345809937,0.3205975592136383,-0.06328293681144715,-0.32627224922180178,0.9149283170700073,-0.23759764432907105,-0.018273858353495599,0.24520081281661988,0.9693000912666321],"EasingStyle":"Linear","EasingDirection":"In"},"HumanoidRootPart":{"Weight":0,"CFrame":[0,0,0,1,0,0,0,1,0,0,0,1],"EasingStyle":"Linear","EasingDirection":"In"},"Head":{"Weight":1,"CFrame":[1.2665987014770509e-7,-1.30385160446167e-7,0.016661763191223146,0.9901619553565979,-0.1232195720076561,0.0663042813539505,0.1297222226858139,0.9859902262687683,-0.10485979169607163,-0.052454665303230289,0.11242933571338654,0.992274284362793],"EasingStyle":"Linear","EasingDirection":"In"}}},{"Time":0.22041666507720948,"poses":{"Left Leg":{"Weight":1,"CFrame":[-0.7303948402404785,0.5545976161956787,0.30696964263916018,0.8006121516227722,-0.3379846513271332,0.494759202003479,0.4187954366207123,0.9061847925186157,-0.05864706635475159,-0.4285214841365814,0.2541564702987671,0.867048978805542],"EasingStyle":"Linear","EasingDirection":"In"},"Right Leg":{"Weight":1,"CFrame":[0.7673629522323608,0.3543005585670471,0.13101637363433839,0.9811109304428101,0.11283691972494126,-0.15712743997573853,-0.11895067244768143,0.9924458861351013,-0.03003457561135292,0.15255145728588105,0.04815756157040596,0.98712158203125],"EasingStyle":"Linear","EasingDirection":"In"},"Right Arm":{"Weight":1,"CFrame":[0.06755570322275162,-0.019585996866226198,0.07661855220794678,0.4190368056297302,-0.8989101648330689,0.1279410868883133,0.8653433322906494,0.3527124226093292,-0.3560546934604645,0.27493470907211306,0.25991278886795046,0.9256653189659119],"EasingStyle":"Linear","EasingDirection":"In"},"Left Arm":{"Weight":1,"CFrame":[-0.16973304748535157,0.3570556640625,0.10943591594696045,0.026186155155301095,0.9980335831642151,-0.05695147067308426,-0.8754779100418091,0.050396546721458438,0.48062342405319216,0.48254838585853579,0.037273846566677096,0.8750758171081543],"EasingStyle":"Linear","EasingDirection":"In"},"Handle":{"Weight":1,"CFrame":[1.241644024848938,0.19930660724639893,0.7606943249702454,-0.0035077761858701708,0.02850767970085144,0.9995874762535095,0.9302502870559692,-0.36666905879974368,0.0137214045971632,0.3669089078903198,0.9299145936965942,-0.02523314766585827],"EasingStyle":"Linear","EasingDirection":"In"},"Torso":{"Weight":1,"CFrame":[-0.04822045564651489,-0.27382153272628786,0.8696696758270264,0.9402692914009094,0.33529308438301089,-0.05892741680145264,-0.3400585949420929,0.9169557094573975,-0.20869208872318269,-0.015939179807901384,0.2162655144929886,0.9762044548988342],"EasingStyle":"Linear","EasingDirection":"In"},"HumanoidRootPart":{"Weight":0,"CFrame":[0,0,0,1,0,0,0,1,0,0,0,1],"EasingStyle":"Linear","EasingDirection":"In"},"Head":{"Weight":1,"CFrame":[1.210719347000122e-7,-8.568167686462403e-8,0.016661882400512697,0.987291693687439,-0.14161387085914613,0.07211578637361527,0.14940142631530763,0.9817768335342407,-0.11744553595781326,-0.054169680923223498,0.12672720849514008,0.9904574155807495],"EasingStyle":"Linear","EasingDirection":"In"}}},{"Time":0.2370833307504654,"poses":{"Left Leg":{"Weight":1,"CFrame":[-0.7570098042488098,0.5212488174438477,0.31994950771331789,0.7819377183914185,-0.36832156777381899,0.5029042959213257,0.44888007640838625,0.8924939036369324,-0.04428575560450554,-0.432527631521225,0.26037243008613589,0.8632069230079651],"EasingStyle":"Linear","EasingDirection":"In"},"Right Leg":{"Weight":1,"CFrame":[0.7850028276443481,0.3088963031768799,0.10903763771057129,0.9818485379219055,0.13328295946121217,-0.134940966963768,-0.13638952374458314,0.9905563592910767,-0.01400241069495678,0.13180051743984223,0.03215280920267105,0.9907547235488892],"EasingStyle":"Linear","EasingDirection":"In"},"Right Arm":{"Weight":1,"CFrame":[0.06424996256828308,-0.009760648012161255,0.12291097640991211,0.4186439514160156,-0.8682264089584351,0.26630833745002749,0.8753149509429932,0.30762848258018496,-0.37307974696159365,0.2419937252998352,0.3892911374568939,0.8887583613395691],"EasingStyle":"Linear","EasingDirection":"In"},"Left Arm":{"Weight":1,"CFrame":[-0.16897308826446534,0.37491804361343386,0.11705458164215088,-0.024878131225705148,0.9977066516876221,0.06294893473386765,-0.892417848110199,-0.0505421943962574,0.44837042689323428,0.45052364468574526,-0.045022279024124148,0.8916284441947937],"EasingStyle":"Linear","EasingDirection":"In"},"Handle":{"Weight":1,"CFrame":[1.3708443641662598,0.3676198720932007,0.830967366695404,-0.026329834014177324,0.005265416111797094,0.9996394515037537,0.9070658683776856,-0.42017877101898196,0.02610452100634575,0.42016467452049258,0.9074261784553528,0.006287139840424061],"EasingStyle":"Linear","EasingDirection":"In"},"Torso":{"Weight":1,"CFrame":[-0.04308457672595978,-0.25420069694519045,0.9543535709381104,0.9365195035934448,0.34659090638160708,-0.05297164246439934,-0.35038453340530398,0.9196757078170776,-0.1772775501012802,-0.012726069428026677,0.18458430469036103,0.9827343821525574],"EasingStyle":"Linear","EasingDirection":"In"},"HumanoidRootPart":{"Weight":0,"CFrame":[0,0,0,1,0,0,0,1,0,0,0,1],"EasingStyle":"Linear","EasingDirection":"In"},"Head":{"Weight":1,"CFrame":[8.195638656616211e-8,3.725290298461914e-9,0.016661763191223146,0.9844983816146851,-0.15773175656795503,0.07670459151268006,0.16670121252536775,0.9774515628814697,-0.1296122670173645,-0.05453105270862579,0.14038972556591035,0.9885935187339783],"EasingStyle":"Linear","EasingDirection":"In"}}},{"Time":0.2541666626930237,"poses":{"Left Leg":{"Weight":1,"CFrame":[-0.7870132327079773,0.48137712478637698,0.33244216442108157,0.7632073760032654,-0.4001465439796448,0.5073432922363281,0.47976091504096987,0.8768824934959412,-0.030108805745840074,-0.4328325092792511,0.26638275384902956,0.8612179756164551],"EasingStyle":"Linear","EasingDirection":"In"},"Right Leg":{"Weight":1,"CFrame":[0.796308159828186,0.26351773738861086,0.0902472734451294,0.9813228249549866,0.15418273210525514,-0.11503517627716065,-0.15520411729812623,0.9878824949264526,0.00007872840069467202,0.11365339159965515,0.01777663268148899,0.9933614730834961],"EasingStyle":"Linear","EasingDirection":"In"},"Right Arm":{"Weight":1,"CFrame":[0.06160780042409897,0.00006866455078125,0.16942596435546876,0.41485852003097536,-0.8188656568527222,0.3966756761074066,0.885932445526123,0.2641541361808777,-0.3812432885169983,0.20740343630313874,0.5095897316932678,0.8350460529327393],"EasingStyle":"Linear","EasingDirection":"In"},"Left Arm":{"Weight":1,"CFrame":[-0.16857168078422547,0.39031875133514407,0.12397921085357666,-0.07240831106901169,0.9793611764907837,0.18870270252227784,-0.9067418575286865,-0.14344428479671479,0.39653894305229189,0.41542306542396548,-0.1423921436071396,0.8984142541885376],"EasingStyle":"Linear","EasingDirection":"In"},"Handle":{"Weight":1,"CFrame":[1.4564110040664673,0.6069256067276001,0.8988112211227417,-0.06353171914815903,0.07355229556560517,0.9952657222747803,0.8156870007514954,-0.5707643032073975,0.09424912929534912,0.5749943256378174,0.8178130388259888,-0.02373373508453369],"EasingStyle":"Linear","EasingDirection":"In"},"Torso":{"Weight":1,"CFrame":[-0.0370178297162056,-0.23425868153572083,1.025949478149414,0.9337826371192932,0.3548685610294342,-0.046025775372982028,-0.3577195703983307,0.9223644137382507,-0.14587892591953278,-0.009315305389463902,0.15268352627754212,0.9882312417030335],"EasingStyle":"Linear","EasingDirection":"In"},"HumanoidRootPart":{"Weight":0,"CFrame":[0,0,0,1,0,0,0,1,0,0,0,1],"EasingStyle":"Linear","EasingDirection":"In"},"Head":{"Weight":1,"CFrame":[1.1734664440155029e-7,8.940696716308594e-8,0.01666247844696045,0.9818578958511353,-0.17205528914928437,0.0797010138630867,0.18188345432281495,0.9733975529670715,-0.13933990895748139,-0.053606629371643069,0.15130829811096192,0.9870320558547974],"EasingStyle":"Linear","EasingDirection":"In"}}},{"Time":0.27125000953674319,"poses":{"Left Leg":{"Weight":1,"CFrame":[-0.8178607225418091,0.43871402740478518,0.34541356563568118,0.7451426386833191,-0.4312989115715027,0.5086683630943298,0.5098894834518433,0.860058069229126,-0.017689645290374757,-0.4298548698425293,0.2725459039211273,0.8607808351516724],"EasingStyle":"Linear","EasingDirection":"In"},"Right Leg":{"Weight":1,"CFrame":[0.8025417327880859,0.22246742248535157,0.07530009746551514,0.9798225164413452,0.17417846620082856,-0.09802890568971634,-0.17390677332878114,0.9846963882446289,0.011376812122762204,0.09851042926311493,0.00590057997033,0.9951184988021851],"EasingStyle":"Linear","EasingDirection":"In"},"Right Arm":{"Weight":1,"CFrame":[0.05969749391078949,0.009119212627410889,0.21252620220184327,0.40758800506591799,-0.7595149278640747,0.5069607496261597,0.8961244821548462,0.2259262651205063,-0.3819926977157593,0.17559346556663514,0.6099954843521118,0.7727047204971314],"EasingStyle":"Linear","EasingDirection":"In"},"Left Arm":{"Weight":1,"CFrame":[-0.16854506731033326,0.4035912752151489,0.13035011291503907,-0.1181526705622673,0.9420151114463806,0.31408175826072695,-0.9178218841552734,-0.22432465851306916,0.3275388181209564,0.37900274991989138,-0.24957168102264405,0.8911066055297852],"EasingStyle":"Linear","EasingDirection":"In"},"Handle":{"Weight":1,"CFrame":[1.5011098384857178,0.8699697852134705,0.966695249080658,-0.10781543701887131,0.1932612806558609,0.9752057194709778,0.5909136533737183,-0.7763871550559998,0.21918964385986329,0.7994979619979858,0.5998942852020264,-0.03049411252140999],"EasingStyle":"Linear","EasingDirection":"In"},"Torso":{"Weight":1,"CFrame":[-0.030521146953105928,-0.2162628173828125,1.0827584266662598,0.9319329261779785,0.36055684089660647,-0.038727208971977237,-0.36257410049438479,0.9245715737342835,-0.11707897484302521,-0.006407544016838074,0.12315122038125992,0.9923673272132874],"EasingStyle":"Linear","EasingDirection"