{"Sequence":[{"Time":0,"poses":{"Left Leg":{"Weight":1,"CFrame":[-0.23657235503196717,0.15737855434417725,0.08106684684753418,0.841130256652832,0.527209997177124,0.12062136828899384,-0.5009391903877258,0.8435311913490295,-0.19368821382522584,-0.2038622945547104,0.1024930402636528,0.9736196994781494],"EasingStyle":"Constant","EasingDirection":"In"},"Right Arm":{"Weight":1,"CFrame":[0.5434731245040894,-0.6985102891921997,0.14502239227294923,0.24857445061206819,-0.5332098007202148,-0.8086397051811218,0.9286954998970032,0.36839252710342409,0.042564757168293,0.2752007842063904,-0.7615604400634766,0.5867624878883362],"EasingStyle":"Constant","EasingDirection":"In"},"Head":{"Weight":1,"CFrame":[5.960464477539063e-8,-5.4016709327697757e-8,-3.5762786865234377e-7,0.8856978416442871,-0.45015695691108706,0.11356993019580841,0.40184280276298525,0.8658384084701538,0.2980709373950958,-0.23251193761825562,-0.21836347877979279,0.9477635622024536],"EasingStyle":"Constant","EasingDirection":"In"},"Right Leg":{"Weight":1,"CFrame":[0.25663965940475466,0.42816466093063357,-0.06402420997619629,0.8561555743217468,-0.5055054426193237,-0.10706066340208054,0.5163496732711792,0.829155445098877,0.21420645713806153,-0.01951250620186329,-0.2386748045682907,0.9709034562110901],"EasingStyle":"Constant","EasingDirection":"In"},"Torso":{"Weight":1,"CFrame":[0.1611732840538025,0.0223199725151062,-0.27741265296936037,0.8932833075523377,0.39372682571411135,-0.21685069799423219,-0.44346883893013,0.8506942391395569,-0.2822318375110626,0.0733514279127121,0.3482794761657715,0.934516429901123],"EasingStyle":"Constant","EasingDirection":"In"},"HumanoidRootPart":{"Weight":0,"CFrame":[0,0,0,1,0,0,0,1,0,0,0,1],"EasingStyle":"Linear","EasingDirection":"In"},"Left Arm":{"Weight":1,"CFrame":[-0.5598527789115906,0.0324862003326416,-0.8930811285972595,-0.5781179070472717,-0.01936163567006588,-0.8157235383987427,-0.4423385560512543,-0.8326326608657837,0.33325621485710146,-0.6856502890586853,0.5534871816635132,0.47279539704322817],"EasingStyle":"Constant","EasingDirection":"In"}}},{"Time":0.03333333507180214,"poses":{"Left Leg":{"Weight":1,"CFrame":[-0.23657235503196717,0.15737855434417725,0.08106684684753418,0.841130256652832,0.527209997177124,0.12062136828899384,-0.5009391903877258,0.8435311913490295,-0.19368821382522584,-0.2038622945547104,0.1024930402636528,0.9736196994781494],"EasingStyle":"Constant","EasingDirection":"In"},"Right Arm":{"Weight":1,"CFrame":[0.5434731245040894,-0.6985102891921997,0.14502239227294923,0.24857445061206819,-0.5332098007202148,-0.8086397051811218,0.9286954998970032,0.36839252710342409,0.042564757168293,0.2752007842063904,-0.7615604400634766,0.5867624878883362],"EasingStyle":"Constant","EasingDirection":"In"},"Head":{"Weight":1,"CFrame":[5.960464477539063e-8,-5.4016709327697757e-8,-3.5762786865234377e-7,0.8856978416442871,-0.45015695691108706,0.11356993019580841,0.40184280276298525,0.8658384084701538,0.2980709373950958,-0.23251193761825562,-0.21836347877979279,0.9477635622024536],"EasingStyle":"Constant","EasingDirection":"In"},"Right Leg":{"Weight":1,"CFrame":[0.25663965940475466,0.42816466093063357,-0.06402420997619629,0.8561555743217468,-0.5055054426193237,-0.10706066340208054,0.5163496732711792,0.829155445098877,0.21420645713806153,-0.01951250620186329,-0.2386748045682907,0.9709034562110901],"EasingStyle":"Constant","EasingDirection":"In"},"Torso":{"Weight":1,"CFrame":[0.1611732840538025,0.0223199725151062,-0.27741265296936037,0.8932833075523377,0.39372682571411135,-0.21685069799423219,-0.44346883893013,0.8506942391395569,-0.2822318375110626,0.0733514279127121,0.3482794761657715,0.934516429901123],"EasingStyle":"Constant","EasingDirection":"In"},"HumanoidRootPart":{"Weight":0,"CFrame":[0,0,0,1,0,0,0,1,0,0,0,1],"EasingStyle":"Linear","EasingDirection":"In"},"Left Arm":{"Weight":1,"CFrame":[-0.5598527789115906,0.0324862003326416,-0.8930811285972595,-0.5781179070472717,-0.01936163567006588,-0.8157235383987427,-0.4423385560512543,-0.8326326608657837,0.33325621485710146,-0.6856502890586853,0.5534871816635132,0.47279539704322817],"EasingStyle":"Constant","EasingDirection":"In"}}},{"Time":0.06666667014360428,"poses":{"Left Leg":{"Weight":1,"CFrame":[-0.23657235503196717,0.15737855434417725,0.08106684684753418,0.841130256652832,0.527209997177124,0.12062136828899384,-0.5009391903877258,0.8435311913490295,-0.19368821382522584,-0.2038622945547104,0.1024930402636528,0.9736196994781494],"EasingStyle":"Constant","EasingDirection":"In"},"Right Arm":{"Weight":1,"CFrame":[0.5434731245040894,-0.6985102891921997,0.14502239227294923,0.24857445061206819,-0.5332098007202148,-0.8086397051811218,0.9286954998970032,0.36839252710342409,0.042564757168293,0.2752007842063904,-0.7615604400634766,0.5867624878883362],"EasingStyle":"Constant","EasingDirection":"In"},"Head":{"Weight":1,"CFrame":[5.960464477539063e-8,-5.4016709327697757e-8,-3.5762786865234377e-7,0.8856978416442871,-0.45015695691108706,0.11356993019580841,0.40184280276298525,0.8658384084701538,0.2980709373950958,-0.23251193761825562,-0.21836347877979279,0.9477635622024536],"EasingStyle":"Constant","EasingDirection":"In"},"Right Leg":{"Weight":1,"CFrame":[0.25663965940475466,0.42816466093063357,-0.06402420997619629,0.8561555743217468,-0.5055054426193237,-0.10706066340208054,0.5163496732711792,0.829155445098877,0.21420645713806153,-0.01951250620186329,-0.2386748045682907,0.9709034562110901],"EasingStyle":"Constant","EasingDirection":"In"},"Torso":{"Weight":1,"CFrame":[0.1611732840538025,0.0223199725151062,-0.27741265296936037,0.8932833075523377,0.39372682571411135,-0.21685069799423219,-0.44346883893013,0.8506942391395569,-0.2822318375110626,0.0733514279127121,0.3482794761657715,0.934516429901123],"EasingStyle":"Constant","EasingDirection":"In"},"HumanoidRootPart":{"Weight":0,"CFrame":[0,0,0,1,0,0,0,1,0,0,0,1],"EasingStyle":"Linear","EasingDirection":"In"},"Left Arm":{"Weight":1,"CFrame":[-0.5598527789115906,0.0324862003326416,-0.8930811285972595,-0.5781179070472717,-0.01936163567006588,-0.8157235383987427,-0.4423385560512543,-0.8326326608657837,0.33325621485710146,-0.6856502890586853,0.5534871816635132,0.47279539704322817],"EasingStyle":"Constant","EasingDirection":"In"}}},{"Time":0.10000000149011612,"poses":{"Left Leg":{"Weight":1,"CFrame":[-0.23657235503196717,0.15737855434417725,0.08106684684753418,0.841130256652832,0.527209997177124,0.12062136828899384,-0.5009391903877258,0.8435311913490295,-0.19368821382522584,-0.2038622945547104,0.1024930402636528,0.9736196994781494],"EasingStyle":"Constant","EasingDirection":"In"},"Right Arm":{"Weight":1,"CFrame":[0.5434731245040894,-0.6985102891921997,0.14502239227294923,0.24857445061206819,-0.5332098007202148,-0.8086397051811218,0.9286954998970032,0.36839252710342409,0.042564757168293,0.2752007842063904,-0.7615604400634766,0.5867624878883362],"EasingStyle":"Constant","EasingDirection":"In"},"Head":{"Weight":1,"CFrame":[5.960464477539063e-8,-5.4016709327697757e-8,-3.5762786865234377e-7,0.8856978416442871,-0.45015695691108706,0.11356993019580841,0.40184280276298525,0.8658384084701538,0.2980709373950958,-0.23251193761825562,-0.21836347877979279,0.9477635622024536],"EasingStyle":"Constant","EasingDirection":"In"},"Right Leg":{"Weight":1,"CFrame":[0.25663965940475466,0.42816466093063357,-0.06402420997619629,0.8561555743217468,-0.5055054426193237,-0.10706066340208054,0.5163496732711792,0.829155445098877,0.21420645713806153,-0.01951250620186329,-0.2386748045682907,0.9709034562110901],"EasingStyle":"Constant","EasingDirection":"In"},"Torso":{"Weight":1,"CFrame":[0.1611732840538025,0.0223199725151062,-0.27741265296936037,0.8932833075523377,0.39372682571411135,-0.21685069799423219,-0.44346883893013,0.8506942391395569,-0.2822318375110626,0.0733514279127121,0.3482794761657715,0.934516429901123],"EasingStyle":"Constant","EasingDirection":"In"},"HumanoidRootPart":{"Weight":0,"CFrame":[0,0,0,1,0,0,0,1,0,0,0,1],"EasingStyle":"Linear","EasingDirection":"In"},"Left Arm":{"Weight":1,"CFrame":[-0.5598527789115906,0.0324862003326416,-0.8930811285972595,-0.5781179070472717,-0.01936163567006588,-0.8157235383987427,-0.4423385560512543,-0.8326326608657837,0.33325621485710146,-0.6856502890586853,0.5534871816635132,0.47279539704322817],"EasingStyle":"Constant","EasingDirection":"In"}}},{"Time":0.13333334028720857,"poses":{"Left Leg":{"Weight":1,"CFrame":[-0.2940913736820221,0.1753993034362793,0.08393716812133789,0.8700661659240723,0.4683453440666199,0.1537456512451172,-0.45220035314559939,0.882502019405365,-0.12924884259700776,-0.196213960647583,0.042931169271469119,0.9796208739280701],"EasingStyle":"Constant","EasingDirection":"In"},"Right Arm":{"Weight":1,"CFrame":[0.49581819772720339,-0.5522965788841248,0.14666032791137696,-0.014678023755550385,-0.49852609634399416,-0.8667504191398621,0.9965361952781677,0.06366963684558869,-0.05349654331803322,0.08185503631830216,-0.8645334243774414,0.49586477875709536],"EasingStyle":"Constant","EasingDirection":"In"},"Head":{"Weight":1,"CFrame":[1.1548399925231934e-7,-3.91155481338501e-8,-1.7881393432617188e-7,0.8879162669181824,-0.45200252532958987,0.08543050289154053,0.41279080510139468,0.8648766279220581,0.2856435179710388,-0.20299842953681947,-0.21836261451244355,0.9545204639434815],"EasingStyle":"Constant","EasingDirection":"In"},"Right Leg":{"Weight":1,"CFrame":[0.3339657783508301,0.3471221327781677,-0.041885972023010257,0.8834695219993591,-0.46217238903045657,-0.07667040824890137,0.46846818923950198,0.8699923753738403,0.15378810465335847,-0.004373808391392231,-0.17178472876548768,0.9851248860359192],"EasingStyle":"Constant","EasingDirection":"In"},"Torso":{"Weight":1,"CFrame":[0.13502883911132813,0.022320032119750978,-0.20228123664855958,0.8953818082809448,0.40631139278411868,-0.18221580982208253,-0.44346874952316286,0.8506943583488464,-0.28223180770874026,0.04033597186207771,0.33351224660873415,0.9418824911117554],"EasingStyle":"Constant","EasingDirection":"In"},"HumanoidRootPart":{"Weight":0,"CFrame":[0,0,0,1,0,0,0,1,0,0,0,1],"EasingStyle":"Linear","EasingDirection":"In"},"Left Arm":{"Weight":1,"CFrame":[-0.6088754534721375,-0.23140624165534974,-0.8191741108894348,-0.5479310750961304,0.15362495183944703,-0.822296142578125,-0.6933718919754028,-0.6333280205726624,0.3437022268772125,-0.46798187494277956,0.7584820985794067,0.45353925228118899],"EasingStyle":"Constant","EasingDirection":"In"}}},{"Time":0.1666666716337204,"poses":{"Left Leg":{"Weight":1,"CFrame":[-0.2940913736820221,0.1753993034362793,0.08393716812133789,0.8700661659240723,0.4683453440666199,0.1537456512451172,-0.45220035314559939,0.882502019405365,-0.12924884259700776,-0.196213960647583,0.042931169271469119,0.9796208739280701],"EasingStyle":"Constant","EasingDirection":"In"},"Right Arm":{"Weight":1,"CFrame":[0.49581819772720339,-0.5522965788841248,0.14666032791137696,-0.014678023755550385,-0.49852609634399416,-0.8667504191398621,0.9965361952781677,0.06366963684558869,-0.05349654331803322,0.08185503631830216,-0.8645334243774414,0.49586477875709536],"EasingStyle":"Constant","EasingDirection":"In"},"Head":{"Weight":1,"CFrame":[1.1548399925231934e-7,-3.91155481338501e-8,-1.7881393432617188e-7,0.8879162669181824,-0.45200252532958987,0.08543050289154053,0.41279080510139468,0.8648766279220581,0.2856435179710388,-0.20299842953681947,-0.21836261451244355,0.9545204639434815],"EasingStyle":"Constant","EasingDirection":"In"},"Right Leg":{"Weight":1,"CFrame":[0.3339657783508301,0.3471221327781677,-0.041885972023010257,0.8834695219993591,-0.46217238903045657,-0.07667040824890137,0.46846818923950198,0.8699923753738403,0.15378810465335847,-0.004373808391392231,-0.17178472876548768,0.9851248860359192],"EasingStyle":"Constant","EasingDirection":"In"},"Torso":{"Weight":1,"CFrame":[0.13502883911132813,0.022320032119750978,-0.20228123664855958,0.8953818082809448,0.40631139278411868,-0.18221580982208253,-0.44346874952316286,0.8506943583488464,-0.28223180770874026,0.04033597186207771,0.33351224660873415,0.9418824911117554],"EasingStyle":"Constant","EasingDirection":"In"},"HumanoidRootPart":{"Weight":0,"CFrame":[0,0,0,1,0,0,0,1,0,0,0,1],"EasingStyle":"Linear","EasingDirection":"In"},"Left Arm":{"Weight":1,"CFrame":[-0.6088754534721375,-0.23140624165534974,-0.8191741108894348,-0.5479310750961304,0.15362495183944703,-0.822296142578125,-0.6933718919754028,-0.6333280205726624,0.3437022268772125,-0.46798187494277956,0.7584820985794067,0.45353925228118899],"EasingStyle":"Constant","EasingDirection":"In"}}},{"Time":0.20000000298023225,"poses":{"Left Leg":{"Weight":1,"CFrame":[-0.3614310026168823,0.14103829860687257,0.08971214294433594,0.9168556332588196,0.3644091486930847,0.16303926706314088,-0.3490762710571289,0.9299501776695252,-0.11549241095781326,-0.19370490312576295,0.048976730555295947,0.979836642742157],"EasingStyle":"Constant","EasingDirection":"In"},"Right Arm":{"Weight":1,"CFrame":[0.471663236618042,-0.4874940812587738,0.14156556129455567,-0.12008720636367798,-0.49368253350257876,-0.8613110184669495,0.9927617907524109,-0.06125292181968689,-0.10330583900213242,-0.0017576031386852265,-0.8674823641777039,0.4974648356437683],"EasingStyle":"Constant","EasingDirection":"In"},"Head":{"Weight":1,"CFrame":[1.043081283569336e-7,2.60770320892334e-8,3.5762786865234377e-7,0.8739387392997742,-0.47954267263412478,0.07918314635753632,0.4521324932575226,0.8618957996368408,0.2295909970998764,-0.17834632098674775,-0.16484718024730683,0.9700608849525452],"EasingStyle":"Constant","EasingDirection":"In"},"Right Leg":{"Weight":1,"CFrame":[0.4155135750770569,0.3204112648963928,-0.04391300678253174,0.9328757524490356,-0.3532819449901581,-0.07024716585874558,0.3601148724555969,0.9189469218254089,0.1607915759086609,0.007748701144009829,-0.17529559135437013,0.9844853281974793],"EasingStyle":"Constant","EasingDirection":"In"},"Torso":{"Weight":1,"CFrame":[0.12203285098075867,0.03416454792022705,-0.14258241653442384,0.8959736824035645,0.4123968780040741,-0.16480307281017304,-0.4415649473667145,0.866885781288147,-0.23136433959007264,0.047451525926589969,0.2800675928592682,0.9588068127632141],"EasingStyle":"Constant","EasingDirection":"In"},"HumanoidRootPart":{"Weight":0,"CFrame":[0,0,0,1,0,0,0,1,0,0,0,1],"EasingStyle":"Linear","EasingDirection":"In"},"Left Arm":{"Weight":1,"CFrame":[-0.6333869099617004,-0.36335188150405886,-0.782220721244812,-0.5118081569671631,0.23359519243240357,-0.8267319202423096,-0.7902204394340515,-0.505556583404541,0.3463587462902069,-0.33705195784568789,0.8305696249008179,0.4433395266532898],"EasingStyle":"Constant","EasingDirection":"In"}}},{"Time":0.23333333432674409,"poses":{"Left Leg":{"Weight":1,"CFrame":[-0.3614310026168823,0.14103829860687257,0.08971214294433594,0.9168556332588196,0.3644091486930847,0.16303926706314088,-0.3490762710571289,0.9299501776695252,-0.11549241095781326,-0.19370490312576295,0.048976730555295947,0.979836642742157],"EasingStyle":"Constant","EasingDirection":"In"},"Right Arm":{"Weight":1,"CFrame":[0.471663236618042,-0.4874940812587738,0.14156556129455567,-0.12008720636367798,-0.49368253350257876,-0.8613110184669495,0.9927617907524109,-0.06125292181968689,-0.10330583900213242,-0.0017576031386852265,-0.8674823641777039,0.4974648356437683],"EasingStyle":"Constant","EasingDirection":"In"},"Head":{"Weight":1,"CFrame":[1.043081283569336e-7,2.60770320892334e-8,3.5762786865234377e-7,0.8739387392997742,-0.47954267263412478,0.07918314635753632,0.4521324932575226,0.8618957996368408,0.2295909970998764,-0.17834632098674775,-0.16484718024730683,0.9700608849525452],"EasingStyle":"Constant","EasingDirection":"In"},"Right Leg":{"Weight":1,"CFrame":[0.4155135750770569,0.3204112648963928,-0.04391300678253174,0.9328757524490356,-0.3532819449901581,-0.07024716585874558,0.3601148724555969,0.9189469218254089,0.1607915759086609,0.007748701144009829,-0.17529559135437013,0.9844853281974793],"EasingStyle":"Constant","EasingDirection":"In"},"Torso":{"Weight":1,"CFrame":[0.12203285098075867,0.03416454792022705,-0.14258241653442384,0.8959736824035645,0.4123968780040741,-0.16480307281017304,-0.4415649473667145,0.866885781288147,-0.23136433959007264,0.047451525926589969,0.2800675928592682,0.9588068127632141],"EasingStyle":"Constant","EasingDirection":"In"},"HumanoidRootPart":{"Weight":0,"CFrame":[0,0,0,1,0,0,0,1,0,0,0,1],"EasingStyle":"Linear","EasingDirection":"In"},"Left Arm":{"Weight":1,"CFrame":[-0.6333869099617004,-0.36335188150405886,-0.782220721244812,-0.5118081569671631,0.23359519243240357,-0.8267319202423096,-0.7902204394340515,-0.505556583404541,0.3463587462902069,-0.33705195784568789,0.8305696249008179,0.4433395266532898],"EasingStyle":"Constant","EasingDirection":"In"}}},{"Time":0.2666666805744171,"poses":{"Left Leg":{"Weight":1,"CFrame":[-0.3614310026168823,0.14103829860687257,0.08971214294433594,0.9168556332588196,0.3644091486930847,0.16303926706314088,-0.3490762710571289,0.9299501776695252,-0.11549241095781326,-0.19370490312576295,0.048976730555295947,0.979836642742157],"EasingStyle":"Constant","EasingDirection":"In"},"Right Arm":{"Weight":1,"CFrame":[0.471663236618042,-0.4874940812587738,0.14156556129455567,-0.12008720636367798,-0.49368253350257876,-0.8613110184669495,0.9927617907524109,-0.06125292181968689,-0.10330583900213242,-0.0017576031386852265,-0.8674823641777039,0.4974648356437683],"EasingStyle":"Constant","EasingDirection":"In"},"Head":{"Weight":1,"CFrame":[1.043081283569336e-7,2.60770320892334e-8,3.5762786865234377e-7,0.8739387392997742,-0.47954267263412478,0.07918314635753632,0.4521324932575226,0.8618957996368408,0.2295909970998764,-0.17834632098674775,-0.16484718024730683,0.9700608849525452],"EasingStyle":"Constant","EasingDirection":"In"},"Right Leg":{"Weight":1,"CFrame":[0.4155135750770569,0.3204112648963928,-0.04391300678253174,0.9328757524490356,-0.3532819449901581,-0.07024716585874558,0.3601148724555969,0.9189469218254089,0.1607915759086609,0.007748701144009829,-0.17529559135437013,0.9844853281974793],"EasingStyle":"Constant","EasingDirection":"In"},"Torso":{"Weight":1,"CFrame":[0.12203285098075867,0.03416454792022705,-0.14258241653442384,0.8959736824035645,0.4123968780040741,-0.16480307281017304,-0.4415649473667145,0.866885781288147,-0.23136433959007264,0.047451525926589969,0.2800675928592682,0.9588068127632141],"EasingStyle":"Constant","EasingDirection":"In"},"HumanoidRootPart":{"Weight":0,"CFrame":[0,0,0,1,0,0,0,1,0,0,0,1],"EasingStyle":"Linear","EasingDirection":"In"},"Left Arm":{"Weight":1,"CFrame":[-0.6333869099617004,-0.36335188150405886,-0.782220721244812,-0.5118081569671631,0.23359519243240357,-0.8267319202423096,-0.7902204394340515,-0.505556583404541,0.3463587462902069,-0.33705195784568789,0.8305696249008179,0.4433395266532898],"EasingStyle":"Constant","EasingDirection":"In"}}},{"Time":0.30000001192092898,"poses":{"Left Leg":{"Weight":1,"CFrame":[-0.3542008399963379,0.18334507942199708,0.10986888408660889,0.8951315879821777,0.4247640371322632,0.1353330910205841,-0.40166789293289187,0.9001484513282776,-0.16851074993610383,-0.19339726865291596,0.09648037701845169,0.9763652086257935],"EasingStyle":"Constant","EasingDirection":"In"},"Right Arm":{"Weight":1,"CFrame":[0.43096527457237246,-0.3611547350883484,0.1375030279159546,-0.23167699575424195,-0.4402744770050049,-0.8674584627151489,0.9621684551239014,-0.23513948917388917,-0.1376277208328247,-0.14337989687919618,-0.8665263652801514,0.47809460759162905],"EasingStyle":"Constant","EasingDirection":"In"},"Head":{"Weight":1,"CFrame":[1.4901161193847657e-7,1.3224780559539796e-7,1.1920928955078126e-7,0.8711414337158203,-0.4753202497959137,0.12322113662958145,0.4364132881164551,0.8644893169403076,0.2494027316570282,-0.22506950795650483,-0.1634896844625473,0.9605284333229065],"EasingStyle":"Constant","EasingDirection":"In"},"Right Leg":{"Weight":1,"CFrame":[0.37785160541534426,0.4194628596305847,-0.07724308967590332,0.9063288569450378,-0.41126787662506106,-0.09709151834249497,0.4225688576698303,0.8830981850624085,0.20389486849308015,0.0018859580159187317,-0.22582373023033143,0.9741663932800293],"EasingStyle":"Constant","EasingDirection":"In"},"Torso":{"Weight":1,"CFrame":[0.14537936449050904,0.0269392728805542,-0.22294378280639649,0.8945310711860657,0.40164440870285036,-0.19620385766029359,-0.4425407350063324,0.8576109409332275,-0.26203304529190066,0.06302244961261749,0.3212249279022217,0.944903552532196],"EasingStyle":"Constant","EasingDirection":"In"},"HumanoidRootPart":{"Weight":0,"CFrame":[0,0,0,1,0,0,0,1,0,0,0,1],"EasingStyle":"Linear","EasingDirection":"In"},"Left Arm":{"Weight":1,"CFrame":[-0.6579428911209106,-0.4594324827194214,-0.7729183435440064,-0.40546077489852908,0.33842843770980837,-0.8491570949554443,-0.9013174176216126,-0.30289244651794436,0.3096499741077423,-0.1524088978767395,0.8909109830856323,0.42784249782562258],"EasingStyle":"Constant","EasingDirection":"In"}}},{"Time":0.3333333432674408,"poses":{"Left Leg":{"Weight":1,"CFrame":[-0.3542008399963379,0.18334507942199708,0.10986888408660889,0.8951315879821777,0.4247640371322632,0.1353330910205841,-0.40166789293289187,0.9001484513282776,-0.16851074993610383,-0.19339726865291596,0.09648037701845169,0.9763652086257935],"EasingStyle":"Constant","EasingDirection":"In"},"Right Arm":{"Weight":1,"CFrame":[0.43096527457237246,-0.3611547350883484,0.1375030279159546,-0.23167699575424195,-0.4402744770050049,-0.8674584627151489,0.9621684551239014,-0.23513948917388917,-0.1376277208328247,-0.14337989687919618,-0.8665263652801514,0.47809460759162905],"EasingStyle":"Constant","EasingDirection":"In"},"Head":{"Weight":1,"CFrame":[1.4901161193847657e-7,1.3224780559539796e-7,1.1920928955078126e-7,0.8711414337158203,-0.4753202497959137,0.12322113662958145,0.4364132881164551,0.8644893169403076,0.2494027316570282,-0.22506950795650483,-0.1634896844625473,0.9605284333229065],"EasingStyle":"Constant","EasingDirection":"In"},"Right Leg":{"Weight":1,"CFrame":[0.37785160541534426,0.4194628596305847,-0.07724308967590332,0.9063288569450378,-0.41126787662506106,-0.09709151834249497,0.4225688576698303,0.8830981850624085,0.20389486849308015,0.0018859580159187317,-0.22582373023033143,0.9741663932800293],"EasingStyle":"Constant","EasingDirection":"In"},"Torso":{"Weight":1,"CFrame":[0.14537936449050904,0.0269392728805542,-0.22294378280639649,0.8945310711860657,0.40164440870285036,-0.19620385766029359,-0.4425407350063324,0.8576109409332275,-0.26203304529190066,0.06302244961261749,0.3212249279022217,0.944903552532196],"EasingStyle":"Constant","EasingDirection":"In"},"HumanoidRootPart":{"Weight":0,"CFrame":[0,0,0,1,0,0,0,1,0,0,0,1],"EasingStyle":"Linear","EasingDirection":"In"},"Left Arm":{"Weight":1,"CFrame":[-0.6579428911209106,-0.4594324827194214,-0.7729183435440064,-0.40546077489852908,0.33842843770980837,-0.8491570949554443,-0.9013174176216126,-0.30289244651794436,0.3096499741077423,-0.1524088978767395,0.8909109830856323,0.42784249782562258],"EasingStyle":"Constant","EasingDirection":"In"}}},{"Time":0.36666667461395266,"poses":{"Left Leg":{"Weight":1,"CFrame":[-0.23657235503196717,0.15737855434417725,0.08106684684753418,0.841130256652832,0.527209997177124,0.12062136828899384,-0.5009391903877258,0.8435311913490295,-0.19368821382522584,-0.2038622945547104,0.1024930402636528,0.9736196994781494],"EasingStyle":"Constant","EasingDirection":"In"},"Right Arm":{"Weight":1,"CFrame":[0.4338442087173462,0.41654741764068606,0.2800639867782593,-0.5428361892700195,-0.03523554280400276,-0.839099109172821,0.38796237111091616,-0.8966465592384338,-0.21333134174346925,-0.74485844373703,-0.44134289026260378,0.5004023313522339],"EasingStyle":"Constant","EasingDirection":"In"},"Head":{"Weight":1,"CFrame":[5.960464477539063e-8,-5.4016709327697757e-8,-3.5762786865234377e-7,0.8865988850593567,-0.4508221745491028,0.10344981402158737,0.4058286249637604,0.8654941320419312,0.2936376631259918,-0.2219136506319046,-0.2183559536933899,0.9503026008605957],"EasingStyle":"Constant","EasingDirection":"In"},"Right Leg":{"Weight":1,"CFrame":[0.25663965940475466,0.42816466093063357,-0.06402420997619629,0.8561555743217468,-0.5055054426193237,-0.10706066340208054,0.5163496732711792,0.829155445098877,0.21420645713806153,-0.01951250620186329,-0.2386748045682907,0.9709034562110901],"EasingStyle":"Constant","EasingDirection":"In"},"Torso":{"Weight":1,"CFrame":[0.1611732840538025,0.0223199725151062,-0.27741265296936037,0.8932833075523377,0.39372682571411135,-0.21685069799423219,-0.44346883893013,0.8506942391395569,-0.2822318375110626,0.0733514279127121,0.3482794761657715,0.934516429901123],"EasingStyle":"Constant","EasingDirection":"In"},"HumanoidRootPart":{"Weight":0,"CFrame":[0,0,0,1,0,0,0,1,0,0,0,1],"EasingStyle":"Linear","EasingDirection":"In"},"Left Arm":{"Weight":1,"CFrame":[-0.5985285639762878,-0.6622256636619568,-0.6162201762199402,0.23963433504104615,0.6876477599143982,-0.6853583455085754,-0.9339175820350647,0.3561587631702423,0.030806001275777818,0.2652800977230072,0.6326859593391419,0.7275541424751282],"EasingStyle":"Constant","EasingDirection":"In"}}},{"Time":0.4000000059604645,"poses":{"Left Leg":{"Weight":1,"CFrame":[-0.23657235503196717,0.15737855434417725,0.08106684684753418,0.841130256652832,0.527209997177124,0.12062136828899384,-0.5009391903877258,0.8435311913490295,-0.19368821382522584,-0.2038622945547104,0.1024930402636528,0.9736196994781494],"EasingStyle":"Constant","EasingDirection":"In"},"Right Arm":{"Weight":1,"CFrame":[0.4338442087173462,0.41654741764068606,0.2800639867782593,-0.5428361892700195,-0.03523554280400276,-0.839099109172821,0.38796237111091616,-0.8966465592384338,-0.21333134174346925,-0.74485844373703,-0.44134289026260378,0.5004023313522339],"EasingStyle":"Constant","EasingDirection":"In"},"Head":{"Weight":1,"CFrame":[5.960464477539063e-8,-5.4016709327697757e-8,-3.5762786865234377e-7,0.8865988850593567,-0.4508221745491028,0.10344981402158737,0.4058286249637604,0.8654941320419312,0.2936376631259918,-0.2219136506319046,-0.2183559536933899,0.9503026008605957],"EasingStyle":"Constant","EasingDirection":"In"},"Right Leg":{"Weight":1,"CFrame":[0.25663965940475466,0.42816466093063357,-0.06402420997619629,0.8561555743217468,-0.5055054426193237,-0.10706066340208054,0.5163496732711792,0.829155445098877,0.21420645713806153,-0.01951250620186329,-0.2386748045682907,0.9709034562110901],"EasingStyle":"Constant","EasingDirection":"In"},"Torso":{"Weight":1,"CFrame":[0.1611732840538025,0.0223199725151062,-0.27741265296936037,0.8932833075523377,0.39372682571411135,-0.21685069799423219,-0.44346883893013,0.8506942391395569,-0.2822318375110626,0.0733514279127121,0.3482794761657715,0.934516429901123],"EasingStyle":"Constant","EasingDirection":"In"},"HumanoidRootPart":{"Weight":0,"CFrame":[0,0,0,1,0,0,0,1,0,0,0,1],"EasingStyle":"Linear","EasingDirection":"In"},"Left Arm":{"Weight":1,"CFrame":[-0.5985285639762878,-0.6622256636619568,-0.6162201762199402,0.23963433504104615,0.6876477599143982,-0.6853583455085754,-0.9339175820350647,0.3561587631702423,0.030806001275777818,0.2652800977230072,0.6326859593391419,0.7275541424751282],"EasingStyle":"Constant","EasingDirection":"In"}}},{"Time":0.4333333373069763,"poses":{"Left Leg":{"Weight":1,"CFrame":[-0.23657235503196717,0.15737855434417725,0.08106684684753418,0.841130256652832,0.527209997177124,0.12062136828899384,-0.5009391903877258,0.8435311913490295,-0.19368821382522584,-0.2038622945547104,0.1024930402636528,0.9736196994781494],"EasingStyle":"Constant","EasingDirection":"In"},"Right Arm":{"Weight":1,"CFrame":[0.4338442087173462,0.41654741764068606,0.2800639867782593,-0.5428361892700195,-0.03523554280400276,-0.839099109172821,0.38796237111091616,-0.8966465592384338,-0.21333134174346925,-0.74485844373703,-0.44134289026260378,0.5004023313522339],"EasingStyle":"Constant","EasingDirection":"In"},"Head":{"Weight":1,"CFrame":[5.960464477539063e-8,-5.4016709327697757e-8,-3.5762786865234377e-7,0.8865988850593567,-0.4508221745491028,0.10344981402158737,0.4058286249637604,0.8654941320419312,0.2936376631259918,-0.2219136506319046,-0.2183559536933899,0.9503026008605957],"EasingStyle":"Constant","EasingDirection":"In"},"Right Leg":{"Weight":1,"CFrame":[0.25663965940475466,0.42816466093063357,-0.06402420997619629,0.8561555743217468,-0.5055054426193237,-0.10706066340208054,0.5163496732711792,0.829155445098877,0.21420645713806153,-0.01951250620186329,-0.2386748045682907,0.9709034562110901],"EasingStyle":"Constant","EasingDirection":"In"},"Torso":{"Weight":1,"CFrame":[0.1611732840538025,0.0223199725151062,-0.27741265296936037,0.8932833075523377,0.39372682571411135,-0.21685069799423219,-0.44346883893013,0.8506942391395569,-0.2822318375110626,0.0733514279127121,0.3482794761657715,0.934516429901123],"EasingStyle":"Constant","EasingDirection":"In"},"HumanoidRootPart":{"Weight":0,"CFrame":[0,0,0,1,0,0,0,1,0,0,0,1],"EasingStyle":"Linear","EasingDirection":"In"},"Left Arm":{"Weight":1,"CFrame":[-0.5985285639762878,-0.6622256636619568,-0.6162201762199402,0.23963433504104615,0.6876477599143982,-0.6853583455085754,-0.9339175820350647,0.3561587631702423,0.030806001275777818,0.2652800977230072,0.6326859593391419,0.7275541424751282],"EasingStyle":"Constant","EasingDirection":"In"}}},{"Time":0.46666666865348818,"poses":{"Left Leg":{"Weight":1,"CFrame":[-0.23589465022087098,0.18195438385009767,0.07697093486785889,0.850048840045929,0.5075362920761108,0.1407971978187561,-0.48722824454307558,0.8592612743377686,-0.15581651031970979,-0.20006422698497773,0.06385119259357453,0.9777001142501831],"EasingStyle":"Constant","EasingDirection":"In"},"Right Arm":{"Weight":1,"CFrame":[0.5009415745735169,0.23150289058685304,0.29100942611694338,-0.5432449579238892,-0.041312675923109058,-0.838557243347168,0.3981068730354309,-0.8920384049415588,-0.21395911276340486,-0.7391859889030457,-0.4500676095485687,0.5010422468185425],"EasingStyle":"Constant","EasingDirection":"In"},"Head":{"Weight":1,"CFrame":[4.0978193283081057e-8,-6.146728992462158e-8,2.384185791015625e-7,0.8890333771705627,-0.4534440040588379,0.06331174820661545,0.42110195755958559,0.8641108274459839,0.27565518021583559,-0.17970260977745057,-0.21840596199035645,0.959169328212738],"EasingStyle":"Constant","EasingDirection":"In"},"Right Leg":{"Weight":1,"CFrame":[0.2704699635505676,0.3974679708480835,-0.0469701886177063,0.8652862310409546,-0.49351173639297488,-0.08789768069982529,0.5011117458343506,0.8470786809921265,0.17704446613788606,-0.01291727740317583,-0.1972406506538391,0.9802699685096741],"EasingStyle":"Constant","EasingDirection":"In"},"Torso":{"Weight":1,"CFrame":[0.14246046543121339,0.022320032119750978,-0.2620809078216553,0.8945685625076294,0.4005945324897766,-0.19816966354846955,-0.44346874952316286,0.8506943583488464,-0.28223177790641787,0.05552130937576294,0.3403577506542206,0.938655436038971],"EasingStyle":"Constant","EasingDirection":"In"},"HumanoidRootPart":{"Weight":0,"CFrame":[0,0,0,1,0,0,0,1,0,0,0,1],"EasingStyle":"Linear","EasingDirection":"In"},"Left Arm":{"Weight":1,"CFrame":[-0.587073028087616,-0.6306325197219849,-0.6143514513969421,0.11588716506958008,0.6423441171646118,-0.7576043605804443,-0.9812732934951782,0.19219139218330384,0.012851057574152947,0.15385985374450684,0.7419276237487793,0.6525875329971314],"EasingStyle":"Constant","EasingDirection":"In"}}},{"Time":0.5,"poses":{"Left Leg":{"Weight":1,"CFrame":[-0.23589465022087098,0.18195438385009767,0.07697093486785889,0.850048840045929,0.5075362920761108,0.1407971978187561,-0.48722824454307558,0.8592612743377686,-0.15581651031970979,-0.20006422698497773,0.06385119259357453,0.9777001142501831],"EasingStyle":"Constant","EasingDirection":"In"},"Right Arm":{"Weight":1,"CFrame":[0.5009415745735169,0.23150289058685304,0.29100942611694338,-0.5432449579238892,-0.041312675923109058,-0.838557243347168,0.3981068730354309,-0.8920384049415588,-0.21395911276340486,-0.7391859889030457,-0.4500676095485687,0.5010422468185425],"EasingStyle":"Constant","EasingDirection":"In"},"Head":{"Weight":1,"CFrame":[4.0978193283081057e-8,-6.146728992462158e-8,2.384185791015625e-7,0.8890333771705627,-0.4534440040588379,0.06331174820661545,0.42110195755958559,0.8641108274459839,0.27565518021583559,-0.17970260977745057,-0.21840596199035645,0.959169328212738],"EasingStyle":"Constant","EasingDirection":"In"},"Right Leg":{"Weight":1,"CFrame":[0.2704699635505676,0.3974679708480835,-0.0469701886177063,0.8652862310409546,-0.49351173639297488,-0.08789768069982529,0.5011117458343506,0.8470786809921265,0.17704446613788606,-0.01291727740317583,-0.1972406506538391,0.9802699685096741],"EasingStyle":"Constant","EasingDirection":"In"},"Torso":{"Weight":1,"CFrame":[0.14246046543121339,0.022320032119750978,-0.2620809078216553,0.8945685625076294,0.4005945324897766,-0.19816966354846955,-0.44346874952316286,0.8506943583488464,-0.28223177790641787,0.05552130937576294,0.3403577506542206,0.938655436038971],"EasingStyle":"Constant","EasingDirection":"In"},"HumanoidRootPart":{"Weight":0,"CFrame":[0,0,0,1,0,0,0,1,0,0,0,1],"EasingStyle":"Linear","EasingDirection":"In"},"Left Arm":{"Weight":1,"CFrame":[-0.587073028087616,-0.6306325197219849,-0.6143514513969421,0.11588716506958008,0.6423441171646118,-0.7576043605804443,-0.9812732934951782,0.19219139218330384,0.012851057574152947,0.15385985374450684,0.7419276237487793,0.6525875329971314],"EasingStyle":"Constant","EasingDirection":"In"}}},{"Time":0.5333333611488342,"poses":{"Left Leg":{"Weight":1,"CFrame":[-0.18927088379859925,0.11809742450714112,0.05501711368560791,0.834001362323761,0.529471755027771,0.155246764421463,-0.5147026181221008,0.8479324579238892,-0.12685373425483704,-0.19880424439907075,0.025890279561281205,0.9796971678733826],"EasingStyle":"Constant","EasingDirection":"In"},"Right Arm":{"Weight":1,"CFrame":[0.5663635730743408,-0.1642427146434784,0.16464698314666749,-0.47928306460380556,-0.3255510628223419,-0.8150486350059509,0.8001496195793152,-0.5436576008796692,-0.2533712387084961,-0.3606221377849579,-0.7735974788665772,0.5210554599761963],"EasingStyle":"Constant","EasingDirection":"In"},"Head":{"Weight":1,"CFrame":[1.1920928955078126e-7,-3.725290298461914e-8,-1.7881393432617188e-7,0.889033317565918,-0.4534440040588379,0.06331174075603485,0.4211019277572632,0.8641108274459839,0.27565523982048037,-0.17970259487628938,-0.21840599179267884,0.959169328212738],"EasingStyle":"Constant","EasingDirection":"In"},"Right Leg":{"Weight":1,"CFrame":[0.23267757892608643,0.2871103882789612,-0.025446712970733644,0.8493135571479797,-0.5228722095489502,-0.07260287553071976,0.527654767036438,0.8367753028869629,0.14624471962451936,-0.015714913606643678,-0.16251681745052339,0.9865806698799133],"EasingStyle":"Constant","EasingDirection":"In"},"Torso":{"Weight":1,"CFrame":[0.13502883911132813,0.022320032119750978,-0.20228123664855958,0.8953818082809448,0.40631139278411868,-0.18221580982208253,-0.44346874952316286,0.8506943583488464,-0.28223180770874026,0.04033597186207771,0.33351224660873415,0.9418824911117554],"EasingStyle":"Constant","EasingDirection":"In"},"HumanoidRootPart":{"Weight":0,"CFrame":[0,0,0,1,0,0,0,1,0,0,0,1],"EasingStyle":"Linear","EasingDirection":"In"},"Left Arm":{"Weight":1,"CFrame":[-0.628017246723175,-0.6685688495635986,-0.5820115208625794,-0.19624461233615876,0.5282812118530273,-0.8260793685913086,-0.9777212738990784,-0.16942574083805085,0.12392035871744156,-0.07449425756931305,0.8319938778877258,0.5497605800628662],"EasingStyle":"Constant","EasingDirection":"In"}}},{"Time":0.5666666626930237,"poses":{"Left Leg":{"Weight":1,"CFrame":[-0.18927088379859925,0.11809742450714112,0.05501711368560791,0.834001362323761,0.529471755027771,0.155246764421463,-0.5147026181221008,0.8479324579238892,-0.12685373425483704,-0.19880424439907075,0.025890279561281205,0.9796971678733826],"EasingStyle":"Constant","EasingDirection":"In"},"Right Arm":{"Weight":1,"CFrame":[0.5663635730743408,-0.1642427146434784,0.16464698314666749,-0.47928306460380556,-0.3255510628223419,-0.8150486350059509,0.8001496195793152,-0.5436576008796692,-0.2533712387084961,-0.3606221377849579,-0.7735974788665772,0.5210554599761963],"EasingStyle":"Constant","EasingDirection":"In"},"Head":{"Weight":1,"CFrame":[1.1920928955078126e-7,-3.725290298461914e-8,-1.7881393432617188e-7,0.889033317565918,-0.4534440040588379,0.06331174075603485,0.4211019277572632,0.8641108274459839,0.27565523982048037,-0.17970259487628938,-0.21840599179267884,0.959169328212738],"EasingStyle":"Constant","EasingDirection":"In"},"Right Leg":{"Weight":1,"CFrame":[0.23267757892608643,0.2871103882789612,-0.025446712970733644,0.8493135571479797,-0.5228722095489502,-0.07260287553071976,0.527654767036438,0.8367753028869629,0.14624471962451936,-0.015714913606643678,-0.16251681745052339,0.9865806698799133],"EasingStyle":"Constant","EasingDirection":"In"},"Torso":{"Weight":1,"CFrame":[0.13502883911132813,0.022320032119750978,-0.20228123664855958,0.8953818082809448,0.40631139278411868,-0.18221580982208253,-0.44346874952316286,0.8506943583488464,-0.28223180770874026,0.04033597186207771,0.33351224660873415,0.9418824911117554],"EasingStyle":"Constant","EasingDirection":"In"},"HumanoidRootPart":{"Weight":0,"CFrame":[0,0,0,1,0,0,0,1,0,0,0,1],"EasingStyle":"Linear","EasingDirection":"In"},"Left Arm":{"Weight":1,"CFrame":[-0.628017246723175,-0.6685688495635986,-0.5820115208625794,-0.19624461233615876,0.5282812118530273,-0.8260793685913086,-0.9777212738990784,-0.16942574083805085,0.12392035871744156,-0.07449425756931305,0.8319938778877258,0.5497605800628662],"EasingStyle":"Constant","EasingDirection":"In"}}},{"Time":0.6000000238418579,"poses":{"Left Leg":{"Weight":1,"CFrame":[-0.17127397656440736,0.0566827654838562,0.04329335689544678,0.8640916347503662,0.475737065076828,0.16437754034996034,-0.46261629462242129,0.879321277141571,-0.11305011808872223,-0.19832277297973634,0.021641911938786508,0.9798978567123413],"EasingStyle":"Constant","EasingDirection":"In"},"Right Arm":{"Weight":1,"CFrame":[0.5311238765716553,-0.3044360280036926,0.17445480823516847,-0.4575806260108948,-0.3566005527973175,-0.8145280480384827,0.8376055955886841,-0.48028460144996645,-0.260276198387146,-0.298390656709671,-0.8013505339622498,0.5184596180915833],"EasingStyle":"Constant","EasingDirection":"In"},"Head":{"Weight":1,"CFrame":[1.043081283569336e-7,2.60770320892334e-8,3.5762786865234377e-7,0.8839525580406189,-0.4634392261505127,0.06206464022397995,0.4350908696651459,0.8638724684715271,0.25381171703338625,-0.17124226689338685,-0.19735375046730042,0.96526038646698],"EasingStyle":"Constant","EasingDirection":"In"},"Right Leg":{"Weight":1,"CFrame":[0.24093908071517945,0.23905718326568604,-0.020363211631774904,0.8868550658226013,-0.4574914276599884,-0.06472763419151306,0.46190252900123598,0.8743225932121277,0.14901676774024964,-0.011580941267311573,-0.1620541363954544,0.9867139458656311],"EasingStyle":"Constant","EasingDirection":"In"},"Torso":{"Weight":1,"CFrame":[0.12203285098075867,0.03416454792022705,-0.14258241653442384,0.8959736824035645,0.4123968780040741,-0.16480307281017304,-0.4415649473667145,0.866885781288147,-0.23136433959007264,0.047451525926589969,0.2800675928592682,0.9588068127632141],"EasingStyle":"Constant","EasingDirection":"In"},"HumanoidRootPart":{"Weight":0,"CFrame":[0,0,0,1,0,0,0,1,0,0,0,1],"EasingStyle":"Linear","EasingDirection":"In"},"Left Arm":{"Weight":1,"CFrame":[-0.6280173063278198,-0.6685686111450195,-0.5820115804672241,-0.25602987408638,0.4828563928604126,-0.837435781955719,-0.943645179271698,-0.31278976798057558,0.10815025866031647,-0.2097201943397522,0.8179317116737366,0.5357285141944885],"EasingStyle":"Constant","EasingDirection":"In"}}},{"Time":0.6333333253860474,"poses":{"Left Leg":{"Weight":1,"CFrame":[-0.17127397656440736,0.0566827654838562,0.04329335689544678,0.8640916347503662,0.475737065076828,0.16437754034996034,-0.46261629462242129,0.879321277141571,-0.11305011808872223,-0.19832277297973634,0.021641911938786508,0.9798978567123413],"EasingStyle":"Constant","EasingDirection":"In"},"Right Arm":{"Weight":1,"CFrame":[0.5311238765716553,-0.3044360280036926,0.17445480823516847,-0.4575806260108948,-0.3566005527973175,-0.8145280480384827,0.8376055955886841,-0.48028460144996645,-0.260276198387146,-0.2983906