{"Sequence":[{"Time":0,"poses":{"Left Leg":{"Weight":1,"CFrame":[-0.21671609580516816,0.1704809069633484,0.03897500038146973,0.9787609577178955,0.026390494778752328,0.2032991200685501,-0.051382288336753848,0.9916054606437683,0.11865264177322388,-0.19846117496490479,-0.12657853960990907,0.9719007015228272],"EasingStyle":"Linear","EasingDirection":"Out"},"Right Arm":{"Weight":1,"CFrame":[-0.00007678009569644928,-0.10097530484199524,-0.20460611581802369,0.7505659461021423,0.042380984872579578,-0.6594351530075073,-0.17063088715076447,0.9765273332595825,-0.13145127892494203,0.6383853554725647,0.2111828625202179,0.7401795983314514],"EasingStyle":"Linear","EasingDirection":"Out"},"Left Arm":{"Weight":1,"CFrame":[-0.12176083028316498,-0.3404276371002197,-0.1587042212486267,0.7205103039741516,0.18955838680267335,-0.667032778263092,-0.3068988025188446,0.949746310710907,-0.06160338222980499,0.6218344569206238,0.24909739196300507,0.7424771785736084],"EasingStyle":"Linear","EasingDirection":"Out"},"Head":{"Weight":1,"CFrame":[1.0477378964424133e-7,7.497146725654602e-8,0,0.5732596516609192,0.8190299868583679,0.023732934147119523,-0.8083522915840149,0.5605766177177429,0.17977890372276307,0.1339401751756668,-0.12224455177783966,0.983420729637146],"EasingStyle":"Linear","EasingDirection":"Out"},"Torso":{"Weight":1,"CFrame":[-0.09928825497627258,2.9802322387695315e-8,-0.11103224754333496,0.9995610117912293,-0.028358174487948419,-0.008577752858400345,0.027001898735761644,0.9911254644393921,-0.13015827536582948,0.01219268050044775,0.1298695206642151,0.991456151008606],"EasingStyle":"Linear","EasingDirection":"Out"},"HumanoidRootPart":{"Weight":1,"CFrame":[0,0,0,1,0,0,0,1,0,0,0,1],"EasingStyle":"Linear","EasingDirection":"In"},"Right Leg":{"Weight":1,"CFrame":[0.29222434759140017,0.15440207719802857,0.06853806972503662,0.9766497611999512,0.043693915009498599,-0.2103474736213684,-0.036157798022031787,0.9985634684562683,0.03954273834824562,0.2117731273174286,-0.031013788655400277,0.9768266677856445],"EasingStyle":"Linear","EasingDirection":"Out"}}},{"Time":0.03333333507180214,"poses":{"Left Leg":{"Weight":1,"CFrame":[-0.24541234970092774,0.18841338157653809,0.03817403316497803,0.9810721278190613,0.02680364064872265,0.19177863001823426,-0.05091409385204315,0.9912331700325012,0.12192042171955109,-0.18682940304279328,-0.12937696278095246,0.9738358855247498],"EasingStyle":"Linear","EasingDirection":"Out"},"Right Arm":{"Weight":1,"CFrame":[0.00003562122583389282,-0.10169723629951477,-0.20121902227401734,0.7494592070579529,0.04210031405091286,-0.6607105731964111,-0.16509753465652467,0.9783322811126709,-0.12493494153022766,0.6411346793174744,0.20271532237529756,0.7401707768440247],"EasingStyle":"Linear","EasingDirection":"Out"},"Left Arm":{"Weight":1,"CFrame":[-0.12191355228424072,-0.3396458923816681,-0.16152530908584596,0.7194403409957886,0.18994005024433137,-0.6680782437324524,-0.3118968605995178,0.947792112827301,-0.06641081720590592,0.6205852031707764,0.25615009665489199,0.7411214709281921],"EasingStyle":"Linear","EasingDirection":"Out"},"Head":{"Weight":1,"CFrame":[9.033828973770142e-8,-6.984919309616089e-8,-2.980232238769531e-7,0.778447687625885,0.6180219054222107,-0.10985518246889115,-0.6224787831306458,0.7825931310653687,-0.008260589092969895,0.08086666464805603,0.07481294870376587,0.9939132928848267],"EasingStyle":"Linear","EasingDirection":"Out"},"Torso":{"Weight":1,"CFrame":[-0.09533645957708359,-0.017164230346679689,-0.1223917007446289,0.9990733861923218,-0.042887311428785327,-0.00361344194971025,0.04194003343582153,0.988973081111908,-0.14203259348869325,0.009664993733167649,0.14174942672252656,0.9898554086685181],"EasingStyle":"Linear","EasingDirection":"Out"},"HumanoidRootPart":{"Weight":1,"CFrame":[0,0,0,1,0,0,0,1,0,0,0,1],"EasingStyle":"Linear","EasingDirection":"In"},"Right Leg":{"Weight":1,"CFrame":[0.29945310950279238,0.16117733716964723,0.07747316360473633,0.9728529453277588,0.05057457089424133,-0.2258303463459015,-0.04412345215678215,0.9984633922576904,0.0335264652967453,0.22717897593975068,-0.022651974111795427,0.9735895395278931],"EasingStyle":"Linear","EasingDirection":"Out"}}},{"Time":0.06666667014360428,"poses":{"Left Leg":{"Weight":1,"CFrame":[-0.28224483132362368,0.21189510822296143,0.035245418548583987,0.9842463135719299,0.026451971381902696,0.17481276392936707,-0.04897197335958481,0.9908467531204224,0.1257953643798828,-0.16988515853881837,-0.13237453997135163,0.9765326380729675],"EasingStyle":"Linear","EasingDirection":"Out"},"Right Arm":{"Weight":1,"CFrame":[0.0003154091536998749,-0.1022878885269165,-0.19837146997451783,0.7467488050460815,0.041400521993637088,-0.6638163924217224,-0.160406693816185,0.9798101782798767,-0.11933866143226624,0.6454734206199646,0.1955966055393219,0.7383130192756653],"EasingStyle":"Linear","EasingDirection":"Out"},"Left Arm":{"Weight":1,"CFrame":[-0.1226910948753357,-0.33866971731185915,-0.16450905799865724,0.7171984910964966,0.1918838918209076,-0.6699305176734924,-0.3184225559234619,0.9453520178794861,-0.07011840492486954,0.6198656558990479,0.26360973715782168,0.7391051650047302],"EasingStyle":"Linear","EasingDirection":"Out"},"Head":{"Weight":1,"CFrame":[7.82310962677002e-8,1.7229467630386354e-8,1.1920928955078126e-7,0.973147451877594,0.1153971254825592,-0.19916707277297975,-0.16577628254890443,0.951650083065033,-0.2586124539375305,0.15969420969486237,0.2846852242946625,0.9452259540557861],"EasingStyle":"Linear","EasingDirection":"Out"},"Torso":{"Weight":1,"CFrame":[-0.08705328404903412,-0.039845287799835208,-0.13754892349243165,0.998029887676239,-0.0626525804400444,0.003323495853692293,0.062401480972766879,0.9857399463653565,-0.15627814829349519,0.006515126675367355,0.15617765486240388,0.9877074956893921],"EasingStyle":"Linear","EasingDirection":"Out"},"HumanoidRootPart":{"Weight":1,"CFrame":[0,0,0,1,0,0,0,1,0,0,0,1],"EasingStyle":"Linear","EasingDirection":"In"},"Right Leg":{"Weight":1,"CFrame":[0.3063071668148041,0.169744074344635,0.09015583992004395,0.9667465686798096,0.06119212508201599,-0.24830733239650727,-0.056197427213191989,0.9980501532554627,0.02716067247092724,0.24948523938655854,-0.012303346768021584,0.968300461769104],"EasingStyle":"Linear","EasingDirection":"Out"}}},{"Time":0.10000000149011612,"poses":{"Left Leg":{"Weight":1,"CFrame":[-0.3071301579475403,0.22826611995697022,0.030266523361206056,0.987019956111908,0.032687876373529437,0.1572357714176178,-0.053014446049928668,0.990501344203949,0.1268724650144577,-0.1515950858592987,-0.1335613876581192,0.9793775081634522],"EasingStyle":"Linear","EasingDirection":"Out"},"Right Arm":{"Weight":1,"CFrame":[0.00072508305311203,-0.10275465250015259,-0.19608747959136964,0.7427064776420593,0.04037657380104065,-0.6683987379074097,-0.1565924882888794,0.9809754490852356,-0.1147429496049881,0.6510498523712158,0.18988654017448426,0.7348994612693787],"EasingStyle":"Linear","EasingDirection":"Out"},"Left Arm":{"Weight":1,"CFrame":[-0.12400078028440476,-0.33755025267601015,-0.16751527786254884,0.7139620184898377,0.1951579749584198,-0.6724372506141663,-0.3260639011859894,0.9425522089004517,-0.07264725863933563,0.6196293830871582,0.27112480998039248,0.7365802526473999],"EasingStyle":"Linear","EasingDirection":"Out"},"Head":{"Weight":1,"CFrame":[9.12696123123169e-8,-3.864988684654236e-8,-4.76837158203125e-7,0.9351985454559326,-0.31653520464897158,-0.15877404808998109,0.2094254195690155,0.8559104800224304,-0.4728195369243622,0.28556036949157717,0.40892869234085085,0.8667367100715637],"EasingStyle":"Linear","EasingDirection":"Out"},"Torso":{"Weight":1,"CFrame":[-0.07515832781791687,-0.0559694766998291,-0.14729666709899903,0.9967454075813294,-0.08003446459770203,0.009649582207202912,0.08051585406064987,0.9824656844139099,-0.16816163063049317,0.003978341817855835,0.16839128732681275,0.9857122302055359],"EasingStyle":"Linear","EasingDirection":"Out"},"HumanoidRootPart":{"Weight":1,"CFrame":[0,0,0,1,0,0,0,1,0,0,0,1],"EasingStyle":"Linear","EasingDirection":"In"},"Right Leg":{"Weight":1,"CFrame":[0.30296242237091067,0.1751868724822998,0.10010993480682373,0.960742712020874,0.06420883536338806,-0.26990848779678347,-0.060108475387096408,0.9979166388511658,0.023438630625605584,0.270851194858551,-0.006294749211519957,0.9626006484031677],"EasingStyle":"Linear","EasingDirection":"Out"}}},{"Time":0.13333334028720857,"poses":{"Left Leg":{"Weight":1,"CFrame":[-0.31005871295928957,0.22735631465911866,0.026474475860595704,0.988526463508606,0.045141901820898059,0.14414457976818086,-0.062983438372612,0.9905645251274109,0.12171676009893418,-0.13729001581668855,-0.12939898669719697,0.9820424318313599],"EasingStyle":"Linear","EasingDirection":"Out"},"Right Arm":{"Weight":1,"CFrame":[0.0012324675917625428,-0.10309988260269165,-0.19439059495925904,0.7376036643981934,0.03910820558667183,-0.674100399017334,-0.15370018780231477,0.9818384647369385,-0.1112179309129715,0.6575081944465637,0.18564411997795106,0.7302186489105225],"EasingStyle":"Linear","EasingDirection":"Out"},"Left Arm":{"Weight":1,"CFrame":[-0.12575142085552216,-0.3363392949104309,-0.1704043745994568,0.7099074125289917,0.19953475892543794,-0.6754387021064758,-0.33440569043159487,0.9395256638526917,-0.07392110675573349,0.6198421716690064,0.2783476412296295,0.733701765537262],"EasingStyle":"Linear","EasingDirection":"Out"},"Head":{"Weight":1,"CFrame":[8.568167686462403e-8,5.122274160385132e-9,0,0.9286821484565735,-0.35420382022857668,-0.10995043069124222,0.22079817950725556,0.7662263512611389,-0.6034445762634277,0.29798927903175356,0.5361313223838806,0.7897883057594299],"EasingStyle":"Linear","EasingDirection":"Out"},"Torso":{"Weight":1,"CFrame":[-0.060371171683073047,-0.05657687783241272,-0.14491558074951173,0.9960874319076538,-0.08749479055404663,0.01243037823587656,0.08832399547100067,0.9809319972991943,-0.17312216758728028,0.00295393168926239,0.17354270815849305,0.9848219156265259],"EasingStyle":"Linear","EasingDirection":"Out"},"HumanoidRootPart":{"Weight":1,"CFrame":[0,0,0,1,0,0,0,1,0,0,0,1],"EasingStyle":"Linear","EasingDirection":"In"},"Right Leg":{"Weight":1,"CFrame":[0.2864104211330414,0.17506879568099976,0.1013416051864624,0.9575619697570801,0.05417754873633385,-0.2830897271633148,-0.048810068517923358,0.9984700083732605,0.02598481997847557,0.28406447172164919,-0.011064518243074417,0.9587413668632507],"EasingStyle":"Linear","EasingDirection":"Out"}}},{"Time":0.1666666716337204,"poses":{"Left Leg":{"Weight":1,"CFrame":[-0.299450546503067,0.21222078800201417,0.027943134307861329,0.9886261820793152,0.044884078204631808,0.14353981614112855,-0.06137777864933014,0.9917399883270264,0.11262571811676026,-0.1372990757226944,-0.12015489488840103,0.9832150340080261],"EasingStyle":"Linear","EasingDirection":"Out"},"Right Arm":{"Weight":1,"CFrame":[0.0018104836344718934,-0.10332596302032471,-0.1933041214942932,0.731718122959137,0.037662968039512637,-0.680566132068634,-0.15178367495536805,0.9824045896530151,-0.1088252067565918,0.6644924879074097,0.18292821943759919,0.7245597839355469],"EasingStyle":"Linear","EasingDirection":"Out"},"Left Arm":{"Weight":1,"CFrame":[-0.12785527110099793,-0.335094690322876,-0.17303872108459474,0.705217182636261,0.2047945111989975,-0.6787695288658142,-0.3430325388908386,0.9364144802093506,-0.0738690048456192,0.6204816102981567,0.2849336266517639,0.7306267023086548],"EasingStyle":"Linear","EasingDirection":"Out"},"Head":{"Weight":1,"CFrame":[1.0011717677116394e-7,6.612390279769898e-8,-5.960464477539063e-8,0.9853720664978027,0.06641985476016998,-0.15694043040275575,-0.15480969846248628,0.7338796257972717,-0.6614035964012146,0.07124504446983338,0.6760244965553284,0.7334269285202026],"EasingStyle":"Linear","EasingDirection":"Out"},"Torso":{"Weight":1,"CFrame":[-0.04341147094964981,-0.045162081718444827,-0.13363170623779298,0.9968708157539368,-0.07821562886238098,0.011443257331848145,0.07902759313583374,0.982799232006073,-0.16691406071186067,0.0018088644137606025,0.16729608178138734,0.9859050512313843],"EasingStyle":"Linear","EasingDirection":"Out"},"HumanoidRootPart":{"Weight":1,"CFrame":[0,0,0,1,0,0,0,1,0,0,0,1],"EasingStyle":"Linear","EasingDirection":"In"},"Right Leg":{"Weight":1,"CFrame":[0.266950398683548,0.16949141025543214,0.09321057796478272,0.9588413834571838,0.041131339967250827,-0.28094735741615298,-0.03233792632818222,0.9988332390785217,0.03586609661579132,0.2820948362350464,-0.025304701179265977,0.9590527415275574],"EasingStyle":"Linear","EasingDirection":"Out"}}},{"Time":0.20000000298023225,"poses":{"Left Leg":{"Weight":1,"CFrame":[-0.2845771908760071,0.19139468669891358,0.0323716402053833,0.9879876375198364,0.03052736632525921,0.15148748457431794,-0.04653032124042511,0.9935669898986816,0.10324517637491226,-0.1473611742258072,-0.10905374586582184,0.9830523729324341],"EasingStyle":"Linear","EasingDirection":"Out"},"Right Arm":{"Weight":1,"CFrame":[0.0024360567331314089,-0.10343381762504578,-0.19285207986831666,0.7253372669219971,0.036099325865507129,-0.6874465942382813,-0.15090356767177583,0.9826730489730835,-0.10761891305446625,0.671650230884552,0.18179816007614137,0.7182167768478394],"EasingStyle":"Linear","EasingDirection":"Out"},"Left Arm":{"Weight":1,"CFrame":[-0.13022804260253907,-0.3338777422904968,-0.17528122663497926,0.7000821828842163,0.21072614192962647,-0.6822607517242432,-0.3515297472476959,0.93337082862854,-0.07242715358734131,0.6215398907661438,0.29053983092308047,0.7275125980377197],"EasingStyle":"Linear","EasingDirection":"Out"},"Head":{"Weight":1,"CFrame":[8.495408110320568e-8,-5.023321136832237e-8,-3.5762786865234377e-7,0.8585424423217773,0.48943307995796206,-0.15284009277820588,-0.4864881932735443,0.6833896040916443,-0.5443416833877564,-0.16196949779987336,0.5416953563690186,0.8248224258422852],"EasingStyle":"Linear","EasingDirection":"Out"},"Torso":{"Weight":1,"CFrame":[-0.024998797103762628,-0.028333306312561036,-0.11915826797485352,0.9982240796089172,-0.058863747864961627,0.00915207713842392,0.05957092344760895,0.9865778684616089,-0.1520373821258545,-0.00007974673644639552,0.15231257677078248,0.9883323907852173],"EasingStyle":"Linear","EasingDirection":"Out"},"HumanoidRootPart":{"Weight":1,"CFrame":[0,0,0,1,0,0,0,1,0,0,0,1],"EasingStyle":"Linear","EasingDirection":"In"},"Right Leg":{"Weight":1,"CFrame":[0.2475782036781311,0.16010266542434693,0.08087003231048584,0.9625855088233948,0.031098676845431329,-0.26918768882751467,-0.01835356466472149,0.998593807220459,0.049735188484191897,0.27035585045814516,-0.0429338663816452,0.9618026614189148],"EasingStyle":"Linear","EasingDirection":"Out"}}},{"Time":0.23333333432674409,"poses":{"Left Leg":{"Weight":1,"CFrame":[-0.27403560280799868,0.17173928022384644,0.03626549243927002,0.98741215467453,0.01099816057831049,0.1577853411436081,-0.026043076068162919,0.9952690005302429,0.09360247850418091,-0.15600945055484773,-0.09653345495462418,0.9830271601676941],"EasingStyle":"Linear","EasingDirection":"Out"},"Right Arm":{"Weight":1,"CFrame":[0.003087799996137619,-0.10341823101043701,-0.19305860996246339,0.7187612056732178,0.03446969389915466,-0.6944020390510559,-0.15112422406673432,0.9826359152793884,-0.10764831304550171,0.6786338090896606,0.18231439590454102,0.711489737033844],"EasingStyle":"Linear","EasingDirection":"Out"},"Left Arm":{"Weight":1,"CFrame":[-0.13278862833976746,-0.3327512741088867,-0.17699456214904786,0.6947041153907776,0.21712762117385865,-0.6857418417930603,-0.3594847023487091,0.9305562973022461,-0.06953947246074677,0.6230224370956421,0.29482296109199526,0.7245153188705444],"EasingStyle":"Linear","EasingDirection":"Out"},"Head":{"Weight":1,"CFrame":[9.12696123123169e-8,-5.11863618157804e-9,3.5762786865234377e-7,0.8844837546348572,0.46612146496772768,0.020476622506976129,-0.4529421925544739,0.8683501482009888,-0.20201830565929414,-0.1119459792971611,0.1694072037935257,0.979167640209198],"EasingStyle":"Linear","EasingDirection":"Out"},"Torso":{"Weight":1,"CFrame":[-0.00585276260972023,-0.01269879937171936,-0.107208251953125,0.9991277456283569,-0.041237495839595798,0.006571521051228046,0.041747380048036578,0.9899511337280273,-0.13510695099830628,-0.0009340110118500888,0.13526345789432527,0.9908092021942139],"EasingStyle":"Linear","EasingDirection":"Out"},"HumanoidRootPart":{"Weight":1,"CFrame":[0,0,0,1,0,0,0,1,0,0,0,1],"EasingStyle":"Linear","EasingDirection":"In"},"Right Leg":{"Weight":1,"CFrame":[0.23008574545383454,0.1526404619216919,0.0705113410949707,0.9653626084327698,0.02730792947113514,-0.25947892665863039,-0.010613489896059037,0.9977946281433106,0.06552314013242722,0.26069605350494387,-0.0604996383190155,0.9635234475135803],"EasingStyle":"Linear","EasingDirection":"Out"}}},{"Time":0.2666666805744171,"poses":{"Left Leg":{"Weight":1,"CFrame":[-0.2773783504962921,0.16203540563583375,0.03807401657104492,0.9878249168395996,-0.0016790798399597407,0.15556053817272187,-0.011452748440206051,0.996443510055542,0.08348114788532257,-0.1551474928855896,-0.08424641191959381,0.9842925667762756],"EasingStyle":"Linear","EasingDirection":"Out"},"Right Arm":{"Weight":1,"CFrame":[0.00374603271484375,-0.10327479243278504,-0.19394826889038087,0.712302565574646,0.03282412514090538,-0.7011046409606934,-0.1525113582611084,0.982276976108551,-0.10895946621894837,0.6851024627685547,0.18453852832317353,0.7046844363212586],"EasingStyle":"Linear","EasingDirection":"Out"},"Left Arm":{"Weight":1,"CFrame":[-0.13546012341976167,-0.33178436756134035,-0.1780407428741455,0.6892974972724915,0.22380653023719788,-0.6890425086021423,-0.3664882183074951,0.9281383752822876,-0.06515730917453766,0.6249442100524902,0.29743874073028567,0.7217859029769898],"EasingStyle":"Linear","EasingDirection":"Out"},"Head":{"Weight":1,"CFrame":[8.824281394481659e-8,3.2247044146060946e-8,1.1920928955078126e-7,0.9898076057434082,0.13658489286899568,0.040317147970199588,-0.13945572078227998,0.9869890809059143,0.0800289437174797,-0.028861839324235917,-0.0848357155919075,0.9959768652915955],"EasingStyle":"Linear","EasingDirection":"Out"},"Torso":{"Weight":1,"CFrame":[0.01330700796097517,-0.004866868257522583,-0.10349440574645996,0.9994189739227295,-0.0337003730237484,0.005097110755741596,0.03407477214932442,0.9913370013237,-0.12684577703475953,-0.0007782043539918959,0.12694576382637025,0.9919093251228333],"EasingStyle":"Linear","EasingDirection":"Out"},"HumanoidRootPart":{"Weight":1,"CFrame":[0,0,0,1,0,0,0,1,0,0,0,1],"EasingStyle":"Linear","EasingDirection":"In"},"Right Leg":{"Weight":1,"CFrame":[0.21937981247901917,0.15320497751235963,0.06629729270935059,0.965228796005249,0.02634531632065773,-0.26007550954818728,-0.005985116586089134,0.9968748688697815,0.0787694901227951,0.2613380253314972,-0.0744740441441536,0.9623700380325317],"EasingStyle":"Linear","EasingDirection":"Out"}}},{"Time":0.30000001192092898,"poses":{"Left Leg":{"Weight":1,"CFrame":[-0.2998414933681488,0.16589844226837159,0.04028284549713135,0.9887628555297852,-0.010206733830273152,0.1491435319185257,-0.0005078595131635666,0.9974313974380493,0.07162685692310333,-0.1494915634393692,-0.07089769095182419,0.9862179160118103],"EasingStyle":"Linear","EasingDirection":"Out"},"Right Arm":{"Weight":1,"CFrame":[0.004390066489577293,-0.10299235582351685,-0.19554615020751954,0.7062866687774658,0.031214071437716485,-0.7072375416755676,-0.15512849390506745,0.9815706610679627,-0.11159824579954148,0.6907200813293457,0.18853305280208589,0.6981123685836792],"EasingStyle":"Linear","EasingDirection":"Out"},"Left Arm":{"Weight":1,"CFrame":[-0.13816294074058534,-0.3310328423976898,-0.17831861972808839,0.6840803027153015,0.23056350648403169,-0.6920077204704285,-0.37218934297561648,0.9262596368789673,-0.05931418016552925,0.6273031830787659,0.2981335520744324,0.7194491624832153],"EasingStyle":"Linear","EasingDirection":"Out"},"Head":{"Weight":1,"CFrame":[8.12578946352005e-8,1.1641532182693482e-10,0,0.9842625856399536,-0.16638851165771485,-0.0595146119594574,0.15683601796627046,0.977702796459198,-0.1396411955356598,0.08142229169607163,0.12810954451560975,0.9884120225906372],"EasingStyle":"Linear","EasingDirection":"Out"},"Torso":{"Weight":1,"CFrame":[0.031760916113853458,-0.009439617395401001,-0.1117258071899414,0.9994800090789795,-0.032019030302762988,0.0038083342369645836,0.03224172815680504,0.9907845854759216,-0.1315537989139557,0.00043898625881411135,0.13160817325115205,0.9913017153739929],"EasingStyle":"Linear","EasingDirection":"Out"},"HumanoidRootPart":{"Weight":1,"CFrame":[0,0,0,1,0,0,0,1,0,0,0,1],"EasingStyle":"Linear","EasingDirection":"In"},"Right Leg":{"Weight":1,"CFrame":[0.2255578637123108,0.16695338487625123,0.06858980655670166,0.9630873203277588,0.02805219404399395,-0.26772356033325198,-0.004180673509836197,0.9959940314292908,0.08932176977396012,0.2691567838191986,-0.0849054828286171,0.9593465328216553],"EasingStyle":"Linear","EasingDirection":"Out"}}},{"Time":0.3333333432674408,"poses":{"Left Leg":{"Weight":1,"CFrame":[-0.33447128534317019,0.18312102556228639,0.038071274757385257,0.9913138747215271,-0.007093303371220827,0.13132598996162415,-0.0012541372561827303,0.9979892373085022,0.0633709654211998,-0.13151146471500398,-0.06298518925905228,0.989311695098877],"EasingStyle":"Linear","EasingDirection":"Out"},"Right Arm":{"Weight":1,"CFrame":[0.004997003823518753,-0.10255622863769531,-0.19787710905075074,0.7010486125946045,0.029696563258767129,-0.7124949097633362,-0.1590336114168167,0.9804804921150208,-0.1156127005815506,0.6951540112495422,0.19436074793338777,0.6920871734619141],"EasingStyle":"Linear","EasingDirection":"Out"},"Left Arm":{"Weight":1,"CFrame":[-0.14079679548740388,-0.3305094838142395,-0.1778762936592102,0.6792455911636353,0.23714813590049745,-0.6945403218269348,-0.37646234035491946,0.9249516129493713,-0.052351102232933047,0.6300011873245239,0.29702743887901308,0.7175465822219849],"EasingStyle":"Linear","EasingDirection":"Out"},"Head":{"Weight":1,"CFrame":[8.638016879558563e-8,1.0244548320770264e-8,0,0.9461128115653992,-0.31398382782936098,-0.07927607744932175,0.22286763787269593,0.8089185357093811,-0.5440412163734436,0.2349480837583542,0.4970563054084778,0.8353050351142883],"EasingStyle":"Linear","EasingDirection":"Out"},"Torso":{"Weight":1,"CFrame":[0.04878935217857361,-0.02299472689628601,-0.12759804725646974,0.9990053176879883,-0.044198643416166309,0.005907019134610891,0.04458695277571678,0.9881794452667236,-0.1466745138168335,0.00064562022453174,0.1467919945716858,0.9891671538352966],"EasingStyle":"Linear","EasingDirection":"Out"},"HumanoidRootPart":{"Weight":1,"CFrame":[0,0,0,1,0,0,0,1,0,0,0,1],"EasingStyle":"Linear","EasingDirection":"In"},"Right Leg":{"Weight":1,"CFrame":[0.23439957201480866,0.18557941913604737,0.07766282558441162,0.9569094181060791,0.03123106062412262,-0.288702130317688,-0.0045242332853376869,0.995682418346405,0.09271471947431565,0.2903512418270111,-0.0874134749174118,0.9529192447662354],"EasingStyle":"Linear","EasingDirection":"Out"}}},{"Time":0.36666667461395266,"poses":{"Left Leg":{"Weight":1,"CFrame":[-0.3718045949935913,0.2071075439453125,0.029339313507080079,0.9946448802947998,0.0010986918350681663,0.10334597527980805,-0.007605765014886856,0.9980102777481079,0.0625905990600586,-0.10307163745164871,-0.06304146349430084,0.9926741719245911],"EasingStyle":"Linear","EasingDirection":"Out"},"Right Arm":{"Weight":1,"CFrame":[0.005544554442167282,-0.10195454955101013,-0.20093142986297608,0.6968702077865601,0.028327828273177148,-0.7166376113891602,-0.16421586275100709,0.9789764285087586,-0.120988629758358,0.6981439590454102,0.20199666917324067,0.686871349811554],"EasingStyle":"Linear","EasingDirection":"Out"},"Left Arm":{"Weight":1,"CFrame":[-0.14325517416000367,-0.3302161395549774,-0.17679691314697267,0.6749827861785889,0.24329407513141633,-0.6965675950050354,-0.379242479801178,0.924217700958252,-0.04468412697315216,0.6329087018966675,0.29432910680770876,0.716098427772522],"EasingStyle":"Linear","EasingDirection":"Out"},"Head":{"Weight":1,"CFrame":[8.498318493366242e-8,-2.3748725652694703e-8,-1.1920928955078126e-7,0.9670966267585754,-0.23493757843971253,-0.09761356562376023,0.08943654596805573,0.6731546521186829,-0.7340735197067261,0.23817044496536256,0.7011898159980774,0.6720175743103027],"EasingStyle":"Linear","EasingDirection":"Out"},"Torso":{"Weight":1,"CFrame":[0.06367270648479462,-0.0401037335395813,-0.14480233192443849,0.9975204467773438,-0.06929502636194229,0.01229601725935936,0.07037243992090225,0.984203577041626,-0.1624530404806137,-0.0008445963030681014,0.16291552782058717,0.986639678478241],"EasingStyle":"Linear","EasingDirection":"Out"},"HumanoidRootPart":{"Weight":1,"CFrame":[0,0,0,1,0,0,0,1,0,0,0,1],"EasingStyle":"Linear","EasingDirection":"In"},"Right Leg":{"Weight":1,"CFrame":[0.2371463179588318,0.19982242584228517,0.09184157848358154,0.9463244080543518,0.04100768640637398,-0.32060644030570986,-0.012702947482466698,0.9958712458610535,0.08988353610038758,0.32296866178512576,-0.080986388027668,0.9429382085800171],"EasingStyle":"Linear","EasingDirection":"Out"}}},{"Time":0.4000000059604645,"poses":{"Left Leg":{"Weight":1,"CFrame":[-0.3981214463710785,0.21339869499206544,0.032203078269958499,0.9944181442260742,-0.025928780436515809,0.10227528214454651,0.020157402381300927,0.9981669783592224,0.057064685970544818,-0.1035674661397934,-0.054684609174728397,0.9931179881095886],"EasingStyle":"Linear","EasingDirection":"Out"},"Right Arm":{"Weight":1,"CFrame":[0.006022844463586807,-0.10120207071304321,-0.20455873012542725,0.6937938928604126,0.02713214047253132,-0.7196623682975769,-0.17041359841823579,0.9770954847335815,-0.12745054066181184,0.6997208595275879,0.21106469631195069,0.6825265288352966],"EasingStyle":"Linear","EasingDirection":"Out"},"Left Arm":{"Weight":1,"CFrame":[-0.14542970061302186,-0.33015429973602297,-0.17516189813613892,0.6714835166931152,0.24873033165931703,-0.6980282068252564,-0.3804706335067749,0.9240633249282837,-0.036728210747241977,0.6358867883682251,0.290241539478302,0.7151277661323547],"EasingStyle":"Linear","EasingDirection":"Out"},"Head":{"Weight":1,"CFrame":[8.218921720981598e-8,-4.842877388000488e-8,0,0.9918481111526489,-0.05688169226050377,-0.11402545124292374,-0.05285108461976051,0.6306053996086121,-0.7743021249771118,0.11594866216182709,0.7740163207054138,0.6224583983421326],"EasingStyle":"Linear","EasingDirection":"Out"},"Torso":{"Weight":1,"CFrame":[0.07569137215614319,-0.055338263511657718,-0.15703034400939942,0.9977600574493408,-0.06589982658624649,0.01149260625243187,0.06689166277647019,0.9844505786895752,-0.16242699325084687,-0.0006099916063249111,0.16283193230628968,0.9866536259651184],"EasingStyle":"Linear","EasingDirection":"Out"},"HumanoidRootPart":{"Weight":1,"CFrame":[0,0,0,1,0,0,0,1,0,0,0,1],"EasingStyle":"Linear","EasingDirection":"In"},"Right Leg":{"Weight":1,"CFrame":[0.2532471716403961,0.21246099472045899,0.09683096408843994,0.943632960319519,0.06094073876738548,-0.32533514499664309,-0.0298781618475914,0.9945749640464783,0.0996391624212265,0.3296423554420471,-0.08430241793394089,0.9403345584869385],"EasingStyle":"Linear","EasingDirection":"Out"}}},{"Time":0.4333333373069763,"poses":{"Left Leg":{"Weight":1,"CFrame":[-0.4053354561328888,0.20968449115753175,0.03571474552154541,0.9935535192489624,-0.04140583053231239,0.10553179681301117,0.036140333861112598,0.9980276823043823,0.05132840573787689,-0.1074490025639534,-0.04718359187245369,0.9930903315544128],"EasingStyle":"Linear","EasingDirection":"Out"},"Right Arm":{"Weight":1,"CFrame":[0.0064222365617752079,-0.10032439231872559,-0.20857316255569459,0.6917958855628967,0.026133596897125245,-0.7216200828552246,-0.17729727923870088,0.9749007225036621,-0.13466358184814454,0.6999886631965637,0.22110103070735932,0.6790656447410584],"EasingStyle":"Linear","EasingDirection":"Out"},"Left Arm":{"Weight":1,"CFrame":[-0.14720980823040009,-0.33032748103141787,-0.17305105924606324,0.6689370274543762,0.25318077206611636,-0.6988725066184998,-0.3800927698612213,0.9244969487190247,-0.028894266113638879,0.6387900710105896,0.28496479988098147,0.7146623730659485],"EasingStyle":"Linear","EasingDirection":"Out"},"Head":{"Weight":1,"CFrame":[8.835922926664353e-8,4.7031790018081668e-8,2.384185791015625e-7,0.9922453165054321,0.08900202810764313,-0.08676309883594513,-0.1242130696773529,0.6847278475761414,-0.7181356549263,-0.00450641755014658,0.7233439087867737,0.6904732584953308],"EasingStyle":"Linear","EasingDirection":"Out"},"Torso":{"Weight":1,"CFrame":[0.08412574976682663,-0.06326988339424133,-0.15958476066589356,0.9982361793518066,-0.05856722220778465,0.009716701693832875,0.059367597103118899,0.9851807951927185,-0.16091695427894593,-0.0001482492225477472,0.16120998561382295,0.9869201183319092],"EasingStyle":"Linear","EasingDirection":"Out"},"HumanoidRootPart":{"Weight":1,"CFrame":[0,0,0,1,0,0,0,1,0,0,0,1],"EasingStyle":"Linear","EasingDirection":"In"},"Right Leg":{"Weight":1,"CFrame":[0.2576230764389038,0.2167835235595703,0.09568989276885987,0.9438344836235046,0.06721256673336029,-0.32351022958755495,-0.03383469581604004,0.993605375289917,0.10771972686052323,0.32868167757987978,-0.09072374552488327,0.9400731921195984],"EasingStyle":"Linear","EasingDirection":"Out"}}},{"Time":0.46666666865348818,"poses":{"Left Leg":{"Weight":1,"CFrame":[-0.39903032779693606,0.19991767406463624,0.038077354431152347,0.9928609132766724,-0.04711204394698143,0.10957934707403183,0.0421103797852993,0.9979822635650635,0.04751991480588913,-0.11159708350896836,-0.042566247284412387,0.9928414821624756],"EasingStyle":"Linear","EasingDirection":"Out"},"Right Arm":{"Weight":1,"CFrame":[0.006730258464813232,-0.09935197234153748,-0.21279025077819825,0.6908453702926636,0.025363586843013765,-0.722557544708252,-0.18453426659107209,0.9724700450897217,-0.1422993391752243,0.6990563273429871,0.2316434234380722,0.6765068769454956],"EasingStyle":"Linear","EasingDirection":"Out"},"Left Arm":{"Weight":1,"CFrame":[-0.14848288893699647,-0.33074086904525759,-0.17054426670074464,0.6675287485122681,0.2563632130622864,-0.6990588903427124,-0.378058522939682,0.9255298972129822,-0.021590739488601686,0.64146488904953,0.27869749069213869,0.7147380113601685],"EasingStyle":"Linear","EasingDirection":"Out"},"Head":{"Weight":1,"CFrame":[9.423820301890373e-8,1.1641532182693482e-8,1.1920928955078126e-7,0.9976403117179871,0.06836540251970291,0.00631846534088254,-0.05254404619336128,0.81950443983078,-0.570658802986145,-0.04419133812189102,0.56898033618927,0.8211629390716553],"EasingStyle":"Linear","EasingDirection":"Out"},"Torso":{"Weight":1,"CFrame":[0.08825622498989105,-0.06017926335334778,-0.15420961380004884,0.9986376762390137,-0.05157255008816719,0.007942072115838528,0.05218011140823364,0.9864113926887512,-0.15578755736351014,0.00020021031377837062,0.15598973631858827,0.9877586364746094],"EasingStyle":"Linear","EasingDirection":"Out"},"HumanoidRootPart":{"Weight":1,"CFrame":[0,0,0,1,0,0,0,1,0,0,0,1],"EasingStyle":"Linear","EasingDirection":"In"},"Right Leg":{"Weight":1,"CFrame":[0.25276339054107668,0.2133803367614746,0.09106576442718506,0.9457384347915649,0.06528066098690033,-0.3183036148548126,-0.03048384189605713,0.9931153655052185,0.11310432106256485,0.3234958350658417,-0.09726402908563614,0.9412174224853516],"EasingStyle":"Linear","EasingDirection":"Out"}}},{"Time":0.5,"poses":{"Left Leg":{"Weight":1,"CFrame":[-0.3860023617744446,0.1878095269203186,0.03835463523864746,0.9925020337104797,-0.04864548519253731,0.11213064193725586,0.04353504627943039,0.9979180693626404,0.047583483159542087,-0.11421194672584534,-0.04234512150287628,0.9925535321235657],"EasingStyle":"Linear","EasingDirection":"Out"},"Right Arm":{"Weight":1,"CFrame":[0.006933148950338364,-0.09832414984703064,-0.21702587604522706,0.6909052133560181,0.024856295436620714,-0.7225179076194763,-0.1917920708656311,0.9698998332023621,-0.15003369748592378,0.6970407366752625,0.24223236739635468,0.6748760938644409],"EasingStyle":"Linear","EasingDirection":"Out"},"Left Arm":{"Weight":1,"CFrame":[-0.1491330862045288,-0.331399142742157,-0.1677207350730896,0.6674355268478394,0.257988840341568,-0.698549747467041,-0.37431785464286806,0.9271755218505859,-0.015220399014651776,0.6437515020370483,0.27163827419281008,0.7153996229171753],"EasingStyle":"Linear","EasingDirection":"Out"},"Head":{"Weight":1,"CFrame":[9.324867278337479e-8,1.4435499906539917e-8,-2.384185791015625e-7,0.9918462634086609,-0.09552106261253357,0.08436045050621033,0.11773199588060379,0.9402064681053162,-0.31961068511009219,-0.048786673694849017,0.3269365131855011,0.9437861442565918],"EasingStyle":"Linear","EasingDirection":"Out"},"Torso":{"Weight":1,"CFrame":[0.08758752048015595,-0.049183815717697147,-0.14426112174987794,0.9988155364990234,-0.048162128776311877,0.006926335860043764,0.04865722730755806,0.9880581498146057,-0.14619681239128114,0.0001975263439817354,0.14636066555976869,0.989231288433075],"EasingStyle":"Linear","EasingDirection":"Out"},"HumanoidRootPart":{"Weight":1,"CFrame":[0,0,0,1,0,0,0,1,0,0,0,1],"EasingStyle":"Linear","EasingDirection":"In"},"Right Leg":{"Weight":1,"CFrame":[0.24260593950748444,0.2036861777305603,0.08597815036773682,0.9476212859153748,0.06339097023010254,-0.3130422532558441,-0.028202936053276063,0.9928854703903198,0.11568491905927658,0.31814855337142947,-0.10079684853553772,0.9426672458648682],"EasingStyle":"Linear","EasingDirection":"Out"}}},{"Time":0.5333333611488342,"poses":{"Left Leg":{"Weight":1,"CFrame":[-0.36884257197380068,0.17694169282913209,0.03728973865509033,0.9924649596214294,-0.04491068422794342,0.11400166898965836,0.03934512287378311,0.9979431629180908,0.05061008408665657,-0.11604012548923493,-0.045743316411972049,0.9921905994415283],"EasingStyle":"Linear","EasingDirection":"Out"},"Right Arm":{"Weight":1,"CFrame":[0.007017165422439575,-0.09728652238845825,-0.22109723091125489,0.6919332146644592,0.024646108970046045,-0.7215406894683838,-0.19874148070812226,0.9673061370849609,-0.15754562616348267,0.6940679550170898,0.2524111270904541,0.674209475517273],"EasingStyle":"Linear","EasingDirection":"Out"},"Left Arm":{"Weight":1,"CFrame":[-0.14907562732696534,-0.3322943150997162,-0.16467326879501344,0.6687569618225098,0.25784531235694888,-0.6973377466201782,-0.3689013719558716,0.929413378238678,-0.010125010274350644,0.6455044150352478,0.2640199363231659,0.7166711091995239],"EasingStyle":"Linear","EasingDirection":"Out"},"Head":{"Weight":1,"CFrame":[9.680115908849985e-8,1.0477378964424133e-7,2.384185791015625e-7,0.9572464823722839,-0.2802070379257202,0.07185550034046173,0.28274399042129519,0.9587935209274292,-0.027763331308960916,-0.06111510843038559,0.04689309000968933,0.9970285892486572],"EasingStyle":"Linear","EasingDirection":"Out"},"Torso":{"Weight":1,"CFrame":[0.08252172917127609,-0.03511011600494385,-0.13309454917907716,0.998850405216217,-0.04748707264661789,0.006549239158630371,0.0479365698993206,0.989494264125824,-0.13639356195926667,-0.0000035034140637435486,0.13655070960521699,0.9906330704689026],"EasingStyle":"Linear","EasingDirection":"Out"},"HumanoidRootPart":{"Weight":1,"CFrame":[0,0,0,1,0,0,0,1,0,0,0,1],"EasingStyle":"Linear","EasingDirection":"In"},"Right Leg":{"Weight":1,"CFrame":[0.23026800155639649,0.19167178869247437,0.08119261264801026,0.9495065212249756,0.0598924458026886,-0.30797767639160159,-0.025374384596943857,0.9930541515350342,0.11488941311836243,0.31271952390670779,-0.10127352178096771,0.9444311261177063],"EasingStyle":"Linear","EasingDirection":"Out"}}},{"Time":0.5666666626930237,"poses":{"Left Leg":{"Weight":1,"CFrame":[-0.34999972581863406,0.17076259851455689,0.03599417209625244,0.9925944805145264,-0.033261075615882876,0.11683271080255509,0.026978518813848497,0.9981245994567871,0.054949801415205,-0.11844133585691452,-0.0513908751308918,0.9916303157806397],"EasingStyle":"Linear","EasingDirection":"Out"},"Right Arm":{"Weight":1,"CFrame":[0.006970368325710297,-0.09629371762275696,-0.22482383251190186,0.6938830018043518,0.02476338855922222,-0.7196618914604187,-0.2050594836473465,0.9648240804672241,-0.16451486945152284,0.6902731657028198,0.26172754168510439,0.674552857875824],"EasingStyle":"Linear","EasingDirection":"Out"},"Left Arm":{"Weight":1,"CFrame":[-0.14835859835147859,-0.3333657383918762,-0.16154706478118897,0.6713207960128784,0.2560524046421051,-0.6955326199531555,-0.36216357350349429,0.9320924282073975,-0.006417362950742245,0.6466574668884277,0.2562046945095062,0.7184658646583557],"EasingStyle":"Linear","EasingDirection":"Out"},"Head":{"Weight":1,"CFrame":[8.632196113467217e-8,-3.958120942115784e-8,1.1920928955078126e-7,0.9369654059410095,-0.3491858243942261,-0.01284800935536623,0.3443376123905182,0.9164574146270752,0.20380717515945435,-0.059391919523477557,-0.19538435339927674,0.9789267182350159],"EasingStyle":"Linear","EasingDirection":"Out"},"Torso":{"Weight":1,"CFrame":[0.07368531823158264,-0.022784709930419923,-0.12406516075134278,0.9988417029380798,-0.04767777770757675,0.006488836836069822,0.04811711981892586,0.9900947213172913,-0.13189859688282014,-0.00013593108451459557,0.1320580542087555,0.991241991519928],"EasingStyle":"Linear","EasingDirection":"Out"},"HumanoidRootPart":{"Weight":1,"CFrame":[0,0,0,1,0,0,0,1,0,0,0,1],"EasingStyle":"Linear","EasingDirection":"In"},"Right Leg":{"Weight":1,"CFrame":[0.2198503315448761,0.18185144662857057,0.07721519470214844,0.9517892599105835,0.05090673267841339,-0.30249908566474917,-0.018178287893533708,0.9937608242034912,0.11004071682691574,0.3062135875225067,-0.09923668950796128,0.946776270866394],"EasingStyle":"Linear","EasingDirection":"Out"}}},{"Time":0.6000000238418579,"poses":{"Left Leg":{"Weight":1,"CFrame":[-0.33766838908195498,0.17186874151229859,0.03353404998779297,0.9930618405342102,-0.016591237857937814,0.11641671508550644,0.009591860696673394,0.9981264472007752,0.06042812392115593,-0.11720122396945954,-0.05889226123690605,0.9913604855537415],"EasingStyle":"Linear","EasingDirection":"Out"},"Right Arm":{"Weight":1,"CFrame":[0.006782684475183487,-0.09540528059005737,-0.22802579402923585,0.6967050433158875,0.025232398882508279,-0.7169138193130493,-0.21043099462985993,0.9626047015190125,-0.17061954736709596,0.6857994794845581,0.2697322964668274,0.6759611964225769],"EasingStyle":"Linear","EasingDirection":"Out"},"Left Arm":{"Weight":1,"CFrame":[-0.14706438779830934,-0.33454158902168276,-0.15850216150283814,0.6748850345611572,0.2528171241283417,-0.693263053894043,-0.35453811287879946,0.935032308101654,-0.004154824651777744,0.6471729874610901,0.24859212338924409,0.720672607421875],"EasingStyle":"Linear","EasingDirection":"Out"},"Head":{"Weight":1,"CFrame":[8.346978574991226e-8,-1.5133991837501527e-8,5.960464477539063e-7,0.9658275842666626,-0.2393735945224762,-0.09938494861125946,0.25900524854660036,0.9056766629219055,0.33565768599510195,0.009663045406341553,-0.34992870688438418,0.9367265105247498],"EasingStyle":"Linear","EasingDirection":"Out"},"Torso":{"Weight":1,"CFrame":[0.06170468404889107,-0.017034143209457399,-0.1205284595489502,0.9985678195953369,-0.05305871367454529,0.006865546107292175,0.05350010097026825,0.9895278811454773,-0.1340610235929489,0.0003194571181666106,0.13423633575439454,0.990949273109436],"EasingStyle":"Linear","EasingDirection":"Out"},"HumanoidRootPart":{"Weight":1,"CFrame":[0,0,0,1,0,0,0,1,0,0,0,1],"EasingStyle":"Linear","EasingDirection":"In"},"Right Leg":{"Weight":1,"CFrame":[0.21603624522686006,0.17721521854400636,0.07722938060760498,0.9523445963859558,0.04362114518880844,-0.3018888831138611,-0.013216031715273857,0.9946929216384888,0.10203569382429123,0.3047376871109009,-0.09318343549966812,0.9478669762611389],"EasingStyle":"Linear","EasingDirection":"Out"}}},{"Time":0.6333333253860474,"poses":{"Left Leg":{"Weight":1,"CFrame":[-0.3356764316558838,0.17594224214553834,0.037935614585876468,0.9912747144699097,-0.02242356725037098,0.12989066541194917,0.014115999452769757,0.9978159666061401,0.06452887505292893,-0.13105399906635285,-0.062132369726896289,0.98942631483078],"EasingStyle":"Linear","EasingDirection":"Out"},"Right Arm":{"Weight":1,"CFrame":[0.006448294967412949,-0.09468793869018555,-0.23052453994750977,0.7003483176231384,0.02606847509741783,-0.7133250832557678,-0.21455007791519166,0.9608100652