{"Sequence":[{"Time":0,"poses":{"Left Leg":{"Weight":1,"CFrame":[-0.8233293294906616,0.03145718574523926,-0.17684584856033326,0.8507246971130371,-0.2970256209373474,-0.43363961577415469,0.3610633611679077,0.9297986030578613,0.07146865129470825,0.38196954131126406,-0.21737155318260194,0.8982477784156799],"EasingStyle":"Linear","EasingDirection":"In"},"Head":{"Weight":1,"CFrame":[8.443268484370492e-8,3.166496753692627e-8,-1.7881393432617188e-7,0.9989283084869385,-0.01886543072760105,-0.04226536303758621,0.012087402865290642,0.9878042936325073,-0.15523101389408112,0.04467840492725372,0.15455380082130433,0.9869737029075623],"EasingStyle":"Linear","EasingDirection":"In"},"Right Arm":{"Weight":1,"CFrame":[0.06253325939178467,-0.844254732131958,-0.34485137462615969,-0.077176034450531,-0.43937432765960696,0.8949827551841736,0.8926110863685608,-0.4303576648235321,-0.13430440425872804,0.44417276978492739,0.7885065078735352,0.4254037141799927],"EasingStyle":"Linear","EasingDirection":"In"},"Left Arm":{"Weight":1,"CFrame":[0.16986718773841859,-0.6492301225662231,0.011323094367980957,0.09020113945007324,0.6822919249534607,-0.7254939079284668,-0.9954814910888672,0.08347129821777344,-0.045268405228853229,0.02967163734138012,0.726298987865448,0.6867382526397705],"EasingStyle":"Linear","EasingDirection":"In"},"Handle":{"Weight":1,"CFrame":[-0.06681782007217407,-0.10304760932922363,0.11670571565628052,0.8913493752479553,0.41051575541496279,-0.19228513538837434,-0.4355187714099884,0.8931872844696045,-0.11198024451732636,0.12577691674232484,0.183557391166687,0.9749292135238648],"EasingStyle":"Linear","EasingDirection":"In"},"Torso":{"Weight":1,"CFrame":[0.008275659754872322,0.04303835332393646,-0.141035795211792,0.9820104837417603,0.18837016820907594,0.013119914568960667,-0.1888265162706375,0.9796371459960938,0.06823183596134186,8.695234043898381e-8,-0.06948176771402359,0.9975832104682922],"EasingStyle":"Linear","EasingDirection":"In"},"HumanoidRootPart":{"Weight":0,"CFrame":[0,0,0,1,0,0,0,1,0,0,0,1],"EasingStyle":"Linear","EasingDirection":"In"},"Right Leg":{"Weight":1,"CFrame":[0.8233296871185303,0.03145766258239746,-0.17684602737426759,0.8507246375083923,0.29702574014663699,0.43363967537879946,-0.36106395721435549,0.9297984838485718,0.07146883010864258,-0.38196924328804018,-0.21737177670001985,0.8982475996017456],"EasingStyle":"Linear","EasingDirection":"In"}}},{"Time":0.017083333805203439,"poses":{"Left Leg":{"Weight":1,"CFrame":[-0.8354083299636841,0.032764315605163577,-0.18281835317611695,0.848598301410675,-0.30327725410461428,-0.4334787130355835,0.3697165548801422,0.9260409474372864,0.07588265091180802,0.3784053921699524,-0.2246580421924591,0.897963285446167],"EasingStyle":"Linear","EasingDirection":"In"},"Head":{"Weight":1,"CFrame":[8.568167686462403e-8,1.1641532182693482e-8,-5.960464477539063e-8,0.998546838760376,-0.019628066569566728,-0.05019022896885872,0.011257508769631386,0.9867401719093323,-0.16191734373569489,0.05270283669233322,0.1611170470714569,0.9855272173881531],"EasingStyle":"Linear","EasingDirection":"In"},"Right Arm":{"Weight":1,"CFrame":[0.060656242072582248,-0.8477740287780762,-0.35047078132629397,-0.07819554954767227,-0.4391939640045166,0.8949827551841736,0.8916099071502686,-0.43242794275283816,-0.13430438935756684,0.4460013806819916,0.7874736189842224,0.4254036247730255],"EasingStyle":"Linear","EasingDirection":"In"},"Left Arm":{"Weight":1,"CFrame":[0.17508794367313386,-0.6533433794975281,0.007652401924133301,0.09127214550971985,0.6873645186424255,-0.7205548882484436,-0.9955612421035767,0.0796692743897438,-0.050107669085264209,0.022963760420680047,0.7219299674034119,0.691585123538971],"EasingStyle":"Linear","EasingDirection":"In"},"Handle":{"Weight":1,"CFrame":[-0.06681796908378601,-0.10304760932922363,0.116705521941185,0.8913501501083374,0.4105129837989807,-0.19228683412075044,-0.4355176091194153,0.8931868672370911,-0.11198894679546356,0.12577511370182038,0.18356579542160035,0.9749278426170349],"EasingStyle":"Linear","EasingDirection":"In"},"Torso":{"Weight":1,"CFrame":[0.007674232125282288,0.042701706290245059,-0.1452195644378662,0.9819695949554443,0.18837016820907594,0.01589411497116089,-0.18901853263378144,0.9796371459960938,0.06769812852144242,-0.0028181581292301418,-0.06948176771402359,0.9975793361663818],"EasingStyle":"Linear","EasingDirection":"In"},"HumanoidRootPart":{"Weight":0,"CFrame":[0,0,0,1,0,0,0,1,0,0,0,1],"EasingStyle":"Linear","EasingDirection":"In"},"Right Leg":{"Weight":1,"CFrame":[0.8290594816207886,0.030772864818572999,-0.17951667308807374,0.8496187925338745,0.2999764382839203,0.4337766468524933,-0.36255839467048647,0.9295267462730408,0.06731642782688141,-0.38301360607147219,-0.21446263790130616,0.8985022902488709],"EasingStyle":"Linear","EasingDirection":"In"}}},{"Time":0.03375000134110451,"poses":{"Left Leg":{"Weight":1,"CFrame":[-0.8666994571685791,0.0361100435256958,-0.198319673538208,0.8428598046302795,-0.31949084997177126,-0.4330279529094696,0.39225542545318606,0.9156439304351807,0.08793094754219055,0.3684062063694,-0.24397100508213044,0.8970813751220703],"EasingStyle":"Linear","EasingDirection":"In"},"Head":{"Weight":1,"CFrame":[8.009374141693115e-8,3.259629011154175e-9,-5.960464477539063e-8,0.9971849918365479,-0.021967699751257898,-0.07169070094823837,0.008726544678211213,0.9836238026618958,-0.18002267181873322,0.0744713693857193,0.17889033257961274,0.9810464978218079],"EasingStyle":"Linear","EasingDirection":"In"},"Right Arm":{"Weight":1,"CFrame":[0.05556140094995499,-0.8573263883590698,-0.3657236695289612,-0.08096067607402802,-0.43869268894195559,0.8949828147888184,0.8888681530952454,-0.4380360245704651,-0.13430438935756684,0.4509531557559967,0.7846484184265137,0.42540353536605837],"EasingStyle":"Linear","EasingDirection":"In"},"Left Arm":{"Weight":1,"CFrame":[0.18925854563713075,-0.6645095348358154,-0.0024076104164123537,0.09394163638353348,0.7010094523429871,-0.7069375514984131,-0.9955666661262512,0.06949402391910553,-0.06338519603013993,0.00469429325312376,0.7097579836845398,0.7044300436973572],"EasingStyle":"Linear","EasingDirection":"In"},"Handle":{"Weight":1,"CFrame":[-0.06681802868843079,-0.10304760932922363,0.11670516431331635,0.8913527131080627,0.41050493717193606,-0.1922920048236847,-0.4355138838291168,0.8931853771209717,-0.11201493442058563,0.12576965987682343,0.18359090387821198,0.974923849105835],"EasingStyle":"Linear","EasingDirection":"In"},"Torso":{"Weight":1,"CFrame":[0.006041906774044037,0.04178610444068909,-0.1566009521484375,0.9818187355995178,0.18837016820907594,0.023424280807375909,-0.18953213095664979,0.9796371459960938,0.06624655425548554,-0.010468422435224057,-0.0694817528128624,0.9975283145904541],"EasingStyle":"Linear","EasingDirection":"In"},"HumanoidRootPart":{"Weight":0,"CFrame":[0,0,0,1,0,0,0,1,0,0,0,1],"EasingStyle":"Linear","EasingDirection":"In"},"Right Leg":{"Weight":1,"CFrame":[0.8441967964172363,0.029044628143310548,-0.1865828037261963,0.8466365933418274,0.3077755272388458,0.4341440200805664,-0.3663681447505951,0.9287815093994141,0.05602902173995972,-0.385980486869812,-0.20649279654026032,0.8990994691848755],"EasingStyle":"Linear","EasingDirection":"In"}}},{"Time":0.050833333283662799,"poses":{"Left Leg":{"Weight":1,"CFrame":[-0.909450113773346,0.040540337562561038,-0.21956980228424073,0.8344745635986328,-0.3416847884654999,-0.4323236048221588,0.4232775568962097,0.8997935056686401,0.10586673766374588,0.3528290092945099,-0.2713361382484436,0.8954823017120361],"EasingStyle":"Linear","EasingDirection":"In"},"Head":{"Weight":1,"CFrame":[7.450580596923828e-8,-5.122274160385132e-9,1.1920928955078126e-7,0.9943065643310547,-0.02613314427435398,-0.10330329835414887,0.004256329033523798,0.9784268736839294,-0.20654970407485963,0.10647253692150116,0.2049340307712555,0.9729675054550171],"EasingStyle":"Linear","EasingDirection":"In"},"Right Arm":{"Weight":1,"CFrame":[0.04805329442024231,-0.8714029788970947,-0.38820117712020876,-0.08502987772226334,-0.43792226910591128,0.8949826955795288,0.8847630620002747,-0.44626951217651369,-0.13430441915988923,0.4582187533378601,0.7804279327392578,0.42540380358695986],"EasingStyle":"Linear","EasingDirection":"In"},"Left Arm":{"Weight":1,"CFrame":[0.21014147996902467,-0.6809632778167725,-0.017427444458007814,0.09723704308271408,0.7207633852958679,-0.6863270998001099,-0.9950099587440491,0.05490526929497719,-0.08331051468849182,-0.022364309057593347,0.6910032629966736,0.7225056886672974],"EasingStyle":"Linear","EasingDirection":"In"},"Handle":{"Weight":1,"CFrame":[-0.06681784987449646,-0.10304760932922363,0.11670561134815216,0.8913570642471314,0.41049155592918398,-0.19230061769485475,-0.4355076551437378,0.8931829929351807,-0.11205834150314331,0.12576057016849519,0.18363255262374879,0.9749171137809753],"EasingStyle":"Linear","EasingDirection":"In"},"Torso":{"Weight":1,"CFrame":[0.003636002540588379,0.040432095527648929,-0.17344093322753907,0.981491208076477,0.18837016820907594,0.03452077880501747,-0.19026882946491242,0.9796371459960938,0.06409994512796402,-0.02174331806600094,-0.069481760263443,0.9973463416099548],"EasingStyle":"Linear","EasingDirection":"In"},"HumanoidRootPart":{"Weight":0,"CFrame":[0,0,0,1,0,0,0,1,0,0,0,1],"EasingStyle":"Linear","EasingDirection":"In"},"Right Leg":{"Weight":1,"CFrame":[0.8654727339744568,0.02682548761367798,-0.19653671979904176,0.8422940969467163,0.31874898076057436,0.4346719980239868,-0.3713611364364624,0.9276540875434876,0.03935499116778374,-0.39068084955215456,-0.1945687234401703,0.8997286558151245],"EasingStyle":"Linear","EasingDirection":"In"}}},{"Time":0.06791666895151138,"poses":{"Left Leg":{"Weight":1,"CFrame":[-0.9566777348518372,0.04517054557800293,-0.24313944578170777,0.8244588375091553,-0.3662794828414917,-0.4314011335372925,0.45780670642852785,0.8797991275787354,0.12793266773223878,0.3326871693134308,-0.3029734790325165,0.8930433392524719],"EasingStyle":"Linear","EasingDirection":"In"},"Head":{"Weight":1,"CFrame":[1.0058283805847168e-7,2.1420419216156007e-8,1.1920928955078126e-7,0.9894152879714966,-0.03233449161052704,-0.14146371185779572,-0.0023506982252001764,0.9711593985557556,-0.23841989040374757,0.14509299397468568,0.236228808760643,0.9608038663864136],"EasingStyle":"Linear","EasingDirection":"In"},"Right Arm":{"Weight":1,"CFrame":[0.038936272263526919,-0.8884968757629395,-0.4154956340789795,-0.08996232599020004,-0.43693557381629946,0.8949828147888184,0.8796749711036682,-0.4562171697616577,-0.13430441915988923,0.4669891893863678,0.7752116918563843,0.4254036843776703],"EasingStyle":"Linear","EasingDirection":"In"},"Left Arm":{"Weight":1,"CFrame":[0.23549948632717133,-0.7009443640708923,-0.03597813844680786,0.10019957274198532,0.7441247701644898,-0.6604834794998169,-0.9934258460998535,0.03788430988788605,-0.10802749544382096,-0.055364061146974567,0.666965663433075,0.7430287003517151],"EasingStyle":"Linear","EasingDirection":"In"},"Handle":{"Weight":1,"CFrame":[-0.06681811809539795,-0.10304760932922363,0.1167052835226059,0.8913630843162537,0.41047289967536929,-0.19231250882148744,-0.4354989528656006,0.8931796550750732,-0.1121189147233963,0.12574778497219087,0.18369068205356599,0.9749078750610352],"EasingStyle":"Linear","EasingDirection":"In"},"Torso":{"Weight":1,"CFrame":[0.0007122009992599487,0.03878071904182434,-0.19399762153625489,0.9809248447418213,0.18837016820907594,0.04799136146903038,-0.1911308616399765,0.9796371459960938,0.06148190051317215,-0.03543276712298393,-0.0694817528128624,0.9969537854194641],"EasingStyle":"Linear","EasingDirection":"In"},"HumanoidRootPart":{"Weight":0,"CFrame":[0,0,0,1,0,0,0,1,0,0,0,1],"EasingStyle":"Linear","EasingDirection":"In"},"Right Leg":{"Weight":1,"CFrame":[0.8898866772651672,0.024621307849884034,-0.20798057317733766,0.83709317445755,0.3313552141189575,0.4352915287017822,-0.37653738260269167,0.9262056350708008,0.019052881747484208,-0.3968561887741089,-0.17985239624977113,0.9000879526138306],"EasingStyle":"Linear","EasingDirection":"In"}}},{"Time":0.0845833346247673,"poses":{"Left Leg":{"Weight":1,"CFrame":[-1.0035659074783326,0.04938572645187378,-0.26662397384643557,0.8137152194976807,-0.39077359437942507,-0.4303063154220581,0.4921420216560364,0.8570889234542847,0.15229983627796174,0.30929577350616457,-0.3357003927230835,0.8897423148155212],"EasingStyle":"Linear","EasingDirection":"In"},"Head":{"Weight":1,"CFrame":[9.313225746154785e-8,-1.5832483768463136e-8,-5.960464477539063e-8,0.9823641777038574,-0.04048870503902435,-0.18254125118255616,-0.010989290662109852,0.9620829820632935,-0.2725355327129364,0.18665441870689393,0.269735187292099,0.9446709156036377],"EasingStyle":"Linear","EasingDirection":"In"},"Right Arm":{"Weight":1,"CFrame":[0.029014863073825837,-0.9070990085601807,-0.4451981782913208,-0.09531695395708084,-0.4357988238334656,0.8949827551841736,0.8740105628967285,-0.46697700023651125,-0.13430440425872804,0.47646647691726687,0.7694230675697327,0.42540377378463747],"EasingStyle":"Linear","EasingDirection":"In"},"Left Arm":{"Weight":1,"CFrame":[0.26309484243392947,-0.7226879596710205,-0.05663096904754639,0.10211297869682312,0.7686822414398193,-0.6314274072647095,-0.990570604801178,0.02029021829366684,-0.13549230992794038,-0.0913388654589653,0.6393090486526489,0.7635059356689453],"EasingStyle":"Linear","EasingDirection":"In"},"Handle":{"Weight":1,"CFrame":[-0.06681802868843079,-0.10304772853851319,0.11670534312725067,0.8913708925247192,0.41044890880584719,-0.19232776761054994,-0.43548792600631716,0.8931753635406494,-0.1121964082121849,0.1257314831018448,0.18376511335372926,0.9748959541320801],"EasingStyle":"Linear","EasingDirection":"In"},"Torso":{"Weight":1,"CFrame":[-0.002475142478942871,0.036975160241127017,-0.21650266647338868,0.9800984263420105,0.18837016820907594,0.0626416876912117,-0.19202814996242524,0.9796371459960938,0.05861940234899521,-0.05032399296760559,-0.0694817453622818,0.9963130950927734],"EasingStyle":"Linear","EasingDirection":"In"},"HumanoidRootPart":{"Weight":0,"CFrame":[0,0,0,1,0,0,0,1,0,0,0,1],"EasingStyle":"Linear","EasingDirection":"In"},"Right Leg":{"Weight":1,"CFrame":[0.9147439002990723,0.02276611328125,-0.21963638067245484,0.8315490484237671,0.34421512484550478,0.4359382688999176,-0.381084144115448,0.92453533411026,-0.0030945499893277885,-0.40410521626472475,-0.16355571150779725,0.8999712467193604],"EasingStyle":"Linear","EasingDirection":"In"}}},{"Time":0.10166666656732559,"poses":{"Left Leg":{"Weight":1,"CFrame":[-1.04633629322052,0.052805960178375247,-0.2880999445915222,0.8031957149505615,-0.41320985555648806,-0.42910894751548769,0.523382306098938,0.8335050940513611,0.17703178524971009,0.2845131456851959,-0.3667791187763214,0.8857343792915344],"EasingStyle":"Linear","EasingDirection":"In"},"Head":{"Weight":1,"CFrame":[3.725290298461914e-8,-2.1420419216156007e-8,0,0.9735403060913086,-0.050073932856321338,-0.22296196222305299,-0.021101567894220353,0.9518284201622009,-0.30590423941612246,0.22753937542438508,0.30251485109329226,0.9255866408348084],"EasingStyle":"Linear","EasingDirection":"In"},"Right Arm":{"Weight":1,"CFrame":[0.019093424081802369,-0.9257006645202637,-0.47490084171295168,-0.1006576344370842,-0.4345964193344116,0.8949827551841736,0.86821448802948,-0.4776670038700104,-0.13430440425872804,0.4858720898628235,0.7635183930397034,0.4254035949707031],"EasingStyle":"Linear","EasingDirection":"In"},"Left Arm":{"Weight":1,"CFrame":[0.29069024324417117,-0.744431734085083,-0.0779569149017334,0.10265132784843445,0.7922471165657044,-0.6015041470527649,-0.9865448474884033,0.003729923628270626,-0.1634489893913269,-0.12724854052066804,0.6101890802383423,0.7819700837135315],"EasingStyle":"Linear","EasingDirection":"In"},"Handle":{"Weight":1,"CFrame":[-0.06681808829307556,-0.10304760932922363,0.11670529842376709,0.8913803696632385,0.41041964292526247,-0.19234612584114076,-0.4354742765426636,0.8931701183319092,-0.11229082196950913,0.12571139633655549,0.18385566771030427,0.9748814105987549],"EasingStyle":"Linear","EasingDirection":"In"},"Torso":{"Weight":1,"CFrame":[-0.005671307444572449,0.035161346197128299,-0.23914837837219239,0.9790530204772949,0.18837016820907594,0.07727806270122528,-0.1928825080394745,0.9796371459960938,0.05574385076761246,-0.06520397216081619,-0.06948176771402359,0.9954500198364258],"EasingStyle":"Linear","EasingDirection":"In"},"HumanoidRootPart":{"Weight":0,"CFrame":[0,0,0,1,0,0,0,1,0,0,0,1],"EasingStyle":"Linear","EasingDirection":"In"},"Right Leg":{"Weight":1,"CFrame":[0.9380937814712524,0.021431267261505128,-0.23056650161743165,0.8261098265647888,0.3563178479671478,0.4365551173686981,-0.3846287727355957,0.9227250814437866,-0.025283506140112878,-0.4118291437625885,-0.14702464640140534,0.8993222117424011],"EasingStyle":"Linear","EasingDirection":"In"}}},{"Time":0.11874999850988388,"poses":{"Left Leg":{"Weight":1,"CFrame":[-1.0827022790908814,0.055328309535980228,-0.30637693405151369,0.793701171875,-0.4323553144931793,-0.42791053652763369,0.5496793985366821,0.811062753200531,0.20007476210594178,0.2605588138103485,-0.39401304721832278,0.8813982605934143],"EasingStyle":"Linear","EasingDirection":"In"},"Head":{"Weight":1,"CFrame":[8.195638656616211e-8,1.862645149230957e-8,0,0.9639073014259338,-0.060102757066488269,-0.25936561822891238,-0.03164996579289436,0.9414097666740418,-0.3357766270637512,0.26435044407844546,0.33186641335487368,0.9055294990539551],"EasingStyle":"Linear","EasingDirection":"In"},"Right Arm":{"Weight":1,"CFrame":[0.009976401925086975,-0.9427942037582398,-0.5021951198577881,-0.10555127263069153,-0.43343380093574526,0.8949828743934631,0.8627735376358032,-0.487425833940506,-0.1343044638633728,0.49445006251335146,0.75799161195755,0.42540350556373598],"EasingStyle":"Linear","EasingDirection":"In"},"Left Arm":{"Weight":1,"CFrame":[0.31604817509651186,-0.7644121646881104,-0.09852677583694458,0.10193376988172531,0.8129518032073975,-0.5733400583267212,-0.9818278551101685,-0.010524523444473744,-0.18948182463645936,-0.16007386147975923,0.5822358727455139,0.7971060276031494],"EasingStyle":"Linear","EasingDirection":"In"},"Handle":{"Weight":1,"CFrame":[-0.06681805849075318,-0.10304760932922363,0.11670510470867157,0.8913915753364563,0.41038525104522707,-0.1923677772283554,-0.4354582726955414,0.8931639194488525,-0.1124020367860794,0.12568771839141847,0.18396255373954774,0.9748643040657044],"EasingStyle":"Linear","EasingDirection":"In"},"Torso":{"Weight":1,"CFrame":[-0.008618772029876709,0.03348782658576965,-0.26008105278015139,0.9778999090194702,0.18837016820907594,0.09071113914251328,-0.19362956285476685,0.9796371459960938,0.05309071019291878,-0.07886328548192978,-0.0694817379117012,0.994461178779602],"EasingStyle":"Linear","EasingDirection":"In"},"HumanoidRootPart":{"Weight":0,"CFrame":[0,0,0,1,0,0,0,1,0,0,0,1],"EasingStyle":"Linear","EasingDirection":"In"},"Right Leg":{"Weight":1,"CFrame":[0.958310604095459,0.02061450481414795,-0.23999124765396119,0.8212138414382935,0.3668185770511627,0.4370948374271393,-0.38703784346580508,0.9209309220314026,-0.0456966795027256,-0.41929638385772707,-0.13164527714252473,0.8982539176940918],"EasingStyle":"Linear","EasingDirection":"In"}}},{"Time":0.1354166716337204,"poses":{"Left Leg":{"Weight":1,"CFrame":[-1.1106903553009034,0.05698132514953613,-0.3204282522201538,0.7860381007194519,-0.44715237617492678,-0.4268474578857422,0.5696660280227661,0.7920863032341003,0.21927215158939362,0.24005179107189179,-0.41551655530929568,0.8773373961448669],"EasingStyle":"Linear","EasingDirection":"In"},"Head":{"Weight":1,"CFrame":[8.568167686462403e-8,-9.313225746154785e-9,0,0.9549115300178528,-0.06920599937438965,-0.28871190547943118,-0.04120493307709694,0.9321476221084595,-0.3597264587879181,0.2940172851085663,0.3554033041000366,0.8872668743133545],"EasingStyle":"Linear","EasingDirection":"In"},"Right Arm":{"Weight":1,"CFrame":[0.0024682655930519106,-0.9568711519241333,-0.5246728658676148,-0.10957100987434387,-0.4324350655078888,0.8949828147888184,0.8582109212875366,-0.49541518092155459,-0.13430441915988923,0.5014662742614746,0.7533681988716126,0.4254036545753479],"EasingStyle":"Linear","EasingDirection":"In"},"Left Arm":{"Weight":1,"CFrame":[0.3369310796260834,-0.7808666229248047,-0.11691170930862427,0.10047658532857895,0.8292754292488098,-0.5497332215309143,-0.9772257804870606,-0.021541353315114976,-0.21110624074935914,-0.18690742552280427,0.5584249496459961,0.8082249760627747],"EasingStyle":"Linear","EasingDirection":"In"},"Handle":{"Weight":1,"CFrame":[-0.06681808829307556,-0.10304749011993408,0.11670520901679993,0.891404390335083,0.41034582257270815,-0.19239257276058198,-0.4354398548603058,0.8931567072868347,-0.11253007501363754,0.12566044926643372,0.18408532440662385,0.9748446941375732],"EasingStyle":"Linear","EasingDirection":"In"},"Torso":{"Weight":1,"CFrame":[-0.011055350303649903,0.032105132937431338,-0.2774085998535156,0.9768121242523193,0.18837016820907594,0.10175901651382446,-0.19421730935573579,0.9796371459960938,0.050898611545562747,-0.09009913355112076,-0.0694817379117012,0.993506133556366],"EasingStyle":"Linear","EasingDirection":"In"},"HumanoidRootPart":{"Weight":0,"CFrame":[0,0,0,1,0,0,0,1,0,0,0,1],"EasingStyle":"Linear","EasingDirection":"In"},"Right Leg":{"Weight":1,"CFrame":[0.9743303060531616,0.020244956016540529,-0.24742627143859864,0.8172162175178528,0.37514528632164,0.4375198483467102,-0.38854312896728518,0.9193077087402344,-0.06251250207424164,-0.42566657066345217,-0.11890890449285507,0.8970332741737366],"EasingStyle":"Linear","EasingDirection":"In"}}},{"Time":0.1525000035762787,"poses":{"Left Leg":{"Weight":1,"CFrame":[-1.1288018226623536,0.0579032301902771,-0.3295099139213562,0.7809125185012817,-0.45675724744796755,-0.42608484625816347,0.5824218392372131,0.778954029083252,0.23241263628005982,0.22574445605278016,-0.42965513467788699,0.874320387840271],"EasingStyle":"Linear","EasingDirection":"In"},"Head":{"Weight":1,"CFrame":[8.009374141693115e-8,-3.725290298461914e-9,0,0.9482777118682861,-0.07580108195543289,-0.30825909972190859,-0.04811811447143555,0.9255276918411255,-0.3756104111671448,0.3137739896774292,0.3710157871246338,0.8740097880363464],"EasingStyle":"Linear","EasingDirection":"In"},"Right Arm":{"Weight":1,"CFrame":[-0.0026265010237693788,-0.9664233922958374,-0.5399256348609924,-0.11229293048381806,-0.4317363202571869,0.8949827551841736,0.8550730347633362,-0.5008116960525513,-0.13430438935756684,0.5062021017074585,0.7501943111419678,0.4254036545753479],"EasingStyle":"Linear","EasingDirection":"In"},"Left Arm":{"Weight":1,"CFrame":[0.35110172629356387,-0.7920322418212891,-0.13168257474899293,0.09904631972312927,0.8399609327316284,-0.5335310101509094,-0.9737412333488464,-0.02863479033112526,-0.22584965825080872,-0.20498259365558625,0.5418907999992371,0.8150686025619507],"EasingStyle":"Linear","EasingDirection":"In"},"Handle":{"Weight":1,"CFrame":[-0.06681790947914124,-0.10304749011993408,0.11670538783073425,0.8914189338684082,0.410301148891449,-0.19242054224014283,-0.4354190230369568,0.89314866065979,-0.11267464607954025,0.12562952935695649,0.1842239499092102,0.9748225212097168],"EasingStyle":"Linear","EasingDirection":"In"},"Torso":{"Weight":1,"CFrame":[-0.012714177370071411,0.031164713203907014,-0.2892119884490967,0.9760029315948486,0.18837016820907594,0.10924715548753739,-0.19460193812847138,0.9796371459960938,0.04940769448876381,-0.09771561622619629,-0.0694817453622818,0.9927860498428345],"EasingStyle":"Linear","EasingDirection":"In"},"HumanoidRootPart":{"Weight":0,"CFrame":[0,0,0,1,0,0,0,1,0,0,0,1],"EasingStyle":"Linear","EasingDirection":"In"},"Right Leg":{"Weight":1,"CFrame":[0.9847500324249268,0.020114660263061525,-0.2522386312484741,0.814553439617157,0.380572646856308,0.43779799342155459,-0.3892492353916168,0.9181614518165588,-0.07392162084579468,-0.4301019608974457,-0.11019954085350037,0.8960292339324951],"EasingStyle":"Linear","EasingDirection":"In"}}},{"Time":0.16958333551883698,"poses":{"Left Leg":{"Weight":1,"CFrame":[-1.1353060007095338,0.0582042932510376,-0.3327634334564209,0.7790395617485046,-0.46021294593811037,-0.42579472064971926,0.5869607329368591,0.7740658521652222,0.23727501928806306,0.2203962504863739,-0.43477144837379458,0.873154878616333],"EasingStyle":"Linear","EasingDirection":"In"},"Head":{"Weight":1,"CFrame":[7.450580596923828e-8,3.725290298461914e-9,0,0.9457283020019531,-0.07831361144781113,-0.31538084149360659,-0.050750039517879489,0.9230229258537293,-0.3813834488391876,0.32097119092941286,0.37669068574905398,0.8689544200897217],"EasingStyle":"Linear","EasingDirection":"In"},"Right Arm":{"Weight":1,"CFrame":[-0.004503533244132996,-0.969942569732666,-0.5455449819564819,-0.11329445987939835,-0.43147456645965578,0.8949827551841736,0.8539084792137146,-0.5027945637702942,-0.13430440425872804,0.5079416632652283,0.7490175366401672,0.4254035949707031],"EasingStyle":"Linear","EasingDirection":"In"},"Left Arm":{"Weight":1,"CFrame":[0.3563225269317627,-0.7961457967758179,-0.1414104700088501,0.09843024611473084,0.8438159823417664,-0.5275282263755798,-0.9723849892616272,-0.03116893768310547,-0.23129212856292725,-0.2116105705499649,0.5357268452644348,0.8174460530281067],"EasingStyle":"Linear","EasingDirection":"In"},"Handle":{"Weight":1,"CFrame":[-0.06681817770004273,-0.10304760932922363,0.11670500040054321,0.8914350271224976,0.4102514982223511,-0.19245149195194245,-0.43539586663246157,0.8931396007537842,-0.11283571273088455,0.12559498846530915,0.18437841534614564,0.974797785282135],"EasingStyle":"Linear","EasingDirection":"In"},"Torso":{"Weight":1,"CFrame":[-0.013326585292816162,0.030817806720733644,-0.29357004165649416,0.9756904244422913,0.18837016820907594,0.11200398951768875,-0.19474074244499207,0.9796371459960938,0.048857737332582477,-0.10051991045475006,-0.0694817528128624,0.9925060272216797],"EasingStyle":"Linear","EasingDirection":"In"},"HumanoidRootPart":{"Weight":0,"CFrame":[0,0,0,1,0,0,0,1,0,0,0,1],"EasingStyle":"Linear","EasingDirection":"In"},"Right Leg":{"Weight":1,"CFrame":[0.9885172843933106,0.020090937614440919,-0.2539709806442261,0.8135790228843689,0.38253670930862429,0.43789833784103396,-0.38945555686950686,0.9177259802818298,-0.07812540978193283,-0.43175631761550906,-0.10698062926530838,0.895623505115509],"EasingStyle":"Linear","EasingDirection":"In"}}},{"Time":0.1862500011920929,"poses":{"Left Leg":{"Weight":1,"CFrame":[-1.132879614830017,0.05812275409698486,-0.3315941095352173,0.7797462344169617,-0.4589182734489441,-0.42589884996414187,0.5854049921035767,0.7756285667419434,0.23601184785366059,0.22202904522418977,-0.4333524703979492,0.8734463453292847],"EasingStyle":"Linear","EasingDirection":"In"},"Head":{"Weight":1,"CFrame":[4.284083843231201e-8,1.4901161193847657e-8,3.5762786865234377e-7,0.9461215734481812,-0.07760751247406006,-0.3143741488456726,-0.05000045523047447,0.9241970777511597,-0.37862884998321535,0.3199281096458435,0.37394773960113528,0.8705223202705383],"EasingStyle":"Linear","EasingDirection":"In"},"Right Arm":{"Weight":1,"CFrame":[-0.0031939446926116945,-0.9691874384880066,-0.5406132936477661,-0.11323831975460053,-0.4313340485095978,0.895057737827301,0.8540275692939758,-0.5026274919509888,-0.13417235016822816,0.5077539086341858,0.7492105960845947,0.4252876937389374],"EasingStyle":"Linear","EasingDirection":"In"},"Left Arm":{"Weight":1,"CFrame":[0.3534913957118988,-0.794305682182312,-0.14770197868347169,0.09876307100057602,0.8421071171760559,-0.5301899313926697,-0.9730195999145508,-0.02991945669054985,-0.22877445816993714,-0.20851583778858186,0.538479745388031,0.8164318799972534],"EasingStyle":"Linear","EasingDirection":"In"},"Handle":{"Weight":1,"CFrame":[-0.06681808829307556,-0.10304737091064453,0.1167050302028656,0.8914529085159302,0.4101967215538025,-0.19248546659946443,-0.4353702664375305,0.8931296467781067,-0.11301317065954209,0.12555678188800813,0.18454843759536744,0.9747704267501831],"EasingStyle":"Linear","EasingDirection":"In"},"Torso":{"Weight":1,"CFrame":[-0.012546181678771973,0.03087557852268219,-0.291637659072876,0.9757429957389832,0.18837016820907594,0.11154501885175705,-0.19471773505210877,0.9796371459960938,0.04894931614398956,-0.10005304962396622,-0.0694817453622818,0.9925531148910523],"EasingStyle":"Linear","EasingDirection":"In"},"HumanoidRootPart":{"Weight":0,"CFrame":[0,0,0,1,0,0,0,1,0,0,0,1],"EasingStyle":"Linear","EasingDirection":"In"},"Right Leg":{"Weight":1,"CFrame":[0.9859440922737122,0.019867777824401857,-0.2527470588684082,0.8142240047454834,0.3812045454978943,0.4378611147403717,-0.3884515166282654,0.9182396531105042,-0.07708103209733963,-0.43144500255584719,-0.10732649266719818,0.8957322239875794],"EasingStyle":"Linear","EasingDirection":"In"}}},{"Time":0.20333333313465119,"poses":{"Left Leg":{"Weight":1,"CFrame":[-1.1259377002716065,0.05787891149520874,-0.3282293677330017,0.7817535996437073,-0.455218642950058,-0.4261893928050995,0.5809262990951538,0.780083179473877,0.23236797749996186,0.22668495774269105,-0.42923909425735476,0.8742812275886536],"EasingStyle":"Linear","EasingDirection":"In"},"Head":{"Weight":1,"CFrame":[7.35744833946228e-8,-1.30385160446167e-8,3.5762786865234377e-7,0.9472988247871399,-0.07559432089328766,-0.31130450963974,-0.04786442965269089,0.9274523854255676,-0.37086546421051028,0.31675538420677187,0.3662208020687103,0.8749562501907349],"EasingStyle":"Linear","EasingDirection":"In"},"Right Arm":{"Weight":1,"CFrame":[0.0004912540316581726,-0.9669821858406067,-0.5267359614372253,-0.11304005980491638,-0.4309643507003784,0.8952608108520508,0.854403555393219,-0.5020837783813477,-0.13381421566009522,0.5071651935577393,0.7497878074645996,0.42497289180755618],"EasingStyle":"Linear","EasingDirection":"In"},"Left Arm":{"Weight":1,"CFrame":[0.3455248475074768,-0.7891277074813843,-0.15315568447113038,0.09964136779308319,0.8372475504875183,-0.5376691818237305,-0.9747581481933594,-0.02636670507490635,-0.22170118987560273,-0.19979539513587953,0.5461881160736084,0.813486635684967],"EasingStyle":"Linear","EasingDirection":"In"},"Handle":{"Weight":1,"CFrame":[-0.06681811809539795,-0.10304749011993408,0.11670514941215515,0.8914723992347717,0.41013702750205996,-0.19252242147922517,-0.4353425204753876,0.8931186199188232,-0.11320681869983673,0.12551498413085938,0.18473421037197114,0.9747406840324402],"EasingStyle":"Linear","EasingDirection":"In"},"Torso":{"Weight":1,"CFrame":[-0.010400176048278809,0.031048111617565156,-0.2861959934234619,0.9758987426757813,0.18837016820907594,0.11017418652772904,-0.19464877247810365,0.9796371459960938,0.049222830682992938,-0.09865859150886536,-0.0694817528128624,0.992692768573761],"EasingStyle":"Linear","EasingDirection":"In"},"HumanoidRootPart":{"Weight":0,"CFrame":[0,0,0,1,0,0,0,1,0,0,0,1],"EasingStyle":"Linear","EasingDirection":"In"},"Right Leg":{"Weight":1,"CFrame":[0.9787200689315796,0.01927316188812256,-0.24931049346923829,0.8160210251808167,0.3774656355381012,0.43775489926338198,-0.38567477464675906,0.9196575880050659,-0.07406079024076462,-0.4305398762226105,-0.10839582234621048,0.8960390090942383],"EasingStyle":"Linear","EasingDirection":"In"}}},{"Time":0.22041666507720948,"poses":{"Left Leg":{"Weight":1,"CFrame":[-1.1149110794067383,0.057466208934783939,-0.32287395000457766,0.7848986983299255,-0.4493507146835327,-0.42663559317588808,0.5737509727478027,0.7870637774467468,0.22658395767211915,0.23397395014762879,-0.4226282238960266,0.8755807876586914],"EasingStyle":"Linear","EasingDirection":"In"},"Head":{"Weight":1,"CFrame":[7.636845111846924e-8,2.421438694000244e-8,0,0.949244499206543,-0.0724547877907753,-0.3060804009437561,-0.04453494772315025,0.9323442578315735,-0.3588186502456665,0.31137043237686159,0.3542379140853882,0.8817959427833557],"EasingStyle":"Linear","EasingDirection":"In"},"Right Arm":{"Weight":1,"CFrame":[0.006186522543430328,-0.9634152054786682,-0.5052889585494995,-0.11265674233436585,-0.43044307827949526,0.8955598473548889,0.8550636172294617,-0.5010994076728821,-0.13328689336776734,0.5061370134353638,0.7507451176643372,0.4245081841945648],"EasingStyle":"Linear","EasingDirection":"In"},"Left Arm":{"Weight":1,"CFrame":[0.3332129418849945,-0.7811254262924194,-0.15783190727233888,0.10083500295877457,0.8295942544937134,-0.5491862893104553,-0.9773086905479431,-0.020759258419275285,-0.2108006477355957,-0.18627986311912538,0.5579807162284851,0.8086763620376587],"EasingStyle":"Linear","EasingDirection":"In"},"Handle":{"Weight":1,"CFrame":[-0.06681793928146362,-0.10304760932922363,0.11670519411563873,0.891493558883667,0.41007235646247866,-0.1925623118877411,-0.4353121817111969,0.8931067585945129,-0.11341675370931626,0.12546955049037934,0.18493521213531495,0.9747083783149719],"EasingStyle":"Linear","EasingDirection":"In"},"Torso":{"Weight":1,"CFrame":[-0.007181704044342041,0.03133407235145569,-0.27777862548828127,0.976152777671814,0.18837016820907594,0.1079002246260643,-0.194533571600914,0.9796371459960938,0.049676187336444858,-0.09634555131196976,-0.069481760263443,0.9929198622703552],"EasingStyle":"Linear","EasingDirection":"In"},"HumanoidRootPart":{"Weight":0,"CFrame":[0,0,0,1,0,0,0,1,0,0,0,1],"EasingStyle":"Linear","EasingDirection":"In"},"Right Leg":{"Weight":1,"CFrame":[0.9675230383872986,0.01843559741973877,-0.2439800500869751,0.8187658786773682,0.371671587228775,0.4375874400138855,-0.381438285112381,0.9217978119850159,-0.06923709809780121,-0.4291004538536072,-0.11022361367940903,0.8965063095092773],"EasingStyle":"Linear","EasingDirection":"In"}}},{"Time":0.2370833307504654,"poses":{"Left Leg":{"Weight":1,"CFrame":[-1.1001747846603394,0.056867897510528567,-0.31568366289138796,0.7890218496322632,-0.44152358174324038,-0.42720186710357668,0.564055860042572,0.796193540096283,0.21889916062355042,0.24348647892475129,-0.41368213295936587,0.8772580623626709],"EasingStyle":"Linear","EasingDirection":"In"},"Head":{"Weight":1,"CFrame":[1.1920928955078126e-7,-2.60770320892334e-8,-1.7881393432617188e-7,0.9519257545471191,-0.06839440017938614,-0.29859617352485659,-0.04023037850856781,0.9384009838104248,-0.3431984484195709,0.30367574095726015,0.33871203660964968,0.8905365467071533],"EasingStyle":"Linear","EasingDirection":"In"},"Right Arm":{"Weight":1,"CFrame":[0.01352645456790924,-0.9585752487182617,-0.47764867544174197,-0.11204418540000916,-0.4298473596572876,0.8959226608276367,0.8560344576835632,-0.499609112739563,-0.13264772295951844,0.5046297311782837,0.7520785331726074,0.4239426851272583],"EasingStyle":"Linear","EasingDirection":"In"},"Left Arm":{"Weight":1,"CFrame":[0.31734561920166018,-0.7708128094673157,-0.16179019212722779,0.10207939893007279,0.8194811344146729,-0.5639418959617615,-0.9803504943847656,-0.013322585262358189,-0.19681353867053986,-0.16879825294017793,0.5729513764381409,0.8020187616348267],"EasingStyle":"Linear","EasingDirection":"In"},"Handle":{"Weight":1,"CFrame":[-0.06681808829307556,-0.10304760932922363,0.11670543253421784,0.8915162682533264,0.410002738237381,-0.19260504841804505,-0.4352797567844391,0.8930939435958862,-0.11364272236824036,0.12542051076889039,0.18515150249004365,0.9746736288070679],"EasingStyle":"Linear","EasingDirection":"In"},"Torso":{"Weight":1,"CFrame":[-0.0031838715076446535,0.031732119619846347,-0.2669210433959961,0.9764978885650635,0.18837016820907594,0.10473168641328812,-0.19437135756015778,0.9796371459960938,0.050307247787714007,-0.09312266856431961,-0.0694817528128624,0.9932273030281067],"EasingStyle":"Linear","EasingDirection":"In"},"HumanoidRootPart":{"Weight":0,"CFrame":[0,0,0,1,0,0,0,1,0,0,0,1],"EasingStyle":"Linear","EasingDirection":"In"},"Right Leg":{"Weight":1,"CFrame":[0.9528990983963013,0.01747840642929077,-0.2370050549507141,0.8222735524177551,0.36411190032958987,0.43736541271209719,-0.3759816586971283,0.924497663974762,-0.06278732419013977,-0.4272049069404602,-0.11281290650367737,0.8970893025398254],"EasingStyle":"Linear","EasingDirection":"In"}}},{"Time":0.2541666626930237,"poses":{"Left Leg":{"Weight":1,"CFrame":[-1.0820679664611817,0.05605649948120117,-0.30680567026138308,0.7939639687538147,-0.4319288432598114,-0.4278537333011627,0.5519938468933106,0.8070868253707886,0.20955561101436616,0.25480204820632937,-0.4025523364543915,0.8792199492454529],"EasingStyle":"Linear","EasingDirection":"In"},"Head":{"Weight":1,"CFrame":[4.6566128730773929e-8,-1.4901161193847657e-8,-5.960464477539063e-8,0.9552900195121765,-0.06363596767187119,-0.2887413501739502,-0.035186611115932468,0.9451563358306885,-0.3247174918651581,0.293569415807724,0.3203592002391815,0.9006592631340027],"EasingStyle":"Linear","EasingDirection":"In"},"Right Arm":{"Weight":1,"CFrame":[0.022145509719848634,-0.9525506496429443,-0.44519156217575076,-0.1111602857708931,-0.42925378680229189,0.8963173031806946,0.8573409914970398,-0.49754834175109866,-0.13195383548736573,0.5026031136512756,0.7537816166877747,0.42332443594932558],"EasingStyle":"Linear","EasingDirection":"In"},"Left Arm":{"Weight":1,"CFrame":[0.2987130880355835,-0.7587020397186279,-0.16509050130844117,0.10311657935380936,0.8072551488876343,-0.5811246633529663,-0.9835672378540039,-0.004293012898415327,-0.18049103021621705,-0.14819729328155518,0.5901870131492615,0.7935472130775452],"EasingStyle":"Linear","EasingDirection":"In"},"Handle":{"Weight":1,"CFrame":[-0.06681802868843079,-0.10304772853851319,0.11670500040054321,0.8915407657623291,0.4099282920360565,-0.19265054166316987,-0.43524497747421267,0.8930801749229431,-0.11388450115919113,0.12536780536174775,0.18538303673267365,0.9746363759040833],"EasingStyle":"Linear","EasingDirection":"In"},"Torso":{"Weight":1,"CFrame":[0.0012999475002288819,0.03224083036184311,-0.25416088104248049,0.9769242405891419,0.18837016820907594,0.10067686438560486,-0.1941608339548111,0.9796371459960938,0.05111375078558922,-0.08899848163127899,-0.0694817528128624,0.9936054348945618],"EasingStyle":"Linear","EasingDirection":"In"},"HumanoidRootPart":{"Weight":0,"CFrame":[0,0,0,1,0,0,0,1,0,0,0,1],"EasingStyle":"Linear","EasingDirection":"In"},"Right Leg":{"Weight":1,"CFrame":[0.9356684684753418,0.016582906246185304,-0.22877347469329835,0.8263039588928223,0.3552020788192749,0.4370965361595154,-0.36968621611595156,0.9275344610214233,-0.05488239601254463,-0.42491644620895388,-0.11623889952898026,0.8977386355400086],"EasingStyle":"Linear","EasingDirection":"In"}}},{"Time":0.27125000953674319,"poses":{"Left Leg":{"Weight":1,"CFrame":[-1.060929298400879,0.055001258850097659,-0.29638731479644778,0.7995637655258179,-0.42075636982917788,-0.4285581111907959,0.5377194285392761,0.8193536400794983,0.19878928363323213,0.2674989402294159,-0.3893888592720032,0.8813743591308594],"EasingStyle":"Linear","EasingDirection":"In"},"Head":{"Weight":1,"CFrame":[1.210719347000122e-7,-1.862645149230957e-8,0,0.9592635035514832,-0.058410704135894778,-0.27640870213508608,-0.029647838324308397,0.9521769881248474,-0.3041055202484131,0.28095296025276186,0.2999122440814972,0.9116567969322205],"EasingStyle":"Linear","EasingDirection":"In"},"Right Arm":{"Weight":1,"CFrame":[0.03167825937271118,-0.9454318284988403,-0.40929365158081057,-0.10996009409427643,-0.42873841524124148,0.8967118263244629,0.8590070009231567,-0.49485018849372866,-0.13126277923583985,0.5000157356262207,0.7558483481407166,0.4227031469345093],"EasingStyle":"Linear","EasingDirection":"In"},"Left Arm":{"Weight":1,"CFrame":[0.27810540795326235,-0.7453078627586365,-0.1677924394607544,0.10372496396303177,0.793304443359375,-0.5999243259429932,-0.9866752028465271,0.006052603013813496,-0.1625896394252777,-0.12535203993320466,0.6087951064109802,0.7833616733551025],"EasingStyle":"Linear","EasingDirection":"In"},"Handle":{"Weight":1,"CFrame":[-0.06681793928146362,-0.10304737091064453,0.11670537292957306,0.891566812992096,0.40984898805618288,-0.19269885122776032,-0.4352078437805176,0.8930652737617493,-0.11414223909378052,0.12531155347824098,0.18562959134578706,0.9745966792106628],"EasingStyle":"Linear","EasingDirection":"In"},"Torso":{"Weight":1,"CFrame":[0.005976229906082153,0.03285869210958481,-0.2400362491607666,0.9774200320243836,0.18837016820907594,0.09574378281831742,-0.19390031695365907,0.9796371459960938,0.052093274891376498,-0.08398135006427765,-0.0694817528128624,0.99404197