{"Sequence":[{"Time":0,"poses":{"Left Leg":{"Weight":1,"CFrame":[-0.6199468374252319,-0.06579148769378662,0.12858009338378907,0.9003624320030212,-0.37676963210105898,0.21769769489765168,0.3886016607284546,0.9213188886642456,-0.012666068971157074,-0.1957968771457672,0.0960017517209053,0.9759340882301331],"EasingStyle":"Linear","EasingDirection":"In"},"Right Arm":{"Weight":1,"CFrame":[0.3986881375312805,-0.28004467487335207,0.06362295150756836,-0.20446573197841645,0.04050009697675705,0.9780355095863342,0.97887122631073,0.006163646467030048,0.20438514649868012,0.0022494629956781866,0.9991605877876282,-0.04090471938252449],"EasingStyle":"Linear","EasingDirection":"In"},"Head":{"Weight":1,"CFrame":[1.3154931366443635e-7,-1.643202267587185e-7,-2.384185791015625e-7,0.9838428497314453,-0.1711154282093048,0.05265740677714348,0.17808189988136292,0.9656215906143189,-0.18937203288078309,-0.018442649394273759,0.19568967819213868,0.9804925322532654],"EasingStyle":"Linear","EasingDirection":"In"},"Right Leg":{"Weight":1,"CFrame":[0.32402050495147707,1.1212148666381837,0.0003323554992675781,0.5038259625434876,-0.8559165000915527,0.11647471785545349,0.8634302616119385,0.5029803514480591,-0.03871558979153633,-0.025447100400924684,0.12007370591163635,0.9924388527870178],"EasingStyle":"Linear","EasingDirection":"In"},"Torso":{"Weight":1,"CFrame":[0.009965147823095322,-0.654393196105957,-0.9461431503295898,0.98609858751297,0.16565312445163728,-0.012985444627702237,-0.10891897231340409,0.585394024848938,-0.8033994436264038,-0.12548400461673737,0.7936453819274902,0.5952989459037781],"EasingStyle":"Linear","EasingDirection":"In"},"HumanoidRootPart":{"Weight":1,"CFrame":[0,0,0,1,0,0,0,1,0,0,0,1],"EasingStyle":"Linear","EasingDirection":"In"},"Left Arm":{"Weight":1,"CFrame":[-0.7260538339614868,-0.27465957403182986,0.10370123386383057,0.6211798191070557,0.7828669548034668,0.035426702350378039,-0.7764519453048706,0.6087099313735962,0.16307857632637025,0.10610426962375641,-0.12880831956863404,0.9859768748283386],"EasingStyle":"Linear","EasingDirection":"In"}}},{"Time":0.0416666679084301,"poses":{"Left Leg":{"Weight":1,"CFrame":[-0.6199442744255066,-0.06568717956542969,0.12857747077941895,0.9004040956497192,-0.3766770362854004,0.21768543124198914,0.3885074555873871,0.9213584065437317,-0.012675133533775807,-0.19579191505908967,0.09598514437675476,0.9759367108345032],"EasingStyle":"Linear","EasingDirection":"In"},"Right Arm":{"Weight":1,"CFrame":[0.39868801832199099,-0.2800445854663849,0.06362283229827881,-0.2044631540775299,0.04050261899828911,0.9780359864234924,0.978871762752533,0.006167239975184202,0.2043822854757309,0.0022463633213192226,0.9991604685783386,-0.040907930582761767],"EasingStyle":"Linear","EasingDirection":"In"},"Head":{"Weight":1,"CFrame":[1.0780058801174164e-7,1.7118873074650765e-7,1.1920928955078126e-7,0.9838466644287109,-0.1710876077413559,0.05267664045095444,0.17806392908096314,0.9655666351318359,-0.18966925144195558,-0.018412742763757707,0.19598537683486939,0.980434000492096],"EasingStyle":"Linear","EasingDirection":"In"},"Right Leg":{"Weight":1,"CFrame":[0.32411831617355349,1.1213265657424927,0.0003153085708618164,0.503901481628418,-0.8558729290962219,0.1164693683385849,0.8633860349655151,0.5030567646026611,-0.03871219605207443,-0.02545790746808052,0.1200651302933693,0.9924396276473999],"EasingStyle":"Linear","EasingDirection":"In"},"Torso":{"Weight":1,"CFrame":[0.009966455399990082,-0.654393196105957,-0.946110725402832,0.98609858751297,0.16565312445163728,-0.012985444627702237,-0.10891897231340409,0.585394024848938,-0.8033994436264038,-0.12548400461673737,0.7936453819274902,0.5952989459037781],"EasingStyle":"Linear","EasingDirection":"In"},"HumanoidRootPart":{"Weight":1,"CFrame":[0,0,0,1,0,0,0,1,0,0,0,1],"EasingStyle":"Linear","EasingDirection":"In"},"Left Arm":{"Weight":1,"CFrame":[-0.7261145710945129,-0.2746681272983551,0.10371077060699463,0.6211780309677124,0.782869815826416,0.03539399430155754,-0.7764530777931213,0.6087146997451782,0.16305477917194367,0.10610585659742356,-0.1287679523229599,0.9859819412231445],"EasingStyle":"Linear","EasingDirection":"In"}}},{"Time":0.0833333358168602,"poses":{"Left Leg":{"Weight":1,"CFrame":[-0.6199381351470947,-0.06537961959838867,0.1285698413848877,0.9005270004272461,-0.37640392780303957,0.21764957904815675,0.38822972774505618,0.9214751124382019,-0.012701530009508133,-0.19577781856060029,0.09593607485294342,0.9759443998336792],"EasingStyle":"Linear","EasingDirection":"In"},"Right Arm":{"Weight":1,"CFrame":[0.3986879885196686,-0.2800443768501282,0.06362283229827881,-0.20445464551448823,0.04050873592495918,0.9780375361442566,0.9788735508918762,0.006179044488817453,0.20437337458133698,0.002235656837001443,0.99916011095047,-0.04091634601354599],"EasingStyle":"Linear","EasingDirection":"In"},"Head":{"Weight":1,"CFrame":[5.820766091346741e-8,2.1012965589761735e-7,1.1920928955078126e-7,0.9838575720787048,-0.17100761830806733,0.05273180082440376,0.17801229655742646,0.9654078483581543,-0.19052357971668244,-0.018326710909605027,0.19683502614498139,0.9802653789520264],"EasingStyle":"Linear","EasingDirection":"In"},"Right Leg":{"Weight":1,"CFrame":[0.32440727949142458,1.1216566562652588,0.0002655982971191406,0.5041238069534302,-0.855743944644928,0.11645389348268509,0.8632552027702332,0.503281831741333,-0.0387023463845253,-0.02548973262310028,0.12004020065069199,0.9924417734146118],"EasingStyle":"Linear","EasingDirection":"In"},"Torso":{"Weight":1,"CFrame":[0.0099702849984169,-0.654393196105957,-0.9460148811340332,0.98609858751297,0.16565312445163728,-0.012985444627702237,-0.10891897231340409,0.585394024848938,-0.8033994436264038,-0.12548400461673737,0.7936453819274902,0.5952989459037781],"EasingStyle":"Linear","EasingDirection":"In"},"HumanoidRootPart":{"Weight":1,"CFrame":[0,0,0,1,0,0,0,1,0,0,0,1],"EasingStyle":"Linear","EasingDirection":"In"},"Left Arm":{"Weight":1,"CFrame":[-0.7262916564941406,-0.2746945023536682,0.10373866558074951,0.6211727261543274,0.7828783988952637,0.03529896214604378,-0.7764567732810974,0.6087286472320557,0.16298551857471467,0.10611037909984589,-0.12865039706230164,0.9859968423843384],"EasingStyle":"Linear","EasingDirection":"In"}}},{"Time":0.125,"poses":{"Left Leg":{"Weight":1,"CFrame":[-0.6199265122413635,-0.06487536430358887,0.12855708599090577,0.9007278084754944,-0.3759566843509674,0.21759124100208283,0.3877749741077423,0.9216660261154175,-0.012745290994644165,-0.19575479626655579,0.09585648775100708,0.9759567975997925],"EasingStyle":"Linear","EasingDirection":"In"},"Right Arm":{"Weight":1,"CFrame":[0.3986878991127014,-0.2800443470478058,0.06362295150756836,-0.20443886518478394,0.04051680490374565,0.9780405163764954,0.9788768291473389,0.00620117224752903,0.20435671508312226,0.00221497961319983,0.9991596937179565,-0.04092871770262718],"EasingStyle":"Linear","EasingDirection":"In"},"Head":{"Weight":1,"CFrame":[8.544884622097016e-8,1.6810372471809388e-7,2.384185791015625e-7,0.9838750958442688,-0.17088055610656739,0.05281902104616165,0.17793013155460359,0.9651545882225037,-0.19187898933887483,-0.018190130591392518,0.1981830894947052,0.9799962639808655],"EasingStyle":"Linear","EasingDirection":"In"},"Right Leg":{"Weight":1,"CFrame":[0.32487988471984866,1.122199296951294,0.00018405914306640625,0.504488468170166,-0.8555326461791992,0.11642849445343018,0.863040566444397,0.503650963306427,-0.038686104118824008,-0.025542015209794046,0.11999919265508652,0.9924454092979431],"EasingStyle":"Linear","EasingDirection":"In"},"Torso":{"Weight":1,"CFrame":[0.00997650995850563,-0.654393196105957,-0.945859432220459,0.98609858751297,0.16565312445163728,-0.012985444627702237,-0.10891897231340409,0.585394024848938,-0.8033994436264038,-0.12548400461673737,0.7936453819274902,0.5952989459037781],"EasingStyle":"Linear","EasingDirection":"In"},"HumanoidRootPart":{"Weight":1,"CFrame":[0,0,0,1,0,0,0,1,0,0,0,1],"EasingStyle":"Linear","EasingDirection":"In"},"Left Arm":{"Weight":1,"CFrame":[-0.726577639579773,-0.2747403383255005,0.10378396511077881,0.6211636066436768,0.782892644405365,0.035145506262779239,-0.7764630913734436,0.608750581741333,0.16287340223789216,0.10611754655838013,-0.12846030294895173,0.9860208630561829],"EasingStyle":"Linear","EasingDirection":"In"}}},{"Time":0.1666666716337204,"poses":{"Left Leg":{"Weight":1,"CFrame":[-0.6199098229408264,-0.06418108940124512,0.1285395622253418,0.9010037183761597,-0.37534138560295107,0.2175113558769226,0.38714927434921267,0.9219281673431397,-0.012804770842194558,-0.1957237422466278,0.09574650973081589,0.9759737849235535],"EasingStyle":"Linear","EasingDirection":"In"},"Right Arm":{"Weight":1,"CFrame":[0.3986879587173462,-0.2800443470478058,0.06362295150756836,-0.20441527664661408,0.04052535444498062,0.9780451059341431,0.9788818955421448,0.006235417444258928,0.2043316662311554,0.002182187745347619,0.9991590976715088,-0.040944233536720279],"EasingStyle":"Linear","EasingDirection":"In"},"Head":{"Weight":1,"CFrame":[5.8673322200775149e-8,1.4243414625525475e-7,2.384185791015625e-7,0.9838981032371521,-0.17071163654327393,0.05293440446257591,0.17782068252563477,0.964815080165863,-0.19367945194244386,-0.018008580431342126,0.1999737024307251,0.9796358346939087],"EasingStyle":"Linear","EasingDirection":"In"},"Right Leg":{"Weight":1,"CFrame":[0.32552939653396609,1.122946858406067,0.00007176399230957031,0.5049903392791748,-0.8552411198616028,0.11639345437288284,0.8627448678016663,0.504159152507782,-0.03866363316774368,-0.02561400830745697,0.11994260549545288,0.9924503564834595],"EasingStyle":"Linear","EasingDirection":"In"},"Torso":{"Weight":1,"CFrame":[0.009984992444515229,-0.654393196105957,-0.9456472396850586,0.98609858751297,0.16565312445163728,-0.012985444627702237,-0.10891897231340409,0.585394024848938,-0.8033994436264038,-0.12548400461673737,0.7936453819274902,0.5952989459037781],"EasingStyle":"Linear","EasingDirection":"In"},"HumanoidRootPart":{"Weight":1,"CFrame":[0,0,0,1,0,0,0,1,0,0,0,1],"EasingStyle":"Linear","EasingDirection":"In"},"Left Arm":{"Weight":1,"CFrame":[-0.7269651889801025,-0.2748066782951355,0.10384523868560791,0.6211504936218262,0.7829121947288513,0.03493763506412506,-0.7764722108840942,0.6087795495986939,0.1627216637134552,0.10612749308347702,-0.12820285558700562,0.9860532879829407],"EasingStyle":"Linear","EasingDirection":"In"}}},{"Time":0.2083333283662796,"poses":{"Left Leg":{"Weight":1,"CFrame":[-0.6198846697807312,-0.06330370903015137,0.12851762771606446,0.9013515114784241,-0.374563604593277,0.21741124987602235,0.3863585591316223,0.9222587943077087,-0.012879769317805767,-0.19568516314029694,0.09560787677764893,0.9759951829910278],"EasingStyle":"Linear","EasingDirection":"In"},"Right Arm":{"Weight":1,"CFrame":[0.39868807792663576,-0.2800444960594177,0.06362283229827881,-0.20438210666179658,0.04053192958235741,0.9780517816543579,0.978888988494873,0.006283472292125225,0.2042965590953827,0.0021350800525397064,0.999158501625061,-0.040960513055324557],"EasingStyle":"Linear","EasingDirection":"In"},"Head":{"Weight":1,"CFrame":[1.050066202878952e-7,1.1181691661477089e-7,1.1920928955078126e-7,0.9839263558387756,-0.1705058515071869,0.053073983639478686,0.17768706381320954,0.964397668838501,-0.19586874544620515,-0.01778765767812729,0.20215103030204774,0.9791929125785828],"EasingStyle":"Linear","EasingDirection":"In"},"Right Leg":{"Weight":1,"CFrame":[0.3263487219810486,1.1238930225372315,-0.00006979703903198242,0.5056242346763611,-0.8548725843429565,0.11634938418865204,0.8623708486557007,0.5048008561134338,-0.03863507881760597,-0.025705132633447648,0.11987114697694779,0.9924566149711609],"EasingStyle":"Linear","EasingDirection":"In"},"Torso":{"Weight":1,"CFrame":[0.009995602071285248,-0.654393196105957,-0.9453821182250977,0.98609858751297,0.16565312445163728,-0.012985444627702237,-0.10891897231340409,0.585394024848938,-0.8033994436264038,-0.12548400461673737,0.7936453819274902,0.5952989459037781],"EasingStyle":"Linear","EasingDirection":"In"},"HumanoidRootPart":{"Weight":1,"CFrame":[0,0,0,1,0,0,0,1,0,0,0,1],"EasingStyle":"Linear","EasingDirection":"In"},"Left Arm":{"Weight":1,"CFrame":[-0.7274467349052429,-0.2748951017856598,0.10392141342163086,0.6211336255073547,0.7829371094703674,0.03467939794063568,-0.7764840722084045,0.6088148355484009,0.1625330150127411,0.10613981634378433,-0.12788285315036775,0.9860934615135193],"EasingStyle":"Linear","EasingDirection":"In"}}},{"Time":0.25,"poses":{"Left Leg":{"Weight":1,"CFrame":[-0.6198505759239197,-0.062249183654785159,0.12849044799804688,0.9017677307128906,-0.3736296594142914,0.21729232370853425,0.38540881872177126,0.9226548671722412,-0.012968952767550946,-0.19564026594161988,0.09544135630130768,0.9760204553604126],"EasingStyle":"Linear","EasingDirection":"In"},"Right Arm":{"Weight":1,"CFrame":[0.39868801832199099,-0.280044287443161,0.06362283229827881,-0.20433901250362397,0.04053559526801109,0.9780606031417847,0.9788980484008789,0.006347388494759798,0.20425079762935639,0.0020714274141937496,0.9991579055786133,-0.0409773588180542],"EasingStyle":"Linear","EasingDirection":"In"},"Head":{"Weight":1,"CFrame":[1.1781230568885803e-7,-1.8498394638299943e-7,1.1920928955078126e-7,0.9839588403701782,-0.17026834189891816,0.05323382094502449,0.1775323748588562,0.9639105200767517,-0.19839069247245789,-0.017532983794808389,0.20465905964374543,0.9786763191223145],"EasingStyle":"Linear","EasingDirection":"In"},"Right Leg":{"Weight":1,"CFrame":[0.3273313641548157,1.125030755996704,-0.00023937225341796875,0.5063851475715637,-0.8544292449951172,0.11629657447338104,0.8619210124015808,0.505571186542511,-0.03860068321228027,-0.025814566761255266,0.11978527158498764,0.9924641251564026],"EasingStyle":"Linear","EasingDirection":"In"},"Torso":{"Weight":1,"CFrame":[0.010008201003074646,-0.654393196105957,-0.9450669288635254,0.98609858751297,0.16565312445163728,-0.012985444627702237,-0.10891897231340409,0.585394024848938,-0.8033994436264038,-0.12548400461673737,0.7936453819274902,0.5952989459037781],"EasingStyle":"Linear","EasingDirection":"In"},"HumanoidRootPart":{"Weight":1,"CFrame":[0,0,0,1,0,0,0,1,0,0,0,1],"EasingStyle":"Linear","EasingDirection":"In"},"Left Arm":{"Weight":1,"CFrame":[-0.7280147075653076,-0.27500662207603457,0.1040111780166626,0.621112585067749,0.782967209815979,0.03437497466802597,-0.7764988541603088,0.6088552474975586,0.16231051087379456,0.10615447163581848,-0.1275053769350052,0.9861408472061157],"EasingStyle":"Linear","EasingDirection":"In"}}},{"Time":0.2916666567325592,"poses":{"Left Leg":{"Weight":1,"CFrame":[-0.6198042631149292,-0.06102478504180908,0.12845873832702638,0.9022494554519653,-0.3725443184375763,0.21715565025806428,0.3843054473400116,0.9231135249137878,-0.013071948662400246,-0.19558948278427125,0.0952482745051384,0.9760494828224182],"EasingStyle":"Linear","EasingDirection":"In"},"Right Arm":{"Weight":1,"CFrame":[0.3986881375312805,-0.28004446625709536,0.06362295150756836,-0.20428411662578584,0.040533848106861117,0.9780721664428711,0.9789096117019653,0.006428842432796955,0.20419254899024964,0.0019889497198164465,0.9991575479507446,-0.04099231958389282],"EasingStyle":"Linear","EasingDirection":"In"},"Head":{"Weight":1,"CFrame":[1.0314397513866425e-7,-5.436595529317856e-8,1.1920928955078126e-7,0.9839949011802673,-0.1700042188167572,0.053409986197948459,0.17735978960990907,0.9633620977401733,-0.20118913054466248,-0.01725015416741371,0.20744191110134126,0.9780953526496887],"EasingStyle":"Linear","EasingDirection":"In"},"Right Leg":{"Weight":1,"CFrame":[0.3284696936607361,1.126353144645691,-0.0004363059997558594,0.507267951965332,-0.8539137244224548,0.11623542755842209,0.861397922039032,0.506464958190918,-0.03856061398983002,-0.025941647589206697,0.11968551576137543,0.9924729466438294],"EasingStyle":"Linear","EasingDirection":"In"},"Torso":{"Weight":1,"CFrame":[0.010022662580013276,-0.654393196105957,-0.9447054862976074,0.98609858751297,0.16565312445163728,-0.012985444627702237,-0.10891897231340409,0.585394024848938,-0.8033994436264038,-0.12548400461673737,0.7936453819274902,0.5952989459037781],"EasingStyle":"Linear","EasingDirection":"In"},"HumanoidRootPart":{"Weight":1,"CFrame":[0,0,0,1,0,0,0,1,0,0,0,1],"EasingStyle":"Linear","EasingDirection":"In"},"Left Arm":{"Weight":1,"CFrame":[-0.7286614179611206,-0.275142639875412,0.10411345958709717,0.6210873126983643,0.783002495765686,0.03402842581272125,-0.7765167951583862,0.6088999509811401,0.16205693781375886,0.10617109388113022,-0.12707526981830598,0.9861944913864136],"EasingStyle":"Linear","EasingDirection":"In"}}},{"Time":0.3333333432674408,"poses":{"Left Leg":{"Weight":1,"CFrame":[-0.6197445392608643,-0.05963766574859619,0.12842202186584474,0.9027933478355408,-0.3713139593601227,0.2170025110244751,0.3830544948577881,0.9236316680908203,-0.013187726028263569,-0.1955336332321167,0.09502958506345749,0.9760819673538208],"EasingStyle":"Linear","EasingDirection":"In"},"Right Arm":{"Weight":1,"CFrame":[0.39868807792663576,-0.2800443172454834,0.06362295150756836,-0.20421700179576875,0.040525637567043307,0.978086531162262,0.9789237976074219,0.006529882084578276,0.20412129163742066,0.0018854273948818446,0.9991571307182312,-0.04100509360432625],"EasingStyle":"Linear","EasingDirection":"In"},"Head":{"Weight":1,"CFrame":[1.0710209608078003e-7,-1.1455267667770386e-7,0,0.9840339422225952,-0.16971872746944428,0.05359864979982376,0.17717260122299195,0.9627611637115479,-0.20420804619789124,-0.016944777220487596,0.21044385433197022,0.977459192276001],"EasingStyle":"Linear","EasingDirection":"In"},"Right Leg":{"Weight":1,"CFrame":[0.32975727319717409,1.1278527975082398,-0.0006591677665710449,0.508267343044281,-0.8533286452293396,0.11616617441177368,0.8608042001724243,0.507476806640625,-0.03851510211825371,-0.02608550898730755,0.11957230418920517,0.9924827814102173],"EasingStyle":"Linear","EasingDirection":"In"},"Torso":{"Weight":1,"CFrame":[0.01003885269165039,-0.654393196105957,-0.944300651550293,0.98609858751297,0.16565312445163728,-0.012985444627702237,-0.10891897231340409,0.585394024848938,-0.8033994436264038,-0.12548400461673737,0.7936453819274902,0.5952989459037781],"EasingStyle":"Linear","EasingDirection":"In"},"HumanoidRootPart":{"Weight":1,"CFrame":[0,0,0,1,0,0,0,1,0,0,0,1],"EasingStyle":"Linear","EasingDirection":"In"},"Left Arm":{"Weight":1,"CFrame":[-0.7293794751167297,-0.27530449628829958,0.10422694683074951,0.6210576295852661,0.7830425500869751,0.03364367410540581,-0.7765379548072815,0.6089478731155396,0.16177529096603394,0.10618973523378372,-0.12659744918346406,0.9862539768218994],"EasingStyle":"Linear","EasingDirection":"In"}}},{"Time":0.375,"poses":{"Left Leg":{"Weight":1,"CFrame":[-0.6196680068969727,-0.05809283256530762,0.1283804178237915,0.903396487236023,-0.3699432909488678,0.21683400869369508,0.3816610872745514,0.9242064356803894,-0.013315572403371334,-0.19547344744205476,0.09478633105754852,0.9761176705360413],"EasingStyle":"Linear","EasingDirection":"In"},"Right Arm":{"Weight":1,"CFrame":[0.3986879885196686,-0.28004443645477297,0.06362283229827881,-0.20413614809513093,0.040508631616830829,0.9781040549278259,0.9789409041404724,0.006652322132140398,0.20403526723384858,0.0017586522735655308,0.9991570115089417,-0.041013557463884357],"EasingStyle":"Linear","EasingDirection":"In"},"Head":{"Weight":1,"CFrame":[6.123445928096771e-8,8.969800546765328e-8,1.1920928955078126e-7,0.9840752482414246,-0.1694168597459793,0.053795844316482547,0.17697389423847199,0.962117075920105,-0.2073911428451538,-0.016622347757220269,0.2136090248823166,0.9767778515815735],"EasingStyle":"Linear","EasingDirection":"In"},"Right Leg":{"Weight":1,"CFrame":[0.33118772506713869,1.1295232772827149,-0.000906825065612793,0.5093781352043152,-0.8526765704154968,0.11608947813510895,0.8601425290107727,0.5086014270782471,-0.03846414387226105,-0.02624572068452835,0.11944630742073059,0.9924936890602112],"EasingStyle":"Linear","EasingDirection":"In"},"Torso":{"Weight":1,"CFrame":[0.010056637227535248,-0.654393196105957,-0.9438562393188477,0.98609858751297,0.16565312445163728,-0.012985444627702237,-0.10891897231340409,0.585394024848938,-0.8033994436264038,-0.12548400461673737,0.7936453819274902,0.5952989459037781],"EasingStyle":"Linear","EasingDirection":"In"},"HumanoidRootPart":{"Weight":1,"CFrame":[0,0,0,1,0,0,0,1,0,0,0,1],"EasingStyle":"Linear","EasingDirection":"In"},"Left Arm":{"Weight":1,"CFrame":[-0.7301611304283142,-0.275493323802948,0.10435056686401367,0.6210234761238098,0.7830876111984253,0.0332249291241169,-0.776562511920929,0.6089979410171509,0.1614685207605362,0.10621007531881333,-0.1260770857334137,0.9863185286521912],"EasingStyle":"Linear","EasingDirection":"In"}}},{"Time":0.4166666567325592,"poses":{"Left Leg":{"Weight":1,"CFrame":[-0.6195721626281738,-0.056398630142211917,0.12833309173583985,0.9040553569793701,-0.36843734979629519,0.2166517823934555,0.38013023138046267,0.924835205078125,-0.013454394415020943,-0.19541014730930329,0.09451939910650253,0.9761562943458557],"EasingStyle":"Linear","EasingDirection":"In"},"Right Arm":{"Weight":1,"CFrame":[0.39868801832199099,-0.28004443645477297,0.06362283229827881,-0.20404064655303956,0.04048139229416847,0.9781251549720764,0.978961169719696,0.006797797046601772,0.20393365621566773,0.001606511534191668,0.9991572499275208,-0.041016772389411929],"EasingStyle":"Linear","EasingDirection":"In"},"Head":{"Weight":1,"CFrame":[8.405186235904694e-8,1.782318577170372e-7,1.1920928955078126e-7,0.9841179847717285,-0.1691039353609085,0.05399790406227112,0.17676709592342378,0.9614396691322327,-0.21068285405635835,-0.016288435086607934,0.2168818563222885,0.976061999797821],"EasingStyle":"Linear","EasingDirection":"In"},"Right Leg":{"Weight":1,"CFrame":[0.33275389671325686,1.131356954574585,-0.0011782646179199219,0.5105952620506287,-0.8519597053527832,0.11600556969642639,0.8594152331352234,0.5098336338996887,-0.038408100605010989,-0.026421301066875459,0.11930790543556214,0.9925057291984558],"EasingStyle":"Linear","EasingDirection":"In"},"Torso":{"Weight":1,"CFrame":[0.010075882077217102,-0.654393196105957,-0.9433751106262207,0.98609858751297,0.16565312445163728,-0.012985444627702237,-0.10891897231340409,0.585394024848938,-0.8033994436264038,-0.12548400461673737,0.7936453819274902,0.5952989459037781],"EasingStyle":"Linear","EasingDirection":"In"},"HumanoidRootPart":{"Weight":1,"CFrame":[0,0,0,1,0,0,0,1,0,0,0,1],"EasingStyle":"Linear","EasingDirection":"In"},"Left Arm":{"Weight":1,"CFrame":[-0.7309995889663696,-0.27571046352386477,0.10448312759399414,0.6209847927093506,0.7831371426582336,0.03277609869837761,-0.7765904068946838,0.6090496182441711,0.1611393541097641,0.10623196512460709,-0.12551884353160859,0.9863872528076172],"EasingStyle":"Linear","EasingDirection":"In"}}},{"Time":0.4583333432674408,"poses":{"Left Leg":{"Weight":1,"CFrame":[-0.619454562664032,-0.05456054210662842,0.1282808780670166,0.9047666788101196,-0.3668018877506256,0.21645715832710267,0.37846776843070986,0.9255145788192749,-0.013603302650153637,-0.19534456729888917,0.09422985464334488,0.976197361946106],"EasingStyle":"Linear","EasingDirection":"In"},"Right Arm":{"Weight":1,"CFrame":[0.39868783950805666,-0.2800443768501282,0.06362295150756836,-0.20392948389053346,0.040442321449518207,0.9781498908996582,0.9789845943450928,0.006968413945287466,0.2038153111934662,0.001426698756404221,0.9991575479507446,-0.041013553738594058],"EasingStyle":"Linear","EasingDirection":"In"},"Head":{"Weight":1,"CFrame":[9.243376553058624e-8,1.2945383787155152e-7,1.1920928955078126e-7,0.9841615557670593,-0.16878525912761689,0.05420111492276192,0.1765555888414383,0.9607395529747009,-0.2140274941921234,-0.0159484650939703,0.22020721435546876,0.9753228425979614],"EasingStyle":"Linear","EasingDirection":"In"},"Right Leg":{"Weight":1,"CFrame":[0.3344494104385376,1.1333467960357667,-0.0014719963073730469,0.5119131803512573,-0.8511807918548584,0.11591482162475586,0.8586249351501465,0.5111679434776306,-0.03834695369005203,-0.026611683890223504,0.11915767192840576,0.9925187230110169],"EasingStyle":"Linear","EasingDirection":"In"},"Torso":{"Weight":1,"CFrame":[0.010096453130245209,-0.654393196105957,-0.9428606033325195,0.98609858751297,0.16565312445163728,-0.012985444627702237,-0.10891897231340409,0.585394024848938,-0.8033994436264038,-0.12548400461673737,0.7936453819274902,0.5952989459037781],"EasingStyle":"Linear","EasingDirection":"In"},"HumanoidRootPart":{"Weight":1,"CFrame":[0,0,0,1,0,0,0,1,0,0,0,1],"EasingStyle":"Linear","EasingDirection":"In"},"Left Arm":{"Weight":1,"CFrame":[-0.731886625289917,-0.27595746517181399,0.10462331771850586,0.6209415197372437,0.7831912040710449,0.03230135887861252,-0.7766218185424805,0.6091015934944153,0.16079102456569673,0.10625532269477844,-0.1249278336763382,0.9864598512649536],"EasingStyle":"Linear","EasingDirection":"In"}}},{"Time":0.5,"poses":{"Left Leg":{"Weight":1,"CFrame":[-0.6193121075630188,-0.05258631706237793,0.12822294235229493,0.9055274724960327,-0.365041583776474,0.2162511646747589,0.37667861580848696,0.9262418150901794,-0.013761807233095169,-0.19527727365493775,0.09391887485980988,0.9762408137321472],"EasingStyle":"Linear","EasingDirection":"In"},"Right Arm":{"Weight":1,"CFrame":[0.39868807792663576,-0.28004440665245058,0.06362295150756836,-0.2038012146949768,0.0403890423476696,0.978178858757019,0.9790115356445313,0.00716593861579895,0.20367878675460816,0.0012169389519840479,0.9991583824157715,-0.04100183770060539],"EasingStyle":"Linear","EasingDirection":"In"},"Head":{"Weight":1,"CFrame":[8.591450750827789e-8,1.592270564287901e-7,1.1920928955078126e-7,0.9842050671577454,-0.16846607625484467,0.05440173298120499,0.17634271085262299,0.9600281119346619,-0.21736925840377809,-0.015607857145369053,0.22352927923202516,0.9745722413063049],"EasingStyle":"Linear","EasingDirection":"In"},"Right Leg":{"Weight":1,"CFrame":[0.33626726269721987,1.1354860067367554,-0.0017873644828796387,0.5133265256881714,-0.8503424525260925,0.11581770330667496,0.8577743172645569,0.5125990509986877,-0.03828103840351105,-0.02681596577167511,0.11899612098932266,0.9925326108932495],"EasingStyle":"Linear","EasingDirection":"In"},"Torso":{"Weight":1,"CFrame":[0.01011822372674942,-0.654393196105957,-0.9423165321350098,0.98609858751297,0.16565312445163728,-0.012985444627702237,-0.10891897231340409,0.585394024848938,-0.8033994436264038,-0.12548400461673737,0.7936453819274902,0.5952989459037781],"EasingStyle":"Linear","EasingDirection":"In"},"HumanoidRootPart":{"Weight":1,"CFrame":[0,0,0,1,0,0,0,1,0,0,0,1],"EasingStyle":"Linear","EasingDirection":"In"},"Left Arm":{"Weight":1,"CFrame":[-0.732815146446228,-0.2762354612350464,0.10477018356323242,0.6208934783935547,0.7832496166229248,0.031804654747247699,-0.776656985282898,0.6091529726982117,0.1604260951280594,0.10627981275320053,-0.12430886179208756,0.986535370349884],"EasingStyle":"Linear","EasingDirection":"In"}}},{"Time":0.5416666865348816,"poses":{"Left Leg":{"Weight":1,"CFrame":[-0.6191423535346985,-0.05048227310180664,0.12815916538238526,0.906334400177002,-0.36316221952438357,0.21603511273860932,0.37476837635040285,0.9270138740539551,-0.01392856240272522,-0.19520924985408784,0.09358709305524826,0.9762862920761108],"EasingStyle":"Linear","EasingDirection":"In"},"Right Arm":{"Weight":1,"CFrame":[0.39868807792663576,-0.28004446625709536,0.06362283229827881,-0.2036551833152771,0.040320564061403278,0.9782120585441589,0.9790422916412354,0.007392349652945995,0.20352323353290559,0.000974983093328774,0.9991595149040222,-0.04098102077841759],"EasingStyle":"Linear","EasingDirection":"In"},"Head":{"Weight":1,"CFrame":[1.317821443080902e-7,7.8580342233181e-9,0,0.984248161315918,-0.16815167665481568,0.054596252739429477,0.17613206803798676,0.9593173265457153,-0.22065295279026032,-0.015271976590156556,0.22679340839385987,0.9738232493400574],"EasingStyle":"Linear","EasingDirection":"In"},"Right Leg":{"Weight":1,"CFrame":[0.33820104598999026,1.137766718864441,-0.0021230578422546388,0.5148305296897888,-0.8494467735290527,0.11571444571018219,0.856865644454956,0.5141218304634094,-0.03821037337183952,-0.027033574879169465,0.11882361024618149,0.992547333240509],"EasingStyle":"Linear","EasingDirection":"In"},"Torso":{"Weight":1,"CFrame":[0.010141059756278992,-0.654393196105957,-0.9417455196380615,0.98609858751297,0.16565312445163728,-0.012985444627702237,-0.10891897231340409,0.585394024848938,-0.8033994436264038,-0.12548400461673737,0.7936453819274902,0.5952989459037781],"EasingStyle":"Linear","EasingDirection":"In"},"HumanoidRootPart":{"Weight":1,"CFrame":[0,0,0,1,0,0,0,1,0,0,0,1],"EasingStyle":"Linear","EasingDirection":"In"},"Left Arm":{"Weight":1,"CFrame":[-0.7337772846221924,-0.2765457332134247,0.10492229461669922,0.6208402514457703,0.7833124995231628,0.031290244311094287,-0.776695966720581,0.6092028617858887,0.16004779934883119,0.10630534589290619,-0.1236671507358551,0.9866132140159607],"EasingStyle":"Linear","EasingDirection":"In"}}},{"Time":0.5833333134651184,"poses":{"Left Leg":{"Weight":1,"CFrame":[-0.6189414262771606,-0.04825448989868164,0.12808942794799806,0.907184362411499,-0.3611680865287781,0.21581031382083894,0.3727417588233948,0.9278279542922974,-0.014103379100561142,-0.19514121115207673,0.09323590248823166,0.9763334393501282],"EasingStyle":"Linear","EasingDirection":"In"},"Right Arm":{"Weight":1,"CFrame":[0.3986879587173462,-0.280044287443161,0.06362283229827881,-0.20348960161209107,0.04023439437150955,0.9782500863075256,0.9790769219398499,0.007649334147572517,0.20334692299365998,0.0006986858206801117,0.9991610050201416,-0.04094916954636574],"EasingStyle":"Linear","EasingDirection":"In"},"Head":{"Weight":1,"CFrame":[6.58910721540451e-8,1.2968666851520539e-7,2.384185791015625e-7,0.9842897057533264,-0.16784760355949403,0.05478121340274811,0.1759272813796997,0.9586202502250671,-0.22382348775863648,-0.014946147799491883,0.2299446314573288,0.9730890393257141],"EasingStyle":"Linear","EasingDirection":"In"},"Right Leg":{"Weight":1,"CFrame":[0.34024369716644289,1.1401827335357667,-0.002478182315826416,0.5164198279380798,-0.8484963178634644,0.11560565233230591,0.8559014797210693,0.5157309770584106,-0.03813527151942253,-0.027263686060905458,0.11864085495471955,0.9925628900527954],"EasingStyle":"Linear","EasingDirection":"In"},"Torso":{"Weight":1,"CFrame":[0.010164819657802582,-0.654393196105957,-0.9411516189575195,0.98609858751297,0.16565312445163728,-0.012985444627702237,-0.10891897231340409,0.585394024848938,-0.8033994436264038,-0.12548400461673737,0.7936453819274902,0.5952989459037781],"EasingStyle":"Linear","EasingDirection":"In"},"HumanoidRootPart":{"Weight":1,"CFrame":[0,0,0,1,0,0,0,1,0,0,0,1],"EasingStyle":"Linear","EasingDirection":"In"},"Left Arm":{"Weight":1,"CFrame":[-0.7347656488418579,-0.2768893539905548,0.10507857799530029,0.6207821369171143,0.7833794951438904,0.03076186589896679,-0.7767388224601746,0.6092503070831299,0.15965870022773744,0.1063317134976387,-0.12300734966993332,0.9866929054260254],"EasingStyle":"Linear","EasingDirection":"In"}}},{"Time":0.625,"poses":{"Left Leg":{"Weight":1,"CFrame":[-0.6187077760696411,-0.04591071605682373,0.12801361083984376,0.908074140548706,-0.35906490683555605,0.21557801961898805,0.37060436606407168,0.928680956363678,-0.014284783974289894,-0.19507411122322083,0.09286582469940186,0.9763821959495544],"EasingStyle":"Linear","EasingDirection":"In"},"Right Arm":{"Weight":1,"CFrame":[0.3986881673336029,-0.2800443768501282,0.06362283229827881,-0.20330388844013215,0.04012927785515785,0.9782930612564087,0.9791157245635986,0.00793881993740797,0.20314930379390717,0.0003858397249132395,0.999163031578064,-0.040905218571424487],"EasingStyle":"Linear","EasingDirection":"In"},"Head":{"Weight":1,"CFrame":[8.591450750827789e-8,2.593151293694973e-8,2.384185791015625e-7,0.9843292832374573,-0.1675592064857483,0.05495316907763481,0.17573200166225434,0.9579500555992127,-0.2268258035182953,-0.014635635539889336,0.2329283207654953,0.9723838567733765],"EasingStyle":"Linear","EasingDirection":"In"},"Right Leg":{"Weight":1,"CFrame":[0.3423890471458435,1.1427257061004639,-0.002851128578186035,0.518088698387146,-0.8474939465522766,0.11549154669046402,0.8548845648765564,0.5174206495285034,-0.03805588558316231,-0.027505503967404367,0.11844821274280548,0.9925791621208191],"EasingStyle":"Linear","EasingDirection":"In"},"Torso":{"Weight":1,"CFrame":[0.01018938422203064,-0.654393196105957,-0.9405374526977539,0.98609858751297,0.16565312445163728,-0.012985444627702237,-0.10891897231340409,0.585394024848938,-0.8033994436264038,-0.12548400461673737,0.7936453819274902,0.5952989459037781],"EasingStyle":"Linear","EasingDirection":"In"},"HumanoidRootPart":{"Weight":1,"CFrame":[0,0,0,1,0,0,0,1,0,0,0,1],"EasingStyle":"Linear","EasingDirection":"In"},"Left Arm":{"Weight":1,"CFrame":[-0.7357732057571411,-0.2772681713104248,0.10523796081542969,0.6207190155982971,0.7834504246711731,0.03022387996315956,-0.7767856121063232,0.6092944741249085,0.15926209092140199,0.10635875910520554,-0.1223345622420311,0.9867735505104065],"EasingStyle":"Linear","EasingDirection":"In"}}},{"Time":0.6666666865348816,"poses":{"Left Leg":{"Weight":1,"CFrame":[-0.6184389591217041,-0.043457746505737308,0.12793171405792237,0.9090000987052918,-0.35685840249061587,0.2153393030166626,0.3683621883392334,0.9295697212219238,-0.014472275041043759,-0.19500841200351716,0.09247814863920212,0.9764320850372315],"EasingStyle":"Linear","EasingDirection":"In"},"Right Arm":{"Weight":1,"CFrame":[0.3986881673336029,-0.28004446625709536,0.06362283229827881,-0.20309707522392274,0.04000358283519745,0.9783411026000977,0.9791586399078369,0.008262808434665203,0.202928826212883,0.00003417396146687679,0.9991653561592102,-0.0408480130136013],"EasingStyle":"Linear","EasingDirection":"In"},"Head":{"Weight":1,"CFrame":[1.6367994248867036e-7,-3.2558455131947996e-7,0,0.9843659996986389,-0.16729192435741425,0.055108692497015,0.17554984986782075,0.9573211669921875,-0.2296050488948822,-0.014345647767186165,0.23568978905677796,0.9717225432395935],"EasingStyle":"Linear","EasingDirection":"In"},"Right Leg":{"Weight":1,"CFrame":[0.3446298837661743,1.145389437675476,-0.0032411813735961916,0.51983243227005,-0.8464417457580566,0.11537250876426697,0.8538171648979187,0.5191861987113953,-0.03797239065170288,-0.027758318930864335,0.11824630945920944,0.9925962686538696],"EasingStyle":"Linear","EasingDirection":"In"},"Torso":{"Weight":1,"CFrame":[0.010214604437351227,-0.654393196105957,-0.9399065971374512,0.98609858751297,0.16565312445163728,-0.012985444627702237,-0.10891897231340409,0.585394024848938,-0.8033994436264038,-0.12548400461673737,0.7936453819274902,0.5952989459037781],"EasingStyle":"Linear","EasingDirection":"In"},"HumanoidRootPart":{"Weight":1,"CFrame":[0,0,0,1,0,0,0,1,0,0,0,1],"EasingStyle":"Linear","EasingDirection":"In"},"Left Arm":{"Weight":1,"CFrame":[-0.736791729927063,-0.2776831388473511,0.10539889335632324,0.6206504702568054,0.7835255265235901,0.029680274426937105,-0.7768365740776062,0.6093341708183289,0.15886083245277406,0.10638631880283356,-0.12165389955043793,0.9868548512458801],"EasingStyle":"Linear","EasingDirection":"In"}}},{"Time":0.7083333134651184,"poses":{"Left Leg":{"Weight":1,"CFrame":[-0.6181317567825317,-0.0409015417098999,0.12784314155578614,0.9099593162536621,-0.35455331206321719,0.21509559452533723,0.36601993441581728,0.9304914474487305,-0.014665158465504647,-0.1949450969696045,0.09207402169704437,0.9764829277992249],"EasingStyle":"Linear","EasingDirection":"In"},"Right Arm":{"Weight":1,"CFrame":[0.39868831634521487,-0.28004443645477297,0.06362295150756836,-0.20286796987056733,0.039855312556028369,0.9783946871757507,0.9792061448097229,0.008622836321592331,0.2026849240064621,-0.00035836364259012043,0.9991682767868042,-0.04077595844864845],"EasingStyle":"Linear","EasingDirection":"In"},"Head":{"Weight":1,"CFrame":[1.5576370060443879e-7,-3.504392225295305e-7,-1.1920928955078126e-7,0.9843992590904236,-0.167051300406456,0.055244553834199908,0.1753847450017929,0.9567480087280273,-0.2321067601442337,-0.014081384986639023,0.23817476630210877,0.971120297908783],"EasingStyle":"Linear","EasingDirection":"In"},"Right Leg":{"Weight":1,"CFrame":[0.3469589948654175,1.1481670141220093,-0.003647148609161377,0.5216454863548279,-0.8453424572944641,0.11524906009435654,0.8527021408081055,0.5210219621658325,-0.03788483142852783,-0.028021547943353654,0.11803555488586426,0.9926139712333679],"EasingStyle":"Linear","EasingDirection":"In"},"Torso":{"Weight":1,"CFrame":[0.010240361094474793,-0.654393196105957,-0.939262866973877,0.98609858751297,0.16565312445163728,-0.012985444627702237,-0.10891897231340409,0.585394024848938,-0.8033994436264038,-0.12548400461673737,0.7936453819274902,0.5952989459037781],"EasingStyle":"Linear","EasingDirection":"In"},"HumanoidRootPart":{"Weight":1,"CFrame":[0,0,0,1,0,0,0,1,0,0,0,1],"EasingStyle":"Linear","EasingDirection":"In"},"Left Arm":{"Weight":1,"CFrame":[-0.73781418800354,-0.2781355381011963,0.1055605411529541,0.6205765604972839,0.7836045622825623,0.029135078191757203,-0.7768917679786682,0.6093688011169434,0.1584576666355133,0.10641415417194367,-0.12097003310918808,0.9869359135627747],"EasingStyle":"Linear","EasingDirection":"In"}}},{"Time":0.75,"poses":{"Left Leg":{"Weight":1,"CFrame":[-0.6177840828895569,-0.03824961185455322,0.1277480125427246,0.9109484553337097,-0.35215529799461367,0.21484783291816712,0.36358344554901125,0.9314430356025696,-0.014862447045743466,-0.19488465785980225,0.09165403246879578,0.9765344858169556],"EasingStyle":"Linear","EasingDirection":"In"},"Right Arm":{"Weight":1,"CFrame":[0.39868804812431338,-0.2800445556640625,0.06362295150756836,-0.20261499285697938,0.03968270495533943,0.9784541130065918,0.9792582392692566,0.009021217934787274,0.2024155855178833,-0.0007943568634800613,0.9991716742515564,-0.04068752005696297],"EasingStyle":"Linear","EasingDirection":"In"},"Head":{"Weight":1,"CFrame":[9.383074939250946e-8,1.6755075193941594e-7,0,0.984428346157074,-0.16684280335903169,0.0553574375808239,0.1752403974533081,0.9562455415725708,-0.2342762053012848,-0.013848002068698407,0.2403290718793869,0.9705927968025208],"EasingStyle":"Linear","EasingDirection":"In"},"Right Leg":{"Weight":1,"CFrame":[0.3493703007698059,1.1510506868362427,-0.004067659378051758,0.5235229134559631,-0.8441983461380005,0.11512143909931183,0.8515416979789734,0.522922933101654,-0.037793487310409549,-0.028294367715716363,0.11781642585992813,0.9926322102546692],"EasingStyle":"Linear","EasingDirection":"In"},"Torso":{"Weight":1,"CFrame":[0.010266520082950592,-0.654393196105957,-0.9386091232299805,0.98609858751297,0.16565312445163728,-0.012985444627702237,-0.10891897231340409,0.585394024848938,-0.8033994436264038,-0.12548400461673737,0.7936453819274902,0.5952989459037781],"EasingStyle":"Linear","EasingDirection":"In"},"HumanoidRootPart":{"Weight":1,"CFrame":[0,0,0,1,0,0,0,1,0,0,0,1],"EasingStyle":"Linear","EasingDirection":"In"},"Left Arm":{"Weight":1,"CFrame":[-0.7388324737548828,-0.27862679958343508,0.10572159290313721,0.6204971671104431,0.7836874127388,0.028592338785529138,-0.7769513726234436,0.6093972325325012,0.15805554389953614,0.10644208639860153,-0.12028800696134567,0.9870162010192871],"EasingStyle":"Linear","EasingDirection":"In"}}},{"Time":0.7916666865348816,"poses":{"Left Leg":{"Weight":1,"CFrame":[-0.6173944473266602,-0.03550887107849121,0.12764644622802735,0.9119643568992615,-0.34967008233070376,0.2145971953868866,0.3610585629940033,0.9324215650558472,-0.01506373006850481,-0.19482776522636414,0.09121973067522049,0.9765865206718445],"EasingStyle":"Linear","EasingDirection":"In"},"Right Arm":{"Weight":1,"CFrame":[0.3986879587173462,-0.28004440665245058,0.06362295150756836,-0.2023373544216156,0.03948419168591499,0.9785196185112,0.9793151617050171,0.009459611028432846,0.20212003588676454,-0.0012757466174662114,0.999175488948822,-0.04058147594332695],"EasingStyle":"Linear","EasingDirection":"In"},"Head":{"Weight":1,"CFrame":[7.12461769580841e-8,1.3364478945732118e-7,1.1920928955078126e-7,0.9844523668289185,-0.1666719764471054,0.055444106459617618,0.17512066662311555,0.9558289051055908,-0.236059159040451