{"Sequence":[{"Time":0,"poses":{"Left Leg":{"Weight":1,"CFrame":[-0.09373925626277924,0.014277279376983643,0.187453031539917,0.9253978133201599,-0.15500059723854066,0.34585219621658327,0.17716772854328156,0.9836198687553406,-0.0332193486392498,-0.33503809571266177,0.09201496094465256,0.9377007484436035],"EasingStyle":"Linear","EasingDirection":"Out"},"Right Arm":{"Weight":1,"CFrame":[0.15364466607570649,-0.3344573974609375,0.15585577487945558,0.36684685945510867,-0.5973606109619141,-0.7131506204605103,0.9174802303314209,0.35905739665031435,0.17119520902633668,0.15379658341407777,-0.7171039581298828,0.6797855496406555],"EasingStyle":"Linear","EasingDirection":"Out"},"Left Arm":{"Weight":1,"CFrame":[-0.012020692229270935,-0.24567356705665589,0.25609898567199709,0.7147365212440491,0.3677450120449066,-0.5949079394340515,-0.3306176960468292,0.9272177815437317,0.17595189809799195,0.6163145899772644,0.07092779874801636,0.784299373626709],"EasingStyle":"Linear","EasingDirection":"Out"},"Head":{"Weight":1,"CFrame":[8.195638656616211e-8,-7.450580596923828e-9,-5.960464477539063e-8,0.9778960943222046,-0.2057102918624878,0.037450160831213,0.20464622974395753,0.9783650636672974,0.030360639095306398,-0.0428854376077652,-0.022025518119335176,0.9988371729850769],"EasingStyle":"Linear","EasingDirection":"Out"},"Torso":{"Weight":1,"CFrame":[-0.05785179138183594,-0.05511198937892914,-0.10354995727539063,0.9722285270690918,0.22258080542087556,-0.07231482118368149,-0.22750096023082734,0.9713379740715027,-0.06888996064662934,0.05490855500102043,0.08342848718166352,0.994999885559082],"EasingStyle":"Linear","EasingDirection":"Out"},"HumanoidRootPart":{"Weight":0,"CFrame":[0,0,0,1,0,0,0,1,0,0,0,1],"EasingStyle":"Linear","EasingDirection":"In"},"Right Leg":{"Weight":1,"CFrame":[0.3816242516040802,0.2028849720954895,0.07846283912658692,0.9692029356956482,0.10800899565219879,-0.22131358087062837,-0.08093154430389404,0.9884687066078186,0.12798330187797547,0.23258483409881593,-0.10613057017326355,0.9667680859565735],"EasingStyle":"Linear","EasingDirection":"Out"}}},{"Time":0.017083333805203439,"poses":{"Left Leg":{"Weight":1,"CFrame":[-0.0789199024438858,0.01081836223602295,0.1830744743347168,0.925401508808136,-0.14709948003292085,0.3492760956287384,0.1699206531047821,0.9848203063011169,-0.035439807921648028,-0.3387610614299774,0.09214525669813156,0.9363493919372559],"EasingStyle":"Linear","EasingDirection":"Out"},"Right Arm":{"Weight":1,"CFrame":[0.1568639874458313,-0.36921000480651858,0.17682838439941407,0.3837415277957916,-0.5732814073562622,-0.7239411473274231,0.9052169322967529,0.38850700855255129,0.17217615246772767,0.18255074322223664,-0.721394956111908,0.668030321598053],"EasingStyle":"Linear","EasingDirection":"Out"},"Left Arm":{"Weight":1,"CFrame":[-0.014071136713027954,-0.2662583887577057,0.2541475296020508,0.6895660758018494,0.3712445795536041,-0.6218328475952148,-0.33012649416923525,0.9253559708595276,0.18636737763881684,0.6446046233177185,0.07677090167999268,0.7606517672538757],"EasingStyle":"Linear","EasingDirection":"Out"},"Head":{"Weight":1,"CFrame":[6.146728992462158e-8,-1.1175870895385743e-8,-3.5762786865234377e-7,0.9764569401741028,-0.213799849152565,0.0286606103181839,0.21299952268600465,0.9766340255737305,0.028586370870471,-0.034102700650691989,-0.02180866152048111,0.9991803765296936],"EasingStyle":"Linear","EasingDirection":"Out"},"Torso":{"Weight":1,"CFrame":[-0.06415772438049317,-0.055501118302345279,-0.10169744491577149,0.9712296724319458,0.225603386759758,-0.07626333087682724,-0.23088492453098298,0.9705017805099487,-0.06941470503807068,0.05835350975394249,0.08502567559480667,0.9946685433387756],"EasingStyle":"Linear","EasingDirection":"Out"},"HumanoidRootPart":{"Weight":0,"CFrame":[0,0,0,1,0,0,0,1,0,0,0,1],"EasingStyle":"Linear","EasingDirection":"In"},"Right Leg":{"Weight":1,"CFrame":[0.3828045427799225,0.20481348037719727,0.07645523548126221,0.9702927470207214,0.10507164150476456,-0.21792630851268769,-0.0778881311416626,0.9884764552116394,0.12979893386363984,0.22905325889587403,-0.10896912217140198,0.9672954082489014],"EasingStyle":"Linear","EasingDirection":"Out"}}},{"Time":0.03375000134110451,"poses":{"Left Leg":{"Weight":1,"CFrame":[-0.06542040407657623,0.008137166500091553,0.17898523807525636,0.9252673983573914,-0.14027607440948487,0.3524242341518402,0.16343283653259278,0.9858725666999817,-0.03667376935482025,-0.34230098128318789,0.09153075516223908,0.935121476650238],"EasingStyle":"Linear","EasingDirection":"Out"},"Right Arm":{"Weight":1,"CFrame":[0.15857675671577454,-0.4008479118347168,0.20000004768371583,0.39658448100090029,-0.5555258393287659,-0.7308294773101807,0.895086944103241,0.4107557535171509,0.1734907627105713,0.20381376147270204,-0.7229597568511963,0.6601433157920837],"EasingStyle":"Linear","EasingDirection":"Out"},"Left Arm":{"Weight":1,"CFrame":[-0.019979268312454225,-0.2860056757926941,0.24851608276367188,0.6666992902755737,0.37751561403274538,-0.6426461935043335,-0.32853376865386965,0.9228003025054932,0.20125891268253327,0.6690124273300171,0.0769517794251442,0.7392568588256836],"EasingStyle":"Linear","EasingDirection":"Out"},"Head":{"Weight":1,"CFrame":[7.636845111846924e-8,1.4901161193847657e-8,3.5762786865234377e-7,0.9749544858932495,-0.2215794026851654,0.01913905143737793,0.2210455685853958,0.9749013185501099,0.026576071977615358,-0.024547399953007699,-0.021679868921637536,0.9994635581970215],"EasingStyle":"Linear","EasingDirection":"Out"},"Torso":{"Weight":1,"CFrame":[-0.06932395696640015,-0.055698588490486148,-0.09974431991577149,0.9703482985496521,0.2283829003572464,-0.07915456593036652,-0.23392778635025025,0.9697529673576355,-0.06969195604324341,0.060843925923109058,0.0861419290304184,0.9944232702255249],"EasingStyle":"Linear","EasingDirection":"Out"},"HumanoidRootPart":{"Weight":0,"CFrame":[0,0,0,1,0,0,0,1,0,0,0,1],"EasingStyle":"Linear","EasingDirection":"In"},"Right Leg":{"Weight":1,"CFrame":[0.3832252025604248,0.20553463697433473,0.07468295097351074,0.9712923765182495,0.10232958942651749,-0.214755117893219,-0.07522545009851456,0.9885494709014893,0.13080951571464539,0.22568179666996003,-0.11089923977851868,0.9678683280944824],"EasingStyle":"Linear","EasingDirection":"Out"}}},{"Time":0.050833333283662799,"poses":{"Left Leg":{"Weight":1,"CFrame":[-0.053330063819885257,0.006178021430969238,0.17528915405273438,0.9249507188796997,-0.13471218943595887,0.3554135262966156,0.15791761875152589,0.9867601990699768,-0.0369635634124279,-0.3457285463809967,0.09031552076339722,0.9339780211448669],"EasingStyle":"Linear","EasingDirection":"Out"},"Right Arm":{"Weight":1,"CFrame":[0.1589283049106598,-0.42939773201942446,0.22500014305114747,0.4059627056121826,-0.5432522296905518,-0.7348954081535339,0.8873683214187622,0.42663678526878359,0.17480997741222382,0.21856752038002015,-0.7230892777442932,0.6552634835243225],"EasingStyle":"Linear","EasingDirection":"Out"},"Left Arm":{"Weight":1,"CFrame":[-0.029380813241004945,-0.3049684762954712,0.23953735828399659,0.6455608606338501,0.3864041566848755,-0.6587435007095337,-0.3264399468898773,0.9194036722183228,0.21939431130886079,0.6904260516166687,0.07340781390666962,0.7196687459945679],"EasingStyle":"Linear","EasingDirection":"Out"},"Head":{"Weight":1,"CFrame":[8.754432201385498e-8,3.725290298461914e-9,-2.980232238769531e-7,0.9733675718307495,-0.22907105088233949,0.00905556045472622,0.2287975400686264,0.9731688499450684,0.024372780695557596,-0.014395680278539658,-0.02165178209543228,0.999661922454834],"EasingStyle":"Linear","EasingDirection":"Out"},"Torso":{"Weight":1,"CFrame":[-0.0734395980834961,-0.055663809180259708,-0.09773921966552735,0.9695618152618408,0.23103827238082887,-0.08106333017349243,-0.23674610257148744,0.9690704345703125,-0.06966930627822876,0.0624598003923893,0.08674012869596482,0.9942710399627686],"EasingStyle":"Linear","EasingDirection":"Out"},"HumanoidRootPart":{"Weight":0,"CFrame":[0,0,0,1,0,0,0,1,0,0,0,1],"EasingStyle":"Linear","EasingDirection":"In"},"Right Leg":{"Weight":1,"CFrame":[0.3830898404121399,0.20517116785049439,0.07311081886291504,0.9722232222557068,0.09986618161201477,-0.2116805762052536,-0.07301288843154907,0.9886772632598877,0.1310969889163971,0.2223760187625885,-0.11200018227100373,0.9685065150260925],"EasingStyle":"Linear","EasingDirection":"Out"}}},{"Time":0.06791666895151138,"poses":{"Left Leg":{"Weight":1,"CFrame":[-0.042667657136917117,0.004880428314208984,0.17205405235290528,0.9244111776351929,-0.130545511841774,0.3583598732948303,0.15354245901107789,0.9874732494354248,-0.036349568516016009,-0.34912553429603579,0.08862543106079102,0.9328756332397461],"EasingStyle":"Linear","EasingDirection":"Out"},"Right Arm":{"Weight":1,"CFrame":[0.158064067363739,-0.4548830986022949,0.251459002494812,0.4122123122215271,-0.5354997515678406,-0.7371031045913696,0.8821537494659424,0.4368573725223541,0.1759558469057083,0.22778457403182984,-0.7227694392204285,0.652471125125885],"EasingStyle":"Linear","EasingDirection":"Out"},"Left Arm":{"Weight":1,"CFrame":[-0.04191109538078308,-0.3231970965862274,0.22754502296447755,0.6254814863204956,0.39762309193611147,-0.671318769454956,-0.32451316714286806,0.915027379989624,0.23961643874645234,0.7095520496368408,0.06797611713409424,0.7013666033744812],"EasingStyle":"Linear","EasingDirection":"Out"},"Head":{"Weight":1,"CFrame":[4.470348358154297e-8,-7.450580596923828e-9,0,0.9716800451278687,-0.2362961620092392,-0.001419984851963818,0.2362694889307022,0.9714379906654358,0.022022267803549768,-0.003824375569820404,-0.021734096109867097,0.9997564554214478],"EasingStyle":"Linear","EasingDirection":"Out"},"Torso":{"Weight":1,"CFrame":[-0.07659326493740082,-0.05535486340522766,-0.09573507308959961,0.968842625617981,0.23368674516677857,-0.0820639580488205,-0.23945680260658265,0.9684311747550964,-0.06929268687963486,0.06328052282333374,0.0867844820022583,0.9942153096199036],"EasingStyle":"Linear","EasingDirection":"Out"},"HumanoidRootPart":{"Weight":0,"CFrame":[0,0,0,1,0,0,0,1,0,0,0,1],"EasingStyle":"Linear","EasingDirection":"In"},"Right Leg":{"Weight":1,"CFrame":[0.3825984001159668,0.20384877920150758,0.07169723510742188,0.9731057286262512,0.0977625846862793,-0.20858491957187653,-0.07131917774677277,0.9888476133346558,0.13074392080307008,0.2190406173467636,-0.11235165596008301,0.9692256450653076],"EasingStyle":"Linear","EasingDirection":"Out"}}},{"Time":0.0845833346247673,"poses":{"Left Leg":{"Weight":1,"CFrame":[-0.03370696306228638,0.00421905517578125,0.16944026947021485,0.9235835671424866,-0.12806488573551179,0.36137625575065615,0.1506371647119522,0.9879739284515381,-0.0348702073097229,-0.3525647222995758,0.086642324924469,0.9317678213119507],"EasingStyle":"Linear","EasingDirection":"Out"},"Right Arm":{"Weight":1,"CFrame":[0.15612930059432984,-0.4773302376270294,0.2790060043334961,0.4154908061027527,-0.5312290191650391,-0.7383516430854797,0.8794033527374268,0.4420131742954254,0.17684482038021089,0.23241598904132844,-0.7227863073348999,0.6508170366287231],"EasingStyle":"Linear","EasingDirection":"Out"},"Left Arm":{"Weight":1,"CFrame":[-0.057205602526664737,-0.3407435417175293,0.21287190914154054,0.6057119965553284,0.41079768538475039,-0.6814383268356323,-0.32347068190574648,0.909585177898407,0.2608092129230499,0.726966142654419,0.06245008856058121,0.6838276982307434],"EasingStyle":"Linear","EasingDirection":"Out"},"Head":{"Weight":1,"CFrame":[1.1548399925231934e-7,7.450580596923828e-9,1.1920928955078126e-7,0.9698814749717712,-0.2432757318019867,-0.012117810547351838,0.24347707629203797,0.9697091579437256,0.019573340192437173,0.006989015731960535,-0.021934237331151964,0.9997349977493286],"EasingStyle":"Linear","EasingDirection":"Out"},"Torso":{"Weight":1,"CFrame":[-0.07887308299541474,-0.054728806018829349,-0.09378743171691895,0.9681594371795654,0.23644347488880158,-0.08223003149032593,-0.2421768456697464,0.9678105115890503,-0.06850675493478775,0.06338511407375336,0.08623968064785004,0.9942560195922852],"EasingStyle":"Linear","EasingDirection":"Out"},"HumanoidRootPart":{"Weight":0,"CFrame":[0,0,0,1,0,0,0,1,0,0,0,1],"EasingStyle":"Linear","EasingDirection":"In"},"Right Leg":{"Weight":1,"CFrame":[0.38194578886032107,0.20169490575790406,0.07039499282836914,0.9739587903022766,0.0960991159081459,-0.20535129308700562,-0.0702134296298027,0.9890466332435608,0.1298336386680603,0.2155790477991104,-0.11203426122665405,0.9700381755828857],"EasingStyle":"Linear","EasingDirection":"Out"}}},{"Time":0.10166666656732559,"poses":{"Left Leg":{"Weight":1,"CFrame":[-0.026460573077201844,0.004135429859161377,0.16750073432922364,0.9224175810813904,-0.12740154564380647,0.3645746409893036,0.14936313033103944,0.9882460832595825,-0.032561641186475757,-0.3561411201953888,0.08448946475982666,0.9306046962738037],"EasingStyle":"Linear","EasingDirection":"Out"},"Right Arm":{"Weight":1,"CFrame":[0.15326935052871705,-0.4967632591724396,0.3072711229324341,0.4158422350883484,-0.529345691204071,-0.7395054697990418,0.8789794445037842,0.44261646270751955,0.17744234204292298,0.2333889603614807,-0.7237981557846069,0.6493426561355591],"EasingStyle":"Linear","EasingDirection":"Out"},"Left Arm":{"Weight":1,"CFrame":[-0.07489977777004242,-0.3576585054397583,0.19585168361663819,0.5854259133338928,0.4254864752292633,-0.6900998950004578,-0.32406795024871828,0.9030641317367554,0.28187769651412966,0.7431396245956421,0.05862073600292206,0.6665636301040649],"EasingStyle":"Linear","EasingDirection":"Out"},"Head":{"Weight":1,"CFrame":[7.636845111846924e-8,0,-1.1920928955078126e-7,0.9679679274559021,-0.2500302791595459,-0.022868655622005464,0.2504374086856842,0.9679821729660034,0.017077092081308366,0.017866643145680429,-0.022257249802350999,0.9995926022529602],"EasingStyle":"Linear","EasingDirection":"Out"},"Torso":{"Weight":1,"CFrame":[-0.08036655187606812,-0.05374233424663544,-0.09195351600646973,0.967477560043335,0.23942217230796815,-0.08163445442914963,-0.24502383172512055,0.9671814441680908,-0.06725568324327469,0.06285282969474793,0.08507075160741806,0.9943904876708984],"EasingStyle":"Linear","EasingDirection":"Out"},"HumanoidRootPart":{"Weight":0,"CFrame":[0,0,0,1,0,0,0,1,0,0,0,1],"EasingStyle":"Linear","EasingDirection":"In"},"Right Leg":{"Weight":1,"CFrame":[0.38132715225219729,0.1988379955291748,0.06915557384490967,0.974799394607544,0.0949568822979927,-0.20186443626880647,-0.06976598501205445,0.9892591834068298,0.12844854593276978,0.21189337968826295,-0.1111283004283905,0.9709540009498596],"EasingStyle":"Linear","EasingDirection":"Out"}}},{"Time":0.11874999850988388,"poses":{"Left Leg":{"Weight":1,"CFrame":[-0.020980849862098695,0.004577755928039551,0.16630327701568604,0.9208484888076782,-0.12871234118938447,0.3680640459060669,0.14990918338298798,0.988260805606842,-0.02945767343044281,-0.3599517345428467,0.0823022723197937,0.9293336868286133],"EasingStyle":"Linear","EasingDirection":"Out"},"Right Arm":{"Weight":1,"CFrame":[0.14962969720363618,-0.513207733631134,0.33588433265686037,0.41324567794799807,-0.5287042260169983,-0.7414174675941467,0.8806735873222351,0.43912121653556826,0.1777261346578598,0.231607586145401,-0.7263913750648499,0.6470808386802673],"EasingStyle":"Linear","EasingDirection":"Out"},"Left Arm":{"Weight":1,"CFrame":[-0.09462910890579224,-0.37399470806121828,0.17681729793548585,0.5637194514274597,0.4411768317222595,-0.6982718110084534,-0.3270903527736664,0.8955244421958923,0.30174124240875246,0.7584407329559326,0.058300554752349856,0.6491292119026184],"EasingStyle":"Linear","EasingDirection":"Out"},"Head":{"Weight":1,"CFrame":[6.891787052154541e-8,-3.725290298461914e-9,0,0.9659420251846314,-0.2565803825855255,-0.03350372612476349,0.2571697533130646,0.9662561416625977,0.014586600475013256,0.028630532324314119,-0.022705955430865289,0.9993321299552918],"EasingStyle":"Linear","EasingDirection":"Out"},"Torso":{"Weight":1,"CFrame":[-0.0811602771282196,-0.052351921796798709,-0.09029293060302735,0.9667595028877258,0.24273458123207093,-0.08034895360469818,-0.24811552464962007,0.9665146470069885,-0.06548339873552323,0.06176335737109184,0.08324252814054489,0.9946134686470032],"EasingStyle":"Linear","EasingDirection":"Out"},"HumanoidRootPart":{"Weight":0,"CFrame":[0,0,0,1,0,0,0,1,0,0,0,1],"EasingStyle":"Linear","EasingDirection":"In"},"Right Leg":{"Weight":1,"CFrame":[0.38093578815460207,0.1954023241996765,0.06792879104614258,0.975642204284668,0.09441833198070526,-0.198008731007576,-0.07004822790622711,0.9894683957099915,0.12667104601860047,0.2078835368156433,-0.10971550643444061,0.9719809889793396],"EasingStyle":"Linear","EasingDirection":"Out"}}},{"Time":0.1354166716337204,"poses":{"Left Leg":{"Weight":1,"CFrame":[-0.017274871468544008,0.005488455295562744,0.16589832305908204,0.9188011288642883,-0.13212399184703828,0.37195122241973879,0.15243180096149445,0.9879826307296753,-0.025590229779481889,-0.36410024762153628,0.08020953088998795,0.9278994798660278],"EasingStyle":"Linear","EasingDirection":"Out"},"Right Arm":{"Weight":1,"CFrame":[0.14535564184188844,-0.5266889929771423,0.3644754886627197,0.40765607357025149,-0.5281091928482056,-0.7449276447296143,0.8842255473136902,0.43195271492004397,0.1776571124792099,0.2279510200023651,-0.7311070561408997,0.64305579662323],"EasingStyle":"Linear","EasingDirection":"Out"},"Left Arm":{"Weight":1,"CFrame":[-0.11602911353111267,-0.3898032307624817,0.15610218048095704,0.5396159887313843,0.4572611153125763,-0.7069135904312134,-0.3333490788936615,0.8870747685432434,0.3193379342556,0.7731060981750488,0.06332917511463165,0.6311073899269104],"EasingStyle":"Linear","EasingDirection":"Out"},"Head":{"Weight":1,"CFrame":[1.0989606380462647e-7,-7.450580596923828e-9,-1.7881393432617188e-7,0.9638132452964783,-0.2629462480545044,-0.043855126947164538,0.2636948227882385,0.9645295739173889,0.012156838551163674,0.03910297155380249,-0.023281289264559747,0.9989639520645142],"EasingStyle":"Linear","EasingDirection":"Out"},"Torso":{"Weight":1,"CFrame":[-0.08133988082408905,-0.05051431059837341,-0.0888667106628418,0.965965211391449,0.2464909851551056,-0.07844402641057968,-0.2515701353549957,0.9657776951789856,-0.06313415616750717,0.06019749492406845,0.08071956783533097,0.9949173927307129],"EasingStyle":"Linear","EasingDirection":"Out"},"HumanoidRootPart":{"Weight":0,"CFrame":[0,0,0,1,0,0,0,1,0,0,0,1],"EasingStyle":"Linear","EasingDirection":"In"},"Right Leg":{"Weight":1,"CFrame":[0.3809707462787628,0.1915164589881897,0.06666445732116699,0.9764983057975769,0.09456875175237656,-0.1936693787574768,-0.07113467156887055,0.9896560907363892,0.1245819702744484,0.20344766974449159,-0.10787753015756607,0.973124623298645],"EasingStyle":"Linear","EasingDirection":"Out"}}},{"Time":0.1525000035762787,"poses":{"Left Leg":{"Weight":1,"CFrame":[-0.015291333198547364,0.006804168224334717,0.16631579399108888,0.9161872863769531,-0.13772819936275483,0.37633997201919558,0.1570495218038559,0.9873676896095276,-0.020987484604120256,-0.36869537830352785,0.07833252102136612,0.9262439012527466],"EasingStyle":"Linear","EasingDirection":"Out"},"Right Arm":{"Weight":1,"CFrame":[0.14059245586395265,-0.5372310280799866,0.39267444610595705,0.39902910590171816,-0.5263066291809082,-0.7508509159088135,0.8893405795097351,0.4215317964553833,0.17715592682361604,0.22326916456222535,-0.7384526133537293,0.6362693309783936],"EasingStyle":"Linear","EasingDirection":"Out"},"Left Arm":{"Weight":1,"CFrame":[-0.13873519003391267,-0.4051346480846405,0.13403964042663575,0.5120750665664673,0.4729892909526825,-0.71697998046875,-0.3436764180660248,0.8778221011161804,0.33363863825798037,0.7871884107589722,0.0755610466003418,0.6120660901069641],"EasingStyle":"Linear","EasingDirection":"Out"},"Head":{"Weight":1,"CFrame":[7.636845111846924e-8,3.725290298461914e-9,-1.1920928955078126e-7,0.9615973234176636,-0.2691483497619629,-0.05375608056783676,0.2700353264808655,0.9628000855445862,0.009844779968261719,0.04910664260387421,-0.023982755839824678,0.9985055923461914],"EasingStyle":"Linear","EasingDirection":"Out"},"Torso":{"Weight":1,"CFrame":[-0.0809895396232605,-0.04818658530712128,-0.0877382755279541,0.9650519490242004,0.2507997751235962,-0.07598838955163956,-0.25550565123558047,0.9649344682693481,-0.06015262007713318,0.058237556368112567,0.07746586948633194,0.9952926635742188],"EasingStyle":"Linear","EasingDirection":"Out"},"HumanoidRootPart":{"Weight":0,"CFrame":[0,0,0,1,0,0,0,1,0,0,0,1],"EasingStyle":"Linear","EasingDirection":"In"},"Right Leg":{"Weight":1,"CFrame":[0.381633460521698,0.18730390071868897,0.06531286239624024,0.9773741960525513,0.09549753367900849,-0.18873223662376405,-0.07310308516025543,0.9898020625114441,0.12226103991270066,0.19848322868347169,-0.10569791495800019,0.9743881821632385],"EasingStyle":"Linear","EasingDirection":"Out"}}},{"Time":0.16958333551883698,"poses":{"Left Leg":{"Weight":1,"CFrame":[-0.014887258410453797,0.008450984954833985,0.16753554344177247,0.9129444360733032,-0.14548249542713166,0.38127052783966067,0.16373950242996217,0.9863787293434143,-0.0156956035643816,-0.3737937808036804,0.07675827294588089,0.9243302345275879],"EasingStyle":"Linear","EasingDirection":"Out"},"Right Arm":{"Weight":1,"CFrame":[0.1354856640100479,-0.5448593497276306,0.42011070251464846,0.387461394071579,-0.5222076773643494,-0.7597188353538513,0.8956815004348755,0.40832939743995669,0.17612989246845246,0.21823906898498536,-0.7487097382545471,0.6259437203407288],"EasingStyle":"Linear","EasingDirection":"Out"},"Left Arm":{"Weight":1,"CFrame":[-0.1623828113079071,-0.4200412929058075,0.1109628677368164,0.48030054569244387,0.4874754548072815,-0.7291632890701294,-0.3586227595806122,0.8678099513053894,0.34394124150276186,0.8004381060600281,0.09629938751459122,0.5916293263435364],"EasingStyle":"Linear","EasingDirection":"Out"},"Head":{"Weight":1,"CFrame":[8.195638656616211e-8,0,0,0.9593157172203064,-0.2752075791358948,-0.06304089725017548,0.27621591091156008,0.9610646963119507,0.007708300370723009,0.058464981615543368,-0.024807598441839219,0.9979811906814575],"EasingStyle":"Linear","EasingDirection":"Out"},"Torso":{"Weight":1,"CFrame":[-0.0801820158958435,-0.045353569090366366,-0.08695220947265625,0.9639905095100403,0.2557070851325989,-0.0730494037270546,-0.2599814236164093,0.9639580845832825,-0.056519825011491778,0.05596404895186424,0.07347606122493744,0.9957255125045776],"EasingStyle":"Linear","EasingDirection":"Out"},"HumanoidRootPart":{"Weight":0,"CFrame":[0,0,0,1,0,0,0,1,0,0,0,1],"EasingStyle":"Linear","EasingDirection":"In"},"Right Leg":{"Weight":1,"CFrame":[0.3830549120903015,0.18287289142608643,0.06384086608886719,0.978262722492218,0.09725753217935562,-0.1831473708152771,-0.07598922401666641,0.9898885488510132,0.11977626383304596,0.1929446905851364,-0.10325545072555542,0.9757615923881531],"EasingStyle":"Linear","EasingDirection":"Out"}}},{"Time":0.1862500011920929,"poses":{"Left Leg":{"Weight":1,"CFrame":[-0.01579970121383667,0.010344624519348145,0.16942322254180909,0.9091609716415405,-0.15495431423187257,0.3865429162979126,0.1720706671476364,0.9850354194641113,-0.009842242114245892,-0.3792334198951721,0.07546089589595795,0.922218918800354],"EasingStyle":"Linear","EasingDirection":"Out"},"Right Arm":{"Weight":1,"CFrame":[0.13018041849136353,-0.5495994687080383,0.4464148283004761,0.3735511004924774,-0.5155842304229736,-0.7711241841316223,0.9028270840644836,0.3929530680179596,0.17461735010147096,0.21298551559448243,-0.7614202499389648,0.6122714281082153],"EasingStyle":"Linear","EasingDirection":"Out"},"Left Arm":{"Weight":1,"CFrame":[-0.18660752475261689,-0.43457454442977908,0.0872049331665039,0.44464924931526186,0.4999755322933197,-0.7431766986846924,-0.37755072116851809,0.8570205569267273,0.35067248344421389,0.8122453689575195,0.12466070801019669,0.5698396563529968],"EasingStyle":"Linear","EasingDirection":"Out"},"Head":{"Weight":1,"CFrame":[6.332993507385254e-8,-1.1175870895385743e-8,-1.7881393432617188e-7,0.9569946527481079,-0.2811450958251953,-0.07154534757137299,0.28226226568222048,0.9593197107315064,0.005807306617498398,0.06700218468904495,-0.02575211599469185,0.9974204301834106],"EasingStyle":"Linear","EasingDirection":"Out"},"Torso":{"Weight":1,"CFrame":[-0.07895040512084961,-0.04210834950208664,-0.08647370338439942,0.9628152251243591,0.2610158920288086,-0.06969641894102097,-0.26482218503952029,0.9628747701644898,-0.0523587204515934,0.05344246327877045,0.06886892765760422,0.9961932301521301],"EasingStyle":"Linear","EasingDirection":"Out"},"HumanoidRootPart":{"Weight":0,"CFrame":[0,0,0,1,0,0,0,1,0,0,0,1],"EasingStyle":"Linear","EasingDirection":"In"},"Right Leg":{"Weight":1,"CFrame":[0.38506948947906496,0.17827707529067994,0.06229507923126221,0.979120135307312,0.099754698574543,-0.17712339758872987,-0.0796596109867096,0.9899128079414368,0.11716233938932419,0.18702425062656403,-0.10060645639896393,0.9771900177001953],"EasingStyle":"Linear","EasingDirection":"Out"}}},{"Time":0.20333333313465119,"poses":{"Left Leg":{"Weight":1,"CFrame":[-0.017751872539520265,0.01240462064743042,0.17181634902954102,0.9049762487411499,-0.16562452912330628,0.3919011354446411,0.181524395942688,0.9833799004554749,-0.0035812011919915678,-0.38479453325271609,0.07438059151172638,0.9200003743171692],"EasingStyle":"Linear","EasingDirection":"Out"},"Right Arm":{"Weight":1,"CFrame":[0.12482219934463501,-0.5514758825302124,0.47121620178222659,0.35802608728408816,-0.5064538717269898,-0.7844244241714478,0.9103598594665527,0.3760528564453125,0.17271161079406739,0.2075144350528717,-0.7759437561035156,0.5956920385360718],"EasingStyle":"Linear","EasingDirection":"Out"},"Left Arm":{"Weight":1,"CFrame":[-0.21104466915130616,-0.4487857520580292,0.06309950351715088,0.4058891832828522,0.5098525285720825,-0.7584882974624634,-0.3995037078857422,0.8454155921936035,0.35449859499931338,0.8219797611236572,0.15913176536560059,0.5468329787254334],"EasingStyle":"Linear","EasingDirection":"Out"},"Head":{"Weight":1,"CFrame":[8.754432201385498e-8,-7.450580596923828e-9,-1.7881393432617188e-7,0.9546639323234558,-0.2869825065135956,-0.07910659164190293,0.2882015109062195,0.9575605392456055,0.004202574957162142,0.0745433047413826,-0.02681068144738674,0.9968572854995728],"EasingStyle":"Linear","EasingDirection":"Out"},"Torso":{"Weight":1,"CFrame":[-0.0773201584815979,-0.03856988996267319,-0.08624815940856934,0.9615805149078369,0.2664705812931061,-0.06600216776132584,-0.26979461312294009,0.9617294669151306,-0.04782627150416374,0.05073193460702896,0.06379583477973938,0.9966726303100586],"EasingStyle":"Linear","EasingDirection":"Out"},"HumanoidRootPart":{"Weight":0,"CFrame":[0,0,0,1,0,0,0,1,0,0,0,1],"EasingStyle":"Linear","EasingDirection":"In"},"Right Leg":{"Weight":1,"CFrame":[0.38743624091148379,0.17355704307556153,0.060743093490600589,0.979899525642395,0.10285284370183945,-0.17093315720558167,-0.08393590897321701,0.9898769855499268,0.1144479438662529,0.18097414076328278,-0.09780003130435944,0.9786130785942078],"EasingStyle":"Linear","EasingDirection":"Out"}}},{"Time":0.22041666507720948,"poses":{"Left Leg":{"Weight":1,"CFrame":[-0.020501844584941865,0.014558374881744385,0.17455625534057618,0.9005494117736816,-0.17699286341667176,0.39709484577178957,0.19160611927509309,0.9814675450325012,0.0029260804876685144,-0.39025360345840456,0.0734507218003273,0.9177728891372681],"EasingStyle":"Linear","EasingDirection":"Out"},"Right Arm":{"Weight":1,"CFrame":[0.11955641955137253,-0.5505136251449585,0.4941446781158447,0.3416188061237335,-0.4948839545249939,-0.7989909052848816,0.9179031252861023,0.3582857847213745,0.17054396867752076,0.2018674910068512,-0.7916572093963623,0.5766526460647583],"EasingStyle":"Linear","EasingDirection":"Out"},"Left Arm":{"Weight":1,"CFrame":[-0.2353297770023346,-0.4627261161804199,0.038979411125183108,0.3649273216724396,0.516590416431427,-0.7745723724365234,-0.42350468039512637,0.8329986333847046,0.35602959990501406,0.829139232635498,0.19811013340950013,0.5227624177932739],"EasingStyle":"Linear","EasingDirection":"Out"},"Head":{"Weight":1,"CFrame":[8.568167686462403e-8,0,0,0.9523555636405945,-0.2927420139312744,-0.08556290715932846,0.29406097531318667,0.9557821154594421,0.002956450218334794,0.08091402798891068,-0.027976304292678834,0.9963284134864807],"EasingStyle":"Linear","EasingDirection":"Out"},"Torso":{"Weight":1,"CFrame":[-0.07531964033842087,-0.03485529124736786,-0.08621692657470703,0.9603466987609863,0.27181774377822878,-0.06204305216670036,-0.2746652364730835,0.9605745077133179,-0.043077122420072559,0.04788784310221672,0.05841004103422165,0.9971434473991394],"EasingStyle":"Linear","EasingDirection":"Out"},"HumanoidRootPart":{"Weight":0,"CFrame":[0,0,0,1,0,0,0,1,0,0,0,1],"EasingStyle":"Linear","EasingDirection":"In"},"Right Leg":{"Weight":1,"CFrame":[0.3899141848087311,0.16875016689300538,0.059255003929138187,0.9805616140365601,0.10641179233789444,-0.16484962403774262,-0.08863971382379532,0.9897846579551697,0.11166612803936005,0.175048366189003,-0.09488328546285629,0.9799771904945374],"EasingStyle":"Linear","EasingDirection":"Out"}}},{"Time":0.2370833307504654,"poses":{"Left Leg":{"Weight":1,"CFrame":[-0.02393408864736557,0.01675182580947876,0.17752766609191895,0.8960515856742859,-0.18863414227962495,0.40188148617744448,0.20190608501434327,0.9793587327003479,0.009510858915746212,-0.3953802287578583,0.07262016087770462,0.9156423211097717],"EasingStyle":"Linear","EasingDirection":"Out"},"Right Arm":{"Weight":1,"CFrame":[0.1145283579826355,-0.5467386245727539,0.5148303508758545,0.3250586986541748,-0.48100292682647707,-0.8142315149307251,0.9251306056976318,0.34030812978744509,0.1682967245578766,0.19613830745220185,-0.8079768419265747,0.555610716342926],"EasingStyle":"Linear","EasingDirection":"Out"},"Left Arm":{"Weight":1,"CFrame":[-0.2590984106063843,-0.4764479398727417,0.015178322792053223,0.32278504967689516,0.5198520421981812,-0.7909258604049683,-0.44857046008110049,0.8198685646057129,0.3558090031147003,0.8334232568740845,0.23993617296218873,0.4978315532207489],"EasingStyle":"Linear","EasingDirection":"Out"},"Head":{"Weight":1,"CFrame":[7.636845111846924e-8,0,-5.364418029785156e-7,0.9501016736030579,-0.2984468340873718,-0.09075379371643067,0.29986825585365298,0.9539782404899597,0.0021327994763851167,0.08594060689210892,-0.029240556061267854,0.9958710670471191],"EasingStyle":"Linear","EasingDirection":"Out"},"Torso":{"Weight":1,"CFrame":[-0.07298067957162857,-0.031079590320587159,-0.0863199234008789,0.9591792821884155,0.27680814266204836,-0.05789971351623535,-0.2792017161846161,0.9594697952270508,-0.03826333209872246,0.04496142268180847,0.0528670959174633,0.9975888729095459],"EasingStyle":"Linear","EasingDirection":"Out"},"HumanoidRootPart":{"Weight":0,"CFrame":[0,0,0,1,0,0,0,1,0,0,0,1],"EasingStyle":"Linear","EasingDirection":"In"},"Right Leg":{"Weight":1,"CFrame":[0.3922663629055023,0.16390109062194825,0.057904839515686038,0.9810760021209717,0.1102876141667366,-0.15914292633533479,-0.09359299391508103,0.9896418452262878,0.1088547334074974,0.16949990391731263,-0.09190013259649277,0.9812360405921936],"EasingStyle":"Linear","EasingDirection":"Out"}}},{"Time":0.2541666626930237,"poses":{"Left Leg":{"Weight":1,"CFrame":[-0.027745909988880159,0.01891958713531494,0.18052005767822267,0.8917044997215271,-0.20001664757728578,0.40602511167526247,0.21190103888511659,0.9771601557731628,0.015996888279914857,-0.3999512195587158,0.07177265733480454,0.9137219190597534],"EasingStyle":"Linear","EasingDirection":"Out"},"Right Arm":{"Weight":1,"CFrame":[0.10988344252109528,-0.5401741862297058,0.5329031944274902,0.30906665325164797,-0.4650077521800995,-0.8296055793762207,0.9317700266838074,0.3227667212486267,0.1662115454673767,0.19047938287258149,-0.8243721127510071,0.5330368280410767],"EasingStyle":"Linear","EasingDirection":"Out"},"Left Arm":{"Weight":1,"CFrame":[-0.281985878944397,-0.4900014102458954,-0.007970809936523438,0.28055739402770998,0.5195185542106628,-0.8070861101150513,-0.47373613715171816,0.8062527179718018,0.3543030619621277,0.8347823619842529,0.2829434871673584,0.47231483459472659],"EasingStyle":"Linear","EasingDirection":"Out"},"Head":{"Weight":1,"CFrame":[1.0058283805847168e-7,3.725290298461914e-9,3.5762786865234377e-7,0.9479328989982605,-0.30412060022354128,-0.0945194736123085,0.3056502044200897,0.9521421790122986,0.0017968997126445175,0.08944950252771378,-0.03059324063360691,0.9955213665962219],"EasingStyle":"Linear","EasingDirection":"Out"},"Torso":{"Weight":1,"CFrame":[-0.0703381896018982,-0.02735540270805359,-0.08649349212646485,0.9581493735313416,0.2811952531337738,-0.05365675687789917,-0.28317105770111086,0.9584829807281494,-0.033533938229084018,0.04199950024485588,0.047324564307928088,0.9979962110519409],"EasingStyle":"Linear","EasingDirection":"Out"},"HumanoidRootPart":{"Weight":0,"CFrame":[0,0,0,1,0,0,0,1,0,0,0,1],"EasingStyle":"Linear","EasingDirection":"In"},"Right Leg":{"Weight":1,"CFrame":[0.3942536413669586,0.15905237197875977,0.056769371032714847,0.9814205169677734,0.11433357745409012,-0.15408305823802949,-0.09861903637647629,0.9894575476646423,0.10605692863464356,0.16458460688591004,-0.0888909325003624,0.9823493957519531],"EasingStyle":"Linear","EasingDirection":"Out"}}},{"Time":0.27125000953674319,"poses":{"Left Leg":{"Weight":1,"CFrame":[-0.03193364292383194,0.021029770374298097,0.18344318866729737,0.8877193927764893,-0.21078477799892426,0.4092971384525299,0.22126317024230958,0.9749613404273987,0.022202420979738237,-0.40372878313064577,0.0708528384566307,0.9121309518814087],"EasingStyle":"Linear","EasingDirection":"Out"},"Right Arm":{"Weight":1,"CFrame":[0.1057668998837471,-0.5308470726013184,0.5479922294616699,0.29434558749198916,-0.4471552073955536,-0.8446376919746399,0.9376015067100525,0.306289404630661,0.1645912081003189,0.18510569632053376,-0.8403802514076233,0.5094083547592163],"EasingStyle":"Linear","EasingDirection":"Out"},"Left Arm":{"Weight":1,"CFrame":[-0.30362793803215029,-0.5034393668174744,-0.03013455867767334,0.23936191201210023,0.515705406665802,-0.8226505517959595,-0.49807819724082949,0.79252028465271,0.3518943190574646,0.8334410190582275,0.32551419734954836,0.44656074047088625],"EasingStyle":"Linear","EasingDirection":"Out"},"Head":{"Weight":1,"CFrame":[8.847564458847046e-8,0,2.384185791015625e-7,0.9458755254745483,-0.3097878098487854,-0.09670053422451019,0.3114319443702698,0.9502663016319275,0.0020157690159976484,0.09126681834459305,-0.032022301107645038,0.9953114986419678],"EasingStyle":"Linear","EasingDirection":"Out"},"Torso":{"Weight":1,"CFrame":[-0.0674300491809845,-0.023792944848537446,-0.0866701602935791,0.9573319554328919,0.28473660349845889,-0.04940243065357208,-0.28634077310562136,0.9576877951622009,-0.02903497777879238,0.039044786244630817,0.041942041367292407,0.998356819152832],"EasingStyle":"Linear","EasingDirection":"Out"},"HumanoidRootPart":{"Weight":0,"CFrame":[0,0,0,1,0,0,0,1,0,0,0,1],"EasingStyle":"Linear","EasingDirection":"In"},"Right Leg":{"Weight":1,"CFrame":[0.3956409692764282,0.15424901247024537,0.05592942237854004,0.981580376625061,0.11840064823627472,-0.14993728697299958,-0.10354292392730713,0.9892441034317017,0.10331972688436508,0.16055771708488465,-0.08589170128107071,0.983282208442688],"EasingStyle":"Linear","EasingDirection":"Out"}}},{"Time":0.28833332657814028,"poses":{"Left Leg":{"Weight":1,"CFrame":[-0.03643558919429779,0.023048698902130128,0.1861732006072998,0.8843333125114441,-0.2205512970685959,0.4114750325679779,0.2296331524848938,0.9728761315345764,0.02794055826961994,-0.40647661685943606,0.06977953761816025,0.9109926819801331],"EasingStyle":"Linear","EasingDirection":"Out"},"Right Arm":{"Weight":1,"CFrame":[0.10232409834861756,-0.5187817215919495,0.5597283840179443,0.2815777659416199,-0.4277534782886505,-0.8589184284210205,0.942448079586029,0.2914813160896301,0.16379928588867188,0.18029293417930604,-0.855608344078064,0.4852101504802704],"EasingStyle":"Linear","EasingDirection":"Out"},"Left Arm":{"Weight":1,"CFrame":[-0.32365965843200686,-0.5168127417564392,-0.050979673862457278,0.2002873718738556,0.508754312992096,-0.8372896909713745,-0.52073734998703,0.779176652431488,0.3488784432411194,0.8298901319503784,0.3661321699619293,0.42098668217658999],"EasingStyle":"Linear","EasingDirection":"Out"},"Head":{"Weight":1,"CFrame":[6.891787052154541e-8,7.450580596923828e-9,-2.384185791015625e-7,0.9439494609832764,-0.3154737651348114,-0.09713757783174515,0.3172360360622406,0.9483423233032227,0.002858474850654602,0.09121787548065186,-0.03351379185914993,0.995266854763031],"EasingStyle":"Linear","EasingDirection":"Out"},"Torso":{"Weight":1,"CFrame":[-0.06429637968540192,-0.020500198006629945,-0.08677935600280762,0.9568045735359192,0.28719231486320498,-0.0452277772128582,-0.2884772717952728,0.9571626782417297,-0.024909663945436479,0.036136478185653689,0.036880865693092349,0.9986661076545715],"EasingStyle":"Linear","EasingDirection":"Out"},"HumanoidRootPart":{"Weight":0,"CFrame":[0,0,0,1,0,0,0,1,0,0,0,1],"EasingStyle":"Linear","EasingDirection":"In"},"Right Leg":{"Weight":1,"CFrame":[0.39618515968322756,0.14953577518463136,0.0554656982421875,0.9815463423728943,0.122334785759449,-0.14697279036045075,-0.10818825662136078,0.9890175461769104,0.10069546848535538,0.1576772779226303,-0.08293657004833222,0.9840017557144165],"EasingStyle":"Linear","EasingDirection":"Out"}}},{"Time":0.3050000071525574,"poses":{"Left Leg":{"Weight":1,"CFrame":[-0.041235681623220447,0.02495265007019043,0.18859875202178956,0.8817899823188782,-0.22895872592926026,0.41234004497528078,0.23668664693832398,0.9710246920585632,0.033022791147232059,-0.40795329213142397,0.06847623735666275,0.9104313254356384],"EasingStyle":"Linear","EasingDirection":"Out"},"Right Arm":{"Weight":1,"CFrame":[0.09970055520534516,-0.5040028095245361,0.5677409172058106,0.27142366766929629,-0.40714484453201296,-0.8721022009849548,0.9461618065834045,0.2789219915866852,0.16425716876983643,0.17637187242507935,-0.8697330355644226,0.4609309434890747],"EasingStyle":"Linear","EasingDirection":"Out"},"Left Arm":{"Weight":1,"CFrame":[-0.3417167365550995,-0.53017258644104,-0.07017320394515991,0.16434712707996369,0.49920177459716799,-0.8507571220397949,-0.5409296751022339,0.7668424844741821,0.3454674482345581,0.8248546123504639,0.40342313051223757,0.39606139063835146],"EasingStyle":"Linear","EasingDirection":"Out"},"Head":{"Weight":1,"CFrame":[7.729977369308472e-8,-1.30385160446167e-8,-5.960464477539063e-8,0.942164957523346,-0.3212045431137085,-0.09567078202962876,0.32308143377304079,0.9463609457015991,0.004396521020680666,0.08912692964076996,-0.03505170717835426,0.9954033493995667],"EasingStyle":"Linear","EasingDirection":"Out"},"Torso":{"Weight":1,"CFrame":[-0.060978569090366366,-0.017583195120096208,-0.08674836158752442,0.9566448926925659,0.28832441568374636,-0.041225481778383258,-0.28934556245803835,0.956987738609314,-0.021298829466104509,0.033311307430267337,0.0323038287460804,0.9989228248596191],"EasingStyle":"Linear","EasingDirection":"Out"},"HumanoidRootPart":{"Weight":0,"CFrame":[0,0,0,1,0,0,0,1,0,0,0,1],"EasingStyle":"Linear","EasingDirection":"In"},"Right Leg":{"Weight":1,"CFrame":[0.39565309882164,0.1449633240699768,0.05545830726623535,0.9813110828399658,0.12598326802253724,-0.14545349776744843,-0.11238298565149307,0.9887968301773071,0.09823910146951676,0.15620040893554688,-0.08005662262439728,0.9844756722450256],"EasingStyle":"Linear","EasingDirection":"Out"}}},{"Time":0.32208332419395449,"poses":{"Left Leg":{"Weight":1,"CFrame":[-0.046314340084791186,0.026720285415649415,0.19060194492340089,0.8803378343582153,-0.23564793169498444,0.41167375445365908,0.2420995682477951,0.9695356488227844,0.03726167604327202,-0.40791305899620058,0.06686321645975113,0.9105691909790039],"EasingStyle":"Linear","EasingDirection":"Out"},"Right Arm":{"Weight":1,"CFrame":[0.09804153442382813,-0.48653554916381838,0.5716599225997925,0.26452407240867617,-0.385683536529541,-0.8838977217674255,0.9486027359962463,0.26916730403900149,0.1664387583732605,0.17372359335422517,-0.8824948668479919,0.43706175684928896],"EasingStyle":"Linear","EasingDirection":"Out"},"Left Arm":{"Weight":1,"CFrame":[-0.35743457078933718,-0.5435711145401001,-0.08738130331039429