{"Sequence":[{"Time":0,"poses":{"Left Leg":{"Weight":1,"CFrame":[-0.5297220349311829,0.24304407835006715,0.2114248275756836,0.9320196509361267,-0.1949053704738617,0.30553436279296877,0.23226115107536317,0.968411922454834,-0.0907369926571846,-0.2781980037689209,0.15553241968154908,0.9478479027748108],"EasingStyle":"Linear","EasingDirection":"In"},"Right Arm":{"Weight":1,"CFrame":[0.4730621576309204,-0.5183843970298767,0.011523723602294922,-0.1926121562719345,0.08005912601947785,0.9780036807060242,0.9598844647407532,0.22233891487121583,0.17084304988384248,-0.20377063751220704,0.9716768860816956,-0.11967276781797409],"EasingStyle":"Linear","EasingDirection":"In"},"Head":{"Weight":1,"CFrame":[1.4295801520347596e-7,-1.1175870895385743e-8,-2.384185791015625e-7,0.9835429191589356,-0.08369754999876023,0.1601191610097885,0.07761774212121964,0.9960176944732666,0.04386647045612335,-0.1631530076265335,-0.030716456472873689,0.9861226081848145],"EasingStyle":"Linear","EasingDirection":"In"},"Right Leg":{"Weight":1,"CFrame":[0.2547015845775604,0.9891826510429382,0.1813262701034546,0.8967259526252747,0.08101775497198105,-0.43510785698890688,-0.09125926345586777,0.9958236217498779,-0.0026547247543931009,0.4330756366252899,0.04208813235163689,0.9003744125366211],"EasingStyle":"Linear","EasingDirection":"In"},"Torso":{"Weight":1,"CFrame":[-0.02920323610305786,-0.0383375808596611,-0.41196250915527346,0.9835429191589356,0.07761768251657486,-0.1631530076265335,-0.08647920936346054,0.9951004385948181,-0.047922030091285709,0.1586340367794037,0.061242710798978809,0.9854362607002258],"EasingStyle":"Linear","EasingDirection":"In"},"HumanoidRootPart":{"Weight":1,"CFrame":[0,0,0,1,0,0,0,1,0,0,0,1],"EasingStyle":"Linear","EasingDirection":"In"},"Left Arm":{"Weight":1,"CFrame":[-0.35141417384147646,-0.34590303897857668,-0.28216731548309328,-0.1845734566450119,0.12008926272392273,-0.9754544496536255,-0.9789310693740845,-0.11065594106912613,0.1716083288192749,-0.08733145147562027,0.9865767955780029,0.13798320293426515],"EasingStyle":"Linear","EasingDirection":"In"}}},{"Time":0.03333333507180214,"poses":{"Left Leg":{"Weight":1,"CFrame":[-0.5970652103424072,0.15446877479553224,0.1889892816543579,0.9076763391494751,-0.32107052206993105,0.27025413513183596,0.35126039385795596,0.933613657951355,-0.07058191299438477,-0.22965118288993836,0.1589951366186142,0.9601983428001404],"EasingStyle":"Linear","EasingDirection":"In"},"Right Arm":{"Weight":1,"CFrame":[0.4787422716617584,-0.6306024789810181,-0.2689305543899536,-0.18706485629081727,0.09549546986818314,0.9776949286460877,0.9601245522499085,0.22827346622943879,0.16140663623809815,-0.20776815712451936,0.9689024090766907,-0.13438953459262849],"EasingStyle":"Linear","EasingDirection":"In"},"Head":{"Weight":1,"CFrame":[1.3131648302078248e-7,-1.5832483768463136e-8,0,0.9839560389518738,-0.0838485136628151,0.15748000144958497,0.07586875557899475,0.995542585849762,0.05602755397558212,-0.16147582232952119,-0.04318084195256233,0.9859315752983093],"EasingStyle":"Linear","EasingDirection":"In"},"Right Leg":{"Weight":1,"CFrame":[0.05785084515810013,0.8631295561790466,0.26826751232147219,0.8817085027694702,-0.23688684403896333,-0.40801310539245608,0.17216284573078156,0.9667231440544128,-0.18922564387321473,0.43926090002059939,0.09659706801176071,0.8931511044502258],"EasingStyle":"Linear","EasingDirection":"In"},"Torso":{"Weight":1,"CFrame":[-0.011518687009811402,-0.04830490052700043,-0.37528276443481448,0.9839560389518738,0.07586869597434998,-0.16147583723068238,-0.08658407628536225,0.9944130778312683,-0.060381170362234119,0.15599264204502107,0.07339365035295487,0.9850277900695801],"EasingStyle":"Linear","EasingDirection":"In"},"HumanoidRootPart":{"Weight":1,"CFrame":[0,0,0,1,0,0,0,1,0,0,0,1],"EasingStyle":"Linear","EasingDirection":"In"},"Left Arm":{"Weight":1,"CFrame":[-0.364671915769577,-0.39341017603874209,-0.3505832552909851,-0.18328092992305757,0.1239854022860527,-0.9752106070518494,-0.9785500168800354,-0.11793054640293122,0.16891522705554963,-0.09406407177448273,0.9852513074874878,0.1429402381181717],"EasingStyle":"Linear","EasingDirection":"In"}}},{"Time":0.06666667014360428,"poses":{"Left Leg":{"Weight":1,"CFrame":[-0.5918425917625427,0.04066652059555054,0.1425187587738037,0.8889467716217041,-0.39895039796829226,0.22497154772281648,0.4200407564640045,0.9059450626373291,-0.05319250747561455,-0.18259073793888093,0.1417824923992157,0.9729123115539551],"EasingStyle":"Linear","EasingDirection":"In"},"Right Arm":{"Weight":1,"CFrame":[0.4828122854232788,-0.6259849071502686,-0.5506826639175415,-0.1867399662733078,0.10263389348983765,0.9770335555076599,0.9611051082611084,0.22507886588573457,0.16005180776119233,-0.20348277688026429,0.9689198732376099,-0.14067332446575166],"EasingStyle":"Linear","EasingDirection":"In"},"Head":{"Weight":1,"CFrame":[8.847564458847046e-8,-1.4901161193847657e-8,-1.7881393432617188e-7,0.9862669706344605,-0.07881491631269455,0.14514020085334779,0.06960386782884598,0.995289146900177,0.06749065965414047,-0.1497756987810135,-0.05646149069070816,0.9871066212654114],"EasingStyle":"Linear","EasingDirection":"In"},"Right Leg":{"Weight":1,"CFrame":[0.026476990431547166,0.677966833114624,0.28328073024749758,0.8222359418869019,-0.4223467707633972,-0.3815118670463562,0.3371032178401947,0.9014858603477478,-0.2714494466781616,0.45857346057891848,0.09458661079406738,0.8836084604263306],"EasingStyle":"Linear","EasingDirection":"In"},"Torso":{"Weight":1,"CFrame":[0.014184176921844483,-0.05894416570663452,-0.30084967613220217,0.9862669706344605,0.0696038082242012,-0.14977571368217469,-0.0813358798623085,0.9939596056938171,-0.07368029654026032,0.14374257624149323,0.08485058695077896,0.9859708547592163],"EasingStyle":"Linear","EasingDirection":"In"},"HumanoidRootPart":{"Weight":1,"CFrame":[0,0,0,1,0,0,0,1,0,0,0,1],"EasingStyle":"Linear","EasingDirection":"In"},"Left Arm":{"Weight":1,"CFrame":[-0.3986634612083435,-0.37607401609420779,-0.3242270350456238,-0.1812514215707779,0.13238628208637238,-0.9744853973388672,-0.9772731065750122,-0.1350131779909134,0.16342808306217194,-0.10993265360593796,0.9819599986076355,0.1538488268852234],"EasingStyle":"Linear","EasingDirection":"In"}}},{"Time":0.10000000149011612,"poses":{"Left Leg":{"Weight":1,"CFrame":[-0.5326220393180847,-0.03751540184020996,0.09247398376464844,0.8751910924911499,-0.451179176568985,0.17457957565784455,0.4600091278553009,0.8878387212753296,-0.011579507030546666,-0.14977408945560456,0.09044251590967179,0.9845749735832214],"EasingStyle":"Linear","EasingDirection":"In"},"Right Arm":{"Weight":1,"CFrame":[0.48554059863090517,-0.6164417862892151,-0.43634629249572756,-0.19959400594234467,0.04491768777370453,0.9788486361503601,0.9571647047996521,0.22277650237083436,0.18494968116283418,-0.20975683629512788,0.973834216594696,-0.087458536028862],"EasingStyle":"Linear","EasingDirection":"In"},"Head":{"Weight":1,"CFrame":[7.35744833946228e-8,2.468004822731018e-8,-1.1920928955078126e-7,0.9905708432197571,-0.06270540505647659,0.12180900573730469,0.05512983724474907,0.9963873028755188,0.06459986418485642,-0.1254197061061859,-0.0572754368185997,0.9904491305351257],"EasingStyle":"Linear","EasingDirection":"In"},"Right Leg":{"Weight":1,"CFrame":[0.0376105010509491,0.5229024291038513,0.2563127279281616,0.7719001173973084,-0.5164943337440491,-0.370680570602417,0.42845848202705386,0.8533967733383179,-0.29687926173210146,0.4696740508079529,0.07033991813659668,0.8800332546234131],"EasingStyle":"Linear","EasingDirection":"In"},"Torso":{"Weight":1,"CFrame":[0.021602898836135865,-0.05964191257953644,-0.23257827758789063,0.9905708432197571,0.05512978136539459,-0.1254197061061859,-0.06482163816690445,0.9951081871986389,-0.07455246150493622,0.12069609016180039,0.0819794088602066,0.9892987608909607],"EasingStyle":"Linear","EasingDirection":"In"},"HumanoidRootPart":{"Weight":1,"CFrame":[0,0,0,1,0,0,0,1,0,0,0,1],"EasingStyle":"Linear","EasingDirection":"In"},"Left Arm":{"Weight":1,"CFrame":[-0.4447160065174103,-0.3248292803764343,-0.21496164798736573,-0.18119530379772187,0.1402440071105957,-0.9733961224555969,-0.9750403165817261,-0.15476015210151673,0.15920399129390717,-0.12831546366214753,0.9779472947120667,0.1647852659225464],"EasingStyle":"Linear","EasingDirection":"In"}}},{"Time":0.13333334028720857,"poses":{"Left Leg":{"Weight":1,"CFrame":[-0.44594907760620119,-0.06198108196258545,0.05367922782897949,0.8699427843093872,-0.4781322181224823,0.12078584730625153,0.4757479131221771,0.8781734704971314,0.04975393787026405,-0.12985990941524507,0.014180551283061505,0.9914309978485107],"EasingStyle":"Linear","EasingDirection":"In"},"Right Arm":{"Weight":1,"CFrame":[0.48719534277915957,-0.6046890020370483,-0.23920530080795289,-0.2073909193277359,-0.04469119757413864,0.9772368669509888,0.960483968257904,0.18025854229927064,0.2120792120695114,-0.18563327193260194,0.9826034903526306,0.005541112739592791],"EasingStyle":"Linear","EasingDirection":"In"},"Head":{"Weight":1,"CFrame":[9.452924132347107e-8,6.28642737865448e-9,-1.7881393432617188e-7,0.995627760887146,-0.037705693393945697,0.0854618102312088,0.03266901895403862,0.9976885318756104,0.0595862939953804,-0.08751099556684494,-0.0565338134765625,0.9945581555366516],"EasingStyle":"Linear","EasingDirection":"In"},"Right Leg":{"Weight":1,"CFrame":[0.06332752108573914,0.45209455490112307,0.2320481538772583,0.762681245803833,-0.5288909077644348,-0.37227916717529299,0.44828033447265627,0.8471787571907044,-0.28518936038017275,0.4662211537361145,0.05062307044863701,0.8832187652587891],"EasingStyle":"Linear","EasingDirection":"In"},"Torso":{"Weight":1,"CFrame":[0.021282494068145753,-0.059106066823005679,-0.18490815162658692,0.995627760887146,0.032668955624103549,-0.08751099556684494,-0.03919140249490738,0.9964965581893921,-0.07388265430927277,0.08479073643684387,0.07698929309844971,0.9934199452400208],"EasingStyle":"Linear","EasingDirection":"In"},"HumanoidRootPart":{"Weight":1,"CFrame":[0,0,0,1,0,0,0,1,0,0,0,1],"EasingStyle":"Linear","EasingDirection":"In"},"Left Arm":{"Weight":1,"CFrame":[-0.4941566586494446,-0.2669590711593628,-0.038479506969451907,-0.18559005856513978,0.14230912923812867,-0.9722676873207092,-0.9722592830657959,-0.16995061933994294,0.16071312129497529,-0.14236649870872498,0.9751230478286743,0.16990245878696443],"EasingStyle":"Linear","EasingDirection":"In"}}},{"Time":0.1666666716337204,"poses":{"Left Leg":{"Weight":1,"CFrame":[-0.37312883138656618,-0.04377877712249756,0.029873371124267579,0.8634424805641174,-0.4997369647026062,0.06877470016479492,0.489044725894928,0.862695574760437,0.12880872189998628,-0.12370214611291886,-0.07758505642414093,0.9892817139625549],"EasingStyle":"Linear","EasingDirection":"In"},"Right Arm":{"Weight":1,"CFrame":[0.48804518580436709,-0.5935399532318115,0.01350390911102295,-0.19082899391651154,-0.05262225493788719,0.9802118539810181,0.9786806106567383,0.06706325709819794,0.19413113594055177,-0.0759517252445221,0.9963600635528565,0.03870267793536186],"EasingStyle":"Linear","EasingDirection":"In"},"Head":{"Weight":1,"CFrame":[8.69622454047203e-8,2.9678631108254195e-8,-5.960464477539063e-8,0.9992891550064087,-0.008097182027995587,0.036820732057094577,0.006095889490097761,0.9985145926475525,0.05414338409900665,-0.03720444440841675,-0.053880445659160617,0.9978541135787964],"EasingStyle":"Linear","EasingDirection":"In"},"Right Leg":{"Weight":1,"CFrame":[0.11535736173391342,0.40065038204193118,0.2126445770263672,0.7898445129394531,-0.4821462631225586,-0.3790522515773773,0.4139750003814697,0.8751324415206909,-0.25053519010543826,0.4525156021118164,0.040965646505355838,0.8908151388168335],"EasingStyle":"Linear","EasingDirection":"In"},"Torso":{"Weight":1,"CFrame":[0.020625829696655275,-0.05702969431877136,-0.1583571434020996,0.9992890954017639,0.006095825228840113,-0.03720444068312645,-0.008738496340811253,0.9974175691604614,-0.07128720730543137,0.036673806607723239,0.07156164199113846,0.9967617392539978],"EasingStyle":"Linear","EasingDirection":"In"},"HumanoidRootPart":{"Weight":1,"CFrame":[0,0,0,1,0,0,0,1,0,0,0,1],"EasingStyle":"Linear","EasingDirection":"In"},"Left Arm":{"Weight":1,"CFrame":[-0.5394673347473145,-0.2406226396560669,0.1534585952758789,-0.1962500363588333,0.13400395214557649,-0.9713541269302368,-0.9696407318115234,-0.17390523850917817,0.17191264033317567,-0.14588652551174165,0.9756023287773132,0.16406452655792237],"EasingStyle":"Linear","EasingDirection":"In"}}},{"Time":0.20000000298023225,"poses":{"Left Leg":{"Weight":1,"CFrame":[-0.3685016632080078,-0.012085556983947754,0.017643094062805177,0.8386269807815552,-0.5441794991493225,0.023950397968292238,0.5267512798309326,0.8213953971862793,0.21872983872890473,-0.13870102167129517,-0.1708167940378189,0.975491464138031],"EasingStyle":"Linear","EasingDirection":"In"},"Right Arm":{"Weight":1,"CFrame":[0.4883582592010498,-0.515942394733429,0.34221649169921877,-0.1809338629245758,-0.05976119264960289,0.9816780090332031,0.9832566976547241,0.01099442783743143,0.18189410865306855,-0.021663112565875055,0.9981521964073181,0.056771233677864078],"EasingStyle":"Linear","EasingDirection":"In"},"Head":{"Weight":1,"CFrame":[8.847564458847046e-8,-2.1012965589761735e-8,-2.384185791015625e-7,0.999588668346405,0.021635066717863084,-0.018830489367246629,-0.020676393061876298,0.998550295829773,0.049696940928697589,0.019878387451171876,-0.04928714781999588,0.9985868334770203],"EasingStyle":"Linear","EasingDirection":"In"},"Right Leg":{"Weight":1,"CFrame":[0.15077351033687592,0.27656733989715578,0.17444002628326417,0.8141409754753113,-0.4379802346229553,-0.3812452256679535,0.38050830364227297,0.8983558416366577,-0.219477117061615,0.4386204183101654,0.0336182527244091,0.8980434536933899],"EasingStyle":"Linear","EasingDirection":"In"},"Torso":{"Weight":1,"CFrame":[0.02346222847700119,-0.053365856409072879,-0.1509852409362793,0.9995886087417603,-0.02067645452916622,0.019878389313817025,0.02196047268807888,0.9975308775901794,-0.06670740246772766,-0.01845003478229046,0.06711649894714356,0.9975745677947998],"EasingStyle":"Linear","EasingDirection":"In"},"HumanoidRootPart":{"Weight":1,"CFrame":[0,0,0,1,0,0,0,1,0,0,0,1],"EasingStyle":"Linear","EasingDirection":"In"},"Left Arm":{"Weight":1,"CFrame":[-0.5777475833892822,-0.2720310688018799,0.31519079208374026,-0.2174074649810791,0.10813242942094803,-0.970072865486145,-0.9673798084259033,-0.15627674758434297,0.19938401877880097,-0.13003988564014436,0.9817764163017273,0.13858072459697724],"EasingStyle":"Linear","EasingDirection":"In"}}},{"Time":0.23333333432674409,"poses":{"Left Leg":{"Weight":1,"CFrame":[-0.4434416592121124,0.008907198905944825,0.012821078300476075,0.7876257300376892,-0.6161056756973267,-0.007719353772699833,0.5880593061447144,0.7479133605957031,0.30791541934013369,-0.1839350163936615,-0.24706146121025086,0.9513824582099915],"EasingStyle":"Linear","EasingDirection":"In"},"Right Arm":{"Weight":1,"CFrame":[0.48840299248695376,-0.38540080189704897,0.5338592529296875,-0.17238517105579377,-0.06456268578767777,0.9829115271568298,0.9850061535835266,-0.018182124942541124,0.17155821621418,0.006795234512537718,0.9977480173110962,0.06672888249158859],"EasingStyle":"Linear","EasingDirection":"In"},"Head":{"Weight":1,"CFrame":[1.434236764907837e-7,-3.259629011154175e-9,1.1920928955078126e-7,0.9962537288665772,0.046984557062387469,-0.07260245084762573,-0.043644025921821597,0.9979441165924072,0.04693306237459183,0.0746583342552185,-0.04358856752514839,0.9962561130523682],"EasingStyle":"Linear","EasingDirection":"In"},"Right Leg":{"Weight":1,"CFrame":[0.1145181953907013,0.10886240005493164,0.10772454738616944,0.822295606136322,-0.4275531768798828,-0.37553730607032778,0.3789851665496826,0.9037376046180725,-0.19906939566135407,0.42449992895126345,0.02137080952525139,0.9051757454872131],"EasingStyle":"Linear","EasingDirection":"In"},"Torso":{"Weight":1,"CFrame":[0.0308549702167511,-0.048775166273117068,-0.16024565696716309,0.9962536692619324,-0.04364408180117607,0.07465832680463791,0.04824456200003624,0.9969730377197266,-0.06096900999546051,-0.07177140563726425,0.0643424540758133,0.9953436255455017],"EasingStyle":"Linear","EasingDirection":"In"},"HumanoidRootPart":{"Weight":1,"CFrame":[0,0,0,1,0,0,0,1,0,0,0,1],"EasingStyle":"Linear","EasingDirection":"In"},"Left Arm":{"Weight":1,"CFrame":[-0.6072519421577454,-0.31648486852645876,0.4323387145996094,-0.26145613193511965,0.05035039037466049,-0.9639012813568115,-0.9620007872581482,-0.09502929449081421,0.25597667694091799,-0.07871025055646897,0.9942003488540649,0.07328306883573532],"EasingStyle":"Linear","EasingDirection":"In"}}},{"Time":0.2666666805744171,"poses":{"Left Leg":{"Weight":1,"CFrame":[-0.5653610229492188,0.022487521171569825,0.0338057279586792,0.7065656185150147,-0.7074990272521973,0.01450374349951744,0.6506855487823486,0.6576105952262878,0.3796798884868622,-0.278160959482193,-0.258831262588501,0.9250043034553528],"EasingStyle":"Linear","EasingDirection":"In"},"Right Arm":{"Weight":1,"CFrame":[0.47752413153648379,-0.25922927260398867,0.5944936275482178,-0.1571895331144333,-0.08077913522720337,0.9842592477798462,0.9870539307594299,-0.045018844306468967,0.1539411097764969,0.031875066459178928,0.9957148432731628,0.08680986613035202],"EasingStyle":"Linear","EasingDirection":"In"},"Head":{"Weight":1,"CFrame":[1.0756775736808777e-7,8.381903171539307e-9,2.384185791015625e-7,0.9910262227058411,0.06466931104660034,-0.11698278039693833,-0.05968001112341881,0.9971725344657898,0.04566477984189987,0.11960514634847641,-0.03827344998717308,0.9920835494995117],"EasingStyle":"Linear","EasingDirection":"In"},"Right Leg":{"Weight":1,"CFrame":[-0.007468443363904953,-0.04610311985015869,0.018454670906066896,0.8125023245811462,-0.4560067057609558,-0.36317744851112368,0.41818195581436159,0.8899669051170349,-0.1818867027759552,0.40615758299827578,-0.004090900532901287,0.9137940406799316],"EasingStyle":"Linear","EasingDirection":"In"},"Torso":{"Weight":1,"CFrame":[0.046387940645217898,-0.04446547478437424,-0.1857450008392334,0.9910261631011963,-0.05968007817864418,0.119605153799057,0.06670114398002625,0.9962236881256104,-0.05558189004659653,-0.11583633720874787,0.06306089460849762,0.9912645816802979],"EasingStyle":"Linear","EasingDirection":"In"},"HumanoidRootPart":{"Weight":1,"CFrame":[0,0,0,1,0,0,0,1,0,0,0,1],"EasingStyle":"Linear","EasingDirection":"In"},"Left Arm":{"Weight":1,"CFrame":[-0.6262346506118774,-0.3582652807235718,0.48186194896698,-0.25715699791908266,-0.0023683749604970218,-0.966366708278656,-0.9660884737968445,-0.023488858714699746,0.257140576839447,-0.02330777235329151,0.999721348285675,0.003752203192561865],"EasingStyle":"Linear","EasingDirection":"In"}}},{"Time":0.30000001192092898,"poses":{"Left Leg":{"Weight":1,"CFrame":[-0.7456598281860352,0.07995086908340454,0.06648111343383789,0.6240230798721314,-0.7782734036445618,0.06990054249763489,0.6918232440948486,0.5918567180633545,0.41362547874450686,-0.3632848560810089,-0.20975294709205628,0.9077598452568054],"EasingStyle":"Linear","EasingDirection":"In"},"Right Arm":{"Weight":1,"CFrame":[0.4563499093055725,-0.18703821301460267,0.41588473320007326,-0.1521088182926178,-0.09509697556495667,0.9837782382965088,0.9871296882629395,-0.06434199959039688,0.1464073657989502,0.04937546327710152,0.9933865666389465,0.10365991294384003],"EasingStyle":"Linear","EasingDirection":"In"},"Head":{"Weight":1,"CFrame":[5.4016709327697757e-8,2.1420419216156007e-8,-1.7881393432617188e-7,0.9859572052955627,0.07546959817409516,-0.1489723026752472,-0.069459468126297,0.9965625405311585,0.04515004903078079,0.15186765789985658,-0.03416848182678223,0.9878100752830505],"EasingStyle":"Linear","EasingDirection":"In"},"Right Leg":{"Weight":1,"CFrame":[0.07388000935316086,-0.0014176368713378907,0.053241729736328128,0.8715078830718994,-0.34932926297187807,-0.34415560960769656,0.3091517686843872,0.936168372631073,-0.16737408936023713,0.38065630197525027,0.03947146609425545,0.9238738417625427],"EasingStyle":"Linear","EasingDirection":"In"},"Torso":{"Weight":1,"CFrame":[0.056155890226364139,-0.04112231731414795,-0.22822928428649903,0.9859572052955627,-0.06945953518152237,0.15186765789985658,0.07805809378623963,0.9956227540969849,-0.051402948796749118,-0.14763246476650239,0.0625356063246727,0.9870632886886597],"EasingStyle":"Linear","EasingDirection":"In"},"HumanoidRootPart":{"Weight":1,"CFrame":[0,0,0,1,0,0,0,1,0,0,0,1],"EasingStyle":"Linear","EasingDirection":"In"},"Left Arm":{"Weight":1,"CFrame":[-0.6329501867294312,-0.3782055974006653,0.4676535129547119,-0.19982124865055085,-0.03389722853899002,-0.9792459011077881,-0.9794775247573853,0.03380651772022247,0.1986982673406601,0.026369627565145494,0.9988534450531006,-0.039956893771886829],"EasingStyle":"Linear","EasingDirection":"In"}}},{"Time":0.3333333432674408,"poses":{"Left Leg":{"Weight":1,"CFrame":[-0.9049023389816284,0.30177706480026247,0.05682492256164551,0.6355553269386292,-0.7591223120689392,0.1407221555709839,0.6680579781532288,0.632096529006958,0.3926225006580353,-0.38699856400489809,-0.15552279353141786,0.9088701009750366],"EasingStyle":"Linear","EasingDirection":"In"},"Right Arm":{"Weight":1,"CFrame":[0.43920445442199709,-0.18131977319717408,-0.03650546073913574,-0.16245287656784059,-0.10339967906475067,0.9812837243080139,0.9848225116729736,-0.0785779282450676,0.15475881099700929,0.061105310916900638,0.9915311336517334,0.11459551006555557],"EasingStyle":"Linear","EasingDirection":"In"},"Head":{"Weight":1,"CFrame":[1.1641532182693482e-8,1.862645149230957e-9,-1.7881393432617188e-7,0.9822769165039063,0.08114112913608551,-0.16896219551563264,-0.07456895709037781,0.996204674243927,0.044896479696035388,0.1719638705253601,-0.03150143101811409,0.9845994710922241],"EasingStyle":"Linear","EasingDirection":"In"},"Right Leg":{"Weight":1,"CFrame":[0.2699461579322815,0.12259560823440552,0.13419783115386964,0.9341099858283997,-0.15800604224205018,-0.32011356949806216,0.11400148272514343,0.9817926287651062,-0.15194357931613923,0.33829331398010256,0.10543854534626007,0.9351151585578919],"EasingStyle":"Linear","EasingDirection":"In"},"Torso":{"Weight":1,"CFrame":[0.05785495042800903,-0.03894417732954025,-0.2882976531982422,0.982276976108551,-0.07456902414560318,0.1719638705253601,0.08407764136791229,0.9952694177627564,-0.048680275678634647,-0.16752035915851594,0.06227582320570946,0.983899712562561],"EasingStyle":"Linear","EasingDirection":"In"},"HumanoidRootPart":{"Weight":1,"CFrame":[0,0,0,1,0,0,0,1,0,0,0,1],"EasingStyle":"Linear","EasingDirection":"In"},"Left Arm":{"Weight":1,"CFrame":[-0.6160644888877869,-0.36832141876220705,0.3709259033203125,-0.20097164809703828,-0.04028283804655075,-0.9787684679031372,-0.9741065502166748,0.11385675519704819,0.19532844424247743,0.10357110947370529,0.9926802515983582,-0.06212186813354492],"EasingStyle":"Linear","EasingDirection":"In"}}},{"Time":0.36666667461395266,"poses":{"Left Leg":{"Weight":1,"CFrame":[-0.8195891380310059,0.7441199421882629,-0.0115775465965271,0.8096364736557007,-0.5471161603927612,0.21249167621135713,0.4813190698623657,0.8260965347290039,0.293081134557724,-0.33588817715644839,-0.13501286506652833,0.9321752786636353],"EasingStyle":"Linear","EasingDirection":"In"},"Right Arm":{"Weight":1,"CFrame":[0.42893388867378237,-0.22554245591163636,-0.23117899894714356,-0.17492905259132386,-0.11304572224617005,0.9780698418617249,0.9817356467247009,-0.09549622982740402,0.1645471751689911,0.07480071485042572,0.9889899492263794,0.12768609821796418],"EasingStyle":"Linear","EasingDirection":"In"},"Head":{"Weight":1,"CFrame":[1.1548399925231934e-7,-5.587935447692871e-9,-3.5762786865234377e-7,0.9803817272186279,0.08336632698774338,-0.17861118912696839,-0.07655327767133713,0.9960623979568481,0.04471517726778984,0.18163561820983888,-0.03016466461122036,0.982903242111206],"EasingStyle":"Linear","EasingDirection":"In"},"Right Leg":{"Weight":1,"CFrame":[0.4262374937534332,0.20567971467971803,0.17779552936553956,0.9561272263526917,0.022863060235977174,-0.29205793142318728,-0.06388089060783386,0.9892304539680481,-0.1316908746957779,0.28590184450149538,0.14457017183303834,0.9472906589508057],"EasingStyle":"Linear","EasingDirection":"In"},"Torso":{"Weight":1,"CFrame":[0.0528186559677124,-0.0378512442111969,-0.3622112274169922,0.9803816080093384,-0.0765533372759819,0.18163561820983888,0.08647087961435318,0.9951302409172058,-0.0473141074180603,-0.17712901532649995,0.06209206581115723,0.982227087020874],"EasingStyle":"Linear","EasingDirection":"In"},"HumanoidRootPart":{"Weight":1,"CFrame":[0,0,0,1,0,0,0,1,0,0,0,1],"EasingStyle":"Linear","EasingDirection":"In"},"Left Arm":{"Weight":1,"CFrame":[-0.575269877910614,-0.3626938462257385,0.1707395315170288,-0.21308451890945435,-0.03079872392117977,-0.9765483140945435,-0.9621739983558655,0.1802721470594406,0.20426258444786073,0.16975347697734834,0.9831345081329346,-0.06804710626602173],"EasingStyle":"Linear","EasingDirection":"In"}}},{"Time":0.4000000059604645,"poses":{"Left Leg":{"Weight":1,"CFrame":[-0.4043550193309784,1.0539499521255494,-0.009817719459533692,0.9611698985099793,-0.11433175951242447,0.25115856528282168,0.08511022478342056,0.9885865449905396,0.12430978566408158,-0.2625046372413635,-0.09810668230056763,0.9599305391311646],"EasingStyle":"Linear","EasingDirection":"In"},"Right Arm":{"Weight":1,"CFrame":[0.4255155324935913,-0.34590309858322146,-0.36528724431991579,-0.18457353115081788,-0.12008936703205109,0.9754543900489807,0.9789310097694397,-0.11065566539764404,0.17160841822624207,0.08733130991458893,0.9865769147872925,0.13798323273658753],"EasingStyle":"Linear","EasingDirection":"In"},"Head":{"Weight":1,"CFrame":[1.280568540096283e-7,5.587935447692871e-9,-1.1920928955078126e-7,0.9801533222198486,0.0837542861700058,-0.17967991530895234,-0.0769389271736145,0.9960386753082275,0.04458234831690788,0.18270206451416017,-0.029873155057430269,0.9827144145965576],"EasingStyle":"Linear","EasingDirection":"In"},"Right Leg":{"Weight":1,"CFrame":[0.5435545444488525,0.22974205017089845,0.18680202960968018,0.9463329911231995,0.18947277963161469,-0.26182791590690615,-0.22270283102989198,0.9693849682807922,-0.10342248529195786,0.23421639204025269,0.1561819314956665,0.9595571756362915],"EasingStyle":"Linear","EasingDirection":"In"},"Torso":{"Weight":1,"CFrame":[0.04484260082244873,-0.037615418434143069,-0.4146766662597656,0.9801533222198486,-0.07693898677825928,0.18270206451416017,0.08687743544578552,0.9951087832450867,-0.04701933637261391,-0.17819081246852876,0.06195884197950363,0.9820433259010315],"EasingStyle":"Linear","EasingDirection":"In"},"HumanoidRootPart":{"Weight":1,"CFrame":[0,0,0,1,0,0,0,1,0,0,0,1],"EasingStyle":"Linear","EasingDirection":"In"},"Left Arm":{"Weight":1,"CFrame":[-0.5253605842590332,-0.518384575843811,-0.13015246391296388,-0.18264952301979066,-0.0325174555182457,-0.982640266418457,-0.9631199836730957,0.20677165687084199,0.1721787005662918,0.1975833922624588,0.9778487682342529,-0.069085031747818],"EasingStyle":"Linear","EasingDirection":"In"}}},{"Time":0.4333333373069763,"poses":{"Left Leg":{"Weight":1,"CFrame":[-0.19912967085838319,0.985895037651062,0.0768425464630127,0.9458905458450317,0.1988709717988968,0.256401002407074,-0.20387515425682069,0.9789705276489258,-0.007196993567049503,-0.2524402439594269,-0.04546622559428215,0.9665437936782837],"EasingStyle":"Linear","EasingDirection":"In"},"Right Arm":{"Weight":1,"CFrame":[0.4478190839290619,-0.3969152569770813,-0.43370306491851809,-0.1879321187734604,-0.12700749933719636,0.9739357233047485,0.9768327474594116,-0.12751992046833039,0.17186176776885987,0.1023685559630394,0.9836705923080444,0.1480301171541214],"EasingStyle":"Linear","EasingDirection":"In"},"Head":{"Weight":1,"CFrame":[2.3189932107925416e-7,-3.5390257835388186e-8,1.1920928955078126e-7,0.9813742637634277,0.0839916542172432,-0.1727716624736786,-0.07524706423282623,0.9955592751502991,0.05656672269105911,0.17675554752349854,-0.04251258075237274,0.9833362102508545],"EasingStyle":"Linear","EasingDirection":"In"},"Right Leg":{"Weight":1,"CFrame":[0.5764561295509338,0.15609413385391236,0.15883004665374757,0.9283857345581055,0.2952567934989929,-0.225661963224411,-0.3210863471031189,0.9430366158485413,-0.08709453791379929,0.18709231913089753,0.1533142477273941,0.9703047871589661],"EasingStyle":"Linear","EasingDirection":"In"},"Torso":{"Weight":1,"CFrame":[0.02374255657196045,-0.0477340966463089,-0.3773493766784668,0.981374204158783,-0.0752471312880516,0.17675554752349854,0.08699420094490051,0.9944203495979309,-0.059667687863111499,-0.17127948999404908,0.07393304258584976,0.9824445247650147],"EasingStyle":"Linear","EasingDirection":"In"},"HumanoidRootPart":{"Weight":1,"CFrame":[0,0,0,1,0,0,0,1,0,0,0,1],"EasingStyle":"Linear","EasingDirection":"In"},"Left Arm":{"Weight":1,"CFrame":[-0.48113080859184267,-0.6306025385856628,-0.4170384407043457,-0.1633463054895401,-0.032473351806402209,-0.9860342741012573,-0.964156985282898,0.21707801520824433,0.15257304906845094,0.20909182727336884,0.975614070892334,-0.06676845997571945],"EasingStyle":"Linear","EasingDirection":"In"}}},{"Time":0.46666666865348818,"poses":{"Left Leg":{"Weight":1,"CFrame":[-0.14825062453746797,0.8174150586128235,0.12371230125427246,0.8849943280220032,0.3873446583747864,0.25835898518562319,-0.3804303705692291,0.9214815497398377,-0.07838770002126694,-0.26843610405921938,-0.02891490049660206,0.9628634452819824],"EasingStyle":"Linear","EasingDirection":"In"},"Right Arm":{"Weight":1,"CFrame":[0.49688684940338137,-0.3663375973701477,-0.4073469042778015,-0.18731163442134858,-0.13594916462898255,0.9728475213050842,0.9747152328491211,-0.148563951253891,0.166910320520401,0.12183884531259537,0.97951340675354,0.16033935546875],"EasingStyle":"Linear","EasingDirection":"In"},"Head":{"Weight":1,"CFrame":[9.872019290924072e-8,-2.7939677238464357e-9,-5.960464477539063e-8,0.9844408631324768,0.07901101559400559,-0.1569504290819168,-0.06906259804964066,0.9953011870384216,0.06786677986383438,0.16157516837120057,-0.0559714213013649,0.9852718710899353],"EasingStyle":"Linear","EasingDirection":"In"},"Right Leg":{"Weight":1,"CFrame":[0.5376590490341187,0.0592074990272522,0.11405885219573975,0.9162557721138,0.3550325632095337,-0.18554595112800599,-0.37305179238319399,0.9249919056892395,-0.0722661018371582,0.14597168564796449,0.1354324370622635,0.9799746870994568],"EasingStyle":"Linear","EasingDirection":"In"},"Torso":{"Weight":1,"CFrame":[-0.004744470119476318,-0.05852654576301575,-0.3023102283477783,0.9844408631324768,-0.06906266510486603,0.16157518327236176,0.08173821121454239,0.9939652681350708,-0.07315827161073685,-0.1555475890636444,0.0852268636226654,0.9841449856758118],"EasingStyle":"Linear","EasingDirection":"In"},"HumanoidRootPart":{"Weight":1,"CFrame":[0,0,0,1,0,0,0,1,0,0,0,1],"EasingStyle":"Linear","EasingDirection":"In"},"Left Arm":{"Weight":1,"CFrame":[-0.45384955406188967,-0.6259849667549133,-0.5013304948806763,-0.17121505737304688,-0.017316056415438653,-0.9850815534591675,-0.962279200553894,0.21750831604003907,0.16342836618423463,0.2114335298538208,0.9759049415588379,-0.05390366166830063],"EasingStyle":"Linear","EasingDirection":"In"}}},{"Time":0.5,"poses":{"Left Leg":{"Weight":1,"CFrame":[-0.1398383527994156,0.6501239538192749,0.13976752758026124,0.831747829914093,0.48775050044059756,0.26513174176216128,-0.4733215868473053,0.872616171836853,-0.12044879794120789,-0.2901071608066559,-0.025309551507234575,0.9566594958305359],"EasingStyle":"Linear","EasingDirection":"In"},"Right Arm":{"Weight":1,"CFrame":[0.5459544658660889,-0.29571112990379336,-0.29808133840560915,-0.18636158108711244,-0.1428147703409195,0.9720460176467896,0.9724043011665344,-0.16815130412578584,0.1617252230644226,0.14035412669181825,0.9753609895706177,0.1702105700969696],"EasingStyle":"Linear","EasingDirection":"In"},"Head":{"Weight":1,"CFrame":[5.3085386753082278e-8,2.0489096641540528e-8,2.384185791015625e-7,0.9895336627960205,0.06285116076469422,-0.12989583611488343,-0.05478019639849663,0.9963933825492859,0.0648028776049614,0.13350029289722444,-0.05700891837477684,0.9894077777862549],"EasingStyle":"Linear","EasingDirection":"In"},"Right Leg":{"Weight":1,"CFrame":[0.4539412260055542,-0.004861593246459961,0.07078003883361817,0.9068599939346314,0.39583274722099306,-0.14464230835437776,-0.4039151072502136,0.914293646812439,-0.030330074951052667,0.12023994326591492,0.08592835813760758,0.9890190958976746],"EasingStyle":"Linear","EasingDirection":"In"},"Torso":{"Weight":1,"CFrame":[-0.01513826847076416,-0.05941416323184967,-0.23340749740600587,0.9895336031913757,-0.0547802597284317,0.13350029289722444,0.06510864198207855,0.9951106309890747,-0.07426778972148895,-0.12877914309501649,0.08218248933553696,0.9882621765136719],"EasingStyle":"Linear","EasingDirection":"In"},"HumanoidRootPart":{"Weight":1,"CFrame":[0,0,0,1,0,0,0,1,0,0,0,1],"EasingStyle":"Linear","EasingDirection":"In"},"Left Arm":{"Weight":1,"CFrame":[-0.4406861960887909,-0.6164416074752808,-0.4306548237800598,-0.1902037113904953,0.010332820005714894,-0.9816903471946716,-0.959252655506134,0.21085971593856812,0.18807587027549745,0.20894229412078858,0.9774618148803711,-0.030194558203220369],"EasingStyle":"Linear","EasingDirection":"In"}}},{"Time":0.5333333611488342,"poses":{"Left Leg":{"Weight":1,"CFrame":[-0.15138070285320283,0.5532867312431336,0.1470963954925537,0.8169213533401489,0.5049115419387817,0.2787538468837738,-0.48533326387405398,0.862931489944458,-0.1407156139612198,-0.31159448623657229,-0.02033492922782898,0.94999760389328],"EasingStyle":"Linear","EasingDirection":"In"},"Right Arm":{"Weight":1,"CFrame":[0.5682579278945923,-0.2644588053226471,-0.12159925699234009,-0.18852363526821137,-0.14326825737953187,0.9715621471405029,0.9701933264732361,-0.18055325746536256,0.16163331270217896,0.152261883020401,0.9730748534202576,0.17303645610809327],"EasingStyle":"Linear","EasingDirection":"In"},"Head":{"Weight":1,"CFrame":[7.636845111846924e-8,1.4202669262886048e-8,1.1920928955078126e-7,0.9954062700271606,0.037752989679574969,-0.08798443526029587,-0.03256945312023163,0.9976894855499268,0.059623345732688907,0.09003210067749024,-0.05648383870720863,0.9943358898162842],"EasingStyle":"Linear","EasingDirection":"In"},"Right Leg":{"Weight":1,"CFrame":[0.3577674925327301,-0.020148396492004396,0.04011046886444092,0.9014427661895752,0.4207195043563843,-0.10196086764335633,-0.4192781448364258,0.9071346521377564,0.03623025864362717,0.10773508250713349,0.010090471245348454,0.9941284656524658],"EasingStyle":"Linear","EasingDirection":"In"},"Torso":{"Weight":1,"CFrame":[-0.019265472888946534,-0.05906297266483307,-0.18508529663085938,0.9954061508178711,-0.0325695164501667,0.09003210067749024,0.039282843470573428,0.9964969754219055,-0.0738288015127182,-0.08731213957071305,0.0770263671875,0.9931986331939697],"EasingStyle":"Linear","EasingDirection":"In"},"HumanoidRootPart":{"Weight":1,"CFrame":[0,0,0,1,0,0,0,1,0,0,0,1],"EasingStyle":"Linear","EasingDirection":"In"},"Left Arm":{"Weight":1,"CFrame":[-0.4352853000164032,-0.6046891212463379,-0.25979894399642947,-0.20739087462425233,0.04469110071659088,-0.9772368669509888,-0.960483968257904,0.18025830388069154,0.21207918226718903,0.18563319742679597,0.9826034903526306,0.005541130434721708],"EasingStyle":"Linear","EasingDirection":"In"}}},{"Time":0.5666666626930237,"poses":{"Left Leg":{"Weight":1,"CFrame":[-0.18937595188617707,0.46615374088287356,0.1556692123413086,0.8352377414703369,0.46337926387786868,0.29607030749320986,-0.4383111596107483,0.8861504197120667,-0.1504024863243103,-0.33205634355545046,-0.004149065352976322,0.9432504177093506],"EasingStyle":"Linear","EasingDirection":"In"},"Right Arm":{"Weight":1,"CFrame":[0.5482178330421448,-0.2842056155204773,0.08163738250732422,-0.19676212966442109,-0.1335204690694809,0.9713171720504761,0.9685297608375549,-0.18049032986164094,0.17138665914535523,0.15242980420589448,0.974471926689148,0.164832204580307],"EasingStyle":"Linear","EasingDirection":"In"},"Head":{"Weight":1,"CFrame":[9.580980986356735e-8,1.3293174561113119e-8,1.1920928955078126e-7,0.9994652271270752,0.008004061877727509,-0.031704049557447436,-0.006279363762587309,0.9985141158103943,0.054130688309669498,0.0320902019739151,-0.05390265956521034,0.998030424118042],"EasingStyle":"Linear","EasingDirection":"In"},"Right Leg":{"Weight":1,"CFrame":[0.2966330051422119,0.0007852911949157715,0.02281820774078369,0.8897418975830078,0.4524647295475006,-0.06029142811894417,-0.4430379271507263,0.8878048658370972,0.12457931041717529,0.10989486426115036,-0.08413207530975342,0.9903762340545654],"EasingStyle":"Linear","EasingDirection":"In"},"Torso":{"Weight":1,"CFrame":[-0.024717092514038087,-0.0570499449968338,-0.1582164764404297,0.9994653463363648,-0.006279428023844957,0.0320902094244957,0.00855621974915266,0.9974173307418823,-0.07131250202655792,-0.0315595343708992,0.0715489387512207,0.9969376921653748],"EasingStyle":"Linear","EasingDirection":"In"},"HumanoidRootPart":{"Weight":1,"CFrame":[0,0,0,1,0,0,0,1,0,0,0,1],"EasingStyle":"Linear","EasingDirection":"In"},"Left Arm":{"Weight":1,"CFrame":[-0.43170514702796938,-0.5935397148132324,0.013503789901733399,-0.19082891941070558,0.05262240394949913,-0.9802117943763733,-0.9786806702613831,0.06706296652555466,0.19413109123706819,0.07595163583755493,0.9963601231575012,0.038702938705682757],"EasingStyle":"Linear","EasingDirection":"In"}}},{"Time":0.6000000238418579,"poses":{"Left Leg":{"Weight":1,"CFrame":[-0.20389437675476075,0.30841732025146487,0.1449509859085083,0.8482878804206848,0.42742934823036196,0.31258872151374819,-0.3958212733268738,0.9039465188980103,-0.16188320517539979,-0.3517572283744812,0.01359432004392147,0.9359925389289856],"EasingStyle":"Linear","EasingDirection":"In"},"Right Arm":{"Weight":1,"CFrame":[0.500429630279541,-0.3083035349845886,0.27184367179870608,-0.21656671166419984,-0.10708591341972351,0.9703769683837891,0.967170238494873,-0.15891242027282716,0.19831421971321107,0.13296838104724885,0.9814680218696594,0.13798539340496064],"EasingStyle":"Linear","EasingDirection":"In"},"Head":{"Weight":1,"CFrame":[1.0104849934577942e-7,2.9103830456733705e-9,-1.1920928955078126e-7,0.9993379712104797,-0.02179766446352005,0.029129570350050927,0.020328963175415994,0.9985524415969849,0.049798399209976199,-0.030172890052199365,-0.0491732582449913,0.9983344674110413],"EasingStyle":"Linear","EasingDirection":"In"},"Right Leg":{"Weight":1,"CFrame":[0.31775084137916567,0.027406752109527589,0.014124631881713868,0.8572671413421631,0.5143581032752991,-0.022995032370090486,-0.49737197160720827,0.8388484120368958,0.22125670313835145,0.13309451937675477,-0.17823903262615205,0.974944531917572],"EasingStyle":"Linear","EasingDirection":"In"},"Torso":{"Weight":1,"CFrame":[-0.03169771283864975,-0.05327124893665314,-0.1511857509613037,0.9993379712104797,0.020328901708126069,-0.030172886326909066,-0.022302662953734399,0.9975312948226929,-0.0665891245007515,0.028744710609316827,0.06721798330545426,0.9973241686820984],"EasingStyle":"Linear","EasingDirection":"In"},"HumanoidRootPart":{"Weight":1,"CFrame":[0,0,0,1,0,0,0,1,0,0,0,1],"EasingStyle":"Linear","EasingDirection":"In"},"Left Arm":{"Weight":1,"CFrame":[-0.4256604313850403,-0.515942394733429,0.366884708404541,-0.17818224430084229,0.06205342710018158,-0.9820389747619629,-0.9837989807128906,0.008814351633191109,0.17905855178833009,0.01976729929447174,0.998033881187439,0.059477485716342929],"EasingStyle":"Linear","EasingDirection":"In"}}},{"Time":0.6333333253860474,"poses":{"Left Leg":{"Weight":1,"CFrame":[-0.14378556609153748,0.12097883224487305,0.09749984741210938,0.8441340327262878,0.4252965450286865,0.32643601298332217,-0.3903455138206482,0.9049175977706909,-0.16957177221775056,-0.36751610040664675,0.01571846567094326,0.9298843145370483],"EasingStyle":"Linear","EasingDirection":"In"},"Right Arm":{"Weight":1,"CFrame":[0.44339215755462649,-0.33433133363723757,0.4232523441314697,-0.261456161737442,-0.050350502133369449,0.9639012217521668,0.9620007872581482,-0.09502904862165451,0.25597673654556277,0.07871013134717941,0.9942003488540649,0.0732831358909607],"EasingStyle":