{"Sequence":[{"Time":0,"poses":{"Left Leg":{"Weight":1,"CFrame":[-0.12219059467315674,-0.021139860153198243,0.015031814575195313,0.9907872676849365,-0.05460696667432785,0.12393036484718323,0.06408112496137619,0.995212733745575,-0.07379324734210968,-0.11930746585130692,0.08105503022670746,0.9895433187484741],"EasingStyle":"Linear","EasingDirection":"In"},"Right Arm":{"Weight":1,"CFrame":[0.0016573863103985787,-0.653301477432251,-0.003400743007659912,0.042110662907361987,-0.9989994764328003,-0.015059098601341248,0.9920997619628906,0.040027569979429248,0.11889449506998062,-0.11817273497581482,-0.019946958869695665,0.9927927851676941],"EasingStyle":"Linear","EasingDirection":"In"},"Left Arm":{"Weight":1,"CFrame":[-0.002382144331932068,-0.6497578024864197,-0.00020766258239746094,0.15607202053070069,0.9856367707252502,0.06451299041509628,-0.9816164970397949,0.1475074738264084,0.12112277746200562,0.1098669171333313,-0.08223102241754532,0.9905388951301575],"EasingStyle":"Linear","EasingDirection":"In"},"Head":{"Weight":1,"CFrame":[8.102506399154663e-8,5.005858838558197e-9,0.016662120819091798,0.9962014555931091,-0.05004984885454178,0.07125750184059143,0.047187868505716327,0.9980319738388062,0.04129722714424133,-0.07318419218063355,-0.037777796387672427,0.9966027140617371],"EasingStyle":"Linear","EasingDirection":"In"},"Torso":{"Weight":1,"CFrame":[0.07897145301103592,-0.028224989771842958,-0.03832507133483887,0.9987671375274658,0.039251819252967837,-0.03038875386118889,-0.04028923436999321,0.9985986948013306,-0.034313589334487918,0.028999298810958864,0.03549562394618988,0.9989489912986755],"EasingStyle":"Linear","EasingDirection":"In"},"HumanoidRootPart":{"Weight":1,"CFrame":[0,0,0,1,0,0,0,1,0,0,0,1],"EasingStyle":"Linear","EasingDirection":"In"},"Right Leg":{"Weight":1,"CFrame":[0.24614357948303224,0.09084004163742066,0.010174751281738282,0.9931721091270447,0.08601947128772736,-0.0788029134273529,-0.07797213643789292,0.9919218420982361,0.10005820542573929,0.0867733433842659,-0.09323063492774964,0.9918560981750488],"EasingStyle":"Linear","EasingDirection":"In"}}},{"Time":0.03999999910593033,"poses":{"Left Leg":{"Weight":1,"CFrame":[-0.10828030109405518,-0.027445077896118165,0.010038495063781739,0.9934779405593872,-0.03996694087982178,0.10679155588150025,0.04887917637825012,0.9954178333282471,-0.08218440413475037,-0.10301758348941803,0.08686826378107071,0.9908791184425354],"EasingStyle":"Linear","EasingDirection":"In"},"Right Arm":{"Weight":1,"CFrame":[-0.06364666670560837,-0.6348882913589478,-0.008781909942626953,0.11239206790924072,-0.9928288459777832,-0.040728610008955,0.9857550859451294,0.10624265670776367,0.1303819715976715,-0.12511985003948213,-0.05480242148041725,0.9906269311904907],"EasingStyle":"Linear","EasingDirection":"In"},"Left Arm":{"Weight":1,"CFrame":[0.05506931617856026,-0.644938051700592,0.006684303283691406,0.21495294570922852,0.9733240604400635,0.08022245019674301,-0.9704976081848145,0.20369592308998109,0.12900546193122865,0.10922311246395111,-0.10558584332466126,0.9883936643600464],"EasingStyle":"Linear","EasingDirection":"In"},"Head":{"Weight":1,"CFrame":[9.057112038135529e-8,-3.4924596548080446e-9,0.0166623592376709,0.9967333674430847,-0.03293316811323166,0.07374276220798493,0.03007981739938259,0.9987677335739136,0.039475176483392718,-0.07495193928480149,-0.03712804988026619,0.99649578332901],"EasingStyle":"Linear","EasingDirection":"In"},"Torso":{"Weight":1,"CFrame":[0.0890868604183197,-0.02770473062992096,-0.03577017784118652,0.9992387294769287,0.022075504064559938,-0.03216564655303955,-0.023158060386776925,0.9991642832756043,-0.03368110582232475,0.031395237892866138,0.03440036252140999,0.998914897441864],"EasingStyle":"Linear","EasingDirection":"In"},"HumanoidRootPart":{"Weight":1,"CFrame":[0,0,0,1,0,0,0,1,0,0,0,1],"EasingStyle":"Linear","EasingDirection":"In"},"Right Leg":{"Weight":1,"CFrame":[0.2300208956003189,0.09231513738632202,0.013134956359863282,0.9914318919181824,0.08873926848173142,-0.0958544909954071,-0.07820749282836914,0.9910107851028442,0.10854186117649079,0.10462482273578644,-0.10011530667543411,0.9894598126411438],"EasingStyle":"Linear","EasingDirection":"In"}}},{"Time":0.07999999821186066,"poses":{"Left Leg":{"Weight":1,"CFrame":[-0.08033021539449692,-0.034003615379333499,0.0014383792877197266,0.9977763295173645,-0.008684993721544743,0.0660821795463562,0.014440793544054032,0.9960923790931702,-0.0871286690235138,-0.06506727635860443,0.08788920938968659,0.9940028786659241],"EasingStyle":"Linear","EasingDirection":"In"},"Right Arm":{"Weight":1,"CFrame":[-0.21890994906425477,-0.5907135605812073,-0.015196084976196289,0.2766130268573761,-0.9584898948669434,-0.06915465742349625,0.9555255174636841,0.26667216420173647,0.12592443823814393,-0.1022556722164154,-0.10091149806976319,0.9896265268325806],"EasingStyle":"Linear","EasingDirection":"In"},"Left Arm":{"Weight":1,"CFrame":[0.19174514710903169,-0.6333136558532715,0.016196846961975099,0.3513076603412628,0.9309871792793274,0.09922663867473602,-0.9323546290397644,0.33820173144340517,0.12780652940273286,0.08542756736278534,-0.13741396367549897,0.9868230223655701],"EasingStyle":"Linear","EasingDirection":"In"},"Head":{"Weight":1,"CFrame":[7.951166480779648e-8,-1.664739102125168e-8,0.016662240028381349,0.9970858693122864,0.008066513575613499,0.07586082071065903,-0.010744455270469189,0.999330997467041,0.034958891570568088,-0.07552807033061981,-0.03567211329936981,0.9965054392814636],"EasingStyle":"Linear","EasingDirection":"In"},"Torso":{"Weight":1,"CFrame":[0.09562429785728455,-0.02651163935661316,-0.029587507247924806,0.999284565448761,-0.01890737935900688,-0.032754894345998767,0.01785160042345524,0.9993210434913635,-0.03223065659403801,0.03334204852581024,0.03162286430597305,0.9989436864852905],"EasingStyle":"Linear","EasingDirection":"In"},"HumanoidRootPart":{"Weight":1,"CFrame":[0,0,0,1,0,0,0,1,0,0,0,1],"EasingStyle":"Linear","EasingDirection":"In"},"Right Leg":{"Weight":1,"CFrame":[0.18889987468719483,0.08809036016464234,0.01964592933654785,0.9861501455307007,0.09459918737411499,-0.13623113930225373,-0.07923752069473267,0.9903059005737305,0.11408611387014389,0.1457030475139618,-0.10171147435903549,0.9840861558914185],"EasingStyle":"Linear","EasingDirection":"In"}}},{"Time":0.11999999731779099,"poses":{"Left Leg":{"Weight":1,"CFrame":[-0.009140729904174805,-0.04303157329559326,-0.005545079708099365,0.9986894726753235,0.048116058111190799,0.017442544922232629,-0.04637932777404785,0.9949422478675842,-0.08910130709409714,-0.021641554310917856,0.08817564696073532,0.9958698749542236],"EasingStyle":"Linear","EasingDirection":"In"},"Right Arm":{"Weight":1,"CFrame":[-0.40305981040000918,-0.538206160068512,-0.022360801696777345,0.4621583819389343,-0.8813942074775696,-0.0977444127202034,0.884825587272644,0.45097464323043826,0.1170705109834671,-0.05910502001643181,-0.14059194922447205,0.9883019328117371],"EasingStyle":"Linear","EasingDirection":"In"},"Left Arm":{"Weight":1,"CFrame":[0.35405993461608889,-0.6196727752685547,0.026115775108337404,0.5044459104537964,0.8552648425102234,0.11856012046337128,-0.8621156215667725,0.49128761887550356,0.12406817823648453,0.04786399379372597,-0.16479845345020295,0.9851653575897217],"EasingStyle":"Linear","EasingDirection":"In"},"Head":{"Weight":1,"CFrame":[7.497146725654602e-8,-1.0244548320770264e-8,0.016661763191223146,0.9953773021697998,0.05701310932636261,0.07728928327560425,-0.05944076180458069,0.9977964162826538,0.029481183737516404,-0.07543820142745972,-0.03393895924091339,0.996572732925415],"EasingStyle":"Linear","EasingDirection":"In"},"Torso":{"Weight":1,"CFrame":[0.09929268807172775,-0.02508518099784851,-0.02218914031982422,0.9971652626991272,-0.06777546554803848,-0.03267898038029671,0.06678526848554611,0.9973012804985046,-0.030496489256620408,0.03465770184993744,0.028227567672729493,0.9990005493164063],"EasingStyle":"Linear","EasingDirection":"In"},"HumanoidRootPart":{"Weight":1,"CFrame":[0,0,0,1,0,0,0,1,0,0,0,1],"EasingStyle":"Linear","EasingDirection":"In"},"Right Leg":{"Weight":1,"CFrame":[0.13543879985809327,0.08185046911239624,0.023631930351257325,0.9778639078140259,0.09954076260328293,-0.1840488165616989,-0.07858522981405258,0.9899162650108337,0.11785668134689331,0.19392451643943788,-0.10078434646129608,0.9758257269859314],"EasingStyle":"Linear","EasingDirection":"In"}}},{"Time":0.1599999964237213,"poses":{"Left Leg":{"Weight":1,"CFrame":[0.016448698937892915,-0.04655027389526367,-0.005576193332672119,0.9967198371887207,0.0775100588798523,-0.02327704429626465,-0.07929136604070664,0.9928587079048157,-0.08913183957338333,0.016202179715037347,0.09068519622087479,0.9957478046417236],"EasingStyle":"Linear","EasingDirection":"In"},"Right Arm":{"Weight":1,"CFrame":[-0.5564606785774231,-0.4946833848953247,-0.030220627784729005,0.6013728380203247,-0.7898152470588684,-0.12059319764375687,0.7988086938858032,0.5913442373275757,0.11052998155355454,-0.015986209735274316,-0.16280068457126618,0.9865295886993408],"EasingStyle":"Linear","EasingDirection":"In"},"Left Arm":{"Weight":1,"CFrame":[0.4894317388534546,-0.6086150407791138,0.0340428352355957,0.6202645301818848,0.7728846669197083,0.1338711380958557,-0.7842957973480225,0.608404278755188,0.12134424597024918,0.01233731023967266,-0.18026027083396913,0.9835416674613953],"EasingStyle":"Linear","EasingDirection":"In"},"Head":{"Weight":1,"CFrame":[8.987262845039368e-8,-9.778887033462525e-9,0.016662001609802247,0.9921379089355469,0.09788941591978073,0.07797487825155258,-0.10009297728538513,0.9946675300598145,0.024860918521881105,-0.07512541860342026,-0.03247017785906792,0.9966453909873962],"EasingStyle":"Linear","EasingDirection":"In"},"Torso":{"Weight":1,"CFrame":[0.1008690744638443,-0.02387438714504242,-0.015985727310180665,0.9935631155967712,-0.10855508595705033,-0.032377637922763827,0.10763156414031983,0.9937670826911926,-0.029024511575698854,0.03532659262418747,0.025352826341986657,0.9990541934967041],"EasingStyle":"Linear","EasingDirection":"In"},"HumanoidRootPart":{"Weight":1,"CFrame":[0,0,0,1,0,0,0,1,0,0,0,1],"EasingStyle":"Linear","EasingDirection":"In"},"Right Leg":{"Weight":1,"CFrame":[0.08611956238746643,0.07660692930221558,0.022893309593200685,0.9693842530250549,0.10125810652971268,-0.22369825839996339,-0.07563192397356034,0.989850640296936,0.12031406909227371,0.23361071944236756,-0.09971186518669129,0.9672040343284607],"EasingStyle":"Linear","EasingDirection":"In"}}},{"Time":0.20000000298023225,"poses":{"Left Leg":{"Weight":1,"CFrame":[0.00796295702457428,-0.04647707939147949,-0.005360782146453857,0.9960023760795593,0.07970891892910004,-0.040321920067071918,-0.0830293521285057,0.9925852417945862,-0.08877373486757279,0.03294684737920761,0.09176672995090485,0.9952353835105896],"EasingStyle":"Linear","EasingDirection":"In"},"Right Arm":{"Weight":1,"CFrame":[-0.6205896735191345,-0.476608544588089,-0.03914278745651245,0.6539376974105835,-0.7453098297119141,-0.1299184411764145,0.7565417289733887,0.6449394822120667,0.10815636068582535,0.003179466351866722,-0.16901631653308869,0.9856081604957581],"EasingStyle":"Linear","EasingDirection":"In"},"Left Arm":{"Weight":1,"CFrame":[0.546056866645813,-0.6041082143783569,0.03729844093322754,0.6645921468734741,0.7339567542076111,0.14008821547031403,-0.7471994161605835,0.6536056399345398,0.12038598954677582,-0.0032044053077697756,-0.18468153476715089,0.9827932715415955],"EasingStyle":"Linear","EasingDirection":"In"},"Head":{"Weight":1,"CFrame":[1.1548399925231934e-7,-5.587935447692871e-9,0.016662001609802247,0.9902913570404053,0.11496639996767044,0.07813993096351624,-0.11707306653261185,0.9928588271141052,0.022921808063983918,-0.07494673132896424,-0.03184737265110016,0.9966789484024048],"EasingStyle":"Linear","EasingDirection":"In"},"Torso":{"Weight":1,"CFrame":[0.10120194405317307,-0.023360583931207658,-0.013383626937866211,0.9915602207183838,-0.12558406591415406,-0.03220368176698685,0.12469068169593811,0.9917892217636108,-0.028399871662259103,0.03550582751631737,0.02414468303322792,0.9990778565406799],"EasingStyle":"Linear","EasingDirection":"In"},"HumanoidRootPart":{"Weight":1,"CFrame":[0,0,0,1,0,0,0,1,0,0,0,1],"EasingStyle":"Linear","EasingDirection":"In"},"Right Leg":{"Weight":1,"CFrame":[0.06395630538463593,0.07447433471679688,0.021251916885375978,0.9654425978660584,0.10114572197198868,-0.24018807709217072,-0.07354988157749176,0.9898970127105713,0.12122043967247009,0.25002241134643557,-0.09936559200286865,0.9631279706954956],"EasingStyle":"Linear","EasingDirection":"In"}}},{"Time":0.23999999463558198,"poses":{"Left Leg":{"Weight":1,"CFrame":[0.009422149509191513,-0.04510664939880371,-0.005264937877655029,0.9960796236991882,0.08016930520534516,-0.03739273175597191,-0.08313571661710739,0.992819607257843,-0.08600960671901703,0.030228884890675546,0.08878108859062195,0.9955923557281494],"EasingStyle":"Linear","EasingDirection":"In"},"Right Arm":{"Weight":1,"CFrame":[-0.6073367595672607,-0.4811864495277405,-0.04965895414352417,0.6502135992050171,-0.7487141489982605,-0.129032701253891,0.7597501873970032,0.6410874724388123,0.1085658073425293,0.0014365039533004165,-0.16862347722053529,0.9856795072555542],"EasingStyle":"Linear","EasingDirection":"In"},"Left Arm":{"Weight":1,"CFrame":[0.5360777378082275,-0.6074445843696594,0.03340888023376465,0.6609358787536621,0.7375339865684509,0.13859128952026368,-0.7504421472549439,0.649712860584259,0.12128345668315888,-0.0005939045222476125,-0.1841655969619751,0.9828951358795166],"EasingStyle":"Linear","EasingDirection":"In"},"Head":{"Weight":1,"CFrame":[8.242204785346985e-8,-1.862645149230957e-9,0.016661763191223146,0.9907552599906921,0.11204009503126145,0.07649291306734085,-0.1141534224152565,0.9931774735450745,0.023825669661164285,-0.07330162823200226,-0.032337356358766559,0.9967855215072632],"EasingStyle":"Linear","EasingDirection":"In"},"Torso":{"Weight":1,"CFrame":[0.10024946182966232,-0.023750387132167817,-0.01765155792236328,0.9919818639755249,-0.12263187021017075,-0.030550897121429445,0.12176205962896347,0.9921393394470215,-0.028873760253190995,0.03385157883167267,0.024922307580709459,0.9991161823272705],"EasingStyle":"Linear","EasingDirection":"In"},"HumanoidRootPart":{"Weight":1,"CFrame":[0,0,0,1,0,0,0,1,0,0,0,1],"EasingStyle":"Linear","EasingDirection":"In"},"Right Leg":{"Weight":1,"CFrame":[0.08297117054462433,0.07520157098770142,0.02532327175140381,0.9653397798538208,0.10844025760889054,-0.2374023199081421,-0.08211162686347962,0.9895963072776794,0.11813916265964508,0.24774356186389924,-0.0945509746670723,0.9642009735107422],"EasingStyle":"Linear","EasingDirection":"In"}}},{"Time":0.2800000011920929,"poses":{"Left Leg":{"Weight":1,"CFrame":[-0.132781982421875,-0.02639472484588623,-0.00818014144897461,0.9995574951171875,0.004422330297529697,-0.029415838420391084,-0.006722552236169577,0.9968865513801575,-0.07856249064207077,0.028976798057556154,0.07872549444437027,0.996475100517273],"EasingStyle":"Linear","EasingDirection":"In"},"Right Arm":{"Weight":1,"CFrame":[-0.5696038603782654,-0.4946795701980591,-0.061779916286468509,0.6350039839744568,-0.7622398734092712,-0.1255403459072113,0.7724944353103638,0.6255549788475037,0.10924035310745239,-0.00473496550694108,-0.16634723544120789,0.9860559105873108],"EasingStyle":"Linear","EasingDirection":"In"},"Left Arm":{"Weight":1,"CFrame":[0.5078539848327637,-0.6173146963119507,0.022049546241760255,0.6462692618370056,0.7512372732162476,0.13408435881137849,-0.763070285320282,0.6344022750854492,0.12352120876312256,0.007730315439403057,-0.18214382231235505,0.983241617679596],"EasingStyle":"Linear","EasingDirection":"In"},"Head":{"Weight":1,"CFrame":[1.0244548320770264e-7,-9.313225746154786e-10,0.016662120819091798,0.9919470548629761,0.10408420115709305,0.07216418534517288,-0.10621083527803421,0.9939964413642883,0.02627595141530037,-0.06899604946374893,-0.033728957176208499,0.9970466494560242],"EasingStyle":"Linear","EasingDirection":"In"},"Torso":{"Weight":1,"CFrame":[0.09742642194032669,-0.02486049383878708,-0.028671741485595704,0.9930655360221863,-0.11460055410861969,-0.026224851608276368,0.11379993706941605,0.9930439591407776,-0.030223336070775987,0.02950604259967804,0.02702937088906765,0.9991990923881531],"EasingStyle":"Linear","EasingDirection":"In"},"HumanoidRootPart":{"Weight":1,"CFrame":[0,0,0,1,0,0,0,1,0,0,0,1],"EasingStyle":"Linear","EasingDirection":"In"},"Right Leg":{"Weight":1,"CFrame":[0.12717965245246888,0.07697302103042603,0.034104108810424808,0.965257465839386,0.1243755966424942,-0.22980168461799622,-0.10125567018985748,0.9887779355049133,0.10984299331903458,0.24088461697101594,-0.08275806903839112,0.9670190811157227],"EasingStyle":"Linear","EasingDirection":"In"}}},{"Time":0.3199999928474426,"poses":{"Left Leg":{"Weight":1,"CFrame":[-0.2291736751794815,-0.005528569221496582,-0.007157325744628906,0.9986830949783325,-0.04819300398230553,-0.017594963312149049,0.046900250017642978,0.9966042041778565,-0.0676804780960083,0.02079690992832184,0.06676612794399262,0.9975519776344299],"EasingStyle":"Linear","EasingDirection":"In"},"Right Arm":{"Weight":1,"CFrame":[-0.5104145407676697,-0.5167636871337891,-0.07520753145217896,0.6011174321174622,-0.7903897762298584,-0.11807509511709213,0.7989853620529175,0.591294527053833,0.1095137745141983,-0.016741419211030008,-0.16017098724842072,0.9869474172592163],"EasingStyle":"Linear","EasingDirection":"In"},"Left Arm":{"Weight":1,"CFrame":[0.46394211053848269,-0.6335464715957642,0.0036965608596801759,0.6139683127403259,0.7791264653205872,0.126510888338089,-0.7890082001686096,0.6012013554573059,0.1265830397605896,0.022565631195902826,-0.17753630876541139,0.9838555455207825],"EasingStyle":"Linear","EasingDirection":"In"},"Head":{"Weight":1,"CFrame":[9.313225746154785e-8,2.7939677238464357e-9,0.01666247844696045,0.9935342073440552,0.09233388304710388,0.06606335937976837,-0.09446357190608978,0.9950801730155945,0.029868846759200097,-0.06298048049211502,-0.035916320979595187,0.997368335723877],"EasingStyle":"Linear","EasingDirection":"In"},"Torso":{"Weight":1,"CFrame":[0.09277947247028351,-0.026611514389514924,-0.04377317428588867,0.9945053458213806,-0.10272224992513657,-0.020180175080895425,0.10203980654478073,0.9942541718482971,-0.032352086156606677,0.023387497290968896,0.030115142464637758,0.999272882938385],"EasingStyle":"Linear","EasingDirection":"In"},"HumanoidRootPart":{"Weight":1,"CFrame":[0,0,0,1,0,0,0,1,0,0,0,1],"EasingStyle":"Linear","EasingDirection":"In"},"Right Leg":{"Weight":1,"CFrame":[0.17968590557575227,0.07920360565185547,0.04304373264312744,0.965551495552063,0.14131104946136475,-0.21849827468395234,-0.12242493778467179,0.9876521825790405,0.09775175899267197,0.22961370646953584,-0.06763474643230438,0.9709290266036987],"EasingStyle":"Linear","EasingDirection":"In"}}},{"Time":0.36000001430511477,"poses":{"Left Leg":{"Weight":1,"CFrame":[-0.2986949682235718,0.015545487403869629,-0.003328680992126465,0.9961682558059692,-0.08740147203207016,-0.003139510517939925,0.08710051327943802,0.9947006106376648,-0.05462884530425072,0.007897463627159596,0.054146066308021548,0.9985017776489258],"EasingStyle":"Linear","EasingDirection":"In"},"Right Arm":{"Weight":1,"CFrame":[-0.4327370524406433,-0.5472015142440796,-0.08961379528045654,0.5386849641799927,-0.8359387516975403,-0.10499949008226395,0.8417491912841797,0.5287185311317444,0.10915619134902954,-0.03573271632194519,-0.14718420803546906,0.9884634613990784],"EasingStyle":"Linear","EasingDirection":"In"},"Left Arm":{"Weight":1,"CFrame":[0.4068487882614136,-0.6560439467430115,-0.02114659547805786,0.5550239086151123,0.8237378597259522,0.11577760428190232,-0.8306371569633484,0.541365385055542,0.1302518993616104,0.04461539164185524,-0.16846223175525666,0.9846979379653931],"EasingStyle":"Linear","EasingDirection":"In"},"Head":{"Weight":1,"CFrame":[6.100162863731384e-8,1.0710209608078003e-8,0.016662120819091798,0.9951977729797363,0.07802741974592209,0.059103354811668399,-0.08013743907213211,0.9961966276168823,0.03421006724238396,-0.0562092550098896,-0.038782160729169849,0.9976655840873718],"EasingStyle":"Linear","EasingDirection":"In"},"Torso":{"Weight":1,"CFrame":[0.08635227382183075,-0.028914831578731538,-0.06027626991271973,0.996009886264801,-0.08823596686124802,-0.013375061564147473,0.08772094547748566,0.9955247640609741,-0.03515225648880005,0.016416899859905244,0.033838722854852679,0.9992924928665161],"EasingStyle":"Linear","EasingDirection":"In"},"HumanoidRootPart":{"Weight":1,"CFrame":[0,0,0,1,0,0,0,1,0,0,0,1],"EasingStyle":"Linear","EasingDirection":"In"},"Right Leg":{"Weight":1,"CFrame":[0.23040151596069337,0.08140051364898682,0.04970717430114746,0.9664663076400757,0.15516598522663117,-0.20461302995681764,-0.14075154066085816,0.9865342378616333,0.08330333977937699,0.2147836536169052,-0.05171035975217819,0.9752917885780335],"EasingStyle":"Linear","EasingDirection":"In"}}},{"Time":0.4000000059604645,"poses":{"Left Leg":{"Weight":1,"CFrame":[-0.3477156162261963,0.035197675228118899,0.0022999048233032228,0.9931269288063049,-0.11634934693574906,0.012715257704257965,0.11677662283182144,0.992322564125061,-0.04073427990078926,-0.007878276519477368,0.04193912446498871,0.9990891814231873],"EasingStyle":"Linear","EasingDirection":"In"},"Right Arm":{"Weight":1,"CFrame":[-0.33939000964164736,-0.58588707447052,-0.10462033748626709,0.4337333142757416,-0.8970878720283508,-0.0843135416507721,0.8989149332046509,0.4243863523006439,0.10885000228881836,-0.06186649575829506,-0.12300265580415726,0.990476131439209],"EasingStyle":"Linear","EasingDirection":"In"},"Left Arm":{"Weight":1,"CFrame":[0.338949054479599,-0.6848217248916626,-0.05193519592285156,0.4569655656814575,0.8836396932601929,0.10180103778839112,-0.8864028453826904,0.4428716003894806,0.13473935425281526,0.07397622615098953,-0.1518082171678543,0.9856377840042114],"EasingStyle":"Linear","EasingDirection":"In"},"Head":{"Weight":1,"CFrame":[9.406358003616333e-8,6.984919309616089e-9,0.016662120819091798,0.9966840744018555,0.06240725517272949,0.052212826907634738,-0.0644768476486206,0.9971593022346497,0.038937848061323169,-0.049634505063295367,-0.04217524826526642,0.9978766441345215],"EasingStyle":"Linear","EasingDirection":"In"},"Torso":{"Weight":1,"CFrame":[0.078190878033638,-0.03165360540151596,-0.0754842758178711,0.9973528385162354,-0.07239857316017151,-0.00676480308175087,0.07208695262670517,0.9966557025909424,-0.03848183527588844,0.009528209455311299,0.03789231553673744,0.9992364048957825],"EasingStyle":"Linear","EasingDirection":"In"},"HumanoidRootPart":{"Weight":1,"CFrame":[0,0,0,1,0,0,0,1,0,0,0,1],"EasingStyle":"Linear","EasingDirection":"In"},"Right Leg":{"Weight":1,"CFrame":[0.27350959181785586,0.08303749561309815,0.05322861671447754,0.9681210517883301,0.16402553021907807,-0.1893068552017212,-0.15372538566589356,0.9857731461524963,0.06797003000974655,0.19776248931884767,-0.0367019958794117,0.9795626401901245],"EasingStyle":"Linear","EasingDirection":"In"}}},{"Time":0.4399999976158142,"poses":{"Left Leg":{"Weight":1,"CFrame":[-0.37713930010795596,0.05132812261581421,0.008592605590820313,0.9904062151908875,-0.1351729929447174,0.02870122157037258,0.13595756888389588,0.9903355240821838,-0.027408795431256295,-0.024718942120671274,0.031048007309436799,0.9992122054100037],"EasingStyle":"Linear","EasingDirection":"In"},"Right Arm":{"Weight":1,"CFrame":[-0.23285365104675294,-0.6328409910202026,-0.11978930234909058,0.2684114873409271,-0.9617926478385925,-0.053947292268276218,0.9588390588760376,0.2613620460033417,0.11098511517047882,-0.09264490008354187,-0.08151651918888092,0.9923567771911621],"EasingStyle":"Linear","EasingDirection":"In"},"Left Arm":{"Weight":1,"CFrame":[0.2623329758644104,-0.719991147518158,-0.08807671070098877,0.30426427721977236,0.9488146901130676,0.08470029383897782,-0.946333110332489,0.2908966541290283,0.14082910120487214,0.1089816689491272,-0.12300407886505127,0.9864041209220886],"EasingStyle":"Linear","EasingDirection":"In"},"Head":{"Weight":1,"CFrame":[8.568167686462403e-8,4.190951585769653e-9,0.016662120819091798,0.9978326559066773,0.04671570286154747,0.04634184390306473,-0.048747844994068149,0.9978532195091248,0.043735209852457049,-0.04419923201203346,-0.04589951038360596,0.9979678392410278],"EasingStyle":"Linear","EasingDirection":"In"},"Torso":{"Weight":1,"CFrame":[0.0683494508266449,-0.034674085676670077,-0.08667659759521485,0.99840247631073,-0.056487325578927997,-0.0012948280200362206,0.056382667273283008,0.9975189566612244,-0.04215387627482414,0.00367277511395514,0.04201352596282959,0.9991104006767273],"EasingStyle":"Linear","EasingDirection":"In"},"HumanoidRootPart":{"Weight":1,"CFrame":[0,0,0,1,0,0,0,1,0,0,0,1],"EasingStyle":"Linear","EasingDirection":"In"},"Right Leg":{"Weight":1,"CFrame":[0.304656982421875,0.08341425657272339,0.053542375564575198,0.9705809354782105,0.1666354387998581,-0.17379643023014069,-0.15969876945018769,0.9857279658317566,0.05326132848858833,0.1801912635564804,-0.023939386010169984,0.983340322971344],"EasingStyle":"Linear","EasingDirection":"In"}}},{"Time":0.47999998927116396,"poses":{"Left Leg":{"Weight":1,"CFrame":[-0.385333776473999,0.06148618459701538,0.014254927635192871,0.9888343811035156,-0.14252251386642457,0.043518971651792529,0.14333543181419373,0.9895424246788025,-0.016153767704963685,-0.04076160117983818,0.022211208939552308,0.9989220499992371],"EasingStyle":"Linear","EasingDirection":"In"},"Right Arm":{"Weight":1,"CFrame":[-0.114989273250103,-0.6879965662956238,-0.13466864824295045,0.027561208233237268,-0.9995338320732117,-0.013135799206793309,0.9923774003982544,0.025780130177736284,0.12050963938236237,-0.12011485546827316,-0.016357094049453737,0.9926252365112305],"EasingStyle":"Linear","EasingDirection":"In"},"Left Arm":{"Weight":1,"CFrame":[0.17859359085559846,-0.7615810632705689,-0.12895649671554566,0.08372657746076584,0.9943496584892273,0.0652584359049797,-0.9859923124313355,0.073186494410038,0.14987647533416749,0.14425359666347505,-0.07689303159713745,0.9865487217903137],"EasingStyle":"Linear","EasingDirection":"In"},"Head":{"Weight":1,"CFrame":[8.591450750827789e-8,-5.3551048040390018e-9,0.016662001609802247,0.9985793828964233,0.03218967467546463,0.042461756616830829,-0.034234024584293368,0.99824458360672,0.048330746591091159,-0.040831468999385837,-0.04971570894122124,0.9979285001754761],"EasingStyle":"Linear","EasingDirection":"In"},"Torso":{"Weight":1,"CFrame":[0.056894946843385699,-0.0377868115901947,-0.09111475944519043,0.9991239309310913,-0.04179574176669121,0.0021049524657428266,0.0418483205139637,0.998067319393158,-0.04593807831406593,-0.0001808684173738584,0.04598592221736908,0.9989420771598816],"EasingStyle":"Linear","EasingDirection":"In"},"HumanoidRootPart":{"Weight":1,"CFrame":[0,0,0,1,0,0,0,1,0,0,0,1],"EasingStyle":"Linear","EasingDirection":"In"},"Right Leg":{"Weight":1,"CFrame":[0.3200388550758362,0.08175128698348999,0.05101156234741211,0.9738556742668152,0.1618996560573578,-0.15935346484184266,-0.157372385263443,0.986699640750885,0.04071638360619545,0.16382603347301484,-0.014574069529771805,0.9863815903663635],"EasingStyle":"Linear","EasingDirection":"In"}}},{"Time":0.5199999809265137,"poses":{"Left Leg":{"Weight":1,"CFrame":[-0.3514890670776367,0.05928146839141846,0.0169525146484375,0.9903284311294556,-0.1268545389175415,0.05619111657142639,0.12747439742088319,0.991813063621521,-0.007573660463094711,-0.05477035045623779,0.014663368463516236,0.9983913898468018],"EasingStyle":"Linear","EasingDirection":"In"},"Right Arm":{"Weight":1,"CFrame":[0.010230930522084237,-0.7488610744476318,-0.1486789584159851,-0.2721884846687317,-0.9615969657897949,0.035279806703329089,0.9538137316703796,-0.2647797763347626,0.1418842375278473,-0.12709401547908784,0.072269506752491,0.9892544746398926],"EasingStyle":"Linear","EasingDirection":"In"},"Left Arm":{"Weight":1,"CFrame":[0.09058459103107453,-0.8077726364135742,-0.17282265424728394,-0.1925070881843567,0.9802588820457459,0.04509613290429115,-0.9667330980300903,-0.1973377764225006,0.16274261474609376,0.16842904686927796,-0.012267044745385647,0.9856374263763428],"EasingStyle":"Linear","EasingDirection":"In"},"Head":{"Weight":1,"CFrame":[8.335337042808533e-8,1.6065314412117006e-8,0.016661882400512697,0.9989713430404663,0.019757051020860673,0.04081614315509796,-0.02188994735479355,0.9983816146850586,0.05248954892158508,-0.03971310332417488,-0.05332901328802109,0.9977869987487793],"EasingStyle":"Linear","EasingDirection":"In"},"Torso":{"Weight":1,"CFrame":[0.044263169169425967,-0.04075056314468384,-0.07913088798522949,0.9995657205581665,-0.02928801253437996,0.003251192392781377,0.029413199052214624,0.9983389973640442,-0.04954115301370621,-0.0017948300810530782,0.049615275114774707,0.9987667798995972],"EasingStyle":"Linear","EasingDirection":"In"},"HumanoidRootPart":{"Weight":1,"CFrame":[0,0,0,1,0,0,0,1,0,0,0,1],"EasingStyle":"Linear","EasingDirection":"In"},"Right Leg":{"Weight":1,"CFrame":[0.2960723340511322,0.07201683521270752,0.04330289363861084,0.9794883728027344,0.13787175714969636,-0.14694853127002717,-0.13478732109069825,0.9903959631919861,0.030793365091085435,0.14978280663490296,-0.010354986414313317,0.9886647462844849],"EasingStyle":"Linear","EasingDirection":"In"}}},{"Time":0.5600000023841858,"poses":{"Left Leg":{"Weight":1,"CFrame":[-0.27163538336753847,0.045970618724823,0.015305161476135254,0.9939945936203003,-0.08646860718727112,0.06706762313842774,0.08669131994247437,0.996235191822052,-0.000412693596445024,-0.0667794719338417,0.0062244245782494549,0.9977484345436096],"EasingStyle":"Linear","EasingDirection":"In"},"Right Arm":{"Weight":1,"CFrame":[0.12683537602424622,-0.8052758574485779,-0.16068905591964723,-0.5472604632377625,-0.8334095478057861,0.0770346000790596,0.8303486704826355,-0.5290837287902832,0.1749049723148346,-0.10500971972942352,0.15968409180641175,0.9815670847892761],"EasingStyle":"Linear","EasingDirection":"In"},"Left Arm":{"Weight":1,"CFrame":[0.008956451900303364,-0.8509077429771423,-0.2132958173751831,-0.45707574486732485,0.8890357613563538,0.02640240266919136,-0.8728468418121338,-0.45406240224838259,0.17878980934619904,0.17093883454799653,0.058675091713666919,0.9835330843925476],"EasingStyle":"Linear","EasingDirection":"In"},"Head":{"Weight":1,"CFrame":[8.789356797933579e-8,6.2282197177410129e-9,0.016662001609802247,0.9991468191146851,0.009100335650146008,0.0402844063937664,-0.011349278502166272,0.9983689785003662,0.05595221370458603,-0.03970947861671448,-0.05636170133948326,0.9976205229759216],"EasingStyle":"Linear","EasingDirection":"In"},"Torso":{"Weight":1,"CFrame":[0.03099193051457405,-0.04324550926685333,-0.05257678031921387,0.9998215436935425,-0.018609974533319474,0.0032770035322755577,0.018756596371531488,0.9984408617019653,-0.05257431045174599,-0.002293487312272191,0.052626386284828189,0.9986117482185364],"EasingStyle":"Linear","EasingDirection":"In"},"HumanoidRootPart":{"Weight":1,"CFrame":[0,0,0,1,0,0,0,1,0,0,0,1],"EasingStyle":"Linear","EasingDirection":"In"},"Right Leg":{"Weight":1,"CFrame":[0.22558315098285676,0.052943289279937747,0.03050529956817627,0.9865051507949829,0.09079606831073761,-0.13624899089336396,-0.08857465535402298,0.9958201050758362,0.02229166217148304,0.1377035528421402,-0.009922647848725319,0.9904237985610962],"EasingStyle":"Linear","EasingDirection":"In"}}},{"Time":0.6000000238418579,"poses":{"Left Leg":{"Weight":1,"CFrame":[-0.16764625906944276,0.030468761920928956,0.010087370872497559,0.9964672327041626,-0.03391607105731964,0.07682924717664719,0.03349553421139717,0.9994161128997803,0.006755616515874863,-0.0770135447382927,-0.004158332012593746,0.9970213770866394],"EasingStyle":"Linear","EasingDirection":"In"},"Right Arm":{"Weight":1,"CFrame":[0.21380282938480378,-0.846388578414917,-0.16919738054275514,-0.7355853319168091,-0.6700119376182556,0.09999176114797592,0.6737399697303772,-0.7081732153892517,0.2111046463251114,-0.07063116878271103,0.22265391051769257,0.9723356366157532],"EasingStyle":"Linear","EasingDirection":"In"},"Left Arm":{"Weight":1,"CFrame":[-0.05209841579198837,-0.8827126622200012,-0.24281573295593263,-0.6538275480270386,0.756583034992218,0.009578563272953034,-0.7406942844390869,-0.6425796747207642,0.19612115621566773,0.15453693270683289,0.12113461643457413,0.9805329442024231],"EasingStyle":"Linear","EasingDirection":"In"},"Head":{"Weight":1,"CFrame":[8.684583008289337e-8,1.284934114664793e-8,0.016662001609802247,0.9992074370384216,-0.00041421386413276196,0.03980441763997078,-0.0019132767338305712,0.998290479183197,0.05841683968901634,-0.03976057097315788,-0.05844668298959732,0.9974984526634216],"EasingStyle":"Linear","EasingDirection":"In"},"Torso":{"Weight":1,"CFrame":[0.017312493175268174,-0.044961296021938327,-0.02598714828491211,0.99995356798172,-0.009077449329197407,0.00324094551615417,0.009241070598363877,0.9984622597694397,-0.05466020852327347,-0.0027397864032536747,0.05468761920928955,0.9984997510910034],"EasingStyle":"Linear","EasingDirection":"In"},"HumanoidRootPart":{"Weight":1,"CFrame":[0,0,0,1,0,0,0,1,0,0,0,1],"EasingStyle":"Linear","EasingDirection":"In"},"Right Leg":{"Weight":1,"CFrame":[0.12726207077503205,0.03089529275894165,0.015761613845825197,0.9914752244949341,0.03082481399178505,-0.12659628689289094,-0.029274823144078256,0.9994722008705139,0.014086619019508362,0.1269637644290924,-0.010260474868118763,0.9918543100357056],"EasingStyle":"Linear","EasingDirection":"In"}}},{"Time":0.6399999856948853,"poses":{"Left Leg":{"Weight":1,"CFrame":[-0.10251013934612274,0.025051116943359376,0.006263375282287598,0.9962753057479858,-0.00346059026196599,0.08615999668836594,0.0021250457502901556,0.9998762607574463,0.015587417408823967,-0.08620331436395645,-0.015346230939030648,0.9961594343185425],"EasingStyle":"Linear","EasingDirection":"In"},"Right Arm":{"Weight":1,"CFrame":[0.24955101311206819,-0.863237738609314,-0.17208892107009889,-0.8343775868415833,-0.5416462421417236,0.10214538127183914,0.5490621328353882,-0.8004736304283142,0.24035975337028504,-0.04842527210712433,0.2566348612308502,0.9652944803237915],"EasingStyle":"Linear","EasingDirection":"In"},"Left Arm":{"Weight":1,"CFrame":[-0.07776859402656555,-0.8963587284088135,-0.2535277009010315,-0.7708304524421692,0.6369906067848206,-0.007966666482388974,-0.6236869692802429,-0.752066433429718,0.21309798955917359,0.12974995374679566,0.16923090815544129,0.9769983887672424],"EasingStyle":"Linear","EasingDirection":"In"},"Head":{"Weight":1,"CFrame":[8.987626642920077e-8,-5.607780018124231e-9,0.016661643981933595,0.9992213845252991,-0.00941693875938654,0.038313884288072589,0.007123589515686035,0.9981994032859802,0.05955861136317253,-0.0388057604432106,-0.05923929437994957,0.9974892735481262],"EasingStyle":"Linear","EasingDirection":"In"},"Torso":{"Weight":1,"CFrame":[0.003456568345427513,-0.045605793595314029,-0.013897418975830078,0.9999911785125732,2.384123121146331e-7,0.0042021204717457298,0.00023274531122297049,0.9984617829322815,-0.055443745106458667,-0.004195670131593943,0.05544423311948776,0.9984529614448547],"EasingStyle":"Linear","EasingDirection":"In"},"HumanoidRootPart":{"Weight":1,"CFrame":[0,0,0,1,0,0,0,1,0,0,0,1],"EasingStyle":"Linear","EasingDirection":"In"},"Right Leg":{"Weight":1,"CFrame":[0.05875689536333084,0.01565474271774292,0.006221771240234375,0.9930295348167419,-0.011318533681333065,-0.11732040345668793,0.011966831982135773,0.9999168515205383,0.0048234849236905579,0.11725608259439469,-0.006193823646754026,0.9930824041366577],"EasingStyle":"Linear","EasingDirection":"In"}}},{"Time":0.6800000071525574,"poses":{"Left Leg":{"Weight":1,"CFrame":[-0.13110996782779694,0.03580671548843384,0.00993657112121582,0.9951316118240356,-0.023911334574222566,0.09561008960008621,0.021378951147198678,0.9993953704833984,0.027423737570643426,-0.09620802849531174,-0.025246158242225648,0.9950410723686218],"EasingStyle":"Linear","EasingDirection":"In"},"Right Arm":{"Weight":1,"CFrame":[0.2517906129360199,-0.8645474314689636,-0.17159897089004517,-0.8747179508209229,-0.47506678104400637,0.0958135575056076,0.4828314483165741,-0.8372374773025513,0.256724089384079,-0.04174235090613365,0.2708229124546051,0.961723804473877],"EasingStyle":"Linear","EasingDirection":"In"},"Left Arm":{"Weight":1,"CFrame":[-0.08027277141809464,-0.8981772661209106,-0.2524110674858093,-0.8294475674629211,0.5578925609588623,-0.027797427028417589,-0.5489092469215393,-0.8048484325408936,0.22564977407455445,0.1035156399011612,0.2024228423833847,0.97381192445755],"EasingStyle":"Linear","EasingDirection":"In"},"Head":{"Weight":1,"CFrame":[8.533243089914322e-8,-9.918949217535556e-9,0.016662240028381349,0.9992181658744812,-0.018416747450828553,0.03498542308807373,0.016303259879350663,0.9980796575546265,0.059760864824056628,-0.03601881489157677,-0.05914376303553581,0.9975994229316711],"EasingStyle":"Linear","EasingDirection":"In"},"Torso":{"Weight":1,"CFrame":[-0.010364454239606858,-0.045505061745643619,-0.0185701847076416,0.9999335408210754,0.009180965833365918,0.006990167312324047,-0.008780431933701039,0.9984300136566162,-0.055321287363767627,-0.007487096823751926,0.055256228893995288,0.998444139957428],"EasingStyle":"Linear","EasingDirection":"In"},"HumanoidRootPart":{"Weight":1,"CFrame":[0,0,0,1,0,0,0,1,0,0,0,1],"EasingStyle":"Linear","EasingDirection":"In"},"Right Leg":{"Weight":1,"CFrame":[0.08515472710132599,0.012998878955841065,0.0081787109375,0.9941613674163818,-0.002080019796267152,-0.10788309574127197,0.0013449708931148053,0.9999753832817078,-0.0068852403201162819,0.10789481550455094,0.0066998968832194809,0.9941398501396179],"EasingStyle":"Linear","EasingDirection":"In"}}},{"Time":0.7200000286102295,"poses":{"Left Leg":{"Weight":1,"CFrame":[-0.18862579762935639,0.05343884229660034,0.016745567321777345,0.9926204085350037,-0.060340479016304019,0.10518500208854675,0.056180570274591449,0.9975336790084839,0.042075276374816897,-0.10746446251869202,-0.03585537523031235,0.9935622811317444],"EasingStyle":"Linear","EasingDirection":"In"},"Right Arm":{"Weight":1,"CFrame":[0.2526420056819916,-0.8649858832359314,-0.17142897844314576,-0.8882713317871094,-0.4499185085296631,0.0924513041973114,0.4575998783111572,-0.8494377136230469,0.26278895139694216,-0.03970196470618248,0.2757335305213928,0.9604138135910034],"EasingStyle":"Linear","EasingDirection":"In"},"Left Arm":{"Weight":1,"CFrame":[-0.08159862458705902,-0.8989853858947754,-0.2517799735069275,-0.8560861349105835,0.5148894190788269,-0.044782377779483798,-0.5102593302726746,-0.8282424211502075,0.23162487149238587,0.08217053860425949,0.2211412936449051,0.9717738628387451],"EasingStyle":"Linear","EasingDirection":"In"},"Head":{"Weight":1,"CFrame":[8.789356797933579e-8,2.0212610252201558e-8,0.016662240028381349,0.9991753697395325,-0.027440454810857774,0.0299269687384367,0.025618618354201318,0.9978907704353333,0.05964739993214607,-0.03150058910250664,-0.05883154273033142,0.9977708458900452],"EasingStyle":"Linear","EasingDirection":"In"},"Torso":{"Weight":1,"CFrame":[-0.024027511477470399,-0.04521236568689346,-0.03061985969543457,0.9997628927230835,0.018484441563487054,0.011508368887007237,-0.01782522164285183,0.9983291625976563,-0.05496544763445854,-0.01250514481216669,0.054747264832258227,0.9984220266342163],"EasingStyle":"Linear","EasingDirection":"In"},"HumanoidRootPart":{"Weight":1,"CFrame":[0,0,0,1,0,0,0,1,0,0,0,1],"EasingStyle":"Linear","EasingDirection":"In"},"Right Leg":{"Weight":1,"CFrame":[0.14243896305561067,0.014166653156280518,0.012848258018493653,0.9948689341545105,0.024017179384827615,-0.09828029572963715,-0.02621406316757202,0.9994332194328308,-0.021122517064213754,0.09771738946437836,0.02359042689204216,0.994934618473053],"EasingStyle":"Linear","EasingDirection":"In"}}},{"Time":0.7599999904632568,"poses":{"Left Leg":{"Weight":1,"CFrame":[-0.2492946982383728,0.07432854175567627,0.024396300315856935,0.9884446859359741,-0.09904835373163223,0.11474625021219254,0.09274375438690186,0.9939374923706055,0.05905003100633621,-0.1198994591832161,-0.04772565886378288,0.9916382431983948],"EasingStyle":"Linear","EasingDirection":"In"},"Right Arm":{"Weight":1,"C