{"Sequence":[{"Time":0,"poses":{"Left Leg":{"Weight":1,"CFrame":[-0.29327234625816347,-0.42145681381225588,0.01705455780029297,0.47896865010261538,-0.8648031949996948,0.15068084001541139,0.8742092847824097,0.48549094796180727,0.00753419054672122,-0.07966981828212738,0.12811797857284547,0.9885538220405579],"EasingStyle":"Linear","EasingDirection":"In"},"Right Arm":{"Weight":1,"CFrame":[-0.5492395758628845,0.01961672306060791,0.3151562213897705,0.8065755367279053,-0.2308109998703003,0.5442079901695252,0.370734304189682,0.9145760536193848,-0.16157594323158265,-0.46042609214782717,0.33207961916923525,0.8232442140579224],"EasingStyle":"Linear","EasingDirection":"In"},"Head":{"Weight":1,"CFrame":[7.450580596923828e-8,-3.5390257835388186e-8,2.384185791015625e-7,0.9784846901893616,-0.1895396113395691,0.08150233328342438,0.20339533686637879,0.9524375796318054,-0.22692088782787324,-0.03461537882685661,0.23861579596996308,0.9704970121383667],"EasingStyle":"Linear","EasingDirection":"In"},"Right Leg":{"Weight":1,"CFrame":[0.45779937505722048,-0.09675943851470947,0.23415923118591309,0.9359848499298096,0.1700156182050705,-0.30826467275619509,-0.312252402305603,0.8053239583969116,-0.503936231136322,0.16257594525814057,0.5679330229759216,0.8068589568138123],"EasingStyle":"Linear","EasingDirection":"In"},"Torso":{"Weight":1,"CFrame":[-0.09679417312145233,0.30614885687828066,-0.2864055633544922,0.9831300377845764,0.17537052929401399,-0.051968302577733996,-0.1611841320991516,0.9649592638015747,0.20705875754356385,0.08645929396152497,-0.1951892077922821,0.9769473075866699],"EasingStyle":"Linear","EasingDirection":"In"},"HumanoidRootPart":{"Weight":1,"CFrame":[0,0,0,1,0,0,0,1,0,0,0,1],"EasingStyle":"Linear","EasingDirection":"In"},"Left Arm":{"Weight":1,"CFrame":[0.5232274532318115,0.0743478536605835,0.1534513235092163,0.857858419418335,0.2433004379272461,-0.452641099691391,-0.29809945821762087,0.9530803561210632,-0.05267387628555298,0.41858774423599245,0.18011873960494996,0.8901357650756836],"EasingStyle":"Linear","EasingDirection":"In"}}},{"Time":0.03703703731298447,"poses":{"Left Leg":{"Weight":1,"CFrame":[-0.14067120850086213,-0.44789350032806399,-0.01289743185043335,0.49175384640693667,-0.8500248193740845,0.18877524137496949,0.8692906498908997,0.4917411208152771,-0.05024397745728493,-0.05012000352144241,0.18880824744701386,0.98073410987854],"EasingStyle":"Linear","EasingDirection":"In"},"Right Arm":{"Weight":1,"CFrame":[-0.5589269399642944,0.026920974254608156,0.3262101411819458,0.8039597272872925,-0.2365914285182953,0.5455944538116455,0.38151392340660097,0.9089652895927429,-0.16801588237285615,-0.45617520809173586,0.3432298004627228,0.82103431224823],"EasingStyle":"Linear","EasingDirection":"In"},"Head":{"Weight":1,"CFrame":[8.195638656616211e-8,-1.30385160446167e-7,-1.7881393432617188e-7,0.9686940908432007,-0.2208774983882904,0.11333542317152024,0.24026237428188325,0.9490270018577576,-0.20401443541049958,-0.06249618902802467,0.22485783696174622,0.9723852872848511],"EasingStyle":"Linear","EasingDirection":"In"},"Right Leg":{"Weight":1,"CFrame":[0.4512315094470978,-0.14011359214782716,0.29627668857574465,0.9436997175216675,0.09012515097856522,-0.3182896077632904,-0.2848794460296631,0.7104930877685547,-0.6434621214866638,0.1681504100561142,0.6979091167449951,0.6961669325828552],"EasingStyle":"Linear","EasingDirection":"In"},"Torso":{"Weight":1,"CFrame":[-0.07785442471504212,0.30400988459587099,-0.275376558303833,0.9764846563339233,0.20301339030265809,-0.07255015522241593,-0.18759433925151826,0.9659656286239624,0.17809776961803437,0.10623720288276673,-0.16029971837997437,0.9813346266746521],"EasingStyle":"Linear","EasingDirection":"In"},"HumanoidRootPart":{"Weight":1,"CFrame":[0,0,0,1,0,0,0,1,0,0,0,1],"EasingStyle":"Linear","EasingDirection":"In"},"Left Arm":{"Weight":1,"CFrame":[0.5334190726280212,0.06393033266067505,0.1242905855178833,0.8678697347640991,0.24949555099010468,-0.42959773540496828,-0.29593542218208315,0.95420902967453,-0.04367472603917122,0.399029403924942,0.16503703594207765,0.9019637107849121],"EasingStyle":"Linear","EasingDirection":"In"}}},{"Time":0.07407407462596894,"poses":{"Left Leg":{"Weight":1,"CFrame":[-0.0017171651124954224,-0.45620477199554446,-0.04712247848510742,0.5265282988548279,-0.8200076818466187,0.22440004348754884,0.849860668182373,0.5146546363830566,-0.11343567073345185,-0.022470446303486825,0.25043579936027529,0.9678725004196167],"EasingStyle":"Linear","EasingDirection":"In"},"Right Arm":{"Weight":1,"CFrame":[-0.5831455588340759,0.04518061876296997,0.3538459539413452,0.7971179485321045,-0.25087201595306399,0.5492415428161621,0.40817779302597048,0.894173800945282,-0.18396776914596559,-0.4449649453163147,0.37083208560943606,0.8151624202728272],"EasingStyle":"Linear","EasingDirection":"In"},"Head":{"Weight":1,"CFrame":[0,2.9802322387695315e-8,-1.7881393432617188e-7,0.9594434499740601,-0.24325615167617799,0.1424597203731537,0.26779112219810488,0.9443544149398804,-0.191004678606987,-0.08806940168142319,0.2214076966047287,0.9711964130401611],"EasingStyle":"Linear","EasingDirection":"In"},"Right Leg":{"Weight":1,"CFrame":[0.3948281407356262,-0.24693405628204347,0.3306049108505249,0.9416182041168213,-0.014898811466991902,-0.3363526165485382,-0.2673686444759369,0.574067234992981,-0.77392578125,0.2046196460723877,0.8186725974082947,0.5365685820579529],"EasingStyle":"Linear","EasingDirection":"In"},"Torso":{"Weight":1,"CFrame":[-0.056567251682281497,0.3103986382484436,-0.22210025787353517,0.9690853953361511,0.22861526906490327,-0.09278226643800736,-0.21163241565227509,0.9635396599769592,0.16371653974056245,0.12682749330997468,-0.13901957869529725,0.9821345806121826],"EasingStyle":"Linear","EasingDirection":"In"},"HumanoidRootPart":{"Weight":1,"CFrame":[0,0,0,1,0,0,0,1,0,0,0,1],"EasingStyle":"Linear","EasingDirection":"In"},"Left Arm":{"Weight":1,"CFrame":[0.5412588715553284,0.05455249547958374,0.09812343120574951,0.8766509294509888,0.25355809926986697,-0.4088904857635498,-0.29385992884635928,0.9551025032997131,-0.03775762394070625,0.380958616733551,0.15325671434402467,0.9118019938468933],"EasingStyle":"Linear","EasingDirection":"In"}}},{"Time":0.1111111119389534,"poses":{"Left Leg":{"Weight":1,"CFrame":[0.22334754467010499,-0.38768553733825686,-0.09160757064819336,0.6278021335601807,-0.7299794554710388,0.2701752185821533,0.7773206830024719,0.6060162782669067,-0.16886867582798005,-0.040460020303726199,0.316028892993927,0.9478865265846252],"EasingStyle":"Linear","EasingDirection":"In"},"Right Arm":{"Weight":1,"CFrame":[-0.6146294474601746,0.06891834735870362,0.38977205753326418,0.7875925302505493,-0.2690378427505493,0.5543615818023682,0.4421656131744385,0.8733446002006531,-0.20434975624084474,-0.4291708767414093,0.40606382489204409,0.8067988753318787],"EasingStyle":"Linear","EasingDirection":"In"},"Head":{"Weight":1,"CFrame":[7.450580596923828e-8,-5.960464477539063e-8,-2.384185791015625e-7,0.95099937915802,-0.2616088390350342,0.16480635106563569,0.2923910617828369,0.9342347383499146,-0.20423780381679536,-0.10053738951683045,0.24241793155670167,0.9649486541748047],"EasingStyle":"Linear","EasingDirection":"In"},"Right Leg":{"Weight":1,"CFrame":[0.35721641778945925,-0.35822999477386477,0.3110368251800537,0.9269897937774658,-0.03812612593173981,-0.3731438219547272,-0.31175535917282107,0.47484448552131655,-0.8230014443397522,0.2085632085800171,0.8792434334754944,0.4282899498939514],"EasingStyle":"Linear","EasingDirection":"In"},"Torso":{"Weight":1,"CFrame":[-0.03442618250846863,0.3285307288169861,-0.06966280937194824,0.9584705233573914,0.26346805691719057,-0.10917335003614426,-0.2420830875635147,0.9539876580238342,0.17692740261554719,0.15076474845409394,-0.1431506872177124,0.9781502485275269],"EasingStyle":"Linear","EasingDirection":"In"},"HumanoidRootPart":{"Weight":1,"CFrame":[0,0,0,1,0,0,0,1,0,0,0,1],"EasingStyle":"Linear","EasingDirection":"In"},"Left Arm":{"Weight":1,"CFrame":[0.5443947315216065,0.0480080246925354,0.07910561561584473,0.8828646540641785,0.25527167320251467,-0.39419084787368777,-0.2925924062728882,0.9555395245552063,-0.03652403503656387,0.36734136939048769,0.1475829929113388,0.9183025360107422],"EasingStyle":"Linear","EasingDirection":"In"}}},{"Time":0.14814814925193788,"poses":{"Left Leg":{"Weight":1,"CFrame":[0.28345876932144167,-0.3920121192932129,-0.10701620578765869,0.6281437873840332,-0.7086111903190613,0.32141193747520449,0.7772189974784851,0.5910240411758423,-0.2159191519021988,-0.03695957735180855,0.38543573021888735,0.9219942688941956],"EasingStyle":"Linear","EasingDirection":"In"},"Right Arm":{"Weight":1,"CFrame":[-0.6461133360862732,0.09265708923339844,0.4256986379623413,0.77737957239151,-0.286701500415802,0.5598957538604736,0.4752947986125946,0.8507622480392456,-0.2242731899023056,-0.41203874349594118,0.4404609203338623,0.7976329326629639],"EasingStyle":"Linear","EasingDirection":"In"},"Head":{"Weight":1,"CFrame":[0,-7.078051567077637e-8,2.384185791015625e-7,0.9438174366950989,-0.27519336342811587,0.18296828866004945,0.31450772285461428,0.9179790019989014,-0.24166005849838258,-0.10145783424377442,0.28562793135643008,0.952954888343811],"EasingStyle":"Linear","EasingDirection":"In"},"Right Leg":{"Weight":1,"CFrame":[0.346801221370697,-0.48801910877227785,0.26982319355010989,0.9140613675117493,-0.02098136395215988,-0.4050327241420746,-0.3739408850669861,0.34307363629341128,-0.8616663813591003,0.15703491866588593,0.9390742182731628,0.30574455857276919],"EasingStyle":"Linear","EasingDirection":"In"},"Torso":{"Weight":1,"CFrame":[-0.01473286747932434,0.3381141424179077,-0.01859879493713379,0.9455920457839966,0.3015383780002594,-0.12218959629535675,-0.27299603819847109,0.9396518468856812,0.20622214674949647,0.17699959874153138,-0.16164472699165345,0.9708461165428162],"EasingStyle":"Linear","EasingDirection":"In"},"HumanoidRootPart":{"Weight":1,"CFrame":[0,0,0,1,0,0,0,1,0,0,0,1],"EasingStyle":"Linear","EasingDirection":"In"},"Left Arm":{"Weight":1,"CFrame":[0.539723813533783,0.04482138156890869,0.0672600269317627,0.888529360294342,0.24892590939998628,-0.3854237198829651,-0.28552189469337466,0.9575457572937012,-0.03979169949889183,0.3591556251049042,0.1454029083251953,0.9218814373016357],"EasingStyle":"Linear","EasingDirection":"In"}}},{"Time":0.18518517911434174,"poses":{"Left Leg":{"Weight":1,"CFrame":[0.23547950387001038,-0.45309197902679446,-0.100291907787323,0.5800759196281433,-0.7266033291816711,0.36818432807922366,0.8145211935043335,0.521963357925415,-0.2531985938549042,-0.008203861303627491,0.44676825404167178,0.8946120738983154],"EasingStyle":"Linear","EasingDirection":"In"},"Right Arm":{"Weight":1,"CFrame":[-0.6703318953514099,0.11091703176498413,0.45333409309387209,0.7690752148628235,-0.2999144196510315,0.5644243359565735,0.50013267993927,0.8322420716285706,-0.239249587059021,-0.39798328280448916,0.46628791093826296,0.7900536060333252],"EasingStyle":"Linear","EasingDirection":"In"},"Head":{"Weight":1,"CFrame":[1.4901161193847657e-7,-1.30385160446167e-7,4.76837158203125e-7,0.9384003281593323,-0.2838926911354065,0.19700194895267487,0.3320806622505188,0.8985302448272705,-0.2869943678379059,-0.09553664177656174,0.3347361087799072,0.9374563694000244],"EasingStyle":"Linear","EasingDirection":"In"},"Right Leg":{"Weight":1,"CFrame":[0.32822340726852419,-0.5750144720077515,0.18501782417297364,0.9013992547988892,-0.011894145980477333,-0.43282556533813479,-0.41347745060920718,0.2730494737625122,-0.8686084747314453,0.12851400673389436,0.9619265198707581,0.2412085235118866],"EasingStyle":"Linear","EasingDirection":"In"},"Torso":{"Weight":1,"CFrame":[0.0017843246459960938,0.33718207478523257,-0.01793217658996582,0.9335562586784363,0.33304187655448916,-0.1324991136789322,-0.29444459080696108,0.9233716130256653,0.24634777009487153,0.20439009368419648,-0.19096581637859345,0.9600816369056702],"EasingStyle":"Linear","EasingDirection":"In"},"HumanoidRootPart":{"Weight":1,"CFrame":[0,0,0,1,0,0,0,1,0,0,0,1],"EasingStyle":"Linear","EasingDirection":"In"},"Left Arm":{"Weight":1,"CFrame":[0.528046727180481,0.04364687204360962,0.059319496154785159,0.8955420255661011,0.23212787508964539,-0.3796330690383911,-0.268842875957489,0.9620888829231262,-0.04591955617070198,0.35458147525787356,0.14318445324897767,0.9239969253540039],"EasingStyle":"Linear","EasingDirection":"In"}}},{"Time":0.2222222238779068,"poses":{"Left Leg":{"Weight":1,"CFrame":[0.15436600148677827,-0.5061306953430176,-0.07885527610778809,0.5434817671775818,-0.737966001033783,0.40004244446754458,0.8392055630683899,0.466873437166214,-0.27886080741882326,0.01902063377201557,0.48727357387542727,0.8730422854423523],"EasingStyle":"Linear","EasingDirection":"In"},"Right Arm":{"Weight":1,"CFrame":[-0.6800192594528198,0.11822044849395752,0.46438848972320559,0.7656484842300415,-0.30510249733924868,0.5662996172904968,0.5098996162414551,0.8245632648468018,-0.2451486587524414,-0.3921543061733246,0.4764535427093506,0.7868970632553101],"EasingStyle":"Linear","EasingDirection":"In"},"Head":{"Weight":1,"CFrame":[5.21540641784668e-8,2.60770320892334e-8,-1.7881393432617188e-7,0.9350075721740723,-0.2882939577102661,0.20651254057884217,0.34343311190605166,0.8812803030014038,-0.3246519863605499,-0.0884002298116684,0.37447524070739748,0.9230133295059204],"EasingStyle":"Linear","EasingDirection":"In"},"Right Leg":{"Weight":1,"CFrame":[0.2878313660621643,-0.5939401388168335,0.11682844161987305,0.888597309589386,-0.024233093485236169,-0.45804762840270998,-0.4313860535621643,0.2952291965484619,-0.8524938821792603,0.15588755905628205,0.9551191926002502,0.2518859803676605],"EasingStyle":"Linear","EasingDirection":"In"},"Torso":{"Weight":1,"CFrame":[0.013866007328033448,0.3341257572174072,-0.03718280792236328,0.9265697598457336,0.3485182225704193,-0.14143410325050355,-0.2973925471305847,0.9090681672096252,0.29180973768234255,0.2302742451429367,-0.2283206582069397,0.9459617137908936],"EasingStyle":"Linear","EasingDirection":"In"},"HumanoidRootPart":{"Weight":1,"CFrame":[0,0,0,1,0,0,0,1,0,0,0,1],"EasingStyle":"Linear","EasingDirection":"In"},"Left Arm":{"Weight":1,"CFrame":[0.5128668546676636,0.04347884654998779,0.05450332164764404,0.902499794960022,0.2097105085849762,-0.376185804605484,-0.24747511744499207,0.9673634767532349,-0.0544414147734642,0.35249149799346926,0.1422298699617386,0.9249435067176819],"EasingStyle":"Linear","EasingDirection":"In"}}},{"Time":0.25925925374031069,"poses":{"Left Leg":{"Weight":1,"CFrame":[0.08399626612663269,-0.507098913192749,-0.05519568920135498,0.5570639371871948,-0.7267245054244995,0.40193456411361697,0.8302318453788757,0.4757513701915741,-0.2904752492904663,0.019874460995197297,0.49551212787628176,0.8683736324310303],"EasingStyle":"Linear","EasingDirection":"In"},"Right Arm":{"Weight":1,"CFrame":[-0.6589418053627014,0.08777981996536255,0.4437401294708252,0.77302485704422,-0.2901773452758789,0.5641186237335205,0.49012747406959536,0.8377586603164673,-0.240697979927063,-0.4027501344680786,0.4625554084777832,0.7898321151733398],"EasingStyle":"Linear","EasingDirection":"In"},"Head":{"Weight":1,"CFrame":[-4.470348358154297e-8,1.6763806343078614e-7,-1.7881393432617188e-7,0.9336858987808228,-0.28928616642951968,0.2110549509525299,0.3476051688194275,0.8737866282463074,-0.3400994539260864,-0.08603088557720185,0.390909880399704,0.9163995981216431],"EasingStyle":"Linear","EasingDirection":"In"},"Right Leg":{"Weight":1,"CFrame":[0.2426902949810028,-0.544859766960144,0.10227847099304199,0.8812878727912903,-0.049453653395175937,-0.46998506784439089,-0.4100317060947418,0.4144367575645447,-0.8124754428863525,0.2349589318037033,0.9087334871292114,0.3449605405330658],"EasingStyle":"Linear","EasingDirection":"In"},"Torso":{"Weight":1,"CFrame":[0.01706385612487793,0.33451300859451296,-0.083343505859375,0.9295758605003357,0.3366020619869232,-0.1502925306558609,-0.27282091975212099,0.9023801684379578,0.33358466625213625,0.24790628254413606,-0.2690892815589905,0.9306629300117493],"EasingStyle":"Linear","EasingDirection":"In"},"HumanoidRootPart":{"Weight":1,"CFrame":[0,0,0,1,0,0,0,1,0,0,0,1],"EasingStyle":"Linear","EasingDirection":"In"},"Left Arm":{"Weight":1,"CFrame":[0.4976865351200104,0.04331094026565552,0.052029967308044437,0.9082551598548889,0.186611607670784,-0.374498188495636,-0.22646009922027589,0.9718524217605591,-0.06495286524295807,0.3518359959125519,0.14380252361297608,0.9249499440193176],"EasingStyle":"Linear","EasingDirection":"In"}}},{"Time":0.29629629850387576,"poses":{"Left Leg":{"Weight":1,"CFrame":[-0.022654056549072267,-0.4879049062728882,-0.027839601039886476,0.5908905267715454,-0.715319037437439,0.3730510473251343,0.806351363658905,0.5090950131416321,-0.3010311424732208,0.025414828211069108,0.47868674993515017,0.8776178359985352],"EasingStyle":"Linear","EasingDirection":"In"},"Right Arm":{"Weight":1,"CFrame":[-0.6113810539245606,0.02081012725830078,0.39390814304351809,0.789877712726593,-0.25336912274360659,0.5584778785705566,0.4401341378688812,0.8683605194091797,-0.22854338586330415,-0.4270542562007904,0.4263263940811157,0.7974148988723755],"EasingStyle":"Linear","EasingDirection":"In"},"Head":{"Weight":1,"CFrame":[0,0,0,0.9405860304832459,-0.2671179473400116,0.20963318645954133,0.3264216184616089,0.8813557028770447,-0.3415568470954895,-0.09352544695138931,0.3896923363208771,0.9161839485168457],"EasingStyle":"Linear","EasingDirection":"In"},"Right Leg":{"Weight":1,"CFrame":[0.20591287314891816,-0.4466876983642578,0.09511876106262207,0.8937467932701111,-0.08924218267202378,-0.43960505723953249,-0.30619093775749209,0.5948222279548645,-0.7432587742805481,0.327816903591156,0.7988882064819336,0.5042953491210938],"EasingStyle":"Linear","EasingDirection":"In"},"Torso":{"Weight":1,"CFrame":[0.009800910949707032,0.33448731899261477,-0.18358707427978517,0.9405137896537781,0.29859474301338198,-0.16209574043750764,-0.2278873473405838,0.9082725644111633,0.35086798667907717,0.25199443101882937,-0.2930566072463989,0.9222888350486755],"EasingStyle":"Linear","EasingDirection":"In"},"HumanoidRootPart":{"Weight":1,"CFrame":[0,0,0,1,0,0,0,1,0,0,0,1],"EasingStyle":"Linear","EasingDirection":"In"},"Left Arm":{"Weight":1,"CFrame":[0.4860093295574188,0.0421370267868042,0.05111873149871826,0.9120656847953796,0.16789610683918,-0.37409520149230959,-0.21097895503044129,0.9744499325752258,-0.07704036682844162,0.3516022861003876,0.14919202029705048,0.9241847991943359],"EasingStyle":"Linear","EasingDirection":"In"}}},{"Time":0.3333333432674408,"poses":{"Left Leg":{"Weight":1,"CFrame":[-0.1653643548488617,-0.4697153568267822,-0.004317164421081543,0.6045451760292053,-0.7260852456092835,0.3276056945323944,0.794525146484375,0.5201793313026428,-0.3132782280445099,0.05705291032791138,0.44968181848526,0.8913648128509522],"EasingStyle":"Linear","EasingDirection":"In"},"Right Arm":{"Weight":1,"CFrame":[-0.5608461499214172,-0.04615962505340576,0.33306145668029787,0.8085916042327881,-0.20696130394935609,0.5507691502571106,0.3744919002056122,0.9030277729034424,-0.21046796441078187,-0.45380115509033205,0.37644124031066897,0.8076859712600708],"EasingStyle":"Linear","EasingDirection":"In"},"Head":{"Weight":1,"CFrame":[-2.2351741790771486e-8,-1.4156103134155274e-7,-5.960464477539063e-8,0.9555180668830872,-0.21423248946666718,0.202705979347229,0.2741771638393402,0.8984938263893127,-0.34283509850502016,-0.10868360847234726,0.3831624984741211,0.9172646403312683],"EasingStyle":"Linear","EasingDirection":"In"},"Right Leg":{"Weight":1,"CFrame":[0.19531691074371339,-0.3420701026916504,0.10560214519500733,0.9124010801315308,-0.124152272939682,-0.3900133967399597,-0.17200066149234773,0.7483599185943604,-0.64060378074646,0.37140294909477236,0.6515701413154602,0.6614501476287842],"EasingStyle":"Linear","EasingDirection":"In"},"Torso":{"Weight":1,"CFrame":[-0.0034927725791931154,0.3306150436401367,-0.28250646591186526,0.9534899592399597,0.2455437332391739,-0.17482896149158479,-0.1742192506790161,0.9222489595413208,0.3451152741909027,0.24597670137882234,-0.29860538244247439,0.9221335649490356],"EasingStyle":"Linear","EasingDirection":"In"},"HumanoidRootPart":{"Weight":1,"CFrame":[0,0,0,1,0,0,0,1,0,0,0,1],"EasingStyle":"Linear","EasingDirection":"In"},"Left Arm":{"Weight":1,"CFrame":[0.48133838176727297,0.03894984722137451,0.05098867416381836,0.9134833812713623,0.1586916595697403,-0.37465354800224306,-0.20627325773239137,0.974324107170105,-0.09024382382631302,0.3507128655910492,0.1597171425819397,0.9227626919746399],"EasingStyle":"Linear","EasingDirection":"In"}}},{"Time":0.37037035822868349,"poses":{"Left Leg":{"Weight":1,"CFrame":[-0.3009645938873291,-0.40512096881866457,0.02616298198699951,0.645190954208374,-0.7101007103919983,0.28193217515945437,0.7617091536521912,0.5691545605659485,-0.3096158802509308,0.05939538776874542,0.4145117402076721,0.9081037044525147],"EasingStyle":"Linear","EasingDirection":"In"},"Right Arm":{"Weight":1,"CFrame":[-0.530846357345581,-0.07660076022148133,0.27936887741088869,0.824175238609314,-0.1645626276731491,0.5418989658355713,0.31014811992645266,0.9317626953125,-0.18874932825565339,-0.4738602042198181,0.3236314058303833,0.818974494934082],"EasingStyle":"Linear","EasingDirection":"In"},"Head":{"Weight":1,"CFrame":[0,3.725290298461914e-9,-2.980232238769531e-7,0.9696905612945557,-0.15030783414840699,0.19263382256031037,0.2093745470046997,0.9175565242767334,-0.3380124866962433,-0.12594646215438844,0.3681001365184784,0.9212164878845215],"EasingStyle":"Linear","EasingDirection":"In"},"Right Leg":{"Weight":1,"CFrame":[0.27513664960861208,-0.1748267412185669,0.1665586233139038,0.9388484954833984,-0.0782875269651413,-0.3353126049041748,-0.08986607193946839,0.8843504190444946,-0.45809224247932436,0.3323967456817627,0.4602124094963074,0.8232357501983643],"EasingStyle":"Linear","EasingDirection":"In"},"Torso":{"Weight":1,"CFrame":[-0.013980269432067871,0.3232172727584839,-0.2984766960144043,0.9656293988227844,0.191404327750206,-0.17585283517837525,-0.12548589706420899,0.9357854127883911,0.3294828236103058,0.22762495279312135,-0.2960912585258484,0.9276404976844788],"EasingStyle":"Linear","EasingDirection":"In"},"HumanoidRootPart":{"Weight":1,"CFrame":[0,0,0,1,0,0,0,1,0,0,0,1],"EasingStyle":"Linear","EasingDirection":"In"},"Left Arm":{"Weight":1,"CFrame":[0.49620258808135989,-0.0022422373294830324,0.05662989616394043,0.9109439253807068,0.1596534699201584,-0.3803839683532715,-0.21363770961761475,0.9713700413703919,-0.10391990840435028,0.3529023826122284,0.17592954635620118,0.9189715385437012],"EasingStyle":"Linear","EasingDirection":"In"}}},{"Time":0.40740740299224856,"poses":{"Left Leg":{"Weight":1,"CFrame":[-0.4046008884906769,-0.2902402877807617,0.06397461891174317,0.7172607779502869,-0.6521965861320496,0.24530917406082154,0.6963440179824829,0.6580981612205505,-0.2863769233226776,0.025336503982543947,0.37622660398483279,0.9261811971664429],"EasingStyle":"Linear","EasingDirection":"In"},"Right Arm":{"Weight":1,"CFrame":[-0.5230779647827148,-0.0646735429763794,0.24669885635375977,0.8371323347091675,-0.13833554089069367,0.5292191505432129,0.26244235038757326,0.9504399299621582,-0.16669748723506928,-0.47993069887161257,0.2784373164176941,0.8319490551948547],"EasingStyle":"Linear","EasingDirection":"In"},"Head":{"Weight":1,"CFrame":[6.705522537231445e-8,7.82310962677002e-8,0,0.9784659743309021,-0.09643324464559555,0.18249700963497163,0.15208390355110169,0.9345982074737549,-0.3215537965297699,-0.13955289125442506,0.3423842787742615,0.9291383624076843],"EasingStyle":"Linear","EasingDirection":"In"},"Right Leg":{"Weight":1,"CFrame":[0.43878084421157839,0.09485286474227905,0.17765569686889649,0.9705350399017334,0.005876163952052593,-0.24088823795318604,-0.05522666499018669,0.9785158634185791,-0.1986374855041504,0.2345457673072815,0.2060880810022354,0.9500083923339844],"EasingStyle":"Linear","EasingDirection":"In"},"Torso":{"Weight":1,"CFrame":[-0.01607280969619751,0.31242644786834719,-0.2697291374206543,0.9762255549430847,0.14802196621894837,-0.15834513306617738,-0.09553589671850205,0.9495648741722107,0.29866304993629458,0.19456765055656434,-0.27643489837646487,0.9411308169364929],"EasingStyle":"Linear","EasingDirection":"In"},"HumanoidRootPart":{"Weight":1,"CFrame":[0,0,0,1,0,0,0,1,0,0,0,1],"EasingStyle":"Linear","EasingDirection":"In"},"Left Arm":{"Weight":1,"CFrame":[0.5244385600090027,-0.07399553060531616,0.07157158851623535,0.9040237665176392,0.16567423939704896,-0.3940728008747101,-0.2279776632785797,0.9666602611541748,-0.1165943294763565,0.36161768436431887,0.19524376094341279,0.9116536378860474],"EasingStyle":"Linear","EasingDirection":"In"}}},{"Time":0.4444444477558136,"poses":{"Left Leg":{"Weight":1,"CFrame":[-0.4280518889427185,-0.1533724069595337,0.08671510219573975,0.8189063668251038,-0.5307595729827881,0.21837294101715089,0.5725325345993042,0.7819823622703552,-0.24639424681663514,-0.0399877168238163,0.3267993927001953,0.9442474842071533],"EasingStyle":"Linear","EasingDirection":"In"},"Right Arm":{"Weight":1,"CFrame":[-0.5205967426300049,-0.0354522168636322,0.23172128200531007,0.8479841947555542,-0.12765346467494965,0.5144196152687073,0.23354880511760713,0.9612525701522827,-0.1464533656835556,-0.47579190135002139,0.24433216452598573,0.844940185546875],"EasingStyle":"Linear","EasingDirection":"In"},"Head":{"Weight":1,"CFrame":[1.2665987014770509e-7,5.774199962615967e-8,-2.384185791015625e-7,0.9843643307685852,-0.07066954672336579,0.161346897482872,0.11604467034339905,0.9492936134338379,-0.2921907305717468,-0.13251657783985139,0.3063455820083618,0.9426515102386475],"EasingStyle":"Linear","EasingDirection":"In"},"Right Leg":{"Weight":1,"CFrame":[0.5333091020584106,0.2332775592803955,0.07803475856781006,0.9878621697425842,0.0585065633058548,-0.14389362931251527,-0.055665940046310428,0.9981683492660523,0.02369263768196106,0.14501626789569856,-0.015395112335681916,0.989309549331665],"EasingStyle":"Linear","EasingDirection":"In"},"Torso":{"Weight":1,"CFrame":[-0.013017863035202027,0.2989000082015991,-0.18604445457458497,0.9849923253059387,0.11714477092027664,-0.12675663828849793,-0.08251295238733292,0.9646434783935547,0.25030893087387087,0.15159735083580018,-0.23609332740306855,0.9598323702812195],"EasingStyle":"Linear","EasingDirection":"In"},"HumanoidRootPart":{"Weight":1,"CFrame":[0,0,0,1,0,0,0,1,0,0,0,1],"EasingStyle":"Linear","EasingDirection":"In"},"Left Arm":{"Weight":1,"CFrame":[0.5415108799934387,-0.11216789484024048,0.09283936023712158,0.893967866897583,0.173309788107872,-0.4132618308067322,-0.2448444366455078,0.9612722396850586,-0.12651845812797547,0.3753301501274109,0.21428821980953217,0.901780366897583],"EasingStyle":"Linear","EasingDirection":"In"}}},{"Time":0.48148149251937868,"poses":{"Left Leg":{"Weight":1,"CFrame":[-0.3696494698524475,-0.04863584041595459,0.08386671543121338,0.9097131490707398,-0.3621312975883484,0.20318210124969483,0.40000149607658389,0.895588219165802,-0.19473205506801606,-0.11144895106554032,0.25842347741127016,0.9595813751220703],"EasingStyle":"Linear","EasingDirection":"In"},"Right Arm":{"Weight":1,"CFrame":[-0.5189498662948608,0.0012271404266357422,0.22680449485778809,0.8537524342536926,-0.12826485931873322,0.5046334862709045,0.22175630927085877,0.9664615988731384,-0.12952347099781037,-0.4710955321788788,0.22248657047748567,0.8535624146461487],"EasingStyle":"Linear","EasingDirection":"In"},"Head":{"Weight":1,"CFrame":[5.587935447692871e-8,-8.381903171539307e-9,-4.172325134277344e-7,0.9904366731643677,-0.06552217900753021,0.1214170902967453,0.09530124068260193,0.9612545371055603,-0.25866493582725527,-0.09976441413164139,0.2677624821662903,0.9583060145378113],"EasingStyle":"Linear","EasingDirection":"In"},"Right Leg":{"Weight":1,"CFrame":[0.5606735944747925,0.20474392175674439,0.03347790241241455,0.9889113306999207,0.11208006739616394,-0.0974288135766983,-0.10255446285009384,0.9899049997329712,0.0978294163942337,0.10741010308265686,-0.08675289154052735,0.9904227256774902],"EasingStyle":"Linear","EasingDirection":"In"},"Torso":{"Weight":1,"CFrame":[-0.007825136184692383,0.2917945384979248,-0.08406662940979004,0.9915353655815125,0.09759129583835602,-0.08563745766878128,-0.07860579341650009,0.976163387298584,0.2023022174835205,0.10333909094333649,-0.19385819137096406,0.9755716323852539],"EasingStyle":"Linear","EasingDirection":"In"},"HumanoidRootPart":{"Weight":1,"CFrame":[0,0,0,1,0,0,0,1,0,0,0,1],"EasingStyle":"Linear","EasingDirection":"In"},"Left Arm":{"Weight":1,"CFrame":[0.5439670085906982,-0.10808923840522766,0.11788535118103028,0.8820053935050964,0.17998626828193665,-0.4355129301548004,-0.2606218755245209,0.9562910199165344,-0.13260388374328614,0.3926102817058563,0.2304614633321762,0.8903622031211853],"EasingStyle":"Linear","EasingDirection":"In"}}},{"Time":0.5185185074806213,"poses":{"Left Leg":{"Weight":1,"CFrame":[-0.30235835909843447,0.017500102519989015,0.07500088214874268,0.9563890695571899,-0.21228624880313874,0.20063544809818269,0.2425612360239029,0.9598923921585083,-0.1406082957983017,-0.16273926198482514,0.18314258754253388,0.969523012638092],"EasingStyle":"Linear","EasingDirection":"In"},"Right Arm":{"Weight":1,"CFrame":[-0.5147839188575745,0.036591947078704837,0.2252899408340454,0.8526675701141357,-0.14331938326358796,0.5024117231369019,0.23043330013751985,0.9662147164344788,-0.11545448005199433,-0.4688907563686371,0.21421663463115693,0.8568854928016663],"EasingStyle":"Linear","EasingDirection":"In"},"Head":{"Weight":1,"CFrame":[5.21540641784668e-8,-2.1420419216156007e-8,0,0.9953271150588989,-0.06535530835390091,0.07108356058597565,0.08020101487636566,0.9694936871528626,-0.2316243052482605,-0.05377719923853874,0.23624287545681,0.9702048301696777],"EasingStyle":"Linear","EasingDirection":"In"},"Right Leg":{"Weight":1,"CFrame":[0.6019220352172852,0.1471654176712036,0.017944693565368654,0.9747404456138611,0.21362105011940003,-0.06517079472541809,-0.20468229055404664,0.9711890816688538,0.12205369025468826,0.08936646580696106,-0.10563138127326966,0.99038165807724],"EasingStyle":"Linear","EasingDirection":"In"},"Torso":{"Weight":1,"CFrame":[-0.0037373676896095278,0.3037850856781006,-0.03147077560424805,0.9954850673675537,0.08581726998090744,-0.040556687861680987,-0.07723604887723923,0.9807357788085938,0.17942120134830476,0.05517283454537392,-0.17547869682312013,0.9829360246658325],"EasingStyle":"Linear","EasingDirection":"In"},"HumanoidRootPart":{"Weight":1,"CFrame":[0,0,0,1,0,0,0,1,0,0,0,1],"EasingStyle":"Linear","EasingDirection":"In"},"Left Arm":{"Weight":1,"CFrame":[0.545071005821228,-0.09677886962890625,0.1458653211593628,0.8687790036201477,0.18587028980255128,-0.45899373292922976,-0.2753797769546509,0.9516885876655579,-0.13584858179092408,0.411568820476532,0.24441996216773988,0.8779920339584351],"EasingStyle":"Linear","EasingDirection":"In"}}},{"Time":0.5555555820465088,"poses":{"Left Leg":{"Weight":1,"CFrame":[-0.2569737434387207,0.05963212251663208,0.06923937797546387,0.9729539752006531,-0.10435539484024048,0.20608393847942353,0.12600745260715486,0.987483024597168,-0.09486570954322815,-0.19360464811325074,0.11826808750629425,0.9739250540733337],"EasingStyle":"Linear","EasingDirection":"In"},"Right Arm":{"Weight":1,"CFrame":[-0.5091480612754822,0.06612527370452881,0.22440755367279054,0.8471735119819641,-0.1708841770887375,0.5030863881111145,0.25501903891563418,0.9614492654800415,-0.10286276042461395,-0.4661143124103546,0.215439110994339,0.8580929040908814],"EasingStyle":"Linear","EasingDirection":"In"},"Head":{"Weight":1,"CFrame":[8.66129994392395e-8,-4.311732482165098e-8,-1.1920928955078126e-7,0.998220682144165,-0.05626992508769035,0.019728345796465875,0.059246521443128589,0.9733447432518005,-0.22156256437301637,-0.0067351749166846279,0.22233717143535615,0.9749466180801392],"EasingStyle":"Linear","EasingDirection":"In"},"Right Leg":{"Weight":1,"CFrame":[0.6425977349281311,0.057347655296325687,0.018708467483520509,0.9339851140975952,0.3544977605342865,-0.04475787281990051,-0.3473329246044159,0.9301465749740601,0.1191103383898735,0.08385578542947769,-0.09570147097110748,0.9918717741966248],"EasingStyle":"Linear","EasingDirection":"In"},"Torso":{"Weight":1,"CFrame":[-0.004059488419443369,0.32428839802742007,-0.018745899200439454,0.9971091151237488,0.07597047090530396,0.0013946116669103504,-0.07500645518302918,0.9811914563179016,0.17786940932273866,0.012144441716372967,-0.17745983600616456,0.9840531349182129],"EasingStyle":"Linear","EasingDirection":"In"},"HumanoidRootPart":{"Weight":1,"CFrame":[0,0,0,1,0,0,0,1,0,0,0,1],"EasingStyle":"Linear","EasingDirection":"In"},"Left Arm":{"Weight":1,"CFrame":[0.5453640222549439,-0.07962685823440552,0.17636215686798097,0.854852557182312,0.1917736977338791,-0.4821307957172394,-0.29013845324516299,0.9470191597938538,-0.13774757087230683,0.4301707148551941,0.25763851404190066,0.8652025461196899],"EasingStyle":"Linear","EasingDirection":"In"}}},{"Time":0.5925925970077515,"poses":{"Left Leg":{"Weight":1,"CFrame":[-0.25677403807640078,0.08654612302780152,0.07191240787506104,0.9778742790222168,-0.03692018985748291,0.20590992271900178,0.055517032742500308,0.9948090314865112,-0.0852809026837349,-0.20169253647327424,0.09482552111148834,0.9748479127883911],"EasingStyle":"Linear","EasingDirection":"In"},"Right Arm":{"Weight":1,"CFrame":[-0.5041903257369995,0.0863763689994812,0.2223595380783081,0.8406190872192383,-0.1993035227060318,0.503624439239502,0.28152957558631899,0.9551391005516052,-0.09192662686109543,-0.46271002292633059,0.21906033158302308,0.8590180277824402],"EasingStyle":"Linear","EasingDirection":"In"},"Head":{"Weight":1,"CFrame":[7.636845111846924e-8,-1.0104849934577942e-7,-5.960464477539063e-8,0.9992521405220032,-0.029178010299801828,-0.025373592972755433,0.022404618561267854,0.9717170596122742,-0.23508335649967194,0.0315152183175087,0.23433908820152284,0.9716439843177795],"EasingStyle":"Linear","EasingDirection":"In"},"Right Leg":{"Weight":1,"CFrame":[0.5833806991577148,-0.05844235420227051,0.030672907829284669,0.8806789517402649,0.4706136882305145,-0.05410550534725189,-0.4629673659801483,0.8792580962181091,0.11210111528635025,0.10032905638217926,-0.07367604225873947,0.992222785949707],"EasingStyle":"Linear","EasingDirection":"In"},"Torso":{"Weight":1,"CFrame":[-0.004176661372184753,0.3325605094432831,-0.03874397277832031,0.9982556104660034,0.04871444031596184,0.03335652872920036,-0.05388681963086128,0.9826218485832214,0.17762479186058045,-0.024123957380652429,-0.17911240458488465,0.9835329055786133],"EasingStyle":"Linear","EasingDirection":"In"},"HumanoidRootPart":{"Weight":1,"CFrame":[0,0,0,1,0,0,0,1,0,0,0,1],"EasingStyle":"Linear","EasingDirection":"In"},"Left Arm":{"Weight":1,"CFrame":[0.5453864336013794,-0.0580219030380249,0.20895719528198243,0.84090256690979,0.1984720379114151,-0.5034795999526978,-0.30596184730529787,0.9417261481285095,-0.13978272676467896,0.446397066116333,0.27158915996551516,0.8526248335838318],"EasingStyle":"Linear","EasingDirection":"In"}}},{"Time":0.6296296119689941,"poses":{"Left Leg":{"Weight":1,"CFrame":[-0.32853883504867556,0.1115492582321167,0.09490501880645752,0.9793013334274292,-0.03404977545142174,0.19952310621738435,0.060020480304956439,0.990263819694519,-0.12559908628463746,-0.1933039426803589,0.13497482240200044,0.9718103408813477],"EasingStyle":"Linear","EasingDirection":"In"},"Right Arm":{"Weight":1,"CFrame":[-0.5020604729652405,0.09389418363571167,0.21734797954559327,0.837567150592804,-0.21724478900432588,0.5012844204902649,0.2964097857475281,0.9514548182487488,-0.08291608095169068,-0.45893627405166628,0.21803323924541474,0.8613007068634033],"EasingStyle":"Linear","EasingDirection":"In"},"Head":{"Weight":1,"CFrame":[7.846392691135407e-8,1.8224818632006646e-7,2.384185791015625e-7,0.9977540373802185,0.01125706173479557,-0.06603188812732697,-0.028402946889400483,0.9638701677322388,-0.26485395431518557,0.06066468358039856,0.2661345899105072,0.9620251059532166],"EasingStyle":"Linear","EasingDirection":"In"},"Right Leg":{"Weight":1,"CFrame":[0.49432480335235598,-0.14583289623260499,0.046835899353027347,0.8046013116836548,0.5860323905944824,-0.09582685679197312,-0.5764613151550293,0.8095778226852417,0.11079765856266022,0.1425103396177292,-0.03390755131840706,0.9892124533653259],"EasingStyle":"Linear","EasingDirection":"In"},"Torso":{"Weight":1,"CFrame":[-0.006771296262741089,0.33805927634239199,-0.09839367866516113,0.9983811378479004,-0.003793658223003149,0.056753020733594897,-0.0064912717789411549,0.9836553931236267,0.17994484305381776,-0.05650806427001953,-0.18002194166183473,0.982038140296936],"EasingStyle":"Linear","EasingDirection":"In"},"HumanoidRootPart":{"Weight":1,"CFrame":[0,0,0,1,0,0,0,1,0,0,0,1],"EasingStyle":"Linear","EasingDirection":"In"},"Left Arm":{"Weight":1,"CFrame":[0.54567950963974,-0.03335338830947876,0.24323320388793946,0.8276916146278381,0.2067089080810547,-0.521726131439209,-0.3239508271217346,0.9351387023925781,-0.14342764019966126,0.458238422870636,0.28772732615470889,0.8409699201583862],"EasingStyle":"Linear","EasingDirection":"In"}}},{"Time":0.6666666865348816,"poses":{"Left Leg":{"Weight":1,"CFrame":[-0.4310501217842102,0.1256173849105835,0.14732325077056886,0.9758363962173462,-0.07511097192764282,0.20518726110458375,0.12183551490306854,0.966570258140564,-0.22560618817806245,-0.18138240277767182,0.24515371024608613,0.9523655772209168],"EasingStyle":"Linear","EasingDirection":"In"},"Right Arm":{"Weight":1,"CFrame":[-0.505196213722229,0.09112411737442017,0.20413506031036378,0.8407849669456482,-0.22642681002616883,0.49174338579177859,0.2993297278881073,0.9512941241264343,-0.07376473397016525,-0.4510903060436249,0.20921356976032258,0.8676100969314575],"EasingStyle":"Linear","EasingDirection":"In"},"Head":{"Weight":1,"CFrame":[8.754432201385498e-8,-2.9336661100387574e-8,3.5762786865234377e-7,0.9927054047584534,0.0576680451631546,-0.10587987303733826,-0.08718772977590561,0.9499241709709168,-0.3000708520412445,0.08327335119247437,0.307113379240036,0.948022723197937],"EasingStyle":"Linear","EasingDirection":"In"},"Right Leg":{"Weight":1,"CFrame":[0.4509008526802063,-0.22008097171783448,0.07128238677978516,0.6860955953598023,0.7112802863121033,-0.15281780064105988,-0.7033095955848694,0.7022029161453247,0.11075557768344879,0.18608741462230683,0.03148924559354782,0.9820284843444824],"EasingStyle":"Linear","EasingDirection":"In"},"Torso":{"Weight":1,"CFrame":[-0.01324424147605896,0.3467055857181549,-0.18130779266357423,0.9947134256362915,-0.06889495253562927,0.07614895701408386,0.0537889339029789,0.9812397956848145,0.18513576686382295,-0.08747530728578568,-0.18006104230880738,0.9797582626342773],"EasingStyle":"Linear","EasingDirection":"In"},"HumanoidRootPart":{"Weight":1,"CFrame":[0,0,0,1,0,0,0,1,0,0,0,1],"EasingStyle":"Linear","EasingDirection":"In"},"Left Arm":{"Weight":1,"CFrame":[0.546783447265625,-0.00701102614402771,0.27877211570739748,0.8160081505775452,0.21722528338432313,-0.5356714725494385,-0.3452034592628479,0.9264354705810547,-0.15017355978488923,0.46364355087280276,0.30745840072631838,0.8309656977653503],"EasingStyle":"Linear","EasingDirection":"In"}}},{"Time":0.7037037014961243,"poses":{"Left Leg":{"Weight":1,"CFrame":[-0.5076439380645752,0.10800009965896607,0.23764526844024659,0.9644151926040649,-0.11955440789461136,0.23581808805465699,0.20430047810077668,0.9031273126602173,-0.37765389680862429,-0.16782359778881074,0.41239285469055178,0.8954147100448608],"EasingStyle":"Linear","EasingDirection":"In"},"Right Arm":{"Weight":1,"CFrame":[-0.5130360126495361,0.08401072025299072,0.1814514398574829,0.8482137322425842,-0.2353907823562622,0.474473237991333,0.29954251646995547,0.9519873857498169,-0.06320055574178696,-0.4368155896663666,0.19573232531547547,0.8779982328414917],"EasingStyle":"Linear","EasingDirection":"In"},"Head":{"Weight":1,"CFrame":[4.470348358154297e-8,-2.7939677238464357e-9,1.1920928955078126e-7,0.983665943145752,0.1033373773097992,-0.147386372089386,-0.14744584262371064,0.9322388172149658,-0.33044007420539858,0.10325249284505844,0.3467741310596466,0.9322482347488403],"EasingStyle":"Linear","EasingDirection":"In"},"Right