{"Sequence":[{"Time":0,"poses":{"Left Leg":{"Weight":1,"CFrame":[-0.7806755304336548,0.3908546566963196,-0.06353545188903809,0.7325260043144226,0.6804940104484558,-0.01826120726764202,-0.6801536679267883,0.7327451109886169,0.021814441308379175,0.028225351125001909,-0.00355922756716609,0.9995952844619751],"EasingStyle":"Linear","EasingDirection":"In"},"Right Arm":{"Weight":1,"CFrame":[0.06515586376190186,-0.41517138481140139,0.04177236557006836,0.46806028485298159,-0.8633966445922852,0.188323512673378,0.8504981994628906,0.4979919493198395,0.16928358376026154,-0.23994240164756776,0.0809338390827179,0.9674075245857239],"EasingStyle":"Linear","EasingDirection":"In"},"Head":{"Weight":1,"CFrame":[7.415656000375748e-8,-3.888271749019623e-8,1.1920928955078126e-7,0.6074420213699341,-0.7930254340171814,0.04609645903110504,0.7920631766319275,0.6002484560012817,-0.11107467859983444,0.06041574105620384,0.10398273169994354,0.9927424192428589],"EasingStyle":"Linear","EasingDirection":"In"},"Right Leg":{"Weight":1,"CFrame":[0.5987479090690613,0.17040616273880006,0.08986639976501465,0.9598109722137451,0.24447916448116303,-0.137814462184906,-0.2505470812320709,0.9676914215087891,-0.028279690071940423,0.12644807994365693,0.061672113835811618,0.9900543093681336],"EasingStyle":"Linear","EasingDirection":"In"},"Torso":{"Weight":1,"CFrame":[0.2646317481994629,-0.03366410732269287,-0.25017499923706057,0.09505829960107804,0.9604150652885437,-0.2618526518344879,-0.9953157901763916,0.08703968673944473,-0.04208008199930191,-0.01762276701629162,0.26462608575820925,0.9641900658607483],"EasingStyle":"Linear","EasingDirection":"In"},"HumanoidRootPart":{"Weight":1,"CFrame":[0,0,0,1,0,0,0,1,0,0,0,1],"EasingStyle":"Linear","EasingDirection":"In"},"Left Arm":{"Weight":1,"CFrame":[0.571668803691864,-0.09886044263839722,-0.023923754692077638,0.9537456035614014,0.2974296510219574,-0.04364695027470589,-0.2953508794307709,0.9541673064231873,0.048298075795173648,0.05601174011826515,-0.03317294269800186,0.997878909111023],"EasingStyle":"Linear","EasingDirection":"In"}}},{"Time":0.03333333507180214,"poses":{"Left Leg":{"Weight":1,"CFrame":[-0.778679609298706,0.3259851932525635,-0.06447136402130127,0.746383786201477,0.6649200916290283,-0.028150318190455438,-0.6645646691322327,0.7469106912612915,0.021873285993933679,0.03556971251964569,0.002381876576691866,0.99936443567276],"EasingStyle":"Linear","EasingDirection":"In"},"Right Arm":{"Weight":1,"CFrame":[0.16351912915706635,-0.5045242309570313,0.04276013374328613,0.2715322971343994,-0.9460626244544983,0.17673613131046296,0.9393687844276428,0.3004775047302246,0.1652262657880783,-0.20941956341266633,0.12115612626075745,0.9702910780906677],"EasingStyle":"Linear","EasingDirection":"In"},"Head":{"Weight":1,"CFrame":[7.939524948596955e-8,1.816079020500183e-8,-2.384185791015625e-7,0.6159966588020325,-0.7854390144348145,0.060281556099653247,0.7849417924880981,0.6055472493171692,-0.13106843829154969,0.06644295156002045,0.12805521488189698,0.9895389676094055],"EasingStyle":"Linear","EasingDirection":"In"},"Right Leg":{"Weight":1,"CFrame":[0.5953042507171631,0.13152694702148438,0.09009754657745362,0.9529474973678589,0.264646053314209,-0.14782918989658357,-0.2709420621395111,0.9623004794120789,-0.023841438814997674,0.1359466016292572,0.06277275085449219,0.9887255430221558],"EasingStyle":"Linear","EasingDirection":"In"},"Torso":{"Weight":1,"CFrame":[0.277621865272522,-0.03325158357620239,-0.22033262252807618,0.10323692113161087,0.9638545513153076,-0.24561499059200288,-0.9945200085639954,0.09592976421117783,-0.04156442731618881,-0.01650027371942997,0.24855995178222657,0.9684759378433228],"EasingStyle":"Linear","EasingDirection":"In"},"HumanoidRootPart":{"Weight":1,"CFrame":[0,0,0,1,0,0,0,1,0,0,0,1],"EasingStyle":"Linear","EasingDirection":"In"},"Left Arm":{"Weight":1,"CFrame":[0.648306131362915,-0.04280635714530945,-0.019300460815429689,0.9773119688034058,0.20647752285003663,-0.04720798879861832,-0.20342636108398438,0.9771079421043396,0.0622725635766983,0.05898516997694969,-0.051256418228149417,0.9969421625137329],"EasingStyle":"Linear","EasingDirection":"In"}}},{"Time":0.06666667014360428,"poses":{"Left Leg":{"Weight":1,"CFrame":[-0.792387843132019,0.27970075607299807,-0.06516027450561524,0.7869077324867249,0.6162316203117371,-0.032169073820114139,-0.6157813668251038,0.7875640392303467,0.023585837334394456,0.03986954316496849,0.0012492117239162326,0.999204158782959],"EasingStyle":"Linear","EasingDirection":"In"},"Right Arm":{"Weight":1,"CFrame":[0.24112215638160706,-0.5832605957984924,0.043569326400756839,0.06875314563512802,-0.9840167760848999,0.16426843404769898,0.9831728935241699,0.09476567804813385,0.15617506206035615,-0.1692459136247635,0.1507667452096939,0.9739739298820496],"EasingStyle":"Linear","EasingDirection":"In"},"Head":{"Weight":1,"CFrame":[1.0291114449501038e-7,8.055940270423889e-8,1.1920928955078126e-7,0.6250696778297424,-0.7778294086456299,0.06534118205308914,0.7775724530220032,0.613156795501709,-0.13935473561286927,0.06832985579967499,0.13791395723819734,0.9880844354629517],"EasingStyle":"Linear","EasingDirection":"In"},"Right Leg":{"Weight":1,"CFrame":[0.5677353143692017,0.06207728385925293,0.07624614238739014,0.9555769562721252,0.2512598931789398,-0.1540815830230713,-0.25653913617134097,0.9664165377616882,-0.015063729137182236,0.14512212574481965,0.05392250046133995,0.9879433512687683],"EasingStyle":"Linear","EasingDirection":"In"},"Torso":{"Weight":1,"CFrame":[0.2825794816017151,-0.03135177493095398,-0.13834571838378907,0.10590505599975586,0.9651234149932861,-0.23941786587238313,-0.9942773580551148,0.09938239306211472,-0.039189662784338,-0.014028935693204403,0.24219806492328645,0.9701253771781921],"EasingStyle":"Linear","EasingDirection":"In"},"HumanoidRootPart":{"Weight":1,"CFrame":[0,0,0,1,0,0,0,1,0,0,0,1],"EasingStyle":"Linear","EasingDirection":"In"},"Left Arm":{"Weight":1,"CFrame":[0.7134429216384888,-0.0007123351097106934,-0.00807124376296997,0.9855405688285828,0.16009680926799775,-0.055486857891082767,-0.15567447245121003,0.9848398566246033,0.07652440667152405,0.0668969601392746,-0.06678014248609543,0.995522677898407],"EasingStyle":"Linear","EasingDirection":"In"}}},{"Time":0.10000000149011612,"poses":{"Left Leg":{"Weight":1,"CFrame":[-0.8235794305801392,0.2717549204826355,-0.06532186269760132,0.8416163921356201,0.5392435789108276,-0.02996927872300148,-0.5386561751365662,0.8421316742897034,0.025769533589482309,0.03913409635424614,-0.005544896703213453,0.9992186427116394],"EasingStyle":"Linear","EasingDirection":"In"},"Right Arm":{"Weight":1,"CFrame":[0.29203370213508608,-0.6460726261138916,0.04411602020263672,-0.11691522598266602,-0.9814542531967163,0.15191589295864106,0.9852010011672974,-0.09531045705080033,0.1424606889486313,-0.12533944845199586,0.16632340848445893,0.9780728816986084],"EasingStyle":"Linear","EasingDirection":"In"},"Head":{"Weight":1,"CFrame":[9.825453162193299e-8,1.1175870895385743e-8,3.5762786865234377e-7,0.6342386603355408,-0.7708773612976074,0.05907144397497177,0.770374596118927,0.6236714720726013,-0.13250307738780976,0.06530245393514633,0.12954573333263398,0.9894208312034607],"EasingStyle":"Linear","EasingDirection":"In"},"Right Leg":{"Weight":1,"CFrame":[0.4970966577529907,-0.005408525466918945,0.047397732734680179,0.9693563580513,0.19002029299736024,-0.1556936502456665,-0.19292451441287995,0.981207013130188,-0.0036176680587232115,0.15208032727241517,0.03354387357831001,0.987798810005188],"EasingStyle":"Linear","EasingDirection":"In"},"Torso":{"Weight":1,"CFrame":[0.2773545980453491,-0.02830183506011963,-0.035111427307128909,0.10246631503105164,0.9638515114784241,-0.24594908952713014,-0.994683027267456,0.09671667963266373,-0.035377223044633868,-0.010311010293662548,0.2482662945985794,0.9686369299888611],"EasingStyle":"Linear","EasingDirection":"In"},"HumanoidRootPart":{"Weight":1,"CFrame":[0,0,0,1,0,0,0,1,0,0,0,1],"EasingStyle":"Linear","EasingDirection":"In"},"Left Arm":{"Weight":1,"CFrame":[0.758682370185852,0.029101788997650148,0.005801200866699219,0.9870973229408264,0.14493010938167573,-0.06807500869035721,-0.1385774314403534,0.9862293601036072,0.0902659073472023,0.0802198052406311,-0.07966763526201248,0.993588387966156],"EasingStyle":"Linear","EasingDirection":"In"}}},{"Time":0.13333334028720857,"poses":{"Left Leg":{"Weight":1,"CFrame":[-0.8916706442832947,0.3309202790260315,-0.06551122665405274,0.9066893458366394,0.421211838722229,-0.022245829924941064,-0.42058926820755007,0.9068222641944885,0.027893811464309694,0.03192216157913208,-0.01593468151986599,0.999363362789154],"EasingStyle":"Linear","EasingDirection":"In"},"Right Arm":{"Weight":1,"CFrame":[0.31032270193099978,-0.6876534819602966,0.044316887855529788,-0.26869863271713259,-0.9529860615730286,0.1400665044784546,0.9595780968666077,-0.25219544768333437,0.12492960691452027,-0.08373202383518219,0.16797307133674622,0.9822291135787964],"EasingStyle":"Linear","EasingDirection":"In"},"Head":{"Weight":1,"CFrame":[8.40227585285902e-8,4.377216100692749e-8,-1.7881393432617188e-7,0.6431607604026794,-0.7644650340080261,0.044017478823661807,0.7634813785552979,0.6358073353767395,-0.11333618313074112,0.058654993772506717,0.10649994015693665,0.9925812482833862],"EasingStyle":"Linear","EasingDirection":"In"},"Right Leg":{"Weight":1,"CFrame":[0.49650371074676516,0.01058197021484375,0.02487194538116455,0.9757076501846314,0.15660856664180757,-0.15319353342056275,-0.15670299530029298,0.9875785112380981,0.0115347383543849,0.15309712290763856,0.012751288712024689,0.9881289005279541],"EasingStyle":"Linear","EasingDirection":"In"},"Torso":{"Weight":1,"CFrame":[0.26416146755218508,-0.02419869601726532,0.04730868339538574,0.0934821143746376,0.9604093432426453,-0.26244044303894045,-0.9956042170524597,0.08864220231771469,-0.030248278751969339,-0.0057874275371432308,0.2641144096851349,0.9644739627838135],"EasingStyle":"Linear","EasingDirection":"In"},"HumanoidRootPart":{"Weight":1,"CFrame":[0,0,0,1,0,0,0,1,0,0,0,1],"EasingStyle":"Linear","EasingDirection":"In"},"Left Arm":{"Weight":1,"CFrame":[0.7756281495094299,0.04831629991531372,0.018355250358581544,0.9855982065200806,0.14616456627845765,-0.08504148572683335,-0.13724325597286225,0.9851983785629273,0.10270589590072632,0.09879466146230698,-0.08955544978380203,0.9910698533058167],"EasingStyle":"Linear","EasingDirection":"In"}}},{"Time":0.1666666716337204,"poses":{"Left Leg":{"Weight":1,"CFrame":[-0.9615058898925781,0.3918449878692627,-0.06155163049697876,0.957953155040741,0.2867533266544342,-0.009912262670695782,-0.2863646149635315,0.9576700925827026,0.02938254177570343,0.017918171361088754,-0.025308584794402124,0.9995191693305969],"EasingStyle":"Linear","EasingDirection":"In"},"Right Arm":{"Weight":1,"CFrame":[0.2876023054122925,-0.7026927471160889,0.0424729585647583,-0.3793841600418091,-0.9162412881851196,0.12872342765331269,0.9239462018013,-0.367816686630249,0.10504495352506638,-0.04889988154172897,0.15878582000732423,0.9861013293266296],"EasingStyle":"Linear","EasingDirection":"In"},"Head":{"Weight":1,"CFrame":[7.986091077327728e-8,-5.192123353481293e-8,1.1920928955078126e-7,0.6515222191810608,-0.7582545876502991,0.023848600685596467,0.7569751143455505,0.647705078125,-0.08641070127487183,0.0500744953751564,0.07435132563114166,0.9959741830825806],"EasingStyle":"Linear","EasingDirection":"In"},"Right Leg":{"Weight":1,"CFrame":[0.734185516834259,0.1268879771232605,0.033927202224731448,0.9551589488983154,0.257028728723526,-0.14699524641036988,-0.2551995813846588,0.9663752317428589,0.03149890899658203,0.15014876425266267,0.007426658645272255,0.9886355400085449],"EasingStyle":"Linear","EasingDirection":"In"},"Torso":{"Weight":1,"CFrame":[0.24632930755615235,-0.019037727266550065,0.0974116325378418,0.07983365654945374,0.9552774429321289,-0.2847307622432709,-0.9968077540397644,0.07621141523122788,-0.0237970482558012,-0.001033046399243176,0.2857215702533722,0.9583120942115784],"EasingStyle":"Linear","EasingDirection":"In"},"HumanoidRootPart":{"Weight":1,"CFrame":[0,0,0,1,0,0,0,1,0,0,0,1],"EasingStyle":"Linear","EasingDirection":"In"},"Left Arm":{"Weight":1,"CFrame":[0.7573391199111939,0.058612287044525149,0.026599764823913575,0.9818220734596252,0.15718057751655579,-0.10639485716819763,-0.14509989321231843,0.9829296469688416,0.11311732232570648,0.12235847860574722,-0.0956231877207756,0.9878687262535095],"EasingStyle":"Linear","EasingDirection":"In"}}},{"Time":0.20000000298023225,"poses":{"Left Leg":{"Weight":1,"CFrame":[-1.0041301250457764,0.40265804529190066,-0.0500866174697876,0.987147331237793,0.15970472991466523,0.005890970584005117,-0.15980887413024903,0.9867244958877564,0.028911545872688295,-0.0011954911751672626,-0.02948138304054737,0.9995646476745606],"EasingStyle":"Linear","EasingDirection":"In"},"Right Arm":{"Weight":1,"CFrame":[0.2279997020959854,-0.7013607025146484,0.03797256946563721,-0.452461838722229,-0.8839385509490967,0.11802931874990463,0.8914740085601807,-0.4448372423648834,0.08598800003528595,-0.02350427210330963,0.1441262662410736,0.989280104637146],"EasingStyle":"Linear","EasingDirection":"In"},"Head":{"Weight":1,"CFrame":[8.940696716308594e-8,8.603092283010483e-8,0,0.6589502096176148,-0.7521834969520569,0.0021771378815174104,0.7510625720024109,0.6578044295310974,-0.056554507464170459,0.04110732674598694,0.03890182450413704,0.9983972311019898],"EasingStyle":"Linear","EasingDirection":"In"},"Right Leg":{"Weight":1,"CFrame":[1.0564907789230347,0.28684061765670779,0.0463484525680542,0.9061282873153687,0.4000195860862732,-0.13753488659858704,-0.3961530923843384,0.9164975881576538,0.055634040385484698,0.14830517768859864,0.004073247313499451,0.9889333248138428],"EasingStyle":"Linear","EasingDirection":"In"},"Torso":{"Weight":1,"CFrame":[0.22714543342590333,-0.012845892459154129,0.12023663520812988,0.062452249228954318,0.9491036534309387,-0.3087104856967926,-0.998042106628418,0.060449618846178058,-0.016057219356298448,0.003421461209654808,0.30910882353782656,0.9510205388069153],"EasingStyle":"Linear","EasingDirection":"In"},"HumanoidRootPart":{"Weight":1,"CFrame":[0,0,0,1,0,0,0,1,0,0,0,1],"EasingStyle":"Linear","EasingDirection":"In"},"Left Arm":{"Weight":1,"CFrame":[0.7064277529716492,0.06167107820510864,0.03143012523651123,0.9742146730422974,0.1832914650440216,-0.13156749308109284,-0.1676817387342453,0.9783453941345215,0.12133872509002686,0.15095879137516023,-0.09614851325750351,0.9838531017303467],"EasingStyle":"Linear","EasingDirection":"In"}}},{"Time":0.23333333432674409,"poses":{"Left Leg":{"Weight":1,"CFrame":[-0.9850375056266785,0.34003913402557375,-0.03107362985610962,0.9973772764205933,0.06840720772743225,0.02364545874297619,-0.06898794323205948,0.9973121285438538,0.024684857577085496,-0.021893322467803956,-0.026251375675201417,0.9994155764579773],"EasingStyle":"Linear","EasingDirection":"In"},"Right Arm":{"Weight":1,"CFrame":[0.14435440301895142,-0.6920362710952759,0.032362937927246097,-0.4937734305858612,-0.8629060983657837,0.10761550068855286,0.8695494532585144,-0.48875027894973757,0.07075956463813782,-0.008461742661893368,0.12851616740226746,0.9916713237762451],"EasingStyle":"Linear","EasingDirection":"In"},"Head":{"Weight":1,"CFrame":[8.568167686462403e-8,-2.689776010811329e-7,1.1920928955078126e-7,0.6649727821350098,-0.7466631531715393,-0.017472896724939348,0.7461313605308533,0.6651739478111267,-0.028836222365498544,0.03315349668264389,0.006138300523161888,0.9994314908981323],"EasingStyle":"Linear","EasingDirection":"In"},"Right Leg":{"Weight":1,"CFrame":[1.3318452835083008,0.4780769348144531,0.04044973850250244,0.8552329540252686,0.5029616951942444,-0.12492428719997406,-0.4963926076889038,0.8642753958702087,0.08137848973274231,0.14889928698539735,-0.007586081977933645,0.9888232946395874],"EasingStyle":"Linear","EasingDirection":"In"},"Torso":{"Weight":1,"CFrame":[0.2097846269607544,-0.005757210776209831,0.1228787899017334,0.042316604405641559,0.9428878426551819,-0.3304116427898407,-0.9990783333778381,0.04231664165854454,-0.007196349091827869,0.007196561433374882,0.3304115831851959,0.9438095092773438],"EasingStyle":"Linear","EasingDirection":"In"},"HumanoidRootPart":{"Weight":1,"CFrame":[0,0,0,1,0,0,0,1,0,0,0,1],"EasingStyle":"Linear","EasingDirection":"In"},"Left Arm":{"Weight":1,"CFrame":[0.6288240551948547,0.046631455421447757,0.03447282314300537,0.9608312249183655,0.22686897218227387,-0.1591663807630539,-0.2075253129005432,0.9696428179740906,0.1293298602104187,0.18367540836334229,-0.09123320132493973,0.9787440896034241],"EasingStyle":"Linear","EasingDirection":"In"}}},{"Time":0.2666666805744171,"poses":{"Left Leg":{"Weight":1,"CFrame":[-0.8801082968711853,0.23321306705474854,-0.010904312133789063,0.99863201379776,0.031164705753326417,0.04198809340596199,-0.03188449516892433,0.9993539452552795,0.016585296019911767,-0.04144412651658058,-0.017901381477713586,0.9989805221557617],"EasingStyle":"Linear","EasingDirection":"In"},"Right Arm":{"Weight":1,"CFrame":[0.04950374364852905,-0.6667270064353943,0.027191162109375,-0.5072157382965088,-0.8562800884246826,0.09755446016788483,0.8618114590644836,-0.5034732818603516,0.06160876899957657,-0.003638299647718668,0.11532248556613922,0.993321418762207],"EasingStyle":"Linear","EasingDirection":"In"},"Head":{"Weight":1,"CFrame":[8.172355592250824e-8,-1.0899384506046772e-8,-2.384185791015625e-7,0.669029176235199,-0.7425600290298462,-0.031697776168584827,0.7427277565002441,0.6695404052734375,-0.008434044197201729,0.027485793456435205,-0.01790011301636696,0.9994620084762573],"EasingStyle":"Linear","EasingDirection":"In"},"Right Leg":{"Weight":1,"CFrame":[1.4889799356460572,0.7248907089233398,0.005695700645446777,0.8509662747383118,0.5138078927993774,-0.10889309644699097,-0.5045395493507385,0.8573030829429627,0.10233000665903092,0.1459323763847351,-0.03213849291205406,0.988772451877594],"EasingStyle":"Linear","EasingDirection":"In"},"Torso":{"Weight":1,"CFrame":[0.19727563858032227,0.0019480856135487557,0.10999131202697754,0.020425979048013688,0.9379945397377014,-0.3460477590560913,-0.9997400641441345,0.022669000551104547,0.0024352995678782465,0.010128853842616082,0.345907986164093,0.9382137656211853],"EasingStyle":"Linear","EasingDirection":"In"},"HumanoidRootPart":{"Weight":1,"CFrame":[0,0,0,1,0,0,0,1,0,0,0,1],"EasingStyle":"Linear","EasingDirection":"In"},"Left Arm":{"Weight":1,"CFrame":[0.5304611921310425,0.00505143404006958,0.036392927169799808,0.9389331936836243,0.29031386971473696,-0.1847223937511444,-0.26749029755592348,0.9534966945648193,0.13889873027801515,0.21645642817020417,-0.08100525289773941,0.9729258418083191],"EasingStyle":"Linear","EasingDirection":"In"}}},{"Time":0.30000001192092898,"poses":{"Left Leg":{"Weight":1,"CFrame":[-0.6966057419776917,0.12483751773834229,0.002800464630126953,0.9972589015960693,0.04309587925672531,0.06014484539628029,-0.04354416951537132,0.9990324974060059,0.006161963101476431,-0.05982114002108574,-0.008764036931097508,0.9981706142425537],"EasingStyle":"Linear","EasingDirection":"In"},"Right Arm":{"Weight":1,"CFrame":[-0.04581744968891144,-0.6161192059516907,0.023206472396850587,-0.4660842716693878,-0.8801270127296448,0.09023328125476837,0.8846901059150696,-0.4625401496887207,0.058138709515333179,-0.009432956576347351,0.10692589730024338,0.9942222833633423],"EasingStyle":"Linear","EasingDirection":"In"},"Head":{"Weight":1,"CFrame":[1.0305666364729405e-7,-2.2504536900669337e-8,-2.980232238769531e-7,0.6705136299133301,-0.7409650683403015,-0.03717932850122452,0.7414650917053223,0.6709913015365601,-0.0005025610444135964,0.025319445878267289,-0.027230139821767808,0.9993085861206055],"EasingStyle":"Linear","EasingDirection":"In"},"Right Leg":{"Weight":1,"CFrame":[1.4282406568527222,1.03151273727417,-0.057100117206573489,0.9283036589622498,0.36107388138771059,-0.08875811100006104,-0.35150235891342165,0.9300349950790405,0.10714977234601975,0.12123721837997437,-0.06826885044574738,0.9902731776237488],"EasingStyle":"Linear","EasingDirection":"In"},"Torso":{"Weight":1,"CFrame":[0.19254064559936524,0.009834181517362595,0.07950735092163086,-0.0022350866347551347,0.93600994348526,-0.3519664406776428,-0.9999219179153442,0.002234795829281211,0.012292943894863129,0.012292887084186077,0.35196638107299807,0.935931921005249],"EasingStyle":"Linear","EasingDirection":"In"},"HumanoidRootPart":{"Weight":1,"CFrame":[0,0,0,1,0,0,0,1,0,0,0,1],"EasingStyle":"Linear","EasingDirection":"In"},"Left Arm":{"Weight":1,"CFrame":[0.417269229888916,-0.057760804891586307,0.03761696815490723,0.9042537808418274,0.3756552040576935,-0.20299868285655976,-0.35058218240737917,0.9245604872703552,0.14926530420780183,0.24375687539577485,-0.06380601972341538,0.967735230922699],"EasingStyle":"Linear","EasingDirection":"In"}}},{"Time":0.3333333432674408,"poses":{"Left Leg":{"Weight":1,"CFrame":[-0.4983643889427185,0.05492579936981201,0.009287357330322266,0.9948198795318604,0.06541244685649872,0.07781249284744263,-0.06524869799613953,0.9978582262992859,-0.004647396504878998,-0.07794986665248871,-0.0004538101493380964,0.9969572424888611],"EasingStyle":"Linear","EasingDirection":"In"},"Right Arm":{"Weight":1,"CFrame":[-0.13929465413093568,-0.5417101979255676,0.017966508865356447,-0.3239423632621765,-0.9422616958618164,0.08487831056118012,0.9457487463951111,-0.32016175985336306,0.055277545005083087,-0.02491113357245922,0.09818023443222046,0.9948568344116211],"EasingStyle":"Linear","EasingDirection":"In"},"Head":{"Weight":1,"CFrame":[1.126900315284729e-7,-5.989568307995796e-8,-4.76837158203125e-7,0.6691548824310303,-0.7424537539482117,-0.03152966499328613,0.7426207065582275,0.669660210609436,-0.008356187492609024,0.027318287640810014,-0.017822902649641038,0.9994679689407349],"EasingStyle":"Linear","EasingDirection":"In"},"Right Leg":{"Weight":1,"CFrame":[1.1795800924301148,1.1998000144958497,-0.0988473892211914,0.9963600039482117,0.054851800203323367,-0.0652533620595932,-0.04887418448925018,0.9947490096092224,0.0899205133318901,0.06984308362007141,-0.08640401810407639,0.9938090443611145],"EasingStyle":"Linear","EasingDirection":"In"},"Torso":{"Weight":1,"CFrame":[0.19751131534576417,0.0173267163336277,0.02619004249572754,-0.024726130068302156,0.9379996657371521,-0.3457532227039337,-0.9995967149734497,-0.018366336822509767,0.021658631041646005,0.013965563848614693,0.3461492657661438,0.9380754828453064],"EasingStyle":"Linear","EasingDirection":"In"},"HumanoidRootPart":{"Weight":1,"CFrame":[0,0,0,1,0,0,0,1,0,0,0,1],"EasingStyle":"Linear","EasingDirection":"In"},"Left Arm":{"Weight":1,"CFrame":[0.29517996311187746,-0.13649779558181764,0.03857016563415527,0.849847137928009,0.4840073883533478,-0.20855870842933656,-0.45900604128837588,0.8741998076438904,0.158392533659935,0.25898507237434389,-0.038879867643117908,0.96509850025177],"EasingStyle":"Linear","EasingDirection":"In"}}},{"Time":0.36666667461395266,"poses":{"Left Leg":{"Weight":1,"CFrame":[-0.46647870540618899,0.06864041090011597,0.02575516700744629,0.9954896569252014,-0.002150527900084853,0.09484607726335526,0.0035332790575921537,0.9998899102210999,-0.014412624761462212,-0.09480465948581696,0.014682743698358536,0.995387613773346],"EasingStyle":"Linear","EasingDirection":"In"},"Right Arm":{"Weight":1,"CFrame":[-0.230718195438385,-0.4517246186733246,0.009163260459899903,-0.04329247400164604,-0.9960207343101502,0.07790090888738632,0.9980288743972778,-0.039569880813360217,0.04870986565947533,-0.04543350264430046,0.0798560231924057,0.9957704544067383],"EasingStyle":"Linear","EasingDirection":"In"},"Head":{"Weight":1,"CFrame":[1.0151416063308716e-7,2.3166649043560029e-7,1.1920928955078126e-7,0.6654223799705505,-0.746276319026947,-0.016876010224223138,0.7457571625709534,0.665605366230011,-0.02856285125017166,0.03254862502217293,0.006421037949621677,0.999449610710144],"EasingStyle":"Linear","EasingDirection":"In"},"Right Leg":{"Weight":1,"CFrame":[0.9902315139770508,1.1169774532318116,-0.09471797943115235,0.971412718296051,-0.23385952413082124,-0.04082932695746422,0.23610296845436097,0.969654381275177,0.06344945728778839,0.02475212700664997,-0.07127557694911957,0.9971495866775513],"EasingStyle":"Linear","EasingDirection":"In"},"Torso":{"Weight":1,"CFrame":[0.21021819114685059,0.023836590349674226,-0.0551760196685791,-0.04615481570363045,0.942897617816925,-0.32986941933631899,-0.9988155364990234,-0.038467973470687869,0.029795998707413675,0.015405165031552315,0.3308538496494293,0.9435562491416931],"EasingStyle":"Linear","EasingDirection":"In"},"HumanoidRootPart":{"Weight":1,"CFrame":[0,0,0,1,0,0,0,1,0,0,0,1],"EasingStyle":"Linear","EasingDirection":"In"},"Left Arm":{"Weight":1,"CFrame":[0.17012551426887513,-0.2258496880531311,0.03959369659423828,0.7637295722961426,0.6122417449951172,-0.20463955402374268,-0.5896705985069275,0.7906537652015686,0.16478900611400605,0.2626896798610687,-0.005184388253837824,0.9648664593696594],"EasingStyle":"Linear","EasingDirection":"In"}}},{"Time":0.4000000059604645,"poses":{"Left Leg":{"Weight":1,"CFrame":[-0.5465304851531982,0.12827736139297486,0.05431067943572998,0.986372709274292,-0.12154525518417359,0.11088641732931137,0.12472681701183319,0.9919429421424866,-0.02219507284462452,-0.10729530453681946,0.03572312742471695,0.9935852885246277],"EasingStyle":"Linear","EasingDirection":"In"},"Right Arm":{"Weight":1,"CFrame":[-0.31987708806991579,-0.35438740253448489,-0.0017812848091125489,0.35150107741355898,-0.933773398399353,0.06718876212835312,0.9341562986373901,0.35455915331840517,0.04049551114439964,-0.06163601577281952,0.0485304519534111,0.9969182014465332],"EasingStyle":"Linear","EasingDirection":"In"},"Head":{"Weight":1,"CFrame":[9.452924132347107e-8,-8.451752364635468e-8,-1.1920928955078126e-7,0.6598390340805054,-0.7513994574546814,0.0033486122265458109,0.7503472566604614,0.6586654186248779,-0.056026358157396319,0.03989256173372269,0.039481062442064288,0.99842369556427],"EasingStyle":"Linear","EasingDirection":"In"},"Right Leg":{"Weight":1,"CFrame":[0.890801191329956,0.8898627161979675,-0.07807302474975586,0.8912839889526367,-0.45311111211776736,-0.017416255548596383,0.4534366726875305,0.8903653025627136,0.04055548831820488,-0.0028692514169961216,-0.04404367133975029,0.9990254640579224],"EasingStyle":"Linear","EasingDirection":"In"},"Torso":{"Weight":1,"CFrame":[0.22770392894744874,0.028903856873512269,-0.15388894081115724,-0.06562379002571106,0.9491164088249207,-0.30801236629486086,-0.9977054595947266,-0.05725819244980812,0.03613009676337242,0.016655435785651208,0.30967652797698977,0.9506961107254028],"EasingStyle":"Linear","EasingDirection":"In"},"HumanoidRootPart":{"Weight":1,"CFrame":[0,0,0,1,0,0,0,1,0,0,0,1],"EasingStyle":"Linear","EasingDirection":"In"},"Left Arm":{"Weight":1,"CFrame":[0.048035960644483569,-0.32051101326942446,0.04068899154663086,0.6362735033035278,0.74565589427948,-0.19787226617336274,-0.7272164225578308,0.6653309464454651,0.16879300773143769,0.2575119435787201,0.03649737313389778,0.9655855298042297],"EasingStyle":"Linear","EasingDirection":"In"}}},{"Time":0.4333333373069763,"poses":{"Left Leg":{"Weight":1,"CFrame":[-0.5915389657020569,0.16884559392929078,0.07781863212585449,0.9710614681243897,-0.2032936066389084,0.12534493207931519,0.20820413529872895,0.9777054190635681,-0.02726578339934349,-0.11700748652219773,0.05257409065961838,0.9917385578155518],"EasingStyle":"Linear","EasingDirection":"In"},"Right Arm":{"Weight":1,"CFrame":[-0.40656185150146487,-0.257922887802124,-0.012513458728790284,0.6922744512557983,-0.7195515632629395,0.054785486310720447,0.7187289595603943,0.6943031549453735,0.03704110532999039,-0.06469074636697769,0.01373326126486063,0.9978108406066895],"EasingStyle":"Linear","EasingDirection":"In"},"Head":{"Weight":1,"CFrame":[1.1408701539039612e-7,8.89413058757782e-8,1.1920928955078126e-7,0.6528863310813904,-0.7570222616195679,0.025628896430134774,0.7559219002723694,0.6490386724472046,-0.08562067896127701,0.04818272590637207,0.07527410984039307,0.995998203754425],"EasingStyle":"Linear","EasingDirection":"In"},"Right Leg":{"Weight":1,"CFrame":[0.8280206918716431,0.6056251525878906,-0.06722545623779297,0.7947996258735657,-0.6068652272224426,0.0028738814871758224,0.6065894961357117,0.7945652008056641,0.02674589306116104,-0.018514564260840417,-0.019514385610818864,0.9996381402015686],"EasingStyle":"Linear","EasingDirection":"In"},"Torso":{"Weight":1,"CFrame":[0.24691176414489747,0.03222794830799103,-0.22873187065124513,-0.0822259858250618,0.9552913308143616,-0.2840025722980499,-0.9964596033096314,-0.0737929567694664,0.04028521478176117,0.01752672903239727,0.28630951046943667,0.9579768776893616],"EasingStyle":"Linear","EasingDirection":"In"},"HumanoidRootPart":{"Weight":1,"CFrame":[0,0,0,1,0,0,0,1,0,0,0,1],"EasingStyle":"Linear","EasingDirection":"In"},"Left Arm":{"Weight":1,"CFrame":[-0.06515583395957947,-0.41517171263694765,0.04177236557006836,0.46806034445762637,0.8633965849876404,-0.1883234977722168,-0.8504983186721802,0.49799200892448428,0.16928339004516602,0.23994220793247224,0.0809338390827179,0.9674075245857239],"EasingStyle":"Linear","EasingDirection":"In"}}},{"Time":0.46666666865348818,"poses":{"Left Leg":{"Weight":1,"CFrame":[-0.5987510681152344,0.1703871488571167,0.0898667573928833,0.959862232208252,-0.2442772090435028,0.13781560957431794,0.2503431439399719,0.9677441716194153,-0.028277063742280008,-0.12646284699440003,0.0616433210670948,0.990054190158844],"EasingStyle":"Linear","EasingDirection":"In"},"Right Arm":{"Weight":1,"CFrame":[-0.4905626177787781,-0.17055577039718629,-0.020678937435150148,0.8809100985527039,-0.47104811668395998,0.04594729468226433,0.4695385992527008,0.8820001482963562,0.04011715203523636,-0.05942262336611748,-0.013765666633844376,0.9981380701065064],"EasingStyle":"Linear","EasingDirection":"In"},"Head":{"Weight":1,"CFrame":[9.185168892145157e-8,4.866160452365875e-8,2.384185791015625e-7,0.6449576020240784,-0.7628123164176941,0.04633801430463791,0.7621540427207947,0.6375780701637268,-0.11231883615255356,0.05613415688276291,0.10775764286518097,0.9925912022590637],"EasingStyle":"Linear","EasingDirection":"In"},"Right Leg":{"Weight":1,"CFrame":[0.7806907296180725,0.39084315299987795,-0.06353557109832764,0.7327145934104919,-0.6802909970283508,0.018261786550283433,0.6799505352973938,0.7329334616661072,0.021815836429595948,-0.028225721791386606,-0.0035677067935466768,0.9995952248573303],"EasingStyle":"Linear","EasingDirection":"In"},"Torso":{"Weight":1,"CFrame":[0.2646535634994507,0.03366310894489288,-0.2501692771911621,-0.09505853056907654,0.9604225158691406,-0.2618253231048584,-0.995315670967102,-0.08704070746898651,0.04207916557788849,0.01762431673705578,0.2645987570285797,0.9641975164413452],"EasingStyle":"Linear","EasingDirection":"In"},"HumanoidRootPart":{"Weight":1,"CFrame":[0,0,0,1,0,0,0,1,0,0,0,1],"EasingStyle":"Linear","EasingDirection":"In"},"Left Arm":{"Weight":1,"CFrame":[-0.16351912915706635,-0.5045241117477417,0.042760252952575687,0.27153250575065615,0.9460626840591431,-0.17673613131046296,-0.939368724822998,0.3004775643348694,0.1652260422706604,0.209419384598732,0.12115611135959625,0.970291018486023],"EasingStyle":"Linear","EasingDirection":"In"}}},{"Time":0.5,"poses":{"Left Leg":{"Weight":1,"CFrame":[-0.5953068733215332,0.13150334358215333,0.09009718894958496,0.9530014991760254,-0.26445111632347109,0.14783026278018952,0.27074480056762698,0.9623560309410095,-0.023838037624955179,-0.1359613835811615,0.0627419725060463,0.988725483417511],"EasingStyle":"Linear","EasingDirection":"In"},"Right Arm":{"Weight":1,"CFrame":[-0.5716688632965088,-0.09886085987091065,-0.023923814296722413,0.9537455439567566,-0.29742956161499026,0.04364701732993126,0.2953508496284485,0.9541673064231873,0.048298176378011706,-0.0560118705034256,-0.03317304700613022,0.997878909111023],"EasingStyle":"Linear","EasingDirection":"In"},"Head":{"Weight":1,"CFrame":[9.313225746154785e-8,8.149072527885437e-8,-3.5762786865234377e-7,0.6363518238067627,-0.7689216136932373,0.06177232041954994,0.7688772082328796,0.6257650852203369,-0.1313241869211197,0.062323108315467837,0.13106375932693482,0.9894130825996399],"EasingStyle":"Linear","EasingDirection":"In"},"Right Leg":{"Weight":1,"CFrame":[0.7786940336227417,0.32596951723098757,-0.0644717812538147,0.7465714812278748,-0.6647094488143921,0.02815101481974125,0.664353609085083,0.7470983266830444,0.021874643862247468,-0.03557178005576134,0.0023712534457445146,0.9993643164634705],"EasingStyle":"Linear","EasingDirection":"In"},"Torso":{"Weight":1,"CFrame":[0.2776477336883545,0.033250294625759128,-0.22032594680786134,-0.10323716700077057,0.9638627171516419,-0.24558256566524507,-0.9945198893547058,-0.09593091160058975,0.04156314954161644,0.01650220714509487,0.24852754175662995,0.9684842228889465],"EasingStyle":"Linear","EasingDirection":"In"},"HumanoidRootPart":{"Weight":1,"CFrame":[0,0,0,1,0,0,0,1,0,0,0,1],"EasingStyle":"Linear","EasingDirection":"In"},"Left Arm":{"Weight":1,"CFrame":[-0.24112217128276826,-0.5832614898681641,0.043569326400756839,0.06875316053628922,0.9840167760848999,-0.16426841914653779,-0.9831728935241699,0.09476549178361893,0.15617488324642182,0.16924557089805604,0.15076656639575959,0.9739739894866943],"EasingStyle":"Linear","EasingDirection":"In"}}},{"Time":0.5333333611488342,"poses":{"Left Leg":{"Weight":1,"CFrame":[-0.5677353143692017,0.062053680419921878,0.07624566555023194,0.9556275606155396,-0.25106656551361086,0.1540825217962265,0.2563430368900299,0.9664686322212219,-0.01505972072482109,-0.14513495564460755,0.053889453411102298,0.9879432320594788],"EasingStyle":"Linear","EasingDirection":"In"},"Right Arm":{"Weight":1,"CFrame":[-0.6483062505722046,-0.04280567169189453,-0.019300401210784913,0.9773097634315491,-0.2064080834388733,0.047552790492773059,0.2035331428050995,0.9772889614105225,0.058996740728616717,-0.05865023285150528,-0.04797957465052605,0.9971249103546143],"EasingStyle":"Linear","EasingDirection":"In"},"Head":{"Weight":1,"CFrame":[7.35744833946228e-8,3.073364496231079e-8,4.76837158203125e-7,0.6273104548454285,-0.7757791876792908,0.06817799061536789,0.7760365009307861,0.6153812408447266,-0.1381065994501114,0.06518489867448807,0.13954439759254456,0.9880679845809937],"EasingStyle":"Linear","EasingDirection":"In"},"Right Leg":{"Weight":1,"CFrame":[0.7923988103866577,0.27967989444732668,-0.06516063213348389,0.7870813012123108,-0.6160097122192383,0.032170020043849948,0.6155593395233154,0.7877376079559326,0.02358708716928959,-0.03987133875489235,0.001237570308148861,0.9992040991783142],"EasingStyle":"Linear","EasingDirection":"In"},"Torso":{"Weight":1,"CFrame":[0.28260695934295657,0.031350359320640567,-0.13833880424499513,-0.10590536147356034,0.965131938457489,-0.2393834888935089,-0.9942772388458252,-0.09938358515501023,0.03918822854757309,0.014031019993126393,0.2421637326478958,0.9701339602470398],"EasingStyle":"Linear","EasingDirection":"In"},"HumanoidRootPart":{"Weight":1,"CFrame":[0,0,0,1,0,0,0,1,0,0,0,1],"EasingStyle":"Linear","EasingDirection":"In"},"Left Arm":{"Weight":1,"CFrame":[-0.2920340299606323,-0.6460732221603394,0.04411602020263672,-0.11691513657569885,0.9814543128013611,-0.1519157737493515,-0.9852010607719421,-0.09531053155660629,0.14246049523353578,0.12533925473690034,0.1663232445716858,0.9780729413032532],"EasingStyle":"Linear","EasingDirection":"In"}}},{"Time":0.5666666626930237,"poses":{"Left Leg":{"Weight":1,"CFrame":[-0.497089684009552,-0.005426883697509766,0.047396183013916019,0.969395637512207,-0.18981969356536866,0.15569429099559785,0.19272086024284364,0.981247067451477,-0.003613716457039118,-0.15208861231803895,0.033508650958538058,0.9877987504005432],"EasingStyle":"Linear","EasingDirection":"In"},"Right Arm":{"Weight":1,"CFrame":[-0.7134429216384888,-0.0007123053073883057,-0.008071362972259522,0.9855372309684753,-0.15992900729179383,0.05602671205997467,0.15591441094875337,0.9852927327156067,0.06992154568433762,-0.06638521701097489,-0.06017494201660156,0.9959779381752014],"EasingStyle":"Linear","EasingDirection":"In"},"Head":{"Weight":1,"CFrame":[6.984919309616089e-8,4.656612873077393e-10,-1.1920928955078126e-7,0.6181256771087647,-0.783554196357727,0.06295616924762726,0.7835102081298828,0.6076567769050598,-0.12986528873443604,0.06350085139274597,0.12959997355937959,0.9895310401916504],"EasingStyle":"Linear","EasingDirection":"In"},"Right Leg":{"Weight":1,"CFrame":[0.8235870003700256,0.2717311382293701,-0.06532168388366699,0.8417661190032959,-0.5390098690986633,0.029970265924930574,0.5384222269058228,0.8422811627388,0.02577071078121662,-0.039134006947278979,-0.005556296557188034,0.9992185235023499],"EasingStyle":"Linear","EasingDirection":"In"},"Torso":{"Weight":1,"CFrame":[0.2773805856704712,0.028300516307353975,-0.03510475158691406,-0.1024666503071785,0.9638597965240479,-0.24591659009456635,-0.9946829676628113,-0.0967177078127861,0.03537590801715851,0.01031291764229536,0.24823381006717683,0.9686453342437744],"EasingStyle":"Linear","EasingDirection":"In"},"HumanoidRootPart":{"Weight":1,"CFrame":[0,0,0,1,0,0,0,1,0,0,0,1],"EasingStyle":"Linear","EasingDirection":"In"},"Left Arm":{"Weight":1,"CFrame":[-0.310322642326355,-0.6876531839370728,0.044316768646240237,-0.2686985433101654,0.9529861211776733,-0.14006634056568147,-0.9595781564712524,-0.2521955966949463,0.12492941319942475,0.08373183757066727,0.16797281801700593,0.9822291731834412],"EasingStyle":"Linear","EasingDirection":"In"}}},{"Time":0.6000000238418579,"poses":{"Left Leg":{"Weight":1,"CFrame":[-0.49649226665496828,0.010569632053375245,0.02487003803253174,0.975741446018219,-0.15639807283878327,0.15319377183914185,0.15648938715457917,0.987612247467041,0.011537923477590084,-0.15310057997703553,0.012715183198451996,0.9881289005279541],"EasingStyle":"Linear","EasingDirection":"In"},"Right Arm":{"Weight":1,"CFrame":[-0.7586822509765625,0.02910161018371582,0.005801081657409668,0.9870927929878235,-0.14466102421283723,0.06870917975902558,0.13894489407539369,0.986919641494751,0.08175557106733322,-0.0796373039484024,-0.0711536705493927,0.9942812323570252],"EasingStyle":"Linear","EasingDirection":"In"},"Head":{"Weight":1,"CFrame":[8.774804882705212e-8,-4.866160452365875e-8,-5.960464477539063e-8,0.6092646718025208,-0.7914902567863464,0.048371873795986179,0.7908462285995483,0.6020452976226807,-0.11001704633235932,0.05795539170503616,0.10528423637151718,0.992751955986023],"EasingStyle":"Linear","EasingDirection":"In"},"Right Leg":{"Weight":1,"CFrame":[0.8916807770729065,0.330899715423584,-0.06551092863082886,0.9068045616149902,-0.4209638237953186,0.02224687486886978,0.4203410744667053,0.9069374203681946,0.02789492718875408,-0.031919196248054507,-0.015944013372063638,0.9993632435798645],"EasingStyle":"Linear","EasingDirection":"In"},"Torso":{"Weight":1,"CFrame":[0.2641833424568176,0.024197667837142946,0.04731488227844238,-0.09348250925540924,0.9604167938232422,-0.2624130845069885,-0.9956040978431702,-0.08864305168390274,0.030247321352362634,0.005788934882730246,0.26408708095550539,0.9644814729690552],"EasingStyle":"Linear","EasingDirection":"In"},"HumanoidRootPart":{"Weight":1,"CFrame":[0,0,0,1,0,0,0,1,0,0,0,1],"EasingStyle":"Linear","EasingDirection":"In"},"Left Arm":{"Weight":1,"CFrame":[-0.2876022458076477,-0.7026929259300232,0.0424729585647583,-0.3793841004371643,0.9162412881851196,-0.12872324883937837,-0.9239462018013,-0.3678168058395386,0.1050446629524231,0.04889964684844017,0.15878558158874513,0.9861013889312744],"EasingStyle":"Linear","EasingDirection":"In"}}},{"Time":0.6333333253860474,"poses":{"Left Leg":{"Weight":1,"CFrame":[-0.7341732978820801,0.12687373161315919,0.03392517566680908,0.9552169442176819,-0.25681328773498537,0.14699514210224152,0.2549811005592346,0.9664328098297119,0.03150111064314842,-0.15015080571174622,0.007390628568828106,0.9886355400085449],"EasingStyle":"Linear","EasingDirection":"In"},"Right Arm":{"Weight":1,"CFrame":[-0.7756281495094299,0.04831629991531372,0.01835501194000244,0.9855931997299194,-0.1458691656589508,0.08560491353273392,0.13763737678527833,0.9858893156051636,0.09527985751628876,-0.09829536825418472,-0.08212485164403916,0.9917628765106201],"EasingStyle":"L