{"Sequence":[{"Time":0,"poses":{"Left Leg":{"Weight":1,"CFrame":[-0.7388671040534973,0.7831258773803711,0.17112314701080323,0.7644556760787964,-0.5700508952140808,0.30108052492141726,0.565677285194397,0.8171412944793701,0.11085698753595352,-0.309219628572464,0.08556932955980301,0.9471331834793091],"EasingStyle":"Linear","EasingDirection":"Out"},"Right Arm":{"Weight":1,"CFrame":[-0.24730220437049867,-0.3364890515804291,0.2655900716781616,-0.3368224501609802,-0.79514479637146,0.5042771697044373,0.8994853496551514,-0.11340446770191193,0.42197808623313906,-0.27834632992744448,0.5957215428352356,0.7534182071685791],"EasingStyle":"Linear","EasingDirection":"Out"},"Left Arm":{"Weight":1,"CFrame":[-0.06541797518730164,-0.22342541813850404,0.06901860237121582,0.9942175149917603,0.10313349217176438,-0.02991650626063347,-0.08618880808353424,0.9325617551803589,0.35057109594345095,0.0640544444322586,-0.3459654152393341,0.9360581636428833],"EasingStyle":"Linear","EasingDirection":"Out"},"Head":{"Weight":1,"CFrame":[8.009374141693115e-8,-2.2351741790771486e-8,0,0.6061742305755615,0.7940505743026733,0.04512766748666763,-0.7844188809394836,0.587526261806488,0.1987457573413849,0.13130049407482148,-0.15587353706359864,0.9790115356445313],"EasingStyle":"Linear","EasingDirection":"Out"},"Torso":{"Weight":1,"CFrame":[-0.03169453144073486,3.725290298461914e-8,-0.24299144744873048,0.6440666317939758,-0.759539008140564,0.09098690748214722,0.7639859914779663,0.6447015404701233,-0.026178697124123575,-0.038775671273469928,0.08637353777885437,0.9955079555511475],"EasingStyle":"Linear","EasingDirection":"Out"},"HumanoidRootPart":{"Weight":1,"CFrame":[0,0,0,1,0,0,0,1,0,0,0,1],"EasingStyle":"Linear","EasingDirection":"In"},"Right Leg":{"Weight":1,"CFrame":[0.2577131390571594,-0.06781089305877686,0.13478660583496095,0.8404944539070129,0.40055254101753237,-0.36486533284187319,-0.4527168571949005,0.8891525864601135,-0.06674695760011673,0.29768526554107668,0.2212810516357422,0.9286646842956543],"EasingStyle":"Linear","EasingDirection":"Out"}}},{"Time":0.03333333507180214,"poses":{"Left Leg":{"Weight":1,"CFrame":[-0.7520943284034729,0.8167791366577148,0.12394857406616211,0.7583854794502258,-0.5842033624649048,0.2890637516975403,0.5644632577896118,0.8104051351547241,0.15692247450351716,-0.3259335160255432,0.0441582016646862,0.9443609118461609],"EasingStyle":"Linear","EasingDirection":"Out"},"Right Arm":{"Weight":1,"CFrame":[-0.16936944425106049,-0.32754069566726687,0.3087266683578491,-0.4111393690109253,-0.767284095287323,0.49217838048934939,0.9045984745025635,-0.2767553925514221,0.3242036998271942,-0.11254327744245529,0.5785166621208191,0.807869017124176],"EasingStyle":"Linear","EasingDirection":"Out"},"Left Arm":{"Weight":1,"CFrame":[-0.0935179591178894,-0.21280956268310548,0.0921555757522583,0.9910658597946167,0.06543880701065064,-0.11621632426977158,-0.018548093736171724,0.9305169582366943,0.3657788336277008,0.13207730650901795,-0.3603553771972656,0.923417329788208],"EasingStyle":"Linear","EasingDirection":"Out"},"Head":{"Weight":1,"CFrame":[7.217749953269959e-8,1.210719347000122e-8,2.384185791015625e-7,0.6043056845664978,0.7960157990455627,0.03425692021846771,-0.7874075770378113,0.5900996923446655,0.17824605107307435,0.12167168408632279,-0.13468925654888154,0.9833894371986389],"EasingStyle":"Linear","EasingDirection":"Out"},"Torso":{"Weight":1,"CFrame":[-0.023444384336471559,3.3527612686157229e-8,-0.2854747772216797,0.6418663263320923,-0.7627386450767517,0.07897693663835526,0.7654242515563965,0.6434973478317261,-0.006074124481528997,-0.04618849232792854,0.06434962898492813,0.9968579411506653],"EasingStyle":"Linear","EasingDirection":"Out"},"HumanoidRootPart":{"Weight":1,"CFrame":[0,0,0,1,0,0,0,1,0,0,0,1],"EasingStyle":"Linear","EasingDirection":"In"},"Right Leg":{"Weight":1,"CFrame":[0.3004714548587799,-0.08418762683868408,0.15604281425476075,0.8013562560081482,0.4671964645385742,-0.37357139587402346,-0.5229458212852478,0.8503704071044922,-0.058290980756282809,0.29044073820114138,0.24206949770450593,0.9257680773735046],"EasingStyle":"Linear","EasingDirection":"Out"}}},{"Time":0.06666667014360428,"poses":{"Left Leg":{"Weight":1,"CFrame":[-0.7527071237564087,0.8320421576499939,0.08418464660644531,0.7760540246963501,-0.5651959776878357,0.2798099219799042,0.5309032797813416,0.8249544501304627,0.1938861757516861,-0.34041422605514529,-0.0019141926895827056,0.940273642539978],"EasingStyle":"Linear","EasingDirection":"Out"},"Right Arm":{"Weight":1,"CFrame":[-0.07987386733293534,-0.3110577464103699,0.27039146423339846,-0.43499210476875307,-0.7389019131660461,0.5145929455757141,0.8989234566688538,-0.32326653599739077,0.2956945300102234,-0.052138540893793109,0.5912044644355774,0.8048346638679504],"EasingStyle":"Linear","EasingDirection":"Out"},"Left Arm":{"Weight":1,"CFrame":[-0.13981932401657105,-0.18715405464172364,0.13769984245300294,0.9429184198379517,0.06915029138326645,-0.325765460729599,0.05764411389827728,0.929548978805542,0.3641645312309265,0.32799702882766726,-0.362155944108963,0.8725027441978455],"EasingStyle":"Linear","EasingDirection":"Out"},"Head":{"Weight":1,"CFrame":[7.078051567077637e-8,1.210719347000122e-8,-5.960464477539063e-8,0.6000443696975708,0.7996921539306641,0.020960284397006036,-0.7921481132507324,0.5903213620185852,0.15499013662338258,0.11157107353210449,-0.1096045970916748,0.9876936674118042],"EasingStyle":"Linear","EasingDirection":"Out"},"Torso":{"Weight":1,"CFrame":[-0.0013340413570404053,2.9802322387695315e-8,-0.32750868797302248,0.6361518502235413,-0.7691673040390015,0.060765884816646579,0.7699463367462158,0.6379433870315552,0.014520687982439995,-0.049934033304452899,0.037549108266830447,0.9980463981628418],"EasingStyle":"Linear","EasingDirection":"Out"},"HumanoidRootPart":{"Weight":1,"CFrame":[0,0,0,1,0,0,0,1,0,0,0,1],"EasingStyle":"Linear","EasingDirection":"In"},"Right Leg":{"Weight":1,"CFrame":[0.31785517930984499,-0.0994875431060791,0.18040156364440919,0.7438560128211975,0.5367870926856995,-0.3981679081916809,-0.5944892764091492,0.8036434650421143,-0.027197007089853288,0.30538615584373476,0.25693726539611819,0.9169092774391174],"EasingStyle":"Linear","EasingDirection":"Out"}}},{"Time":0.10000000149011612,"poses":{"Left Leg":{"Weight":1,"CFrame":[-0.7149013876914978,0.8300756216049194,0.08014094829559326,0.8182055354118347,-0.4966762065887451,0.2895728349685669,0.45680156350135805,0.8674506545066834,0.19713355600833894,-0.3491017520427704,-0.029018457978963853,0.936635434627533],"EasingStyle":"Linear","EasingDirection":"Out"},"Right Arm":{"Weight":1,"CFrame":[0.016015280038118364,-0.29435423016548159,0.1577855348587036,-0.4076284170150757,-0.7173457741737366,0.565025806427002,0.9077128767967224,-0.2509063184261322,0.33630847930908205,-0.09948086738586426,0.6499699950218201,0.7534204721450806],"EasingStyle":"Linear","EasingDirection":"Out"},"Left Arm":{"Weight":1,"CFrame":[-0.1952502578496933,-0.15440422296524049,0.19136571884155274,0.8011302351951599,0.09913521260023117,-0.5902224779129028,0.12959356606006623,0.934054434299469,0.3327879011631012,0.5842909216880798,-0.3430955111980438,0.7354519963264465],"EasingStyle":"Linear","EasingDirection":"Out"},"Head":{"Weight":1,"CFrame":[7.450580596923828e-8,2.3283064365386964e-9,2.384185791015625e-7,0.5936888456344605,0.8046574592590332,0.0077379425056278709,-0.7984173893928528,0.5878316164016724,0.13032177090644837,0.10031577199697495,-0.08354869484901428,0.991441547870636],"EasingStyle":"Linear","EasingDirection":"Out"},"Torso":{"Weight":1,"CFrame":[0.030676476657390596,1.4901161193847657e-8,-0.3679337501525879,0.6274454593658447,-0.7777950763702393,0.0367010198533535,0.7771194577217102,0.6284716129302979,0.03329755738377571,-0.048964228481054309,0.00762868020683527,0.9987713694572449],"EasingStyle":"Linear","EasingDirection":"Out"},"HumanoidRootPart":{"Weight":1,"CFrame":[0,0,0,1,0,0,0,1,0,0,0,1],"EasingStyle":"Linear","EasingDirection":"In"},"Right Leg":{"Weight":1,"CFrame":[0.3094120919704437,-0.10811495780944824,0.20906412601470948,0.6678804755210877,0.6035465598106384,-0.4355079233646393,-0.6595845818519592,0.7510578036308289,0.029332878068089486,0.34479546546936037,0.26766344904899599,0.8997068405151367],"EasingStyle":"Linear","EasingDirection":"Out"}}},{"Time":0.13333334028720857,"poses":{"Left Leg":{"Weight":1,"CFrame":[-0.6312026977539063,0.7868462800979614,0.12297928333282471,0.87284255027771,-0.3699122667312622,0.3182936906814575,0.33906063437461855,0.9287899136543274,0.14962336421012879,-0.35097548365592959,-0.022676769644021989,0.9361100196838379],"EasingStyle":"Linear","EasingDirection":"Out"},"Right Arm":{"Weight":1,"CFrame":[0.10682140290737152,-0.2938055396080017,0.008392810821533203,-0.3262783885002136,-0.6957238912582398,0.6399303674697876,0.9104304909706116,-0.049181051552295688,0.41072800755500796,-0.25428077578544619,0.7166236639022827,0.6494548916816711],"EasingStyle":"Linear","EasingDirection":"Out"},"Left Arm":{"Weight":1,"CFrame":[-0.24709907174110413,-0.12114879488945008,0.24072015285491944,0.5706841945648193,0.13115999102592469,-0.8106273412704468,0.17508698999881745,0.9450269341468811,0.2761676013469696,0.8022868037223816,-0.29953479766845705,0.5163475275039673],"EasingStyle":"Linear","EasingDirection":"Out"},"Head":{"Weight":1,"CFrame":[8.568167686462403e-8,-1.862645149230957e-9,3.5762786865234377e-7,0.5855445265769959,0.8106328248977661,-0.0034612086601555349,-0.8060029149055481,0.5826456546783447,0.10432324558496475,0.08658452332019806,-0.05829615145921707,0.9945374131202698],"EasingStyle":"Linear","EasingDirection":"Out"},"Torso":{"Weight":1,"CFrame":[0.06862707436084748,1.4901161193847657e-8,-0.40549659729003909,0.6161381602287293,-0.7876102328300476,0.006631170399487019,0.7864740490913391,0.6156632304191589,0.04916650801897049,-0.04280661791563034,-0.025078115984797479,0.9987685680389404],"EasingStyle":"Linear","EasingDirection":"Out"},"HumanoidRootPart":{"Weight":1,"CFrame":[0,0,0,1,0,0,0,1,0,0,0,1],"EasingStyle":"Linear","EasingDirection":"In"},"Right Leg":{"Weight":1,"CFrame":[0.2743569314479828,-0.10266745090484619,0.24020612239837647,0.5737936496734619,0.6630351543426514,-0.4807756841182709,-0.7091207504272461,0.6959074139595032,0.11340423673391342,0.4097664952278137,0.2758573293685913,0.8694792985916138],"EasingStyle":"Linear","EasingDirection":"Out"}}},{"Time":0.1666666716337204,"poses":{"Left Leg":{"Weight":1,"CFrame":[-0.5252501368522644,0.6660903692245483,0.17491817474365235,0.9206164479255676,-0.19846847653388978,0.3362669348716736,0.18800362944602967,0.9800968170166016,0.06375609338283539,-0.34222790598869326,0.004524567164480686,0.9396061301231384],"EasingStyle":"Linear","EasingDirection":"Out"},"Right Arm":{"Weight":1,"CFrame":[0.17781221866607667,-0.31045687198638918,-0.11669576168060303,-0.19798624515533448,-0.6597274541854858,0.7249559760093689,0.8579921722412109,0.24098806083202363,0.4536234140396118,-0.47397348284721377,0.7118176817893982,0.5183286666870117],"EasingStyle":"Linear","EasingDirection":"Out"},"Left Arm":{"Weight":1,"CFrame":[-0.2847798764705658,-0.09215256571769715,0.279422402381897,0.33188724517822268,0.14630639553070069,-0.931904137134552,0.18388734757900239,0.9589128494262695,0.21603597700595857,0.9252222776412964,-0.24306493997573853,0.29134708642959597],"EasingStyle":"Linear","EasingDirection":"Out"},"Head":{"Weight":1,"CFrame":[9.685754776000977e-8,1.1175870895385743e-8,-1.1920928955078126e-7,0.5759549140930176,0.8174101710319519,-0.010796387679874897,-0.8145710825920105,0.5749677419662476,0.07672035694122315,0.0689195841550827,-0.035393036901950839,0.9969941973686218],"EasingStyle":"Linear","EasingDirection":"Out"},"Torso":{"Weight":1,"CFrame":[0.10855771601200104,1.4901161193847657e-8,-0.43889546394348147,0.6025118827819824,-0.7975599765777588,-0.02962217479944229,0.7975038290023804,0.6001933813095093,0.061282433569431308,-0.03109738603234291,-0.06054719164967537,0.9976807832717896],"EasingStyle":"Linear","EasingDirection":"Out"},"HumanoidRootPart":{"Weight":1,"CFrame":[0,0,0,1,0,0,0,1,0,0,0,1],"EasingStyle":"Linear","EasingDirection":"In"},"Right Leg":{"Weight":1,"CFrame":[0.21487170457839967,-0.07452583312988281,0.2682359218597412,0.4641451835632324,0.7122189402580261,-0.526605486869812,-0.7322393655776978,0.6430466771125794,0.22431321442127229,0.49839216470718386,0.2814873456954956,0.8199818730354309],"EasingStyle":"Linear","EasingDirection":"Out"}}},{"Time":0.20000000298023225,"poses":{"Left Leg":{"Weight":1,"CFrame":[-0.4564715027809143,0.5049728155136108,0.1701415777206421,0.9508110880851746,-0.060085710138082507,0.3038881719112396,0.06289984285831452,0.9980196952819824,0.0005292369169183075,-0.30331820249557497,0.018611254170536996,0.9527075290679932],"EasingStyle":"Linear","EasingDirection":"Out"},"Right Arm":{"Weight":1,"CFrame":[0.22038285434246064,-0.31856125593185427,-0.17542380094528199,-0.05069442093372345,-0.6101582050323486,0.7906560897827148,0.7445968389511108,0.5045152306556702,0.4370811879634857,-0.6655866503715515,0.610877513885498,0.4287458062171936],"EasingStyle":"Linear","EasingDirection":"Out"},"Left Arm":{"Weight":1,"CFrame":[-0.3047366142272949,-0.07188364863395691,0.30274736881256106,0.16474515199661256,0.14323101937770844,-0.9758810997009277,0.16521818935871125,0.9714134335517883,0.1704668402671814,0.9724001288414002,-0.18931683897972108,0.13637122511863709],"EasingStyle":"Linear","EasingDirection":"Out"},"Head":{"Weight":1,"CFrame":[1.0058283805847168e-7,3.3527612686157229e-8,-1.1920928955078126e-7,0.565521776676178,0.8246281743049622,-0.013176708482205868,-0.8234202861785889,0.5654504299163818,0.04737817868590355,0.046520162373781207,-0.01594344899058342,0.9987900853157044],"EasingStyle":"Linear","EasingDirection":"Out"},"Torso":{"Weight":1,"CFrame":[0.1465083658695221,0,-0.46683335304260256,0.5870684385299683,-0.806376576423645,-0.07146716117858887,0.8094135522842407,0.5831431150436401,0.06923709809780121,-0.014155563898384571,-0.09849339723587036,0.9950370192527771],"EasingStyle":"Linear","EasingDirection":"Out"},"HumanoidRootPart":{"Weight":1,"CFrame":[0,0,0,1,0,0,0,1,0,0,0,1],"EasingStyle":"Linear","EasingDirection":"In"},"Right Leg":{"Weight":1,"CFrame":[0.13936078548431397,-0.018749713897705079,0.2833198308944702,0.3467513620853424,0.7503804564476013,-0.5627545714378357,-0.7192721366882324,0.5978116393089294,0.35393330454826357,0.6020058989524841,0.2820468842983246,0.7470197677612305],"EasingStyle":"Linear","EasingDirection":"Out"}}},{"Time":0.23333333432674409,"poses":{"Left Leg":{"Weight":1,"CFrame":[-0.46116405725479128,0.40824466943740847,0.15503430366516114,0.9645495414733887,-0.047230713069438937,0.25964078307151797,0.057115036994218829,0.9978969097137451,-0.030653532594442369,-0.2576470673084259,0.04439627006649971,0.9652186632156372],"EasingStyle":"Linear","EasingDirection":"Out"},"Right Arm":{"Weight":1,"CFrame":[0.23714986443519593,-0.30706363916397097,-0.1639174222946167,0.09406096488237381,-0.574727475643158,0.8129211664199829,0.6328222155570984,0.6648734211921692,0.3968369662761688,-0.7685626745223999,0.47710761427879336,0.4262389540672302],"EasingStyle":"Linear","EasingDirection":"Out"},"Left Arm":{"Weight":1,"CFrame":[-0.3073011040687561,-0.06582656502723694,0.30252814292907717,0.10299091041088104,0.13030992448329926,-0.9861096143722534,0.13238418102264405,0.9807661175727844,0.14343027770519257,0.9858332872390747,-0.1453172266483307,0.08375894278287888],"EasingStyle":"Linear","EasingDirection":"Out"},"Head":{"Weight":1,"CFrame":[1.2665987014770509e-7,-1.862645149230957e-8,2.384185791015625e-7,0.5558990836143494,0.8311583995819092,-0.012329195626080037,-0.8309758305549622,0.5560354590415955,0.017425833269953729,0.021339135244488717,0.0005582410958595574,0.9997721314430237],"EasingStyle":"Linear","EasingDirection":"Out"},"Torso":{"Weight":1,"CFrame":[0.17851883172988892,0,-0.48807358741760256,0.5717171430587769,-0.8122860789299011,-0.11545935273170471,0.8204345703125,0.5669012069702148,0.07423011213541031,0.005157969892024994,-0.13716545701026917,0.9905347228050232],"EasingStyle":"Linear","EasingDirection":"Out"},"HumanoidRootPart":{"Weight":1,"CFrame":[0,0,0,1,0,0,0,1,0,0,0,1],"EasingStyle":"Linear","EasingDirection":"In"},"Right Leg":{"Weight":1,"CFrame":[0.06439460813999176,0.055948853492736819,0.2757904529571533,0.2388104945421219,0.7794394493103027,-0.5791749358177185,-0.6716248989105225,0.5633465647697449,0.48120763897895815,0.7013484239578247,0.2740708291530609,0.65802401304245],"EasingStyle":"Linear","EasingDirection":"Out"}}},{"Time":0.2666666805744171,"poses":{"Left Leg":{"Weight":1,"CFrame":[-0.5200005769729614,0.36732685565948489,0.16184186935424806,0.9628629684448242,-0.13047052919864655,0.23637321591377259,0.14670546352863313,0.9877927899360657,-0.05237245932221413,-0.22665473818778993,0.08510477095842362,0.9702498912811279],"EasingStyle":"Linear","EasingDirection":"Out"},"Right Arm":{"Weight":1,"CFrame":[0.23878172039985658,-0.28704699873924258,-0.12255924940109253,0.2249355912208557,-0.5493032336235046,0.8047795295715332,0.5492302775382996,0.7537062764167786,0.3609333038330078,-0.8048292398452759,0.3608224093914032,0.47122931480407717],"EasingStyle":"Linear","EasingDirection":"Out"},"Left Arm":{"Weight":1,"CFrame":[-0.2961099147796631,-0.07381865382194519,0.2817727327346802,0.12077493965625763,0.11431235074996948,-0.9860761165618897,0.0912867933511734,0.9878594279289246,0.12569977343082429,0.988473653793335,-0.10519707947969437,0.10887336730957031],"EasingStyle":"Linear","EasingDirection":"Out"},"Head":{"Weight":1,"CFrame":[8.195638656616211e-8,-3.725290298461914e-9,2.384185791015625e-7,0.5492025017738342,0.835623025894165,-0.010525556281208992,-0.835679829120636,0.5490928292274475,-0.011672411113977433,-0.003974214196205139,0.015206522308290005,0.9998764991760254],"EasingStyle":"Linear","EasingDirection":"Out"},"Torso":{"Weight":1,"CFrame":[0.20062920451164246,0,-0.5014979839324951,0.5591711401939392,-0.8139554262161255,-0.1574937254190445,0.8287149667739868,0.5541837215423584,0.07817845046520233,0.023646686226129533,-0.17423254251480103,0.9844205975532532],"EasingStyle":"Linear","EasingDirection":"Out"},"HumanoidRootPart":{"Weight":1,"CFrame":[0,0,0,1,0,0,0,1,0,0,0,1],"EasingStyle":"Linear","EasingDirection":"In"},"Right Leg":{"Weight":1,"CFrame":[0.0057024359703063969,0.12980496883392335,0.24682199954986573,0.15802901983261109,0.8029568195343018,-0.5747061371803284,-0.6070030927658081,0.5380575656890869,0.5848429799079895,0.7788286805152893,0.2564261853694916,0.5724260210990906],"EasingStyle":"Linear","EasingDirection":"Out"}}},{"Time":0.30000001192092898,"poses":{"Left Leg":{"Weight":1,"CFrame":[-0.5568872690200806,0.32256072759628298,0.1646817922592163,0.9546698331832886,-0.19572800397872926,0.224267840385437,0.21530944108963014,0.9742977619171143,-0.06622470170259476,-0.2055416703224182,0.11150968074798584,0.9722747802734375],"EasingStyle":"Linear","EasingDirection":"Out"},"Right Arm":{"Weight":1,"CFrame":[0.23520216345787049,-0.2629152536392212,-0.08944594860076904,0.3341391086578369,-0.514533281326294,0.7896876931190491,0.4770760238170624,0.8149155974388123,0.3291064500808716,-0.8128650188446045,0.266773521900177,0.5177666544914246],"EasingStyle":"Linear","EasingDirection":"Out"},"Left Arm":{"Weight":1,"CFrame":[-0.2770625352859497,-0.08949697017669678,0.2523099184036255,0.17368663847446443,0.0990118682384491,-0.9798110127449036,0.045210640877485278,0.9930823445320129,0.1083672046661377,0.9837626218795776,-0.06311976164579392,0.16800865530967713],"EasingStyle":"Linear","EasingDirection":"Out"},"Head":{"Weight":1,"CFrame":[9.685754776000977e-8,6.332993507385254e-8,1.1920928955078126e-7,0.5477655529975891,0.836574375629425,-0.009805492125451565,-0.8362040519714356,0.5470731258392334,-0.038390617817640308,-0.026752296835184099,0.029228437691926957,0.9992147088050842],"EasingStyle":"Linear","EasingDirection":"Out"},"Torso":{"Weight":1,"CFrame":[0.20887935161590577,1.4901161193847657e-8,-0.5061526298522949,0.5525931715965271,-0.8106622099876404,-0.19356556236743928,0.8325607776641846,0.5476415753364563,0.08325360715389252,0.03851402923464775,-0.20716045796871186,0.9775485992431641],"EasingStyle":"Linear","EasingDirection":"Out"},"HumanoidRootPart":{"Weight":1,"CFrame":[0,0,0,1,0,0,0,1,0,0,0,1],"EasingStyle":"Linear","EasingDirection":"In"},"Right Leg":{"Weight":1,"CFrame":[-0.02913716435432434,0.18268096446990968,0.2104271650314331,0.11391816288232804,0.8225537538528442,-0.5571607351303101,-0.5522554516792297,0.5186125636100769,0.6527287364006043,0.8258550763130188,0.23333740234375,0.5133391618728638],"EasingStyle":"Linear","EasingDirection":"Out"}}},{"Time":0.3333333432674408,"poses":{"Left Leg":{"Weight":1,"CFrame":[-0.57529616355896,0.287437379360199,0.168015718460083,0.9429299831390381,-0.24522504210472108,0.22527258098125459,0.2663673162460327,0.9614458084106445,-0.06834013760089874,-0.19982868432998658,0.12444529682397843,0.9718960523605347],"EasingStyle":"Linear","EasingDirection":"Out"},"Right Arm":{"Weight":1,"CFrame":[0.2289985865354538,-0.23780027031898499,-0.06412714719772339,0.42570415139198305,-0.47664007544517519,0.7691490650177002,0.41794514656066897,0.8574875593185425,0.30006128549575808,-0.8025570511817932,0.19372475147247315,0.5642454624176025],"EasingStyle":"Linear","EasingDirection":"Out"},"Left Arm":{"Weight":1,"CFrame":[-0.2535289525985718,-0.10986313223838806,0.21686148643493653,0.24974000453948975,0.08739650249481201,-0.9643608331680298,-0.002178327413275838,0.9959667325019836,0.0896964892745018,0.9683104753494263,-0.02030007354915142,0.24892306327819825],"EasingStyle":"Linear","EasingDirection":"Out"},"Head":{"Weight":1,"CFrame":[6.752088665962219e-8,-4.563480615615845e-8,1.1920928955078126e-7,0.5534569025039673,0.8328037858009338,-0.011102141812443734,-0.831660807132721,0.5518787503242493,-0.061402030289173129,-0.045008834451436999,0.04321661591529846,0.9980513453483582],"EasingStyle":"Linear","EasingDirection":"Out"},"Torso":{"Weight":1,"CFrame":[0.20863139629364015,0,-0.506587028503418,0.5546503663063049,-0.802341878414154,-0.2204779088497162,0.8306959867477417,0.5492287874221802,0.0910593569278717,0.04803207144141197,-0.23365625739097596,0.9711321592330933],"EasingStyle":"Linear","EasingDirection":"Out"},"HumanoidRootPart":{"Weight":1,"CFrame":[0,0,0,1,0,0,0,1,0,0,0,1],"EasingStyle":"Linear","EasingDirection":"In"},"Right Leg":{"Weight":1,"CFrame":[-0.04285876452922821,0.21094197034835816,0.18195056915283204,0.09842215478420258,0.8387095332145691,-0.5356113910675049,-0.5208663940429688,0.5020284056663513,0.6904096603393555,0.8479453325271606,0.21103036403656007,0.4862663745880127],"EasingStyle":"Linear","EasingDirection":"Out"}}},{"Time":0.36666667461395266,"poses":{"Left Leg":{"Weight":1,"CFrame":[-0.5841323733329773,0.2659562826156616,0.1745086908340454,0.9290302991867065,-0.2850037217140198,0.2359568178653717,0.30694779753685,0.9497449994087219,-0.06137985736131668,-0.20660535991191865,0.12945015728473664,0.9698231220245361],"EasingStyle":"Linear","EasingDirection":"Out"},"Right Arm":{"Weight":1,"CFrame":[0.22166375815868379,-0.2137070894241333,-0.045642316341400149,0.5032452344894409,-0.4391113817691803,0.7442617416381836,0.3713092803955078,0.8875893354415894,0.27260687947273257,-0.7803035974502564,0.13916318118572236,0.6097211837768555],"EasingStyle":"Linear","EasingDirection":"Out"},"Left Arm":{"Weight":1,"CFrame":[-0.22845372557640077,-0.13208404183387757,0.17853260040283204,0.33592715859413149,0.08139204978942871,-0.9383647441864014,-0.04734758287668228,0.9964590072631836,0.06948089599609375,0.940697193145752,0.02108883671462536,0.33859124779701235],"EasingStyle":"Linear","EasingDirection":"Out"},"Head":{"Weight":1,"CFrame":[8.381903171539307e-8,1.2665987014770509e-7,0,0.5657394528388977,0.8244985342025757,-0.011873811483383179,-0.8224120736122131,0.5631463527679443,-0.08065109699964524,-0.059810031205415729,0.055392660200595859,0.9966716766357422],"EasingStyle":"Linear","EasingDirection":"Out"},"Torso":{"Weight":1,"CFrame":[0.20789563655853272,0,-0.507835865020752,0.5650020837783814,-0.789986252784729,-0.23810581862926484,0.8233643174171448,0.5584849715232849,0.10082539916038513,0.053327854722738269,-0.25301438570022585,0.9659916758537293],"EasingStyle":"Linear","EasingDirection":"Out"},"HumanoidRootPart":{"Weight":1,"CFrame":[0,0,0,1,0,0,0,1,0,0,0,1],"EasingStyle":"Linear","EasingDirection":"In"},"Right Leg":{"Weight":1,"CFrame":[-0.04153729975223541,0.2230045199394226,0.16673672199249268,0.0979091003537178,0.851995050907135,-0.5143135190010071,-0.5082314014434815,0.48713093996047976,0.7102141380310059,0.8556370139122009,0.1918538212776184,0.480705201625824],"EasingStyle":"Linear","EasingDirection":"Out"}}},{"Time":0.4000000059604645,"poses":{"Left Leg":{"Weight":1,"CFrame":[-0.585407018661499,0.25701767206192019,0.18418145179748536,0.9141308665275574,-0.31577035784721377,0.2542710602283478,0.33777979016304018,0.9400543570518494,-0.046932633966207507,-0.22420871257781983,0.12879016995429994,0.9659935832023621],"EasingStyle":"Linear","EasingDirection":"Out"},"Right Arm":{"Weight":1,"CFrame":[0.21406053006649018,-0.19180133938789369,-0.03297024965286255,0.569595992565155,-0.4038574695587158,0.7158627510070801,0.3358362019062042,0.909292995929718,0.2457648068666458,-0.7501829266548157,0.1004258468747139,0.6535596251487732],"EasingStyle":"Linear","EasingDirection":"Out"},"Left Arm":{"Weight":1,"CFrame":[-0.20421329140663148,-0.15351179242134095,0.14066743850708009,0.4192761480808258,0.08150243759155274,-0.9041929244995117,-0.08727170526981354,0.9949679970741272,0.04921657592058182,0.9036543369293213,0.058275140821933749,0.42427924275398257],"EasingStyle":"Linear","EasingDirection":"Out"},"Head":{"Weight":1,"CFrame":[4.6566128730773929e-8,3.725290298461914e-8,1.1920928955078126e-7,0.5838764309883118,0.8117481470108032,-0.01237831637263298,-0.8087068200111389,0.5802148580551148,-0.09666426479816437,-0.0712849572300911,0.06645041704177857,0.9952400922775269],"EasingStyle":"Linear","EasingDirection":"Out"},"Torso":{"Weight":1,"CFrame":[0.20668447017669679,0,-0.509819507598877,0.5823536515235901,-0.7743740081787109,-0.2474048137664795,0.8110331296920776,0.5742400288581848,0.1116856187582016,0.05558330938220024,-0.2656940221786499,0.9624537229537964],"EasingStyle":"Linear","EasingDirection":"Out"},"HumanoidRootPart":{"Weight":1,"CFrame":[0,0,0,1,0,0,0,1,0,0,0,1],"EasingStyle":"Linear","EasingDirection":"In"},"Right Leg":{"Weight":1,"CFrame":[-0.027368217706680299,0.22107934951782227,0.1661585569381714,0.10738492012023926,0.862508237361908,-0.4945180118083954,-0.5127825140953064,0.47418075799942019,0.7156860828399658,0.851776123046875,0.1767263412475586,0.49319911003112795],"EasingStyle":"Linear","EasingDirection":"Out"}}},{"Time":0.4333333373069763,"poses":{"Left Leg":{"Weight":1,"CFrame":[-0.5805630683898926,0.25923460721969607,0.19632017612457276,0.8988561034202576,-0.33845633268356326,0.27839726209640505,0.35947978496551516,0.9327723383903503,-0.026645155623555185,-0.25066307187080386,0.12402836233377457,0.9600963592529297],"EasingStyle":"Linear","EasingDirection":"Out"},"Right Arm":{"Weight":1,"CFrame":[0.20670081675052644,-0.1726721227169037,-0.025188684463500978,0.6268312335014343,-0.37191319465637209,0.6846628189086914,0.30998820066452029,0.9252248406410217,0.21878363192081452,-0.7148355841636658,0.07509680092334748,0.695248544216156],"EasingStyle":"Linear","EasingDirection":"Out"},"Left Arm":{"Weight":1,"CFrame":[-0.18260923027992249,-0.17165058851242066,0.10658812522888184,0.48846572637557986,0.08679482340812683,-0.8682556748390198,-0.11984977126121521,0.9922836422920227,0.03176777437329292,0.8643131852149963,0.08854281902313233,0.49509885907173159],"EasingStyle":"Linear","EasingDirection":"Out"},"Head":{"Weight":1,"CFrame":[8.940696716308594e-8,-1.6391277313232423e-7,1.1920928955078126e-7,0.6071017980575562,0.7944977283477783,-0.014167985878884793,-0.7907337546348572,0.6022713780403137,-0.10958719253540039,-0.07853376865386963,0.07773367315530777,0.9938762187957764],"EasingStyle":"Linear","EasingDirection":"Out"},"Torso":{"Weight":1,"CFrame":[0.20501023530960084,0,-0.5124576091766357,0.6052495241165161,-0.755955696105957,-0.24940738081932069,0.794089138507843,0.5952678322792053,0.12279479950666428,0.05563676729798317,-0.27237316966056826,0.9605817794799805],"EasingStyle":"Linear","EasingDirection":"Out"},"HumanoidRootPart":{"Weight":1,"CFrame":[0,0,0,1,0,0,0,1,0,0,0,1],"EasingStyle":"Linear","EasingDirection":"In"},"Right Leg":{"Weight":1,"CFrame":[-0.0014143288135528565,0.2070809006690979,0.1782909631729126,0.12384580820798874,0.8707087635993958,-0.4759502708911896,-0.531581699848175,0.4632277488708496,0.7091126441955566,0.8379039764404297,0.16518571972846986,0.5202216506004334],"EasingStyle":"Linear","EasingDirection":"Out"}}},{"Time":0.46666666865348818,"poses":{"Left Leg":{"Weight":1,"CFrame":[-0.5706301927566528,0.27098697423934939,0.2097768783569336,0.883651614189148,-0.3538042902946472,0.30656522512435915,0.37243252992630007,0.928056001663208,-0.002447869861498475,-0.28364378213882449,0.11633796244859696,0.9518464803695679],"EasingStyle":"Linear","EasingDirection":"Out"},"Right Arm":{"Weight":1,"CFrame":[0.1999034583568573,-0.1565198302268982,-0.0215073823928833,0.6763967871665955,-0.34383058547973635,0.6513584852218628,0.2922669053077698,0.9370424747467041,0.19113197922706605,-0.6760676503181458,0.0610894113779068,0.734302818775177],"EasingStyle":"Linear","EasingDirection":"Out"},"Left Arm":{"Weight":1,"CFrame":[-0.16504636406898499,-0.18407633900642396,0.07938551902770996,0.5346956253051758,0.09534627199172974,-0.8396485447883606,-0.14390316605567933,0.9893750548362732,0.02070958912372589,0.8327019214630127,0.1097547858953476,0.5427351593971252],"EasingStyle":"Linear","EasingDirection":"Out"},"Head":{"Weight":1,"CFrame":[1.30385160446167e-7,-9.12696123123169e-8,2.384185791015625e-7,0.634056568145752,0.7731165289878845,-0.016219185665249826,-0.7689037322998047,0.6280940771102905,-0.1195194348692894,-0.08221525698900223,0.08825308084487915,0.992699384689331],"EasingStyle":"Linear","EasingDirection":"Out"},"Torso":{"Weight":1,"CFrame":[0.20288538932800294,0,-0.5156693458557129,0.6321466565132141,-0.7350422143936157,-0.24516034126281739,0.772951602935791,0.6203300952911377,0.13317792117595673,0.054188940674066547,-0.2736850678920746,0.9602916240692139],"EasingStyle":"Linear","EasingDirection":"Out"},"HumanoidRootPart":{"Weight":1,"CFrame":[0,0,0,1,0,0,0,1,0,0,0,1],"EasingStyle":"Linear","EasingDirection":"In"},"Right Leg":{"Weight":1,"CFrame":[0.0358390212059021,0.18305480480194093,0.19904959201812745,0.1458168923854828,0.877083420753479,-0.45767033100128176,-0.5608314275741577,0.4543839395046234,0.6921006441116333,0.8149880766868591,0.15575595200061799,0.5581528544425964],"EasingStyle":"Linear","EasingDirection":"Out"}}},{"Time":0.5,"poses":{"Left Leg":{"Weight":1,"CFrame":[-0.5565122961997986,0.29040640592575076,0.22323238849639893,0.868955135345459,-0.3624233603477478,0.3369959592819214,0.3770536184310913,0.9258930087089539,0.023509260267019273,-0.32054251432418826,0.10663701593875885,0.94121253490448],"EasingStyle":"Linear","EasingDirection":"Out"},"Right Arm":{"Weight":1,"CFrame":[0.19387772679328919,-0.1432894766330719,-0.021252036094665529,0.7192579507827759,-0.31988614797592165,0.6167177557945252,0.2812971770763397,0.9457634091377258,0.16249148547649384,-0.6352478861808777,0.056607477366924289,0.7702309489250183],"EasingStyle":"Linear","EasingDirection":"Out"},"Left Arm":{"Weight":1,"CFrame":[-0.15282076597213746,-0.18834397196769715,0.06189000606536865,0.5508649349212647,0.1049601286649704,-0.8279681205749512,-0.15852954983711244,0.9871582984924316,0.019667211920022966,0.819399893283844,0.12042345106601715,0.5604301691055298],"EasingStyle":"Linear","EasingDirection":"Out"},"Head":{"Weight":1,"CFrame":[1.0989606380462647e-7,-5.4016709327697757e-8,1.1920928955078126e-7,0.6633486151695252,0.7481040954589844,-0.017576294019818307,-0.7436837553977966,0.6564574241638184,-0.1264837384223938,-0.08308487385511399,0.0969739705324173,0.9918129444122315],"EasingStyle":"Linear","EasingDirection":"Out"},"Torso":{"Weight":1,"CFrame":[0.20032215118408204,0,-0.5193746089935303,0.6614857912063599,-0.7119302749633789,-0.23577937483787538,0.7481616735458374,0.6481855511665344,0.14180821180343629,0.05187125876545906,-0.27020519971847536,0.9614044427871704],"EasingStyle":"Linear","EasingDirection":"Out"},"HumanoidRootPart":{"Weight":1,"CFrame":[0,0,0,1,0,0,0,1,0,0,0,1],"EasingStyle":"Linear","EasingDirection":"In"},"Right Leg":{"Weight":1,"CFrame":[0.08384495973587036,0.1516532301902771,0.22333300113677979,0.1726115196943283,0.8819605708122253,-0.4385780394077301,-0.596251904964447,0.4479730725288391,0.6661860942840576,0.7840209603309631,0.1465115249156952,0.6031959652900696],"EasingStyle":"Linear","EasingDirection":"Out"}}},{"Time":0.5333333611488342,"poses":{"Left Leg":{"Weight":1,"CFrame":[-0.5391683578491211,0.31535661220550539,0.23544692993164063,0.855308473110199,-0.3648301362991333,0.36789456009864809,0.3739885091781616,0.9261406660079956,0.04895015060901642,-0.358580619096756,0.09572087973356247,0.9285781979560852],"EasingStyle":"Linear","EasingDirection":"Out"},"Right Arm":{"Weight":1,"CFrame":[0.1887614130973816,-0.1327589750289917,-0.023834705352783204,0.7560302019119263,-0.3001798689365387,0.5816445350646973,0.27584484219551089,0.9519892930984497,0.1327631026506424,-0.593572199344635,0.06007054075598717,0.8025357127189636],"EasingStyle":"Linear","EasingDirection":"Out"},"Left Arm":{"Weight":1,"CFrame":[-0.14537313580513,-0.18758559226989747,0.05131244659423828,0.5479398965835571,0.11762818694114685,-0.8282061815261841,-0.1678946316242218,0.9853820204734802,0.028872542083263398,0.8194957375526428,0.12323101609945297,0.5596792697906494],"EasingStyle":"Linear","EasingDirection":"Out"},"Head":{"Weight":1,"CFrame":[6.51925802230835e-8,5.587935447692871e-8,1.1920928955078126e-7,0.6936043500900269,0.7201470136642456,-0.017355216667056085,-0.7156713008880615,0.686150312423706,-0.13043153285980225,-0.08202158659696579,0.10288851708173752,0.991305410861969],"EasingStyle":"Linear","EasingDirection":"Out"},"Torso":{"Weight":1,"CFrame":[0.19733291864395142,0,-0.5234932899475098,0.6917604804039002,-0.6869990825653076,-0.22248534858226777,0.7204420566558838,0.6776089072227478,0.14767993986606599,0.04930208623409271,-0.26244693994522097,0.9636861085891724],"EasingStyle":"Linear","EasingDirection":"Out"},"HumanoidRootPart":{"Weight":1,"CFrame":[0,0,0,1,0,0,0,1,0,0,0,1],"EasingStyle":"Linear","EasingDirection":"In"},"Right Leg":{"Weight":1,"CFrame":[0.14152175188064576,0.11644351482391358,0.2462005615234375,0.20369376242160798,0.8853946924209595,-0.4178338646888733,-0.6334215998649597,0.44460391998291018,0.6333280205726624,0.7465158700942993,0.13566000759601594,0.6513911485671997],"EasingStyle":"Linear","EasingDirection":"Out"}}},{"Time":0.5666666626930237,"poses":{"Left Leg":{"Weight":1,"CFrame":[-0.5197177529335022,0.3434652090072632,0.24549055099487306,0.8434184193611145,-0.3614676296710968,0.3974752724170685,0.3642193377017975,0.9285577535629273,0.07158736884593964,-0.39495521783828738,0.0843900814652443,0.9148162007331848],"EasingStyle":"Linear","EasingDirection":"Out"},"Right Arm":{"Weight":1,"CFrame":[0.1846352517604828,-0.12460434436798096,-0.028722763061523439,0.787089467048645,-0.284667432308197,0.5472244620323181,0.27480995655059817,0.9560644626617432,0.10207951068878174,-0.5522406101226807,0.07003681361675263,0.8307377099990845],"EasingStyle":"Linear","EasingDirection":"Out"},"Left Arm":{"Weight":1,"CFrame":[-0.14091750979423524,-0.1865585744380951,0.04286074638366699,0.5419604778289795,0.13593582808971406,-0.8293373584747315,-0.17697599530220033,0.9831629395484924,0.04549773782491684,0.8215584754943848,0.12211485207080841,0.5568927526473999],"EasingStyle":"Linear","EasingDirection":"Out"},"Head":{"Weight":1,"CFrame":[4.470348358154297e-8,6.798654794692993e-8,0,0.7235215902328491,0.6901441812515259,-0.01474377978593111,-0.6856467127799988,0.7160024046897888,-0.1312602460384369,-0.08003190159797669,0.10507864505052567,0.9912382960319519],"EasingStyle":"Linear","EasingDirection":"Out"},"Torso":{"Weight":1,"CFrame":[0.19393014907836915,-2.9802322387695315e-8,-0.527944803237915,0.721581220626831,-0.6607800126075745,-0.20661631226539613,0.6907236576080322,0.7074170112609863,0.14987294375896455,0.04713083431124687,-0.2508602738380432,0.9668752551078796],"EasingStyle":"Linear","EasingDirection":"Out"},"HumanoidRootPart":{"Weight":1,"CFrame":[0,0,0,1,0,0,0,1,0,0,0,1],"EasingStyle":"Linear","EasingDirection":"In"},"Right Leg":{"Weight":1,"CFrame":[0.20697182416915894,0.08188581466674805,0.2638413906097412,0.23833727836608888,0.887132465839386,-0.3952105939388275,-0.6681410074234009,0.4451093375682831,0.5962088704109192,0.7048282623291016,0.12195764482021332,0.6988158226013184],"EasingStyle":"Linear","EasingDirection":"Out"}}},{"Time":0.6000000238418579,"poses":{"Left Leg":{"Weight":1,"CFrame":[-0.49943405389785769,0.3722187280654907,0.2528918981552124,0.8341636061668396,-0.3526914119720459,0.42400452494621279,0.34905484318733218,0.9328436851501465,0.08923743665218353,-0.42700329422950747,0.07356222718954086,0.9012529253959656],"EasingStyle":"Linear","EasingDirection":"Out"},"Right Arm":{"Weight":1,"CFrame":[0.18152198195457459,-0.11844471096992493,-0.03541523218154907,0.8126605749130249,-0.27316027879714968,0.5147486925125122,0.2772182822227478,0.9581931829452515,0.07082285732030869,-0.5125746726989746,0.08514262735843659,0.8544108867645264],"EasingStyle":"Linear","EasingDirection":"Out"},"Left Arm":{"Weight":1,"CFrame":[-0.13901489973068238,-0.18517005443572999,0.036242008209228519,0.5333404541015625,0.15884187817573548,-0.8308533430099487,-0.18557032942771913,0.9802556037902832,0.06828322261571884,0.8252948522567749,0.11776349693536759,0.5522862076759338],"EasingStyle":"Linear","EasingDirection":"Out"},"Head":{"Weight":1,"CFrame":[1.1539668776094914e-7,-6.615300662815571e-8,3.5762786865234377e-7,0.751917839050293,0.6591953635215759,-0.008997077122330666,-0.6545990109443665,0.7449164986610413,-0.12883919477462769,-0.07822814583778382,0.1027659922838211,0.9916247129440308],"EasingStyle":"Linear","EasingDirection":"Out"},"Torso":{"Weight":1,"CFrame":[0.1901259422302246,0,-0.532649040222168,0.7497313618659973,-0.6339952349662781,-0.18961258232593537,0.6601366400718689,0.7365005016326904,0.1476028710603714,0.04607024043798447,-0.23583273589611054,0.9707010388374329],"EasingStyle":"Linear","EasingDirection":"Out"},"HumanoidRootPart":{"Weight":1,"CFrame":[0,0,0,1,0,0,0,1,0,0,0,1],"EasingStyle":"Linear","EasingDirection":"In"},"Right Leg":{"Weight":1,"CFrame":[0.27742695808410647,0.05296313762664795,0.27418065071105959,0.2755759060382843,0.886664867401123,-0.3713265061378479,-0.6967958807945252,0.4503578841686249,0.5582590699195862,0.6622185707092285,0.10489598661661148,0.741932213306427],"EasingStyle":"Linear","EasingDirection":"Out"}}},{"Time":0.6333333253860474,"poses":{"Left Leg":{"Weight":1,"CFrame":[-0.4796797037124634,0.39908742904663088,0.2576850652694702,0.828554630279541,-0.3387303054332733,0.44582393765449526,0.32999634742736819,0.9386807680130005,0.09990411251783371,-0.4523269832134247,0.06434430181980133,0.8895280361175537],"EasingStyle":"Linear","EasingDirection":"Out"},"Right Arm":{"Weight":1,"CFrame":[0.17937889695167542,-0.1138806939125061,-0.04342371225357056,0.832881510257721,-0.2653063237667084,0.4857168197631836,0.282212495803833,0.9585325717926025,0.03964319825172424,-0.4760929048061371,0.10405714809894562,0.8732168078422546],"EasingStyle":"Linear","EasingDirection":"Out"},"Left Arm":{"Weight":1,"CFrame":[-0.13922590017318726,-0.1833246648311615,0.031163692474365236,0.5225215554237366,0.18530423939228059,-0.8322460651397705,-0.19345234334468842,0.9764071106910706,0.09594429284334183,0.8303899168968201,0.1108669564127922,0.5460413694381714],"EasingStyle":"Linear","EasingDirection":"Out"},"Head":{"Wei