{"Sequence":[{"Time":0,"poses":{"Left Leg":{"Weight":1,"CFrame":[-0.8395687341690064,0.6545956134796143,-0.1881490796804428,0.9912453889846802,-0.06126043200492859,0.11696028709411621,-0.01340407319366932,0.8345777988433838,0.5507267713546753,-0.13135027885437013,-0.5474734306335449,0.8264504671096802],"EasingStyle":"Linear","EasingDirection":"In"},"Right Arm":{"Weight":1,"CFrame":[-0.35714468359947207,-0.042224377393722537,0.1976865530014038,0.9893081784248352,0.06339334696531296,-0.13134248554706574,0.1267930418252945,0.07113737612962723,0.989375114440918,0.07206301391124726,-0.9954500198364258,0.062338896095752719],"EasingStyle":"Linear","EasingDirection":"In"},"Head":{"Weight":1,"CFrame":[1.4156103134155274e-7,1.2293457984924317e-7,2.682209014892578e-7,0.888116180896759,0.43500518798828127,0.1483919620513916,-0.4464074969291687,0.8932468891143799,0.05320250242948532,-0.10940725356340409,-0.11349334567785263,0.9874964952468872],"EasingStyle":"Linear","EasingDirection":"In"},"Left Arm":{"Weight":1,"CFrame":[0.2470695823431015,-0.7639467716217041,0.6420673131942749,0.36807194352149966,0.4831336438655853,0.7944210767745972,-0.24687302112579347,-0.7729552388191223,0.584460437297821,0.8964244723320007,-0.4112447202205658,-0.16523052752017976],"EasingStyle":"Linear","EasingDirection":"In"},"Torso":{"Weight":1,"CFrame":[0.10015782713890076,-0.203849658370018,-0.4811340570449829,0.8850799798965454,-0.4338333010673523,0.16858874261379243,0.46413445472717287,0.8497675657272339,-0.2499489188194275,-0.03482508286833763,0.2994726300239563,0.9534691572189331],"EasingStyle":"Linear","EasingDirection":"In"},"HumanoidRootPart":{"Weight":0,"CFrame":[0,0,0,1,0,0,0,1,0,0,0,1],"EasingStyle":"Linear","EasingDirection":"In"},"Right Leg":{"Weight":1,"CFrame":[0.41864627599716189,0.37656450271606448,-0.14472925662994386,0.9770647287368774,0.1508501172065735,-0.15029597282409669,-0.043839242309331897,0.8331822752952576,0.551257848739624,0.2083812654018402,-0.5320258140563965,0.8206862807273865],"EasingStyle":"Linear","EasingDirection":"In"}}},{"Time":0.01666666753590107,"poses":{"Left Leg":{"Weight":1,"CFrame":[-0.8688350915908814,0.7101832628250122,-0.19481854140758515,0.9857286810874939,-0.08275740593671799,0.14659540355205537,-0.014360696077346802,0.8263065218925476,0.5630373954772949,-0.1677282154560089,-0.5571075677871704,0.8133257031440735],"EasingStyle":"Linear","EasingDirection":"In"},"Right Arm":{"Weight":1,"CFrame":[-0.3273771405220032,-0.057490408420562747,0.20897799730300904,0.9847887754440308,0.12305977195501328,-0.12266840040683747,0.11088303476572037,0.09845540672540665,0.9889446496963501,0.13377664983272553,-0.9875034093856812,0.08331236243247986],"EasingStyle":"Linear","EasingDirection":"In"},"Head":{"Weight":1,"CFrame":[9.685754776000977e-8,-2.849847078323364e-7,2.384185791015625e-7,0.8856053352355957,0.44277065992355349,0.14020510017871858,-0.45178893208503725,0.8912685513496399,0.03907928988337517,-0.10765720158815384,-0.0979519933462143,0.9893510341644287],"EasingStyle":"Linear","EasingDirection":"In"},"Left Arm":{"Weight":1,"CFrame":[0.23716259002685548,-0.750167191028595,0.631625771522522,0.3995486795902252,0.46067285537719729,0.7925537824630737,-0.2751278579235077,-0.7644447684288025,0.5830340385437012,0.8744515180587769,-0.45100414752960207,-0.17868900299072267],"EasingStyle":"Linear","EasingDirection":"In"},"Torso":{"Weight":1,"CFrame":[0.11686081439256668,-0.21282705664634705,-0.5200682282447815,0.8895509243011475,-0.41670918464660647,0.18722400069236756,0.4543634355068207,0.8496070504188538,-0.26780951023101809,-0.047468140721321109,0.3232978880405426,0.9451059699058533],"EasingStyle":"Linear","EasingDirection":"In"},"HumanoidRootPart":{"Weight":0,"CFrame":[0,0,0,1,0,0,0,1,0,0,0,1],"EasingStyle":"Linear","EasingDirection":"In"},"Right Leg":{"Weight":1,"CFrame":[0.500386118888855,0.4159002900123596,-0.15277186036109925,0.9733272194862366,0.16429756581783296,-0.16012641787528993,-0.051391035318374637,0.8363598585128784,0.5457662343978882,0.22359149158000947,-0.5229803323745728,0.8224954605102539],"EasingStyle":"Linear","EasingDirection":"In"}}},{"Time":0.03333333507180214,"poses":{"Left Leg":{"Weight":1,"CFrame":[-0.8777428269386292,0.7484991550445557,-0.19366535544395448,0.9796782732009888,-0.10169681161642075,0.17288261651992799,-0.01651432365179062,0.8181081414222717,0.5748268365859985,-0.19989463686943055,-0.5660008192062378,0.799803614616394],"EasingStyle":"Linear","EasingDirection":"In"},"Right Arm":{"Weight":1,"CFrame":[-0.30239346623420718,-0.07958027720451355,0.2232760190963745,0.9804315567016602,0.15611350536346436,-0.11992716789245606,0.10267481952905655,0.11426366120576859,0.9881303906440735,0.16796380281448365,-0.9811077117919922,0.09599878638982773],"EasingStyle":"Linear","EasingDirection":"In"},"Head":{"Weight":1,"CFrame":[1.9371509552001954e-7,-5.4016709327697757e-8,-2.980232238769531e-7,0.8913905024528503,0.43492916226387026,0.1275137960910797,-0.4424896836280823,0.8960054516792297,0.0371110737323761,-0.09811226278543472,-0.08950401842594147,0.9911422729492188],"EasingStyle":"Linear","EasingDirection":"In"},"Left Arm":{"Weight":1,"CFrame":[0.22285069525241853,-0.7267148494720459,0.6218547821044922,0.4259156584739685,0.4358070194721222,0.7928860783576965,-0.3041704297065735,-0.7563680410385132,0.5791267156600952,0.8521010279655457,-0.48783159255981448,-0.18958932161331178],"EasingStyle":"Linear","EasingDirection":"In"},"Torso":{"Weight":1,"CFrame":[0.12981262803077699,-0.22043386101722718,-0.5462076663970947,0.8973488807678223,-0.39223894476890566,0.20227164030075074,0.4369237422943115,0.8541455268859863,-0.282016396522522,-0.06215158477425575,0.34144437313079836,0.9378449320793152],"EasingStyle":"Linear","EasingDirection":"In"},"HumanoidRootPart":{"Weight":0,"CFrame":[0,0,0,1,0,0,0,1,0,0,0,1],"EasingStyle":"Linear","EasingDirection":"In"},"Right Leg":{"Weight":1,"CFrame":[0.5899552702903748,0.47077441215515139,-0.16451022028923036,0.9712187647819519,0.16927827894687653,-0.1675681173801422,-0.056682344526052478,0.8475536108016968,0.5276739001274109,0.2313467413187027,-0.5029888153076172,0.8327551484107971],"EasingStyle":"Linear","EasingDirection":"In"}}},{"Time":0.05000000074505806,"poses":{"Left Leg":{"Weight":1,"CFrame":[-0.9039592742919922,0.7744582891464233,-0.18140345811843873,0.9715441465377808,-0.14327366650104524,0.18861302733421327,0.009047511033713818,0.8181760907173157,0.5748962163925171,-0.23668621480464936,-0.5568307638168335,0.7961907386779785],"EasingStyle":"Linear","EasingDirection":"In"},"Right Arm":{"Weight":1,"CFrame":[-0.2816634476184845,-0.10693779587745667,0.23857545852661134,0.9784387946128845,0.16589751839637757,-0.1230265200138092,0.10352741926908493,0.12148474156856537,0.9871795773506165,0.1787164956331253,-0.9786314368247986,0.10169044137001038],"EasingStyle":"Linear","EasingDirection":"In"},"Head":{"Weight":1,"CFrame":[-3.3527612686157229e-8,1.1362135410308838e-7,2.384185791015625e-7,0.9034070372581482,0.4138562083244324,0.11215545237064362,-0.42063942551612856,0.9061318039894104,0.044584136456251147,-0.08317628502845764,-0.08745467662811279,0.9926900267601013],"EasingStyle":"Linear","EasingDirection":"In"},"Left Arm":{"Weight":1,"CFrame":[0.20533815026283265,-0.6946738362312317,0.6123374700546265,0.4478934109210968,0.4098133444786072,0.7946349382400513,-0.33419838547706606,-0.7476070523262024,0.5739296078681946,0.8292786478996277,-0.5226249694824219,-0.19788935780525208],"EasingStyle":"Linear","EasingDirection":"In"},"Torso":{"Weight":1,"CFrame":[0.13905693590641023,-0.22685767710208894,-0.5456328392028809,0.9076060652732849,-0.3618137836456299,0.21293671429157258,0.4125882089138031,0.8624734878540039,-0.29310476779937746,-0.07760289311408997,0.35387885570526125,0.9320662617683411],"EasingStyle":"Linear","EasingDirection":"In"},"HumanoidRootPart":{"Weight":0,"CFrame":[0,0,0,1,0,0,0,1,0,0,0,1],"EasingStyle":"Linear","EasingDirection":"In"},"Right Leg":{"Weight":1,"CFrame":[0.6473615765571594,0.5291317701339722,-0.16772691905498506,0.9728984236717224,0.14703498780727387,-0.1784641146659851,-0.04208282008767128,0.8714925646781921,0.4885999858379364,0.22737157344818116,-0.46784767508506777,0.8540613651275635],"EasingStyle":"Linear","EasingDirection":"In"}}},{"Time":0.06666667014360428,"poses":{"Left Leg":{"Weight":1,"CFrame":[-0.9509284496307373,0.780608594417572,-0.14195659756660462,0.9580409526824951,-0.20981305837631226,0.1952848583459854,0.07100759446620941,0.8338014483451843,0.547478437423706,-0.2776969373226166,-0.5106403827667236,0.8137144446372986],"EasingStyle":"Linear","EasingDirection":"In"},"Right Arm":{"Weight":1,"CFrame":[-0.26482394337654116,-0.13843965530395509,0.25377196073532107,0.9789873957633972,0.15534707903862,-0.13210280239582063,0.11370343714952469,0.12191973626613617,0.9860056638717651,0.1692790389060974,-0.9803075194358826,0.10169427841901779],"EasingStyle":"Linear","EasingDirection":"In"},"Head":{"Weight":1,"CFrame":[1.1175870895385742e-7,5.21540641784668e-8,2.384185791015625e-7,0.9193093180656433,0.3818366229534149,0.0952426940202713,-0.38809895515441897,0.919746994972229,0.05869131535291672,-0.06518865376710892,-0.09091901034116745,0.9937224388122559],"EasingStyle":"Linear","EasingDirection":"In"},"Left Arm":{"Weight":1,"CFrame":[0.18576891720294953,-0.6551543474197388,0.6026889681816101,0.4663470387458801,0.3838934600353241,0.796960711479187,-0.36510542035102847,-0.7370797395706177,0.5686928033828735,0.805741012096405,-0.5561829209327698,-0.20357337594032288],"EasingStyle":"Linear","EasingDirection":"In"},"Torso":{"Weight":1,"CFrame":[0.14460813999176026,-0.23216138780117036,-0.5091443061828613,0.9194934368133545,-0.32677415013313296,0.21851880848407746,0.38209041953086855,0.8735917806625366,-0.30140420794487,-0.09240511804819107,0.36063316464424136,0.9281190633773804],"EasingStyle":"Linear","EasingDirection":"In"},"HumanoidRootPart":{"Weight":0,"CFrame":[0,0,0,1,0,0,0,1,0,0,0,1],"EasingStyle":"Linear","EasingDirection":"In"},"Right Leg":{"Weight":1,"CFrame":[0.651938259601593,0.574158787727356,-0.1406170278787613,0.9753764867782593,0.0913156121969223,-0.20075401663780213,0.0007266681059263647,0.9089215993881226,0.41696590185165408,0.22054523229599,-0.4068450629711151,0.8864746689796448],"EasingStyle":"Linear","EasingDirection":"In"}}},{"Time":0.0833333358168602,"poses":{"Left Leg":{"Weight":1,"CFrame":[-0.9779539704322815,0.7491859197616577,-0.06272178888320923,0.9398147463798523,-0.272579550743103,0.20603133738040925,0.14375896751880647,0.8624610304832459,0.48527735471725466,-0.3099706768989563,-0.4264521300792694,0.8497393131256104],"EasingStyle":"Linear","EasingDirection":"In"},"Right Arm":{"Weight":1,"CFrame":[-0.2516382932662964,-0.1733204424381256,0.2683359384536743,0.980873167514801,0.1270911544561386,-0.14743053913116456,0.13285298645496369,0.11644940078258515,0.9842711091041565,0.14226029813289643,-0.9850316643714905,0.09733761847019196],"EasingStyle":"Linear","EasingDirection":"In"},"Head":{"Weight":1,"CFrame":[4.842877388000488e-8,-1.341104507446289e-7,-5.960464477539063e-8,0.9367958903312683,0.34114640951156618,0.07767076790332794,-0.3467794954776764,0.9348075985908508,0.07667315751314163,-0.04645044729113579,-0.09876174479722977,0.9940263628959656],"EasingStyle":"Linear","EasingDirection":"In"},"Left Arm":{"Weight":1,"CFrame":[0.16522671282291413,-0.6093385219573975,0.5925960540771484,0.4823318123817444,0.3591572344303131,0.7989757657051086,-0.39648765325546267,-0.7238019704818726,0.564719557762146,0.7811232805252075,-0.5891662240028381,-0.20671138167381288],"EasingStyle":"Linear","EasingDirection":"In"},"Torso":{"Weight":1,"CFrame":[0.14616817235946656,-0.2362886369228363,-0.44636011123657229,0.932263970375061,-0.28844743967056277,0.21836204826831819,0.3462041914463043,0.8864887952804565,-0.3070509731769562,-0.10500743240118027,0.3618503510951996,0.9263033270835877],"EasingStyle":"Linear","EasingDirection":"In"},"HumanoidRootPart":{"Weight":0,"CFrame":[0,0,0,1,0,0,0,1,0,0,0,1],"EasingStyle":"Linear","EasingDirection":"In"},"Right Leg":{"Weight":1,"CFrame":[0.6123480796813965,0.5902644991874695,-0.07151320576667786,0.9710800647735596,0.015427611768245697,-0.23825548589229585,0.06047777086496353,0.9494702816009522,0.3079749643802643,0.23096784949302674,-0.31347787380218508,0.9210785627365112],"EasingStyle":"Linear","EasingDirection":"In"}}},{"Time":0.10000000149011612,"poses":{"Left Leg":{"Weight":1,"CFrame":[-0.9635334014892578,0.6651712656021118,0.03722880780696869,0.9241979718208313,-0.3129086196422577,0.2189667671918869,0.2093903124332428,0.8946400284767151,0.39468300342559817,-0.3193962872028351,-0.3189160227775574,0.89234459400177],"EasingStyle":"Linear","EasingDirection":"In"},"Right Arm":{"Weight":1,"CFrame":[-0.24187923967838288,-0.21108987927436829,0.28208160400390627,0.9819961786270142,0.08371033519506455,-0.16934068500995637,0.16026894748210908,0.10529596358537674,0.9814411401748657,0.0999876856803894,-0.9909113645553589,0.08998406678438187],"EasingStyle":"Linear","EasingDirection":"In"},"Head":{"Weight":1,"CFrame":[7.450580596923828e-9,1.3783574104309083e-7,3.5762786865234377e-7,0.9539356231689453,0.2939366102218628,0.0600687600672245,-0.2986239194869995,0.9495312571525574,0.09599114954471588,-0.02882186323404312,-0.10950733721256256,0.9935680627822876],"EasingStyle":"Linear","EasingDirection":"In"},"Left Arm":{"Weight":1,"CFrame":[0.14471735060214997,-0.5585170984268189,0.5818641185760498,0.4971240758895874,0.33657214045524599,0.7997417449951172,-0.4276505410671234,-0.7069354057312012,0.5633445978164673,0.754971981048584,-0.6220622658729553,-0.20749950408935548],"EasingStyle":"Linear","EasingDirection":"In"},"Torso":{"Weight":1,"CFrame":[0.143598735332489,-0.2390313744544983,-0.371685266494751,0.9452506303787231,-0.2479228675365448,0.21221591532230378,0.30570685863494875,0.9002707004547119,-0.3099290728569031,-0.11421329528093338,0.3578364849090576,0.9267730712890625],"EasingStyle":"Linear","EasingDirection":"In"},"HumanoidRootPart":{"Weight":0,"CFrame":[0,0,0,1,0,0,0,1,0,0,0,1],"EasingStyle":"Linear","EasingDirection":"In"},"Right Leg":{"Weight":1,"CFrame":[0.5526901483535767,0.5653858184814453,0.021321624517440797,0.9584583044052124,-0.06543014198541641,-0.2776268422603607,0.11666379123926163,0.9781219959259033,0.17224068939685822,0.26028329133987429,-0.19747504591941834,0.945122480392456],"EasingStyle":"Linear","EasingDirection":"In"}}},{"Time":0.11666666716337204,"poses":{"Left Leg":{"Weight":1,"CFrame":[-0.9163995981216431,0.5411090850830078,0.12076547741889954,0.9149062633514404,-0.3342879116535187,0.2262699455022812,0.2631864845752716,0.9190019369125366,0.2935442328453064,-0.3060707747936249,-0.20901460945606233,0.9287807941436768],"EasingStyle":"Linear","EasingDirection":"In"},"Right Arm":{"Weight":1,"CFrame":[-0.23519691824913026,-0.25142598152160647,0.294986367225647,0.979773759841919,0.02802397683262825,-0.19813689589500428,0.19501402974128724,0.08828938007354737,0.9768185615539551,0.044867705553770068,-0.9957006573677063,0.08103860169649124],"EasingStyle":"Linear","EasingDirection":"In"},"Head":{"Weight":1,"CFrame":[2.0489096641540528e-8,7.450580596923828e-8,1.1920928955078126e-7,0.9694544076919556,0.24169856309890748,0.04171500355005264,-0.24495448172092439,0.962744414806366,0.1145455464720726,-0.012475445866584778,-0.12126496434211731,0.9925417900085449],"EasingStyle":"Linear","EasingDirection":"In"},"Left Arm":{"Weight":1,"CFrame":[0.12514010071754456,-0.504108190536499,0.5704385638237,0.512220025062561,0.316888689994812,0.7982558012008667,-0.4576225280761719,-0.685815155506134,0.5658968091011047,0.7267822623252869,-0.6551634669303894,-0.2062728852033615],"EasingStyle":"Linear","EasingDirection":"In"},"Torso":{"Weight":1,"CFrame":[0.13771706819534303,-0.23995397984981538,-0.29974865913391116,0.9577471017837524,-0.20530453324317933,0.20142138004302979,0.2610989511013031,0.9143338203430176,-0.3095496594905853,-0.1206144243478775,0.34906119108200076,0.929305374622345],"EasingStyle":"Linear","EasingDirection":"In"},"HumanoidRootPart":{"Weight":0,"CFrame":[0,0,0,1,0,0,0,1,0,0,0,1],"EasingStyle":"Linear","EasingDirection":"In"},"Right Leg":{"Weight":1,"CFrame":[0.4954020380973816,0.502651572227478,0.11225786805152893,0.9414361119270325,-0.13946615159511567,-0.3069969713687897,0.155008465051651,0.9875519871711731,0.026711486279964448,0.29945018887519839,-0.07273487001657486,0.9513355493545532],"EasingStyle":"Linear","EasingDirection":"In"}}},{"Time":0.13333334028720857,"poses":{"Left Leg":{"Weight":1,"CFrame":[-0.8547998666763306,0.4061509966850281,0.17951957881450654,0.9066433906555176,-0.3511791527271271,0.23381853103637696,0.31142565608024599,0.9309490323066711,0.19065135717391969,-0.28462591767311098,-0.10003572702407837,0.95340496301651],"EasingStyle":"Linear","EasingDirection":"In"},"Right Arm":{"Weight":1,"CFrame":[-0.2310071885585785,-0.29406794905662539,0.30701255798339846,0.9715410470962524,-0.03667603060603142,-0.23401489853858949,0.2359984666109085,0.06513550132513046,0.9695680141448975,-0.020317235961556436,-0.9972022771835327,0.07193721830844879],"EasingStyle":"Linear","EasingDirection":"In"},"Head":{"Weight":1,"CFrame":[6.984919309616089e-8,-8.195638656616211e-8,-1.1920928955078126e-7,0.9823291301727295,0.18588009476661683,0.02186693251132965,-0.18713869154453278,0.9736406803131104,0.13039548695087434,0.002947409637272358,-0.13218344748020173,0.9912209510803223],"EasingStyle":"Linear","EasingDirection":"In"},"Left Arm":{"Weight":1,"CFrame":[0.10725031793117523,-0.4476572275161743,0.5584245920181274,0.5292947292327881,0.3005507290363312,0.7934208512306213,-0.4851599931716919,-0.6599605083465576,0.5736478567123413,0.6960366368293762,-0.6885647177696228,-0.2034984976053238],"EasingStyle":"Linear","EasingDirection":"In"},"Torso":{"Weight":1,"CFrame":[0.12960471212863923,-0.23864085972309113,-0.2426338493824005,0.9690207242965698,-0.1604582667350769,0.18775536119937898,0.2128686010837555,0.9281061887741089,-0.3054600954055786,-0.12524330615997315,0.3359643220901489,0.9335107207298279],"EasingStyle":"Linear","EasingDirection":"In"},"HumanoidRootPart":{"Weight":0,"CFrame":[0,0,0,1,0,0,0,1,0,0,0,1],"EasingStyle":"Linear","EasingDirection":"In"},"Right Leg":{"Weight":1,"CFrame":[0.4549896717071533,0.4167144298553467,0.1874098777770996,0.925492525100708,-0.19599319994449616,-0.3241145610809326,0.16737261414527894,0.9792532920837402,-0.11423388123512268,0.3397793471813202,0.05147456005215645,0.9390954971313477],"EasingStyle":"Linear","EasingDirection":"In"}}},{"Time":0.15000000596046449,"poses":{"Left Leg":{"Weight":1,"CFrame":[-0.7703379988670349,0.2731338143348694,0.21865147352218629,0.8987797498703003,-0.35895678400993349,0.2516845166683197,0.34767407178878786,0.9333279728889465,0.08956412971019745,-0.2670538127422333,0.0070055145770311359,0.9636561870574951],"EasingStyle":"Linear","EasingDirection":"In"},"Right Arm":{"Weight":1,"CFrame":[-0.22843019664287568,-0.33870673179626467,0.31792688369750979,0.9549521803855896,-0.10651286691427231,-0.27698659896850588,0.2820626199245453,0.03567914292216301,0.9587323665618897,-0.09223472326993942,-0.9936709403991699,0.0641149953007698],"EasingStyle":"Linear","EasingDirection":"In"},"Head":{"Weight":1,"CFrame":[7.354537956416607e-8,1.043081283569336e-7,-4.172325134277344e-7,0.9917636513710022,0.12808199226856233,0.0002544075541663915,-0.12682417035102845,0.9817425608634949,0.14176501333713532,0.017907796427607538,-0.14062966406345368,0.9899003505706787],"EasingStyle":"Linear","EasingDirection":"In"},"Left Arm":{"Weight":1,"CFrame":[0.0916232317686081,-0.3908222019672394,0.5460853576660156,0.5501105785369873,0.28761711716651919,0.7839992642402649,-0.508747398853302,-0.6290653347969055,0.5877523422241211,0.6622344255447388,-0.7221863865852356,-0.1997312605381012],"EasingStyle":"Linear","EasingDirection":"In"},"Torso":{"Weight":1,"CFrame":[0.12036877125501633,-0.234785795211792,-0.20187193155288697,0.9783768653869629,-0.1133054569363594,0.17303355038166047,0.16157150268554688,0.940984308719635,-0.2973942458629608,-0.1291254609823227,0.31892091035842898,0.9389442205429077],"EasingStyle":"Linear","EasingDirection":"In"},"HumanoidRootPart":{"Weight":0,"CFrame":[0,0,0,1,0,0,0,1,0,0,0,1],"EasingStyle":"Linear","EasingDirection":"In"},"Right Leg":{"Weight":1,"CFrame":[0.4331851601600647,0.31678318977355959,0.2388489842414856,0.914887011051178,-0.23339398205280305,-0.3294069766998291,0.15767359733581544,0.9577192068099976,-0.2406516820192337,0.37164610624313357,0.1682300567626953,0.9130048155784607],"EasingStyle":"Linear","EasingDirection":"In"}}},{"Time":0.1666666716337204,"poses":{"Left Leg":{"Weight":1,"CFrame":[-0.6548361778259277,0.15180891752243043,0.2448830008506775,0.8892751932144165,-0.35327741503715517,0.2904904782772064,0.3702894449234009,0.9289083480834961,-0.0038794511929154398,-0.26846855878829958,0.1110154464840889,0.9568700194358826],"EasingStyle":"Linear","EasingDirection":"In"},"Right Arm":{"Weight":1,"CFrame":[-0.2263030707836151,-0.3848714232444763,0.32712072134017947,0.9283515810966492,-0.17708709836006165,-0.3268079459667206,0.3320808708667755,0.00014648583601228893,0.9432510137557983,-0.16698968410491944,-0.9841951727867127,0.05894312635064125],"EasingStyle":"Linear","EasingDirection":"In"},"Head":{"Weight":1,"CFrame":[6.798654794692993e-8,-5.21540641784668e-8,0,0.997284471988678,0.06999629735946655,-0.022897133603692056,-0.06589025259017945,0.9869175553321838,0.14714717864990235,0.032897330820560458,-0.14523890614509583,0.9888496398925781],"EasingStyle":"Linear","EasingDirection":"In"},"Left Arm":{"Weight":1,"CFrame":[0.07863318920135498,-0.3353511691093445,0.5338190793991089,0.5763806700706482,0.27769821882247927,0.768549919128418,-0.5265775918960571,-0.5929805040359497,0.6091716289520264,0.6249009966850281,-0.7558159828186035,-0.19555304944515229],"EasingStyle":"Linear","EasingDirection":"In"},"Torso":{"Weight":1,"CFrame":[0.11112990975379944,-0.22821736335754395,-0.1763625144958496,0.9851968288421631,-0.06386082619428635,0.15908849239349366,0.10780440270900727,0.9523511528968811,-0.28531673550605776,-0.13328754901885987,0.29824352264404299,0.9451377391815186],"EasingStyle":"Linear","EasingDirection":"In"},"HumanoidRootPart":{"Weight":0,"CFrame":[0,0,0,1,0,0,0,1,0,0,0,1],"EasingStyle":"Linear","EasingDirection":"In"},"Right Leg":{"Weight":1,"CFrame":[0.4256429672241211,0.21015781164169312,0.26186150312423708,0.9108606576919556,-0.25377699732780459,-0.32546907663345339,0.13478972017765046,0.9282839894294739,-0.3465843200683594,0.3900829255580902,0.27181991934776308,0.8797438740730286],"EasingStyle":"Linear","EasingDirection":"In"}}},{"Time":0.18333333730697633,"poses":{"Left Leg":{"Weight":1,"CFrame":[-0.4900047779083252,0.04771149158477783,0.2732253968715668,0.8646841645240784,-0.32940641045570376,0.3792266249656677,0.38634032011032107,0.9186171293258667,-0.08296942710876465,-0.32103341817855837,0.218252494931221,0.9215765595436096],"EasingStyle":"Linear","EasingDirection":"In"},"Right Arm":{"Weight":1,"CFrame":[-0.22972440719604493,-0.43477874994277956,0.33742040395736697,0.8873546123504639,-0.2574555575847626,-0.38251611590385439,0.3837987780570984,-0.04735352098941803,0.9222018122673035,-0.25553953647613528,-0.9651291370391846,0.05679169297218323],"EasingStyle":"Linear","EasingDirection":"In"},"Head":{"Weight":1,"CFrame":[8.754432201385498e-8,3.725290298461914e-8,-5.960464477539063e-8,0.9988262057304382,0.013214590027928353,-0.04660133644938469,-0.006269447505474091,0.9892439246177673,0.1461409032344818,0.048031285405159,-0.14567720890045167,0.9881656169891357],"EasingStyle":"Linear","EasingDirection":"In"},"Left Arm":{"Weight":1,"CFrame":[0.06859885156154633,-0.28288137912750246,0.5221347808837891,0.6093679666519165,0.26951077580451968,0.7456774711608887,-0.5365027189254761,-0.5523150563240051,0.6380539536476135,0.5838111639022827,-0.7888675928115845,-0.19196997582912446],"EasingStyle":"Linear","EasingDirection":"In"},"Torso":{"Weight":1,"CFrame":[0.10266058892011643,-0.21924170851707459,-0.16505196690559388,0.9890336394309998,-0.012437652796506882,0.14716623723506928,0.05226491019129753,0.9614431262016296,-0.26999157667160036,-0.1381339281797409,0.2747223973274231,0.9515496492385864],"EasingStyle":"Linear","EasingDirection":"In"},"HumanoidRootPart":{"Weight":0,"CFrame":[0,0,0,1,0,0,0,1,0,0,0,1],"EasingStyle":"Linear","EasingDirection":"In"},"Right Leg":{"Weight":1,"CFrame":[0.429323673248291,0.10731905698776245,0.25704920291900637,0.9136242866516113,-0.2580829858779907,-0.3141399323940277,0.10592394322156906,0.8970962762832642,-0.42895081639289858,0.3925187289714813,0.35862457752227785,0.8469458818435669],"EasingStyle":"Linear","EasingDirection":"In"}}},{"Time":0.20000000298023225,"poses":{"Left Leg":{"Weight":1,"CFrame":[-0.28902947902679446,-0.034978628158569339,0.2891450524330139,0.8113570213317871,-0.288036584854126,0.5086597204208374,0.407144695520401,0.9028511047363281,-0.13817787170410157,-0.4194437861442566,0.3192098140716553,0.8498072028160095],"EasingStyle":"Linear","EasingDirection":"In"},"Right Arm":{"Weight":1,"CFrame":[-0.24121785163879395,-0.4915173649787903,0.3543146848678589,0.8254584074020386,-0.35192808508872988,-0.4413219392299652,0.42998096346855166,-0.11449448764324188,0.8955486416816711,-0.3656977117061615,-0.9289982318878174,0.05681191757321358],"EasingStyle":"Linear","EasingDirection":"In"},"Head":{"Weight":1,"CFrame":[1.0803341865539551e-7,-7.450580596923828e-8,-3.5762786865234377e-7,0.9968004822731018,-0.041116565465927127,-0.0685439184308052,0.050527989864349368,0.9886078238487244,0.14178046584129334,0.0619334951043129,-0.14479021728038789,0.9875221848487854],"EasingStyle":"Linear","EasingDirection":"In"},"Left Arm":{"Weight":1,"CFrame":[0.06099088490009308,-0.23430180549621583,0.5115317106246948,0.6480972766876221,0.2613334357738495,0.7153145670890808,-0.537156879901886,-0.5089589357376099,0.6726241707801819,0.5398449301719666,-0.8201619386672974,-0.1894778311252594],"EasingStyle":"Linear","EasingDirection":"In"},"Torso":{"Weight":1,"CFrame":[0.09428517520427704,-0.20961152017116548,-0.16692641377449037,0.9898979067802429,0.03981909900903702,0.13607549667358399,-0.003910541534423828,0.9670552611351013,-0.25453683733940127,-0.14172790944576264,0.251433402299881,0.9574416279792786],"EasingStyle":"Linear","EasingDirection":"In"},"HumanoidRootPart":{"Weight":0,"CFrame":[0,0,0,1,0,0,0,1,0,0,0,1],"EasingStyle":"Linear","EasingDirection":"In"},"Right Leg":{"Weight":1,"CFrame":[0.44103050231933596,0.01952362060546875,0.2313443422317505,0.9218716621398926,-0.250203937292099,-0.295889675617218,0.0791662335395813,0.8691001534461975,-0.4882599115371704,0.37932243943214419,0.42668846249580386,0.8210064768791199],"EasingStyle":"Linear","EasingDirection":"In"}}},{"Time":0.21666666865348817,"poses":{"Left Leg":{"Weight":1,"CFrame":[-0.10254144668579102,-0.09207546710968018,0.27993255853652956,0.7344313263893127,-0.24145086109638215,0.6342808604240418,0.43549275398254397,0.8844583034515381,-0.16756977140903474,-0.5205351114273071,0.39929312467575076,0.7547239661216736],"EasingStyle":"Linear","EasingDirection":"In"},"Right Arm":{"Weight":1,"CFrame":[-0.25528889894485476,-0.554417610168457,0.38017377257347109,0.7410959601402283,-0.4479428231716156,-0.5001239776611328,0.46192803978919985,-0.20039407908916474,0.8639819025993347,-0.48723629117012026,-0.8713147640228272,0.05840618163347244],"EasingStyle":"Linear","EasingDirection":"In"},"Head":{"Weight":1,"CFrame":[1.043081283569336e-7,1.043081283569336e-7,4.172325134277344e-7,0.9919874668121338,-0.09197663515806198,-0.08661060035228729,0.10341031849384308,0.9849604368209839,0.13841687142848969,0.07257689535617829,-0.1462641805410385,0.9865797162055969],"EasingStyle":"Linear","EasingDirection":"In"},"Left Arm":{"Weight":1,"CFrame":[0.055013447999954227,-0.1902393102645874,0.5023417472839356,0.6904937028884888,0.2521849274635315,0.6779538989067078,-0.5281012058258057,-0.4647194445133209,0.7107354402542114,0.49429500102996828,-0.8487865328788757,-0.1877068132162094],"EasingStyle":"Linear","EasingDirection":"In"},"Torso":{"Weight":1,"CFrame":[0.08485865592956543,-0.2016323059797287,-0.18059778213500977,0.9880820512771606,0.09151424467563629,0.1237698644399643,-0.05927331745624542,0.9682779908180237,-0.24274349212646485,-0.1420581191778183,0.23251423239707948,0.9621624946594238],"EasingStyle":"Linear","EasingDirection":"In"},"HumanoidRootPart":{"Weight":0,"CFrame":[0,0,0,1,0,0,0,1,0,0,0,1],"EasingStyle":"Linear","EasingDirection":"In"},"Right Leg":{"Weight":1,"CFrame":[0.4536705017089844,-0.04895669221878052,0.19186347723007203,0.9323105812072754,-0.23942430317401887,-0.27105891704559328,0.06388475745916367,0.8467284440994263,-0.5281763076782227,0.35597145557403567,0.4751073122024536,0.8047091960906982],"EasingStyle":"Linear","EasingDirection":"In"}}},{"Time":0.23333333432674409,"poses":{"Left Leg":{"Weight":1,"CFrame":[0.026387497782707216,-0.12978219985961915,0.2685372829437256,0.6541745066642761,-0.20374615490436555,0.7283839583396912,0.47015079855918887,0.863912045955658,-0.1805943101644516,-0.5924643278121948,0.46059033274650576,0.6609407067298889],"EasingStyle":"Linear","EasingDirection":"In"},"Right Arm":{"Weight":1,"CFrame":[-0.26663514971733096,-0.6207022070884705,0.4157029390335083,0.6375176906585693,-0.5331954956054688,-0.5561240315437317,0.4724957346916199,-0.29956209659576418,0.8288609385490418,-0.6085385084152222,-0.7911796569824219,0.060956474393606189],"EasingStyle":"Linear","EasingDirection":"In"},"Head":{"Weight":1,"CFrame":[8.568167686462403e-8,-8.940696716308594e-8,0,0.9853963851928711,-0.13844910264015199,-0.09912629425525665,0.1516084522008896,0.9783897399902344,0.14060059189796449,0.07751814275979996,-0.15357571840286256,0.9850915670394898],"EasingStyle":"Linear","EasingDirection":"In"},"Left Arm":{"Weight":1,"CFrame":[0.05022028088569641,-0.15121781826019288,0.49472683668136599,0.7342669367790222,0.24170556664466859,0.6343740820884705,-0.5095582604408264,-0.42121484875679018,0.7502856850624085,0.44855594635009768,-0.8741604685783386,-0.18612106144428254],"EasingStyle":"Linear","EasingDirection":"In"},"Torso":{"Weight":1,"CFrame":[0.07296682149171829,-0.19752328097820283,-0.20449906587600709,0.9841048121452332,0.14117422699928285,0.10773897916078568,-0.11231399327516556,0.9647024273872376,-0.2381906509399414,-0.13756243884563447,0.22230392694473267,0.9652241468429565],"EasingStyle":"Linear","EasingDirection":"In"},"HumanoidRootPart":{"Weight":0,"CFrame":[0,0,0,1,0,0,0,1,0,0,0,1],"EasingStyle":"Linear","EasingDirection":"In"},"Right Leg":{"Weight":1,"CFrame":[0.46159863471984866,-0.09641265869140625,0.1451246738433838,0.9420462250709534,-0.23524218797683717,-0.2391858994960785,0.06744633615016937,0.8312056660652161,-0.5518592000007629,0.32863324880599978,0.5037444233894348,0.7989002466201782],"EasingStyle":"Linear","EasingDirection":"In"}}},{"Time":0.25,"poses":{"Left Leg":{"Weight":1,"CFrame":[0.08727569133043289,-0.1657472848892212,0.2673501968383789,0.6019003391265869,-0.17723345756530763,0.7786555290222168,0.5042856335639954,0.8404071927070618,-0.1985238790512085,-0.6192027926445007,0.5121562480926514,0.5952174067497253],"EasingStyle":"Linear","EasingDirection":"In"},"Right Arm":{"Weight":1,"CFrame":[-0.27137356996536257,-0.6858036518096924,0.45922377705574038,0.5230943560600281,-0.5982795357704163,-0.6069874167442322,0.4587482213973999,-0.4025717079639435,0.7921401858329773,-0.7182773947715759,-0.6928185224533081,0.06387670338153839],"EasingStyle":"Linear","EasingDirection":"In"},"Head":{"Weight":1,"CFrame":[5.21540641784668e-8,7.450580596923828e-9,1.1920928955078126e-7,0.9781132936477661,-0.1797940582036972,-0.10473040491342545,0.19447481632232667,0.9689183831214905,0.1528945416212082,0.07398567348718643,-0.1699155867099762,0.9826774597167969],"EasingStyle":"Linear","EasingDirection":"In"},"Left Arm":{"Weight":1,"CFrame":[0.04651530086994171,-0.11758702993392945,0.4886857867240906,0.7771407961845398,0.23016339540481568,0.5857277512550354,-0.4824477434158325,-0.37974050641059878,0.7893295884132385,0.4040994644165039,-0.8960033655166626,-0.18407025933265687],"EasingStyle":"Linear","EasingDirection":"In"},"Torso":{"Weight":1,"CFrame":[0.0569312646985054,-0.19929279386997224,-0.23713640868663789,0.9786466360092163,0.18713627755641938,0.08503475040197373,-0.1616314798593521,0.9561856389045715,-0.2440992146730423,-0.12698882818222047,0.22514259815216065,0.9660148620605469],"EasingStyle":"Linear","EasingDirection":"In"},"HumanoidRootPart":{"Weight":0,"CFrame":[0,0,0,1,0,0,0,1,0,0,0,1],"EasingStyle":"Linear","EasingDirection":"In"},"Right Leg":{"Weight":1,"CFrame":[0.4647292196750641,-0.12293243408203125,0.09703505039215088,0.9493454098701477,-0.24501636624336244,-0.19674934446811677,0.0950651541352272,0.8207235932350159,-0.5633611083030701,0.29950961470603945,0.5161199569702148,0.8024425506591797],"EasingStyle":"Linear","EasingDirection":"In"}}},{"Time":0.2666666805744171,"poses":{"Left Leg":{"Weight":1,"CFrame":[0.1035296618938446,-0.21167242527008058,0.2680566906929016,0.5806601643562317,-0.15227501094341279,0.7997788190841675,0.5342921614646912,0.8124915957450867,-0.23321476578712464,-0.6143009066581726,0.562734067440033,0.5531408190727234],"EasingStyle":"Linear","EasingDirection":"In"},"Right Arm":{"Weight":1,"CFrame":[-0.26820576190948489,-0.744567334651947,0.506718635559082,0.40951502323150637,-0.6392139196395874,-0.6509249806404114,0.4237127900123596,-0.49861153960227969,0.7562101483345032,-0.807938814163208,-0.5854846239089966,0.06665407866239548],"EasingStyle":"Linear","EasingDirection":"In"},"Head":{"Weight":1,"CFrame":[1.4156103134155274e-7,3.725290298461914e-8,-2.384185791015625e-7,0.9710124135017395,-0.21576976776123048,-0.10285168141126633,0.23139601945877076,0.9564058184623718,0.17816796898841859,0.05992469936609268,-0.1968027949333191,0.978610098361969],"EasingStyle":"Linear","EasingDirection":"In"},"Left Arm":{"Weight":1,"CFrame":[0.04410432279109955,-0.08946961164474487,0.4840773940086365,0.8170789480209351,0.2183806598186493,0.5335654020309448,-0.4483386278152466,-0.3411591649055481,0.8261978626251221,0.3624563217163086,-0.914286732673645,-0.1808454990386963],"EasingStyle":"Linear","EasingDirection":"In"},"Torso":{"Weight":1,"CFrame":[0.03544095158576965,-0.20788690447807313,-0.27719759941101076,0.972302258014679,0.2275628298521042,0.05332501232624054,-0.20629052817821504,0.942786693572998,-0.26191142201423647,-0.10987541824579239,0.2436566948890686,0.9636175632476807],"EasingStyle":"Linear","EasingDirection":"In"},"HumanoidRootPart":{"Weight":0,"CFrame":[0,0,0,1,0,0,0,1,0,0,0,1],"EasingStyle":"Linear","EasingDirection":"In"},"Right Leg":{"Weight":1,"CFrame":[0.4916744828224182,-0.11399102210998535,0.06473541259765625,0.9561838507652283,-0.2588660418987274,-0.1367509961128235,0.14045515656471253,0.8154462575912476,-0.5615339875221252,0.25687509775161745,0.5177218317985535,0.8160752654075623],"EasingStyle":"Linear","EasingDirection":"In"}}},{"Time":0.28333333134651186,"poses":{"Left Leg":{"Weight":1,"CFrame":[0.10054945945739746,-0.2656121253967285,0.2700692415237427,0.5703598260879517,-0.12447361648082733,0.811909019947052,0.5636082887649536,0.7783557176589966,-0.27660125494003298,-0.5975243449211121,0.6153606176376343,0.5140969157218933],"EasingStyle":"Linear","EasingDirection":"In"},"Right Arm":{"Weight":1,"CFrame":[-0.25874823331832888,-0.7927281260490418,0.5527076721191406,0.3086569905281067,-0.6581946015357971,-0.6866664290428162,0.376010537147522,-0.5786800384521484,0.7237026691436768,-0.8736973404884338,-0.48156970739364626,0.06887444853782654],"EasingStyle":"Linear","EasingDirection":"In"},"Head":{"Weight":1,"CFrame":[4.0978193283081057e-8,3.725290298461914e-8,4.470348358154297e-7,0.964257538318634,-0.24723584949970246,-0.09529944509267807,0.26235431432724,0.941243052482605,0.21267789602279664,0.0371183380484581,-0.23007848858833314,0.9724640250205994],"EasingStyle":"Linear","EasingDirection":"In"},"Left Arm":{"Weight":1,"CFrame":[0.04342345893383026,-0.06673038005828858,0.4806515574455261,0.8524621725082398,0.20760686695575715,0.47979965806007388,-0.40933266282081606,-0.3058393597602844,0.8595982193946838,0.3251999616622925,-0.9291725158691406,-0.1757361739873886],"EasingStyle":"Linear","EasingDirection":"In"},"Torso":{"Weight":1,"CFrame":[0.009490348398685456,-0.2208498865365982,-0.3223875164985657,0.965150773525238,0.2613130509853363,0.014124748297035694,-0.2463931441307068,0.9255791902542114,-0.28739121556282046,-0.08817263692617417,0.27389562129974368,0.9577091932296753],"EasingStyle":"Linear","EasingDirection":"In"},"HumanoidRootPart":{"Weight":0,"CFrame":[0,0,0,1,0,0,0,1,0,0,0,1],"EasingStyle":"Linear","EasingDirection":"In"},"Right Leg":{"Weight":1,"CFrame":[0.5828694105148315,-0.04870963096618652,0.06906741857528687,0.966177225112915,-0.2483065128326416,-0.06961029022932053,0.17138691246509553,0.8199808597564697,-0.546130359172821,0.19268672168254853,0.5157279968261719,0.83480304479599],"EasingStyle":"Linear","EasingDirection":"In"}}},{"Time":0.30000001192092898,"poses":{"Left Leg":{"Weight":1,"CFrame":[0.08341634273529053,-0.3218598961830139,0.27000945806503298,0.5708119869232178,-0.09680188447237015,0.815354585647583,0.5883065462112427,0.7409374713897705,-0.3238939642906189,-0.5727732181549072,0.664560854434967,0.4798850417137146],"EasingStyle":"Linear","EasingDirection":"In"},"Right Arm":{"Weight":1,"CFrame":[-0.24679166078567506,-0.8278272151947022,0.5914669036865234,0.2299538403749466,-0.6620346307754517,-0.7133243083953857,0.3275192081928253,-0.6375681757926941,0.6973077058792114,-0.9164345860481262,-0.3939760625362396,0.07021775096654892],"EasingStyle":"Linear","EasingDirection":"In"},"Head":{"Weight":1,"CFrame":[7.078051567077637e-8,1.1920928955078126e-7,3.5762786865234377e-7,0.9577293395996094,-0.27506640553474429,-0.08421924710273743,0.2875346839427948,0.9243338704109192,0.2508598566055298,0.008843603543937207,-0.26447179913520815,0.9643529057502747],"EasingStyle":"Linear","EasingDirection":"In"},"Left Arm":{"Weight":1,"CFrame":[0.04504850506782532,-0.0489923357963562,0.4780758023262024,0.8821831941604614,0.19936954975128175,0.4266201853752136,-0.3679106533527374,-0.27367427945137026,0.8886754512786865,0.29392966628074648,-0.94093257188797,-0.16808071732521058],"EasingStyle":"Linear","EasingDirection":"In"},"Torso":{"Weight":1,"CFrame":[-0.018937692046165468,-0.23513680696487428,-0.36757299304008486,0.9572152495384216,0.287880003452301,-0.02939870022237301,-0.28218063712120058,0.9060644507408142,-0.315311461687088,-0.06413475424051285,0.31011664867401125,0.94853276014328],"EasingStyle":"Linear","EasingDirection":"In"},"HumanoidRootPart":{"Weight":0,"CFrame":[0,0,0,1,0,0,0,1,0,0,0,1],"EasingStyle":"Linear","EasingDirection":"In"},"Right Leg":{"Weight":1,"CFrame":[0.7012159824371338,0.057734906673431399,0.08637344837188721,0.9743390083312988,-0.22503137588500977,-0.004953875672072172,0.18967308104038239,0.8326978087425232,-0.5202296376228333,0.12119308859109879,0.5059400200843811,0.854012131690979],"EasingStyle":"Linear","EasingDirection":"In"}}},{"Time":0.3166666626930237,"poses":{"Left Leg":{"Weight":1,"CFrame":[0.05715528130531311,-0.37387675046920779,0.2652737498283386,0.5807908177375794,-0.0718572661280632,0.8108752369880676,0.6046701073646545,0.7049916982650757,-0.37062203884124758,-0.5450284481048584,0.7055659294128418,0.4529026746749878],"EasingStyle":"Linear","EasingDirection":"In"},"Right Arm":{"Weight":1,"CFrame":[-0.23690393567085267,-0.8490577340126038,0.6179047226905823,0.17971500754356385,-0.6592087149620056,-0.7301687598228455,0.290475994348526,-0.6735950112342835,0.6796273589134216,-0.9398543238639832,-0.3342357575893402,0.07042913883924484],"EasingStyle":"Linear","EasingDirection":"In"},"Head":{"Weight":1,"CFrame":[9.685754776000977e-8,-1.4901161193847657e-8,-5.364418029785156e-7,0.9513103365898132,-0.2998155951499939,-0.07154975831508637,0.30750733613967898,0.9072024822235107,0.2870939373970032,-0.021165104582905