{"Sequence":[{"Time":0,"poses":{"Left Leg":{"Weight":1,"CFrame":[-0.49362194538116457,0.19936037063598634,0.16004657745361329,0.9150130152702332,-0.2754836678504944,0.2947204113006592,0.27026546001434328,0.9609668850898743,0.05915488302707672,-0.2995128333568573,0.025525277480483056,0.9537508487701416],"EasingStyle":"Linear","EasingDirection":"In"},"Right Arm":{"Weight":1,"CFrame":[0.6493843793869019,-0.11271890997886658,0.6604613065719605,0.8103288412094116,-0.01515994779765606,0.5857792496681213,0.1863894760608673,-0.9410767555236816,-0.28219395875930788,0.5555412769317627,0.3378531038761139,-0.7597560286521912],"EasingStyle":"Linear","EasingDirection":"In"},"Left Arm":{"Weight":1,"CFrame":[0.02949773520231247,0.13637840747833253,-0.05513244867324829,0.9189234375953674,0.383167564868927,-0.09360815584659577,-0.2168627232313156,0.29256150126457217,-0.9313315749168396,-0.32946985960006716,0.8761224746704102,0.35193637013435366],"EasingStyle":"Linear","EasingDirection":"In"},"Head":{"Weight":1,"CFrame":[1.0104849934577942e-7,1.6763806343078614e-8,0.016661763191223146,0.9743127226829529,0.22275885939598084,-0.033067312091588977,-0.22496387362480164,0.9560242891311646,-0.18817263841629029,-0.010303987190127373,0.19077789783477784,0.9815792441368103],"EasingStyle":"Linear","EasingDirection":"In"},"Torso":{"Weight":1,"CFrame":[-0.02921484410762787,-0.03857016563415527,0.11016154289245606,0.998510479927063,-0.014280476607382298,-0.0526583231985569,0.010972744785249234,0.9979798793792725,-0.06257748603820801,0.05344557762145996,0.06190647557377815,0.996649980545044],"EasingStyle":"Linear","EasingDirection":"In"},"HumanoidRootPart":{"Weight":1,"CFrame":[0,0,0,1,0,0,0,1,0,0,0,1],"EasingStyle":"Linear","EasingDirection":"In"},"Right Leg":{"Weight":1,"CFrame":[-0.16666680574417115,0.15881025791168214,-0.06047934293746948,0.9560750126838684,-0.0822683796286583,-0.28134050965309145,0.17686769366264344,0.9273031949996948,0.3298889100551605,0.23374859988689423,-0.36515864729881289,0.9011220335960388],"EasingStyle":"Linear","EasingDirection":"In"}}},{"Time":0.03333333507180214,"poses":{"Left Leg":{"Weight":1,"CFrame":[-0.47578170895576479,0.22236067056655885,0.13284218311309815,0.9261676073074341,-0.2547770142555237,0.27803272008895876,0.23348166048526765,0.9663697481155396,0.10777744650840759,-0.29614171385765078,-0.0349043607711792,0.9545060992240906],"EasingStyle":"Linear","EasingDirection":"In"},"Right Arm":{"Weight":1,"CFrame":[0.6480836272239685,-0.07279285788536072,0.4966123104095459,0.7805951833724976,0.017310049384832383,0.6247971653938294,0.35614895820617678,-0.8337831497192383,-0.42185738682746889,0.5136430263519287,0.551820695400238,-0.6570120453834534],"EasingStyle":"Linear","EasingDirection":"In"},"Left Arm":{"Weight":1,"CFrame":[0.03719773516058922,0.1446952223777771,-0.04699021577835083,0.8088776469230652,0.5764843821525574,-0.11568419635295868,-0.2966519892215729,0.23025374114513398,-0.9268122315406799,-0.5076560974121094,0.7839955687522888,0.3572622239589691],"EasingStyle":"Linear","EasingDirection":"In"},"Head":{"Weight":1,"CFrame":[1.050066202878952e-7,2.61206878349185e-9,0.016662001609802247,0.9708043932914734,0.23399871587753297,-0.05275886878371239,-0.23978185653686524,0.9527198076248169,-0.18662714958190919,0.0065939100459218029,0.19382911920547486,0.9810132384300232],"EasingStyle":"Linear","EasingDirection":"In"},"Torso":{"Weight":1,"CFrame":[0.02340567857027054,-0.04051139950752258,0.015164613723754883,0.9992243647575378,-0.030779322609305383,-0.024562513455748559,0.029224995523691179,0.9976909756660461,-0.06130954995751381,0.0263928584754467,0.06054415553808212,0.9978166222572327],"EasingStyle":"Linear","EasingDirection":"In"},"HumanoidRootPart":{"Weight":1,"CFrame":[0,0,0,1,0,0,0,1,0,0,0,1],"EasingStyle":"Linear","EasingDirection":"In"},"Right Leg":{"Weight":1,"CFrame":[-0.19326156377792359,0.14429527521133424,-0.06632202863693237,0.9378789663314819,-0.08710963279008866,-0.3358495235443115,0.19470858573913575,0.933322548866272,0.3016580641269684,0.2871786653995514,-0.34831157326698305,0.8923047184944153],"EasingStyle":"Linear","EasingDirection":"In"}}},{"Time":0.06666667014360428,"poses":{"Left Leg":{"Weight":1,"CFrame":[-0.4200706481933594,0.23794656991958619,0.09162306785583496,0.9431357979774475,-0.21019388735294343,0.2575138211250305,0.16859596967697144,0.9701359272003174,0.1743895411491394,-0.28647899627685549,-0.12105723470449448,0.9504078030586243],"EasingStyle":"Linear","EasingDirection":"In"},"Right Arm":{"Weight":1,"CFrame":[0.6426721215248108,-0.023120135068893434,0.29953694343566897,0.7353342175483704,0.03922266140580177,0.6765688061714172,0.539574146270752,-0.6379307508468628,-0.5494576692581177,0.4100527763366699,0.7690942287445068,-0.49025607109069826],"EasingStyle":"Linear","EasingDirection":"In"},"Left Arm":{"Weight":1,"CFrame":[0.04525429382920265,0.15369176864624024,-0.039029479026794437,0.6183378100395203,0.7727376222610474,-0.14330099523067475,-0.373209685087204,0.12824413180351258,-0.9188405871391296,-0.6916450262069702,0.6216350793838501,0.3676912486553192],"EasingStyle":"Linear","EasingDirection":"In"},"Head":{"Weight":1,"CFrame":[8.42846930027008e-8,-4.6566128730773929e-9,0.016661882400512697,0.9662064909934998,0.24712024629116059,-0.07332584261894226,-0.25656816363334658,0.9494038224220276,-0.18112215399742127,0.02485683746635914,0.19381453096866609,0.9807232618331909],"EasingStyle":"Linear","EasingDirection":"In"},"Torso":{"Weight":1,"CFrame":[0.06687867641448975,-0.04380121827125549,-0.08281183242797852,0.9986835718154907,-0.05050598084926605,0.008970594964921475,0.050949372351169589,0.9969496726989746,-0.059124428778886798,-0.005957095883786678,0.059503644704818729,0.9982103109359741],"EasingStyle":"Linear","EasingDirection":"In"},"HumanoidRootPart":{"Weight":1,"CFrame":[0,0,0,1,0,0,0,1,0,0,0,1],"EasingStyle":"Linear","EasingDirection":"In"},"Right Leg":{"Weight":1,"CFrame":[-0.12160119414329529,0.14030158519744874,-0.039848268032073978,0.9772195816040039,-0.09581232815980911,-0.18937233090400697,0.14905081689357758,0.9450383186340332,0.2910093665122986,0.1510818600654602,-0.31260618567466738,0.9377909898757935],"EasingStyle":"Linear","EasingDirection":"In"}}},{"Time":0.10000000149011612,"poses":{"Left Leg":{"Weight":1,"CFrame":[-0.3026067614555359,0.23010152578353883,0.044820308685302737,0.9617017507553101,-0.1332949548959732,0.2395041137933731,0.07381942868232727,0.9674587845802307,0.2420211136341095,-0.26397058367729189,-0.21507206559181214,0.94024658203125],"EasingStyle":"Linear","EasingDirection":"In"},"Right Arm":{"Weight":1,"CFrame":[0.631095826625824,0.019530296325683595,0.1325845718383789,0.6926560401916504,0.040629055351018909,0.7201229333877564,0.6611295342445374,-0.4348865747451782,-0.6113767027854919,0.2883321940898895,0.8995682001113892,-0.3280879855155945],"EasingStyle":"Linear","EasingDirection":"In"},"Left Arm":{"Weight":1,"CFrame":[0.05058892443776131,0.16043519973754884,-0.03360903263092041,0.41502583026885989,0.8937051296234131,-0.17042505741119386,-0.4148918092250824,0.019201630726456643,-0.9096681475639343,-0.8097026348114014,0.4482437074184418,0.3787601590156555],"EasingStyle":"Linear","EasingDirection":"In"},"Head":{"Weight":1,"CFrame":[7.217749953269959e-8,-1.3504177331924439e-8,0.016661882400512697,0.9624492526054382,0.25793030858039858,-0.08463776856660843,-0.2689978778362274,0.9480869770050049,-0.1696215271949768,0.03649342805147171,0.1860194206237793,0.9818681478500366],"EasingStyle":"Linear","EasingDirection":"In"},"Torso":{"Weight":1,"CFrame":[0.07253444194793701,-0.048222653567790988,-0.14297890663146974,0.9970641732215881,-0.06703171879053116,0.03701293095946312,0.06906609982252121,0.9959975481033325,-0.056734245270490649,-0.03306179866194725,0.059124015271663669,0.9977030158042908],"EasingStyle":"Linear","EasingDirection":"In"},"HumanoidRootPart":{"Weight":1,"CFrame":[0,0,0,1,0,0,0,1,0,0,0,1],"EasingStyle":"Linear","EasingDirection":"In"},"Right Leg":{"Weight":1,"CFrame":[-0.16042840480804444,0.11170238256454468,-0.04379880428314209,0.9577071666717529,-0.10329538583755493,-0.2685646414756775,0.16902005672454835,0.9573020339012146,0.23453156650066377,0.23287151753902436,-0.2700055241584778,0.9342740774154663],"EasingStyle":"Linear","EasingDirection":"In"}}},{"Time":0.13333334028720857,"poses":{"Left Leg":{"Weight":1,"CFrame":[-0.19223321974277497,0.21694594621658326,0.013732075691223145,0.9706718325614929,-0.0668904185295105,0.23091521859169007,-0.0019128102576360107,0.9583333730697632,0.2856459319591522,-0.2404007613658905,-0.2777101695537567,0.9300992488861084],"EasingStyle":"Linear","EasingDirection":"In"},"Right Arm":{"Weight":1,"CFrame":[0.6120400428771973,0.037476539611816409,0.06200814247131348,0.6725316047668457,0.03473281115293503,0.7392528653144836,0.7022081613540649,-0.3453511893749237,-0.6226043701171875,0.23367708921432496,0.9378305673599243,-0.2566494047641754],"EasingStyle":"Linear","EasingDirection":"In"},"Left Arm":{"Weight":1,"CFrame":[0.05254010111093521,0.16234582662582398,-0.031984925270080569,0.30064138770103457,0.9331380724906921,-0.1971503645181656,-0.42535680532455447,-0.05382944270968437,-0.903423547744751,-0.8536313772201538,0.3554656505584717,0.3807332515716553],"EasingStyle":"Linear","EasingDirection":"In"},"Head":{"Weight":1,"CFrame":[9.685754776000977e-8,1.1175870895385743e-8,0.016661882400512697,0.962023913860321,0.26195311546325686,-0.0767497643828392,-0.2708834111690521,0.9508315324783325,-0.15013891458511353,0.03364674746990204,0.1652275174856186,0.9856813549995422],"EasingStyle":"Linear","EasingDirection":"In"},"Torso":{"Weight":1,"CFrame":[0.03971997648477554,-0.050576940178871158,-0.1617577075958252,0.996069610118866,-0.0739545077085495,0.04874666407704353,0.07663298398256302,0.9955090880393982,-0.055581267923116687,-0.044417258352041247,0.059098415076732638,0.997263491153717],"EasingStyle":"Linear","EasingDirection":"In"},"HumanoidRootPart":{"Weight":1,"CFrame":[0,0,0,1,0,0,0,1,0,0,0,1],"EasingStyle":"Linear","EasingDirection":"In"},"Right Leg":{"Weight":1,"CFrame":[0.01967984437942505,0.13055074214935304,0.006836652755737305,0.9586248397827148,-0.00914811622351408,-0.284525603055954,0.06707258522510529,0.9786033034324646,0.1945170909166336,0.276658296585083,-0.20555280148983003,0.9387270212173462],"EasingStyle":"Linear","EasingDirection":"In"}}},{"Time":0.1666666716337204,"poses":{"Left Leg":{"Weight":1,"CFrame":[-0.04869035631418228,0.18835926055908204,-0.014183223247528077,0.973231315612793,0.01304849237203598,0.22945718467235566,-0.08504647761583328,0.9479627013206482,0.3068126142024994,-0.21351344883441926,-0.31811416149139407,0.9236966967582703],"EasingStyle":"Linear","EasingDirection":"In"},"Right Arm":{"Weight":1,"CFrame":[0.5783069729804993,0.021108031272888185,0.09780240058898926,0.6850682497024536,0.016062317416071893,0.7283018231391907,0.6767691373825073,-0.3839806914329529,-0.6281262040138245,0.2695646584033966,0.9232015013694763,-0.273923397064209],"EasingStyle":"Linear","EasingDirection":"In"},"Left Arm":{"Weight":1,"CFrame":[0.0527900755405426,0.16118168830871583,-0.032495856285095218,0.27186134457588198,0.9364352226257324,-0.22176703810691834,-0.4293379783630371,-0.08821678161621094,-0.8988251686096191,-0.8612551093101502,0.33956873416900637,0.37806445360183718],"EasingStyle":"Linear","EasingDirection":"In"},"Head":{"Weight":1,"CFrame":[9.872019290924072e-8,1.0477378964424134e-8,0.016662001609802247,0.9668892025947571,0.2490968108177185,-0.05546414479613304,-0.2541516125202179,0.9595624804496765,-0.12102405726909638,0.023074572905898095,0.131113201379776,0.9910988807678223],"EasingStyle":"Linear","EasingDirection":"In"},"Torso":{"Weight":1,"CFrame":[-0.012581810355186463,-0.047788821160793307,-0.13763713836669923,0.996069610118866,-0.0739545077085495,0.04874666407704353,0.07663298398256302,0.9955090880393982,-0.055581267923116687,-0.044417258352041247,0.059098415076732638,0.997263491153717],"EasingStyle":"Linear","EasingDirection":"In"},"HumanoidRootPart":{"Weight":1,"CFrame":[0,0,0,1,0,0,0,1,0,0,0,1],"EasingStyle":"Linear","EasingDirection":"In"},"Right Leg":{"Weight":1,"CFrame":[-0.045952893793582919,0.10066086053848267,-0.0063703060150146488,0.9568706154823303,-0.047239381819963458,-0.2866479456424713,0.09788893908262253,0.9814188480377197,0.1650298833847046,0.27352583408355715,-0.18597202003002168,0.9437150359153748],"EasingStyle":"Linear","EasingDirection":"In"}}},{"Time":0.20000000298023225,"poses":{"Left Leg":{"Weight":1,"CFrame":[0.1407739222049713,0.15369528532028199,-0.049735963344573978,0.966534435749054,0.11667226999998093,0.22847023606300355,-0.1877785474061966,0.9285500049591065,0.3202096223831177,-0.1747865229845047,-0.35239550471305849,0.9193840622901917],"EasingStyle":"Linear","EasingDirection":"In"},"Right Arm":{"Weight":1,"CFrame":[0.5301405191421509,-0.021453827619552614,0.18277370929718018,0.7134687304496765,-0.034756142646074298,0.6998245716094971,0.601324200630188,-0.4823249876499176,-0.637002170085907,0.3596826493740082,0.8753025531768799,-0.3232243061065674],"EasingStyle":"Linear","EasingDirection":"In"},"Left Arm":{"Weight":1,"CFrame":[0.05281199514865875,0.16036498546600343,-0.03241080045700073,0.26295313239097597,0.9328832030296326,-0.24613982439041139,-0.4385567307472229,-0.11166710406541825,-0.8917390704154968,-0.8593739867210388,0.3424316346645355,0.3797588348388672],"EasingStyle":"Linear","EasingDirection":"In"},"Head":{"Weight":1,"CFrame":[8.66129994392395e-8,6.9267116487026218e-9,0.016661882400512697,0.9756497740745544,0.21661101281642915,-0.03445570543408394,-0.21879823505878449,0.9721571207046509,-0.08389297127723694,0.015324142761528492,0.08938910067081452,0.9958789348602295],"EasingStyle":"Linear","EasingDirection":"In"},"Torso":{"Weight":1,"CFrame":[-0.05721662938594818,-0.042610883712768558,-0.09284186363220215,0.996069610118866,-0.0739545077085495,0.04874666407704353,0.07663298398256302,0.9955090880393982,-0.055581267923116687,-0.044417258352041247,0.059098415076732638,0.997263491153717],"EasingStyle":"Linear","EasingDirection":"In"},"HumanoidRootPart":{"Weight":1,"CFrame":[0,0,0,1,0,0,0,1,0,0,0,1],"EasingStyle":"Linear","EasingDirection":"In"},"Right Leg":{"Weight":1,"CFrame":[-0.1701062023639679,0.0636187195777893,-0.037905097007751468,0.950401246547699,-0.11645219475030899,-0.2884032428264618,0.16139917075634004,0.9772977232933044,0.13725769519805909,0.26587191224098208,-0.17699800431728364,0.947620153427124],"EasingStyle":"Linear","EasingDirection":"In"}}},{"Time":0.23333333432674409,"poses":{"Left Leg":{"Weight":1,"CFrame":[0.14059656858444215,0.15591764450073243,-0.0504535436630249,0.9664316177368164,0.11820043623447418,0.22811944782733918,-0.18998633325099946,0.9264998435974121,0.3248126208782196,-0.17295974493026734,-0.35724881291389468,0.9178552031517029],"EasingStyle":"Linear","EasingDirection":"In"},"Right Arm":{"Weight":1,"CFrame":[0.47754529118537905,-0.08042186498641968,0.2830028533935547,0.7292613387107849,-0.11912978440523148,0.6737849116325378,0.4796445071697235,-0.6132708787918091,-0.6275667548179627,0.487974613904953,0.7808372974395752,-0.3900948166847229],"EasingStyle":"Linear","EasingDirection":"In"},"Left Arm":{"Weight":1,"CFrame":[0.052613552659749988,0.15955471992492677,-0.03165590763092041,0.27100643515586855,0.9211335778236389,-0.27940768003463747,-0.4521653354167938,-0.1344284564256668,-0.8817457556724548,-0.8497658967971802,0.36529701948165896,0.380073606967926],"EasingStyle":"Linear","EasingDirection":"In"},"Head":{"Weight":1,"CFrame":[7.729977369308472e-8,3.026798367500305e-9,0.016661882400512697,0.9852696061134338,0.1702738106250763,-0.015833647921681405,-0.1707977056503296,0.9844231605529785,-0.041704654693603519,0.008485781960189343,0.04379473999142647,0.999004602432251],"EasingStyle":"Linear","EasingDirection":"In"},"Torso":{"Weight":1,"CFrame":[-0.07611118257045746,-0.03982275724411011,-0.06872153282165528,0.996069610118866,-0.0739545077085495,0.04874666407704353,0.07663298398256302,0.9955090880393982,-0.055581267923116687,-0.044417258352041247,0.059098415076732638,0.997263491153717],"EasingStyle":"Linear","EasingDirection":"In"},"HumanoidRootPart":{"Weight":1,"CFrame":[0,0,0,1,0,0,0,1,0,0,0,1],"EasingStyle":"Linear","EasingDirection":"In"},"Right Leg":{"Weight":1,"CFrame":[-0.1704372763633728,0.05767643451690674,-0.03722357749938965,0.9499518275260925,-0.11839613318443299,-0.2890914976596832,0.1601385474205017,0.9791198372840881,0.1252197027206421,0.26822978258132937,-0.16524742543697358,0.9490764737129211],"EasingStyle":"Linear","EasingDirection":"In"}}},{"Time":0.2666666805744171,"poses":{"Left Leg":{"Weight":1,"CFrame":[0.15639372169971467,0.1502983570098877,-0.053737521171569827,0.9607003331184387,0.09638569504022598,0.2603163719177246,-0.17836277186870576,0.9329131841659546,0.3128257691860199,-0.21270069479942323,-0.3469625413417816,0.9134415984153748],"EasingStyle":"Linear","EasingDirection":"In"},"Right Arm":{"Weight":1,"CFrame":[0.4308823049068451,-0.14583152532577516,0.3645285367965698,0.7035248279571533,-0.22712305188179017,0.6734002828598023,0.3193495571613312,-0.7454635500907898,-0.5850640535354614,0.6348769068717957,0.6266571879386902,-0.45192059874534609],"EasingStyle":"Linear","EasingDirection":"In"},"Left Arm":{"Weight":1,"CFrame":[0.052121471613645557,0.15841394662857057,-0.030182301998138429,0.2923242151737213,0.8974610567092896,-0.3303185999393463,-0.4691476821899414,-0.16640526056289674,-0.8673003315925598,-0.8333348631858826,0.4085010290145874,0.37239745259284975],"EasingStyle":"Linear","EasingDirection":"In"},"Head":{"Weight":1,"CFrame":[9.080395102500916e-8,3.841705620288849e-9,0.0166623592376709,0.996588408946991,0.0815223678946495,0.012874193489551545,-0.08156050741672516,0.996665358543396,0.0024708732962608339,-0.012629853561520577,-0.0035124653950333597,0.9999141097068787],"EasingStyle":"Linear","EasingDirection":"In"},"Torso":{"Weight":1,"CFrame":[-0.08367703855037689,-0.04238852858543396,-0.08721399307250977,0.9986415505409241,-0.03889395296573639,0.034673940390348437,0.040821801871061328,0.9975538849830627,-0.056743837893009189,-0.03238212689757347,0.05808220058679581,0.9977865815162659],"EasingStyle":"Linear","EasingDirection":"In"},"HumanoidRootPart":{"Weight":1,"CFrame":[0,0,0,1,0,0,0,1,0,0,0,1],"EasingStyle":"Linear","EasingDirection":"In"},"Right Leg":{"Weight":1,"CFrame":[-0.15398241579532624,0.06554335355758667,-0.03257042169570923,0.9575560092926025,-0.1334703117609024,-0.2554841637611389,0.17367884516716004,0.9745355844497681,0.14183145761489869,0.23004812002182008,-0.1801837980747223,0.9563533663749695],"EasingStyle":"Linear","EasingDirection":"In"}}},{"Time":0.30000001192092898,"poses":{"Left Leg":{"Weight":1,"CFrame":[0.1935245394706726,0.1375862956047058,-0.06423676013946533,0.9406640529632568,0.044835351407527927,0.33636435866355898,-0.14720486104488374,0.9470257759094238,0.28543463349342348,-0.30574822425842287,-0.318012535572052,0.8974331021308899],"EasingStyle":"Linear","EasingDirection":"In"},"Right Arm":{"Weight":1,"CFrame":[0.401101678609848,-0.20773935317993165,0.39361119270324709,0.6117028594017029,-0.33164024353027346,0.7182161211967468,0.13550104200839997,-0.8505433797836304,-0.5081489086151123,0.7793965935707092,0.40815529227256777,-0.4753422439098358],"EasingStyle":"Linear","EasingDirection":"In"},"Left Arm":{"Weight":1,"CFrame":[0.05115147680044174,0.15661782026290894,-0.027974188327789308,0.32245489954948428,0.8550438284873962,-0.406107097864151,-0.489113450050354,-0.2168080061674118,-0.8448446393013,-0.8104263544082642,0.47105664014816286,0.3483026623725891],"EasingStyle":"Linear","EasingDirection":"In"},"Head":{"Weight":1,"CFrame":[9.080395102500916e-8,1.7229467630386354e-8,0.01666247844696045,0.9969469308853149,-0.05880528688430786,0.05137065425515175,0.056381937116384509,0.9972827434539795,0.0474148727953434,-0.054019395262002948,-0.044373687356710437,0.9975535273551941],"EasingStyle":"Linear","EasingDirection":"In"},"Torso":{"Weight":1,"CFrame":[-0.100898377597332,-0.0466240793466568,-0.1318647861480713,0.9989774227142334,0.045203614979982379,0.0008686368237249553,-0.04507989063858986,0.9973430037498474,-0.05722712725400925,-0.003453201847150922,0.05712945759296417,0.998360812664032],"EasingStyle":"Linear","EasingDirection":"In"},"HumanoidRootPart":{"Weight":1,"CFrame":[0,0,0,1,0,0,0,1,0,0,0,1],"EasingStyle":"Linear","EasingDirection":"In"},"Right Leg":{"Weight":1,"CFrame":[0.12592048943042756,0.1458079218864441,0.007191658020019531,0.9837015867233276,-0.044852711260318759,-0.1741252839565277,0.07731060683727265,0.9798117876052856,0.18436940014362336,0.16234061121940614,-0.19482627511024476,0.967309832572937],"EasingStyle":"Linear","EasingDirection":"In"}}},{"Time":0.3333333432674408,"poses":{"Left Leg":{"Weight":1,"CFrame":[0.04857773333787918,0.15140992403030396,0.002221345901489258,0.8982889652252197,-0.11297386884689331,0.42463380098342898,0.000897421850822866,0.9668529033660889,0.25533270835876467,-0.43940430879592898,-0.22898149490356446,0.8686147332191467],"EasingStyle":"Linear","EasingDirection":"In"},"Right Arm":{"Weight":1,"CFrame":[0.3883315920829773,-0.2570851445198059,0.3250514268875122,0.4138766825199127,-0.3990480303764343,0.8182096481323242,-0.04149797931313515,-0.9061384797096252,-0.4209405183792114,0.9093866944313049,0.14026348292827607,-0.39158928394317629],"EasingStyle":"Linear","EasingDirection":"In"},"Left Arm":{"Weight":1,"CFrame":[0.05619734525680542,0.12791532278060914,0.02484869956970215,0.38197779655456545,0.7776129841804504,-0.49941104650497439,-0.49971333146095278,-0.28079020977020266,-0.8194165229797363,-0.7774186134338379,0.5625610947608948,0.28132784366607668],"EasingStyle":"Linear","EasingDirection":"In"},"Head":{"Weight":1,"CFrame":[1.0710209608078003e-7,2.0489096641540528e-8,0.016662240028381349,0.9742019772529602,-0.2092573642730713,0.08451063185930252,0.20178818702697755,0.9753762483596802,0.08901000767946243,-0.10105571150779724,-0.06966036558151245,0.9924390912055969],"EasingStyle":"Linear","EasingDirection":"In"},"Torso":{"Weight":1,"CFrame":[-0.11903008073568344,-0.048084624111652377,-0.186187744140625,0.988598644733429,0.14532776176929475,-0.039404794573783877,-0.14731739461421967,0.9876449704170227,-0.05343371257185936,0.031152544543147088,0.058629509061574939,0.9977936148643494],"EasingStyle":"Linear","EasingDirection":"In"},"HumanoidRootPart":{"Weight":1,"CFrame":[0,0,0,1,0,0,0,1,0,0,0,1],"EasingStyle":"Linear","EasingDirection":"In"},"Right Leg":{"Weight":1,"CFrame":[0.34776315093040469,0.24580317735671998,-0.021723926067352296,0.9970983862876892,0.000050919054046971726,-0.07612373679876328,0.01831393502652645,0.9704684019088745,0.24053239822387696,0.07388799637556076,-0.24122871458530427,0.9676514267921448],"EasingStyle":"Linear","EasingDirection":"In"}}},{"Time":0.36666667461395266,"poses":{"Left Leg":{"Weight":1,"CFrame":[-0.016674980521202089,0.15110284090042115,0.06004440784454346,0.8426156044006348,-0.21105194091796876,0.4954354166984558,0.10593293607234955,0.9669871926307678,0.23176316916942597,-0.5279937386512756,-0.1428043395280838,0.8371556997299194],"EasingStyle":"Linear","EasingDirection":"In"},"Right Arm":{"Weight":1,"CFrame":[0.38419997692108157,-0.2887303829193115,0.20215630531311036,0.1681508868932724,-0.39850914478302,0.901618480682373,-0.1771710216999054,-0.9119653105735779,-0.37004005908966067,0.969709038734436,-0.09751809388399124,-0.22395206987857819],"EasingStyle":"Linear","EasingDirection":"In"},"Left Arm":{"Weight":1,"CFrame":[0.06592142581939697,0.07685655355453491,0.120841383934021,0.47819656133651736,0.6607638597488403,-0.5785495042800903,-0.5005868673324585,-0.3362019956111908,-0.797734797000885,-0.7216238379478455,0.6710882186889648,0.16999898850917817],"EasingStyle":"Linear","EasingDirection":"In"},"Head":{"Weight":1,"CFrame":[9.499490261077881e-8,3.725290298461914e-9,0.016662120819091798,0.9393786787986755,-0.32625052332878115,0.10549062490463257,0.3137871325016022,0.9419965744018555,0.11908111721277237,-0.1382220983505249,-0.07876065373420716,0.9872646927833557],"EasingStyle":"Linear","EasingDirection":"In"},"Torso":{"Weight":1,"CFrame":[-0.12898321449756623,-0.045815467834472659,-0.23253154754638673,0.9709960222244263,0.22785013914108277,-0.07246387004852295,-0.23146188259124757,0.9717555046081543,-0.046009134501218799,0.05993397533893585,0.06144731864333153,0.9963092803955078],"EasingStyle":"Linear","EasingDirection":"In"},"HumanoidRootPart":{"Weight":1,"CFrame":[0,0,0,1,0,0,0,1,0,0,0,1],"EasingStyle":"Linear","EasingDirection":"In"},"Right Leg":{"Weight":1,"CFrame":[0.4705066680908203,0.32249248027801516,-0.08338993787765503,0.9999823570251465,0.002635655226185918,0.005336261820048094,-0.0040845186449587349,0.9560399651527405,0.2932080924510956,-0.004328835289925337,-0.2932247519493103,0.9560338258743286],"EasingStyle":"Linear","EasingDirection":"In"}}},{"Time":0.4000000059604645,"poses":{"Left Leg":{"Weight":1,"CFrame":[-0.03589656949043274,0.14572012424468995,0.08638381958007813,0.814887285232544,-0.2472342997789383,0.5242459774017334,0.15149842202663423,0.963874876499176,0.2190741002559662,-0.5594701766967773,-0.09909827262163162,0.8229050040245056],"EasingStyle":"Linear","EasingDirection":"In"},"Right Arm":{"Weight":1,"CFrame":[0.3841874599456787,-0.29977089166641238,0.12456369400024414,0.031325068324804309,-0.3790140748023987,0.9248607158660889,-0.22943435609340669,-0.9033332467079163,-0.362420916557312,0.9728199243545532,-0.20084188878536225,-0.11525581032037735],"EasingStyle":"Linear","EasingDirection":"In"},"Left Arm":{"Weight":1,"CFrame":[0.06873223930597305,0.049397945404052737,0.1741776466369629,0.5833357572555542,0.5247717499732971,-0.6199471354484558,-0.5041994452476502,-0.36444562673568728,-0.7829189896583557,-0.6367906332015991,0.7692816257476807,0.0519954152405262],"EasingStyle":"Linear","EasingDirection":"In"},"Head":{"Weight":1,"CFrame":[1.0989606380462647e-7,-1.4901161193847657e-8,0.016662001609802247,0.9210885167121887,-0.3725564777851105,0.1131274476647377,0.3582609295845032,0.9247449040412903,0.12843698263168336,-0.1524641066789627,-0.07777268439531326,0.9852442741394043],"EasingStyle":"Linear","EasingDirection":"In"},"Torso":{"Weight":1,"CFrame":[-0.12257811427116394,-0.04224592447280884,-0.25209808349609377,0.9612696170806885,0.2619367837905884,-0.08573158085346222,-0.26599282026290896,0.9631566405296326,-0.03971290960907936,0.0721706748008728,0.06097880005836487,0.9955264925956726],"EasingStyle":"Linear","EasingDirection":"In"},"HumanoidRootPart":{"Weight":1,"CFrame":[0,0,0,1,0,0,0,1,0,0,0,1],"EasingStyle":"Linear","EasingDirection":"In"},"Right Leg":{"Weight":1,"CFrame":[0.5082254409790039,0.3524060845375061,-0.1174357533454895,0.9992155432701111,-0.0032710926607251169,0.039467599242925647,-0.009602440521121025,0.9468331933021545,0.32158151268959048,-0.03842116519808769,-0.32170820236206057,0.946058988571167],"EasingStyle":"Linear","EasingDirection":"In"}}},{"Time":0.4333333373069763,"poses":{"Left Leg":{"Weight":1,"CFrame":[-0.03184041380882263,0.13910335302352906,0.07262086868286133,0.8384451866149902,-0.22443971037864686,0.4966254234313965,0.1335623413324356,0.9680954217910767,0.21201969683170319,-0.5283663868904114,-0.1114363819360733,0.8416715264320374],"EasingStyle":"Linear","EasingDirection":"In"},"Right Arm":{"Weight":1,"CFrame":[0.38282161951065066,-0.29468023777008059,0.10719442367553711,0.04488348960876465,-0.42254742980003359,0.9052287936210632,-0.19110193848609925,-0.8930396437644959,-0.4073823094367981,0.9805434942245483,-0.15470625460147859,-0.12083233892917633],"EasingStyle":"Linear","EasingDirection":"In"},"Left Arm":{"Weight":1,"CFrame":[0.051747776567935947,0.06143331527709961,0.177018404006958,0.6726671457290649,0.39453840255737307,-0.6259861588478088,-0.511309802532196,-0.36367765069007876,-0.778653085231781,-0.53486567735672,0.8438472747802734,-0.04290292412042618],"EasingStyle":"Linear","EasingDirection":"In"},"Head":{"Weight":1,"CFrame":[9.313225746154785e-8,3.725290298461914e-9,0.016662001609802247,0.9359412789344788,-0.33412232995033266,0.11124826967716217,0.32194334268569949,0.9398470520973206,0.11419309675693512,-0.14271080493927003,-0.07106238603591919,0.9872101545333862],"EasingStyle":"Linear","EasingDirection":"In"},"Torso":{"Weight":1,"CFrame":[-0.1017671525478363,-0.03904689848423004,-0.23299264907836915,0.9702339768409729,0.22886015474796296,-0.07917743176221848,-0.23223759233951569,0.9719799757003784,-0.03634026274085045,0.06864205002784729,0.05364653095602989,0.9961979389190674],"EasingStyle":"Linear","EasingDirection":"In"},"HumanoidRootPart":{"Weight":1,"CFrame":[0,0,0,1,0,0,0,1,0,0,0,1],"EasingStyle":"Linear","EasingDirection":"In"},"Right Leg":{"Weight":1,"CFrame":[0.46466386318206789,0.32757455110549929,-0.09193682670593262,0.999962329864502,0.0027840163093060257,0.008221483789384365,-0.005271759815514088,0.9472606778144836,0.32042086124420168,-0.006895819213241339,-0.3204520642757416,0.9472396969795227],"EasingStyle":"Linear","EasingDirection":"In"}}},{"Time":0.46666666865348818,"poses":{"Left Leg":{"Weight":1,"CFrame":[0.0073449015617370609,0.12733608484268189,0.029685497283935548,0.8911139965057373,-0.15202997624874116,0.42755430936813357,0.06678543239831925,0.9758864641189575,0.20781102776527406,-0.4488379955291748,-0.15662895143032075,0.8797794580459595],"EasingStyle":"Linear","EasingDirection":"In"},"Right Arm":{"Weight":1,"CFrame":[0.37954604625701907,-0.27959248423576357,0.09828341007232666,0.1465638428926468,-0.5251652598381043,0.8382843136787415,-0.09438402950763703,-0.8509935736656189,-0.5166252851486206,0.9846881628036499,-0.003402064787223935,-0.17429207265377046],"EasingStyle":"Linear","EasingDirection":"In"},"Left Arm":{"Weight":1,"CFrame":[0.013266429305076599,0.09257680177688599,0.17799317836761475,0.7418270111083984,0.2738115191459656,-0.6121440529823303,-0.5166344046592712,-0.3486168086528778,-0.7820197343826294,-0.4275296628475189,0.8963779807090759,-0.1171531081199646],"EasingStyle":"Linear","EasingDirection":"In"},"Head":{"Weight":1,"CFrame":[8.568167686462403e-8,-5.587935447692871e-9,0.016662001609802247,0.9654819369316101,-0.23956356942653657,0.10224436968564987,0.23151731491088868,0.9691479802131653,0.08456998318433762,-0.11934980750083924,-0.05797937139868736,0.9911579489707947],"EasingStyle":"Linear","EasingDirection":"In"},"Torso":{"Weight":1,"CFrame":[-0.07663390785455704,-0.035146281123161319,-0.19115376472473145,0.9867927432060242,0.14899282157421113,-0.06357185542583466,-0.15127630531787873,0.9879494309425354,-0.032734453678131106,0.05792858079075813,0.0419190414249897,0.9974402785301209],"EasingStyle":"Linear","EasingDirection":"In"},"HumanoidRootPart":{"Weight":1,"CFrame":[0,0,0,1,0,0,0,1,0,0,0,1],"EasingStyle":"Linear","EasingDirection":"In"},"Right Leg":{"Weight":1,"CFrame":[0.3548661172389984,0.2720258831977844,-0.040679991245269778,0.9976090788841248,0.01419953815639019,-0.06763424724340439,0.007149830926209688,0.952206015586853,0.30537277460098269,0.0687379539012909,-0.3051263391971588,0.949828028678894],"EasingStyle":"Linear","EasingDirection":"In"}}},{"Time":0.5,"poses":{"Left Leg":{"Weight":1,"CFrame":[0.11709462106227875,0.110592782497406,-0.028077781200408937,0.9394005537033081,-0.032085005193948749,0.3413168489933014,-0.043606311082839969,0.9763405323028565,0.2117963284254074,-0.34003695845603945,-0.2138451337814331,0.915775716304779],"EasingStyle":"Linear","EasingDirection":"In"},"Right Arm":{"Weight":1,"CFrame":[0.37617045640945437,-0.2539880871772766,0.09641480445861817,0.32930415868759158,-0.6287685036659241,0.7044212222099304,0.0248172078281641,-0.7400104999542236,-0.6721372008323669,0.9438977241516113,0.23881937563419343,-0.22808429598808289],"EasingStyle":"Linear","EasingDirection":"In"},"Left Arm":{"Weight":1,"CFrame":[-0.04110545665025711,0.13442987203598023,0.17626464366912843,0.7936238050460815,0.161982923746109,-0.5864495635032654,-0.5183783173561096,-0.324582040309906,-0.7911575436592102,-0.3185049593448639,0.931884229183197,-0.17362774908542634],"EasingStyle":"Linear","EasingDirection":"In"},"Head":{"Weight":1,"CFrame":[1.0104849934577942e-7,-2.7939677238464357e-9,0.016662001609802247,0.9890337586402893,-0.12191534042358399,0.08336039632558823,0.1181911751627922,0.9918175339698792,0.048257965594530109,-0.08856174349784851,-0.037876300513744357,0.9953503012657166],"EasingStyle":"Linear","EasingDirection":"In"},"Torso":{"Weight":1,"CFrame":[-0.051964253187179568,-0.02971722185611725,-0.14931511878967286,0.9976255893707275,0.05341558903455734,-0.043473731726408008,-0.05463118106126785,0.9981342554092407,-0.027270479127764703,0.04193594679236412,0.029580753296613694,0.9986823201179504],"EasingStyle":"Linear","EasingDirection":"In"},"HumanoidRootPart":{"Weight":1,"CFrame":[0,0,0,1,0,0,0,1,0,0,0,1],"EasingStyle":"Linear","EasingDirection":"In"},"Right Leg":{"Weight":1,"CFrame":[0.19847622513771058,0.21031087636947633,-0.0065490007400512699,0.9874467849731445,0.01564735174179077,-0.15717564523220063,0.03034147433936596,0.9577590227127075,0.2859668433666229,0.15501107275485993,-0.2871459722518921,0.9452612400054932],"EasingStyle":"Linear","EasingDirection":"In"}}},{"Time":0.5333333611488342,"poses":{"Left Leg":{"Weight":1,"CFrame":[0.1601225733757019,0.10917586088180542,-0.043070852756500247,0.9625818133354187,0.04064793512225151,0.2679254710674286,-0.10373423248529434,0.9686511754989624,0.22573058307170869,-0.25035086274147036,-0.2450772374868393,0.9366224408149719],"EasingStyle":"Linear","EasingDirection":"In"},"Right Arm":{"Weight":1,"CFrame":[0.3748578131198883,-0.2182292938232422,0.0987628698348999,0.5529658794403076,-0.6604411005973816,0.5079826712608337,0.11206109076738358,-0.5451844334602356,-0.8307925462722778,0.8256338238716126,0.516325056552887,-0.22745871543884278],"EasingStyle":"Linear","EasingDirection":"In"},"Left Arm":{"Weight":1,"CFrame":[-0.10576766729354859,0.17860037088394166,0.1709291934967041,0.8298771381378174,0.05860681086778641,-0.5548597574234009,-0.5162475109100342,-0.29656970500946047,-0.8034517765045166,-0.2116422802209854,0.9532113075256348,-0.21586091816425324],"EasingStyle":"Linear","EasingDirection":"In"},"Head":{"Weight":1,"CFrame":[9.289942681789398e-8,-1.1641532182693482e-10,0.016661882400512697,0.998237669467926,-0.018439579755067827,0.05640692636370659,0.01771870255470276,0.9997551441192627,0.013255384750664235,-0.056637607514858249,-0.012232493609189988,0.9983199238777161],"EasingStyle":"Linear","EasingDirection":"In"},"Torso":{"Weight":1,"CFrame":[-0.03243957459926605,-0.02327621728181839,-0.1300656795501709,0.9994264245033264,-0.02456054650247097,-0.023314835503697397,0.024097057059407235,0.9995105266571045,-0.019956521689891816,0.02379356510937214,0.019383257254958154,0.9995289444923401],"EasingStyle":"Linear","EasingDirection":"In"},"HumanoidRootPart":{"Weight":1,"CFrame":[0,0,0,1,0,0,0,1,0,0,0,1],"EasingStyle":"Linear","EasingDirection":"In"},"Right Leg":{"Weight":1,"CFrame":[0.07035286724567414,0.16954123973846436,-0.001982748508453369,0.9733155965805054,0.018037455156445504,-0.2287607640028,0.04524955153465271,0.9622452855110169,0.26839637756347659,0.22496521472930909,-0.27158576250076296,0.9357520937919617],"EasingStyle":"Linear","EasingDirection":"In"}}},{"Time":0.5666666626930237,"poses":{"Left Leg":{"Weight":1,"CFrame":[0.008691785857081414,0.138940691947937,-0.01304858922958374,0.9746705889701843,-0.010868880897760392,0.22338104248046876,-0.046829238533973697,0.9667583703994751,0.2513670325279236,-0.21868760883808137,-0.25546085834503176,0.9417620301246643],"EasingStyle":"Linear","EasingDirection":"In"},"Right Arm":{"Weight":1,"CFrame":[0.3760145604610443,-0.1746344268321991,0.10172486305236817,0.7481424808502197,-0.5924955606460571,0.2987169027328491,0.13102132081985475,-0.30941370129585268,-0.9418580532073975,0.6504738330841065,0.7437823414802551,-0.1538560539484024],"EasingStyle":"Linear","EasingDirection":"In"},"Left Arm":{"Weight":1,"CFrame":[-0.17475928366184236,0.21840602159500123,0.15754151344299317,0.8545237183570862,-0.028681647032499315,-0.518619954586029,-0.5085124373435974,-0.24967485666275025,-0.8240616321563721,-0.10585080087184906,0.9679049253463745,-0.22793805599212647],"EasingStyle":"Linear","EasingDirection":"In"},"Head":{"Weight":1,"CFrame":[8.521601557731629e-8,5.587935447692871e-9,0.01666271686553955,0.9983263611793518,0.05074569582939148,0.02773677371442318,-0.05030647665262222,0.9986007213592529,-0.016312183812260629,-0.028525710105895997,0.014889576472342015,0.999482274055481],"EasingStyle":"Linear","EasingDirection":"In"},"Torso":{"Weight":1,"CFrame":[-0.03194589912891388,-0.017244761809706689,-0.13976454734802247,0.9975834488868713,-0.06919781863689423,-0.006253181956708431,0.06911566108465195,0.9975301027297974,-0.012519769370555878,0.0071040792390704159,0.012057321146130562,0.999902069568634],"EasingStyle":"Linear","EasingDirection":"In"},"HumanoidRootPart":{"Weight":1,"CFrame":[0,0,0,1,0,0,0,1,0,0,0,1],"EasingStyle":"Linear","EasingDirection":"In"},"Right Leg":{"Weight":1,"CFrame":[0.07974038273096085,0.1621832251548767,0.012300729751586914,0.9608635902404785,0.0644567534327507,-0.269418865442276,0.004790410865098238,0.9685423970222473,0.24880239367485047,0.27698060870170596,-0.24035583436489106,0.9303284287452698],"EasingStyle":"Linear","EasingDirection":"In"}}},{"Time":0.6000000238418579,"poses":{"Left Leg":{"Weight":1,"CFrame":[-0.12397703528404236,0.1783258318901062,0.0003199577331542969,0.9779046177864075,-0.0660485178232193,0.19834381341934205,0.007158350665122271,0.95880126953125,0.28398752212524416,-0.20892925560474397,-0.2762928903102875,0.9380889534950256],"EasingStyle":"Linear","EasingDirection":"In"},"Right Arm":{"Weight":1,"CFrame":[0.3775525391101837,-0.12616470456123353,0.10333824157714844,0.8717617392539978,-0.471385657787323,0.13351857662200929,0.09698011726140976,-0.10110244899988175,-0.9901379942893982,0.4802357852458954,0.8761128783226013,-0.042422179132699969],"EasingStyle":"Linear","EasingDirection":"In"},"Left Arm":{"Weight":1,"CFrame":[-0.2415468990802765,0.25071942806243899,0.13769090175628663,0.8694847822189331,-0.09064047038555145,-0.4855724573135376,-0.493831068277359,-0.18194477260112763,-0.8503099083900452,-0.011274799704551697,0.9791222810745239,-0.2029595971107483],"EasingStyle":"Linear","EasingDirection":"In"},"Head":{"Weight":1,"CFrame":[9.557697921991348e-8,0,0.016661763191223146,0.9955747723579407,0.09393244236707688,0.00276833469979465,-0.09375046193599701,0.9948118329048157,-0.0395023450255394,-0.006464597303420305,0.039068080484867099,0.9992157220840454],"EasingStyle":"Linear","EasingDirection":"In"},"Torso":{"Weight":1,"CFrame":[-0.050978273153305057,-0.012794356793165207,-0.16579389572143556,0.9957382678985596,-0.09197140485048294,0.006824133452028036,0.09201502054929733,0.9957372546195984,-0.006379895843565464,-0.006208275444805622,0.006980630569159985,0.9999563694000244],"EasingStyle":"Linear","EasingDirection":"In"},"HumanoidRootPart":{"Weight":1,"CFrame":[0,0,0,1,0,0,0,1,0,0,0,1],"EasingStyle":"Linear","EasingDirection":"In"},"Right Leg":{"Weight":1,"CFrame":[0.16136229038238526,0.16857659816741944,0.04253232479095459,0.9479858875274658,0.12915152311325074,-0.2909339964389801,-0.06312093883752823,0.9721115231513977,0.22586531937122346,0.3119911253452301,-0.19575314223766328,0.9297001957893372],"EasingStyle":"Linear","EasingDirection":"In"}}},{"Time":0.6333333253860474,"poses":{"Left Leg":{"Weight":1,"CFrame":[-0.2295324206352234,0.2172703742980957,0.0049675703048706059,0.9754411578178406,-0.11648417264223099,0.18693870306015016,0.05308207869529724,0.9480223655700684,0.3137451708316803,-0.2137683928012848,-0.29611682891845705,0.9309231638908386],"EasingStyle":"Linear","EasingDirection":"In"},"Right Arm":{"Weight":1,"CFrame":[0.37682750821113589,-0.07455742359161377,0.1037449836730957,0.9298155903816223,-0.36642226576805117,0.03431779891252518,0.05327954888343811,0.04175817221403122,-0.9977062344551086,0.36414873600006106,0.929511129856109