{"Sequence":[{"Time":0,"poses":{"Left Leg":{"Weight":1,"CFrame":[-0.5028055906295776,0.37420088052749636,0.26237666606903078,0.7953791618347168,-0.4081652760505676,0.44807711243629458,0.38900846242904665,0.9106816053390503,0.1390373855829239,-0.4648059904575348,0.06371837854385376,0.8831169605255127],"EasingStyle":"Linear","EasingDirection":"In"},"Right Arm":{"Weight":1,"CFrame":[-1.043081283569336e-7,-1.0745220184326172,0.3036692142486572,0.6178032159805298,-0.7862303256988525,-0.012689442373812199,0.0055922879837453369,-0.011743966490030289,0.9999154210090637,-0.7863129377365112,-0.6178219318389893,-0.002858594758436084],"EasingStyle":"Linear","EasingDirection":"In"},"Left Arm":{"Weight":1,"CFrame":[-0.4560486078262329,-1.1397767066955567,0.11331403255462647,-0.4995224177837372,0.8627710342407227,0.07812469452619553,-0.07698006182909012,-0.13403227925300599,0.9879825115203857,0.862873911857605,0.48750555515289309,0.13336825370788575],"EasingStyle":"Linear","EasingDirection":"In"},"Head":{"Weight":1,"CFrame":[8.812639862298966e-8,-2.149317879229784e-8,-2.980232238769531e-7,0.9959566593170166,-0.08822688460350037,0.016925951465964319,0.08976278454065323,0.9849189519882202,-0.14791013300418855,-0.003621039679273963,0.14883142709732057,0.9888560175895691],"EasingStyle":"Linear","EasingDirection":"In"},"Torso":{"Weight":1,"CFrame":[0.00023992679780349135,0.3166009187698364,-0.47296595573425295,0.9763422012329102,0.21623097360134126,0.0002998231793753803,-0.21585944294929505,0.9745815396308899,0.059963032603263858,0.01267366111278534,-0.05860915407538414,0.9982006549835205],"EasingStyle":"Linear","EasingDirection":"In"},"HumanoidRootPart":{"Weight":1,"CFrame":[0,0,0,1,0,0,0,1,0,0,0,1],"EasingStyle":"Linear","EasingDirection":"In"},"Right Leg":{"Weight":1,"CFrame":[0.8406503796577454,0.4535878300666809,-0.368164598941803,0.9159913659095764,0.19759830832481385,0.34916290640830996,-0.2751900255680084,0.9427467584609985,0.18841181695461274,-0.2919422686100006,-0.2686697244644165,0.9179249405860901],"EasingStyle":"Linear","EasingDirection":"In"}}},{"Time":0.03333333507180214,"poses":{"Left Leg":{"Weight":1,"CFrame":[-0.5388005971908569,0.35021889209747317,0.22661828994750977,0.8183924555778503,-0.4194938540458679,0.39275795221328738,0.39342185854911806,0.9071779251098633,0.1491556018590927,-0.4188712239265442,0.032451752573251727,0.9074656367301941],"EasingStyle":"Linear","EasingDirection":"In"},"Right Arm":{"Weight":1,"CFrame":[0.09484222531318665,-1.0647857189178467,0.31759369373321535,0.4827200770378113,-0.8606684803962708,-0.16195988655090333,0.06809208542108536,-0.1474890559911728,0.9867171049118042,-0.8731236457824707,-0.48733648657798769,-0.012591218575835228],"EasingStyle":"Linear","EasingDirection":"In"},"Left Arm":{"Weight":1,"CFrame":[-0.45230159163475039,-1.1230037212371827,0.14228713512420655,-0.4071860909461975,0.8876638412475586,0.21506348252296449,-0.012756990268826485,-0.24097231030464173,0.9704481959342957,0.9132561683654785,0.39240941405296328,0.10944447666406632],"EasingStyle":"Linear","EasingDirection":"In"},"Head":{"Weight":1,"CFrame":[9.033828973770142e-8,1.5133991837501527e-8,-2.980232238769531e-7,0.9926137924194336,-0.10956984758377075,0.05208037793636322,0.11580968648195267,0.9836761355400086,-0.13772965967655183,-0.03613919019699097,0.14274375140666963,0.9890997409820557],"EasingStyle":"Linear","EasingDirection":"In"},"Torso":{"Weight":1,"CFrame":[0.005905238911509514,0.3271433115005493,-0.44793701171875,0.9797122478485107,0.2002733200788498,0.007381464820355177,-0.20027129352092744,0.9770065546035767,0.07314100116491318,0.0074364491738379,-0.07313542813062668,0.9972943067550659],"EasingStyle":"Linear","EasingDirection":"In"},"HumanoidRootPart":{"Weight":1,"CFrame":[0,0,0,1,0,0,0,1,0,0,0,1],"EasingStyle":"Linear","EasingDirection":"In"},"Right Leg":{"Weight":1,"CFrame":[0.8286224603652954,0.41304391622543337,-0.30459046363830569,0.9272715449333191,0.22443564236164094,0.2996601462364197,-0.2820188105106354,0.9451496601104736,0.1647956520318985,-0.2462376058101654,-0.23732015490531922,0.9397053718566895],"EasingStyle":"Linear","EasingDirection":"In"}}},{"Time":0.06666667014360428,"poses":{"Left Leg":{"Weight":1,"CFrame":[-0.6130462884902954,0.310030460357666,0.1323169469833374,0.8723040819168091,-0.4196746051311493,0.25091609358787539,0.3893725872039795,0.9065966606140137,0.16270075738430024,-0.29576098918914797,-0.044224709272384647,0.954237699508667],"EasingStyle":"Linear","EasingDirection":"In"},"Right Arm":{"Weight":1,"CFrame":[0.26280152797698977,-1.0433653593063355,0.3482273817062378,0.27543583512306216,-0.8996540904045105,-0.3387588858604431,0.10502356290817261,-0.3221193850040436,0.9408555626869202,-0.9555653929710388,-0.2947230339050293,0.0057617309503257278],"EasingStyle":"Linear","EasingDirection":"In"},"Left Arm":{"Weight":1,"CFrame":[-0.4379020035266876,-1.0861024856567383,0.20175695419311524,-0.2554051876068115,0.8945135474205017,0.3668976426124573,0.031445231288671496,-0.37159740924835207,0.9278613328933716,0.966322660446167,0.24851779639720918,0.06677965074777603],"EasingStyle":"Linear","EasingDirection":"In"},"Head":{"Weight":1,"CFrame":[9.313225746154785e-8,8.847564458847046e-9,-3.5762786865234377e-7,0.9863519668579102,-0.14250700175762177,0.08247142285108566,0.1523078829050064,0.979979395866394,-0.1282288283109665,-0.06254680454730988,0.1390397846698761,0.9883096218109131],"EasingStyle":"Linear","EasingDirection":"In"},"Torso":{"Weight":1,"CFrame":[0.015361327677965165,0.33680295944213869,-0.39613866806030276,0.9865954518318176,0.16205161809921266,0.019201578572392465,-0.16310666501522065,0.9829214215278626,0.08521556109189987,-0.005064321216195822,-0.0872051864862442,0.9961774945259094],"EasingStyle":"Linear","EasingDirection":"In"},"HumanoidRootPart":{"Weight":1,"CFrame":[0,0,0,1,0,0,0,1,0,0,0,1],"EasingStyle":"Linear","EasingDirection":"In"},"Right Leg":{"Weight":1,"CFrame":[0.7671911120414734,0.3423762321472168,-0.1614125370979309,0.9521809220314026,0.25704964995384219,0.1651575267314911,-0.27841511368751528,0.9526169896125794,0.12249881029129029,-0.12584351003170014,-0.16262337565422059,0.9786301851272583],"EasingStyle":"Linear","EasingDirection":"In"}}},{"Time":0.10000000149011612,"poses":{"Left Leg":{"Weight":1,"CFrame":[-0.694324254989624,0.27487272024154665,0.002837657928466797,0.9126765131950378,-0.40406128764152529,0.06128654256463051,0.3884945511817932,0.9043310880661011,0.17679719626903535,-0.12686027586460114,-0.13754913210868836,0.9823373556137085],"EasingStyle":"Linear","EasingDirection":"In"},"Right Arm":{"Weight":1,"CFrame":[0.4485873878002167,-1.0219440460205079,0.37886130809783938,0.04498915374279022,-0.8758488893508911,-0.48048388957977297,0.09369812905788422,-0.4751511514186859,0.8749012351036072,-0.9945837259292603,-0.0843815729022026,0.06068876013159752],"EasingStyle":"Linear","EasingDirection":"In"},"Left Arm":{"Weight":1,"CFrame":[-0.40811213850975039,-1.0492007732391358,0.271091103553772,-0.08282819390296936,0.8658484816551209,0.4934023320674896,0.03767094016075134,-0.49202960729599,0.8697631359100342,0.9958516359329224,0.09062790870666504,0.008136597461998463],"EasingStyle":"Linear","EasingDirection":"In"},"Head":{"Weight":1,"CFrame":[8.195638656616211e-8,-8.614733815193176e-8,8.344650268554688e-7,0.9770308136940002,-0.18357393145561219,0.10821922868490219,0.19606813788414002,0.9733340740203857,-0.11907223612070084,-0.08347490429878235,0.13755559921264649,0.9869704246520996],"EasingStyle":"Linear","EasingDirection":"In"},"Torso":{"Weight":1,"CFrame":[0.02515432983636856,0.34429705142974856,-0.35084080696105959,0.9927406311035156,0.11609236150979996,0.031442828476428989,-0.11858386546373368,0.9884290099143982,0.09458320587873459,-0.0200986098498106,-0.09762518852949143,0.9950203895568848],"EasingStyle":"Linear","EasingDirection":"In"},"HumanoidRootPart":{"Weight":1,"CFrame":[0,0,0,1,0,0,0,1,0,0,0,1],"EasingStyle":"Linear","EasingDirection":"In"},"Right Leg":{"Weight":1,"CFrame":[0.659113883972168,0.27685660123825076,-0.011226236820220948,0.9610155820846558,0.2760786712169647,-0.015157721005380154,-0.2739512622356415,0.9581624865531921,0.08291909843683243,0.03741585835814476,-0.07553412765264511,0.9964410662651062],"EasingStyle":"Linear","EasingDirection":"In"}}},{"Time":0.13333334028720857,"poses":{"Left Leg":{"Weight":1,"CFrame":[-0.7554928064346314,0.2504071593284607,-0.12785977125167848,0.9187229871749878,-0.3763976991176605,-0.11947004497051239,0.3931613266468048,0.9001911878585815,0.18729650974273683,0.037047866731882098,-0.21904456615447999,0.9750113487243652],"EasingStyle":"Linear","EasingDirection":"In"},"Right Arm":{"Weight":1,"CFrame":[0.5969091653823853,-1.0122079849243165,0.3927856683731079,-0.14744047820568086,-0.8263445496559143,-0.5435218214988709,0.052143171429634097,-0.5552576184272766,0.83004230260849,-0.987695574760437,0.09404077380895615,0.12495570629835129],"EasingStyle":"Linear","EasingDirection":"In"},"Left Arm":{"Weight":1,"CFrame":[-0.35819414258003237,-1.032428503036499,0.32965683937072756,0.06932283192873001,0.8169723749160767,0.5724950432777405,0.00794596504420042,-0.5743095874786377,0.8185997009277344,0.9975626468658447,-0.05219855159521103,-0.04630442336201668],"EasingStyle":"Linear","EasingDirection":"In"},"Head":{"Weight":1,"CFrame":[7.450580596923828e-8,-2.1420419216156007e-8,2.384185791015625e-7,0.9647060632705689,-0.22929371893405915,0.1294858157634735,0.24380843341350556,0.963542103767395,-0.11019980162382126,-0.09949690848588944,0.1378801316022873,0.9854387640953064],"EasingStyle":"Linear","EasingDirection":"In"},"Torso":{"Weight":1,"CFrame":[0.032255031168460849,0.34785789251327517,-0.32254934310913088,0.996178388595581,0.07748061418533325,0.04031871631741524,-0.0811460018157959,0.9917699098587036,0.09903426468372345,-0.03231365233659744,-0.10192746669054032,0.9942669868469238],"EasingStyle":"Linear","EasingDirection":"In"},"HumanoidRootPart":{"Weight":1,"CFrame":[0,0,0,1,0,0,0,1,0,0,0,1],"EasingStyle":"Linear","EasingDirection":"In"},"Right Leg":{"Weight":1,"CFrame":[0.5391525626182556,0.2333974838256836,0.09837949275970459,0.9429379105567932,0.27642714977264407,-0.18562337756156922,-0.27072271704673769,0.9610316753387451,0.05592258274555206,0.19384852051734925,-0.0024790868628770115,0.9810283780097961],"EasingStyle":"Linear","EasingDirection":"In"}}},{"Time":0.1666666716337204,"poses":{"Left Leg":{"Weight":1,"CFrame":[-0.787372350692749,0.24383318424224854,-0.21939563751220704,0.9078956246376038,-0.3465486168861389,-0.23585954308509828,0.39324840903282168,0.8989760279655457,0.19286741316318513,0.1451941728591919,-0.26785486936569216,0.952455997467041],"EasingStyle":"Linear","EasingDirection":"In"},"Right Arm":{"Weight":1,"CFrame":[0.6929450631141663,-1.0148224830627442,0.38383734226226809,-0.30584174394607546,-0.7916241884231567,-0.5289536118507385,0.002728463849052787,-0.556302011013031,0.8309758305549622,-0.9520785212516785,0.2527036666870117,0.17230026423931123],"EasingStyle":"Linear","EasingDirection":"In"},"Left Arm":{"Weight":1,"CFrame":[-0.2858026325702667,-1.0335643291473389,0.36821115016937258,0.2182150036096573,0.7774251103401184,0.5899086594581604,-0.054920729249715808,-0.59373539686203,0.8027840852737427,0.9743542075157166,-0.2075776308774948,-0.08686520159244538],"EasingStyle":"Linear","EasingDirection":"In"},"Head":{"Weight":1,"CFrame":[9.499490261077881e-8,-5.494803190231323e-8,2.384185791015625e-7,0.9498631358146668,-0.2762286365032196,0.1464851200580597,0.29222771525382998,0.9509206414222717,-0.10174915939569473,-0.11118970811367035,0.13945476710796357,0.9839661121368408],"EasingStyle":"Linear","EasingDirection":"In"},"Torso":{"Weight":1,"CFrame":[0.03376448154449463,0.34113168716430666,-0.31221771240234377,0.9972097873687744,0.06157384067773819,0.04220551624894142,-0.06519576907157898,0.993748664855957,0.09062646329402924,-0.0363614559173584,-0.09312520921230316,0.9949902296066284],"EasingStyle":"Linear","EasingDirection":"In"},"HumanoidRootPart":{"Weight":1,"CFrame":[0,0,0,1,0,0,0,1,0,0,0,1],"EasingStyle":"Linear","EasingDirection":"In"},"Right Leg":{"Weight":1,"CFrame":[0.4554319977760315,0.2226046323776245,0.15594196319580079,0.9196323752403259,0.2581605911254883,-0.2960226833820343,-0.2582281827926636,0.9652723670005798,0.039592646062374118,0.295963853597641,0.04003069922327995,0.9543600678443909],"EasingStyle":"Linear","EasingDirection":"In"}}},{"Time":0.20000000298023225,"poses":{"Left Leg":{"Weight":1,"CFrame":[-0.789502739906311,0.25431764125823977,-0.21799707412719727,0.9108405113220215,-0.34261903166770937,-0.2301778346300125,0.38796520233154299,0.9010099172592163,0.19407254457473756,0.14089955389499665,-0.2660702168941498,0.9536005258560181],"EasingStyle":"Linear","EasingDirection":"In"},"Right Arm":{"Weight":1,"CFrame":[0.7617582082748413,-1.0215651988983155,0.3607604503631592,-0.45608529448509219,-0.7584564685821533,-0.4655427932739258,-0.04443349316716194,-0.5030595660209656,0.8631089329719544,-0.8888261914253235,0.41433683037757876,0.19573719799518586],"EasingStyle":"Linear","EasingDirection":"In"},"Left Arm":{"Weight":1,"CFrame":[-0.1981624960899353,-1.0364937782287598,0.39349281787872317,0.3895590305328369,0.7403334379196167,0.5478595495223999,-0.1359320878982544,-0.5421203970909119,0.8292334079742432,0.9109150767326355,-0.3975070118904114,-0.11055275052785874],"EasingStyle":"Linear","EasingDirection":"In"},"Head":{"Weight":1,"CFrame":[8.568167686462403e-8,2.6542693376541139e-8,1.1920928955078126e-7,0.9335287809371948,-0.32106950879096987,0.15949465334415437,0.3381139039993286,0.9364011287689209,-0.09397947043180466,-0.11917701363563538,0.1416599005460739,0.9827153086662293],"EasingStyle":"Linear","EasingDirection":"In"},"Torso":{"Weight":1,"CFrame":[0.029235713183879854,0.3198859691619873,-0.3172025680541992,0.9939083456993103,0.10397541522979737,0.0365445613861084,-0.10616111010313034,0.9922826886177063,0.06406934559345246,-0.029600897803902627,-0.0675586611032486,0.9972761869430542],"EasingStyle":"Linear","EasingDirection":"In"},"HumanoidRootPart":{"Weight":1,"CFrame":[0,0,0,1,0,0,0,1,0,0,0,1],"EasingStyle":"Linear","EasingDirection":"In"},"Right Leg":{"Weight":1,"CFrame":[0.452370285987854,0.24768048524856568,0.1548595428466797,0.9320884943008423,0.21409350633621217,-0.2921900153160095,-0.21644900739192964,0.9759827852249146,0.024648290127515794,0.2904495596885681,0.040269821882247928,0.9560425877571106],"EasingStyle":"Linear","EasingDirection":"In"}}},{"Time":0.23333333432674409,"poses":{"Left Leg":{"Weight":1,"CFrame":[-0.7782848477363586,0.27656155824661257,-0.142328143119812,0.9184163212776184,-0.37456464767456057,-0.1273300051689148,0.39326518774032595,0.8994115591049194,0.19079124927520753,0.04305841773748398,-0.22530029714107514,0.9733374714851379],"EasingStyle":"Linear","EasingDirection":"In"},"Right Arm":{"Weight":1,"CFrame":[0.8078857064247131,-1.030785322189331,0.32920634746551516,-0.5865597724914551,-0.7179474234580994,-0.3748323321342468,-0.07443923503160477,-0.41306072473526,0.9076562523841858,-0.8064778447151184,0.5602967143058777,0.188841313123703],"EasingStyle":"Linear","EasingDirection":"In"},"Left Arm":{"Weight":1,"CFrame":[-0.10489099472761154,-1.0404996871948243,0.4088413715362549,0.5583383440971375,0.6858434677124023,0.46677306294441225,-0.20335616171360017,-0.43233129382133486,0.8784851431846619,0.804303765296936,-0.5854129791259766,-0.10191666334867478],"EasingStyle":"Linear","EasingDirection":"In"},"Head":{"Weight":1,"CFrame":[8.940696716308594e-8,-4.0978193283081057e-8,-2.384185791015625e-7,0.9172601699829102,-0.3607233464717865,0.1688564121723175,0.3784457743167877,0.9215071201324463,-0.08719880133867264,-0.12414770573377609,0.1438869684934616,0.9817758798599243],"EasingStyle":"Linear","EasingDirection":"In"},"Torso":{"Weight":1,"CFrame":[0.018785014748573304,0.2905755043029785,-0.3446033000946045,0.9788113236427307,0.2034139186143875,0.023481180891394616,-0.20402422547340394,0.9785815477371216,0.027431249618530275,-0.017398353666067125,-0.03164074942469597,0.9993478655815125],"EasingStyle":"Linear","EasingDirection":"In"},"HumanoidRootPart":{"Weight":1,"CFrame":[0,0,0,1,0,0,0,1,0,0,0,1],"EasingStyle":"Linear","EasingDirection":"In"},"Right Leg":{"Weight":1,"CFrame":[0.5116839408874512,0.30911022424697878,0.10739588737487793,0.9694165587425232,0.14840885996818543,-0.1954643726348877,-0.14850807189941407,0.988808810710907,0.014231926761567593,0.19538907706737519,0.01523132435977459,0.9806076288223267],"EasingStyle":"Linear","EasingDirection":"In"}}},{"Time":0.2666666805744171,"poses":{"Left Leg":{"Weight":1,"CFrame":[-0.7760288715362549,0.31687039136886599,-0.053656160831451419,0.9051387310028076,-0.4251079559326172,-0.002681610407307744,0.41799789667129519,0.8888152837753296,0.18784400820732118,-0.0774705559015274,-0.17114579677581788,0.9821951985359192],"EasingStyle":"Linear","EasingDirection":"In"},"Right Arm":{"Weight":1,"CFrame":[0.8358645439147949,-1.040830135345459,0.2948262691497803,-0.6885817646980286,-0.6695737838745117,-0.2784353494644165,-0.08318466693162918,-0.30849596858024599,0.9475814700126648,-0.7203717827796936,0.6756487488746643,0.1567263901233673],"EasingStyle":"Linear","EasingDirection":"In"},"Left Arm":{"Weight":1,"CFrame":[-0.015605291351675988,-1.0448634624481202,0.4175964593887329,0.6988714933395386,0.6105121970176697,0.3726308345794678,-0.23726628720760346,-0.29359567165374758,0.9260164499282837,0.6747470498085022,-0.7355790734291077,-0.06033163517713547],"EasingStyle":"Linear","EasingDirection":"In"},"Head":{"Weight":1,"CFrame":[6.938353180885315e-8,5.238689482212067e-9,2.384185791015625e-7,0.9030231833457947,-0.3923493027687073,0.17496046423912049,0.4104374647140503,0.9082213640213013,-0.08170180022716522,-0.12684719264507295,0.1455889493227005,0.9811797738075256],"EasingStyle":"Linear","EasingDirection":"In"},"Torso":{"Weight":1,"CFrame":[0.002616072539240122,0.2608804702758789,-0.4088735580444336,0.9479710459709168,0.31833985447883608,0.0032700079027563335,-0.3182965815067291,0.9479417204856873,-0.009687526151537896,-0.006183701567351818,0.008142662234604359,0.999947726726532],"EasingStyle":"Linear","EasingDirection":"In"},"HumanoidRootPart":{"Weight":1,"CFrame":[0,0,0,1,0,0,0,1,0,0,0,1],"EasingStyle":"Linear","EasingDirection":"In"},"Right Leg":{"Weight":1,"CFrame":[0.5794922113418579,0.41111427545547488,0.04104208946228027,0.9940540194511414,0.07599242031574249,-0.07798559963703156,-0.07510644942522049,0.9970738887786865,0.014236338436603547,0.07883929461240769,-0.008294500410556794,0.9968528747558594],"EasingStyle":"Linear","EasingDirection":"In"}}},{"Time":0.30000001192092898,"poses":{"Left Leg":{"Weight":1,"CFrame":[-0.792589545249939,0.3901817798614502,0.02007877826690674,0.8706927299499512,-0.48072847723960879,0.1038961336016655,0.4567607641220093,0.8687012791633606,0.19164493680000306,-0.1823839247226715,-0.11940818279981613,0.9759497046470642],"EasingStyle":"Linear","EasingDirection":"In"},"Right Arm":{"Weight":1,"CFrame":[0.8502321839332581,-1.050049901008606,0.2632722854614258,-0.7590503096580505,-0.6211944222450256,-0.1948336511850357,-0.0764259621500969,-0.21217726171016694,0.9742380976676941,-0.6465305089950562,0.7543861269950867,0.11357780545949936],"EasingStyle":"Linear","EasingDirection":"In"},"Left Arm":{"Weight":1,"CFrame":[0.06007721275091171,-1.0488693714141846,0.4230983257293701,0.7968125343322754,0.530220627784729,0.2897515594959259,-0.23959848284721375,-0.1629614681005478,0.9570978879928589,0.5546913743019104,-0.8320515155792236,-0.00280963652767241],"EasingStyle":"Linear","EasingDirection":"In"},"Head":{"Weight":1,"CFrame":[1.0477378964424133e-7,-4.563480615615845e-8,-2.384185791015625e-7,0.8929824233055115,-0.4133058786392212,0.17821530997753144,0.4314924478530884,0.8987622261047363,-0.07772348076105118,-0.12804961204528809,0.14630427956581117,0.9809171557426453],"EasingStyle":"Linear","EasingDirection":"In"},"Torso":{"Weight":1,"CFrame":[-0.015537813305854798,0.2373334914445877,-0.5218079090118408,0.9120296239852905,0.4096642732620239,-0.019422346726059915,-0.41012102365493777,0.9111917018890381,-0.03912124037742615,0.0016709089977666736,0.043645236641168597,0.9990457892417908],"EasingStyle":"Linear","EasingDirection":"In"},"HumanoidRootPart":{"Weight":1,"CFrame":[0,0,0,1,0,0,0,1,0,0,0,1],"EasingStyle":"Linear","EasingDirection":"In"},"Right Leg":{"Weight":1,"CFrame":[0.6235383749008179,0.558319091796875,-0.026117801666259767,0.9997190237045288,0.01396649144589901,0.01915186643600464,-0.014459183439612389,0.9995617866516113,0.025829508900642396,-0.018782632425427438,-0.02609921619296074,0.9994829893112183],"EasingStyle":"Linear","EasingDirection":"In"}}},{"Time":0.3333333432674408,"poses":{"Left Leg":{"Weight":1,"CFrame":[-0.8167296051979065,0.48392748832702639,0.0449596643447876,0.8445717692375183,-0.5131869316101074,0.15276683866977693,0.4817488193511963,0.8528227806091309,0.20152290165424348,-0.23370197415351869,-0.09660536050796509,0.9674972891807556],"EasingStyle":"Linear","EasingDirection":"In"},"Right Arm":{"Weight":1,"CFrame":[0.8555254340171814,-1.0567924976348878,0.24019527435302735,-0.7996665239334106,-0.5845303535461426,-0.13732324540615083,-0.064908467233181,-0.1432090848684311,0.9875617623329163,-0.5969257354736328,0.7986335158348084,0.07657851278781891],"EasingStyle":"Linear","EasingDirection":"In"},"Left Arm":{"Weight":1,"CFrame":[0.11253944039344788,-1.051798701286316,0.42868590354919436,0.8521149754524231,0.46831050515174868,0.23363524675369264,-0.22762586176395417,-0.07034692168235779,0.971204400062561,0.47126078605651858,-0.8807591199874878,0.04665602743625641],"EasingStyle":"Linear","EasingDirection":"In"},"Head":{"Weight":1,"CFrame":[8.381903171539307e-8,2.0489096641540528e-8,-5.960464477539063e-8,0.8892231583595276,-0.4209960401058197,0.17900985479354859,0.43905022740364077,0.8952922224998474,-0.0754101499915123,-0.1285187304019928,0.14565075933933259,0.9809530377388],"EasingStyle":"Linear","EasingDirection":"In"},"Torso":{"Weight":1,"CFrame":[-0.029480494558811189,0.2239171415567398,-0.6447081565856934,0.8943331837654114,0.44588154554367068,-0.0368507020175457,-0.4473307728767395,0.8926205039024353,-0.05589167773723602,0.00797262042760849,0.06647021323442459,0.9977566599845886],"EasingStyle":"Linear","EasingDirection":"In"},"HumanoidRootPart":{"Weight":1,"CFrame":[0,0,0,1,0,0,0,1,0,0,0,1],"EasingStyle":"Linear","EasingDirection":"In"},"Right Leg":{"Weight":1,"CFrame":[0.6143017411231995,0.7042509317398071,-0.06275463104248047,0.9979159235954285,-0.028329787775874139,0.05797593668103218,0.026027817279100419,0.998857319355011,0.04008190333843231,-0.05904513970017433,-0.03848940506577492,0.9975130558013916],"EasingStyle":"Linear","EasingDirection":"In"}}},{"Time":0.36666667461395266,"poses":{"Left Leg":{"Weight":1,"CFrame":[-0.8192429542541504,0.5220242142677307,0.04397177696228027,0.8454264998435974,-0.50978022813797,0.15930552780628205,0.4778994619846344,0.8552197217941284,0.20052772760391236,-0.2384663224220276,-0.09339943528175354,0.9666489958763123],"EasingStyle":"Linear","EasingDirection":"In"},"Right Arm":{"Weight":1,"CFrame":[0.8562818169593811,-1.0594072341918946,0.23124730587005616,-0.813099205493927,-0.5704778432846069,-0.1158657968044281,-0.05922730267047882,-0.11693450808525086,0.9913721084594727,-0.579104483127594,0.8129460215568543,0.06129143759608269],"EasingStyle":"Linear","EasingDirection":"In"},"Left Arm":{"Weight":1,"CFrame":[0.13216392695903779,-1.0529348850250245,0.43769967555999758,0.8701120615005493,0.44445088505744936,0.2129988968372345,-0.2204316407442093,-0.035596881061792377,0.9747527837753296,0.44081178307533266,-0.895095705986023,0.06699780374765396],"EasingStyle":"Linear","EasingDirection":"In"},"Head":{"Weight":1,"CFrame":[8.940696716308594e-8,-4.470348358154297e-8,-1.1920928955078126e-7,0.8959563970565796,-0.4081058204174042,0.17524784803390504,0.4255850911140442,0.9017278552055359,-0.07592259347438812,-0.12704139947891236,0.1426061987876892,0.98159259557724],"EasingStyle":"Linear","EasingDirection":"In"},"Torso":{"Weight":1,"CFrame":[-0.03413018584251404,0.22336000204086305,-0.6829874515533447,0.9003347158432007,0.43310216069221499,-0.042662814259529117,-0.43497857451438906,0.8986609578132629,-0.05658808350563049,0.013830991461873055,0.06950561702251435,0.9974856972694397],"EasingStyle":"Linear","EasingDirection":"In"},"HumanoidRootPart":{"Weight":1,"CFrame":[0,0,0,1,0,0,0,1,0,0,0,1],"EasingStyle":"Linear","EasingDirection":"In"},"Right Leg":{"Weight":1,"CFrame":[0.6071228981018066,0.7537332773208618,-0.07729566097259522,0.9978206753730774,-0.029360290616750718,0.05909334868192673,0.02600063383579254,0.9980446696281433,0.056840039789676669,-0.06064657121896744,-0.05517968907952309,0.9966329336166382],"EasingStyle":"Linear","EasingDirection":"In"}}},{"Time":0.4000000059604645,"poses":{"Left Leg":{"Weight":1,"CFrame":[-0.7844341397285461,0.46876299381256106,0.0629434585571289,0.8602200746536255,-0.4817849099636078,0.16704732179641725,0.45319852232933047,0.8725012540817261,0.18262748420238496,-0.23373615741729737,-0.08139423280954361,0.9688872694969177],"EasingStyle":"Linear","EasingDirection":"In"},"Right Arm":{"Weight":1,"CFrame":[0.8556761741638184,-1.0532939434051514,0.2490450143814087,-0.7882714867591858,-0.6003275513648987,-0.13503730297088624,-0.06921568512916565,-0.13155539333820344,0.9888895153999329,-0.6114224791526794,0.7888600826263428,0.062149159610271457],"EasingStyle":"Linear","EasingDirection":"In"},"Left Arm":{"Weight":1,"CFrame":[0.1175268143415451,-1.0460668802261353,0.4524122476577759,0.8317789435386658,0.5026684999465942,0.23551709949970246,-0.22615982592105866,-0.08059649914503098,0.9707502126693726,0.5069474577903748,-0.8607140183448792,0.04664498567581177],"EasingStyle":"Linear","EasingDirection":"In"},"Head":{"Weight":1,"CFrame":[7.450580596923828e-8,-9.313225746154785e-9,-4.172325134277344e-7,0.9134559631347656,-0.3718387484550476,0.16533087193965913,0.38815590739250185,0.9181502461433411,-0.07959430664777756,-0.1222023144364357,0.13688001036643983,0.983021080493927],"EasingStyle":"Linear","EasingDirection":"In"},"Torso":{"Weight":1,"CFrame":[-0.030011244118213655,0.2323399931192398,-0.6088714599609375,0.9163601994514465,0.3985936641693115,-0.03751414641737938,-0.4000248610973358,0.9153810739517212,-0.04536310210824013,0.01625828817486763,0.05657552555203438,0.9982660412788391],"EasingStyle":"Linear","EasingDirection":"In"},"HumanoidRootPart":{"Weight":1,"CFrame":[0,0,0,1,0,0,0,1,0,0,0,1],"EasingStyle":"Linear","EasingDirection":"In"},"Right Leg":{"Weight":1,"CFrame":[0.6448211669921875,0.6814736127853394,-0.09474927186965943,0.9976958632469177,0.008526305668056012,0.06730721890926361,-0.013817250728607178,0.9968153238296509,0.0785389095544815,-0.06642317026853562,-0.07928798347711563,0.9946362972259522],"EasingStyle":"Linear","EasingDirection":"In"}}},{"Time":0.4333333373069763,"poses":{"Left Leg":{"Weight":1,"CFrame":[-0.7161977887153626,0.38764357566833498,0.08489978313446045,0.8815574645996094,-0.4357973337173462,0.18148575723171235,0.41042256355285647,0.8974814414978027,0.16149450838565827,-0.23325902223587037,-0.06788083910942078,0.9700424671173096],"EasingStyle":"Linear","EasingDirection":"In"},"Right Arm":{"Weight":1,"CFrame":[0.851436972618103,-1.0381507873535157,0.29313039779663088,-0.714555025100708,-0.6756572723388672,-0.18137910962104798,-0.08976337313652039,-0.1685761660337448,0.9815929532051086,-0.6937965750694275,0.7176833748817444,0.05980760604143143],"EasingStyle":"Linear","EasingDirection":"In"},"Left Arm":{"Weight":1,"CFrame":[0.07489604502916336,-1.0277756452560425,0.4708315134048462,0.7109540700912476,0.6391708850860596,0.29326578974723818,-0.22136589884757996,-0.192416250705719,0.9560195207595825,0.6674889326095581,-0.7446049451828003,0.00469163665547967],"EasingStyle":"Linear","EasingDirection":"In"},"Head":{"Weight":1,"CFrame":[8.940696716308594e-8,-4.842877388000488e-8,4.76837158203125e-7,0.9368042945861816,-0.31595027446746828,0.1502438634634018,0.33064010739326479,0.9399169683456421,-0.08504883199930191,-0.11434555053710938,0.12935078144073487,0.9849840998649597],"EasingStyle":"Linear","EasingDirection":"In"},"Torso":{"Weight":1,"CFrame":[-0.021670859307050706,0.24770958721637727,-0.4940927028656006,0.9380332827568054,0.3454848825931549,-0.02708866074681282,-0.3461584150791168,0.937811553478241,-0.026151129975914956,0.01636923849582672,0.03390759229660034,0.9992910027503967],"EasingStyle":"Linear","EasingDirection":"In"},"HumanoidRootPart":{"Weight":1,"CFrame":[0,0,0,1,0,0,0,1,0,0,0,1],"EasingStyle":"Linear","EasingDirection":"In"},"Right Leg":{"Weight":1,"CFrame":[0.6750080585479736,0.5584074258804321,-0.11036771535873413,0.9949243068695068,0.053984615951776507,0.0849200189113617,-0.06250502169132233,0.9929103851318359,0.10110513120889664,-0.07885973155498505,-0.1058998554944992,0.991244912147522],"EasingStyle":"Linear","EasingDirection":"In"}}},{"Time":0.46666666865348818,"poses":{"Left Leg":{"Weight":1,"CFrame":[-0.6423275470733643,0.3321380615234375,0.10254383087158203,0.8976531624794006,-0.39013710618019106,0.2049679458141327,0.36608797311782839,0.9190484881401062,0.14604656398296357,-0.24535368382930757,-0.05606290325522423,0.9678112268447876],"EasingStyle":"Linear","EasingDirection":"In"},"Right Arm":{"Weight":1,"CFrame":[0.8399307727813721,-1.0187745094299317,0.34954214096069338,-0.5906720757484436,-0.7713850140571594,-0.2367948740720749,-0.10585745424032211,-0.2168445587158203,0.9704497456550598,-0.7999379634857178,0.5982839465141296,0.04642709344625473],"EasingStyle":"Linear","EasingDirection":"In"},"Left Arm":{"Weight":1,"CFrame":[0.0061928462237119679,-1.0015311241149903,0.48989832401275637,0.5039478540420532,0.7822388410568237,0.36624985933303835,-0.17293943464756013,-0.3240628242492676,0.930094301700592,0.8462437391281128,-0.5320580005645752,-0.02803078293800354],"EasingStyle":"Linear","EasingDirection":"In"},"Head":{"Weight":1,"CFrame":[8.195638656616211e-8,-3.818422555923462e-8,1.1920928955078126e-7,0.9607443809509277,-0.24453425407409669,0.13104721903800965,0.2572595179080963,0.962064266204834,-0.09082955121994019,-0.10386490821838379,0.12097714096307755,0.9872065186500549],"EasingStyle":"Linear","EasingDirection":"In"},"Torso":{"Weight":1,"CFrame":[-0.012562043964862824,0.26661616563796999,-0.4083280563354492,0.9606587886810303,0.27728739380836489,-0.015702644363045694,-0.277358740568161,0.960763156414032,-0.002517906716093421,0.014388338662683964,0.006774114444851875,0.9998736381530762],"EasingStyle":"Linear","EasingDirection":"In"},"HumanoidRootPart":{"Weight":1,"CFrame":[0,0,0,1,0,0,0,1,0,0,0,1],"EasingStyle":"Linear","EasingDirection":"In"},"Right Leg":{"Weight":1,"CFrame":[0.6894976496696472,0.4566824436187744,-0.12819963693618775,0.9885793924331665,0.100509874522686,0.11228831857442856,-0.11415068805217743,0.9858811497688294,0.12250737100839615,-0.0983896553516388,-0.13392610847949983,0.9860949516296387],"EasingStyle":"Linear","EasingDirection":"In"}}},{"Time":0.5,"poses":{"Left Leg":{"Weight":1,"CFrame":[-0.5842934250831604,0.3072490096092224,0.11922359466552735,0.9055767059326172,-0.35339218378067019,0.2346164435148239,0.3302900195121765,0.9344997406005859,0.13273552060127259,-0.26615676283836367,-0.04271072521805763,0.9629830718040466],"EasingStyle":"Linear","EasingDirection":"In"},"Right Arm":{"Weight":1,"CFrame":[0.817523717880249,-0.9999597072601318,0.40431880950927737,-0.42300450801849368,-0.8617317080497742,-0.28015318512916567,-0.10533177852630615,-0.2603178024291992,0.9597603678703308,-0.8999847173690796,0.4354918897151947,0.01934787817299366],"EasingStyle":"Linear","EasingDirection":"In"},"Left Arm":{"Weight":1,"CFrame":[-0.08666178584098816,-0.9708021879196167,0.5065531730651856,0.25141921639442446,0.8718885183334351,0.4202369153499603,-0.07941469550132752,-0.4141365587711334,0.9067438244819641,0.9646148681640625,-0.2613457441329956,-0.0348811149597168],"EasingStyle":"Linear","EasingDirection":"In"},"Head":{"Weight":1,"CFrame":[9.685754776000977e-8,-1.5133991837501527e-8,-2.384185791015625e-7,0.9806404113769531,-0.16263572871685029,0.10906019061803818,0.17320434749126435,0.9802312850952148,-0.09563997387886048,-0.09134973585605622,0.11267811805009842,0.9894235134124756],"EasingStyle":"Linear","EasingDirection":"In"},"Torso":{"Weight":1,"CFrame":[-0.005733264610171318,0.2856450080871582,-0.364102840423584,0.9800479412078857,0.19863249361515046,-0.007166668307036161,-0.19844330847263337,0.9798815846443176,0.02126813307404518,0.011247030459344387,-0.019421610981225969,0.9997481107711792],"EasingStyle":"Linear","EasingDirection":"In"},"HumanoidRootPart":{"Weight":1,"CFrame":[0,0,0,1,0,0,0,1,0,0,0,1],"EasingStyle":"Linear","EasingDirection":"In"},"Right Leg":{"Weight":1,"CFrame":[0.7099754810333252,0.3897275924682617,-0.15208518505096436,0.9769737124443054,0.154619038105011,0.1470218449831009,-0.1754387468099594,0.9743209481239319,0.14113838970661164,-0.12142368406057358,-0.16368184983730317,0.979012131690979],"EasingStyle":"Linear","EasingDirection":"In"}}},{"Time":0.5333333611488342,"poses":{"Left Leg":{"Weight":1,"CFrame":[-0.5419551730155945,0.3007732629776001,0.13643324375152589,0.9093654751777649,-0.3203263580799103,0.26541608572006228,0.29997265338897707,0.9469753503799439,0.11512646079063416,-0.2882205843925476,-0.025074485689401628,0.9572357535362244],"EasingStyle":"Linear","EasingDirection":"In"},"Right Arm":{"Weight":1,"CFrame":[0.7805824875831604,-0.9865014553070068,0.44349873065948489,-0.2316962033510208,-0.9286366105079651,-0.2897430658340454,-0.084117591381073,-0.2776069641113281,0.9570050835609436,-0.9691445231437683,0.2461068034172058,-0.013794205151498318],"EasingStyle":"Linear","EasingDirection":"In"},"Left Arm":{"Weight":1,"CFrame":[-0.20174679160118104,-0.9390581846237183,0.5177373886108398,0.02585580013692379,0.9074854254722595,0.4192870259284973,0.01907418482005596,-0.41979876160621645,0.9074167609214783,0.9994837641716003,-0.01546437293291092,-0.028163790702819825],"EasingStyle":"Linear","EasingDirection":"In"},"Head":{"Weight":1,"CFrame":[8.940696716308594e-8,-1.4784745872020722e-8,-1.1920928955078126e-7,0.9933754205703735,-0.07633615285158158,0.08589635789394379,0.08471672981977463,0.9915174841880798,-0.09857096523046494,-0.07764321565628052,0.1051948070526123,0.9914160370826721],"EasingStyle":"Linear","EasingDirection":"In"},"Torso":{"Weight":1,"CFrame":[-0.0035286350175738336,0.30076315999031069,-0.34784579277038576,0.9933121204376221,0.11537591367959976,-0.004410880617797375,-0.1151079460978508,0.9925405979156494,0.04016582667827606,0.009012147784233094,-0.0393894761800766,0.9991832971572876],"EasingStyle":"Linear","EasingDirection":"In"},"HumanoidRootPart":{"Weight":1,"CFrame":[0,0,0,1,0,0,0,1,0,0,0,1],"EasingStyle":"Linear","EasingDirection":"In"},"Right Leg":{"Weight":1,"CFrame":[0.7397693991661072,0.34636199474334719,-0.18087875843048097,0.9599322080612183,0.21138381958007813,0.18397541344165803,-0.24092932045459748,0.9578292369842529,0.15657636523246766,-0.1431192308664322,-0.1946277767419815,0.9703798294067383],"EasingStyle":"Linear","EasingDirection":"In"}}},{"Time":0.5666666626930237,"poses":{"Left Leg":{"Weight":1,"CFrame":[-0.5080757737159729,0.30162274837493899,0.15311622619628907,0.9134830236434937,-0.2827971875667572,0.2925313711166382,0.26851052045822146,0.9591763615608215,0.08878538757562638,-0.3056974709033966,-0.002556207589805126,0.9521253108978272],"EasingStyle":"Linear","EasingDirection":"In"},"Right Arm":{"Weight":1,"CFrame":[0.723955512046814,-0.9831220507621765,0.45384347438812258,-0.044749557971954349,-0.9678491353988648,-0.24751858413219453,-0.04839303717017174,-0.2453758269548416,0.9682194590568543,-0.9978254437446594,0.05530548468232155,-0.035856693983078],"EasingStyle":"Linear","EasingDirection":"In"},"Left Arm":{"Weight":1,"CFrame":[-0.33711668848991396,-0.9097604751586914,0.5197762250900269,-0.11964601278305054,0.9340398907661438,0.33653271198272707,0.07697243988513947,-0.3292205035686493,0.9411106109619141,0.98982834815979,0.13850393891334535,-0.032505426555871966],"EasingStyle":"Linear","EasingDirection":"In"},"Head":{"Weight":1,"CFrame":[8.847564458847046e-8,9.604264050722123e-9,4.76837158203125e-7,0.9979614019393921,0.0076586296781897549,0.06335922330617905,-0.0013345087645575405,0.9950607419013977,-0.09925961494445801,-0.06380646675825119,0.09897270798683167,0.9930423498153687],"EasingStyle":"Linear","EasingDirection":"In"},"Torso":{"Weight":1,"CFrame":[-0.0066045913845300678,0.30750101804733279,-0.34559106826782229,0.9993859529495239,0.034055668860673907,-0.008255827240645886,-0.03361568599939346,0.9982531666755676,0.04858815670013428,0.009896107017993927,-0.04828079789876938,0.9987847805023193],"EasingStyle":"Linear","EasingDirection":"In"},"HumanoidRootPart":{"Weight":1,"CFrame":[0,0,0,1,0,0,0,1,0,0,0,1],"EasingStyle":"Linear","EasingDirection":"In"},"Right Leg":{"Weight":1,"CFrame":[0.7709659934043884,0.3193531632423401,-0.21042400598526,0.9408771395683289,0.2602662742137909,0.21682217717170716,-0.29903730750083926,0.9388548731803894,0.1706702560186386,-0.15914475917816163,-0.22541768848896027,0.9611762762069702],"EasingStyle":"Linear","EasingDirection":"In"}}},{"Time":0.6000000238418579,"poses":{"Left Leg":{"Weight":1,"CFrame":[-0.4916064441204071,0.32159024477005007,0.17094659805297852,0.9182547926902771,-0.24276967346668244,0.31284353137016299,0.23776325583457948,0.9697827696800232,0.05468102544546127,-0.3166652023792267,0.0241716131567955,0.9482293128967285],"EasingStyle":"Linear","EasingDirection":"In"},"Right Arm":{"Weight":1,"CFrame":[0.6145473718643189,-0.9906069040298462,0.4440838098526001,0.13205374777317048,-0.9781419038772583,-0.16062402725219727,-0.022350020706653596,-0.16494013369083405,0.9860503673553467,-0.9909906387329102,-0.12662175297737122,-0.043642424046993259],"EasingStyle":"Linear","EasingDirection":"In"},"Left Arm":{"Weight":1,"CFrame":[-0.48736515641212466,-0.8852564096450806,0.4979557991027832,-0.22487786412239076,0.9501047730445862,0.21617329120635987,0.09390760213136673,-0.1996903121471405,0.9753488302230835,0.9698512554168701,0.23963475227355958,-0.04431617632508278],"EasingStyle":"Linear","EasingDirection":"In"},"Head":{"Weight":1,"CFrame":[8.847564458847046e-8,4.190951585769653e-9,1.1920928955078126e-7,0.9956365823745728,0.08268246799707413,0.04326038435101509,-0.07813622802495957,0.9921226501464844,-0.09791543334722519,-0.05101549252867699,0.09410800039768219,0.9942541122436523],"EasingStyle":"Linear","EasingDirection":"In"},"Torso":{"Weight":1,"CFrame":[-0.012385595589876175,0.301340252161026,-0.36755967140197756,0.9991205930709839,-0.038965750485658649,-0.015482084825634957,0.039570435881614688,0.9983800053596497,0.04088717699050903,0.013863802887499333,-0.041463859379291537,0.9990438222885132],"EasingStyle":"Linear","EasingDirection":"In"},"HumanoidRootPart":{"Weight":1,"CFrame":[0,0,0,1,0,0,0,1,0,0,0,1],"EasingStyle":"Linear","EasingDirection":"In"},"Right Leg":{"Weight":1,"CFrame":[0.8095967173576355,0.3230169415473938,-0.2427160143852234,0.9236208200454712,0.2989458441734314,0.2399083375930786,-0.3463130295276642,0.9190865755081177,0.18800857663154603,-0.16429206728935243,-0.2567320466041565,0.9524163007736206],"EasingStyle":"Linear","EasingDirection":"In"}}},{"Time":0.6333333253860474,"poses":{"Left Leg":{"Weight":1,"CFrame":[-0.49690964818000796,0.37693917751312258,0.19296085834503175,0.9229063987731934,-0.20653730630874635,0.3249400854110718,0.21283262968063355,0.9769498109817505,0.016470730304718019,-0.3208520710468292,0.05395694449543953,0.9455912113189697],"EasingStyle":"Linear","EasingDirection":"In"},"Right Arm":{"Weight":1,"CFrame":[0.46138817071914675,-1.0052180290222169,0.4250314235687256,0.29133227467536929,-0.9551993012428284,-0.05215148627758026,-0.018382860347628595,-0.060096368193626407,0.998023271560669,-0.9564452767372131,-0.289797842502594,-0.035067275166511539],"EasingStyle":"Linear","EasingDirection":"In"},"Left Arm":{"Weight":1,"CFrame":[-0.