{"Sequence":[{"Time":0,"poses":{"Left Leg":{"Weight":1,"CFrame":[-0.8048305511474609,0.024554789066314698,-0.09098392724990845,0.6466465592384338,-0.7478945851325989,-0.15000614523887635,0.7309132814407349,0.5512685775756836,0.4023292064666748,-0.2182062268257141,-0.3698063790798187,0.9031220078468323],"EasingStyle":"Linear","EasingDirection":"In"},"Right Leg":{"Weight":1,"CFrame":[0.44762542843818667,0.0663989782333374,0.17837822437286378,0.9187788367271423,0.2665618658065796,-0.2911875545978546,-0.31994983553886416,0.9348822832107544,-0.15371234714984895,0.2312522828578949,0.23439300060272218,0.9442364573478699],"EasingStyle":"Linear","EasingDirection":"In"},"Left Arm":{"Weight":1,"CFrame":[0.03396657854318619,-0.2356596291065216,0.16494214534759522,0.24047942459583283,0.6105440855026245,0.7545896172523499,-0.9704728126525879,0.16626356542110444,0.17475391924381257,-0.01876586489379406,-0.7743335366249085,0.6324995160102844],"EasingStyle":"Linear","EasingDirection":"In"},"Head":{"Weight":1,"CFrame":[8.195638656616211e-8,7.450580596923828e-9,3.5762786865234377e-7,1,-5.21540641784668e-8,7.450579886381093e-8,1.0244549741855735e-7,1,-1.2293456563838846e-7,-8.009374852235851e-8,1.1920928955078126e-7,1],"EasingStyle":"Linear","EasingDirection":"In"},"Torso":{"Weight":1,"CFrame":[0.08350008726119995,0.21786652505397798,-0.38324642181396487,0.9304949641227722,0.30543574690818789,0.20220862329006196,-0.32609423995018008,0.9421598315238953,0.07744327187538147,-0.16685891151428224,-0.13799960911273957,0.9762756824493408],"EasingStyle":"Linear","EasingDirection":"In"},"HumanoidRootPart":{"Weight":1,"CFrame":[0,0,0,1,0,0,0,1,0,0,0,1],"EasingStyle":"Linear","EasingDirection":"In"},"Right Arm":{"Weight":1,"CFrame":[0.34258848428726199,-0.2151370644569397,-0.1569359302520752,-0.22589656710624696,-0.7934383153915405,0.5651783347129822,0.9696587324142456,-0.1274866759777069,0.2085886001586914,-0.09344949573278427,0.5951495170593262,0.7981630563735962],"EasingStyle":"Linear","EasingDirection":"In"}}},{"Time":0.01666666753590107,"poses":{"Left Leg":{"Weight":1,"CFrame":[-0.810417115688324,0.02461409568786621,-0.09185659885406494,0.6435014605522156,-0.7505946159362793,-0.1500452309846878,0.7330686450004578,0.547918975353241,0.4029829204082489,-0.22026427090168,-0.3693135380744934,0.9028241038322449],"EasingStyle":"Linear","EasingDirection":"In"},"Right Leg":{"Weight":1,"CFrame":[0.45332255959510805,0.07039731740951538,0.18074679374694825,0.9179662466049194,0.2693355679512024,-0.2911980152130127,-0.3227151930332184,0.9339712858200073,-0.15346886217594148,0.23063606023788453,0.23485317826271058,0.9442727565765381],"EasingStyle":"Linear","EasingDirection":"In"},"Left Arm":{"Weight":1,"CFrame":[0.03495948761701584,-0.24230524897575379,0.16615331172943116,0.24761366844177247,0.6077063679695129,0.7545730471611023,-0.9686092138290405,0.17295362055301667,0.17855903506278993,-0.021994736045598985,-0.77510005235672,0.631455659866333],"EasingStyle":"Linear","EasingDirection":"In"},"Head":{"Weight":1,"CFrame":[5.21540641784668e-8,7.450580596923828e-9,2.384185791015625e-7,0.999993085861206,0.00022396817803382874,-0.0037286574952304365,-0.0002293419383931905,0.9999989867210388,-0.0014395563630387188,0.003728326875716448,0.001440398395061493,0.9999920129776001],"EasingStyle":"Linear","EasingDirection":"In"},"Torso":{"Weight":1,"CFrame":[0.08416450023651123,0.21786652505397798,-0.38895225524902346,0.9304949641227722,0.30543574690818789,0.20220862329006196,-0.32609423995018008,0.9421598315238953,0.07744327187538147,-0.16685891151428224,-0.13799960911273957,0.9762756824493408],"EasingStyle":"Linear","EasingDirection":"In"},"HumanoidRootPart":{"Weight":1,"CFrame":[0,0,0,1,0,0,0,1,0,0,0,1],"EasingStyle":"Linear","EasingDirection":"In"},"Right Arm":{"Weight":1,"CFrame":[0.3411102592945099,-0.22227704524993897,-0.15914303064346314,-0.21889403462409974,-0.7910966277122498,0.5711843967437744,0.9711008667945862,-0.11955713480710983,0.20656538009643556,-0.09512398391962052,0.5998934507369995,0.7944048643112183],"EasingStyle":"Linear","EasingDirection":"In"}}},{"Time":0.03333333507180214,"poses":{"Left Leg":{"Weight":1,"CFrame":[-0.8224939703941345,0.024844586849212648,-0.09378588199615479,0.63663649559021,-0.7564088106155396,-0.1501319855451584,0.7376832365989685,0.5406026840209961,0.40444058179855349,-0.2247607260942459,-0.36823150515556338,0.9021574854850769],"EasingStyle":"Linear","EasingDirection":"In"},"Right Leg":{"Weight":1,"CFrame":[0.46546250581741335,0.07928800582885742,0.18584251403808595,0.9162161350250244,0.2752057909965515,-0.29122114181518557,-0.32856106758117678,0.9320199489593506,-0.15292678773403169,0.229337677359581,0.23579780757427216,0.9443535804748535],"EasingStyle":"Linear","EasingDirection":"In"},"Left Arm":{"Weight":1,"CFrame":[0.03714367002248764,-0.25692498683929446,0.16881752014160157,0.2632264196872711,0.6012870073318481,0.7544307708740234,-0.9642943739891052,0.18759506940841676,0.18693462014198304,-0.029126189649105073,-0.7766994833946228,0.6291977167129517],"EasingStyle":"Linear","EasingDirection":"In"},"Head":{"Weight":1,"CFrame":[2.2351741790771486e-8,7.450580596923828e-9,1.1920928955078126e-7,0.9999285340309143,0.0006980244070291519,-0.011932969093322754,-0.0007529854774475098,0.9999891519546509,-0.004603266250342131,0.011929644271731377,0.00461190938949585,0.9999182820320129],"EasingStyle":"Linear","EasingDirection":"In"},"Torso":{"Weight":1,"CFrame":[0.08562618494033814,0.21786652505397798,-0.4015047550201416,0.9304949641227722,0.30543574690818789,0.20220862329006196,-0.32609423995018008,0.9421598315238953,0.07744327187538147,-0.16685891151428224,-0.13799960911273957,0.9762756824493408],"EasingStyle":"Linear","EasingDirection":"In"},"HumanoidRootPart":{"Weight":1,"CFrame":[0,0,0,1,0,0,0,1,0,0,0,1],"EasingStyle":"Linear","EasingDirection":"In"},"Right Arm":{"Weight":1,"CFrame":[0.3378579914569855,-0.23798519372940064,-0.16399872303009034,-0.20347772538661958,-0.7856349945068359,0.5842727422714233,0.9740656614303589,-0.10212180763483048,0.20190933346748353,-0.0989600196480751,0.6102039813995361,0.7860394716262817],"EasingStyle":"Linear","EasingDirection":"In"}}},{"Time":0.05000000074505806,"poses":{"Left Leg":{"Weight":1,"CFrame":[-0.8342881798744202,0.02520906925201416,-0.09572935104370117,0.6298446655273438,-0.7620561122894287,-0.15022028982639314,0.7421287298202515,0.533356249332428,0.4059261977672577,-0.22921767830848695,-0.3671533167362213,0.9014753103256226],"EasingStyle":"Linear","EasingDirection":"In"},"Right Leg":{"Weight":1,"CFrame":[0.4770824909210205,0.08830845355987549,0.19078707695007325,0.9145187139511108,0.28077036142349245,-0.29124465584754946,-0.33409345149993899,0.9301416873931885,-0.15237531065940858,0.22811642289161683,0.23665295541286469,0.9444354772567749],"EasingStyle":"Linear","EasingDirection":"In"},"Left Arm":{"Weight":1,"CFrame":[0.03932793438434601,-0.27154499292373659,0.17148184776306153,0.27872005105018618,0.5946292877197266,0.754142701625824,-0.9596863985061646,0.202126145362854,0.1953127235174179,-0.03629336506128311,-0.7781780362129211,0.626994252204895],"EasingStyle":"Linear","EasingDirection":"In"},"Head":{"Weight":1,"CFrame":[8.195638656616211e-8,-1.4901161193847657e-8,2.384185791015625e-7,0.9997965693473816,0.0011460017412900925,-0.020137980580329896,-0.001302545890212059,0.9999690651893616,-0.0077626025304198269,0.020128479227423669,0.007787227630615234,0.9997671246528626],"EasingStyle":"Linear","EasingDirection":"In"},"Torso":{"Weight":1,"CFrame":[0.08708786964416504,0.21786652505397798,-0.41405749320983889,0.9304949641227722,0.30543574690818789,0.20220862329006196,-0.32609423995018008,0.9421598315238953,0.07744327187538147,-0.16685891151428224,-0.13799960911273957,0.9762756824493408],"EasingStyle":"Linear","EasingDirection":"In"},"HumanoidRootPart":{"Weight":1,"CFrame":[0,0,0,1,0,0,0,1,0,0,0,1],"EasingStyle":"Linear","EasingDirection":"In"},"Right Arm":{"Weight":1,"CFrame":[0.33460575342178347,-0.2536926567554474,-0.16885459423065186,-0.18805529177188874,-0.7797495722770691,0.5971816182136536,0.9767423272132874,-0.08470931649208069,0.19697435200214387,-0.10300377756357193,0.6203345060348511,0.777544379234314],"EasingStyle":"Linear","EasingDirection":"In"}}},{"Time":0.06666667014360428,"poses":{"Left Leg":{"Weight":1,"CFrame":[-0.8395588397979736,0.02541816234588623,-0.09661757946014404,0.626781165599823,-0.764569878578186,-0.15026065707206727,0.7440950274467468,0.5300850868225098,0.406610906124115,-0.23123158514499665,-0.3666643500328064,0.901159942150116],"EasingStyle":"Linear","EasingDirection":"In"},"Right Leg":{"Weight":1,"CFrame":[0.48219916224479678,0.09245222806930542,0.19298648834228517,0.913765013217926,0.2832024097442627,-0.29125550389289858,-0.33650854229927065,0.9293122291564941,-0.15212152898311616,0.22758620977401734,0.23701322078704835,0.9444730877876282],"EasingStyle":"Linear","EasingDirection":"In"},"Left Arm":{"Weight":1,"CFrame":[0.04032084345817566,-0.27819061279296877,0.172693133354187,0.2857212722301483,0.5915253758430481,0.7539635300636292,-0.9574958086013794,0.20869287848472596,0.19912073016166688,-0.03956187143921852,-0.7788101434707642,0.6260111331939697],"EasingStyle":"Linear","EasingDirection":"In"},"Head":{"Weight":1,"CFrame":[5.21540641784668e-8,0,3.5762786865234377e-7,0.9997143149375916,0.0013409759849309922,-0.02386751025915146,-0.0015608447138220072,0.999956488609314,-0.009197036735713482,0.023854149505496026,0.00923163816332817,0.9996728301048279],"EasingStyle":"Linear","EasingDirection":"In"},"Torso":{"Weight":1,"CFrame":[0.08775228261947632,0.21786652505397798,-0.41976308822631838,0.9304949641227722,0.30543574690818789,0.20220862329006196,-0.32609423995018008,0.9421598315238953,0.07744327187538147,-0.16685891151428224,-0.13799960911273957,0.9762756824493408],"EasingStyle":"Linear","EasingDirection":"In"},"HumanoidRootPart":{"Weight":1,"CFrame":[0,0,0,1,0,0,0,1,0,0,0,1],"EasingStyle":"Linear","EasingDirection":"In"},"Right Arm":{"Weight":1,"CFrame":[0.3331274688243866,-0.26083287596702578,-0.17106175422668458,-0.18104620277881623,-0.7769354581832886,0.6029873490333557,0.9778631329536438,-0.07680566608905792,0.19463977217674256,-0.10490962117910385,0.6248778104782105,0.77364182472229],"EasingStyle":"Linear","EasingDirection":"In"}}},{"Time":0.0833333358168602,"poses":{"Left Leg":{"Weight":1,"CFrame":[-0.8368741869926453,0.025360047817230226,-0.09615838527679444,0.6282873749732971,-0.7633340358734131,-0.15025366842746736,0.7430773377418518,0.531600832939148,0.4064931571483612,-0.23041515052318574,-0.3670446574687958,0.9012143015861511],"EasingStyle":"Linear","EasingDirection":"In"},"Right Leg":{"Weight":1,"CFrame":[0.47977495193481448,0.09026229381561279,0.19194436073303224,0.9141051173210144,0.2821168303489685,-0.29124197363853457,-0.3354775905609131,0.9296329617500305,-0.15243875980377198,0.22774270176887513,0.2370501607656479,0.9444261193275452],"EasingStyle":"Linear","EasingDirection":"In"},"Left Arm":{"Weight":1,"CFrame":[0.04022151231765747,-0.27519139647483828,0.17195618152618409,0.2834640145301819,0.592683732509613,0.7539058923721314,-0.958181619644165,0.2071739286184311,0.19740046560764314,-0.03919368237257004,-0.7783347964286804,0.626625120639801],"EasingStyle":"Linear","EasingDirection":"In"},"Head":{"Weight":1,"CFrame":[5.21540641784668e-8,2.9802322387695315e-8,0,0.9997965693473816,0.0011329352855682374,-0.020138662308454515,-0.0013155750930309296,0.9999580979347229,-0.00905838143080473,0.0201275534927845,0.009083006531000138,0.9997561573982239],"EasingStyle":"Linear","EasingDirection":"In"},"Torso":{"Weight":1,"CFrame":[0.08708786964416504,0.21786652505397798,-0.41698288917541506,0.9304949641227722,0.30543574690818789,0.20220862329006196,-0.32609423995018008,0.9421598315238953,0.07744327187538147,-0.16685891151428224,-0.13799960911273957,0.9762756824493408],"EasingStyle":"Linear","EasingDirection":"In"},"HumanoidRootPart":{"Weight":1,"CFrame":[0,0,0,1,0,0,0,1,0,0,0,1],"EasingStyle":"Linear","EasingDirection":"In"},"Right Arm":{"Weight":1,"CFrame":[0.33360618352890017,-0.2576451897621155,-0.1708410382270813,-0.1833229809999466,-0.7773842811584473,0.6017194390296936,0.9775313138961792,-0.07937218993902207,0.19527573883533479,-0.10404445976018906,0.6239981651306152,0.7744682431221008],"EasingStyle":"Linear","EasingDirection":"In"}}},{"Time":0.10000000149011612,"poses":{"Left Leg":{"Weight":1,"CFrame":[-0.8295243382453919,0.025184690952301027,-0.09492349624633789,0.6324494481086731,-0.7598956227302551,-0.1502206176519394,0.7402966022491455,0.5358898639678955,0.4059349596500397,-0.22796659171581269,-0.36794114112854006,0.9014713764190674],"EasingStyle":"Linear","EasingDirection":"In"},"Right Leg":{"Weight":1,"CFrame":[0.4728938937187195,0.08443766832351685,0.18899846076965333,0.9150870442390442,0.27894455194473269,-0.2912139296531677,-0.33240339159965517,0.9306283593177795,-0.153098002076149,0.22830617427825929,0.23689840734004975,0.9443280696868897],"EasingStyle":"Linear","EasingDirection":"In"},"Left Arm":{"Weight":1,"CFrame":[0.039526499807834628,-0.2666487693786621,0.17008233070373536,0.27594953775405886,0.5962491631507874,0.7538824081420898,-0.9604657888412476,0.20112062990665437,0.19249951839447022,-0.03684370964765549,-0.7771984934806824,0.6281760931015015],"EasingStyle":"Linear","EasingDirection":"In"},"Head":{"Weight":1,"CFrame":[5.21540641784668e-8,7.450580596923828e-9,-1.1920928955078126e-7,0.9999285936355591,0.0006773546920157969,-0.011934107169508934,-0.0007735491963103414,0.9999672770500183,-0.008058857172727585,0.01192825473845005,0.008067493326961995,0.9998963475227356],"EasingStyle":"Linear","EasingDirection":"In"},"Torso":{"Weight":1,"CFrame":[0.08562618494033814,0.21786652505397798,-0.4093058109283447,0.9304949641227722,0.30543574690818789,0.20220862329006196,-0.32609423995018008,0.9421598315238953,0.07744327187538147,-0.16685891151428224,-0.13799960911273957,0.9762756824493408],"EasingStyle":"Linear","EasingDirection":"In"},"HumanoidRootPart":{"Weight":1,"CFrame":[0,0,0,1,0,0,0,1,0,0,0,1],"EasingStyle":"Linear","EasingDirection":"In"},"Right Arm":{"Weight":1,"CFrame":[0.33519235253334048,-0.2485244870185852,-0.1692960262298584,-0.19083714485168458,-0.7795884609222412,0.5965091586112976,0.9763487577438355,-0.08784432709217072,0.19755136966705323,-0.10160871595144272,0.6201010346412659,0.7779141068458557],"EasingStyle":"Linear","EasingDirection":"In"}}},{"Time":0.11666666716337204,"poses":{"Left Leg":{"Weight":1,"CFrame":[-0.8185122013092041,0.02491217851638794,-0.09312832355499268,0.6387447714805603,-0.754626989364624,-0.15014393627643586,0.7361245155334473,0.5425744652748108,0.40464019775390627,-0.22388821840286256,-0.36898648738861086,0.9020660519599915],"EasingStyle":"Linear","EasingDirection":"In"},"Right Leg":{"Weight":1,"CFrame":[0.46203500032424929,0.07611161470413208,0.18439483642578126,0.9166625738143921,0.27374863624572756,-0.29118967056274416,-0.3272497057914734,0.9323601722717285,-0.1536632627248764,0.22942869365215302,0.23614898324012757,0.9442437887191773],"EasingStyle":"Linear","EasingDirection":"In"},"Left Arm":{"Weight":1,"CFrame":[0.037640124559402469,-0.25324392318725588,0.16757607460021974,0.2620237171649933,0.6022638082504273,0.7540703415870667,-0.9645745754241943,0.18825477361679078,0.18481354415416718,-0.030650898814201356,-0.775782585144043,0.6302555799484253],"EasingStyle":"Linear","EasingDirection":"In"},"Head":{"Weight":1,"CFrame":[2.2351741790771486e-8,7.450580596923828e-9,-5.960464477539063e-8,0.999993085861206,0.00021674859453924,-0.0037290826439857485,-0.00023660066653974354,0.9999858140945435,-0.005327094346284866,0.0037278817035257818,0.005327921826392412,0.9999788999557495],"EasingStyle":"Linear","EasingDirection":"In"},"Torso":{"Weight":1,"CFrame":[0.08416450023651123,0.21786652505397798,-0.39772820472717287,0.9304949641227722,0.30543574690818789,0.20220862329006196,-0.32609423995018008,0.9421598315238953,0.07744327187538147,-0.16685891151428224,-0.13799960911273957,0.9762756824493408],"EasingStyle":"Linear","EasingDirection":"In"},"HumanoidRootPart":{"Weight":1,"CFrame":[0,0,0,1,0,0,0,1,0,0,0,1],"EasingStyle":"Linear","EasingDirection":"In"},"Right Arm":{"Weight":1,"CFrame":[0.33811143040657046,-0.23413389921188355,-0.16510236263275147,-0.2046404778957367,-0.784673273563385,0.5851582288742065,0.9739274382591248,-0.10342374444007874,0.20191316306591035,-0.09791652858257294,0.6112212538719177,0.7853794693946838],"EasingStyle":"Linear","EasingDirection":"In"}}},{"Time":0.13333334028720857,"poses":{"Left Leg":{"Weight":1,"CFrame":[-0.8048305511474609,0.024554789066314698,-0.09098392724990845,0.6466465592384338,-0.7478945851325989,-0.15000614523887635,0.7309132814407349,0.5512685775756836,0.4023292064666748,-0.2182062268257141,-0.3698063790798187,0.9031220078468323],"EasingStyle":"Linear","EasingDirection":"In"},"Right Leg":{"Weight":1,"CFrame":[0.44762542843818667,0.0663989782333374,0.17837822437286378,0.9187788367271423,0.2665618658065796,-0.2911875545978546,-0.31994983553886416,0.9348822832107544,-0.15371234714984895,0.2312522828578949,0.23439300060272218,0.9442364573478699],"EasingStyle":"Linear","EasingDirection":"In"},"Left Arm":{"Weight":1,"CFrame":[0.03396657854318619,-0.2356596291065216,0.16494214534759522,0.24047942459583283,0.6105440855026245,0.7545896172523499,-0.9704728126525879,0.16626356542110444,0.17475391924381257,-0.01876586489379406,-0.7743335366249085,0.6324995160102844],"EasingStyle":"Linear","EasingDirection":"In"},"Head":{"Weight":1,"CFrame":[8.195638656616211e-8,7.450580596923828e-9,3.5762786865234377e-7,1,-5.21540641784668e-8,7.450579886381093e-8,1.0244549741855735e-7,1,-1.2293456563838846e-7,-8.009374852235851e-8,1.1920928955078126e-7,1],"EasingStyle":"Linear","EasingDirection":"In"},"Torso":{"Weight":1,"CFrame":[0.08350008726119995,0.21786652505397798,-0.38324642181396487,0.9304949641227722,0.30543574690818789,0.20220862329006196,-0.32609423995018008,0.9421598315238953,0.07744327187538147,-0.16685891151428224,-0.13799960911273957,0.9762756824493408],"EasingStyle":"Linear","EasingDirection":"In"},"HumanoidRootPart":{"Weight":1,"CFrame":[0,0,0,1,0,0,0,1,0,0,0,1],"EasingStyle":"Linear","EasingDirection":"In"},"Right Arm":{"Weight":1,"CFrame":[0.34258848428726199,-0.2151370644569397,-0.1569359302520752,-0.22589656710624696,-0.7934383153915405,0.5651783347129822,0.9696587324142456,-0.1274866759777069,0.2085886001586914,-0.09344949573278427,0.5951495170593262,0.7981630563735962],"EasingStyle":"Linear","EasingDirection":"In"}}},{"Time":0.15000000596046449,"poses":{"Left Leg":{"Weight":1,"CFrame":[-0.7863057255744934,0.028474032878875734,-0.08310413360595703,0.6568584442138672,-0.740561306476593,-0.14179572463035584,0.7217667698860169,0.5631405711174011,0.4023997187614441,-0.21815074980258943,-0.3666630983352661,0.9044161438941956],"EasingStyle":"Linear","EasingDirection":"In"},"Right Leg":{"Weight":1,"CFrame":[0.43007540702819826,0.05628049373626709,0.17108023166656495,0.9214352369308472,0.2573702931404114,-0.29106253385543826,-0.3103450536727905,0.9382585883140564,-0.15282946825027467,0.23375831544399262,0.23115229606628419,0.9444182515144348],"EasingStyle":"Linear","EasingDirection":"In"},"Left Arm":{"Weight":1,"CFrame":[0.020833007991313936,-0.21459174156188966,0.1625962257385254,0.21033485233783723,0.6214272975921631,0.7547101974487305,-0.9776294827461243,0.13390514254570008,0.16220423579216004,-0.0002615265839267522,-0.7719441056251526,0.635690450668335],"EasingStyle":"Linear","EasingDirection":"In"},"Head":{"Weight":1,"CFrame":[2.2351741790771486e-8,-1.4901161193847657e-8,3.5762786865234377e-7,1,0.000010034069418907166,-0.0003137290186714381,-0.000007132069185900036,0.9999571442604065,0.009257807396352291,0.00031381662120111287,-0.009257815778255463,0.9999570846557617],"EasingStyle":"Linear","EasingDirection":"In"},"Torso":{"Weight":1,"CFrame":[0.08443552255630493,0.21786652505397798,-0.36670589447021487,0.9304949641227722,0.30543574690818789,0.20220862329006196,-0.32609423995018008,0.9421598315238953,0.07744327187538147,-0.16685891151428224,-0.13799960911273957,0.9762756824493408],"EasingStyle":"Linear","EasingDirection":"In"},"HumanoidRootPart":{"Weight":1,"CFrame":[0,0,0,1,0,0,0,1,0,0,0,1],"EasingStyle":"Linear","EasingDirection":"In"},"Right Arm":{"Weight":1,"CFrame":[0.34875530004501345,-0.1922299563884735,-0.1411716341972351,-0.2571898102760315,-0.8102420568466187,0.52665114402771,0.9615993499755859,-0.16054296493530274,0.22260449826717378,-0.09581335633993149,0.5636788606643677,0.820418119430542],"EasingStyle":"Linear","EasingDirection":"In"}}},{"Time":0.1666666716337204,"poses":{"Left Leg":{"Weight":1,"CFrame":[-0.7602503299713135,0.03993743658065796,-0.06548082828521729,0.6698774099349976,-0.7329149842262268,-0.11874352395534516,0.706011176109314,0.5792810916900635,0.40740856528282168,-0.2298099845647812,-0.35674795508384707,0.905493438243866],"EasingStyle":"Linear","EasingDirection":"In"},"Right Leg":{"Weight":1,"CFrame":[0.4095876216888428,0.046234071254730228,0.16216564178466798,0.9248532652854919,0.24595734477043153,-0.290088415145874,-0.29795166850090029,0.9426083564758301,-0.15071292221546174,0.23637089133262635,0.22581960260868073,0.9450578689575195],"EasingStyle":"Linear","EasingDirection":"In"},"Left Arm":{"Weight":1,"CFrame":[-0.007187515497207642,-0.1907946765422821,0.1605992317199707,0.17249280214309693,0.634728729724884,0.7532368302345276,-0.9847137928009033,0.09233895689249039,0.14769034087657929,0.02419012412428856,-0.7671982049942017,0.6409539580345154],"EasingStyle":"Linear","EasingDirection":"In"},"Head":{"Weight":1,"CFrame":[-7.450580596923828e-9,7.450580596923828e-9,1.1920928955078126e-7,0.9999994039535523,0.00008276291191577911,-0.0011736227897927166,-0.00005627238715533167,0.9997463226318359,0.022523535415530206,0.001175180310383439,-0.022523462772369386,0.9997456073760986],"EasingStyle":"Linear","EasingDirection":"In"},"Torso":{"Weight":1,"CFrame":[0.08753478527069092,0.21786652505397798,-0.34835004806518557,0.9304949641227722,0.30543574690818789,0.20220862329006196,-0.32609423995018008,0.9421598315238953,0.07744327187538147,-0.16685891151428224,-0.13799960911273957,0.9762756824493408],"EasingStyle":"Linear","EasingDirection":"In"},"HumanoidRootPart":{"Weight":1,"CFrame":[0,0,0,1,0,0,0,1,0,0,0,1],"EasingStyle":"Linear","EasingDirection":"In"},"Right Arm":{"Weight":1,"CFrame":[0.35636794567108157,-0.16623705625534059,-0.11622577905654907,-0.2981555461883545,-0.8355748057365418,0.4614304006099701,0.9479111433029175,-0.20241962373256684,0.2459487020969391,-0.11210595816373825,0.5107259750366211,0.8524032235145569],"EasingStyle":"Linear","EasingDirection":"In"}}},{"Time":0.18333333730697633,"poses":{"Left Leg":{"Weight":1,"CFrame":[-0.7265267968177795,0.05737137794494629,-0.04040336608886719,0.6845083832740784,-0.7243317365646362,-0.0824127346277237,0.684152364730835,0.5992342233657837,0.41575685143470766,-0.25176137685775759,-0.3409719467163086,0.9057341814041138],"EasingStyle":"Linear","EasingDirection":"In"},"Right Leg":{"Weight":1,"CFrame":[0.38615909218788149,0.03652238845825195,0.15123474597930909,0.9292939305305481,0.2319800704717636,-0.2873987853527069,-0.28215911984443667,0.9480171203613281,-0.1471390575170517,0.23832564055919648,0.21782758831977845,0.9464418292045593],"EasingStyle":"Linear","EasingDirection":"In"},"Left Arm":{"Weight":1,"CFrame":[-0.04732157289981842,-0.16503575444221497,0.15892326831817628,0.12857379019260407,0.6492680311203003,0.7496132254600525,-0.9902310967445374,0.04292628541588783,0.1326645165681839,0.053956642746925357,-0.7593473792076111,0.6484445333480835],"EasingStyle":"Linear","EasingDirection":"In"},"Head":{"Weight":1,"CFrame":[8.195638656616211e-8,4.470348358154297e-8,1.1920928955078126e-7,0.9999970197677612,0.00028260613908059895,-0.0024557895958423616,-0.00018718655337579548,0.9992483854293823,0.038766294717788699,0.002464903751388192,-0.03876574710011482,0.9992453455924988],"EasingStyle":"Linear","EasingDirection":"In"},"Torso":{"Weight":1,"CFrame":[0.09323734045028687,0.21786652505397798,-0.32827210426330569,0.9304949641227722,0.30543574690818789,0.20220862329006196,-0.32609423995018008,0.9421598315238953,0.07744327187538147,-0.16685891151428224,-0.13799960911273957,0.9762756824493408],"EasingStyle":"Linear","EasingDirection":"In"},"HumanoidRootPart":{"Weight":1,"CFrame":[0,0,0,1,0,0,0,1,0,0,0,1],"EasingStyle":"Linear","EasingDirection":"In"},"Right Arm":{"Weight":1,"CFrame":[0.36508917808532717,-0.13801309466362,-0.08383560180664063,-0.34481704235076907,-0.8630431890487671,0.3691312372684479,0.9277948141098023,-0.25367555022239687,0.27357909083366396,-0.14247094094753266,0.43681275844573977,0.8881984949111939],"EasingStyle":"Linear","EasingDirection":"In"}}},{"Time":0.20000000298023225,"poses":{"Left Leg":{"Weight":1,"CFrame":[-0.6847941279411316,0.07912421226501465,-0.010278820991516114,0.6992231607437134,-0.7140786647796631,-0.03432958573102951,0.6566628813743591,0.6225348114967346,0.42572805285453799,-0.2826320230960846,-0.3202219307422638,0.9041996598243713],"EasingStyle":"Linear","EasingDirection":"In"},"Right Leg":{"Weight":1,"CFrame":[0.35953596234321597,0.02730882167816162,0.13793766498565675,0.9350000619888306,0.21493694186210633,-0.28209421038627627,-0.262233167886734,0.9545156955718994,-0.14189325273036958,0.23876520991325379,0.20664459466934205,0.9488357901573181],"EasingStyle":"Linear","EasingDirection":"In"},"Left Arm":{"Weight":1,"CFrame":[-0.09679575264453888,-0.13808435201644898,0.15754008293151856,0.08023945987224579,0.6639965772628784,0.7434178590774536,-0.9928534626960754,-0.012857113033533097,0.11864535510540009,0.08833823353052139,-0.7476251721382141,0.6582198143005371],"EasingStyle":"Linear","EasingDirection":"In"},"Head":{"Weight":1,"CFrame":[5.21540641784668e-8,-2.9802322387695315e-8,2.384185791015625e-7,0.9999917149543762,0.0006722360849380493,-0.004033766221255064,-0.0004414097056724131,0.9983769059181213,0.056950293481349948,0.004065504763275385,-0.056948062032461169,0.9983688592910767],"EasingStyle":"Linear","EasingDirection":"In"},"Torso":{"Weight":1,"CFrame":[0.10198259353637696,0.21786652505397798,-0.3065648078918457,0.9304949641227722,0.30543574690818789,0.20220862329006196,-0.32609423995018008,0.9421598315238953,0.07744327187538147,-0.16685891151428224,-0.13799960911273957,0.9762756824493408],"EasingStyle":"Linear","EasingDirection":"In"},"HumanoidRootPart":{"Weight":1,"CFrame":[0,0,0,1,0,0,0,1,0,0,0,1],"EasingStyle":"Linear","EasingDirection":"In"},"Right Arm":{"Weight":1,"CFrame":[0.37458133697509768,-0.1084151566028595,-0.0457383394241333,-0.3920899033546448,-0.8851398825645447,0.2505853474140167,0.9007972478866577,-0.31415605545043948,0.29978394508361819,-0.18662771582603455,0.3432687222957611,0.920508861541748],"EasingStyle":"Linear","EasingDirection":"In"}}},{"Time":0.21666666865348817,"poses":{"Left Leg":{"Weight":1,"CFrame":[-0.6348773837089539,0.1033208966255188,0.022301793098449708,0.7123546600341797,-0.7014214396476746,0.023635391145944597,0.624212920665741,0.6486172676086426,0.43549272418022158,-0.3207942545413971,-0.29547178745269778,0.8998819589614868],"EasingStyle":"Linear","EasingDirection":"In"},"Right Leg":{"Weight":1,"CFrame":[0.32905352115631106,0.018635094165802003,0.12197363376617432,0.9421762824058533,0.19406592845916749,-0.27320733666419985,-0.237237349152565,0.9620600342750549,-0.13475577533245088,0.236690491437912,0.19177860021591187,0.9524698257446289],"EasingStyle":"Linear","EasingDirection":"In"},"Left Arm":{"Weight":1,"CFrame":[-0.15283681452274323,-0.11070793867111206,0.15642154216766358,0.029172105714678766,0.6780902147293091,0.7343994379043579,-0.9915242195129395,-0.0734272226691246,0.10718291997909546,0.12660454213619233,-0.7313017249107361,0.6702009439468384],"EasingStyle":"Linear","EasingDirection":"In"},"Head":{"Weight":1,"CFrame":[8.195638656616211e-8,-1.4901161193847657e-8,0,0.9999825358390808,0.0013089999556541443,-0.005778513383120298,-0.0008658395381644368,0.9971047043800354,0.07603610306978226,0.005861303769052029,-0.07602980732917786,0.9970883131027222],"EasingStyle":"Linear","EasingDirection":"In"},"Torso":{"Weight":1,"CFrame":[0.11421000957489014,0.21786652505397798,-0.28332090377807619,0.9304949641227722,0.30543574690818789,0.20220862329006196,-0.32609423995018008,0.9421598315238953,0.07744327187538147,-0.16685891151428224,-0.13799960911273957,0.9762756824493408],"EasingStyle":"Linear","EasingDirection":"In"},"HumanoidRootPart":{"Weight":1,"CFrame":[0,0,0,1,0,0,0,1,0,0,0,1],"EasingStyle":"Linear","EasingDirection":"In"},"Right Arm":{"Weight":1,"CFrame":[0.38450706005096438,-0.07829824090003967,-0.0036712288856506349,-0.43422314524650576,-0.894128143787384,0.10947728157043457,0.8674145340919495,-0.3822454512119293,0.31856009364128115,-0.2429862767457962,0.23328819870948792,0.9415594339370728],"EasingStyle":"Linear","EasingDirection":"In"}}},{"Time":0.23333333432674409,"poses":{"Left Leg":{"Weight":1,"CFrame":[-0.5819492936134338,0.12438011169433594,0.04964470863342285,0.7269665002822876,-0.6819401979446411,0.08048121631145477,0.5893881916999817,0.6798111200332642,0.4364384114742279,-0.35233691334724429,-0.2698414623737335,0.896127462387085],"EasingStyle":"Linear","EasingDirection":"In"},"Right Leg":{"Weight":1,"CFrame":[0.29469573497772219,0.01498323678970337,0.10758769512176514,0.9472708106040955,0.17502820491790772,-0.2684085965156555,-0.21270866692066194,0.9699402451515198,-0.11819963157176972,0.23965200781822205,0.16905981302261353,0.956026017665863],"EasingStyle":"Linear","EasingDirection":"In"},"Left Arm":{"Weight":1,"CFrame":[-0.21267133951187135,-0.08367496728897095,0.1555393934249878,-0.022966085001826288,0.691018283367157,0.7224723100662231,-0.9855124354362488,-0.1371178925037384,0.0998205617070198,0.1680416762828827,-0.7097129821777344,0.6841561794281006],"EasingStyle":"Linear","EasingDirection":"In"},"Head":{"Weight":1,"CFrame":[1.1920928955078126e-7,-8.195638656616211e-8,2.384185791015625e-7,0.9999690055847168,0.002242416376248002,-0.0075593749061226849,-0.0015142675256356598,0.9954776167869568,0.09498501569032669,0.007738184183835983,-0.09497061371803284,0.9954500198364258],"EasingStyle":"Linear","EasingDirection":"In"},"Torso":{"Weight":1,"CFrame":[0.126145601272583,0.2206333875656128,-0.25817108154296877,0.9343581795692444,0.2968120276927948,0.19717353582382203,-0.3172304332256317,0.9448913931846619,0.0809018462896347,-0.1622948944568634,-0.1381407380104065,0.9770249128341675],"EasingStyle":"Linear","EasingDirection":"In"},"HumanoidRootPart":{"Weight":1,"CFrame":[0,0,0,1,0,0,0,1,0,0,0,1],"EasingStyle":"Linear","EasingDirection":"In"},"Right Arm":{"Weight":1,"CFrame":[0.39452889561653139,-0.04851895570755005,0.04062855243682861,-0.46583256125450137,-0.8836371302604675,-0.0467507466673851,0.8295220732688904,-0.4544764757156372,0.3245680630207062,-0.30804744362831118,0.11241338402032852,0.9447063207626343],"EasingStyle":"Linear","EasingDirection":"In"}}},{"Time":0.25,"poses":{"Left Leg":{"Weight":1,"CFrame":[-0.5313465595245361,0.13694483041763307,0.06785011291503906,0.74630206823349,-0.6533904075622559,0.12694258987903596,0.5552489161491394,0.7163106203079224,0.42260825634002688,-0.36705854535102847,-0.2449086308479309,0.8973783254623413],"EasingStyle":"Linear","EasingDirection":"In"},"Right Leg":{"Weight":1,"CFrame":[0.25949934124946597,0.019860565662384034,0.09761810302734375,0.9478722214698792,0.16438888013362885,-0.27297353744506838,-0.19450539350509644,0.9770344495773315,-0.08701451867818833,0.25240039825439455,0.13557343184947968,0.9580782651901245],"EasingStyle":"Linear","EasingDirection":"In"},"Left Arm":{"Weight":1,"CFrame":[-0.27352607250213625,-0.05775409936904907,0.15486621856689454,-0.07459145784378052,0.7025759220123291,0.707688570022583,-0.9744176864624023,-0.20222440361976624,0.0980582982301712,0.21200527250766755,-0.6822699904441834,0.6996867060661316],"EasingStyle":"Linear","EasingDirection":"In"},"Head":{"Weight":1,"CFrame":[-7.450580596923828e-9,-7.450580596923828e-9,-4.172325134277344e-7,0.9999510645866394,0.003513496369123459,-0.009245522320270539,-0.0024486202746629717,0.9936187863349915,0.11276406049728394,0.009582728147506714,-0.11273588240146637,0.9935787916183472],"EasingStyle":"Linear","EasingDirection":"In"},"Torso":{"Weight":1,"CFrame":[0.13424667716026307,0.2279374748468399,-0.2315669059753418,0.9443956613540649,0.272990882396698,0.18328391015529633,-0.2926535904407501,0.951970636844635,0.09003196656703949,-0.14990301430225373,-0.13866448402404786,0.9789286255836487],"EasingStyle":"Linear","EasingDirection":"In"},"HumanoidRootPart":{"Weight":1,"CFrame":[0,0,0,1,0,0,0,1,0,0,0,1],"EasingStyle":"Linear","EasingDirection":"In"},"Right Arm":{"Weight":1,"CFrame":[0.40430939197540285,-0.019933342933654786,0.08542406558990479,-0.48331618309020998,-0.8505191802978516,-0.20741958916187287,0.7903687953948975,-0.5258076190948486,0.3143939971923828,-0.3764607608318329,-0.011986305005848408,0.9263550043106079],"EasingStyle":"Linear","EasingDirection":"In"}}},{"Time":0.2666666805744171,"poses":{"Left Leg":{"Weight":1,"CFrame":[-0.48342305421829226,0.14016515016555787,0.07904160022735596,0.7688758969306946,-0.6183068156242371,0.16286981105804444,0.5228812098503113,0.7546284794807434,0.39639773964881899,-0.36800169944763186,-0.21961908042430879,0.9035166501998901],"EasingStyle":"Linear","EasingDirection":"In"},"Right Leg":{"Weight":1,"CFrame":[0.22645708918571473,0.0316275954246521,0.08981096744537354,0.9455788731575012,0.16231796145439149,-0.28201669454574587,-0.18184350430965424,0.9823284149169922,-0.04431576281785965,0.2698398232460022,0.0931868627667427,0.9583855867385864],"EasingStyle":"Linear","EasingDirection":"In"},"Left Arm":{"Weight":1,"CFrame":[-0.3326273560523987,-0.033712416887283328,0.15437352657318116,-0.12425100803375244,0.7128817439079285,0.6901893019676209,-0.9581300020217896,-0.2670386731624603,0.10333164781332016,0.2579704523086548,-0.6484519839286804,0.7162132859230042],"EasingStyle":"Linear","EasingDirection":"In"},"Head":{"Weight":1,"CFrame":[1.4901161193847657e-7,2.2351741790771486e-8,2.384185791015625e-7,0.9999293684959412,0.0051557463593780998,-0.01070841122418642,-0.0037388578057289125,0.9917219281196594,0.1283499151468277,0.011281473562121392,-0.12830087542533875,0.9916712045669556],"EasingStyle":"Linear","EasingDirection":"In"},"Torso":{"Weight":1,"CFrame":[0.13920822739601136,0.2381381094455719,-0.20490527153015138,0.9578734040260315,0.23696744441986085,0.16224952042102815,-0.2552489638328552,0.9613967537879944,0.10278276354074478,-0.13162997364997865,-0.1398668885231018,0.9813821911811829],"EasingStyle":"Linear","EasingDirection":"In"},"HumanoidRootPart":{"Weight":1,"CFrame":[0,0,0,1,0,0,0,1,0,0,0,1],"EasingStyle":"Linear","EasingDirection":"In"},"Right Arm":{"Weight":1,"CFrame":[0.41351091861724856,0.006603598594665527,0.12897741794586183,-0.4860128164291382,-0.7960494756698608,-0.36068934202194216,0.7540135383605957,-0.5906071662902832,0.28748372197151186,-0.4418770372867584,-0.1322440803050995,0.8872746229171753],"EasingStyle":"Linear","EasingDirection":"In"}}},{"Time":0.28333333134651186,"poses":{"Left Leg":{"Weight":1,"CFrame":[-0.43876785039901736,0.13442611694335938,0.08442997932434082,0.7932119369506836,-0.5792543888092041,0.18782752752304078,0.49286141991615298,0.7918490171432495,0.3606421649456024,-0.35763469338417055,-0.19349271059036256,0.9135962128639221],"EasingStyle":"Linear","EasingDirection":"In"},"Right Leg":{"Weight":1,"CFrame":[0.19809533655643464,0.04832112789154053,0.08226633071899414,0.9419928193092346,0.1684901863336563,-0.29027658700942995,-0.17408667504787446,0.9847080111503601,0.006632390432059765,0.2869552969932556,0.04428554326295853,0.95691978931427],"EasingStyle":"Linear","EasingDirection":"In"},"Left Arm":{"Weight":1,"CFrame":[-0.38720202445983889,-0.01232004165649414,0.15403342247009278,-0.17066612839698792,0.7223549485206604,0.6701316237449646,-0.9367485642433167,-0.32986652851104739,0.11700607091188431,0.30557379126548769,-0.6077758073806763,0.7329620718955994],"EasingStyle":"Linear","EasingDirection":"In"},"Head":{"Weight":1,"CFrame":[4.470348358154297e-8,-3.725290298461914e-8,2.384185791015625e-7,0.999904215335846,0.007196182385087013,-0.011823879554867745,-0.005460978485643864,0.9900327920913696,0.14073093235492707,0.012718765065073967,-0.14065290987491609,0.9899773597717285],"EasingStyle":"Linear","EasingDirection":"In"},"Torso":{"Weight":1,"CFrame":[0.14178919792175294,0.24955515563488007,-0.17957615852355958,0.9719771146774292,0.19184058904647828,0.13585959374904633,-0.2080276757478714,0.9710936546325684,0.1170540452003479,-0.10947669297456742,-0.14203639328479768,0.9837888479232788],"EasingStyle":"Linear","EasingDirection":"In"},"HumanoidRootPart":{"Weight":1,"CFrame":[0,0,0,1,0,0,0,1,0,0,0,1],"EasingStyle":"Linear","EasingDirection":"In"},"Right Arm":{"Weight":1,"CFrame":[0.42179638147354128,0.03023475408554077,0.16955196857452393,-0.47644320130348208,-0.7257073521614075,-0.49633726477622988,0.7244026064872742,-0.6439353823661804,0.24614684283733369,-0.4982396960258484,-0.24227309226989747,0.8325029015541077],"EasingStyle":"Linear","EasingDirection":"In"}}},{"Time":0.30000001192092898,"poses":{"Left Leg":{"Weight":1,"CFrame":[-0.39841610193252566,0.12132501602172852,0.08477556705474854,0.8179424405097961,-0.5388520359992981,0.20151594281196595,0.465491384267807,0.825726330280304,0.31858086585998537,-0.3380649983882904,-0.1667768955230713,0.9262276291847229],"EasingStyle":"Linear","EasingDirection":"In"},"Right Leg":{"Weight":1,"CFrame":[0.1767084002494812,0.06759637594223023,0.07359623908996582,0.9389418959617615,0.18181349337100984,-0.29211658239364626,-0.17106324434280396,0.9832971692085266,0.06216120347380638,0.29853931069374087,-0.008395395241677761,0.9543604850769043],"EasingStyle":"Linear","EasingDirection":"In"},"Left Arm":{"Weight":1,"CFrame":[-0.43447673320770266,0.005656182765960693,0.1538172960281372,-0.2127528339624405,0.7316694855690002,0.6476078033447266,-0.9104763269424439,-0.3890041708946228,0.14038754999637605,0.3546394407749176,-0.5597638487815857,0.7489295601844788],"EasingStyle":"Linear","EasingDirection":"In"},"Head":{"Weight":1,"CFrame":[7.450580596923828e-8,6.332993507385254e-8,-1.1920928955078126e-7,0.9998756051063538,0.009659738279879094,-0.01247476041316986,-0.007695171982049942,0.9888219237327576,0.14890334010124207,0.013773692771792412,-0.14878879487514497,0.9887730479240418],"EasingStyle":"Linear","EasingDirection":"In"},"Torso":{"Weight":1,"CFrame":[0.14296288788318635,0.26064807176589968,-0.1568586826324463,0.9843059182167053,0.14095959067344666,0.10617165267467499,-0.15436458587646485,0.9793015122413635,0.13092023134231568,-0.08551960438489914,-0.1452547013759613,0.9856913685798645],"EasingStyle":"Linear","EasingDirection":"In"},"HumanoidRootPart":{"Weight":1,"CFrame":[0,0,0,1,0,0,0,1,0,0,0,1],"EasingStyle":"Linear","EasingDirection":"In"},"Right Arm":{"Weight":1,"CFrame":[0.42882782220840456,0.050104379653930667,0.20541012287139893,-0.45947861671447756,-0.647629976272583,-0.6078280806541443,0.7045418620109558,-0.6824685335159302,0.1945701241493225,-0.5408329367637634,-0.33883965015411379,0.7698620557785034],"EasingStyle":"Linear","EasingDirection":"In"}}},{"Time":0.3166666626930237,"poses":{"Left Leg":{"Weight":1,"CFrame":[-0.3640784025192261,0.10341095924377442,0.08088874816894531,0.8417778611183167,-0.49977004528045657,0.20405863225460053,0.4411035180091858,0.8547088503837586,0.2736794650554657,-0.3111875653266907,-0.1403663605451584,0.9399253129959106],"EasingStyle":"Linear","EasingDirection":"In"},"Right Leg":{"Weight":1,"CFrame":[0.1647079735994339,0.08682119846343994,0.06302130222320557,0.9383694529533386,0.20040684938430787,-0.2816021740436554,-0.17337732017040254,0.9777494668960571,0.11809470504522324,0.29900333285331728,-0.061993081122636798,0.9522362947463989],"EasingStyle":"Linear","EasingDirection":"In"},"Left Arm":{"Weight":1,"CFrame":[-0.47167807817459109,0.01944708824157715,0.153