{"Sequence":[{"Time":0,"poses":{"Left Leg":{"Weight":1,"CFrame":[-0.32258427143096926,0.1930840015411377,0.005549907684326172,0.19277794659137727,0.981150209903717,-0.013458560220897198,-0.9807042479515076,0.1921999603509903,-0.03575339913368225,-0.0324927382171154,0.02009136602282524,0.9992700815200806],"EasingStyle":"Linear","EasingDirection":"In"},"Right Arm":{"Weight":1,"CFrame":[0.5230588912963867,-0.4636249542236328,0.4344320297241211,-0.4690670967102051,-0.7614529132843018,0.44739869236946108,0.2855609953403473,0.3486083745956421,0.8927077054977417,-0.8357217907905579,0.546499490737915,0.05392048507928848],"EasingStyle":"Linear","EasingDirection":"In"},"Head":{"Weight":1,"CFrame":[8.381903171539307e-8,-8.614733815193177e-9,-4.76837158203125e-7,0.9993804693222046,-0.00688345730304718,-0.034515369683504108,0.0006983888451941311,0.9843732714653015,-0.17609351873397828,0.035188138484954837,0.17596030235290528,0.9837681651115418],"EasingStyle":"Linear","EasingDirection":"In"},"Right Leg":{"Weight":1,"CFrame":[0.9798766374588013,0.02911984920501709,0.2094024419784546,0.4229899048805237,0.8826583027839661,-0.20492379367351533,-0.8855303525924683,0.450614869594574,0.11305910348892212,0.1921343058347702,0.13364329934120179,0.9722263216972351],"EasingStyle":"Linear","EasingDirection":"In"},"Torso":{"Weight":1,"CFrame":[0.06654803454875946,0.11034369468688965,-0.8876473903656006,0.9990628957748413,-0.027233796194195749,0.033642660826444629,0.02202274650335312,0.988955557346344,0.1465671956539154,-0.037262674421072009,-0.14568890631198884,0.9886285662651062],"EasingStyle":"Linear","EasingDirection":"In"},"HumanoidRootPart":{"Weight":0,"CFrame":[0,0,0,1,0,0,0,1,0,0,0,1],"EasingStyle":"Linear","EasingDirection":"In"},"Left Arm":{"Weight":1,"CFrame":[0.3109656870365143,0.06551074981689453,0.0517120361328125,0.8466564416885376,-0.4839502274990082,-0.22128045558929444,0.5091108083724976,0.8576688170433044,0.07218358665704727,0.154852032661438,-0.17377105355262757,0.9725351929664612],"EasingStyle":"Linear","EasingDirection":"In"}}},{"Time":0.03333333507180214,"poses":{"Left Leg":{"Weight":1,"CFrame":[-0.30031001567840578,0.10607612133026123,0.0011184215545654297,0.269639790058136,0.9629409909248352,-0.0062609631568193439,-0.9628455638885498,0.26950082182884219,-0.017262116074562074,-0.014935094863176346,0.010682865977287293,0.9998314380645752],"EasingStyle":"Linear","EasingDirection":"In"},"Right Arm":{"Weight":1,"CFrame":[0.6370074152946472,-0.38482213020324709,0.403670072555542,-0.5357143878936768,-0.8117346167564392,0.232587993144989,0.1638164222240448,0.17030444741249085,0.9716793298721314,-0.8283564448356628,0.5586442351341248,0.04174092411994934],"EasingStyle":"Linear","EasingDirection":"In"},"Head":{"Weight":1,"CFrame":[6.658956408500672e-8,-6.682239472866059e-8,2.384185791015625e-7,0.9993361234664917,-0.008362638764083386,-0.035462066531181338,-0.00006822103023296222,0.9728719592094421,-0.23134464025497437,0.03643468767404556,0.231193408370018,0.9722254276275635],"EasingStyle":"Linear","EasingDirection":"In"},"Right Leg":{"Weight":1,"CFrame":[0.9785504341125488,0.008181095123291016,0.2056879997253418,0.4337270259857178,0.877819836139679,-0.20325680077075959,-0.8809146881103516,0.46052315831184389,0.10912247002124787,0.18939438462257386,0.13172246515750886,0.9730257391929627],"EasingStyle":"Linear","EasingDirection":"In"},"Torso":{"Weight":1,"CFrame":[0.063927561044693,0.09405434131622315,-0.8543493747711182,0.9991347193717957,-0.026180457323789598,0.032316647469997409,0.021695364266633989,0.991002082824707,0.13207711279392243,-0.035483699291944507,-0.13126172125339509,0.9907125234603882],"EasingStyle":"Linear","EasingDirection":"In"},"HumanoidRootPart":{"Weight":0,"CFrame":[0,0,0,1,0,0,0,1,0,0,0,1],"EasingStyle":"Linear","EasingDirection":"In"},"Left Arm":{"Weight":1,"CFrame":[0.291469544172287,0.0612637996673584,0.0540541410446167,0.7898513674736023,-0.5885424017906189,-0.1724899709224701,0.6075587868690491,0.7892629504203796,0.08908611536026001,0.08370894938707352,-0.1751626878976822,0.9809744358062744],"EasingStyle":"Linear","EasingDirection":"In"}}},{"Time":0.06666667014360428,"poses":{"Left Leg":{"Weight":1,"CFrame":[-0.2794610261917114,0.09749716520309448,0.0010662078857421876,0.4387947916984558,0.8985706567764282,0.005475953686982393,-0.8984599709510803,0.43882712721824648,-0.01416295301169157,-0.015129443258047104,0.0012946901842951775,0.9998847246170044],"EasingStyle":"Linear","EasingDirection":"In"},"Right Arm":{"Weight":1,"CFrame":[0.7008264064788818,-0.3060200810432434,0.3296804428100586,-0.5212855935096741,-0.8490313291549683,0.0860649049282074,0.12798109650611878,0.021932655945420266,0.9915340542793274,-0.843731164932251,0.5278870463371277,0.09722677618265152],"EasingStyle":"Linear","EasingDirection":"In"},"Head":{"Weight":1,"CFrame":[7.450580596923828e-8,-6.28642737865448e-9,-2.384185791015625e-7,0.9993191361427307,-0.009027722291648388,-0.03577561303973198,-0.0006210760329850018,0.9653525352478027,-0.26094850897789,0.03689185157418251,0.2607930600643158,0.9646896123886108],"EasingStyle":"Linear","EasingDirection":"In"},"Right Leg":{"Weight":1,"CFrame":[0.951887309551239,-0.03278672695159912,0.18406319618225099,0.4985869824886322,0.8447481989860535,-0.19445155560970307,-0.8483017683029175,0.5216335654258728,0.09100864082574845,0.17831194400787354,0.11957783997058869,0.976681113243103],"EasingStyle":"Linear","EasingDirection":"In"},"Torso":{"Weight":1,"CFrame":[0.05670057237148285,0.06295646727085114,-0.726210355758667,0.9993188381195068,-0.02323109284043312,0.02867293357849121,0.020389825105667115,0.9952024817466736,0.09568949788808823,-0.030758338049054147,-0.09503968060016632,0.9949982762336731],"EasingStyle":"Linear","EasingDirection":"In"},"HumanoidRootPart":{"Weight":0,"CFrame":[0,0,0,1,0,0,0,1,0,0,0,1],"EasingStyle":"Linear","EasingDirection":"In"},"Left Arm":{"Weight":1,"CFrame":[0.24984732270240785,0.03931039571762085,0.0563962459564209,0.7661359906196594,-0.6337734460830689,-0.10661643743515015,0.6425835490226746,0.7525553107261658,0.1440381556749344,-0.01105280127376318,-0.17886283993721009,0.9838120341300964],"EasingStyle":"Linear","EasingDirection":"In"}}},{"Time":0.10000000149011612,"poses":{"Left Leg":{"Weight":1,"CFrame":[-0.4515880346298218,0.44395095109939577,0.012298345565795899,0.7958478927612305,0.6050926446914673,0.022115647792816163,-0.6048461198806763,0.7961550951004028,-0.017273761332035066,-0.02805975452065468,0.0003707297146320343,0.9996062517166138],"EasingStyle":"Linear","EasingDirection":"In"},"Right Arm":{"Weight":1,"CFrame":[0.7191453576087952,-0.30876216292381289,0.23753786087036134,-0.5196301341056824,-0.8511897325515747,0.07389611750841141,0.2345956712961197,-0.05897797644138336,0.9703023433685303,-0.821553111076355,0.5215339064598084,0.23033210635185243],"EasingStyle":"Linear","EasingDirection":"In"},"Head":{"Weight":1,"CFrame":[7.82310962677002e-8,5.587935447692871e-9,0,0.9993152618408203,-0.009458618238568306,-0.03577251732349396,-0.0005445382557809353,0.96291184425354,-0.269815593957901,0.03699786588549614,0.26965028047561648,0.9622473120689392],"EasingStyle":"Linear","EasingDirection":"In"},"Right Leg":{"Weight":1,"CFrame":[0.875324010848999,-0.05639374256134033,0.14255917072296143,0.6163862347602844,0.7668167948722839,-0.17905376851558686,-0.7696043848991394,0.6347681283950806,0.06912589818239212,0.16666457056999207,0.0951923206448555,0.9814079403877258],"EasingStyle":"Linear","EasingDirection":"In"},"Torso":{"Weight":1,"CFrame":[0.04579480364918709,0.024480611085891725,-0.5315141677856445,0.999555766582489,-0.018731044605374337,0.02318309247493744,0.017598170787096025,0.9986855983734131,0.0481414794921875,-0.024054357782006265,-0.047712117433547977,0.9985714554786682],"EasingStyle":"Linear","EasingDirection":"In"},"HumanoidRootPart":{"Weight":0,"CFrame":[0,0,0,1,0,0,0,1,0,0,0,1],"EasingStyle":"Linear","EasingDirection":"In"},"Left Arm":{"Weight":1,"CFrame":[0.20604686439037324,-0.008060097694396973,0.04623711109161377,0.7849750518798828,-0.6188977956771851,-0.02792680636048317,0.6093294620513916,0.7631232738494873,0.2153145670890808,-0.11194615811109543,-0.18603332340717317,0.976145327091217],"EasingStyle":"Linear","EasingDirection":"In"}}},{"Time":0.13333334028720857,"poses":{"Left Leg":{"Weight":1,"CFrame":[-0.6569893956184387,0.5992997884750366,0.030016779899597169,0.9772470593452454,0.20777501165866853,0.042636558413505557,-0.20721210539340974,0.9781436324119568,-0.017272010445594789,-0.045293405652046207,0.00804421491920948,0.9989413619041443],"EasingStyle":"Linear","EasingDirection":"In"},"Right Arm":{"Weight":1,"CFrame":[0.7302567958831787,-0.3153001666069031,0.14284086227416993,-0.522010862827301,-0.8421106338500977,0.13547810912132264,0.40622180700302126,-0.10579157620668411,0.9076299667358398,-0.7499923706054688,0.5288267731666565,0.3973080515861511],"EasingStyle":"Linear","EasingDirection":"In"},"Head":{"Weight":1,"CFrame":[8.597271516919136e-8,-1.7462298274040223e-10,0,0.9993177056312561,-0.009063703939318657,-0.03580547124147415,0.0016618957743048668,0.9794750213623047,-0.2015589475631714,0.036897432059049609,0.20136195421218873,0.9788217544555664],"EasingStyle":"Linear","EasingDirection":"In"},"Right Leg":{"Weight":1,"CFrame":[0.9172211289405823,0.023394644260406495,0.11292612552642822,0.7382553815841675,0.6561011672019959,-0.15655745565891267,-0.6588199734687805,0.7511667013168335,0.04128841310739517,0.14469021558761598,0.07266179472208023,0.9868054986000061],"EasingStyle":"Linear","EasingDirection":"In"},"Torso":{"Weight":1,"CFrame":[0.03213287144899368,0.021463125944137574,-0.399855375289917,0.9997819662094116,-0.013035745359957219,0.016312306746840478,0.013029797933995724,0.9999150037765503,0.00047084636753425,-0.016317058354616166,-0.0002581976295914501,0.9998668432235718],"EasingStyle":"Linear","EasingDirection":"In"},"HumanoidRootPart":{"Weight":0,"CFrame":[0,0,0,1,0,0,0,1,0,0,0,1],"EasingStyle":"Linear","EasingDirection":"In"},"Left Arm":{"Weight":1,"CFrame":[0.15861326456069947,-0.0641334056854248,0.027370333671569825,0.8419952392578125,-0.5370509624481201,0.05118996277451515,0.5051217675209045,0.8181294202804565,0.2748023569583893,-0.18946291506290437,-0.20552517473697663,0.960137128829956],"EasingStyle":"Linear","EasingDirection":"In"}}},{"Time":0.1666666716337204,"poses":{"Left Leg":{"Weight":1,"CFrame":[-0.8446327447891235,0.5145043134689331,0.05128741264343262,0.9807859063148499,-0.18338903784751893,0.06653890013694763,0.18446333706378938,0.9827852249145508,-0.010325083509087563,-0.06349995732307434,0.02240069769322872,0.9977304935455322],"EasingStyle":"Linear","EasingDirection":"In"},"Right Arm":{"Weight":1,"CFrame":[0.7359626889228821,-0.32310399413108828,0.058820247650146487,-0.4899222254753113,-0.840757429599762,0.23044192790985108,0.5954212546348572,-0.1296403557062149,0.7928851842880249,-0.6367494463920593,0.5256619453430176,0.5641184449195862],"EasingStyle":"Linear","EasingDirection":"In"},"Head":{"Weight":1,"CFrame":[7.815833669155836e-8,-3.6088749766349794e-9,2.384185791015625e-7,0.9993244409561157,-0.008317957632243634,-0.03579852730035782,0.005766065325587988,0.997473418712616,-0.07080662250518799,0.03629704937338829,0.07055237889289856,0.9968475103378296],"EasingStyle":"Linear","EasingDirection":"In"},"Right Leg":{"Weight":1,"CFrame":[1.0668445825576783,0.27293843030929568,0.09746432304382324,0.8631318211555481,0.4889534115791321,-0.12620696425437928,-0.4920274615287781,0.8705456852912903,0.007698917295783758,0.11363337934017182,0.05545211583375931,0.9919740557670593],"EasingStyle":"Linear","EasingDirection":"In"},"Torso":{"Weight":1,"CFrame":[0.016554847359657289,0.06195487082004547,-0.3442039489746094,0.999942421913147,-0.006666142027825117,0.008422577753663063,0.006966716609895229,0.9993211627006531,-0.036176230758428577,-0.008175705559551716,0.03623282164335251,0.9993099570274353],"EasingStyle":"Linear","EasingDirection":"In"},"HumanoidRootPart":{"Weight":0,"CFrame":[0,0,0,1,0,0,0,1,0,0,0,1],"EasingStyle":"Linear","EasingDirection":"In"},"Left Arm":{"Weight":1,"CFrame":[0.10074099153280258,-0.10609081387519837,0.017211437225341798,0.9178698062896729,-0.38144680857658389,0.10960566252470017,0.33553144335746767,0.8933081030845642,0.29903048276901247,-0.21197587251663209,-0.23769502341747285,0.9479280114173889],"EasingStyle":"Linear","EasingDirection":"In"}}},{"Time":0.20000000298023225,"poses":{"Left Leg":{"Weight":1,"CFrame":[-0.9088985323905945,0.2789013981819153,0.07335901260375977,0.8823419213294983,-0.4612340033054352,0.0934668481349945,0.46295374631881716,0.8863748908042908,0.003666651900857687,-0.08453785628080368,0.04003557562828064,0.9956157207489014],"EasingStyle":"Linear","EasingDirection":"In"},"Right Arm":{"Weight":1,"CFrame":[0.738064706325531,-0.3296433091163635,-0.0012943744659423829,-0.4049794673919678,-0.8626216650009155,0.3031097948551178,0.7560842037200928,-0.12954199314117433,0.6415261030197144,-0.5141288042068481,0.4889812469482422,0.7046764492988586],"EasingStyle":"Linear","EasingDirection":"In"},"Head":{"Weight":1,"CFrame":[8.00216213292515e-8,-1.862645149230957e-8,-5.960464477539063e-7,0.9993152022361755,-0.00945864524692297,-0.03577251359820366,0.00960614439100027,0.999946117401123,0.003953661769628525,0.0357331857085228,-0.004294596146792173,0.9993521571159363],"EasingStyle":"Linear","EasingDirection":"In"},"Right Leg":{"Weight":1,"CFrame":[1.025979995727539,0.638014554977417,0.07570028305053711,0.9793367981910706,0.1797378659248352,-0.09270309656858444,-0.18239328265190125,0.9830026030540466,-0.020944034680724145,0.08736301958560944,0.03741961345076561,0.9954735040664673],"EasingStyle":"Linear","EasingDirection":"In"},"Torso":{"Weight":1,"CFrame":[2.8774804761155794e-9,0.11071495711803436,-0.33509302139282229,1,-2.960708567201209e-9,-8.382592397992994e-8,-1.30224298011683e-9,0.9987083673477173,-0.050809189677238467,8.386808048044259e-8,0.050809189677238467,0.9987083673477173],"EasingStyle":"Linear","EasingDirection":"In"},"HumanoidRootPart":{"Weight":0,"CFrame":[0,0,0,1,0,0,0,1,0,0,0,1],"EasingStyle":"Linear","EasingDirection":"In"},"Left Arm":{"Weight":1,"CFrame":[0.02699984237551689,-0.1232423186302185,0.02979755401611328,0.991274893283844,-0.12781816720962525,0.03219655156135559,0.11505769193172455,0.9582491517066956,0.2617640197277069,-0.06431054323911667,-0.2557756304740906,0.9645947813987732],"EasingStyle":"Linear","EasingDirection":"In"}}},{"Time":0.23333333432674409,"poses":{"Left Leg":{"Weight":1,"CFrame":[-0.8990381956100464,0.10649478435516358,0.09758114814758301,0.7626405954360962,-0.6353692412376404,0.12118355929851532,0.6377872824668884,0.7698773145675659,0.02272474579513073,-0.10773512721061707,0.059958554804325107,0.9923699498176575],"EasingStyle":"Linear","EasingDirection":"In"},"Right Arm":{"Weight":1,"CFrame":[0.738365113735199,-0.3323846459388733,-0.024272561073303224,-0.2737578749656677,-0.9137932062149048,0.3000645637512207,0.8629385828971863,-0.09558893740177155,0.4961853623390198,-0.4247279167175293,0.3947717845439911,0.8147155046463013],"EasingStyle":"Linear","EasingDirection":"In"},"Head":{"Weight":1,"CFrame":[8.038477972149849e-8,7.101334631443024e-9,1.1920928955078126e-7,0.9992376565933228,-0.012561727315187455,-0.03696441650390625,0.012893066741526127,0.9998787641525269,0.008739077486097813,0.03685015067458153,-0.009208996780216694,0.9992783665657044],"EasingStyle":"Linear","EasingDirection":"In"},"Right Leg":{"Weight":1,"CFrame":[0.7197425365447998,0.9043391346931458,0.059038400650024417,0.963118851184845,-0.2625463306903839,-0.058920424431562427,0.26016318798065188,0.964508593082428,-0.045147594064474109,0.06868265569210053,0.028153572231531144,0.9972412586212158],"EasingStyle":"Linear","EasingDirection":"In"},"Torso":{"Weight":1,"CFrame":[-0.01648598536849022,0.1666644960641861,-0.41641998291015627,0.9999423027038574,0.006777175236493349,-0.008336679078638554,-0.007074566092342138,0.999320387840271,-0.03617607057094574,0.008085841313004494,0.03623295947909355,0.9993106722831726],"EasingStyle":"Linear","EasingDirection":"In"},"HumanoidRootPart":{"Weight":0,"CFrame":[0,0,0,1,0,0,0,1,0,0,0,1],"EasingStyle":"Linear","EasingDirection":"In"},"Left Arm":{"Weight":1,"CFrame":[-0.06253833323717118,-0.15341788530349732,0.08028697967529297,0.9458193778991699,0.21396249532699586,-0.24422521889209748,-0.14775869250297547,0.9534044861793518,0.263034850358963,0.2891249358654022,-0.21269698441028596,0.933363139629364],"EasingStyle":"Linear","EasingDirection":"In"}}},{"Time":0.2666666805744171,"poses":{"Left Leg":{"Weight":1,"CFrame":[-0.9014226198196411,0.045848846435546878,0.1236720085144043,0.6744650602340698,-0.7238383293151856,0.1454480141401291,0.7270842790603638,0.6854144930839539,0.039438921958208087,-0.12823955714702607,0.07915277779102326,0.9885795712471008],"EasingStyle":"Linear","EasingDirection":"In"},"Right Arm":{"Weight":1,"CFrame":[0.6275303959846497,-0.3284435272216797,0.04598712921142578,0.012077403254806996,-0.9689988493919373,0.24676980078220368,0.9056417942047119,0.11521432548761368,0.4080915153026581,-0.4238716661930084,0.21855629980564118,0.8789573907852173],"EasingStyle":"Linear","EasingDirection":"In"},"Head":{"Weight":1,"CFrame":[8.66129994392395e-8,-1.82189978659153e-8,2.384185791015625e-7,0.9991157650947571,-0.015364138409495354,-0.03913659229874611,0.015784557908773423,0.9998208284378052,0.010456113144755364,0.03896893188357353,-0.0110646216198802,0.9991791844367981],"EasingStyle":"Linear","EasingDirection":"In"},"Right Leg":{"Weight":1,"CFrame":[0.4296184778213501,0.8652532696723938,0.057584285736083987,0.7582722902297974,-0.6513418555259705,-0.02787744626402855,0.6486266851425171,0.7580351233482361,-0.0683097392320633,0.0656251460313797,0.033715322613716128,0.9972745776176453],"EasingStyle":"Linear","EasingDirection":"In"},"Torso":{"Weight":1,"CFrame":[-0.03193143755197525,0.22641004621982575,-0.5289561748504639,0.9997819066047669,0.0133485933765769,-0.016060687601566316,-0.013342737220227719,0.9999108910560608,0.0004717344418168068,0.016065550968050958,-0.00025733798975124955,0.999871015548706],"EasingStyle":"Linear","EasingDirection":"In"},"HumanoidRootPart":{"Weight":0,"CFrame":[0,0,0,1,0,0,0,1,0,0,0,1],"EasingStyle":"Linear","EasingDirection":"In"},"Left Arm":{"Weight":1,"CFrame":[-0.16600985825061799,-0.23189246654510499,0.1782628297805786,0.6382300853729248,0.53806072473526,-0.550593376159668,-0.36721089482307436,0.841367244720459,0.3965568244457245,0.6766228675842285,-0.05091068148612976,0.7345676422119141],"EasingStyle":"Linear","EasingDirection":"In"}}},{"Time":0.30000001192092898,"poses":{"Left Leg":{"Weight":1,"CFrame":[-0.9312435388565064,0.05305171012878418,0.14854204654693604,0.6139374375343323,-0.772101640701294,0.16413411498069764,0.7761977314949036,0.6283154487609863,0.05231466889381409,-0.1435202807188034,0.09528260678052902,0.9850499033927918],"EasingStyle":"Linear","EasingDirection":"In"},"Right Arm":{"Weight":1,"CFrame":[0.3848235011100769,-0.3008555471897125,0.11624693870544434,0.4952222406864166,-0.8368526697158814,0.23330774903297425,0.764924943447113,0.5473314523696899,0.3395850956439972,-0.41187939047813418,0.010292800143361092,0.9111801981925964],"EasingStyle":"Linear","EasingDirection":"In"},"Head":{"Weight":1,"CFrame":[8.66129994392395e-8,1.885928213596344e-8,0,0.9990499019622803,-0.01658424735069275,-0.04030248150229454,0.017027415335178376,0.999798059463501,0.01067778654396534,0.04011724889278412,-0.011353882029652596,0.9991305470466614],"EasingStyle":"Linear","EasingDirection":"In"},"Right Leg":{"Weight":1,"CFrame":[0.3371405005455017,0.6414061784744263,0.05336892604827881,0.4920709431171417,-0.8705487847328186,-0.00334337679669261,0.8670238852500916,0.49041685461997988,-0.08809594064950943,0.07833153754472733,0.04045069217681885,0.9961063861846924],"EasingStyle":"Linear","EasingDirection":"In"},"Torso":{"Weight":1,"CFrame":[-0.04551487788558006,0.28356656432151797,-0.6440448760986328,0.9995560646057129,0.019145237281918527,-0.022833354771137239,-0.018028656020760537,0.9986777305603027,0.04814331606030464,0.023724881932139398,-0.04771028459072113,0.9985794425010681],"EasingStyle":"Linear","EasingDirection":"In"},"HumanoidRootPart":{"Weight":0,"CFrame":[0,0,0,1,0,0,0,1,0,0,0,1],"EasingStyle":"Linear","EasingDirection":"In"},"Left Arm":{"Weight":1,"CFrame":[-0.2798847258090973,-0.33519214391708376,0.2952624559402466,0.16187633574008943,0.7114295363426209,-0.6838597655296326,-0.4432061016559601,0.6715866923332214,0.593750536441803,0.881682813167572,0.20697668194770814,0.4240238666534424],"EasingStyle":"Linear","EasingDirection":"In"}}},{"Time":0.3333333432674408,"poses":{"Left Leg":{"Weight":1,"CFrame":[-0.960822582244873,0.05809909105300903,0.16999125480651856,0.5476505160331726,-0.8175317645072937,0.17810294032096864,0.8218371272087097,0.5655423998832703,0.0688885822892189,-0.1570434272289276,0.10864473134279251,0.9815975427627564],"EasingStyle":"Linear","EasingDirection":"In"},"Right Arm":{"Weight":1,"CFrame":[0.12775012850761414,-0.21700817346572877,0.10616350173950196,0.8621683120727539,-0.43773916363716128,0.2550491988658905,0.3816062808036804,0.8922508358955383,0.24138197302818299,-0.333230197429657,-0.11078362166881561,0.9363143444061279],"EasingStyle":"Linear","EasingDirection":"In"},"Head":{"Weight":1,"CFrame":[7.450580596923828e-8,2.584420144557953e-8,-5.960464477539063e-8,0.9997094869613648,-0.01185663603246212,-0.020989693701267244,0.011393388733267784,0.999691903591156,-0.022054074332118036,0.0212447177618742,0.02180851437151432,0.999536395072937],"EasingStyle":"Linear","EasingDirection":"In"},"Right Leg":{"Weight":1,"CFrame":[0.3408731520175934,0.39061635732650759,0.03039860725402832,0.2868492901325226,-0.9579249620437622,0.009864907711744309,0.9548115730285645,0.2850503921508789,-0.08414972573518753,0.07779718190431595,0.03355737403035164,0.9964042901992798],"EasingStyle":"Linear","EasingDirection":"In"},"Torso":{"Weight":1,"CFrame":[-0.05648753419518471,0.3327407240867615,-0.7525560855865479,0.9993194341659546,0.023531517013907434,-0.028406810015439988,-0.020714271813631059,0.9951955080032349,0.09569139033555985,0.030522089451551439,-0.09503782540559769,0.99500572681427],"EasingStyle":"Linear","EasingDirection":"In"},"HumanoidRootPart":{"Weight":0,"CFrame":[0,0,0,1,0,0,0,1,0,0,0,1],"EasingStyle":"Linear","EasingDirection":"In"},"Left Arm":{"Weight":1,"CFrame":[-0.4002165198326111,-0.4251564145088196,0.3933103084564209,-0.24236325919628144,0.7486813068389893,-0.6170382499694824,-0.3892946243286133,0.5075072050094605,0.7686912417411804,0.8886561393737793,0.42651230096817019,0.16845643520355225],"EasingStyle":"Linear","EasingDirection":"In"}}},{"Time":0.36666667461395266,"poses":{"Left Leg":{"Weight":1,"CFrame":[-0.9865880012512207,0.06927257776260376,0.18502914905548097,0.49280819296836855,-0.8498371839523315,0.18686069548130036,0.8536684513092041,0.5137847065925598,0.08529596030712128,-0.1684938222169876,0.11748248338699341,0.9786765575408936],"EasingStyle":"Linear","EasingDirection":"In"},"Right Arm":{"Weight":1,"CFrame":[-0.09494326263666153,-0.09402525424957276,0.08397948741912842,0.9653507471084595,-0.008435554802417755,0.26081955432891848,-0.033562250435352328,0.9871631264686585,0.156148761510849,-0.25878864526748659,-0.1594921201467514,0.9526755809783936],"EasingStyle":"Linear","EasingDirection":"In"},"Head":{"Weight":1,"CFrame":[8.102506399154663e-8,-5.122274160385132e-9,1.1920928955078126e-7,0.9998897314071655,-0.0011340779019519687,0.014805898070335389,0.002558433683589101,0.9953257441520691,-0.09654077142477036,-0.014627202413976193,0.09656800329685211,0.9952189922332764],"EasingStyle":"Linear","EasingDirection":"In"},"Right Leg":{"Weight":1,"CFrame":[0.3403913974761963,0.2199249267578125,0.010095953941345215,0.1879281997680664,-0.9820902943611145,0.013485286384820938,0.9808472990989685,0.18693919479846955,-0.0547030046582222,0.05120241269469261,0.02350723184645176,0.9984116554260254],"EasingStyle":"Linear","EasingDirection":"In"},"Torso":{"Weight":1,"CFrame":[-0.06385152786970139,0.3687790334224701,-0.8426742553710938,0.9991350769996643,0.026283813640475274,-0.03222178295254707,-0.021810315549373628,0.9909994602203369,0.13207796216011048,0.03540327772498131,-0.1312609761953354,0.990715503692627],"EasingStyle":"Linear","EasingDirection":"In"},"HumanoidRootPart":{"Weight":0,"CFrame":[0,0,0,1,0,0,0,1,0,0,0,1],"EasingStyle":"Linear","EasingDirection":"In"},"Left Arm":{"Weight":1,"CFrame":[-0.5230589509010315,-0.4636249542236328,0.43443191051483157,-0.46906712651252749,0.7614529132843018,-0.44739866256713869,-0.2855612635612488,0.3486081659793854,0.8927076458930969,0.8357217311859131,0.546499490737915,0.05392075702548027],"EasingStyle":"Linear","EasingDirection":"In"}}},{"Time":0.4000000059604645,"poses":{"Left Leg":{"Weight":1,"CFrame":[-1.0007332563400269,0.08237999677658081,0.1907593011856079,0.4694998562335968,-0.8622267246246338,0.19009239971637727,0.8655601143836975,0.4919666349887848,0.09367277473211289,-0.17428632080554963,0.12055704742670059,0.977287232875824],"EasingStyle":"Linear","EasingDirection":"In"},"Right Arm":{"Weight":1,"CFrame":[-0.25170060992240908,0.017133474349975587,0.06179547309875488,0.9216648936271668,0.29724568128585818,0.24935711920261384,-0.3293810784816742,0.9390978217124939,0.09799693524837494,-0.20504160225391389,-0.1724538803100586,0.9634405970573425],"EasingStyle":"Linear","EasingDirection":"In"},"Head":{"Weight":1,"CFrame":[8.824281394481659e-8,-5.3318217396736148e-8,-5.960464477539063e-7,0.9993804693222046,0.006883359979838133,0.034515537321567538,-0.0006982645718380809,0.9843732714653015,-0.17609351873397828,-0.03518829122185707,0.17596031725406648,0.9837681651115418],"EasingStyle":"Linear","EasingDirection":"In"},"Right Leg":{"Weight":1,"CFrame":[0.31307706236839297,0.032009780406951907,-0.0001271963119506836,0.12268738448619843,-0.9923659563064575,0.012554853223264218,0.992076575756073,0.12228705734014511,-0.0288093239068985,0.027054153382778169,0.015989892184734346,0.9995061159133911],"EasingStyle":"Linear","EasingDirection":"In"},"Torso":{"Weight":1,"CFrame":[-0.06654803454875946,0.3844715356826782,-0.8876473903656006,0.9990628957748413,0.027233796194195749,-0.033642832189798358,-0.02202272042632103,0.988955557346344,0.1465671956539154,0.037262845784425738,-0.14568890631198884,0.9886285662651062],"EasingStyle":"Linear","EasingDirection":"In"},"HumanoidRootPart":{"Weight":0,"CFrame":[0,0,0,1,0,0,0,1,0,0,0,1],"EasingStyle":"Linear","EasingDirection":"In"},"Left Arm":{"Weight":1,"CFrame":[-0.6370074152946472,-0.38482311367988589,0.403670072555542,-0.5357143878936768,0.8117345571517944,-0.23258793354034425,-0.16381672024726869,0.1703042834997177,0.9716792702674866,0.8283563852310181,0.5586443543434143,0.04174116998910904],"EasingStyle":"Linear","EasingDirection":"In"}}},{"Time":0.4333333373069763,"poses":{"Left Leg":{"Weight":1,"CFrame":[-1.0029124021530152,0.06699800491333008,0.18670356273651124,0.48454198241233828,-0.8543581366539002,0.1878599375486374,0.857964277267456,0.5060366988182068,0.08845338970422745,-0.17063499987125398,0.11831769347190857,0.9782047867774963],"EasingStyle":"Linear","EasingDirection":"In"},"Right Arm":{"Weight":1,"CFrame":[-0.3109656274318695,0.06551116704940796,0.0517120361328125,0.8466565608978272,0.48395028710365298,0.22128048539161683,-0.5091107487678528,0.8576686978340149,0.07218371331691742,-0.15485204756259919,-0.1737712025642395,0.9725350737571716],"EasingStyle":"Linear","EasingDirection":"In"},"Head":{"Weight":1,"CFrame":[9.220093488693237e-8,-7.427297532558441e-8,0,0.9993360638618469,0.008362551219761372,0.03546222299337387,0.00006834598025307059,0.9728719592094421,-0.23134459555149079,-0.0364348329603672,0.231193408370018,0.9722253084182739],"EasingStyle":"Linear","EasingDirection":"In"},"Right Leg":{"Weight":1,"CFrame":[0.285359650850296,0.03571277856826782,-0.000011563301086425782,0.22949479520320893,-0.9732857942581177,0.006851540878415108,0.9732164144515991,0.22936934232711793,-0.015481933020055294,0.013496887870132923,0.010220996104180813,0.9998567700386047],"EasingStyle":"Linear","EasingDirection":"In"},"Torso":{"Weight":1,"CFrame":[-0.063927561044693,0.37472033500671389,-0.8538658618927002,0.9991347193717957,0.026180457323789598,-0.032316818833351138,-0.021695341914892198,0.991002082824707,0.13207711279392243,0.03548387065529823,-0.13126172125339509,0.9907125234603882],"EasingStyle":"Linear","EasingDirection":"In"},"HumanoidRootPart":{"Weight":0,"CFrame":[0,0,0,1,0,0,0,1,0,0,0,1],"EasingStyle":"Linear","EasingDirection":"In"},"Left Arm":{"Weight":1,"CFrame":[-0.7008265256881714,-0.30602025985717776,0.32968056201934817,-0.5212856531143189,0.8490313291549683,-0.08606494218111038,-0.12798140943050385,0.02193251997232437,0.9915340542793274,0.8437310457229614,0.5278871059417725,0.09722704440355301],"EasingStyle":"Linear","EasingDirection":"In"}}},{"Time":0.46666666865348818,"poses":{"Left Leg":{"Weight":1,"CFrame":[-0.9829328060150147,0.02650284767150879,0.1682276725769043,0.5485802292823792,-0.8166319727897644,0.17936556041240693,0.820665717124939,0.5669456124305725,0.07127822190523148,-0.15989859402179719,0.10809729993343353,0.981196939945221],"EasingStyle":"Linear","EasingDirection":"In"},"Right Arm":{"Weight":1,"CFrame":[-0.29146963357925417,0.061264097690582278,0.05405402183532715,0.7898514270782471,0.5885421633720398,0.17249004542827607,-0.6075587272644043,0.7892629504203796,0.08908621966838837,-0.0837090015411377,-0.17516285181045533,0.9809744358062744],"EasingStyle":"Linear","EasingDirection":"In"},"Head":{"Weight":1,"CFrame":[8.66129994392395e-8,-3.632158041000366e-8,2.384185791015625e-7,0.9993191361427307,0.009027641266584397,0.03577578440308571,0.0006212006555870175,0.9653525948524475,-0.2609485387802124,-0.03689199313521385,0.2607930600643158,0.9646896719932556],"EasingStyle":"Linear","EasingDirection":"In"},"Right Leg":{"Weight":1,"CFrame":[0.2940634787082672,0.14215916395187379,0.0016510486602783204,0.440802663564682,-0.8975955843925476,-0.0038984385319054128,0.897495687007904,0.4408126771450043,-0.01362662110477686,0.013949716463685036,0.0025078165344893934,0.9998995661735535],"EasingStyle":"Linear","EasingDirection":"In"},"Torso":{"Weight":1,"CFrame":[-0.05670057237148285,0.3451332449913025,-0.725372314453125,0.9993188381195068,0.02323109284043312,-0.02867310494184494,-0.02038981020450592,0.9952024817466736,0.09568948298692703,0.030758513137698175,-0.09503968060016632,0.9949981570243836],"EasingStyle":"Linear","EasingDirection":"In"},"HumanoidRootPart":{"Weight":0,"CFrame":[0,0,0,1,0,0,0,1,0,0,0,1],"EasingStyle":"Linear","EasingDirection":"In"},"Left Arm":{"Weight":1,"CFrame":[-0.7191453576087952,-0.3087620735168457,0.23753774166107179,-0.5196300148963928,0.8511897325515747,-0.07389600574970246,-0.23459570109844209,-0.05897819250822067,0.9703022837638855,0.821553111076355,0.5215339660644531,0.23033221065998078],"EasingStyle":"Linear","EasingDirection":"In"}}},{"Time":0.5,"poses":{"Left Leg":{"Weight":1,"CFrame":[-0.9141234755516052,-0.006684064865112305,0.133386492729187,0.6575095057487488,-0.7349727749824524,0.16581980884075166,0.738354504108429,0.6723697185516357,0.05245606228709221,-0.15004600584506989,0.08794353902339935,0.9847599267959595],"EasingStyle":"Linear","EasingDirection":"In"},"Right Arm":{"Weight":1,"CFrame":[-0.2498473823070526,0.039310455322265628,0.05639612674713135,0.7661360502243042,0.6337733864784241,0.10661636292934418,-0.6425834894180298,0.7525551915168762,0.14403823018074037,0.011052846908569336,-0.17886294424533845,0.9838119745254517],"EasingStyle":"Linear","EasingDirection":"In"},"Head":{"Weight":1,"CFrame":[9.96515154838562e-8,3.527384251356125e-8,0,0.9993152618408203,0.009458540007472039,0.03577268868684769,0.0005446616560220718,0.96291184425354,-0.269815593957901,-0.03699800744652748,0.26965028047561648,0.9622473120689392],"EasingStyle":"Linear","EasingDirection":"In"},"Right Leg":{"Weight":1,"CFrame":[0.328188419342041,0.2248380184173584,0.005710124969482422,0.6440684199333191,-0.7647214531898499,-0.019413990899920465,0.7645047903060913,0.6443541049957275,-0.018443558365106584,0.02661370113492012,-0.002963224658742547,0.999641478061676],"EasingStyle":"Linear","EasingDirection":"In"},"Torso":{"Weight":1,"CFrame":[-0.04579480364918709,0.2859461307525635,-0.5299601554870606,0.999555766582489,0.018731044605374337,-0.023183267563581468,-0.017598163336515428,0.9986855983734131,0.0481414794921875,0.02405453287065029,-0.047712117433547977,0.9985714554786682],"EasingStyle":"Linear","EasingDirection":"In"},"HumanoidRootPart":{"Weight":0,"CFrame":[0,0,0,1,0,0,0,1,0,0,0,1],"EasingStyle":"Linear","EasingDirection":"In"},"Left Arm":{"Weight":1,"CFrame":[-0.7302568554878235,-0.3153005540370941,0.14284110069274903,-0.5220108032226563,0.8421106934547424,-0.13547807931900025,-0.4062221050262451,-0.10579175502061844,0.9076297879219055,0.7499922513961792,0.5288267135620117,0.3973083794116974],"EasingStyle":"Linear","EasingDirection":"In"}}},{"Time":0.5333333611488342,"poses":{"Left Leg":{"Weight":1,"CFrame":[-0.9271551966667175,0.04074817895889282,0.10772526264190674,0.7544119358062744,-0.6392638683319092,0.1490119993686676,0.6419968008995056,0.7658894658088684,0.035403117537498477,-0.1367587298154831,0.06895671039819718,0.9882014393806458],"EasingStyle":"Linear","EasingDirection":"In"},"Right Arm":{"Weight":1,"CFrame":[-0.20604684948921204,-0.008059471845626831,0.04623699188232422,0.7849750518798828,0.6188978552818298,0.0279268529266119,-0.6093294024467468,0.7631232738494873,0.21531476080417634,0.11194618791341782,-0.1860334277153015,0.9761452674865723],"EasingStyle":"Linear","EasingDirection":"In"},"Head":{"Weight":1,"CFrame":[8.800998330116272e-8,-7.043126970529556e-9,2.384185791015625e-7,0.9993177056312561,0.009063612669706345,0.03580564260482788,-0.0016617700457572938,0.9794750213623047,-0.2015589475631714,-0.036897581070661548,0.20136195421218873,0.9788217544555664],"EasingStyle":"Linear","EasingDirection":"In"},"Right Leg":{"Weight":1,"CFrame":[0.4529317617416382,0.4099923372268677,0.019940614700317384,0.8497745990753174,-0.5257325768470764,-0.03858074173331261,0.5251371264457703,0.8506492972373962,-0.025035832077264787,0.04598090425133705,0.0010146367130801082,0.9989418983459473],"EasingStyle":"Linear","EasingDirection":"In"},"Torso":{"Weight":1,"CFrame":[-0.03213287144899368,0.1977919638156891,-0.3964958190917969,0.9997819662094116,0.013035745359957219,-0.016312481835484506,-0.013029797933995724,0.9999150037765503,0.00047084863763302565,0.016317233443260194,-0.0002581976295914501,0.9998668432235718],"EasingStyle":"Linear","EasingDirection":"In"},"HumanoidRootPart":{"Weight":0,"CFrame":[0,0,0,1,0,0,0,1,0,0,0,1],"EasingStyle":"Linear","EasingDirection":"In"},"Left Arm":{"Weight":1,"CFrame":[-0.7359626889228821,-0.32310453057289126,0.058820128440856937,-0.4899222254753113,0.8407572507858276,-0.23044194281101228,-0.5954212546348572,-0.12964054942131043,0.7928851842880249,0.6367493867874146,0.5256621241569519,0.5641183853149414],"EasingStyle":"Linear","EasingDirection":"In"}}},{"Time":0.5666666626930237,"poses":{"Left Leg":{"Weight":1,"CFrame":[-1.070259690284729,0.21000850200653077,0.09796321392059326,0.828811526298523,-0.544846773147583,0.12733201682567597,0.5474933981895447,0.8366509079933167,0.016316505149006845,-0.11542248725891113,0.05619014427065849,0.9917259812355042],"EasingStyle":"Linear","EasingDirection":"In"},"Right Arm":{"Weight":1,"CFrame":[-0.15861326456069947,-0.06413334608078003,0.027370452880859376,0.8419951796531677,0.5370510220527649,-0.05118987336754799,-0.5051217079162598,0.818129301071167,0.2748025059700012,0.18946285545825959,-0.20552538335323335,0.9601370692253113],"EasingStyle":"Linear","EasingDirection":"In"},"Head":{"Weight":1,"CFrame":[9.583891369402409e-8,-5.471520125865936e-9,3.5762786865234377e-7,0.9993244409561157,0.00831784401088953,0.035798702389001849,-0.005765938200056553,0.997473418712616,-0.07080662250518799,-0.03629721328616142,0.07055237889289856,0.9968474507331848],"EasingStyle":"Linear","EasingDirection":"In"},"Right Leg":{"Weight":1,"CFrame":[0.6274804472923279,0.5532636642456055,0.0435866117477417,0.9801447987556458,-0.18829551339149476,-0.06213711202144623,0.1869872659444809,0.982010543346405,-0.026288069784641267,0.06596928834915161,0.014147242531180382,0.9977214336395264],"EasingStyle":"Linear","EasingDirection":"In"},"Torso":{"Weight":1,"CFrame":[-0.016554847359657289,0.092373326420784,-0.34142017364501955,0.999942421913147,0.006666142027825117,-0.00842275284230709,-0.006966723129153252,0.9993211627006531,-0.036176230758428577,0.008175880648195744,0.03623282164335251,0.9993099570274353],"EasingStyle":"Linear","EasingDirection":"In"},"HumanoidRootPart":{"Weight":0,"CFrame":[0,0,0,1,0,0,0,1,0,0,0,1],"EasingStyle":"Linear","EasingDirection":"In"},"Left Arm":{"Weight":1,"CFrame":[-0.7380648851394653,-0.3296425938606262,-0.0012943148612976075,-0.4049794673919678,0.8626216053962708,-0.3031098246574402,-0.7560842633247376,-0.12954218685626985,0.6415259838104248,0.5141286253929138,0.4889812767505646,0.7046765089035034],"EasingStyle":"Linear","EasingDirection":"In"}}},{"Time":0.6000000238418579,"poses":{"Left Leg":{"Weight":1,"CFrame":[-1.115844488143921,0.5595858097076416,0.08006644248962403,0.9361588358879089,-0.33743566274642947,0.09871077537536621,0.3397349417209625,0.9404953718185425,-0.006981697399169207,-0.09048117697238922,0.0400715209543705,0.9950917363166809],"EasingStyle":"Linear","EasingDirection":"In"},"Right Arm":{"Weight":1,"CFrame":[-0.10074096918106079,-0.10609123110771179,0.017211318016052247,0.9178698658943176,0.3814469575881958,-0.10960570722818375,-0.3355313539505005,0.8933081030845642,0.2990306317806244,0.21197596192359925,-0.23769518733024598,0.9479278922080994],"EasingStyle":"Linear","EasingDirection":"In"},"Head":{"Weight":1,"CFrame":[9.482388207970871e-8,-1.862645149230957e-8,-5.960464477539063e-7,0.9993152022361755,0.009458517655730248,0.03577268496155739,-0.009606017731130124,0.999946117401123,0.003953661769628525,-0.035733360797166827,-0.004294590558856726,0.9993521571159363],"EasingStyle":"Linear","EasingDirection":"In"},"Right Leg":{"Weight":1,"CFrame":[0.7959504127502441,0.5075739622116089,0.06989455223083496,0.9813059568405151,0.16999109089374543,-0.090231753885746,-0.17221489548683167,0.9849057197570801,-0.017402417957782747,0.0859115943312645,0.03261632099747658,0.9957687854766846],"EasingStyle":"Linear","EasingDirection":"In"},"Torso":{"Weight":1,"CFrame":[-2.8774804761155794e-9,0.019723758101463319,-0.33509302139282229,1,2.960708567201209e-9,-9.101962916702178e-8,-7.58151852409128e-9,0.9987083673477173,-0.050809189677238467,9.075163376337514e-8,0.050809189677238467,0.9987083673477173],"EasingStyle":"Linear","EasingDirection":"In"},"HumanoidRootPart":{"Weight":0,"CFrame":[0,0,0,1,0,0,0,1,0,0,0,1],"EasingStyle":"Linear","EasingDirection":"In"},"Left Arm":{"Weight":1,"CFrame":[-0.7383651733398438,-0.33238518238067629,-0.024272561073303224,-0.27375778555870058,0.9137932062149048,-0.3000645637512207,-0.862938642501831,-0.09558911621570587,0.49618515372276308,0.4247277081012726,0.3947718143463135,0.8147156238555908],"EasingStyle":"Linear","EasingDirection":"In"}}},{"Time":0.6333333253860474,"poses":{"Left Leg":{"Weight":1,"CFrame":[-0.8305095434188843,0.8957578539848328,0.058585166931152347,0.9926401972770691,0.1017283946275711,0.06570132821798325,-0.09968280047178269,0.9944483041763306,-0.03370525687932968,-0.06876537203788758,0.026907911524176599,0.9972699284553528],"EasingStyle":"Linear","EasingDirection":"In"},"Right Arm":{"Weight":1,"CFrame":[-0.02699986658990383,-0.12324178218841553,0.029797673225402833,0.9912749528884888,0.1278182715177536,-0.032196540385484698,-0.11505764722824097,0.958249032497406,0.2617640495300293,0.06431049108505249,-0.2557757496833801,0.9645947813987732],"EasingStyle":"Linear","EasingDirection":"In"},"Head":{"Weight":1,"CFrame":[9.300129022449255e-8,-7.799826562404633e-9,-5.960464477539063e-8,0.9992