{"Sequence":[{"Time":0,"poses":{"Left Leg":{"Weight":1,"CFrame":[0.0008955828379839659,0.01010817289352417,0.006404757499694824,0.9861992001533508,0.039975740015506747,0.1606644243001938,-0.04102585092186928,0.9991529583930969,0.0032225328031927349,-0.16039952635765077,-0.009769472293555737,0.9870038628578186],"EasingStyle":"Linear","EasingDirection":"In"},"Right Arm":{"Weight":1,"CFrame":[-0.13592834770679475,0.03396087884902954,0.6175106763839722,-0.05493370443582535,-0.4057793915271759,0.9123187065124512,0.9517428278923035,0.2550201416015625,0.17073488235473634,-0.30194029211997988,0.8776717782020569,0.3721883296966553],"EasingStyle":"Linear","EasingDirection":"In"},"Left Arm":{"Weight":1,"CFrame":[0.10770212113857269,0.005311369895935059,0.631132960319519,-0.0847567543387413,0.3400310277938843,-0.9365870356559753,-0.9703606367111206,0.18532514572143556,0.15509606897830964,0.22631065547466279,0.9219726324081421,0.3142450451850891],"EasingStyle":"Linear","EasingDirection":"In"},"Head":{"Weight":1,"CFrame":[9.298992154072039e-8,-2.251545083709061e-8,-2.980232238769531e-7,0.9983149766921997,-0.037286315113306048,0.04446431249380112,0.0499645471572876,0.9419984817504883,-0.3318772315979004,-0.02951083704829216,0.3335396349430084,0.9422740936279297],"EasingStyle":"Linear","EasingDirection":"In"},"Torso":{"Weight":1,"CFrame":[0.012099053710699082,-0.0639306902885437,-0.0026502609252929689,0.9998849034309387,0.0012258437927812338,0.015123733319342137,-0.000013336574738787022,0.9968017935752869,-0.07991337031126023,-0.015173323452472687,0.0799039676785469,0.9966871738433838],"EasingStyle":"Linear","EasingDirection":"In"},"HumanoidRootPart":{"Weight":0,"CFrame":[0,0,0,1,0,0,0,1,0,0,0,1],"EasingStyle":"Linear","EasingDirection":"In"},"Right Leg":{"Weight":1,"CFrame":[0.35431772470474245,-0.1487889289855957,-0.007438004016876221,0.7679569125175476,0.6403465867042542,0.014088601805269719,-0.6401278376579285,0.7680745124816895,-0.017263367772102357,-0.02187553606927395,0.0042389812879264359,0.9997517466545105],"EasingStyle":"Linear","EasingDirection":"In"}}},{"Time":0.03333333507180214,"poses":{"Left Leg":{"Weight":1,"CFrame":[-0.1665797233581543,0.0455937385559082,0.03338766098022461,0.9850192666053772,-0.05922634154558182,0.16195501387119294,0.05751398205757141,0.9982283711433411,0.015245136804878712,-0.1625710427761078,-0.005702064372599125,0.9866803884506226],"EasingStyle":"Linear","EasingDirection":"In"},"Right Arm":{"Weight":1,"CFrame":[-0.1351374387741089,0.01596921682357788,0.6318173408508301,-0.054785702377557757,-0.40582984685897829,0.9123051166534424,0.9517479538917542,0.25507640838623049,0.17062243819236756,-0.3019510805606842,0.8776320815086365,0.37227311730384829],"EasingStyle":"Linear","EasingDirection":"In"},"Left Arm":{"Weight":1,"CFrame":[0.10428893566131592,-0.01017037034034729,0.6318658590316773,-0.08534073829650879,0.34179243445396426,-0.9358925819396973,-0.9653671383857727,0.20406509935855866,0.16255396604537965,0.2465427815914154,0.9173523783683777,0.3125399649143219],"EasingStyle":"Linear","EasingDirection":"In"},"Head":{"Weight":1,"CFrame":[8.208371582441032e-8,6.662048690486699e-9,1.1920928955078126e-7,0.9990769624710083,-0.024155518040060998,0.03552308306097984,0.03447605296969414,0.9441933035850525,-0.3275829255580902,-0.02562771923840046,0.328505277633667,0.9441544413566589],"EasingStyle":"Linear","EasingDirection":"In"},"Torso":{"Weight":1,"CFrame":[-0.003560192883014679,-0.07482479512691498,-0.03428769111633301,0.999917209148407,0.001276330673135817,0.012811926193535328,-0.0000724294368410483,0.9956163763999939,-0.09353099018335343,-0.012875142507255078,0.09352231025695801,0.9955339431762695],"EasingStyle":"Linear","EasingDirection":"In"},"HumanoidRootPart":{"Weight":0,"CFrame":[0,0,0,1,0,0,0,1,0,0,0,1],"EasingStyle":"Linear","EasingDirection":"In"},"Right Leg":{"Weight":1,"CFrame":[0.42834773659706118,-0.16068923473358155,-0.0357365608215332,0.753289520740509,0.6530593633651733,0.07789910584688187,-0.6534145474433899,0.7566075325012207,-0.02438122220337391,-0.07486135512590409,-0.03253431245684624,0.9966630935668945],"EasingStyle":"Linear","EasingDirection":"In"}}},{"Time":0.06666667014360428,"poses":{"Left Leg":{"Weight":1,"CFrame":[-0.3358752429485321,0.10195237398147583,0.0605771541595459,0.972877025604248,-0.16149857640266419,0.16561590135097505,0.15873807668685914,0.9868691563606262,0.02986021712422371,-0.16826364398002625,-0.002760798903182149,0.9857381582260132],"EasingStyle":"Linear","EasingDirection":"In"},"Right Arm":{"Weight":1,"CFrame":[-0.13299410045146943,-0.020134806632995607,0.6404954195022583,-0.05435258522629738,-0.4059216380119324,0.9122902750968933,0.9518339037895203,0.2550445795059204,0.1701899915933609,-0.30175837874412539,0.8775989413261414,0.3725074827671051],"EasingStyle":"Linear","EasingDirection":"In"},"Left Arm":{"Weight":1,"CFrame":[0.09677324444055557,-0.044231027364730838,0.634922981262207,-0.08597740530967713,0.34377551078796389,-0.9351077079772949,-0.9604876041412354,0.22077566385269166,0.16947515308856965,0.2647104859352112,0.9127302765846252,0.3112103044986725],"EasingStyle":"Linear","EasingDirection":"In"},"Head":{"Weight":1,"CFrame":[8.709298526810017e-8,-5.2676568884635347e-8,-2.384185791015625e-7,0.9997390508651733,-0.01279197447001934,0.018930183723568918,0.018110891804099084,0.9488145709037781,-0.3153141736984253,-0.01392773911356926,0.3155747056007385,0.9487985968589783],"EasingStyle":"Linear","EasingDirection":"In"},"Torso":{"Weight":1,"CFrame":[-0.017995595932006837,-0.08629724383354187,-0.10301804542541504,0.9999213814735413,0.0013586572604253889,0.01247295830398798,-0.000005252145001577446,0.9941649436950684,-0.10787159204483032,-0.012546737678349018,0.10786303132772446,0.9940866827964783],"EasingStyle":"Linear","EasingDirection":"In"},"HumanoidRootPart":{"Weight":0,"CFrame":[0,0,0,1,0,0,0,1,0,0,0,1],"EasingStyle":"Linear","EasingDirection":"In"},"Right Leg":{"Weight":1,"CFrame":[0.5109453201293945,-0.15848267078399659,-0.054428279399871829,0.7246387004852295,0.6792540550231934,0.11624456197023392,-0.6848703622817993,0.7285650968551636,0.01206730492413044,-0.07649488747119904,-0.08835690468549729,0.9931473135948181],"EasingStyle":"Linear","EasingDirection":"In"}}},{"Time":0.10000000149011612,"poses":{"Left Leg":{"Weight":1,"CFrame":[-0.44299015402793887,0.1524522304534912,0.07882249355316162,0.957491934299469,-0.23148620128631593,0.1721145212650299,0.22739778459072114,0.97283536195755,0.04338018223643303,-0.1774810254573822,-0.00239766389131546,0.9841213822364807],"EasingStyle":"Linear","EasingDirection":"In"},"Right Arm":{"Weight":1,"CFrame":[-0.1298425793647766,-0.06164887547492981,0.644951581954956,-0.05365031212568283,-0.40596672892570498,0.9123117923736572,0.9521061778068543,0.25462377071380618,0.16929465532302857,-0.3010242283344269,0.8777002692222595,0.3728627860546112],"EasingStyle":"Linear","EasingDirection":"In"},"Left Arm":{"Weight":1,"CFrame":[0.08924135565757752,-0.07829135656356812,0.6415938138961792,-0.08647898584604263,0.34539681673049929,-0.9344637989997864,-0.9567391872406006,0.23275500535964967,0.17457149922847749,0.2777976095676422,0.9091348648071289,0.3103262186050415],"EasingStyle":"Linear","EasingDirection":"In"},"Head":{"Weight":1,"CFrame":[7.963717507664114e-8,-1.889020495582372e-8,-2.384185791015625e-7,0.999984860420227,-0.004616760648787022,0.0030001879204064609,0.005300045479089022,0.9547560214996338,-0.29734310507774355,-0.0014916853979229928,0.2973545491695404,0.9547659754753113],"EasingStyle":"Linear","EasingDirection":"In"},"Torso":{"Weight":1,"CFrame":[-0.029310554265975953,-0.09536159038543701,-0.17162322998046876,0.9999253749847412,0.0014179591089487076,0.012136143632233143,0.00003880678559653461,0.992870032787323,-0.11920201033353806,-0.012218637391924858,0.11919358372688294,0.9927958250045776],"EasingStyle":"Linear","EasingDirection":"In"},"HumanoidRootPart":{"Weight":0,"CFrame":[0,0,0,1,0,0,0,1,0,0,0,1],"EasingStyle":"Linear","EasingDirection":"In"},"Right Leg":{"Weight":1,"CFrame":[0.5597914457321167,-0.14392304420471192,-0.06057178974151611,0.7066331505775452,0.6950419545173645,0.13261331617832185,-0.7057780623435974,0.7057114243507385,0.062038786709308627,-0.050467099994421008,-0.13743425905704499,0.9892244338989258],"EasingStyle":"Linear","EasingDirection":"In"}}},{"Time":0.13333334028720857,"poses":{"Left Leg":{"Weight":1,"CFrame":[-0.4783799946308136,0.17054498195648194,0.08846664428710938,0.9473839998245239,-0.2640245258808136,0.18098227679729463,0.25917869806289675,0.9645156264305115,0.05035873129963875,-0.18785622715950013,-0.0008023133268579841,0.9821963310241699],"EasingStyle":"Linear","EasingDirection":"In"},"Right Arm":{"Weight":1,"CFrame":[-0.1260271817445755,-0.09587183594703675,0.6465932130813599,-0.05269511416554451,-0.4058758020401001,0.9124078750610352,0.9526680111885071,0.2535136342048645,0.16779325902462007,-0.29941093921661379,0.8780636191368103,0.37330588698387148],"EasingStyle":"Linear","EasingDirection":"In"},"Left Arm":{"Weight":1,"CFrame":[0.0857793390750885,-0.09377345442771912,0.6531662940979004,-0.08668225258588791,0.3460678458213806,-0.9341966509819031,-0.9552471041679382,0.23734062910079957,0.1765570044517517,0.2828235626220703,0.9076929688453674,0.3100069761276245],"EasingStyle":"Linear","EasingDirection":"In"},"Head":{"Weight":1,"CFrame":[8.607457857578993e-8,3.666355041787028e-8,0,0.9999905824661255,-0.001393587444908917,-0.00410577142611146,0.000204883748665452,0.9610694646835327,-0.27630671858787539,0.004330990370362997,0.2763032913208008,0.9610607624053955],"EasingStyle":"Linear","EasingDirection":"In"},"Torso":{"Weight":1,"CFrame":[-0.03560648113489151,-0.0990443229675293,-0.20276832580566407,0.9999508261680603,0.0013584265252575279,0.00983329489827156,-0.0001305667101405561,0.9923065304756165,-0.12380541861057282,-0.009925824590027333,0.12379803508520127,0.9922577738761902],"EasingStyle":"Linear","EasingDirection":"In"},"HumanoidRootPart":{"Weight":0,"CFrame":[0,0,0,1,0,0,0,1,0,0,0,1],"EasingStyle":"Linear","EasingDirection":"In"},"Right Leg":{"Weight":1,"CFrame":[0.5610164403915405,-0.1292276382446289,-0.058515071868896487,0.7101197242736816,0.6909530758857727,0.1353282928466797,-0.7032769322395325,0.7052666544914246,0.08944625407457352,-0.03363931179046631,-0.15869086980819703,0.9867551922798157],"EasingStyle":"Linear","EasingDirection":"In"}}},{"Time":0.1666666716337204,"poses":{"Left Leg":{"Weight":1,"CFrame":[-0.41728371381759646,0.14634960889816285,0.10946571826934815,0.9373006224632263,-0.2570306658744812,0.23537804186344148,0.25381937623023989,0.9662328958511353,0.04438149183988571,-0.23883746564388276,0.018144715577363969,0.9708901047706604],"EasingStyle":"Linear","EasingDirection":"In"},"Right Arm":{"Weight":1,"CFrame":[-0.12189190834760666,-0.11010164022445679,0.6468278169631958,-0.05150284990668297,-0.4055621027946472,0.9126154780387878,0.9536184072494507,0.2514111399650574,0.16554270684719087,-0.296579509973526,0.8788127899169922,0.3738030195236206],"EasingStyle":"Linear","EasingDirection":"In"},"Left Arm":{"Weight":1,"CFrame":[0.08572438359260559,-0.08857738971710205,0.67023766040802,-0.08648821711540222,0.3462352156639099,-0.9341526031494141,-0.9559332728385925,0.23521533608436585,0.17568528652191163,0.28055548667907717,0.9081822037696838,0.3106343746185303],"EasingStyle":"Linear","EasingDirection":"In"},"Head":{"Weight":1,"CFrame":[8.731149137020111e-8,-5.3463736549019816e-8,2.384185791015625e-7,0.9999616742134094,-0.008535663597285748,-0.0019571040757000448,0.007755324710160494,0.966964602470398,-0.25479307770729067,0.004067277070134878,0.2547681927680969,0.9669936895370483],"EasingStyle":"Linear","EasingDirection":"In"},"Torso":{"Weight":1,"CFrame":[-0.04086046293377876,-0.09904277324676514,-0.1837320327758789,0.999934732913971,0.011189076118171215,0.002349099377170205,-0.010812217369675637,0.9922479391098023,-0.1238035187125206,-0.003716135863214731,0.12377004325389862,0.9923039674758911],"EasingStyle":"Linear","EasingDirection":"In"},"HumanoidRootPart":{"Weight":0,"CFrame":[0,0,0,1,0,0,0,1,0,0,0,1],"EasingStyle":"Linear","EasingDirection":"In"},"Right Leg":{"Weight":1,"CFrame":[0.6150475144386292,-0.07384228706359863,-0.037911951541900638,0.7480913996696472,0.6583520174026489,0.08325718343257904,-0.6634307503700256,0.7391977310180664,0.11595920473337174,0.014798533171415329,-0.14198344945907594,0.9897584915161133],"EasingStyle":"Linear","EasingDirection":"In"}}},{"Time":0.20000000298023225,"poses":{"Left Leg":{"Weight":1,"CFrame":[-0.27047285437583926,0.10031461715698242,0.12960195541381837,0.9126510620117188,-0.21817739307880402,0.3456394374370575,0.2217281460762024,0.9746543169021606,0.029762372374534608,-0.34337255358695986,0.04947531968355179,0.9378953576087952],"EasingStyle":"Linear","EasingDirection":"In"},"Right Arm":{"Weight":1,"CFrame":[-0.11772041767835617,-0.10483461618423462,0.6467529535293579,-0.05085645988583565,-0.4048064649105072,0.9129871129989624,0.956533670425415,0.24310411512851716,0.16107121109962464,-0.2871535122394562,0.8814943432807922,0.3748474717140198],"EasingStyle":"Linear","EasingDirection":"In"},"Left Arm":{"Weight":1,"CFrame":[0.08568763732910156,-0.07548925280570984,0.6906334161758423,-0.08605722337961197,0.34659287333488467,-0.934059739112854,-0.957741916179657,0.22948920726776124,0.17339356243610383,0.27445366978645327,0.9095098376274109,0.31219717860221865],"EasingStyle":"Linear","EasingDirection":"In"},"Head":{"Weight":1,"CFrame":[8.568167686462403e-8,-3.026798367500305e-8,-1.7881393432617188e-7,0.9996651411056519,-0.025708388537168504,0.0029384575318545105,0.025679778307676317,0.9717249274253845,-0.2347155064344406,0.003178785555064678,0.23471246659755708,0.9720596671104431],"EasingStyle":"Linear","EasingDirection":"In"},"Torso":{"Weight":1,"CFrame":[-0.049185723066329959,-0.09884220361709595,-0.1384432315826416,0.9993399381637573,0.03478953242301941,-0.010457949712872506,-0.03581622615456581,0.991691529750824,-0.12355281412601471,0.00607271445915103,0.12384582310914993,0.9922829866409302],"EasingStyle":"Linear","EasingDirection":"In"},"HumanoidRootPart":{"Weight":0,"CFrame":[0,0,0,1,0,0,0,1,0,0,0,1],"EasingStyle":"Linear","EasingDirection":"In"},"Right Leg":{"Weight":1,"CFrame":[0.6440005302429199,0.09326672554016113,0.046706438064575198,0.8397668600082398,0.5368213057518005,-0.08132924884557724,-0.5249927043914795,0.8410381078720093,0.13052889704704286,0.1384718120098114,-0.0669165626168251,0.9881030917167664],"EasingStyle":"Linear","EasingDirection":"In"}}},{"Time":0.23333333432674409,"poses":{"Left Leg":{"Weight":1,"CFrame":[-0.07500661909580231,0.049776673316955569,0.10231196880340576,0.8734077215194702,-0.1525958627462387,0.46246466040611269,0.16456709802150727,0.9862574934959412,0.014627281576395035,-0.4583413302898407,0.06333095580339432,0.8865171074867249],"EasingStyle":"Linear","EasingDirection":"In"},"Right Arm":{"Weight":1,"CFrame":[-0.1135527491569519,-0.09191256761550904,0.6462302207946777,-0.05082342401146889,-0.4040488600730896,0.9133244156837463,0.9616944193840027,0.22686104476451875,0.15387682616710664,-0.2693714201450348,0.8861594200134277,0.37704163789749148],"EasingStyle":"Linear","EasingDirection":"In"},"Left Arm":{"Weight":1,"CFrame":[0.0856652706861496,-0.05825626850128174,0.7114866971969605,-0.0856131836771965,0.3469260334968567,-0.9339768886566162,-0.9602830410003662,0.22113405168056489,0.17016491293907166,0.2655687630176544,0.9114505648612976,0.3142150938510895],"EasingStyle":"Linear","EasingDirection":"In"},"Head":{"Weight":1,"CFrame":[9.871291695162654e-8,-8.568167686462403e-8,1.1920928955078126e-7,0.9988917708396912,-0.046294309198856357,0.008489210158586502,0.047031354159116748,0.9748399257659912,-0.21788831055164338,0.0018113688565790654,0.21804609894752503,0.9759368300437927],"EasingStyle":"Linear","EasingDirection":"In"},"Torso":{"Weight":1,"CFrame":[-0.05887604132294655,-0.09823077917098999,-0.08451986312866211,0.9976862668991089,0.06284848600625992,-0.02593057230114937,-0.06557231396436691,0.9902642369270325,-0.12278852611780167,0.0179610475897789,0.12420473992824555,0.9920940399169922],"EasingStyle":"Linear","EasingDirection":"In"},"HumanoidRootPart":{"Weight":0,"CFrame":[0,0,0,1,0,0,0,1,0,0,0,1],"EasingStyle":"Linear","EasingDirection":"In"},"Right Leg":{"Weight":1,"CFrame":[0.4185122847557068,0.21959877014160157,0.2039710283279419,0.8866686224937439,0.2700619101524353,-0.37534695863723757,-0.28287672996520998,0.9589106440544128,0.021706314757466317,0.36578628420829775,0.08693056553602219,0.9266302585601807],"EasingStyle":"Linear","EasingDirection":"In"}}},{"Time":0.2666666805744171,"poses":{"Left Leg":{"Weight":1,"CFrame":[0.1449512541294098,0.009829521179199219,0.002810359001159668,0.8340341448783875,-0.061499688774347308,0.5482743978500366,0.07151886075735092,0.9974344968795776,0.003087326418608427,-0.5470576882362366,0.03663702681660652,0.8362928032875061],"EasingStyle":"Linear","EasingDirection":"In"},"Right Arm":{"Weight":1,"CFrame":[-0.10936830937862396,-0.07565560936927796,0.6448110342025757,-0.05037412419915199,-0.4042052626609802,0.913280189037323,0.9673659205436707,0.20762081444263459,0.14524738490581513,-0.24832560122013093,0.8907928466796875,0.38055554032325747],"EasingStyle":"Linear","EasingDirection":"In"},"Left Arm":{"Weight":1,"CFrame":[0.08565385639667511,-0.04062643647193909,0.7299309968948364,-0.08537758886814118,0.34701481461524966,-0.9339654445648193,-0.9631751179695129,0.21112613379955293,0.16649165749549867,0.2549596428871155,0.9137869477272034,0.31621047854423525],"EasingStyle":"Linear","EasingDirection":"In"},"Head":{"Weight":1,"CFrame":[8.009374141693115e-8,-3.166496753692627e-8,-3.5762786865234377e-7,0.9978926777839661,-0.06358028203248978,0.012949501164257527,0.06488388031721115,0.9763409495353699,-0.2062729299068451,0.00047176587395370007,0.20667847990989686,0.9784088730812073],"EasingStyle":"Linear","EasingDirection":"In"},"Torso":{"Weight":1,"CFrame":[-0.06823202967643738,-0.09727740287780762,-0.03951740264892578,0.9954257011413574,0.0860932394862175,-0.04142000153660774,-0.0905487984418869,0.988440752029419,-0.1215968057513237,0.03047255426645279,0.12479110062122345,0.9917150735855103],"EasingStyle":"Linear","EasingDirection":"In"},"HumanoidRootPart":{"Weight":0,"CFrame":[0,0,0,1,0,0,0,1,0,0,0,1],"EasingStyle":"Linear","EasingDirection":"In"},"Right Leg":{"Weight":1,"CFrame":[0.04041212797164917,0.10314691066741944,0.2433527708053589,0.7597277164459229,-0.05483318120241165,-0.6479251384735107,-0.09888698905706406,0.9751052260398865,-0.19847248494625092,0.6426780819892883,0.21485640108585359,0.735392153263092],"EasingStyle":"Linear","EasingDirection":"In"}}},{"Time":0.30000001192092898,"poses":{"Left Leg":{"Weight":1,"CFrame":[0.2864372730255127,-0.0022580623626708986,-0.09016019105911255,0.8145005702972412,0.002714125206694007,0.5801565647125244,-0.00010741689766291529,0.9999898076057434,-0.004527523182332516,-0.5801629424095154,0.0036253314465284349,0.814492404460907],"EasingStyle":"Linear","EasingDirection":"In"},"Right Arm":{"Weight":1,"CFrame":[-0.1051463931798935,-0.0603829026222229,0.6420474052429199,-0.048527494072914126,-0.40622270107269289,0.9124847054481506,0.9721807837486267,0.19037958979606629,0.13645592331886292,-0.22914989292621613,0.8937218189239502,0.3856832683086395],"EasingStyle":"Linear","EasingDirection":"In"},"Left Arm":{"Weight":1,"CFrame":[0.08564965426921845,-0.026347696781158448,0.7430999279022217,-0.08556505292654038,0.34663379192352297,-0.9340898394584656,-0.9660680294036865,0.2004547119140625,0.16288162767887116,0.2437029927968979,0.9163312911987305,0.31771981716156008],"EasingStyle":"Linear","EasingDirection":"In"},"Head":{"Weight":1,"CFrame":[9.499490261077881e-8,-3.3527612686157229e-8,-5.960464477539063e-8,0.9973786473274231,-0.07083389908075333,0.014778895303606987,0.07235909253358841,0.9767214059829712,-0.2019396871328354,-0.00013069319538772106,0.20247967541217805,0.9792865514755249],"EasingStyle":"Linear","EasingDirection":"In"},"Torso":{"Weight":1,"CFrame":[-0.07560066878795624,-0.09638029336929321,-0.02090764045715332,0.9939571022987366,0.09537802636623383,-0.05433548241853714,-0.10134712606668472,0.987529456615448,-0.12047536671161652,0.04216718673706055,0.1252540946006775,0.9912282228469849],"EasingStyle":"Linear","EasingDirection":"In"},"HumanoidRootPart":{"Weight":0,"CFrame":[0,0,0,1,0,0,0,1,0,0,0,1],"EasingStyle":"Linear","EasingDirection":"In"},"Right Leg":{"Weight":1,"CFrame":[-0.15296056866645814,-0.036669135093688968,0.11254596710205078,0.6486339569091797,-0.22240132093429566,-0.7278815507888794,-0.009728198871016503,0.9538534283638,-0.30011510848999026,0.7610383033752441,0.20174583792686463,0.6165383458137512],"EasingStyle":"Linear","EasingDirection":"In"}}},{"Time":0.3333333432674408,"poses":{"Left Leg":{"Weight":1,"CFrame":[0.2846594750881195,-0.003648042678833008,-0.08893346786499024,0.8169782161712647,-0.007607779931277037,0.576618492603302,0.01437729224562645,0.9998709559440613,-0.0071783168241381649,-0.5764894485473633,0.014154784381389618,0.8169820308685303],"EasingStyle":"Linear","EasingDirection":"In"},"Right Arm":{"Weight":1,"CFrame":[-0.10086631029844284,-0.05041399598121643,0.6374911069869995,-0.04430215805768967,-0.41106292605400088,0.9105299115180969,0.9751608371734619,0.18020054697990418,0.12879908084869386,-0.21702244877815247,0.8936191201210022,0.39286908507347109],"EasingStyle":"Linear","EasingDirection":"In"},"Left Arm":{"Weight":1,"CFrame":[0.0856490284204483,-0.01916787028312683,0.7481265068054199,-0.0863841325044632,0.3455536961555481,-0.9344145059585571,-0.9686582088470459,0.1901223063468933,0.1598585844039917,0.23289282619953156,0.9189375042915344,0.31829971075057986],"EasingStyle":"Linear","EasingDirection":"In"},"Head":{"Weight":1,"CFrame":[9.872019290924072e-8,-4.470348358154297e-8,2.384185791015625e-7,0.9975634813308716,-0.06900014728307724,0.010300797410309315,0.06960823386907578,0.9745303988456726,-0.21317926049232484,0.004670973867177963,0.21337687969207765,0.9769588708877564],"EasingStyle":"Linear","EasingDirection":"In"},"Torso":{"Weight":1,"CFrame":[-0.0800451785326004,-0.09359237551689148,-0.029729843139648439,0.9937310814857483,0.09229721128940582,-0.06308545172214508,-0.09920723736286164,0.988165557384491,-0.11699046194553375,0.05154097452759743,0.12251558899879456,0.9911273717880249],"EasingStyle":"Linear","EasingDirection":"In"},"HumanoidRootPart":{"Weight":0,"CFrame":[0,0,0,1,0,0,0,1,0,0,0,1],"EasingStyle":"Linear","EasingDirection":"In"},"Right Leg":{"Weight":1,"CFrame":[-0.2562263309955597,-0.09993851184844971,-0.04051584005355835,0.6213522553443909,-0.2820747494697571,-0.7309959530830383,0.09019215404987335,0.9524978995323181,-0.29088321328163149,0.7783230543136597,0.11481081694364548,0.6172777414321899],"EasingStyle":"Linear","EasingDirection":"In"}}},{"Time":0.36666667461395266,"poses":{"Left Leg":{"Weight":1,"CFrame":[0.17197608947753907,-0.0019267797470092774,-0.010680735111236573,0.8167932033538818,-0.08622673898935318,0.5704504251480103,0.10818566381931305,0.9941198825836182,-0.0046377358958125118,-0.5666962265968323,0.06550267338752747,0.8213189244270325],"EasingStyle":"Linear","EasingDirection":"In"},"Right Arm":{"Weight":1,"CFrame":[-0.09651738405227661,-0.045884281396865848,0.6240736246109009,-0.03882579877972603,-0.417319655418396,0.9079300165176392,0.9768268465995789,0.17553891241550446,0.1224563866853714,-0.21048039197921754,0.8916448354721069,0.40083345770835879],"EasingStyle":"Linear","EasingDirection":"In"},"Left Arm":{"Weight":1,"CFrame":[0.08568470180034638,-0.017231613397598268,0.7443046569824219,-0.08786807209253311,0.34373095631599429,-0.9349483251571655,-0.9707542657852173,0.18096113204956056,0.1577630192041397,0.22341735661029817,0.9214674830436707,0.31777751445770266],"EasingStyle":"Linear","EasingDirection":"In"},"Head":{"Weight":1,"CFrame":[8.940696716308594e-8,-4.6566128730773929e-8,-3.5762786865234377e-7,0.9978965520858765,-0.06482663750648499,-0.00046616786858066916,0.0628231093287468,0.9687802195549011,-0.23982951045036317,0.015998968854546548,0.2392958253622055,0.9708148837089539],"EasingStyle":"Linear","EasingDirection":"In"},"Torso":{"Weight":1,"CFrame":[-0.08215001970529556,-0.0879407525062561,-0.05020928382873535,0.9939433932304382,0.08601518720388413,-0.06839577108621597,-0.09320017695426941,0.9895605444908142,-0.10992592573165894,0.05822645127773285,0.11563463509082794,0.9915837645530701],"EasingStyle":"Linear","EasingDirection":"In"},"HumanoidRootPart":{"Weight":0,"CFrame":[0,0,0,1,0,0,0,1,0,0,0,1],"EasingStyle":"Linear","EasingDirection":"In"},"Right Leg":{"Weight":1,"CFrame":[-0.36621472239494326,-0.13717305660247804,-0.18840712308883668,0.5869109630584717,-0.33384495973587038,-0.7376198172569275,0.18911811709403993,0.9423592686653137,-0.27603158354759219,0.7872546911239624,0.02250863052904606,0.6162171363830566],"EasingStyle":"Linear","EasingDirection":"In"}}},{"Time":0.4000000059604645,"poses":{"Left Leg":{"Weight":1,"CFrame":[0.07377973943948746,0.004374444484710693,0.05490291118621826,0.8111096620559692,-0.15683525800704957,0.5634749531745911,0.18931128084659577,0.9819168448448181,0.0007932075532153249,-0.5534098744392395,0.10602878779172898,0.8261328935623169],"EasingStyle":"Linear","EasingDirection":"In"},"Right Arm":{"Weight":1,"CFrame":[-0.09212879836559296,-0.04355767369270325,0.6018370389938355,-0.034006036818027499,-0.4227893054485321,0.905589759349823,0.9781995415687561,0.17165769636631013,0.11687371879816055,-0.20486433804035188,0.8898217678070068,0.40773484110832217],"EasingStyle":"Linear","EasingDirection":"In"},"Left Arm":{"Weight":1,"CFrame":[0.08576969802379608,-0.016056597232818605,0.7351901531219482,-0.08937577158212662,0.34187373518943789,-0.9354861974716187,-0.9724514484405518,0.17307095229625703,0.1561562567949295,0.21529129147529603,0.923671305179596,0.31698715686798098],"EasingStyle":"Linear","EasingDirection":"In"},"Head":{"Weight":1,"CFrame":[1.471489667892456e-7,2.3283064365386964e-8,4.76837158203125e-7,0.998094379901886,-0.06021957844495773,-0.013464055955410004,0.054318856447935107,0.9609560966491699,-0.2713170647621155,0.029276978224515916,0.2700686752796173,0.9623959064483643],"EasingStyle":"Linear","EasingDirection":"In"},"Torso":{"Weight":1,"CFrame":[-0.08256334066390991,-0.0814274400472641,-0.07455039024353028,0.9943488240242004,0.07876826077699661,-0.07117585837841034,-0.08579664677381516,0.9910998344421387,-0.10178428888320923,0.06252500414848328,0.10731573402881623,0.9922569990158081],"EasingStyle":"Linear","EasingDirection":"In"},"HumanoidRootPart":{"Weight":0,"CFrame":[0,0,0,1,0,0,0,1,0,0,0,1],"EasingStyle":"Linear","EasingDirection":"In"},"Right Leg":{"Weight":1,"CFrame":[-0.36984482407569888,-0.13116824626922608,-0.19011414051055909,0.5840560793876648,-0.3225860595703125,-0.7448602318763733,0.18604132533073426,0.9464113116264343,-0.26399657130241396,0.7901057004928589,0.015613984316587448,0.6127716898918152],"EasingStyle":"Linear","EasingDirection":"In"}}},{"Time":0.4333333373069763,"poses":{"Left Leg":{"Weight":1,"CFrame":[0.013544987887144089,0.010003447532653809,0.09317028522491455,0.8047863245010376,-0.20346790552139283,0.5576018691062927,0.240672767162323,0.9705825448036194,0.006800893694162369,-0.5425823330879211,0.1287263184785843,0.8300807476043701],"EasingStyle":"Linear","EasingDirection":"In"},"Right Arm":{"Weight":1,"CFrame":[-0.08773941546678543,-0.04270094633102417,0.5810012817382813,-0.029965350404381753,-0.4272291362285614,0.90364670753479,0.9792161583900452,0.16888189315795899,0.11231575161218643,-0.20059403777122498,0.8882309794425964,0.41328907012939455],"EasingStyle":"Linear","EasingDirection":"In"},"Left Arm":{"Weight":1,"CFrame":[0.08587102591991425,-0.015453755855560303,0.7243115901947022,-0.09011340886354447,0.340888112783432,-0.935775101184845,-0.9739050269126892,0.16635531187057496,0.15438590943813325,0.20829948782920838,0.9252681732177734,0.31700167059898379],"EasingStyle":"Linear","EasingDirection":"In"},"Head":{"Weight":1,"CFrame":[7.450580596923828e-8,-5.587935447692871e-8,-3.5762786865234377e-7,0.998092770576477,-0.05667906999588013,-0.024460531771183015,0.04686456546187401,0.9536054730415344,-0.2973892092704773,0.04018145427107811,0.29567569494247439,0.9544429779052734],"EasingStyle":"Linear","EasingDirection":"In"},"Torso":{"Weight":1,"CFrame":[-0.08188062906265259,-0.07604636251926422,-0.0949246883392334,0.9947263598442078,0.07277830690145493,-0.07226933538913727,-0.07950637489557266,0.9922916293144226,-0.09505795687437058,0.06479410082101822,0.10030252486467362,0.9928449988365173],"EasingStyle":"Linear","EasingDirection":"In"},"HumanoidRootPart":{"Weight":0,"CFrame":[0,0,0,1,0,0,0,1,0,0,0,1],"EasingStyle":"Linear","EasingDirection":"In"},"Right Leg":{"Weight":1,"CFrame":[-0.3727467358112335,-0.1275014877319336,-0.1920667290687561,0.5807376503944397,-0.3151283860206604,-0.7506250143051148,0.18323922157287599,0.9489794969558716,-0.2566346824169159,0.7932005524635315,0.01149339322000742,0.6088520288467407],"EasingStyle":"Linear","EasingDirection":"In"}}},{"Time":0.46666666865348818,"poses":{"Left Leg":{"Weight":1,"CFrame":[-0.011382952332496643,0.012407064437866211,0.10847747325897217,0.800727903842926,-0.2257823348045349,0.5548489093780518,0.2642895579338074,0.9643803834915161,0.011022728867828846,-0.5375741720199585,0.13781455159187318,0.8318782448768616],"EasingStyle":"Linear","EasingDirection":"In"},"Right Arm":{"Weight":1,"CFrame":[-0.08338864892721176,-0.042578041553497317,0.5717847347259522,-0.026825033128261567,-0.43039169907569888,0.9022436141967773,0.9798162579536438,0.1675359159708023,0.109049953520298,-0.19809237122535706,0.886958122253418,0.41721048951148989],"EasingStyle":"Linear","EasingDirection":"In"},"Left Arm":{"Weight":1,"CFrame":[0.08595603704452515,-0.015231072902679444,0.7151973247528076,-0.08930026739835739,0.34168779850006106,-0.9355613589286804,-0.9752612709999085,0.16070818901062013,0.15178391337394715,0.20221517980098725,0.9259709715843201,0.3188835680484772],"EasingStyle":"Linear","EasingDirection":"In"},"Head":{"Weight":1,"CFrame":[9.96515154838562e-8,-1.5832483768463136e-8,1.1920928955078126e-7,0.9980466961860657,-0.05528220534324646,-0.02909705601632595,0.043651919811964038,0.9503099918365479,-0.3082297146320343,0.0446908213198185,0.3063574433326721,0.9508669376373291],"EasingStyle":"Linear","EasingDirection":"In"},"Torso":{"Weight":1,"CFrame":[-0.08065107464790344,-0.07380445301532746,-0.10346603393554688,0.9948918223381043,0.0702817440032959,-0.07246186584234238,-0.07685084640979767,0.9927653670310974,-0.09225557744503021,0.06545373797416687,0.09735309332609177,0.9930952787399292],"EasingStyle":"Linear","EasingDirection":"In"},"HumanoidRootPart":{"Weight":0,"CFrame":[0,0,0,1,0,0,0,1,0,0,0,1],"EasingStyle":"Linear","EasingDirection":"In"},"Right Leg":{"Weight":1,"CFrame":[-0.3740989565849304,-0.12489962577819824,-0.19264096021652223,0.5801289677619934,-0.3097691833972931,-0.753321647644043,0.18120549619197846,0.9507659077644348,-0.2514135241508484,0.7941126823425293,0.009346198290586472,0.6076987385749817],"EasingStyle":"Linear","EasingDirection":"In"}}},{"Time":0.5,"poses":{"Left Leg":{"Weight":1,"CFrame":[0.01899401843547821,0.007520616054534912,0.08109462261199951,0.8179831504821777,-0.20293541252613069,0.5382571816444397,0.23432038724422456,0.9721037149429321,0.010411719791591168,-0.5253547430038452,0.11760801821947098,0.8427163362503052],"EasingStyle":"Linear","EasingDirection":"In"},"Right Arm":{"Weight":1,"CFrame":[-0.07910317182540894,-0.04351532459259033,0.5772124528884888,-0.023716285824775697,-0.4326053261756897,0.9012714624404907,0.9794521331787109,0.17055130004882813,0.10763717442750931,-0.20027732849121095,0.8853049874305725,0.41967129707336428],"EasingStyle":"Linear","EasingDirection":"In"},"Left Arm":{"Weight":1,"CFrame":[0.08599161356687546,-0.01519995927810669,0.7113751173019409,-0.08615343272686005,0.34519582986831667,-0.9345680475234985,-0.976652979850769,0.15602710843086244,0.14766386151313783,0.19679097831249238,0.9254703521728516,0.3236941695213318],"EasingStyle":"Linear","EasingDirection":"In"},"Head":{"Weight":1,"CFrame":[1.0523945093154907e-7,-1.3969838619232178e-8,-5.960464477539063e-8,0.997927188873291,-0.05763910710811615,-0.028620440512895585,0.046687591820955279,0.954526424407959,-0.2944481074810028,0.0442906953394413,0.2925014793872833,0.9552388787269592],"EasingStyle":"Linear","EasingDirection":"In"},"Torso":{"Weight":1,"CFrame":[-0.07759539783000946,-0.07757507264614105,-0.08234357833862305,0.9948186278343201,0.0734286829829216,-0.07031458616256714,-0.08007895201444626,0.992060661315918,-0.09696884453296662,0.06263604015111923,0.10209713131189347,0.9928005337715149],"EasingStyle":"Linear","EasingDirection":"In"},"HumanoidRootPart":{"Weight":0,"CFrame":[0,0,0,1,0,0,0,1,0,0,0,1],"EasingStyle":"Linear","EasingDirection":"In"},"Right Leg":{"Weight":1,"CFrame":[-0.3489932119846344,-0.11713004112243653,-0.16161566972732545,0.6399646997451782,-0.30872541666030886,-0.7036575675010681,0.19928394258022309,0.9510895609855652,-0.23603934049606324,0.7421126961708069,0.010829065926373005,0.6701876521110535],"EasingStyle":"Linear","EasingDirection":"In"}}},{"Time":0.5333333611488342,"poses":{"Left Leg":{"Weight":1,"CFrame":[0.15300580859184266,0.0003889799118041992,-0.010975301265716553,0.8595576286315918,-0.1056627482175827,0.4999961256980896,0.11792058497667313,0.9929975271224976,0.007126557175070047,-0.49724793434143069,0.0528341606259346,0.8659983277320862],"EasingStyle":"Linear","EasingDirection":"In"},"Right Arm":{"Weight":1,"CFrame":[-0.07486118376255036,-0.046238332986831668,0.589153528213501,-0.019807087257504464,-0.4352407157421112,0.9000963568687439,0.978010892868042,0.17850883305072785,0.10783934593200684,-0.20761112868785859,0.882439911365509,0.4221343696117401],"EasingStyle":"Linear","EasingDirection":"In"},"Left Arm":{"Weight":1,"CFrame":[0.0859701931476593,-0.01771143078804016,0.7121775150299072,-0.07753439992666245,0.3544389605522156,-0.9318592548370361,-0.9779313802719116,0.15484297275543214,0.1402634084224701,0.19400669634342194,0.9221696257591248,0.33461126685142519],"EasingStyle":"Linear","EasingDirection":"In"},"Head":{"Weight":1,"CFrame":[1.0617077350616455e-7,-2.2351741790771486e-8,-1.1920928955078126e-7,0.9975852966308594,-0.06379863619804383,-0.02744896709918976,0.05444249510765076,0.9637173414230347,-0.26131412386894228,0.043124523013830188,0.2591887414455414,0.9648635387420654],"EasingStyle":"Linear","EasingDirection":"In"},"Torso":{"Weight":1,"CFrame":[-0.0715981051325798,-0.08591051399707794,-0.03591632843017578,0.994642436504364,0.08051464706659317,-0.06483732163906098,-0.0871705412864685,0.9903884530067444,-0.10738815367221832,0.05556780472397804,0.11246472597122193,0.9921007752418518],"EasingStyle":"Linear","EasingDirection":"In"},"HumanoidRootPart":{"Weight":0,"CFrame":[0,0,0,1,0,0,0,1,0,0,0,1],"EasingStyle":"Linear","EasingDirection":"In"},"Right Leg":{"Weight":1,"CFrame":[-0.2531377077102661,-0.08991861343383789,-0.0782703161239624,0.8000529408454895,-0.31036335229873659,-0.513410210609436,0.25186190009117129,0.9504769444465637,-0.18209664523601533,0.5445007681846619,0.01637841761112213,0.8386004567146301],"EasingStyle":"Linear","EasingDirection":"In"}}},{"Time":0.5666666626930237,"poses":{"Left Leg":{"Weight":1,"CFrame":[0.22532671689987184,0.002909839153289795,-0.053637683391571048,0.887631893157959,-0.04225663095712662,0.4586109519004822,0.044351719319820407,0.9989966750144959,0.006206274963915348,-0.45841312408447268,0.014831362292170525,0.8886154890060425],"EasingStyle":"Linear","EasingDirection":"In"},"Right Arm":{"Weight":1,"CFrame":[-0.07062877714633942,-0.05061686038970947,0.6010947227478027,-0.015280967578291893,-0.43962469696998598,0.8980516195297241,0.9760967493057251,0.1881830394268036,0.10873045772314072,-0.2167985886335373,0.8782466650009155,0.42624062299728396],"EasingStyle":"Linear","EasingDirection":"In"},"Left Arm":{"Weight":1,"CFrame":[0.0859106034040451,-0.024439483880996705,0.714091420173645,-0.06357812881469727,0.36888548731803896,-0.9272978901863098,-0.978796124458313,0.1582474559545517,0.13006097078323365,0.19472019374370576,0.9159045815467835,0.3510025441646576],"EasingStyle":"Linear","EasingDirection":"In"},"Head":{"Weight":1,"CFrame":[8.195638656616211e-8,5.21540641784668e-8,3.5762786865234377e-7,0.9970390796661377,-0.07238314300775528,-0.025956714525818826,0.06487845629453659,0.9730371832847595,-0.22133557498455048,0.04127781465649605,0.21899618208408357,0.9748522043228149],"EasingStyle":"Linear","EasingDirection":"In"},"Torso":{"Weight":1,"CFrame":[-0.06340093165636063,-0.0943407416343689,0.010478734970092774,0.994465172290802,0.08798694610595703,-0.05742237716913223,-0.09427175670862198,0.9885374903678894,-0.11792588979005814,0.046388234943151477,0.12268649786710739,0.9913607835769653],"EasingStyle":"Linear","EasingDirection":"In"},"HumanoidRootPart":{"Weight":0,"CFrame":[0,0,0,1,0,0,0,1,0,0,0,1],"EasingStyle":"Linear","EasingDirection":"In"},"Right Leg":{"Weight":1,"CFrame":[-0.0629948154091835,-0.03300487995147705,-0.005063176155090332,0.9407812356948853,-0.3112226128578186,-0.13442885875701905,0.3044610619544983,0.9500401020050049,-0.06875480711460114,0.1491108536720276,0.023754863068461419,0.9885351657867432],"EasingStyle":"Linear","EasingDirection":"In"}}},{"Time":0.6000000238418579,"poses":{"Left Leg":{"Weight":1,"CFrame":[0.21555188298225404,0.0051808953285217289,-0.04885655641555786,0.8974844217300415,-0.04071006551384926,0.4391632676124573,0.040080081671476367,0.9991390705108643,0.010710892267525196,-0.4392213225364685,0.00798889622092247,0.8983435034751892],"EasingStyle":"Linear","EasingDirection":"In"},"Right Arm":{"Weight":1,"CFrame":[-0.0663718432188034,-0.05652117729187012,0.6065224409103394,-0.01033408660441637,-0.4470841884613037,0.8944323062896729,0.9744203686714172,0.19631487131118775,0.10938660055398941,-0.2244952768087387,0.8726834058761597,0.4336189925670624],"EasingStyle":"Linear","EasingDirection":"In"},"Left Arm":{"Weight":1,"CFrame":[0.08581970632076264,-0.03417453169822693,0.7163755893707275,-0.048423007130622867,0.38418179750442507,-0.9219868779182434,-0.9791918396949768,0.16386859118938447,0.11970971524715424,0.1970749944448471,0.9085986614227295,0.36825263500213625],"EasingStyle":"Linear","EasingDirection":"In"},"Head":{"Weight":1,"CFrame":[8.754432201385498e-8,4.284083843231201e-8,-2.980232238769531e-7,0.9963390827178955,-0.08196831494569779,-0.024282319471240045,0.075996533036232,0.9793108105659485,-0.18754956126213075,0.03915306180715561,0.18501761555671693,0.9819549918174744],"EasingStyle":"Linear","EasingDirection":"In"},"Torso":{"Weight":1,"CFrame":[-0.053636349737644199,-0.09836483001708985,0.03169608116149902,0.9945175051689148,0.09220705926418305,-0.04932548478245735,-0.09766354411840439,0.9875949025154114,-0.1229560449719429,0.037376176565885547,0.12709921598434449,0.9911856651306152],"EasingStyle":"Linear","EasingDirection":"In"},"HumanoidRootPart":{"Weight":0,"CFrame":[0,0,0,1,0,0,0,1,0,0,0,1],"EasingStyle":"Linear","EasingDirection":"In"},"Right Leg":{"Weight":1,"CFrame":[0.05243790149688721,0.0009033679962158203,-0.0027379393577575685,0.9467160701751709,-0.3073168396949768,0.09635966271162033,0.30884408950805666,0.9511122703552246,-0.0009849319467321039,-0.09134610742330551,0.03069254755973816,0.9953461289405823],"EasingStyle":"Linear","EasingDirection":"In"}}},{"Time":0.6333333253860474,"poses":{"Left Leg":{"Weight":1,"CFrame":[0.2159399390220642,0.009196698665618897,-0.04910612106323242,0.8968005776405335,-0.04727793112397194,0.4399016201496124,0.0434512160718441,0.9988791942596436,0.018772048875689508,-0.44029611349105837,0.002279499312862754,0.8978498578071594],"EasingStyle":"Linear","EasingDirection":"In"},"Right Arm":{"Weight":1,"CFrame":[-0.06206764280796051,-0.06366050243377686,0.6053404808044434,-0.003836412448436022,-0.45746132731437685,0.8892212510108948,0.9733805656433106,0.20207153