{"Sequence":[{"Time":0,"poses":{"Left Leg":{"Weight":1,"CFrame":[-0.2132316678762436,0.45977461338043215,0.10392224788665772,0.8671043515205383,0.13596689701080323,0.47921088337898257,-0.12357880920171738,0.9906689524650574,-0.057474568486213687,-0.48255398869514468,-0.00938380230218172,0.8758159875869751],"EasingStyle":"Linear","EasingDirection":"Out"},"Right Leg":{"Weight":1,"CFrame":[0.9052926301956177,0.6335688829421997,0.1670210361480713,0.7852625250816345,0.5116403698921204,-0.34869295358657839,-0.42266809940338137,0.8545006513595581,0.301960825920105,0.4524537920951843,-0.08973704278469086,0.8872614502906799],"EasingStyle":"Linear","EasingDirection":"Out"},"Head":{"Weight":1,"CFrame":[1.4901161193847657e-7,1.4901161193847657e-8,3.5762786865234377e-7,0.9142106175422669,-0.32140520215034487,0.2468150407075882,0.282368004322052,0.9420942664146423,0.18090516328811646,-0.2906668782234192,-0.09569273144006729,0.9520271420478821],"EasingStyle":"Linear","EasingDirection":"Out"},"Right Arm":{"Weight":1,"CFrame":[0.09308964014053345,-0.13703694939613343,0.3216698169708252,-0.08356919139623642,-0.7111692428588867,0.6980361938476563,0.3504657447338104,0.6347601413726807,0.6886605620384216,-0.9328397512435913,0.30218854546546938,0.19619403779506684],"EasingStyle":"Linear","EasingDirection":"Out"},"Torso":{"Weight":1,"CFrame":[-0.19717885553836823,0.7233132719993591,-0.6421756744384766,0.9059607982635498,0.33524635434150698,-0.25854378938674929,-0.357953280210495,0.9326568841934204,-0.044950954616069797,0.22606298327445985,0.13327038288116456,0.9649531245231628],"EasingStyle":"Linear","EasingDirection":"Out"},"HumanoidRootPart":{"Weight":0,"CFrame":[0,0,0,1,0,0,0,1,0,0,0,1],"EasingStyle":"Linear","EasingDirection":"In"},"Left Arm":{"Weight":1,"CFrame":[-0.3675892651081085,-0.12106913328170777,0.15334391593933106,-0.023520637303590776,0.7981261014938355,-0.6020311713218689,-0.34709417819976809,0.5582184791564941,0.7536032199859619,0.937535285949707,0.22668670117855073,0.2638951241970062],"EasingStyle":"Linear","EasingDirection":"Out"}}},{"Time":0.01666666753590107,"poses":{"Left Leg":{"Weight":1,"CFrame":[-0.21203464269638062,0.45774024724960329,0.10277366638183594,0.8555232286453247,0.10363110899925232,0.5072875022888184,-0.09136772900819779,0.9946063160896301,-0.04909436032176018,-0.5096390843391419,-0.004348369315266609,0.860377311706543],"EasingStyle":"Linear","EasingDirection":"Out"},"Right Leg":{"Weight":1,"CFrame":[0.9252129793167114,0.6402226090431213,0.13827204704284669,0.7983077764511108,0.5121778845787048,-0.3168255090713501,-0.4213904142379761,0.850878894329071,0.3137440085411072,0.4302729368209839,-0.11695702373981476,0.8950901031494141],"EasingStyle":"Linear","EasingDirection":"Out"},"Head":{"Weight":1,"CFrame":[1.4156103134155274e-7,1.4901161193847657e-8,-1.7881393432617188e-7,0.8985341191291809,-0.35761845111846926,0.25445136427879336,0.3230178654193878,0.9313158392906189,0.168256476521492,-0.297146201133728,-0.06899185478687287,0.9523361921310425],"EasingStyle":"Linear","EasingDirection":"Out"},"Right Arm":{"Weight":1,"CFrame":[0.04682454466819763,-0.13616129755973817,0.32573843002319338,0.05482827126979828,-0.7458104491233826,0.6638979315757752,0.3208993673324585,0.6427865624427795,0.6955926418304443,-0.9455249905586243,0.17490625381469727,0.27457302808761599],"EasingStyle":"Linear","EasingDirection":"Out"},"Torso":{"Weight":1,"CFrame":[-0.19717884063720704,0.7176539897918701,-0.6419992446899414,0.8918964862823486,0.36732012033462527,-0.2638116180896759,-0.3887476921081543,0.9207804799079895,-0.03222568705677986,0.2310754358768463,0.13129813969135285,0.9640357494354248],"EasingStyle":"Linear","EasingDirection":"Out"},"HumanoidRootPart":{"Weight":0,"CFrame":[0,0,0,1,0,0,0,1,0,0,0,1],"EasingStyle":"Linear","EasingDirection":"In"},"Left Arm":{"Weight":1,"CFrame":[-0.3229239284992218,-0.1359138786792755,0.21730029582977296,0.10925517976284027,0.7836135029792786,-0.6115661263465881,-0.3264276087284088,0.6094124913215637,0.7225382328033447,0.9388867616653442,0.12069103121757508,0.32237449288368227],"EasingStyle":"Linear","EasingDirection":"Out"}}},{"Time":0.03333333507180214,"poses":{"Left Leg":{"Weight":1,"CFrame":[-0.2217021882534027,0.4510499835014343,0.10402154922485352,0.8419401049613953,0.04174519702792168,0.5379537343978882,-0.03054809384047985,0.999091386795044,-0.029719224199652673,-0.5387055277824402,0.008588382974267006,0.8424503207206726],"EasingStyle":"Linear","EasingDirection":"Out"},"Right Leg":{"Weight":1,"CFrame":[0.9407376050949097,0.6343997716903687,0.10379600524902344,0.8059017062187195,0.5246495604515076,-0.2743447422981262,-0.4308834671974182,0.8375419974327087,0.3359510004520416,0.40603193640708926,-0.15253286063671113,0.9010393619537354],"EasingStyle":"Linear","EasingDirection":"Out"},"Head":{"Weight":1,"CFrame":[1.1920928955078126e-7,1.4901161193847657e-8,2.384185791015625e-7,0.8785744905471802,-0.3976295590400696,0.26457056403160097,0.371277391910553,0.917072057723999,0.14536823332309724,-0.3004330098628998,-0.02948775328695774,0.9533469676971436],"EasingStyle":"Linear","EasingDirection":"Out"},"Right Arm":{"Weight":1,"CFrame":[0.006334513425827026,-0.13539451360702516,0.32929909229278567,0.20147676765918733,-0.766660213470459,0.6096221804618836,0.2886415123939514,0.6412191390991211,0.7110021710395813,-0.9359984993934631,0.03271173685789108,0.35048070549964907],"EasingStyle":"Linear","EasingDirection":"Out"},"Torso":{"Weight":1,"CFrame":[-0.19717885553836823,0.7018080353736877,-0.6407647132873535,0.8737063407897949,0.4072016179561615,-0.2661278247833252,-0.42378613352775576,0.9057460427284241,-0.005423564463853836,0.23883575201034547,0.11751987785100937,0.9639225006103516],"EasingStyle":"Linear","EasingDirection":"Out"},"HumanoidRootPart":{"Weight":0,"CFrame":[0,0,0,1,0,0,0,1,0,0,0,1],"EasingStyle":"Linear","EasingDirection":"In"},"Left Arm":{"Weight":1,"CFrame":[-0.28440898656845095,-0.14753156900405885,0.2610640525817871,0.24612024426460267,0.7613638043403626,-0.5997915863990784,-0.3019452393054962,0.6482614278793335,0.6989894509315491,0.921006977558136,0.009068787097930909,0.3894404470920563],"EasingStyle":"Linear","EasingDirection":"Out"}}},{"Time":0.05000000074505806,"poses":{"Left Leg":{"Weight":1,"CFrame":[-0.23245549201965333,0.44772273302078249,0.10342884063720703,0.8223713040351868,-0.03579089790582657,0.5678242444992065,0.043178245425224307,0.9990673065185547,0.0004384997009765357,-0.5673103928565979,0.02415703982114792,0.8231496810913086],"EasingStyle":"Linear","EasingDirection":"Out"},"Right Leg":{"Weight":1,"CFrame":[0.950577974319458,0.6170746684074402,0.06496047973632813,0.808255136013031,0.5452756881713867,-0.22225697338581086,-0.44927072525024416,0.815061628818512,0.36582833528518679,0.38063034415245058,-0.19582904875278474,0.9037541151046753],"EasingStyle":"Linear","EasingDirection":"Out"},"Head":{"Weight":1,"CFrame":[8.940696716308594e-8,-7.450580596923828e-8,-5.960464477539063e-8,0.8541964888572693,-0.43969887495040896,0.27751263976097109,0.4251427948474884,0.8979101777076721,0.1140655055642128,-0.29933592677116396,0.02054816670715809,0.9539265036582947],"EasingStyle":"Linear","EasingDirection":"Out"},"Right Arm":{"Weight":1,"CFrame":[-0.028765246272087098,-0.13473019003868104,0.3323860168457031,0.3519617021083832,-0.7675449252128601,0.5357216596603394,0.25501957535743716,0.6293247938156128,0.734108567237854,-0.900604248046875,-0.1217585876584053,0.41723722219467165],"EasingStyle":"Linear","EasingDirection":"Out"},"Torso":{"Weight":1,"CFrame":[-0.19717884063720704,0.6774731874465942,-0.6374144554138184,0.8513227105140686,0.45299577713012698,-0.26465919613838198,-0.46144646406173708,0.8865498900413513,0.03311234340071678,0.24963334202766419,0.0939367488026619,0.9637733697891235],"EasingStyle":"Linear","EasingDirection":"Out"},"HumanoidRootPart":{"Weight":0,"CFrame":[0,0,0,1,0,0,0,1,0,0,0,1],"EasingStyle":"Linear","EasingDirection":"In"},"Left Arm":{"Weight":1,"CFrame":[-0.25049883127212527,-0.15639817714691163,0.28899335861206057,0.38830381631851199,0.7274957895278931,-0.5656589269638062,-0.27272915840148928,0.677049458026886,0.6835370659828186,0.8802493810653687,-0.11114826798439026,0.46131017804145815],"EasingStyle":"Linear","EasingDirection":"Out"}}},{"Time":0.06666667014360428,"poses":{"Left Leg":{"Weight":1,"CFrame":[-0.24215102195739747,0.4702637195587158,0.09732675552368164,0.7973528504371643,-0.11917588114738465,0.5916294455528259,0.11653532832860947,0.9922630190849304,0.04282095655798912,-0.5921553373336792,0.03480236604809761,0.805072009563446],"EasingStyle":"Linear","EasingDirection":"Out"},"Right Leg":{"Weight":1,"CFrame":[0.9522475004196167,0.5900244116783142,0.023454785346984865,0.805786669254303,0.5696892142295837,-0.1617465615272522,-0.47408491373062136,0.7842168211936951,0.40030941367149355,0.35489627718925478,-0.24588246643543244,0.9019924998283386],"EasingStyle":"Linear","EasingDirection":"Out"},"Head":{"Weight":1,"CFrame":[1.1920928955078126e-7,4.470348358154297e-8,4.76837158203125e-7,0.8255712389945984,-0.48198872804641726,0.29346054792404177,0.48236873745918276,0.872643768787384,0.07624413073062897,-0.2928352952003479,0.07861129194498062,0.9529258608818054],"EasingStyle":"Linear","EasingDirection":"Out"},"Right Arm":{"Weight":1,"CFrame":[-0.05886027216911316,-0.13416016101837159,0.33503270149230959,0.49897757172584536,-0.7433815002441406,0.4454270899295807,0.22174161672592164,0.6063935160636902,0.7636213898658752,-0.8377661108970642,-0.2822602093219757,0.46741533279418948],"EasingStyle":"Linear","EasingDirection":"Out"},"Torso":{"Weight":1,"CFrame":[-0.19717881083488465,0.6463472247123718,-0.6308894157409668,0.8249173164367676,0.5026094913482666,-0.25864097476005556,-0.49999797344207766,0.8622430562973023,0.08086312562227249,0.2636539340019226,0.06261454522609711,0.9625830054283142],"EasingStyle":"Linear","EasingDirection":"Out"},"HumanoidRootPart":{"Weight":0,"CFrame":[0,0,0,1,0,0,0,1,0,0,0,1],"EasingStyle":"Linear","EasingDirection":"In"},"Left Arm":{"Weight":1,"CFrame":[-0.21964795887470246,-0.1629880964756012,0.30544590950012209,0.5337421894073486,0.6763443946838379,-0.5076194405555725,-0.23788781464099885,0.6961188316345215,0.6773684024810791,0.8114978075027466,-0.2407837063074112,0.532442033290863],"EasingStyle":"Linear","EasingDirection":"Out"}}},{"Time":0.0833333358168602,"poses":{"Left Leg":{"Weight":1,"CFrame":[-0.25110894441604617,0.4784315228462219,0.08996272087097168,0.7696400284767151,-0.20285923779010774,0.6053943634033203,0.18866066634655,0.9781002998352051,0.08790281414985657,-0.609968364238739,0.04656060039997101,0.7910566926002502],"EasingStyle":"Linear","EasingDirection":"Out"},"Right Leg":{"Weight":1,"CFrame":[0.9424737691879273,0.5561385154724121,-0.018623173236846925,0.7994428277015686,0.5932592153549194,-0.09452365338802338,-0.5024109482765198,0.7465232610702515,0.4362179934978485,0.32935449481010439,-0.30124154686927798,0.8948626518249512],"EasingStyle":"Linear","EasingDirection":"Out"},"Head":{"Weight":1,"CFrame":[1.4901161193847657e-7,-1.4901161193847657e-8,-5.960464477539063e-8,0.7932591438293457,-0.5226682424545288,0.31234243512153628,0.5405322909355164,0.8406394124031067,0.03391581401228905,-0.2802940905094147,0.14192713797092439,0.9493639469146729],"EasingStyle":"Linear","EasingDirection":"Out"},"Right Arm":{"Weight":1,"CFrame":[-0.0843348503112793,-0.13367843627929688,0.33727264404296877,0.6335023641586304,-0.6923145651817322,0.3455074727535248,0.19053074717521668,0.5723721385002136,0.7975513339042664,-0.7499151825904846,-0.43942078948020937,0.494506299495697],"EasingStyle":"Linear","EasingDirection":"Out"},"Torso":{"Weight":1,"CFrame":[-0.19717879593372346,0.6101279258728027,-0.6201324462890625,0.7949867248535156,0.5538023114204407,-0.24758656322956086,-0.5376916527748108,0.8322502970695496,0.13508157432079316,0.2808624804019928,0.02573717199265957,0.959402859210968],"EasingStyle":"Linear","EasingDirection":"Out"},"HumanoidRootPart":{"Weight":0,"CFrame":[0,0,0,1,0,0,0,1,0,0,0,1],"EasingStyle":"Linear","EasingDirection":"In"},"Left Arm":{"Weight":1,"CFrame":[-0.19031113386154176,-0.16777801513671876,0.3147798776626587,0.6761693954467773,0.6014969348907471,-0.42543676495552065,-0.19724544882774354,0.7041689157485962,0.6820853352546692,0.7098515629768372,-0.3772897720336914,0.5947799682617188],"EasingStyle":"Linear","EasingDirection":"Out"}}},{"Time":0.10000000149011612,"poses":{"Left Leg":{"Weight":1,"CFrame":[-0.24794042110443116,0.4443209171295166,0.08330488204956055,0.7430673241615295,-0.2787340581417084,0.6084063649177551,0.25728747248649599,0.9582455158233643,0.1247747540473938,-0.6177815794944763,0.06381931155920029,0.7837557196617127],"EasingStyle":"Linear","EasingDirection":"Out"},"Right Leg":{"Weight":1,"CFrame":[0.9178209900856018,0.5195745825767517,-0.05877089500427246,0.7908568382263184,0.6115683317184448,-0.023011665791273118,-0.5311593413352966,0.7045813202857971,0.47056886553764346,0.30399876832962038,-0.3599295914173126,0.8820631504058838],"EasingStyle":"Linear","EasingDirection":"Out"},"Head":{"Weight":1,"CFrame":[1.341104507446289e-7,4.470348358154297e-8,-4.172325134277344e-7,0.7582371234893799,-0.5600671172142029,0.333768367767334,0.5971811413764954,0.8020333647727966,-0.010823176242411137,-0.26163163781166079,0.20752675831317902,0.942592978477478],"EasingStyle":"Linear","EasingDirection":"Out"},"Right Arm":{"Weight":1,"CFrame":[-0.10557446628808975,-0.13327652215957642,0.33914053440093996,0.7471253871917725,-0.6175438165664673,0.24585217237472535,0.1624566912651062,0.5283170938491821,0.8333600163459778,-0.6445242166519165,-0.5826840400695801,0.4950432777404785],"EasingStyle":"Linear","EasingDirection":"Out"},"Torso":{"Weight":1,"CFrame":[-0.19717876613140107,0.5705129504203796,-0.6040849685668945,0.7623873949050903,0.6043103337287903,-0.23146136105060578,-0.5728979706764221,0.796618640422821,0.19283869862556458,0.30092084407806399,-0.014414072036743164,0.9535402059555054],"EasingStyle":"Linear","EasingDirection":"Out"},"HumanoidRootPart":{"Weight":0,"CFrame":[0,0,0,1,0,0,0,1,0,0,0,1],"EasingStyle":"Linear","EasingDirection":"In"},"Left Arm":{"Weight":1,"CFrame":[-0.16094273328781129,-0.17124220728874207,0.3213529586791992,0.8049855828285217,0.497941792011261,-0.32257112860679629,-0.15204952657222749,0.698682427406311,0.6990877985954285,0.5734798312187195,-0.5137088894844055,0.6381410956382752],"EasingStyle":"Linear","EasingDirection":"Out"}}},{"Time":0.11666666716337204,"poses":{"Left Leg":{"Weight":1,"CFrame":[-0.21827971935272218,0.3737866282463074,0.07224822044372559,0.7230936884880066,-0.3392663598060608,0.6016924381256104,0.31696563959121706,0.9369183778762817,0.1473662555217743,-0.6137331128120422,0.08415630459785462,0.7850155234336853],"EasingStyle":"Linear","EasingDirection":"Out"},"Right Leg":{"Weight":1,"CFrame":[0.8754633069038391,0.48548680543899538,-0.09419423341751099,0.7822418808937073,0.6209903955459595,0.04968465492129326,-0.5574208498001099,0.6620872020721436,0.5009217858314514,0.27817195653915408,-0.419537216424942,0.8640652894973755],"EasingStyle":"Linear","EasingDirection":"Out"},"Head":{"Weight":1,"CFrame":[8.940696716308594e-8,-5.960464477539063e-8,-1.1920928955078126e-7,0.7218560576438904,-0.5928446054458618,0.3570140600204468,0.6500412225723267,0.7578405737876892,-0.05589272826910019,-0.23742403090000153,0.2724204361438751,0.932425320148468],"EasingStyle":"Linear","EasingDirection":"Out"},"Right Arm":{"Weight":1,"CFrame":[-0.12296406924724579,-0.1329471468925476,0.34066975116729739,0.8346787691116333,-0.5276988744735718,0.15762364864349366,0.13721130788326264,0.47643402218818667,0.8684375286102295,-0.5333707928657532,-0.7032386064529419,0.4700756072998047],"EasingStyle":"Linear","EasingDirection":"Out"},"Torso":{"Weight":1,"CFrame":[-0.19717873632907868,0.5292003154754639,-0.5816888809204102,0.7283098101615906,0.6520218253135681,-0.21078988909721375,-0.604263961315155,0.7561622858047485,0.25116458535194399,0.3231561481952667,-0.055552929639816287,0.9447137117385864],"EasingStyle":"Linear","EasingDirection":"Out"},"HumanoidRootPart":{"Weight":0,"CFrame":[0,0,0,1,0,0,0,1,0,0,0,1],"EasingStyle":"Linear","EasingDirection":"In"},"Left Arm":{"Weight":1,"CFrame":[-0.12999728322029115,-0.17385637760162354,0.32952308654785159,0.9072888493537903,0.36532434821128847,-0.20824281871318818,-0.10531797260046005,0.6768481135368347,0.7285497784614563,0.40710577368736269,-0.639073371887207,0.6525719165802002],"EasingStyle":"Linear","EasingDirection":"Out"}}},{"Time":0.13333334028720857,"poses":{"Left Leg":{"Weight":1,"CFrame":[-0.1512136459350586,0.2945379614830017,0.047852516174316409,0.716920793056488,-0.37780895829200747,0.5859052538871765,0.3594376742839813,0.9204236268997192,0.1537036895751953,-0.5973517298698425,0.10040297359228134,0.795669674873352],"EasingStyle":"Linear","EasingDirection":"Out"},"Right Leg":{"Weight":1,"CFrame":[0.8135913610458374,0.456400990486145,-0.12032800912857056,0.7759988903999329,0.6192281246185303,0.11992580443620682,-0.5788168907165527,0.6235916614532471,0.5254563689231873,0.2505927085876465,-0.47716861963272097,0.8423261642456055],"EasingStyle":"Linear","EasingDirection":"Out"},"Head":{"Weight":1,"CFrame":[2.384185791015625e-7,-1.4901161193847657e-8,-1.7881393432617188e-7,0.6857323050498962,-0.620133638381958,0.3810584843158722,0.6972306966781616,0.7099264860153198,-0.09936625510454178,-0.2089032083749771,0.3338243067264557,0.9191957116127014],"EasingStyle":"Linear","EasingDirection":"Out"},"Right Arm":{"Weight":1,"CFrame":[-0.13688842952251435,-0.13268351554870606,0.34189414978027346,0.8961293697357178,-0.434723436832428,0.08926208317279816,0.1132764145731926,0.4185311794281006,0.9011104702949524,-0.42909279465675356,-0.7974002361297607,0.4243020713329315],"EasingStyle":"Linear","EasingDirection":"Out"},"Torso":{"Weight":1,"CFrame":[-0.1971787065267563,0.4878876805305481,-0.5486974716186523,0.6941914558410645,0.6951628923416138,-0.18667273223400117,-0.6308534145355225,0.7124770879745483,0.3072464168071747,0.3465863764286041,-0.09552467614412308,0.9331414103507996],"EasingStyle":"Linear","EasingDirection":"Out"},"HumanoidRootPart":{"Weight":0,"CFrame":[0,0,0,1,0,0,0,1,0,0,0,1],"EasingStyle":"Linear","EasingDirection":"In"},"Left Arm":{"Weight":1,"CFrame":[-0.0963255763053894,-0.17604586482048036,0.34265875816345217,0.9726293087005615,0.21139121055603028,-0.09646733105182648,-0.06185562536120415,0.6357287764549255,0.7694301605224609,0.22397781908512116,-0.7424032688140869,0.6314042210578919],"EasingStyle":"Linear","EasingDirection":"Out"}}},{"Time":0.15000000596046449,"poses":{"Left Leg":{"Weight":1,"CFrame":[-0.03816285729408264,0.21818172931671143,0.007297396659851074,0.7310574054718018,-0.38827621936798098,0.5610672831535339,0.3786323368549347,0.9149267673492432,0.13980919122695924,-0.5676200985908508,0.11022969335317612,0.8158779740333557],"EasingStyle":"Linear","EasingDirection":"Out"},"Right Leg":{"Weight":1,"CFrame":[0.7489554286003113,0.4226682186126709,-0.13076722621917725,0.767497181892395,0.613632321357727,0.18548129498958589,-0.6003948450088501,0.5866717100143433,0.5434541702270508,0.22466450929641725,-0.5284616351127625,0.8186905980110169],"EasingStyle":"Linear","EasingDirection":"Out"},"Head":{"Weight":1,"CFrame":[1.4901161193847657e-7,0,2.384185791015625e-7,0.6515958905220032,-0.6416140794754028,0.40466564893722536,0.7374221682548523,0.6608478426933289,-0.13960149884223939,-0.1778521090745926,0.38937318325042727,0.9037461876869202],"EasingStyle":"Linear","EasingDirection":"Out"},"Right Arm":{"Weight":1,"CFrame":[-0.14773288369178773,-0.13247805833816529,0.3428478240966797,0.9371402263641357,-0.34652119874954226,0.041124869138002399,0.09089847654104233,0.35619717836380007,0.9299790263175964,-0.3369060754776001,-0.8677825927734375,0.36530497670173647],"EasingStyle":"Linear","EasingDirection":"Out"},"Torso":{"Weight":1,"CFrame":[-0.1971787065267563,0.44827282428741457,-0.5039596557617188,0.6615915894508362,0.7324403524398804,-0.16071008145809174,-0.6522262692451477,0.6678248643875122,0.35862356424331667,0.3699965476989746,-0.13244304060935975,0.9195441603660584],"EasingStyle":"Linear","EasingDirection":"Out"},"HumanoidRootPart":{"Weight":0,"CFrame":[0,0,0,1,0,0,0,1,0,0,0,1],"EasingStyle":"Linear","EasingDirection":"In"},"Left Arm":{"Weight":1,"CFrame":[-0.06036333739757538,-0.1780344545841217,0.3601689338684082,0.9988244771957398,0.04846227541565895,0.0010209381580352784,-0.028807414695620538,0.5765288472175598,0.8165687322616577,0.03898416832089424,-0.8156383633613586,0.5772472620010376],"EasingStyle":"Linear","EasingDirection":"Out"}}},{"Time":0.1666666716337204,"poses":{"Left Leg":{"Weight":1,"CFrame":[0.06343719363212586,0.13018333911895753,-0.02243828773498535,0.7596275210380554,-0.3942926526069641,0.5172033309936523,0.3989088535308838,0.9105734825134277,0.10829461365938187,-0.513651430606842,0.12405350804328919,0.8489834666252136],"EasingStyle":"Linear","EasingDirection":"Out"},"Right Leg":{"Weight":1,"CFrame":[0.6954872608184815,0.378048300743103,-0.12555813789367677,0.7534275054931641,0.6103704571723938,0.24453014135360719,-0.6248403787612915,0.5488143563270569,0.5553171634674072,0.2047474980354309,-0.5711835622787476,0.7948760390281677],"EasingStyle":"Linear","EasingDirection":"Out"},"Head":{"Weight":1,"CFrame":[1.4901161193847657e-7,5.960464477539063e-8,1.1920928955078126e-7,0.6211379170417786,-0.6574922800064087,0.42648744583129885,0.7699010968208313,0.6136080026626587,-0.17532101273536683,-0.14642387628555299,0.4372517168521881,0.8873392939567566],"EasingStyle":"Linear","EasingDirection":"Out"},"Right Arm":{"Weight":1,"CFrame":[-0.1558823585510254,-0.1323239505290985,0.343564510345459,0.9636099934577942,-0.2671152651309967,0.010253637097775936,0.07087108492851258,0.292274534702301,0.953704833984375,-0.25774604082107546,-0.918272852897644,0.3005693852901459],"EasingStyle":"Linear","EasingDirection":"Out"},"Torso":{"Weight":1,"CFrame":[-0.1971786767244339,0.41205349564552309,-0.45105981826782229,0.6320605874061585,0.7630948424339294,-0.13485409319400788,-0.6684322953224182,0.6249270439147949,0.40331679582595827,0.39204296469688418,-0.16477985680103303,0.9050689935684204],"EasingStyle":"Linear","EasingDirection":"Out"},"HumanoidRootPart":{"Weight":0,"CFrame":[0,0,0,1,0,0,0,1,0,0,0,1],"EasingStyle":"Linear","EasingDirection":"In"},"Left Arm":{"Weight":1,"CFrame":[-0.022942349314689637,-0.17999687790870667,0.38047242164611819,0.9908410906791687,-0.11067654937505722,0.07736067473888397,-0.010853082872927189,0.5057752132415772,0.8625971078872681,-0.13459639251232148,-0.855536162853241,0.4999415874481201],"EasingStyle":"Linear","EasingDirection":"Out"}}},{"Time":0.18333333730697633,"poses":{"Left Leg":{"Weight":1,"CFrame":[0.1081344485282898,0.0173761248588562,-0.030584096908569337,0.7948856949806213,-0.41303446888923647,0.4444761872291565,0.4335150718688965,0.8991303443908691,0.060243718326091769,-0.42452487349510195,0.1448003053665161,0.8937625885009766],"EasingStyle":"Linear","EasingDirection":"Out"},"Right Leg":{"Weight":1,"CFrame":[0.6461398005485535,0.3326148986816406,-0.11024177074432373,0.7393407225608826,0.605790913105011,0.2939261794090271,-0.6462763547897339,0.5159536600112915,0.5622443556785584,0.18895027041435243,-0.6056477427482605,0.772973895072937],"EasingStyle":"Linear","EasingDirection":"Out"},"Head":{"Weight":1,"CFrame":[2.9802322387695315e-8,1.043081283569336e-7,-2.384185791015625e-7,0.5958927869796753,-0.6683902740478516,0.44515877962112429,0.7945054769515991,0.5713890790939331,-0.20561011135578156,-0.11693105101585388,0.47620269656181338,0.871526300907135],"EasingStyle":"Linear","EasingDirection":"Out"},"Right Arm":{"Weight":1,"CFrame":[-0.1617216169834137,-0.13221344351768495,0.34407806396484377,0.9800637364387512,-0.1985466182231903,-0.007370069157332182,0.05387058109045029,0.2298445850610733,0.9717352390289307,-0.1912408471107483,-0.9527595043182373,0.23595817387104035],"EasingStyle":"Linear","EasingDirection":"Out"},"Torso":{"Weight":1,"CFrame":[-0.1971786767244339,0.3809274733066559,-0.393582820892334,0.6070396304130554,0.7868483066558838,-0.11123212426900864,-0.6799188256263733,0.5867239832878113,0.43984708189964297,0.41135549545288088,-0.19137580692768098,0.8911576867103577],"EasingStyle":"Linear","EasingDirection":"Out"},"HumanoidRootPart":{"Weight":0,"CFrame":[0,0,0,1,0,0,0,1,0,0,0,1],"EasingStyle":"Linear","EasingDirection":"In"},"Left Arm":{"Weight":1,"CFrame":[0.015105202794075013,-0.18210729956626893,0.4019894599914551,0.9580264091491699,-0.25493180751800539,0.1311301738023758,-0.008561945520341397,0.4317619800567627,0.9019469618797302,-0.2865520417690277,-0.8652117848396301,0.4114566743373871],"EasingStyle":"Linear","EasingDirection":"Out"}}},{"Time":0.20000000298023225,"poses":{"Left Leg":{"Weight":1,"CFrame":[0.127717524766922,-0.09937071800231934,-0.03719043731689453,0.8367284536361694,-0.4256775379180908,0.34450551867485049,0.45544669032096865,0.8902416229248047,-0.006180757191032171,-0.30406221747398379,0.1620757132768631,0.9387639164924622],"EasingStyle":"Linear","EasingDirection":"Out"},"Right Leg":{"Weight":1,"CFrame":[0.5982726216316223,0.29322731494903567,-0.08964723348617554,0.7295105457305908,0.5984823107719421,0.3311091661453247,-0.6610701680183411,0.492744117975235,0.5658528208732605,0.17550097405910493,-0.6316819787025452,0.7551008462905884],"EasingStyle":"Linear","EasingDirection":"Out"},"Head":{"Weight":1,"CFrame":[2.682209014892578e-7,-5.960464477539063e-8,-1.1920928955078126e-7,0.5771801471710205,-0.6751664280891419,0.4593619406223297,0.811457097530365,0.5373234748840332,-0.22982783615589143,-0.09165388345718384,0.505404531955719,0.8580010533332825],"EasingStyle":"Linear","EasingDirection":"Out"},"Right Arm":{"Weight":1,"CFrame":[-0.16563570499420167,-0.1321391761302948,0.3444221019744873,0.9898207187652588,-0.14140398800373078,-0.01611936464905739,0.04060940071940422,0.17206446826457978,0.9842482805252075,-0.13640300929546357,-0.9748839735984802,0.17605529725551606],"EasingStyle":"Linear","EasingDirection":"Out"},"Torso":{"Weight":1,"CFrame":[-0.1971786767244339,0.35659271478652956,-0.3351130485534668,0.5878120064735413,0.8037514686584473,-0.09198204427957535,-0.6873694658279419,0.5561567544937134,0.4671325981616974,0.4266148805618286,-0.21136048436164857,0.8793898224830627],"EasingStyle":"Linear","EasingDirection":"Out"},"HumanoidRootPart":{"Weight":0,"CFrame":[0,0,0,1,0,0,0,1,0,0,0,1],"EasingStyle":"Linear","EasingDirection":"In"},"Left Arm":{"Weight":1,"CFrame":[0.052947357296943668,-0.1845390498638153,0.4231388568878174,0.9112184047698975,-0.3771648406982422,0.16561315953731538,-0.01931098848581314,0.36249274015426638,0.9317864775657654,-0.4114707112312317,-0.8522591590881348,0.3230266869068146],"EasingStyle":"Linear","EasingDirection":"Out"}}},{"Time":0.21666666865348817,"poses":{"Left Leg":{"Weight":1,"CFrame":[0.13053423166275025,-0.20497512817382813,-0.04831099510192871,0.8725927472114563,-0.42855820059776308,0.23434937000274659,0.45586922764778139,0.8868247270584106,-0.07566516846418381,-0.1754000335931778,0.17285756766796113,0.9692033529281616],"EasingStyle":"Linear","EasingDirection":"Out"},"Right Leg":{"Weight":1,"CFrame":[0.5532240867614746,0.2627726197242737,-0.06815552711486817,0.7265873551368713,0.5888229012489319,0.3540599048137665,-0.6673091650009155,0.48206081986427309,0.5677286982536316,0.1636132001876831,-0.6487718820571899,0.7431862354278565],"EasingStyle":"Linear","EasingDirection":"Out"},"Head":{"Weight":1,"CFrame":[1.043081283569336e-7,-8.940696716308594e-8,-1.1920928955078126e-7,0.5661138296127319,-0.6786984801292419,0.46784985065460207,0.8211153149604797,0.514337956905365,-0.24743914604187013,-0.07269641011953354,0.5242374539375305,0.8484635353088379],"EasingStyle":"Linear","EasingDirection":"Out"},"Right Arm":{"Weight":1,"CFrame":[-0.16800981760025025,-0.13209444284439088,0.3446310758590698,0.9952450394630432,-0.09525883197784424,-0.020323187112808229,0.03193911910057068,0.12205075472593308,0.9920098185539246,-0.09201714396476746,-0.9879419803619385,0.1245129257440567],"EasingStyle":"Linear","EasingDirection":"Out"},"Torso":{"Weight":1,"CFrame":[-0.1971786618232727,0.3407466411590576,-0.27923583984375,0.5755135416984558,0.8139553666114807,-0.07912569493055344,-0.6914994120597839,0.5360073447227478,0.4842774569988251,0.4365921914577484,-0.22399283945560456,0.871329128742218],"EasingStyle":"Linear","EasingDirection":"Out"},"HumanoidRootPart":{"Weight":0,"CFrame":[0,0,0,1,0,0,0,1,0,0,0,1],"EasingStyle":"Linear","EasingDirection":"In"},"Left Arm":{"Weight":1,"CFrame":[0.08975277841091156,-0.187468022108078,0.44233977794647219,0.8602088093757629,-0.4744625985622406,0.18688496947288514,-0.03889872133731842,0.30436310172080996,0.9517615437507629,-0.5084561705589294,-0.8259832859039307,0.24335981905460359],"EasingStyle":"Linear","EasingDirection":"Out"}}},{"Time":0.23333333432674409,"poses":{"Left Leg":{"Weight":1,"CFrame":[0.12192556262016297,-0.2808094024658203,-0.060407280921936038,0.895990252494812,-0.4210626482963562,0.14109468460083009,0.438131183385849,0.8899980187416077,-0.126272052526474,-0.07240559905767441,0.1749565750360489,0.981910228729248],"EasingStyle":"Linear","EasingDirection":"Out"},"Right Leg":{"Weight":1,"CFrame":[0.5131202936172485,0.2428206205368042,-0.049875736236572269,0.7326023578643799,0.5771480798721314,0.3608238995075226,-0.663240909576416,0.48614946007728579,0.5690080523490906,0.15298761427402497,-0.6561697721481323,0.7389425039291382],"EasingStyle":"Linear","EasingDirection":"Out"},"Head":{"Weight":1,"CFrame":[1.1920928955078126e-7,0,-2.980232238769531e-7,0.5636593699455261,-0.6796475052833557,0.469433069229126,0.8236854076385498,0.505063533782959,-0.25778502225875857,-0.0618906132876873,0.5319681763648987,0.8444995284080505],"EasingStyle":"Linear","EasingDirection":"Out"},"Right Arm":{"Weight":1,"CFrame":[-0.16922909021377564,-0.1320713758468628,0.344738245010376,0.9979661107063294,-0.05902860686182976,-0.024066617712378503,0.02892163023352623,0.08282311260700226,0.9961445331573486,-0.05680777132511139,-0.9948145151138306,0.08436185121536255],"EasingStyle":"Linear","EasingDirection":"Out"},"Torso":{"Weight":1,"CFrame":[-0.1971786767244339,0.3350874185562134,-0.22953557968139649,0.5711877942085266,0.81743323802948,-0.07448078691959381,-0.692826509475708,0.5287898182868958,0.4902782142162323,0.44015440344810488,-0.22843866050243379,0.8683777451515198],"EasingStyle":"Linear","EasingDirection":"Out"},"HumanoidRootPart":{"Weight":0,"CFrame":[0,0,0,1,0,0,0,1,0,0,0,1],"EasingStyle":"Linear","EasingDirection":"In"},"Left Arm":{"Weight":1,"CFrame":[0.12468898296356201,-0.19106683135032655,0.4580119848251343,0.8124594688415527,-0.5469449758529663,0.20189310610294343,-0.06299606710672379,0.26190659403800967,0.9630350470542908,-0.5796042680740356,-0.7951453924179077,0.17833314836025239],"EasingStyle":"Linear","EasingDirection":"Out"}}},{"Time":0.25,"poses":{"Left Leg":{"Weight":1,"CFrame":[0.10694608092308045,-0.31122148036956789,-0.061150431632995608,0.9101921319961548,-0.40554922819137576,0.08414321392774582,0.4136909246444702,0.9000785946846008,-0.13681507110595704,-0.020250380039215089,0.15933725237846375,0.987016499042511],"EasingStyle":"Linear","EasingDirection":"Out"},"Right Leg":{"Weight":1,"CFrame":[0.46882492303848269,0.22632694244384767,-0.03488814830780029,0.7440416812896729,0.5734179019927979,0.34291964769363406,-0.6507262587547302,0.5055355429649353,0.5665589570999146,0.15151691436767579,-0.6446903944015503,0.749277651309967],"EasingStyle":"Linear","EasingDirection":"Out"},"Head":{"Weight":1,"CFrame":[-1.4901161193847657e-8,1.1920928955078126e-7,1.1920928955078126e-7,0.5802705883979797,-0.6745269298553467,0.4563983380794525,0.8124812245368958,0.5181309580802918,-0.26723513007164,-0.056216806173324588,0.5258837342262268,0.8486965894699097],"EasingStyle":"Linear","EasingDirection":"Out"},"Right Arm":{"Weight":1,"CFrame":[-0.1696784496307373,-0.1320628523826599,0.34477782249450686,0.9990251660346985,-0.03130833059549332,-0.031120480969548227,0.032878581434488299,0.05730345472693443,0.9978152513504028,-0.02945670485496521,-0.9978657960891724,0.0582769401371479],"EasingStyle":"Linear","EasingDirection":"Out"},"Torso":{"Weight":1,"CFrame":[-0.1971786767244339,0.33739402890205386,-0.18959760665893556,0.5854377746582031,0.8072341680526733,-0.07507126033306122,-0.6872725486755371,0.5432793498039246,0.4821866750717163,0.4300222098827362,-0.23069587349891663,0.8728461265563965],"EasingStyle":"Linear","EasingDirection":"Out"},"HumanoidRootPart":{"Weight":0,"CFrame":[0,0,0,1,0,0,0,1,0,0,0,1],"EasingStyle":"Linear","EasingDirection":"In"},"Left Arm":{"Weight":1,"CFrame":[0.15692417323589326,-0.19551005959510804,0.4685741662979126,0.7730010747909546,-0.5960619449615479,0.21720817685127259,-0.08802557736635208,0.23829536139965058,0.9671953320503235,-0.6282681226730347,-0.7667629718780518,0.13173383474349976],"EasingStyle":"Linear","EasingDirection":"Out"}}},{"Time":0.2666666805744171,"poses":{"Left Leg":{"Weight":1,"CFrame":[0.06444141268730164,-0.3039933443069458,-0.04718291759490967,0.9218066930770874,-0.38505080342292788,0.0448148176074028,0.3876297175884247,0.9143979549407959,-0.11670288443565369,0.0039581130258738998,0.12494903802871704,0.9921552538871765],"EasingStyle":"Linear","EasingDirection":"Out"},"Right Leg":{"Weight":1,"CFrame":[0.4195172190666199,0.2116605043411255,-0.02740776538848877,0.7584131956100464,0.5784273147583008,0.3003850281238556,-0.6309518814086914,0.5360018014907837,0.5608937740325928,0.1634293496608734,-0.6149178743362427,0.7714706659317017],"EasingStyle":"Linear","EasingDirection":"Out"},"Head":{"Weight":1,"CFrame":[1.4901161193847657e-7,-2.9802322387695315e-8,1.1920928955078126e-7,0.6160476207733154,-0.6611419916152954,0.428225040435791,0.7858315110206604,0.5533415079116821,-0.2761918604373932,-0.054352644830942157,0.5066601037979126,0.860430896282196],"EasingStyle":"Linear","EasingDirection":"Out"},"Right Arm":{"Weight":1,"CFrame":[-0.16974246501922608,-0.13206157088279725,0.34478330612182619,0.9989319443702698,-0.010698086582124234,-0.044950220733881,0.045417092740535739,0.0483621321618557,0.9977967739105225,-0.008500575087964535,-0.9987725615501404,0.048796311020851138],"EasingStyle":"Linear","EasingDirection":"Out"},"Torso":{"Weight":1,"CFrame":[-0.1971786767244339,0.34385251998901369,-0.16300535202026368,0.6186334490776062,0.781624436378479,-0.07972373813390732,-0.6725349426269531,0.5792710781097412,0.46058839559555056,0.40618881583213808,-0.2313183844089508,0.884026288986206],"EasingStyle":"Linear","EasingDirection":"Out"},"HumanoidRootPart":{"Weight":0,"CFrame":[0,0,0,1,0,0,0,1,0,0,0,1],"EasingStyle":"Linear","EasingDirection":"In"},"Left Arm":{"Weight":1,"CFrame":[0.1856265366077423,-0.20097190141677857,0.4724464416503906,0.7449856996536255,-0.6229987144470215,0.23847222328186036,-0.1115274578332901,0.23613330721855164,0.9652992486953735,-0.6576913595199585,-0.7457302808761597,0.10643450915813446],"EasingStyle":"Linear","EasingDirection":"Out"}}},{"Time":0.28333333134651186,"poses":{"Left Leg":{"Weight":1,"CFrame":[-0.03492102026939392,-0.24536347389221192,-0.023982763290405275,0.9337342381477356,-0.35796287655830386,-0.0017113909125328065,0.35646840929985049,0.9302515387535095,-0.08696185052394867,0.03272109106183052,0.08058920502662659,0.9962101578712463],"EasingStyle":"Linear","EasingDirection":"Out"},"Right Leg":{"Weight":1,"CFrame":[0.3802541494369507,0.209708571434021,-0.03437072038650513,0.7784861922264099,0.5781418085098267,0.24435894191265107,-0.6004891395568848,0.5727136731147766,0.5580428838729858,0.1826801896095276,-0.5811635255813599,0.793017566204071],"EasingStyle":"Linear","EasingDirection":"Out"},"Head":{"Weight":1,"CFrame":[8.940696716308594e-8,0,-1.1920928955078126e-7,0.656848669052124,-0.6419891715049744,0.39547401666641238,0.7515897154808044,0.5995461344718933,-0.2750588059425354,-0.06052015349268913,0.4779062569141388,0.8763235211372376],"EasingStyle":"Linear","EasingDirection":"Out"},"Right Arm":{"Weight":1,"CFrame":[-0.16974246501922608,-0.13206151127815247,0.3447835445404053,0.9978888034820557,0.007394134998321533,-0.06452309340238571,0.06405816972255707,0.05159658566117287,0.9966114163398743,0.010698169469833374,-0.9986406564712524,0.05101402476429939],"EasingStyle":"Linear","EasingDirection":"Out"},"Torso":{"Weight":1,"CFrame":[-0.1971786767244339,0.3537709414958954,-0.15334510803222657,0.6567569375038147,0.7483680248260498,-0.09282074868679047,-0.6518580913543701,0.6252799034118652,0.42907586693763735,0.3791455924510956,-0.22129258513450623,0.8984866142272949],"EasingStyle":"Linear","EasingDirection":"Out"},"HumanoidRootPart":{"Weight":0,"CFrame":[0,0,0,1,0,0,0,1,0,0,0,1],"EasingStyle":"Linear","EasingDirection":"In"},"Left Arm":{"Weight":1,"CFrame":[0.21015453338623048,-0.20755070447921754,0.4723203182220459,0.7263640761375427,-0.6352048516273499,0.26250746846199038,-0.13003627955913545,0.2480299323797226,0.9599853157997131,-0.6748968958854675,-0.731434166431427,0.09756042808294296],"EasingStyle":"Linear","EasingDirection":"Out"}}},{"Time":0.30000001192092898,"poses":{"Left Leg":{"Weight":1,"CFrame":[-0.1658463478088379,-0.1492781639099121,-0.003462076187133789,0.9455104470252991,-0.32288816571235659,-0.0418720468878746,0.3207176923751831,0.9457913041114807,-0.05117584764957428,0.05612620711326599,0.03495818376541138,0.997811496257782],"EasingStyle":"Linear","EasingDirection":"Out"},"Right Leg":{"Weight":1,"CFrame":[0.35791733860969546,0.22342753410339356,-0.05401301383972168,0.8048794865608215,0.5641133189201355,0.1842421591281891,-0.5585028529167175,0.6151136755943298,0.5565156936645508,0.2006080001592636,-0.5508279204368591,0.8101512789726257],"EasingStyle":"Linear","EasingDirection":"Out"},"Head":{"Weight":1,"CFrame":[-1.4901161193847657e-7,-7.450580596923828e-8,-1.1920928955078126e-7,0.6931520104408264,-0.6224580407142639,0.3634369373321533,0.7170429825782776,0.6468324065208435,-0.2597251832485199,-0.07341480255126953,0.44062888622283938,0.8946822881698608],"EasingStyle":"Linear","EasingDirection":"Out"},"Right Arm":{"Weight":1,"CFrame":[-0.16974246501922608,-0.13206160068511964,0.3447835445404053,0.995893120765686,0.024770135059952737,-0.08708216995000839,0.08545373380184174,0.06057145446538925,0.9944992661476135,0.029908500611782075,-0.9978564977645874,0.05820605158805847],"EasingStyle":"Linear","EasingDirection":"Out"},"Torso":{"Weight":1,"CFrame":[-0.1971786916255951,0.3664573132991791,-0.15797758102416993,0.6904733180999756,0.7144404649734497,-0.1132315993309021,-0.6309814453125,0.6714144945144653,0.38867074251174929,0.3537074327468872,-0.19691972434520722,0.9143925309181213],"EasingStyle":"Linear","EasingDirection":"Out"},"HumanoidRootPart":{"Weight":0,"CFrame":[0,0,0,1,0,0,0,1,0,0,0,1],"EasingStyle":"Linear","EasingDirection":"In"},"Left Arm":{"Weight":1,"CFrame":[0.23062944412231446,-0.21504056453704835,0.4714393615722656,0.7139061689376831,-0.6395887136459351,0.2850687503814697,-0.14340154826641084,0.2649359703063965,0.9535433053970337,-0.6854006052017212,-0.7216198444366455,0.09742136299610138],"EasingStyle":"Linear","EasingDirection":"Out"}}},{"Time":0.3166666626930237,"poses":{"Left Leg":{"Weight":1,"CFrame":[-0.31064724922180178,-0.01859140396118164,0.010042309761047364,0.9564094543457031,-0.28262850642204287,-0.07349857687950134,0.28292152285575869,0.9591202735900879,-0.006611227989196777,0.07236242294311524,-0.014471189118921757,0.9972733855247498],"EasingStyle":"Linear","EasingDirection":"Out"},"Right Leg":{"Weight":1,"CFrame":[0.3464219272136688,0.2479252815246582,-0.07913744449615479,0.8346469402313232,0.5370767116546631,0.1221197172999382,-0.5074427723884583,0.663615345954895,0.5496512055397034,0.2141643911600113,-0.5207333564758301,0.8264201879501343],"EasingStyle":"Linear","EasingDirection":"Out"},"Head":{"Weight":1,"CFrame":[4.470348358154297e-8,1.1920928955078126e-7,-5.960464477539063e-7,0.7247070074081421,-0.6047562956809998,0.3302565813064575,0.68348318338