{"Sequence":[{"Time":0,"poses":{"Left Leg":{"Weight":1,"CFrame":[0.028679318726062776,0.23442792892456056,-0.05918627977371216,0.9155707955360413,0.07433421909809113,0.39522722363471987,-0.16129840910434724,0.9681336879730225,0.1915723830461502,-0.36839237809181216,-0.2391476184129715,0.8983849287033081],"EasingStyle":"Linear","EasingDirection":"Out"},"Right Leg":{"Weight":1,"CFrame":[0.037622611969709399,0.1747341752052307,-0.0657038688659668,0.9219068288803101,0.3239632844924927,-0.2124515026807785,-0.23148442804813386,0.90036541223526,0.368452250957489,0.31064897775650027,-0.2904994785785675,0.9050454497337341],"EasingStyle":"Linear","EasingDirection":"Out"},"Head":{"Weight":1,"CFrame":[1.4819670468568803e-7,-4.71482053399086e-9,-1.1920928955078126e-7,0.9336779117584229,-0.3581135869026184,-0.0004094709292985499,0.3581084609031677,0.9336569905281067,0.006555003579705954,-0.001965131377801299,-0.006266897078603506,0.9999784231185913],"EasingStyle":"Linear","EasingDirection":"Out"},"Right Arm":{"Weight":1,"CFrame":[-0.24539829790592194,-0.23527386784553529,0.07371294498443604,0.9625841975212097,-0.25964659452438357,0.07755858451128006,0.22816799581050874,0.9309957027435303,0.2849321961402893,-0.14618836343288423,-0.2565748393535614,0.9554048180580139],"EasingStyle":"Linear","EasingDirection":"Out"},"Torso":{"Weight":1,"CFrame":[1.1649231623778178e-7,-0.13500000536441804,-0.18884706497192384,0.9336779117584229,0.3581084609031677,-0.0019651944749057295,-0.3581135869026184,0.9336569905281067,-0.006266897078603506,-0.00040941094630397856,0.006555026397109032,0.9999784231185913],"EasingStyle":"Linear","EasingDirection":"Out"},"HumanoidRootPart":{"Weight":0,"CFrame":[0,0,0,1,0,0,0,1,0,0,0,1],"EasingStyle":"Linear","EasingDirection":"In"},"Left Arm":{"Weight":1,"CFrame":[0.20885005593299867,-0.23507359623908997,0.16900348663330079,0.8852015733718872,0.3936660587787628,-0.24788148701190949,-0.3116423189640045,0.8974109292030335,0.3123023211956024,0.3453942835330963,-0.19920016825199128,0.9170725345611572],"EasingStyle":"Linear","EasingDirection":"Out"}}},{"Time":0.01666666753590107,"poses":{"Left Leg":{"Weight":1,"CFrame":[0.024476556107401849,0.2391940951347351,-0.06030404567718506,0.9171165823936462,0.07432091236114502,0.3916294276714325,-0.1613566130399704,0.967592179775238,0.19424089789390565,-0.36450138688087466,-0.24133345484733582,0.8993869423866272],"EasingStyle":"Linear","EasingDirection":"Out"},"Right Leg":{"Weight":1,"CFrame":[0.04582470655441284,0.18164658546447755,-0.06771045923233032,0.918321967124939,0.3319943845272064,-0.2155560851097107,-0.2379852533340454,0.898220956325531,0.36954325437545779,0.3163032531738281,-0.2880604565143585,0.9038657546043396],"EasingStyle":"Linear","EasingDirection":"Out"},"Head":{"Weight":1,"CFrame":[1.5273690223693848e-7,-4.190951585769653e-9,2.384185791015625e-7,0.9323717355728149,-0.3614060878753662,0.008279160596430302,0.36145442724227908,0.9323745965957642,-0.005319581367075443,-0.005796750076115131,0.007952367886900902,0.9999516010284424],"EasingStyle":"Linear","EasingDirection":"Out"},"Right Arm":{"Weight":1,"CFrame":[-0.2453608512878418,-0.2352156937122345,0.07370364665985108,0.9672077298164368,-0.24325259029865266,0.07305731624364853,0.21363215148448945,0.9347248673439026,0.283990740776062,-0.13736999034881593,-0.25907066464424136,0.9560396671295166],"EasingStyle":"Linear","EasingDirection":"Out"},"Torso":{"Weight":1,"CFrame":[-0.015334741212427616,-0.13500002026557923,-0.19653558731079102,0.9351966381072998,0.35408103466033938,-0.005816920660436153,-0.35411396622657778,0.9351816773414612,-0.0062064821831882,0.0032422803342342378,0.007864133454859257,0.9999638199806213],"EasingStyle":"Linear","EasingDirection":"Out"},"HumanoidRootPart":{"Weight":0,"CFrame":[0,0,0,1,0,0,0,1,0,0,0,1],"EasingStyle":"Linear","EasingDirection":"In"},"Left Arm":{"Weight":1,"CFrame":[0.19552674889564515,-0.23975974321365357,0.17310214042663575,0.8713772296905518,0.4403764307498932,-0.2162642627954483,-0.34978747367858889,0.8667359948158264,0.35555246472358706,0.3440209627151489,-0.23417380452156068,0.9092921614646912],"EasingStyle":"Linear","EasingDirection":"Out"}}},{"Time":0.03333333507180214,"poses":{"Left Leg":{"Weight":1,"CFrame":[0.01469966396689415,0.24883407354354859,-0.06201612949371338,0.9206621646881104,0.07660144567489624,0.38277074694633486,-0.1619505137205124,0.9671410918235779,0.19598498940467835,-0.3551805913448334,-0.2424258440732956,0.9028158187866211],"EasingStyle":"Linear","EasingDirection":"Out"},"Right Leg":{"Weight":1,"CFrame":[0.06854125112295151,0.19986611604690553,-0.0729784369468689,0.9092562794685364,0.3512507677078247,-0.2233288586139679,-0.2521023452281952,0.8916648030281067,0.3760030269622803,0.3312060236930847,-0.28558140993118288,0.8993030190467835],"EasingStyle":"Linear","EasingDirection":"Out"},"Head":{"Weight":1,"CFrame":[1.4901161193847657e-7,1.1175870895385743e-8,-5.960464477539063e-8,0.9298692345619202,-0.36663758754730227,0.030332885682582856,0.3674921989440918,0.9295348525047302,-0.030239852145314218,-0.017108405008912088,0.039266206324100497,0.9990823268890381],"EasingStyle":"Linear","EasingDirection":"Out"},"Right Arm":{"Weight":1,"CFrame":[-0.2451859414577484,-0.23501119017601014,0.07363855838775635,0.9780985116958618,-0.1993267685174942,0.059934742748737338,0.17496204376220704,0.9433301091194153,0.28198689222335818,-0.1127457320690155,-0.2653246521949768,0.9575443863868713],"EasingStyle":"Linear","EasingDirection":"Out"},"Torso":{"Weight":1,"CFrame":[-0.050612349063158038,-0.13500003516674043,-0.21599626541137696,0.9388484358787537,0.34387895464897158,-0.01763046719133854,-0.3440302908420563,0.938937246799469,-0.006326721515506506,0.014378273859620095,0.012005247175693512,0.999824583530426],"EasingStyle":"Linear","EasingDirection":"Out"},"HumanoidRootPart":{"Weight":0,"CFrame":[0,0,0,1,0,0,0,1,0,0,0,1],"EasingStyle":"Linear","EasingDirection":"In"},"Left Arm":{"Weight":1,"CFrame":[0.15951518714427949,-0.25184667110443118,0.18367278575897218,0.8181273341178894,0.5637584328651428,-0.11333221942186356,-0.4572747051715851,0.7573224306106567,0.4662216305732727,0.34866538643836977,-0.3296046555042267,0.8773785829544067],"EasingStyle":"Linear","EasingDirection":"Out"}}},{"Time":0.05000000074505806,"poses":{"Left Leg":{"Weight":1,"CFrame":[-0.0029018819332122804,0.26830780506134035,-0.06338536739349365,0.9249781370162964,0.08120304346084595,0.3712431788444519,-0.1610749512910843,0.9685848355293274,0.18946827948093415,-0.3441951274871826,-0.2350519746541977,0.9089996218681336],"EasingStyle":"Linear","EasingDirection":"Out"},"Right Leg":{"Weight":1,"CFrame":[0.10564439743757248,0.22895610332489015,-0.08109444379806519,0.8984107375144959,0.37101736664772036,-0.23495566844940186,-0.2631867229938507,0.8831716775894165,0.38825318217277529,0.3515549302101135,-0.28697362542152407,0.8910977840423584],"EasingStyle":"Linear","EasingDirection":"Out"},"Head":{"Weight":1,"CFrame":[1.7136335372924806e-7,-1.1175870895385743e-8,-2.384185791015625e-7,0.92825847864151,-0.36713361740112307,0.059574395418167117,0.3701823651790619,0.9274886250495911,-0.052248526364564899,-0.036072373390197757,0.07055353373289108,0.9968555569648743],"EasingStyle":"Linear","EasingDirection":"Out"},"Right Arm":{"Weight":1,"CFrame":[-0.2447795420885086,-0.2346116304397583,0.07346165180206299,0.9899941682815552,-0.1356823891401291,0.03875349089503288,0.11955203115940094,0.9523984789848328,0.2804362177848816,-0.07495904713869095,-0.2729971408843994,0.9590900540351868],"EasingStyle":"Linear","EasingDirection":"Out"},"Torso":{"Weight":1,"CFrame":[-0.08974228799343109,-0.1350000649690628,-0.24182367324829102,0.9431321024894714,0.3302641212940216,-0.03778170794248581,-0.3307466506958008,0.9436925053596497,-0.0071462104097008709,0.03329417482018471,0.019235990941524507,0.9992604851722717],"EasingStyle":"Linear","EasingDirection":"Out"},"HumanoidRootPart":{"Weight":0,"CFrame":[0,0,0,1,0,0,0,1,0,0,0,1],"EasingStyle":"Linear","EasingDirection":"In"},"Left Arm":{"Weight":1,"CFrame":[0.10675305128097534,-0.2683737874031067,0.19812607765197755,0.6929395198822022,0.71622234582901,0.08282651752233505,-0.6113078594207764,0.5227208733558655,0.5941932797431946,0.3822793662548065,-0.46237263083457949,0.8000463247299194],"EasingStyle":"Linear","EasingDirection":"Out"}}},{"Time":0.06666667014360428,"poses":{"Left Leg":{"Weight":1,"CFrame":[-0.03983096033334732,0.3426109552383423,-0.07116645574569702,0.9296339750289917,0.08245822042226792,0.359139621257782,-0.15346775949001313,0.972728967666626,0.17391376197338105,-0.33500489592552187,-0.21679259836673737,0.9169365763664246],"EasingStyle":"Linear","EasingDirection":"Out"},"Right Leg":{"Weight":1,"CFrame":[0.15947489440441132,0.27746260166168215,-0.09277850389480591,0.8908236026763916,0.3779899775981903,-0.25210490822792055,-0.2608673572540283,0.8798099756240845,0.3973444402217865,0.3719966411590576,-0.2881978750228882,0.8823607563972473],"EasingStyle":"Linear","EasingDirection":"Out"},"Head":{"Weight":1,"CFrame":[1.564621925354004e-7,2.2351741790771486e-8,0,0.9294211864471436,-0.35787588357925417,0.09000645577907562,0.3634504973888397,0.9299646019935608,-0.05540372431278229,-0.06387515366077423,0.08420628309249878,0.9943989515304565],"EasingStyle":"Linear","EasingDirection":"Out"},"Right Arm":{"Weight":1,"CFrame":[-0.24404768645763398,-0.23396983742713929,0.07311749458312988,0.9980960488319397,-0.06081134080886841,0.01030722726136446,0.055475085973739627,0.9581267833709717,0.2809191942214966,-0.026958687230944635,-0.27981260418891909,0.9596760869026184],"EasingStyle":"Linear","EasingDirection":"Out"},"Torso":{"Weight":1,"CFrame":[-0.1166340708732605,-0.13500016927719117,-0.2686119079589844,0.94643634557724,0.3159436583518982,-0.06661684066057205,-0.3172147274017334,0.9483093619346619,-0.009175466373562813,0.06027444452047348,0.02981583960354328,0.9977364540100098],"EasingStyle":"Linear","EasingDirection":"Out"},"HumanoidRootPart":{"Weight":0,"CFrame":[0,0,0,1,0,0,0,1,0,0,0,1],"EasingStyle":"Linear","EasingDirection":"In"},"Left Arm":{"Weight":1,"CFrame":[0.04317813366651535,-0.286380410194397,0.21387386322021485,0.47477245330810549,0.8033323884010315,0.35951101779937746,-0.746173620223999,0.15079456567764283,0.6484488248825073,0.466707706451416,-0.5761233568191528,0.6710186004638672],"EasingStyle":"Linear","EasingDirection":"Out"}}},{"Time":0.0833333358168602,"poses":{"Left Leg":{"Weight":1,"CFrame":[-0.09005486965179444,0.4671674966812134,-0.032332003116607669,0.9058890342712402,-0.10008371621370316,0.41151943802833559,0.053763508796691897,0.9909910559654236,0.12266319990158081,-0.42008867859840395,-0.08899454772472382,0.9031087756156921],"EasingStyle":"Linear","EasingDirection":"Out"},"Right Leg":{"Weight":1,"CFrame":[0.24394844472408296,0.3592579960823059,-0.10076141357421875,0.8847813606262207,0.37656405568122866,-0.27452045679092409,-0.25587308406829836,0.8849151134490967,0.38917112350463869,0.38947513699531557,-0.2740890085697174,0.8793089985847473],"EasingStyle":"Linear","EasingDirection":"Out"},"Head":{"Weight":1,"CFrame":[1.4528632164001466e-7,1.1175870895385743e-8,-5.960464477539063e-8,0.9349986910820007,-0.3345736265182495,0.11763475090265274,0.341465026140213,0.9388757944107056,-0.0437481515109539,-0.09580742567777634,0.0810726210474968,0.9920928478240967],"EasingStyle":"Linear","EasingDirection":"Out"},"Right Arm":{"Weight":1,"CFrame":[-0.24289652705192567,-0.23303848505020142,0.07255005836486817,0.9995800256729126,0.015854544937610627,-0.024257414042949678,-0.008296076208353043,0.9585891962051392,0.28467169404029848,0.027766238898038865,-0.2843509018421173,0.9583181142807007],"EasingStyle":"Linear","EasingDirection":"Out"},"Torso":{"Weight":1,"CFrame":[-0.12851203978061677,-0.14735372364521027,-0.2917213439941406,0.9476132392883301,0.3023703396320343,-0.10296253114938736,-0.30523189902305605,0.9521907567977905,-0.012893714010715485,0.09414128959178925,0.043645698577165607,0.9946016669273377],"EasingStyle":"Linear","EasingDirection":"Out"},"HumanoidRootPart":{"Weight":0,"CFrame":[0,0,0,1,0,0,0,1,0,0,0,1],"EasingStyle":"Linear","EasingDirection":"In"},"Left Arm":{"Weight":1,"CFrame":[-0.025272268801927568,-0.3029070794582367,0.22832739353179933,0.21103328466415406,0.7539361119270325,0.6221296191215515,-0.7839432954788208,-0.24962680041790009,0.568435788154602,0.5838645696640015,-0.6076732277870178,0.5383636355400086],"EasingStyle":"Linear","EasingDirection":"Out"}}},{"Time":0.10000000149011612,"poses":{"Left Leg":{"Weight":1,"CFrame":[-0.14850810170173646,0.3620107173919678,0.06043970584869385,0.732458233833313,-0.44337451457977297,0.5166467428207398,0.4486512541770935,0.8851275444030762,0.12353645265102387,-0.5120712518692017,0.14130890369415284,0.8472395539283752],"EasingStyle":"Linear","EasingDirection":"Out"},"Right Leg":{"Weight":1,"CFrame":[0.3386649489402771,0.46084684133529665,-0.08335918188095093,0.875737190246582,0.3627086281776428,-0.3186328411102295,-0.25421565771102908,0.9075133204460144,0.334355890750885,0.41043731570243838,-0.21180643141269685,0.8869494199752808],"EasingStyle":"Linear","EasingDirection":"Out"},"Head":{"Weight":1,"CFrame":[2.3096799850463868e-7,0,4.76837158203125e-7,0.9449676275253296,-0.29681265354156496,0.13761676847934724,0.30384424328804018,0.9521577954292297,-0.032775912433862689,-0.12130457162857056,0.07278623431921005,0.9899430871009827],"EasingStyle":"Linear","EasingDirection":"Out"},"Right Arm":{"Weight":1,"CFrame":[-0.24123194813728333,-0.2317696213722229,0.07170331478118897,0.9943991899490356,0.08442837744951248,-0.06357763707637787,-0.062341976910829547,0.9543171525001526,0.29221948981285097,0.08534480631351471,-0.28661924600601199,0.9542356133460999],"EasingStyle":"Linear","EasingDirection":"Out"},"Torso":{"Weight":1,"CFrame":[-0.13461148738861085,-0.17453144490718842,-0.30957508087158205,0.9479103684425354,0.28625860810279848,-0.13972096145153047,-0.29162004590034487,0.9563435912132263,-0.019095782190561296,0.128154918551445,0.058846525847911838,0.9900067448616028],"EasingStyle":"Linear","EasingDirection":"Out"},"HumanoidRootPart":{"Weight":0,"CFrame":[0,0,0,1,0,0,0,1,0,0,0,1],"EasingStyle":"Linear","EasingDirection":"In"},"Left Arm":{"Weight":1,"CFrame":[-0.09266012907028198,-0.3149935007095337,0.2388979196548462,-0.011340171098709107,0.63313227891922,0.7739605903625488,-0.7363190054893494,-0.5289695262908936,0.42193078994750979,0.6765395402908325,-0.5650970935821533,0.47218582034111025],"EasingStyle":"Linear","EasingDirection":"Out"}}},{"Time":0.11666666716337204,"poses":{"Left Leg":{"Weight":1,"CFrame":[-0.04722197353839874,0.2130710482597351,0.05348610877990723,0.5766224265098572,-0.5605068802833557,0.5944228172302246,0.610119640827179,0.779300332069397,0.1429867148399353,-0.5433788895606995,0.2802196443080902,0.791338324546814],"EasingStyle":"Linear","EasingDirection":"Out"},"Right Leg":{"Weight":1,"CFrame":[0.38737887144088747,0.5470013618469238,-0.030120909214019777,0.8667688369750977,0.31414806842803957,-0.38732779026031496,-0.2439461201429367,0.9444761872291565,0.22012484073638917,0.43497371673583987,-0.09631025046110153,0.895277738571167],"EasingStyle":"Linear","EasingDirection":"Out"},"Head":{"Weight":1,"CFrame":[1.2665987014770509e-7,-7.450580596923828e-9,-1.7881393432617188e-7,0.9583406448364258,-0.2469908744096756,0.14345267415046693,0.25276896357536318,0.9672468900680542,-0.023266559466719629,-0.13300751149654389,0.05855768918991089,0.9893836379051209],"EasingStyle":"Linear","EasingDirection":"Out"},"Right Arm":{"Weight":1,"CFrame":[-0.23896005749702454,-0.23011675477027894,0.07052195072174072,0.9850730299949646,0.13531364500522614,-0.10640159994363785,-0.0974695086479187,0.9479457139968872,0.3031478524208069,0.141882985830307,-0.2882518470287323,0.9469847083091736],"EasingStyle":"Linear","EasingDirection":"Out"},"Torso":{"Weight":1,"CFrame":[-0.13685864210128785,-0.20170915126800538,-0.3213644027709961,0.9498790502548218,0.26340189576148989,-0.16837236285209657,-0.27183499932289126,0.9619144201278687,-0.028747672215104104,0.15438760817050935,0.07307630777359009,0.9853041768074036],"EasingStyle":"Linear","EasingDirection":"Out"},"HumanoidRootPart":{"Weight":0,"CFrame":[0,0,0,1,0,0,0,1,0,0,0,1],"EasingStyle":"Linear","EasingDirection":"In"},"Left Arm":{"Weight":1,"CFrame":[-0.15304811298847199,-0.31968069076538088,0.2429966926574707,-0.15807412564754487,0.5699483752250671,0.8063321113586426,-0.6900303363800049,-0.6478750109672546,0.32267045974731448,0.7063077688217163,-0.5053877830505371,0.49569374322891238],"EasingStyle":"Linear","EasingDirection":"Out"}}},{"Time":0.13333334028720857,"poses":{"Left Leg":{"Weight":1,"CFrame":[0.018257854506373407,0.17894881963729859,0.04405617713928223,0.5530524849891663,-0.5164144039154053,0.6537959575653076,0.617581844329834,0.7808287143707275,0.09433519095182419,-0.55921870470047,0.35160017013549807,0.7507674098014832],"EasingStyle":"Linear","EasingDirection":"Out"},"Right Leg":{"Weight":1,"CFrame":[0.33866211771965029,0.5606047511100769,0.05484175682067871,0.8647525906562805,0.20518319308757783,-0.45836973190307619,-0.21018151938915254,0.9768134951591492,0.04073278605937958,0.45609942078590395,0.061117082834243777,0.8878276944160461],"EasingStyle":"Linear","EasingDirection":"Out"},"Head":{"Weight":1,"CFrame":[2.60770320892334e-8,1.30385160446167e-8,-2.384185791015625e-7,0.9738561511039734,-0.18716490268707276,0.12873783707618714,0.19069473445415498,0.9815261960029602,-0.015550749376416207,-0.12344904243946076,0.039693817496299747,0.991556704044342],"EasingStyle":"Linear","EasingDirection":"Out"},"Right Arm":{"Weight":1,"CFrame":[-0.2359868884086609,-0.22803077101707459,0.06894969940185547,0.9754244685173035,0.15957991778850556,-0.15192538499832154,-0.10504047572612763,0.9429189562797546,0.3160228133201599,0.19368420541286469,-0.29229801893234255,0.9365085363388062],"EasingStyle":"Linear","EasingDirection":"Out"},"Torso":{"Weight":1,"CFrame":[-0.1371796876192093,-0.2140626460313797,-0.3262782096862793,0.9563767910003662,0.22978736460208894,-0.18039177358150483,-0.24100621044635774,0.9695858955383301,-0.04265257343649864,0.16510429978370667,0.08426748216152191,0.9826695919036865],"EasingStyle":"Linear","EasingDirection":"Out"},"HumanoidRootPart":{"Weight":0,"CFrame":[0,0,0,1,0,0,0,1,0,0,0,1],"EasingStyle":"Linear","EasingDirection":"In"},"Left Arm":{"Weight":1,"CFrame":[-0.20258788764476777,-0.299186646938324,0.24214160442352296,-0.3121674358844757,0.6575754880905151,0.685671865940094,-0.6466969847679138,-0.6757923364639282,0.3536773920059204,0.6959414482116699,-0.3330153822898865,0.6362125277519226],"EasingStyle":"Linear","EasingDirection":"Out"}}},{"Time":0.15000000596046449,"poses":{"Left Leg":{"Weight":1,"CFrame":[0.08261550217866898,0.1351027488708496,0.016167640686035157,0.5625802874565125,-0.45916977524757388,0.6875075101852417,0.6006262898445129,0.7984379529953003,0.04177134484052658,-0.5681122541427612,0.38943541049957278,0.7249748706817627],"EasingStyle":"Linear","EasingDirection":"Out"},"Right Leg":{"Weight":1,"CFrame":[0.2326856255531311,0.46463096141815188,0.13150465488433839,0.8629869222640991,0.0591503344476223,-0.5017516613006592,-0.15839476883411408,0.9747296571731567,-0.15752218663692475,0.4797547459602356,0.21541444957256318,0.8505480885505676],"EasingStyle":"Linear","EasingDirection":"Out"},"Head":{"Weight":1,"CFrame":[1.1175870895385742e-7,-7.450580596923828e-9,-3.5762786865234377e-7,0.9882056713104248,-0.12059007585048676,0.0943799614906311,0.12191048264503479,0.9925061464309692,-0.008330653421580792,-0.0926680788397789,0.01973830536007881,0.9955013990402222],"EasingStyle":"Linear","EasingDirection":"Out"},"Right Arm":{"Weight":1,"CFrame":[-0.23219189047813416,-0.22546586394309998,0.06617414951324463,0.9670271873474121,0.15983019769191743,-0.19827452301979066,-0.08776137977838516,0.9399959444999695,0.32970520853996279,0.23907408118247987,-0.3014330565929413,0.9230285286903381],"EasingStyle":"Linear","EasingDirection":"Out"},"Torso":{"Weight":1,"CFrame":[-0.13023151457309724,-0.21395578980445863,-0.32725954055786135,0.967568039894104,0.18288324773311616,-0.17425784468650819,-0.19579587876796723,0.978813886642456,-0.05989496409893036,0.15961222350597382,0.09207142889499664,0.9828767776489258],"EasingStyle":"Linear","EasingDirection":"Out"},"HumanoidRootPart":{"Weight":0,"CFrame":[0,0,0,1,0,0,0,1,0,0,0,1],"EasingStyle":"Linear","EasingDirection":"In"},"Left Arm":{"Weight":1,"CFrame":[-0.24578958749771119,-0.2541002929210663,0.23998939990997315,-0.5127705931663513,0.7720369100570679,0.37553340196609499,-0.5921929478645325,-0.6347647905349731,0.4963679611682892,0.6215897798538208,0.032134704291820529,0.7826835513114929],"EasingStyle":"Linear","EasingDirection":"Out"}}},{"Time":0.1666666716337204,"poses":{"Left Leg":{"Weight":1,"CFrame":[0.1506398320198059,0.08763796091079712,-0.032592058181762698,0.594575822353363,-0.39949163794517519,0.6977723240852356,0.5656101107597351,0.8246139287948608,-0.009848027490079403,-0.5714585185050964,0.40052247047424319,0.7162519097328186],"EasingStyle":"Linear","EasingDirection":"Out"},"Right Leg":{"Weight":1,"CFrame":[0.1686629354953766,0.32362210750579836,0.1532440185546875,0.8578777313232422,-0.061202291399240497,-0.5101961493492127,-0.10646077245473862,0.9501696228981018,-0.2929910719394684,0.5027045607566834,0.30566638708114626,0.8086137175559998],"EasingStyle":"Linear","EasingDirection":"Out"},"Head":{"Weight":1,"CFrame":[1.341104507446289e-7,-2.2351741790771486e-8,-5.364418029785156e-7,0.9969570636749268,-0.058635883033275607,0.05136596038937569,0.058678802102804187,0.9982767105102539,0.0006733732298016548,-0.05131691321730614,0.002342791296541691,0.9986796975135803],"EasingStyle":"Linear","EasingDirection":"Out"},"Right Arm":{"Weight":1,"CFrame":[-0.227347731590271,-0.22238019108772279,0.06162369251251221,0.9587042927742004,0.14666716754436494,-0.2436695694923401,-0.056195203214883807,0.9375672340393066,0.3432343006134033,0.27879783511161806,-0.315367192029953,0.9070916771888733],"EasingStyle":"Linear","EasingDirection":"Out"},"Torso":{"Weight":1,"CFrame":[-0.11100702732801438,-0.21320784091949464,-0.32785511016845705,0.9791648983955383,0.1275554895401001,-0.15800553560256959,-0.14108189940452577,0.9869571924209595,-0.07753297686576843,0.1460549384355545,0.09820928424596787,0.98438960313797],"EasingStyle":"Linear","EasingDirection":"Out"},"HumanoidRootPart":{"Weight":0,"CFrame":[0,0,0,1,0,0,0,1,0,0,0,1],"EasingStyle":"Linear","EasingDirection":"In"},"Left Arm":{"Weight":1,"CFrame":[-0.28925299644470217,-0.20901384949684144,0.23715901374816895,-0.6651325225830078,0.7467226386070252,0.0020011067390441896,-0.5744720101356506,-0.5134111046791077,0.6374878287315369,0.47705408930778506,0.42286449670791628,0.7704578042030335],"EasingStyle":"Linear","EasingDirection":"Out"}}},{"Time":0.18333333730697633,"poses":{"Left Leg":{"Weight":1,"CFrame":[0.21127022802829743,0.041269659996032718,-0.0866054892539978,0.6345795392990112,-0.35002508759498598,0.6890510320663452,0.5239145159721375,0.850267767906189,-0.050577376037836078,-0.5681746006011963,0.3930993676185608,0.7229457497596741],"EasingStyle":"Linear","EasingDirection":"Out"},"Right Leg":{"Weight":1,"CFrame":[0.14294752478599549,0.20313167572021485,0.1345757246017456,0.8523186445236206,-0.1493496149778366,-0.5012462139129639,-0.0502290353178978,0.9305606484413147,-0.36267614364624026,0.5206054449081421,0.3342927098274231,0.7856323719024658],"EasingStyle":"Linear","EasingDirection":"Out"},"Head":{"Weight":1,"CFrame":[1.6205012798309327e-7,2.7939677238464357e-9,0,0.999931812286377,-0.008642214350402356,0.007856477983295918,0.008540102280676365,0.999879777431488,0.012941444292664528,-0.007967349141836167,-0.012873462401330471,0.9998853802680969],"EasingStyle":"Linear","EasingDirection":"Out"},"Right Arm":{"Weight":1,"CFrame":[-0.2212005853652954,-0.21873128414154054,0.05560266971588135,0.9496996402740479,0.12341984361410141,-0.2878161370754242,-0.0139052364975214,0.9347767233848572,0.3549634516239166,0.3128533959388733,-0.3331065773963928,0.8894733190536499],"EasingStyle":"Linear","EasingDirection":"Out"},"Torso":{"Weight":1,"CFrame":[-0.08193638920783997,-0.21117769181728364,-0.32816076278686526,0.9879195690155029,0.07112720608711243,-0.1376803070306778,-0.08442679047584534,0.992052435874939,-0.09329554438591004,0.12995022535324098,0.10379239171743393,0.9860730767250061],"EasingStyle":"Linear","EasingDirection":"Out"},"HumanoidRootPart":{"Weight":0,"CFrame":[0,0,0,1,0,0,0,1,0,0,0,1],"EasingStyle":"Linear","EasingDirection":"In"},"Left Arm":{"Weight":1,"CFrame":[-0.3395776152610779,-0.18851977586746217,0.23426926136016847,-0.7242703437805176,0.6476949453353882,-0.2364821881055832,-0.5873197317123413,-0.39982691407203677,0.7037003040313721,0.36123114824295046,0.6485597491264343,0.6699866652488709],"EasingStyle":"Linear","EasingDirection":"Out"}}},{"Time":0.20000000298023225,"poses":{"Left Leg":{"Weight":1,"CFrame":[0.24133946001529694,-0.008692383766174317,-0.11786723136901856,0.6674030423164368,-0.32723769545555117,0.6689460277557373,0.49929195642471316,0.8631007671356201,-0.07592517882585526,-0.5525221824645996,0.38467204570770266,0.7394231557846069],"EasingStyle":"Linear","EasingDirection":"Out"},"Right Leg":{"Weight":1,"CFrame":[0.1327255368232727,0.1253792643547058,0.10039877891540528,0.8461068272590637,-0.2110840231180191,-0.4894351661205292,0.008436090312898159,0.9234300851821899,-0.38367393612861636,0.5329465866088867,0.32050031423568728,0.7831012010574341],"EasingStyle":"Linear","EasingDirection":"Out"},"Head":{"Weight":1,"CFrame":[1.6577541828155518e-7,7.2177499532699589e-9,-1.1920928955078126e-7,0.9991698265075684,0.02849963679909706,-0.029111143201589586,-0.02768644131720066,0.999225378036499,0.027965832501649858,0.02988562174141407,-0.02713664248585701,0.9991849064826965],"EasingStyle":"Linear","EasingDirection":"Out"},"Right Arm":{"Weight":1,"CFrame":[-0.21349669992923737,-0.21447941660881043,0.048416733741760257,0.9392659068107605,0.09331250190734863,-0.3302610516548157,0.03539279103279114,0.93085777759552,0.36366355419158938,0.3413603901863098,-0.353265643119812,0.8710203766822815],"EasingStyle":"Linear","EasingDirection":"Out"},"Torso":{"Weight":1,"CFrame":[-0.04544965550303459,-0.20722423493862153,-0.32827329635620119,0.9925698041915894,0.021104564890265466,-0.11983216553926468,-0.03391000255942345,0.9938037395477295,-0.10585013777017594,0.11685573309659958,0.10912717133760452,0.9871352314949036],"EasingStyle":"Linear","EasingDirection":"Out"},"HumanoidRootPart":{"Weight":0,"CFrame":[0,0,0,1,0,0,0,1,0,0,0,1],"EasingStyle":"Linear","EasingDirection":"In"},"Left Arm":{"Weight":1,"CFrame":[-0.4012415409088135,-0.19520387053489686,0.23182761669158936,-0.7410858273506165,0.576431393623352,-0.34426531195640566,-0.5987473130226135,-0.33538487553596499,0.7273367643356323,0.3037983775138855,0.7451468110084534,0.5936856865882874],"EasingStyle":"Linear","EasingDirection":"Out"}}},{"Time":0.21666666865348817,"poses":{"Left Leg":{"Weight":1,"CFrame":[0.252422958612442,-0.05513453483581543,-0.13314485549926759,0.6900485754013062,-0.3200543224811554,0.6491518020629883,0.49251681566238406,0.8648650646209717,-0.09713713824748993,-0.5303396582603455,0.3867475092411041,0.7544310688972473],"EasingStyle":"Linear","EasingDirection":"Out"},"Right Leg":{"Weight":1,"CFrame":[0.1253611296415329,0.09353232383728028,0.07079267501831055,0.839775562286377,-0.250590980052948,-0.48164424300193789,0.0626213401556015,0.9258989691734314,-0.3725447952747345,0.5393102765083313,0.2826927900314331,0.7932396531105042],"EasingStyle":"Linear","EasingDirection":"Out"},"Head":{"Weight":1,"CFrame":[1.5081604942679406e-7,-1.3271346688270569e-8,0,0.9974358081817627,0.04806756228208542,-0.05302184820175171,-0.0458359569311142,0.9980431795120239,0.04253113642334938,0.05496245250105858,-0.03999176248908043,0.9976872205734253],"EasingStyle":"Linear","EasingDirection":"Out"},"Right Arm":{"Weight":1,"CFrame":[-0.20398202538490296,-0.20958289504051209,0.04037046432495117,0.9269665479660034,0.0594802163541317,-0.3703986406326294,0.08788280189037323,0.9254449009895325,0.36854904890060427,0.3647049069404602,-0.3741842806339264,0.8526291251182556],"EasingStyle":"Linear","EasingDirection":"Out"},"Torso":{"Weight":1,"CFrame":[-0.003976939711719751,-0.20070640742778779,-0.3282895088195801,0.9936746954917908,-0.015149584040045739,-0.11127020418643952,0.0022903685458004476,0.9933863282203674,-0.1147972047328949,0.11227341741323471,0.11381623148918152,0.9871375560760498],"EasingStyle":"Linear","EasingDirection":"Out"},"HumanoidRootPart":{"Weight":0,"CFrame":[0,0,0,1,0,0,0,1,0,0,0,1],"EasingStyle":"Linear","EasingDirection":"In"},"Left Arm":{"Weight":1,"CFrame":[-0.4702363908290863,-0.21244150400161744,0.22989678382873536,-0.7513261437416077,0.516665518283844,-0.4105675518512726,-0.6044043898582459,-0.2889396846294403,0.7424346208572388,0.2649610936641693,0.8059594631195068,0.5293629765510559],"EasingStyle":"Linear","EasingDirection":"Out"}}},{"Time":0.23333333432674409,"poses":{"Left Leg":{"Weight":1,"CFrame":[0.25579947233200076,-0.08423662185668946,-0.14201080799102784,0.7049086093902588,-0.30946192145347597,0.6382296681404114,0.49022313952445986,0.8628664016723633,-0.12305637449026108,-0.5126256942749023,0.39961835741996767,0.7599473595619202],"EasingStyle":"Linear","EasingDirection":"Out"},"Right Leg":{"Weight":1,"CFrame":[0.13275404274463654,0.104167640209198,0.0581212043762207,0.8328689336776733,-0.2665112614631653,-0.48507848381996157,0.09462987631559372,0.9320952892303467,-0.3496333360671997,0.5453205704689026,0.24529588222503663,0.8015331625938416],"EasingStyle":"Linear","EasingDirection":"Out"},"Head":{"Weight":1,"CFrame":[1.30385160446167e-7,-2.1187588572502137e-8,-1.1920928955078126e-7,0.9965689182281494,0.0492754802107811,-0.0665009543299675,-0.045739948749542239,0.9975100755691528,0.05368000268936157,0.06898045539855957,-0.05045408010482788,0.996341347694397],"EasingStyle":"Linear","EasingDirection":"Out"},"Right Arm":{"Weight":1,"CFrame":[-0.1924028843641281,-0.2040003538131714,0.03176915645599365,0.9128511548042297,0.024933921173214914,-0.40753045678138735,0.1397637575864792,0.9187495708465576,0.36927682161331179,0.38362589478492739,-0.39405274391174319,0.8351967334747315],"EasingStyle":"Linear","EasingDirection":"Out"},"Torso":{"Weight":1,"CFrame":[0.03957071527838707,-0.1830921173095703,-0.3165884017944336,0.9933297038078308,-0.03416147455573082,-0.11013239622116089,0.020792290568351747,0.9925162196159363,-0.12032987177371979,0.1134188324213028,0.11723732948303223,0.9866060614585877],"EasingStyle":"Linear","EasingDirection":"Out"},"HumanoidRootPart":{"Weight":0,"CFrame":[0,0,0,1,0,0,0,1,0,0,0,1],"EasingStyle":"Linear","EasingDirection":"In"},"Left Arm":{"Weight":1,"CFrame":[-0.5404326319694519,-0.23601219058036805,0.22842705249786378,-0.7588526606559753,0.47094282507896426,-0.4498395323753357,-0.6054048538208008,-0.25550341606140139,0.753792405128479,0.24005763232707978,0.8443523049354553,0.47900038957595827],"EasingStyle":"Linear","EasingDirection":"Out"}}},{"Time":0.25,"poses":{"Left Leg":{"Weight":1,"CFrame":[0.26241761445999148,-0.11603450775146485,-0.1574000120162964,0.7172979116439819,-0.28518998622894289,0.635728120803833,0.47825995087623598,0.8650408983230591,-0.15156453847885133,-0.5067061185836792,0.4127601683139801,0.7568870186805725],"EasingStyle":"Linear","EasingDirection":"Out"},"Right Leg":{"Weight":1,"CFrame":[0.12280474603176117,0.09637480974197388,0.0414506196975708,0.8222542405128479,-0.29103004932403567,-0.4890800416469574,0.13120317459106446,0.9331484436988831,-0.33469340205192568,0.553790271282196,0.21103426814079286,0.8054694533348084],"EasingStyle":"Linear","EasingDirection":"Out"},"Head":{"Weight":1,"CFrame":[1.8579885363578797e-7,7.2177499532699589e-9,1.1920928955078126e-7,0.9962684512138367,0.040300797671079639,-0.0763217881321907,-0.03568914532661438,0.9975084662437439,0.06085303798317909,0.07858409732580185,-0.05790209025144577,0.9952245354652405],"EasingStyle":"Linear","EasingDirection":"Out"},"Right Arm":{"Weight":1,"CFrame":[-0.1785053312778473,-0.19769123196601869,0.022917509078979493,0.8975005149841309,-0.007497919257730246,-0.4409496784210205,0.18738505244255067,0.9115945100784302,0.3658991754055023,0.39922383427619936,-0.4110221266746521,0.8195615410804749],"EasingStyle":"Linear","EasingDirection":"Out"},"Torso":{"Weight":1,"CFrame":[0.08035854250192642,-0.14934022724628449,-0.2871513366699219,0.993101954460144,-0.04120636358857155,-0.10977479815483093,0.02755046635866165,0.9920080304145813,-0.12313040345907211,0.11397122591733933,0.11925669759511948,0.9863003492355347],"EasingStyle":"Linear","EasingDirection":"Out"},"HumanoidRootPart":{"Weight":0,"CFrame":[0,0,0,1,0,0,0,1,0,0,0,1],"EasingStyle":"Linear","EasingDirection":"In"},"Left Arm":{"Weight":1,"CFrame":[-0.6056999564170837,-0.2616930603981018,0.2273697853088379,-0.7647497653961182,0.43801581859588625,-0.4725460410118103,-0.6036630272865295,-0.23065398633480073,0.7631446719169617,0.22527484595775605,0.8688733577728272,0.4408065676689148],"EasingStyle":"Linear","EasingDirection":"Out"}}},{"Time":0.2666666805744171,"poses":{"Left Leg":{"Weight":1,"CFrame":[0.268610417842865,-0.15178823471069337,-0.17556887865066529,0.7265298366546631,-0.25755882263183596,0.6370382308959961,0.46340155601501467,0.8681926131248474,-0.17748436331748963,-0.5073592662811279,0.424152135848999,0.7501210570335388],"EasingStyle":"Linear","EasingDirection":"Out"},"Right Leg":{"Weight":1,"CFrame":[0.11341007053852081,0.06951558589935303,0.014834880828857422,0.812325656414032,-0.3210008144378662,-0.4869143068790436,0.17451421916484834,0.9304308891296387,-0.32224714756011965,0.556481659412384,0.17679612338542939,0.8118320107460022],"EasingStyle":"Linear","EasingDirection":"Out"},"Head":{"Weight":1,"CFrame":[1.334119588136673e-7,-2.0212610252201558e-8,-2.384185791015625e-7,0.996147096157074,0.029785770922899247,-0.08248481154441834,-0.02449885755777359,0.9976245760917664,0.06438205391168595,0.08420657366514206,-0.062113210558891299,0.9945105314254761],"EasingStyle":"Linear","EasingDirection":"Out"},"Right Arm":{"Weight":1,"CFrame":[-0.16203559935092927,-0.19061347842216493,0.01412057876586914,0.8819517493247986,-0.035208653658628467,-0.4700227975845337,0.22734254598617555,0.9053173065185547,0.3587701618671417,0.41288799047470095,-0.42327412962913515,0.806450605392456],"EasingStyle":"Linear","EasingDirection":"Out"},"Torso":{"Weight":1,"CFrame":[0.11307084560394287,-0.10404610633850098,-0.2484745979309082,0.9930601716041565,-0.042234621942043307,-0.10976198315620423,0.028489435091614724,0.9918848872184753,-0.12390589714050293,0.11410436779260636,0.11991894245147705,0.9862046837806702],"EasingStyle":"Linear","EasingDirection":"Out"},"HumanoidRootPart":{"Weight":0,"CFrame":[0,0,0,1,0,0,0,1,0,0,0,1],"EasingStyle":"Linear","EasingDirection":"In"},"Left Arm":{"Weight":1,"CFrame":[-0.6599090695381165,-0.28526341915130618,0.22667527198791505,-0.7686325907707214,0.4151628017425537,-0.4866657853126526,-0.6015910506248474,-0.21050198376178742,0.7705693244934082,0.2174675315618515,0.8850586414337158,0.4115571975708008],"EasingStyle":"Linear","EasingDirection":"Out"}}},{"Time":0.28333333134651186,"poses":{"Left Leg":{"Weight":1,"CFrame":[0.2538968324661255,-0.17797636985778809,-0.1756812334060669,0.75169837474823,-0.23116061091423036,0.6176683902740479,0.4355562627315521,0.8772598505020142,-0.20175717771053315,-0.49521738290786745,0.4206898808479309,0.7601182460784912],"EasingStyle":"Linear","EasingDirection":"Out"},"Right Leg":{"Weight":1,"CFrame":[0.10204014182090759,0.02801036834716797,-0.019522368907928468,0.8017030954360962,-0.35253289341926577,-0.48269322514533999,0.2173123061656952,0.9242003560066223,-0.3140527009963989,0.5568190813064575,0.14688172936439515,0.8175439834594727],"EasingStyle":"Linear","EasingDirection":"Out"},"Head":{"Weight":1,"CFrame":[1.6530975699424744e-7,1.0477378964424134e-9,0,0.9959801435470581,0.024814283475279809,-0.08606860786676407,-0.01939973048865795,0.9978132247924805,0.06318538635969162,0.08744828402996063,-0.061261679977178577,0.9942835569381714],"EasingStyle":"Linear","EasingDirection":"Out"},"Right Arm":{"Weight":1,"CFrame":[-0.14276136457920075,-0.18277862668037415,0.0056455135345458988,0.8674250245094299,-0.056010063737630847,-0.4944054186344147,0.25792399048805239,0.9003371596336365,0.3505255877971649,0.4254986047744751,-0.43157365918159487,0.795421302318573],"EasingStyle":"Linear","EasingDirection":"Out"},"Torso":{"Weight":1,"CFrame":[0.13451234996318818,-0.05178143084049225,-0.20807504653930665,0.9932368993759155,-0.041376613080501559,-0.1084824949502945,0.02803640067577362,0.992167055606842,-0.12173137068748474,0.11266958713531494,0.1178666278719902,0.9866169691085815],"EasingStyle":"Linear","EasingDirection":"Out"},"HumanoidRootPart":{"Weight":0,"CFrame":[0,0,0,1,0,0,0,1,0,0,0,1],"EasingStyle":"Linear","EasingDirection":"In"},"Left Arm":{"Weight":1,"CFrame":[-0.6969295144081116,-0.30250096321105959,0.22629475593566895,-0.7693238258361816,0.3990141749382019,-0.49892738461494448,-0.6020162105560303,-0.19141177833080293,0.7752018570899963,0.21381600201129914,0.896743655204773,0.38747063279151919],"EasingStyle":"Linear","EasingDirection":"Out"}}},{"Time":0.30000001192092898,"poses":{"Left Leg":{"Weight":1,"CFrame":[0.20742374658584596,-0.18716168403625489,-0.14878064393997193,0.8026338815689087,-0.2080192267894745,0.5590229630470276,0.3871147036552429,0.8946861028671265,-0.2228878289461136,-0.4537852704524994,0.3953033983707428,0.798632800579071],"EasingStyle":"Linear","EasingDirection":"Out"},"Right Leg":{"Weight":1,"CFrame":[0.09145986288785935,0.027501046657562257,-0.035281598567962649,0.7947590947151184,-0.35719865560531618,-0.4906802177429199,0.24714675545692445,0.9288740158081055,-0.275883287191391,0.5543252825737,0.09799071401357651,0.826511561870575],"EasingStyle":"Linear","EasingDirection":"Out"},"Head":{"Weight":1,"CFrame":[1.2526288628578187e-7,4.0745362639427189e-9,1.1920928955078126e-7,0.9961481094360352,0.02345985919237137,-0.08449019491672516,-0.018823251128196718,0.9982944130897522,0.05526205897331238,0.08564256131649018,-0.053458794951438907,0.9948906898498535],"EasingStyle":"Linear","EasingDirection":"Out"},"Right Arm":{"Weight":1,"CFrame":[-0.120537169277668,-0.174405038356781,-0.002391815185546875,0.854394793510437,-0.0710611566901207,-0.5147425532341003,0.28140366077423098,0.896045446395874,0.34338682889938357,0.43683117628097536,-0.43823835253715517,0.785573422908783],"EasingStyle":"Linear","EasingDirection":"Out"},"Torso":{"Weight":1,"CFrame":[0.14996938407421113,0.002976631745696068,-0.16954469680786134,0.99372798204422,-0.0389178991317749,-0.10483381152153015,0.026686109602451326,0.9929314255714417,-0.11565037071704865,0.10859365016222,0.1121273934841156,0.9877423048019409],"EasingStyle":"Linear","EasingDirection":"Out"},"HumanoidRootPart":{"Weight":0,"CFrame":[0,0,0,1,0,0,0,1,0,0,0,1],"EasingStyle":"Linear","EasingDirection":"In"},"Left Arm":{"Weight":1,"CFrame":[-0.7106319665908814,-0.3091851472854614,0.22617864608764649,-0.7651671767234802,0.3857370913028717,-0.5154863595962524,-0.6080657243728638,-0.1698227822780609,0.775510311126709,0.21160176396369935,0.9068446159362793,0.36449629068374636],"EasingStyle":"Linear","EasingDirection":"Out"}}},{"Time":0.3166666626930237,"poses":{"Left Leg":{"Weight":1,"CFrame":[0.1357141137123108,-0.18175959587097169,-0.10695540904998779,0.8653238415718079,-0.18938586115837098,0.4640556573867798,0.3260369598865509,0.9158942103385925,-0.2341746687889099,-0.3806765079498291,0.35393619537353518,0.8542918562889099],"EasingStyle":"Linear","EasingDirection":"Out"},"Right Leg":{"Weight":1,"CFrame":[0.08836562186479569,0.12199372053146362,-0.01701253652572632,0.7971805930137634,-0.31306347250938418,-0.5162309408187866,0.252223938703537,0.9495548605918884,-0.18635644018650056,0.5485309958457947,0.018353888764977456,0.835928738117218],"EasingStyle":"Linear","EasingDi