{"Sequence":[{"Time":0,"poses":{"Left Leg":{"Weight":1,"CFrame":[-0.3105783760547638,-0.07818794250488281,0.031508564949035647,0.8983354568481445,-0.42707857489585879,0.10294388234615326,0.4335547685623169,0.8996885418891907,-0.05090094730257988,-0.07087873667478562,0.09035796672105789,0.9933839440345764],"EasingStyle":"Linear","EasingDirection":"In"},"Right Arm":{"Weight":1,"CFrame":[0.6236723065376282,-0.7115360498428345,-0.30806660652160647,-0.23431245982646943,-0.059112392365932468,0.9703625440597534,0.3428191840648651,-0.9390531778335571,0.025575188919901849,0.9097102284431458,0.33865147829055788,0.24029673635959626],"EasingStyle":"Linear","EasingDirection":"In"},"Head":{"Weight":1,"CFrame":[8.568167686462403e-8,1.30385160446167e-8,0,0.5015155673027039,-0.8651480078697205,0.001030643587000668,0.8572806119918823,0.4967939555644989,-0.13515083491802216,0.11641345173120499,0.06866379827260971,0.9908245801925659],"EasingStyle":"Linear","EasingDirection":"In"},"Right Leg":{"Weight":1,"CFrame":[0.302376389503479,0.019712865352630616,0.037528157234191897,0.9059538841247559,0.4092023968696594,-0.1086319237947464,-0.3968175947666168,0.910142719745636,0.11906375735998154,0.14759181439876557,-0.06475917994976044,0.9869260191917419],"EasingStyle":"Linear","EasingDirection":"In"},"Torso":{"Weight":1,"CFrame":[0.06420737504959107,0.03641293942928314,-0.10353326797485352,0.3309423625469208,0.9402316808700562,0.08025918155908585,-0.9435076117515564,0.3282100558280945,0.04551625996828079,0.01645396277308464,-0.09078840166330338,0.9957342743873596],"EasingStyle":"Linear","EasingDirection":"In"},"HumanoidRootPart":{"Weight":1,"CFrame":[0,0,0,1,0,0,0,1,0,0,0,1],"EasingStyle":"Linear","EasingDirection":"In"},"Left Arm":{"Weight":1,"CFrame":[0.36046102643013,-0.1767238974571228,-0.42695659399032595,0.014997737482190133,-0.15681970119476319,0.9875134825706482,0.8999552130699158,0.4324977993965149,0.05501371994614601,-0.43572449684143069,0.8878926634788513,0.14761710166931153],"EasingStyle":"Linear","EasingDirection":"In"}}},{"Time":0.01666666753590107,"poses":{"Left Leg":{"Weight":1,"CFrame":[-0.3147341310977936,-0.07799696922302246,0.03186845779418945,0.8979934453964233,-0.4278416335582733,0.10275845229625702,0.4343070685863495,0.8993217349052429,-0.05097028613090515,-0.07060575485229492,0.09039964526891709,0.9933996200561523],"EasingStyle":"Linear","EasingDirection":"In"},"Right Arm":{"Weight":1,"CFrame":[0.619289219379425,-0.7215027809143066,-0.3082650303840637,-0.2300010621547699,-0.06669750064611435,0.970902144908905,0.34117990732192995,-0.9398574233055115,0.016258670017123224,0.9114251732826233,0.33499187231063845,0.2389240264892578],"EasingStyle":"Linear","EasingDirection":"In"},"Head":{"Weight":1,"CFrame":[7.450580596923828e-8,2.7939677238464357e-8,-1.1920928955078126e-7,0.5011319518089294,-0.8653703331947327,0.0010700862621888519,0.8575050830841065,0.496410071849823,-0.13513772189617158,0.11641299724578858,0.06863944232463837,0.9908262491226196],"EasingStyle":"Linear","EasingDirection":"In"},"Right Leg":{"Weight":1,"CFrame":[0.3038402795791626,0.020126283168792726,0.03772532939910889,0.9062260389328003,0.4085272550582886,-0.10890260338783264,-0.3961673974990845,0.9104660153388977,0.11875729262828827,0.1476677656173706,-0.06447730213403702,0.986933171749115],"EasingStyle":"Linear","EasingDirection":"In"},"Torso":{"Weight":1,"CFrame":[0.06378839910030365,0.03422427922487259,-0.10447359085083008,0.33090174198150637,0.9403391480445862,0.07916004955768585,-0.9435362219810486,0.328302800655365,0.04423642158508301,0.015608764253556729,-0.08932826668024063,0.9958799481391907],"EasingStyle":"Linear","EasingDirection":"In"},"HumanoidRootPart":{"Weight":1,"CFrame":[0,0,0,1,0,0,0,1,0,0,0,1],"EasingStyle":"Linear","EasingDirection":"In"},"Left Arm":{"Weight":1,"CFrame":[0.3620864748954773,-0.17736542224884034,-0.4272620677947998,0.015053430572152138,-0.15681931376457215,0.9875127077102661,0.899915874004364,0.43258407711982729,0.05497714504599571,-0.4358035624027252,0.8878506422042847,0.14763595163822175],"EasingStyle":"Linear","EasingDirection":"In"}}},{"Time":0.03333333507180214,"poses":{"Left Leg":{"Weight":1,"CFrame":[-0.3256727457046509,-0.07743954658508301,0.03279566764831543,0.8971326947212219,-0.4297654330730438,0.10224784910678864,0.43620625138282778,0.8983865976333618,-0.05124197527766228,-0.06983603537082672,0.09057193994522095,0.9934383034706116],"EasingStyle":"Linear","EasingDirection":"In"},"Right Arm":{"Weight":1,"CFrame":[0.6079857349395752,-0.7472063302993774,-0.3096541166305542,-0.21893082559108735,-0.08632536232471466,0.9719142913818359,0.33674710988998415,-0.9415630102157593,-0.007774780038744211,0.9157896637916565,0.32558712363243105,0.23520693182945252],"EasingStyle":"Linear","EasingDirection":"In"},"Head":{"Weight":1,"CFrame":[8.940696716308594e-8,3.91155481338501e-8,0,0.5001027584075928,-0.8659653067588806,0.001163134933449328,0.8581078052520752,0.4953834116458893,-0.13507932424545289,0.11639786511659622,0.06855162978172302,0.9908341765403748],"EasingStyle":"Linear","EasingDirection":"In"},"Right Leg":{"Weight":1,"CFrame":[0.3077070713043213,0.02131551504135132,0.03825032711029053,0.9069663882255554,0.4066832959651947,-0.10963885486125946,-0.3943774104118347,0.9113388061523438,0.11801766604185105,0.14791397750377656,-0.0637989193201065,0.9869403839111328],"EasingStyle":"Linear","EasingDirection":"In"},"Torso":{"Weight":1,"CFrame":[0.06266239285469055,0.0282813161611557,-0.10700416564941406,0.33079883456230166,0.9406206011772156,0.0761905089020729,-0.9436066746711731,0.32854244112968447,0.040821291506290439,0.013365515507757664,-0.08539750427007675,0.9962573051452637],"EasingStyle":"Linear","EasingDirection":"In"},"HumanoidRootPart":{"Weight":1,"CFrame":[0,0,0,1,0,0,0,1,0,0,0,1],"EasingStyle":"Linear","EasingDirection":"In"},"Left Arm":{"Weight":1,"CFrame":[0.3666117787361145,-0.1791519820690155,-0.4281201958656311,0.015210958197712899,-0.1568181961774826,0.9875104427337647,0.8998047709465027,0.432828426361084,0.0548737496137619,-0.4360276162624359,0.887731671333313,0.14768941700458527],"EasingStyle":"Linear","EasingDirection":"In"}}},{"Time":0.05000000074505806,"poses":{"Left Leg":{"Weight":1,"CFrame":[-0.3410066068172455,-0.07649111747741699,0.03404998779296875,0.8960276246070862,-0.4322473108768463,0.10147365927696228,0.43866050243377688,0.8971579074859619,-0.0518147312104702,-0.06864111125469208,0.09093990921974182,0.9934880137443543],"EasingStyle":"Linear","EasingDirection":"In"},"Right Arm":{"Weight":1,"CFrame":[0.5925301909446716,-0.7823528051376343,-0.3134240508079529,-0.2039216160774231,-0.11329102516174317,0.9724099636077881,0.33021289110183718,-0.9430320262908936,-0.04062018170952797,0.9216156601905823,0.3128190338611603,0.22971470654010774],"EasingStyle":"Linear","EasingDirection":"In"},"Head":{"Weight":1,"CFrame":[8.940696716308594e-8,-2.421438694000244e-8,-5.960464477539063e-8,0.4986099302768707,-0.8668255805969238,0.0012719185324385763,0.8589828610420227,0.49390074610710146,-0.13494695723056794,0.1163472831249237,0.06837845593690872,0.9908519983291626],"EasingStyle":"Linear","EasingDirection":"In"},"Right Leg":{"Weight":1,"CFrame":[0.3131551146507263,0.023218393325805665,0.03900337219238281,0.9080651998519898,0.40392646193504336,-0.11072973906993866,-0.3916721045970917,0.9126211404800415,0.11711441725492478,0.14835993945598603,-0.06297782808542252,0.9869261980056763],"EasingStyle":"Linear","EasingDirection":"In"},"Torso":{"Weight":1,"CFrame":[0.061025217175483707,0.019518300890922548,-0.11069512367248535,0.3306640684604645,0.9410101175308228,0.07184183597564697,-0.9436938762664795,0.32886576652526858,0.035907018929719928,0.010162540711462498,-0.07966986298561096,0.9967694878578186],"EasingStyle":"Linear","EasingDirection":"In"},"HumanoidRootPart":{"Weight":1,"CFrame":[0,0,0,1,0,0,0,1,0,0,0,1],"EasingStyle":"Linear","EasingDirection":"In"},"Left Arm":{"Weight":1,"CFrame":[0.37350934743881228,-0.18187513947486878,-0.4294435381889343,0.015455488115549088,-0.1568167358636856,0.9875068068504334,0.8996317386627197,0.4332082271575928,0.054713521152734759,-0.4363759458065033,0.887546718120575,0.1477726399898529],"EasingStyle":"Linear","EasingDirection":"In"}}},{"Time":0.06666667014360428,"poses":{"Left Leg":{"Weight":1,"CFrame":[-0.35849013924598696,-0.07519233226776123,0.03540480136871338,0.8949177265167236,-0.4347675144672394,0.10049740225076676,0.4411602020263672,0.895874559879303,-0.052787140011787418,-0.06708291172981262,0.09157560765743256,0.9935359954833984],"EasingStyle":"Linear","EasingDirection":"In"},"Right Arm":{"Weight":1,"CFrame":[0.5756904482841492,-0.8206461668014526,-0.32076573371887209,-0.1877649873495102,-0.14278988540172578,0.9717795252799988,0.32248252630233767,-0.9434932470321655,-0.0763242095708847,0.9277657866477966,0.2990510165691376,0.22320221364498139],"EasingStyle":"Linear","EasingDirection":"In"},"Head":{"Weight":1,"CFrame":[1.0244548320770264e-7,4.6566128730773929e-9,-1.7881393432617188e-7,0.4968356192111969,-0.8678436279296875,0.0013584481785073877,0.8600248098373413,0.4921484887599945,-0.13471205532550813,0.11624042689800263,0.0680980384349823,0.9908838868141174],"EasingStyle":"Linear","EasingDirection":"In"},"Right Leg":{"Weight":1,"CFrame":[0.3193861246109009,0.025758862495422365,0.03988528251647949,0.9094067215919495,0.4005255401134491,-0.11206613481044769,-0.38828858733177187,0.914167582988739,0.11631730943918228,0.14903530478477479,-0.06226581335067749,0.9868695735931397],"EasingStyle":"Linear","EasingDirection":"In"},"Torso":{"Weight":1,"CFrame":[0.059073418378829959,0.008870132267475129,-0.1151127815246582,0.33052581548690798,0.9414438009262085,0.0666060745716095,-0.9437750577926636,0.32921257615089419,0.030130576342344285,0.006438691169023514,-0.07282007485628128,0.9973244071006775],"EasingStyle":"Linear","EasingDirection":"In"},"HumanoidRootPart":{"Weight":1,"CFrame":[0,0,0,1,0,0,0,1,0,0,0,1],"EasingStyle":"Linear","EasingDirection":"In"},"Left Arm":{"Weight":1,"CFrame":[0.3822522759437561,-0.18532681465148927,-0.43114471435546877,0.015772344544529916,-0.15681439638137818,0.9875022172927856,0.8994066715240479,0.43370118737220766,0.05450600013136864,-0.43682822585105898,0.8873063921928406,0.14788034558296204],"EasingStyle":"Linear","EasingDirection":"In"}}},{"Time":0.0833333358168602,"poses":{"Left Leg":{"Weight":1,"CFrame":[-0.3761770725250244,-0.07374238967895508,0.03666889667510986,0.8939675688743591,-0.4369724690914154,0.09938403218984604,0.44336172938346865,0.894699215888977,-0.054255157709121707,-0.06521086394786835,0.0925653949379921,0.993569016456604],"EasingStyle":"Linear","EasingDirection":"In"},"Right Arm":{"Weight":1,"CFrame":[0.5602346658706665,-0.8557921648025513,-0.3328695297241211,-0.17314432561397553,-0.16992239654064179,0.970127522945404,0.31484004855155947,-0.9428701400756836,-0.10895673930644989,0.9332185387611389,0.28656983375549319,0.21675094962120057],"EasingStyle":"Linear","EasingDirection":"In"},"Head":{"Weight":1,"CFrame":[8.568167686462403e-8,8.381903171539307e-9,-2.980232238769531e-7,0.49496281147003176,-0.8689131736755371,0.0013847138034179807,0.8611288666725159,0.4903144836425781,-0.13434627652168275,0.11605630815029144,0.06768882274627686,0.9909335374832153],"EasingStyle":"Linear","EasingDirection":"In"},"Right Leg":{"Weight":1,"CFrame":[0.32566726207733157,0.028816401958465577,0.0408015251159668,0.91086345911026,0.39678287506103518,-0.11353911459445954,-0.3844968378543854,0.915822446346283,0.11589495837688446,0.14996685087680818,-0.06190909817814827,0.9867509007453919],"EasingStyle":"Linear","EasingDirection":"In"},"Torso":{"Weight":1,"CFrame":[0.057004913687705997,-0.0027269870042800905,-0.11980938911437988,0.3304065763950348,0.941866934299469,0.06097697094082832,-0.9438350200653076,0.32953476905822756,0.024130595847964288,0.0026337781455367805,-0.0655251070857048,0.9978474378585815],"EasingStyle":"Linear","EasingDirection":"In"},"HumanoidRootPart":{"Weight":1,"CFrame":[0,0,0,1,0,0,0,1,0,0,0,1],"EasingStyle":"Linear","EasingDirection":"In"},"Left Arm":{"Weight":1,"CFrame":[0.3923131227493286,-0.1892985701560974,-0.4331367015838623,0.016145890578627588,-0.15680988132953645,0.9874969124794006,0.8991396427154541,0.4342852234840393,0.05426117032766342,-0.4373639225959778,0.8870214819908142,0.14800575375556947],"EasingStyle":"Linear","EasingDirection":"In"}}},{"Time":0.10000000149011612,"poses":{"Left Leg":{"Weight":1,"CFrame":[-0.3924465775489807,-0.07251036167144776,0.03769195079803467,0.8932560682296753,-0.43868976831436159,0.09820886701345444,0.44510242342948916,0.8937075138092041,-0.056309305131435397,-0.0630677342414856,0.09401164948940277,0.9935714602470398],"EasingStyle":"Linear","EasingDirection":"In"},"Right Arm":{"Weight":1,"CFrame":[0.5489311814308167,-0.8814964294433594,-0.3509260416030884,-0.16259220242500306,-0.189772829413414,0.9682717323303223,0.3089273273944855,-0.9417818784713745,-0.13270579278469087,0.9370846748352051,0.27754876017570498,0.21175234019756318],"EasingStyle":"Linear","EasingDirection":"In"},"Head":{"Weight":1,"CFrame":[8.89413058757782e-8,-6.05359673500061e-9,-7.152557373046875e-7,0.4931749403476715,-0.8699292540550232,0.0013123556273058057,0.862191915512085,0.48858675360679629,-0.13382142782211305,0.11577396094799042,0.06712888181209564,0.9910046458244324],"EasingStyle":"Linear","EasingDirection":"In"},"Right Leg":{"Weight":1,"CFrame":[0.3313603699207306,0.03221708536148071,0.04166221618652344,0.9122933745384216,0.3930487334728241,-0.11503665894269943,-0.3806137144565582,0.9174150228500366,0.11611579358577728,0.1511755883693695,-0.0621471181511879,0.9865514636039734],"EasingStyle":"Linear","EasingDirection":"In"},"Torso":{"Weight":1,"CFrame":[0.05501911789178848,-0.014335483312606812,-0.12431740760803223,0.33032089471817019,0.9422385096549988,0.05545024946331978,-0.9438684582710266,0.3298007547855377,0.01854739896953106,-0.0008114601951092482,-0.058464329689741138,0.998289167881012],"EasingStyle":"Linear","EasingDirection":"In"},"HumanoidRootPart":{"Weight":1,"CFrame":[0,0,0,1,0,0,0,1,0,0,0,1],"EasingStyle":"Linear","EasingDirection":"In"},"Left Arm":{"Weight":1,"CFrame":[0.403164803981781,-0.19358348846435548,-0.4353318214416504,0.016562437638640405,-0.15680447220802308,0.9874908328056336,0.8988406658172607,0.43493786454200747,0.053988512605428699,-0.43796274065971377,0.8867025971412659,0.14814575016498567],"EasingStyle":"Linear","EasingDirection":"In"}}},{"Time":0.11666666716337204,"poses":{"Left Leg":{"Weight":1,"CFrame":[-0.4059253931045532,-0.07200944423675537,0.038356781005859378,0.8927948474884033,-0.4398825764656067,0.09706085175275803,0.44635558128356936,0.8929063677787781,-0.05903436243534088,-0.06069813296198845,0.09602915495634079,0.9935262203216553],"EasingStyle":"Linear","EasingDirection":"In"},"Right Arm":{"Weight":1,"CFrame":[0.5445483326911926,-0.8914631605148315,-0.3761258125305176,-0.1585349291563034,-0.19746708869934083,0.9674055576324463,0.30656251311302187,-0.9412165880203247,-0.1418830156326294,0.9385553598403931,0.2740768492221832,0.20975163578987122],"EasingStyle":"Linear","EasingDirection":"In"},"Head":{"Weight":1,"CFrame":[8.195638656616211e-8,1.83936208486557e-8,-2.384185791015625e-7,0.49165692925453188,-0.8707883358001709,0.001103531918488443,0.8631122708320618,0.4871542453765869,-0.1331094354391098,0.11537258327007294,0.06639665365219116,0.9911007285118103],"EasingStyle":"Linear","EasingDirection":"In"},"Right Leg":{"Weight":1,"CFrame":[0.3359159827232361,0.03574264049530029,0.04237961769104004,0.913544774055481,0.389714777469635,-0.11644071340560913,-0.3769970238208771,0.9187636375427246,0.1172465980052948,0.15267427265644074,-0.06321220844984055,0.9862529635429382],"EasingStyle":"Linear","EasingDirection":"In"},"Torso":{"Weight":1,"CFrame":[0.05331667512655258,-0.025016888976097108,-0.12814974784851075,0.3302750885486603,0.9425316452980042,0.050523076206445697,-0.9438784718513489,0.32999536395072939,0.014022431336343289,-0.0034557990729808809,-0.05231889709830284,0.9986244440078735],"EasingStyle":"Linear","EasingDirection":"In"},"HumanoidRootPart":{"Weight":1,"CFrame":[0,0,0,1,0,0,0,1,0,0,0,1],"EasingStyle":"Linear","EasingDirection":"In"},"Left Arm":{"Weight":1,"CFrame":[0.41428014636039736,-0.1979714035987854,-0.4376426935195923,0.01700643263757229,-0.15679709613323213,0.9874843955039978,0.8985195755958557,0.4356367290019989,0.05369793251156807,-0.43860408663749697,0.8863607048988342,0.14829374849796296],"EasingStyle":"Linear","EasingDirection":"In"}}},{"Time":0.13333334028720857,"poses":{"Left Leg":{"Weight":1,"CFrame":[-0.41539761424064639,-0.07284200191497803,0.03857231140136719,0.8925503492355347,-0.4406006932258606,0.0960468202829361,0.44718194007873537,0.8922562003135681,-0.06250757724046707,-0.05815751478075981,0.0987415611743927,0.9934122562408447],"EasingStyle":"Linear","EasingDirection":"In"},"Right Arm":{"Weight":1,"CFrame":[0.5626607537269592,-0.8772066235542297,-0.41259056329727175,-0.1761331409215927,-0.18002252280712129,0.9677650332450867,0.3133592903614044,-0.942244291305542,-0.11824370175600052,0.9331575632095337,0.2824316620826721,0.2223721593618393],"EasingStyle":"Linear","EasingDirection":"In"},"Head":{"Weight":1,"CFrame":[8.940696716308594e-8,9.313225746154786e-10,-2.384185791015625e-7,0.49059349298477175,-0.87138831615448,0.0007204771973192692,0.8637891411781311,0.48620590567588808,-0.13218218088150025,0.11483167111873627,0.06547005474567414,0.9912251830101013],"EasingStyle":"Linear","EasingDirection":"In"},"Right Leg":{"Weight":1,"CFrame":[0.33884933590888979,0.03914076089859009,0.04286646842956543,0.9144615530967712,0.387201726436615,-0.11762244999408722,-0.37403255701065066,0.9196773767471314,0.11955448985099793,0.15446646511554719,-0.06533338129520416,0.9858355522155762],"EasingStyle":"Linear","EasingDirection":"In"},"Torso":{"Weight":1,"CFrame":[0.052098795771598819,-0.03383246064186096,-0.13080453872680665,0.3302690088748932,0.9427312612533569,0.0466933436691761,-0.9438744187355042,0.33011487126350405,0.011197475716471672,-0.004857953172177076,-0.04777083545923233,0.9988465309143066],"EasingStyle":"Linear","EasingDirection":"In"},"HumanoidRootPart":{"Weight":1,"CFrame":[0,0,0,1,0,0,0,1,0,0,0,1],"EasingStyle":"Linear","EasingDirection":"In"},"Left Arm":{"Weight":1,"CFrame":[0.4251319169998169,-0.202255517244339,-0.4399820566177368,0.01746291108429432,-0.15678751468658448,0.9874779582023621,0.8981865048408508,0.4363594055175781,0.05339931696653366,-0.43926769495010378,0.8860068917274475,0.14844438433647157],"EasingStyle":"Linear","EasingDirection":"In"}}},{"Time":0.15000000596046449,"poses":{"Left Leg":{"Weight":1,"CFrame":[-0.41968095302581789,-0.07562804222106934,0.03824806213378906,0.8924774527549744,-0.44091302156448367,0.0952875167131424,0.4476630985736847,0.8917035460472107,-0.06680191308259964,-0.055514492094516757,0.10227598249912262,0.9932058453559876],"EasingStyle":"Linear","EasingDirection":"In"},"Right Arm":{"Weight":1,"CFrame":[0.6107650995254517,-0.8390288352966309,-0.46033191680908205,-0.22333590686321259,-0.13390842080116273,0.965499758720398,0.32922011613845827,-0.942673921585083,-0.054588522762060168,0.9174612164497376,0.3056704103946686,0.25461819767951968],"EasingStyle":"Linear","EasingDirection":"In"},"Head":{"Weight":1,"CFrame":[9.12696123123169e-8,-2.514570951461792e-8,0,0.4901706278324127,-0.8716264963150024,0.0001260759454453364,0.8641220927238464,0.4859313666820526,-0.13101093471050263,0.1141313686966896,0.06432665139436722,0.9913809895515442],"EasingStyle":"Linear","EasingDirection":"In"},"Right Leg":{"Weight":1,"CFrame":[0.3397063612937927,0.04215514659881592,0.04303395748138428,0.914889395236969,0.3859391510486603,-0.11844200640916825,-0.37211498618125918,0.9199599027633667,0.1233060359954834,0.1565505564212799,-0.06873732805252075,0.985275149345398],"EasingStyle":"Linear","EasingDirection":"In"},"Torso":{"Weight":1,"CFrame":[0.05156661570072174,-0.03984363004565239,-0.1317758560180664,0.33030128479003909,0.9428278803825378,0.04445887356996536,-0.9438645243644714,0.33015915751457217,0.010714088566601277,-0.004576966632157564,-0.04550202563405037,0.9989537596702576],"EasingStyle":"Linear","EasingDirection":"In"},"HumanoidRootPart":{"Weight":1,"CFrame":[0,0,0,1,0,0,0,1,0,0,0,1],"EasingStyle":"Linear","EasingDirection":"In"},"Left Arm":{"Weight":1,"CFrame":[0.4351927638053894,-0.20622721314430238,-0.44226253032684328,0.017917893826961519,-0.15677618980407716,0.9874716997146606,0.8978517055511475,0.4370841979980469,0.05310202017426491,-0.43993330001831057,0.8856515884399414,0.14859332144260407],"EasingStyle":"Linear","EasingDirection":"In"}}},{"Time":0.1666666716337204,"poses":{"Left Leg":{"Weight":1,"CFrame":[-0.4172568917274475,-0.0800027847290039,0.03728175163269043,0.8932667970657349,-0.4394172132015228,0.09480015188455582,0.4463731348514557,0.8919885158538818,-0.07146819680929184,-0.0531562939286232,0.10615638643503189,0.9929276704788208],"EasingStyle":"Linear","EasingDirection":"In"},"Right Arm":{"Weight":1,"CFrame":[0.6795124411582947,-0.7838176488876343,-0.5143758654594421,-0.2914693355560303,-0.06908515095710755,0.9540822505950928,0.346162885427475,-0.9374096393585205,0.037873901426792148,0.891749382019043,0.34130704402923586,0.29714083671569826],"EasingStyle":"Linear","EasingDirection":"In"},"Head":{"Weight":1,"CFrame":[8.102506399154663e-8,5.587935447692871e-9,-1.1920928955078126e-7,0.4988509714603424,-0.8666768074035645,-0.004380549304187298,0.8596833944320679,0.495454341173172,-0.12437687069177628,0.10996489226818085,0.05827964097261429,0.9922254085540772],"EasingStyle":"Linear","EasingDirection":"In"},"Right Leg":{"Weight":1,"CFrame":[0.3358406722545624,0.044521450996398929,0.042575836181640628,0.9157034754753113,0.3838604986667633,-0.1189044713973999,-0.3692575991153717,0.9204846024513245,0.12789463996887208,0.15854346752166749,-0.07320719212293625,0.9846343994140625],"EasingStyle":"Linear","EasingDirection":"In"},"Torso":{"Weight":1,"CFrame":[0.05164442956447601,-0.043246399611234668,-0.1299149990081787,0.3303599953651428,0.9428499341011047,0.0435461699962616,-0.9438505172729492,0.3301504850387573,0.012125802226364613,-0.0029439772479236128,-0.045106954872608188,0.9989778399467468],"EasingStyle":"Linear","EasingDirection":"In"},"HumanoidRootPart":{"Weight":1,"CFrame":[0,0,0,1,0,0,0,1,0,0,0,1],"EasingStyle":"Linear","EasingDirection":"In"},"Left Arm":{"Weight":1,"CFrame":[0.44393569231033327,-0.20967909693717957,-0.4443966746330261,0.01835571974515915,-0.15676245093345643,0.9874657988548279,0.8975255489349365,0.437788188457489,0.05281597003340721,-0.4405803382396698,0.8853062987327576,0.14873410761356355],"EasingStyle":"Linear","EasingDirection":"In"}}},{"Time":0.18333333730697633,"poses":{"Left Leg":{"Weight":1,"CFrame":[-0.40816256403923037,-0.08503901958465576,0.03571510314941406,0.8954557776451111,-0.4350034296512604,0.09450483322143555,0.44217172265052798,0.8937073945999146,-0.07596904784440994,-0.05141294375061989,0.10981424897909165,0.9926216006278992],"EasingStyle":"Linear","EasingDirection":"In"},"Right Arm":{"Weight":1,"CFrame":[0.7595531344413757,-0.7184603810310364,-0.5697479248046875,-0.3704075813293457,0.0035198586992919447,0.9288626909255981,0.35703563690185549,-0.9226301908493042,0.14587336778640748,0.8575102090835571,0.3856697380542755,0.34049245715141299],"EasingStyle":"Linear","EasingDirection":"In"},"Head":{"Weight":1,"CFrame":[7.636845111846924e-8,-1.4901161193847657e-8,3.5762786865234377e-7,0.5223442316055298,-0.8526021838188171,-0.015033099800348282,0.8468300700187683,0.5207176804542542,-0.10831508785486222,0.10017769038677216,0.04384727030992508,0.9940029382705689],"EasingStyle":"Linear","EasingDirection":"In"},"Right Leg":{"Weight":1,"CFrame":[0.3255554139614105,0.04622679948806763,0.04132044315338135,0.9177423119544983,0.3788895606994629,-0.11912998557090759,-0.3635023236274719,0.9221254587173462,0.1324796825647354,0.1600479632616043,-0.07827819883823395,0.9840006232261658],"EasingStyle":"Linear","EasingDirection":"In"},"Torso":{"Weight":1,"CFrame":[0.05208639055490494,-0.04502909630537033,-0.12483549118041992,0.33043012022972109,0.9428372383117676,0.0432899035513401,-0.9438301920890808,0.3301154375076294,0.014433757402002812,-0.0006819807458668947,-0.04562767222523689,0.9989582896232605],"EasingStyle":"Linear","EasingDirection":"In"},"HumanoidRootPart":{"Weight":1,"CFrame":[0,0,0,1,0,0,0,1,0,0,0,1],"EasingStyle":"Linear","EasingDirection":"In"},"Left Arm":{"Weight":1,"CFrame":[0.450833261013031,-0.21240201592445374,-0.44629722833633425,0.018761631101369859,-0.1567457765340805,0.9874607920646668,0.8972180485725403,0.4384496808052063,0.05255075916647911,-0.4411889612674713,0.8849816918373108,0.1488611251115799],"EasingStyle":"Linear","EasingDirection":"In"}}},{"Time":0.20000000298023225,"poses":{"Left Leg":{"Weight":1,"CFrame":[-0.3933105170726776,-0.09043705463409424,0.03364431858062744,0.8988118171691895,-0.42805272340774538,0.09438344836235047,0.4354420304298401,0.8966327905654907,-0.08024939149618149,-0.05027634650468826,0.11322760581970215,0.9922962188720703],"EasingStyle":"Linear","EasingDirection":"In"},"Right Arm":{"Weight":1,"CFrame":[0.84153813123703,-0.6498450040817261,-0.621474027633667,-0.4488317370414734,0.0731063187122345,0.8906208872795105,0.3581761121749878,-0.8983699083328247,0.2542467415332794,0.8186940550804138,0.433113157749176,0.37703198194503786],"EasingStyle":"Linear","EasingDirection":"In"},"Head":{"Weight":1,"CFrame":[7.729977369308472e-8,1.210719347000122e-8,-2.980232238769531e-7,0.5565328598022461,-0.8303027153015137,-0.02947460114955902,0.8262962102890015,0.5568497180938721,-0.08457536995410919,0.08663609623908997,0.022714218124747278,0.9959810376167297],"EasingStyle":"Linear","EasingDirection":"In"},"Right Leg":{"Weight":1,"CFrame":[0.30961060523986819,0.04745292663574219,0.039351463317871097,0.9208259582519531,0.37132734060287478,-0.11914520710706711,-0.35516980290412905,0.924710750579834,0.13698412477970124,0.16104082763195039,-0.08382173627614975,0.9833818078041077],"EasingStyle":"Linear","EasingDirection":"In"},"Torso":{"Weight":1,"CFrame":[0.05283793807029724,-0.04544219747185707,-0.11717772483825684,0.3305097818374634,0.9427950382232666,0.04359949380159378,-0.9438003897666931,0.33005523681640627,0.017450271174311639,0.002061784267425537,-0.046916697174310687,0.9988967776298523],"EasingStyle":"Linear","EasingDirection":"In"},"HumanoidRootPart":{"Weight":1,"CFrame":[0,0,0,1,0,0,0,1,0,0,0,1],"EasingStyle":"Linear","EasingDirection":"In"},"Left Arm":{"Weight":1,"CFrame":[0.45535844564437868,-0.21418911218643189,-0.4478766918182373,0.019121166318655015,-0.15672729909420014,0.9874568581581116,0.8969399929046631,0.4390465021133423,0.05231617018580437,-0.4417386054992676,0.884689211845398,0.14897000789642335],"EasingStyle":"Linear","EasingDirection":"In"}}},{"Time":0.21666666865348817,"poses":{"Left Leg":{"Weight":1,"CFrame":[-0.3734780251979828,-0.09585773944854737,0.031154990196228029,0.9031251668930054,-0.41886910796165469,0.09441317617893219,0.4264880418777466,0.9005597233772278,-0.08426227420568466,-0.04972991347312927,0.116365447640419,0.9919607043266296],"EasingStyle":"Linear","EasingDirection":"In"},"Right Arm":{"Weight":1,"CFrame":[0.9161182045936585,-0.5848586559295654,-0.6645798087120056,-0.5159735679626465,0.13093863427639008,0.8465379476547241,0.3507471978664398,-0.8693110346794128,0.348245233297348,0.7815035581588745,0.47660622000694277,0.4026150703430176],"EasingStyle":"Linear","EasingDirection":"In"},"Head":{"Weight":1,"CFrame":[9.313225746154785e-8,2.9802322387695315e-8,-2.980232238769531e-7,0.597158670425415,-0.8008422255516052,-0.04531292989850044,0.7989546060562134,0.5988661646842957,-0.055054061114788058,0.07122597843408585,-0.0033269464038312437,0.9974547028541565],"EasingStyle":"Linear","EasingDirection":"In"},"Right Leg":{"Weight":1,"CFrame":[0.28858041763305666,0.048431336879730228,0.03673052787780762,0.9247987866401672,0.3613731861114502,-0.11898130178451538,-0.3444770276546478,0.9280944466590881,0.1413373053073883,0.16150148212909699,-0.08972228318452835,0.9827854037284851],"EasingStyle":"Linear","EasingDirection":"In"},"Torso":{"Weight":1,"CFrame":[0.05384442210197449,-0.04473622888326645,-0.10758471488952637,0.33059805631637576,0.9427274465560913,0.044384296983480456,-0.9437577724456787,0.32997119426727297,0.020987635478377343,0.005140090361237526,-0.04882650077342987,0.9987940788269043],"EasingStyle":"Linear","EasingDirection":"In"},"HumanoidRootPart":{"Weight":1,"CFrame":[0,0,0,1,0,0,0,1,0,0,0,1],"EasingStyle":"Linear","EasingDirection":"In"},"Left Arm":{"Weight":1,"CFrame":[0.4569840729236603,-0.21483078598976136,-0.44904786348342898,0.01941949874162674,-0.15670664608478547,0.9874542951583862,0.8967017531394959,0.43955594301223757,0.052121713757514957,-0.44220927357673647,0.8844397664070129,0.14905500411987306],"EasingStyle":"Linear","EasingDirection":"In"}}},{"Time":0.23333333432674409,"poses":{"Left Leg":{"Weight":1,"CFrame":[-0.34940066933631899,-0.10096180438995362,0.028328657150268556,0.9081928730010986,-0.4077288806438446,0.09456778317689896,0.41558539867401125,0.9052906036376953,-0.08796489238739014,-0.04974553734064102,0.11919012665748596,0.9916245341300964],"EasingStyle":"Linear","EasingDirection":"In"},"Right Arm":{"Weight":1,"CFrame":[0.9739441871643066,-0.5303886532783508,-0.6940911412239075,-0.5631971955299377,0.1714649349451065,0.8083370923995972,0.33995822072029116,-0.8435316681861877,0.4157916307449341,0.7531516551971436,0.5089735388755798,0.41678375005722048],"EasingStyle":"Linear","EasingDirection":"In"},"Head":{"Weight":1,"CFrame":[8.381903171539307e-8,1.1175870895385743e-8,4.76837158203125e-7,0.6400085687637329,-0.7659912705421448,-0.06038713455200195,0.7663514614105225,0.6420446038246155,-0.02200767584145069,0.05562889948487282,-0.032192643731832507,0.9979324340820313],"EasingStyle":"Linear","EasingDirection":"In"},"Right Leg":{"Weight":1,"CFrame":[0.26293596625328066,0.0494113564491272,0.03350114822387695,0.929517388343811,0.34916263818740847,-0.11867152154445648,-0.3315773606300354,0.9321451187133789,0.1454717516899109,0.16141235828399659,-0.0958697646856308,0.9822195172309876],"EasingStyle":"Linear","EasingDirection":"In"},"Torso":{"Weight":1,"CFrame":[0.0550512820482254,-0.043161630630493167,-0.09669756889343262,0.3306928277015686,0.9426383972167969,0.04555374011397362,-0.9437011480331421,0.3298642635345459,0.02485821209847927,0.00840576458722353,-0.051209550350904468,0.9986525774002075],"EasingStyle":"Linear","EasingDirection":"In"},"HumanoidRootPart":{"Weight":1,"CFrame":[0,0,0,1,0,0,0,1,0,0,0,1],"EasingStyle":"Linear","EasingDirection":"In"},"Left Arm":{"Weight":1,"CFrame":[0.4569123089313507,-0.21451476216316224,-0.44992828369140627,0.01965700462460518,-0.15668408572673798,0.9874532222747803,0.8965032696723938,0.43997886776924136,0.051967062056064609,-0.4426009953022003,0.8842334747314453,0.14911624789237977],"EasingStyle":"Linear","EasingDirection":"In"}}},{"Time":0.25,"poses":{"Left Leg":{"Weight":1,"CFrame":[-0.32187238335609438,-0.10543286800384522,0.02525496482849121,0.9138020277023315,-0.39493733644485476,0.09481821209192276,0.4030359983444214,0.9106169939041138,-0.09131652861833573,-0.05027882009744644,0.12166042625904083,0.9912975430488586],"EasingStyle":"Linear","EasingDirection":"In"},"Right Arm":{"Weight":1,"CFrame":[1.005666971206665,-0.4933241009712219,-0.705033540725708,-0.5838364362716675,0.1913866400718689,0.7889906167984009,0.33259227871894839,-0.830146312713623,0.447481244802475,0.7406196594238281,0.523668110370636,0.4210159480571747],"EasingStyle":"Linear","EasingDirection":"In"},"Head":{"Weight":1,"CFrame":[9.592622518539429e-8,2.468004822731018e-8,-3.5762786865234377e-7,0.6811797022819519,-0.7284676432609558,-0.07300059497356415,0.7309600710868836,0.6823161840438843,0.011915812268853188,0.04112919792532921,-0.06147732585668564,0.9972607493400574],"EasingStyle":"Linear","EasingDirection":"In"},"Right Leg":{"Weight":1,"CFrame":[0.23310819268226624,0.05064249038696289,0.029701709747314454,0.9348375797271729,0.3348061144351959,-0.11825256794691086,-0.3165968656539917,0.9367335438728333,0.14932072162628175,0.16076473891735078,-0.10215219110250473,0.9816923141479492],"EasingStyle":"Linear","EasingDirection":"In"},"Torso":{"Weight":1,"CFrame":[0.05640401691198349,-0.04096880555152893,-0.08515524864196778,0.33079174160957339,0.9425318241119385,0.04701731726527214,-0.943631112575531,0.32973718643188479,0.028874440118670465,0.011711721308529377,-0.05391842871904373,0.9984766840934753],"EasingStyle":"Linear","EasingDirection":"In"},"HumanoidRootPart":{"Weight":1,"CFrame":[0,0,0,1,0,0,0,1,0,0,0,1],"EasingStyle":"Linear","EasingDirection":"In"},"Left Arm":{"Weight":1,"CFrame":[0.4567079246044159,-0.21362364292144776,-0.4506988525390625,0.0198958832770586,-0.15666085481643678,0.9874520897865295,0.8963032960891724,0.4404045641422272,0.05181145668029785,-0.44299525022506716,0.8840256333351135,0.14917774498462678],"EasingStyle":"Linear","EasingDirection":"In"}}},{"Time":0.2666666805744171,"poses":{"Left Leg":{"Weight":1,"CFrame":[-0.2918543219566345,-0.10900354385375977,0.022037386894226075,0.919712483882904,-0.38089191913604739,0.09513343870639801,0.38923150300979617,0.9163029193878174,-0.09427522867918015,-0.051262423396110538,0.12373506277799607,0.9909902811050415],"EasingStyle":"Linear","EasingDirection":"In"},"Right Arm":{"Weight":1,"CFrame":[1.019557237625122,-0.4700459837913513,-0.7040113806724548,-0.5884847640991211,0.1989925503730774,0.7836374640464783,0.32932472229003909,-0.8261932134628296,0.45711055397987368,0.7383975982666016,0.5270738005638123,0.42066895961761477],"EasingStyle":"Linear","EasingDirection":"In"},"Head":{"Weight":1,"CFrame":[8.381903171539307e-8,3.550667315721512e-8,-2.980232238769531e-7,0.71733158826828,-0.6918826699256897,-0.08206060528755188,0.6961489915847778,0.7165602445602417,0.04379720613360405,0.02849883958697319,-0.08854354918003082,0.9956645369529724],"EasingStyle":"Linear","EasingDirection":"In"},"Right Leg":{"Weight":1,"CFrame":[0.19955582916736604,0.052359700202941897,0.02536916732788086,0.9406048655509949,0.31842494010925295,-0.11776205897331238,-0.2996715009212494,0.9417241811752319,0.15281616151332856,0.15955986082553864,-0.10844974219799042,0.9812132120132446],"EasingStyle":"Linear","EasingDirection":"In"},"Torso":{"Weight":1,"CFrame":[0.05784814804792404,-0.03840799629688263,-0.07359457015991211,0.3308919668197632,0.9424119591712952,0.04868458956480026,-0.9435508251190186,0.3295948803424835,0.03284893184900284,0.014911024831235409,-0.05680582672357559,0.9982739090919495],"EasingStyle":"Linear","EasingDirection":"In"},"HumanoidRootPart":{"Weight":1,"CFrame":[0,0,0,1,0,0,0,1,0,0,0,1],"EasingStyle":"Linear","EasingDirection":"In"},"Left Arm":{"Weight":1,"CFrame":[0.45638734102249148,-0.21223777532577516,-0.451366662979126,0.020214121788740159,-0.15663963556289674,0.9874489307403565,0.8960498571395874,0.44094419479370119,0.05160409212112427,-0.4434930682182312,0.8837603330612183,0.149270161986351],"EasingStyle":"Linear","EasingDirection":"In"}}},{"Time":0.28333333134651186,"poses":{"Left Leg":{"Weight":1,"CFrame":[-0.26063525676727297,-0.11150169372558594,0.018808841705322267,0.9256350994110107,-0.3661734163761139,0.0954817607998848,0.3747445344924927,0.9220613241195679,-0.09679719805717468,-0.05259549617767334,0.12538015842437745,0.9907136559486389],"EasingStyle":"Linear","EasingDirection":"In"},"Right Arm":{"Weight":1,"CFrame":[1.0303751230239869,-0.45191705226898196,-0.7012721300125122,-0.5920787453651428,0.20488393306732179,0.7794005870819092,0.3267412781715393,-0.8230517506599426,0.4645707309246063,0.7366701364517212,0.5297248959541321,0.4203673005104065],"EasingStyle":"Linear","EasingDirection":"In"},"Head":{"Weight":1,"CFrame":[8.94651748239994e-8,-1.1990778148174286e-8,1.1920928955078126e-7,0.7457950711250305,-0.6604611277580261,-0.08706741034984589,0.6659319996833801,0.742660641670227,0.07063814997673035,0.018007799983024598,-0.1106625646352768,0.9936949014663696],"EasingStyle":"Linear","EasingDirection":"In"},"Right Leg":{"Weight":1,"CFrame":[0.16286204755306245,0.054755330085754397,0.02055656909942627,0.9466418623924255,0.30020710825920107,-0.1172386109828949,-0.28100234270095827,0.9469618201255798,0.1558884084224701,0.15781930088996888,-0.11462616920471192,0.9807925224304199],"EasingStyle":"Linear","EasingDirection":"In"},"Torso":{"Weight":1,"CFrame":[0.05932939797639847,-0.03572925925254822,-0.06264996528625488,0.3309892416000366,0.942284107208252,0.05046534165740013,-0.9434656500816345,0.32944434881210329,0.03659453243017197,0.017856918275356294,-0.059724703431129459,0.9980551600456238],"EasingStyle":"Linear","EasingDirection":"In"},"HumanoidRootPart":{"Weight":1,"CFrame":[0,0,0,1,0,0,0,1,0,0,0,1],"EasingStyle":"Linear","EasingDirection":"In"},"Left Arm":{"Weight":1,"CFrame":[0.45596691966056826,-0.21044033765792848,-0.4519394040107727,0.020689578726887704,-0.15662167966365815,0.9874419569969177,0.8956907987594605,0.44170916080474856,0.05129384249448776,-0.44419583678245547,0.8833813071250916,0.14942331612110139],"EasingStyle":"Linear","EasingDirection":"In"}}},{"Time":0.30000001192092898,"poses":{"Left Leg":{"Weight":1,"CFrame":[-0.2300744652748108,-0.11289942264556885,0.0157468318939209,0.93119877576828,-0.35168910026550295,0.09583140164613724,0.3604709506034851,0.9275193810462952,-0.09883663803339005,-0.05412575602531433,0.12658098340034486,0.9904785752296448],"EasingStyle":"Linear","EasingDirection":"In"},"Right Arm":{"Weight":1,"CFrame":[1.0385044813156129,-0.43829387426376345,-0.6973065137863159,-0.5947646498680115,0.20929236710071565,0.776177704334259,0.32477766275405886,-0.8206548690795898,0.47015422582626345,0.7353737354278565,0.5317163467407227,0.42012301087379458],"EasingStyle":"Linear","EasingDirection":"In"},"Head":{"Weight":1,"CFrame":[7.962808012962341e-8,1.0011717677116394e-8,1.1920928955078126e-7,0.7644460797309876,-0.6386631727218628,-0.08792874217033386,0.644616425037384,0.7592459321022034,0.08952821791172028,0.009581171907484532,-0.12511982023715974,0.992095410823822],"EasingStyle":"Linear","EasingDirection":"In"},"Right Leg":{"Weight":1,"CFrame":[0.12397195398807526,0.05794095993041992,0.01536870002746582,0.9527173042297363,0.2805454432964325,-0.11672201752662659,-0.2609923481941223,0.9522457718849182,0.15846475958824159,0.15560461580753327,-0.1205085888504982,0.9804412722587586],"EasingStyle":"Linear","EasingDirection":"In"},"Torso":{"Weight":1,"CFrame":[0.06079360097646713,-0.03318247199058533,-0.05295276641845703,0.3310782015323639,0.9421545267105103,0.052269503474235538,-0.9433827996253967,0.3292948007583618,0.039924345910549167,0.02040281891822815,-0.06252822279930115,0.9978346228599548],"EasingStyle":"Linear","EasingDirection":"In"},"HumanoidRootPart":{"Weight":1,"CFrame":[0,0,0,1,0,0,0,1,0,0,0,1],"EasingStyle":"Linear","EasingDirection":"In"},"Left Arm":{"Weight":1,"CFrame":[0.455463171005249,-0.20831379294395448,-0.45242422819137576,0.021399781107902528,-0.15660902857780457,0.9874288439750671,0.8951730132102966,0.4428110420703888,0.050830621272325519,-0.4452047646045685,0.882831871509552,0.14966808259487153],"EasingStyle":"Linear","EasingDirection":"In"}}},{"Time":0.3166666626930237,"poses":{"Left Leg":{"Weight":1,"CFrame":[-0.202765554189682,-0.11337661743164063,0.0130845308303833,0.935940682888031,-0.33877718448638918,0.09615153074264527,0.3477347791194916,0.9322078824043274,-0.1003449410200119,-0.05563861504197121,0.12735208868980409,0.9902958273887634],"EasingStyle":"Linear","EasingDirection":"In"},"Right Arm":{"Weight":1,"CFrame":[1.044329285621643,-0.42853182554244997,-0.692604660987854,-0.5966810584068298,0.21244098246097566,0.7738479375839233,0.32335907220840456,-0.8189186453819275,0.47414255142211916,0.7344458699226379,0.533142626285553,0.41993844509124758],"EasingStyle":"Linear","EasingDirection":"In"},"Head":{"Weight":1,"CFrame":[9.406358003616333e-8,-4.6566128730773929e-9,-2.384185791015625e-7,0.77131479