{"Sequence":[{"Time":0,"poses":{"Left Leg":{"Weight":1,"CFrame":[-0.58026522397995,0.12617343664169312,0.06681013107299805,0.9332118630409241,-0.34342220425605776,0.10572037100791931,0.347044974565506,0.9376862049102783,-0.017444802448153497,-0.09314165264368057,0.05296945199370384,0.9942428469657898],"EasingStyle":"Linear","EasingDirection":"In"},"Right Arm":{"Weight":1,"CFrame":[-0.0038379444740712644,0.021929264068603517,0.6905826330184937,0.593816339969635,-0.003082600422203541,0.8045947551727295,0.5898929238319397,0.6817300319671631,-0.4327477216720581,-0.5471822619438171,0.731597363948822,0.4066407084465027],"EasingStyle":"Linear","EasingDirection":"In"},"Left Arm":{"Weight":1,"CFrame":[0.003837951924651861,-0.044473737478256229,0.7149420976638794,0.5699970126152039,0.0570700466632843,-0.8196623921394348,-0.6439573764801025,0.6506180763244629,-0.40251079201698305,0.5103158354759216,0.7572576403617859,0.407600998878479],"EasingStyle":"Linear","EasingDirection":"In"},"Head":{"Weight":1,"CFrame":[9.979703463613987e-8,-7.8580342233181e-9,-1.7881393432617188e-7,1,-6.344635750110683e-8,9.262659261821682e-8,6.356277282293377e-8,1,-4.1618481105842878e-8,-8.788266114834187e-8,3.803870995966463e-8,1],"EasingStyle":"Linear","EasingDirection":"In"},"Torso":{"Weight":1,"CFrame":[-0.03690286725759506,-0.021431881934404374,-0.2667500972747803,0.9989307522773743,-0.003083681920543313,-0.04612867161631584,0.0018487661145627499,0.9996393918991089,-0.02678985334932804,0.0461946465075016,0.026675928384065629,0.9985762238502502],"EasingStyle":"Linear","EasingDirection":"In"},"HumanoidRootPart":{"Weight":0,"CFrame":[0,0,0,1,0,0,0,1,0,0,0,1],"EasingStyle":"Linear","EasingDirection":"In"},"Right Leg":{"Weight":1,"CFrame":[0.5983039140701294,0.2254244089126587,0.07847881317138672,0.9156898260116577,0.37083643674850466,-0.15489523112773896,-0.35712385177612307,0.9276056289672852,0.10959173738956452,0.18432237207889558,-0.045035287737846377,0.9818335771560669],"EasingStyle":"Linear","EasingDirection":"In"}}},{"Time":0.03333333507180214,"poses":{"Left Leg":{"Weight":1,"CFrame":[-0.5621976852416992,0.10705530643463135,0.05544173717498779,0.9379047155380249,-0.3348733186721802,0.09052404761314392,0.3379090428352356,0.9409633278846741,-0.020138094201683999,-0.07843609154224396,0.04947648197412491,0.995690643787384],"EasingStyle":"Linear","EasingDirection":"In"},"Right Arm":{"Weight":1,"CFrame":[-0.010576941072940827,0.01775139570236206,0.6783398389816284,0.5832398533821106,-0.033443551510572436,0.8116112947463989,0.6119677424430847,0.6751226782798767,-0.4119527041912079,-0.5341598391532898,0.7369470596313477,0.4142247438430786],"EasingStyle":"Linear","EasingDirection":"In"},"Left Arm":{"Weight":1,"CFrame":[0.015820853412151338,-0.049917638301849368,0.7041819095611572,0.5578663945198059,0.08600609749555588,-0.8254624009132385,-0.6656544208526611,0.6403962969779968,-0.3831407129764557,0.4956705570220947,0.7632139325141907,0.4145056903362274],"EasingStyle":"Linear","EasingDirection":"In"},"Head":{"Weight":1,"CFrame":[9.249197319149971e-8,-2.7939677238464357e-9,1.1920928955078126e-7,0.9999035000801086,0.013885067775845528,-0.0004430628614500165,-0.0138874975964427,0.9998852014541626,-0.006058788858354092,0.00035888850106857717,0.006064356304705143,0.9999815225601196],"EasingStyle":"Linear","EasingDirection":"In"},"Torso":{"Weight":1,"CFrame":[-0.042753249406814578,-0.012264560908079148,-0.24585318565368653,0.9985597133636475,-0.01845722645521164,-0.05037730932235718,0.017705343663692476,0.9997256994247437,-0.015330703929066658,0.050646454095840457,0.014416675083339215,0.9986125826835632],"EasingStyle":"Linear","EasingDirection":"In"},"HumanoidRootPart":{"Weight":0,"CFrame":[0,0,0,1,0,0,0,1,0,0,0,1],"EasingStyle":"Linear","EasingDirection":"In"},"Right Leg":{"Weight":1,"CFrame":[0.5735005736351013,0.2051340937614441,0.08579099178314209,0.9105115532875061,0.3773343861103058,-0.16907812654972077,-0.36206284165382388,0.9250670671463013,0.11472347378730774,0.19969776272773744,-0.04324018210172653,0.9789029955863953],"EasingStyle":"Linear","EasingDirection":"In"}}},{"Time":0.06666667014360428,"poses":{"Left Leg":{"Weight":1,"CFrame":[-0.5521373152732849,0.09723514318466187,0.047014713287353519,0.9406252503395081,-0.3302212953567505,0.07860060781240463,0.33258524537086489,0.9428859353065491,-0.018792085349559785,-0.06790591031312943,0.043817680329084399,0.9967290759086609],"EasingStyle":"Linear","EasingDirection":"In"},"Right Arm":{"Weight":1,"CFrame":[-0.027956467121839525,0.004998147487640381,0.6442639827728272,0.5473288893699646,-0.1218484491109848,0.8280000686645508,0.6743122339248657,0.6502042412757874,-0.3500533998012543,-0.4957157373428345,0.7499249577522278,0.4380394220352173],"EasingStyle":"Linear","EasingDirection":"In"},"Left Arm":{"Weight":1,"CFrame":[0.046724095940589908,-0.06547069549560547,0.6740859746932983,0.5176099538803101,0.16944770514965058,-0.8386700749397278,-0.7262235879898071,0.6052922010421753,-0.32591503858566286,0.4524148404598236,0.7777588367462158,0.436362087726593],"EasingStyle":"Linear","EasingDirection":"In"},"Head":{"Weight":1,"CFrame":[8.210190571844578e-8,-1.6298145055770875e-9,-4.172325134277344e-7,0.9996581077575684,0.026133794337511064,-0.0008259578025899828,-0.02614140510559082,0.9995957016944885,-0.011182038113474846,0.0005333930603228509,0.01119980774819851,0.999937117099762],"EasingStyle":"Linear","EasingDirection":"In"},"Torso":{"Weight":1,"CFrame":[-0.05199898034334183,-0.00519381370395422,-0.23411273956298829,0.9980535507202148,-0.031991250813007358,-0.05353226512670517,0.03168864548206329,0.9994767308235169,-0.00649227062240243,0.05371195077896118,0.004783268552273512,0.9985449910163879],"EasingStyle":"Linear","EasingDirection":"In"},"HumanoidRootPart":{"Weight":0,"CFrame":[0,0,0,1,0,0,0,1,0,0,0,1],"EasingStyle":"Linear","EasingDirection":"In"},"Right Leg":{"Weight":1,"CFrame":[0.5573927164077759,0.19021254777908326,0.09277558326721192,0.9048580527305603,0.38528555631637576,-0.18107150495052339,-0.3694564402103424,0.9220256805419922,0.11563171446323395,0.21150386333465577,-0.0377323254942894,0.9766485691070557],"EasingStyle":"Linear","EasingDirection":"In"}}},{"Time":0.10000000149011612,"poses":{"Left Leg":{"Weight":1,"CFrame":[-0.5506685376167297,0.09507250785827637,0.04098320007324219,0.9415460228919983,-0.3296383023262024,0.06949605047702789,0.3313380777835846,0.943405032157898,-0.014211852103471756,-0.06087818741798401,0.03640781715512276,0.9974809885025024],"EasingStyle":"Linear","EasingDirection":"In"},"Right Arm":{"Weight":1,"CFrame":[-0.05172029510140419,-0.01665318012237549,0.5923334360122681,0.4714881479740143,-0.26568177342414858,0.840899646282196,0.7691634297370911,0.590324878692627,-0.24475327134132386,-0.43137747049331667,0.7621874809265137,0.4826837480068207],"EasingStyle":"Linear","EasingDirection":"In"},"Left Arm":{"Weight":1,"CFrame":[0.08897954225540161,-0.08995994925498963,0.6279311180114746,0.4354812204837799,0.3025931715965271,-0.8478169441223145,-0.816097617149353,0.5301922559738159,-0.2299584448337555,0.37992215156555178,0.792043924331665,0.47783422470092776],"EasingStyle":"Linear","EasingDirection":"In"},"Head":{"Weight":1,"CFrame":[8.532470019417815e-8,-4.0745362639427187e-10,-5.364418029785156e-7,0.9993175864219666,0.03691916912794113,-0.0011438983492553235,-0.03693245351314545,0.999198317527771,-0.015449512749910355,0.0005726005183532834,0.01548121776431799,0.9998800158500671],"EasingStyle":"Linear","EasingDirection":"In"},"Torso":{"Weight":1,"CFrame":[-0.06380008161067963,0.00006066398054827005,-0.23048067092895509,0.9974806308746338,-0.043893396854400638,-0.05572972074151039,0.04396594688296318,0.9990330338478088,0.00007582613034173846,0.055672504007816318,-0.0025258450768887998,0.9984458684921265],"EasingStyle":"Linear","EasingDirection":"In"},"HumanoidRootPart":{"Weight":0,"CFrame":[0,0,0,1,0,0,0,1,0,0,0,1],"EasingStyle":"Linear","EasingDirection":"In"},"Right Leg":{"Weight":1,"CFrame":[0.5499753952026367,0.17968887090682984,0.0998539924621582,0.8985973596572876,0.39490005373954775,-0.19125008583068849,-0.3794710040092468,0.9182643890380859,0.11310338228940964,0.22028276324272157,-0.02906053699553013,0.9750030636787415],"EasingStyle":"Linear","EasingDirection":"In"}}},{"Time":0.13333334028720857,"poses":{"Left Leg":{"Weight":1,"CFrame":[-0.5825901627540588,0.11027002334594727,0.03847014904022217,0.9355000257492065,-0.3476732671260834,0.06295214593410492,0.3487403988838196,0.9371969103813171,-0.006487194914370775,-0.056743159890174869,0.02802274189889431,0.9979954361915588],"EasingStyle":"Linear","EasingDirection":"In"},"Right Arm":{"Weight":1,"CFrame":[-0.07761222869157791,-0.047528982162475589,0.5265262126922607,0.33229929208755495,-0.45443668961524966,0.8264771103858948,0.8786458969116211,0.4677010774612427,-0.09611024707555771,-0.3428681790828705,0.7581180334091187,0.5547057390213013],"EasingStyle":"Linear","EasingDirection":"In"},"Left Arm":{"Weight":1,"CFrame":[0.13501906394958497,-0.12221482396125794,0.5689926147460938,0.29023995995521548,0.47215354442596438,-0.8323651552200317,-0.9151607155799866,0.39119210839271548,-0.09720908105373383,0.2797171175479889,0.7899618744850159,0.545635998249054],"EasingStyle":"Linear","EasingDirection":"In"},"Head":{"Weight":1,"CFrame":[7.465132512152195e-8,-1.862645149230957e-9,-2.384185791015625e-7,0.998921275138855,0.04641532897949219,-0.001399436965584755,-0.04643351957201958,0.9987418055534363,-0.018940608948469163,0.0005185407353565097,0.01898515596985817,0.9998196363449097],"EasingStyle":"Linear","EasingDirection":"In"},"Torso":{"Weight":1,"CFrame":[-0.07733449339866638,0.0037718825042247774,-0.2539176940917969,0.9968857169151306,-0.054361484944820407,-0.057128362357616428,0.054719194769859317,0.9984906315803528,0.0047148484736680988,0.05678582936525345,-0.00782618299126625,0.9983556866645813],"EasingStyle":"Linear","EasingDirection":"In"},"HumanoidRootPart":{"Weight":0,"CFrame":[0,0,0,1,0,0,0,1,0,0,0,1],"EasingStyle":"Linear","EasingDirection":"In"},"Right Leg":{"Weight":1,"CFrame":[0.5718886256217957,0.18351924419403077,0.11049258708953858,0.8858596682548523,0.4186141788959503,-0.2000368982553482,-0.4045683741569519,0.9080355763435364,0.10860880464315415,0.22710596024990083,-0.015283610671758652,0.9737501740455627],"EasingStyle":"Linear","EasingDirection":"In"}}},{"Time":0.1666666716337204,"poses":{"Left Leg":{"Weight":1,"CFrame":[-0.6421478986740112,0.143887460231781,0.03803730010986328,0.9227293133735657,-0.38095003366470339,0.05871693789958954,0.3813781440258026,0.9244096875190735,0.004175239708274603,-0.05586906149983406,0.018540777266025544,0.9982659220695496],"EasingStyle":"Linear","EasingDirection":"In"},"Right Arm":{"Weight":1,"CFrame":[-0.10137605667114258,-0.08795419335365296,0.45082080364227297,0.10879926383495331,-0.6523619294166565,0.7500576972961426,0.9641351699829102,0.25300517678260805,0.080198734998703,-0.2420870065689087,0.7144314050674439,0.6564918756484985],"EasingStyle":"Linear","EasingDirection":"In"},"Left Arm":{"Weight":1,"CFrame":[0.17727452516555787,-0.1610640287399292,0.5005476474761963,0.06482067704200745,0.6422721147537231,-0.7637309432029724,-0.9843747615814209,0.1667213886976242,0.05665959045290947,0.16372109949588777,0.7481246590614319,0.6430433392524719],"EasingStyle":"Linear","EasingDirection":"In"},"Head":{"Weight":1,"CFrame":[7.491325959563255e-8,-9.313225746154786e-10,-1.1920928955078126e-7,0.9984962344169617,0.054796770215034488,-0.0016010068356990815,-0.054818641394376758,0.9982597827911377,-0.021733958274126054,0.00040727085433900356,0.02178904414176941,0.9997625350952148],"EasingStyle":"Linear","EasingDirection":"In"},"Torso":{"Weight":1,"CFrame":[-0.09179427474737168,0.0062061212956905369,-0.3053715229034424,0.996295154094696,-0.06358536332845688,-0.05790439620614052,0.06413935124874115,0.9979107975959778,0.007757645566016436,0.05729014798998833,-0.01144285500049591,0.9982919692993164],"EasingStyle":"Linear","EasingDirection":"In"},"HumanoidRootPart":{"Weight":0,"CFrame":[0,0,0,1,0,0,0,1,0,0,0,1],"EasingStyle":"Linear","EasingDirection":"In"},"Right Leg":{"Weight":1,"CFrame":[0.6188563704490662,0.20233917236328126,0.12471306324005127,0.8663724064826965,0.4541853964328766,-0.20763996243476869,-0.4424334466457367,0.8909024596214294,0.10269119590520859,0.23162786662578584,0.002898014150559902,0.9728001952171326],"EasingStyle":"Linear","EasingDirection":"In"}}},{"Time":0.20000000298023225,"poses":{"Left Leg":{"Weight":1,"CFrame":[-0.6926113963127136,0.1805456280708313,0.036992788314819339,0.9111599922180176,-0.408184289932251,0.05632958933711052,0.407938688993454,0.9128634929656982,0.016317181289196016,-0.0580817386507988,0.008111498318612576,0.9982788562774658],"EasingStyle":"Linear","EasingDirection":"In"},"Right Arm":{"Weight":1,"CFrame":[-0.11875557154417038,-0.13825371861457826,0.36919569969177248,-0.18907123804092408,-0.7894117832183838,0.5840215682983398,0.9692352414131165,-0.05457727983593941,0.24000921845436097,-0.15759173035621644,0.6114330291748047,0.7754446268081665],"EasingStyle":"Linear","EasingDirection":"In"},"Left Arm":{"Weight":1,"CFrame":[0.20817774534225465,-0.20533576607704163,0.42587268352508547,-0.22821536660194398,0.7504400610923767,-0.6202883124351502,-0.9717025756835938,-0.13569167256355287,0.19334407150745393,0.06092521920800209,0.6468597054481506,0.7601713538169861],"EasingStyle":"Linear","EasingDirection":"In"},"Head":{"Weight":1,"CFrame":[1.0454095900058746e-7,-9.313225746154786e-10,7.152557373046875e-7,0.9980598092079163,0.062237925827503207,-0.0017619481077417732,-0.062262289226055148,0.9977734088897705,-0.02390812337398529,0.00027003217837773263,0.023971442133188249,0.9997125864028931],"EasingStyle":"Linear","EasingDirection":"In"},"Torso":{"Weight":1,"CFrame":[-0.10638228058815003,0.007623985409736633,-0.35680270195007326,0.9957205057144165,-0.07174909859895706,-0.05824762210249901,0.07242245972156525,0.997328519821167,0.00952997524291277,0.05740824714303017,-0.013707628473639489,0.9982566833496094],"EasingStyle":"Linear","EasingDirection":"In"},"HumanoidRootPart":{"Weight":0,"CFrame":[0,0,0,1,0,0,0,1,0,0,0,1],"EasingStyle":"Linear","EasingDirection":"In"},"Right Leg":{"Weight":1,"CFrame":[0.6598224639892578,0.221818208694458,0.1379392147064209,0.848504364490509,0.48394131660461428,-0.21410523355007173,-0.47498297691345217,0.8748472332954407,0.09504503011703491,0.2333056479692459,0.02105020545423031,0.9721755981445313],"EasingStyle":"Linear","EasingDirection":"In"}}},{"Time":0.23333333432674409,"poses":{"Left Leg":{"Weight":1,"CFrame":[-0.7123979926109314,0.20167618989944459,0.034780263900756839,0.9071688055992127,-0.41713714599609377,0.055149026215076449,0.41624152660369875,0.908841609954834,0.02738402597606182,-0.061544664204120639,-0.0018866067985072733,0.9981025457382202],"EasingStyle":"Linear","EasingDirection":"In"},"Right Arm":{"Weight":1,"CFrame":[-0.125494584441185,-0.19875460863113404,0.28562891483306887,-0.49755391478538515,-0.7964203953742981,0.343736469745636,0.8586502075195313,-0.39594870805740359,0.32549116015434267,-0.12312575429677963,0.45709872245788576,0.8808522820472717],"EasingStyle":"Linear","EasingDirection":"In"},"Left Arm":{"Weight":1,"CFrame":[0.22016064822673798,-0.25386130809783938,0.3482433557510376,-0.5291293859481812,0.7402499318122864,-0.4147917330265045,-0.8485132455825806,-0.45762303471565249,0.2657187879085541,0.006880043540149927,0.49255579710006716,0.8702536225318909],"EasingStyle":"Linear","EasingDirection":"In"},"Head":{"Weight":1,"CFrame":[3.585591912269592e-8,3.725290298461914e-9,-4.76837158203125e-7,0.9976208806037903,0.06891296058893204,-0.0018993595149368048,-0.06893900036811829,0.9972938895225525,-0.025540495291352273,0.00013413952547125518,0.02561066299676895,0.999671995639801],"EasingStyle":"Linear","EasingDirection":"In"},"Torso":{"Weight":1,"CFrame":[-0.12030971050262451,0.008281596004962922,-0.38017892837524416,0.9951623678207398,-0.07903283089399338,-0.05835823342204094,0.07976675033569336,0.9967597723007202,0.010351988486945629,0.057350993156433108,-0.014956955797970295,0.9982420206069946],"EasingStyle":"Linear","EasingDirection":"In"},"HumanoidRootPart":{"Weight":0,"CFrame":[0,0,0,1,0,0,0,1,0,0,0,1],"EasingStyle":"Linear","EasingDirection":"In"},"Right Leg":{"Weight":1,"CFrame":[0.6751576662063599,0.2263706922531128,0.14703762531280518,0.8394220471382141,0.49714580178260805,-0.21958290040493012,-0.49094855785369875,0.8669351935386658,0.08598180115222931,0.23310969769954682,0.035628851503133777,0.971797525882721],"EasingStyle":"Linear","EasingDirection":"In"}}},{"Time":0.2666666805744171,"poses":{"Left Leg":{"Weight":1,"CFrame":[-0.6923655271530151,0.19548314809799195,0.03175342082977295,0.9136899709701538,-0.402736634016037,0.05453360825777054,0.4012376368045807,0.9152430891990662,0.03658457100391388,-0.06464548408985138,-0.011546021327376366,0.997841477394104],"EasingStyle":"Linear","EasingDirection":"In"},"Right Arm":{"Weight":1,"CFrame":[-0.12537074089050294,-0.26853227615356448,0.20409321784973145,-0.7351524829864502,-0.6715362071990967,0.09268198907375336,0.661594808101654,-0.680924117565155,0.31406164169311526,-0.14779439568519593,0.29220104217529299,0.9448679089546204],"EasingStyle":"Linear","EasingDirection":"In"},"Left Arm":{"Weight":1,"CFrame":[0.20981702208518983,-0.3050247132778168,0.2710913419723511,-0.7639690041542053,0.614205539226532,-0.19774413108825684,-0.645081639289856,-0.7199551463127136,0.25599712133407595,0.014867931604385376,0.3231348693370819,0.9462360739707947],"EasingStyle":"Linear","EasingDirection":"In"},"Head":{"Weight":1,"CFrame":[7.369089871644974e-8,3.725290298461914e-9,-1.1920928955078126e-7,0.99718177318573,0.07499565184116364,-0.0020333819556981327,-0.07502320408821106,0.9968240261077881,-0.026708386838436128,0.000023913662516861224,0.026785673573613168,0.9996411800384522],"EasingStyle":"Linear","EasingDirection":"In"},"Torso":{"Weight":1,"CFrame":[-0.13141626119613648,0.008491583168506623,-0.35814332962036135,0.9947111010551453,-0.08562992513179779,-0.056722041219472888,0.08636398613452912,0.9962071180343628,0.010614470578730107,0.05559798330068588,-0.015457073226571083,0.9983335733413696],"EasingStyle":"Linear","EasingDirection":"In"},"HumanoidRootPart":{"Weight":0,"CFrame":[0,0,0,1,0,0,0,1,0,0,0,1],"EasingStyle":"Linear","EasingDirection":"In"},"Right Leg":{"Weight":1,"CFrame":[0.6545235514640808,0.20482558012008668,0.1499631404876709,0.8432676792144775,0.488425612449646,-0.22436559200286866,-0.48481038212776186,0.8714104294776917,0.07485228776931763,0.2320743352174759,0.04565419256687164,0.9716260433197022],"EasingStyle":"Linear","EasingDirection":"In"}}},{"Time":0.30000001192092898,"poses":{"Left Leg":{"Weight":1,"CFrame":[-0.6414739489555359,0.17200547456741334,0.02834188938140869,0.9273163676261902,-0.3703269362449646,0.05424260348081589,0.3682137429714203,0.9286426901817322,0.04518163576722145,-0.06710407882928848,-0.021924832835793496,0.9975050687789917],"EasingStyle":"Linear","EasingDirection":"In"},"Right Arm":{"Weight":1,"CFrame":[-0.12450394034385681,-0.34167683124542239,0.12853825092315675,-0.8694354295730591,-0.4817398190498352,-0.10958471894264221,0.4478475749492645,-0.8621558547019959,0.23689626157283784,-0.2086014449596405,0.1568886637687683,0.9653348326683044],"EasingStyle":"Linear","EasingDirection":"In"},"Left Arm":{"Weight":1,"CFrame":[0.18383292853832246,-0.3554503917694092,0.19846534729003907,-0.9017899036407471,0.4317861795425415,-0.018319347873330118,-0.42716312408447268,-0.8840949535369873,0.18949370086193086,0.06562472134828568,0.1787087768316269,0.9817110300064087],"EasingStyle":"Linear","EasingDirection":"In"},"Head":{"Weight":1,"CFrame":[1.105363480746746e-7,3.725290298461914e-9,-2.980232238769531e-7,0.9967393279075623,0.08065930753946305,-0.002186461817473173,-0.08068893849849701,0.9963602423667908,-0.02748851478099823,-0.00003869593274430372,0.027575310319662095,0.999619722366333],"EasingStyle":"Linear","EasingDirection":"In"},"Torso":{"Weight":1,"CFrame":[-0.1377543807029724,0.008571028709411621,-0.3051114082336426,0.9944204092025757,-0.09173089265823364,-0.05209076404571533,0.09240680187940598,0.9956637024879456,0.010713777504861355,0.05088209733366966,-0.015467540360987187,0.9985848665237427],"EasingStyle":"Linear","EasingDirection":"In"},"HumanoidRootPart":{"Weight":0,"CFrame":[0,0,0,1,0,0,0,1,0,0,0,1],"EasingStyle":"Linear","EasingDirection":"In"},"Right Leg":{"Weight":1,"CFrame":[0.6041110157966614,0.16635704040527345,0.1463930606842041,0.8569303154945374,0.4618223309516907,-0.2288898229598999,-0.4606100916862488,0.8854314684867859,0.06204427778720856,0.23131974041461945,0.052261315286159518,0.9714730978012085],"EasingStyle":"Linear","EasingDirection":"In"}}},{"Time":0.3333333432674408,"poses":{"Left Leg":{"Weight":1,"CFrame":[-0.5945883393287659,0.16087853908538819,0.022528409957885743,0.9396740794181824,-0.33806490898132326,0.052199117839336398,0.3346840441226959,0.9401558637619019,0.06398098915815354,-0.07070509344339371,-0.04265109449625015,0.9965850114822388],"EasingStyle":"Linear","EasingDirection":"In"},"Right Arm":{"Weight":1,"CFrame":[-0.12215113639831543,-0.41102850437164309,0.06290793418884278,-0.9227643013000488,-0.2973591089248657,-0.24511952698230744,0.26935118436813357,-0.9525749683380127,0.14160090684890748,-0.2756010591983795,0.06464087218046189,0.9590962529182434],"EasingStyle":"Linear","EasingDirection":"In"},"Left Arm":{"Weight":1,"CFrame":[0.14977851510047913,-0.4013179540634155,0.13456904888153077,-0.9610464572906494,0.255300909280777,0.10588247328996659,-0.2443818897008896,-0.9638757705688477,0.10592935979366303,0.12910141050815583,0.07592716813087464,0.9887202978134155],"EasingStyle":"Linear","EasingDirection":"In"},"Head":{"Weight":1,"CFrame":[7.438939064741135e-8,1.862645149230957e-9,-1.1920928955078126e-7,0.996285617351532,0.08607694506645203,-0.002382769249379635,-0.08610990643501282,0.9958932995796204,-0.027957206591963769,-0.00003349188045831397,0.02805854193866253,0.9996062517166138],"EasingStyle":"Linear","EasingDirection":"In"},"Torso":{"Weight":1,"CFrame":[-0.13882498443126679,0.00803188607096672,-0.24071741104125977,0.9942135810852051,-0.09752914309501648,-0.045026808977127078,0.09807358682155609,0.9951285123825073,0.010039850138127804,0.04382828250527382,-0.014397695660591126,0.998935341835022],"EasingStyle":"Linear","EasingDirection":"In"},"HumanoidRootPart":{"Weight":0,"CFrame":[0,0,0,1,0,0,0,1,0,0,0,1],"EasingStyle":"Linear","EasingDirection":"In"},"Right Leg":{"Weight":1,"CFrame":[0.5327876210212708,0.12476426362991333,0.13669514656066895,0.8759819865226746,0.4220283627510071,-0.23355402052402497,-0.42282214760780337,0.9048745036125183,0.049231331795454028,0.23211416602134705,0.05562601611018181,0.9710966944694519],"EasingStyle":"Linear","EasingDirection":"In"}}},{"Time":0.36666667461395266,"poses":{"Left Leg":{"Weight":1,"CFrame":[-0.587434709072113,0.18040233850479127,0.01258087158203125,0.9446879029273987,-0.32462120056152346,0.0467529259622097,0.31893181800842287,0.9425069093704224,0.09981569647789002,-0.07646730542182923,-0.07938365638256073,0.9939069151878357],"EasingStyle":"Linear","EasingDirection":"In"},"Right Arm":{"Weight":1,"CFrame":[-0.11756937205791474,-0.4694285988807678,0.011146187782287598,-0.9328606128692627,-0.15547825396060944,-0.3249577581882477,0.14369340240955354,-0.9877947568893433,0.06011451035737991,-0.3303380608558655,0.00938406866043806,0.9438160061836243],"EasingStyle":"Linear","EasingDirection":"In"},"Left Arm":{"Weight":1,"CFrame":[0.11522403359413147,-0.4388090968132019,0.08360648155212403,-0.9761892557144165,0.11886151134967804,0.18145668506622315,-0.11468657851219177,-0.9928411841392517,0.03336816653609276,0.18412382900714875,0.011762957088649273,0.982832670211792],"EasingStyle":"Linear","EasingDirection":"In"},"Head":{"Weight":1,"CFrame":[4.9476511776447299e-8,8.381903171539307e-9,-2.980232238769531e-7,0.9958087801933289,0.09142132103443146,-0.0026478020008653404,-0.09145963937044144,0.9954096674919128,-0.0281903725117445,0.000058449160860618579,0.028314391151070596,0.999599039554596],"EasingStyle":"Linear","EasingDirection":"In"},"Torso":{"Weight":1,"CFrame":[-0.13410907983779908,0.006091691553592682,-0.18459796905517579,0.9940054416656494,-0.10321027785539627,-0.03606761619448662,0.1035478264093399,0.9945953488349915,0.007614606991410255,0.035086777061223987,-0.011303684674203396,0.9993203282356262],"EasingStyle":"Linear","EasingDirection":"In"},"HumanoidRootPart":{"Weight":0,"CFrame":[0,0,0,1,0,0,0,1,0,0,0,1],"EasingStyle":"Linear","EasingDirection":"In"},"Right Leg":{"Weight":1,"CFrame":[0.45689857006073,0.09093344211578369,0.1241152286529541,0.8946642279624939,0.37766340374946597,-0.23863403499126435,-0.3801562488079071,0.9241679906845093,0.03734707459807396,0.23464259505271913,0.05730507895350456,0.9703911542892456],"EasingStyle":"Linear","EasingDirection":"In"}}},{"Time":0.4000000059604645,"poses":{"Left Leg":{"Weight":1,"CFrame":[-0.6135244965553284,0.22377395629882813,-0.003441929817199707,0.9443377256393433,-0.3266882002353668,0.03874283656477928,0.3179401159286499,0.9365530014038086,0.14758923649787904,-0.08450042456388474,-0.12705618143081666,0.9882896542549133],"EasingStyle":"Linear","EasingDirection":"In"},"Right Arm":{"Weight":1,"CFrame":[-0.11001568287611008,-0.5097190141677856,-0.022803127765655519,-0.9282504320144653,-0.06778474897146225,-0.3657272458076477,0.07012845575809479,-0.9975141882896423,0.006888816133141518,-0.36528506875038149,-0.019253410398960115,0.9306966066360474],"EasingStyle":"Linear","EasingDirection":"In"},"Left Arm":{"Weight":1,"CFrame":[0.08773953467607498,-0.4641047716140747,0.049780964851379397,-0.9746530055999756,0.03410906717181206,0.22110654413700105,-0.038266394287347797,-0.9991617202758789,-0.014544582925736905,0.22042511403560639,-0.022636935114860536,0.975141167640686],"EasingStyle":"Linear","EasingDirection":"In"},"Head":{"Weight":1,"CFrame":[7.654307410120964e-8,2.2118911147117616e-9,-2.980232238769531e-7,0.9952930212020874,0.09686479717493057,-0.0030080752912908794,-0.09691115468740463,0.9948916435241699,-0.02826334349811077,0.00025498608010821044,0.028421824797987939,0.9995959997177124],"EasingStyle":"Linear","EasingDirection":"In"},"Torso":{"Weight":1,"CFrame":[-0.12296733260154724,0.00256210844963789,-0.1495351791381836,0.9937155246734619,-0.10892568528652191,-0.025781799107789995,0.10904344916343689,0.9940318465232849,0.003202626248821616,0.025279080495238305,-0.005993835628032684,0.999662458896637],"EasingStyle":"Linear","EasingDirection":"In"},"HumanoidRootPart":{"Weight":0,"CFrame":[0,0,0,1,0,0,0,1,0,0,0,1],"EasingStyle":"Linear","EasingDirection":"In"},"Right Leg":{"Weight":1,"CFrame":[0.39712369441986086,0.06980496644973755,0.11398768424987793,0.9078459739685059,0.34073278307914736,-0.24437019228935243,-0.3447921574115753,0.9382804036140442,0.027354950085282327,0.23860852420330048,0.05942279472947121,0.9692960977554321],"EasingStyle":"Linear","EasingDirection":"In"}}},{"Time":0.4333333373069763,"poses":{"Left Leg":{"Weight":1,"CFrame":[-0.6418105363845825,0.27415984869003298,-0.026204586029052736,0.9446045160293579,-0.3268706202507019,0.02962992712855339,0.3147051930427551,0.9276670813560486,0.2009836733341217,-0.09318243712186814,-0.18052542209625245,0.9791463613510132],"EasingStyle":"Linear","EasingDirection":"In"},"Right Arm":{"Weight":1,"CFrame":[-0.09874705225229263,-0.524739682674408,-0.03499603271484375,-0.9248924851417542,-0.03758775070309639,-0.3783663213253021,0.04546581581234932,-0.9988949298858643,-0.011906016618013382,-0.37750065326690676,-0.02821454219520092,0.9255793690681458],"EasingStyle":"Linear","EasingDirection":"In"},"Left Arm":{"Weight":1,"CFrame":[0.07489528506994248,-0.4733850657939911,0.03729653358459473,-0.9723211526870728,0.0048409742303192619,0.23359812796115876,-0.012557699345052243,-0.9994230270385742,-0.031557876616716388,0.23331058025360108,-0.03361793980002403,0.9718210101127625],"EasingStyle":"Linear","EasingDirection":"In"},"Head":{"Weight":1,"CFrame":[8.632196113467217e-8,-4.656612873077393e-10,-5.960464477539063e-8,0.9947186708450317,0.10257948189973831,-0.0034909925889223816,-0.10263727605342865,0.9943175911903381,-0.028251389041543008,0.0005731420824304223,0.028460493311285974,0.9995947480201721],"EasingStyle":"Linear","EasingDirection":"In"},"Torso":{"Weight":1,"CFrame":[-0.10582758486270905,-0.0027467510662972929,-0.13149213790893556,0.9932771921157837,-0.11481837183237076,-0.014736233279109002,0.11477989703416825,0.9933850169181824,-0.003433449426665902,0.015032976865768433,0.0017189434729516507,0.9998854994773865],"EasingStyle":"Linear","EasingDirection":"In"},"HumanoidRootPart":{"Weight":0,"CFrame":[0,0,0,1,0,0,0,1,0,0,0,1],"EasingStyle":"Linear","EasingDirection":"In"},"Right Leg":{"Weight":1,"CFrame":[0.3564223051071167,0.058631062507629397,0.10785377025604248,0.9160102009773254,0.3129858374595642,-0.25092843174934389,-0.31844428181648257,0.9477379322052002,0.01964855194091797,0.24396416544914246,0.06190838664770126,0.9678062200546265],"EasingStyle":"Linear","EasingDirection":"In"}}},{"Time":0.46666666865348818,"poses":{"Left Leg":{"Weight":1,"CFrame":[-0.6469408273696899,0.3120914101600647,-0.049942612648010257,0.9501494765281677,-0.31105121970176699,0.021519822999835016,0.29600057005882265,0.9215565323829651,0.25123122334480288,-0.09797760844230652,-0.23233740031719209,0.9676878452301025],"EasingStyle":"Linear","EasingDirection":"In"},"Right Arm":{"Weight":1,"CFrame":[-0.04646551236510277,-0.5008583664894104,-0.031007826328277589,-0.9249245524406433,-0.0687589943408966,-0.3738807439804077,0.07642248272895813,-0.9970592856407166,-0.005692416336387396,-0.37238985300064089,-0.03383801132440567,0.9274592995643616],"EasingStyle":"Linear","EasingDirection":"In"},"Left Arm":{"Weight":1,"CFrame":[0.07344209402799607,-0.4676094651222229,0.0370633602142334,-0.9719054102897644,0.0472501702606678,0.23058032989501954,-0.05227743089199066,-0.9985085725784302,-0.015738260000944139,0.22949275374412538,-0.027350343763828279,0.9729260206222534],"EasingStyle":"Linear","EasingDirection":"In"},"Head":{"Weight":1,"CFrame":[8.102506399154663e-8,2.7939677238464357e-9,-5.960464477539063e-8,0.9940656423568726,0.10867094248533249,-0.004906764719635248,-0.10875450819730759,0.993813693523407,-0.022512588649988176,0.0024299456272274257,0.02291262522339821,0.9997345209121704],"EasingStyle":"Linear","EasingDirection":"In"},"Torso":{"Weight":1,"CFrame":[-0.08379442244768143,-0.010024866089224816,-0.12488651275634766,0.992642879486084,-0.12102874368429184,-0.003494176547974348,0.1209765151143074,0.9925762414932251,-0.012531095184385777,0.0049848598428070549,0.01201618928462267,0.999915361404419],"EasingStyle":"Linear","EasingDirection":"In"},"HumanoidRootPart":{"Weight":0,"CFrame":[0,0,0,1,0,0,0,1,0,0,0,1],"EasingStyle":"Linear","EasingDirection":"In"},"Right Leg":{"Weight":1,"CFrame":[0.33154016733169558,0.054737746715545657,0.10554206371307373,0.9206670522689819,0.2925283908843994,-0.2584555447101593,-0.29912346601486208,0.9541064500808716,0.014355164021253586,0.25079345703125,0.06409378349781037,0.9659165143966675],"EasingStyle":"Linear","EasingDirection":"In"}}},{"Time":0.5,"poses":{"Left Leg":{"Weight":1,"CFrame":[-0.6015670299530029,0.31483834981918337,-0.06178009510040283,0.9645692110061646,-0.2633061707019806,0.01661747880280018,0.24770225584506989,0.9254918098449707,0.28654569387435915,-0.09082861244678498,-0.27227702736854555,0.9579224586486816],"EasingStyle":"Linear","EasingDirection":"In"},"Right Arm":{"Weight":1,"CFrame":[0.03661821782588959,-0.44948723912239077,-0.02360135316848755,-0.9192131161689758,-0.15711313486099244,-0.361057847738266,0.1637207418680191,-0.986428439617157,0.012426112778484822,-0.3581100404262543,-0.04769052192568779,0.932460606098175],"EasingStyle":"Linear","EasingDirection":"In"},"Left Arm":{"Weight":1,"CFrame":[0.0733225867152214,-0.4520898759365082,0.03701353073120117,-0.9623568654060364,0.16105690598487855,0.21892893314361573,-0.15898336470127107,-0.9869071841239929,0.02717573754489422,0.2204393595457077,-0.008653419092297554,0.9753623008728027],"EasingStyle":"Linear","EasingDirection":"In"},"Head":{"Weight":1,"CFrame":[9.033828973770142e-8,-4.656612873077393e-10,-2.980232238769531e-7,0.9933361411094666,0.11499612033367157,-0.007695403415709734,-0.11505133658647537,0.9933336973190308,-0.007162809371948242,0.006820408161729574,0.00800043810158968,0.9999447464942932],"EasingStyle":"Linear","EasingDirection":"In"},"Torso":{"Weight":1,"CFrame":[-0.05796714872121811,-0.019461549818515779,-0.12413716316223145,0.9917852282524109,-0.12770070135593415,0.007387789897620678,0.1278446465730667,0.9914957880973816,-0.024326948449015619,-0.004218394868075848,0.02507159672677517,0.9996767640113831],"EasingStyle":"Linear","EasingDirection":"In"},"HumanoidRootPart":{"Weight":0,"CFrame":[0,0,0,1,0,0,0,1,0,0,0,1],"EasingStyle":"Linear","EasingDirection":"In"},"Right Leg":{"Weight":1,"CFrame":[0.3153723478317261,0.05595386028289795,0.10564994812011719,0.923527717590332,0.27519673109054568,-0.2671389877796173,-0.2824607193470001,0.9592081904411316,0.011644277721643448,0.2594464421272278,0.06470242887735367,0.9635876417160034],"EasingStyle":"Linear","EasingDirection":"In"}}},{"Time":0.5333333611488342,"poses":{"Left Leg":{"Weight":1,"CFrame":[-0.5046886801719666,0.2871236801147461,-0.05879288911819458,0.9830753207206726,-0.18259891867637635,0.014849133789539338,0.16956806182861329,0.9376051425933838,0.3035511076450348,-0.06935079395771027,-0.29589569568634035,0.9526994228363037],"EasingStyle":"Linear","EasingDirection":"In"},"Right Arm":{"Weight":1,"CFrame":[0.07998389005661011,-0.40103480219841006,-0.019613146781921388,-0.8934192061424255,-0.29436933994293215,-0.33933591842651369,0.2985502779483795,-0.9535077214241028,0.041118074208498,-0.335663378238678,-0.06457322090864182,0.9397661685943604],"EasingStyle":"Linear","EasingDirection":"In"},"Left Arm":{"Weight":1,"CFrame":[0.07189453393220902,-0.42953401803970339,0.03688371181488037,-0.9261000752449036,0.32453155517578127,0.19240029156208039,-0.3127777874469757,-0.9456028938293457,0.08947236090898514,0.2109709084033966,0.022681714966893197,0.9772291779518127],"EasingStyle":"Linear","EasingDirection":"In"},"Head":{"Weight":1,"CFrame":[7.916241884231568e-8,1.0943040251731873e-8,-4.76837158203125e-7,0.9925434589385986,0.12136103957891464,-0.011354615911841393,-0.12118516117334366,0.9925154447555542,0.015073957853019238,0.013099021278321743,-0.013585548847913742,0.9998219013214111],"EasingStyle":"Linear","EasingDirection":"In"},"Torso":{"Weight":1,"CFrame":[-0.02944887802004814,-0.031084604561328889,-0.12516021728515626,0.9907070994377136,-0.13490177690982819,0.01734822243452072,0.13548818230628968,0.990016758441925,-0.038855765014886859,-0.011933318339288235,0.04084515944123268,0.9990942478179932],"EasingStyle":"Linear","EasingDirection":"In"},"HumanoidRootPart":{"Weight":0,"CFrame":[0,0,0,1,0,0,0,1,0,0,0,1],"EasingStyle":"Linear","EasingDirection":"In"},"Right Leg":{"Weight":1,"CFrame":[0.3014603555202484,0.06070941686630249,0.10662543773651123,0.9257413148880005,0.25732579827308657,-0.2771034836769104,-0.26454803347587588,0.9643017649650574,0.011680617928504944,0.2702172100543976,0.06249389797449112,0.9607690572738648],"EasingStyle":"Linear","EasingDirection":"In"}}},{"Time":0.5666666626930237,"poses":{"Left Leg":{"Weight":1,"CFrame":[-0.39068588614463808,0.25282782316207888,-0.04999488592147827,0.9957846999168396,-0.09050711989402771,0.014874071814119816,0.08160882443189621,0.9482918977737427,0.30672869086265566,-0.04186614975333214,-0.3042219281196594,0.9516807794570923],"EasingStyle":"Linear","EasingDirection":"In"},"Right Arm":{"Weight":1,"CFrame":[0.059670522809028628,-0.37034353613853457,-0.0224456787109375,-0.8285607695579529,-0.4694121778011322,-0.305187463760376,0.4669058620929718,-0.8801066279411316,0.08608762919902802,-0.3090081214904785,-0.07116509974002838,0.9483931064605713],"EasingStyle":"Linear","EasingDirection":"In"},"Left Arm":{"Weight":1,"CFrame":[0.06710256636142731,-0.40257614850997927,0.036454200744628909,-0.8470274209976196,0.5113957524299622,0.1449785828590393,-0.48972585797309878,-0.856840968132019,0.1612212359905243,0.20667146146297456,0.06555896997451782,0.9762114882469177],"EasingStyle":"Linear","EasingDirection":"In"},"Head":{"Weight":1,"CFrame":[1.0244548320770264e-7,-3.958120942115784e-9,-4.76837158203125e-7,0.9917114973068237,0.1275557577610016,-0.015422804281115532,-0.12682726979255677,0.9910586476325989,0.04144421964883804,0.020571349188685418,-0.03914467617869377,0.9990217685699463],"EasingStyle":"Linear","EasingDirection":"In"},"Torso":{"Weight":1,"CFrame":[0.0006108060479164124,-0.04428423196077347,-0.12982630729675294,0.9894766211509705,-0.14237993955612184,0.025767700746655465,0.14362101256847382,0.9880834221839905,-0.05535529553890228,-0.017579153180122377,0.058473553508520129,0.998134195804596],"EasingStyle":"Linear","EasingDirection":"In"},"HumanoidRootPart":{"Weight":0,"CFrame":[0,0,0,1,0,0,0,1,0,0,0,1],"EasingStyle":"Linear","EasingDirection":"In"},"Right Leg":{"Weight":1,"CFrame":[0.2936696410179138,0.06997030973434448,0.10950684547424317,0.9264818429946899,0.24206623435020448,-0.2881584167480469,-0.24842815101146699,0.9685361385345459,0.014872982166707516,0.28269216418266299,0.0578070767223835,0.957467257976532],"EasingStyle":"Linear","EasingDirection":"In"}}},{"Time":0.6000000238418579,"poses":{"Left Leg":{"Weight":1,"CFrame":[-0.3536427617073059,0.2453565001487732,-0.04717332124710083,0.9988235235214233,-0.045902617275714877,0.015635661780834199,0.039103515446186069,0.9531031847000122,0.30010873079299929,-0.028678184375166894,-0.2991441786289215,0.9537768363952637],"EasingStyle":"Linear","EasingDirection":"In"},"Right Arm":{"Weight":1,"CFrame":[0.007283344864845276,-0.3502125144004822,-0.029861152172088624,-0.7116641998291016,-0.6555275321006775,-0.25262171030044558,0.6422080993652344,-0.7528214454650879,0.1443212479352951,-0.28478556871414187,-0.05952754244208336,0.9567411541938782],"EasingStyle":"Linear","EasingDirection":"In"},"Left Arm":{"Weight":1,"CFrame":[0.05923879146575928,-0.37355396151542666,0.03568005561828613,-0.719094455242157,0.6908351182937622,0.07516667991876602,-0.6618129014968872,-0.713810384273529,0.22908176481723786,0.2119123488664627,0.11498506367206574,0.970500648021698],"EasingStyle":"Linear","EasingDirection":"In"},"Head":{"Weight":1,"CFrame":[7.82310962677002e-8,-2.8870999813079835e-8,1.1920928955078126e-7,0.9908792972564697,0.13333620131015778,-0.019485630095005037,-0.13170596957206727,0.9888725876808167,0.06917008757591248,0.028491681441664697,-0.06597282737493515,0.9974145889282227],"EasingStyle":"Linear","EasingDirection":"In"},"Torso":{"Weight":1,"CFrame":[0.031037554144859315,-0.058304786682128909,-0.14145350456237794,0.9881917238235474,-0.1498447060585022,0.0319957360625267,0.1518290787935257,0.9857161045074463,-0.07288102060556412,-0.020617876201868058,0.07687830179929733,0.9968273043632507],"EasingStyle":"Linear","EasingDirection":"In"},"HumanoidRootPart":{"Weight":0,"CFrame":[0,0,0,1,0,0,0,1,0,0,0,1],"EasingStyle":"Linear","EasingDirection":"In"},"Right Leg":{"Weight":1,"CFrame":[0.29803144931793215,0.08590352535247803,0.11609864234924317,0.9247273802757263,0.23417620360851289,-0.3000679016113281,-0.23876436054706574,0.9708318710327148,0.02184087038040161,0.2964301109313965,0.051448624581098559,0.9536677598953247],"EasingStyle":"Linear","EasingDirection":"In"}}},{"Time":0.6333333253860474,"poses":{"Left Leg":{"Weight":1,"CFrame":[-0.4046124517917633,0.27028244733810427,-0.052176594734191897,0.998245358467102,-0.056914158165454867,0.016340089961886407,0.049814511090517047,0.9563713669776917,0.2878754734992981,-0.03201141953468323,-0.28655633330345156,0.9575284719467163],"EasingStyle":"Linear","EasingDirection":"In"},"Right Arm":{"Weight":1,"CFrame":[-0.06434814631938935,-0.3379873037338257,-0.04023712873458862,-0.5482412576675415,-0.8162817