{"Sequence":[{"Time":0,"poses":{"Left Leg":{"Weight":1,"CFrame":[-0.6426394581794739,0.03722095489501953,0.054087281227111819,0.8319600224494934,-0.5485963225364685,0.08297405391931534,0.5465176105499268,0.8360700011253357,0.048016179352998736,-0.09571364521980286,0.005399256944656372,0.9953943490982056],"EasingStyle":"Constant","EasingDirection":"In"},"Right Arm":{"Weight":1,"CFrame":[0.16354358196258546,0.4641045331954956,0.21289539337158204,-0.6146882176399231,-0.5293433666229248,-0.5847683548927307,0.5704473257064819,-0.8103451728820801,0.1339053064584732,-0.5447460412979126,-0.2512696385383606,0.8000720143318176],"EasingStyle":"Constant","EasingDirection":"In"},"Head":{"Weight":1,"CFrame":[8.614733815193176e-8,4.353933036327362e-8,-1.7881393432617188e-7,0.9971999526023865,-0.03826048597693443,-0.06425317376852036,0.029072921723127366,0.989966094493866,-0.1382821947336197,0.06889920681715012,0.13602696359157563,0.9883064031600952],"EasingStyle":"Constant","EasingDirection":"In"},"Left Arm":{"Weight":1,"CFrame":[-0.03280055522918701,-0.47899845242500307,0.13961219787597657,0.2505367696285248,0.8691132664680481,-0.4264664351940155,-0.8027228116989136,0.432743102312088,0.4103284478187561,0.5411722660064697,0.23953193426132203,0.8060751557350159],"EasingStyle":"Constant","EasingDirection":"In"},"Torso":{"Weight":1,"CFrame":[0.11242768913507462,0.1187623143196106,-0.25339317321777346,0.9977225065231323,0.009962387382984162,0.0667126402258873,-0.019798802211880685,0.9887213706970215,0.14845292270183564,-0.06448125839233399,-0.14943566918373109,0.9866666793823242],"EasingStyle":"Constant","EasingDirection":"In"},"HumanoidRootPart":{"Weight":0,"CFrame":[0,0,0,1,0,0,0,1,0,0,0,1],"EasingStyle":"Linear","EasingDirection":"In"},"Right Leg":{"Weight":1,"CFrame":[0.6265255808830261,0.5794599056243897,0.052516818046569827,0.9954608082771301,0.07706008851528168,-0.0558539554476738,-0.07873161882162094,0.9964922666549683,-0.02836655266582966,0.05347215756773949,0.03263523429632187,0.9980359077453613],"EasingStyle":"Constant","EasingDirection":"In"}}},{"Time":0.10000000149011612,"poses":{"Left Leg":{"Weight":1,"CFrame":[-0.7415019869804382,0.21574658155441285,0.11436092853546143,0.7695297598838806,-0.6122362613677979,0.1816335916519165,0.5806167721748352,0.7891798615455627,0.20019835233688355,-0.265910267829895,-0.04859904944896698,0.9627719521522522],"EasingStyle":"Constant","EasingDirection":"In"},"Right Arm":{"Weight":1,"CFrame":[0.17793592810630799,0.5457742214202881,0.19637703895568849,-0.558969259262085,-0.6458072066307068,-0.5200832486152649,0.6801336407661438,-0.7158724665641785,0.15793976187705995,-0.47431185841560366,-0.26544269919395449,0.8393857479095459],"EasingStyle":"Constant","EasingDirection":"In"},"Head":{"Weight":1,"CFrame":[9.685754776000977e-8,-1.955777406692505e-8,-1.1920928955078126e-7,0.9925761222839356,-0.12098117172718048,-0.012501363642513752,0.11550123989582062,0.969809889793396,-0.21477514505386353,0.03810770437121391,0.2117367833852768,0.9765835404396057],"EasingStyle":"Constant","EasingDirection":"In"},"Left Arm":{"Weight":1,"CFrame":[-0.11206300556659699,-0.5286654829978943,0.01881885528564453,0.038098301738500598,0.937690794467926,-0.34537604451179507,-0.9343427419662476,0.15598353743553163,0.32042619585990908,0.3543335497379303,0.31049180030822756,0.8820671439170837],"EasingStyle":"Constant","EasingDirection":"In"},"Torso":{"Weight":1,"CFrame":[-0.15409234166145326,0.15596070885658265,-0.4280848503112793,0.9932544231414795,0.1103895977139473,0.0354941301047802,-0.11521872878074646,0.9740219712257385,0.19495084881782533,-0.013051520101726056,-0.19772538542747498,0.9801705479621887],"EasingStyle":"Constant","EasingDirection":"In"},"HumanoidRootPart":{"Weight":0,"CFrame":[0,0,0,1,0,0,0,1,0,0,0,1],"EasingStyle":"Linear","EasingDirection":"In"},"Right Leg":{"Weight":1,"CFrame":[0.7745988368988037,0.1883583664894104,-0.014992356300354004,0.9104844331741333,0.41204625368118288,0.03515562415122986,-0.4096962511539459,0.9103179574012756,-0.058910202234983447,-0.05627642199397087,0.039233654737472537,0.9976441264152527],"EasingStyle":"Constant","EasingDirection":"In"}}},{"Time":0.20000000298023225,"poses":{"Left Leg":{"Weight":1,"CFrame":[-0.7549839615821838,0.1411716341972351,0.028670787811279298,0.8655332922935486,-0.4994209110736847,0.03782927244901657,0.4997152090072632,0.8661876916885376,0.001906850840896368,-0.033719610422849658,0.017253391444683076,0.9992824196815491],"EasingStyle":"Constant","EasingDirection":"In"},"Right Arm":{"Weight":1,"CFrame":[0.13116365671157838,0.26509320735931399,0.18021774291992188,-0.6797500848770142,-0.4932689070701599,-0.5427942872047424,0.5147761702537537,-0.8480178117752075,0.12598079442977906,-0.5224416851997376,-0.193782240152359,0.8303632736206055],"EasingStyle":"Constant","EasingDirection":"In"},"Head":{"Weight":1,"CFrame":[4.563480615615845e-8,-9.173527359962464e-8,1.1920928955078126e-7,0.9981362223625183,0.03583526611328125,0.049396660178899768,-0.02756073884665966,0.9868875741958618,-0.15903916954994203,-0.05444815382361412,0.1573813408613205,0.9860358238220215],"EasingStyle":"Constant","EasingDirection":"In"},"Left Arm":{"Weight":1,"CFrame":[-0.1752115935087204,-0.6086563467979431,-0.01706141233444214,0.07078798115253449,0.8639278411865234,-0.49861595034599306,-0.9175593852996826,0.2524608075618744,0.30716195702552798,0.3912467956542969,0.43576622009277346,0.8105762004852295],"EasingStyle":"Constant","EasingDirection":"In"},"Torso":{"Weight":1,"CFrame":[-0.1220489963889122,0.1335134208202362,-0.37479424476623537,0.9977232217788696,-0.03985503688454628,-0.054405588656663898,0.04843875393271446,0.9847847819328308,0.16689172387123109,0.04692631587386131,-0.1691470891237259,0.9844730496406555],"EasingStyle":"Constant","EasingDirection":"In"},"HumanoidRootPart":{"Weight":0,"CFrame":[0,0,0,1,0,0,0,1,0,0,0,1],"EasingStyle":"Linear","EasingDirection":"In"},"Right Leg":{"Weight":1,"CFrame":[0.6510586738586426,0.6814473271369934,-0.011811137199401856,0.9849269390106201,0.14809000492095948,-0.08937814831733704,-0.13801899552345277,0.9843073487281799,0.10995417833328247,0.10425876080989838,-0.09596094489097595,0.9899098873138428],"EasingStyle":"Constant","EasingDirection":"In"}}},{"Time":0.30000001192092898,"poses":{"Left Leg":{"Weight":1,"CFrame":[-0.9245303273200989,0.7160751223564148,0.0032355785369873049,0.9446423649787903,-0.3257890045642853,0.03888837620615959,0.32374605536460879,0.9447803497314453,0.050780609250068668,-0.053284771740436557,-0.03537958487868309,0.9979524612426758],"EasingStyle":"Constant","EasingDirection":"In"},"Right Arm":{"Weight":1,"CFrame":[0.0994940772652626,0.05475890636444092,0.13938426971435548,-0.5144063234329224,-0.6611092686653137,-0.5461875200271606,0.6758067011833191,-0.7046043276786804,0.21637476980686189,-0.5278933644294739,-0.2578126788139343,0.8092349767684937],"EasingStyle":"Constant","EasingDirection":"In"},"Head":{"Weight":1,"CFrame":[8.568167686462403e-8,-6.624031811952591e-8,1.1920928955078126e-7,0.9998300671577454,0.017507975921034814,-0.005781744606792927,-0.018240071833133699,0.985029399394989,-0.1714189350605011,0.0026939911767840387,0.1714952439069748,0.9851812720298767],"EasingStyle":"Constant","EasingDirection":"In"},"Left Arm":{"Weight":1,"CFrame":[-0.11162593960762024,-0.5063593983650208,0.05289268493652344,0.05697708949446678,0.9308144450187683,-0.36102399230003359,-0.8881714344024658,0.21240848302841187,0.4074729084968567,0.4559662342071533,0.2974345088005066,0.8388250470161438],"EasingStyle":"Constant","EasingDirection":"In"},"Torso":{"Weight":1,"CFrame":[0.026003655046224595,0.12123870849609375,-0.3420565128326416,0.9998979568481445,-0.01356838271021843,-0.00447141844779253,0.014089376665651799,0.988349437713623,0.1515483409166336,0.002363057341426611,-0.15159587562084199,0.9884397387504578],"EasingStyle":"Constant","EasingDirection":"In"},"HumanoidRootPart":{"Weight":0,"CFrame":[0,0,0,1,0,0,0,1,0,0,0,1],"EasingStyle":"Linear","EasingDirection":"In"},"Right Leg":{"Weight":1,"CFrame":[0.5340248346328735,0.19482827186584474,0.17098987102508546,0.9094676971435547,0.3198939859867096,-0.26558682322502139,-0.3381650745868683,0.9407579898834229,-0.024878544732928277,0.24189446866512299,0.1124383956193924,0.9637658596038818],"EasingStyle":"Constant","EasingDirection":"In"}}},{"Time":0.4000000059604645,"poses":{"Left Leg":{"Weight":1,"CFrame":[-0.6426394581794739,0.03722095489501953,0.054087281227111819,0.8319600224494934,-0.5485963225364685,0.08297405391931534,0.5465176105499268,0.8360700011253357,0.048016179352998736,-0.09571364521980286,0.005399256944656372,0.9953943490982056],"EasingStyle":"Constant","EasingDirection":"In"},"Right Arm":{"Weight":1,"CFrame":[0.16354358196258546,0.4641045331954956,0.21289539337158204,-0.6146882176399231,-0.5293433666229248,-0.5847683548927307,0.5704473257064819,-0.8103451728820801,0.1339053064584732,-0.5447460412979126,-0.2512696385383606,0.8000720143318176],"EasingStyle":"Constant","EasingDirection":"In"},"Head":{"Weight":1,"CFrame":[8.614733815193176e-8,4.353933036327362e-8,-1.7881393432617188e-7,0.9971999526023865,-0.03826048597693443,-0.06425317376852036,0.029072921723127366,0.989966094493866,-0.1382821947336197,0.06889920681715012,0.13602696359157563,0.9883064031600952],"EasingStyle":"Constant","EasingDirection":"In"},"Left Arm":{"Weight":1,"CFrame":[-0.03280055522918701,-0.47899845242500307,0.13961219787597657,0.2505367696285248,0.8691132664680481,-0.4264664351940155,-0.8027228116989136,0.432743102312088,0.4103284478187561,0.5411722660064697,0.23953193426132203,0.8060751557350159],"EasingStyle":"Constant","EasingDirection":"In"},"Torso":{"Weight":1,"CFrame":[0.11242768913507462,0.1187623143196106,-0.25339317321777346,0.9977225065231323,0.009962387382984162,0.0667126402258873,-0.019798802211880685,0.9887213706970215,0.14845292270183564,-0.06448125839233399,-0.14943566918373109,0.9866666793823242],"EasingStyle":"Constant","EasingDirection":"In"},"HumanoidRootPart":{"Weight":0,"CFrame":[0,0,0,1,0,0,0,1,0,0,0,1],"EasingStyle":"Linear","EasingDirection":"In"},"Right Leg":{"Weight":1,"CFrame":[0.6265255808830261,0.5794599056243897,0.052516818046569827,0.9954608082771301,0.07706008851528168,-0.0558539554476738,-0.07873161882162094,0.9964922666549683,-0.02836655266582966,0.05347215756773949,0.03263523429632187,0.9980359077453613],"EasingStyle":"Constant","EasingDirection":"In"}}},{"Time":0.5,"poses":{"Left Leg":{"Weight":1,"CFrame":[-0.7415019869804382,0.21574658155441285,0.11436092853546143,0.7695297598838806,-0.6122362613677979,0.1816335916519165,0.5806167721748352,0.7891798615455627,0.20019835233688355,-0.265910267829895,-0.04859904944896698,0.9627719521522522],"EasingStyle":"Constant","EasingDirection":"In"},"Right Arm":{"Weight":1,"CFrame":[0.17793592810630799,0.5457742214202881,0.19637703895568849,-0.558969259262085,-0.6458072066307068,-0.5200832486152649,0.6801336407661438,-0.7158724665641785,0.15793976187705995,-0.47431185841560366,-0.26544269919395449,0.8393857479095459],"EasingStyle":"Constant","EasingDirection":"In"},"Head":{"Weight":1,"CFrame":[9.685754776000977e-8,-1.955777406692505e-8,-1.1920928955078126e-7,0.9925761222839356,-0.12098117172718048,-0.012501363642513752,0.11550123989582062,0.969809889793396,-0.21477514505386353,0.03810770437121391,0.2117367833852768,0.9765835404396057],"EasingStyle":"Constant","EasingDirection":"In"},"Left Arm":{"Weight":1,"CFrame":[-0.11206300556659699,-0.5286654829978943,0.01881885528564453,0.038098301738500598,0.937690794467926,-0.34537604451179507,-0.9343427419662476,0.15598353743553163,0.32042619585990908,0.3543335497379303,0.31049180030822756,0.8820671439170837],"EasingStyle":"Constant","EasingDirection":"In"},"Torso":{"Weight":1,"CFrame":[-0.15409234166145326,0.15596070885658265,-0.4280848503112793,0.9932544231414795,0.1103895977139473,0.0354941301047802,-0.11521872878074646,0.9740219712257385,0.19495084881782533,-0.013051520101726056,-0.19772538542747498,0.9801705479621887],"EasingStyle":"Constant","EasingDirection":"In"},"HumanoidRootPart":{"Weight":0,"CFrame":[0,0,0,1,0,0,0,1,0,0,0,1],"EasingStyle":"Linear","EasingDirection":"In"},"Right Leg":{"Weight":1,"CFrame":[0.7745988368988037,0.1883583664894104,-0.014992356300354004,0.9104844331741333,0.41204625368118288,0.03515562415122986,-0.4096962511539459,0.9103179574012756,-0.058910202234983447,-0.05627642199397087,0.039233654737472537,0.9976441264152527],"EasingStyle":"Constant","EasingDirection":"In"}}},{"Time":0.6000000238418579,"poses":{"Left Leg":{"Weight":1,"CFrame":[-0.7549839615821838,0.1411716341972351,0.028670787811279298,0.8655332922935486,-0.4994209110736847,0.03782927244901657,0.4997152090072632,0.8661876916885376,0.001906850840896368,-0.033719610422849658,0.017253391444683076,0.9992824196815491],"EasingStyle":"Constant","EasingDirection":"In"},"Right Arm":{"Weight":1,"CFrame":[0.13116365671157838,0.26509320735931399,0.18021774291992188,-0.6797500848770142,-0.4932689070701599,-0.5427942872047424,0.5147761702537537,-0.8480178117752075,0.12598079442977906,-0.5224416851997376,-0.193782240152359,0.8303632736206055],"EasingStyle":"Constant","EasingDirection":"In"},"Head":{"Weight":1,"CFrame":[4.563480615615845e-8,-9.173527359962464e-8,1.1920928955078126e-7,0.9981362223625183,0.03583526611328125,0.049396660178899768,-0.02756073884665966,0.9868875741958618,-0.15903916954994203,-0.05444815382361412,0.1573813408613205,0.9860358238220215],"EasingStyle":"Constant","EasingDirection":"In"},"Left Arm":{"Weight":1,"CFrame":[-0.1752115935087204,-0.6086563467979431,-0.01706141233444214,0.07078798115253449,0.8639278411865234,-0.49861595034599306,-0.9175593852996826,0.2524608075618744,0.30716195702552798,0.3912467956542969,0.43576622009277346,0.8105762004852295],"EasingStyle":"Constant","EasingDirection":"In"},"Torso":{"Weight":1,"CFrame":[-0.1220489963889122,0.1335134208202362,-0.37479424476623537,0.9977232217788696,-0.03985503688454628,-0.054405588656663898,0.04843875393271446,0.9847847819328308,0.16689172387123109,0.04692631587386131,-0.1691470891237259,0.9844730496406555],"EasingStyle":"Constant","EasingDirection":"In"},"HumanoidRootPart":{"Weight":0,"CFrame":[0,0,0,1,0,0,0,1,0,0,0,1],"EasingStyle":"Linear","EasingDirection":"In"},"Right Leg":{"Weight":1,"CFrame":[0.6510586738586426,0.6814473271369934,-0.011811137199401856,0.9849269390106201,0.14809000492095948,-0.08937814831733704,-0.13801899552345277,0.9843073487281799,0.10995417833328247,0.10425876080989838,-0.09596094489097595,0.9899098873138428],"EasingStyle":"Constant","EasingDirection":"In"}}},{"Time":0.699999988079071,"poses":{"Left Leg":{"Weight":1,"CFrame":[-0.9245303273200989,0.7160751223564148,0.0032355785369873049,0.9446423649787903,-0.3257890045642853,0.03888837620615959,0.32374605536460879,0.9447803497314453,0.050780609250068668,-0.053284771740436557,-0.03537958487868309,0.9979524612426758],"EasingStyle":"Constant","EasingDirection":"In"},"Right Arm":{"Weight":1,"CFrame":[0.0994940772652626,0.05475890636444092,0.13938426971435548,-0.5144063234329224,-0.6611092686653137,-0.5461875200271606,0.6758067011833191,-0.7046043276786804,0.21637476980686189,-0.5278933644294739,-0.2578126788139343,0.8092349767684937],"EasingStyle":"Constant","EasingDirection":"In"},"Head":{"Weight":1,"CFrame":[8.568167686462403e-8,-6.624031811952591e-8,1.1920928955078126e-7,0.9998300671577454,0.017507975921034814,-0.005781744606792927,-0.018240071833133699,0.985029399394989,-0.1714189350605011,0.0026939911767840387,0.1714952439069748,0.9851812720298767],"EasingStyle":"Constant","EasingDirection":"In"},"Left Arm":{"Weight":1,"CFrame":[-0.11162593960762024,-0.5063593983650208,0.05289268493652344,0.05697708949446678,0.9308144450187683,-0.36102399230003359,-0.8881714344024658,0.21240848302841187,0.4074729084968567,0.4559662342071533,0.2974345088005066,0.8388250470161438],"EasingStyle":"Constant","EasingDirection":"In"},"Torso":{"Weight":1,"CFrame":[0.026003655046224595,0.12123870849609375,-0.3420565128326416,0.9998979568481445,-0.01356838271021843,-0.00447141844779253,0.014089376665651799,0.988349437713623,0.1515483409166336,0.002363057341426611,-0.15159587562084199,0.9884397387504578],"EasingStyle":"Constant","EasingDirection":"In"},"HumanoidRootPart":{"Weight":0,"CFrame":[0,0,0,1,0,0,0,1,0,0,0,1],"EasingStyle":"Linear","EasingDirection":"In"},"Right Leg":{"Weight":1,"CFrame":[0.5340248346328735,0.19482827186584474,0.17098987102508546,0.9094676971435547,0.3198939859867096,-0.26558682322502139,-0.3381650745868683,0.9407579898834229,-0.024878544732928277,0.24189446866512299,0.1124383956193924,0.9637658596038818],"EasingStyle":"Constant","EasingDirection":"In"}}},{"Time":0.800000011920929,"poses":{"Left Leg":{"Weight":1,"CFrame":[-0.6426394581794739,0.03722095489501953,0.054087281227111819,0.8319600224494934,-0.5485963225364685,0.08297405391931534,0.5465176105499268,0.8360700011253357,0.048016179352998736,-0.09571364521980286,0.005399256944656372,0.9953943490982056],"EasingStyle":"Constant","EasingDirection":"In"},"Right Arm":{"Weight":1,"CFrame":[0.16354358196258546,0.4641045331954956,0.21289539337158204,-0.6146882176399231,-0.5293433666229248,-0.5847683548927307,0.5704473257064819,-0.8103451728820801,0.1339053064584732,-0.5447460412979126,-0.2512696385383606,0.8000720143318176],"EasingStyle":"Constant","EasingDirection":"In"},"Head":{"Weight":1,"CFrame":[8.614733815193176e-8,4.353933036327362e-8,-1.7881393432617188e-7,0.9971999526023865,-0.03826048597693443,-0.06425317376852036,0.029072921723127366,0.989966094493866,-0.1382821947336197,0.06889920681715012,0.13602696359157563,0.9883064031600952],"EasingStyle":"Constant","EasingDirection":"In"},"Left Arm":{"Weight":1,"CFrame":[-0.03280055522918701,-0.47899845242500307,0.13961219787597657,0.2505367696285248,0.8691132664680481,-0.4264664351940155,-0.8027228116989136,0.432743102312088,0.4103284478187561,0.5411722660064697,0.23953193426132203,0.8060751557350159],"EasingStyle":"Constant","EasingDirection":"In"},"Torso":{"Weight":1,"CFrame":[0.11242768913507462,0.1187623143196106,-0.25339317321777346,0.9977225065231323,0.009962387382984162,0.0667126402258873,-0.019798802211880685,0.9887213706970215,0.14845292270183564,-0.06448125839233399,-0.14943566918373109,0.9866666793823242],"EasingStyle":"Constant","EasingDirection":"In"},"HumanoidRootPart":{"Weight":0,"CFrame":[0,0,0,1,0,0,0,1,0,0,0,1],"EasingStyle":"Linear","EasingDirection":"In"},"Right Leg":{"Weight":1,"CFrame":[0.6265255808830261,0.5794599056243897,0.052516818046569827,0.9954608082771301,0.07706008851528168,-0.0558539554476738,-0.07873161882162094,0.9964922666549683,-0.02836655266582966,0.05347215756773949,0.03263523429632187,0.9980359077453613],"EasingStyle":"Constant","EasingDirection":"In"}}},{"Time":0.8999999761581421,"poses":{"Left Leg":{"Weight":1,"CFrame":[-0.7415019869804382,0.21574658155441285,0.11436092853546143,0.7695297598838806,-0.6122362613677979,0.1816335916519165,0.5806167721748352,0.7891798615455627,0.20019835233688355,-0.265910267829895,-0.04859904944896698,0.9627719521522522],"EasingStyle":"Constant","EasingDirection":"In"},"Right Arm":{"Weight":1,"CFrame":[0.17793592810630799,0.5457742214202881,0.19637703895568849,-0.558969259262085,-0.6458072066307068,-0.5200832486152649,0.6801336407661438,-0.7158724665641785,0.15793976187705995,-0.47431185841560366,-0.26544269919395449,0.8393857479095459],"EasingStyle":"Constant","EasingDirection":"In"},"Head":{"Weight":1,"CFrame":[9.685754776000977e-8,-1.955777406692505e-8,-1.1920928955078126e-7,0.9925761222839356,-0.12098117172718048,-0.012501363642513752,0.11550123989582062,0.969809889793396,-0.21477514505386353,0.03810770437121391,0.2117367833852768,0.9765835404396057],"EasingStyle":"Constant","EasingDirection":"In"},"Left Arm":{"Weight":1,"CFrame":[-0.11206300556659699,-0.5286654829978943,0.01881885528564453,0.038098301738500598,0.937690794467926,-0.34537604451179507,-0.9343427419662476,0.15598353743553163,0.32042619585990908,0.3543335497379303,0.31049180030822756,0.8820671439170837],"EasingStyle":"Constant","EasingDirection":"In"},"Torso":{"Weight":1,"CFrame":[-0.15409234166145326,0.15596070885658265,-0.4280848503112793,0.9932544231414795,0.1103895977139473,0.0354941301047802,-0.11521872878074646,0.9740219712257385,0.19495084881782533,-0.013051520101726056,-0.19772538542747498,0.9801705479621887],"EasingStyle":"Constant","EasingDirection":"In"},"HumanoidRootPart":{"Weight":0,"CFrame":[0,0,0,1,0,0,0,1,0,0,0,1],"EasingStyle":"Linear","EasingDirection":"In"},"Right Leg":{"Weight":1,"CFrame":[0.7745988368988037,0.1883583664894104,-0.014992356300354004,0.9104844331741333,0.41204625368118288,0.03515562415122986,-0.4096962511539459,0.9103179574012756,-0.058910202234983447,-0.05627642199397087,0.039233654737472537,0.9976441264152527],"EasingStyle":"Constant","EasingDirection":"In"}}},{"Time":1,"poses":{"Left Leg":{"Weight":1,"CFrame":[-0.7549839615821838,0.1411716341972351,0.028670787811279298,0.8655332922935486,-0.4994209110736847,0.03782927244901657,0.4997152090072632,0.8661876916885376,0.001906850840896368,-0.033719610422849658,0.017253391444683076,0.9992824196815491],"EasingStyle":"Constant","EasingDirection":"In"},"Right Arm":{"Weight":1,"CFrame":[0.13116365671157838,0.26509320735931399,0.18021774291992188,-0.6797500848770142,-0.4932689070701599,-0.5427942872047424,0.5147761702537537,-0.8480178117752075,0.12598079442977906,-0.5224416851997376,-0.193782240152359,0.8303632736206055],"EasingStyle":"Constant","EasingDirection":"In"},"Head":{"Weight":1,"CFrame":[4.563480615615845e-8,-9.173527359962464e-8,1.1920928955078126e-7,0.9981362223625183,0.03583526611328125,0.049396660178899768,-0.02756073884665966,0.9868875741958618,-0.15903916954994203,-0.05444815382361412,0.1573813408613205,0.9860358238220215],"EasingStyle":"Constant","EasingDirection":"In"},"Left Arm":{"Weight":1,"CFrame":[-0.1752115935087204,-0.6086563467979431,-0.01706141233444214,0.07078798115253449,0.8639278411865234,-0.49861595034599306,-0.9175593852996826,0.2524608075618744,0.30716195702552798,0.3912467956542969,0.43576622009277346,0.8105762004852295],"EasingStyle":"Constant","EasingDirection":"In"},"Torso":{"Weight":1,"CFrame":[-0.1220489963889122,0.1335134208202362,-0.37479424476623537,0.9977232217788696,-0.03985503688454628,-0.054405588656663898,0.04843875393271446,0.9847847819328308,0.16689172387123109,0.04692631587386131,-0.1691470891237259,0.9844730496406555],"EasingStyle":"Constant","EasingDirection":"In"},"HumanoidRootPart":{"Weight":0,"CFrame":[0,0,0,1,0,0,0,1,0,0,0,1],"EasingStyle":"Linear","EasingDirection":"In"},"Right Leg":{"Weight":1,"CFrame":[0.6510586738586426,0.6814473271369934,-0.011811137199401856,0.9849269390106201,0.14809000492095948,-0.08937814831733704,-0.13801899552345277,0.9843073487281799,0.10995417833328247,0.10425876080989838,-0.09596094489097595,0.9899098873138428],"EasingStyle":"Constant","EasingDirection":"In"}}},{"Time":1.100000023841858,"poses":{"Left Leg":{"Weight":1,"CFrame":[-0.9245303273200989,0.7160751223564148,0.0032355785369873049,0.9446423649787903,-0.3257890045642853,0.03888837620615959,0.32374605536460879,0.9447803497314453,0.050780609250068668,-0.053284771740436557,-0.03537958487868309,0.9979524612426758],"EasingStyle":"Constant","EasingDirection":"In"},"Right Arm":{"Weight":1,"CFrame":[0.0994940772652626,0.05475890636444092,0.13938426971435548,-0.5144063234329224,-0.6611092686653137,-0.5461875200271606,0.6758067011833191,-0.7046043276786804,0.21637476980686189,-0.5278933644294739,-0.2578126788139343,0.8092349767684937],"EasingStyle":"Constant","EasingDirection":"In"},"Head":{"Weight":1,"CFrame":[8.568167686462403e-8,-6.624031811952591e-8,1.1920928955078126e-7,0.9998300671577454,0.017507975921034814,-0.005781744606792927,-0.018240071833133699,0.985029399394989,-0.1714189350605011,0.0026939911767840387,0.1714952439069748,0.9851812720298767],"EasingStyle":"Constant","EasingDirection":"In"},"Left Arm":{"Weight":1,"CFrame":[-0.11162593960762024,-0.5063593983650208,0.05289268493652344,0.05697708949446678,0.9308144450187683,-0.36102399230003359,-0.8881714344024658,0.21240848302841187,0.4074729084968567,0.4559662342071533,0.2974345088005066,0.8388250470161438],"EasingStyle":"Constant","EasingDirection":"In"},"Torso":{"Weight":1,"CFrame":[0.026003655046224595,0.12123870849609375,-0.3420565128326416,0.9998979568481445,-0.01356838271021843,-0.00447141844779253,0.014089376665651799,0.988349437713623,0.1515483409166336,0.002363057341426611,-0.15159587562084199,0.9884397387504578],"EasingStyle":"Constant","EasingDirection":"In"},"HumanoidRootPart":{"Weight":0,"CFrame":[0,0,0,1,0,0,0,1,0,0,0,1],"EasingStyle":"Linear","EasingDirection":"In"},"Right Leg":{"Weight":1,"CFrame":[0.5340248346328735,0.19482827186584474,0.17098987102508546,0.9094676971435547,0.3198939859867096,-0.26558682322502139,-0.3381650745868683,0.9407579898834229,-0.024878544732928277,0.24189446866512299,0.1124383956193924,0.9637658596038818],"EasingStyle":"Constant","EasingDirection":"In"}}},{"Time":1.2000000476837159,"poses":{"Left Leg":{"Weight":1,"CFrame":[-0.6426394581794739,0.03722095489501953,0.054087281227111819,0.8319600224494934,-0.5485963225364685,0.08297405391931534,0.5465176105499268,0.8360700011253357,0.048016179352998736,-0.09571364521980286,0.005399256944656372,0.9953943490982056],"EasingStyle":"Constant","EasingDirection":"In"},"Right Arm":{"Weight":1,"CFrame":[0.16354358196258546,0.4641045331954956,0.21289539337158204,-0.6146882176399231,-0.5293433666229248,-0.5847683548927307,0.5704473257064819,-0.8103451728820801,0.1339053064584732,-0.5447460412979126,-0.2512696385383606,0.8000720143318176],"EasingStyle":"Constant","EasingDirection":"In"},"Head":{"Weight":1,"CFrame":[8.614733815193176e-8,4.353933036327362e-8,-1.7881393432617188e-7,0.9971999526023865,-0.03826048597693443,-0.06425317376852036,0.029072921723127366,0.989966094493866,-0.1382821947336197,0.06889920681715012,0.13602696359157563,0.9883064031600952],"EasingStyle":"Constant","EasingDirection":"In"},"Left Arm":{"Weight":1,"CFrame":[-0.03280055522918701,-0.47899845242500307,0.13961219787597657,0.2505367696285248,0.8691132664680481,-0.4264664351940155,-0.8027228116989136,0.432743102312088,0.4103284478187561,0.5411722660064697,0.23953193426132203,0.8060751557350159],"EasingStyle":"Constant","EasingDirection":"In"},"Torso":{"Weight":1,"CFrame":[0.11242768913507462,0.1187623143196106,-0.25339317321777346,0.9977225065231323,0.009962387382984162,0.0667126402258873,-0.019798802211880685,0.9887213706970215,0.14845292270183564,-0.06448125839233399,-0.14943566918373109,0.9866666793823242],"EasingStyle":"Constant","EasingDirection":"In"},"HumanoidRootPart":{"Weight":0,"CFrame":[0,0,0,1,0,0,0,1,0,0,0,1],"EasingStyle":"Linear","EasingDirection":"In"},"Right Leg":{"Weight":1,"CFrame":[0.6265255808830261,0.5794599056243897,0.052516818046569827,0.9954608082771301,0.07706008851528168,-0.0558539554476738,-0.07873161882162094,0.9964922666549683,-0.02836655266582966,0.05347215756773949,0.03263523429632187,0.9980359077453613],"EasingStyle":"Constant","EasingDirection":"In"}}},{"Time":1.2999999523162842,"poses":{"Left Leg":{"Weight":1,"CFrame":[-0.7415019869804382,0.21574658155441285,0.11436092853546143,0.7695297598838806,-0.6122362613677979,0.1816335916519165,0.5806167721748352,0.7891798615455627,0.20019835233688355,-0.265910267829895,-0.04859904944896698,0.9627719521522522],"EasingStyle":"Constant","EasingDirection":"In"},"Right Arm":{"Weight":1,"CFrame":[0.17793592810630799,0.5457742214202881,0.19637703895568849,-0.558969259262085,-0.6458072066307068,-0.5200832486152649,0.6801336407661438,-0.7158724665641785,0.15793976187705995,-0.47431185841560366,-0.26544269919395449,0.8393857479095459],"EasingStyle":"Constant","EasingDirection":"In"},"Head":{"Weight":1,"CFrame":[9.685754776000977e-8,-1.955777406692505e-8,-1.1920928955078126e-7,0.9925761222839356,-0.12098117172718048,-0.012501363642513752,0.11550123989582062,0.969809889793396,-0.21477514505386353,0.03810770437121391,0.2117367833852768,0.9765835404396057],"EasingStyle":"Constant","EasingDirection":"In"},"Left Arm":{"Weight":1,"CFrame":[-0.11206300556659699,-0.5286654829978943,0.01881885528564453,0.038098301738500598,0.937690794467926,-0.34537604451179507,-0.9343427419662476,0.15598353743553163,0.32042619585990908,0.3543335497379303,0.31049180030822756,0.8820671439170837],"EasingStyle":"Constant","EasingDirection":"In"},"Torso":{"Weight":1,"CFrame":[-0.15409234166145326,0.15596070885658265,-0.4280848503112793,0.9932544231414795,0.1103895977139473,0.0354941301047802,-0.11521872878074646,0.9740219712257385,0.19495084881782533,-0.013051520101726056,-0.19772538542747498,0.9801705479621887],"EasingStyle":"Constant","EasingDirection":"In"},"HumanoidRootPart":{"Weight":0,"CFrame":[0,0,0,1,0,0,0,1,0,0,0,1],"EasingStyle":"Linear","EasingDirection":"In"},"Right Leg":{"Weight":1,"CFrame":[0.7745988368988037,0.1883583664894104,-0.014992356300354004,0.9104844331741333,0.41204625368118288,0.03515562415122986,-0.4096962511539459,0.9103179574012756,-0.058910202234983447,-0.05627642199397087,0.039233654737472537,0.9976441264152527],"EasingStyle":"Constant","EasingDirection":"In"}}},{"Time":1.399999976158142,"poses":{"Left Leg":{"Weight":1,"CFrame":[-0.7549839615821838,0.1411716341972351,0.028670787811279298,0.8655332922935486,-0.4994209110736847,0.03782927244901657,0.4997152090072632,0.8661876916885376,0.001906850840896368,-0.033719610422849658,0.017253391444683076,0.9992824196815491],"EasingStyle":"Constant","EasingDirection":"In"},"Right Arm":{"Weight":1,"CFrame":[0.13116365671157838,0.26509320735931399,0.18021774291992188,-0.6797500848770142,-0.4932689070701599,-0.5427942872047424,0.5147761702537537,-0.8480178117752075,0.12598079442977906,-0.5224416851997376,-0.193782240152359,0.8303632736206055],"EasingStyle":"Constant","EasingDirection":"In"},"Head":{"Weight":1,"CFrame":[4.563480615615845e-8,-9.173527359962464e-8,1.1920928955078126e-7,0.9981362223625183,0.03583526611328125,0.049396660178899768,-0.02756073884665966,0.9868875741958618,-0.15903916954994203,-0.05444815382361412,0.1573813408613205,0.9860358238220215],"EasingStyle":"Constant","EasingDirection":"In"},"Left Arm":{"Weight":1,"CFrame":[-0.1752115935087204,-0.6086563467979431,-0.01706141233444214,0.07078798115253449,0.8639278411865234,-0.49861595034599306,-0.9175593852996826,0.2524608075618744,0.30716195702552798,0.3912467956542969,0.43576622009277346,0.8105762004852295],"EasingStyle":"Constant","EasingDirection":"In"},"Torso":{"Weight":1,"CFrame":[-0.1220489963889122,0.1335134208202362,-0.37479424476623537,0.9977232217788696,-0.03985503688454628,-0.054405588656663898,0.04843875393271446,0.9847847819328308,0.16689172387123109,0.04692631587386131,-0.1691470891237259,0.9844730496406555],"EasingStyle":"Constant","EasingDirection":"In"},"HumanoidRootPart":{"Weight":0,"CFrame":[0,0,0,1,0,0,0,1,0,0,0,1],"EasingStyle":"Linear","EasingDirection":"In"},"Right Leg":{"Weight":1,"CFrame":[0.6510586738586426,0.6814473271369934,-0.011811137199401856,0.9849269390106201,0.14809000492095948,-0.08937814831733704,-0.13801899552345277,0.9843073487281799,0.10995417833328247,0.10425876080989838,-0.09596094489097595,0.9899098873138428],"EasingStyle":"Constant","EasingDirection":"In"}}},{"Time":1.5,"poses":{"Left Leg":{"Weight":1,"CFrame":[-0.9245303273200989,0.7160751223564148,0.0032355785369873049,0.9446423649787903,-0.3257890045642853,0.03888837620615959,0.32374605536460879,0.9447803497314453,0.050780609250068668,-0.053284771740436557,-0.03537958487868309,0.9979524612426758],"EasingStyle":"Constant","EasingDirection":"In"},"Right Arm":{"Weight":1,"CFrame":[0.0994940772652626,0.05475890636444092,0.13938426971435548,-0.5144063234329224,-0.6611092686653137,-0.5461875200271606,0.6758067011833191,-0.7046043276786804,0.21637476980686189,-0.5278933644294739,-0.2578126788139343,0.8092349767684937],"EasingStyle":"Constant","EasingDirection":"In"},"Head":{"Weight":1,"CFrame":[8.568167686462403e-8,-6.624031811952591e-8,1.1920928955078126e-7,0.9998300671577454,0.017507975921034814,-0.005781744606792927,-0.018240071833133699,0.985029399394989,-0.1714189350605011,0.0026939911767840387,0.1714952439069748,0.9851812720298767],"EasingStyle":"Constant","EasingDirection":"In"},"Left Arm":{"Weight":1,"CFrame":[-0.11162593960762024,-0.5063593983650208,0.05289268493652344,0.05697708949446678,0.9308144450187683,-0.36102399230003359,-0.8881714344024658,0.21240848302841187,0.4074729084968567,0.4559662342071533,0.2974345088005066,0.8388250470161438],"EasingStyle":"Constant","EasingDirection":"In"},"Torso":{"Weight":1,"CFrame":[0.026003655046224595,0.12123870849609375,-0.3420565128326416,0.9998979568481445,-0.01356838271021843,-0.00447141844779253,0.014089376665651799,0.988349437713623,0.1515483409166336,0.002363057341426611,-0.15159587562084199,0.9884397387504578],"EasingStyle":"Constant","EasingDirection":"In"},"HumanoidRootPart":{"Weight":0,"CFrame":[0,0,0,1,0,0,0,1,0,0,0,1],"EasingStyle":"Linear","EasingDirection":"In"},"Right Leg":{"Weight":1,"CFrame":[0.5340248346328735,0.19482827186584474,0.17098987102508546,0.9094676971435547,0.3198939859867096,-0.26558682322502139,-0.3381650745868683,0.9407579898834229,-0.024878544732928277,0.24189446866512299,0.1124383956193924,0.9637658596038818],"EasingStyle":"Constant","EasingDirection":"In"}}},{"Time":1.600000023841858,"poses":{"Left Leg":{"Weight":1,"CFrame":[-0.8225027322769165,0.6981452703475952,0.08175861835479737,0.9694438576698303,-0.22642424702644349,0.09439652413129807,0.22940842807292939,0.9730835556983948,-0.021917063742876054,-0.08689319342374802,0.04290277883410454,0.995293378829956],"EasingStyle":"Constant","EasingDirection":"In"},"Right Arm":{"Weight":1,"CFrame":[0.2644492983818054,0.7082535028457642,0.19980072975158692,-0.7089054584503174,-0.26186805963516238,-0.6548879742622376,0.2680729627609253,-0.9588761925697327,0.09323833137750626,-0.6523726582527161,-0.1094607412815094,0.7499523758888245],"EasingStyle":"Constant","EasingDirection":"In"},"Head":{"Weight":1,"CFrame":[7.683411240577698e-8,-4.062894731760025e-8,2.384185791015625e-7,0.9973499774932861,-0.030504588037729265,-0.06604974716901779,0.02920093946158886,0.999360978603363,-0.020613834261894227,0.0666363537311554,0.018630489706993104,0.9976034164428711],"EasingStyle":"Constant","EasingDirection":"In"},"Left Arm":{"Weight":1,"CFrame":[0.5912289619445801,-0.1531890332698822,0.24786627292633058,0.8317274451255798,0.3494817316532135,-0.4313839375972748,-0.4260668456554413,0.899962842464447,-0.0923793837428093,0.35594457387924197,0.26063278317451479,0.8974263668060303],"EasingStyle":"Constant","EasingDirection":"In"},"Torso":{"Weight":1,"CFrame":[0.11242768913507462,-0.057906195521354678,-0.16655349731445313,0.9977225065231323,0.009962387382984162,0.0667126327753067,-0.009883414022624493,0.999950110912323,-0.0015137119917199016,-0.06672438234090805,0.0008509159670211375,0.9977710843086243],"EasingStyle":"Constant","EasingDirection":"In"},"HumanoidRootPart":{"Weight":0,"CFrame":[0,0,0,1,0,0,0,1,0,0,0,1],"EasingStyle":"Linear","EasingDirection":"In"},"Right Leg":{"Weight":1,"CFrame":[0.4316144287586212,0.1292099952697754,0.030613303184509279,0.99288409948349,0.10329141467809677,-0.059262048453092578,-0.10519284009933472,0.9940020442008972,-0.0299073439091444,0.05581749230623245,0.035928402096033099,0.9977943301200867],"EasingStyle":"Constant","EasingDirection":"In"}}},{"Time":1.7000000476837159,"poses":{"Left Leg":{"Weight":1,"CFrame":[-0.725849449634552,0.5264763832092285,0.3118933439254761,0.9828398823738098,-0.12505334615707398,0.13560065627098084,0.1655200719833374,0.9223585724830627,-0.3490813970565796,-0.08141861110925675,0.36553582549095156,0.9272295832633972],"EasingStyle":"Constant","EasingDirection":"In"},"Right Arm":{"Weight":1,"CFrame":[0.42358794808387759,0.5519979000091553,0.18155038356781007,-0.7034186124801636,-0.36254677176475527,-0.6113607883453369,0.3643396198749542,-0.9224516153335571,0.12782719731330872,-0.6102941632270813,-0.1328270584344864,0.7809597849845886],"EasingStyle":"Constant","EasingDirection":"In"},"Head":{"Weight":1,"CFrame":[8.381903171539307e-8,-4.470348358154297e-8,-5.364418029785156e-7,0.9799517393112183,-0.19265952706336976,-0.05076433718204498,0.19160613417625428,0.9811558723449707,-0.024904733523726465,0.05460585281252861,0.01467867847532034,0.9984001517295837],"EasingStyle":"Constant","EasingDirection":"In"},"Left Arm":{"Weight":1,"CFrame":[0.591214656829834,-0.1538994014263153,0.25752949714660647,0.8337110877037048,0.347913920879364,-0.428814560174942,-0.42786547541618349,0.8979138135910034,-0.10335350036621094,0.3490804433822632,0.2696419060230255,0.8974609971046448],"EasingStyle":"Constant","EasingDirection":"In"},"Torso":{"Weight":1,"CFrame":[0.05009333789348602,-0.05653976649045944,-0.2961702346801758,0.8908832669258118,0.45185887813568118,0.04637579619884491,-0.45235365629196169,0.8918386697769165,0.00019436368893366307,-0.04127190262079239,-0.021151412278413774,0.9989241361618042],"EasingStyle":"Constant","EasingDirection":"In"},"HumanoidRootPart":{"Weight":0,"CFrame":[0,0,0,1,0,0,0,1,0,0,0,1],"EasingStyle":"Linear","EasingDirection":"In"},"Right Leg":{"Weight":1,"CFrame":[0.5340948700904846,0.18733173608779908,0.11830496788024903,0.9710388779640198,0.18110384047031403,-0.15583635866641999,-0.20085544884204865,0.9719997644424439,-0.12195765972137451,0.12938596308231355,0.14972618222236634,0.980225145816803],"EasingStyle":"Constant","EasingDirection":"In"}}},{"Time":1.7999999523162842,"poses":{"Left Leg":{"Weight":1,"CFrame":[-0.6804253458976746,0.5783350467681885,0.1152040958404541,0.985247015953064,-0.04983691871166229,0.16372151672840119,0.055823806673288348,0.9979222416877747,-0.032169826328754428,-0.16177816689014436,0.04083481431007385,0.9859819412231445],"EasingStyle":"Constant","EasingDirection":"In"},"Right Arm":{"Weight":1,"CFrame":[0.49785175919532778,0.26180940866470339,0.1401972770690918,-0.6712743043899536,-0.539452075958252,-0.5083131194114685,0.5397675633430481,-0.8257741928100586,0.16354802250862122,-0.5079781413078308,-0.1645854115486145,0.8454997539520264],"EasingStyle":"Constant","EasingDirection":"In"},"Head":{"Weight":1,"CFrame":[9.522773325443268e-8,-2.561137080192566e-8,-2.980232238769531e-7,0.9542927145957947,-0.2980594038963318,-0.022044744342565538,0.29750895500183108,0.9543883800506592,-0.025124050676822664,0.02852770872414112,0.017417188733816148,0.9994412660598755],"EasingStyle":"Constant","EasingDirection":"In"},"Left Arm":{"Weight":1,"CFrame":[0.5911144018173218,-0.15584629774093629,0.2637256383895874,0.8346959352493286,0.3471675217151642,-0.4275016486644745,-0.4299611747264862,0.8958772420883179,-0.11197035014629364,0.3441165089607239,0.27727022767066958,0.8970534801483154],"EasingStyle":"Constant","EasingDirection":"In"},"Torso":{"Weight":1,"CFrame":[-0.01943366974592209,-0.0444820299744606,-0.19158625602722169,0.30397552251815798,0.9525274038314819,0.017048180103302003,-0.9526338577270508,0.3037363290786743,0.01526656560599804,0.009363668970763684,-0.02088133431971073,0.9997382164001465],"EasingStyle":"Constant","EasingDirection":"In"},"HumanoidRootPart":{"Weight":0,"CFrame":[0,0,0,1,0,0,0,1,0,0,0,1],"EasingStyle":"Linear","EasingDirection":"In"},"Right Leg":{"Weight":1,"CFrame":[0.5151700973510742,0.18871575593948365,0.00759124755859375,0.9949852824211121,0.0999196395277977,-0.004511882551014423,-0.10000535100698471,0.994623064994812,-0.02690640091896057,0.0017992898356169463,0.02722269855439663,0.9996278285980225],"EasingStyle":"Constant","EasingDirection":"In"}}},{"Time":1.899999976158142,"poses":{"Left Leg":{"Weight":1,"CFrame":[-0.8186541199684143,0.4336032271385193,0.021518588066101075,0.9560451507568359,-0.2802353501319885,0.08629011362791062,0.27115532755851748,0.9569504857063294,0.10354021936655045,-0.11159102618694306,-0.07559112459421158,0.9908751249313355],"EasingStyle":"Constant","EasingDirection":"In"},"Right Arm":{"Weight":1,"CFrame":[0.5294779539108276,0.10555392503738404,0.09583842754364014,-0.6574686169624329,-0.6361876726150513,-0