{"Sequence":[{"Time":0,"poses":{"Left Leg":{"Weight":1,"CFrame":[0.009397843852639199,0.0038847923278808595,-0.00008338689804077148,0.999614417552948,-0.00011986541358055547,0.02776889130473137,-0.00009564380889059976,0.9999699592590332,0.00775845255702734,-0.027769023552536966,-0.007758111692965031,0.9995842576026917],"EasingStyle":"Linear","EasingDirection":"In"},"Right Arm":{"Weight":1,"CFrame":[0,2.980232238769531e-7,-1.1920928955078126e-7,1,5.8758002907666199e-9,1.7178788880301e-7,6.394468954340482e-8,0.997911810874939,0.064590685069561,-1.9815412599655247e-7,-0.06459076702594757,0.9979118704795837],"EasingStyle":"Linear","EasingDirection":"In"},"Head":{"Weight":1,"CFrame":[1.1920928955078126e-7,0,1.1920928955078126e-7,1,-6.357302595461079e-8,8.754432201385498e-8,6.357302595461079e-8,1,0,-8.754432201385498e-8,-2.1094237467877976e-15,1],"EasingStyle":"Linear","EasingDirection":"In"},"Right Leg":{"Weight":1,"CFrame":[-0.02812315709888935,0.0013390779495239258,-0.0007733702659606934,0.9978769421577454,0.0003377499233465642,-0.06512627750635147,-0.00016449048416689038,0.9999964237213135,0.0026664703618735077,0.06512699276208878,-0.0026501265820115806,0.9978735446929932],"EasingStyle":"Linear","EasingDirection":"In"},"Torso":{"Weight":1,"CFrame":[-1.0851819515228272,0,-0.011582374572753907,0.9999630451202393,0,-0.00859997421503067,0,1,0,0.00859997421503067,0,0.9999630451202393],"EasingStyle":"Linear","EasingDirection":"In"},"HumanoidRootPart":{"Weight":1,"CFrame":[0,0,0,1,0,0,0,1,0,0,0,1],"EasingStyle":"Linear","EasingDirection":"In"},"Left Arm":{"Weight":1,"CFrame":[0,0,1.1920928955078126e-7,1,7.979862459706055e-8,-1.2952098416008085e-7,-6.1614393587205999e-9,0.9940822720527649,0.10863000154495239,1.1287092860357007e-7,-0.10863009095191956,0.9940822720527649],"EasingStyle":"Linear","EasingDirection":"In"}}},{"Time":0.03333333507180214,"poses":{"Left Leg":{"Weight":1,"CFrame":[0.009624259546399117,0.0028792619705200197,-0.00008100271224975586,0.9996017217636108,-0.00011988868209300563,0.028221527114510537,-0.00004234572406858206,0.9999834895133972,0.005746960639953613,-0.028221789747476579,-0.005745899863541126,0.9995852112770081],"EasingStyle":"Linear","EasingDirection":"In"},"Right Arm":{"Weight":1,"CFrame":[0,3.5762786865234377e-7,2.384185791015625e-7,1,6.6778049756521799e-9,1.718352820034852e-7,6.645751682299306e-8,0.9988552927970886,0.04783579707145691,-1.9706216392023635e-7,-0.04783588647842407,0.9988552927970886],"EasingStyle":"Linear","EasingDirection":"In"},"Head":{"Weight":1,"CFrame":[3.725290298461914e-8,0,4.76837158203125e-7,1,-6.357303306003814e-8,8.754432201385498e-8,6.357302595461079e-8,1,0,-8.754432201385498e-8,-2.0539125955565397e-15,1],"EasingStyle":"Linear","EasingDirection":"In"},"Right Leg":{"Weight":1,"CFrame":[-0.0282005462795496,0.0009929537773132325,-0.0007770657539367676,0.9978669285774231,0.00033777227508835495,-0.06528124958276749,-0.00020933525229338557,0.9999980330467224,0.001975051127374172,0.06528184562921524,-0.001957207452505827,0.9978650212287903],"EasingStyle":"Linear","EasingDirection":"In"},"Torso":{"Weight":1,"CFrame":[-1.0484516620635987,0,0.2208244800567627,0.9999794960021973,0,-0.006403180304914713,0,1,0,0.006403180304914713,0,0.9999794960021973],"EasingStyle":"Linear","EasingDirection":"In"},"HumanoidRootPart":{"Weight":1,"CFrame":[0,0,0,1,0,0,0,1,0,0,0,1],"EasingStyle":"Linear","EasingDirection":"In"},"Left Arm":{"Weight":1,"CFrame":[0,-2.980232238769531e-7,0,1,7.862874440434098e-8,-1.296234017900133e-7,-8.196639811330897e-9,0.996770977973938,0.08029687404632569,1.1265803578908162e-7,-0.08029696345329285,0.9967710375785828],"EasingStyle":"Linear","EasingDirection":"In"}}},{"Time":0.06666667014360428,"poses":{"Left Leg":{"Weight":1,"CFrame":[0.010044476948678494,0.001010894775390625,-0.00008183717727661133,0.9995776414871216,-0.00011982907744823024,0.029061779379844667,0.00006137415766716003,0.9999979734420776,0.0020113582722842695,-0.02906200662255287,-0.0020087191369384529,0.9995756149291992],"EasingStyle":"Linear","EasingDirection":"In"},"Right Arm":{"Weight":1,"CFrame":[0,5.364418029785156e-7,0,1,8.167904574918339e-9,1.7188580159199774e-7,7.106675781187733e-8,0.9998600482940674,0.016730353236198427,-1.9492429714773608e-7,-0.01673044264316559,0.9998600482940674],"EasingStyle":"Linear","EasingDirection":"In"},"Head":{"Weight":1,"CFrame":[4.190951585769653e-8,0,1.1920928955078126e-7,1,-6.357303306003814e-8,8.731149137020111e-8,6.357302595461079e-8,1,0,-8.731149137020111e-8,-2.0816681711721687e-15,1],"EasingStyle":"Linear","EasingDirection":"In"},"Right Leg":{"Weight":1,"CFrame":[-0.028344595804810525,0.0003508329391479492,-0.0007841587066650391,0.9978479743003845,0.00033771272865124047,-0.0655689463019371,-0.00029306544456630945,0.9999997615814209,0.0006912702228873968,0.06556922197341919,-0.0006705770501866937,0.997847855091095],"EasingStyle":"Linear","EasingDirection":"In"},"Torso":{"Weight":1,"CFrame":[-0.9615887999534607,0,0.688093900680542,0.9999973773956299,0,-0.0022952517028898,0,1,0,0.0022952517028898,0,0.9999973773956299],"EasingStyle":"Linear","EasingDirection":"In"},"HumanoidRootPart":{"Weight":1,"CFrame":[0,0,0,1,0,0,0,1,0,0,0,1],"EasingStyle":"Linear","EasingDirection":"In"},"Left Arm":{"Weight":1,"CFrame":[0,5.960464477539063e-8,1.1920928955078126e-7,1,7.647098954066678e-8,-1.2973124796644698e-7,-1.1927772547437599e-8,0.9996089935302734,0.027964437380433084,1.1212134154447995e-7,-0.02796446718275547,0.9996089935302734],"EasingStyle":"Linear","EasingDirection":"In"}}},{"Time":0.10000000149011612,"poses":{"Left Leg":{"Weight":1,"CFrame":[0.010270688682794571,0.000005245208740234375,-0.00008541345596313477,0.9995644092559815,-0.00011982164141954854,0.029513997957110406,0.00011984914453933015,1,-5.757198451306067e-8,-0.02951403707265854,0.0000035755733733822128,0.9995643496513367],"EasingStyle":"Linear","EasingDirection":"In"},"Right Arm":{"Weight":1,"CFrame":[0,1.7881393432617188e-7,-1.1920928955078126e-7,1,8.972160792097839e-9,1.7189285017593648e-7,7.351369646357853e-8,1,8.742277657347586e-8,-1.9371508130916482e-7,-1.768297437365618e-7,1],"EasingStyle":"Linear","EasingDirection":"In"},"Head":{"Weight":1,"CFrame":[8.332449397130404e-8,0,1.1920928955078126e-7,1,-6.357302595461079e-8,8.742277657347586e-8,6.357302595461079e-8,1,0,-8.742277657347586e-8,-2.0850114102149814e-15,1],"EasingStyle":"Linear","EasingDirection":"In"},"Right Leg":{"Weight":1,"CFrame":[-0.028422044590115548,0.000005185604095458984,-0.0007886290550231934,0.9978377819061279,0.000337636360200122,-0.06572384387254715,-0.0003384103183634579,1,8.726308209361378e-8,0.06572390347719193,0.000022118147171568127,0.9978379607200623],"EasingStyle":"Linear","EasingDirection":"In"},"Torso":{"Weight":1,"CFrame":[-0.8595858216285706,0,1.0439071655273438,1,0,-8.742277657347586e-8,0,1,0,8.742277657347586e-8,0,1],"EasingStyle":"Linear","EasingDirection":"In"},"HumanoidRootPart":{"Weight":1,"CFrame":[0,0,0,1,0,0,0,1,0,0,0,1],"EasingStyle":"Linear","EasingDirection":"In"},"Left Arm":{"Weight":1,"CFrame":[0,0,0,1,7.532154455702767e-8,-1.2974601304449608e-7,-1.3909071228113135e-8,1,-5.7620454185780548e-8,1.1175870895385742e-7,-1.9841979170820425e-9,1],"EasingStyle":"Linear","EasingDirection":"In"}}},{"Time":0.13333334028720857,"poses":{"Left Leg":{"Weight":1,"CFrame":[-0.016311725601553918,-0.012875795364379883,0.0006922483444213867,0.9994475841522217,-0.015692751854658128,0.029295962303876878,0.015671029686927797,0.9998767971992493,0.0009698986541479826,-0.029307609423995019,-0.0005102380528114736,0.999570369720459],"EasingStyle":"Linear","EasingDirection":"In"},"Right Arm":{"Weight":1,"CFrame":[-3.4578881424884857e-10,0.0004904270172119141,-0.004580080509185791,1,8.292015962751975e-9,1.7188756373798243e-7,7.115090028264604e-8,0.999877393245697,0.015661781653761865,-1.948480417013343e-7,-0.015661871060729028,0.999877393245697],"EasingStyle":"Linear","EasingDirection":"In"},"Head":{"Weight":1,"CFrame":[1.3102544471621514e-7,0,0.013599991798400879,1,-6.357302595461079e-8,8.742790669202805e-8,6.357302595461079e-8,1,0,-8.742790669202805e-8,-2.0842702563861339e-15,1],"EasingStyle":"Linear","EasingDirection":"In"},"Right Leg":{"Weight":1,"CFrame":[-0.0019223261624574662,-0.01319420337677002,0.0009542703628540039,0.9977160692214966,0.01590423844754696,-0.06564923375844956,-0.015916740521788598,0.9998732805252075,0.0003334223001729697,0.06564629077911377,0.0007122712559066713,0.9978427290916443],"EasingStyle":"Linear","EasingDirection":"In"},"Torso":{"Weight":1,"CFrame":[-0.7634637951850891,4.020101959656408e-11,1.212606430053711,1,0,0.00013975404726807028,0,1,0,-0.00013975404726807028,0,1],"EasingStyle":"Linear","EasingDirection":"In"},"HumanoidRootPart":{"Weight":1,"CFrame":[0,0,0,1,0,0,0,1,0,0,0,1],"EasingStyle":"Linear","EasingDirection":"In"},"Left Arm":{"Weight":1,"CFrame":[2.477117122534622e-10,0.00027292966842651367,-0.003280937671661377,1,7.579383520806005e-8,-1.2974345509064734e-7,-1.318438425101931e-8,0.9999427199363709,0.010703328996896744,1.1190368809366191e-7,-0.010703418403863907,0.9999427795410156],"EasingStyle":"Linear","EasingDirection":"In"}}},{"Time":0.1666666716337204,"poses":{"Left Leg":{"Weight":1,"CFrame":[-0.04362187534570694,-0.043955326080322269,0.0013834238052368165,0.9991238713264465,-0.03130987286567688,0.02777053415775299,0.031105317175388337,0.999485969543457,0.007766625378280878,-0.02799947001039982,-0.006896007806062698,0.9995841383934021],"EasingStyle":"Linear","EasingDirection":"In"},"Right Arm":{"Weight":1,"CFrame":[-6.631399318557385e-10,0.003921210765838623,-0.00878363847732544,1,6.894399717793931e-9,1.7184346745580115e-7,6.626233783890712e-8,0.9988604784011841,0.04772663116455078,-1.9705271370185074e-7,-0.04772666096687317,0.9988604784011841],"EasingStyle":"Linear","EasingDirection":"In"},"Head":{"Weight":1,"CFrame":[8.114147931337357e-8,0,0.0443040132522583,1,-6.357301884918343e-8,8.74279137974554e-8,6.357303306003814e-8,1,-3.552713678800501e-15,-8.74279137974554e-8,-5.637851296924623e-15,1],"EasingStyle":"Linear","EasingDirection":"In"},"Right Leg":{"Weight":1,"CFrame":[0.025655360892415048,-0.04648435115814209,0.0027344226837158205,0.9973646402359009,0.031973548233509067,-0.06512684375047684,-0.03186739608645439,0.9994885921478272,0.0026692692190408708,0.06517895311117172,-0.0005868443986400962,0.9978734254837036],"EasingStyle":"Linear","EasingDirection":"In"},"Torso":{"Weight":1,"CFrame":[-0.6714869141578674,1.5977656697696575e-10,1.3049397468566895,1,0,0.000264889735262841,0,1,0,-0.000264889735262841,0,1],"EasingStyle":"Linear","EasingDirection":"In"},"HumanoidRootPart":{"Weight":1,"CFrame":[0,0,0,1,0,0,0,1,0,0,0,1],"EasingStyle":"Linear","EasingDirection":"In"},"Left Arm":{"Weight":1,"CFrame":[2.2347308725745308e-10,0.0021824240684509279,-0.0029599666595458986,1,7.710418969963939e-8,-1.2970966167813459e-7,-1.1144027922682654e-8,0.9991759061813355,0.04058937355875969,1.1226719465184942e-7,-0.04058949276804924,0.999176025390625],"EasingStyle":"Linear","EasingDirection":"In"}}},{"Time":0.20000000298023225,"poses":{"Left Leg":{"Weight":1,"CFrame":[-0.05702747032046318,-0.07693779468536377,0.0009404420852661133,0.9990800023078919,-0.03726843744516373,0.021218301728367807,0.03646759316325188,0.998651385307312,0.036954209208488467,-0.02256694994866848,-0.03614646941423416,0.9990917444229126],"EasingStyle":"Linear","EasingDirection":"In"},"Right Arm":{"Weight":1,"CFrame":[1.2260431558885899e-10,0.013233959674835205,0.0016238689422607422,1,4.849272539075855e-9,1.7169799093608163e-7,5.8982774220339709e-8,0.9955160021781921,0.09459320455789566,-1.999963785692671e-7,-0.09459329396486283,0.9955160021781921],"EasingStyle":"Linear","EasingDirection":"In"},"Head":{"Weight":1,"CFrame":[8.544884622097016e-8,0,0.0834956169128418,1,-6.357301884918343e-8,8.742790669202805e-8,6.357302595461079e-8,1,0,-8.742790669202805e-8,-5.636116573448646e-15,1],"EasingStyle":"Linear","EasingDirection":"In"},"Right Leg":{"Weight":1,"CFrame":[0.042257100343704227,-0.07933568954467774,0.0030493736267089845,0.9974865317344666,0.03982187435030937,-0.05860850214958191,-0.038008831441402438,0.9987735152244568,0.03173232451081276,0.059800323098897937,-0.029424937441945077,0.9977766275405884],"EasingStyle":"Linear","EasingDirection":"In"},"Torso":{"Weight":1,"CFrame":[-0.5837172269821167,3.5718539237450388e-10,1.3372211456298829,0.9999999403953552,0,0.0003761365660466254,0,1,0,-0.0003761365660466254,0,0.9999999403953552],"EasingStyle":"Linear","EasingDirection":"In"},"HumanoidRootPart":{"Weight":1,"CFrame":[0,0,0,1,0,0,0,1,0,0,0,1],"EasingStyle":"Linear","EasingDirection":"In"},"Left Arm":{"Weight":1,"CFrame":[-1.2297531881699797e-9,0.007365882396697998,0.01628851890563965,1,7.995094364332545e-8,-1.295001794687778e-7,-6.6549428190398889e-9,0.9944049119949341,0.10563608258962631,1.1284728174132397e-7,-0.10563622415065766,0.9944048523902893],"EasingStyle":"Linear","EasingDirection":"In"}}},{"Time":0.23333333432674409,"poses":{"Left Leg":{"Weight":1,"CFrame":[-0.00042339315405115485,-0.10120797157287598,-0.002245604991912842,0.9999669790267944,-0.00011949172039749101,0.00813231710344553,-0.0006542425253428519,0.995470404624939,0.09507029503583908,-0.008106877095997334,-0.09507246315479279,0.9954373836517334],"EasingStyle":"Linear","EasingDirection":"In"},"Right Arm":{"Weight":1,"CFrame":[3.6045757489944209e-9,0.031369030475616458,0.047743916511535647,1,-1.5644197048914066e-9,1.7060395407497709e-7,3.511633650532531e-8,0.9704297780990601,0.24138379096984864,-2.0702447045550799e-7,-0.24138391017913819,0.9704297780990601],"EasingStyle":"Linear","EasingDirection":"In"},"Head":{"Weight":1,"CFrame":[7.194466888904572e-8,-5.551115123125783e-17,0.1258450746536255,1,-6.357302595461079e-8,8.742790669202805e-8,6.357302595461079e-8,1,0,-8.742790669202805e-8,-2.085137618124122e-15,1],"EasingStyle":"Linear","EasingDirection":"In"},"Right Leg":{"Weight":1,"CFrame":[-0.017135292291641237,-0.09884154796600342,-0.0027723312377929689,0.9990679025650024,0.0003376140957698226,-0.043164707720279697,0.003974366933107376,0.9950024485588074,0.09977210313081742,0.04298274219036102,-0.09985067695379257,0.9940736889839172],"EasingStyle":"Linear","EasingDirection":"In"},"Torso":{"Weight":1,"CFrame":[-0.4970220625400543,6.308862876558408e-10,1.307281494140625,0.9999998807907105,0,0.00047431152779608965,0,1,0,-0.00047431152779608965,0,0.9999998807907105],"EasingStyle":"Linear","EasingDirection":"In"},"HumanoidRootPart":{"Weight":1,"CFrame":[0,0,0,1,0,0,0,1,0,0,0,1],"EasingStyle":"Linear","EasingDirection":"In"},"Left Arm":{"Weight":1,"CFrame":[-5.349441334345784e-9,0.017459392547607423,0.07085549831390381,1,8.86131417132674e-8,-1.276762020552269e-7,7.402228607844563e-9,0.9527525901794434,0.3037475347518921,1.1276850386821025e-7,-0.30374759435653689,0.9527526497840881],"EasingStyle":"Linear","EasingDirection":"In"}}},{"Time":0.2666666805744171,"poses":{"Left Leg":{"Weight":1,"CFrame":[-0.009010596200823784,-0.11127793788909912,-0.007407009601593018,0.9999593496322632,-0.00011691518739098683,-0.009022724814713002,0.0016561347292736173,0.9853077530860901,0.17078037559986115,0.008870161138474942,-0.17078837752342225,0.9852678775787354],"EasingStyle":"Linear","EasingDirection":"In"},"Right Arm":{"Weight":1,"CFrame":[1.424184858933586e-8,0.08408170938491821,0.1886388063430786,1,-1.565731011510252e-8,1.6429345350843506e-7,-2.387271713644168e-8,0.825916051864624,0.5637930631637573,-2.0904839459490177e-7,-0.5637932419776917,0.8259161114692688],"EasingStyle":"Linear","EasingDirection":"In"},"Head":{"Weight":1,"CFrame":[1.5157274901866914e-7,0,0.1661381721496582,1,-6.357301884918343e-8,8.736970613654194e-8,6.357303306003814e-8,1,-3.552713678800501e-15,-8.736970613654194e-8,-9.194034422677078e-15,1],"EasingStyle":"Linear","EasingDirection":"In"},"Right Leg":{"Weight":1,"CFrame":[-0.006797178648412228,-0.10221874713897705,-0.009028077125549317,0.9997463822364807,0.00033371293102391064,-0.02251720055937767,0.003925579134374857,0.9819985628128052,0.18884798884391786,0.022174948826432229,-0.1888885498046875,0.9817482233047485],"EasingStyle":"Linear","EasingDirection":"In"},"Torso":{"Weight":1,"CFrame":[-0.40832754969596865,9.793379440736772e-10,1.1889820098876954,0.9999999403953552,0,0.0005602316814474762,0,1,0,-0.0005602316814474762,0,0.9999999403953552],"EasingStyle":"Linear","EasingDirection":"In"},"HumanoidRootPart":{"Weight":1,"CFrame":[0,0,0,1,0,0,0,1,0,0,0,1],"EasingStyle":"Linear","EasingDirection":"In"},"Left Arm":{"Weight":1,"CFrame":[-1.754903067308078e-8,0.086536705493927,0.23244404792785645,1,1.0563574193156455e-7,-1.1752646855711646e-7,3.712883511752807e-8,0.7207318544387817,0.6932140588760376,1.0239723025051717e-7,-0.6932141184806824,0.7207318544387817],"EasingStyle":"Linear","EasingDirection":"In"}}},{"Time":0.30000001192092898,"poses":{"Left Leg":{"Weight":1,"CFrame":[-0.01778697408735752,-0.10801470279693604,-0.015847504138946534,0.9996476173400879,-0.00011262438056292012,-0.026544705033302308,0.006679604295641184,0.968880832195282,0.24743780493736268,0.025690756738185884,-0.24752800166606904,0.9685400724411011],"EasingStyle":"Linear","EasingDirection":"In"},"Right Arm":{"Weight":1,"CFrame":[2.9985944394184119e-8,0.20614725351333619,0.39717578887939455,1,-3.03993452632767e-8,1.4717021201704484e-7,-1.0325620536377756e-7,0.4339950978755951,0.900915265083313,-1.750419329482611e-7,-0.9009152054786682,0.43399521708488467],"EasingStyle":"Linear","EasingDirection":"In"},"Head":{"Weight":1,"CFrame":[1.0710209608078003e-7,-1.1102230246251566e-16,0.19540321826934815,1,-6.357302595461079e-8,8.736969903111458e-8,6.357302595461079e-8,1,0,-8.736969903111458e-8,-2.085137618124122e-15,1],"EasingStyle":"Linear","EasingDirection":"In"},"Right Leg":{"Weight":1,"CFrame":[0.004171483684331179,-0.09127092361450196,-0.020124852657318116,0.9999997615814209,0.0003264829865656793,-0.0006229738355614245,-0.00013840194151271135,0.9597474336624146,0.2808646857738495,0.0006896686390973628,-0.28086453676223757,0.9597471952438355],"EasingStyle":"Linear","EasingDirection":"In"},"Torso":{"Weight":1,"CFrame":[-0.3179831802845001,1.4009990945140772e-9,0.9195911884307861,0.9999998211860657,0,0.0006347139133140445,0,1,0,-0.0006347139133140445,0,0.9999998211860657],"EasingStyle":"Linear","EasingDirection":"In"},"HumanoidRootPart":{"Weight":1,"CFrame":[0,0,0,1,0,0,0,1,0,0,0,1],"EasingStyle":"Linear","EasingDirection":"In"},"Left Arm":{"Weight":1,"CFrame":[-3.5290977251634106e-8,0.23366647958755494,0.46744322776794436,1,1.1806575628270366e-7,-9.517889054677653e-8,6.359891102647453e-8,0.20964792370796204,0.9777769446372986,7.157734671636718e-8,-0.9777769446372986,0.2096480429172516],"EasingStyle":"Linear","EasingDirection":"In"}}},{"Time":0.3333333432674408,"poses":{"Left Leg":{"Weight":1,"CFrame":[-0.02495388686656952,-0.09068095684051514,-0.025140225887298585,0.9991654753684998,-0.00010759985889308155,-0.040845323354005817,0.012747840024530888,0.9508674144744873,0.30933594703674319,0.03880517929792404,-0.30959847569465639,0.9500752091407776],"EasingStyle":"Linear","EasingDirection":"In"},"Right Arm":{"Weight":1,"CFrame":[4.446320645001833e-8,0.4140385389328003,0.5889328718185425,1,-3.461671838067559e-8,1.2491085499277688e-7,-1.5513745665884927e-7,-0.0753295049071312,0.9971587657928467,-1.0571654485147519e-7,-0.9971587061882019,-0.07532945275306702],"EasingStyle":"Linear","EasingDirection":"In"},"Head":{"Weight":1,"CFrame":[1.0360963642597199e-7,0,0.1706923246383667,1,-6.357302595461079e-8,8.742790669202805e-8,6.357302595461079e-8,1,0,-8.742790669202805e-8,-2.085137618124122e-15,1],"EasingStyle":"Linear","EasingDirection":"In"},"Right Leg":{"Weight":1,"CFrame":[0.013905538246035576,-0.06521844863891602,-0.033739328384399417,0.9998233318328857,0.0003174426092300564,0.0187962856143713,-0.0070679690688848499,0.9328452348709106,0.36020782589912417,-0.01741960644721985,-0.36027705669403078,0.9326826930046082],"EasingStyle":"Linear","EasingDirection":"In"},"Torso":{"Weight":1,"CFrame":[-0.227195143699646,1.894328471863105e-9,0.37457990646362307,0.9999997615814209,0,0.000698575284332037,0,1,0,-0.000698575284332037,0,0.9999997615814209],"EasingStyle":"Linear","EasingDirection":"In"},"HumanoidRootPart":{"Weight":1,"CFrame":[0,0,0,1,0,0,0,1,0,0,0,1],"EasingStyle":"Linear","EasingDirection":"In"},"Left Arm":{"Weight":1,"CFrame":[-5.034568317796584e-8,0.40798401832580569,0.6668487787246704,1,1.1773222752253787e-7,-7.545070701553414e-8,6.93695980658049e-8,-0.24163828790187837,0.9703664779663086,4.076546744613552e-8,-0.9703664183616638,-0.2416381984949112],"EasingStyle":"Linear","EasingDirection":"In"}}},{"Time":0.36666667461395266,"poses":{"Left Leg":{"Weight":1,"CFrame":[-0.0257303174585104,0.5023586750030518,-0.033074140548706058,0.9990410208702087,0.0002652345865499228,-0.04378349706530571,0.015265312045812607,0.9351261854171753,0.35398587584495547,0.04103696346282959,-0.3543146848678589,0.9342253804206848],"EasingStyle":"Linear","EasingDirection":"In"},"Right Arm":{"Weight":1,"CFrame":[4.719800017483067e-8,0.6071648597717285,0.6251562833786011,1,-3.127376047018515e-8,1.1112408060398593e-7,-1.66827177849882e-7,-0.39073097705841067,0.9205050468444824,-5.277006209780666e-8,-0.9205048680305481,-0.3907308578491211],"EasingStyle":"Linear","EasingDirection":"In"},"Head":{"Weight":1,"CFrame":[7.520429790019989e-8,0,-0.08278441429138184,1,-6.357301884918343e-8,8.742790669202805e-8,6.357302595461079e-8,1,0,-8.742790669202805e-8,-5.637851296924623e-15,1],"EasingStyle":"Linear","EasingDirection":"In"},"Right Leg":{"Weight":1,"CFrame":[0.015067083761096,0.503330409526825,-0.047192931175231937,0.9997559189796448,0.00007274886593222618,0.022096483036875726,-0.009417987428605557,0.9060186743736267,0.4231330454349518,-0.01998896524310112,-0.4232378602027893,0.905798077583313],"EasingStyle":"Linear","EasingDirection":"In"},"Torso":{"Weight":1,"CFrame":[-0.13724200427532197,2.4577848645179758e-9,-0.8532071113586426,0.9999997019767761,0,0.0007526327972300351,0,1,0,-0.0007526327972300351,0,0.9999997019767761],"EasingStyle":"Linear","EasingDirection":"In"},"HumanoidRootPart":{"Weight":1,"CFrame":[0,0,0,1,0,0,0,1,0,0,0,1],"EasingStyle":"Linear","EasingDirection":"In"},"Left Arm":{"Weight":1,"CFrame":[-5.111799694645924e-8,0.5578197240829468,0.6770782470703125,1,1.1531213317539368e-7,-6.838692456767603e-8,6.785460016089928e-8,-0.40323129296302798,0.9150981903076172,2.900077156198222e-8,-0.9150981307029724,-0.40323126316070559],"EasingStyle":"Linear","EasingDirection":"In"}}},{"Time":0.4000000059604645,"poses":{"Left Leg":{"Weight":1,"CFrame":[-0.020870650187134744,0.44770634174346926,-0.0227242112159729,0.9994193911552429,0.00026898138457909226,-0.03407130017876625,0.00980419758707285,0.9554063081741333,0.2951319217681885,0.0326312817633152,-0.2952946424484253,0.9548488855361939],"EasingStyle":"Linear","EasingDirection":"In"},"Right Arm":{"Weight":1,"CFrame":[3.803794257351001e-8,0.45625239610671999,0.5038278102874756,1,-3.373726187305692e-8,1.1887587447745318e-7,-1.6226374555117219e-7,-0.2134535163640976,0.9769533276557922,-8.351207014811735e-8,-0.9769532084465027,-0.21345344185829163],"EasingStyle":"Linear","EasingDirection":"In"},"Head":{"Weight":1,"CFrame":[8.544884622097016e-8,-2.220446049250313e-16,-0.08881121873855591,1,-6.357302595461079e-8,8.742790669202805e-8,6.357302595461079e-8,1,0,-8.742790669202805e-8,-5.6343818499726698e-15,1],"EasingStyle":"Linear","EasingDirection":"In"},"Right Leg":{"Weight":1,"CFrame":[0.008903461508452893,0.4455232620239258,-0.03199082612991333,0.9999516010284424,0.00005406466516433284,0.009847267530858517,-0.0035129475872963669,0.9361499547958374,0.35158345103263857,-0.009199436753988266,-0.3516010344028473,0.9361047148704529],"EasingStyle":"Linear","EasingDirection":"In"},"Torso":{"Weight":1,"CFrame":[-0.04625657945871353,3.0898272829205099e-9,-0.3714027404785156,0.9999997019767761,0,0.0007977035129442811,0,1,0,-0.0007977035129442811,0,0.9999997019767761],"EasingStyle":"Linear","EasingDirection":"In"},"HumanoidRootPart":{"Weight":1,"CFrame":[0,0,0,1,0,0,0,1,0,0,0,1],"EasingStyle":"Linear","EasingDirection":"In"},"Left Arm":{"Weight":1,"CFrame":[-3.7730753632558847e-8,0.4474892020225525,0.4997591972351074,1,1.1852198866790786e-7,-7.937057944218395e-8,6.934505591971174e-8,-0.15188205242156983,0.9883987307548523,4.7123961621764468e-8,-0.9883987307548523,-0.15188199281692506],"EasingStyle":"Linear","EasingDirection":"In"}}},{"Time":0.4333333373069763,"poses":{"Left Leg":{"Weight":1,"CFrame":[-0.008658889681100846,0.3223642110824585,-0.00717318058013916,0.9999539256095886,0.0002625931811053306,-0.009595881216228009,0.001353212515823543,0.9857872128486633,0.16799326241016389,0.009503576904535294,-0.1679985225200653,0.9857414960861206],"EasingStyle":"Linear","EasingDirection":"In"},"Right Arm":{"Weight":1,"CFrame":[2.4809146736970434e-8,0.1845131516456604,0.3286069631576538,1,-2.9684322555567634e-8,1.4858652264138073e-7,-9.844809056858139e-8,0.4662756621837616,0.8846395015716553,-1.7868761403860845e-7,-0.8846395611763,0.4662756323814392],"EasingStyle":"Linear","EasingDirection":"In"},"Head":{"Weight":1,"CFrame":[7.846392691135407e-8,0,-0.05463987588882446,1,-6.357302595461079e-8,8.742790669202805e-8,6.357302595461079e-8,1,0,-8.742790669202805e-8,-2.085137618124122e-15,1],"EasingStyle":"Linear","EasingDirection":"In"},"Right Leg":{"Weight":1,"CFrame":[-0.005319448187947273,0.3181666135787964,-0.010568618774414063,0.9998288154602051,0.000023885157133918257,-0.018507443368434907,0.0037609569262713196,0.9788710474967957,0.20444373786449433,0.018121356144547464,-0.2044783979654312,0.9787033796310425],"EasingStyle":"Linear","EasingDirection":"In"},"Torso":{"Weight":1,"CFrame":[0.04658357799053192,3.788914071378713e-9,0.2322382926940918,0.9999996423721314,0,0.0008346041431650519,0,1,0,-0.0008346041431650519,0,0.9999996423721314],"EasingStyle":"Linear","EasingDirection":"In"},"HumanoidRootPart":{"Weight":1,"CFrame":[0,0,0,1,0,0,0,1,0,0,0,1],"EasingStyle":"Linear","EasingDirection":"In"},"Left Arm":{"Weight":1,"CFrame":[-2.025021927920534e-8,0.1728748083114624,0.26822221279144289,1,1.1263470867106662e-7,-1.0880336986929251e-7,5.078658205093234e-8,0.5214056372642517,0.853308916091919,9.10604143200544e-8,-0.8533090353012085,0.5214057564735413],"EasingStyle":"Linear","EasingDirection":"In"}}},{"Time":0.46666666865348818,"poses":{"Left Leg":{"Weight":1,"CFrame":[0.0046103051863610748,0.18594729900360108,-0.0006234049797058106,0.9998533129692078,0.00022265317966230214,0.017125122249126436,-0.001080094836652279,0.9987449049949646,0.05007472261786461,-0.017092520371079446,-0.05008586123585701,0.9985986351966858],"EasingStyle":"Linear","EasingDirection":"In"},"Right Arm":{"Weight":1,"CFrame":[1.056168130730839e-8,0.04128146171569824,0.1398937702178955,1,-5.208566022929517e-9,1.6952874659637019e-7,2.0742199069445634e-8,0.9457100033760071,0.3250117301940918,-2.0946426104728744e-7,-0.3250117599964142,0.9457100033760071],"EasingStyle":"Linear","EasingDirection":"In"},"Head":{"Weight":1,"CFrame":[1.0523945093154907e-7,0,-0.026144027709960939,1,-6.357303306003814e-8,8.742790669202805e-8,6.357302595461079e-8,1,0,-8.742790669202805e-8,-2.085137618124122e-15,1],"EasingStyle":"Linear","EasingDirection":"In"},"Right Leg":{"Weight":1,"CFrame":[-0.021335549652576448,0.17981165647506715,-0.0013712644577026368,0.9987201690673828,0.000023696988137089649,-0.05057666823267937,0.0031073116697371008,0.9980820417404175,0.06182755157351494,0.050481196492910388,-0.061905622482299808,0.9968046545982361],"EasingStyle":"Linear","EasingDirection":"In"},"Torso":{"Weight":1,"CFrame":[0.1420518308877945,4.553504240334405e-9,0.7054412364959717,0.9999996423721314,0,0.0008641517488285899,0,1,0,-0.0008641517488285899,0,0.9999996423721314],"EasingStyle":"Linear","EasingDirection":"In"},"HumanoidRootPart":{"Weight":1,"CFrame":[0,0,0,1,0,0,0,1,0,0,0,1],"EasingStyle":"Linear","EasingDirection":"In"},"Left Arm":{"Weight":1,"CFrame":[-6.591609480466332e-9,0.03883159160614014,0.08730852603912354,1,8.872387269320825e-8,-1.2764074597271247e-7,7.553909497914902e-9,0.9520280957221985,0.3060106039047241,1.1275070477267946e-7,-0.3060106039047241,0.9520280957221985],"EasingStyle":"Linear","EasingDirection":"In"}}},{"Time":0.5,"poses":{"Left Leg":{"Weight":1,"CFrame":[0.010636288672685624,0.0886802077293396,-0.00008380413055419922,0.9995644688606262,0.00012815886293537915,0.029512576758861543,-0.00012803610297851264,1,-0.000006994466275500599,-0.029512614011764528,0.0000032416432986792644,0.9995644688606262],"EasingStyle":"Linear","EasingDirection":"In"},"Right Arm":{"Weight":1,"CFrame":[4.440892098500626e-16,1.7881393432617188e-7,0,1,9.000385325919069e-9,1.7189289280850063e-7,7.348549502239621e-8,1,-3.795139491558075e-8,-1.9371512394172897e-7,8.09086575515039e-9,1],"EasingStyle":"Linear","EasingDirection":"In"},"Head":{"Weight":1,"CFrame":[8.754432201385498e-8,-4.440892098500626e-16,3.5762786865234377e-7,1,-6.357301884918343e-8,8.748612145836887e-8,6.357303306003814e-8,1,-3.552713678800501e-15,-8.748612145836887e-8,-9.190564975725124e-15,1],"EasingStyle":"Linear","EasingDirection":"In"},"Right Leg":{"Weight":1,"CFrame":[-0.028781335800886155,0.0871434211730957,-0.0007854104042053223,0.9978381395339966,0.00009361878619529307,-0.06572085618972779,-0.00009485473856329918,1,-0.000014868799553369172,0.06572093069553375,0.000021051440853625537,0.9978381395339966],"EasingStyle":"Linear","EasingDirection":"In"},"Torso":{"Weight":1,"CFrame":[0.23919016122817994,5.382055690006382e-9,1.0162649154663087,0.9999997019767761,0,0.0008871637983247638,0,1,0,-0.0008871637983247638,0,0.9999997019767761],"EasingStyle":"Linear","EasingDirection":"In"},"HumanoidRootPart":{"Weight":1,"CFrame":[0,0,0,1,0,0,0,1,0,0,0,1],"EasingStyle":"Linear","EasingDirection":"In"},"Left Arm":{"Weight":1,"CFrame":[-4.440892098500626e-16,1.7881393432617188e-7,0,1,7.534975310363734e-8,-1.297460414662055e-7,-1.3937277998365971e-8,1,-5.157199467475948e-8,1.1175875158642157e-7,-7.858036887853359e-9,1],"EasingStyle":"Linear","EasingDirection":"In"}}},{"Time":0.5333333611488342,"poses":{"Left Leg":{"Weight":1,"CFrame":[0.010463795624673367,0.038129329681396487,-0.0000852346420288086,0.9995646476745606,0.000017230875528184698,0.029505113139748575,-0.000018195829397882336,1,0.000031510538974544036,-0.02950514853000641,-0.00003199215643689968,0.9995647072792053],"EasingStyle":"Linear","EasingDirection":"In"},"Right Arm":{"Weight":1,"CFrame":[-3.5241480844661057e-9,-0.019786298274993898,-0.04667872190475464,1,1.1455471238264181e-8,1.7182232170398493e-7,8.179235067018453e-8,0.9984220862388611,-0.056154679507017139,-1.893503025485188e-7,0.05615461245179176,0.9984221458435059],"EasingStyle":"Linear","EasingDirection":"In"},"Head":{"Weight":1,"CFrame":[1.1362135410308838e-7,0,0.0265733003616333,1,-6.357301884918343e-8,8.742790669202805e-8,6.357302595461079e-8,1,0,-8.742790669202805e-8,-2.0816681711721687e-15,1],"EasingStyle":"Linear","EasingDirection":"In"},"Right Leg":{"Weight":1,"CFrame":[-0.028623472899198533,0.04498535394668579,-0.0007858872413635254,0.9978381991386414,0.0001945033436641097,-0.06571925431489945,-0.00019478495232760906,1,0.000002893386408686638,0.06571932137012482,0.00000988307783700293,0.9978381991386414],"EasingStyle":"Linear","EasingDirection":"In"},"Torso":{"Weight":1,"CFrame":[0.3371717929840088,6.273028319014884e-9,1.180440902709961,0.9999995827674866,0,0.0009044564794749022,0,1,0,-0.0009044564794749022,0,0.9999995827674866],"EasingStyle":"Linear","EasingDirection":"In"},"HumanoidRootPart":{"Weight":1,"CFrame":[0,0,0,1,0,0,0,1,0,0,0,1],"EasingStyle":"Linear","EasingDirection":"In"},"Left Arm":{"Weight":1,"CFrame":[2.0068871009470969e-9,-0.03011050820350647,-0.026582002639770509,1,7.326499229520778e-8,-1.2969766771675496e-7,-1.7168202859352278e-8,0.99886155128479,-0.047705382108688357,1.1101774077815208e-7,0.04770529642701149,0.9988614916801453],"EasingStyle":"Linear","EasingDirection":"In"}}},{"Time":0.5666666626930237,"poses":{"Left Leg":{"Weight":1,"CFrame":[0.010331949219107628,0.007753610610961914,-0.00008755922317504883,0.999566376209259,-0.00005479574974742718,0.02944866754114628,0.00004642939165933058,1,0.00028386604390107095,-0.029448721557855607,-0.0002823550603352487,0.9995662569999695],"EasingStyle":"Linear","EasingDirection":"In"},"Right Arm":{"Weight":1,"CFrame":[-5.331732388924593e-9,-0.03439927101135254,-0.07062095403671265,1,1.4064621467468897e-8,1.7159527487820015e-7,9.036596537725927e-8,0.9932680726051331,-0.11583927273750305,-1.8418955960441964e-7,0.11583918333053589,0.9932680130004883],"EasingStyle":"Linear","EasingDirection":"In"},"Head":{"Weight":1,"CFrame":[8.89413058757782e-8,0,0.053527116775512698,1,-6.357302595461079e-8,8.742790669202805e-8,6.357302595461079e-8,1,0,-8.742790669202805e-8,-2.0816681711721687e-15,1],"EasingStyle":"Linear","EasingDirection":"In"},"Right Leg":{"Weight":1,"CFrame":[-0.028514772653579713,0.019558250904083253,-0.0007845759391784668,0.9978394508361816,0.0002610500669106841,-0.06570027768611908,-0.0002556634717620909,1,0.00009111071267398074,0.06570035964250565,-0.00007419595931423828,0.9978395104408264],"EasingStyle":"Linear","EasingDirection":"In"},"Torso":{"Weight":1,"CFrame":[0.437203586101532,7.224881137801731e-9,1.2717370986938477,0.9999995827674866,0,0.0009168476099148393,0,1,0,-0.0009168476099148393,0,0.9999995827674866],"EasingStyle":"Linear","EasingDirection":"In"},"HumanoidRootPart":{"Weight":1,"CFrame":[0,0,0,1,0,0,0,1,0,0,0,1],"EasingStyle":"Linear","EasingDirection":"In"},"Left Arm":{"Weight":1,"CFrame":[3.4447831254169616e-9,-0.04988598823547363,-0.045627474784851077,1,7.168127069689945e-8,-1.2959421269442829e-7,-1.9601287704062999e-8,0.99647057056427,-0.08394410461187363,1.1035099589662423e-7,0.08394403010606766,0.9964705109596252],"EasingStyle":"Linear","EasingDirection":"In"}}},{"Time":0.6000000238418579,"poses":{"Left Leg":{"Weight":1,"CFrame":[0.01019557099789381,-0.00842273235321045,-0.00008922815322875977,0.9995707869529724,-0.00009719606168800965,0.029295943677425386,0.0000687965948600322,0.9999995231628418,0.000969519664067775,-0.029296061024069787,-0.0009670544532127678,0.9995703101158142],"EasingStyle":"Linear","EasingDirection":"In"},"Right Arm":{"Weight":1,"CFrame":[-6.314265554863141e-9,-0.04317691922187805,-0.08363503217697144,1,1.5942330122697969e-8,1.7133359619947442e-7,9.637125231165555e-8,0.9873117804527283,-0.15879425406455995,-1.801383007205004e-7,0.15879414975643159,0.9873117208480835],"EasingStyle":"Linear","EasingDirection":"In"},"Head":{"Weight":1,"CFrame":[1.2852251529693604e-7,0,0.08037543296813965,1,-6.357302595461079e-8,8.742790669202805e-8,6.357302595461079e-8,1,0,-8.742790669202805e-8,-2.0816681711721687e-15,1],"EasingStyle":"Linear","EasingDirection":"In"},"Right Leg":{"Weight":1,"CFrame":[-0.02842576615512371,0.0037460923194885256,-0.0007818341255187988,0.9978429079055786,0.0003041720774490386,-0.06564763188362122,-0.00028345981263555586,0.9999998807907105,0.0003255594347137958,0.06564779579639435,-0.0003062753821723163,0.9978427886962891],"EasingStyle":"Linear","EasingDirection":"In"},"Torso":{"Weight":1,"CFrame":[0.5409432649612427,8.236072268630324e-9,1.3132290840148926,0.9999995827674866,0,0.0009251536685042083,0,1,0,-0.0009251536685042083,0,0.9999995827674866],"EasingStyle":"Linear","EasingDirection":"In"},"HumanoidRootPart":{"Weight":1,"CFrame":[0,0,0,1,0,0,0,1,0,0,0,1],"EasingStyle":"Linear","EasingDirection":"In"},"Left Arm":{"Weight":1,"CFrame":[4.423580612922251e-9,-0.06045541167259216,-0.058592021465301517,1,7.08265801563357e-8,-1.2951434769092885e-7,-2.0906785636043425e-8,0.9946293234825134,-0.10350175946950913,1.0995368171506925e-7,0.10350164026021958,0.9946292638778687],"EasingStyle":"Linear","EasingDirection":"In"}}},{"Time":0.6333333253860474,"poses":{"Left Leg":{"Weight":1,"CFrame":[0.010008917190134526,-0.016375422477722169,-0.00009006261825561523,0.9995794892311096,-0.00012087310460628942,0.028997663408517839,0.000054146828915691,0.9999974370002747,0.002300974214449525,-0.028997911140322686,-0.0022984438110142948,0.9995768070220947],"EasingStyle":"Linear","EasingDirection":"In"},"Right Arm":{"Weight":1,"CFrame":[-6.671490027088112e-9,-0.045566290616989139,-0.08836668729782105,1,1.6239889433222744e-8,1.7128448348557868e-7,9.730957373221827e-8,0.9861932992935181,-0.16559869050979615,-1.7947030528375763e-7,0.16559863090515138,0.9861932396888733],"EasingStyle":"Linear","EasingDirection":"In"},"Head":{"Weight":1,"CFrame":[1.2759119272232056e-7,-8.881784197001253e-16,0.10675954818725586,1,-6.357302595461079e-8,8.742790669202805e-8,6.357302595461079e-8,1,0,-8.742790669202805e-8,-2.0816681711721687e-15,1],"EasingStyle":"Linear","EasingDirection":"In"},"Right Leg":{"Weight":1,"CFrame":[-0.0283273346722126,-0.009564638137817383,-0.0007774233818054199,0.9978495240211487,0.00033581655588932335,-0.06554532796144486,-0.0002852166653610766,0.9999996423721314,0.0007821344770491123,0.06554562598466873,-0.0007617725059390068,0.9978492856025696],"EasingStyle":"Linear","EasingDirection":"In"},"Torso":{"Weight":1,"CFrame":[0.6500488519668579,9.305058945585643e-9,1.3279895782470704,0.9999995827674866,0,0.0009301920072175562,0,1,0,-0.0009301920072175562,0,0.9999995827674866],"EasingStyle":"Linear","EasingDirection":"In"},"HumanoidRootPart":{"Weight":1,"CFrame":[0,0,0,1,0,0,0,1,0,0,0,1],"EasingStyle":"Linear","EasingDirection":"In"},"Left Arm":{"Weight":1,"CFrame":[4.9534776280779628e-9,-0.06268757581710816,-0.06561064720153809,1,7.093169784866405e-8,-1.295250626753841e-7,-2.074700056198253e-8,0.9948762059211731,-0.10110072046518326,1.1000387445392335e-7,0.10110064595937729,0.9948762059211731],"EasingStyle":"Linear","EasingDirection":"In"}}},{"Time":0.6666666865348816,"poses":{"Left Leg":{"Weight":1,"CFrame":[0.009728974662721157,-0.023805618286132814,-0.00009119510650634766,0.9995937347412109,-0.00013724667951464653,0.02850215509533882,0.000009561282240611036,0.9999900460243225,0.004478988703340292,-0.02850252203643322,-0.0044769528321921829,0.9995837807655335],"EasingStyle":"Linear","EasingDirection":"In"},"Right Arm":{"Weight":1,"CFrame":[-6.434186516912632e-9,-0.04116111993789673,-0.08522337675094605,1,1.2446138342170343e-8,1.7175466382468586e-7,8.507556970016594e-8,0.9968906044960022,-0.07879876345396042,-1.874559245607088e-7,0.07879869639873505,0.9968906044960022],"EasingStyle":"Linear","EasingDirection":"In"},"Head":{"Weight":1,"CFrame":[1.1874362826347351e-7,0,0.1323392391204834,1,-6.357302595461079e-8,8.742790669202805e-8,6.357302595461079e-8,1,0,-8.742790669202805e-8,-2.0816681711721687e-15,1],"EasingStyle":"Linear","EasingDirection":"In"},"Right Leg":{"Weight":1,"CFrame":[-0.02819741889834404,-0.02662801742553711,-0.0007715225219726563,0.9978606700897217,0.00036477699177339673,-0.06537661701440811,-0.00026499677915126085,0.9999988675117493,0.0015356586081907154,0.06537715345621109,-0.0015150629915297032,0.9978594779968262],"EasingStyle":"Linear","EasingDirection":"In"},"Torso":{"Weight":1,"CFrame":[0.7655134201049805,1.0430301955466348e-8,1.314056396484375,0.9999995827674866,0,0.0009327790467068553,0,1,0,-0.0009327790467068553,0,0.9999995827674866],"EasingStyle":"Linear","EasingDirection":"In"},"HumanoidRootPart":{"Weight":1,"CFrame":[0,0,0,1,0,0,0,1,0,0,0,1],"EasingStyle":"Linear","EasingDirection":"In"},"Left Arm":{"Weight":1,"CFrame":[4.983064627595013e-9,-0.05725222826004028,-0.06600260734558106,1,7.269676416399307e-8,-1.2966718543339085e-7,-1.8045206218175737e-8,0.9981545805931091,-0.060724787414073947,1.107885481133053e-7,0.06072472780942917,0.9981546401977539],"EasingStyle":"Linear","EasingDirection":"In"}}},{"Time":0.699999988079071,"poses":{"Left Leg":{"Weight":1,"CFrame":[0.009332024492323399,-0.04526114463806152,-0.000095367431640625,0.999614417552948,-0.0001567439321661368,0.027767853811383249,-0.00005859675002284348,0.9999699592590332,0.007753133308142424,-0.027768276631832124,-0.007751793134957552,0.9995843768119812],"EasingStyle":"Linear","EasingDirection":"In"},"Right Arm":{"We