{"Sequence":[{"Time":0,"poses":{"Left Leg":{"Weight":1,"CFrame":[-0.21412953734397889,0.021822750568389894,0.0027992725372314455,0.9967605471611023,-0.07441116869449616,0.030521128326654435,0.07459605485200882,0.9972015023231506,-0.004964289255440235,-0.030066320672631265,0.0072249313816428188,0.9995218515396118],"EasingStyle":"Constant","EasingDirection":"In"},"Right Arm":{"Weight":1,"CFrame":[0.5529084205627441,-0.40423670411109927,-0.6053484678268433,-0.3888561725616455,-0.07991611212491989,0.9178259968757629,0.9205940365791321,0.005247102119028568,0.3904857635498047,-0.03602204844355583,0.9967877864837647,0.07152984291315079],"EasingStyle":"Constant","EasingDirection":"In"},"Head":{"Weight":1,"CFrame":[5.960464477539063e-8,1.862645149230957e-8,0.01666206121444702,0.9028009176254273,-0.42673277854919436,0.05338233709335327,0.4297046959400177,0.900117814540863,-0.0717078372836113,-0.01745034195482731,0.08767657727003098,0.9959962368011475],"EasingStyle":"Constant","EasingDirection":"In"},"Left Arm":{"Weight":1,"CFrame":[-0.5387409925460815,-0.3210434913635254,-0.06772929430007935,-0.3527819514274597,0.772289514541626,-0.5283124446868897,-0.7624723315238953,-0.564544141292572,-0.3161102831363678,-0.5423845052719116,0.2913054823875427,0.78801029920578],"EasingStyle":"Constant","EasingDirection":"In"},"Torso":{"Weight":1,"CFrame":[-0.009514791890978814,-0.009680586867034436,-0.032800912857055667,0.8334333300590515,0.5524991154670715,-0.011567364446818829,-0.5526112914085388,0.8333561420440674,-0.011768803931772709,0.003137479303404689,0.016200769692659379,0.999863862991333],"EasingStyle":"Constant","EasingDirection":"In"},"HumanoidRootPart":{"Weight":0,"CFrame":[0,0,0,1,0,0,0,1,0,0,0,1],"EasingStyle":"Linear","EasingDirection":"In"},"Right Leg":{"Weight":1,"CFrame":[0.15647977590560914,0.01990729570388794,0.029664993286132814,0.9794096946716309,0.1120418980717659,-0.16793867945671082,-0.11320822685956955,0.9935678243637085,0.002643836662173271,0.16715483367443086,0.01642267219722271,0.9857938885688782],"EasingStyle":"Constant","EasingDirection":"In"}}},{"Time":0.03333333507180214,"poses":{"Left Leg":{"Weight":1,"CFrame":[-0.21857565641403199,0.025139689445495607,0.0034333467483520509,0.9967619180679321,-0.07335558533668518,0.03293382376432419,0.07346250861883164,0.9972959160804749,-0.0020478616934269668,-0.03269476443529129,0.004460636992007494,0.9994555115699768],"EasingStyle":"Constant","EasingDirection":"In"},"Right Arm":{"Weight":1,"CFrame":[0.5529083013534546,-0.40423649549484255,-0.605348527431488,-0.3888561427593231,-0.0799160897731781,0.9178258776664734,0.9205940961837769,0.005247150082141161,0.3904857635498047,-0.03602205216884613,0.9967878460884094,0.0715298131108284],"EasingStyle":"Constant","EasingDirection":"In"},"Head":{"Weight":1,"CFrame":[8.754432201385498e-8,-1.4901161193847657e-8,0.01666259765625,0.9025978446006775,-0.427227646112442,0.052855513989925387,0.43013620376586916,0.8999828100204468,-0.07080882787704468,-0.01731758378446102,0.08664697408676148,0.9960886240005493],"EasingStyle":"Constant","EasingDirection":"In"},"Left Arm":{"Weight":1,"CFrame":[-0.5385051965713501,-0.3206622004508972,-0.06780827045440674,-0.34190428256988528,0.7801780700683594,-0.5238547921180725,-0.7646917104721069,-0.5549925565719605,-0.32746008038520815,-0.5462125539779663,0.28862714767456057,0.7863498330116272],"EasingStyle":"Constant","EasingDirection":"In"},"Torso":{"Weight":1,"CFrame":[-0.009575596079230309,-0.013907469809055329,-0.032862186431884769,0.8321143984794617,0.5544818639755249,-0.011641288176178933,-0.5546039938926697,0.8319426774978638,-0.016907498240470887,0.0003099824534729123,0.02052527666091919,0.999789297580719],"EasingStyle":"Constant","EasingDirection":"In"},"HumanoidRootPart":{"Weight":0,"CFrame":[0,0,0,1,0,0,0,1,0,0,0,1],"EasingStyle":"Linear","EasingDirection":"In"},"Right Leg":{"Weight":1,"CFrame":[0.1521313637495041,0.01842021942138672,0.02842298150062561,0.9807193875312805,0.10383214056491852,-0.16555458307266236,-0.10549569875001908,0.9944190382957459,-0.0012622039066627622,0.16449959576129914,0.01870311237871647,0.9861998558044434],"EasingStyle":"Constant","EasingDirection":"In"}}},{"Time":0.06666667014360428,"poses":{"Left Leg":{"Weight":1,"CFrame":[-0.22301305830478669,0.02852046489715576,0.004080235958099365,0.9967551827430725,-0.07230972498655319,0.03536032885313034,0.07232453674077988,0.9973808526992798,0.0008610536460764706,-0.03533012419939041,0.0016991662560030819,0.9993743300437927],"EasingStyle":"Constant","EasingDirection":"In"},"Right Arm":{"Weight":1,"CFrame":[0.5529086589813232,-0.40423616766929629,-0.6053488254547119,-0.3888562023639679,-0.07991629838943482,0.9178259372711182,0.9205940365791321,0.005247118417173624,0.3904857635498047,-0.03602204471826553,0.9967877864837647,0.07152992486953736],"EasingStyle":"Constant","EasingDirection":"In"},"Head":{"Weight":1,"CFrame":[4.284083843231201e-8,1.4901161193847657e-8,0.016662389039993287,0.9023945927619934,-0.4277215301990509,0.05232810229063034,0.4305679202079773,0.8998467326164246,-0.06990996748209,-0.017185332253575326,0.08561725169420243,0.9961798787117004],"EasingStyle":"Constant","EasingDirection":"In"},"Left Arm":{"Weight":1,"CFrame":[-0.5382752418518066,-0.3202773928642273,-0.06788557767868042,-0.3309957683086395,0.7879308462142944,-0.5192369818687439,-0.7667379975318909,-0.5453166365623474,-0.3387369215488434,-0.5500497817993164,0.28599804639816286,0.7846338748931885],"EasingStyle":"Constant","EasingDirection":"In"},"Torso":{"Weight":1,"CFrame":[-0.009646469727158547,-0.018133817240595819,-0.03294515982270241,0.8307910561561585,0.5564610958099365,-0.011727447621524334,-0.5565789341926575,0.8305022716522217,-0.022045545279979707,-0.0025278173852711918,0.02484249323606491,0.9996882081031799],"EasingStyle":"Constant","EasingDirection":"In"},"HumanoidRootPart":{"Weight":0,"CFrame":[0,0,0,1,0,0,0,1,0,0,0,1],"EasingStyle":"Linear","EasingDirection":"In"},"Right Leg":{"Weight":1,"CFrame":[0.14746949076652528,0.0168573260307312,0.027145206928253175,0.9819724559783936,0.0954585000872612,-0.1631499081850052,-0.09760177880525589,0.995212197303772,-0.005153303500264883,0.16187670826911927,0.020984087139368058,0.9865878820419312],"EasingStyle":"Constant","EasingDirection":"In"}}},{"Time":0.10000000149011612,"poses":{"Left Leg":{"Weight":1,"CFrame":[-0.2185528576374054,0.02534431219100952,0.003433525562286377,0.9968277812004089,-0.07245687395334244,0.03293237462639809,0.07256383448839188,0.9973616600036621,-0.002062910469248891,-0.0326962023973465,0.004446087870746851,0.999455451965332],"EasingStyle":"Constant","EasingDirection":"In"},"Right Arm":{"Weight":1,"CFrame":[0.5529084205627441,-0.40423649549484255,-0.6053484678268433,-0.3888561725616455,-0.07991614192724228,0.9178258776664734,0.9205940961837769,0.005247125402092934,0.3904857635498047,-0.03602203354239464,0.9967877864837647,0.07152986526489258],"EasingStyle":"Constant","EasingDirection":"In"},"Head":{"Weight":1,"CFrame":[9.313225746154785e-8,-5.587935447692871e-8,0.016662269830703737,0.9025880098342896,-0.4271821081638336,0.05338819697499275,0.43013134598731997,0.9000107049942017,-0.0704832598567009,-0.017940783873200418,0.08658121526241303,0.9960833191871643],"EasingStyle":"Constant","EasingDirection":"In"},"Left Arm":{"Weight":1,"CFrame":[-0.5384619235992432,-0.32059019804000857,-0.06782281398773194,-0.3398611545562744,0.7816421389579773,-0.5230011940002441,-0.7650884985923767,-0.5531876683235169,-0.3295801877975464,-0.5469313859939575,0.2881304621696472,0.7860323190689087],"EasingStyle":"Constant","EasingDirection":"In"},"Torso":{"Weight":1,"CFrame":[-0.009941957890987397,-0.014476913958787918,-0.03287625312805176,0.8321143984794617,0.5544723272323608,-0.01208668015897274,-0.5546039938926697,0.8319283127784729,-0.017599783837795259,0.00029665746842511,0.02134835347533226,0.9997720718383789],"EasingStyle":"Constant","EasingDirection":"In"},"HumanoidRootPart":{"Weight":0,"CFrame":[0,0,0,1,0,0,0,1,0,0,0,1],"EasingStyle":"Linear","EasingDirection":"In"},"Right Leg":{"Weight":1,"CFrame":[0.15208041667938233,0.01854526996612549,0.028418123722076417,0.9808158874511719,0.1029178723692894,-0.16555356979370118,-0.10459595918655396,0.9945138096809387,-0.0014259519521147013,0.16449859738349915,0.018714791163802148,0.9861997365951538],"EasingStyle":"Constant","EasingDirection":"In"}}},{"Time":0.13333334028720857,"poses":{"Left Leg":{"Weight":1,"CFrame":[-0.21412953734397889,0.021822750568389894,0.0027992725372314455,0.9967605471611023,-0.07441116869449616,0.030521128326654435,0.07459605485200882,0.9972015023231506,-0.004964289255440235,-0.030066320672631265,0.0072249313816428188,0.9995218515396118],"EasingStyle":"Constant","EasingDirection":"In"},"Right Arm":{"Weight":1,"CFrame":[0.5529084205627441,-0.40423670411109927,-0.6053484678268433,-0.3888561725616455,-0.07991611212491989,0.9178259968757629,0.9205940365791321,0.005247102119028568,0.3904857635498047,-0.03602204844355583,0.9967877864837647,0.07152984291315079],"EasingStyle":"Constant","EasingDirection":"In"},"Head":{"Weight":1,"CFrame":[5.960464477539063e-8,1.862645149230957e-8,0.01666206121444702,0.9028009176254273,-0.42673277854919436,0.05338233709335327,0.4297046959400177,0.900117814540863,-0.0717078372836113,-0.01745034195482731,0.08767657727003098,0.9959962368011475],"EasingStyle":"Constant","EasingDirection":"In"},"Left Arm":{"Weight":1,"CFrame":[-0.5387409925460815,-0.3210434913635254,-0.06772929430007935,-0.3527819514274597,0.772289514541626,-0.5283124446868897,-0.7624723315238953,-0.564544141292572,-0.3161102831363678,-0.5423845052719116,0.2913054823875427,0.78801029920578],"EasingStyle":"Constant","EasingDirection":"In"},"Torso":{"Weight":1,"CFrame":[-0.009514791890978814,-0.009680586867034436,-0.032800912857055667,0.8334333300590515,0.5524991154670715,-0.011567364446818829,-0.5526112914085388,0.8333561420440674,-0.011768803931772709,0.003137479303404689,0.016200769692659379,0.999863862991333],"EasingStyle":"Constant","EasingDirection":"In"},"HumanoidRootPart":{"Weight":0,"CFrame":[0,0,0,1,0,0,0,1,0,0,0,1],"EasingStyle":"Linear","EasingDirection":"In"},"Right Leg":{"Weight":1,"CFrame":[0.15647977590560914,0.01990729570388794,0.029664993286132814,0.9794096946716309,0.1120418980717659,-0.16793867945671082,-0.11320822685956955,0.9935678243637085,0.002643836662173271,0.16715483367443086,0.01642267219722271,0.9857938885688782],"EasingStyle":"Constant","EasingDirection":"In"}}},{"Time":0.1666666716337204,"poses":{"Left Leg":{"Weight":1,"CFrame":[-0.21416626870632173,0.021498441696166993,0.002798914909362793,0.9966495037078857,-0.07588083297014237,0.030526215210556985,0.07606559991836548,0.9970906376838684,-0.004936360288411379,-0.030062921345233918,0.007241844665259123,0.9995218515396118],"EasingStyle":"Constant","EasingDirection":"In"},"Right Arm":{"Weight":1,"CFrame":[0.5529084205627441,-0.4042367935180664,-0.6053485870361328,-0.38885608315467837,-0.07991619408130646,0.9178259372711182,0.9205940961837769,0.005247123073786497,0.3904857337474823,-0.036022037267684939,0.9967878460884094,0.07152990996837616],"EasingStyle":"Constant","EasingDirection":"In"},"Head":{"Weight":1,"CFrame":[1.1548399925231934e-7,-1.1175870895385743e-8,0.016662150621414186,0.9058530926704407,-0.4204777181148529,0.05127214640378952,0.4232819378376007,0.9031651020050049,-0.07159100472927094,-0.01620476506650448,0.08655347675085068,0.996115505695343],"EasingStyle":"Constant","EasingDirection":"In"},"Left Arm":{"Weight":1,"CFrame":[-0.5390247106552124,-0.3215399980545044,-0.06781500577926636,-0.36790475249290469,0.7632136940956116,-0.531178891658783,-0.7563942670822144,-0.5778937935829163,-0.3064415752887726,-0.5408454537391663,0.28903916478157046,0.7899003624916077],"EasingStyle":"Constant","EasingDirection":"In"},"Torso":{"Weight":1,"CFrame":[-0.00891406461596489,-0.008751239627599717,-0.03278375044465065,0.8334340453147888,0.5525128841400147,-0.010837051086127758,-0.5526101589202881,0.8333719968795776,-0.010638981126248837,0.003153120633214712,0.014855551533401013,0.9998847842216492],"EasingStyle":"Constant","EasingDirection":"In"},"HumanoidRootPart":{"Weight":0,"CFrame":[0,0,0,1,0,0,0,1,0,0,0,1],"EasingStyle":"Linear","EasingDirection":"In"},"Right Leg":{"Weight":1,"CFrame":[0.15654271841049195,0.01968926191329956,0.029670029878616334,0.9792395830154419,0.11352348327636719,-0.16793575882911683,-0.11466636508703232,0.9933999180793762,0.0029083150438964369,0.16715753078460694,0.016408605501055719,0.9857936501502991],"EasingStyle":"Constant","EasingDirection":"In"}}},{"Time":0.20000000298023225,"poses":{"Left Leg":{"Weight":1,"CFrame":[-0.21429187059402467,0.021064341068267823,0.002801358699798584,0.9964830875396729,-0.07803255319595337,0.030536729842424394,0.07821586728096008,0.9969246983528137,-0.0048546576872467999,-0.030064145103096963,0.007226075045764446,0.9995218515396118],"EasingStyle":"Constant","EasingDirection":"In"},"Right Arm":{"Weight":1,"CFrame":[0.5529084801673889,-0.40423649549484255,-0.6053486466407776,-0.38885611295700076,-0.07991614937782288,0.9178259372711182,0.9205940961837769,0.005247132387012243,0.3904857039451599,-0.03602204844355583,0.9967878460884094,0.07152977585792542],"EasingStyle":"Constant","EasingDirection":"In"},"Head":{"Weight":1,"CFrame":[1.0617077350616455e-7,-1.4901161193847657e-8,0.016662031412124635,0.9259090423583984,-0.3755284249782562,0.0408785343170166,0.3775361478328705,0.9235710501670837,-0.06695521622896195,-0.012610623612999916,0.07742753624916077,0.996918261051178],"EasingStyle":"Constant","EasingDirection":"In"},"Left Arm":{"Weight":1,"CFrame":[-0.5408671498298645,-0.3244019150733948,-0.06853395700454712,-0.4565979242324829,0.7057126760482788,-0.5417454242706299,-0.7112834453582764,-0.6553341150283814,-0.2541912794113159,-0.534410297870636,0.2692711651325226,0.8011857867240906],"EasingStyle":"Constant","EasingDirection":"In"},"Torso":{"Weight":1,"CFrame":[-0.008025229908525944,-0.007433846592903137,-0.0327615812420845,0.8334333300590515,0.5525340437889099,-0.009756482206285,-0.5526112914085388,0.8333901762962341,-0.00903740618377924,0.0031374816317111255,0.012923615984618664,0.9999116659164429],"EasingStyle":"Constant","EasingDirection":"In"},"HumanoidRootPart":{"Weight":0,"CFrame":[0,0,0,1,0,0,0,1,0,0,0,1],"EasingStyle":"Linear","EasingDirection":"In"},"Right Leg":{"Weight":1,"CFrame":[0.15655755996704102,0.01934492588043213,0.02966436743736267,0.9789970517158508,0.11560948193073273,-0.167926624417305,-0.11672500520944596,0.9931590557098389,0.0032469748985022308,0.16715320944786073,0.016422413289546968,0.9857942461967468],"EasingStyle":"Constant","EasingDirection":"In"}}},{"Time":0.23333333432674409,"poses":{"Left Leg":{"Weight":1,"CFrame":[-0.2146250307559967,0.019368648529052736,0.0028049349784851076,0.995816707611084,-0.0861077755689621,0.030571024864912034,0.08628741651773453,0.9962596893310547,-0.004604989662766457,-0.03006022237241268,0.007223676890134811,0.9995220303535461],"EasingStyle":"Constant","EasingDirection":"In"},"Right Arm":{"Weight":1,"CFrame":[0.5529086589813232,-0.40423673391342165,-0.6053486466407776,-0.38885602355003359,-0.07991622388362885,0.9178259372711182,0.9205940365791321,0.005247104912996292,0.39048561453819277,-0.03602202609181404,0.9967878460884094,0.0715298280119896],"EasingStyle":"Constant","EasingDirection":"In"},"Head":{"Weight":1,"CFrame":[8.847564458847046e-8,-2.7939677238464357e-8,0.016661852598190309,0.9673946499824524,-0.2529138922691345,0.01349799707531929,0.2532733082771301,0.9659072756767273,-0.053626298904418948,0.0005250052781775594,0.05529641732573509,0.998469889163971],"EasingStyle":"Constant","EasingDirection":"In"},"Left Arm":{"Weight":1,"CFrame":[-0.5475638508796692,-0.3311973810195923,-0.07020506262779236,-0.673578143119812,0.5034593343734741,-0.5411295890808106,-0.5417851209640503,-0.8343235850334168,-0.10184863954782486,-0.5027538537979126,0.22457276284694673,0.8347488641738892],"EasingStyle":"Constant","EasingDirection":"In"},"Torso":{"Weight":1,"CFrame":[-0.004694977775216103,-0.002417046809569001,-0.03270602971315384,0.8334328532218933,0.5525912642478943,-0.005707836709916592,-0.5526118874549866,0.8334335684776306,-0.0029383969958871605,0.003133369842544198,0.005603174678981304,0.9999794960021973],"EasingStyle":"Constant","EasingDirection":"In"},"HumanoidRootPart":{"Weight":0,"CFrame":[0,0,0,1,0,0,0,1,0,0,0,1],"EasingStyle":"Linear","EasingDirection":"In"},"Right Leg":{"Weight":1,"CFrame":[0.15668639540672303,0.01808112859725952,0.02965688705444336,0.9780323505401611,0.12355272471904755,-0.16789112985134126,-0.12455492466688156,0.9922021627426148,0.00458952970802784,0.16714896261692048,0.016422942280769349,0.9857949018478394],"EasingStyle":"Constant","EasingDirection":"In"}}},{"Time":0.2666666805744171,"poses":{"Left Leg":{"Weight":1,"CFrame":[-0.21496132016181947,0.017069995403289796,0.0028074979782104494,0.9948245286941528,-0.09688683599233628,0.03061208687722683,0.09706181287765503,0.9952691793441773,-0.004280205816030502,-0.03005269169807434,0.007229327689856291,0.9995222091674805],"EasingStyle":"Constant","EasingDirection":"In"},"Right Arm":{"Weight":1,"CFrame":[0.5529084205627441,-0.404236376285553,-0.6053485870361328,-0.38885608315467837,-0.07991613447666168,0.9178259968757629,0.9205940365791321,0.005247118882834911,0.3904857933521271,-0.03602203354239464,0.9967877864837647,0.07152988761663437],"EasingStyle":"Constant","EasingDirection":"In"},"Head":{"Weight":1,"CFrame":[8.847564458847046e-8,-3.725290298461914e-9,0.01666259765625,0.9961727261543274,-0.08556840568780899,-0.017837198451161386,0.08498107641935349,0.9958869218826294,-0.03142613172531128,0.020452914759516717,0.02979002706706524,0.9993469715118408],"EasingStyle":"Constant","EasingDirection":"In"},"Left Arm":{"Weight":1,"CFrame":[-0.559322714805603,-0.3367445468902588,-0.0711936354637146,-0.8669930696487427,0.1601020246744156,-0.471900999546051,-0.2353561818599701,-0.9662665128707886,0.10457905381917954,-0.43923869729042055,0.20173384249210359,0.87542724609375],"EasingStyle":"Constant","EasingDirection":"In"},"Torso":{"Weight":1,"CFrame":[-0.00023232214152812958,0.0043195681646466259,-0.0327003039419651,0.8334333896636963,0.552619993686676,-0.0002825108531396836,-0.5526111721992493,0.8334226608276367,0.00525142066180706,0.003137491410598159,-0.004220589995384216,0.9999861717224121],"EasingStyle":"Constant","EasingDirection":"In"},"HumanoidRootPart":{"Weight":0,"CFrame":[0,0,0,1,0,0,0,1,0,0,0,1],"EasingStyle":"Linear","EasingDirection":"In"},"Right Leg":{"Weight":1,"CFrame":[0.15679721534252168,0.016386091709136964,0.02963966131210327,0.9766424894332886,0.13417603075504304,-0.16782845556735993,-0.13502414524555207,0.9908217191696167,0.006401135586202145,0.16714681684970857,0.016409236937761308,0.9857954382896423],"EasingStyle":"Constant","EasingDirection":"In"}}},{"Time":0.30000001192092898,"poses":{"Left Leg":{"Weight":1,"CFrame":[-0.2151634693145752,0.015209317207336426,0.0028067827224731447,0.9939433932304382,-0.10553553700447083,0.03064027987420559,0.10570661723613739,0.9943893551826477,-0.004015548620373011,-0.03004477731883526,0.007230119779706001,0.9995225071907044],"EasingStyle":"Constant","EasingDirection":"In"},"Right Arm":{"Weight":1,"CFrame":[0.5529085397720337,-0.40423670411109927,-0.6053484678268433,-0.3888562023639679,-0.07991618663072586,0.9178259372711182,0.9205940365791321,0.005247124470770359,0.39048582315444949,-0.03602203354239464,0.9967877864837647,0.07152990996837616],"EasingStyle":"Constant","EasingDirection":"In"},"Head":{"Weight":1,"CFrame":[8.568167686462403e-8,1.7695128917694093e-8,0.016661912202835084,0.9978146553039551,0.05270262062549591,-0.03985575586557388,-0.05315573886036873,0.9985321760177612,-0.01039409451186657,0.03924944996833801,0.012489976361393929,0.9991514086723328],"EasingStyle":"Constant","EasingDirection":"In"},"Left Arm":{"Weight":1,"CFrame":[-0.5698211193084717,-0.3375621736049652,-0.07028847932815552,-0.9217616319656372,-0.13818903267383576,-0.36229726672172549,0.039297834038734439,-0.962822437286377,0.2672617435455322,-0.385760635137558,0.2321140617132187,0.8929232358932495],"EasingStyle":"Constant","EasingDirection":"In"},"Torso":{"Weight":1,"CFrame":[0.0033648861572146417,0.009745736606419087,-0.032753463834524158,0.8334351181983948,0.5526024103164673,0.004090677015483379,-0.5526086688041687,0.8333566784858704,0.011848104186356068,0.003138298401609063,-0.012135167606174946,0.999921441078186],"EasingStyle":"Constant","EasingDirection":"In"},"HumanoidRootPart":{"Weight":0,"CFrame":[0,0,0,1,0,0,0,1,0,0,0,1],"EasingStyle":"Linear","EasingDirection":"In"},"Right Leg":{"Weight":1,"CFrame":[0.156812846660614,0.015012204647064209,0.02961602807044983,0.975445032119751,0.1426938772201538,-0.16776609420776368,-0.14341771602630616,0.9896311163902283,0.007857400923967362,0.167147696018219,0.016396107152104379,0.9857955574989319],"EasingStyle":"Constant","EasingDirection":"In"}}},{"Time":0.3333333432674408,"poses":{"Left Leg":{"Weight":1,"CFrame":[-0.21522624790668488,0.014460444450378418,0.002807438373565674,0.9935687780380249,-0.10900124907493592,0.030655236914753915,0.10917078703641892,0.9940152764320374,-0.003907843958586454,-0.030045807361602784,0.007229386828839779,0.9995223879814148],"EasingStyle":"Constant","EasingDirection":"In"},"Right Arm":{"Weight":1,"CFrame":[0.5529083013534546,-0.40423649549484255,-0.6053485870361328,-0.38885608315467837,-0.0799160972237587,0.9178259968757629,0.9205941557884216,0.005247136112302542,0.3904857039451599,-0.03602202981710434,0.9967878460884094,0.07152993977069855],"EasingStyle":"Constant","EasingDirection":"In"},"Head":{"Weight":1,"CFrame":[9.313225746154785e-8,-2.2118911147117616e-8,0.01666194200515747,0.9924541115760803,0.10823750495910645,-0.05761544778943062,-0.10883767157793045,0.9940322637557983,-0.0073747895658016209,0.056473396718502048,0.013589841313660145,0.9983116388320923],"EasingStyle":"Constant","EasingDirection":"In"},"Left Arm":{"Weight":1,"CFrame":[-0.5739730596542358,-0.3368636667728424,-0.06901754438877106,-0.9207348227500916,-0.2524537444114685,-0.2975136935710907,0.14474688470363618,-0.9290721416473389,0.340401828289032,-0.3623476028442383,0.2703554928302765,0.8919710516929627],"EasingStyle":"Constant","EasingDirection":"In"},"Torso":{"Weight":1,"CFrame":[0.004810231737792492,0.011924096383154393,-0.032789476215839389,0.8334333300590515,0.5525892376899719,0.005847808439284563,-0.5526112914085388,0.8333131074905396,0.014496379531919957,0.0031374881509691478,-0.015313326381146908,0.9998779296875],"EasingStyle":"Constant","EasingDirection":"In"},"HumanoidRootPart":{"Weight":0,"CFrame":[0,0,0,1,0,0,0,1,0,0,0,1],"EasingStyle":"Linear","EasingDirection":"In"},"Right Leg":{"Weight":1,"CFrame":[0.1568024754524231,0.014458954334259034,0.029603302478790284,0.9749460816383362,0.14610199630260468,-0.1677330732345581,-0.1467760056257248,0.9891337752342224,0.008440571837127209,0.16714371740818025,0.016390053555369378,0.9857963919639587],"EasingStyle":"Constant","EasingDirection":"In"}}},{"Time":0.36666667461395266,"poses":{"Left Leg":{"Weight":1,"CFrame":[-0.26091644167900088,0.022542595863342286,0.004265964031219482,0.9915964007377625,-0.12565314769744874,0.03079046681523323,0.12581732869148255,0.9920474886894226,-0.0034471142571419479,-0.030112626031041147,0.007292088121175766,0.999519944190979],"EasingStyle":"Constant","EasingDirection":"In"},"Right Arm":{"Weight":1,"CFrame":[0.5529085397720337,-0.40423649549484255,-0.6053487062454224,-0.38885608315467837,-0.07991619408130646,0.9178259372711182,0.9205940961837769,0.0052471160888671879,0.3904856741428375,-0.03602204844355583,0.9967878460884094,0.07152993977069855],"EasingStyle":"Constant","EasingDirection":"In"},"Head":{"Weight":1,"CFrame":[5.960464477539063e-8,2.8870999813079835e-8,0.016662508249282838,0.9914672374725342,0.10552534461021424,-0.07653205841779709,-0.10761070251464844,0.9939119219779968,-0.0236457958817482,0.07357083261013031,0.03167976438999176,0.9967867732048035],"EasingStyle":"Constant","EasingDirection":"In"},"Left Arm":{"Weight":1,"CFrame":[-0.5739430785179138,-0.3368012309074402,-0.06847591698169708,-0.9233617186546326,-0.2504229247570038,-0.2910180687904358,0.13930992782115937,-0.9248709678649902,0.35384559631347659,-0.35776519775390627,0.28618547320365908,0.888876736164093],"EasingStyle":"Constant","EasingDirection":"In"},"Torso":{"Weight":1,"CFrame":[0.002047252841293812,0.006712987553328276,-0.04434561729431152,0.8333410024642944,0.5527533888816834,0.002568071009591222,-0.5527536869049072,0.8333027958869934,0.008364771492779255,0.002483674790710211,-0.008390218019485474,0.9999617338180542],"EasingStyle":"Constant","EasingDirection":"In"},"HumanoidRootPart":{"Weight":0,"CFrame":[0,0,0,1,0,0,0,1,0,0,0,1],"EasingStyle":"Linear","EasingDirection":"In"},"Right Leg":{"Weight":1,"CFrame":[0.19814476370811463,0.01966989040374756,0.03659895062446594,0.9727223515510559,0.16034342348575593,-0.16763481497764588,-0.16155025362968446,0.9868431091308594,0.00650388328358531,0.16647200286388398,0.020754925906658174,0.9858278036117554],"EasingStyle":"Constant","EasingDirection":"In"}}},{"Time":0.4000000059604645,"poses":{"Left Leg":{"Weight":1,"CFrame":[-0.30166906118392947,0.03212529420852661,0.005803853273391724,0.989611804485321,-0.1402081400156021,0.031785763800144199,0.14032842218875886,0.9901037812232971,-0.0015748467994853855,-0.031250469386577609,0.006018931977450848,0.9994934797286987],"EasingStyle":"Constant","EasingDirection":"In"},"Right Arm":{"Weight":1,"CFrame":[0.5529084205627441,-0.40423667430877688,-0.6053486466407776,-0.38885605335235598,-0.07991619408130646,0.9178259372711182,0.9205940365791321,0.005247113760560751,0.3904857337474823,-0.036022037267684939,0.9967877864837647,0.07152973860502243],"EasingStyle":"Constant","EasingDirection":"In"},"Head":{"Weight":1,"CFrame":[1.0058283805847168e-7,-1.1175870895385743e-8,0.016662180423736573,0.9909552931785584,0.10190637409687042,-0.0873081386089325,-0.10521506518125534,0.9938626289367676,-0.03416081517934799,0.08329111337661743,0.043037958443164828,0.9955955743789673],"EasingStyle":"Constant","EasingDirection":"In"},"Left Arm":{"Weight":1,"CFrame":[-0.5738428235054016,-0.33680683374404909,-0.06836529076099396,-0.9254571795463562,-0.2467782199382782,-0.2874532639980316,0.13624411821365357,-0.9247773289680481,0.355281263589859,-0.3535059988498688,0.28963345289230349,0.8894638419151306],"EasingStyle":"Constant","EasingDirection":"In"},"Torso":{"Weight":1,"CFrame":[0.00014519033720716834,0.0008919390384107828,-0.055940162390470508,0.8327721953392029,0.5536158680915833,0.00033496718970127404,-0.5536157488822937,0.8327709436416626,0.0014916586223989726,0.0005468549206852913,-0.0014276544097810984,0.999998927116394],"EasingStyle":"Constant","EasingDirection":"In"},"HumanoidRootPart":{"Weight":0,"CFrame":[0,0,0,1,0,0,0,1,0,0,0,1],"EasingStyle":"Linear","EasingDirection":"In"},"Right Leg":{"Weight":1,"CFrame":[0.23288750648498536,0.024554967880249025,0.042241036891937259,0.9711220860481262,0.17070399224758149,-0.1666792929172516,-0.1726035624742508,0.9849864840507507,0.0031316252425312998,0.16471140086650849,0.025728242471814157,0.9860062599182129],"EasingStyle":"Constant","EasingDirection":"In"}}},{"Time":0.4333333373069763,"poses":{"Left Leg":{"Weight":1,"CFrame":[-0.2659125030040741,0.023849785327911378,0.005158871412277222,0.9898929595947266,-0.13770075142383576,0.03392014279961586,0.13770407438278199,0.9904709458351135,0.002248411998152733,-0.033906515687704089,0.002445268677547574,0.999422013759613],"EasingStyle":"Constant","EasingDirection":"In"},"Right Arm":{"Weight":1,"CFrame":[0.5529084801673889,-0.4042368531227112,-0.6053488850593567,-0.38885608315467837,-0.07991611212491989,0.9178259372711182,0.9205940365791321,0.005247140768915415,0.39048561453819277,-0.036022018641233447,0.9967878460884094,0.0715298056602478],"EasingStyle":"Constant","EasingDirection":"In"},"Head":{"Weight":1,"CFrame":[6.51925802230835e-8,4.6566128730773929e-8,0.016662150621414186,0.9927975535392761,0.103558249771595,-0.060240235179662707,-0.10536675155162811,0.9940488338470459,-0.027654454112052919,0.057017844170331958,0.03380267322063446,0.9978007674217224],"EasingStyle":"Constant","EasingDirection":"In"},"Left Arm":{"Weight":1,"CFrame":[-0.5739521384239197,-0.33691245317459109,-0.06941914558410645,-0.9301592111587524,-0.2473023682832718,-0.2713765501976013,0.15331491827964784,-0.9332246780395508,0.324940949678421,-0.3336139917373657,0.26064029335975649,0.9059625267982483],"EasingStyle":"Constant","EasingDirection":"In"},"Torso":{"Weight":1,"CFrame":[0.008751601912081242,0.009444992989301682,-0.043770551681518558,0.8315539360046387,0.5553410053253174,0.010701787658035756,-0.5554388761520386,0.8314756155014038,0.011669222265481949,-0.002417875686660409,-0.015647776424884797,0.9998746514320374],"EasingStyle":"Constant","EasingDirection":"In"},"HumanoidRootPart":{"Weight":0,"CFrame":[0,0,0,1,0,0,0,1,0,0,0,1],"EasingStyle":"Linear","EasingDirection":"In"},"Right Leg":{"Weight":1,"CFrame":[0.18925990164279939,0.01423192024230957,0.03429892659187317,0.9730133414268494,0.1617993414402008,-0.16451746225357057,-0.16364936530590058,0.9865158796310425,0.0023381055798381569,0.16267743706703187,0.024648146703839303,0.9863713979721069],"EasingStyle":"Constant","EasingDirection":"In"}}},{"Time":0.46666666865348818,"poses":{"Left Leg":{"Weight":1,"CFrame":[-0.22288623452186585,0.01578998565673828,0.00397452712059021,0.9907420873641968,-0.13112714886665345,0.035155169665813449,0.1310436874628067,0.9913656115531921,0.004677538760006428,-0.03546511381864548,-0.00002738849798333831,0.9993709921836853],"EasingStyle":"Constant","EasingDirection":"In"},"Right Arm":{"Weight":1,"CFrame":[0.5529083013534546,-0.40423718094825747,-0.6053484678268433,-0.38885611295700076,-0.07991597056388855,0.9178259372711182,0.9205940365791321,0.0052471705712378029,0.3904857635498047,-0.036021992564201358,0.9967877864837647,0.07152969390153885],"EasingStyle":"Constant","EasingDirection":"In"},"Head":{"Weight":1,"CFrame":[5.21540641784668e-8,5.122274160385132e-8,0.016661524772644044,0.9938398599624634,0.1055360957980156,-0.033832840621471408,-0.10618414729833603,0.9941843152046204,-0.017962424084544183,0.031740330159664157,0.02144433744251728,0.9992661476135254],"EasingStyle":"Constant","EasingDirection":"In"},"Left Arm":{"Weight":1,"CFrame":[-0.5740653872489929,-0.3369848132133484,-0.07049363851547241,-0.9326592087745667,-0.24894946813583375,-0.2610953748226166,0.16869120299816132,-0.9406921863555908,0.2943497598171234,-0.31888866424560549,0.23048332333564759,0.9193407893180847],"EasingStyle":"Constant","EasingDirection":"In"},"Torso":{"Weight":1,"CFrame":[0.01650429144501686,0.018597695976495744,-0.03177070990204811,0.8308021426200867,0.5562072992324829,0.0200329776853323,-0.5565530061721802,0.8305054306983948,0.02257409691810608,-0.004081618506461382,-0.029904020950198175,0.9995444416999817],"EasingStyle":"Constant","EasingDirection":"In"},"HumanoidRootPart":{"Weight":0,"CFrame":[0,0,0,1,0,0,0,1,0,0,0,1],"EasingStyle":"Linear","EasingDirection":"In"},"Right Leg":{"Weight":1,"CFrame":[0.13892605900764466,0.006450533866882324,0.025614142417907716,0.9751173853874207,0.15004421770572663,-0.16319546103477479,-0.15159887075424195,0.9884377717971802,0.0029578283429145815,0.16175232827663423,0.02185596153140068,0.9865894317626953],"EasingStyle":"Constant","EasingDirection":"In"}}},{"Time":0.5,"poses":{"Left Leg":{"Weight":1,"CFrame":[-0.2190728485584259,0.015157997608184815,0.003384232521057129,0.9922187924385071,-0.12007440626621247,0.03292262926697731,0.12012727558612824,0.9927585124969482,0.00037392458762042224,-0.032729264348745349,0.0035839066840708257,0.999457836151123],"EasingStyle":"Constant","EasingDirection":"In"},"Right Arm":{"Weight":1,"CFrame":[0.5529084205627441,-0.40423688292503359,-0.6053485870361328,-0.38885602355003359,-0.07991617172956467,0.9178259372711182,0.9205940961837769,0.005247137974947691,0.3904857337474823,-0.03602202236652374,0.9967878460884094,0.07152990251779556],"EasingStyle":"Constant","EasingDirection":"In"},"Head":{"Weight":1,"CFrame":[6.705522537231445e-8,-3.259629011154175e-9,0.016662120819091798,0.9931655526161194,0.10695527493953705,-0.046720605343580249,-0.10758206248283386,0.994134247303009,-0.011106878519058228,0.04525857791304588,0.016057251021265985,0.9988462924957275],"EasingStyle":"Constant","EasingDirection":"In"},"Left Arm":{"Weight":1,"CFrame":[-0.574012279510498,-0.3369339108467102,-0.06975525617599487,-0.9269224405288696,-0.25050318241119387,-0.2793974280357361,0.15699642896652223,-0.9351425766944885,0.31758564710617068,-0.34083274006843569,0.25051265954971316,0.9061326384544373],"EasingStyle":"Constant","EasingDirection":"In"},"Torso":{"Weight":1,"CFrame":[0.010652891360223294,0.01526878122240305,-0.03225278854370117,0.8321327567100525,0.5544256567955017,0.01293620653450489,-0.5545763373374939,0.8319262266159058,0.018543969839811326,-0.00048071640776470304,-0.022605156525969507,0.9997443556785584],"EasingStyle":"Constant","EasingDirection":"In"},"HumanoidRootPart":{"Weight":0,"CFrame":[0,0,0,1,0,0,0,1,0,0,0,1],"EasingStyle":"Linear","EasingDirection":"In"},"Right Leg":{"Weight":1,"CFrame":[0.1480248123407364,0.010364234447479248,0.0276201069355011,0.9750270247459412,0.14814649522304536,-0.16545382142066956,-0.14926795661449433,0.9887803792953491,0.005706070922315121,0.1644427627325058,0.019133377820253373,0.9862011075019836],"EasingStyle":"Constant","EasingDirection":"In"}}},{"Time":0.5333333611488342,"poses":{"Left Leg":{"Weight":1,"CFrame":[-0.21522624790668488,0.014460444450378418,0.002807438373565674,0.9935687780380249,-0.10900124907493592,0.030655236914753915,0.10917078703641892,0.9940152764320374,-0.003907843958586454,-0.030045807361602784,0.007229386828839779,0.9995223879814148],"EasingStyle":"Constant","EasingDirection":"In"},"Right Arm":{"Weight":1,"CFrame":[0.5529083013534546,-0.40423649549484255,-0.6053485870361328,-0.38885608315467837,-0.0799160972237587,0.9178259968757629,0.9205941557884216,0.005247136112302542,0.3904857039451599,-0.03602202981710434,0.9967878460884094,0.07152993977069855],"EasingStyle":"Constant","EasingDirection":"In"},"Head":{"Weight":1,"CFrame":[9.313225746154785e-8,-2.2118911147117616e-8,0.01666194200515747,0.9924541115760803,0.10823750495910645,-0.05761544778943062,-0.10883767157793045,0.9940322637557983,-0.0073747895658016209,0.056473396718502048,0.013589841313660145,0.9983116388320923],"EasingStyle":"Constant","EasingDirection":"In"},"Left Arm":{"Weight":1,"CFrame":[-0.5739730596542358,-0.3368636667728424,-0.06901754438877106,-0.9207348227500916,-0.2524537444114685,-0.2975136935710907,0.14474688470363618,-0.9290721416473389,0.340401828289032,-0.3623476028442383,0.2703554928302765,0.8919710516929627],"EasingStyle":"Constant","EasingDirection":"In"},"Torso":{"Weight":1,"CFrame":[0.004810231737792492,0.011924096383154393,-0.032789476215839389,0.8334333300590515,0.5525892376899719,0.005847808439284563,-0.5526112914085388,0.8333131074905396,0.014496379531919957,0.0031374881509691478,-0.015313326381146908,0.9998779296875],"EasingStyle":"Constant","EasingDirection":"In"},"HumanoidRootPart":{"Weight":0,"CFrame":[0,0,0,1,0,0,0,1,0,0,0,1],"EasingStyle":"Linear","EasingDirection":"In"},"Right Leg":{"Weight":1,"CFrame":[0.1568024754524231,0.014458954334259034,0.029603302478790284,0.9749460816383362,0.14610199630260468,-0.1677330732345581,-0.1467760056257248,0.9891337752342224,0.008440571837127209,0.16714371740818025,0.016390053555369378,0.9857963919639587],"EasingStyle":"Constant","EasingDirection":"In"}}},{"Time":0.7333333492279053,"poses":{"Left Leg":{"Weight":1,"CFrame":[-0.21522624790668488,0.014460444450378418,0.002807438373565674,0.9935687780380249,-0.10900124907493592,0.030655236914753915,0.10917078703641892,0.9940152764320374,-0.003907843958586454,-0.030045807361602784,0.007229386828839779,0.9995223879814148],"EasingStyle":"Constant","EasingDirection":"In"},"Right Arm":{"Weight":1,"CFrame":[0.5529083013534546,-0.40423649549484255,-0.6053485870361328,-0.38885608315467837,-0.0799160972237587,0.9178259968757629,0.9205941557884216,0.005247136112302542,0.3904857039451599,-0.03602202981710434,0.9967878460884094,0.07152993977069855],"EasingStyle":"Constant","EasingDirection":"In"},"Head":{"Weight":1,"CFrame":[9.313225746154785e-8,-2.2118911147117616e-8,0.01666194200515747,0.9924541115760803,0.10823750495910645,-0.05761544778943062,-0.10883767157793045,0.9940322637557983,-0.0073747895658016209,0.056473396718502048,0.013589841313660145,0.9983116388320923],"EasingStyle":"Constant","EasingDirection":"In"},"Left Arm":{"Weight":1,"CFrame":[-0.5739730596542358,-0.3368636667728424,-0.06901754438877106,-0.9207348227500916,-0.2524537444114685,-0.2975136935710907,0.14474688470363618,-0.9290721416473389,0.340401828289032,-0.3623476028442383,0.2703554928302765,0.8919710516929627],"EasingStyle":"Constant","EasingDirection":"In"},"Torso":{"Weight":1,"CFrame":[0.004810231737792492,0.011924096383154393,-0.032789476215839389,0.8334333300590515,0.5525892376899719,0.005847808439284563,-0.5526112914085388,0.8333131074905396,0.014496379531919957,0.0031374881509691478,-0.015313326381146908,0.9998779296875],"EasingStyle":"Constant","EasingDirection":"In"},"HumanoidRootPart":{"Weight":0,"CFrame":[0,0,0,1,0,0,0,1,0,0,0,1],"EasingStyle":"Linear","EasingDirection":"In"},"Right Leg":{"Weight":1,"CFrame":[0.1568024754524231,0.014458954334259034,0.029603302478790284,0.9749460816383362,0.14610199630260468,-0.1677330732345581,-0.1467760056257248,0.9891337752342224,0.008440571837127209,0.16714371740818025,0.016390053555369378,0.9857963919639587],"EasingStyle":"Constant","EasingDirection":"In"}}},{"Time":0.7666666507720947,"poses":{"Left Leg":{"Weight":1,"CFrame":[-0.2609177231788635,0.022542715072631837,0.0042642951011657719,0.9915966391563416,-0.12565220892429353,0.030787378549575807,0.12581640481948853,0.9920476675033569,-0.003447100752964616,-0.030109481886029245,0.007291742600500584,0.9995200037956238],"EasingStyle":"Constant","EasingDirection":"In"},"Right Arm":{"Weight":1,"CFrame":[0.5529084205627441,-0.40423595905303957,-0.6053487062454224,-0.38885605335235598,-0.07991623133420944,0.9178259372711182,0.9205940961837769,0.005247106309980154,0.3904856741428375,-0.036022037267684939,0.9967878460884094,0.07152998447418213],"EasingStyle":"Constant","EasingDirection":"In"},"Head":{"Weight":1,"CFrame":[9.313225746154785e-8,-1.0244548320770264e-8,0.016662627458572389,0.9917984008789063,0.10569125413894654,-0.07187121361494065,-0.10742803663015366,0.9939966797828674,-0.020734401419758798,0.06924831122159958,0.02828531339764595,0.9971984028816223],"EasingStyle":"Constant","EasingDirection":"In"},"Left Arm":{"Weight":1,"CFrame":[-0.5739043951034546,-0.3368386924266815,-0.06870239973068237,-0.9219223260879517,-0.2500841021537781,-0.2958333492279053,0.13979734480381013,-0.9270140528678894,0.34799686074256899,-0.36127012968063357,0.2794693112373352,0.8895959258079529],"EasingStyle":"Constant","EasingDirection":"In"},"Torso":{"Weight":1,"CFrame":[0.002047244692221284,0.0067129977978765968,-0.04434561729431152,0.8333427906036377,0.5527507662773132,0.0025680626276880504,-0.5527511835098267,0.8333044052124023,0.008364786393940449,0.00248366454616189,-0.008390231989324093,0.9999617338180542],"EasingStyle":"Constant","EasingDirection":"In"},"HumanoidRootPart":{"Weight":0,"CFrame":[0,0,0,1,0,0,0,1,0,0,0,1],"EasingStyle":"Linear","EasingDirection":"In"},"Right Leg":{"Weight":1,"CFrame":[0.19814366102218629,0.019670188426971437,0.03659921884536743,0.972721517086029,0.160344660282135,-0.16763772070407868,-0.1615515649318695,0.9868428707122803,0.0065040187910199169,0.16647498309612275,0.02075548656284809,0.9858273267745972],"EasingStyle":"Constant","EasingDirection":"In"}}},{"Time":0.800000011920929,"poses":{"Left Leg":{"Weight":1,"CFrame":[-0.30166906118392947,0.03212529420852661,0.005803853273391724,0.989611804485321,-0.14020814