{"Sequence":[{"Time":0,"poses":{"Left Leg":{"Weight":1,"CFrame":[-0.6946866512298584,-0.6823568344116211,-0.11809250712394715,0.07327540218830109,-0.9384380578994751,-0.33758118748664858,0.9713367223739624,-0.009595967829227448,0.23751433193683625,-0.2261323630809784,-0.3453080654144287,0.9108381271362305],"EasingStyle":"Constant","EasingDirection":"In"},"Right Arm":{"Weight":1,"CFrame":[0.5432854890823364,-0.15859247744083405,0.4939274787902832,0.7607152462005615,-0.5814300179481506,0.28852808475494387,-0.07838135957717896,0.35897427797317507,0.9300496578216553,-0.6443347930908203,-0.7301149964332581,0.22750362753868104],"EasingStyle":"Constant","EasingDirection":"In"},"Head":{"Weight":1,"CFrame":[0.000012423843145370484,0.00001091882586479187,0.00000616908073425293,0.7721633315086365,-0.6274197697639465,0.1005306988954544,0.6329593062400818,0.7734015583992004,-0.0348295122385025,-0.05589815229177475,0.09052632749080658,0.9943253397941589],"EasingStyle":"Constant","EasingDirection":"In"},"Right Leg":{"Weight":1,"CFrame":[0.2305823266506195,-0.11787235736846924,0.14819812774658204,0.9980611801147461,0.015471644699573517,-0.06028655171394348,-0.01191876083612442,0.9981931447982788,0.058853112161159518,0.06108832359313965,-0.05802033469080925,0.996444582939148],"EasingStyle":"Constant","EasingDirection":"In"},"Torso":{"Weight":1,"CFrame":[0.1938203126192093,0.0030683428049087526,0.12256854772567749,0.7576152682304382,0.6495779752731323,-0.06377661228179932,-0.652471661567688,0.7563164234161377,-0.04760502278804779,0.017312105745077134,0.07767873257398606,0.9968282580375671],"EasingStyle":"Constant","EasingDirection":"In"},"HumanoidRootPart":{"Weight":0,"CFrame":[0,0,0,1,0,0,0,1,0,0,0,1],"EasingStyle":"Linear","EasingDirection":"In"},"Left Arm":{"Weight":1,"CFrame":[0.3397999405860901,-0.3066760301589966,0.36865830421447756,0.9084360599517822,-0.2979543209075928,0.2932065725326538,-0.14981958270072938,0.4227464199066162,0.8937780857086182,-0.390257865190506,-0.8558640480041504,0.3393979072570801],"EasingStyle":"Constant","EasingDirection":"In"}}},{"Time":0.03333333507180214,"poses":{"Left Leg":{"Weight":1,"CFrame":[-0.5093644857406616,-0.8139934539794922,-0.15412601828575135,-0.09976520389318466,-0.9391169548034668,-0.32878580689430239,0.9869409203529358,-0.13539549708366395,0.08726249635219574,-0.12646643817424775,-0.31578537821769717,0.9403643608093262],"EasingStyle":"Constant","EasingDirection":"In"},"Right Arm":{"Weight":1,"CFrame":[0.5699341297149658,-0.06397989392280579,0.5382265448570252,0.7600736021995544,-0.5952337980270386,0.2607394754886627,-0.07550421357154846,0.31762930750846865,0.9452050924301148,-0.6454364657402039,-0.7381089925765991,0.19647811353206635],"EasingStyle":"Constant","EasingDirection":"In"},"Head":{"Weight":1,"CFrame":[0.000012315809726715088,0.000014707446098327637,0.000017821788787841798,0.7752283215522766,-0.6212430596351624,0.11434202641248703,0.6316423416137695,0.7604608535766602,-0.15076002478599549,0.00670558912679553,0.18909785151481629,0.9819377660751343],"EasingStyle":"Constant","EasingDirection":"In"},"Right Leg":{"Weight":1,"CFrame":[0.04768563061952591,-0.1527712345123291,0.19244742393493653,0.9917701482772827,0.08597831428050995,-0.09486687183380127,-0.0772021934390068,0.9927064180374146,0.09259727597236633,0.10213613510131836,-0.08451126515865326,0.9911739826202393],"EasingStyle":"Constant","EasingDirection":"In"},"Torso":{"Weight":1,"CFrame":[0.18796464800834657,-0.0037472471594810488,0.21659334003925324,0.7446456551551819,0.6670044660568237,-0.02465043030679226,-0.6659013032913208,0.7449226379394531,0.04081406816840172,0.04558580741286278,-0.01397724263370037,0.9988628029823303],"EasingStyle":"Constant","EasingDirection":"In"},"HumanoidRootPart":{"Weight":0,"CFrame":[0,0,0,1,0,0,0,1,0,0,0,1],"EasingStyle":"Linear","EasingDirection":"In"},"Left Arm":{"Weight":1,"CFrame":[0.395984947681427,-0.23632502555847169,0.3998965620994568,0.8645768165588379,-0.4136527180671692,0.2853100597858429,-0.11683645844459534,0.38673633337020876,0.9147608280181885,-0.48873451352119448,-0.8242071270942688,0.28603091835975649],"EasingStyle":"Constant","EasingDirection":"In"}}},{"Time":0.06666667014360428,"poses":{"Left Leg":{"Weight":1,"CFrame":[-0.5281498432159424,-0.8406385183334351,-0.2851025462150574,-0.14061254262924195,-0.9223979711532593,-0.3597360849380493,0.9898168444633484,-0.12283991277217865,-0.07192319631576538,0.02215186506509781,-0.3661860525608063,0.930277943611145],"EasingStyle":"Constant","EasingDirection":"In"},"Right Arm":{"Weight":1,"CFrame":[0.5645633339881897,0.12434244155883789,0.5404013395309448,0.7826879024505615,-0.5374199151992798,0.31396886706352236,-0.23338070511817933,0.2142300307750702,0.9484901428222656,-0.5770023465156555,-0.8156449794769287,0.042251549661159518],"EasingStyle":"Constant","EasingDirection":"In"},"Head":{"Weight":1,"CFrame":[0.000013522803783416748,0.000016398727893829347,-0.000009119510650634766,0.7891818881034851,-0.6106693148612976,0.06536949425935745,0.6062294840812683,0.757522702217102,-0.24216699600219727,0.09836487472057343,0.23074303567409516,0.9680293798446655],"EasingStyle":"Constant","EasingDirection":"In"},"Right Leg":{"Weight":1,"CFrame":[0.040080875158309939,-0.1800861358642578,0.25798335671424868,0.9542778134346008,0.2295578420162201,-0.19146069884300233,-0.209311842918396,0.9704246520996094,0.12026967108249664,0.2134070098400116,-0.07469569146633148,0.9741036891937256],"EasingStyle":"Constant","EasingDirection":"In"},"Torso":{"Weight":1,"CFrame":[0.22008544206619264,6.631016731262207e-7,0.4279836118221283,0.7550817728042603,0.6555474996566773,0.010434910655021668,-0.6538752913475037,0.7518011331558228,0.08510087430477143,0.04794268682599068,-0.0710812583565712,0.9963176846504211],"EasingStyle":"Constant","EasingDirection":"In"},"HumanoidRootPart":{"Weight":0,"CFrame":[0,0,0,1,0,0,0,1,0,0,0,1],"EasingStyle":"Linear","EasingDirection":"In"},"Left Arm":{"Weight":1,"CFrame":[0.4713557958602905,-0.05747440457344055,0.4803503751754761,0.7516748309135437,-0.5602705478668213,0.3479677736759186,-0.19974839687347413,0.30942413210868838,0.929706871509552,-0.6285591721534729,-0.7683414220809937,0.12067309021949768],"EasingStyle":"Constant","EasingDirection":"In"}}},{"Time":0.13333334028720857,"poses":{"Left Leg":{"Weight":1,"CFrame":[-0.5704753398895264,-0.5866341590881348,-0.2670273780822754,0.026855748146772386,-0.9527357816696167,-0.30261096358299258,0.9994016289710999,0.032191161066293719,-0.01265648752450943,0.021799687296152116,-0.3020899295806885,0.9530300498008728],"EasingStyle":"Constant","EasingDirection":"In"},"Right Arm":{"Weight":1,"CFrame":[0.6031675934791565,0.22757643461227418,0.5667334198951721,0.8010640144348145,-0.5491551160812378,0.23816224932670594,-0.12306191772222519,0.2382851541042328,0.9633641242980957,-0.5857898592948914,-0.8010246753692627,0.12330163270235062],"EasingStyle":"Constant","EasingDirection":"In"},"Head":{"Weight":1,"CFrame":[0.0000017434358596801758,0.0000034123659133911134,-0.000010669231414794922,0.811863899230957,-0.571772575378418,0.11811050027608872,0.5822510123252869,0.7779783606529236,-0.23607780039310456,0.04309501498937607,0.2604336738586426,0.9645290374755859],"EasingStyle":"Constant","EasingDirection":"In"},"Right Leg":{"Weight":1,"CFrame":[-0.006487682461738586,-0.13188695907592774,0.268380343914032,0.9235992431640625,0.20633791387081147,-0.32309240102767947,-0.1967771053314209,0.9784584641456604,0.06237039715051651,0.329003244638443,0.005971964448690414,0.9443098306655884],"EasingStyle":"Constant","EasingDirection":"In"},"Torso":{"Weight":1,"CFrame":[0.07814984768629074,-0.004712741822004318,0.5401219725608826,0.7780625224113464,0.6275396943092346,0.028505176305770875,-0.6273680329322815,0.7739320993423462,0.08624640852212906,0.032061971724033359,-0.08498834073543549,0.9958659410476685],"EasingStyle":"Constant","EasingDirection":"In"},"HumanoidRootPart":{"Weight":0,"CFrame":[0,0,0,1,0,0,0,1,0,0,0,1],"EasingStyle":"Linear","EasingDirection":"In"},"Left Arm":{"Weight":1,"CFrame":[0.47429943084716799,0.0984572172164917,0.507394552230835,0.682226836681366,-0.6469576358795166,0.3406049907207489,-0.24437564611434937,0.23728816211223603,0.9401973485946655,-0.6890922784805298,-0.7246614694595337,0.0037831515073776247],"EasingStyle":"Constant","EasingDirection":"In"}}},{"Time":0.21666666865348817,"poses":{"Left Leg":{"Weight":1,"CFrame":[-0.6212856769561768,-0.5351641178131104,-0.28130921721458437,0.11828173696994782,-0.949209451675415,-0.2915548086166382,0.9908135533332825,0.132202610373497,-0.028447076678276063,0.06554676592350006,-0.2855108082294464,0.9561309814453125],"EasingStyle":"Constant","EasingDirection":"In"},"Right Arm":{"Weight":1,"CFrame":[0.6285293102264404,0.250768780708313,0.5968124270439148,0.779193103313446,-0.6013982892036438,0.17657029628753663,-0.053692400455474856,0.21662795543670655,0.9747762680053711,-0.6244798302650452,-0.7690175771713257,0.1365041434764862],"EasingStyle":"Constant","EasingDirection":"In"},"Head":{"Weight":1,"CFrame":[0.000004902482032775879,0.000011742115020751953,-0.000007957220077514649,0.8122134804725647,-0.5640166997909546,0.14895598590373994,0.5832238793373108,0.7797312140464783,-0.2277454137802124,0.012305798009037972,0.2718539535999298,0.9622600078582764],"EasingStyle":"Constant","EasingDirection":"In"},"Right Leg":{"Weight":1,"CFrame":[0.027849435806274415,-0.011215925216674805,0.2302120327949524,0.9346319437026978,0.17994549870491029,-0.30672889947891238,-0.17300911247730256,0.9836514592170715,0.04989811033010483,0.3106943964958191,0.006430484354496002,0.9504880905151367],"EasingStyle":"Constant","EasingDirection":"In"},"Torso":{"Weight":1,"CFrame":[0.01680084317922592,-0.004709819331765175,0.46336129307746889,0.7958506345748901,0.6033749580383301,0.05059844255447388,-0.6054335236549377,0.7918198108673096,0.0804465115070343,0.008474569767713547,-0.09465740621089935,0.9954738616943359],"EasingStyle":"Constant","EasingDirection":"In"},"HumanoidRootPart":{"Weight":0,"CFrame":[0,0,0,1,0,0,0,1,0,0,0,1],"EasingStyle":"Linear","EasingDirection":"In"},"Left Arm":{"Weight":1,"CFrame":[0.46389102935791018,0.20743748545646668,0.5082131624221802,0.7082391381263733,-0.6607083082199097,0.24872049689292909,-0.15675219893455506,0.196341872215271,0.9679250121116638,-0.6883502006530762,-0.7245095372200012,0.035489484667778018],"EasingStyle":"Constant","EasingDirection":"In"}}},{"Time":0.28333333134651186,"poses":{"Left Leg":{"Weight":1,"CFrame":[-0.6900030374526978,-0.49870145320892336,-0.22703328728675843,0.23477604985237122,-0.9319888353347778,-0.27618297934532168,0.9718232154846191,0.21891751885414124,0.08737723529338837,-0.020973339676856996,-0.28891506791114809,0.9571249485015869],"EasingStyle":"Constant","EasingDirection":"In"},"Right Arm":{"Weight":1,"CFrame":[0.6278853416442871,0.12401121854782105,0.6026884913444519,0.7327991724014282,-0.6767874956130981,0.07043521106243134,0.07218629121780396,0.18025168776512147,0.9809659719467163,-0.6766024827957153,-0.7137640714645386,0.18094328045845033],"EasingStyle":"Constant","EasingDirection":"In"},"Head":{"Weight":1,"CFrame":[-0.0000014677643775939942,0.000002518296241760254,-0.000012695789337158203,0.8147212862968445,-0.5618153810501099,0.1434805542230606,0.579048752784729,0.8012874722480774,-0.15046653151512147,-0.030435219407081605,0.20567139983177186,0.978147029876709],"EasingStyle":"Constant","EasingDirection":"In"},"Right Leg":{"Weight":1,"CFrame":[0.19583013653755189,0.012430667877197266,0.1465274691581726,0.9632589817047119,0.1298208236694336,-0.2351142168045044,-0.12541291117668153,0.9915291666984558,0.03367297723889351,0.23749497532844544,-0.0029494352638721468,0.9713842868804932],"EasingStyle":"Constant","EasingDirection":"In"},"Torso":{"Weight":1,"CFrame":[-0.04563508927822113,-0.004719849675893784,0.4266538619995117,0.7956743836402893,0.6043236255645752,0.041171472519636157,-0.6053847670555115,0.7956650853157044,0.02064625918865204,-0.020281678065657617,-0.0413522832095623,0.9989387392997742],"EasingStyle":"Constant","EasingDirection":"In"},"HumanoidRootPart":{"Weight":0,"CFrame":[0,0,0,1,0,0,0,1,0,0,0,1],"EasingStyle":"Linear","EasingDirection":"In"},"Left Arm":{"Weight":1,"CFrame":[0.4689098596572876,0.14871272444725038,0.5080499649047852,0.7522125840187073,-0.6551868319511414,0.07004228234291077,0.001560421660542488,0.10806941986083985,0.9941416382789612,-0.6589181423187256,-0.7476963996887207,0.08231355994939804],"EasingStyle":"Constant","EasingDirection":"In"}}},{"Time":0.3499999940395355,"poses":{"Left Leg":{"Weight":1,"CFrame":[-0.7399730682373047,-0.5258677005767822,-0.25261059403419497,0.2089020311832428,-0.9412357807159424,-0.26538392901420596,0.9754016995429993,0.2200641632080078,-0.012700283899903298,0.07035570591688156,-0.25620216131210329,0.964059054851532],"EasingStyle":"Constant","EasingDirection":"In"},"Right Arm":{"Weight":1,"CFrame":[0.6339224576950073,-0.018632888793945314,0.6060972213745117,0.6090922355651856,-0.7930785417556763,0.0057339295744895939,0.10562381893396378,0.08828121423721314,0.9904797673225403,-0.786034345626831,-0.6026873588562012,0.13753938674926759],"EasingStyle":"Constant","EasingDirection":"In"},"Head":{"Weight":1,"CFrame":[-0.000003941357135772705,0.000011403113603591919,-0.000010132789611816407,0.7774955034255981,-0.5785712599754334,0.2464720755815506,0.6053399443626404,0.7947524189949036,-0.0439392551779747,-0.17046302556991578,0.18336261808872224,0.9681528210639954],"EasingStyle":"Constant","EasingDirection":"In"},"Right Leg":{"Weight":1,"CFrame":[0.2821377217769623,0.07986068725585938,0.11567875742912293,0.9766466021537781,0.11424198001623154,-0.18196189403533936,-0.09267709404230118,0.9880748987197876,0.12292510271072388,0.1938360035419464,-0.10319028794765473,0.9755915403366089],"EasingStyle":"Constant","EasingDirection":"In"},"Torso":{"Weight":1,"CFrame":[-0.12126809358596802,-0.004718288779258728,0.19380292296409608,0.7616602778434753,0.6479167938232422,-0.008787073194980622,-0.6479555368423462,0.7616745233535767,-0.002323712455108762,0.005187310744076967,0.007463502697646618,0.9999586939811707],"EasingStyle":"Constant","EasingDirection":"In"},"HumanoidRootPart":{"Weight":0,"CFrame":[0,0,0,1,0,0,0,1,0,0,0,1],"EasingStyle":"Linear","EasingDirection":"In"},"Left Arm":{"Weight":1,"CFrame":[0.4667712450027466,-0.06629124283790589,0.5066195726394653,0.8030337691307068,-0.5943801999092102,-0.042987629771232608,0.06967279314994812,0.022000981494784356,0.9973265528678894,-0.5918451547622681,-0.8038802146911621,0.059079527854919437],"EasingStyle":"Constant","EasingDirection":"In"}}},{"Time":0.38333332538604739,"poses":{"Left Leg":{"Weight":1,"CFrame":[-0.5298352241516113,-0.8170149326324463,-0.2839653193950653,-0.14061251282691956,-0.9223979115486145,-0.3597366511821747,0.9898168444633484,-0.12283981591463089,-0.07192331552505493,0.022151920944452287,-0.3661867082118988,0.9302777051925659],"EasingStyle":"Constant","EasingDirection":"In"},"Right Arm":{"Weight":1,"CFrame":[0.5730324983596802,0.24275684356689454,0.5347316861152649,0.7826879024505615,-0.5374202132225037,0.31396886706352236,-0.2333807349205017,0.21423013508319856,0.9484903216362,-0.5770023465156555,-0.8156453967094421,0.04225155711174011],"EasingStyle":"Constant","EasingDirection":"In"},"Head":{"Weight":1,"CFrame":[0.000003039836883544922,0.000006183981895446777,-0.000009685754776000977,0.7979913949966431,-0.5640743970870972,0.2121974527835846,0.5947696566581726,0.7939179539680481,-0.12626612186431886,-0.09724397957324982,0.2269681841135025,0.9690346121788025],"EasingStyle":"Constant","EasingDirection":"In"},"Right Leg":{"Weight":1,"CFrame":[0.03383259475231171,-0.30442118644714358,0.2804622948169708,0.9694801568984985,0.1583729088306427,-0.18715327978134156,-0.12466505914926529,0.975750207901001,0.1799173355102539,0.21110880374908448,-0.15109477937221528,0.9657139778137207],"EasingStyle":"Constant","EasingDirection":"In"},"Torso":{"Weight":1,"CFrame":[-0.13996408879756928,0.0000018700957298278809,0.4279835820198059,0.7550817728042603,0.6555474996566773,0.010434910655021668,-0.6538752913475037,0.7518011331558228,0.08510087430477143,0.04794268682599068,-0.0710812583565712,0.9963176846504211],"EasingStyle":"Constant","EasingDirection":"In"},"HumanoidRootPart":{"Weight":0,"CFrame":[0,0,0,1,0,0,0,1,0,0,0,1],"EasingStyle":"Linear","EasingDirection":"In"},"Left Arm":{"Weight":1,"CFrame":[0.46291619539260867,0.06093299388885498,0.4860665202140808,0.7516748309135437,-0.5602709054946899,0.3479677438735962,-0.1997484266757965,0.3094242811203003,0.9297069311141968,-0.6285591721534729,-0.7683417797088623,0.12067309021949768],"EasingStyle":"Constant","EasingDirection":"In"}}},{"Time":0.44999998807907107,"poses":{"Left Leg":{"Weight":1,"CFrame":[-0.5766428112983704,-0.5143682360649109,-0.26469558477401736,0.026855748146772386,-0.9527357816696167,-0.30261096358299258,0.9994016289710999,0.032191161066293719,-0.01265648752450943,0.021799687296152116,-0.3020899295806885,0.9530300498008728],"EasingStyle":"Constant","EasingDirection":"In"},"Right Arm":{"Weight":1,"CFrame":[0.6031647324562073,0.2275763750076294,0.566730797290802,0.8010640144348145,-0.5491551160812378,0.23816224932670594,-0.12306191772222519,0.2382851541042328,0.9633641242980957,-0.5857898592948914,-0.8010246753692627,0.12330163270235062],"EasingStyle":"Constant","EasingDirection":"In"},"Head":{"Weight":1,"CFrame":[0.000005941838026046753,0.000005558133125305176,-0.000011175870895385743,0.8196645975112915,-0.5625635385513306,0.10802556574344635,0.5699023604393005,0.7817538380622864,-0.2531244456768036,0.05794878676533699,0.26904189586639407,0.9613828659057617],"EasingStyle":"Constant","EasingDirection":"In"},"Right Leg":{"Weight":1,"CFrame":[-0.006488926708698273,-0.13188719749450684,0.2683778703212738,0.9235992431640625,0.20633791387081147,-0.32309240102767947,-0.1967771053314209,0.9784584641456604,0.06237039715051651,0.329003244638443,0.005971964448690414,0.9443098306655884],"EasingStyle":"Constant","EasingDirection":"In"},"Torso":{"Weight":1,"CFrame":[-0.1453552544116974,-0.004713334143161774,0.5401222109794617,0.7780625224113464,0.6275396943092346,0.028505176305770875,-0.6273680329322815,0.7739320993423462,0.08624640852212906,0.032061971724033359,-0.08498834073543549,0.9958659410476685],"EasingStyle":"Constant","EasingDirection":"In"},"HumanoidRootPart":{"Weight":0,"CFrame":[0,0,0,1,0,0,0,1,0,0,0,1],"EasingStyle":"Linear","EasingDirection":"In"},"Left Arm":{"Weight":1,"CFrame":[0.4743015170097351,0.09845945239067078,0.5073959827423096,0.682226836681366,-0.6469576358795166,0.3406049907207489,-0.24437564611434937,0.23728816211223603,0.9401973485946655,-0.6890922784805298,-0.7246614694595337,0.0037831515073776247],"EasingStyle":"Constant","EasingDirection":"In"}}},{"Time":0.5333333611488342,"poses":{"Left Leg":{"Weight":1,"CFrame":[-0.6316986083984375,-0.42563220858573916,-0.28037187457084658,0.11828173696994782,-0.949209451675415,-0.2915548086166382,0.9908135533332825,0.132202610373497,-0.028447076678276063,0.06554676592350006,-0.2855108082294464,0.9561309814453125],"EasingStyle":"Constant","EasingDirection":"In"},"Right Arm":{"Weight":1,"CFrame":[0.6285297870635986,0.25076913833618166,0.5968123078346252,0.779193103313446,-0.6013982892036438,0.17657029628753663,-0.053692400455474856,0.21662795543670655,0.9747762680053711,-0.6244798302650452,-0.7690175771713257,0.1365041434764862],"EasingStyle":"Constant","EasingDirection":"In"},"Head":{"Weight":1,"CFrame":[0.0000014603137969970704,0.000014826655387878418,-0.000008434057235717774,0.8166840672492981,-0.5701448917388916,0.0892019048333168,0.5698162317276001,0.7722672820091248,-0.2809123396873474,0.09127204120159149,0.28024643659591677,0.9555790424346924],"EasingStyle":"Constant","EasingDirection":"In"},"Right Leg":{"Weight":1,"CFrame":[0.027847670018672944,-0.01121532917022705,0.23021146655082704,0.9346319437026978,0.17994549870491029,-0.30672889947891238,-0.17300911247730256,0.9836514592170715,0.04989811033010483,0.3106943964958191,0.006430484354496002,0.9504880905151367],"EasingStyle":"Constant","EasingDirection":"In"},"Torso":{"Weight":1,"CFrame":[-0.15528804063796998,-0.004709795117378235,0.46336129307746889,0.7958506345748901,0.6033749580383301,0.05059844255447388,-0.6054335236549377,0.7918198108673096,0.0804465115070343,0.008474569767713547,-0.09465740621089935,0.9954738616943359],"EasingStyle":"Constant","EasingDirection":"In"},"HumanoidRootPart":{"Weight":0,"CFrame":[0,0,0,1,0,0,0,1,0,0,0,1],"EasingStyle":"Linear","EasingDirection":"In"},"Left Arm":{"Weight":1,"CFrame":[0.4638898968696594,0.20743778347969056,0.5082119107246399,0.7082391381263733,-0.6607083082199097,0.24872049689292909,-0.15675219893455506,0.196341872215271,0.9679250121116638,-0.6883502006530762,-0.7245095372200012,0.035489484667778018],"EasingStyle":"Constant","EasingDirection":"In"}}},{"Time":0.6000000238418579,"poses":{"Left Leg":{"Weight":1,"CFrame":[-0.6924206614494324,-0.4403444528579712,-0.2282198965549469,0.23477604985237122,-0.9319888353347778,-0.27618297934532168,0.9718232154846191,0.21891751885414124,0.08737723529338837,-0.020973339676856996,-0.28891506791114809,0.9571249485015869],"EasingStyle":"Constant","EasingDirection":"In"},"Right Arm":{"Weight":1,"CFrame":[0.6278866529464722,0.12401086091995239,0.6026895642280579,0.7327991724014282,-0.6767874956130981,0.07043521106243134,0.07218629121780396,0.18025168776512147,0.9809659719467163,-0.6766024827957153,-0.7137640714645386,0.18094328045845033],"EasingStyle":"Constant","EasingDirection":"In"},"Head":{"Weight":1,"CFrame":[0.0000029904767870903017,0.000004932284355163574,-0.000013887882232666016,0.807319700717926,-0.589319109916687,0.030524618923664094,0.5787521600723267,0.7806244492530823,-0.23594555258750916,0.11521835625171662,0.20815080404281617,0.9712859392166138],"EasingStyle":"Constant","EasingDirection":"In"},"Right Leg":{"Weight":1,"CFrame":[0.19628334045410157,0.023358404636383058,0.14674925804138184,0.9632589817047119,0.1298208236694336,-0.2351142168045044,-0.12541291117668153,0.9915291666984558,0.03367297723889351,0.23749497532844544,-0.0029494352638721468,0.9713842868804932],"EasingStyle":"Constant","EasingDirection":"In"},"Torso":{"Weight":1,"CFrame":[-0.191055566072464,-0.004719920456409454,0.42665404081344607,0.7956743836402893,0.6043236255645752,0.041171472519636157,-0.6053847670555115,0.7956650853157044,0.02064625918865204,-0.020281678065657617,-0.0413522832095623,0.9989387392997742],"EasingStyle":"Constant","EasingDirection":"In"},"HumanoidRootPart":{"Weight":0,"CFrame":[0,0,0,1,0,0,0,1,0,0,0,1],"EasingStyle":"Linear","EasingDirection":"In"},"Left Arm":{"Weight":1,"CFrame":[0.4689098596572876,0.14871367812156678,0.5080500841140747,0.7522125840187073,-0.6551868319511414,0.07004228234291077,0.001560421660542488,0.10806941986083985,0.9941416382789612,-0.6589181423187256,-0.7476963996887207,0.08231355994939804],"EasingStyle":"Constant","EasingDirection":"In"}}},{"Time":0.6666666865348816,"poses":{"Left Leg":{"Weight":1,"CFrame":[-0.7400593161582947,-0.5370692610740662,-0.2526690363883972,0.2089020311832428,-0.9412357807159424,-0.26538392901420596,0.9754016995429993,0.2200641632080078,-0.012700283899903298,0.07035570591688156,-0.25620216131210329,0.964059054851532],"EasingStyle":"Constant","EasingDirection":"In"},"Right Arm":{"Weight":1,"CFrame":[0.6339273452758789,-0.018632590770721437,0.606097400188446,0.6090922355651856,-0.7930785417556763,0.0057339295744895939,0.10562381893396378,0.08828121423721314,0.9904797673225403,-0.786034345626831,-0.6026873588562012,0.13753938674926759],"EasingStyle":"Constant","EasingDirection":"In"},"Head":{"Weight":1,"CFrame":[1.3224780559539796e-7,0.000013068318367004395,-0.000011742115020751953,0.7775791883468628,-0.6262551546096802,0.05627364665269852,0.6229175329208374,0.7550513744354248,-0.2046206295490265,0.08565405011177063,0.1941639930009842,0.9772218465805054],"EasingStyle":"Constant","EasingDirection":"In"},"Right Leg":{"Weight":1,"CFrame":[0.31844907999038699,0.13617181777954102,0.1585727483034134,0.9766466021537781,0.11424198001623154,-0.18196189403533936,-0.09267709404230118,0.9880748987197876,0.12292510271072388,0.1938360035419464,-0.10319028794765473,0.9755915403366089],"EasingStyle":"Constant","EasingDirection":"In"},"Torso":{"Weight":1,"CFrame":[-0.24459734559059144,-0.004715397953987122,0.2651485204696655,0.7616602778434753,0.6479167938232422,-0.008787073194980622,-0.6479555368423462,0.7616745233535767,-0.002323712455108762,0.005187310744076967,0.007463502697646618,0.9999586939811707],"EasingStyle":"Constant","EasingDirection":"In"},"HumanoidRootPart":{"Weight":0,"CFrame":[0,0,0,1,0,0,0,1,0,0,0,1],"EasingStyle":"Linear","EasingDirection":"In"},"Left Arm":{"Weight":1,"CFrame":[0.466769814491272,-0.06629064679145813,0.5066206455230713,0.8030337691307068,-0.5943801999092102,-0.042987629771232608,0.06967279314994812,0.022000981494784356,0.9973265528678894,-0.5918451547622681,-0.8038802146911621,0.059079527854919437],"EasingStyle":"Constant","EasingDirection":"In"}}},{"Time":0.699999988079071,"poses":{"Left Leg":{"Weight":1,"CFrame":[-0.5385282635688782,-0.6951136589050293,-0.27810510993003847,-0.14061251282691956,-0.9223979115486145,-0.3597366511821747,0.9898168444633484,-0.12283981591463089,-0.07192331552505493,0.022151920944452287,-0.3661867082118988,0.9302777051925659],"EasingStyle":"Constant","EasingDirection":"In"},"Right Arm":{"Weight":1,"CFrame":[0.5730299353599548,0.2427576184272766,0.5347314476966858,0.7826879024505615,-0.5374202132225037,0.31396886706352236,-0.2333807349205017,0.21423013508319856,0.9484903216362,-0.5770023465156555,-0.8156453967094421,0.04225155711174011],"EasingStyle":"Constant","EasingDirection":"In"},"Head":{"Weight":1,"CFrame":[0.0000072605907917022709,0.000004895031452178955,-0.000011742115020751953,0.7992454171180725,-0.5931161642074585,0.09704098105430603,0.5982453227043152,0.769694447517395,-0.22287413477897645,0.057498134672641757,0.23618575930595399,0.9700047373771668],"EasingStyle":"Constant","EasingDirection":"In"},"Right Leg":{"Weight":1,"CFrame":[0.035728707909584048,-0.2778126001358032,0.27918270230293276,0.9694801568984985,0.1583729088306427,-0.18715327978134156,-0.12466505914926529,0.975750207901001,0.1799173355102539,0.21110880374908448,-0.15109477937221528,0.9657139778137207],"EasingStyle":"Constant","EasingDirection":"In"},"Torso":{"Weight":1,"CFrame":[-0.2533436715602875,-0.0000012516975402832032,0.4012763202190399,0.7550817728042603,0.6555474996566773,0.010434910655021668,-0.6538752913475037,0.7518011331558228,0.08510087430477143,0.04794268682599068,-0.0710812583565712,0.9963176846504211],"EasingStyle":"Constant","EasingDirection":"In"},"HumanoidRootPart":{"Weight":0,"CFrame":[0,0,0,1,0,0,0,1,0,0,0,1],"EasingStyle":"Linear","EasingDirection":"In"},"Left Arm":{"Weight":1,"CFrame":[0.46291840076446535,0.06093114614486694,0.4860667586326599,0.7516748309135437,-0.5602709054946899,0.3479677438735962,-0.1997484266757965,0.3094242811203003,0.9297069311141968,-0.6285591721534729,-0.7683417797088623,0.12067309021949768],"EasingStyle":"Constant","EasingDirection":"In"}}},{"Time":0.7666666507720947,"poses":{"Left Leg":{"Weight":1,"CFrame":[-0.5746456980705261,-0.5377590656280518,-0.2654549777507782,0.026855748146772386,-0.9527357816696167,-0.30261096358299258,0.9994016289710999,0.032191161066293719,-0.01265648752450943,0.021799687296152116,-0.3020899295806885,0.9530300498008728],"EasingStyle":"Constant","EasingDirection":"In"},"Right Arm":{"Weight":1,"CFrame":[0.6031668782234192,0.22757667303085328,0.5667315125465393,0.8010640144348145,-0.5491551160812378,0.23816224932670594,-0.12306191772222519,0.2382851541042328,0.9633641242980957,-0.5857898592948914,-0.8010246753692627,0.12330163270235062],"EasingStyle":"Constant","EasingDirection":"In"},"Head":{"Weight":1,"CFrame":[0.000004634261131286621,0.000003986060619354248,-0.0000133514404296875,0.8187763094902039,-0.5529195070266724,0.15453839302062989,0.5741003751754761,0.7900696396827698,-0.21493802964687348,-0.0032530403696000578,0.2647075057029724,0.9643225073814392],"EasingStyle":"Constant","EasingDirection":"In"},"Right Leg":{"Weight":1,"CFrame":[0.0012328475713729859,-0.04144597053527832,0.26547056436538699,0.9235992431640625,0.20633791387081147,-0.32309240102767947,-0.1967771053314209,0.9784584641456604,0.06237039715051651,0.329003244638443,0.005971964448690414,0.9443098306655884],"EasingStyle":"Constant","EasingDirection":"In"},"Torso":{"Weight":1,"CFrame":[-0.24109041690826417,-0.004712685942649841,0.4493033289909363,0.7780625224113464,0.6275396943092346,0.028505176305770875,-0.6273680329322815,0.7739320993423462,0.08624640852212906,0.032061971724033359,-0.08498834073543549,0.9958659410476685],"EasingStyle":"Constant","EasingDirection":"In"},"HumanoidRootPart":{"Weight":0,"CFrame":[0,0,0,1,0,0,0,1,0,0,0,1],"EasingStyle":"Linear","EasingDirection":"In"},"Left Arm":{"Weight":1,"CFrame":[0.47429949045181277,0.09845921397209168,0.5073952674865723,0.682226836681366,-0.6469576358795166,0.3406049907207489,-0.24437564611434937,0.23728816211223603,0.9401973485946655,-0.6890922784805298,-0.7246614694595337,0.0037831515073776247],"EasingStyle":"Constant","EasingDirection":"In"}}},{"Time":0.8500000238418579,"poses":{"Left Leg":{"Weight":1,"CFrame":[-0.6194084882736206,-0.554876446723938,-0.2814730107784271,0.11828173696994782,-0.949209451675415,-0.2915548086166382,0.9908135533332825,0.132202610373497,-0.028447076678276063,0.06554676592350006,-0.2855108082294464,0.9561309814453125],"EasingStyle":"Constant","EasingDirection":"In"},"Right Arm":{"Weight":1,"CFrame":[0.6285303831100464,0.2507690191268921,0.5968140959739685,0.779193103313446,-0.6013982892036438,0.17657029628753663,-0.053692400455474856,0.21662795543670655,0.9747762680053711,-0.6244798302650452,-0.7690175771713257,0.1365041434764862],"EasingStyle":"Constant","EasingDirection":"In"},"Head":{"Weight":1,"CFrame":[0.0000016242265701293946,0.000012896955013275147,-0.000007897615432739258,0.8120037317276001,-0.5399551391601563,0.22156667709350587,0.5780864953994751,0.7963370680809021,-0.1779385805130005,-0.08036359399557114,0.27257272601127627,0.9587733149528503],"EasingStyle":"Constant","EasingDirection":"In"},"Right Leg":{"Weight":1,"CFrame":[0.027847088873386384,-0.0112152099609375,0.23021328449249268,0.9346319437026978,0.17994549870491029,-0.30672889947891238,-0.17300911247730256,0.9836514592170715,0.04989811033010483,0.3106943964958191,0.006430484354496002,0.9504880905151367],"EasingStyle":"Constant","EasingDirection":"In"},"Torso":{"Weight":1,"CFrame":[-0.23123431205749513,-0.004709750413894653,0.46336111426353457,0.7958506345748901,0.6033749580383301,0.05059844255447388,-0.6054335236549377,0.7918198108673096,0.0804465115070343,0.008474569767713547,-0.09465740621089935,0.9954738616943359],"EasingStyle":"Constant","EasingDirection":"In"},"HumanoidRootPart":{"Weight":0,"CFrame":[0,0,0,1,0,0,0,1,0,0,0,1],"EasingStyle":"Linear","EasingDirection":"In"},"Left Arm":{"Weight":1,"CFrame":[0.4638913869857788,0.20743843913078309,0.5082132816314697,0.7082391381263733,-0.6607083082199097,0.24872049689292909,-0.15675219893455506,0.196341872215271,0.9679250121116638,-0.6883502006530762,-0.7245095372200012,0.035489484667778018],"EasingStyle":"Constant","EasingDirection":"In"}}},{"Time":0.9166666865348816,"poses":{"Left Leg":{"Weight":1,"CFrame":[-0.6898515820503235,-0.5023300051689148,-0.22695720195770265,0.23477604985237122,-0.9319888353347778,-0.27618297934532168,0.9718232154846191,0.21891751885414124,0.08737723529338837,-0.020973339676856996,-0.28891506791114809,0.9571249485015869],"EasingStyle":"Constant","EasingDirection":"In"},"Right Arm":{"Weight":1,"CFrame":[0.6278866529464722,0.12401086091995239,0.6026895642280579,0.7327991724014282,-0.6767874956130981,0.07043521106243134,0.07218629121780396,0.18025168776512147,0.9809659719467163,-0.6766024827957153,-0.7137640714645386,0.18094328045845033],"EasingStyle":"Constant","EasingDirection":"In"},"Head":{"Weight":1,"CFrame":[0.0000027418136596679689,0.000003889203071594238,-0.000017523765563964845,0.8021242618560791,-0.5405738353729248,0.25371336936950686,0.5714770555496216,0.8181527853012085,-0.06355501711368561,-0.17322061955928803,0.19597099721431733,0.9651882648468018],"EasingStyle":"Constant","EasingDirection":"In"},"Right Leg":{"Weight":1,"CFrame":[0.19628523290157319,0.023358464241027833,0.14674967527389527,0.9632589817047119,0.1298208236694336,-0.2351142168045044,-0.12541291117668153,0.9915291666984558,0.03367297723889351,0.23749497532844544,-0.0029494352638721468,0.9713842868804932],"EasingStyle":"Constant","EasingDirection":"In"},"Torso":{"Weight":1,"CFrame":[-0.25191378593444826,-0.004719212651252747,0.4266537129878998,0.7956743836402893,0.6043236255645752,0.041171472519636157,-0.6053847670555115,0.7956650853157044,0.02064625918865204,-0.020281678065657617,-0.0413522832095623,0.9989387392997742],"EasingStyle":"Constant","EasingDirection":"In"},"HumanoidRootPart":{"Weight":0,"CFrame":[0,0,0,1,0,0,0,1,0,0,0,1],"EasingStyle":"Linear","EasingDirection":"In"},"Left Arm":{"Weight":1,"CFrame":[0.46890920400619509,0.148713618516922,0.5080508589744568,0.7522125840187073,-0.6551868319511414,0.07004228234291077,0.001560421660542488,0.10806941986083985,0.9941416382789612,-0.6589181423187256,-0.7476963996887207,0.08231355994939804],"EasingStyle":"Constant","EasingDirection":"In"}}},{"Time":0.9833333492279053,"poses":{"Left Leg":{"Weight":1,"CFrame":[-0.7400854229927063,-0.5409272313117981,-0.2526856064796448,0.2089020311832428,-0.9412357807159424,-0.26538392901420596,0.9754016995429993,0.2200641632080078,-0.012700283899903298,0.07035570591688156,-0.25620216131210329,0.964059054851532],"EasingStyle":"Constant","EasingDirection":"In"},"Right Arm":{"Weight":1,"CFrame":[0.6339268684387207,-0.01863253116607666,0.6060980558395386,0.6090922355651856,-0.7930785417556763,0.0057339295744895939,0.10562381893396378,0.08828121423721314,0.9904797673225403,-0.786034345626831,-0.6026873588562012,0.13753938674926759],"EasingStyle":"Constant","EasingDirection":"In"},"Head":{"Weight":1,"CFrame":[0.0000018328428268432618,0.000014433637261390686,-0.000010699033737182618,0.7787773609161377,-0.5810682773590088,0.23634251952171327,0.6073533892631531,0.7927016615867615,-0.05238604545593262,-0.1569099724292755,0.1843411922454834,0.9702561497688294],"EasingStyle":"Constant","EasingDirection":"In"},"Right Leg":{"Weight":1,"CFrame":[0.31844714283943179,0.1361716389656067,0.1585724651813507,0.9766466021537781,0.11424198001623154,-0.18196189403533936,-0.09267709404230118,0.9880748987197876,0.12292510271072388,0.1938360035419464,-0.10319028794765473,0.9755915403366089],"EasingStyle":"Constant","EasingDirection":"In"},"Torso":{"Weight":1,"CFrame":[-0.2906877398490906,-0.0047161877155303959,0.2651485800743103,0.7616602778434753,0.6479167938232422,-0.008787073194980622,-0.6479555368423462,0.7616745233535767,-0.002323712455108762,0.005187310744076967,0.007463502697646618,0.9999586939811707],"EasingStyle":"Constant","EasingDirection":"In"},"HumanoidRootPart":{"Weight":0,"CFrame":[0,0,0,1,0,0,0,1,0,0,0,1],"EasingStyle":"Linear","EasingDirection":"In"},"Left Arm":{"Weight":1,"CFrame":[0.46676820516586306,-0.06629073619842529,0.5066171288490295,0.8030337691307068,-0.5943801999092102,-0.042987629771232608,0.06967279314994812,0.022000981494784356,0.9973265528678894,-0.5918451547622681,-0.8038802146911621,0.059079527854919437],"EasingStyle":"Constant","EasingDirection":"In"}}},{"Time":1.0333333015441895,"poses":{"Left Leg":{"Weight":1,"CFrame":[-0.7965223789215088,-0.28367847204208376,-0.113680899143219,0.47658371925354006,-0.8761272430419922,-0.07258668541908264,0.8694896697998047,0.4575554132461548,0.18609364330768586,-0.1298292875289917,-0.1518024206161499,0.9798469543457031],"EasingStyle":"Constant","EasingDirection":"In"},"Right Arm":{"Weight":1,"CFrame":[0.5863882899284363,0.04925552010536194,0.5585494637489319,0.3180546462535858,-0.905825138092041,0.27985629439353945,-0.029843144118785859,0.2854728400707245,0.9579219222068787,-0.9476000070571899,-0.3130224645137787,0.0637635588645935],"EasingStyle":"Constant","EasingDirection":"In"},"Head":{"Weight":1,"CFrame":[-0.0000075213611125946049,0.000011149793863296509,-0.000005751848220825195,0.7073404788970947,-0.6974107027053833,0.11522947251796723,0.6976562142372131,0.7150191068649292,0.0449429526925087,-0.11373631656169892,0.04860115796327591,0.9923216700553894],"EasingStyle":"Constant","EasingDirection":"In"},"Right Leg":{"Weight":1,"CFrame":[0.508370578289032,0.17063844203948975,0.10121670365333557,0.9955849647521973,-0.07631884515285492,-0.054640769958496097,0.07989663630723953,0.9945725798606873,0.06659206002950669,0.049262166023254397,-0.07066340744495392,0.9962828159332275],"EasingStyle":"Constant","EasingDirection":"In"},"Torso":{"Weight":1,"CFrame":[-0.33099299669265749,-0.0005371421575546265,0.09754335880279541,0.7079911231994629,0.6981558203697205,-0.10642679780721665,-0.7062187790870667,0.699528157711029,-0.10915616154670716,-0.0017594888340681792,0.15244220197200776,0.9883108735084534],"EasingStyle":"Constant","EasingDirection":"In"},"HumanoidRootPart":{"Weight":0,"CFrame":[0,0,0,1,0,0,0,1,0,0,0,1],"EasingStyle":"Linear","EasingDirection":"In"},"Left Arm":{"Weight":1,"CFrame":[0.4266292452812195,-0.0687887966632843,0.4769936203956604,0.8847892880439758,-0.46391385793685915,-0.04395415261387825,0.1976335346698761,0.2881579101085663,0.9369664192199707,-0.42200595140457156,-0.8377045392990112,0.34664392471313479],"EasingStyle":"Constant","EasingDirection":"In"}}},{"Time":1.0666667222976685,"poses":{"Left Leg":{"Weight":1,"CFrame":[-0.8961466550827026,-0.07312822341918946,0.009560614824295044,0.7678589224815369,-0.640478789806366,0.013399362564086914,0.6290469169616699,0.7577813267707825,0.17340067028999329,-0.12121318280696869,-0.12471839785575867,0.9847598075866699],"EasingStyle":"Constant","EasingDirection":"In"},"Right Arm":{"Weight":1,"CFrame":[0.5790798664093018,-0.26354947686195376,0.18761253356933595,0.12151631712913513,-0.664297878742218,0.7375227212905884,-0.09095403552055359,0.7324516177177429,0.6747168898582459,-0.988409698009491,-0.14906924962997437,0.02858436107635498],"EasingStyle":"Constant","EasingDirection":"In"},"Head":{"Weight":1,"CFrame":[-0.0000030249357223510744,0.00001171603798866272,-0.0000019073486328125,0.8705651760101318,-0.4879028797149658,-0.06374330073595047,0.4862821102142334,0.8728889226913452,-0.03992432355880737,0.0751199722290039,0.0037596523761749269,0.997168242931366],"EasingStyle":"Constant","EasingDirection":"In"},"Right Leg":{"Weight":1,"CFrame":[0.4614206552505493,0.19803136587142945,0.09125876426696778,0.9772641658782959,0.03227335214614868,-0.20955416560173036,-0.004395157098770142,0.9912147521972656,0.13215938210487367,0.21197929978370667,-0.1282331347465515,0.9688242673873901],"EasingStyle":"Constant","EasingDirection":"In"},"Torso":{"Weight":1,"CFrame":[-0.29201632738113406,0.006855763494968414,0.006169039756059647,0.9051108360290527,0.4183836579322815,-0.07568980753421784,-0.4250377416610718,0.8858440518379211,-0.18607255816459657,-0.010800367221236229,0.20058734714984895,0.9796164035797119],"EasingStyle":"Constant","EasingDirection":"In"},"HumanoidRootPart":{"Weight":0,"CFrame":[0,0,0,1,0,0,0,1,0,0,0,1],"EasingStyle":"Linear","EasingDirection":"In"},"Left Arm":{"Weight":1,"CFrame":[-0.3031769394874573,-0.0746651366353035,0.38951265811920168,0.7899532914161682,0.5073062181472778,-0.34440353512763979,-0.14639464020729066,0.7014778852462769,0.6974937915802002,0.5954341292381287,-0.500568151473999,0.6284012794494629],"EasingStyle":"Constant","EasingDirection":"In"}}},{"Time":1.100000023841858,"poses":{"Left Leg":{"Weight":1,"CFrame":[-0.7428460121154785,0.18554627895355225,-0.06093674898147583,0.9630141258239746,-0.25549986958503725,0.08557616174221039,0.24447347223758698,0.9620480537414551,0.12121152877807617,-0.11329816281795502,-0.09580712765455246,0.9889306426048279],"EasingStyle":"Cons