{"Sequence":[{"Time":0,"poses":{"Left Leg":{"Weight":1,"CFrame":[-0.6253483295440674,0.19730770587921143,-0.09821277856826782,0.9365037083625794,-0.33543533086776736,-0.10219553858041763,0.3505488932132721,0.9028289318084717,0.249028742313385,0.008732044138014317,-0.26904091238975527,0.9630891680717468],"EasingStyle":"Linear","EasingDirection":"In"},"Right Arm":{"Weight":1,"CFrame":[-1.328307064341061e-7,-0.8817193508148193,0.28672146797180178,0.45659521222114565,-0.5588210821151733,-0.6922715306282044,0.42365893721580508,-0.5476586818695068,0.7215143442153931,-0.7823259830474854,-0.6227270364761353,-0.013308687135577202],"EasingStyle":"Linear","EasingDirection":"In"},"Left Arm":{"Weight":1,"CFrame":[1.2950995653682185e-7,-0.8377923965454102,0.06981110572814942,0.4940527677536011,0.3869571387767792,0.7785729765892029,-0.6426145434379578,-0.44065946340560915,0.6267901659011841,0.585626482963562,-0.8099897503852844,0.030955351889133455],"EasingStyle":"Linear","EasingDirection":"In"},"Head":{"Weight":1,"CFrame":[7.450580596923828e-8,0,2.384185791015625e-7,0.9971510171890259,0.05220881104469299,-0.05444372445344925,-0.0627438873052597,0.9747134447097778,-0.21446900069713593,0.04186985269188881,0.217274010181427,0.9752122759819031],"EasingStyle":"Linear","EasingDirection":"In"},"Torso":{"Weight":1,"CFrame":[0.3365807831287384,0,-0.1959066390991211,0.9985567927360535,0,0.053706105798482898,0,1,0,-0.053706105798482898,0,0.9985567927360535],"EasingStyle":"Linear","EasingDirection":"In"},"HumanoidRootPart":{"Weight":0,"CFrame":[0,0,0,1,0,0,0,1,0,0,0,1],"EasingStyle":"Linear","EasingDirection":"In"},"Right Leg":{"Weight":1,"CFrame":[0.5379183888435364,0.36677438020706179,-0.16296058893203736,0.8771573901176453,-0.47360187768936159,0.07934901863336563,0.2717556059360504,0.6258097887039185,0.731102466583252,-0.3959088623523712,-0.6197284460067749,0.6776376962661743],"EasingStyle":"Linear","EasingDirection":"In"}}},{"Time":0.03333333507180214,"poses":{"Left Leg":{"Weight":1,"CFrame":[-0.3429870009422302,0.13104265928268434,-0.04424774646759033,0.9704040288925171,-0.22796380519866944,-0.07967816293239594,0.24105606973171235,0.9341327548027039,0.2632259726524353,0.014423971995711327,-0.2746424376964569,0.9614382386207581],"EasingStyle":"Linear","EasingDirection":"In"},"Right Arm":{"Weight":1,"CFrame":[0.0027273986488580705,-0.9004267454147339,0.30131399631500246,0.4367707669734955,-0.5751836895942688,-0.69166100025177,0.405863881111145,-0.5601743459701538,0.7221351265907288,-0.8028111457824707,-0.5961278676986694,-0.011221394874155522],"EasingStyle":"Linear","EasingDirection":"In"},"Left Arm":{"Weight":1,"CFrame":[0.012041846290230751,-0.8404332995414734,0.07679593563079834,0.4977627098560333,0.38078513741493227,0.7792527675628662,-0.610554039478302,-0.4842852056026459,0.6266511678695679,0.6159999966621399,-0.7876995205879211,-0.008569125086069107],"EasingStyle":"Linear","EasingDirection":"In"},"Head":{"Weight":1,"CFrame":[9.12696123123169e-8,-1.3969838619232178e-8,1.1920928955078126e-7,0.9984478950500488,0.02290358580648899,-0.05076580122113228,-0.033587247133255008,0.9747357964515686,-0.22082118690013886,0.04442565515637398,0.22218352556228639,0.9739922285079956],"EasingStyle":"Linear","EasingDirection":"In"},"Torso":{"Weight":1,"CFrame":[0.3441770672798157,0.02533070743083954,-0.04530620574951172,0.9963770508766174,0.03121958114206791,0.07910852879285813,-0.033813413232564929,0.9989264607429504,0.03166339173913002,-0.07803508639335633,-0.03422360494732857,0.9963630437850952],"EasingStyle":"Linear","EasingDirection":"In"},"HumanoidRootPart":{"Weight":0,"CFrame":[0,0,0,1,0,0,0,1,0,0,0,1],"EasingStyle":"Linear","EasingDirection":"In"},"Right Leg":{"Weight":1,"CFrame":[0.8744475245475769,0.41196364164352419,-0.2557203769683838,0.9829103946685791,-0.13056544959545136,0.12976835668087007,0.017765991389751436,0.7689293622970581,0.6390867233276367,-0.18322528898715974,-0.6258596181869507,0.758108377456665],"EasingStyle":"Linear","EasingDirection":"In"}}},{"Time":0.06666667014360428,"poses":{"Left Leg":{"Weight":1,"CFrame":[-0.4015462100505829,0.12215691804885864,-0.03373056650161743,0.94650799036026,-0.31936565041542055,-0.04613238945603371,0.32000938057899477,0.910674512386322,0.2612774968147278,-0.041431497782468799,-0.26206400990486147,0.964160680770874],"EasingStyle":"Linear","EasingDirection":"In"},"Right Arm":{"Weight":1,"CFrame":[0.003451041877269745,-0.9259844422340393,0.31027376651763918,0.3916458487510681,-0.5785625576972961,-0.715457022190094,0.3954308331012726,-0.5962681174278259,0.6986405849456787,-0.830811619758606,-0.5565335750579834,-0.004744421690702438],"EasingStyle":"Linear","EasingDirection":"In"},"Left Arm":{"Weight":1,"CFrame":[0.020850667729973794,-0.8446111679077148,0.0960683822631836,0.46693041920661929,0.37078648805618288,0.8028033375740051,-0.5885525345802307,-0.5472574830055237,0.595075786113739,0.6599862575531006,-0.7503510117530823,-0.037303827702999118],"EasingStyle":"Linear","EasingDirection":"In"},"Head":{"Weight":1,"CFrame":[6.612390279769898e-8,-2.2351741790771486e-8,-5.960464477539063e-8,0.9989502429962158,-0.005010718945413828,-0.04553419351577759,-0.00584812555462122,0.971916913986206,-0.2352515459060669,0.04543423280119896,0.23527085781097413,0.9708673357963562],"EasingStyle":"Linear","EasingDirection":"In"},"Torso":{"Weight":1,"CFrame":[0.33224815130233767,0.048784732818603519,0.02063584327697754,0.9929262399673462,0.05887749418616295,0.10310617834329605,-0.06539174169301987,0.9959946274757385,0.06098092719912529,-0.09910279512405396,-0.06729185581207276,0.9927992820739746],"EasingStyle":"Linear","EasingDirection":"In"},"HumanoidRootPart":{"Weight":0,"CFrame":[0,0,0,1,0,0,0,1,0,0,0,1],"EasingStyle":"Linear","EasingDirection":"In"},"Right Leg":{"Weight":1,"CFrame":[1.304258108139038,0.2820191979408264,-0.16687530279159547,0.8017184734344482,0.5910560488700867,0.08888288587331772,-0.562624454498291,0.6960829496383667,0.44600704312324526,0.20174533128738404,-0.40757980942726138,0.8906051516532898],"EasingStyle":"Linear","EasingDirection":"In"}}},{"Time":0.10000000149011612,"poses":{"Left Leg":{"Weight":1,"CFrame":[-0.5490479469299316,0.10626351833343506,-0.006503105163574219,0.8928131461143494,-0.45034292340278628,0.008715735748410225,0.43900933861732485,0.8743475079536438,0.20685042440891267,-0.10077423602342606,-0.1808525025844574,0.9783337712287903],"EasingStyle":"Linear","EasingDirection":"In"},"Right Arm":{"Weight":1,"CFrame":[0.003506682813167572,-0.9520693421363831,0.31784045696258547,0.3353597819805145,-0.5699473023414612,-0.7501293420791626,0.3822236955165863,-0.6454461812973023,0.6612896919250488,-0.8610684275627136,-0.5084872245788574,0.0013907174579799176],"EasingStyle":"Linear","EasingDirection":"In"},"Left Arm":{"Weight":1,"CFrame":[0.027340363711118699,-0.8500752449035645,0.1251068115234375,0.42057469487190249,0.3554084300994873,0.8347465395927429,-0.5626062750816345,-0.6196405291557312,0.5472840070724487,0.7117521166801453,-0.6998074650764465,-0.060650136321783069],"EasingStyle":"Linear","EasingDirection":"In"},"Head":{"Weight":1,"CFrame":[5.3085386753082278e-8,3.725290298461914e-9,-3.5762786865234377e-7,0.9988146424293518,-0.030295975506305696,-0.038097526878118518,0.01966492272913456,0.9671299457550049,-0.2535211443901062,0.044525936245918277,0.2524714469909668,0.9665793180465698],"EasingStyle":"Linear","EasingDirection":"In"},"Torso":{"Weight":1,"CFrame":[0.30781692266464236,0.06561249494552612,0.027605533599853517,0.98907470703125,0.0838303416967392,0.12125888466835022,-0.09414801746606827,0.9921741485595703,0.08201561868190766,-0.11343453824520111,-0.09253586083650589,0.9892268180847168],"EasingStyle":"Linear","EasingDirection":"In"},"HumanoidRootPart":{"Weight":0,"CFrame":[0,0,0,1,0,0,0,1,0,0,0,1],"EasingStyle":"Linear","EasingDirection":"In"},"Right Leg":{"Weight":1,"CFrame":[1.063678503036499,-0.2535597085952759,0.08081650733947754,0.3436768054962158,0.9390810132026672,-0.003629509126767516,-0.911075234413147,0.33435943722724917,0.24113409221172334,0.22765806317329408,-0.07956547290086746,0.9704850316047669],"EasingStyle":"Linear","EasingDirection":"In"}}},{"Time":0.13333334028720857,"poses":{"Left Leg":{"Weight":1,"CFrame":[-0.3994060158729553,0.05062437057495117,0.027085304260253907,0.9156457781791687,-0.3958795964717865,0.06980086863040924,0.38500159978866579,0.9135767817497253,0.13096246123313905,-0.11561386287212372,-0.0930417850613594,0.9889270067214966],"EasingStyle":"Linear","EasingDirection":"In"},"Right Arm":{"Weight":1,"CFrame":[0.004230327904224396,-0.9723568558692932,0.3282531499862671,0.28245875239372256,-0.5525658130645752,-0.7841479778289795,0.3582076132297516,-0.6975499987602234,0.6205732822418213,-0.8898900747299194,-0.4561742842197418,0.0009041800512932241],"EasingStyle":"Linear","EasingDirection":"In"},"Left Arm":{"Weight":1,"CFrame":[0.0324246808886528,-0.8565734028816223,0.16138887405395509,0.3787347078323364,0.3370142877101898,0.8619636297225952,-0.5222353935241699,-0.691088080406189,0.49966755509376528,0.7640878558158875,-0.6393892765045166,-0.08573814481496811],"EasingStyle":"Linear","EasingDirection":"In"},"Head":{"Weight":1,"CFrame":[8.009374141693115e-8,-1.1175870895385743e-8,2.384185791015625e-7,0.9982648491859436,-0.05174751579761505,-0.028096849098801614,0.0422036238014698,0.9615311622619629,-0.2714345455169678,0.041062064468860629,0.2697778046131134,0.9620466828346252],"EasingStyle":"Linear","EasingDirection":"In"},"Torso":{"Weight":1,"CFrame":[0.27780085802078249,0.07134547829627991,0.02136373519897461,0.9858182668685913,0.10734377056360245,0.1289946734905243,-0.11934225261211395,0.9888397455215454,0.08918187022209168,-0.1179819405078888,-0.10331163555383682,0.9876269102096558],"EasingStyle":"Linear","EasingDirection":"In"},"HumanoidRootPart":{"Weight":0,"CFrame":[0,0,0,1,0,0,0,1,0,0,0,1],"EasingStyle":"Linear","EasingDirection":"In"},"Right Leg":{"Weight":1,"CFrame":[0.7057657837867737,-0.42366111278533938,0.0821300745010376,0.20169416069984437,0.9745622277259827,-0.0977134257555008,-0.9738877415657044,0.21016433835029603,0.08587001264095307,0.1042216420173645,0.07784238457679749,0.991503119468689],"EasingStyle":"Linear","EasingDirection":"In"}}},{"Time":0.1666666716337204,"poses":{"Left Leg":{"Weight":1,"CFrame":[-0.2534773051738739,0.029720425605773927,0.030422329902648927,0.9478774666786194,-0.299132376909256,0.1097637489438057,0.2909815311431885,0.9530026316642761,0.08435540646314621,-0.12983860075473786,-0.04801939055323601,0.9903717041015625],"EasingStyle":"Linear","EasingDirection":"In"},"Right Arm":{"Weight":1,"CFrame":[0.0069578588008880619,-0.9805253744125366,0.3457512855529785,0.24776262044906617,-0.5329854488372803,-0.8090365529060364,0.31807953119277956,-0.7440328598022461,0.5875716805458069,-0.9151169657707214,-0.4029163718223572,-0.014811796136200428],"EasingStyle":"Linear","EasingDirection":"In"},"Left Arm":{"Weight":1,"CFrame":[0.03701738268136978,-0.8638567924499512,0.20239222049713136,0.36320823431015017,0.3237798511981964,0.873639702796936,-0.4621486961841583,-0.7515847682952881,0.47067946195602419,0.8090107440948486,-0.5747060179710388,-0.12334723770618439],"EasingStyle":"Linear","EasingDirection":"In"},"Head":{"Weight":1,"CFrame":[5.4016709327697757e-8,-1.1175870895385743e-8,1.1920928955078126e-7,0.9975494742393494,-0.06824827194213867,-0.015403024852275849,0.06104828044772148,0.9566106200218201,-0.2849021852016449,0.03417877480387688,0.2832637131214142,0.9584328532218933],"EasingStyle":"Linear","EasingDirection":"In"},"Torso":{"Weight":1,"CFrame":[0.24401529133319856,0.05057789385318756,-0.010421514511108399,0.9845538139343262,0.13169999420642854,0.1153639405965805,-0.1395941972732544,0.9881884455680847,0.06322239339351654,-0.10567492246627808,-0.07834998518228531,0.9913092851638794],"EasingStyle":"Linear","EasingDirection":"In"},"HumanoidRootPart":{"Weight":0,"CFrame":[0,0,0,1,0,0,0,1,0,0,0,1],"EasingStyle":"Linear","EasingDirection":"In"},"Right Leg":{"Weight":1,"CFrame":[0.6778122782707214,-0.5061287879943848,0.0862494707107544,0.1662319302558899,0.9718399047851563,-0.16701549291610719,-0.9857264757156372,0.16834811866283418,-0.0015080757439136506,0.026651179417967798,0.16488224267959596,0.9859530925750732],"EasingStyle":"Linear","EasingDirection":"In"}}},{"Time":0.20000000298023225,"poses":{"Left Leg":{"Weight":1,"CFrame":[-0.47454875707626345,0.06799846887588501,0.06452929973602295,0.9171512126922607,-0.37633487582206728,0.1311708688735962,0.37333595752716067,0.9264689683914185,0.0477011576294899,-0.13947737216949464,0.005221619736403227,0.9902114868164063],"EasingStyle":"Linear","EasingDirection":"In"},"Right Arm":{"Weight":1,"CFrame":[0.017057787626981736,-0.9696234464645386,0.3729184865951538,0.2586577534675598,-0.5103380680084229,-0.8201531767845154,0.2563958168029785,-0.7823204398155212,0.5676582455635071,-0.9313202500343323,-0.3571130931377411,-0.07150465995073319],"EasingStyle":"Linear","EasingDirection":"In"},"Left Arm":{"Weight":1,"CFrame":[0.04203210398554802,-0.8716714382171631,0.24559450149536134,0.39113837480545046,0.3228093683719635,0.8618612289428711,-0.38894400000572207,-0.7907510995864868,0.47268959879875185,0.8341063261032105,-0.5201027393341065,-0.1837383508682251],"EasingStyle":"Linear","EasingDirection":"In"},"Head":{"Weight":1,"CFrame":[9.057112038135529e-8,0,1.1920928955078126e-7,0.9968886971473694,-0.07882189750671387,-0.0000033006074318109315,0.0754350870847702,0.954066276550293,-0.28994324803352358,0.02285703457891941,0.2890408933162689,0.9570438265800476],"EasingStyle":"Linear","EasingDirection":"In"},"Torso":{"Weight":1,"CFrame":[0.2103164792060852,0.006770122796297073,-0.13310861587524415,0.9845746755599976,0.15535320341587068,0.08048655092716217,-0.15652824938297273,0.9876372218132019,0.008462668396532536,-0.07817681133747101,-0.020930547267198564,0.9967197775840759],"EasingStyle":"Linear","EasingDirection":"In"},"HumanoidRootPart":{"Weight":0,"CFrame":[0,0,0,1,0,0,0,1,0,0,0,1],"EasingStyle":"Linear","EasingDirection":"In"},"Right Leg":{"Weight":1,"CFrame":[0.723609447479248,-0.5343092679977417,0.1234745979309082,0.11476680636405945,0.9740685820579529,-0.19498462975025178,-0.9932929873466492,0.115300752222538,-0.008648115210235119,0.014058082364499569,0.19466932117938996,0.9807681441307068],"EasingStyle":"Linear","EasingDirection":"In"}}},{"Time":0.23333333432674409,"poses":{"Left Leg":{"Weight":1,"CFrame":[-0.5670617818832398,0.1139405369758606,0.08995819091796875,0.9124446511268616,-0.3817250728607178,0.14741358160972596,0.38584497570991518,0.922563374042511,0.0007014140719547868,-0.13626612722873689,0.05623878166079521,0.98907470703125],"EasingStyle":"Linear","EasingDirection":"In"},"Right Arm":{"Weight":1,"CFrame":[0.03150644898414612,-0.9523909091949463,0.4057135581970215,0.2947886288166046,-0.49706345796585085,-0.8161051273345947,0.21663564443588258,-0.797055184841156,0.5637126564979553,-0.9306818246841431,-0.34297361969947817,-0.1272810399532318],"EasingStyle":"Linear","EasingDirection":"In"},"Left Arm":{"Weight":1,"CFrame":[0.04838266968727112,-0.8797682523727417,0.28847384452819826,0.43721067905426028,0.32192036509513857,0.8397703170776367,-0.3472927510738373,-0.8008836507797241,0.48782485723495486,0.8295990228652954,-0.5049284100532532,-0.23835422098636628],"EasingStyle":"Linear","EasingDirection":"In"},"Head":{"Weight":1,"CFrame":[6.798654794692993e-8,-1.862645149230957e-8,3.5762786865234377e-7,0.9962231516838074,-0.08484870940446854,0.01844135671854019,0.08655278384685517,0.9534437656402588,-0.2888833284378052,0.006928577553480864,0.28938835859298708,0.9571866989135742],"EasingStyle":"Linear","EasingDirection":"In"},"Torso":{"Weight":1,"CFrame":[0.17346318066120149,-0.036063916981220248,-0.22911405563354493,0.9838809967041016,0.17479410767555238,0.03775224834680557,-0.17306388914585114,0.9838783740997315,-0.04507989436388016,-0.045023322105407718,0.037819698452949527,0.99826979637146],"EasingStyle":"Linear","EasingDirection":"In"},"HumanoidRootPart":{"Weight":0,"CFrame":[0,0,0,1,0,0,0,1,0,0,0,1],"EasingStyle":"Linear","EasingDirection":"In"},"Right Leg":{"Weight":1,"CFrame":[0.7751070857048035,-0.4709184169769287,0.1528390645980835,0.14792273938655854,0.9697830677032471,-0.19400951266288758,-0.9884191751480103,0.15167966485023499,0.004569999873638153,0.033859267830848697,0.19108667969703675,0.9809889793395996],"EasingStyle":"Linear","EasingDirection":"In"}}},{"Time":0.2666666805744171,"poses":{"Left Leg":{"Weight":1,"CFrame":[-0.5166027545928955,0.09604781866073609,0.09530246257781983,0.9285439848899841,-0.33347365260124209,0.16309957206249238,0.3424096703529358,0.9390935897827148,-0.029304372146725656,-0.14339356124401093,0.08305730670690537,0.9861743450164795],"EasingStyle":"Linear","EasingDirection":"In"},"Right Arm":{"Weight":1,"CFrame":[0.041217103600502017,-0.9447546601295471,0.4390127658843994,0.326470285654068,-0.5117278695106506,-0.7947022318840027,0.24017708003520966,-0.7682626247406006,0.5933696031570435,-0.9141838550567627,-0.38458696007728579,-0.12790964543819428],"EasingStyle":"Linear","EasingDirection":"In"},"Left Arm":{"Weight":1,"CFrame":[0.056666940450668338,-0.8876322507858276,0.3287801742553711,0.4811653792858124,0.32809537649154665,0.8129165172576904,-0.369258314371109,-0.765182375907898,0.5273938179016113,0.7950648665428162,-0.5539398193359375,-0.24702732264995576],"EasingStyle":"Linear","EasingDirection":"In"},"Head":{"Weight":1,"CFrame":[8.940696716308594e-8,1.862645149230957e-9,-5.960464477539063e-8,0.9952901601791382,-0.08856815844774246,0.039411090314388278,0.09617453068494797,0.9531587362289429,-0.28677326440811159,-0.012166042812168599,0.2892129123210907,0.9571874737739563],"EasingStyle":"Linear","EasingDirection":"In"},"Torso":{"Weight":1,"CFrame":[0.1327335089445114,-0.054136693477630618,-0.2127084732055664,0.9817588329315186,0.19011801481246949,0.002176824491471052,-0.18953803181648255,0.9795386791229248,-0.06767084449529648,-0.014997730031609536,0.06602385640144348,0.997705340385437],"EasingStyle":"Linear","EasingDirection":"In"},"HumanoidRootPart":{"Weight":0,"CFrame":[0,0,0,1,0,0,0,1,0,0,0,1],"EasingStyle":"Linear","EasingDirection":"In"},"Right Leg":{"Weight":1,"CFrame":[0.8805081844329834,-0.22186541557312013,0.13382792472839356,0.3753361999988556,0.9165902137756348,-0.13778646290302277,-0.9227672815322876,0.3835185766220093,0.03760451823472977,0.08731167763471604,0.11303040385246277,0.9897478222846985],"EasingStyle":"Linear","EasingDirection":"In"}}},{"Time":0.30000001192092898,"poses":{"Left Leg":{"Weight":1,"CFrame":[-0.2766752541065216,0.0011795759201049805,0.07835125923156738,0.9462341666221619,-0.2278367429971695,0.22963294386863709,0.24141360819339753,0.9698783755302429,-0.03248613700270653,-0.215314581990242,0.08617601543664932,0.9727349877357483],"EasingStyle":"Linear","EasingDirection":"In"},"Right Arm":{"Weight":1,"CFrame":[0.045766010880470279,-0.9334985017776489,0.469987154006958,0.36245569586753847,-0.5455871820449829,-0.7556191086769104,0.30707356333732607,-0.6955714821815491,0.6495277285575867,-0.8799611926078796,-0.46745580434799197,-0.08457829803228378],"EasingStyle":"Linear","EasingDirection":"In"},"Left Arm":{"Weight":1,"CFrame":[0.06621870398521424,-0.8936939239501953,0.3653528690338135,0.52765953540802,0.35084158182144167,0.7736184000968933,-0.4303904175758362,-0.6747528910636902,0.5995604991912842,0.7323520183563232,-0.6493217349052429,-0.205040842294693],"EasingStyle":"Linear","EasingDirection":"In"},"Head":{"Weight":1,"CFrame":[6.705522537231445e-8,-9.313225746154785e-9,0,0.9939942359924316,-0.09042675793170929,0.06163155660033226,0.10431129485368729,0.9531958699226379,-0.2837900221347809,-0.03308474272489548,0.28851455450057986,0.9569037556648254],"EasingStyle":"Linear","EasingDirection":"In"},"Torso":{"Weight":1,"CFrame":[0.09650064259767533,-0.03976593166589737,-0.075775146484375,0.9788719415664673,0.20383483171463014,-0.016157830134034158,-0.20439577102661134,0.9776254892349243,-0.04970739781856537,0.005664207506924868,0.05195976793766022,0.998633086681366],"EasingStyle":"Linear","EasingDirection":"In"},"HumanoidRootPart":{"Weight":0,"CFrame":[0,0,0,1,0,0,0,1,0,0,0,1],"EasingStyle":"Linear","EasingDirection":"In"},"Right Leg":{"Weight":1,"CFrame":[0.8592967987060547,0.09956276416778565,0.003201723098754883,0.7285336852073669,0.6848711371421814,-0.013789994642138482,-0.6777456998825073,0.7235857844352722,0.13070698082447053,0.09949573129415512,-0.08587832003831864,0.9913251399993897],"EasingStyle":"Linear","EasingDirection":"In"}}},{"Time":0.3333333432674408,"poses":{"Left Leg":{"Weight":1,"CFrame":[-0.26566264033317568,0.10065847635269165,0.10187292098999024,0.9368655681610107,-0.08054608851671219,0.34028691053390505,0.05746789649128914,0.9953440427780151,0.07737988978624344,-0.34493520855903628,-0.052938930690288547,0.9371324181556702],"EasingStyle":"Linear","EasingDirection":"In"},"Right Arm":{"Weight":1,"CFrame":[0.04689524695277214,-0.8981241583824158,0.49638116359710696,0.4022800624370575,-0.582491397857666,-0.7063103914260864,0.389618843793869,-0.5892141461372376,0.7078304886817932,-0.8284732699394226,-0.5599379539489746,-0.010079358704388142],"EasingStyle":"Linear","EasingDirection":"In"},"Left Arm":{"Weight":1,"CFrame":[0.07605598866939545,-0.8961222171783447,0.3973042964935303,0.5744683742523193,0.3742111623287201,0.7279781103134155,-0.5009872317314148,-0.5425816774368286,0.674252986907959,0.6473004817962647,-0.7520446181297302,-0.12422093749046326],"EasingStyle":"Linear","EasingDirection":"In"},"Head":{"Weight":1,"CFrame":[9.918585419654846e-8,0,-1.1920928955078126e-7,0.9923279881477356,-0.09087132662534714,0.08383072167634964,0.11098349839448929,0.9535225629806519,-0.28013813495635989,-0.05447797104716301,0.2872927784919739,0.9562923312187195],"EasingStyle":"Linear","EasingDirection":"In"},"Torso":{"Weight":1,"CFrame":[0.06172037124633789,-0.014923889189958573,0.03582453727722168,0.9760125279426575,0.21621395647525788,-0.02551720105111599,-0.21671162545681,0.9760574102401733,-0.018654845654964448,0.02087281458079815,0.023737234994769098,0.9995003342628479],"EasingStyle":"Linear","EasingDirection":"In"},"HumanoidRootPart":{"Weight":0,"CFrame":[0,0,0,1,0,0,0,1,0,0,0,1],"EasingStyle":"Linear","EasingDirection":"In"},"Right Leg":{"Weight":1,"CFrame":[0.6392576694488525,0.1826314926147461,-0.11237525939941406,0.9395101070404053,0.308746874332428,0.14831073582172395,-0.33739370107650759,0.9088333249092102,0.24533140659332276,-0.059044379740953448,-0.28053048253059389,0.9580273628234863],"EasingStyle":"Linear","EasingDirection":"In"}}},{"Time":0.36666667461395266,"poses":{"Left Leg":{"Weight":1,"CFrame":[0.00864172913134098,0.0788988471031189,-0.021695494651794435,0.7981555461883545,0.40760844945907595,0.4436250329017639,-0.5380039811134338,0.8136203289031982,0.22039423882961274,-0.2711077928543091,-0.41458094120025637,0.8686904907226563],"EasingStyle":"Linear","EasingDirection":"In"},"Right Arm":{"Weight":1,"CFrame":[0.04682766646146774,-0.7962620258331299,0.516209602355957,0.4413453936576843,-0.6109331250190735,-0.6572479605674744,0.4631645679473877,-0.47223928570747378,0.7499790787696838,-0.7685654759407044,-0.6354138851165772,0.07454194873571396],"EasingStyle":"Linear","EasingDirection":"In"},"Left Arm":{"Weight":1,"CFrame":[0.08508038520812988,-0.8235069513320923,0.4234192371368408,0.6160865426063538,0.3884105384349823,0.6852551102638245,-0.5581870675086975,-0.3985309302806854,0.7277364730834961,0.5557559132575989,-0.8308491706848145,-0.02872364968061447],"EasingStyle":"Linear","EasingDirection":"In"},"Head":{"Weight":1,"CFrame":[8.38481355458498e-8,4.656612873077393e-10,-5.960464477539063e-8,0.990386962890625,-0.0903451144695282,0.10474470257759094,0.11622856557369232,0.9540930986404419,-0.27603861689567568,-0.07499745488166809,0.2855593264102936,0.955422043800354],"EasingStyle":"Linear","EasingDirection":"In"},"Torso":{"Weight":1,"CFrame":[0.023366376757621766,-0.0009148800745606422,0.030269861221313478,0.9736475348472595,0.2250947803258896,-0.03664451465010643,-0.22528678178787232,0.9742918014526367,-0.001143580419011414,0.03544503450393677,0.009368968196213246,0.9993277192115784],"EasingStyle":"Linear","EasingDirection":"In"},"HumanoidRootPart":{"Weight":0,"CFrame":[0,0,0,1,0,0,0,1,0,0,0,1],"EasingStyle":"Linear","EasingDirection":"In"},"Right Leg":{"Weight":1,"CFrame":[0.24398480355739594,0.1755838394165039,-0.028550922870635988,0.9497007131576538,-0.1304369419813156,0.2847013473510742,0.026512961834669114,0.9393526911735535,0.34192630648612978,-0.3120347261428833,-0.3171793520450592,0.8955621123313904],"EasingStyle":"Linear","EasingDirection":"In"}}},{"Time":0.4000000059604645,"poses":{"Left Leg":{"Weight":1,"CFrame":[-0.016035128384828569,0.05965685844421387,-0.035898804664611819,0.6463619470596314,0.5222294330596924,0.5563207864761353,-0.7161181569099426,0.6668863892555237,0.20600318908691407,-0.263421893119812,-0.5315439701080322,0.8050279021263123],"EasingStyle":"Linear","EasingDirection":"In"},"Right Arm":{"Weight":1,"CFrame":[0.04635462164878845,-0.6623921990394592,0.5285701751708984,0.4713634252548218,-0.6270317435264587,-0.6201996803283691,0.5123097896575928,-0.377739816904068,0.7712660431861877,-0.7178824543952942,-0.6812810301780701,0.14318181574344636],"EasingStyle":"Linear","EasingDirection":"In"},"Left Arm":{"Weight":1,"CFrame":[0.09172753989696503,-0.6886502504348755,0.44117701053619387,0.6452286839485169,0.3919318616390228,0.6557967662811279,-0.5933840274810791,-0.2835904359817505,0.7533073425292969,0.4812227487564087,-0.875194787979126,0.049585528671741489],"EasingStyle":"Linear","EasingDirection":"In"},"Head":{"Weight":1,"CFrame":[8.521601557731629e-8,-1.862645149230957e-9,2.384185791015625e-7,0.9883669018745422,-0.08928314596414566,0.12312357127666474,0.12010463327169419,0.9548521637916565,-0.271720826625824,-0.09330472350120545,0.28334754705429079,0.9544675946235657],"EasingStyle":"Linear","EasingDirection":"In"},"Torso":{"Weight":1,"CFrame":[-0.016863703727722169,-0.00722200982272625,-0.00821685791015625,0.9722617268562317,0.22806978225708009,-0.0518779419362545,-0.22882454097270966,0.9734258055686951,-0.009027494117617607,0.04844042658805847,0.020648030564188958,0.998612642288208],"EasingStyle":"Linear","EasingDirection":"In"},"HumanoidRootPart":{"Weight":0,"CFrame":[0,0,0,1,0,0,0,1,0,0,0,1],"EasingStyle":"Linear","EasingDirection":"In"},"Right Leg":{"Weight":1,"CFrame":[0.3531699478626251,0.19638025760650636,-0.01758474111557007,0.9260051250457764,-0.16531451046466828,0.3393901586532593,0.028102999553084375,0.9267128705978394,0.3747178018093109,-0.376463383436203,-0.3374527394771576,0.8627867102622986],"EasingStyle":"Linear","EasingDirection":"In"}}},{"Time":0.4333333373069763,"poses":{"Left Leg":{"Weight":1,"CFrame":[-0.026644207537174226,0.03097456693649292,-0.03970414400100708,0.5710376501083374,0.5518820881843567,0.6077351570129395,-0.7683908939361572,0.6198982000350952,0.1590651571750641,-0.28894874453544619,-0.5578103065490723,0.7780464291572571],"EasingStyle":"Linear","EasingDirection":"In"},"Right Arm":{"Weight":1,"CFrame":[0.04507064074277878,-0.5912885665893555,0.5328307151794434,0.4832347333431244,-0.6321337223052979,-0.605715274810791,0.530062735080719,-0.33939293026924136,0.7770753502845764,-0.6967909932136536,-0.6965769529342651,0.17106415331363679],"EasingStyle":"Linear","EasingDirection":"In"},"Left Arm":{"Weight":1,"CFrame":[0.09431670606136322,-0.6160356998443604,0.44772887229919436,0.6552846431732178,0.38776466250419619,0.6482596397399902,-0.6088462471961975,-0.2368350625038147,0.7571099400520325,0.4471110999584198,-0.8908129334449768,0.08089473098516464],"EasingStyle":"Linear","EasingDirection":"In"},"Head":{"Weight":1,"CFrame":[7.916241884231568e-8,-1.1175870895385743e-8,-2.384185791015625e-7,0.9865426421165466,-0.0881088450551033,0.13773328065872193,0.12269163131713867,0.9557395577430725,-0.26741108298301699,-0.10807587206363678,0.28071120381355288,0.9536880254745483],"EasingStyle":"Linear","EasingDirection":"In"},"Torso":{"Weight":1,"CFrame":[-0.053237512707710269,-0.023000970482826234,-0.14567208290100099,0.9734137058258057,0.21856768429279328,-0.06851232796907425,-0.2209179550409317,0.9748685359954834,-0.0287511944770813,0.0605064332485199,0.04312241077423096,0.997235894203186],"EasingStyle":"Linear","EasingDirection":"In"},"HumanoidRootPart":{"Weight":0,"CFrame":[0,0,0,1,0,0,0,1,0,0,0,1],"EasingStyle":"Linear","EasingDirection":"In"},"Right Leg":{"Weight":1,"CFrame":[0.7943724393844605,0.25123536586761477,-0.14651721715927125,0.9412032961845398,0.07826048880815506,0.3286513686180115,-0.20731782913208009,0.9018917083740234,0.37895992398262026,-0.266750305891037,-0.4248136281967163,0.8650882244110107],"EasingStyle":"Linear","EasingDirection":"In"}}},{"Time":0.46666666865348818,"poses":{"Left Leg":{"Weight":1,"CFrame":[-0.24192789196968079,0.33869051933288576,0.05706667900085449,0.7042463421821594,0.39653584361076357,0.588894248008728,-0.5872635245323181,0.791481614112854,0.16934670507907868,-0.39894697070121767,-0.46509796380996706,0.790269136428833],"EasingStyle":"Linear","EasingDirection":"In"},"Right Arm":{"Weight":1,"CFrame":[0.03896700590848923,-0.5855673551559448,0.511876106262207,0.4861485958099365,-0.6283861994743347,-0.607280969619751,0.5260295867919922,-0.3444943428039551,0.7775709629058838,-0.6978197693824768,-0.6974628567695618,0.1630743145942688],"EasingStyle":"Linear","EasingDirection":"In"},"Left Arm":{"Weight":1,"CFrame":[0.08918311446905136,-0.6160500645637512,0.42245936393737795,0.650789201259613,0.3834272027015686,0.6553295850753784,-0.615935742855072,-0.23807267844676972,0.7509624361991882,0.44395554065704348,-0.89235919713974,0.08123154193162918],"EasingStyle":"Linear","EasingDirection":"In"},"Head":{"Weight":1,"CFrame":[8.940696716308594e-8,-3.725290298461914e-9,1.1920928955078126e-7,0.9852300882339478,-0.08723128587007523,0.1473509967327118,0.12408782541751862,0.9566927552223206,-0.2633271813392639,-0.11799927055835724,0.2777222692966461,0.9533868432044983],"EasingStyle":"Linear","EasingDirection":"In"},"Torso":{"Weight":1,"CFrame":[-0.08076192438602448,-0.03949809819459915,-0.25110507011413576,0.9774588942527771,0.19381099939346314,-0.08373388648033142,-0.19832466542720796,0.9788920879364014,-0.049372609704732898,0.07239748537540436,0.06486619263887406,0.9952642917633057],"EasingStyle":"Linear","EasingDirection":"In"},"HumanoidRootPart":{"Weight":0,"CFrame":[0,0,0,1,0,0,0,1,0,0,0,1],"EasingStyle":"Linear","EasingDirection":"In"},"Right Leg":{"Weight":1,"CFrame":[0.995617687702179,0.32179898023605349,-0.18484467267990113,0.9309356808662415,0.20298118889331819,0.30357447266578677,-0.3146361708641052,0.8677994608879089,0.38461431860923769,-0.18537220358848573,-0.45356670022010805,0.8717306852340698],"EasingStyle":"Linear","EasingDirection":"In"}}},{"Time":0.5,"poses":{"Left Leg":{"Weight":1,"CFrame":[-0.4987928867340088,0.5104347467422485,0.1845841407775879,0.8319443464279175,0.056885942816734317,0.5519352555274963,-0.1835392415523529,0.9669471383094788,0.17699305713176728,-0.5236238837242127,-0.24855011701583863,0.8148870468139648],"EasingStyle":"Linear","EasingDirection":"In"},"Right Arm":{"Weight":1,"CFrame":[0.027483686804771425,-0.5834596157073975,0.4612410068511963,0.49182483553886416,-0.6187843680381775,-0.6125472187995911,0.515109121799469,-0.3604085147380829,0.7776684761047363,-0.701976478099823,-0.6980054974555969,0.14148373901844026],"EasingStyle":"Linear","EasingDirection":"In"},"Left Arm":{"Weight":1,"CFrame":[0.075158029794693,-0.6161499619483948,0.3575340509414673,0.6393987536430359,0.3841439187526703,0.6660349369049072,-0.6239952445030212,-0.24685002863407136,0.7414142489433289,0.44922056794166567,-0.8896620273590088,0.08186846971511841],"EasingStyle":"Linear","EasingDirection":"In"},"Head":{"Weight":1,"CFrame":[9.499490261077881e-8,-1.1175870895385743e-8,-2.980232238769531e-7,0.9847318530082703,-0.08704480528831482,0.15075290203094483,0.12440401315689087,0.9576507210731506,-0.25967034697532656,-0.12176565825939179,0.27445992827415469,0.9538578987121582],"EasingStyle":"Linear","EasingDirection":"In"},"Torso":{"Weight":1,"CFrame":[-0.0980561375617981,-0.04768553376197815,-0.23551535606384278,0.982893168926239,0.15771593153476716,-0.09511392563581467,-0.16377326846122743,0.984695553779602,-0.059606898576021197,0.08425730466842652,0.07416433095932007,0.9936802387237549],"EasingStyle":"Linear","EasingDirection":"In"},"HumanoidRootPart":{"Weight":0,"CFrame":[0,0,0,1,0,0,0,1,0,0,0,1],"EasingStyle":"Linear","EasingDirection":"In"},"Right Leg":{"Weight":1,"CFrame":[0.9329477548599243,0.33902591466903689,-0.12556594610214234,0.9431025981903076,0.1883307844400406,0.2740236818790436,-0.2861023545265198,0.8795520067214966,0.38017573952674868,-0.16941924393177033,-0.4369437098503113,0.8833897113800049],"EasingStyle":"Linear","EasingDirection":"In"}}},{"Time":0.5333333611488342,"poses":{"Left Leg":{"Weight":1,"CFrame":[-0.6280062794685364,0.27334141731262209,0.2694258689880371,0.8266201615333557,-0.2882360517978668,0.4833415150642395,0.23048807680606843,0.956938624382019,0.1764758974313736,-0.5133949518203735,-0.03447401896119118,0.8574597239494324],"EasingStyle":"Linear","EasingDirection":"In"},"Right Arm":{"Weight":1,"CFrame":[0.015388697385787964,-0.5831582546234131,0.3992682695388794,0.4958782494068146,-0.6056408286094666,-0.6223373413085938,0.4989093542098999,-0.387882798910141,0.7750073671340942,-0.7107701897621155,-0.6947993636131287,0.10981729626655579],"EasingStyle":"Linear","EasingDirection":"In"},"Left Arm":{"Weight":1,"CFrame":[0.05430501699447632,-0.6164218783378601,0.2692779302597046,0.6197799444198608,0.38798120617866518,0.6821607947349548,-0.6325562596321106,-0.2675006687641144,0.7268534898757935,0.4644840657711029,-0.8819943070411682,0.07962846010923386],"EasingStyle":"Linear","EasingDirection":"In"},"Head":{"Weight":1,"CFrame":[5.122274160385132e-8,-1.4901161193847657e-8,-1.1920928955078126e-7,0.9858657121658325,-0.08442072570323944,0.14471325278282166,0.11984297633171082,0.9589466452598572,-0.25701937079429629,-0.11707450449466706,0.2707294821739197,0.9555098414421082],"EasingStyle":"Linear","EasingDirection":"In"},"Torso":{"Weight":1,"CFrame":[-0.10548445582389832,-0.042169153690338138,-0.09683632850646973,0.98827064037323,0.11421364545822144,-0.10137234628200531,-0.11997943371534348,0.9913760423660278,-0.052711423486471179,0.09447775036096573,0.06425575166940689,0.9934511184692383],"EasingStyle":"Linear","EasingDirection":"In"},"HumanoidRootPart":{"Weight":0,"CFrame":[0,0,0,1,0,0,0,1,0,0,0,1],"EasingStyle":"Linear","EasingDirection":"In"},"Right Leg":{"Weight":1,"CFrame":[0.6193218231201172,0.2714540958404541,0.01554107666015625,0.9736785292625427,0.05067624896764755,0.2222207635641098,-0.13124601542949677,0.9217648506164551,0.3648616671562195,-0.18634538352489472,-0.3844235837459564,0.9041537046432495],"EasingStyle":"Linear","EasingDirection":"In"}}},{"Time":0.5666666626930237,"poses":{"Left Leg":{"Weight":1,"CFrame":[-0.5877237319946289,0.04665040969848633,0.23288953304290772,0.7371241450309753,-0.5566971302032471,0.38306188583374026,0.5335542559623718,0.8273298144340515,0.17562797665596009,-0.4146900773048401,0.0749247670173645,0.9068728685379028],"EasingStyle":"Linear","EasingDirection":"In"},"Right Arm":{"Weight":1,"CFrame":[0.006593860685825348,-0.6605626940727234,0.3427438735961914,0.49420997500419619,-0.5908046364784241,-0.6377353072166443,0.47848740220069888,-0.4276084899902344,0.7669425010681152,-0.7258142232894898,-0.6841789484024048,0.07136425375938416],"EasingStyle":"Linear","EasingDirection":"In"},"Left Arm":{"Weight":1,"CFrame":[0.029746323823928834,-0.6739851832389832,0.17557334899902345,0.5903003811836243,0.39238619804382326,0.7053924202919006,-0.640440821647644,-0.3042313754558563,0.7051800489425659,0.4913053810596466,-0.8680301308631897,0.07171227037906647],"EasingStyle":"Linear","EasingDirection":"In"},"Head":{"Weight":1,"CFrame":[9.080395102500916e-8,-9.313225746154785e-9,4.76837158203125e-7,0.9887880682945252,-0.07659093290567398,0.12818706035614015,0.10755035281181336,0.9607996940612793,-0.2555324137210846,-0.10359062999486923,0.2664540112018585,0.9582647085189819],"EasingStyle":"Linear","EasingDirection":"In"},"Torso":{"Weight":1,"CFrame":[-0.09852054715156555,-0.02615639567375183,0.01734161376953125,0.9925059676170349,0.06663911044597626,-0.10242649912834168,-0.07031428068876267,0.9969888925552368,-0.03269549086689949,0.09993928670883179,0.039652515202760699,0.9942030906677246],"EasingStyle":"Linear","EasingDirection":"In"},"HumanoidRootPart":{"Weight":0,"CFrame":[0,0,0,1,0,0,0,1,0,0,0,1],"EasingStyle":"Linear","EasingDirection":"In"},"Right Leg":{"Weight":1,"CFrame":[0.6348255276679993,0.2917543053627014,0.03963613510131836,0.9811781048774719,0.15429402887821198,0.11611568182706833,-0.18173003196716309,0.9411258697509766,0.2850550413131714,-0.06529710441827774,-0.3007913827896118,0.9514519572257996],"EasingStyle":"Linear","EasingDirection":"In"}}},{"Time":0.6000000238418579,"poses":{"Left Leg":{"Weight":1,"CFrame":[-0.5978243350982666,-0.09471917152404785,0.20989179611206056,0.5358640551567078,-0.7975563406944275,0.2770446538925171,0.7915369868278503,0.588741660118103,0.16386687755584718,-0.29380083084106448,0.13148067891597749,0.946780800819397],"EasingStyle":"Linear","EasingDirection":"In"},"Right Arm":{"Weight":1,"CFrame":[0.0015869960188865662,-0.8043147325515747,0.3022277355194092,0.48270276188850405,-0.5753046274185181,-0.6603198647499085,0.45391255617141726,-0.4804578125476837,0.7504158020019531,-0.7489736080169678,-0.6619552969932556,0.029219862073659898],"EasingStyle":"Linear","EasingDirection":"In"},"Left Arm":{"Weight":1,"CFrame":[0.008839359506964684,-0.7804861664772034,0.10052931308746338,0.5490508079528809,0.393776535987854,0.737213134765625,-0.6452386975288391,-0.3609374165534973,0.673343300819397,0.531234622001648,-0.8453781604766846,0.05590696260333061],"EasingStyle":"Linear","EasingDirection":"In"},"Head":{"Weight":1,"CFrame":[9.093491826206446e-8,2.3283064365386965e-10,-5.960464477539063e-8,0.9925704598426819,-0.0644800066947937,0.10318025946617127,0.0890265479683876,0.9629243016242981,-0.2546588182449341,-0.08293439447879791,0.26195254921913149,0.9615106582641602],"EasingStyle":"Linear","EasingDirection":"In"},"Torso":{"Weight":1,"CFrame":[-0.07280850410461426,-0.0032813847064971925,0.014642000198364258,0.9952155947685242,0.01820358820259571,-0.09599241614341736,-0.018683379516005517,0.9998170137405396,-0.004101729020476341,0.09590018540620804,0.005875567905604839,0.9953736066818237],"EasingStyle":"Linear","EasingDirection":"In"},"HumanoidRootPart":{"Weight":0,"CFrame":[0,0,0,1,0,0,0,1,0,0,0,1],"EasingStyle":"Linear","EasingDirection":"In"},"Right Leg":{"Weight":1,"CFrame":[0.20769554376602174,0.09253960847854614,0.13020265102386475,0.9985119700431824,0.015961283817887307,-0.0521450899541378,-0.010682081803679467,0.994930624961853,0.09999462962150574,0.05347684025764465,-0.09928882867097855,0.9936206340789795],"EasingStyle":"Linear","EasingDirection":"In"}}},{"Time":0.6333333253860474,"poses":{"Left Leg":{"Weight":1,"CFrame":[-0.6579844355583191,-0.2296234369277954,0.19067752361297608,0.33960989117622378,-0.9205458164215088,0.1930297315120697,0.9244809746742249,0.36448928713798525,0.11172498017549515,-0.1732053905725479,0.1405094563961029,0.974811315536499],"EasingStyle":"Linear","EasingDirection":"In"},"Right Arm":{"Weight":1,"CFrame":[-1.4156103134155274e-7,-0.881719708442688,0.28672146797180178,0.45659521222114565,-0.5588210821151733,-0.6922714710235596,0.4236588478088379,-0.5476586222648621,0.7215144634246826,-0.7823260426521301,-0.62272709608078,-0.013308770954608918],"EasingStyle":"Linear","EasingDirection":"In"},"Left Arm":{"Weight":1,"CFrame":[1.3224780559539796e-7,-0.8377927541732788,0.06981098651885987,0.4940527677536011,0.3869571089744568,0.7785730957984924,-0.6426145434379578,-0.44065940380096438,0.6267900466918945,0.5856265425682068,-0.8099898099899292,