{"Sequence":[{"Time":0,"poses":{"Left Leg":{"Weight":1,"CFrame":[-0.6429121494293213,-0.0022806525230407717,-0.04132962226867676,0.8568810224533081,-0.4692574143409729,0.21342967450618745,0.4455813467502594,0.8823906779289246,0.1511424034833908,-0.25925296545028689,-0.03441087529063225,0.965196430683136],"EasingStyle":"Linear","EasingDirection":"In"},"Right Arm":{"Weight":1,"CFrame":[-0.7202897667884827,-0.16256731748580934,-0.304710328578949,0.9280732870101929,-0.2763141095638275,0.24966047704219819,0.25302258133888247,0.9597784280776978,0.12167319655418396,-0.273238867521286,-0.04975198581814766,0.9606587886810303],"EasingStyle":"Linear","EasingDirection":"In"},"Head":{"Weight":1,"CFrame":[0.000014448538422584534,0.0002622529864311218,0,0.998374879360199,0.039120644330978397,-0.04144125059247017,-0.04742758721113205,0.9735316038131714,-0.22357748448848725,0.03159787878394127,0.22517958283424378,0.9738048315048218],"EasingStyle":"Linear","EasingDirection":"In"},"Left Arm":{"Weight":1,"CFrame":[0.8131038546562195,-0.16206258535385133,-0.0982847809791565,0.8394376635551453,0.3094159960746765,-0.44677305221557619,-0.2279420793056488,0.9467480778694153,0.22739891707897187,0.4933423697948456,-0.08904891461133957,0.8652651309967041],"EasingStyle":"Linear","EasingDirection":"In"},"Torso":{"Weight":1,"CFrame":[0.024179978296160699,0.03969772532582283,-0.11410290002822876,0.9900224804878235,-0.13876432180404664,0.024493897333741189,0.1383756697177887,0.9902353286743164,0.0169154554605484,-0.02660197950899601,-0.013357318937778473,0.999556839466095],"EasingStyle":"Linear","EasingDirection":"In"},"HumanoidRootPart":{"Weight":1,"CFrame":[0,0,0,1,0,0,0,1,0,0,0,1],"EasingStyle":"Linear","EasingDirection":"In"},"Right Leg":{"Weight":1,"CFrame":[0.5257667899131775,-0.04670792818069458,-0.10036242008209229,0.9120873808860779,0.3993241786956787,-0.09293477982282639,-0.39886370301246645,0.9166883826255798,0.024287039414048196,0.09489068388938904,0.014916358515620232,0.99537593126297],"EasingStyle":"Linear","EasingDirection":"In"}}},{"Time":0.03333333507180214,"poses":{"Left Leg":{"Weight":1,"CFrame":[-0.7714593410491943,0.018818259239196779,0.0035055875778198244,0.8393123149871826,-0.48562243580818179,0.24438847601413728,0.46947646141052248,0.8741095662117004,0.12459643930196762,-0.2741292119026184,0.010159296914935112,0.9616396427154541],"EasingStyle":"Linear","EasingDirection":"In"},"Right Arm":{"Weight":1,"CFrame":[-0.8975691795349121,-0.23015350103378297,-0.3040836453437805,0.8115674257278442,-0.5562707781791687,0.17866523563861848,0.5363283753395081,0.8306008577346802,0.14984674751758576,-0.23175488412380219,-0.025787606835365297,0.9724327921867371],"EasingStyle":"Linear","EasingDirection":"In"},"Head":{"Weight":1,"CFrame":[0.000005956739187240601,0.00026379525661468506,0,0.9984720349311829,0.04067428410053253,-0.03741883486509323,-0.04891182482242584,0.9655463099479675,-0.25559350848197939,0.025733517482876779,0.25703316926956179,0.9660600423812866],"EasingStyle":"Linear","EasingDirection":"In"},"Left Arm":{"Weight":1,"CFrame":[0.9457517862319946,-0.27025195956230166,0.06087303161621094,0.6539413332939148,0.5830442309379578,-0.482099711894989,-0.514134407043457,0.8099673390388489,0.282167911529541,0.5550014972686768,0.06334274262189865,0.8294345736503601],"EasingStyle":"Linear","EasingDirection":"In"},"Torso":{"Weight":1,"CFrame":[-0.00919030886143446,0.016142843291163446,-0.10864147543907166,0.9817214608192444,-0.18990622460842133,0.012609342113137246,0.18991567194461823,0.9818003177642822,0.0004529431462287903,-0.012465877458453179,0.0019500553607940674,0.9999204874038696],"EasingStyle":"Linear","EasingDirection":"In"},"HumanoidRootPart":{"Weight":1,"CFrame":[0,0,0,1,0,0,0,1,0,0,0,1],"EasingStyle":"Linear","EasingDirection":"In"},"Right Leg":{"Weight":1,"CFrame":[0.5607917308807373,-0.05307525396347046,-0.032209694385528567,0.8932812213897705,0.42154884338378909,-0.1560300588607788,-0.42373010516166689,0.9055527448654175,0.020665548741817476,0.1500050127506256,0.047654490917921069,0.9875364899635315],"EasingStyle":"Linear","EasingDirection":"In"}}},{"Time":0.06666667014360428,"poses":{"Left Leg":{"Weight":1,"CFrame":[-0.9347521066665649,0.11772698163986206,0.07037508487701416,0.8343510627746582,-0.47367116808891299,0.2819477319717407,0.474130243062973,0.8775675296783447,0.07124409824609757,-0.2811744213104248,0.07423736155033112,0.9567813873291016],"EasingStyle":"Linear","EasingDirection":"In"},"Right Arm":{"Weight":1,"CFrame":[-1.0030492544174195,-0.4679237902164459,-0.2743837833404541,0.5071020722389221,-0.8526484370231628,0.12585318088531495,0.8283696174621582,0.5224825739860535,0.20202969014644624,-0.23801633715629579,0.001803107443265617,0.9712599515914917],"EasingStyle":"Linear","EasingDirection":"In"},"Head":{"Weight":1,"CFrame":[0.000017367303371429445,0.0002621114253997803,0,0.9981081485748291,0.05419899523258209,-0.02904169261455536,-0.06035424768924713,0.9538618922233582,-0.29411858320236208,0.011760824359953404,0.2953144907951355,0.9553278088569641],"EasingStyle":"Linear","EasingDirection":"In"},"Left Arm":{"Weight":1,"CFrame":[0.9912944436073303,-0.5572003722190857,0.3227384090423584,0.20309719443321229,0.8393524289131165,-0.5042217969894409,-0.807776689529419,0.4346657991409302,0.3981991708278656,0.5533975958824158,0.3264254033565521,0.7662887573242188],"EasingStyle":"Linear","EasingDirection":"In"},"Torso":{"Weight":1,"CFrame":[-0.05677436664700508,-0.009079471230506897,-0.06024634838104248,0.9608938097953796,-0.27691781520843508,-0.00009421631693840027,0.2768278419971466,0.9605902433395386,-0.025161519646644594,0.007058171089738607,0.024151407182216646,0.9996834397315979],"EasingStyle":"Linear","EasingDirection":"In"},"HumanoidRootPart":{"Weight":1,"CFrame":[0,0,0,1,0,0,0,1,0,0,0,1],"EasingStyle":"Linear","EasingDirection":"In"},"Right Leg":{"Weight":1,"CFrame":[0.5632777214050293,-0.027296245098114015,-0.02360743284225464,0.9041293263435364,0.3924017548561096,-0.1690325289964676,-0.3925548791885376,0.9191022515296936,0.03393825143575668,0.1686757206916809,0.03567008674144745,0.9850262403488159],"EasingStyle":"Linear","EasingDirection":"In"}}},{"Time":0.10000000149011612,"poses":{"Left Leg":{"Weight":1,"CFrame":[-1.108750343322754,0.3681126832962036,0.09246420860290528,0.8837485313415527,-0.403639018535614,0.23677954077720643,0.41927018761634829,0.907692551612854,-0.017523735761642457,-0.2078496217727661,0.11476106196641922,0.9714055061340332],"EasingStyle":"Linear","EasingDirection":"In"},"Right Arm":{"Weight":1,"CFrame":[-0.8713855743408203,-0.8621180057525635,-0.06859093904495239,0.0236454326659441,-0.9901071190834045,0.1383088380098343,0.937358021736145,0.07005546987056732,0.3412516415119171,-0.3475649654865265,0.12157554179430008,0.9297409057617188],"EasingStyle":"Linear","EasingDirection":"In"},"Head":{"Weight":1,"CFrame":[0.000014845281839370728,0.00025323033332824707,0,0.9969030022621155,0.07085859775543213,-0.03411019593477249,-0.07829993963241577,0.9347090125083923,-0.346682608127594,0.007317718118429184,0.3482797145843506,0.9373624920845032],"EasingStyle":"Linear","EasingDirection":"In"},"Left Arm":{"Weight":1,"CFrame":[0.7008747458457947,-0.9458621144294739,0.4620351791381836,-0.30484530329704287,0.8613354563713074,-0.4064125120639801,-0.8358447551727295,-0.03740111365914345,0.5476906299591065,0.4565449059009552,0.5066585540771484,0.7313440442085266],"EasingStyle":"Linear","EasingDirection":"In"},"Torso":{"Weight":1,"CFrame":[-0.10714371502399445,-0.0288139209151268,-0.027971625328063966,0.9207004904747009,-0.3902629017829895,-0.0023441314697265627,0.3896246552467346,0.9195069670677185,-0.05196048319339752,0.022433718666434289,0.04692666232585907,0.9986464977264404],"EasingStyle":"Linear","EasingDirection":"In"},"HumanoidRootPart":{"Weight":1,"CFrame":[0,0,0,1,0,0,0,1,0,0,0,1],"EasingStyle":"Linear","EasingDirection":"In"},"Right Leg":{"Weight":1,"CFrame":[0.5243874192237854,0.024646222591400148,-0.09093469381332398,0.9311022758483887,0.3358542025089264,-0.14230678975582124,-0.32886233925819399,0.9417201280593872,0.07080327719449997,0.15779279172420503,-0.01912580244243145,0.987287163734436],"EasingStyle":"Linear","EasingDirection":"In"}}},{"Time":0.13333334028720857,"poses":{"Left Leg":{"Weight":1,"CFrame":[-1.0776728391647339,0.7950299978256226,0.06676089763641358,0.9732400178909302,-0.19598229229450227,0.11998045444488526,0.2093510776758194,0.971484899520874,-0.1113087385892868,-0.09474459290504456,0.13344812393188477,0.9865168333053589],"EasingStyle":"Linear","EasingDirection":"In"},"Right Arm":{"Weight":1,"CFrame":[-0.5526717305183411,-1.1245795488357545,0.17359602451324464,-0.40087321400642397,-0.9015429615974426,0.16285359859466554,0.8341051340103149,-0.28564590215682986,0.4718850255012512,-0.3789060711860657,0.3250029683113098,0.8664892315864563],"EasingStyle":"Linear","EasingDirection":"In"},"Head":{"Weight":1,"CFrame":[0.000019244849681854249,0.0002468228340148926,0,0.9948210120201111,0.07640933990478516,-0.06703220307826996,-0.0967760980129242,0.9136711955070496,-0.3947654962539673,0.031081680208444597,0.39920833706855776,0.9163335561752319],"EasingStyle":"Linear","EasingDirection":"In"},"Left Arm":{"Weight":1,"CFrame":[0.19077660143375398,-1.1320866346359254,0.3915109634399414,-0.6067497134208679,0.7613443732261658,-0.22849532961845399,-0.6906061172485352,-0.3625623881816864,0.6257894039154053,0.3935971260070801,0.5374976396560669,0.7457735538482666],"EasingStyle":"Linear","EasingDirection":"In"},"Torso":{"Weight":1,"CFrame":[-0.1419789344072342,-0.04221869632601738,-0.05410398542881012,0.861863374710083,-0.506674587726593,0.02173931896686554,0.5067590475082398,0.8587599992752075,-0.07567542791366577,0.01967400312423706,0.07623857259750366,0.9968956112861633],"EasingStyle":"Linear","EasingDirection":"In"},"HumanoidRootPart":{"Weight":1,"CFrame":[0,0,0,1,0,0,0,1,0,0,0,1],"EasingStyle":"Linear","EasingDirection":"In"},"Right Leg":{"Weight":1,"CFrame":[0.4777097702026367,0.0714271068572998,-0.12201762199401856,0.9525952935218811,0.2850203514099121,-0.1064242422580719,-0.27924224734306338,0.9579465985298157,0.0660499557852745,0.12077438831329346,-0.03320083022117615,0.9921247959136963],"EasingStyle":"Linear","EasingDirection":"In"}}},{"Time":0.1666666716337204,"poses":{"Left Leg":{"Weight":1,"CFrame":[-0.7468720078468323,1.1536697149276734,0.06459760665893555,0.9913967847824097,0.1308249831199646,-0.004171252716332674,-0.12949016690254212,0.9756364226341248,-0.17710532248020173,-0.01910001039505005,0.17612163722515107,0.9841834306716919],"EasingStyle":"Linear","EasingDirection":"In"},"Right Arm":{"Weight":1,"CFrame":[-0.23598439991474152,-1.1738969087600709,0.31661295890808108,-0.5960793495178223,-0.7876356244087219,0.15594756603240968,0.7010671496391296,-0.415871798992157,0.5792719721794128,-0.3914009928703308,0.45462149381637576,0.8000781536102295],"EasingStyle":"Linear","EasingDirection":"In"},"Head":{"Weight":1,"CFrame":[0.000022783875465393068,0.00024531781673431396,0,0.9927773475646973,0.070717453956604,-0.09691599011421204,-0.10466045141220093,0.905397355556488,-0.4114632308483124,0.05864971503615379,0.4186347424983978,0.9062593579292297],"EasingStyle":"Linear","EasingDirection":"In"},"Left Arm":{"Weight":1,"CFrame":[-0.2090366631746292,-1.0325590372085572,0.2638624906539917,-0.7151726484298706,0.6920151710510254,-0.09819918870925904,-0.5699225068092346,-0.4960353970527649,0.6550859808921814,0.4046192169189453,0.5244655609130859,0.7491459250450134],"EasingStyle":"Linear","EasingDirection":"In"},"Torso":{"Weight":1,"CFrame":[-0.15829280018806458,-0.052678145468235019,-0.1273694932460785,0.8078141212463379,-0.5871394872665405,0.05199679732322693,0.5892289280891419,0.8020334243774414,-0.09773311018943787,0.015679750591516496,0.10958823561668396,0.9938535690307617],"EasingStyle":"Linear","EasingDirection":"In"},"HumanoidRootPart":{"Weight":1,"CFrame":[0,0,0,1,0,0,0,1,0,0,0,1],"EasingStyle":"Linear","EasingDirection":"In"},"Right Leg":{"Weight":1,"CFrame":[0.4329241216182709,0.12288075685501099,-0.10203468799591065,0.9645446538925171,0.24897578358650208,-0.08754852414131165,-0.24681736528873444,0.9684354662895203,0.03484386205673218,0.09346050024032593,-0.011999893002212048,0.9955509305000305],"EasingStyle":"Linear","EasingDirection":"In"}}},{"Time":0.20000000298023225,"poses":{"Left Leg":{"Weight":1,"CFrame":[-0.3977413475513458,1.2517037391662598,0.13919973373413087,0.9233124256134033,0.3808281123638153,-0.04964020848274231,-0.38144823908805849,0.8943465352058411,-0.23375537991523744,-0.04462525248527527,0.23476442694664002,0.9710274934768677],"EasingStyle":"Linear","EasingDirection":"In"},"Right Arm":{"Weight":1,"CFrame":[-0.04525493085384369,-1.0759586095809937,0.3996490240097046,-0.6121861934661865,-0.7760887145996094,0.15137523412704469,0.6319989562034607,-0.3652062714099884,0.6835216879844666,-0.47519055008888247,0.514111340045929,0.7140613794326782],"EasingStyle":"Linear","EasingDirection":"In"},"Head":{"Weight":1,"CFrame":[0.000011064112186431885,0.00024899840354919434,0,0.9952055811882019,0.06217527389526367,-0.07549972832202912,-0.08686146140098572,0.9166791439056397,-0.3900701403617859,0.04495649039745331,0.3947581350803375,0.9176846742630005],"EasingStyle":"Linear","EasingDirection":"In"},"Left Arm":{"Weight":1,"CFrame":[-0.3385116457939148,-0.8715876340866089,0.19227862358093263,-0.6993028521537781,0.7125869393348694,-0.0565267950296402,-0.5359134674072266,-0.4703032970428467,0.7011503577232361,0.47304585576057436,0.5206097364425659,0.710769534111023],"EasingStyle":"Linear","EasingDirection":"In"},"Torso":{"Weight":1,"CFrame":[-0.15505099296569825,-0.08270147442817688,-0.18534347414970399,0.7958536744117737,-0.6019542217254639,0.06533077359199524,0.6047616600990295,0.784969687461853,-0.13448387384414674,0.02967054396867752,0.1465390920639038,0.9887598752975464],"EasingStyle":"Linear","EasingDirection":"In"},"HumanoidRootPart":{"Weight":1,"CFrame":[0,0,0,1,0,0,0,1,0,0,0,1],"EasingStyle":"Linear","EasingDirection":"In"},"Right Leg":{"Weight":1,"CFrame":[0.4147075116634369,0.17496877908706666,-0.08003354072570801,0.9682555198669434,0.22664739191532136,-0.10541477799415589,-0.22423900663852693,0.9739295244216919,0.03432049974799156,0.11044549942016602,-0.009593088179826737,0.9938361048698425],"EasingStyle":"Linear","EasingDirection":"In"}}},{"Time":0.23333333432674409,"poses":{"Left Leg":{"Weight":1,"CFrame":[-0.2909452021121979,1.2414579391479493,0.21275436878204347,0.9057612419128418,0.42304131388664248,0.02516198344528675,-0.3993242681026459,0.8718482851982117,-0.28358572721481326,-0.1419059932231903,0.24681319296360017,0.958617091178894],"EasingStyle":"Linear","EasingDirection":"In"},"Right Arm":{"Weight":1,"CFrame":[-0.030828138813376428,-0.9523335695266724,0.44100141525268557,-0.528902530670166,-0.8183446526527405,0.22488784790039063,0.6266301274299622,-0.19784940779209138,0.7537842988967896,-0.5723614692687988,0.539599597454071,0.6174424886703491],"EasingStyle":"Linear","EasingDirection":"In"},"Head":{"Weight":1,"CFrame":[0.000009484589099884034,0.0002562403678894043,0,0.9987068176269531,0.05082198977470398,0.001609906554222107,-0.047435104846954349,0.9426218867301941,-0.33047616481781008,-0.01831302046775818,0.32997238636016848,0.9438132047653198],"EasingStyle":"Linear","EasingDirection":"In"},"Left Arm":{"Weight":1,"CFrame":[-0.24635499715805055,-0.8026140332221985,0.1568509340286255,-0.5471210479736328,0.8315519094467163,-0.09581539779901505,-0.6087371706962586,-0.31670257449150088,0.7274194955825806,0.5745421051979065,0.4563128650188446,0.6794710159301758],"EasingStyle":"Linear","EasingDirection":"In"},"Torso":{"Weight":1,"CFrame":[-0.1474132090806961,-0.1328016221523285,-0.1711537092924118,0.828522801399231,-0.5576884150505066,0.0503372848033905,0.5569137334823608,0.8113281726837158,-0.1777469515800476,0.0582873560488224,0.1753009855747223,0.9827880859375],"EasingStyle":"Linear","EasingDirection":"In"},"HumanoidRootPart":{"Weight":1,"CFrame":[0,0,0,1,0,0,0,1,0,0,0,1],"EasingStyle":"Linear","EasingDirection":"In"},"Right Leg":{"Weight":1,"CFrame":[0.43736040592193606,0.2061833143234253,-0.09491032361984253,0.9737281799316406,0.20710287988185883,-0.09466889500617981,-0.20096980035305024,0.9770658612251282,0.07038287818431854,0.10707437992095947,-0.049508143216371539,0.9930179715156555],"EasingStyle":"Linear","EasingDirection":"In"}}},{"Time":0.2666666805744171,"poses":{"Left Leg":{"Weight":1,"CFrame":[-0.5279935598373413,1.1828587055206299,0.21979165077209474,0.9552254676818848,0.24812453985214234,0.16117918491363526,-0.2026197612285614,0.9455364942550659,-0.25476714968681338,-0.2156147062778473,0.21070203185081483,0.953475296497345],"EasingStyle":"Linear","EasingDirection":"In"},"Right Arm":{"Weight":1,"CFrame":[-0.24371333420276643,-0.8618519902229309,0.45232462882995608,-0.3250473141670227,-0.8579835295677185,0.3977546989917755,0.6944414973258972,0.06895310431718826,0.7162380218505859,-0.6419467329978943,0.5090285539627075,0.5734062194824219],"EasingStyle":"Linear","EasingDirection":"In"},"Head":{"Weight":1,"CFrame":[0.000003419816493988037,0.0002639293670654297,0,0.995651364326477,0.035857200622558597,0.08598406612873078,-0.014300882816314698,0.9708486795425415,-0.23926687240600587,-0.09205690026283264,0.23699672520160676,0.967139482498169],"EasingStyle":"Linear","EasingDirection":"In"},"Left Arm":{"Weight":1,"CFrame":[-0.009377654641866684,-0.7840684056282044,0.09350144863128662,-0.2259180098772049,0.9545046091079712,-0.19463379681110383,-0.7406306266784668,-0.03851214796304703,0.6708080768585205,0.632793664932251,0.2956992983818054,0.7156360149383545],"EasingStyle":"Linear","EasingDirection":"In"},"Torso":{"Weight":1,"CFrame":[-0.13971051573753358,-0.20104900002479554,-0.07789230346679688,0.865656852722168,-0.5002470016479492,0.019781649112701417,0.49334728717803957,0.845665454864502,-0.20361386239528657,0.08512857556343079,0.1860189139842987,0.9788515567779541],"EasingStyle":"Linear","EasingDirection":"In"},"HumanoidRootPart":{"Weight":1,"CFrame":[0,0,0,1,0,0,0,1,0,0,0,1],"EasingStyle":"Linear","EasingDirection":"In"},"Right Leg":{"Weight":1,"CFrame":[0.3567962050437927,0.20464181900024415,-0.13072943687438966,0.9878754615783691,0.13637374341487885,-0.0741933286190033,-0.1281834840774536,0.9860936999320984,0.10577647387981415,0.08758682012557984,-0.09498362243175507,0.9916184544563294],"EasingStyle":"Linear","EasingDirection":"In"}}},{"Time":0.30000001192092898,"poses":{"Left Leg":{"Weight":1,"CFrame":[-0.840538740158081,0.8957299590110779,0.1675887107849121,0.9717503786087036,0.016555411741137506,0.23543047904968263,0.023477202281355859,0.9858083128929138,-0.16622529923915864,-0.2348412275314331,0.16705666482448579,0.9575707912445068],"EasingStyle":"Linear","EasingDirection":"In"},"Right Arm":{"Weight":1,"CFrame":[-0.6001625657081604,-0.6865644454956055,0.3869360685348511,0.044210370630025867,-0.8148564696311951,0.577974259853363,0.7429930567741394,0.4135674834251404,0.5262349843978882,-0.6678375601768494,0.40616583824157717,0.6237168312072754],"EasingStyle":"Linear","EasingDirection":"In"},"Head":{"Weight":1,"CFrame":[0.00000321120023727417,0.000267617404460907,0,0.9899352192878723,0.019633769989013673,0.1401531845331192,0.000467151403427124,0.9898711442947388,-0.14196895062923432,-0.14152094721794129,0.14060546457767487,0.9798991084098816],"EasingStyle":"Linear","EasingDirection":"In"},"Left Arm":{"Weight":1,"CFrame":[0.2869092524051666,-0.693029522895813,-0.04512602090835571,0.24110178649425507,0.9293482899665833,-0.27960994839668276,-0.7857204079627991,0.3560333847999573,0.5058494210243225,0.5696608424186707,0.09773401916027069,0.8160483241081238],"EasingStyle":"Linear","EasingDirection":"In"},"Torso":{"Weight":1,"CFrame":[-0.11079926043748856,-0.2913937270641327,0.03266504406929016,0.8863760232925415,-0.46273937821388247,-0.014486953616142273,0.4511363208293915,0.8703328371047974,-0.197476327419281,0.10398852080106735,0.16850268840789796,0.9802006483078003],"EasingStyle":"Linear","EasingDirection":"In"},"HumanoidRootPart":{"Weight":1,"CFrame":[0,0,0,1,0,0,0,1,0,0,0,1],"EasingStyle":"Linear","EasingDirection":"In"},"Right Leg":{"Weight":1,"CFrame":[0.22213247418403626,0.17040157318115235,-0.14378714561462403,0.9889501333236694,0.10343348234891892,-0.10620492696762085,-0.09033142030239105,0.9884685277938843,0.12153209000825882,0.11755070090293884,-0.11059559881687164,0.9868894815444946],"EasingStyle":"Linear","EasingDirection":"In"}}},{"Time":0.3333333432674408,"poses":{"Left Leg":{"Weight":1,"CFrame":[-0.8503237366676331,0.47543609142303469,0.08710408210754395,0.9594588279724121,-0.09442704916000366,0.2655605375766754,0.13058079779148103,0.9839118123054504,-0.12192671000957489,-0.24977493286132813,0.1516607254743576,0.9563533663749695],"EasingStyle":"Linear","EasingDirection":"In"},"Right Arm":{"Weight":1,"CFrame":[-0.8273398876190186,-0.40897223353385928,0.19314205646514893,0.4718284606933594,-0.6450642943382263,0.6010579466819763,0.6083791255950928,0.7316119074821472,0.30760133266448977,-0.6381638050079346,0.22053596377372743,0.7376389503479004],"EasingStyle":"Linear","EasingDirection":"In"},"Head":{"Weight":1,"CFrame":[-0.0000017285346984863282,0.0002736225724220276,0,0.9860581159591675,0.0014476478099822999,0.16639673709869386,0.008976936340332032,0.9980435371398926,-0.061879947781562808,-0.16616065800189973,0.06251098215579987,0.9841153025627136],"EasingStyle":"Linear","EasingDirection":"In"},"Left Arm":{"Weight":1,"CFrame":[0.5069578886032105,-0.4606359899044037,-0.23764073848724366,0.7204192876815796,0.6418634057044983,-0.2626939117908478,-0.5794357657432556,0.7651914954185486,0.28059905767440798,0.381117582321167,-0.04993494972586632,0.9231774806976318],"EasingStyle":"Linear","EasingDirection":"In"},"Torso":{"Weight":1,"CFrame":[-0.048216573894023898,-0.39663177728652956,0.10216458141803742,0.8988383412361145,-0.4342845380306244,-0.059049323201179507,0.419918417930603,0.8919180035591126,-0.16778258979320527,0.12553252279758454,0.12601357698440553,0.984053909778595],"EasingStyle":"Linear","EasingDirection":"In"},"HumanoidRootPart":{"Weight":1,"CFrame":[0,0,0,1,0,0,0,1,0,0,0,1],"EasingStyle":"Linear","EasingDirection":"In"},"Right Leg":{"Weight":1,"CFrame":[0.10848672688007355,0.14426147937774659,-0.12108743190765381,0.9590013027191162,0.1671428382396698,-0.22886738181114198,-0.14212776720523835,0.9823200106620789,0.12184777855873108,0.24518701434135438,-0.08432379364967346,0.9658018350601196],"EasingStyle":"Linear","EasingDirection":"In"}}},{"Time":0.36666667461395266,"poses":{"Left Leg":{"Weight":1,"CFrame":[-0.6725360751152039,0.17135745286941529,0.014215469360351563,0.9607778787612915,-0.11076816916465759,0.25423797965049746,0.14566417038440705,0.9816879034042358,-0.12276379019021988,-0.23598399758338929,0.15498200058937074,0.959318995475769],"EasingStyle":"Linear","EasingDirection":"In"},"Right Arm":{"Weight":1,"CFrame":[-0.8151439428329468,-0.16515511274337769,-0.09354805946350098,0.8236503601074219,-0.3239484429359436,0.4654657542705536,0.27455273270606997,0.9459664821624756,0.17253492772579194,-0.49620723724365237,-0.014313695952296257,0.8680864572525024],"EasingStyle":"Linear","EasingDirection":"In"},"Head":{"Weight":1,"CFrame":[-0.00000311434268951416,0.000268738716840744,0,0.9839715361595154,-0.017665594816207887,0.17745068669319154,0.01894676685333252,0.9998055100440979,-0.005527101457118988,-0.1773185133934021,0.008800521492958069,0.9841143488883972],"EasingStyle":"Linear","EasingDirection":"In"},"Left Arm":{"Weight":1,"CFrame":[0.5422312617301941,-0.17879387736320496,-0.41613495349884035,0.9783492684364319,0.16872523725032807,-0.1198548674583435,-0.1576724797487259,0.982770562171936,0.09644618630409241,0.13406285643577577,-0.07546035945415497,0.9880960583686829],"EasingStyle":"Linear","EasingDirection":"In"},"Torso":{"Weight":1,"CFrame":[0.026360465213656427,-0.49852263927459719,0.08165478706359863,0.9082218408584595,-0.40632548928260805,-0.10016459971666336,0.39288759231567385,0.9103075265884399,-0.13030683994293214,0.14412754774093629,0.07899405062198639,0.9864012002944946],"EasingStyle":"Linear","EasingDirection":"In"},"HumanoidRootPart":{"Weight":1,"CFrame":[0,0,0,1,0,0,0,1,0,0,0,1],"EasingStyle":"Linear","EasingDirection":"In"},"Right Leg":{"Weight":1,"CFrame":[-0.03427756205201149,0.1483694314956665,-0.0708380937576294,0.8777673244476318,0.2478930950164795,-0.40996867418289187,-0.21384792029857636,0.968478798866272,0.12774205207824708,0.4287124276161194,-0.024456696584820749,0.9031103849411011],"EasingStyle":"Linear","EasingDirection":"In"}}},{"Time":0.4000000059604645,"poses":{"Left Leg":{"Weight":1,"CFrame":[-0.607661783695221,0.009386956691741944,-0.028349697589874269,0.9881908297538757,-0.12718084454536439,0.08546477556228638,0.13884718716144563,0.979137122631073,-0.14836567640304566,-0.06481248140335083,0.15848010778427125,0.9852328300476074],"EasingStyle":"Linear","EasingDirection":"In"},"Right Arm":{"Weight":1,"CFrame":[-0.6244125962257385,-0.0773364007472992,-0.34483474493026736,0.9699808955192566,0.06809475272893906,0.23345381021499635,-0.11029920727014542,0.9787628054618836,0.17279474437236787,-0.21672940254211427,-0.1933572143316269,0.9568918943405151],"EasingStyle":"Linear","EasingDirection":"In"},"Head":{"Weight":1,"CFrame":[-0.00000994652509689331,0.00027010776102542877,0,0.9848254919052124,-0.030704468488693239,0.1708115190267563,0.028277099132537843,0.9994620084762573,0.016625922173261644,-0.1712302416563034,-0.01154354214668274,0.985163688659668],"EasingStyle":"Linear","EasingDirection":"In"},"Left Arm":{"Weight":1,"CFrame":[0.43751782178878786,-0.022389143705368043,-0.5307577848434448,0.9746419191360474,-0.20993687212467194,0.07746011018753052,0.20554430782794953,0.9767464995384216,0.06097549572587013,-0.08845996856689453,-0.04350781813263893,0.9951294660568237],"EasingStyle":"Linear","EasingDirection":"In"},"Torso":{"Weight":1,"CFrame":[0.09003002196550369,-0.5822834372520447,-0.005085095763206482,0.9139366149902344,-0.38738811016082766,-0.12103939056396485,0.37803351879119875,0.9210639595985413,-0.09344518929719925,0.1476844996213913,0.03964603692293167,0.9882397055625916],"EasingStyle":"Linear","EasingDirection":"In"},"HumanoidRootPart":{"Weight":1,"CFrame":[0,0,0,1,0,0,0,1,0,0,0,1],"EasingStyle":"Linear","EasingDirection":"In"},"Right Leg":{"Weight":1,"CFrame":[-0.14450621604919434,0.15918993949890138,-0.03256678581237793,0.7855178713798523,0.31600722670555117,-0.5320728421211243,-0.286363810300827,0.9478147029876709,0.1401544213294983,0.5485962629318237,0.042272623628377917,0.8350184559822083],"EasingStyle":"Linear","EasingDirection":"In"}}},{"Time":0.4333333373069763,"poses":{"Left Leg":{"Weight":1,"CFrame":[-0.6182893514633179,-0.06074315309524536,-0.045519232749938968,0.9820408821105957,-0.18806645274162293,-0.015082627534866333,0.18303123116493226,0.9690390229225159,-0.1657201647758484,0.045781880617141727,0.15998321771621705,0.9860577583312988],"EasingStyle":"Linear","EasingDirection":"In"},"Right Arm":{"Weight":1,"CFrame":[-0.4378666877746582,-0.1236802339553833,-0.45834946632385256,0.9461778998374939,0.32312455773353579,0.01841193251311779,-0.3155164122581482,0.9082369208335877,0.27487343549728396,0.07209581136703491,-0.2658882141113281,0.9613044261932373],"EasingStyle":"Linear","EasingDirection":"In"},"Head":{"Weight":1,"CFrame":[-0.000011496245861053467,0.00027242465876042843,0,0.9891954660415649,-0.03456518054008484,0.14247141778469087,0.033911168575286868,0.9994007349014282,0.007015880662947893,-0.14262861013412476,-0.002108681946992874,0.9897742867469788],"EasingStyle":"Linear","EasingDirection":"In"},"Left Arm":{"Weight":1,"CFrame":[0.32434016466140749,-0.019178032875061036,-0.57916659116745,0.8928059935569763,-0.39332059025764468,0.2195388376712799,0.37100785970687868,0.9185018539428711,0.1367766410112381,-0.25544387102127077,-0.040664419531822208,0.9659686088562012],"EasingStyle":"Linear","EasingDirection":"In"},"Torso":{"Weight":1,"CFrame":[0.1268080770969391,-0.6329165101051331,-0.09565208852291107,0.9201245307922363,-0.37387803196907046,-0.11656053364276886,0.36901360750198367,0.9273765683174133,-0.061660394072532657,0.13114888966083527,0.013722822070121766,0.9912678003311157],"EasingStyle":"Linear","EasingDirection":"In"},"HumanoidRootPart":{"Weight":1,"CFrame":[0,0,0,1,0,0,0,1,0,0,0,1],"EasingStyle":"Linear","EasingDirection":"In"},"Right Leg":{"Weight":1,"CFrame":[-0.1788252592086792,0.14275407791137696,-0.037316203117370608,0.7721685767173767,0.3589836061000824,-0.5242969393730164,-0.3420763611793518,0.9301974773406982,0.13310188055038453,0.5354810953140259,0.07657264918088913,0.8410691618919373],"EasingStyle":"Linear","EasingDirection":"In"}}},{"Time":0.46666666865348818,"poses":{"Left Leg":{"Weight":1,"CFrame":[-0.6336675882339478,-0.06523507833480835,0.015511870384216309,0.9731273651123047,-0.22971895337104798,-0.015886276960372926,0.22352167963981629,0.9589449763298035,-0.17453481256961823,0.05532792583107948,0.16629359126091004,0.9845229983329773],"EasingStyle":"Linear","EasingDirection":"In"},"Right Arm":{"Weight":1,"CFrame":[-0.4296051263809204,-0.162418931722641,-0.48705077171325686,0.9520014524459839,0.29533642530441286,-0.08043663948774338,-0.243943452835083,0.8907690644264221,0.38343456387519839,0.18489252030849458,-0.34540829062461855,0.9200588464736939],"EasingStyle":"Linear","EasingDirection":"In"},"Head":{"Weight":1,"CFrame":[-0.00000907108187675476,0.0002760123461484909,0,0.9942795038223267,-0.03289198875427246,0.10161878913640976,0.03396713733673096,0.999383807182312,-0.008868064731359482,-0.10126453638076782,0.012269161641597748,0.9947839379310608],"EasingStyle":"Linear","EasingDirection":"In"},"Left Arm":{"Weight":1,"CFrame":[0.33314448595046999,-0.04395824670791626,-0.5823200345039368,0.8949657678604126,-0.38239267468452456,0.2298099398612976,0.34149184823036196,0.9186446666717529,0.19868382811546327,-0.2870889902114868,-0.09933709353208542,0.9527392983436585],"EasingStyle":"Linear","EasingDirection":"In"},"Torso":{"Weight":1,"CFrame":[0.15299828350543977,-0.6659760475158691,-0.13504482805728913,0.9316648244857788,-0.352651447057724,-0.08739371597766876,0.3492189049720764,0.935576319694519,-0.05237570405006409,0.10023380815982819,0.0182771235704422,0.9947960376739502],"EasingStyle":"Linear","EasingDirection":"In"},"HumanoidRootPart":{"Weight":1,"CFrame":[0,0,0,1,0,0,0,1,0,0,0,1],"EasingStyle":"Linear","EasingDirection":"In"},"Right Leg":{"Weight":1,"CFrame":[-0.12753146886825562,0.09206563234329224,-0.06515944004058838,0.8177317380905151,0.3780764043331146,-0.4340200424194336,-0.37589317560195925,0.9218040108680725,0.09477093815803528,0.43591204285621645,0.0856480598449707,0.8959047198295593],"EasingStyle":"Linear","EasingDirection":"In"}}},{"Time":0.5,"poses":{"Left Leg":{"Weight":1,"CFrame":[-0.5065940618515015,-0.035168468952178958,0.07524645328521729,0.9884296655654907,-0.1506998986005783,0.017230093479156495,0.15149812400341035,0.975254237651825,-0.1610218733549118,0.007462352514266968,0.16176903247833253,0.9868009090423584],"EasingStyle":"Linear","EasingDirection":"In"},"Right Arm":{"Weight":1,"CFrame":[-0.6558908224105835,-0.1323639154434204,-0.5062911510467529,0.9981241226196289,-0.007134760729968548,-0.060808178037405017,0.03287331014871597,0.90033358335495,0.43395787477493288,0.051651421934366229,-0.43514284491539,0.8988791704177856],"EasingStyle":"Linear","EasingDirection":"In"},"Head":{"Weight":1,"CFrame":[-0.000006664544343948364,0.00027175433933734894,0,0.9971961975097656,-0.032767921686172488,0.06728170067071915,0.033400267362594607,0.9994077682495117,-0.008294973522424698,-0.06697002053260803,0.010518983006477356,0.997700035572052],"EasingStyle":"Linear","EasingDirection":"In"},"Left Arm":{"Weight":1,"CFrame":[0.5582091212272644,-0.009259730577468872,-0.5585050582885742,0.9877099990844727,-0.11521515250205994,0.1056169867515564,0.09228914231061936,0.9752695560455322,0.20082952082157136,-0.12614363431930543,-0.18861396610736848,0.9739165306091309],"EasingStyle":"Linear","EasingDirection":"In"},"Torso":{"Weight":1,"CFrame":[0.1775059849023819,-0.7035845518112183,-0.10470503568649292,0.9479843974113464,-0.3141806721687317,-0.05115046724677086,0.31006914377212527,0.9477635025978088,-0.07484413683414459,0.07199312001466751,0.055090904235839847,0.9958826899528503],"EasingStyle":"Linear","EasingDirection":"In"},"HumanoidRootPart":{"Weight":1,"CFrame":[0,0,0,1,0,0,0,1,0,0,0,1],"EasingStyle":"Linear","EasingDirection":"In"},"Right Leg":{"Weight":1,"CFrame":[-0.07985179871320725,0.043213069438934329,-0.07439565658569336,0.870917797088623,0.3447486460208893,-0.3502153754234314,-0.3529491722583771,0.9346826076507568,0.04237615689635277,0.3419494330883026,0.08670211583375931,0.9357103705406189],"EasingStyle":"Linear","EasingDirection":"In"}}},{"Time":0.5333333611488342,"poses":{"Left Leg":{"Weight":1,"CFrame":[-0.353922575712204,-0.0033361315727233888,0.05238938331604004,0.9990139603614807,-0.027229897677898408,0.03506925702095032,0.0310685858130455,0.9929907321929932,-0.11403589695692063,-0.03171825408935547,0.1150129958987236,0.9928575158119202],"EasingStyle":"Linear","EasingDirection":"In"},"Right Arm":{"Weight":1,"CFrame":[-1.0352199077606202,-0.1295701563358307,-0.414703905582428,0.8690350651741028,-0.4929836690425873,0.04177778586745262,0.42718684673309328,0.7902752757072449,0.43929052352905276,-0.2495790272951126,-0.36391204595565798,0.8973732590675354],"EasingStyle":"Linear","EasingDirection":"In"},"Head":{"Weight":1,"CFrame":[-0.000008909031748771668,0.00027327239513397217,0,0.9981940984725952,-0.03772181272506714,0.04675548896193504,0.037956416606903079,0.9992709755897522,-0.004139989614486694,-0.04656527563929558,0.005907043814659119,0.9988977909088135],"EasingStyle":"Linear","EasingDirection":"In"},"Left Arm":{"Weight":1,"CFrame":[0.9799797534942627,-0.053551673889160159,-0.3818920850753784,0.8965675830841065,0.43012598156929018,-0.10563261806964874,-0.40085121989250185,0.8894556164741516,0.219514861702919,0.18837472796440125,-0.15446710586547852,0.9698737859725952],"EasingStyle":"Linear","EasingDirection":"In"},"Torso":{"Weight":1,"CFrame":[0.20072050392627717,-0.7389429807662964,-0.020592644810676576,0.9667811989784241,-0.2543615698814392,-0.025186404585838319,0.2500976026058197,0.9616905450820923,-0.11226117610931397,0.052776437252759936,0.10223287343978882,0.9933595061302185],"EasingStyle":"Linear","EasingDirection":"In"},"HumanoidRootPart":{"Weight":1,"CFrame":[0,0,0,1,0,0,0,1,0,0,0,1],"EasingStyle":"Linear","EasingDirection":"In"},"Right Leg":{"Weight":1,"CFrame":[0.1326787769794464,-0.03281944990158081,0.026268482208251954,0.8821696043014526,0.36622896790504458,-0.29606297612190249,-0.3840724527835846,0.92330002784729,-0.00229038973338902,0.2725162208080292,0.11573026329278946,0.9551658034324646],"EasingStyle":"Linear","EasingDirection":"In"}}},{"Time":0.5666666626930237,"poses":{"Left Leg":{"Weight":1,"CFrame":[-0.37381500005722048,0.0353163480758667,-0.015056848526000977,0.9999462962150574,-0.007036266848444939,0.0076204389333724979,0.007272718474268913,0.9994785189628601,-0.03146012872457504,-0.007395103573799133,0.03151387348771095,0.9994761347770691],"EasingStyle":"Linear","EasingDirection":"In"},"Right Arm":{"Weight":1,"CFrame":[-1.283022403717041,-0.3456212282180786,-0.13991910219192506,0.43655845522880556,-0.8873921036720276,0.14816254377365113,0.7648186683654785,0.452778160572052,0.45830607414245608,-0.4737820625305176,-0.0867600217461586,0.8763582706451416],"EasingStyle":"Linear","EasingDirection":"In"},"Head":{"Weight":1,"CFrame":[-0.000011222437024116516,0.00027079135179519653,0,0.9982811808586121,-0.04642312228679657,0.03577378764748573,0.04742926359176636,0.9984875321388245,-0.027809038758277894,-0.0344286672770977,0.0294579416513443,0.9989728927612305],"EasingStyle":"Linear","EasingDirection":"In"},"Left Arm":{"Weight":1,"CFrame":[1.251307487487793,-0.34623003005981448,-0.0722469687461853,0.42400145530700686,0.8724064230918884,-0.24316668510437013,-0.8161037564277649,0.4844593107700348,0.31507763266563418,0.3926801085472107,0.06485588103532791,0.9173856377601624],"EasingStyle":"Linear","EasingDirection":"In"},"Torso":{"Weight":1,"CFrame":[0.21745246648788453,-0.7384080290794373,0.05334185063838959,0.9847583174705505,-0.17343464493751527,-0.013099011033773423,0.17005755007266999,0.9759072065353394,-0.13669535517692567,0.036491140723228458,0.1323842853307724,0.990526556968689],"EasingStyle":"Linear","EasingDirection":"In"},"HumanoidRootPart":{"Weight":1,"CFrame":[0,0,0,1,0,0,0,1,0,0,0,1],"EasingStyle":"Linear","EasingDirection":"In"},"Right Leg":{"Weight":1,"CFrame":[0.615159809589386,-0.09865731000900269,0.16387939453125,0.7787887454032898,0.5487929582595825,-0.3038332164287567,-0.5706217885017395,0.8209638595581055,0.020225459709763528,0.2605358064174652,0.1576225608587265,0.9525105357170105],"EasingStyle":"Linear","EasingDirection":"In"}}},{"Time":0.6000000238418579,"poses":{"Left Leg":{"Weight":1,"CFrame":[-0.539417028427124,0.050403475761413577,-0.09274214506149292,0.9937302470207214,-0.09343557804822922,-0.0614016093313694,0.09603037685155869,0.9945437908172607,0.04075414687395096,0.05725871026515961,-0.04639501869678497,0.9972807765007019],"EasingStyle":"Linear","EasingDirection":"In"},"Right Arm":{"Weight":1,"CFrame":[-1.1413047313690186,-0.8057820796966553,0.20997977256774903,-0.15647149085998536,-0.9701879620552063,0.18507349491119386,0.8459822535514832,-0.03494282066822052,0.5320649743080139,-0.509736180305481,0.23982176184654237,0.8262291550636292],"EasingStyle":"Linear","EasingDirection":"In"},"Head":{"Weight":1,"CFrame":[-0.000017330050468444825,0.0002695024013519287,0,0.9977372884750366,-0.05562201142311096,0.03776964545249939,0.05904488265514374,0.9935756921768189,-0.09654730558395386,-0.03215683251619339,0.09855888783931732,0.9946117401123047],"EasingStyle":"Linear","EasingDirection":"In"},"Left Arm":{"Weight":1,"CFrame":[1.126778483390808,-0.8253039121627808,0.1681838035583496,-0.15811216831207276,0.9706374406814575,-0.18128421902656556,-0.8684019446372986,-0.049306534230709079,0.4934035837650299,0.46997731924057009,0.2354404628276825,0.8506993055343628],"EasingStyle":"Linear","EasingDirection":"In"},"Torso":{"Weight":1,"CFrame":[0.22887519001960755,-0.7043439745903015,0.07643035054206848,0.9971165657043457,-0.07416607439517975,-0.016062572598457338,0.07126110047101975,0.9878979325294495,-0.13776686787605287,0.02608582004904747,0.13622497022151948,0.9903344511985779],"EasingStyle":"Linear","EasingDirection":"In"},"HumanoidRootPart":{"Weight":1,"CFrame":[0,0,0,1,0,0,0,1,0,0,0,1],"EasingStyle":"Linear","EasingDirection":"In"},"Right Leg":{"Weight":1,"CFrame":[1.107384204864502,-0.10810917615890503,0.26652073860168459,0.596267580986023,0.7480748295783997,-0.2912891209125519,-0.7625566720962524,0.6412097215652466,0.08577438443899155,0.25094321370124819,0.17097993195056916,0.9527819752693176],"EasingStyle":"Linear","EasingDirection":"In"}}},{"Time":0.6333333253860474,"poses":{"Left Leg":{"Weight":1,"CFrame":[-0.680402398109436,0.010346770286560059,-0.12960684299468995,0.973919153213501,-0.2078339010477066,-0.09103477001190186,0.2137802392244339,0.9749606251716614,0.061237916350364688,0.07602797448635102,-0.07910219579935074,0.9939632415771484],"EasingStyle":"Linear","EasingDirection":"In"},"Right Arm":{"Weight":1,"CFrame":[-0.5896956324577332,-1.1853243112564088,0.48915982246398928,-0.6409327387809753,-0.7552317380905151,0.13722559809684754,0.642671525478363,-0.43021973967552187,0.6339440941810608,-0.4197373390197754,0.4945060610771179,0.7611075043678284],"EasingStyle":"Linear","EasingDirection":"In"},"Head":{"Weight":1,"CFrame":[-0.000019976869225502015,0.0002662092447280884,0,0.9967937469482422,-0.06182378530502319,0.050798315554857257,0.07035854458808899,0.9795598983764648,-0.1884482204914093,-0.038109440356492999,0.19141805171966554,0.9807689785957336],"EasingStyle":"Linear","EasingDirection":"In"},"Left Arm":{"Weight":1,