{"Sequence":[{"Time":0,"poses":{"Left Leg":{"Weight":1,"CFrame":[-0.4466950297355652,-0.08774459362030029,0.11964118480682373,0.8465162515640259,-0.47495442628860476,0.24047574400901795,0.512275755405426,0.849647045135498,-0.12519410252571107,-0.14485810697078706,0.22916874289512635,0.9625476002693176],"EasingStyle":"Constant","EasingDirection":"In"},"Right Arm":{"Weight":1,"CFrame":[0.4383929371833801,-0.26252609491348269,-0.12947851419448853,0.23950845003128053,-0.8356552124023438,0.4942835569381714,0.9493319988250732,0.3082663118839264,0.06116166710853577,-0.2034810185432434,0.45459040999412539,0.8671465516090393],"EasingStyle":"Constant","EasingDirection":"In"},"Head":{"Weight":1,"CFrame":[7.078051567077637e-8,5.727633833885193e-8,-5.960464477539063e-8,0.9979143142700195,-0.051783375442028049,0.03854304552078247,0.05993134155869484,0.9650534391403198,-0.25510817766189577,-0.023985739797353746,0.2568860352039337,0.9661440253257752],"EasingStyle":"Constant","EasingDirection":"In"},"Right Leg":{"Weight":1,"CFrame":[0.3086596727371216,0.3851492404937744,-0.015470445156097412,0.8219715356826782,0.4906546473503113,-0.28917285799980166,-0.19161581993103028,0.7163907289505005,0.6708709001541138,0.5363267064094544,-0.4960267245769501,0.6828699111938477],"EasingStyle":"Constant","EasingDirection":"In"},"Torso":{"Weight":1,"CFrame":[0.23705142736434937,0.27280372381210329,-0.3083791732788086,0.9822347164154053,-0.07933929562568665,-0.17005953192710877,0.11603247374296189,0.9690025448799133,0.21810677647590638,0.1474836766719818,-0.2339644879102707,0.9609938859939575],"EasingStyle":"Constant","EasingDirection":"In"},"HumanoidRootPart":{"Weight":0,"CFrame":[0,0,0,1,0,0,0,1,0,0,0,1],"EasingStyle":"Linear","EasingDirection":"In"},"Left Arm":{"Weight":1,"CFrame":[-0.35041770339012148,-0.17974945902824403,0.10503935813903809,0.3350706696510315,0.8781776428222656,0.34136736392974856,-0.9387233257293701,0.3422199487686157,0.0410369448363781,-0.08078505098819733,-0.3341999650001526,0.9390337467193604],"EasingStyle":"Constant","EasingDirection":"In"}}},{"Time":0.02500000037252903,"poses":{"Left Leg":{"Weight":1,"CFrame":[-0.4466950297355652,-0.08774459362030029,0.11964118480682373,0.8465162515640259,-0.47495442628860476,0.24047574400901795,0.512275755405426,0.849647045135498,-0.12519410252571107,-0.14485810697078706,0.22916874289512635,0.9625476002693176],"EasingStyle":"Constant","EasingDirection":"In"},"Right Arm":{"Weight":1,"CFrame":[0.4383929371833801,-0.26252609491348269,-0.12947851419448853,0.23950845003128053,-0.8356552124023438,0.4942835569381714,0.9493319988250732,0.3082663118839264,0.06116166710853577,-0.2034810185432434,0.45459040999412539,0.8671465516090393],"EasingStyle":"Constant","EasingDirection":"In"},"Head":{"Weight":1,"CFrame":[7.078051567077637e-8,5.727633833885193e-8,-5.960464477539063e-8,0.9979143142700195,-0.051783375442028049,0.03854304552078247,0.05993134155869484,0.9650534391403198,-0.25510817766189577,-0.023985739797353746,0.2568860352039337,0.9661440253257752],"EasingStyle":"Constant","EasingDirection":"In"},"Right Leg":{"Weight":1,"CFrame":[0.3086596727371216,0.3851492404937744,-0.015470445156097412,0.8219715356826782,0.4906546473503113,-0.28917285799980166,-0.19161581993103028,0.7163907289505005,0.6708709001541138,0.5363267064094544,-0.4960267245769501,0.6828699111938477],"EasingStyle":"Constant","EasingDirection":"In"},"Torso":{"Weight":1,"CFrame":[0.23705142736434937,0.27280372381210329,-0.3083791732788086,0.9822347164154053,-0.07933929562568665,-0.17005953192710877,0.11603247374296189,0.9690025448799133,0.21810677647590638,0.1474836766719818,-0.2339644879102707,0.9609938859939575],"EasingStyle":"Constant","EasingDirection":"In"},"HumanoidRootPart":{"Weight":0,"CFrame":[0,0,0,1,0,0,0,1,0,0,0,1],"EasingStyle":"Linear","EasingDirection":"In"},"Left Arm":{"Weight":1,"CFrame":[-0.35041770339012148,-0.17974945902824403,0.10503935813903809,0.3350706696510315,0.8781776428222656,0.34136736392974856,-0.9387233257293701,0.3422199487686157,0.0410369448363781,-0.08078505098819733,-0.3341999650001526,0.9390337467193604],"EasingStyle":"Constant","EasingDirection":"In"}}},{"Time":0.05000000074505806,"poses":{"Left Leg":{"Weight":1,"CFrame":[-0.45396530628204348,-0.08153843879699707,0.12223219871520996,0.8484441041946411,-0.471528023481369,0.24042455852031709,0.5088109970092773,0.8517391681671143,-0.12510748207569123,-0.1457873433828354,0.228477343916893,0.9625717401504517],"EasingStyle":"Constant","EasingDirection":"In"},"Right Arm":{"Weight":1,"CFrame":[0.43515411019325259,-0.2702423930168152,-0.1263355016708374,0.22365932166576386,-0.8347315788269043,0.5031896233558655,0.9542888402938843,0.292561799287796,0.0611596554517746,-0.198265939950943,0.4665091931819916,0.8620091676712036],"EasingStyle":"Constant","EasingDirection":"In"},"Head":{"Weight":1,"CFrame":[1.8998980522155763e-7,-2.8405338525772096e-8,-5.960464477539063e-8,0.9979509115219116,-0.051321569830179217,0.038211364299058917,0.05933283269405365,0.9657997488975525,-0.25240930914878847,-0.023950491100549699,0.25415927171707156,0.9668658971786499],"EasingStyle":"Constant","EasingDirection":"In"},"Right Leg":{"Weight":1,"CFrame":[0.31660428643226626,0.38931041955947878,-0.013944745063781739,0.8218421339988709,0.4888584017753601,-0.2925628423690796,-0.19005942344665528,0.7193648219108582,0.6681254506111145,0.5370782017707825,-0.4934893250465393,0.684116542339325],"EasingStyle":"Constant","EasingDirection":"In"},"Torso":{"Weight":1,"CFrame":[0.2357347011566162,0.2713296115398407,-0.3121473789215088,0.9824252128601074,-0.07954759895801544,-0.1688576191663742,0.11514195799827576,0.9702858328819275,0.21280920505523683,0.14691169559955598,-0.2285117357969284,0.9623925089836121],"EasingStyle":"Constant","EasingDirection":"In"},"HumanoidRootPart":{"Weight":0,"CFrame":[0,0,0,1,0,0,0,1,0,0,0,1],"EasingStyle":"Linear","EasingDirection":"In"},"Left Arm":{"Weight":1,"CFrame":[-0.3488558232784271,-0.18904361128807069,0.10470235347747803,0.32063862681388857,0.8917602300643921,0.31930336356163027,-0.9442896246910095,0.3273561894893646,0.03398778289556503,-0.07421699911355972,-0.31241267919540408,0.9470428824424744],"EasingStyle":"Constant","EasingDirection":"In"}}},{"Time":0.07500000298023224,"poses":{"Left Leg":{"Weight":1,"CFrame":[-0.45396530628204348,-0.08153843879699707,0.12223219871520996,0.8484441041946411,-0.471528023481369,0.24042455852031709,0.5088109970092773,0.8517391681671143,-0.12510748207569123,-0.1457873433828354,0.228477343916893,0.9625717401504517],"EasingStyle":"Constant","EasingDirection":"In"},"Right Arm":{"Weight":1,"CFrame":[0.43515411019325259,-0.2702423930168152,-0.1263355016708374,0.22365932166576386,-0.8347315788269043,0.5031896233558655,0.9542888402938843,0.292561799287796,0.0611596554517746,-0.198265939950943,0.4665091931819916,0.8620091676712036],"EasingStyle":"Constant","EasingDirection":"In"},"Head":{"Weight":1,"CFrame":[1.8998980522155763e-7,-2.8405338525772096e-8,-5.960464477539063e-8,0.9979509115219116,-0.051321569830179217,0.038211364299058917,0.05933283269405365,0.9657997488975525,-0.25240930914878847,-0.023950491100549699,0.25415927171707156,0.9668658971786499],"EasingStyle":"Constant","EasingDirection":"In"},"Right Leg":{"Weight":1,"CFrame":[0.31660428643226626,0.38931041955947878,-0.013944745063781739,0.8218421339988709,0.4888584017753601,-0.2925628423690796,-0.19005942344665528,0.7193648219108582,0.6681254506111145,0.5370782017707825,-0.4934893250465393,0.684116542339325],"EasingStyle":"Constant","EasingDirection":"In"},"Torso":{"Weight":1,"CFrame":[0.2357347011566162,0.2713296115398407,-0.3121473789215088,0.9824252128601074,-0.07954759895801544,-0.1688576191663742,0.11514195799827576,0.9702858328819275,0.21280920505523683,0.14691169559955598,-0.2285117357969284,0.9623925089836121],"EasingStyle":"Constant","EasingDirection":"In"},"HumanoidRootPart":{"Weight":0,"CFrame":[0,0,0,1,0,0,0,1,0,0,0,1],"EasingStyle":"Linear","EasingDirection":"In"},"Left Arm":{"Weight":1,"CFrame":[-0.3488558232784271,-0.18904361128807069,0.10470235347747803,0.32063862681388857,0.8917602300643921,0.31930336356163027,-0.9442896246910095,0.3273561894893646,0.03398778289556503,-0.07421699911355972,-0.31241267919540408,0.9470428824424744],"EasingStyle":"Constant","EasingDirection":"In"}}},{"Time":0.10000000149011612,"poses":{"Left Leg":{"Weight":1,"CFrame":[-0.45396530628204348,-0.08153843879699707,0.12223219871520996,0.8484441041946411,-0.471528023481369,0.24042455852031709,0.5088109970092773,0.8517391681671143,-0.12510748207569123,-0.1457873433828354,0.228477343916893,0.9625717401504517],"EasingStyle":"Constant","EasingDirection":"In"},"Right Arm":{"Weight":1,"CFrame":[0.43515411019325259,-0.2702423930168152,-0.1263355016708374,0.22365932166576386,-0.8347315788269043,0.5031896233558655,0.9542888402938843,0.292561799287796,0.0611596554517746,-0.198265939950943,0.4665091931819916,0.8620091676712036],"EasingStyle":"Constant","EasingDirection":"In"},"Head":{"Weight":1,"CFrame":[1.8998980522155763e-7,-2.8405338525772096e-8,-5.960464477539063e-8,0.9979509115219116,-0.051321569830179217,0.038211364299058917,0.05933283269405365,0.9657997488975525,-0.25240930914878847,-0.023950491100549699,0.25415927171707156,0.9668658971786499],"EasingStyle":"Constant","EasingDirection":"In"},"Right Leg":{"Weight":1,"CFrame":[0.31660428643226626,0.38931041955947878,-0.013944745063781739,0.8218421339988709,0.4888584017753601,-0.2925628423690796,-0.19005942344665528,0.7193648219108582,0.6681254506111145,0.5370782017707825,-0.4934893250465393,0.684116542339325],"EasingStyle":"Constant","EasingDirection":"In"},"Torso":{"Weight":1,"CFrame":[0.2357347011566162,0.2713296115398407,-0.3121473789215088,0.9824252128601074,-0.07954759895801544,-0.1688576191663742,0.11514195799827576,0.9702858328819275,0.21280920505523683,0.14691169559955598,-0.2285117357969284,0.9623925089836121],"EasingStyle":"Constant","EasingDirection":"In"},"HumanoidRootPart":{"Weight":0,"CFrame":[0,0,0,1,0,0,0,1,0,0,0,1],"EasingStyle":"Linear","EasingDirection":"In"},"Left Arm":{"Weight":1,"CFrame":[-0.3488558232784271,-0.18904361128807069,0.10470235347747803,0.32063862681388857,0.8917602300643921,0.31930336356163027,-0.9442896246910095,0.3273561894893646,0.03398778289556503,-0.07421699911355972,-0.31241267919540408,0.9470428824424744],"EasingStyle":"Constant","EasingDirection":"In"}}},{"Time":0.125,"poses":{"Left Leg":{"Weight":1,"CFrame":[-0.5284812450408936,0.8162156343460083,0.0019791126251220705,0.9033640027046204,-0.23242239654064179,0.36043500900268557,0.12203545868396759,0.9449834823608398,0.30350232124328616,-0.4111458659172058,-0.23018713295459748,0.882027804851532],"EasingStyle":"Constant","EasingDirection":"In"},"Right Arm":{"Weight":1,"CFrame":[0.2708379328250885,-0.6532949805259705,0.09771323204040528,-0.47504591941833498,-0.3577936589717865,0.8039373159408569,0.825819730758667,-0.49678605794906618,0.26688066124916079,0.3038966953754425,0.7906878590583801,0.5314692258834839],"EasingStyle":"Constant","EasingDirection":"In"},"Head":{"Weight":1,"CFrame":[9.802170097827912e-8,2.954038791358471e-9,-5.960464477539063e-7,0.9998885989189148,0.014241824857890606,-0.00448697479441762,-0.014664807356894017,0.993200957775116,-0.11548549681901932,0.002811743877828121,0.11553841829299927,0.9932990670204163],"EasingStyle":"Constant","EasingDirection":"In"},"Right Leg":{"Weight":1,"CFrame":[0.5424517393112183,0.7620080709457398,0.08633279800415039,0.9127188920974731,0.23008890450000764,-0.3376438021659851,-0.1746768057346344,0.9667771458625794,0.1866282820701599,0.36936742067337038,-0.11136070638895035,0.922586977481842],"EasingStyle":"Constant","EasingDirection":"In"},"Torso":{"Weight":1,"CFrame":[-0.032135773450136188,0.20655134320259095,-0.7271523475646973,0.9998212456703186,0.0039025794249027969,0.018505161628127099,-0.0028922134079039098,0.9985196590423584,-0.054314929991960528,-0.01868973858654499,0.054251693189144137,0.9983523488044739],"EasingStyle":"Constant","EasingDirection":"In"},"HumanoidRootPart":{"Weight":0,"CFrame":[0,0,0,1,0,0,0,1,0,0,0,1],"EasingStyle":"Linear","EasingDirection":"In"},"Left Arm":{"Weight":1,"CFrame":[-0.2733682692050934,-0.6556758284568787,0.08530747890472412,-0.4726529121398926,0.3409045934677124,-0.8126398324966431,-0.8269838690757752,-0.49017468094825747,0.2753661870956421,-0.30446186661720278,0.8021926283836365,0.5136049389839172],"EasingStyle":"Constant","EasingDirection":"In"}}},{"Time":0.15000000596046449,"poses":{"Left Leg":{"Weight":1,"CFrame":[-0.5284812450408936,0.8162156343460083,0.0019791126251220705,0.9033640027046204,-0.23242239654064179,0.36043500900268557,0.12203545868396759,0.9449834823608398,0.30350232124328616,-0.4111458659172058,-0.23018713295459748,0.882027804851532],"EasingStyle":"Constant","EasingDirection":"In"},"Right Arm":{"Weight":1,"CFrame":[0.2708379328250885,-0.6532949805259705,0.09771323204040528,-0.47504591941833498,-0.3577936589717865,0.8039373159408569,0.825819730758667,-0.49678605794906618,0.26688066124916079,0.3038966953754425,0.7906878590583801,0.5314692258834839],"EasingStyle":"Constant","EasingDirection":"In"},"Head":{"Weight":1,"CFrame":[9.802170097827912e-8,2.954038791358471e-9,-5.960464477539063e-7,0.9998885989189148,0.014241824857890606,-0.00448697479441762,-0.014664807356894017,0.993200957775116,-0.11548549681901932,0.002811743877828121,0.11553841829299927,0.9932990670204163],"EasingStyle":"Constant","EasingDirection":"In"},"Right Leg":{"Weight":1,"CFrame":[0.5424517393112183,0.7620080709457398,0.08633279800415039,0.9127188920974731,0.23008890450000764,-0.3376438021659851,-0.1746768057346344,0.9667771458625794,0.1866282820701599,0.36936742067337038,-0.11136070638895035,0.922586977481842],"EasingStyle":"Constant","EasingDirection":"In"},"Torso":{"Weight":1,"CFrame":[-0.032135773450136188,0.20655134320259095,-0.7271523475646973,0.9998212456703186,0.0039025794249027969,0.018505161628127099,-0.0028922134079039098,0.9985196590423584,-0.054314929991960528,-0.01868973858654499,0.054251693189144137,0.9983523488044739],"EasingStyle":"Constant","EasingDirection":"In"},"HumanoidRootPart":{"Weight":0,"CFrame":[0,0,0,1,0,0,0,1,0,0,0,1],"EasingStyle":"Linear","EasingDirection":"In"},"Left Arm":{"Weight":1,"CFrame":[-0.2733682692050934,-0.6556758284568787,0.08530747890472412,-0.4726529121398926,0.3409045934677124,-0.8126398324966431,-0.8269838690757752,-0.49017468094825747,0.2753661870956421,-0.30446186661720278,0.8021926283836365,0.5136049389839172],"EasingStyle":"Constant","EasingDirection":"In"}}},{"Time":0.17499999701976777,"poses":{"Left Leg":{"Weight":1,"CFrame":[-0.5284812450408936,0.8162156343460083,0.0019791126251220705,0.9033640027046204,-0.23242239654064179,0.36043500900268557,0.12203545868396759,0.9449834823608398,0.30350232124328616,-0.4111458659172058,-0.23018713295459748,0.882027804851532],"EasingStyle":"Constant","EasingDirection":"In"},"Right Arm":{"Weight":1,"CFrame":[0.2708379328250885,-0.6532949805259705,0.09771323204040528,-0.47504591941833498,-0.3577936589717865,0.8039373159408569,0.825819730758667,-0.49678605794906618,0.26688066124916079,0.3038966953754425,0.7906878590583801,0.5314692258834839],"EasingStyle":"Constant","EasingDirection":"In"},"Head":{"Weight":1,"CFrame":[9.802170097827912e-8,2.954038791358471e-9,-5.960464477539063e-7,0.9998885989189148,0.014241824857890606,-0.00448697479441762,-0.014664807356894017,0.993200957775116,-0.11548549681901932,0.002811743877828121,0.11553841829299927,0.9932990670204163],"EasingStyle":"Constant","EasingDirection":"In"},"Right Leg":{"Weight":1,"CFrame":[0.5424517393112183,0.7620080709457398,0.08633279800415039,0.9127188920974731,0.23008890450000764,-0.3376438021659851,-0.1746768057346344,0.9667771458625794,0.1866282820701599,0.36936742067337038,-0.11136070638895035,0.922586977481842],"EasingStyle":"Constant","EasingDirection":"In"},"Torso":{"Weight":1,"CFrame":[-0.032135773450136188,0.20655134320259095,-0.7271523475646973,0.9998212456703186,0.0039025794249027969,0.018505161628127099,-0.0028922134079039098,0.9985196590423584,-0.054314929991960528,-0.01868973858654499,0.054251693189144137,0.9983523488044739],"EasingStyle":"Constant","EasingDirection":"In"},"HumanoidRootPart":{"Weight":0,"CFrame":[0,0,0,1,0,0,0,1,0,0,0,1],"EasingStyle":"Linear","EasingDirection":"In"},"Left Arm":{"Weight":1,"CFrame":[-0.2733682692050934,-0.6556758284568787,0.08530747890472412,-0.4726529121398926,0.3409045934677124,-0.8126398324966431,-0.8269838690757752,-0.49017468094825747,0.2753661870956421,-0.30446186661720278,0.8021926283836365,0.5136049389839172],"EasingStyle":"Constant","EasingDirection":"In"}}},{"Time":0.20000000298023225,"poses":{"Left Leg":{"Weight":1,"CFrame":[-0.30373239517211916,0.38355469703674319,-0.01736348867416382,0.8227453827857971,-0.4907241463661194,0.2868445813655853,0.19106997549533845,0.7140437364578247,0.6735234260559082,-0.5353338718414307,-0.499330997467041,0.6812389492988586],"EasingStyle":"Constant","EasingDirection":"In"},"Right Arm":{"Weight":1,"CFrame":[0.3512125313282013,-0.1750199794769287,0.1048814058303833,0.34224358201026919,-0.8710396885871887,-0.35236212611198428,0.9358285665512085,0.34960609674453738,0.04472829028964043,0.0842277780175209,-0.3450585901737213,0.9347943067550659],"EasingStyle":"Constant","EasingDirection":"In"},"Head":{"Weight":1,"CFrame":[1.4901161193847657e-8,1.3504177331924439e-8,0,0.99785315990448,0.0526602528989315,-0.038937781006097797,-0.06091460585594177,0.9646334052085877,-0.2564604580402374,0.024055417627096177,0.25828176736831667,0.9657701253890991],"EasingStyle":"Constant","EasingDirection":"In"},"Right Leg":{"Weight":1,"CFrame":[0.4427349865436554,-0.0921250581741333,0.11770975589752197,0.8456945419311523,0.47670024633407595,-0.23991134762763978,-0.5141814351081848,0.848207414150238,-0.1271291822195053,0.14289215207099915,0.23087042570114137,0.9624348282814026],"EasingStyle":"Constant","EasingDirection":"In"},"Torso":{"Weight":1,"CFrame":[-0.23882853984832765,0.27351075410842898,-0.3065621852874756,0.9820207953453064,0.07916335016489029,0.17137232422828675,-0.11658316105604172,0.9683380126953125,0.22074848413467408,-0.1484711617231369,-0.23675870895385743,0.9601570963859558],"EasingStyle":"Constant","EasingDirection":"In"},"HumanoidRootPart":{"Weight":0,"CFrame":[0,0,0,1,0,0,0,1,0,0,0,1],"EasingStyle":"Linear","EasingDirection":"In"},"Left Arm":{"Weight":1,"CFrame":[-0.44004109501838686,-0.2585999369621277,-0.13210463523864747,0.2475351095199585,0.8359862565994263,-0.4897483289241791,-0.9467176198959351,0.3161914646625519,0.06122713163495064,0.20603929460048676,0.4484975337982178,0.8697113990783691],"EasingStyle":"Constant","EasingDirection":"In"}}},{"Time":0.22499999403953553,"poses":{"Left Leg":{"Weight":1,"CFrame":[-0.30373239517211916,0.38355469703674319,-0.01736348867416382,0.8227453827857971,-0.4907241463661194,0.2868445813655853,0.19106997549533845,0.7140437364578247,0.6735234260559082,-0.5353338718414307,-0.499330997467041,0.6812389492988586],"EasingStyle":"Constant","EasingDirection":"In"},"Right Arm":{"Weight":1,"CFrame":[0.3512125313282013,-0.1750199794769287,0.1048814058303833,0.34224358201026919,-0.8710396885871887,-0.35236212611198428,0.9358285665512085,0.34960609674453738,0.04472829028964043,0.0842277780175209,-0.3450585901737213,0.9347943067550659],"EasingStyle":"Constant","EasingDirection":"In"},"Head":{"Weight":1,"CFrame":[1.4901161193847657e-8,1.3504177331924439e-8,0,0.99785315990448,0.0526602528989315,-0.038937781006097797,-0.06091460585594177,0.9646334052085877,-0.2564604580402374,0.024055417627096177,0.25828176736831667,0.9657701253890991],"EasingStyle":"Constant","EasingDirection":"In"},"Right Leg":{"Weight":1,"CFrame":[0.4427349865436554,-0.0921250581741333,0.11770975589752197,0.8456945419311523,0.47670024633407595,-0.23991134762763978,-0.5141814351081848,0.848207414150238,-0.1271291822195053,0.14289215207099915,0.23087042570114137,0.9624348282814026],"EasingStyle":"Constant","EasingDirection":"In"},"Torso":{"Weight":1,"CFrame":[-0.23882853984832765,0.27351075410842898,-0.3065621852874756,0.9820207953453064,0.07916335016489029,0.17137232422828675,-0.11658316105604172,0.9683380126953125,0.22074848413467408,-0.1484711617231369,-0.23675870895385743,0.9601570963859558],"EasingStyle":"Constant","EasingDirection":"In"},"HumanoidRootPart":{"Weight":0,"CFrame":[0,0,0,1,0,0,0,1,0,0,0,1],"EasingStyle":"Linear","EasingDirection":"In"},"Left Arm":{"Weight":1,"CFrame":[-0.44004109501838686,-0.2585999369621277,-0.13210463523864747,0.2475351095199585,0.8359862565994263,-0.4897483289241791,-0.9467176198959351,0.3161914646625519,0.06122713163495064,0.20603929460048676,0.4484975337982178,0.8697113990783691],"EasingStyle":"Constant","EasingDirection":"In"}}},{"Time":0.25,"poses":{"Left Leg":{"Weight":1,"CFrame":[-0.3281848430633545,0.3923243284225464,-0.011214911937713623,0.8225235939025879,-0.4866328537464142,0.2943524122238159,0.19147725403308869,0.7242937088012695,0.6623708605766296,-0.5355290174484253,-0.48845386505126955,0.6889278292655945],"EasingStyle":"Constant","EasingDirection":"In"},"Right Arm":{"Weight":1,"CFrame":[0.347266286611557,-0.19850176572799684,0.1050184965133667,0.30550050735473635,-0.9049376249313355,-0.2962384819984436,0.9497735500335693,0.3117614984512329,0.027112143114209176,0.06782092154026032,-0.289642333984375,0.9547291398048401],"EasingStyle":"Constant","EasingDirection":"In"},"Head":{"Weight":1,"CFrame":[2.086162567138672e-7,7.82310962677002e-8,0,0.9979557394981384,0.051613856106996539,-0.03768744692206383,-0.059415556490421298,0.9665109515190125,-0.24965262413024903,0.023539777845144273,0.25138145685195925,0.9676018953323364],"EasingStyle":"Constant","EasingDirection":"In"},"Right Leg":{"Weight":1,"CFrame":[0.4624123275279999,-0.07262659072875977,0.1251765489578247,0.8499723076820374,0.46900269389152529,-0.23996566236019135,-0.5055888295173645,0.8542016744613648,-0.12132395803928375,0.1480778455734253,0.22444592416286469,0.9631702899932861],"EasingStyle":"Constant","EasingDirection":"In"},"Torso":{"Weight":1,"CFrame":[-0.23235374689102174,0.2700485289096832,-0.31583142280578616,0.9830487370491028,0.07780914008617401,0.16601477563381196,-0.11199033260345459,0.9717624187469482,0.20769202709197999,-0.1451665759086609,-0.22276343405246736,0.9640036821365356],"EasingStyle":"Constant","EasingDirection":"In"},"HumanoidRootPart":{"Weight":0,"CFrame":[0,0,0,1,0,0,0,1,0,0,0,1],"EasingStyle":"Linear","EasingDirection":"In"},"Left Arm":{"Weight":1,"CFrame":[-0.4318578243255615,-0.2780953049659729,-0.12108302116394043,0.20743758976459504,0.8334155678749085,-0.512238621711731,-0.959080159664154,0.2764119803905487,0.061332400888204578,0.19270430505275727,0.4785551130771637,0.8566504716873169],"EasingStyle":"Constant","EasingDirection":"In"}}},{"Time":0.2750000059604645,"poses":{"Left Leg":{"Weight":1,"CFrame":[-0.3281848430633545,0.3923243284225464,-0.011214911937713623,0.8225235939025879,-0.4866328537464142,0.2943524122238159,0.19147725403308869,0.7242937088012695,0.6623708605766296,-0.5355290174484253,-0.48845386505126955,0.6889278292655945],"EasingStyle":"Constant","EasingDirection":"In"},"Right Arm":{"Weight":1,"CFrame":[0.347266286611557,-0.19850176572799684,0.1050184965133667,0.30550050735473635,-0.9049376249313355,-0.2962384819984436,0.9497735500335693,0.3117614984512329,0.027112143114209176,0.06782092154026032,-0.289642333984375,0.9547291398048401],"EasingStyle":"Constant","EasingDirection":"In"},"Head":{"Weight":1,"CFrame":[2.086162567138672e-7,7.82310962677002e-8,0,0.9979557394981384,0.051613856106996539,-0.03768744692206383,-0.059415556490421298,0.9665109515190125,-0.24965262413024903,0.023539777845144273,0.25138145685195925,0.9676018953323364],"EasingStyle":"Constant","EasingDirection":"In"},"Right Leg":{"Weight":1,"CFrame":[0.4624123275279999,-0.07262659072875977,0.1251765489578247,0.8499723076820374,0.46900269389152529,-0.23996566236019135,-0.5055888295173645,0.8542016744613648,-0.12132395803928375,0.1480778455734253,0.22444592416286469,0.9631702899932861],"EasingStyle":"Constant","EasingDirection":"In"},"Torso":{"Weight":1,"CFrame":[-0.23235374689102174,0.2700485289096832,-0.31583142280578616,0.9830487370491028,0.07780914008617401,0.16601477563381196,-0.11199033260345459,0.9717624187469482,0.20769202709197999,-0.1451665759086609,-0.22276343405246736,0.9640036821365356],"EasingStyle":"Constant","EasingDirection":"In"},"HumanoidRootPart":{"Weight":0,"CFrame":[0,0,0,1,0,0,0,1,0,0,0,1],"EasingStyle":"Linear","EasingDirection":"In"},"Left Arm":{"Weight":1,"CFrame":[-0.4318578243255615,-0.2780953049659729,-0.12108302116394043,0.20743758976459504,0.8334155678749085,-0.512238621711731,-0.959080159664154,0.2764119803905487,0.061332400888204578,0.19270430505275727,0.4785551130771637,0.8566504716873169],"EasingStyle":"Constant","EasingDirection":"In"}}},{"Time":0.30000001192092898,"poses":{"Left Leg":{"Weight":1,"CFrame":[-0.3281848430633545,0.3923243284225464,-0.011214911937713623,0.8225235939025879,-0.4866328537464142,0.2943524122238159,0.19147725403308869,0.7242937088012695,0.6623708605766296,-0.5355290174484253,-0.48845386505126955,0.6889278292655945],"EasingStyle":"Constant","EasingDirection":"In"},"Right Arm":{"Weight":1,"CFrame":[0.347266286611557,-0.19850176572799684,0.1050184965133667,0.30550050735473635,-0.9049376249313355,-0.2962384819984436,0.9497735500335693,0.3117614984512329,0.027112143114209176,0.06782092154026032,-0.289642333984375,0.9547291398048401],"EasingStyle":"Constant","EasingDirection":"In"},"Head":{"Weight":1,"CFrame":[2.086162567138672e-7,7.82310962677002e-8,0,0.9979557394981384,0.051613856106996539,-0.03768744692206383,-0.059415556490421298,0.9665109515190125,-0.24965262413024903,0.023539777845144273,0.25138145685195925,0.9676018953323364],"EasingStyle":"Constant","EasingDirection":"In"},"Right Leg":{"Weight":1,"CFrame":[0.4624123275279999,-0.07262659072875977,0.1251765489578247,0.8499723076820374,0.46900269389152529,-0.23996566236019135,-0.5055888295173645,0.8542016744613648,-0.12132395803928375,0.1480778455734253,0.22444592416286469,0.9631702899932861],"EasingStyle":"Constant","EasingDirection":"In"},"Torso":{"Weight":1,"CFrame":[-0.23235374689102174,0.2700485289096832,-0.31583142280578616,0.9830487370491028,0.07780914008617401,0.16601477563381196,-0.11199033260345459,0.9717624187469482,0.20769202709197999,-0.1451665759086609,-0.22276343405246736,0.9640036821365356],"EasingStyle":"Constant","EasingDirection":"In"},"HumanoidRootPart":{"Weight":0,"CFrame":[0,0,0,1,0,0,0,1,0,0,0,1],"EasingStyle":"Linear","EasingDirection":"In"},"Left Arm":{"Weight":1,"CFrame":[-0.4318578243255615,-0.2780953049659729,-0.12108302116394043,0.20743758976459504,0.8334155678749085,-0.512238621711731,-0.959080159664154,0.2764119803905487,0.061332400888204578,0.19270430505275727,0.4785551130771637,0.8566504716873169],"EasingStyle":"Constant","EasingDirection":"In"}}},{"Time":0.32499998807907107,"poses":{"Left Leg":{"Weight":1,"CFrame":[-0.5587127804756165,0.7149597406387329,0.12639081478118897,0.9212988018989563,-0.2291381061077118,0.31417232751846316,0.2009790688753128,0.9722503423690796,0.11973617970943451,-0.3328903019428253,-0.0471707247197628,0.9417850971221924],"EasingStyle":"Constant","EasingDirection":"In"},"Right Arm":{"Weight":1,"CFrame":[0.27825528383255007,-0.6440328359603882,0.07457077503204346,-0.4597634971141815,-0.364923357963562,0.8095977902412415,0.8406674861907959,-0.472639799118042,0.2643669843673706,0.2861744463443756,0.8021487593650818,0.5240817666053772],"EasingStyle":"Constant","EasingDirection":"In"},"Head":{"Weight":1,"CFrame":[7.776543498039246e-8,-2.200249582529068e-8,-1.1920928955078126e-7,0.9999591708183289,-0.004881835076957941,0.00761861726641655,0.00575889041647315,0.9927924871444702,-0.11970753967761994,-0.006979313213378191,0.11974653601646424,0.9927800297737122],"EasingStyle":"Constant","EasingDirection":"In"},"Right Leg":{"Weight":1,"CFrame":[0.531102180480957,0.8188658952713013,-0.024407029151916505,0.8836637139320374,0.2667075991630554,-0.38471469283103945,-0.11781220883131027,0.9220787286758423,0.3686343729496002,0.45305484533309939,-0.28042474389076235,0.8462289571762085],"EasingStyle":"Constant","EasingDirection":"In"},"Torso":{"Weight":1,"CFrame":[0.06458359956741333,0.2070799171924591,-0.7198388576507568,0.9988352656364441,-0.03156917542219162,-0.036490485072135928,0.02985953353345394,0.9984726905822754,-0.04648353159427643,0.03790219873189926,0.04533980041742325,0.9982523322105408],"EasingStyle":"Constant","EasingDirection":"In"},"HumanoidRootPart":{"Weight":0,"CFrame":[0,0,0,1,0,0,0,1,0,0,0,1],"EasingStyle":"Linear","EasingDirection":"In"},"Left Arm":{"Weight":1,"CFrame":[-0.2731945514678955,-0.6392710208892822,0.09938228130340576,-0.46404582262039187,0.3989904522895813,-0.790865421295166,-0.8386697769165039,-0.4852701723575592,0.24727730453014375,-0.2851220667362213,0.7780228853225708,0.5598087906837463],"EasingStyle":"Constant","EasingDirection":"In"}}},{"Time":0.3499999940395355,"poses":{"Left Leg":{"Weight":1,"CFrame":[-0.5587127804756165,0.7149597406387329,0.12639081478118897,0.9212988018989563,-0.2291381061077118,0.31417232751846316,0.2009790688753128,0.9722503423690796,0.11973617970943451,-0.3328903019428253,-0.0471707247197628,0.9417850971221924],"EasingStyle":"Constant","EasingDirection":"In"},"Right Arm":{"Weight":1,"CFrame":[0.27825528383255007,-0.6440328359603882,0.07457077503204346,-0.4597634971141815,-0.364923357963562,0.8095977902412415,0.8406674861907959,-0.472639799118042,0.2643669843673706,0.2861744463443756,0.8021487593650818,0.5240817666053772],"EasingStyle":"Constant","EasingDirection":"In"},"Head":{"Weight":1,"CFrame":[7.776543498039246e-8,-2.200249582529068e-8,-1.1920928955078126e-7,0.9999591708183289,-0.004881835076957941,0.00761861726641655,0.00575889041647315,0.9927924871444702,-0.11970753967761994,-0.006979313213378191,0.11974653601646424,0.9927800297737122],"EasingStyle":"Constant","EasingDirection":"In"},"Right Leg":{"Weight":1,"CFrame":[0.531102180480957,0.8188658952713013,-0.024407029151916505,0.8836637139320374,0.2667075991630554,-0.38471469283103945,-0.11781220883131027,0.9220787286758423,0.3686343729496002,0.45305484533309939,-0.28042474389076235,0.8462289571762085],"EasingStyle":"Constant","EasingDirection":"In"},"Torso":{"Weight":1,"CFrame":[0.06458359956741333,0.2070799171924591,-0.7198388576507568,0.9988352656364441,-0.03156917542219162,-0.036490485072135928,0.02985953353345394,0.9984726905822754,-0.04648353159427643,0.03790219873189926,0.04533980041742325,0.9982523322105408],"EasingStyle":"Constant","EasingDirection":"In"},"HumanoidRootPart":{"Weight":0,"CFrame":[0,0,0,1,0,0,0,1,0,0,0,1],"EasingStyle":"Linear","EasingDirection":"In"},"Left Arm":{"Weight":1,"CFrame":[-0.2731945514678955,-0.6392710208892822,0.09938228130340576,-0.46404582262039187,0.3989904522895813,-0.790865421295166,-0.8386697769165039,-0.4852701723575592,0.24727730453014375,-0.2851220667362213,0.7780228853225708,0.5598087906837463],"EasingStyle":"Constant","EasingDirection":"In"}}},{"Time":0.375,"poses":{"Left Leg":{"Weight":1,"CFrame":[-0.5587127804756165,0.7149597406387329,0.12639081478118897,0.9212988018989563,-0.2291381061077118,0.31417232751846316,0.2009790688753128,0.9722503423690796,0.11973617970943451,-0.3328903019428253,-0.0471707247197628,0.9417850971221924],"EasingStyle":"Constant","EasingDirection":"In"},"Right Arm":{"Weight":1,"CFrame":[0.27825528383255007,-0.6440328359603882,0.07457077503204346,-0.4597634971141815,-0.364923357963562,0.8095977902412415,0.8406674861907959,-0.472639799118042,0.2643669843673706,0.2861744463443756,0.8021487593650818,0.5240817666053772],"EasingStyle":"Constant","EasingDirection":"In"},"Head":{"Weight":1,"CFrame":[7.776543498039246e-8,-2.200249582529068e-8,-1.1920928955078126e-7,0.9999591708183289,-0.004881835076957941,0.00761861726641655,0.00575889041647315,0.9927924871444702,-0.11970753967761994,-0.006979313213378191,0.11974653601646424,0.9927800297737122],"EasingStyle":"Constant","EasingDirection":"In"},"Right Leg":{"Weight":1,"CFrame":[0.531102180480957,0.8188658952713013,-0.024407029151916505,0.8836637139320374,0.2667075991630554,-0.38471469283103945,-0.11781220883131027,0.9220787286758423,0.3686343729496002,0.45305484533309939,-0.28042474389076235,0.8462289571762085],"EasingStyle":"Constant","EasingDirection":"In"},"Torso":{"Weight":1,"CFrame":[0.06458359956741333,0.2070799171924591,-0.7198388576507568,0.9988352656364441,-0.03156917542219162,-0.036490485072135928,0.02985953353345394,0.9984726905822754,-0.04648353159427643,0.03790219873189926,0.04533980041742325,0.9982523322105408],"EasingStyle":"Constant","EasingDirection":"In"},"HumanoidRootPart":{"Weight":0,"CFrame":[0,0,0,1,0,0,0,1,0,0,0,1],"EasingStyle":"Linear","EasingDirection":"In"},"Left Arm":{"Weight":1,"CFrame":[-0.2731945514678955,-0.6392710208892822,0.09938228130340576,-0.46404582262039187,0.3989904522895813,-0.790865421295166,-0.8386697769165039,-0.4852701723575592,0.24727730453014375,-0.2851220667362213,0.7780228853225708,0.5598087906837463],"EasingStyle":"Constant","EasingDirection":"In"}}},{"Time":0.4000000059604645,"poses":{"Left Leg":{"Weight":1,"CFrame":[-0.5587127804756165,0.7149597406387329,0.12639081478118897,0.9212988018989563,-0.2291381061077118,0.31417232751846316,0.2009790688753128,0.9722503423690796,0.11973617970943451,-0.3328903019428253,-0.0471707247197628,0.9417850971221924],"EasingStyle":"Constant","EasingDirection":"In"},"Right Arm":{"Weight":1,"CFrame":[0.27825528383255007,-0.6440328359603882,0.07457077503204346,-0.4597634971141815,-0.364923357963562,0.8095977902412415,0.8406674861907959,-0.472639799118042,0.2643669843673706,0.2861744463443756,0.8021487593650818,0.5240817666053772],"EasingStyle":"Constant","EasingDirection":"In"},"Head":{"Weight":1,"CFrame":[7.776543498039246e-8,-2.200249582529068e-8,-1.1920928955078126e-7,0.9999591708183289,-0.004881835076957941,0.00761861726641655,0.00575889041647315,0.9927924871444702,-0.11970753967761994,-0.006979313213378191,0.11974653601646424,0.9927800297737122],"EasingStyle":"Constant","EasingDirection":"In"},"Right Leg":{"Weight":1,"CFrame":[0.531102180480957,0.8188658952713013,-0.024407029151916505,0.8836637139320374,0.2667075991630554,-0.38471469283103945,-0.11781220883131027,0.9220787286758423,0.3686343729496002,0.45305484533309939,-0.28042474389076235,0.8462289571762085],"EasingStyle":"Constant","EasingDirection":"In"},"Torso":{"Weight":1,"CFrame":[0.06458359956741333,0.2070799171924591,-0.7198388576507568,0.9988352656364441,-0.03156917542219162,-0.036490485072135928,0.02985953353345394,0.9984726905822754,-0.04648353159427643,0.03790219873189926,0.04533980041742325,0.9982523322105408],"EasingStyle":"Constant","EasingDirection":"In"},"HumanoidRootPart":{"Weight":0,"CFrame":[0,0,0,1,0,0,0,1,0,0,0,1],"EasingStyle":"Linear","EasingDirection":"In"},"Left Arm":{"Weight":1,"CFrame":[-0.2731945514678955,-0.6392710208892822,0.09938228130340576,-0.46404582262039187,0.3989904522895813,-0.790865421295166,-0.8386697769165039,-0.4852701723575592,0.24727730453014375,-0.2851220667362213,0.7780228853225708,0.5598087906837463],"EasingStyle":"Constant","EasingDirection":"In"}}}],"Loop":true,"Name":"Spooky Month_Loop","Priority":"Action"}