{"Sequence":[{"Time":0,"poses":{"Left Leg":{"Weight":1,"CFrame":[0.08853107690811157,-0.012652039527893067,0.03463637828826904,0.9584736227989197,-0.22343574464321137,0.17721381783485413,0.22007133066654206,0.9747167229652405,0.038676436990499499,-0.1813749521970749,0.0019293384393677116,0.9834121465682983],"EasingStyle":"Linear","EasingDirection":"Out"},"Right Arm":{"Weight":1,"CFrame":[0.6669377684593201,0.6626871824264526,-0.10873293876647949,-0.9320538640022278,-0.2990999221801758,-0.20448683202266694,0.26760315895080569,-0.948768138885498,0.16801054775714875,-0.24426256120204926,0.10187355428934097,0.9643430709838867],"EasingStyle":"Linear","EasingDirection":"Out"},"Left Arm":{"Weight":1,"CFrame":[-0.5859017968177795,0.7972965240478516,-0.028877735137939454,-0.8933241963386536,0.39382779598236086,0.21649837493896485,-0.40573883056640627,-0.9139142632484436,-0.011692849919199944,0.19325602054595948,-0.09828732162714005,0.9762129783630371],"EasingStyle":"Linear","EasingDirection":"Out"},"Head":{"Weight":1,"CFrame":[0.002487350255250931,-0.06453007459640503,-0.0534396767616272,0.9998193383216858,-0.016619110479950906,-0.009223463013768196,0.01834397204220295,0.9707670211791992,0.23932166397571565,0.004976519383490086,-0.23944765329360963,0.9708965420722961],"EasingStyle":"Linear","EasingDirection":"Out"},"Torso":{"Weight":1,"CFrame":[-1.9487302438392363e-7,-0.09579656273126602,0.13402175903320313,0.9999614953994751,-0.008572467602789402,0.0018837695242837072,0.008206455036997795,0.9892903566360474,0.1457299441099167,-0.0031128604896366598,-0.1457088738679886,0.9893226027488709],"EasingStyle":"Linear","EasingDirection":"Out"},"HumanoidRootPart":{"Weight":0,"CFrame":[0,0,0,1,0,0,0,1,0,0,0,1],"EasingStyle":"Linear","EasingDirection":"In"},"Right Leg":{"Weight":1,"CFrame":[-0.11339966952800751,-0.007143497467041016,0.019767284393310548,0.9594189524650574,0.20993031561374665,-0.18826723098754884,-0.21060070395469666,0.9774300456047058,0.016667179763317109,0.1875169575214386,0.023658398538827897,0.9819763898849487],"EasingStyle":"Linear","EasingDirection":"Out"}}},{"Time":0.01666666753590107,"poses":{"Left Leg":{"Weight":1,"CFrame":[0.08985164761543274,-0.015283465385437012,0.03196859359741211,0.9582694172859192,-0.2236683964729309,0.17802290618419648,0.22001615166664124,0.974665105342865,0.040258944034576419,-0.18251730501651765,0.0005889935418963432,0.9832024574279785],"EasingStyle":"Linear","EasingDirection":"Out"},"Right Arm":{"Weight":1,"CFrame":[0.6451609134674072,0.540878176689148,-0.0849805474281311,-0.9614577889442444,-0.2479078471660614,-0.11891429871320725,0.22176317870616914,-0.9548617005348206,0.19763657450675965,-0.16254235804080964,0.16364839673042298,0.9730360507965088],"EasingStyle":"Linear","EasingDirection":"Out"},"Left Arm":{"Weight":1,"CFrame":[-0.5591052770614624,0.6409912109375,-0.005000889301300049,-0.9283080697059631,0.3403887450695038,0.14959804713726045,-0.3407119810581207,-0.9398545026779175,0.024266647174954416,0.14886051416397096,-0.028442922979593278,0.9884490370750427],"EasingStyle":"Linear","EasingDirection":"Out"},"Head":{"Weight":1,"CFrame":[0.0024873509537428619,-0.06453003734350205,-0.0534396767616272,0.9998754858970642,-0.01326423604041338,-0.008548175916075707,0.014904674142599106,0.9717571139335632,0.23551201820373536,0.005182862747460604,-0.23561012744903565,0.9718338251113892],"EasingStyle":"Linear","EasingDirection":"Out"},"Torso":{"Weight":1,"CFrame":[-1.8206461049885548e-7,-0.09579656273126602,0.049195289611816409,0.9999696016311646,-0.00751006044447422,0.0020850710570812227,0.007125731557607651,0.9892839193344116,0.14583048224449159,-0.003157922998070717,-0.14581118524074555,0.9893074035644531],"EasingStyle":"Linear","EasingDirection":"Out"},"HumanoidRootPart":{"Weight":0,"CFrame":[0,0,0,1,0,0,0,1,0,0,0,1],"EasingStyle":"Linear","EasingDirection":"In"},"Right Leg":{"Weight":1,"CFrame":[-0.11704547703266144,-0.025324702262878419,0.016187667846679689,0.9598574638366699,0.20909471809864045,-0.18695738911628724,-0.20947490632534028,0.9776493310928345,0.017946604639291765,0.18653132021427155,0.02193669229745865,0.9822040796279907],"EasingStyle":"Linear","EasingDirection":"Out"}}},{"Time":0.03333333507180214,"poses":{"Left Leg":{"Weight":1,"CFrame":[0.07627911865711212,0.03832799196243286,0.030139565467834474,0.9573933482170105,-0.22693561017513276,0.17860086262226106,0.22303159534931184,0.9739097356796265,0.04191366210579872,-0.18345282971858979,-0.0002942304708994925,0.9830284714698792],"EasingStyle":"Linear","EasingDirection":"Out"},"Right Arm":{"Weight":1,"CFrame":[0.6222426295280457,0.41313403844833376,-0.05986601114273071,-0.9776114821434021,-0.20543493330478669,-0.04552220180630684,0.18977995216846467,-0.9542837738990784,0.23092439770698548,-0.09088104963302612,0.2171151489019394,0.9719061851501465],"EasingStyle":"Linear","EasingDirection":"Out"},"Left Arm":{"Weight":1,"CFrame":[-0.5310315489768982,0.4782337546348572,0.022579431533813478,-0.954659104347229,0.2881852388381958,0.07466810941696167,-0.28209683299064639,-0.9558405876159668,0.08240243792533875,0.0951179787516594,0.05760258808732033,0.993798017501831],"EasingStyle":"Linear","EasingDirection":"Out"},"Head":{"Weight":1,"CFrame":[0.002487350720912218,-0.06453000009059906,-0.053439974784851077,0.9999189376831055,-0.009969843551516533,-0.0079201003536582,0.011526060290634632,0.9730533361434937,0.23029202222824098,0.005410702433437109,-0.2303646206855774,0.973089337348938],"EasingStyle":"Linear","EasingDirection":"Out"},"Torso":{"Weight":1,"CFrame":[-1.7062231449926913e-7,-0.09579656273126602,-0.02658367156982422,0.9999756217002869,-0.006594355218112469,0.002294058445841074,0.006189107894897461,0.9892798662185669,0.14590099453926087,-0.0032315885182470085,-0.1458832323551178,0.989296555519104],"EasingStyle":"Linear","EasingDirection":"Out"},"HumanoidRootPart":{"Weight":0,"CFrame":[0,0,0,1,0,0,0,1,0,0,0,1],"EasingStyle":"Linear","EasingDirection":"In"},"Right Leg":{"Weight":1,"CFrame":[-0.10330744832754135,0.028978943824768068,0.015050768852233887,0.9595342874526978,0.21151234209537507,-0.18589366972446443,-0.2117563933134079,0.9771421551704407,0.018774671480059625,0.18561561405658723,0.021349236369132997,0.9823904633522034],"EasingStyle":"Linear","EasingDirection":"Out"}}},{"Time":0.05000000074505806,"poses":{"Left Leg":{"Weight":1,"CFrame":[0.05579889565706253,0.09926414489746094,0.029750466346740724,0.9558892846107483,-0.23288321495056153,0.1790003478527069,0.228811576962471,0.9725045561790466,0.04336022958159447,-0.18417653441429139,-0.00049022794701159,0.9828930497169495],"EasingStyle":"Linear","EasingDirection":"Out"},"Right Arm":{"Weight":1,"CFrame":[0.6019037961959839,0.29755550622940066,-0.03482043743133545,-0.9838365912437439,-0.1790052354335785,0.004759731236845255,0.1739085614681244,-0.948814332485199,0.2636421322822571,-0.042677223682403567,0.26020854711532595,0.9646087884902954],"EasingStyle":"Linear","EasingDirection":"Out"},"Left Arm":{"Weight":1,"CFrame":[-0.5082634687423706,0.324660062789917,0.05267155170440674,-0.9708512425422669,0.2396344095468521,0.00481713842600584,-0.23603947460651399,-0.9593912959098816,0.15444637835025788,0.041632190346717837,0.1488073766231537,0.9879894256591797],"EasingStyle":"Linear","EasingDirection":"Out"},"Head":{"Weight":1,"CFrame":[0.002487349556759,-0.06453004479408264,-0.05343961715698242,0.9999467134475708,-0.0071617839857935909,-0.007438812870532274,0.008645758032798767,0.9745714664459229,0.22391006350517274,0.00564605975523591,-0.2239624559879303,0.9745814204216003],"EasingStyle":"Linear","EasingDirection":"Out"},"Torso":{"Weight":1,"CFrame":[-1.6100916866435e-7,-0.09579656273126602,-0.09024858474731446,0.9999799132347107,-0.005822408478707075,0.002507483586668968,0.005394100211560726,0.9892765283584595,0.14595511555671693,-0.003330404870212078,-0.14593864977359773,0.9892880320549011],"EasingStyle":"Linear","EasingDirection":"Out"},"HumanoidRootPart":{"Weight":0,"CFrame":[0,0,0,1,0,0,0,1,0,0,0,1],"EasingStyle":"Linear","EasingDirection":"In"},"Right Leg":{"Weight":1,"CFrame":[-0.0838126540184021,0.08999466896057129,0.015389561653137207,0.9586412310600281,0.2162645161151886,-0.185031458735466,-0.21647103130817414,0.976097583770752,0.0193331278860569,0.18478983640670777,0.02152041345834732,0.9825423955917358],"EasingStyle":"Linear","EasingDirection":"Out"}}},{"Time":0.06666667014360428,"poses":{"Left Leg":{"Weight":1,"CFrame":[0.029338877648115159,0.14629405736923219,0.031806230545043948,0.9534308910369873,-0.24257615208625794,0.17923840880393983,0.23848974704742433,0.9701322317123413,0.04434020072221756,-0.1846407651901245,0.0004711994552053511,0.9828059673309326],"EasingStyle":"Linear","EasingDirection":"Out"},"Right Arm":{"Weight":1,"CFrame":[0.5878654718399048,0.2122420072555542,-0.011235237121582032,-0.9851259589195252,-0.1681947261095047,0.0351765975356102,0.17107607424259187,-0.9408071041107178,0.2926003336906433,-0.01611943729221821,0.29426607489585879,0.9555875658988953],"EasingStyle":"Linear","EasingDirection":"Out"},"Left Arm":{"Weight":1,"CFrame":[-0.4928573966026306,0.2132219672203064,0.08058667182922363,-0.9755655527114868,0.21268367767333985,-0.05511344596743584,-0.21961604058742524,-0.9512530565261841,0.21653281152248383,-0.006373844109475613,0.22334575653076173,0.974718451499939],"EasingStyle":"Linear","EasingDirection":"Out"},"Head":{"Weight":1,"CFrame":[0.0024873504880815746,-0.06452998518943787,-0.05343985557556152,0.9999602437019348,-0.005264737643301487,-0.007195780053734779,0.006698675453662872,0.9762312173843384,0.21662801504135133,0.005884257145226002,-0.21666759252548219,0.9762277007102966],"EasingStyle":"Linear","EasingDirection":"Out"},"Torso":{"Weight":1,"CFrame":[-1.5317719714857959e-7,-0.09579656273126602,-0.14211750030517579,0.9999828338623047,-0.005191280040889978,0.002722123172134161,0.004738222807645798,0.9892722964286804,0.1460065394639969,-0.0034508819226175548,-0.14599113166332246,0.9892798662185669],"EasingStyle":"Linear","EasingDirection":"Out"},"HumanoidRootPart":{"Weight":0,"CFrame":[0,0,0,1,0,0,0,1,0,0,0,1],"EasingStyle":"Linear","EasingDirection":"In"},"Right Leg":{"Weight":1,"CFrame":[-0.059257928282022479,0.13746678829193116,0.01759624481201172,0.9568800926208496,0.2244674265384674,-0.18437692523002625,-0.22475546598434449,0.9742177724838257,0.01961270347237587,0.1840256303548813,0.022672709077596666,0.9826598763465881],"EasingStyle":"Linear","EasingDirection":"Out"}}},{"Time":0.0833333358168602,"poses":{"Left Leg":{"Weight":1,"CFrame":[-0.0034554810263216497,0.18021512031555177,0.036538004875183108,0.9498609900474548,-0.2561326026916504,0.1793326884508133,0.2522055208683014,0.9666378498077393,0.04476219788193703,-0.18481478095054627,0.0027108213398605587,0.9827696084976196],"EasingStyle":"Linear","EasingDirection":"Out"},"Right Arm":{"Weight":1,"CFrame":[0.5800186991691589,0.15805619955062867,0.00968480110168457,-0.9842423796653748,-0.1682937890291214,0.05425931513309479,0.17680537700653077,-0.9321529269218445,0.3159601092338562,-0.0025961471255868675,0.32057470083236697,0.9472196698188782],"EasingStyle":"Linear","EasingDirection":"Out"},"Left Arm":{"Weight":1,"CFrame":[-0.4835715591907501,0.14973872900009156,0.10194766521453858,-0.9724832773208618,0.20841854810714723,-0.104105643928051,-0.22856543958187104,-0.9400376677513123,0.2531541585922241,-0.04510119929909706,0.26998311281204226,0.9618082046508789],"EasingStyle":"Linear","EasingDirection":"Out"},"Head":{"Weight":1,"CFrame":[0.0024873516522347929,-0.06452996283769608,-0.05343985557556152,0.9999625086784363,-0.0047021000646054749,-0.007272821385413408,0.006116619799286127,0.9779577255249023,0.2087133377790451,0.006131122820079327,-0.20875002443790437,0.9779497981071472],"EasingStyle":"Linear","EasingDirection":"Out"},"Torso":{"Weight":1,"CFrame":[-1.469505974682761e-7,-0.09579656273126602,-0.18335437774658204,0.9999846816062927,-0.004698014818131924,0.0029347664676606657,0.004218969494104385,0.9892653822898865,0.14606907963752747,-0.003589497646316886,-0.1460544615983963,0.989270031452179],"EasingStyle":"Linear","EasingDirection":"Out"},"HumanoidRootPart":{"Weight":0,"CFrame":[0,0,0,1,0,0,0,1,0,0,0,1],"EasingStyle":"Linear","EasingDirection":"In"},"Right Leg":{"Weight":1,"CFrame":[-0.02863912470638752,0.17209720611572267,0.022002458572387697,0.954045832157135,0.23655998706817628,-0.18394558131694795,-0.23706962168216706,0.9712961316108704,0.019541297107934953,0.1832883059978485,0.02496461197733879,0.982742190361023],"EasingStyle":"Linear","EasingDirection":"Out"}}},{"Time":0.10000000149011612,"poses":{"Left Leg":{"Weight":1,"CFrame":[-0.03530479595065117,0.20404857397079469,0.041983842849731448,0.9460518956184387,-0.2698543667793274,0.17934462428092957,0.26614755392074587,0.9628867506980896,0.044884394854307178,-0.18480080366134644,0.005269172135740519,0.9827618598937988],"EasingStyle":"Linear","EasingDirection":"Out"},"Right Arm":{"Weight":1,"CFrame":[0.5752592086791992,0.12238544225692749,0.028035402297973634,-0.9822856783866882,-0.17487557232379914,0.06733056157827378,0.18735145032405854,-0.9237501621246338,0.33404362201690676,0.0037805389147251846,0.3407406806945801,0.94014972448349],"EasingStyle":"Linear","EasingDirection":"Out"},"Left Arm":{"Weight":1,"CFrame":[-0.4779391884803772,0.11123192310333252,0.11711907386779785,-0.9669689536094666,0.21171972155570985,-0.14193585515022279,-0.2437165081501007,-0.9310511350631714,0.27156224846839907,-0.0746544748544693,0.29718437790870669,0.951897144317627],"EasingStyle":"Linear","EasingDirection":"Out"},"Head":{"Weight":1,"CFrame":[0.002487352816388011,-0.06453001499176026,-0.053439974784851077,0.9999591112136841,-0.0049103060737252239,-0.0075899879448115829,0.006326374132186174,0.9798645973205566,0.19956284761428834,0.006457245443016291,-0.19960269331932069,0.9798556566238403],"EasingStyle":"Linear","EasingDirection":"Out"},"Torso":{"Weight":1,"CFrame":[-1.4216070098882484e-7,-0.09579656273126602,-0.21507644653320313,0.9999856948852539,-0.004336001817137003,0.0031401135493069889,0.0038306075148284437,0.9892576932907105,0.14613188803195954,-0.003740009618923068,-0.14611777663230897,0.9892601370811462],"EasingStyle":"Linear","EasingDirection":"Out"},"HumanoidRootPart":{"Weight":0,"CFrame":[0,0,0,1,0,0,0,1,0,0,0,1],"EasingStyle":"Linear","EasingDirection":"In"},"Right Leg":{"Weight":1,"CFrame":[0.0020098048262298109,0.1964539885520935,0.02708446979522705,0.9508118629455566,0.24943207204341889,-0.18368570506572724,-0.2502157390117645,0.9679980874061585,0.01928134448826313,0.18261677026748658,0.02762812003493309,0.9827958941459656],"EasingStyle":"Linear","EasingDirection":"Out"}}},{"Time":0.11666666716337204,"poses":{"Left Leg":{"Weight":1,"CFrame":[-0.05983271822333336,0.22080302238464356,0.04625844955444336,0.9429557919502258,-0.28049492835998537,0.17932367324829102,0.27695682644844057,0.95982825756073,0.04499642178416252,-0.18474122881889344,0.0072352709248661999,0.9827605485916138],"EasingStyle":"Linear","EasingDirection":"Out"},"Right Arm":{"Weight":1,"CFrame":[0.5728151798248291,0.10311585664749146,0.04426395893096924,-0.9797753691673279,-0.18518026173114777,0.07581853866577149,0.2000378668308258,-0.9159084558486939,0.34798920154571535,0.005002113990485668,0.3561179041862488,0.9344276785850525],"EasingStyle":"Linear","EasingDirection":"Out"},"Left Arm":{"Weight":1,"CFrame":[-0.47504696249961855,0.09145855903625488,0.12765133380889893,-0.9605749845504761,0.22057712078094483,-0.1692376732826233,-0.26127007603645327,-0.9242870211601257,0.27826499938964846,-0.09504533559083939,0.31151121854782107,0.9454772472381592],"EasingStyle":"Linear","EasingDirection":"Out"},"Head":{"Weight":1,"CFrame":[0.002487351419404149,-0.06453004479408264,-0.05343985557556152,0.9999554753303528,-0.005059137009084225,-0.007968240417540074,0.006473076995462179,0.9819848537445068,0.18884874880313874,0.0068692793138325218,-0.1888919323682785,0.9819738268852234],"EasingStyle":"Linear","EasingDirection":"Out"},"Torso":{"Weight":1,"CFrame":[-1.3866717551991315e-7,-0.09579656273126602,-0.23821306228637696,0.9999861121177673,-0.004086983855813742,0.003326155012473464,0.0035569006577134134,0.9892520904541016,0.14617666602134705,-0.0038878275081515314,-0.14616279304027558,0.9892529249191284],"EasingStyle":"Linear","EasingDirection":"Out"},"HumanoidRootPart":{"Weight":0,"CFrame":[0,0,0,1,0,0,0,1,0,0,0,1],"EasingStyle":"Linear","EasingDirection":"In"},"Right Leg":{"Weight":1,"CFrame":[0.026227470487356187,0.21340465545654298,0.031142234802246095,0.9480759501457214,0.2597547471523285,-0.18351955711841584,-0.2607631981372833,0.9652148485183716,0.01904872991144657,0.18208375573158265,0.029795505106449128,0.9828314781188965],"EasingStyle":"Linear","EasingDirection":"Out"}}},{"Time":0.13333334028720857,"poses":{"Left Leg":{"Weight":1,"CFrame":[-0.07601817697286606,0.23192745447158814,0.049069762229919437,0.9408485293388367,-0.28749895095825198,0.17929969727993012,0.2840641140937805,0.9577433466911316,0.04511403664946556,-0.18469339609146119,0.00848713144659996,0.9827595353126526],"EasingStyle":"Linear","EasingDirection":"Out"},"Right Arm":{"Weight":1,"CFrame":[0.5719149112701416,0.09813487529754639,0.058817267417907718,-0.9771791100502014,-0.1963626742362976,0.08101014792919159,0.21239373087882996,-0.9088655114173889,0.3589600920677185,0.003140989225357771,0.3679744601249695,0.9298306107521057],"EasingStyle":"Linear","EasingDirection":"Out"},"Left Arm":{"Weight":1,"CFrame":[-0.47398144006729128,0.08417361974716187,0.13509511947631837,-0.9546462297439575,0.2322390377521515,-0.18632137775421143,-0.27812910079956057,-0.918940007686615,0.2796308100223541,-0.10627695918083191,0.3187699019908905,0.9418550729751587],"EasingStyle":"Linear","EasingDirection":"Out"},"Head":{"Weight":1,"CFrame":[0.0024873511865735056,-0.06453002989292145,-0.05343985557556152,0.9999518990516663,-0.005169190000742674,-0.00833412166684866,0.006564734969288111,0.9841446876525879,0.1772458553314209,0.00728576397523284,-0.17729201912879945,0.9841313362121582],"EasingStyle":"Linear","EasingDirection":"Out"},"Torso":{"Weight":1,"CFrame":[-1.363367800877313e-7,-0.09579656273126602,-0.2536463737487793,0.9999862313270569,-0.003930323291569948,0.0034797354601323606,0.003379355650395155,0.9892484545707703,0.14620570838451386,-0.0040169586427509789,-0.14619193971157075,0.9892480969429016],"EasingStyle":"Linear","EasingDirection":"Out"},"HumanoidRootPart":{"Weight":0,"CFrame":[0,0,0,1,0,0,0,1,0,0,0,1],"EasingStyle":"Linear","EasingDirection":"In"},"Right Leg":{"Weight":1,"CFrame":[0.04233217611908913,0.2245471477508545,0.03384661674499512,0.9461873769760132,0.26661983132362368,-0.1834210604429245,-0.26778581738471987,0.9632940292358398,0.018851540982723237,0.18171463906764985,0.03128047287464142,0.9828536510467529],"EasingStyle":"Linear","EasingDirection":"Out"}}},{"Time":0.15000000596046449,"poses":{"Left Leg":{"Weight":1,"CFrame":[-0.08484938740730286,0.23817992210388184,0.05058860778808594,0.9396799802780151,-0.29130545258522036,0.17928378283977509,0.2879198491573334,0.9565865397453308,0.04521527141332626,-0.18467195332050324,0.009131472557783127,0.9827578067779541],"EasingStyle":"Linear","EasingDirection":"Out"},"Right Arm":{"Weight":1,"CFrame":[0.571786105632782,0.10532885789871216,0.0721426010131836,-0.9750238656997681,-0.20555837452411652,0.0841086134314537,0.22210004925727845,-0.9028752446174622,0.3680867552757263,0.0002762786753010005,0.3775739073753357,0.9259794354438782],"EasingStyle":"Linear","EasingDirection":"Out"},"Left Arm":{"Weight":1,"CFrame":[-0.47382912039756777,0.08313244581222534,0.14100027084350587,-0.9504113793373108,0.24352973699569703,-0.1934204399585724,-0.2915892004966736,-0.9140527248382568,0.2819279134273529,-0.10813868790864945,0.3243468403816223,0.9397367835044861],"EasingStyle":"Linear","EasingDirection":"Out"},"Head":{"Weight":1,"CFrame":[0.0024873504880815746,-0.06453002244234085,-0.0534401535987854,0.999949038028717,-0.0052584935910999779,-0.0086146155372262,0.00661132438108325,0.9862004518508911,0.16542363166809083,0.007625858299434185,-0.16547219455242158,0.9861849546432495],"EasingStyle":"Linear","EasingDirection":"Out"},"Torso":{"Weight":1,"CFrame":[-1.3503625950761489e-7,-0.09579656273126602,-0.26225948333740237,0.9999861717224121,-0.003845257218927145,0.0035878443159163,0.003279332770034671,0.9892464280128479,0.14622139930725099,-0.004111521411687136,-0.14620761573314668,0.9892453551292419],"EasingStyle":"Linear","EasingDirection":"Out"},"HumanoidRootPart":{"Weight":0,"CFrame":[0,0,0,1,0,0,0,1,0,0,0,1],"EasingStyle":"Linear","EasingDirection":"In"},"Right Leg":{"Weight":1,"CFrame":[0.05115332454442978,0.23073583841323853,0.03533005714416504,0.9451327323913574,0.2703690230846405,-0.18337038159370423,-0.2716275155544281,0.9622206091880798,0.018708625808358194,0.18150100111961366,0.032126303762197497,0.9828658699989319],"EasingStyle":"Linear","EasingDirection":"Out"}}},{"Time":0.1666666716337204,"poses":{"Left Leg":{"Weight":1,"CFrame":[-0.08754647523164749,0.2401486039161682,0.0510481595993042,0.9393184185028076,-0.2924683690071106,0.17928527295589448,0.28909316658973696,0.9562299251556397,0.045271050184965137,-0.1846783310174942,0.009306220337748528,0.9827549457550049],"EasingStyle":"Linear","EasingDirection":"Out"},"Right Arm":{"Weight":1,"CFrame":[0.575777530670166,0.12511545419692994,0.08422291278839112,-0.9736729860305786,-0.21107438206672669,0.08607253432273865,0.22793984413146974,-0.8981192111968994,0.3760654628276825,-0.0020743662025779487,0.3857842683792114,0.9225867390632629],"EasingStyle":"Linear","EasingDirection":"Out"},"Left Arm":{"Weight":1,"CFrame":[-0.4744932949542999,0.0875893235206604,0.14644873142242433,-0.9479950666427612,0.25118207931518557,-0.19548122584819795,-0.3003982901573181,-0.9090785384178162,0.2886815369129181,-0.10519617795944214,0.33239099383354189,0.9372566938400269],"EasingStyle":"Linear","EasingDirection":"Out"},"Head":{"Weight":1,"CFrame":[0.0024873537477105858,-0.06453004479408264,-0.05343985557556152,0.9999475479125977,-0.005342583637684584,-0.008736325427889824,0.006624853704124689,0.9880411624908447,0.15404796600341798,0.007808834780007601,-0.15409772098064423,0.9880247712135315],"EasingStyle":"Linear","EasingDirection":"Out"},"Torso":{"Weight":1,"CFrame":[-1.3463235859489942e-7,-0.09579656273126602,-0.2649345397949219,0.9999861121177673,-0.0038110113237053158,0.003637543646618724,0.0032381683122366668,0.9892458915710449,0.14622613787651063,-0.004155694507062435,-0.14621232450008393,0.9892445206642151],"EasingStyle":"Linear","EasingDirection":"Out"},"HumanoidRootPart":{"Weight":0,"CFrame":[0,0,0,1,0,0,0,1,0,0,0,1],"EasingStyle":"Linear","EasingDirection":"In"},"Right Leg":{"Weight":1,"CFrame":[0.053876928985118869,0.2326374053955078,0.0357898473739624,0.9448064565658569,0.27152183651924136,-0.18334855139255525,-0.27281299233436587,0.961886465549469,0.018640587106347085,0.18142178654670716,0.03240812197327614,0.9828712344169617],"EasingStyle":"Linear","EasingDirection":"Out"}}},{"Time":0.18333333730697633,"poses":{"Left Leg":{"Weight":1,"CFrame":[-0.0852915421128273,0.23860621452331544,0.0506669282913208,0.9397046566009522,-0.2911929190158844,0.17933723330497743,0.2878003418445587,0.9566211104393005,0.04524414613842964,-0.1847326159477234,0.009097183123230935,0.9827467203140259],"EasingStyle":"Linear","EasingDirection":"Out"},"Right Arm":{"Weight":1,"CFrame":[0.5843871235847473,0.1552809476852417,0.09318506717681885,-0.9725215435028076,-0.2157333642244339,0.08752679824829102,0.23277686536312104,-0.8944264650344849,0.3818589150905609,-0.004093427676707506,0.39174020290374758,0.920066773891449],"EasingStyle":"Linear","EasingDirection":"Out"},"Left Arm":{"Weight":1,"CFrame":[-0.47617271542549136,0.09906059503555298,0.15064477920532227,-0.9464606046676636,0.2556454539299011,-0.19712363183498383,-0.30605560541152956,-0.9048116207122803,0.2960505485534668,-0.10267576575279236,0.3405309319496155,0.9346102476119995],"EasingStyle":"Linear","EasingDirection":"Out"},"Head":{"Weight":1,"CFrame":[0.002487350022420287,-0.06453000754117966,-0.053440213203430179,0.9999470114707947,-0.005426611285656691,-0.008749039843678475,0.006628347095102072,0.9895883798599243,0.1437738984823227,0.007877744734287262,-0.14382430911064149,0.9895718693733215],"EasingStyle":"Linear","EasingDirection":"Out"},"Torso":{"Weight":1,"CFrame":[-1.3497376016857744e-7,-0.09579656273126602,-0.26267337799072268,0.9999861121177673,-0.0037960039917379619,0.003653166349977255,0.0032220743596553804,0.9892822504043579,0.1459801197052002,-0.004168154206126928,-0.1459663212299347,0.9892807602882385],"EasingStyle":"Linear","EasingDirection":"Out"},"HumanoidRootPart":{"Weight":0,"CFrame":[0,0,0,1,0,0,0,1,0,0,0,1],"EasingStyle":"Linear","EasingDirection":"In"},"Right Leg":{"Weight":1,"CFrame":[0.051577337086200717,0.23102349042892457,0.03541147708892822,0.945186972618103,0.27020102739334109,-0.1833384931087494,-0.27148479223251345,0.9622639417648315,0.018549492582678796,0.18143214285373689,0.032240863889455798,0.9828748106956482],"EasingStyle":"Linear","EasingDirection":"Out"}}},{"Time":0.20000000298023225,"poses":{"Left Leg":{"Weight":1,"CFrame":[-0.07882029563188553,0.23424845933914185,0.04956638813018799,0.94081711769104,-0.2875010371208191,0.17946109175682069,0.28406620025634768,0.9577423930168152,0.04512181133031845,-0.1848500818014145,0.008527456782758236,0.9827297329902649],"EasingStyle":"Linear","EasingDirection":"Out"},"Right Arm":{"Weight":1,"CFrame":[0.5925680994987488,0.18976706266403199,0.09669184684753418,-0.97063809633255,-0.223411425948143,0.08915717154741287,0.24046221375465394,-0.8915003538131714,0.3839336931705475,-0.006291518919169903,0.394099622964859,0.9190462231636047],"EasingStyle":"Linear","EasingDirection":"Out"},"Left Arm":{"Weight":1,"CFrame":[-0.4783981740474701,0.11470270156860352,0.15232431888580323,-0.9452998638153076,0.2591637670993805,-0.1980966180562973,-0.31010520458221438,-0.902381181716919,0.29923728108406069,-0.1012072041630745,0.3442998230457306,0.933388888835907],"EasingStyle":"Linear","EasingDirection":"Out"},"Head":{"Weight":1,"CFrame":[0.002487349556759,-0.06453006714582443,-0.053440093994140628,0.9999465346336365,-0.005506113171577454,-0.00875283032655716,0.006635783240199089,0.9908538460731506,0.13477642834186555,0.007930681109428406,-0.13482727110385896,0.9908373951911926],"EasingStyle":"Linear","EasingDirection":"Out"},"Torso":{"Weight":1,"CFrame":[-1.3593654557553237e-7,-0.09579656273126602,-0.25629711151123049,0.9999861121177673,-0.0037824022583663465,0.003667704062536359,0.0032094980124384166,0.9893869161605835,0.14526955783367158,-0.004178246483206749,-0.14525577425956727,0.9893853068351746],"EasingStyle":"Linear","EasingDirection":"Out"},"HumanoidRootPart":{"Weight":0,"CFrame":[0,0,0,1,0,0,0,1,0,0,0,1],"EasingStyle":"Linear","EasingDirection":"In"},"Right Leg":{"Weight":1,"CFrame":[0.04510800540447235,0.22648268938064576,0.03434622287750244,0.9462457299232483,0.2664714455604553,-0.18333572149276734,-0.26772797107696535,0.9633201360702515,0.01833212561905384,0.18149597942829133,0.03173740208148956,0.9828794002532959],"EasingStyle":"Linear","EasingDirection":"Out"}}},{"Time":0.21666666865348817,"poses":{"Left Leg":{"Weight":1,"CFrame":[-0.06865663081407547,0.2274785041809082,0.0478285551071167,0.9425479769706726,-0.2816552519798279,0.17964871227741242,0.2781562805175781,0.9594852924346924,0.04491211846470833,-0.18501999974250794,0.00763858063146472,0.9827050566673279],"EasingStyle":"Linear","EasingDirection":"Out"},"Right Arm":{"Weight":1,"CFrame":[0.5983115434646606,0.22351646423339845,0.0957481861114502,-0.968267023563385,-0.2328042834997177,0.09089101850986481,0.24977503716945649,-0.8891467452049255,0.3834455907344818,-0.008452334441244603,0.3939799666404724,0.9190801382064819],"EasingStyle":"Linear","EasingDirection":"Out"},"Left Arm":{"Weight":1,"CFrame":[-0.4807744324207306,0.1320977807044983,0.15228676795959474,-0.944146990776062,0.2629106342792511,-0.19865663349628449,-0.31382858753204348,-0.901248037815094,0.29876992106437685,-0.10048911720514298,0.3444269597530365,0.9334195852279663],"EasingStyle":"Linear","EasingDirection":"Out"},"Head":{"Weight":1,"CFrame":[0.0024873509537428619,-0.06453002989292145,-0.053439974784851077,0.9999461770057678,-0.0055807060562074188,-0.008748968131840229,0.0066468603909015659,0.9918806552886963,0.12699861824512483,0.007969189435243607,-0.12704990804195405,0.9918643236160278],"EasingStyle":"Linear","EasingDirection":"Out"},"Torso":{"Weight":1,"CFrame":[-1.37428614266355e-7,-0.09579656273126602,-0.2464156150817871,0.9999861121177673,-0.0037700857501477005,0.0036812108010053636,0.003200150327757001,0.9895527958869934,0.14413538575172425,-0.004186155274510384,-0.14412160217761994,0.9895511269569397],"EasingStyle":"Linear","EasingDirection":"Out"},"HumanoidRootPart":{"Weight":0,"CFrame":[0,0,0,1,0,0,0,1,0,0,0,1],"EasingStyle":"Linear","EasingDirection":"In"},"Right Leg":{"Weight":1,"CFrame":[0.03492530807852745,0.21944952011108399,0.03266417980194092,0.947888970375061,0.26056358218193056,-0.18333891034126283,-0.2617749571800232,0.964961051940918,0.017999986186623575,0.1816050261259079,0.03093155473470688,0.98288494348526],"EasingStyle":"Linear","EasingDirection":"Out"}}},{"Time":0.23333333432674409,"poses":{"Left Leg":{"Weight":1,"CFrame":[-0.055333156138658527,0.21867823600769044,0.04553782939910889,0.9447789192199707,-0.2739192843437195,0.17989160120487214,0.27033787965774538,0.9617308974266052,0.044622503221035007,-0.1852303147315979,0.006473103072494268,0.9826738238334656],"EasingStyle":"Linear","EasingDirection":"Out"},"Right Arm":{"Weight":1,"CFrame":[0.6030431389808655,0.25546568632125857,0.09308159351348877,-0.9663236141204834,-0.24023303389549256,0.09223189949989319,0.25713270902633669,-0.8874058723449707,0.38261401653289797,-0.010069387033581734,0.3934449851512909,0.9192931056022644],"EasingStyle":"Linear","EasingDirection":"Out"},"Left Arm":{"Weight":1,"CFrame":[-0.48320287466049197,0.15054172277450562,0.15215587615966798,-0.9430092573165894,0.26654431223869326,-0.19921764731407166,-0.31744855642318728,-0.9001221060752869,0.29833984375,-0.09979934245347977,0.34457844495773318,0.9334375858306885],"EasingStyle":"Linear","EasingDirection":"Out"},"Head":{"Weight":1,"CFrame":[0.0024873518850654365,-0.06453003734350205,-0.05343979597091675,0.999945878982544,-0.005650063045322895,-0.008738693781197071,0.006661186460405588,0.9927053451538086,0.12038175016641617,0.007994783110916615,-0.12043331563472748,0.9926891922950745],"EasingStyle":"Linear","EasingDirection":"Out"},"Torso":{"Weight":1,"CFrame":[-1.393578656916361e-7,-0.09579656273126602,-0.23363876342773438,0.9999861121177673,-0.0037589375860989095,0.0036937445402145387,0.003193741664290428,0.989772617816925,0.14261841773986817,-0.004192061256617308,-0.14260464906692506,0.9897708296775818],"EasingStyle":"Linear","EasingDirection":"Out"},"HumanoidRootPart":{"Weight":0,"CFrame":[0,0,0,1,0,0,0,1,0,0,0,1],"EasingStyle":"Linear","EasingDirection":"In"},"Right Leg":{"Weight":1,"CFrame":[0.021656794473528863,0.21029001474380494,0.030467748641967775,0.949989914894104,0.2527903914451599,-0.18334707617759705,-0.25394266843795779,0.9670597910881043,0.017564788460731508,0.18174780905246736,0.029873276129364969,0.982891321182251],"EasingStyle":"Linear","EasingDirection":"Out"}}},{"Time":0.25,"poses":{"Left Leg":{"Weight":1,"CFrame":[-0.03954041749238968,0.20817750692367555,0.042813777923583987,0.9473667144775391,-0.2646346688270569,0.18017996847629548,0.2609573006629944,0.9643353223800659,0.04425734654068947,-0.1854659616947174,0.00509133655577898,0.9826375246047974],"EasingStyle":"Linear","EasingDirection":"Out"},"Right Arm":{"Weight":1,"CFrame":[0.606867253780365,0.28555017709732058,0.08893775939941406,-0.9647852778434753,-0.24596618115901948,0.09322049468755722,0.2627997100353241,-0.8862383961677551,0.38146787881851199,-0.011212609708309174,0.39253300428390505,0.9196696281433106],"EasingStyle":"Linear","EasingDirection":"Out"},"Left Arm":{"Weight":1,"CFrame":[-0.4856592118740082,0.16975700855255128,0.15190517902374268,-0.941902220249176,0.2700282633304596,-0.19976209104061128,-0.32092273235321047,-0.8990238308906555,0.29793408513069155,-0.09914028644561768,0.3447330594062805,0.9334508180618286],"EasingStyle":"Linear","EasingDirection":"Out"},"Head":{"Weight":1,"CFrame":[0.0024873511865735056,-0.06453008949756623,-0.05343985557556152,0.9999456405639648,-0.0057139010168612,-0.008723236620426178,0.006678315810859203,0.9933585524559021,0.11486577242612839,0.008008968085050583,-0.1149178147315979,0.9933426976203919],"EasingStyle":"Linear","EasingDirection":"Out"},"Torso":{"Weight":1,"CFrame":[-1.416322277236759e-7,-0.09579656273126602,-0.21857643127441407,0.9999861121177673,-0.0037488453090190889,0.0037053669802844526,0.0031899805180728437,0.9900386929512024,0.14075952768325807,-0.004196142312139273,-0.14074574410915376,0.9900369048118591],"EasingStyle":"Linear","EasingDirection":"Out"},"HumanoidRootPart":{"Weight":0,"CFrame":[0,0,0,1,0,0,0,1,0,0,0,1],"EasingStyle":"Linear","EasingDirection":"In"},"Right Leg":{"Weight":1,"CFrame":[0.006094151642173529,0.19932621717453004,0.027887463569641115,0.9523995518684387,0.24354562163352967,-0.18335936963558198,-0.24462953209877015,0.9694668650627136,0.017039645463228227,0.18191078305244447,0.028626563027501107,0.9828982353210449],"EasingStyle":"Linear","EasingDirection":"Out"}}},{"Time":0.2666666805744171,"poses":{"Left Leg":{"Weight":1,"CFrame":[-0.022338250651955606,0.19621515274047852,0.03985917568206787,0.9501252770423889,-0.2543259263038635,0.18050017952919007,0.2505490779876709,0.9671118855476379,0.043814945966005328,-0.18570715188980103,0.0035944588016718628,0.9825985431671143],"EasingStyle":"Linear","EasingDirection":"Out"},"Right Arm":{"Weight":1,"CFrame":[0.60988849401474,0.3137057423591614,0.08356261253356934,-0.9636175632476807,-0.2502496838569641,0.09389540553092957,0.267017662525177,-0.8855933547019959,0.38003411889076235,-0.01195028517395258,0.3912793695926666,0.9201943874359131],"EasingStyle":"Linear","EasingDirection":"Out"},"Left Arm":{"Weight":1,"CFrame":[-0.48811885714530947,0.1894676685333252,0.15150701999664308,-0.9408422112464905,0.27332547307014468,-0.20027272403240205,-0.3242081105709076,-0.8979746699333191,0.29754090309143069,-0.09851431101560593,0.34486910700798037,0.9334667921066284],"EasingStyle":"Linear","EasingDirection":"Out"},"Head":{"Weight":1,"CFrame":[0.0024873490910977127,-0.06453006714582443,-0.0534399151802063,0.9999454617500305,-0.005771984811872244,-0.008703804574906826,0.006697759963572025,0.9938657283782959,0.11039049178361893,0.008013240993022919,-0.11044277250766754,0.9938501715660095],"EasingStyle":"Linear","EasingDirection":"Out"},"Torso":{"Weight":1,"CFrame":[-1.4415958560221044e-7,-0.09579656273126602,-0.20183849334716798,0.9999861121177673,-0.0037396943662315609,0.0037161349318921568,0.0031885721255093815,0.9903433918952942,0.13859941065311433,-0.004198568873107433,-0.13858562707901,0.9903415441513062],"EasingStyle":"Linear","EasingDirection":"Out"},"HumanoidRootPart":{"Weight":0,"CFrame":[0,0,0,1,0,0,0,1,0,0,0,1],"EasingStyle":"Linear","EasingDirection":"In"},"Right Leg":{"Weight":1,"CFrame":[-0.010584663599729538,0.18679910898208619,0.025125861167907716,0.9549294114112854,0.2334161251783371,-0.18337614834308625,-0.2344304621219635,0.9719938635826111,0.01643887348473072,0.182077556848526,0.027290983125567437,0.982905387878418],"EasingStyle":"Linear","EasingDirection":"Out"}}},{"Time":0.28333333134651186,"poses":{"Left Leg":{"Weight":1,"CFrame":[-0.005037820897996426,0.18300259113311768,0.03693389892578125,0.9528566002845764,-0.2436443567276001,0.18083609640598298,0.2397770881652832,0.9698623418807983,0.04328934848308563,-0.18593330681324006,0.0021118130534887316,0.9825600981712341],"EasingStyle":"Linear","EasingDirection":"Out"},"Right Arm":{"Weight":1,"CFrame":[0.6122115254402161,0.3398677110671997,0.07720208168029785,-0.9627783298492432,-0.2533113360404968,0.0942932739853859,0.27000993490219118,-0.8854120969772339,0.37833863496780398,-0.01234907004982233,0.38971632719039919,0.9208521246910095],"EasingStyle":"Linear","EasingDirection":"Out"},"Left Arm":{"Weight":1,"CFrame":[-0.4905572235584259,0.20939648151397706,0.15093517303466798,-0.9398460388183594,0.2763986587524414,-0.20073164999485017,-0.32726171612739565,-0.8969965577125549,0.2971480190753937,-0.09792428463697434,0.3449651896953583,0.9334933757781982],"EasingStyle":"Linear","EasingDirection":"Out"},"Head":{"Weight":1,"CFrame":[0.0024873511865735056,-0.06453006714582443,-0.05343973636627197,0.999945342540741,-0.005824101623147726,-0.008681582286953926,0.006718975026160479,0.9942477345466614,0.10689380764961243,0.00800908450037241,-0.10694629698991776,0.9942325353622437],"EasingStyle":"Linear","EasingDirection":"Out"},"Torso":{"Weight":1,"CFrame":[-1.4684782456697577e-7,-0.09579656273126602,-0.1840348243713379,0.9999861121177673,-0.003731375327333808,0.0037261100951582195,0.0031892219558358194,0.990679144859314,0.13617895543575288,-0.004199514165520668,-0.13616517186164857,0.9906772375106812],"EasingStyle":"Linear","EasingDirection":"Out"},"HumanoidRootPart":{"Weight":0,"CFrame":[0,0,0,1,0,0,0,1,0,0,0,1],"EasingStyle":"Linear","EasingDirection":"In"},"Right Leg":{"Weight":1,"CFrame":[-0.027005542069673539,0.17294931411743165,0.02241969108581543,0.9573904275894165,0.2230885922908783,-0.18339857459068299,-0.22404178977012635,0.9744518399238586,0.015777910128235818,0.18223293125629426,0.02598331682384014,0.982912003993988],"EasingStyle":"Linear","EasingDirection":"Out"}}},{"Time":0.30000001192092898,"poses":{"Left Leg":{"Weight":1,"CFrame":[0.010932414792478085,0.16878336668014527,0.034319519996643069,0.9553781151771545,-0.2333025336265564,0.1811700016260147,0.2293677031993866,0.972403883934021,0.04267498478293419,-0.18612653017044068,0.0007837991579435766,0.9825254678726196],"EasingStyle":"Linear","EasingDirection":"Out"},"Right Arm":{"Weight":1,"CFrame":[0.6139407753944397,0.3639720678329468,0.07010209560394287,-0.9622203707695007,-0.2553650438785553,0.09444908797740936,0.27198585867881777,-0.8856306672096252,0.3764066696166992,-0.01247410662472248,0.387874960899353,0.9216275811195374],"EasingStyle":"Linear","EasingDirection":"Out"},"Left Arm":{"Weight":1,"CFrame":[-0.49295008182525637,0.2292669415473938,0.15016233921051026,-0.9389311671257019,0.27921053767204287,-0.2011212408542633,-0.33004048466682436,-0.8961119055747986,0.2967435419559479,-0.09737321734428406,0.3449999690055847,0.9335381388664246],"EasingStyle":"Linear","EasingDirection":"Out"},"Head":{"Weight":1,"CFrame":[0.0024873504880815746,-0.06453005969524384,-0.0534401535987854,0.9999452829360962,-0.005870073102414608,-0.008657749742269516,0.0067414031364023689,0.9945216178894043,0.1043134480714798,0.007997991517186165,-0.10436605662107468,0.9945067763328552],"EasingStyle":"Linear","EasingDirection":"Out"},"Torso":{"Weight":1,"CFrame":[-1.496048724902721e-7,-0.09579656273126602,-0.16577577590942384,0.9999861121177673,-0.0037237796932458879,0.003735356032848358,0.0031916366424411537,0.9910383820533752,0.13353918492794038,-0.004199151881039143,-0.13352541625499726,0.9910364747047424],"EasingStyle":"Linear","EasingDirection":"Out"},"HumanoidRootPart":{"Weight":0,"CFrame":[0,0,0,1,0,0,0,1,0,0,0,1],"EasingStyle":"Linear","EasingDirection":"In"},"Right Leg":{"Weight":1,"CFrame":[-0.041784171015024188,0.15807563066482545,0.020007729530334474,0.9596222639083862,0.21325840055942536,-0.18342840671539308,-0.21416838467121125,0.9766804575920105,0.015071859583258629,0.18236514925956727,0.024821272119879724,0.9829175472259522],"EasingStyle":"Linear","EasingDirection":"Out"}}},{"Time":0.3166666626930237,"poses":{"Left Leg":{"Weight":1,"CFrame":[0.02455776371061802,0.15397673845291139,0.03220510482788086,0.9575856924057007,-0.22381164133548737,0.18148817121982575,0.2198406159877777,0.9746323823928833,0.0419742688536644,-0.1862785369157791,-0.00029549331520684063,0.982