{"Sequence":[{"Time":0,"poses":{"Left Leg":{"Weight":1,"CFrame":[-0.3035668134689331,0.762565016746521,0.03741335868835449,0.5284668207168579,0.8348462581634522,0.1541249305009842,-0.8115152716636658,0.550085723400116,-0.1971006840467453,-0.24933069944381715,-0.02091354876756668,0.9681925773620606],"EasingStyle":"Linear","EasingDirection":"Out"},"Right Arm":{"Weight":1,"CFrame":[0.3156089782714844,0.09986871480941773,-0.09335190057754517,0.4154985249042511,-0.48775675892829897,0.7677592635154724,0.906941831111908,0.15774744749069215,-0.390605092048645,0.06940809637308121,0.8586087822914124,0.5079108476638794],"EasingStyle":"Linear","EasingDirection":"Out"},"Left Arm":{"Weight":1,"CFrame":[-0.10726606100797653,0.051869094371795657,0.011947035789489746,0.3616473376750946,0.5154529213905335,-0.7768651843070984,-0.9246461391448975,0.09164480865001679,-0.36963582038879397,-0.11933425068855286,0.8520032167434692,0.5097547173500061],"EasingStyle":"Linear","EasingDirection":"Out"},"Head":{"Weight":1,"CFrame":[1.7881393432617188e-7,-3.8300640881061556e-7,0,0.9591220021247864,-0.2817644774913788,-0.026340235024690629,0.19301427900791169,0.5832574367523193,0.7890223264694214,-0.20695529878139497,-0.7618527412414551,0.6137995719909668],"EasingStyle":"Linear","EasingDirection":"Out"},"Torso":{"Weight":1,"CFrame":[-5.553673076974519e-10,2.221491213205695e-9,-0.5708856582641602,0.9953240156173706,0.0868266224861145,-0.04232257977128029,-0.08321388810873032,0.5482967495918274,-0.8321334719657898,-0.04904601350426674,0.831764280796051,0.5529581308364868],"EasingStyle":"Linear","EasingDirection":"Out"},"HumanoidRootPart":{"Weight":0,"CFrame":[0,0,0,1,0,0,0,1,0,0,0,1],"EasingStyle":"Linear","EasingDirection":"In"},"Right Leg":{"Weight":1,"CFrame":[0.3944164514541626,0.7110511064529419,0.01455533504486084,0.6243393421173096,-0.7792246341705322,-0.0548572801053524,0.7577012777328491,0.6211786270141602,-0.20006489753723145,0.18997162580490113,0.08334293216466904,0.978245735168457],"EasingStyle":"Linear","EasingDirection":"Out"}}},{"Time":0.01666666753590107,"poses":{"Left Leg":{"Weight":1,"CFrame":[-0.3191341161727905,0.7696343660354614,0.035070180892944339,0.523564875125885,0.8397341966629028,0.1439664214849472,-0.8168063163757324,0.5427836179733276,-0.1954822987318039,-0.2422957718372345,-0.015245004557073117,0.9700826406478882],"EasingStyle":"Linear","EasingDirection":"Out"},"Right Arm":{"Weight":1,"CFrame":[0.31455785036087038,0.09297865629196167,-0.09314078092575073,0.41424185037612917,-0.5021143555641174,0.7591343522071838,0.9061685800552368,0.1494295448064804,-0.39563778042793276,0.08521836251020432,0.8517934083938599,0.5169001221656799],"EasingStyle":"Linear","EasingDirection":"Out"},"Left Arm":{"Weight":1,"CFrame":[-0.10083310306072235,0.051777780055999759,0.011448025703430176,0.3543666899204254,0.5245750546455383,-0.7741093635559082,-0.9260166883468628,0.08171446621417999,-0.36853185296058657,-0.13006675243377686,0.8474336266517639,0.5147222280502319],"EasingStyle":"Linear","EasingDirection":"Out"},"Head":{"Weight":1,"CFrame":[0.0007892437279224396,-0.011235996149480343,-0.007308006286621094,0.9637792110443115,-0.26590561866760256,-0.020585980266332628,0.1755780577659607,0.5744929313659668,0.7994562387466431,-0.20075340569019319,-0.7741137742996216,0.6003714799880981],"EasingStyle":"Linear","EasingDirection":"Out"},"Torso":{"Weight":1,"CFrame":[-7.503761167981793e-8,-0.0015871762298047543,-0.568486213684082,0.9962119460105896,0.07591332495212555,-0.04241306334733963,-0.07669299840927124,0.5371289253234863,-0.8400063514709473,-0.04098639637231827,0.8400772213935852,0.5409162640571594],"EasingStyle":"Linear","EasingDirection":"Out"},"HumanoidRootPart":{"Weight":0,"CFrame":[0,0,0,1,0,0,0,1,0,0,0,1],"EasingStyle":"Linear","EasingDirection":"In"},"Right Leg":{"Weight":1,"CFrame":[0.39790335297584536,0.7292557954788208,0.010106921195983887,0.6154155731201172,-0.7857122421264648,-0.06261055171489716,0.7644302248954773,0.614329993724823,-0.19556346535682679,0.19212007522583009,0.072491355240345,0.9786903858184815],"EasingStyle":"Linear","EasingDirection":"Out"}}},{"Time":0.03333333507180214,"poses":{"Left Leg":{"Weight":1,"CFrame":[-0.33206820487976076,0.7963843941688538,0.03158307075500488,0.5404574871063232,0.8263354897499085,0.1583520472049713,-0.7937168478965759,0.5631762742996216,-0.22988253831863404,-0.27914026379585268,-0.0014449597802013159,0.9602492451667786],"EasingStyle":"Linear","EasingDirection":"Out"},"Right Arm":{"Weight":1,"CFrame":[0.31170013546943667,0.08723163604736328,-0.09166353940963745,0.39733895659446719,-0.5374818444252014,0.743797779083252,0.908507227897644,0.11613374203443527,-0.4014069437980652,0.12936893105506898,0.8352402448654175,0.5344505310058594],"EasingStyle":"Linear","EasingDirection":"Out"},"Left Arm":{"Weight":1,"CFrame":[-0.09463158249855042,0.05173683166503906,0.010161161422729493,0.33690303564071658,0.5427004098892212,-0.7693975567817688,-0.9292133450508118,0.05985444411635399,-0.3646642565727234,-0.1518515795469284,0.8377909660339356,0.5244495868682861],"EasingStyle":"Linear","EasingDirection":"Out"},"Head":{"Weight":1,"CFrame":[0.0009020082652568817,-0.022472329437732698,-0.014615833759307862,0.9770349860191345,-0.21264828741550446,-0.013539337553083897,0.13550589978694917,0.5710452795028687,0.809657633304596,-0.16444072127342225,-0.7928984761238098,0.5867462754249573],"EasingStyle":"Linear","EasingDirection":"Out"},"Torso":{"Weight":1,"CFrame":[-1.4542115422955249e-7,-0.005537576973438263,-0.5830321311950684,0.9968916773796082,0.06318264454603195,-0.04706292599439621,-0.07363689690828324,0.5348615050315857,-0.8417248725891113,-0.02801024727523327,0.8425741195678711,0.5378515720367432],"EasingStyle":"Linear","EasingDirection":"Out"},"HumanoidRootPart":{"Weight":0,"CFrame":[0,0,0,1,0,0,0,1,0,0,0,1],"EasingStyle":"Linear","EasingDirection":"In"},"Right Leg":{"Weight":1,"CFrame":[0.4105992913246155,0.801598846912384,-0.0014193058013916016,0.632615327835083,-0.7708097100257874,-0.07516801357269287,0.7535613179206848,0.6350317001342773,-0.16994142532348634,0.17872658371925355,0.05086386576294899,0.9825831651687622],"EasingStyle":"Linear","EasingDirection":"Out"}}},{"Time":0.05000000074505806,"poses":{"Left Leg":{"Weight":1,"CFrame":[-0.35027867555618288,0.8541219830513,0.01964282989501953,0.5348597168922424,0.8330678343772888,0.14114895462989808,-0.803798258304596,0.5531588792800903,-0.21891473233699799,-0.26044848561286929,0.003633389249444008,0.9654808640480042],"EasingStyle":"Linear","EasingDirection":"Out"},"Right Arm":{"Weight":1,"CFrame":[0.30747726559638979,0.082705557346344,-0.08765357732772827,0.36375731229782107,-0.5929832458496094,0.7183672785758972,0.9061933755874634,0.046756405383348468,-0.42027077078819277,0.21562513709068299,0.8038561344146729,0.554365336894989],"EasingStyle":"Linear","EasingDirection":"Out"},"Left Arm":{"Weight":1,"CFrame":[-0.08893725275993347,0.051725924015045169,0.008401632308959961,0.3137781023979187,0.5675757527351379,-0.76118403673172,-0.9317894577980042,0.029968099668622018,-0.3617599904537201,-0.1825149953365326,0.8227756023406982,0.5382644534111023],"EasingStyle":"Linear","EasingDirection":"Out"},"Head":{"Weight":1,"CFrame":[0.0009020008146762848,-0.0224723182618618,-0.01461559534072876,0.9890713691711426,-0.14657171070575715,-0.01595582254230976,0.09683595597743988,0.5641931891441345,0.8199443817138672,-0.11117849498987198,-0.8125286102294922,0.5722207427024841],"EasingStyle":"Linear","EasingDirection":"Out"},"Torso":{"Weight":1,"CFrame":[-1.3880190863346798e-7,-0.010804802179336548,-0.6041364669799805,0.9983146786689758,0.04424125701189041,-0.03755747526884079,-0.054930929094552997,0.5116124749183655,-0.8574585914611816,-0.018720172345638276,0.8580765724182129,0.5131804943084717],"EasingStyle":"Linear","EasingDirection":"Out"},"HumanoidRootPart":{"Weight":0,"CFrame":[0,0,0,1,0,0,0,1,0,0,0,1],"EasingStyle":"Linear","EasingDirection":"In"},"Right Leg":{"Weight":1,"CFrame":[0.40797296166419985,0.8612934947013855,-0.01949012279510498,0.6285339593887329,-0.7710546851158142,-0.10207704454660416,0.7520624995231628,0.6359638571739197,-0.17306622862815858,0.19836081564426423,0.03200968727469444,0.9796062111854553],"EasingStyle":"Linear","EasingDirection":"Out"}}},{"Time":0.06666667014360428,"poses":{"Left Leg":{"Weight":1,"CFrame":[-0.36139172315597536,0.9089859127998352,-0.005155622959136963,0.5478125214576721,0.8223288655281067,0.15387208759784699,-0.7970390319824219,0.5688942670822144,-0.20270203053951264,-0.25422465801239016,-0.011599348857998848,0.9670756459236145],"EasingStyle":"Linear","EasingDirection":"Out"},"Right Arm":{"Weight":1,"CFrame":[0.3023318350315094,0.07949256896972656,-0.07984483242034912,0.3373733162879944,-0.5991876125335693,0.7260532975196838,0.9207050800323486,0.049304671585559848,-0.3871321678161621,0.19616691768169404,0.7990890145301819,0.5683091282844544],"EasingStyle":"Linear","EasingDirection":"Out"},"Left Arm":{"Weight":1,"CFrame":[-0.08402659744024277,0.051725149154663089,0.006484508514404297,0.2892407774925232,0.59731125831604,-0.7480367422103882,-0.9316023588180542,-0.004053931217640638,-0.363456666469574,-0.22012917697429658,0.8019992709159851,0.5552840232849121],"EasingStyle":"Linear","EasingDirection":"Out"},"Head":{"Weight":1,"CFrame":[0.0009019896388053894,-0.022472016513347627,-0.014615654945373536,0.993289053440094,-0.11249049752950669,-0.026883311569690706,0.08593181520700455,0.5622082948684692,0.8225190043449402,-0.07741156965494156,-0.8193092942237854,0.5681019425392151],"EasingStyle":"Linear","EasingDirection":"Out"},"Torso":{"Weight":1,"CFrame":[-1.3328779857602059e-7,-0.017023665830492975,-0.6138148307800293,0.9985830783843994,0.043110352009534839,-0.03119773045182228,-0.04876645281910896,0.506705641746521,-0.8607387542724609,-0.021298686042428018,0.8610405921936035,0.5080900192260742],"EasingStyle":"Linear","EasingDirection":"Out"},"HumanoidRootPart":{"Weight":0,"CFrame":[0,0,0,1,0,0,0,1,0,0,0,1],"EasingStyle":"Linear","EasingDirection":"In"},"Right Leg":{"Weight":1,"CFrame":[0.43070322275161745,0.9121886491775513,-0.043518245220184329,0.6462084650993347,-0.7541683316230774,-0.11681044101715088,0.735298752784729,0.6562603712081909,-0.1692870557308197,0.20432893931865693,0.023504143580794336,0.9786200523376465],"EasingStyle":"Linear","EasingDirection":"Out"}}},{"Time":0.0833333358168602,"poses":{"Left Leg":{"Weight":1,"CFrame":[-0.3714253902435303,0.9462272524833679,-0.0351865291595459,0.5394960641860962,0.8266777992248535,0.1598365157842636,-0.8056537508964539,0.5619924664497376,-0.18731407821178437,-0.24467533826828004,-0.027717679738998414,0.969208836555481],"EasingStyle":"Linear","EasingDirection":"Out"},"Right Arm":{"Weight":1,"CFrame":[0.29670625925064089,0.07770341634750366,-0.0669708251953125,0.3147558271884918,-0.6121791005134583,0.7253726124763489,0.9108110666275024,-0.020266344770789148,-0.4123256206512451,0.26711785793304446,0.7904593348503113,0.5512006282806397],"EasingStyle":"Linear","EasingDirection":"Out"},"Left Arm":{"Weight":1,"CFrame":[-0.08017710596323013,0.05171436071395874,0.004724979400634766,0.2672220766544342,0.6307159662246704,-0.7285531759262085,-0.9269511103630066,-0.03837653622031212,-0.3732142150402069,-0.26335158944129946,0.7750642895698547,0.5743878483772278],"EasingStyle":"Linear","EasingDirection":"Out"},"Head":{"Weight":1,"CFrame":[0.000901978462934494,-0.022472068667411805,-0.01461559534072876,0.9964408278465271,-0.07351409643888474,-0.0412476621568203,0.07489170134067536,0.5474661588668823,0.8334698677062988,-0.038690075278282168,-0.8335925340652466,0.5510232448577881],"EasingStyle":"Linear","EasingDirection":"Out"},"Torso":{"Weight":1,"CFrame":[-1.286558699575835e-7,-0.023999284952878953,-0.614384651184082,0.9989843368530273,0.03864037245512009,-0.02317912131547928,-0.03912213817238808,0.48856475949287417,-0.8716501593589783,-0.02235638163983822,0.8716716170310974,0.4895802140235901],"EasingStyle":"Linear","EasingDirection":"Out"},"HumanoidRootPart":{"Weight":0,"CFrame":[0,0,0,1,0,0,0,1,0,0,0,1],"EasingStyle":"Linear","EasingDirection":"In"},"Right Leg":{"Weight":1,"CFrame":[0.4477105140686035,0.9488127827644348,-0.07130467891693115,0.6446731686592102,-0.7529022693634033,-0.13241831958293916,0.7337462306022644,0.6580247282981873,-0.16917423903942109,0.21450622379779817,0.011900655925273896,0.9766501188278198],"EasingStyle":"Linear","EasingDirection":"Out"}}},{"Time":0.10000000149011612,"poses":{"Left Leg":{"Weight":1,"CFrame":[-0.3886648118495941,0.9742252230644226,-0.06083148717880249,0.5432273149490356,0.8231085538864136,0.16551853716373444,-0.8041784763336182,0.5667545199394226,-0.17912639677524568,-0.24124889075756074,-0.03580009937286377,0.969802737236023],"EasingStyle":"Linear","EasingDirection":"Out"},"Right Arm":{"Weight":1,"CFrame":[0.29104241728782656,0.07746881246566773,-0.04776561260223389,0.31416693329811098,-0.6029239892959595,0.7333360314369202,0.9146246314048767,-0.014837912283837796,-0.40403154492378237,0.25448161363601687,0.7976606488227844,0.546787679195404],"EasingStyle":"Linear","EasingDirection":"Out"},"Left Arm":{"Weight":1,"CFrame":[-0.07766450941562653,0.051673054695129397,0.0034379959106445314,0.251337468624115,0.6673645377159119,-0.7010378837585449,-0.916354775428772,-0.06913986057043076,-0.39435213804244997,-0.31164631247520449,0.7415148615837097,0.5941652059555054],"EasingStyle":"Linear","EasingDirection":"Out"},"Head":{"Weight":1,"CFrame":[0.0009019821882247925,-0.02247234433889389,-0.014615774154663086,0.9967288374900818,-0.06861794739961624,-0.04269907996058464,0.07404659688472748,0.5636460781097412,0.8226907849311829,-0.032384179532527927,-0.8231613636016846,0.5668832659721375],"EasingStyle":"Linear","EasingDirection":"Out"},"Torso":{"Weight":1,"CFrame":[-1.241875224877731e-7,-0.031536780297756198,-0.6114463806152344,0.9991964101791382,0.0333169661462307,-0.022283215075731279,-0.035548754036426547,0.4797981083393097,-0.8766584992408752,-0.018516158685088159,0.8767461180686951,0.4805968999862671],"EasingStyle":"Linear","EasingDirection":"Out"},"HumanoidRootPart":{"Weight":0,"CFrame":[0,0,0,1,0,0,0,1,0,0,0,1],"EasingStyle":"Linear","EasingDirection":"In"},"Right Leg":{"Weight":1,"CFrame":[0.4649107754230499,0.9857128858566284,-0.10277092456817627,0.6500990390777588,-0.744301974773407,-0.15292415022850038,0.7271726727485657,0.6677969098091126,-0.15895646810531617,0.22043396532535554,-0.007864835672080517,0.9753702282905579],"EasingStyle":"Linear","EasingDirection":"Out"}}},{"Time":0.11666666716337204,"poses":{"Left Leg":{"Weight":1,"CFrame":[-0.42105382680892947,1.0137044191360474,-0.07858800888061524,0.5865021347999573,0.7898677587509155,0.17923234403133393,-0.7726320028305054,0.6120047569274902,-0.16878920793533326,-0.24301229417324067,-0.039485443383455279,0.9692192673683167],"EasingStyle":"Linear","EasingDirection":"Out"},"Right Arm":{"Weight":1,"CFrame":[0.28578147292137148,0.07894724607467652,-0.020962417125701906,0.2805328071117401,-0.6116546392440796,0.7397161722183228,0.9244189858436585,-0.03526974096894264,-0.3797439634799957,0.2583618760108948,0.7903383374214172,0.555530846118927],"EasingStyle":"Linear","EasingDirection":"Out"},"Left Arm":{"Weight":1,"CFrame":[-0.07676538825035095,0.05158168077468872,0.002938985824584961,0.2449451982975006,0.7074636220932007,-0.6629458069801331,-0.8980329036712647,-0.09217000007629395,-0.4301646649837494,-0.3654295802116394,0.7007138729095459,0.612748920917511],"EasingStyle":"Linear","EasingDirection":"Out"},"Head":{"Weight":1,"CFrame":[0.0009019915014505386,-0.022472290322184564,-0.014615893363952637,0.9968892335891724,-0.0689779669046402,-0.03812948986887932,0.07302000373601914,0.6262364387512207,0.7762061953544617,-0.029663046821951867,-0.7765757441520691,0.6293250918388367],"EasingStyle":"Linear","EasingDirection":"Out"},"Torso":{"Weight":1,"CFrame":[-1.1895767926262124e-7,-0.039441268891096118,-0.6119670867919922,0.9992603659629822,0.03032519295811653,-0.023645158857107164,-0.03564963862299919,0.5000433325767517,-0.8652663230895996,-0.014415762387216092,0.8654692769050598,0.5007545948028565],"EasingStyle":"Linear","EasingDirection":"Out"},"HumanoidRootPart":{"Weight":0,"CFrame":[0,0,0,1,0,0,0,1,0,0,0,1],"EasingStyle":"Linear","EasingDirection":"In"},"Right Leg":{"Weight":1,"CFrame":[0.5030437707901001,1.0316261053085328,-0.12827491760253907,0.6901699900627136,-0.7018505930900574,-0.17627030611038209,0.6884005665779114,0.7118726372718811,-0.1390751600265503,0.22309201955795289,-0.025359075516462327,0.9744675159454346],"EasingStyle":"Linear","EasingDirection":"Out"}}},{"Time":0.13333334028720857,"poses":{"Left Leg":{"Weight":1,"CFrame":[-0.4556753933429718,1.0451362133026124,-0.08418214321136475,0.6308684945106506,0.7519512176513672,0.19124390184879304,-0.7354947328567505,0.6580674052238464,-0.16122910380363465,-0.24708783626556397,-0.03894451633095741,0.9682101607322693],"EasingStyle":"Linear","EasingDirection":"Out"},"Right Arm":{"Weight":1,"CFrame":[0.2822054922580719,0.0831606388092041,0.015076875686645508,0.21765448153018952,-0.64760822057724,0.7302260398864746,0.9336140751838684,-0.08000755310058594,-0.34923288226127627,0.28458961844444277,0.7577614784240723,0.5872021317481995],"EasingStyle":"Linear","EasingDirection":"Out"},"Left Arm":{"Weight":1,"CFrame":[-0.07958748936653137,0.04728978872299194,0.008367776870727539,0.2481060028076172,0.7505905032157898,-0.6124192476272583,-0.8704139590263367,-0.10477671027183533,-0.48104196786880495,-0.42523282766342165,0.652407705783844,0.6273286938667297],"EasingStyle":"Linear","EasingDirection":"Out"},"Head":{"Weight":1,"CFrame":[0.0009019989520311356,-0.0224722009152174,-0.01461571455001831,0.9970202445983887,-0.06915140897035599,-0.03418612480163574,0.07196271419525147,0.67415851354599,0.7350725531578064,-0.027784446254372598,-0.7353423833847046,0.6771259903907776],"EasingStyle":"Linear","EasingDirection":"Out"},"Torso":{"Weight":1,"CFrame":[-1.1357001028500236e-7,-0.04751785844564438,-0.6127901077270508,0.9992954134941101,0.028819352388381959,-0.024044930934906007,-0.035586535930633548,0.5238929986953735,-0.8510403633117676,-0.011929459869861603,0.8512963652610779,0.5245494842529297],"EasingStyle":"Linear","EasingDirection":"Out"},"HumanoidRootPart":{"Weight":0,"CFrame":[0,0,0,1,0,0,0,1,0,0,0,1],"EasingStyle":"Linear","EasingDirection":"In"},"Right Leg":{"Weight":1,"CFrame":[0.544501781463623,1.0629104375839234,-0.13809669017791749,0.7300819754600525,-0.6561220288276672,-0.19100859761238099,0.64527428150177,0.7539247274398804,-0.12336350232362747,0.22494761645793916,-0.03318748250603676,0.9738054871559143],"EasingStyle":"Linear","EasingDirection":"Out"}}},{"Time":0.15000000596046449,"poses":{"Left Leg":{"Weight":1,"CFrame":[-0.48709836602211,1.069817304611206,-0.07451707124710083,0.6624111533164978,0.7253517508506775,0.1872866302728653,-0.7108415961265564,0.6874997019767761,-0.14848722517490388,-0.2364649623632431,-0.03477154299616814,0.9710176587104797],"EasingStyle":"Linear","EasingDirection":"Out"},"Right Arm":{"Weight":1,"CFrame":[0.28136053681373598,0.08999663591384888,0.058617472648620608,0.16066700220108033,-0.7016180157661438,0.6942033171653748,0.9381095767021179,-0.11008486151695252,-0.32837751507759097,0.3068167567253113,0.7039982080459595,0.6405075788497925],"EasingStyle":"Linear","EasingDirection":"Out"},"Left Arm":{"Weight":1,"CFrame":[-0.08752869814634323,0.03674882650375366,0.02398073673248291,0.25448858737945559,0.7909970283508301,-0.5563804507255554,-0.8388595581054688,-0.10571274906396866,-0.5339847803115845,-0.48119667172431948,0.6026180386543274,0.6366326212882996],"EasingStyle":"Linear","EasingDirection":"Out"},"Head":{"Weight":1,"CFrame":[0.000956360250711441,-0.023914910852909089,-0.01594722270965576,0.9971211552619934,-0.06752036511898041,-0.03450169414281845,0.07173535972833634,0.6926228404045105,0.7177239060401917,-0.02456432208418846,-0.718132734298706,0.6954725384712219],"EasingStyle":"Linear","EasingDirection":"Out"},"Torso":{"Weight":1,"CFrame":[-1.0833754515715555e-7,-0.05557168275117874,-0.6126837730407715,0.9993817210197449,0.027977529913187028,-0.021293649449944497,-0.03301350027322769,0.5383883118629456,-0.8420499563217163,-0.012094222940504551,0.8422322869300842,0.5389791131019592],"EasingStyle":"Linear","EasingDirection":"Out"},"HumanoidRootPart":{"Weight":0,"CFrame":[0,0,0,1,0,0,0,1,0,0,0,1],"EasingStyle":"Linear","EasingDirection":"In"},"Right Leg":{"Weight":1,"CFrame":[0.5845646858215332,1.0842399597167969,-0.1319480538368225,0.759747326374054,-0.6246461272239685,-0.18055757880210877,0.6167558431625366,0.7802408933639526,-0.10409905761480332,0.20590344071388246,-0.03227095305919647,0.9780400395393372],"EasingStyle":"Linear","EasingDirection":"Out"}}},{"Time":0.1666666716337204,"poses":{"Left Leg":{"Weight":1,"CFrame":[-0.5316821336746216,1.1115328073501588,-0.05948758125305176,0.7008992433547974,0.6919297575950623,0.1731284260749817,-0.6851118206977844,0.7206215858459473,-0.10642507672309876,-0.19839873909950257,-0.04401905834674835,0.9791324138641357],"EasingStyle":"Linear","EasingDirection":"Out"},"Right Arm":{"Weight":1,"CFrame":[0.28335657715797427,0.09821105003356934,0.10586667060852051,0.10468041151762009,-0.7709503769874573,0.6282336711883545,0.9358536601066589,-0.13736781477928163,-0.3245120346546173,0.3364817202091217,0.6219047904014587,0.7071169018745422],"EasingStyle":"Linear","EasingDirection":"Out"},"Left Arm":{"Weight":1,"CFrame":[-0.09979934245347977,0.023093819618225099,0.04876863956451416,0.25943154096603396,0.8269768357276917,-0.49880319833755495,-0.8129626512527466,-0.09180478006601334,-0.5750334858894348,-0.5213319659233093,0.5546901822090149,0.6484842896461487],"EasingStyle":"Linear","EasingDirection":"Out"},"Head":{"Weight":1,"CFrame":[0.0011020638048648835,-0.027779951691627504,-0.01951545476913452,0.9971389770507813,-0.0658247172832489,-0.03716138377785683,0.07295762747526169,0.7094694972038269,0.7009494304656982,-0.019774936139583589,-0.7016553282737732,0.7122421264648438],"EasingStyle":"Linear","EasingDirection":"Out"},"Torso":{"Weight":1,"CFrame":[-1.0326066046673077e-7,-0.06340786069631577,-0.6124863624572754,0.9994834065437317,0.02776237390935421,-0.016190316528081895,-0.028889067471027375,0.5553678274154663,-0.8311028480529785,-0.014081805944442749,0.8311412930488586,0.5558830499649048],"EasingStyle":"Linear","EasingDirection":"Out"},"HumanoidRootPart":{"Weight":0,"CFrame":[0,0,0,1,0,0,0,1,0,0,0,1],"EasingStyle":"Linear","EasingDirection":"In"},"Right Leg":{"Weight":1,"CFrame":[0.6467745900154114,1.1175693273544312,-0.12173956632614136,0.7971048951148987,-0.5863289833068848,-0.1443682461977005,0.5844983458518982,0.8092232346534729,-0.05932409316301346,0.15160958468914033,-0.037095461040735248,0.987744152545929],"EasingStyle":"Linear","EasingDirection":"Out"}}},{"Time":0.18333333730697633,"poses":{"Left Leg":{"Weight":1,"CFrame":[-0.5812169313430786,1.1664893627166749,-0.050675809383392337,0.7379017472267151,0.6568152904510498,0.15522480010986329,-0.6608017683029175,0.7498878836631775,-0.03176696598529816,-0.13726621866226197,-0.07913191616535187,0.9873682856559753],"EasingStyle":"Linear","EasingDirection":"Out"},"Right Arm":{"Weight":1,"CFrame":[0.2883283197879791,0.10682129859924317,0.15303099155426026,0.04395544156432152,-0.8480823636054993,0.528037965297699,0.9217225313186646,-0.1694476157426834,-0.34887680411338808,0.3853510618209839,0.5020396113395691,0.7742486000061035],"EasingStyle":"Linear","EasingDirection":"Out"},"Left Arm":{"Weight":1,"CFrame":[-0.1156119778752327,0.009459137916564942,0.08172142505645752,0.261636346578598,0.8607944846153259,-0.43655386567115786,-0.8053131699562073,-0.05461358651518822,-0.5903287529945374,-0.5319935083389282,0.5060139894485474,0.6789202690124512],"EasingStyle":"Linear","EasingDirection":"Out"},"Head":{"Weight":1,"CFrame":[0.001313009299337864,-0.03337603434920311,-0.024681448936462404,0.997052788734436,-0.06464672833681107,-0.041310228407382968,0.07530876994132996,0.7219727635383606,0.6878109574317932,-0.01463987771421671,-0.6888948678970337,0.7247134447097778],"EasingStyle":"Linear","EasingDirection":"Out"},"Torso":{"Weight":1,"CFrame":[-9.843886772387123e-8,-0.07083148509263993,-0.6123800277709961,0.9995557069778442,0.028062792494893075,-0.01004400011152029,-0.02427244745194912,0.5708003044128418,-0.8207300901412964,-0.0172988623380661,0.8206092119216919,0.5712278485298157],"EasingStyle":"Linear","EasingDirection":"Out"},"HumanoidRootPart":{"Weight":0,"CFrame":[0,0,0,1,0,0,0,1,0,0,0,1],"EasingStyle":"Linear","EasingDirection":"In"},"Right Leg":{"Weight":1,"CFrame":[0.7172248363494873,1.1577602624893189,-0.11826330423355103,0.8306365013122559,-0.5489376187324524,-0.09332995116710663,0.5520745515823364,0.8337386250495911,0.00967297051101923,0.07250291854143143,-0.05955982580780983,0.9955882430076599],"EasingStyle":"Linear","EasingDirection":"Out"}}},{"Time":0.20000000298023225,"poses":{"Left Leg":{"Weight":1,"CFrame":[-0.6024013757705689,1.2498873472213746,-0.05829662084579468,0.7705767750740051,0.6236622929573059,0.13136541843414308,-0.6346653699874878,0.7697465419769287,0.06848457455635071,-0.05840683728456497,-0.1361456662416458,0.988965630531311],"EasingStyle":"Linear","EasingDirection":"Out"},"Right Arm":{"Weight":1,"CFrame":[0.29643839597702029,0.11501306295394898,0.19631731510162354,-0.02775401435792446,-0.9180193543434143,0.3955630660057068,0.8873414397239685,-0.2048347294330597,-0.4131197929382324,0.4602769911289215,0.33953383564949038,0.8202816247940064],"EasingStyle":"Linear","EasingDirection":"Out"},"Left Arm":{"Weight":1,"CFrame":[-0.13417792320251466,-0.0010198652744293213,0.12182974815368653,0.19446374475955964,0.9001339673995972,-0.3897983133792877,-0.8040258884429932,-0.08136319369077683,-0.5890011787414551,-0.5618952512741089,0.4279473125934601,0.7079088091850281],"EasingStyle":"Linear","EasingDirection":"Out"},"Head":{"Weight":1,"CFrame":[0.001563092926517129,-0.04001070186495781,-0.030805766582489015,0.9968565702438355,-0.06444035470485687,-0.04609110951423645,0.07855766266584397,0.7284802198410034,0.6805477738380432,-0.010278276167809964,-0.6820293068885803,0.7312526106834412],"EasingStyle":"Linear","EasingDirection":"Out"},"Torso":{"Weight":1,"CFrame":[-8.802023643283974e-8,-0.07764770090579987,-0.6519613265991211,0.9995742440223694,0.02889295108616352,-0.00406647427007556,-0.020129898563027383,0.5819936394691467,-0.8129441142082214,-0.021121693775057794,0.8126798868179321,0.5823274850845337],"EasingStyle":"Linear","EasingDirection":"Out"},"HumanoidRootPart":{"Weight":0,"CFrame":[0,0,0,1,0,0,0,1,0,0,0,1],"EasingStyle":"Linear","EasingDirection":"In"},"Right Leg":{"Weight":1,"CFrame":[0.7637200355529785,1.2276183366775513,-0.12991881370544434,0.8573573231697083,-0.5135882496833801,-0.034141045063734058,0.5142993927001953,0.8520808219909668,0.0972333699464798,-0.02084699273109436,-0.10092245042324066,0.994675874710083],"EasingStyle":"Linear","EasingDirection":"Out"}}},{"Time":0.21666666865348817,"poses":{"Left Leg":{"Weight":1,"CFrame":[-0.5684216618537903,1.3625355958938599,-0.09969204664230347,0.7944125533103943,0.5976907014846802,0.10804837197065354,-0.60671067237854,0.772541880607605,0.18730007112026215,0.028475604951381685,-0.21434757113456727,0.9763422608375549],"EasingStyle":"Linear","EasingDirection":"Out"},"Right Arm":{"Weight":1,"CFrame":[0.3078792691230774,0.12208318710327149,0.2319324016571045,-0.11661214381456375,-0.9616192579269409,0.24837468564510346,0.8267618417739868,-0.2325613796710968,-0.5122305154800415,0.5503330230712891,0.14561443030834199,0.8221495747566223],"EasingStyle":"Linear","EasingDirection":"Out"},"Left Arm":{"Weight":1,"CFrame":[-0.1547083705663681,-0.005209684371948242,0.1680837869644165,0.338372141122818,0.8873335719108582,-0.31327852606773379,-0.8252078294754028,0.11980227380990982,-0.551977813243866,-0.452256977558136,0.4452937841415405,0.7727723121643066],"EasingStyle":"Linear","EasingDirection":"Out"},"Head":{"Weight":1,"CFrame":[0.0018262374214828015,-0.04699157550930977,-0.037249743938446048,0.9965591430664063,-0.06558205187320709,-0.050683919340372089,0.08251489698886872,0.7273080348968506,0.6813327670097351,-0.007820374332368374,-0.6831706166267395,0.7302169799804688],"EasingStyle":"Linear","EasingDirection":"Out"},"Torso":{"Weight":1,"CFrame":[-6.866133617222659e-8,-0.08366161584854126,-0.754213809967041,0.9995390176773071,0.030354881659150125,0.0005726163508370519,-0.01734444499015808,0.5864025354385376,-0.8098340630531311,-0.024918202310800554,0.8094508051872253,0.5866587162017822],"EasingStyle":"Linear","EasingDirection":"Out"},"HumanoidRootPart":{"Weight":0,"CFrame":[0,0,0,1,0,0,0,1,0,0,0,1],"EasingStyle":"Linear","EasingDirection":"In"},"Right Leg":{"Weight":1,"CFrame":[0.7639676332473755,1.336663007736206,-0.16535860300064088,0.8751855492591858,-0.483132541179657,0.025162793695926667,0.4695899486541748,0.8608600497245789,0.19597265124320985,-0.11634241044521332,-0.15969623625278474,0.9802864789962769],"EasingStyle":"Linear","EasingDirection":"Out"}}},{"Time":0.23333333432674409,"poses":{"Left Leg":{"Weight":1,"CFrame":[-0.47296106815338137,1.463557243347168,-0.18702924251556397,0.8000413179397583,0.5914886593818665,0.10037554800510407,-0.5894021391868591,0.7436760067939758,0.31551697850227358,0.11197774112224579,-0.31158819794654848,0.9435961842536926],"EasingStyle":"Linear","EasingDirection":"Out"},"Right Arm":{"Weight":1,"CFrame":[0.3228777050971985,0.12740302085876466,0.25608301162719729,-0.22365187108516694,-0.9677329659461975,0.1160721704363823,0.736880362033844,-0.24583233892917634,-0.6297411322593689,0.6379554271697998,-0.0553114078938961,0.7680841684341431],"EasingStyle":"Linear","EasingDirection":"Out"},"Left Arm":{"Weight":1,"CFrame":[-0.178632453083992,-0.00554502010345459,0.21714746952056886,0.02209349535405636,0.975851833820343,-0.21731343865394593,-0.7430481910705566,-0.12939809262752534,-0.6566089391708374,-0.668873131275177,0.17598098516464234,0.7222462296485901],"EasingStyle":"Linear","EasingDirection":"Out"},"Head":{"Weight":1,"CFrame":[0.0020763243082910778,-0.05362613499164581,-0.04337435960769653,0.9961920380592346,-0.06805792450904846,-0.054493919014930728,0.0867931991815567,0.7148302793502808,0.6938909292221069,-0.008270877413451672,-0.6959782838821411,0.7180151343345642],"EasingStyle":"Linear","EasingDirection":"Out"},"Torso":{"Weight":1,"CFrame":[-4.4224421458238797e-8,-0.08867833018302918,-0.8944005966186523,0.9994696378707886,0.032425299286842349,0.0030042899306863548,-0.016350088641047479,0.5794674158096314,-0.8148313760757446,-0.028162037953734399,0.8143501281738281,0.5796902179718018],"EasingStyle":"Linear","EasingDirection":"Out"},"HumanoidRootPart":{"Weight":0,"CFrame":[0,0,0,1,0,0,0,1,0,0,0,1],"EasingStyle":"Linear","EasingDirection":"In"},"Right Leg":{"Weight":1,"CFrame":[0.7026578187942505,1.453077793121338,-0.22787612676620484,0.8768754601478577,-0.47544634342193606,0.07099500298500061,0.4358638823032379,0.8486315608024597,0.299745112657547,-0.20276133716106416,-0.23189502954483033,0.9513740539550781],"EasingStyle":"Linear","EasingDirection":"Out"}}},{"Time":0.25,"poses":{"Left Leg":{"Weight":1,"CFrame":[-0.3653981685638428,1.544477939605713,-0.32299619913101199,0.8012184500694275,0.5862822532653809,0.11967512220144272,-0.5716767311096191,0.6909357905387878,0.4424854516983032,0.17673352360725404,-0.42294302582740786,0.8887544274330139],"EasingStyle":"Linear","EasingDirection":"Out"},"Right Arm":{"Weight":1,"CFrame":[0.34170374274253847,0.13038891553878785,0.26497626304626467,-0.339704304933548,-0.9400221109390259,0.030972955748438836,0.6184220910072327,-0.24805398285388947,-0.7456697225570679,0.7086290121078491,-0.23415295779705048,0.6655954718589783],"EasingStyle":"Linear","EasingDirection":"Out"},"Left Arm":{"Weight":1,"CFrame":[-0.2162540853023529,-0.00007668137550354004,0.25637614727020266,-0.1236257329583168,0.9892717599868774,-0.07783352583646774,-0.6238143444061279,-0.13847529888153077,-0.7692075371742249,-0.7717333436012268,-0.04654020443558693,0.6342410445213318],"EasingStyle":"Linear","EasingDirection":"Out"},"Head":{"Weight":1,"CFrame":[0.0022872809786349537,-0.05922222137451172,-0.048539936542510989,0.9958204627037048,-0.07073945552110672,-0.057770971208810809,0.09068416059017182,0.6906077265739441,0.7175217270851135,-0.010860014706850052,-0.7197617292404175,0.6941362619400024],"EasingStyle":"Linear","EasingDirection":"Out"},"Torso":{"Weight":1,"CFrame":[-1.857159759310889e-8,-0.09250298887491226,-1.0477849245071412,0.9993884563446045,0.034754205495119098,0.0038591334596276285,-0.01630394719541073,0.5607564449310303,-0.8278202414512634,-0.030934272333979608,0.8272510766983032,0.5609801411628723],"EasingStyle":"Linear","EasingDirection":"Out"},"HumanoidRootPart":{"Weight":0,"CFrame":[0,0,0,1,0,0,0,1,0,0,0,1],"EasingStyle":"Linear","EasingDirection":"In"},"Right Leg":{"Weight":1,"CFrame":[0.5969788432121277,1.5562857389450074,-0.3189910054206848,0.8690025210380554,-0.4866173565387726,0.08965539187192917,0.4152809679508209,0.8157770037651062,0.402553915977478,-0.2690284848213196,-0.31258824467658999,0.9109951853752136],"EasingStyle":"Linear","EasingDirection":"Out"}}},{"Time":0.2666666805744171,"poses":{"Left Leg":{"Weight":1,"CFrame":[-0.3022453784942627,1.6053385734558106,-0.49314093589782717,0.8111952543258667,0.5616070032119751,0.16297206282615663,-0.54667067527771,0.629335880279541,0.5523473024368286,0.20763783156871797,-0.5371534824371338,0.8175283670425415],"EasingStyle":"Linear","EasingDirection":"Out"},"Right Arm":{"Weight":1,"CFrame":[0.36519700288772585,0.131797194480896,0.26112091541290285,-0.445487916469574,-0.8952641487121582,0.006529113743454218,0.4756332337856293,-0.24284331500530244,-0.8454585075378418,0.7584942579269409,-0.3735361099243164,0.5340012311935425],"EasingStyle":"Linear","EasingDirection":"Out"},"Left Arm":{"Weight":1,"CFrame":[-0.276163786649704,0.02489650249481201,0.2783315181732178,-0.2716712951660156,0.9596577286720276,0.07246872037649155,-0.5206151604652405,-0.08321468532085419,-0.8497265577316284,-0.8094161748886108,-0.26857462525367739,0.5222193598747253],"EasingStyle":"Linear","EasingDirection":"Out"},"Head":{"Weight":1,"CFrame":[0.002432979177683592,-0.0630875825881958,-0.05210846662521362,0.9955191612243652,-0.07234286516904831,-0.060894545167684558,0.09348481893539429,0.6561104655265808,0.7488523721694946,-0.014220571145415306,-0.7511894702911377,0.65993332862854],"EasingStyle":"Linear","EasingDirection":"Out"},"Torso":{"Weight":1,"CFrame":[4.43483827439195e-9,-0.09494069218635559,-1.1896288394927979,0.9993093609809876,0.03692950680851936,0.004118527285754681,-0.01617961749434471,0.5322190523147583,-0.8464521169662476,-0.03345101326704025,0.8458008766174316,0.532448947429657],"EasingStyle":"Linear","EasingDirection":"Out"},"HumanoidRootPart":{"Weight":0,"CFrame":[0,0,0,1,0,0,0,1,0,0,0,1],"EasingStyle":"Linear","EasingDirection":"In"},"Right Leg":{"Weight":1,"CFrame":[0.525224506855011,1.6524016857147217,-0.44106876850128176,0.871685266494751,-0.4834083318710327,0.0805058628320694,0.386886864900589,0.779643177986145,0.49241766333580019,-0.30080458521842959,-0.3980865478515625,0.8666277527809143],"EasingStyle":"Linear","EasingDirection":"Out"}}},{"Time":0.28333333134651186,"poses":{"Left Leg":{"Weight":1,"CFrame":[-0.24694915115833283,1.6032156944274903,-0.6621170043945313,0.8065066933631897,0.5436837077140808,0.23228216171264649,-0.5512869358062744,0.5496050715446472,0.6277075409889221,0.21361106634140016,-0.6343045234680176,0.7429860234260559],"EasingStyle":"Linear","EasingDirection":"Out"},"Right Arm":{"Weight":1,"CFrame":[0.3963225781917572,0.13112515211105348,0.25096356868743899,-0.5275671482086182,-0.8490445613861084,0.028217220678925515,0.3125954270362854,-0.22490699589252473,-0.9228764176368713,0.7899094820022583,-0.47805875539779665,0.3840610086917877],"EasingStyle":"Linear","EasingDirection":"Out"},"Left Arm":{"Weight":1,"CFrame":[-0.3512335419654846,0.07370185852050781,0.2832716703414917,-0.4414496421813965,0.8810786008834839,0.16977208852767945,-0.4576212167739868,-0.058325547724962237,-0.8872321844100952,-0.7718192934989929,-0.469359815120697,0.42894816398620608],"EasingStyle":"Linear","EasingDirection":"Out"},"Head":{"Weight":1,"CFrame":[0.0024873437359929086,-0.06453009694814682,-0.05344003438949585,0.9953690767288208,-0.07156151533126831,-0.06418211758136749,0.09463059902191162,0.6121152639389038,0.7850859761238098,-0.01689508743584156,-0.7875238656997681,0.6160524487495422],"EasingStyle":"Linear","EasingDirection":"Out"},"Torso":{"Weight":1,"CFrame":[2.093274531489442e-8,-0.09579656273126602,-1.2951955795288087,0.9992428421974182,0.03860745579004288,0.004811576101928949,-0.014939652755856514,0.4949461817741394,-0.8687952160835266,-0.035923443734645846,0.8680655360221863,0.495148241519928],"EasingStyle":"Linear","EasingDirection":"Out"},"HumanoidRootPart":{"Weight":0,"CFrame":[0,0,0,1,0,0,0,1,0,0,0,1],"EasingStyle":"Linear","EasingDirection":"In"},"Right Leg":{"Weight":1,"CFrame":[0.4535408616065979,1.7076458930969239,-0.5642104744911194,0.8711637258529663,-0.4893260598182678,0.04041997715830803,0.38698694109916689,0.7349628210067749,0.5568398833274841,-0.30218344926834109,-0.4694567322731018,0.8296357989311218],"EasingStyle":"Linear","EasingDirection":"Out"}}},{"Time":0.30000001192092898,"poses":{"Left Leg":{"Weight":1,"CFrame":[-0.17939171195030213,1.533631443977356,-0.7697305083274841,0.770125687122345,0.5579516291618347,0.30918675661087038,-0.5962755084037781,0.4574611186981201,0.6596853137016296,0.22663159668445588,-0.692401111125946,0.6849954724311829],"EasingStyle":"Linear","EasingDirection":"Out"},"Right Arm":{"Weight":1,"CFrame":[0.4385695457458496,0.1259225606918335,0.23661720752716065,-0.5803492069244385,-0.8104888796806336,0.07938933372497559,0.13682636618614198,-0.19314321875572205,-0.971583366394043,0.8027909994125366,-0.552994966506958,0.22298665344715119],"EasingStyle":"Linear","EasingDirection":"Out"},"Left Arm":{"Weight":1,"CFrame":[-0.4304047226905823,0.1419934630393982,0.2677382230758667,-0.5869964957237244,0.7887167930603027,0.18264934420585633,-0.3723592162132263,-0.06269154697656632,-0.9259688258171082,-0.7188767194747925,-0.611551821231842,0.3304859399795532],"EasingStyle":"Linear","EasingDirection":"Out"},"Head":{"Weight":1,"CFrame":[0.002487356774508953,-0.06453007459640503,-0.053439974784851077,0.9954068064689636,-0.06854339689016342,-0.06683628261089325,0.09379814565181732,0.5585175156593323,0.8241724371910095,-0.019162338227033616,-0.826655924320221,0.5623813271522522],"EasingStyle":"Linear","EasingDirection":"Out"},"Torso":{"Weight":1,"CFrame":[2.736805981840007e-8,-0.09579656273126602,-1.3378148078918458,0.9991903901100159,0.03979558125138283,0.005901731550693512,-0.012608412653207779,0.44906657934188845,-0.8934093713760376,-0.03820401802659035,0.8926116228103638,0.44920477271080019],"EasingStyle":"Linear","EasingDirection":"Out"},"HumanoidRootPart":{"Weight":0,"CFrame":[0,0,0,1,0,0,0,1,0,0,0,1],"EasingStyle":"Linear","EasingDirection":"In"},"Right Leg":{"Weight":1,"CFrame":[0.35078927874565127,1.6955645084381104,-0.6443780064582825,0.8455552458763123,-0.5335308313369751,-0.019522378221154214,0.43937259912490847,0.6746264100074768,0.5931532382965088,-0.3032952547073364,-0.5101215839385986,0.8048528432846069],"EasingStyle":"Linear","EasingDirection":"Out"}}},{"Time":0.3166666626930237,"poses":{"Left Leg":{"Weight":1,"CFrame":[-0.11697239428758621,1.435145616531372,-0.7717198729515076,0.709399402141571,0.6078731417655945,0.3567110300064087,-0.6524761915206909,0.37502995133399966,0.6585037708282471,0.2665095627307892,-0.6998876929283142,0.6626688241958618],"EasingStyle":"Linear","EasingDirection":"Out"},"Right Arm":{"Weight":1,"CFrame":[0.49382439255714419,0.11702752113342285,0.21706366539001466,-0.6015466451644898,-0.7865232229232788,0.13972388207912446,-0.03505777567625046,-0.148747980594635,-0.9882535338401794,0.7980680465698242,-0.5993790626525879,0.061