{"Sequence":[{"Time":0,"poses":{"Left Leg":{"Weight":1,"CFrame":[0.312288761138916,-0.3132808208465576,-0.00010728836059570313,0.31665557622909548,-0.9483583569526672,-0.018590934574604036,0.948492705821991,0.31638193130493166,0.016249079257249833,-0.009528162889182568,-0.02277870662510395,0.9996951222419739],"EasingStyle":"Linear","EasingDirection":"Out"},"Right Arm":{"Weight":1,"CFrame":[0.4245757758617401,-0.28755325078964236,-5.960464477539063e-8,-0.5351463556289673,-0.8447594046592712,1.3370225815378945e-7,0.8447593450546265,-0.5351462364196777,3.1138594636104246e-7,-2.1377644543463249e-7,1.7847926869762888e-7,1],"EasingStyle":"Linear","EasingDirection":"Out"},"Left Arm":{"Weight":1,"CFrame":[-0.4644298851490021,-0.306351900100708,0,-0.5787909626960754,0.8153806328773499,-0.012463499791920185,-0.8151853680610657,-0.5781092643737793,0.0355331189930439,0.021767714992165567,0.03072616085410118,0.9992907643318176],"EasingStyle":"Linear","EasingDirection":"Out"},"Head":{"Weight":1,"CFrame":[9.939592615637594e-8,-0.17500197887420655,0.09732306003570557,1,-1.2116657899241546e-7,6.929633400432067e-8,4.4760181339142949e-8,0.7485993504524231,0.6630226373672485,-1.3221138317476289e-7,-0.6630226373672485,0.7485993504524231],"EasingStyle":"Linear","EasingDirection":"Out"},"Torso":{"Weight":1,"CFrame":[-0.550599217414856,2.2176074310209516e-8,-0.8134465217590332,-1.0766278535356833e-7,0.681821346282959,-0.7315187454223633,-1,-2.9803356227375846e-8,1.1939847865960474e-7,5.960671245475169e-8,0.7315187454223633,0.681821346282959],"EasingStyle":"Linear","EasingDirection":"Out"},"HumanoidRootPart":{"Weight":0,"CFrame":[0,0,0,1,0,0,0,1,0,0,0,1],"EasingStyle":"Linear","EasingDirection":"In"},"Right Leg":{"Weight":1,"CFrame":[-0.028558045625686647,0.6309267282485962,-0.0025925636291503908,0.5916321277618408,-0.805050790309906,-0.04318303242325783,0.8062021136283875,0.5909839272499085,0.027857307344675065,0.003093990031629801,-0.05129558965563774,0.9986787438392639],"EasingStyle":"Linear","EasingDirection":"Out"}}},{"Time":0.03333333507180214,"poses":{"Left Leg":{"Weight":1,"CFrame":[-0.3521767556667328,-0.15255606174468995,-0.00011169910430908203,0.5910443067550659,-0.8064824342727661,-0.015900133177638055,0.806630551815033,0.5908323526382446,0.01625514030456543,-0.0037152101285755636,-0.022433031350374223,0.9997414350509644],"EasingStyle":"Linear","EasingDirection":"Out"},"Right Arm":{"Weight":1,"CFrame":[0.4654463231563568,-0.47410276532173159,0,-0.5351463556289673,-0.8447594046592712,1.3370225815378945e-7,0.8447593450546265,-0.5351462364196777,3.1138594636104246e-7,-2.1377644543463249e-7,1.7847926869762888e-7,1],"EasingStyle":"Linear","EasingDirection":"Out"},"Left Arm":{"Weight":1,"CFrame":[-0.48438772559165957,-0.44450944662094118,0,-0.5787800550460815,0.8153884410858154,-0.012463660910725594,-0.8151931166648865,-0.5780982971191406,0.035532884299755099,0.02176785282790661,0.030725928023457528,0.9992907643318176],"EasingStyle":"Linear","EasingDirection":"Out"},"Head":{"Weight":1,"CFrame":[9.379934340358887e-8,-0.350990355014801,0.03330576419830322,1,-1.1824325696352389e-7,7.09585350477937e-8,4.7076479603447299e-8,0.7763676643371582,0.6302803158760071,-1.2961631057351043e-7,-0.6302803158760071,0.7763676643371582],"EasingStyle":"Linear","EasingDirection":"Out"},"Torso":{"Weight":1,"CFrame":[0.6050353050231934,-3.003403037382668e-8,-0.8760077953338623,-1.0766278535356833e-7,0.681821346282959,-0.7315187454223633,-1,-2.9803356227375846e-8,1.1939847865960474e-7,5.960671245475169e-8,0.7315187454223633,0.681821346282959],"EasingStyle":"Linear","EasingDirection":"Out"},"HumanoidRootPart":{"Weight":0,"CFrame":[0,0,0,1,0,0,0,1,0,0,0,1],"EasingStyle":"Linear","EasingDirection":"In"},"Right Leg":{"Weight":1,"CFrame":[0.07775723934173584,0.7580633759498596,-0.004720449447631836,0.8683788776397705,-0.4942725598812103,-0.04015983268618584,0.49563390016555788,0.8677189350128174,0.037560105323791507,0.01628257893025875,-0.05252097547054291,0.9984870553016663],"EasingStyle":"Linear","EasingDirection":"Out"}}},{"Time":0.06666667014360428,"poses":{"Left Leg":{"Weight":1,"CFrame":[-0.38331136107444765,0.7763321399688721,-0.02058565616607666,0.9622084498405457,0.2717503607273102,0.017509344965219499,-0.27229586243629458,0.9594133496284485,0.07335525006055832,0.003135587088763714,-0.07535077631473541,0.9971521496772766],"EasingStyle":"Linear","EasingDirection":"Out"},"Right Arm":{"Weight":1,"CFrame":[0.33638957142829897,-0.48856210708618166,0,-0.5351462960243225,-0.844759464263916,1.3730617354212883e-7,0.8447594046592712,-0.535146176815033,3.090075892941968e-7,-2.137764738563419e-7,1.7865968970909308e-7,1],"EasingStyle":"Linear","EasingDirection":"Out"},"Left Arm":{"Weight":1,"CFrame":[-0.37571224570274355,-0.43216001987457278,0,-0.5787479281425476,0.8154112100601196,-0.012464304454624653,-0.8152158856391907,-0.5780661702156067,0.03553229942917824,0.021768227219581605,0.030725231394171716,0.9992908239364624],"EasingStyle":"Linear","EasingDirection":"Out"},"Head":{"Weight":1,"CFrame":[9.96219711169033e-8,-0.2531399130821228,0.09990859031677246,1,-1.1560786106201704e-7,7.290068282372886e-8,4.862743807620973e-8,0.799443244934082,0.6007416248321533,-1.2773040225511068e-7,-0.6007416248321533,0.799443244934082],"EasingStyle":"Linear","EasingDirection":"Out"},"Torso":{"Weight":1,"CFrame":[2.000767707824707,-9.589840033186192e-8,-0.7627255916595459,-1.0664936667126313e-7,0.6940502524375916,-0.7199265360832214,-1,-3.0337901080201848e-8,1.1889176221302478e-7,6.067580216040369e-8,0.7199265360832214,0.6940502524375916],"EasingStyle":"Linear","EasingDirection":"Out"},"HumanoidRootPart":{"Weight":0,"CFrame":[0,0,0,1,0,0,0,1,0,0,0,1],"EasingStyle":"Linear","EasingDirection":"In"},"Right Leg":{"Weight":1,"CFrame":[0.9454913139343262,1.2473758459091187,-0.32171958684921267,0.9766481518745422,0.11614978313446045,0.1807417869567871,-0.15291140973567964,0.9667415618896484,0.20500940084457398,-0.15091876685619355,-0.22785954177379609,0.9619269967079163],"EasingStyle":"Linear","EasingDirection":"Out"}}},{"Time":0.10000000149011612,"poses":{"Left Leg":{"Weight":1,"CFrame":[-0.1548829972743988,0.7618590593338013,0.002533435821533203,0.6601427793502808,0.7511213421821594,0.005312903318554163,-0.7510770559310913,0.6601625084877014,-0.008286604657769204,-0.009731663390994072,0.0014799803029745818,0.9999515414237976],"EasingStyle":"Linear","EasingDirection":"Out"},"Right Arm":{"Weight":1,"CFrame":[0.2816685736179352,-0.31928157806396487,0,-0.5351463556289673,-0.8447594046592712,1.3370225815378945e-7,0.8447593450546265,-0.5351462364196777,3.1138594636104246e-7,-2.1377644543463249e-7,1.7847926869762888e-7,1],"EasingStyle":"Linear","EasingDirection":"Out"},"Left Arm":{"Weight":1,"CFrame":[-0.28089866042137148,-0.3585909605026245,0,-0.578694224357605,0.8154492378234863,-0.01246519386768341,-0.8152539730072022,-0.5780125856399536,0.03553124889731407,0.02176886983215809,0.030724020674824716,0.9992908239364624],"EasingStyle":"Linear","EasingDirection":"Out"},"Head":{"Weight":1,"CFrame":[1.1161918678226357e-7,-0.17511194944381715,0.23714077472686768,1,-1.21474073466743e-7,6.911292871336627e-8,4.4509555152671967e-8,0.7455743551254273,0.6664224863052368,-1.3248187258341205e-7,-0.6664224863052368,0.7455743551254273],"EasingStyle":"Linear","EasingDirection":"Out"},"Torso":{"Weight":1,"CFrame":[2.163076400756836,-1.1065922933539696e-7,-0.7258055210113525,-1.0766278535356833e-7,0.681821346282959,-0.7315187454223633,-1,-2.9803356227375846e-8,1.1939847865960474e-7,5.960671245475169e-8,0.7315187454223633,0.681821346282959],"EasingStyle":"Linear","EasingDirection":"Out"},"HumanoidRootPart":{"Weight":0,"CFrame":[0,0,0,1,0,0,0,1,0,0,0,1],"EasingStyle":"Linear","EasingDirection":"In"},"Right Leg":{"Weight":1,"CFrame":[-0.4241127669811249,-0.3877253532409668,0,0.38208746910095217,0.924126148223877,-8.806523510429543e-9,-0.924126148223877,0.38208746910095217,-2.4355171035495007e-7,-1.5742482162295347e-7,7.584886674294467e-8,1],"EasingStyle":"Linear","EasingDirection":"Out"}}},{"Time":0.13333334028720857,"poses":{"Left Leg":{"Weight":1,"CFrame":[-0.35870954394340517,0.9211158752441406,0.002774953842163086,0.829361617565155,0.5586686730384827,0.00697832927107811,-0.5586313009262085,0.8293893337249756,-0.006656283047050238,-0.009506438858807087,0.0016221634577959777,0.9999535083770752],"EasingStyle":"Linear","EasingDirection":"Out"},"Right Arm":{"Weight":1,"CFrame":[0.4654463827610016,-0.4741024971008301,0,-0.5351463556289673,-0.8447594046592712,1.3370225815378945e-7,0.8447593450546265,-0.5351462364196777,3.1138594636104246e-7,-2.1377644543463249e-7,1.7847926869762888e-7,1],"EasingStyle":"Linear","EasingDirection":"Out"},"Left Arm":{"Weight":1,"CFrame":[-0.4843878448009491,-0.44450926780700686,0,-0.5786200165748596,0.815501868724823,-0.01246650330722332,-0.8153066635131836,-0.577938437461853,0.03552982211112976,0.021769750863313676,0.030722256749868394,0.9992908835411072],"EasingStyle":"Linear","EasingDirection":"Out"},"Head":{"Weight":1,"CFrame":[1.0018744944773062e-7,-0.23930341005325318,0.1063772439956665,1,-1.1824325696352389e-7,7.09585350477937e-8,4.7076479603447299e-8,0.7763676643371582,0.6302803158760071,-1.2961631057351043e-7,-0.6302803158760071,0.7763676643371582],"EasingStyle":"Linear","EasingDirection":"Out"},"Torso":{"Weight":1,"CFrame":[2.038975238800049,-1.1536353383689857e-7,-0.7721819877624512,-1.0766278535356833e-7,0.681821346282959,-0.7315187454223633,-1,-2.9803356227375846e-8,1.1939847865960474e-7,5.960671245475169e-8,0.7315187454223633,0.681821346282959],"EasingStyle":"Linear","EasingDirection":"Out"},"HumanoidRootPart":{"Weight":0,"CFrame":[0,0,0,1,0,0,0,1,0,0,0,1],"EasingStyle":"Linear","EasingDirection":"In"},"Right Leg":{"Weight":1,"CFrame":[0.658464252948761,0.3135308623313904,0,0.8869005441665649,0.4619602859020233,3.290358847607422e-7,-0.4619603455066681,0.8869006037712097,-1.9109853610643769e-7,-3.1969466363079848e-7,-4.532853814520621e-10,1],"EasingStyle":"Linear","EasingDirection":"Out"}}},{"Time":0.1666666716337204,"poses":{"Left Leg":{"Weight":1,"CFrame":[-0.45584359765052798,0.28001105785369875,0.000020384788513183595,0.8582162261009216,-0.5132513046264648,0.006166623439639807,0.5132380723953247,0.8582383394241333,0.003686861600726843,-0.007184760179370642,8.333358323397988e-7,0.9999741911888123],"EasingStyle":"Linear","EasingDirection":"Out"},"Right Arm":{"Weight":1,"CFrame":[0.33638909459114077,-0.4885624647140503,0,-0.5351463556289673,-0.8447594046592712,1.3370225815378945e-7,0.8447593450546265,-0.5351462364196777,3.1138594636104246e-7,-2.1377644543463249e-7,1.7847926869762888e-7,1],"EasingStyle":"Linear","EasingDirection":"Out"},"Left Arm":{"Weight":1,"CFrame":[-0.3757115304470062,-0.43216049671173098,0,-0.5785251259803772,0.815569281578064,-0.012468259781599045,-0.815373957157135,-0.577843427658081,0.035528071224689487,0.02177087590098381,0.030720055103302003,0.9992908835411072],"EasingStyle":"Linear","EasingDirection":"Out"},"Head":{"Weight":1,"CFrame":[8.963765907310517e-8,-0.30686962604522707,-0.01429814100265503,1,-1.1824325696352389e-7,7.09585350477937e-8,4.7076479603447299e-8,0.7763676643371582,0.6302803158760071,-1.2961631057351043e-7,-0.6302803158760071,0.7763676643371582],"EasingStyle":"Linear","EasingDirection":"Out"},"Torso":{"Weight":1,"CFrame":[1.726341724395752,-1.1394148202725774e-7,-0.8860459327697754,-1.0766278535356833e-7,0.681821346282959,-0.7315187454223633,-1,-2.9803356227375846e-8,1.1939847865960474e-7,5.960671245475169e-8,0.7315187454223633,0.681821346282959],"EasingStyle":"Linear","EasingDirection":"Out"},"HumanoidRootPart":{"Weight":0,"CFrame":[0,0,0,1,0,0,0,1,0,0,0,1],"EasingStyle":"Linear","EasingDirection":"In"},"Right Leg":{"Weight":1,"CFrame":[0.10009005665779114,0.871293306350708,0.007219195365905762,0.7651488780975342,-0.6438055634498596,-0.007849433459341526,0.643704891204834,0.765177309513092,-0.012152849696576596,0.013830344192683697,0.004246013704687357,0.9998953342437744],"EasingStyle":"Linear","EasingDirection":"Out"}}},{"Time":0.20000000298023225,"poses":{"Left Leg":{"Weight":1,"CFrame":[0.3122890293598175,-0.31328094005584719,-0.00010734796524047852,0.3166554868221283,-0.948358416557312,-0.01859092339873314,0.9484927654266357,0.3163817822933197,0.01624908857047558,-0.00952816754579544,-0.02277871035039425,0.9996951222419739],"EasingStyle":"Linear","EasingDirection":"Out"},"Right Arm":{"Weight":1,"CFrame":[0.4245758354663849,-0.28755325078964236,-5.960464477539063e-8,-0.5351463556289673,-0.8447594046592712,1.3370225815378945e-7,0.8447593450546265,-0.5351462364196777,3.1138594636104246e-7,-2.1377644543463249e-7,1.7847926869762888e-7,1],"EasingStyle":"Linear","EasingDirection":"Out"},"Left Arm":{"Weight":1,"CFrame":[-0.4644300639629364,-0.3063517212867737,-5.960464477539063e-8,-0.5784099102020264,0.8156508803367615,-0.012470261193811894,-0.8154556751251221,-0.5777283906936646,0.035525836050510409,0.021772239357233049,0.03071737475693226,0.999290943145752],"EasingStyle":"Linear","EasingDirection":"Out"},"Head":{"Weight":1,"CFrame":[9.939593326180329e-8,-0.17500212788581849,0.09732317924499512,1,-1.2116657899241546e-7,6.929633400432067e-8,4.4760181339142949e-8,0.7485993504524231,0.6630226373672485,-1.3221138317476289e-7,-0.6630226373672485,0.7485993504524231],"EasingStyle":"Linear","EasingDirection":"Out"},"Torso":{"Weight":1,"CFrame":[1.293828010559082,-1.0904575731274235e-7,-0.8134465217590332,-1.0766278535356833e-7,0.681821346282959,-0.7315187454223633,-1,-2.9803356227375846e-8,1.1939847865960474e-7,5.960671245475169e-8,0.7315187454223633,0.681821346282959],"EasingStyle":"Linear","EasingDirection":"Out"},"HumanoidRootPart":{"Weight":0,"CFrame":[0,0,0,1,0,0,0,1,0,0,0,1],"EasingStyle":"Linear","EasingDirection":"In"},"Right Leg":{"Weight":1,"CFrame":[-0.02855810523033142,0.6309261918067932,-0.0025925636291503908,0.5916318893432617,-0.8050509095191956,-0.04318304732441902,0.8062022924423218,0.5909838080406189,0.027857333421707155,0.0030939725693315269,-0.05129557102918625,0.9986787438392639],"EasingStyle":"Linear","EasingDirection":"Out"}}},{"Time":0.23333333432674409,"poses":{"Left Leg":{"Weight":1,"CFrame":[-0.352176696062088,-0.15255582332611085,-0.00011163949966430664,0.5910443067550659,-0.8064823746681213,-0.015900112688541414,0.806630551815033,0.5908323526382446,0.01625511795282364,-0.0037152075674384834,-0.022433031350374223,0.9997414350509644],"EasingStyle":"Linear","EasingDirection":"Out"},"Right Arm":{"Weight":1,"CFrame":[0.46544620394706728,-0.47410276532173159,0,-0.5351463556289673,-0.8447594046592712,1.3370225815378945e-7,0.8447593450546265,-0.5351462364196777,3.1138594636104246e-7,-2.1377644543463249e-7,1.7847926869762888e-7,1],"EasingStyle":"Linear","EasingDirection":"Out"},"Left Arm":{"Weight":1,"CFrame":[-0.4843876361846924,-0.44450944662094118,0,-0.578274667263031,0.8157467842102051,-0.012472732923924923,-0.8155515193939209,-0.5775930881500244,0.03552332893013954,0.021773843094706537,0.030714306980371476,0.9992910027503967],"EasingStyle":"Linear","EasingDirection":"Out"},"Head":{"Weight":1,"CFrame":[9.37993362981615e-8,-0.35099026560783389,0.03330576419830322,1,-1.1824325696352389e-7,7.09585350477937e-8,4.7076479603447299e-8,0.7763676643371582,0.6302803158760071,-1.2961631057351043e-7,-0.6302803158760071,0.7763676643371582],"EasingStyle":"Linear","EasingDirection":"Out"},"Torso":{"Weight":1,"CFrame":[0.7908873558044434,-1.0248986370697821e-7,-0.8760077953338623,-1.0766278535356833e-7,0.681821346282959,-0.7315187454223633,-1,-2.9803356227375846e-8,1.1939847865960474e-7,5.960671245475169e-8,0.7315187454223633,0.681821346282959],"EasingStyle":"Linear","EasingDirection":"Out"},"HumanoidRootPart":{"Weight":0,"CFrame":[0,0,0,1,0,0,0,1,0,0,0,1],"EasingStyle":"Linear","EasingDirection":"In"},"Right Leg":{"Weight":1,"CFrame":[0.077757328748703,0.758063554763794,-0.0047203898429870609,0.8683789968490601,-0.494272381067276,-0.040159810334444049,0.4956337511539459,0.8677190542221069,0.03756008297204971,0.0162825845181942,-0.05252097547054291,0.9984870553016663],"EasingStyle":"Linear","EasingDirection":"Out"}}},{"Time":0.2666666805744171,"poses":{"Left Leg":{"Weight":1,"CFrame":[-0.3833107054233551,0.776331901550293,-0.02058565616607666,0.9622084498405457,0.27175042033195498,0.01750933565199375,-0.27229586243629458,0.9594133496284485,0.07335525751113892,0.0031356022227555515,-0.07535078376531601,0.9971521496772766],"EasingStyle":"Linear","EasingDirection":"Out"},"Right Arm":{"Weight":1,"CFrame":[0.3363891541957855,-0.4885622560977936,0,-0.5351462960243225,-0.844759464263916,1.3730617354212883e-7,0.8447594046592712,-0.535146176815033,3.090075892941968e-7,-2.137764738563419e-7,1.7865968970909308e-7,1],"EasingStyle":"Linear","EasingDirection":"Out"},"Left Arm":{"Weight":1,"CFrame":[-0.3757117986679077,-0.4321601986885071,0,-0.5781199932098389,0.8158563375473023,-0.012475470080971718,-0.8156611323356628,-0.5774385333061218,0.035520341247320178,0.021775662899017335,0.030710631981492044,0.9992910623550415],"EasingStyle":"Linear","EasingDirection":"Out"},"Head":{"Weight":1,"CFrame":[9.962193558976651e-8,-0.2531396150588989,0.09990847110748291,1,-1.1560786106201704e-7,7.290068282372886e-8,4.862743807620973e-8,0.799443244934082,0.6007416248321533,-1.2773040225511068e-7,-0.6007416248321533,0.799443244934082],"EasingStyle":"Linear","EasingDirection":"Out"},"Torso":{"Weight":1,"CFrame":[0.26625943183898928,-9.605599871065351e-8,-0.7627255916595459,-1.0664936667126313e-7,0.6940502524375916,-0.7199265360832214,-1,-3.0337901080201848e-8,1.1889176221302478e-7,6.067580216040369e-8,0.7199265360832214,0.6940502524375916],"EasingStyle":"Linear","EasingDirection":"Out"},"HumanoidRootPart":{"Weight":0,"CFrame":[0,0,0,1,0,0,0,1,0,0,0,1],"EasingStyle":"Linear","EasingDirection":"In"},"Right Leg":{"Weight":1,"CFrame":[0.9454907178878784,1.24737548828125,-0.32171958684921267,0.9766481518745422,0.1161499172449112,0.18074177205562592,-0.15291164815425874,0.9667415022850037,0.20500943064689637,-0.15091875195503236,-0.22785963118076325,0.9619269967079163],"EasingStyle":"Linear","EasingDirection":"Out"}}},{"Time":0.30000001192092898,"poses":{"Left Leg":{"Weight":1,"CFrame":[-0.1548835039138794,0.7618594169616699,0.002533435821533203,0.6601433157920837,0.7511208653450012,0.005312805995345116,-0.7510766386985779,0.6601631045341492,-0.008286719210445881,-0.009731682017445565,0.0014801296638324857,0.9999515414237976],"EasingStyle":"Linear","EasingDirection":"Out"},"Right Arm":{"Weight":1,"CFrame":[0.28166842460632326,-0.31928154826164248,-5.960464477539063e-8,-0.5351463556289673,-0.8447594046592712,1.3370225815378945e-7,0.8447593450546265,-0.5351462364196777,3.1138594636104246e-7,-2.1377644543463249e-7,1.7847926869762888e-7,1],"EasingStyle":"Linear","EasingDirection":"Out"},"Left Arm":{"Weight":1,"CFrame":[-0.28089866042137148,-0.35859084129333498,0,-0.5779455304145813,0.8159798979759216,-0.012478466145694256,-0.8157846927642822,-0.5772641897201538,0.03551692143082619,0.021777715533971788,0.03070652484893799,0.999291181564331],"EasingStyle":"Linear","EasingDirection":"Out"},"Head":{"Weight":1,"CFrame":[1.1161917257140886e-7,-0.1751118302345276,0.23714077472686768,1,-1.21474073466743e-7,6.911292871336627e-8,4.4509555152671967e-8,0.7455743551254273,0.6664224863052368,-1.3248187258341205e-7,-0.6664224863052368,0.7455743551254273],"EasingStyle":"Linear","EasingDirection":"Out"},"Torso":{"Weight":1,"CFrame":[-0.273171067237854,-8.969693965354964e-8,-0.7258055210113525,-1.0766278535356833e-7,0.681821346282959,-0.7315187454223633,-1,-2.9803356227375846e-8,1.1939847865960474e-7,5.960671245475169e-8,0.7315187454223633,0.681821346282959],"EasingStyle":"Linear","EasingDirection":"Out"},"HumanoidRootPart":{"Weight":0,"CFrame":[0,0,0,1,0,0,0,1,0,0,0,1],"EasingStyle":"Linear","EasingDirection":"In"},"Right Leg":{"Weight":1,"CFrame":[-0.4241126477718353,-0.3877248764038086,2.384185791015625e-7,0.3820874094963074,0.924126148223877,8.485447722250683e-8,-0.9241262078285217,0.38208746910095217,-2.086286059466147e-7,-1.6937904945280025e-7,-4.3360419255122909e-8,1],"EasingStyle":"Linear","EasingDirection":"Out"}}},{"Time":0.3333333432674408,"poses":{"Left Leg":{"Weight":1,"CFrame":[-0.3587094247341156,0.9211157560348511,0.002774953842163086,0.829361617565155,0.5586686730384827,0.00697832927107811,-0.5586313009262085,0.8293893337249756,-0.006656283047050238,-0.009506436064839363,0.0016221634577959777,0.9999535083770752],"EasingStyle":"Linear","EasingDirection":"Out"},"Right Arm":{"Weight":1,"CFrame":[0.4654463827610016,-0.47410255670547488,0,-0.5351463556289673,-0.8447594046592712,1.3370225815378945e-7,0.8447593450546265,-0.5351462364196777,3.1138594636104246e-7,-2.1377644543463249e-7,1.7847926869762888e-7,1],"EasingStyle":"Linear","EasingDirection":"Out"},"Left Arm":{"Weight":1,"CFrame":[-0.48438772559165957,-0.44450926780700686,0,-0.5777520537376404,0.8161168694496155,-0.012481926009058953,-0.8159216642379761,-0.5770707130432129,0.035513248294591907,0.021779997274279596,0.030702000483870508,0.9992912411689758],"EasingStyle":"Linear","EasingDirection":"Out"},"Head":{"Weight":1,"CFrame":[1.0018747076401269e-7,-0.2393033504486084,0.1063772439956665,1,-1.1824325696352389e-7,7.09585350477937e-8,4.7076479603447299e-8,0.7763676643371582,0.6302803158760071,-1.2961631057351043e-7,-0.6302803158760071,0.7763676643371582],"EasingStyle":"Linear","EasingDirection":"Out"},"Torso":{"Weight":1,"CFrame":[-0.7660208940505981,-8.574762944135728e-8,-0.7721819877624512,-1.0766278535356833e-7,0.681821346282959,-0.7315187454223633,-1,-2.9803356227375846e-8,1.1939847865960474e-7,5.960671245475169e-8,0.7315187454223633,0.681821346282959],"EasingStyle":"Linear","EasingDirection":"Out"},"HumanoidRootPart":{"Weight":0,"CFrame":[0,0,0,1,0,0,0,1,0,0,0,1],"EasingStyle":"Linear","EasingDirection":"In"},"Right Leg":{"Weight":1,"CFrame":[0.6584643721580505,0.31353098154067995,1.1920928955078126e-7,0.8869005441665649,0.4619602859020233,3.3596720072637256e-7,-0.4619603455066681,0.8869006037712097,-2.3829932160879253e-7,-3.3866027138174106e-7,5.9151364695253508e-8,1],"EasingStyle":"Linear","EasingDirection":"Out"}}},{"Time":0.36666667461395266,"poses":{"Left Leg":{"Weight":1,"CFrame":[-0.4558441936969757,0.28001129627227785,0.000020384788513183595,0.8582162261009216,-0.5132513046264648,0.006166623439639807,0.5132380723953247,0.8582383394241333,0.003686861600726843,-0.007184760179370642,8.333358323397988e-7,0.9999741911888123],"EasingStyle":"Linear","EasingDirection":"Out"},"Right Arm":{"Weight":1,"CFrame":[0.3363892734050751,-0.48856234550476076,0,-0.5351463556289673,-0.8447594046592712,1.3370225815378945e-7,0.8447593450546265,-0.5351462364196777,3.1138594636104246e-7,-2.1377644543463249e-7,1.7847926869762888e-7,1],"EasingStyle":"Linear","EasingDirection":"Out"},"Left Arm":{"Weight":1,"CFrame":[-0.3757117688655853,-0.4321603775024414,-5.960464477539063e-8,-0.5775398015975952,0.8162669539451599,-0.012485736981034279,-0.8160718679428101,-0.576858639717102,0.03550921007990837,0.021782483905553819,0.030697200447320939,0.9992913603782654],"EasingStyle":"Linear","EasingDirection":"Out"},"Head":{"Weight":1,"CFrame":[8.963765196767781e-8,-0.30686986446380618,-0.014298081398010254,1,-1.1824325696352389e-7,7.09585350477937e-8,4.7076479603447299e-8,0.7763676643371582,0.6302803158760071,-1.2961631057351043e-7,-0.6302803158760071,0.7763676643371582],"EasingStyle":"Linear","EasingDirection":"Out"},"Torso":{"Weight":1,"CFrame":[-1.1859647035598755,-8.501059767240804e-8,-0.8860459327697754,-1.0766278535356833e-7,0.681821346282959,-0.7315187454223633,-1,-2.9803356227375846e-8,1.1939847865960474e-7,5.960671245475169e-8,0.7315187454223633,0.681821346282959],"EasingStyle":"Linear","EasingDirection":"Out"},"HumanoidRootPart":{"Weight":0,"CFrame":[0,0,0,1,0,0,0,1,0,0,0,1],"EasingStyle":"Linear","EasingDirection":"In"},"Right Leg":{"Weight":1,"CFrame":[0.10009029507637024,0.8712937235832214,0.007219195365905762,0.765148937702179,-0.6438055038452148,-0.007849503308534623,0.6437047719955444,0.7651774287223816,-0.012152750045061112,0.013830332085490227,0.004245864227414131,0.9998953342437744],"EasingStyle":"Linear","EasingDirection":"Out"}}},{"Time":0.4000000059604645,"poses":{"Left Leg":{"Weight":1,"CFrame":[0.31228840351104739,-0.31328094005584719,-0.00010734796524047852,0.31665563583374026,-0.9483583569526672,-0.01859092339873314,0.948492705821991,0.31638193130493166,0.01624908857047558,-0.009528164751827717,-0.0227787047624588,0.9996951222419739],"EasingStyle":"Linear","EasingDirection":"Out"},"Right Arm":{"Weight":1,"CFrame":[0.4245758354663849,-0.2875533103942871,-5.960464477539063e-8,-0.5351463556289673,-0.8447594046592712,1.3370225815378945e-7,0.8447593450546265,-0.5351462364196777,3.1138594636104246e-7,-2.1377644543463249e-7,1.7847926869762888e-7,1],"EasingStyle":"Linear","EasingDirection":"Out"},"Left Arm":{"Weight":1,"CFrame":[-0.46442994475364687,-0.306351900100708,-5.960464477539063e-8,-0.5773091912269592,0.8164300918579102,-0.012489727698266507,-0.8162349462509155,-0.5766280889511108,0.035504717379808429,0.021785181015729905,0.030691733583807946,0.9992914795875549],"EasingStyle":"Linear","EasingDirection":"Out"},"Head":{"Weight":1,"CFrame":[9.939591905094858e-8,-0.1750020980834961,0.09732306003570557,1,-1.2116657899241546e-7,6.929633400432067e-8,4.4760181339142949e-8,0.7485993504524231,0.6630226373672485,-1.3221138317476289e-7,-0.6630226373672485,0.7485993504524231],"EasingStyle":"Linear","EasingDirection":"Out"},"Torso":{"Weight":1,"CFrame":[-1.491714596748352,-8.894234326817241e-8,-0.8134465217590332,-1.0766278535356833e-7,0.681821346282959,-0.7315187454223633,-1,-2.9803356227375846e-8,1.1939847865960474e-7,5.960671245475169e-8,0.7315187454223633,0.681821346282959],"EasingStyle":"Linear","EasingDirection":"Out"},"HumanoidRootPart":{"Weight":0,"CFrame":[0,0,0,1,0,0,0,1,0,0,0,1],"EasingStyle":"Linear","EasingDirection":"In"},"Right Leg":{"Weight":1,"CFrame":[-0.028558045625686647,0.6309261918067932,-0.002592623233795166,0.5916318297386169,-0.8050509095191956,-0.04318304359912872,0.8062023520469666,0.5909837484359741,0.02785729430615902,0.0030940002761781217,-0.05129558593034744,0.9986787438392639],"EasingStyle":"Linear","EasingDirection":"Out"}}},{"Time":0.4333333373069763,"poses":{"Left Leg":{"Weight":1,"CFrame":[-0.3521767556667328,-0.15255582332611085,-0.00011175870895385742,0.5910443067550659,-0.8064823746681213,-0.015900112688541414,0.806630551815033,0.5908323526382446,0.01625511795282364,-0.0037152073346078398,-0.022433031350374223,0.9997414350509644],"EasingStyle":"Linear","EasingDirection":"Out"},"Right Arm":{"Weight":1,"CFrame":[0.46544650197029116,-0.47410261631011965,-5.960464477539063e-8,-0.5351463556289673,-0.8447594046592712,1.3370225815378945e-7,0.8447593450546265,-0.5351462364196777,3.1138594636104246e-7,-2.1377644543463249e-7,1.7847926869762888e-7,1],"EasingStyle":"Linear","EasingDirection":"Out"},"Left Arm":{"Weight":1,"CFrame":[-0.4843878448009491,-0.44450926780700686,-5.960464477539063e-8,-0.5770601630210877,0.8166060447692871,-0.012494130991399289,-0.8164109587669373,-0.576379120349884,0.03549991920590401,0.02178807742893696,0.03068593516945839,0.9992915987968445],"EasingStyle":"Linear","EasingDirection":"Out"},"Head":{"Weight":1,"CFrame":[9.379935761444358e-8,-0.3509904146194458,0.03330576419830322,1,-1.1824325696352389e-7,7.09585350477937e-8,4.7076479603447299e-8,0.7763676643371582,0.6302803158760071,-1.2961631057351043e-7,-0.6302803158760071,0.7763676643371582],"EasingStyle":"Linear","EasingDirection":"Out"},"Torso":{"Weight":1,"CFrame":[-1.6984851360321046,-9.658786837007938e-8,-0.8760077953338623,-1.0766278535356833e-7,0.681821346282959,-0.7315187454223633,-1,-2.9803356227375846e-8,1.1939847865960474e-7,5.960671245475169e-8,0.7315187454223633,0.681821346282959],"EasingStyle":"Linear","EasingDirection":"Out"},"HumanoidRootPart":{"Weight":0,"CFrame":[0,0,0,1,0,0,0,1,0,0,0,1],"EasingStyle":"Linear","EasingDirection":"In"},"Right Leg":{"Weight":1,"CFrame":[0.07775714993476868,0.7580640316009522,-0.0047203898429870609,0.8683788776397705,-0.49427253007888796,-0.04015984386205673,0.49563392996788027,0.8677189946174622,0.03756009414792061,0.016282588243484498,-0.05252097547054291,0.9984870553016663],"EasingStyle":"Linear","EasingDirection":"Out"}}},{"Time":0.46666666865348818,"poses":{"Left Leg":{"Weight":1,"CFrame":[-0.3833106458187103,0.7763321399688721,-0.020585596561431886,0.9622084498405457,0.27175042033195498,0.01750933565199375,-0.27229586243629458,0.9594133496284485,0.07335525751113892,0.0031355945393443109,-0.07535078376531601,0.9971521496772766],"EasingStyle":"Linear","EasingDirection":"Out"},"Right Arm":{"Weight":1,"CFrame":[0.33638933300971987,-0.4885619878768921,0,-0.5351462960243225,-0.844759464263916,1.3730617354212883e-7,0.8447594046592712,-0.535146176815033,3.090075892941968e-7,-2.137764738563419e-7,1.7865968970909308e-7,1],"EasingStyle":"Linear","EasingDirection":"Out"},"Left Arm":{"Weight":1,"CFrame":[-0.3757118880748749,-0.43216001987457278,0,-0.5767932534217835,0.8167945146560669,-0.012498866766691208,-0.8165994882583618,-0.5761123299598694,0.03549479693174362,0.021791188046336175,0.030679671093821527,0.999291718006134],"EasingStyle":"Linear","EasingDirection":"Out"},"Head":{"Weight":1,"CFrame":[9.962195690604858e-8,-0.2531396150588989,0.09990847110748291,1,-1.1560786106201704e-7,7.290068282372886e-8,4.862743807620973e-8,0.799443244934082,0.6007416248321533,-1.2773040225511068e-7,-0.6007416248321533,0.799443244934082],"EasingStyle":"Linear","EasingDirection":"Out"},"Torso":{"Weight":1,"CFrame":[-1.8145880699157715,-1.0752688694992685e-7,-0.7627255916595459,-1.0664936667126313e-7,0.6940502524375916,-0.7199265360832214,-1,-3.0337901080201848e-8,1.1889176221302478e-7,6.067580216040369e-8,0.7199265360832214,0.6940502524375916],"EasingStyle":"Linear","EasingDirection":"Out"},"HumanoidRootPart":{"Weight":0,"CFrame":[0,0,0,1,0,0,0,1,0,0,0,1],"EasingStyle":"Linear","EasingDirection":"In"},"Right Leg":{"Weight":1,"CFrame":[0.9454907178878784,1.2473756074905396,-0.32171958684921267,0.9766481518745422,0.11614968627691269,0.18074174225330354,-0.15291133522987367,0.9667415618896484,0.2050093710422516,-0.15091875195503236,-0.22785954177379609,0.9619269967079163],"EasingStyle":"Linear","EasingDirection":"Out"}}},{"Time":0.5,"poses":{"Left Leg":{"Weight":1,"CFrame":[-0.154883474111557,0.761859655380249,0.002533435821533203,0.6601433157920837,0.7511208653450012,0.005312880966812372,-0.7510765790939331,0.6601630449295044,-0.008286625146865845,-0.009731661528348923,0.001480010338127613,0.9999515414237976],"EasingStyle":"Linear","EasingDirection":"Out"},"Right Arm":{"Weight":1,"CFrame":[0.28166869282722475,-0.3192812204360962,0,-0.5351463556289673,-0.8447594046592712,1.3370225815378945e-7,0.8447593450546265,-0.5351462364196777,3.1138594636104246e-7,-2.1377644543463249e-7,1.7847926869762888e-7,1],"EasingStyle":"Linear","EasingDirection":"Out"},"Left Arm":{"Weight":1,"CFrame":[-0.280898779630661,-0.3585907220840454,0,-0.576508641242981,0.8169953227043152,-0.012503850273787976,-0.8168003559112549,-0.5758278965950012,0.035489268600940707,0.02179448865354061,0.030672933906316758,0.9992918372154236],"EasingStyle":"Linear","EasingDirection":"Out"},"Head":{"Weight":1,"CFrame":[1.1161917257140886e-7,-0.17511200904846192,0.23714113235473634,1,-1.21474073466743e-7,6.911292871336627e-8,4.4509555152671967e-8,0.7455743551254273,0.6664224863052368,-1.3248187258341205e-7,-0.6664224863052368,0.7455743551254273],"EasingStyle":"Linear","EasingDirection":"Out"},"Torso":{"Weight":1,"CFrame":[-1.7946022748947144,-1.2374609070775478e-7,-0.7258055210113525,-1.0766278535356833e-7,0.681821346282959,-0.7315187454223633,-1,-2.9803356227375846e-8,1.1939847865960474e-7,5.960671245475169e-8,0.7315187454223633,0.681821346282959],"EasingStyle":"Linear","EasingDirection":"Out"},"HumanoidRootPart":{"Weight":0,"CFrame":[0,0,0,1,0,0,0,1,0,0,0,1],"EasingStyle":"Linear","EasingDirection":"In"},"Right Leg":{"Weight":1,"CFrame":[-0.4241124987602234,-0.3877248764038086,1.1920928955078126e-7,0.3820874094963074,0.924126148223877,-2.9126397294021446e-8,-0.9241262078285217,0.38208746910095217,-2.653526394169603e-7,-1.630805996910567e-7,1.0565115360350319e-7,1],"EasingStyle":"Linear","EasingDirection":"Out"}}},{"Time":0.5333333611488342,"poses":{"Left Leg":{"Weight":1,"CFrame":[-0.35870906710624697,0.9211157560348511,0.002774953842163086,0.829361617565155,0.5586686730384827,0.006978344172239304,-0.5586313009262085,0.8293893337249756,-0.006656167563050985,-0.009506392292678357,0.0016220442485064269,0.9999535083770752],"EasingStyle":"Linear","EasingDirection":"Out"},"Right Arm":{"Weight":1,"CFrame":[0.4654463827610016,-0.4741024971008301,-5.960464477539063e-8,-0.5351463556289673,-0.8447594046592712,1.3370225815378945e-7,0.8447593450546265,-0.5351462364196777,3.1138594636104246e-7,-2.1377644543463249e-7,1.7847926869762888e-7,1],"EasingStyle":"Linear","EasingDirection":"Out"},"Left Arm":{"Weight":1,"CFrame":[-0.4843878448009491,-0.4445091485977173,0,-0.5762066841125488,0.8172082304954529,-0.012509170919656754,-0.8170132637023926,-0.5755261182785034,0.03548341989517212,0.021797984838485719,0.030665822327136995,0.9992919564247131],"EasingStyle":"Linear","EasingDirection":"Out"},"Head":{"Weight":1,"CFrame":[1.0018746365858533e-7,-0.2393033504486084,0.10637736320495606,1,-1.1824325696352389e-7,7.09585350477937e-8,4.7076479603447299e-8,0.7763676643371582,0.6302803158760071,-1.2961631057351043e-7,-0.6302803158760071,0.7763676643371582],"EasingStyle":"Linear","EasingDirection":"Out"},"Torso":{"Weight":1,"CFrame":[-1.4466564655303956,-1.536336782237413e-7,-0.7721819877624512,-1.0766278535356833e-7,0.681821346282959,-0.7315187454223633,-1,-2.9803356227375846e-8,1.1939847865960474e-7,5.960671245475169e-8,0.7315187454223633,0.681821346282959],"EasingStyle":"Linear","EasingDirection":"Out"},"HumanoidRootPart":{"Weight":0,"CFrame":[0,0,0,1,0,0,0,1,0,0,0,1],"EasingStyle":"Linear","EasingDirection":"In"},"Right Leg":{"Weight":1,"CFrame":[0.6584645509719849,0.3135310411453247,1.1920928955078126e-7,0.8869005441665649,0.4619602859020233,3.4935573012262469e-7,-0.4619603455066681,0.8869006037712097,-1.69297578622718e-7,-3.259274876654672e-7,-4.532853814520621e-10,1],"EasingStyle":"Linear","EasingDirection":"Out"}}},{"Time":0.5666666626930237,"poses":{"Left Leg":{"Weight":1,"CFrame":[-0.4558442234992981,0.28001123666763308,0.000020384788513183595,0.8582162261009216,-0.5132513642311096,0.006166644394397736,0.5132380127906799,0.8582383394241333,0.0036868401803076269,-0.0071847629733383659,8.631381547274941e-7,0.9999741911888123],"EasingStyle":"Linear","EasingDirection":"Out"},"Right Arm":{"Weight":1,"CFrame":[0.3363892734050751,-0.4885624051094055,0,-0.5351463556289673,-0.8447594046592712,1.3370225815378945e-7,0.8447593450546265,-0.5351462364196777,3.1138594636104246e-7,-2.1377644543463249e-7,1.7847926869762888e-7,1],"EasingStyle":"Linear","EasingDirection":"Out"},"Left Arm":{"Weight":1,"CFrame":[-0.37571170926094057,-0.4321604371070862,1.1920928955078126e-7,-0.5758876800537109,0.8174329400062561,-0.012514780275523663,-0.8172380924224854,-0.5752072930335999,0.035477250814437869,0.021801667287945749,0.030658364295959474,0.9992921352386475],"EasingStyle":"Linear","EasingDirection":"Out"},"Head":{"Weight":1,"CFrame":[8.963768038938724e-8,-0.3068698048591614,-0.014298081398010254,1,-1.1824325696352389e-7,7.09585350477937e-8,4.7076479603447299e-8,0.7763676643371582,0.6302803158760071,-1.2961631057351043e-7,-0.6302803158760071,0.7763676643371582],"EasingStyle":"Linear","EasingDirection":"Out"},"Torso":{"Weight":1,"CFrame":[-0.8352978229522705,-1.9436949116879988e-7,-0.8860459327697754,-1.0766278535356833e-7,0.681821346282959,-0.7315187454223633,-1,-2.9803356227375846e-8,1.1939847865960474e-7,5.960671245475169e-8,0.7315187454223633,0.681821346282959],"EasingStyle":"Linear","EasingDirection":"Out"},"HumanoidRootPart":{"Weight":0,"CFrame":[0,0,0,1,0,0,0,1,0,0,0,1],"EasingStyle":"Linear","EasingDirection":"In"},"Right Leg":{"Weight":1,"CFrame":[0.10009035468101502,0.8712935447692871,0.007219195365905762,0.7651488780975342,-0.6438055038452148,-0.007849521934986115,0.6437048316001892,0.7651773691177368,-0.012152726761996746,0.01383032463490963,0.0042458646930754189,0.9998953342437744],"EasingStyle":"Linear","EasingDirection":"Out"}}},{"Time":0.6000000238418579,"poses":{"Left Leg":{"Weight":1,"CFrame":[0.31228896975517275,-0.3132810592651367,-0.00010728836059570313,0.31665557622909548,-0.9483583569526672,-0.018590934574604036,0.948492705821991,0.31638193130493166,0.016249079257249833,-0.009528162889182568,-0.02277870662510395,0.9996951222419739],"EasingStyle":"Linear","EasingDirection":"Out"},"Right Arm":{"Weight":1,"CFrame":[0.42457565665245058,-0.2875533998012543,-5.960464477539063e-8,-0.5351463556289673,-0.8447594046592712,1.3370225815378945e-7,0.8447593450546265,-0.5351462364196777,3.1138594636104246e-7,-2.1377644543463249e-7,1.7847926869762888e-7,1],"EasingStyle":"Linear","EasingDirection":"Out"},"Left Arm":{"Weight":1,"CFrame":[-0.4644298851490021,-0.306351900100708,0,-0.5755520462989807,0.8176692128181458,-0.012520702555775643,-0.817474365234375,-0.5748717784881592,0.03547075763344765,0.021805528551340104,0.03065055049955845,0.999292254447937],"EasingStyle":"Linear","EasingDirection":"Out"},"Head":{"Weight":1,"CFrame":[9.939590484009386e-8,-0.17500197887420655,0.09732306003570557,1,-1.2116657899241546e-7,6.929633400432067e-8,4.4760181339142949e-8,0.7485993504524231,0.6630226373672485,-1.3221138317476289e-7,-0.6630226373672485,0.7485993504524231],"EasingStyle":"Linear","EasingDirection":"Out"},"Torso":{"Weight":1,"CFrame":[-0.1495983600616455,-2.3769014489971597e-7,-0.8134465217590332,-1.0766278535356833e-7,0.681821346282959,-0.7315187454223633,-1,-2.9803356227375846e-8,1.1939847865960474e-7,5.960671245475169e-8,0.7315187454223633,0.681821346282959],"EasingStyle":"Linear","EasingDirection":"Out"},"HumanoidRootPart":{"Weight":0,"CFrame":[0,0,0,1,0,0,0,1,0,0,0,1],"EasingStyle":"Linear","EasingDirection":"In"},"Right Leg":{"Weight":1,"CFrame":[-0.02855808287858963,0.6309267282485962,-0.0025925040245056154,0.5916321277618408,-0.805050790309906,-0.04318302869796753,0.8062021136283875,0.5909839272499085,0.027857312932610513,0.0030939842108637096,-0.05129558965563774,0.9986787438392639],"EasingStyle":"Linear","EasingDirection":"Out"}}},{"Time":0.6333333253860474,"poses":{"Left Leg":{"Weight":1,"CFrame":[-0.352176696062088,-0.15255606174468995,-0.00011169910430908203,0.5910443067550659,-0.8064824342727661,-0.015900133177638055,0.806630551815033,0.5908323526382446,0.01625514030456543,-0.003715209662914276,-0.022433031350374223,0.9997414350509644],"EasingStyle":"Linear","EasingDirection":"Out"},"Right Arm":{"Weight":1,"CFrame":[0.465446412563324,-0.47410261631011965,0,-0.5351463556289673,-0.8447594046592712,1.3370225815378945e-7,0.8447593450546265,-0.5351462364196777,3.1138594636104246e-7,-2.1377644543463249e-7,1.7847926869762888e-7,1],"EasingStyle":"Linear","EasingDirection":"Out"},"Left Arm":{"Weight":1,"CFrame":[-0.4843878448009491,-0.44450926780700686,0,-0.5751999020576477,0.8179168701171875,-0.012526853941380978,-0.8177220821380615,-0.5745198130607605,0.035463884472846988,0.021809561178088189,0.030642203986644746,0.9992924332618713],"EasingStyle":"Linear","EasingDirection":"Out"},"Head":{"Weight":1,"CFrame":[9.379942866871716e-8,-0.3509904742240906,0.03330588340759277,1,-1.1824325696352389e-7,7.09585350477937e-8,4.7076479603447299e-8,0.7763676643371582,0.6302803158760071,-1.2961631057351043e-7,-0.6302803158760071,0.7763676643371582],"EasingStyle":"Linear","EasingDirection":"Out"},"Torso":{"Weight":1,"CFrame":[0.4310445785522461,-2.757552124421636e-7,-0.8760077953338623,-1.0766278535356833e-7,0.681821346282959,-0.7315187454223633,-1,-2.9803356227375846e-8,1.1939847865960474e-7,5.960671245475169e-8,0.7315187454223633,0.681821346282959],"EasingStyle":"Linear","EasingDirection":"Out"},"HumanoidRootPart":{"