{"Sequence":[{"Time":0,"poses":{"Left Leg":{"Weight":1,"CFrame":[-0.07030192017555237,-0.10597836971282959,0.29760515689849856,0.5046901106834412,-0.47933152318000796,0.7180035710334778,0.6062959432601929,0.7888669967651367,0.10046910494565964,-0.6145673990249634,0.3846169412136078,0.6887502074241638],"EasingStyle":"Linear","EasingDirection":"In"},"Right Arm":{"Weight":1,"CFrame":[-0.18312661349773408,-0.11032110452651978,0.04511392116546631,0.9165107607841492,0.3415060341358185,-0.2082829475402832,-0.19243943691253663,0.8329118490219116,0.5188687443733215,0.35067811608314516,-0.4354669153690338,0.8290919661521912],"EasingStyle":"Linear","EasingDirection":"In"},"Left Arm":{"Weight":1,"CFrame":[0.09969080984592438,-0.07401898503303528,0.14337551593780518,0.8095049262046814,0.42838892340660097,-0.4014780521392822,-0.22639448940753938,0.8586946725845337,0.459770530462265,0.5417077541351318,-0.2812941074371338,0.7921025156974793],"EasingStyle":"Linear","EasingDirection":"In"},"Head":{"Weight":1,"CFrame":[8.195638656616211e-8,-1.0244548320770264e-8,-2.980232238769531e-7,0.7711590528488159,-0.6257380247116089,0.11732694506645203,0.6032263040542603,0.777088463306427,0.17958734929561616,-0.20354805886745454,-0.06771571189165116,0.97672039270401],"EasingStyle":"Linear","EasingDirection":"In"},"Torso":{"Weight":1,"CFrame":[-0.02460014820098877,0.017841510474681855,-0.20651459693908692,0.9424977898597717,0.3338651657104492,-0.015231430530548096,-0.33350062370300295,0.942486047744751,0.022301919758319856,0.02180124633014202,-0.01593981869518757,0.9996352195739746],"EasingStyle":"Linear","EasingDirection":"In"},"HumanoidRootPart":{"Weight":0,"CFrame":[0,0,0,1,0,0,0,1,0,0,0,1],"EasingStyle":"Linear","EasingDirection":"In"},"Right Leg":{"Weight":1,"CFrame":[0.3570972681045532,-0.1446629762649536,-0.004046499729156494,0.9514874815940857,-0.26600539684295657,0.1546374410390854,0.303178071975708,0.8962631821632385,-0.32372114062309267,-0.05248425155878067,0.35489925742149355,0.9334301948547363],"EasingStyle":"Linear","EasingDirection":"In"}}},{"Time":0.01666666753590107,"poses":{"Left Leg":{"Weight":1,"CFrame":[-0.03350537642836571,-0.11648178100585938,0.283100962638855,0.48989683389663699,-0.46761780977249148,0.7357544898986816,0.6056410670280457,0.7896077036857605,0.0985831692814827,-0.6270565986633301,0.39730745553970339,0.6700348258018494],"EasingStyle":"Linear","EasingDirection":"In"},"Right Arm":{"Weight":1,"CFrame":[-0.20570123195648194,-0.10693678259849549,0.05283021926879883,0.9250458478927612,0.32948845624923708,-0.18901747465133668,-0.19286932051181794,0.8360976576805115,0.5135583281517029,0.3272485136985779,-0.43860921263694765,0.8369768857955933],"EasingStyle":"Linear","EasingDirection":"In"},"Left Arm":{"Weight":1,"CFrame":[0.05727681890130043,-0.06894603371620178,0.16541290283203126,0.8056641221046448,0.4264591634273529,-0.41114217042922976,-0.2283371090888977,0.8639980554580689,0.44874218106269839,0.5465962290763855,-0.2676564157009125,0.7934686541557312],"EasingStyle":"Linear","EasingDirection":"In"},"Head":{"Weight":1,"CFrame":[7.82310962677002e-8,-5.587935447692871e-9,-1.1920928955078126e-7,0.7517902255058289,-0.6446970105171204,0.13848203420639039,0.6231205463409424,0.7632837891578674,0.17064182460308076,-0.21571338176727296,-0.041995879262685779,0.9755532145500183],"EasingStyle":"Linear","EasingDirection":"In"},"Torso":{"Weight":1,"CFrame":[-0.03137174993753433,0.024975359439849855,-0.1981029510498047,0.9413295984268189,0.33643871545791628,-0.026600820943713189,-0.33561137318611147,0.9414830803871155,0.031219229102134706,0.03554757684469223,-0.02046004682779312,0.999158501625061],"EasingStyle":"Linear","EasingDirection":"In"},"HumanoidRootPart":{"Weight":0,"CFrame":[0,0,0,1,0,0,0,1,0,0,0,1],"EasingStyle":"Linear","EasingDirection":"In"},"Right Leg":{"Weight":1,"CFrame":[0.3555862009525299,-0.13973093032836915,-0.0010783672332763672,0.9549737572669983,-0.25940361618995669,0.14399641752243043,0.29262351989746096,0.9035957455635071,-0.31286776065826418,-0.04895544797182083,0.34091711044311526,0.9388177394866943],"EasingStyle":"Linear","EasingDirection":"In"}}},{"Time":0.03333333507180214,"poses":{"Left Leg":{"Weight":1,"CFrame":[0.0016836859285831452,-0.12472867965698242,0.26845991611480715,0.47373974323272707,-0.45619872212409975,0.7532949447631836,0.6050455570220947,0.7901363372802734,0.09800298511981964,-0.6399144530296326,0.40934982895851138,0.6503399610519409],"EasingStyle":"Linear","EasingDirection":"In"},"Right Arm":{"Weight":1,"CFrame":[-0.22577422857284547,-0.10443678498268128,0.059691429138183597,0.9334229230880737,0.31502342224121096,-0.171703040599823,-0.1904713213443756,0.840676486492157,0.5069356560707092,0.3040432929992676,-0.4404807686805725,0.844709575176239],"EasingStyle":"Linear","EasingDirection":"In"},"Left Arm":{"Weight":1,"CFrame":[0.017129193991422654,-0.0655452311038971,0.18745064735412599,0.8029870986938477,0.4250763952732086,-0.417758047580719,-0.22966629266738892,0.8674991130828857,0.4412465989589691,0.5499682426452637,-0.2583704888820648,0.7942163348197937],"EasingStyle":"Linear","EasingDirection":"In"},"Head":{"Weight":1,"CFrame":[8.940696716308594e-8,-1.30385160446167e-8,-1.1920928955078126e-7,0.7321802377700806,-0.6623414754867554,0.1587950438261032,0.6433436274528503,0.7490789294242859,0.15808160603046418,-0.22365403175354005,-0.01358445268124342,0.9745739102363586],"EasingStyle":"Linear","EasingDirection":"In"},"Torso":{"Weight":1,"CFrame":[-0.037527456879615787,0.03130783140659332,-0.19133949279785157,0.9397860765457153,0.33974048495292666,-0.03712807595729828,-0.3383466899394989,0.9402074217796326,0.03913482278585434,0.04820377379655838,-0.02421620488166809,0.998543918132782],"EasingStyle":"Linear","EasingDirection":"In"},"HumanoidRootPart":{"Weight":0,"CFrame":[0,0,0,1,0,0,0,1,0,0,0,1],"EasingStyle":"Linear","EasingDirection":"In"},"Right Leg":{"Weight":1,"CFrame":[0.35566702485084536,-0.13393330574035645,0.0011374950408935547,0.9577760100364685,-0.25332319736480715,0.13598747551441194,0.2836163341999054,0.9100596904754639,-0.3022467792034149,-0.04719050973653793,0.32805290818214419,0.9434798955917358],"EasingStyle":"Linear","EasingDirection":"In"}}},{"Time":0.05000000074505806,"poses":{"Left Leg":{"Weight":1,"CFrame":[0.03345508873462677,-0.13099539279937745,0.2543814182281494,0.45750221610069277,-0.4457015097141266,0.769442617893219,0.6046437621116638,0.7904033064842224,0.09832828491926193,-0.6519951224327087,0.4202532470226288,0.6311019062995911],"EasingStyle":"Linear","EasingDirection":"In"},"Right Arm":{"Weight":1,"CFrame":[-0.24263082444667817,-0.10270139575004578,0.06545329093933106,0.9412606358528137,0.29964885115623476,-0.15568910539150239,-0.18666300177574159,0.8459168672561646,0.4995811879634857,0.28139883279800417,-0.44117480516433718,0.852161705493927],"EasingStyle":"Linear","EasingDirection":"In"},"Left Arm":{"Weight":1,"CFrame":[-0.018323637545108796,-0.06348192691802979,0.20770156383514405,0.8012623190879822,0.4241175651550293,-0.42202267050743105,-0.2305959165096283,0.8697669506072998,0.43626928329467776,0.5520907640457153,-0.25224944949150088,0.7947112321853638],"EasingStyle":"Linear","EasingDirection":"In"},"Head":{"Weight":1,"CFrame":[8.195638656616211e-8,-1.862645149230957e-9,1.1920928955078126e-7,0.7139462232589722,-0.677354097366333,0.17740404605865479,0.6621518731117249,0.7355036735534668,0.14348973333835603,-0.2276746779680252,0.01502447109669447,0.9736213088035584],"EasingStyle":"Linear","EasingDirection":"In"},"Torso":{"Weight":1,"CFrame":[-0.04274110496044159,0.036660343408584598,-0.1861870288848877,0.9378505945205689,0.3439235985279083,-0.04639863222837448,-0.34193354845046999,0.9386061429977417,0.04582545533776283,0.05931049585342407,-0.02711218036711216,0.9978713393211365],"EasingStyle":"Linear","EasingDirection":"In"},"HumanoidRootPart":{"Weight":0,"CFrame":[0,0,0,1,0,0,0,1,0,0,0,1],"EasingStyle":"Linear","EasingDirection":"In"},"Right Leg":{"Weight":1,"CFrame":[0.35692858695983889,-0.12794649600982667,0.0024232864379882814,0.9598059058189392,-0.2482251077890396,0.13098463416099549,0.27664488554000857,0.9154154062271118,-0.2923734188079834,-0.047330908477306369,0.31685784459114077,0.9472913146018982],"EasingStyle":"Linear","EasingDirection":"In"}}},{"Time":0.06666667014360428,"poses":{"Left Leg":{"Weight":1,"CFrame":[0.06029839068651199,-0.13560771942138673,0.2418355941772461,0.4424368441104889,-0.4366670846939087,0.7833080291748047,0.6045690774917603,0.7903615832328796,0.09911970049142838,-0.6623789072036743,0.42970967292785647,0.6136805415153503],"EasingStyle":"Linear","EasingDirection":"In"},"Right Arm":{"Weight":1,"CFrame":[-0.25555601716041567,-0.10161086916923523,0.06987142562866211,0.948220431804657,0.2849169075489044,-0.14035841822624207,-0.18291699886322022,0.8511462211608887,0.49202772974967959,0.2596525251865387,-0.44087690114974978,0.8591904640197754],"EasingStyle":"Linear","EasingDirection":"In"},"Left Arm":{"Weight":1,"CFrame":[-0.04665357992053032,-0.062423139810562137,0.22437870502471925,0.8002681136131287,0.42340534925460818,-0.424616277217865,-0.23136498034000398,0.8713080883026123,0.4327729046344757,0.5532099008560181,-0.24809305369853974,0.7952412366867065],"EasingStyle":"Linear","EasingDirection":"In"},"Head":{"Weight":1,"CFrame":[8.940696716308594e-8,1.862645149230957e-8,-1.1920928955078126e-7,0.6988027095794678,-0.6886957287788391,0.19332090020179749,0.6778927445411682,0.7238698601722717,0.12835027277469636,-0.2283334881067276,0.0413593165576458,0.9727041125297546],"EasingStyle":"Linear","EasingDirection":"In"},"Torso":{"Weight":1,"CFrame":[-0.0466909185051918,0.04085380584001541,-0.18259811401367188,0.9355141520500183,0.34913739562034609,-0.0540032759308815,-0.34660255908966067,0.9366209506988525,0.0510672926902771,0.06841010600328446,-0.029056498780846597,0.997234046459198],"EasingStyle":"Linear","EasingDirection":"In"},"HumanoidRootPart":{"Weight":0,"CFrame":[0,0,0,1,0,0,0,1,0,0,0,1],"EasingStyle":"Linear","EasingDirection":"In"},"Right Leg":{"Weight":1,"CFrame":[0.3589688837528229,-0.12241876125335694,0.0026149749755859377,0.9609690308570862,-0.2445528656244278,0.12935379147529603,0.272183895111084,0.919455885887146,-0.283754825592041,-0.04954199492931366,0.30788755416870119,0.9501320123672485],"EasingStyle":"Linear","EasingDirection":"In"}}},{"Time":0.0833333358168602,"poses":{"Left Leg":{"Weight":1,"CFrame":[0.08092240244150162,-0.1389164924621582,0.23194289207458497,0.4297668933868408,-0.42957961559295657,0.7942051291465759,0.6049619913101196,0.7899599075317383,0.09992137551307678,-0.6703144311904907,0.4375210404396057,0.5993779301643372],"EasingStyle":"Linear","EasingDirection":"In"},"Right Arm":{"Weight":1,"CFrame":[-0.2638353705406189,-0.10104414820671082,0.07270121574401856,0.9540139436721802,0.272395521402359,-0.12513253092765809,-0.18075686693191529,0.855759859085083,0.4847700297832489,0.23913255333900453,-0.4398587644100189,0.8656442165374756],"EasingStyle":"Linear","EasingDirection":"In"},"Left Arm":{"Weight":1,"CFrame":[-0.06543228030204773,-0.062032550573349,0.23569560050964356,0.7997774481773377,0.4227330684661865,-0.42620742321014407,-0.2322268784046173,0.8725947141647339,0.42970800399780276,0.5535582304000855,-0.24469400942325593,0.7960516810417175],"EasingStyle":"Linear","EasingDirection":"In"},"Head":{"Weight":1,"CFrame":[1.0803341865539551e-7,-1.862645149230957e-8,5.960464477539063e-7,0.6884869337081909,-0.6955388188362122,0.20545445382595063,0.6890090703964233,0.7157192230224609,0.1140727698802948,-0.22638973593711854,0.06302236020565033,0.9719958305358887],"EasingStyle":"Linear","EasingDirection":"In"},"Torso":{"Weight":1,"CFrame":[-0.049061551690101626,0.04370596259832382,-0.18052268028259278,0.9327672123908997,0.3555281460285187,-0.05954090505838394,-0.352581262588501,0.9341850876808167,0.054632484912872317,0.07504560798406601,-0.029966384172439576,0.9967297315597534],"EasingStyle":"Linear","EasingDirection":"In"},"HumanoidRootPart":{"Weight":0,"CFrame":[0,0,0,1,0,0,0,1,0,0,0,1],"EasingStyle":"Linear","EasingDirection":"In"},"Right Leg":{"Weight":1,"CFrame":[0.361401230096817,-0.11796700954437256,0.0015647411346435547,0.9611479043960571,-0.24272210896015168,0.13145612180233003,0.27070099115371706,0.9219872951507568,-0.2768762707710266,-0.05399680882692337,0.3017042279243469,0.9518712162971497],"EasingStyle":"Linear","EasingDirection":"In"}}},{"Time":0.10000000149011612,"poses":{"Left Leg":{"Weight":1,"CFrame":[0.09413255751132965,-0.1412670612335205,0.2258244752883911,0.42073488235473635,-0.4249034821987152,0.801522970199585,0.605955183506012,0.7891541719436646,0.10026886314153671,-0.6751300096511841,0.44350048899650576,0.5894972681999207],"EasingStyle":"Linear","EasingDirection":"In"},"Right Arm":{"Weight":1,"CFrame":[-0.26675400137901308,-0.1008826494216919,0.07369875907897949,0.9583847522735596,0.2636590003967285,-0.1094650849699974,-0.18174654245376588,0.8592031002044678,0.4782656133174896,0.22015181183815003,-0.43846771121025088,0.8713663816452026],"EasingStyle":"Linear","EasingDirection":"In"},"Left Arm":{"Weight":1,"CFrame":[-0.07223150134086609,-0.061977535486221316,0.23986470699310304,0.7995604872703552,0.42187872529029848,-0.427459180355072,-0.23344090580940247,0.8740791082382202,0.4260173738002777,0.5533609390258789,-0.240840345621109,0.7973630428314209],"EasingStyle":"Linear","EasingDirection":"In"},"Head":{"Weight":1,"CFrame":[1.043081283569336e-7,-1.1175870895385743e-8,2.384185791015625e-7,0.684679388999939,-0.6971337199211121,0.21264700591564179,0.6939895749092102,0.7127172350883484,0.10204163938760758,-0.2226938009262085,0.07770901173353195,0.971786379814148],"EasingStyle":"Linear","EasingDirection":"In"},"Torso":{"Weight":1,"CFrame":[-0.04954609274864197,0.045027412474155429,-0.1799147129058838,0.9295883178710938,0.36324116587638857,-0.06262093782424927,-0.36008694767951968,0.9312193393707275,0.056284286081790927,0.0787585973739624,-0.029772233217954637,0.9964490532875061],"EasingStyle":"Linear","EasingDirection":"In"},"HumanoidRootPart":{"Weight":0,"CFrame":[0,0,0,1,0,0,0,1,0,0,0,1],"EasingStyle":"Linear","EasingDirection":"In"},"Right Leg":{"Weight":1,"CFrame":[0.36382073163986208,-0.11520349979400635,-0.000855863094329834,0.9601765871047974,-0.24313420057296754,0.13764706254005433,0.2726883292198181,0.9227992296218872,-0.27218130230903628,-0.06084397807717323,0.2988768219947815,0.9523500800132752],"EasingStyle":"Linear","EasingDirection":"In"}}},{"Time":0.11666666716337204,"poses":{"Left Leg":{"Weight":1,"CFrame":[0.08298756182193756,-0.14129650592803956,0.2312319278717041,0.4285348355770111,-0.42796817421913149,0.7957393527030945,0.6066584587097168,0.7889475226402283,0.09760747849941254,-0.6695695519447327,0.4409138560295105,0.597722053527832],"EasingStyle":"Linear","EasingDirection":"In"},"Right Arm":{"Weight":1,"CFrame":[-0.2659812569618225,-0.10237213969230652,0.07335853576660156,0.9617066979408264,0.2576124370098114,-0.09357399493455887,-0.18486124277114869,0.8617367744445801,0.47247856855392458,0.20235249400138856,-0.43708762526512148,0.8763605952262878],"EasingStyle":"Linear","EasingDirection":"In"},"Left Arm":{"Weight":1,"CFrame":[-0.07180127501487732,-0.06260409951210022,0.2385474443435669,0.8023538589477539,0.4186525046825409,-0.42539191246032717,-0.23463432490825654,0.8765953779220581,0.4201515018939972,0.5487940907478333,-0.23729866743087769,0.8015699982643127],"EasingStyle":"Linear","EasingDirection":"In"},"Head":{"Weight":1,"CFrame":[7.450580596923828e-8,3.725290298461914e-9,3.5762786865234377e-7,0.6872041821479797,-0.693872332572937,0.21515460312366486,0.6933108568191528,0.7148685455322266,0.09101072698831558,-0.21695710718631745,0.0866260901093483,0.9723299741744995],"EasingStyle":"Linear","EasingDirection":"In"},"Torso":{"Weight":1,"CFrame":[-0.046331390738487247,0.045866794884204867,-0.18101048469543458,0.9332436919212341,0.35403212904930117,-0.060971129685640338,-0.3509383499622345,0.9347251653671265,0.05595653876662254,0.07680166512727738,-0.030823979526758195,0.996569812297821],"EasingStyle":"Linear","EasingDirection":"In"},"HumanoidRootPart":{"Weight":0,"CFrame":[0,0,0,1,0,0,0,1,0,0,0,1],"EasingStyle":"Linear","EasingDirection":"In"},"Right Leg":{"Weight":1,"CFrame":[0.38740575313568118,-0.09337639808654785,0.0018756389617919922,0.9652907848358154,-0.22420740127563477,0.13395832479000092,0.2530825734138489,0.9296742081642151,-0.2676844894886017,-0.06452077627182007,0.292295902967453,0.9541489481925964],"EasingStyle":"Linear","EasingDirection":"In"}}},{"Time":0.13333334028720857,"poses":{"Left Leg":{"Weight":1,"CFrame":[0.06779325008392334,-0.14141881465911866,0.23988282680511475,0.437032014131546,-0.43213579058647158,0.7888355851173401,0.6089306473731995,0.7876209616661072,0.09410964697599411,-0.6619716882705689,0.4392172694206238,0.6073563694953919],"EasingStyle":"Linear","EasingDirection":"In"},"Right Arm":{"Weight":1,"CFrame":[-0.26370370388031008,-0.10661125183105469,0.07238996028900147,0.9645499587059021,0.2520901560783386,-0.07806335389614105,-0.18800771236419679,0.8639956116676331,0.4670809507369995,0.18519295752048493,-0.4358465075492859,0.8807618618011475],"EasingStyle":"Linear","EasingDirection":"In"},"Left Arm":{"Weight":1,"CFrame":[-0.07056169211864472,-0.06437593698501587,0.23478245735168458,0.8106340169906616,0.4111909568309784,-0.41688665747642519,-0.23511181771755219,0.8806078433990479,0.41140279173851015,0.5362787246704102,-0.23548215627670289,0.8105265498161316],"EasingStyle":"Linear","EasingDirection":"In"},"Head":{"Weight":1,"CFrame":[9.313225746154785e-8,-1.862645149230957e-8,2.384185791015625e-7,0.6945671439170837,-0.6868127584457398,0.2141604870557785,0.6885395646095276,0.7208996415138245,0.07884770631790161,-0.20854181051254273,0.09269295632839203,0.9736109972000122],"EasingStyle":"Linear","EasingDirection":"In"},"Torso":{"Weight":1,"CFrame":[-0.0433216392993927,0.04927714914083481,-0.18437647819519044,0.9373562335968018,0.34325873851776125,-0.059470292180776599,-0.34017932415008547,0.9386807680130005,0.05618186667561531,0.07510853558778763,-0.03243185952305794,0.996647834777832],"EasingStyle":"Linear","EasingDirection":"In"},"HumanoidRootPart":{"Weight":0,"CFrame":[0,0,0,1,0,0,0,1,0,0,0,1],"EasingStyle":"Linear","EasingDirection":"In"},"Right Leg":{"Weight":1,"CFrame":[0.44627121090888979,-0.0382457971572876,0.0018764734268188477,0.9739770293235779,-0.17894956469535829,0.1390894204378128,0.20959554612636567,0.9446784853935242,-0.25229400396347048,-0.0862467885017395,0.2748810052871704,0.9576021432876587],"EasingStyle":"Linear","EasingDirection":"In"}}},{"Time":0.15000000596046449,"poses":{"Left Leg":{"Weight":1,"CFrame":[0.04880662262439728,-0.14146184921264649,0.25109243392944338,0.4463091194629669,-0.43725651502609255,0.7807782888412476,0.612427294254303,0.7854126691818237,0.08977572619915009,-0.6524882912635803,0.4381023347377777,0.6183248162269592],"EasingStyle":"Linear","EasingDirection":"In"},"Right Arm":{"Weight":1,"CFrame":[-0.2599826157093048,-0.11325740814208985,0.07087182998657227,0.9669517874717712,0.2470574676990509,-0.06298350542783737,-0.1911672055721283,0.8659996390342712,0.4620603024959564,0.16869911551475526,-0.43474966287612917,0.8846091628074646],"EasingStyle":"Linear","EasingDirection":"In"},"Left Arm":{"Weight":1,"CFrame":[-0.06858929991722107,-0.06712967157363892,0.22885048389434815,0.8236703276634216,0.3996853232383728,-0.4022671580314636,-0.23458920419216157,0.8859966397285461,0.39997223019599917,0.5162703990936279,-0.23507779836654664,0.8235310316085815],"EasingStyle":"Linear","EasingDirection":"In"},"Head":{"Weight":1,"CFrame":[9.313225746154785e-8,-7.450580596923828e-9,0,0.7063375115394592,-0.6760572791099548,0.20984268188476563,0.6797077655792236,0.7305367588996887,0.06567589938640595,-0.1976984441280365,0.09624234586954117,0.9755268692970276],"EasingStyle":"Linear","EasingDirection":"In"},"Torso":{"Weight":1,"CFrame":[-0.040518417954444888,0.05512537062168121,-0.1897876262664795,0.9418631792068481,0.3309316635131836,-0.05812013894319534,-0.32782530784606936,0.9430212378501892,0.056933943182229999,0.07364977151155472,-0.03457073122262955,0.9966847896575928],"EasingStyle":"Linear","EasingDirection":"In"},"HumanoidRootPart":{"Weight":0,"CFrame":[0,0,0,1,0,0,0,1,0,0,0,1],"EasingStyle":"Linear","EasingDirection":"In"},"Right Leg":{"Weight":1,"CFrame":[0.5201835632324219,0.037324488162994388,-0.004540622234344482,0.9812783002853394,-0.11922584474086762,0.15125496685504914,0.15187153220176698,0.9619792699813843,-0.22700431942939759,-0.11843933910131455,0.24572569131851197,0.9620763659477234],"EasingStyle":"Linear","EasingDirection":"In"}}},{"Time":0.1666666716337204,"poses":{"Left Leg":{"Weight":1,"CFrame":[0.026311296969652177,-0.14123153686523438,0.26413607597351076,0.4564566910266876,-0.4431597888469696,0.7715287804603577,0.6167811155319214,0.7825750708580017,0.08460079878568649,-0.6412708759307861,0.4372478127479553,0.6305442452430725],"EasingStyle":"Linear","EasingDirection":"In"},"Right Arm":{"Weight":1,"CFrame":[-0.25487926602363589,-0.12196555733680725,0.06888246536254883,0.9689493775367737,0.2424795776605606,-0.048381444066762927,-0.19431982934474946,0.8677678108215332,0.45740437507629397,0.15289506316184998,-0.43380028009414675,0.8879417181015015],"EasingStyle":"Linear","EasingDirection":"In"},"Left Arm":{"Weight":1,"CFrame":[-0.06596073508262634,-0.07070097327232361,0.22103142738342286,0.840600848197937,0.3842678368091583,-0.38174399733543398,-0.2327197641134262,0.8926275372505188,0.38607969880104067,0.4891132414340973,-0.2356995791196823,0.8397701978683472],"EasingStyle":"Linear","EasingDirection":"In"},"Head":{"Weight":1,"CFrame":[1.0803341865539551e-7,-1.30385160446167e-8,1.1920928955078126e-7,0.7220309972763062,-0.6616091728210449,0.2023475468158722,0.6667724251747131,0.743468165397644,0.05166851729154587,-0.18462331593036652,0.09761349856853485,0.9779497981071472],"EasingStyle":"Linear","EasingDirection":"In"},"Torso":{"Weight":1,"CFrame":[-0.037925079464912418,0.06327815353870392,-0.1970195770263672,0.9466953873634338,0.31706058979034426,-0.05692454054951668,-0.31388989090919497,0.9476748108863831,0.05818614363670349,0.0723944902420044,-0.03721652179956436,0.9966814517974854],"EasingStyle":"Linear","EasingDirection":"In"},"HumanoidRootPart":{"Weight":0,"CFrame":[0,0,0,1,0,0,0,1,0,0,0,1],"EasingStyle":"Linear","EasingDirection":"In"},"Right Leg":{"Weight":1,"CFrame":[0.596785306930542,0.1235342025756836,-0.020904362201690675,0.984298825263977,-0.052238963544368747,0.16860274970531465,0.08491848409175873,0.9775415658950806,-0.19287630915641786,-0.15474049746990205,0.20416542887687684,0.9666290879249573],"EasingStyle":"Linear","EasingDirection":"In"}}},{"Time":0.18333333730697633,"poses":{"Left Leg":{"Weight":1,"CFrame":[0.0006113387644290924,-0.14053308963775636,0.278293251991272,0.4675658047199249,-0.4496595561504364,0.7610443830490112,0.6216213703155518,0.779366672039032,0.07857727259397507,-0.6284656524658203,0.43634146451950076,0.6439232230186462],"EasingStyle":"Linear","EasingDirection":"In"},"Right Arm":{"Weight":1,"CFrame":[-0.248454749584198,-0.13239336013793946,0.06650006771087647,0.9705804586410523,0.23832115530967713,-0.03430159389972687,-0.19744367897510529,0.8693190217018127,0.45310088992118838,0.1378025859594345,-0.43299829959869387,0.8907990455627441],"EasingStyle":"Linear","EasingDirection":"In"},"Left Arm":{"Weight":1,"CFrame":[-0.06275233626365662,-0.07492673397064209,0.21160638332366944,0.8604503870010376,0.3650437593460083,-0.3554832339286804,-0.22911641001701356,0.9003444910049439,0.36998027563095095,0.45511627197265627,-0.23690265417099,0.858339250087738],"EasingStyle":"Linear","EasingDirection":"In"},"Head":{"Weight":1,"CFrame":[7.450580596923828e-8,-7.450580596923828e-9,-5.364418029785156e-7,0.74111008644104,-0.6434019207954407,0.1918068379163742,0.6496400833129883,0.7593388557434082,0.03704376891255379,-0.16948039829730988,0.09715189784765244,0.980733335018158],"EasingStyle":"Linear","EasingDirection":"In"},"Torso":{"Weight":1,"CFrame":[-0.035546302795410159,0.07360167801380158,-0.20584869384765626,0.9517776966094971,0.3016548752784729,-0.05588911473751068,-0.2983857989311218,0.9525631666183472,0.05991128087043762,0.07131044566631317,-0.040345702320337298,0.9966378808021545],"EasingStyle":"Linear","EasingDirection":"In"},"HumanoidRootPart":{"Weight":0,"CFrame":[0,0,0,1,0,0,0,1,0,0,0,1],"EasingStyle":"Linear","EasingDirection":"In"},"Right Leg":{"Weight":1,"CFrame":[0.6700358986854553,0.21232032775878907,-0.049194395542144778,0.9817903637886047,0.018587248399853708,0.18905618786811829,0.010420327074825764,0.9884340167045593,-0.15129299461841584,-0.18968160450458527,0.1505080610513687,0.9702413082122803],"EasingStyle":"Linear","EasingDirection":"In"}}},{"Time":0.20000000298023225,"poses":{"Left Leg":{"Weight":1,"CFrame":[-0.02797641232609749,-0.13918006420135499,0.2928779125213623,0.4797208607196808,-0.4565609097480774,0.7492796182632446,0.6265919804573059,0.7760424613952637,0.07169745117425919,-0.6142071485519409,0.43509796261787417,0.6583611965179443],"EasingStyle":"Linear","EasingDirection":"In"},"Right Arm":{"Weight":1,"CFrame":[-0.24077029526233674,-0.14419466257095338,0.06380414962768555,0.9718824028968811,0.23454755544662476,-0.020785991102457048,-0.20051594078540803,0.8706710934638977,0.44913816452026369,0.12344204634428024,-0.43234163522720339,0.8932204842567444],"EasingStyle":"Linear","EasingDirection":"In"},"Left Arm":{"Weight":1,"CFrame":[-0.0590408630669117,-0.07964235544204712,0.20085608959197999,0.8821498155593872,0.3421240448951721,-0.32367101311683657,-0.2233753502368927,0.9089613556861877,0.3519837558269501,0.41462650895118716,-0.23820240795612336,0.8782622218132019],"EasingStyle":"Linear","EasingDirection":"In"},"Head":{"Weight":1,"CFrame":[5.587935447692871e-8,3.725290298461914e-9,-1.7881393432617188e-7,0.7629837989807129,-0.6213258504867554,0.17835354804992677,0.6281908750534058,0.7777464389801025,0.022060127928853036,-0.15242032706737519,0.0952085480093956,0.9837191700935364],"EasingStyle":"Linear","EasingDirection":"In"},"Torso":{"Weight":1,"CFrame":[-0.033388033509254459,0.08596159517765045,-0.21605253219604493,0.957028865814209,0.284725159406662,-0.05502090975642204,-0.2813264727592468,0.9576018452644348,0.06208142265677452,0.07036426663398743,-0.04393487796187401,0.996553361415863],"EasingStyle":"Linear","EasingDirection":"In"},"HumanoidRootPart":{"Weight":0,"CFrame":[0,0,0,1,0,0,0,1,0,0,0,1],"EasingStyle":"Linear","EasingDirection":"In"},"Right Leg":{"Weight":1,"CFrame":[0.7376511096954346,0.29588842391967776,-0.08922374248504639,0.9732955694198608,0.09210547059774399,0.21026727557182313,-0.07138830423355103,0.9920023679733276,-0.10409122705459595,-0.21817298233509065,0.08630091696977616,0.9720867872238159],"EasingStyle":"Linear","EasingDirection":"In"}}},{"Time":0.21666666865348817,"poses":{"Left Leg":{"Weight":1,"CFrame":[-0.05912014842033386,-0.13700735569000245,0.3072551488876343,0.49299386143684389,-0.4636624753475189,0.7361889481544495,0.6313610076904297,0.7728473544120789,0.06395529955625534,-0.5986153483390808,0.4332713484764099,0.6737474203109741],"EasingStyle":"Linear","EasingDirection":"In"},"Right Arm":{"Weight":1,"CFrame":[-0.23188719153404237,-0.157027930021286,0.06087219715118408,0.9728924632072449,0.2311239391565323,-0.007874364964663983,-0.20351214706897736,0.8718417882919312,0.44550490379333498,0.10983197391033173,-0.4318258464336395,0.8952448964118958],"EasingStyle":"Linear","EasingDirection":"In"},"Left Arm":{"Weight":1,"CFrame":[-0.054902784526348117,-0.08468595147132874,0.18906033039093018,0.9045642018318176,0.3156547546386719,-0.2865758240222931,-0.21510492265224458,0.9182577729225159,0.332464337348938,0.36809441447257998,-0.23909150063991548,0.8985219597816467],"EasingStyle":"Linear","EasingDirection":"In"},"Head":{"Weight":1,"CFrame":[1.043081283569336e-7,1.1175870895385743e-8,2.384185791015625e-7,0.7870066165924072,-0.5952574610710144,0.1621391922235489,0.6023055911064148,0.7982348799705505,0.007011209614574909,-0.13359865546226502,0.09213947504758835,0.9867429733276367],"EasingStyle":"Linear","EasingDirection":"In"},"Torso":{"Weight":1,"CFrame":[-0.03145696222782135,0.10022279620170593,-0.22740745544433595,0.9623624086380005,0.26628386974334719,-0.05432808771729469,-0.2627268135547638,0.9627007246017456,0.06466768682003021,0.06952165067195893,-0.0479603037238121,0.9964268803596497],"EasingStyle":"Linear","EasingDirection":"In"},"HumanoidRootPart":{"Weight":0,"CFrame":[0,0,0,1,0,0,0,1,0,0,0,1],"EasingStyle":"Linear","EasingDirection":"In"},"Right Leg":{"Weight":1,"CFrame":[0.7997763156890869,0.36623674631118777,-0.13838958740234376,0.9585403800010681,0.1686321645975113,0.22970306873321534,-0.16057100892066956,0.9855740666389465,-0.05348549038171768,-0.23540867865085603,0.014384309761226178,0.9717900156974793],"EasingStyle":"Linear","EasingDirection":"In"}}},{"Time":0.23333333432674409,"poses":{"Left Leg":{"Weight":1,"CFrame":[-0.09247398376464844,-0.13386869430541993,0.32085633277893069,0.5074422955513,-0.470756858587265,0.7217272520065308,0.6356226205825806,0.770013153553009,0.05534934625029564,-0.5817956328392029,0.43065962195396426,0.6899610161781311],"EasingStyle":"Linear","EasingDirection":"In"},"Right Arm":{"Weight":1,"CFrame":[-0.22186648845672608,-0.17054858803749085,0.05778336524963379,0.97364741563797,0.2280162274837494,0.004396188538521528,-0.20640678703784944,0.8728480935096741,0.44219034910202029,0.09698937833309174,-0.4314449727535248,0.8969104290008545],"EasingStyle":"Linear","EasingDirection":"In"},"Left Arm":{"Weight":1,"CFrame":[-0.0504147969186306,-0.08989301323890686,0.17650020122528077,0.9265332818031311,0.28584331274032595,-0.24460117518901826,-0.20395652949810029,0.9279763102531433,0.311867892742157,0.3161293864250183,-0.23906806111335755,0.9181005954742432],"EasingStyle":"Linear","EasingDirection":"In"},"Head":{"Weight":1,"CFrame":[1.2293457984924317e-7,2.0489096641540528e-8,0,0.8124834299087524,-0.5650854110717773,0.1433495283126831,0.5718901753425598,0.8202933073043823,-0.007781828287988901,-0.11319126188755036,0.08830279856920243,0.989641547203064],"EasingStyle":"Linear","EasingDirection":"In"},"Torso":{"Weight":1,"CFrame":[-0.0297604501247406,0.11624923348426819,-0.23969149589538575,0.9676861763000488,0.246347114443779,-0.05381952226161957,-0.2426050752401352,0.9677642583847046,0.06764007359743118,0.06874755024909973,-0.0523974783718586,0.9962571263313294],"EasingStyle":"Linear","EasingDirection":"In"},"HumanoidRootPart":{"Weight":0,"CFrame":[0,0,0,1,0,0,0,1,0,0,0,1],"EasingStyle":"Linear","EasingDirection":"In"},"Right Leg":{"Weight":1,"CFrame":[0.8581167459487915,0.41532623767852785,-0.19175934791564942,0.9369475245475769,0.24936987459659577,0.24483470618724824,-0.2567676603794098,0.9664715528488159,-0.0017608832567930222,-0.23706482350826264,-0.061215829104185107,0.9695632457733154],"EasingStyle":"Linear","EasingDirection":"In"}}},{"Time":0.25,"poses":{"Left Leg":{"Weight":1,"CFrame":[-0.1276744306087494,-0.12965154647827149,0.33318328857421877,0.5231029391288757,-0.47763335704803469,0.7058538198471069,0.6391021609306336,0.767751932144165,0.0458843819797039,-0.5638366341590881,0.4271104335784912,0.7068698406219482],"EasingStyle":"Linear","EasingDirection":"In"},"Right Arm":{"Weight":1,"CFrame":[-0.2107694149017334,-0.1844128966331482,0.05461597442626953,0.9741834998130798,0.2251906543970108,0.015989767387509347,-0.20917312800884248,0.8737070560455322,0.4391838312149048,0.0849296897649765,-0.4311903417110443,0.898254930973053],"EasingStyle":"Linear","EasingDirection":"In"},"Left Arm":{"Weight":1,"CFrame":[-0.045653246343135837,-0.09509950876235962,0.16345596313476563,0.9469267129898071,0.2529751658439636,-0.19832640886306764,-0.1896577775478363,0.937826931476593,0.2907068431377411,0.2595374286174774,-0.23766401410102845,0.9360321164131165],"EasingStyle":"Linear","EasingDirection":"In"},"Head":{"Weight":1,"CFrame":[1.1548399925231934e-7,-1.30385160446167e-8,0,0.8386766314506531,-0.5307391285896301,0.12221913784742356,0.5369040966033936,0.8433569073677063,-0.021980278193950654,-0.09140855818986893,0.08405428379774094,0.9922597408294678],"EasingStyle":"Linear","EasingDirection":"In"},"Torso":{"Weight":1,"CFrame":[-0.028306126594543458,0.1339038908481598,-0.2526822090148926,0.9729035496711731,0.22493532299995423,-0.05350447818636894,-0.2209836095571518,0.97269207239151,0.07096731662750244,0.06800644099712372,-0.05722074210643768,0.9960426092147827],"EasingStyle":"Linear","EasingDirection":"In"},"HumanoidRootPart":{"Weight":0,"CFrame":[0,0,0,1,0,0,0,1,0,0,0,1],"EasingStyle":"Linear","EasingDirection":"In"},"Right Leg":{"Weight":1,"CFrame":[0.9147219061851502,0.43561410903930666,-0.24236834049224854,0.9072898030281067,0.33562564849853518,0.2533390522003174,-0.3585732877254486,0.9322054386138916,0.049174580723047259,-0.2196597009897232,-0.13545623421669007,0.9661269187927246],"EasingStyle":"Linear","EasingDirection":"In"}}},{"Time":0.2666666805744171,"poses":{"Left Leg":{"Weight":1,"CFrame":[-0.1643390953540802,-0.12427294254302979,0.34380924701690676,0.5399934649467468,-0.4840778112411499,0.6885314583778381,0.6415501832962036,0.7662556767463684,0.03557492792606354,-0.5448123216629028,0.4225172996520996,0.7243333458900452],"EasingStyle":"Linear","EasingDirection":"In"},"Right Arm":{"Weight":1,"CFrame":[-0.19865727424621583,-0.19827711582183839,0.05144858360290527,0.9745362997055054,0.22261369228363038,0.026872878894209863,-0.21178336441516877,0.8744351863861084,0.43647539615631106,0.07366683334112168,-0.43105241656303408,0.8993147611618042],"EasingStyle":"Linear","EasingDirection":"In"},"Left Arm":{"Weight":1,"CFrame":[-0.04069482535123825,-0.10014283657073975,0.1502079963684082,0.9647107124328613,0.21742193400859834,-0.14852917194366456,-0.17204193770885468,0.9474948644638062,0.2695459723472595,0.19933582842350007,-0.23448066413402558,0.9514641761779785],"EasingStyle":"Linear","EasingDirection":"In"},"Head":{"Weight":1,"CFrame":[9.685754776000977e-8,-5.587935447692871e-9,1.1920928955078126e-7,0.864821195602417,-0.492214173078537,0.09904319792985916,0.4973844289779663,0.866814136505127,-0.035240862518548968,-0.06850598752498627,0.07973959296941757,0.9944589138031006],"EasingStyle":"Linear","EasingDirection":"In"},"Torso":{"Weight":1,"CFrame":[-0.027101635932922365,0.15304851531982423,-0.2661569118499756,0.9779136180877686,0.20207469165325166,-0.0533921979367733,-0.197890505194664,0.9773800373077393,0.0746166855096817,0.06726261228322983,-0.062402866780757907,0.9957818984985352],"EasingStyle":"Linear","EasingDirection":"In"},"HumanoidRootPart":{"Weight":0,"CFrame":[0,0,0,1,0,0,0,1,0,0,0,1],"EasingStyle":"Linear","EasingDirection":"In"},"Right Leg":{"Weight":1,"CFrame":[0.9699416160583496,0.4212445616722107,-0.2815484404563904,0.8677970170974731,0.4275657534599304,0.25321123003959658,-0.4627436399459839,0.8810357451438904,0.09820575267076493,-0.18109863996505738,-0.20239455997943879,0.962413489818573],"EasingStyle":"Linear","EasingDirection":"In"}}},{"Time":0.28333333134651186,"poses":{"Left Leg":{"Weight":1,"CFrame":[-0.20206424593925477,-0.11768555641174317,0.3523836135864258,0.5581056475639343,-0.48987412452697756,0.6697323322296143,0.6427446007728577,0.765690267086029,0.024446208029985429,-0.524783194065094,0.4168233573436737,0.7422000765800476],"EasingStyle":"Linear","EasingDirection":"In"},"Right Arm":{"Weight":1,"CFrame":[-0.1855912059545517,-0.21179816126823426,0.04835963249206543,0.9747403264045715,0.2202528864145279,0.037013184279203418,-0.21420860290527345,0.8750489950180054,0.43405503034591677,0.06321351230144501,-0.4310196042060852,0.9001256823539734],"EasingStyle":"Linear","EasingDirection":"In"},"Left Arm":{"Weight":1,"CFrame":[-0.035616155713796619,-0.1048591136932373,0.13703715801239015,0.9790191650390625,0.1796375960111618,-0.0961863100528717,-0.15107235312461854,0.9566541314125061,0.24897779524326325,0.13674278557300569,-0.22922304272651673,0.9637210369110107],"EasingStyle":"Linear","EasingDirection":"In"},"Head":{"Weight":1,"CFrame":[1.0803341865539551e-7,-3.5390257835388186e-8,0,0.8901458382606506,-0.4495963156223297,0.07418597489595413,0.45346900820732119,0.8900196552276611,-0.04723219946026802,-0.044791560620069507,0.07568458467721939,0.9961252808570862],"EasingStyle":"Linear","EasingDirection":"In"},"Torso":{"Weight":1,"CFrame":[-0.026154279708862306,0.17354370653629304,-0.279893159866333,0.9826120734214783,0.1777980923652649,-0.05349152535200119,-0.17336048185825349,0.9817206263542175,0.0785539373755455,0.06648048013448715,-0.06791472434997559,0.9954737424850464],"EasingStyle":"Linear","EasingDirection":"In"},"HumanoidRootPart":{"Weight":0,"CFrame":[0,0,0,1,0,0,0,1,0,0,0,1],"EasingStyle":"Linear","EasingDirection":"In"},"Right Leg":{"Weight":1,"CFrame":[1.0198434591293336,0.370438814163208,-0.29951971769332888,0.8172286748886108,0.5226926207542419,0.24275438487529756,-0.5633521676063538,0.8133540749549866,0.1452222466468811,-0.12153860926628113,-0.255435973405838,0.9591562747955322],"EasingStyle":"Linear","EasingDirection":"In"}}},{"Time":0.30000001192092898,"poses":{"Left Leg":{"Weight":1,"CFrame":[-0.240427628159523,-0.10988426208496094,0.3586275577545166,0.5774046778678894,-0.4948076605796814,0.649437665939331,0.6424881219863892,0.7661930322647095,0.012537798844277859,-0.5037984251976013,0.41001665592193606,0.760311484336853],"EasingStyle":"Linear","EasingDirection":"In"},"Right Arm":{"Weight":1,"CFrame":[-0.17163242399692536,-0.22463107109069825,0.045427799224853519,0.9748291373252869,0.21807599067687989,0.0463797003030777,-0.2164190262556076,0.8755647540092468,0.43191322684288027,0.053581394255161288,-0.43107908964157107,0.9007218480110169],"EasingStyle":"Linear","EasingDirection":"In"},"Left Arm":{"Weight":1,"CFrame":[-0.03049364686012268,-0.1090846061706543,0.12422347068786621,0.9892212748527527,0.14014051854610444,-0.04244966432452202,-0.12685483694076539,0.9649852514266968,0.22958937287330628,0.07313808798789978,-0.2217298299074173,0.9723614454269409],"EasingStyle":"Linear","EasingDirection":"In"},"Head":{"Weight":1,"CFrame":[1.2293457984924317e-7,-1.862645149230957e-9,0,0.9139009714126587,-0.40307939052581789,0.04808356985449791,0.4054127633571625,0.9123138785362244,-0.05765300989151001,-0.020628567785024644,0.07218282669782639,0.9971780776977539],"EasingStyle":"Linear","EasingDirection":"In"},"Torso":{"Weight":1,"CFrame":[-0.025470733642578126,0.19524885714054109,-0.293668270111084,0.98689204454422,0.15214641392230988,-0.053810518234968188,-0.14743632078170777,0.9856044054031372,0.082743339240551,0.06562498956918717,-0.07372511923313141,0.9951170682907105],"EasingStyle":"Linear","EasingDirection":"In"},"HumanoidRootPart":{"Weight":0,"CFrame":[0,0,0,1,0,0,0,1,0,0,0,1],"EasingStyle":"Linear","EasingDirection":"In"},"Right Leg":{"Weight":1,"CFrame":[1.054616093635559,0.28948450088500979,-0.2865421175956726,0.7571890950202942,0.6151271462440491,0.21973444521427155,-0.6517325043678284,0.7339666485786438,0.19114847481250764,-0.043697044253349307,-0.28794363141059878,0.956649899482727],"EasingStyle":"Linear","EasingDirection":"In"}}},{"Time":0.3166666626930237,"poses":{"Left Leg":{"Weight":1,"CFrame":[-0.27898991107940676,-0.10090816020965576,0.3623349666595459,0.5978261828422546,-0.4986684322357178,0.6276413202285767,0.6406073570251465,0.7678685188293457,-0.00009573528222972527,-0.48189836740493777,0.4021289646625519,0.7785026431083679],"EasingStyle":"Linear","EasingDirection":"In"},"Right Arm":{"Weight":1,"CFrame":[-0.1568421721458435,-0.23643314838409425,0.042731523513793948,0.9748349189758301,0.21605141460895539,0.054942693561315539,-0.21838390827178956,0.8759986162185669,0.43004053831100466,0.04478110000491142,-0.4312171936035156,0.9011361598968506],"EasingStyle":"Linear","EasingDirection":"In"},"Left Arm":{"Weight":1,"CFrame":[-0.025403914973139764,-0.11265566945075989,0.11204802989959717,0.9949735999107361,0.09948686510324478,0.011398805305361748,-0.09963691979646683,0.9