{"Sequence":[{"Time":0,"poses":{"Left Leg":{"Weight":1,"CFrame":[0.30118995904922488,0.07800227403640747,-0.10509282350540161,0.7132720351219177,-0.5573703646659851,0.4249485731124878,0.3904387652873993,0.8194916844367981,0.41951271891593935,-0.5820658206939697,-0.13331027328968049,0.8021395206451416],"EasingStyle":"Linear","EasingDirection":"In"},"Head":{"Weight":1,"CFrame":[8.874908274947302e-8,2.861488610506058e-7,-2.384185791015625e-7,1,-1.2337100940840174e-7,6.877839808794306e-8,4.8540545805053628e-8,0.8137578964233398,0.5812039971351624,-1.2312224839661213e-7,-0.5812039971351624,0.8137578964233398],"EasingStyle":"Linear","EasingDirection":"In"},"Right Arm":{"Weight":1,"CFrame":[0.18239909410476685,-0.4378919303417206,0.5106960535049439,0.23146922886371613,-0.7903011441230774,-0.5673146843910217,0.3172871768474579,-0.48993781208992007,0.8119666576385498,-0.9196471571922302,-0.3679471015930176,0.13734693825244904],"EasingStyle":"Linear","EasingDirection":"In"},"Left Arm":{"Weight":1,"CFrame":[-0.29809683561325076,-0.4873470067977905,0.24087166786193849,0.25133997201919558,0.8159999847412109,0.5205499529838562,-0.40018007159233096,-0.40208521485328677,0.8235189318656921,0.8812968730926514,-0.4152969419956207,0.2254868894815445],"EasingStyle":"Linear","EasingDirection":"In"},"Handle":{"Weight":1,"CFrame":[0.01700468733906746,-0.018710017204284669,-1.9668877124786378,-0.9990812540054321,0.00215115025639534,0.0428018718957901,-0.018790841102600099,0.8756263852119446,-0.48262345790863039,-0.03851664811372757,-0.4829843044281006,-0.8747814893722534],"EasingStyle":"Linear","EasingDirection":"In"},"Torso":{"Weight":1,"CFrame":[-0.019586700946092607,0.09579038619995117,-0.23089861869812013,0.999069094657898,-0.035517655313014987,-0.02448345720767975,-6.59262155977558e-8,0.5675512552261353,-0.8233380913734436,0.04313865676522255,0.8225716352462769,0.5670229196548462],"EasingStyle":"Linear","EasingDirection":"In"},"HumanoidRootPart":{"Weight":0,"CFrame":[0,0,0,1,0,0,0,1,0,0,0,1],"EasingStyle":"Linear","EasingDirection":"In"},"Right Leg":{"Weight":1,"CFrame":[-0.29275673627853396,0.06350874900817871,-0.07680487632751465,0.7470181584358215,0.5057504177093506,-0.4314860701560974,-0.3613395094871521,0.8536853790283203,0.3750400245189667,0.5580301284790039,-0.12424879521131516,0.8204662203788757],"EasingStyle":"Linear","EasingDirection":"In"}}},{"Time":0.03333333507180214,"poses":{"Left Leg":{"Weight":1,"CFrame":[0.3022814691066742,0.07720446586608887,-0.10525035858154297,0.7141942381858826,-0.5545121431350708,0.4271332919597626,0.3879137635231018,0.8215168118476868,0.41789114475250246,-0.5826229453086853,-0.13276448845863343,0.8018255233764648],"EasingStyle":"Linear","EasingDirection":"In"},"Head":{"Weight":1,"CFrame":[9.797804523259401e-8,-2.3283064365386964e-9,1.1920928955078126e-7,0.9999264478683472,-0.0025793800596147777,0.011850815266370774,-0.005021439399570227,0.8013933897018433,0.5981164574623108,-0.01103992760181427,-0.5981320142745972,0.8013215661048889],"EasingStyle":"Linear","EasingDirection":"In"},"Right Arm":{"Weight":1,"CFrame":[0.1992093324661255,-0.4444273114204407,0.5074200630187988,0.22336696088314057,-0.7922925353050232,-0.5677847862243652,0.32069477438926699,-0.49033841490745547,0.8103845715522766,-0.9204683899879456,-0.3630988895893097,0.14455872774124146],"EasingStyle":"Linear","EasingDirection":"In"},"Left Arm":{"Weight":1,"CFrame":[-0.32087451219558718,-0.5016263723373413,0.24299907684326173,0.2508280277252197,0.811222493648529,0.528207540512085,-0.40453365445137026,-0.40788227319717409,0.8185259103775024,0.8794531226158142,-0.4189870357513428,0.22585858404636384],"EasingStyle":"Linear","EasingDirection":"In"},"Handle":{"Weight":1,"CFrame":[0.016648264601826669,-0.023997150361537935,-1.95509672164917,-0.99908846616745,0.0027803548146039249,0.0425972156226635,-0.01866878755390644,0.8689318299293518,-0.49457961320877077,-0.0383891761302948,-0.49492400884628298,-0.8680878281593323],"EasingStyle":"Linear","EasingDirection":"In"},"Torso":{"Weight":1,"CFrame":[-0.022830422967672349,0.15319490432739259,-0.23089265823364259,0.9990726709365845,-0.03543896973133087,-0.02445271797478199,-0.00014398244093172252,0.5651693940162659,-0.8249748349189758,0.0430561900138855,0.8242133259773254,0.56464022397995],"EasingStyle":"Linear","EasingDirection":"In"},"HumanoidRootPart":{"Weight":0,"CFrame":[0,0,0,1,0,0,0,1,0,0,0,1],"EasingStyle":"Linear","EasingDirection":"In"},"Right Leg":{"Weight":1,"CFrame":[-0.29320356249809267,0.06295216083526612,-0.07678472995758057,0.749077320098877,0.5019171237945557,-0.4323911666870117,-0.3575834333896637,0.8557684421539307,0.37389084696769717,0.5576891899108887,-0.12545733153820039,0.8205142021179199],"EasingStyle":"Linear","EasingDirection":"In"}}},{"Time":0.06666667014360428,"poses":{"Left Leg":{"Weight":1,"CFrame":[0.30326807498931887,0.07609164714813233,-0.10519593954086304,0.7139356136322022,-0.553329586982727,0.42909494042396548,0.3878043591976166,0.8227001428604126,0.4156588017940521,-0.5830126404762268,-0.13034869730472566,0.8019384741783142],"EasingStyle":"Linear","EasingDirection":"In"},"Head":{"Weight":1,"CFrame":[1.0061194188892841e-7,-2.7031637728214266e-7,1.1920928955078126e-7,0.9997125864028931,-0.002997331554070115,0.023786965757608415,-0.012288028374314309,0.7878721952438355,0.6157160997390747,-0.02058659866452217,-0.6158314943313599,0.7876089215278626],"EasingStyle":"Linear","EasingDirection":"In"},"Right Arm":{"Weight":1,"CFrame":[0.21544481813907624,-0.46194303035736086,0.4986402988433838,0.20934893190860749,-0.7921150326728821,-0.5733470320701599,0.3230942487716675,-0.49737420678138735,0.8051267266273499,-0.9229210019111633,-0.35379758477211,0.15180303156375886],"EasingStyle":"Linear","EasingDirection":"In"},"Left Arm":{"Weight":1,"CFrame":[-0.34401851892471316,-0.5151585936546326,0.2490837574005127,0.2461988627910614,0.8042548298835754,0.5408885478973389,-0.40703877806663515,-0.4206705689430237,0.8107747435569763,0.8796053528785706,-0.4197743237018585,0.22379428148269654],"EasingStyle":"Linear","EasingDirection":"In"},"Handle":{"Weight":1,"CFrame":[0.015644963830709459,-0.027640005573630334,-1.9402798414230347,-0.999121904373169,0.0033579894807189705,0.0417630635201931,-0.018269089981913568,0.8621163368225098,-0.5063809156417847,-0.03770504891872406,-0.50669926404953,-0.8612979650497437],"EasingStyle":"Linear","EasingDirection":"In"},"Torso":{"Weight":1,"CFrame":[-0.03227338567376137,0.19701671600341798,-0.2252366542816162,0.9990811944007874,-0.03518787398934364,-0.024467123672366144,-0.00041994790080934763,0.5628204941749573,-0.8265790939331055,0.04285615310072899,0.8258298635482788,0.5622885227203369],"EasingStyle":"Linear","EasingDirection":"In"},"HumanoidRootPart":{"Weight":0,"CFrame":[0,0,0,1,0,0,0,1,0,0,0,1],"EasingStyle":"Linear","EasingDirection":"In"},"Right Leg":{"Weight":1,"CFrame":[-0.29287052154541018,0.06238585710525513,-0.07635962963104248,0.7522826790809631,0.49765926599502566,-0.43174758553504946,-0.35363152623176577,0.8579191565513611,0.37271901965141299,0.5558916330337524,-0.12771061062812806,0.8213857412338257],"EasingStyle":"Linear","EasingDirection":"In"}}},{"Time":0.10000000149011612,"poses":{"Left Leg":{"Weight":1,"CFrame":[0.3049316704273224,0.07569301128387451,-0.10586756467819214,0.7105590105056763,-0.5551146268844605,0.43238145112991335,0.3898300528526306,0.8221386075019836,0.41487422585487368,-0.585780143737793,-0.12623730301856996,0.8005783557891846],"EasingStyle":"Linear","EasingDirection":"In"},"Head":{"Weight":1,"CFrame":[9.458744898438454e-8,-1.2526288628578187e-7,4.76837158203125e-7,0.9993586540222168,-0.001598114031367004,0.035773344337940219,-0.021445659920573236,0.7733228802680969,0.6336495280265808,-0.028676994144916536,-0.634010374546051,0.7727926969528198],"EasingStyle":"Linear","EasingDirection":"In"},"Right Arm":{"Weight":1,"CFrame":[0.23197223246097566,-0.487301230430603,0.4859294891357422,0.19027814269065858,-0.7897928953170776,-0.5831135511398315,0.3243890404701233,-0.5100226402282715,0.796648383140564,-0.9265883564949036,-0.34074050188064577,0.15915396809577943],"EasingStyle":"Linear","EasingDirection":"In"},"Left Arm":{"Weight":1,"CFrame":[-0.36724144220352175,-0.5279078483581543,0.2586812973022461,0.23803851008415223,0.7951840758323669,0.5576915740966797,-0.40774714946746828,-0.439330518245697,0.8004568219184876,0.8815213441848755,-0.41793662309646609,0.21965643763542176],"EasingStyle":"Linear","EasingDirection":"In"},"Handle":{"Weight":1,"CFrame":[0.014196200296282769,-0.02984488010406494,-1.9256856441497803,-0.9991968274116516,0.003897627117112279,0.03988100215792656,-0.01727159321308136,0.8561702966690064,-0.5164049863815308,-0.03615768626332283,-0.516679048538208,-0.8554153442382813],"EasingStyle":"Linear","EasingDirection":"In"},"Torso":{"Weight":1,"CFrame":[-0.047327518463134769,0.2290806770324707,-0.212066650390625,0.9990927577018738,-0.03483930975198746,-0.024491949006915094,-0.0008100441191345453,0.5594565272331238,-0.8288593292236328,0.04257906228303909,0.8281272053718567,0.5589207410812378],"EasingStyle":"Linear","EasingDirection":"In"},"HumanoidRootPart":{"Weight":0,"CFrame":[0,0,0,1,0,0,0,1,0,0,0,1],"EasingStyle":"Linear","EasingDirection":"In"},"Right Leg":{"Weight":1,"CFrame":[-0.2921043634414673,0.061841368675231937,-0.07572329044342041,0.7562724947929382,0.49289295077323916,-0.4302421808242798,-0.3492355942726135,0.8602073788642883,0.37158817052841189,0.553250789642334,-0.1307660937309265,0.8226869702339172],"EasingStyle":"Linear","EasingDirection":"In"}}},{"Time":0.13333334028720857,"poses":{"Left Leg":{"Weight":1,"CFrame":[0.30812475085258486,0.07714533805847168,-0.10831969976425171,0.7018826603889465,-0.5611774921417236,0.43868058919906618,0.39357438683509829,0.8188624978065491,0.41780775785446169,-0.5936833620071411,-0.12059856206178665,0.7956104874610901],"EasingStyle":"Linear","EasingDirection":"In"},"Head":{"Weight":1,"CFrame":[8.865026757121086e-8,3.2247044146060946e-7,2.384185791015625e-7,0.9988579750061035,0.0012958835577592254,0.04776016250252724,-0.03213861584663391,0.757895290851593,0.6515841484069824,-0.03535282984375954,-0.6523749828338623,0.7570713758468628],"EasingStyle":"Linear","EasingDirection":"In"},"Right Arm":{"Weight":1,"CFrame":[0.24965974688529969,-0.517365574836731,0.47086000442504885,0.16706439852714539,-0.785297155380249,-0.5961526036262512,0.3244442045688629,-0.5271872282028198,0.785372257232666,-0.9310346245765686,-0.32462602853775027,0.16671085357666017],"EasingStyle":"Linear","EasingDirection":"In"},"Left Arm":{"Weight":1,"CFrame":[-0.39025622606277468,-0.5398401618003845,0.27134668827056887,0.22696064412593842,0.7840589880943298,0.5777027010917664,-0.4066685736179352,-0.4626963436603546,0.7877390384674072,0.8849347829818726,-0.41371920704841616,0.21383823454380036],"EasingStyle":"Linear","EasingDirection":"In"},"Handle":{"Weight":1,"CFrame":[0.012495309114456177,-0.030821263790130616,-1.9145960807800294,-0.9993228912353516,0.004406158812344074,0.03652935102581978,-0.015363030135631562,0.852152407169342,-0.5230681896209717,-0.033433299511671069,-0.5232751965522766,-0.8515076637268066],"EasingStyle":"Linear","EasingDirection":"In"},"Torso":{"Weight":1,"CFrame":[-0.06740519404411316,0.25122737884521487,-0.1895279884338379,0.9991056323051453,-0.034467894583940509,-0.02449299953877926,-0.001295910100452602,0.5540165901184082,-0.8325046300888062,0.04226421192288399,0.8317917585372925,0.5534763932228088],"EasingStyle":"Linear","EasingDirection":"In"},"HumanoidRootPart":{"Weight":0,"CFrame":[0,0,0,1,0,0,0,1,0,0,0,1],"EasingStyle":"Linear","EasingDirection":"In"},"Right Leg":{"Weight":1,"CFrame":[-0.29125097393989565,0.06134998798370361,-0.0750693678855896,0.760670006275177,0.4875558018684387,-0.42856788635253909,-0.34417134523391726,0.8626899123191834,0.37055668234825137,0.5503882765769959,-0.13437068462371827,0.8240250945091248],"EasingStyle":"Linear","EasingDirection":"In"}}},{"Time":0.1666666716337204,"poses":{"Left Leg":{"Weight":1,"CFrame":[0.3138214647769928,0.08179926872253418,-0.11390835046768189,0.6852436661720276,-0.5727249383926392,0.44991934299468996,0.39807021617889407,0.8118375539779663,0.42715319991111758,-0.6099026799201965,-0.11360447108745575,0.7842912077903748],"EasingStyle":"Linear","EasingDirection":"In"},"Head":{"Weight":1,"CFrame":[7.753260433673859e-8,3.91155481338501e-7,2.384185791015625e-7,0.9982030987739563,0.0053807334043085579,0.059679266065359119,-0.0440082848072052,0.7417693734169006,0.6692095994949341,-0.040667422115802768,-0.6706334352493286,0.740673303604126],"EasingStyle":"Linear","EasingDirection":"In"},"Right Arm":{"Weight":1,"CFrame":[0.2693745493888855,-0.5489981174468994,0.4550042152404785,0.14066556096076966,-0.7786248922348023,-0.6115197539329529,0.3231452405452728,-0.5477278232574463,0.7717328071594238,-0.9358367323875427,-0.306165874004364,0.174562469124794],"EasingStyle":"Linear","EasingDirection":"In"},"Left Arm":{"Weight":1,"CFrame":[-0.4127761125564575,-0.5509190559387207,0.2866346836090088,0.21359802782535554,0.7709497213363648,0.6000102758407593,-0.40381279587745669,-0.489582896232605,0.7728156447410584,0.8895567059516907,-0.4073635935783386,0.20674541592597962],"EasingStyle":"Linear","EasingDirection":"In"},"Handle":{"Weight":1,"CFrame":[0.010724946856498719,-0.030672041699290277,-1.9103268384933472,-0.9994986057281494,0.004889818839728832,0.031283389776945117,-0.01226144190877676,0.8511431217193604,-0.5247905254364014,-0.02919277548789978,-0.5249109268188477,-0.8506563901901245],"EasingStyle":"Linear","EasingDirection":"In"},"Torso":{"Weight":1,"CFrame":[-0.09191887080669403,0.26532793045043948,-0.1557908058166504,0.9991180300712586,-0.034147635102272037,-0.02443624660372734,-0.001858751056715846,0.5454117655754089,-0.8381661772727966,0.041949208825826648,0.8374723196029663,0.5448672771453857],"EasingStyle":"Linear","EasingDirection":"In"},"HumanoidRootPart":{"Weight":0,"CFrame":[0,0,0,1,0,0,0,1,0,0,0,1],"EasingStyle":"Linear","EasingDirection":"In"},"Right Leg":{"Weight":1,"CFrame":[-0.2906588315963745,0.06092953681945801,-0.07458269596099854,0.7650991082191467,0.4815996587276459,-0.42741674184799197,-0.33823657035827639,0.8654165863990784,0.3696623146533966,0.5479227900505066,-0.1382603794336319,0.8250240683555603],"EasingStyle":"Linear","EasingDirection":"In"}}},{"Time":0.20000000298023225,"poses":{"Left Leg":{"Weight":1,"CFrame":[0.3232007324695587,0.09135788679122925,-0.1246793270111084,0.6570726633071899,-0.5906184315681458,0.46842876076698305,0.4009539783000946,0.8000337481498718,0.4462980628013611,-0.6383506059646606,-0.10543181747198105,0.76249098777771],"EasingStyle":"Linear","EasingDirection":"In"},"Head":{"Weight":1,"CFrame":[9.444192983210087e-8,-1.9418075680732728e-7,2.384185791015625e-7,0.997390866279602,0.010368757881224156,0.07144170254468918,-0.05669310316443443,0.7251624464988709,0.6862399578094482,-0.044691383838653567,-0.6884997487068176,0.7238582968711853],"EasingStyle":"Linear","EasingDirection":"In"},"Right Arm":{"Weight":1,"CFrame":[0.2919861078262329,-0.5790622234344482,0.4399346113204956,0.11208071559667587,-0.7698628902435303,-0.6282905340194702,0.32044416666030886,-0.5704950094223023,0.7562083601951599,-0.940613329410553,-0.2860884666442871,0.18275660276412965],"EasingStyle":"Linear","EasingDirection":"In"},"Left Arm":{"Weight":1,"CFrame":[-0.43451473116874697,-0.5611099004745483,0.30410027503967287,0.19859646260738374,0.7559977769851685,0.623720109462738,-0.39922305941581728,-0.518807053565979,0.7559499740600586,0.8950868248939514,-0.3991323411464691,0.19877849519252778],"EasingStyle":"Linear","EasingDirection":"In"},"Handle":{"Weight":1,"CFrame":[0.009057881310582161,-0.02919662743806839,-1.916252851486206,-0.9997043609619141,0.00536242313683033,0.023714695125818254,-0.0077521661296486858,0.8541661500930786,-0.5199423432350159,-0.023044442757964135,-0.519972562789917,-0.8538720607757568],"EasingStyle":"Linear","EasingDirection":"In"},"Torso":{"Weight":1,"CFrame":[-0.12028022110462189,0.27330875396728518,-0.10906314849853516,0.9991283416748047,-0.03395124152302742,-0.02428656443953514,-0.00247975648380816,0.5325031876564026,-0.8464243412017822,0.041669826954603198,0.8457468152046204,0.5319548845291138],"EasingStyle":"Linear","EasingDirection":"In"},"HumanoidRootPart":{"Weight":0,"CFrame":[0,0,0,1,0,0,0,1,0,0,0,1],"EasingStyle":"Linear","EasingDirection":"In"},"Right Leg":{"Weight":1,"CFrame":[-0.23886609077453614,0.039554715156555179,-0.038205087184906009,0.7499989867210388,0.5047370791435242,-0.42748329043388369,-0.36501261591911318,0.8548039197921753,0.3688848912715912,0.5516043305397034,-0.12062656134366989,0.8253374695777893],"EasingStyle":"Linear","EasingDirection":"In"}}},{"Time":0.23333333432674409,"poses":{"Left Leg":{"Weight":1,"CFrame":[0.3377128839492798,0.10801112651824951,-0.14414167404174806,0.6121176481246948,-0.6150131821632385,0.49706223607063296,0.39688438177108767,0.7826165556907654,0.47957709431648257,-0.6839552521705627,-0.09628128260374069,0.7231424450874329],"EasingStyle":"Linear","EasingDirection":"In"},"Head":{"Weight":1,"CFrame":[8.568167686462403e-8,-1.9790604710578919e-7,1.1920928955078126e-7,0.9964265823364258,0.015987074002623559,0.0829363763332367,-0.06982965767383576,0.7083313465118408,0.7024176716804504,-0.0475168414413929,-0.7056990265846252,0.7069165706634522],"EasingStyle":"Linear","EasingDirection":"In"},"Right Arm":{"Weight":1,"CFrame":[0.31835976243019106,-0.6044206619262695,0.42722368240356448,0.08233164995908737,-0.7592319846153259,-0.6455913782119751,0.31639564037323,-0.5943661332130432,0.7393394112586975,-0.9450477957725525,-0.2651333808898926,0.19128254055976869],"EasingStyle":"Linear","EasingDirection":"In"},"Left Arm":{"Weight":1,"CFrame":[-0.45518356561660769,-0.5703775882720947,0.3232988119125366,0.18260112404823304,0.7394492626190186,0.647974967956543,-0.3930034339427948,-0.5492185950279236,0.737500786781311,0.9012242555618286,-0.38932472467422488,0.19031813740730287],"EasingStyle":"Linear","EasingDirection":"In"},"Handle":{"Weight":1,"CFrame":[0.0076608192175626759,-0.02558460459113121,-1.935822606086731,-0.9998931884765625,0.005855617579072714,0.013392247259616852,-0.0017389670247212053,0.8620795011520386,-0.5067700743675232,-0.014512627385556698,-0.5067391991615295,-0.861977219581604],"EasingStyle":"Linear","EasingDirection":"In"},"Torso":{"Weight":1,"CFrame":[-0.15189817547798158,0.2771940231323242,-0.047616004943847659,0.9991352558135986,-0.03394894301891327,-0.024005549028515817,-0.00314095220528543,0.5140745043754578,-0.8577398061752319,0.04145999252796173,0.8570734262466431,0.513523280620575],"EasingStyle":"Linear","EasingDirection":"In"},"HumanoidRootPart":{"Weight":0,"CFrame":[0,0,0,1,0,0,0,1,0,0,0,1],"EasingStyle":"Linear","EasingDirection":"In"},"Right Leg":{"Weight":1,"CFrame":[-0.2591487169265747,0.04718482494354248,-0.05202794075012207,0.7609241008758545,0.48636534810066225,-0.4294686019420624,-0.3442811071872711,0.8636883497238159,0.3681207597255707,0.5499682426452637,-0.13225407898426057,0.8246477246284485],"EasingStyle":"Linear","EasingDirection":"In"}}},{"Time":0.2666666805744171,"poses":{"Left Leg":{"Weight":1,"CFrame":[0.35885605216026308,0.13426488637924195,-0.178725004196167,0.5420671701431274,-0.6449199914932251,0.5387406945228577,0.3747917711734772,0.7593492865562439,0.5319021344184876,-0.7521265149116516,-0.0864110216498375,0.6533288955688477],"EasingStyle":"Linear","EasingDirection":"In"},"Head":{"Weight":1,"CFrame":[6.658956408500672e-8,5.485489964485168e-7,2.384185791015625e-7,0.9953267574310303,0.02197672426700592,0.09402988851070404,-0.08305445313453675,0.6915748119354248,0.717513918876648,-0.04926011711359024,-0.7219704389572144,0.6901682019233704],"EasingStyle":"Linear","EasingDirection":"In"},"Right Arm":{"Weight":1,"CFrame":[0.34936395287513735,-0.6219363212585449,0.41844427585601809,0.0524417944252491,-0.7471116185188294,-0.6626265645027161,0.31117555499076846,-0.618277907371521,0.7217356562614441,-0.9489044547080994,-0.2440422922372818,0.20005929470062257],"EasingStyle":"Linear","EasingDirection":"In"},"Left Arm":{"Weight":1,"CFrame":[-0.4744955897331238,-0.5786870121955872,0.34378528594970705,0.16624566912651063,0.7216752171516419,0.6719725728034973,-0.38533398509025576,-0.5797268152236939,0.7179378271102905,0.9076784253120422,-0.37828779220581057,0.18170882761478425],"EasingStyle":"Linear","EasingDirection":"In"},"Handle":{"Weight":1,"CFrame":[0.006700458005070686,-0.01801125332713127,-1.9725518226623536,-0.9999793171882629,0.006431456655263901,-0.00011517465463839471,0.005686041433364153,0.8754255771636963,-0.4833195209503174,-0.0030076142866164448,-0.48331016302108767,-0.8754439949989319],"EasingStyle":"Linear","EasingDirection":"In"},"Torso":{"Weight":1,"CFrame":[-0.18617680668830872,0.2791564464569092,0.030194997787475587,0.9991373419761658,-0.03420665115118027,-0.02354855090379715,-0.0038263914175331594,0.4888034760951996,-0.8723855018615723,0.04135199636220932,0.8717230558395386,0.4882509112358093],"EasingStyle":"Linear","EasingDirection":"In"},"HumanoidRootPart":{"Weight":0,"CFrame":[0,0,0,1,0,0,0,1,0,0,0,1],"EasingStyle":"Linear","EasingDirection":"In"},"Right Leg":{"Weight":1,"CFrame":[-0.29394495487213137,0.0597725510597229,-0.07575321197509766,0.7751342058181763,0.4590640068054199,-0.4340819716453552,-0.3131333589553833,0.8758788704872131,0.36712899804115298,0.548738956451416,-0.1486487090587616,0.8226719498634338],"EasingStyle":"Linear","EasingDirection":"In"}}},{"Time":0.30000001192092898,"poses":{"Left Leg":{"Weight":1,"CFrame":[0.3840161859989166,0.16702234745025636,-0.23221641778945924,0.4462414085865021,-0.6744322776794434,0.5882258415222168,0.32299092411994936,0.7343732118606567,0.5969696640968323,-0.8345929980278015,-0.07640096545219422,0.545543372631073],"EasingStyle":"Linear","EasingDirection":"In"},"Head":{"Weight":1,"CFrame":[1.1851079761981964e-7,9.685754776000977e-8,-1.1920928955078126e-7,0.9941209554672241,0.028091738000512124,0.10456737130880356,-0.09600623697042465,0.6752313375473023,0.7313312888145447,-0.050062794238328937,-0.7370708584785461,0.6739585995674133],"EasingStyle":"Linear","EasingDirection":"In"},"Right Arm":{"Weight":1,"CFrame":[0.3858669102191925,-0.6284723877906799,0.41516828536987307,0.02341066114604473,-0.7340444922447205,-0.6786977052688599,0.30508679151535036,-0.6412538886070252,0.7040706276893616,-0.9520367383956909,-0.22354453802108766,0.20893515646457673],"EasingStyle":"Linear","EasingDirection":"In"},"Left Arm":{"Weight":1,"CFrame":[-0.49216485023498537,-0.5860026478767395,0.3651142120361328,0.15013563632965089,0.7031767964363098,0.694983184337616,-0.37647849321365359,-0.6093282103538513,0.6978417634963989,0.9141789674758911,-0.3664171099662781,0.1732490360736847],"EasingStyle":"Linear","EasingDirection":"In"},"Handle":{"Weight":1,"CFrame":[0.008158242329955101,-0.004444663412868977,-2.026400327682495,-0.9999036192893982,0.006234629079699516,-0.01240374706685543,0.011141584254801274,0.893417477607727,-0.4490891098976135,0.00828181765973568,-0.44918403029441836,-0.8934009075164795],"EasingStyle":"Linear","EasingDirection":"In"},"Torso":{"Weight":1,"CFrame":[-0.22483056783676148,0.2810196876525879,0.12357378005981446,0.9989193677902222,-0.03868555277585983,-0.025759104639291765,-0.005319861229509115,0.45542067289352419,-0.8902604579925537,0.04617144912481308,0.8894354701042175,0.45472270250320437],"EasingStyle":"Linear","EasingDirection":"In"},"HumanoidRootPart":{"Weight":0,"CFrame":[0,0,0,1,0,0,0,1,0,0,0,1],"EasingStyle":"Linear","EasingDirection":"In"},"Right Leg":{"Weight":1,"CFrame":[-0.3016029894351959,0.06300926208496094,-0.08125227689743042,0.7685270309448242,0.45546478033065798,-0.44935283064842226,-0.30151763558387759,0.877257764339447,0.3735049366950989,0.5643166899681091,-0.15156088769435883,0.8115270137786865],"EasingStyle":"Linear","EasingDirection":"In"}}},{"Time":0.3333333432674408,"poses":{"Left Leg":{"Weight":1,"CFrame":[0.40540334582328799,0.19314634799957276,-0.291207492351532,0.35053542256355288,-0.6928425431251526,0.6301540732383728,0.2529270350933075,0.717877984046936,0.648597776889801,-0.901749849319458,-0.06797347217798233,0.4268803298473358],"EasingStyle":"Linear","EasingDirection":"In"},"Head":{"Weight":1,"CFrame":[6.845220923423767e-8,-6.984919309616089e-8,0,0.9928523898124695,0.034098222851753238,0.11437413841485977,-0.10832833498716355,0.6596760749816895,0.7437018752098084,-0.0500909723341465,-0.7507761120796204,0.6586546897888184],"EasingStyle":"Linear","EasingDirection":"In"},"Right Arm":{"Weight":1,"CFrame":[0.42787110805511477,-0.6189042925834656,0.4165003299713135,-0.0038087451830506326,-0.7207201719284058,-0.6932154893875122,0.298550009727478,-0.662424623966217,0.6870673298835754,-0.9543864130973816,-0.2043427973985672,0.21769408881664277],"EasingStyle":"Linear","EasingDirection":"In"},"Left Arm":{"Weight":1,"CFrame":[-0.507903516292572,-0.5922893285751343,0.3868412971496582,0.13483786582946778,0.6845760941505432,0.7163618803024292,-0.3667818307876587,-0.6371265649795532,0.6778943538665772,0.9204834699630737,-0.3541542589664459,0.16518132388591767],"EasingStyle":"Linear","EasingDirection":"In"},"Handle":{"Weight":1,"CFrame":[0.014414741657674313,0.017878364771604539,-2.089867353439331,-0.9997989535331726,0.004232972860336304,-0.019599774852395059,0.011852843686938286,0.9131708145141602,-0.4074046015739441,0.016173409298062326,-0.4075550436973572,-0.9130374193191528],"EasingStyle":"Linear","EasingDirection":"In"},"Torso":{"Weight":1,"CFrame":[-0.26875007152557375,0.2835226058959961,0.2248067855834961,0.9981964230537415,-0.0505063533782959,-0.03245079517364502,-0.008520380593836308,0.41588762402534487,-0.9093760848045349,0.05942515656352043,0.9080124497413635,0.41470715403556826],"EasingStyle":"Linear","EasingDirection":"In"},"HumanoidRootPart":{"Weight":0,"CFrame":[0,0,0,1,0,0,0,1,0,0,0,1],"EasingStyle":"Linear","EasingDirection":"In"},"Right Leg":{"Weight":1,"CFrame":[-0.31720662117004397,0.07221853733062744,-0.09450960159301758,0.746410608291626,0.46054738759994509,-0.48038244247436526,-0.2871655821800232,0.8740864396095276,0.3918018937110901,0.6003391742706299,-0.15449579060077668,0.7846807837486267],"EasingStyle":"Linear","EasingDirection":"In"}}},{"Time":0.36666667461395266,"poses":{"Left Leg":{"Weight":1,"CFrame":[0.4191335141658783,0.20237648487091065,-0.3285245895385742,0.2935859262943268,-0.6942718625068665,0.6571102738380432,0.2036307007074356,0.7170458436012268,0.6666181683540344,-0.9339924454689026,-0.06190184876322746,0.3518896698951721],"EasingStyle":"Linear","EasingDirection":"In"},"Head":{"Weight":1,"CFrame":[1.043081283569336e-7,1.1175870895385743e-8,1.1920928955078126e-7,0.9915772676467896,0.039772629737854007,0.12325840443372727,-0.11967041343450546,0.6453153491020203,0.7544846534729004,-0.049532700330019,-0.7628802061080933,0.6446396708488464],"EasingStyle":"Linear","EasingDirection":"In"},"Right Arm":{"Weight":1,"CFrame":[0.47192227840423586,-0.5930912494659424,0.41983020305633547,-0.028322046622633935,-0.7079488635063171,-0.7056955099105835,0.2920840084552765,-0.6810287833213806,0.6714810132980347,-0.955973207950592,-0.18710476160049439,0.22606873512268067],"EasingStyle":"Linear","EasingDirection":"In"},"Left Arm":{"Weight":1,"CFrame":[-0.5214246511459351,-0.5975117087364197,0.40852105617523196,0.1208694726228714,0.6665988564491272,0.7355517745018005,-0.3566609025001526,-0.6623417735099793,0.6588600277900696,0.9263820052146912,-0.3419785797595978,0.15769289433956147],"EasingStyle":"Linear","EasingDirection":"In"},"Handle":{"Weight":1,"CFrame":[0.025833887979388238,0.051018014550209048,-2.154663324356079,-0.9997367858886719,0.0003162880602758378,-0.022939438000321389,0.008603940717875958,0.9320911765098572,-0.3621215224266052,0.021267110481858255,-0.3622235655784607,-0.9318485856056213],"EasingStyle":"Linear","EasingDirection":"In"},"Torso":{"Weight":1,"CFrame":[-0.31614112854003909,0.28707122802734377,0.32529711723327639,0.9967709183692932,-0.06838787347078324,-0.042081136256456378,-0.013493306003510952,0.37395694851875307,-0.9273478984832764,0.07915588468313217,0.9249212145805359,0.3718266189098358],"EasingStyle":"Linear","EasingDirection":"In"},"HumanoidRootPart":{"Weight":0,"CFrame":[0,0,0,1,0,0,0,1,0,0,0,1],"EasingStyle":"Linear","EasingDirection":"In"},"Right Leg":{"Weight":1,"CFrame":[-0.3386215567588806,0.08506768941879273,-0.11500412225723267,0.7105010747909546,0.47090190649032595,-0.522914469242096,-0.26829442381858828,0.8682423830032349,0.4173406958580017,0.6505430936813355,-0.1562260240316391,0.7432275414466858],"EasingStyle":"Linear","EasingDirection":"In"}}},{"Time":0.4000000059604645,"poses":{"Left Leg":{"Weight":1,"CFrame":[0.423998087644577,0.18966376781463624,-0.3149414658546448,0.31537294387817385,-0.6749678254127502,0.6670519709587097,0.21795998513698579,0.7356523871421814,0.6413337588310242,-0.923598051071167,-0.05686864256858826,0.3791208565235138],"EasingStyle":"Linear","EasingDirection":"In"},"Head":{"Weight":1,"CFrame":[6.426125764846802e-8,9.313225746154785e-8,-1.7881393432617188e-7,0.9903631806373596,0.04489944502711296,0.13101473450660706,-0.12968993186950684,0.6325784921646118,0.7635607123374939,-0.04859364777803421,-0.7731936573982239,0.6323054432868958],"EasingStyle":"Linear","EasingDirection":"In"},"Right Arm":{"Weight":1,"CFrame":[0.5137021541595459,-0.5553693175315857,0.4241589307785034,-0.049295976758003238,-0.6966225504875183,-0.7157421708106995,0.2862766683101654,-0.6964012384414673,0.6580812335014343,-0.9568780660629273,-0.172459676861763,0.2337566465139389],"EasingStyle":"Linear","EasingDirection":"In"},"Left Arm":{"Weight":1,"CFrame":[-0.5324402451515198,-0.6016350984573364,0.4297086000442505,0.10869842767715454,0.6500489115715027,0.7520777583122253,-0.34658652544021609,-0.6843056082725525,0.6415634155273438,0.9316986799240112,-0.33039700984954836,0.15091527998447419],"EasingStyle":"Linear","EasingDirection":"In"},"Handle":{"Weight":1,"CFrame":[0.04167019575834274,0.09388934820890427,-2.2120749950408937,-0.9997060298919678,-0.005366756580770016,-0.023645196110010148,0.0024185695219784977,0.948261022567749,-0.31748268008232119,0.024125659838318826,-0.3174465000629425,-0.9479691982269287],"EasingStyle":"Linear","EasingDirection":"In"},"Torso":{"Weight":1,"CFrame":[-0.36536866426467898,0.29155945777893069,0.4167816638946533,0.9944369792938232,-0.09084866940975189,-0.053306739777326587,-0.0200243778526783,0.333796888589859,-0.9424323439598084,0.10341235995292664,0.9382569789886475,0.3301207721233368],"EasingStyle":"Linear","EasingDirection":"In"},"HumanoidRootPart":{"Weight":0,"CFrame":[0,0,0,1,0,0,0,1,0,0,0,1],"EasingStyle":"Linear","EasingDirection":"In"},"Right Leg":{"Weight":1,"CFrame":[-0.36307382583618166,0.09935653209686279,-0.1418154239654541,0.6630362272262573,0.4835938513278961,-0.5714191198348999,-0.24405136704444886,0.8612664341926575,0.44571173191070559,0.7076876759529114,-0.15606752038002015,0.6890727281570435],"EasingStyle":"Linear","EasingDirection":"In"}}},{"Time":0.4333333373069763,"poses":{"Left Leg":{"Weight":1,"CFrame":[0.40866386890411379,0.14423394203186036,-0.23583167791366578,0.44464439153671267,-0.6291154623031616,0.6375774145126343,0.3070732653141022,0.775743842124939,0.5512962937355042,-0.8414257764816284,-0.04934774711728096,0.5381147265434265],"EasingStyle":"Linear","EasingDirection":"In"},"Head":{"Weight":1,"CFrame":[1.043081283569336e-7,1.7136335372924806e-7,2.384185791015625e-7,0.9892857670783997,0.04926757141947746,0.13742761313915254,-0.1380515992641449,0.6219106912612915,0.7708234190940857,-0.04749109596014023,-0.7815368175506592,0.6220489144325256],"EasingStyle":"Linear","EasingDirection":"In"},"Right Arm":{"Weight":1,"CFrame":[0.5488917231559753,-0.5100735425949097,0.4284881353378296,-0.0659475177526474,-0.6876735091209412,-0.7230186462402344,0.28175368905067446,-0.7079429030418396,0.6476355791091919,-0.9572177529335022,-0.16100329160690309,0.24044165015220643],"EasingStyle":"Linear","EasingDirection":"In"},"Left Arm":{"Weight":1,"CFrame":[-0.5406638979911804,-0.6046236753463745,0.4499589204788208,0.09874569624662399,0.635779619216919,0.76552814245224,-0.33706623315811159,-0.7024433612823486,0.6268652677536011,0.9362882375717163,-0.31993386149406435,0.14493660628795625],"EasingStyle":"Linear","EasingDirection":"In"},"Handle":{"Weight":1,"CFrame":[0.0597233921289444,0.14228495955467225,-2.2537217140197756,-0.9996633529663086,-0.012266536243259907,-0.022863516584038736,-0.0054278383031487469,0.9605575799942017,-0.27802813053131106,0.025372162461280824,-0.2778104245662689,-0.9603008031845093],"EasingStyle":"Linear","EasingDirection":"In"},"Torso":{"Weight":1,"CFrame":[-0.41506123542785647,0.29631900787353518,0.4912869930267334,0.9910924434661865,-0.11617229133844376,-0.06511364877223969,-0.027501583099365236,0.2998560965061188,-0.9535879492759705,0.1303052306175232,0.9468845129013062,0.29399019479751589],"EasingStyle":"Linear","EasingDirection":"In"},"HumanoidRootPart":{"Weight":0,"CFrame":[0,0,0,1,0,0,0,1,0,0,0,1],"EasingStyle":"Linear","EasingDirection":"In"},"Right Leg":{"Weight":1,"CFrame":[-0.38715481758117678,0.11313623189926148,-0.1726621389389038,0.608384370803833,0.4965563714504242,-0.6191124320030212,-0.21582534909248353,0.8542048931121826,0.4730258285999298,0.7637328505516052,-0.15416143834590913,0.6268543601036072],"EasingStyle":"Linear","EasingDirection":"In"}}},{"Time":0.46666666865348818,"poses":{"Left Leg":{"Weight":1,"CFrame":[0.3656943142414093,0.07503664493560791,-0.14404213428497315,0.6106424331665039,-0.5666902661323547,0.5531526803970337,0.38913944363594057,0.8230845332145691,0.4136451482772827,-0.689700186252594,-0.03733563423156738,0.7231319546699524],"EasingStyle":"Linear","EasingDirection":"In"},"Head":{"Weight":1,"CFrame":[1.1734664440155029e-7,-1.862645149230957e-7,0,0.9884248375892639,0.05266551300883293,0.1422766149044037,-0.14442655444145204,0.6137599349021912,0.7761698961257935,-0.0464462973177433,-0.7877341508865356,0.6142618656158447],"EasingStyle":"Linear","EasingDirection":"In"},"Right Arm":{"Weight":1,"CFrame":[0.5731729865074158,-0.4615403115749359,0.43181800842285159,-0.07751542329788208,-0.6820299625396729,-0.727204442024231,0.27914100885391238,-0.7150735855102539,0.6408979892730713,-0.9571163058280945,-0.15331324934959413,0.24581192433834077],"EasingStyle":"Linear","EasingDirection":"In"},"Left Arm":{"Weight":1,"CFrame":[-0.5458094477653503,-0.6064426302909851,0.4688272476196289,0.09140053391456604,0.6246650815010071,0.7755252122879028,-0.3286213278770447,-0.7162370085716248,0.6156401038169861,0.940028727054596,-0.31112396717071535,0.1398138403892517],"EasingStyle":"Linear","EasingDirection":"In"},"Handle":{"Weight":1,"CFrame":[0.07637972384691239,0.18987582623958589,-2.272257089614868,-0.9995786547660828,-0.019388584420084955,-0.021601619198918344,-0.013418573886156083,0.9685613512992859,-0.2484125941991806,0.02573883906006813,-0.2480180561542511,-0.9684134125709534],"EasingStyle":"Linear","EasingDirection":"In"},"Torso":{"Weight":1,"CFrame":[-0.46416664123535159,0.3002321720123291,0.5409989356994629,0.9868116974830627,-0.14244650304317475,-0.0768870860338211,-0.034889061003923419,0.27665460109710696,-0.9603358507156372,0.15806767344474793,0.95035320520401,0.2680361866950989],"EasingStyle":"Linear","EasingDirection":"In"},"HumanoidRootPart":{"Weight":0,"CFrame":[0,0,0,1,0,0,0,1,0,0,0,1],"EasingStyle":"Linear","EasingDirection":"In"},"Right Leg":{"Weight":1,"CFrame":[-0.40726396441459658,0.12494546175003052,-0.2032492756843567,0.5542342662811279,0.5086527466773987,-0.6588602066040039,-0.18774215877056123,0.8475512266159058,0.4963967800140381,0.8109113574028015,-0.1514243632555008,0.5652375221252441],"EasingStyle":"Linear","EasingDirection":"In"}}},{"Time":0.5,"poses":{"Left Leg":{"Weight":1,"CFrame":[0.31995275616645815,0.01878267526626587,-0.08939141035079956,0.7217823266983032,-0.5147574543952942,0.4626607596874237,0.4180011451244354,0.8569958806037903,0.3013853132724762,-0.5516387820243836,-0.02414182387292385,0.8337337374687195],"EasingStyle":"Linear","EasingDirection":"In"},"Head":{"Weight":1,"CFrame":[1.1362135410308838e-7,1.7881393432617188e-7,-5.960464477539063e-8,0.9878585338592529,0.05487562343478203,0.1453414410352707,-0.14848989248275758,0.6085665822029114,0.7794854044914246,-0.045675188302993777,-0.7916030883789063,0.609326183795929],"EasingStyle":"Linear","EasingDirection":"In"},"Right Arm":{"Weight":1,"CFrame":[0.5822259783744812,-0.4141056537628174,0.43315017223358157,-0.08322280645370484,-0.680570662021637,-0.727940559387207,0.2790283262729645,-0.7171698212623596,0.6386005878448486,-0.956669807434082,-0.14996999502182008,0.249583438038826],"EasingStyle":"Linear","EasingDirection":"In"},"Left Arm":{"Weight":1,"CFrame":[-0.547588050365448,-0.6070569753646851,0.4858686923980713,0.08703912794589997,0.6175704002380371,0.7816846370697022,-0.3217655122280121,-0.7251783609390259,0.6087556481361389,0.9428102374076843,-0.3045046627521515,0.13559401035308839],"EasingStyle":"Linear","EasingDirection":"In"},"Handle":{"Weight":1,"CFrame":[0.08692622929811478,0.230142742395401,-2.26169753074646,-0.9994643330574036,-0.025337856262922288,-0.02071250043809414,-0.019814183935523034,0.972223162651062,-0.2332155853509903,0.026046331971883775,-0.23268026113510133,-0.9722044467926025],"EasingStyle":"Linear","EasingDirection":"In"},"Torso":{"Weight":1,"CFrame":[-0.5119372606277466,0.30202388763427737,0.5581192970275879,0.9818785190582275,-0.1676344871520996,-0.08839248865842819,-0.040783558040857318,0.2685830593109131,-0.9623928070068359,0.1850709468126297,0.9485577344894409,0.25687918066978457],"EasingStyle":"Linear","EasingDirection":"In"},"HumanoidRootPart":{"Weight":0,"CFrame":[0,0,0,1,0,0,0,1,0,0,0,1],"EasingStyle":"Linear","EasingDirection":"In"},"Right Leg":{"Weight":1,"CFrame":[-0.4202823340892792,0.1339433193206787,-0.22734421491622926,0.5116047263145447,0.5193209648132324,-0.6845189332962036,-0.16612651944160462,0.8414274454116821,0.5142002701759338,0.8430080413818359,-0.14935056865215302,0.516751229763031],"EasingStyle":"Linear","EasingDirection":"In"}}},{"Time":0.5333333611488342,"poses":{"Left Leg":{"Weight":1,"CFrame":[0.2807823121547699,-0.01951134204864502,-0.059177279472351077,0.7864088416099548,-0.4831446409225464,0.3848796784877777,0.4277985095977783,0.8754557371139526,0.22486816346645356,-0.4455890357494354,-0.012187311425805092,0.8951547145843506],"EasingStyle":"Linear","EasingDirection":"In"},"Head":{"Weight":1,"CFrame":[5.029141902923584e-8,-4.470348358154297e-8,-1.7881393432617188e-7,0.9876567125320435,0.05566684901714325,0.14640849828720094,-0.14991694688796998,0.6067482233047485,0.7806288599967957,-0.0453779436647892,-0.792942464351654,0.607604444026947],"EasingStyle":"Linear","EasingDirection":"In"},"Right Arm":{"Weight":1,"CFrame":[0.5720084309577942,-0.3713923990726471,0.4303734302520752,-0.07897128164768219,-0.6901671290397644,-0.7193279266357422,0.28060242533683779,-0.7077953815460205,0.6482962369918823,-0.9565697908401489,-0.15064850449562074,0.2495582103729248],"EasingStyle":"Linear","EasingDirection":"In"},"Left Arm":{"Weight":1,"CFrame":[-0.5417755246162415,-0.5925267934799194,0.500723123550415,0.08522581309080124,0.616832971572876,0.7824662327766419,-0.3135794699192047,-0.7288104295730591,0.6086900234222412,0.9457296133041382,-0.2972414493560791,0.13131271302700044],"EasingStyle":"Linear","EasingDirection":"In"},"Handle":{"Weight":1,"CFrame":[0.09013638645410538,0.25085869431495669,-2.233442544937134,-0.9993823170661926,-0.028543954715132715,-0.020499426871538163,-0.02286982722580433,0.9711606502532959,-0.23732665181159974,0.026682425290346147,-0.23671121895313264,-0.9712135791778565],"EasingStyle":"Linear","EasingDirection":"In"},"Torso":{"Weight":1,"CFrame":[-0.5580860376358032,0.29808688163757326,0.552370548248291,0.9766814112663269,-0.18999740481376649,-0.09997177869081497,-0.04362818971276283,0.2802902162075043,-0.95892333984375,0.21021407842636109,0.9409242272377014,