{"Sequence":[{"Time":0,"poses":{"Left Leg":{"Weight":1,"CFrame":[-0.4350976347923279,-0.006149649620056152,0.10362263023853302,0.9530091285705566,-0.26961550116539,0.13813456892967225,0.23244976997375489,0.9432164430618286,0.23729708790779115,-0.1942698061466217,-0.19403700530529023,0.9615659117698669],"EasingStyle":"Linear","EasingDirection":"In"},"Right Arm":{"Weight":1,"CFrame":[0.5970242023468018,0.7223707437515259,-0.13638804852962495,-0.9501683115959168,-0.2880313992500305,-0.11923982948064804,0.1207614466547966,-0.6927226781845093,0.7110219597816467,-0.28739678859710696,0.6611908078193665,0.6929861307144165],"EasingStyle":"Linear","EasingDirection":"In"},"Head":{"Weight":1,"CFrame":[6.752088665962219e-8,5.4016709327697757e-8,0.016662299633026124,0.9998620748519898,0.010401641950011254,0.012950214557349682,-0.009877401404082775,0.9991549849510193,-0.039899006485939029,-0.013354340568184853,0.039765696972608569,0.9991198778152466],"EasingStyle":"Linear","EasingDirection":"In"},"Left Arm":{"Weight":1,"CFrame":[-0.8300119638442993,0.8465487957000732,-0.08445486426353455,-0.867799699306488,0.2220078408718109,0.444563090801239,0.06830994784832001,-0.8328559994697571,0.5492584109306336,0.492196649312973,0.5070143342018127,0.7075866460800171],"EasingStyle":"Linear","EasingDirection":"In"},"Torso":{"Weight":1,"CFrame":[-0.05170559510588646,0.02067277394235134,-0.004500389564782381,0.9997081160545349,-0.019332339987158777,-0.014490270987153054,0.019692402333021165,0.9994902610778809,0.025132237002253534,0.01399701926857233,-0.025410253554582597,0.999579131603241],"EasingStyle":"Linear","EasingDirection":"In"},"HumanoidRootPart":{"Weight":0,"CFrame":[0,0,0,1,0,0,0,1,0,0,0,1],"EasingStyle":"Linear","EasingDirection":"In"},"Right Leg":{"Weight":1,"CFrame":[0.49140989780426028,-0.0052062273025512699,0.02920404076576233,0.9434356689453125,0.31180742383003237,-0.11271795630455017,-0.28052404522895815,0.931900680065155,0.22992923855781556,0.17673569917678834,-0.1853034347295761,0.9666577577590942],"EasingStyle":"Linear","EasingDirection":"In"}}},{"Time":0.03333333507180214,"poses":{"Left Leg":{"Weight":1,"CFrame":[-0.7410792112350464,0.0856482982635498,0.1172013133764267,0.897441029548645,-0.42032867670059206,0.1338784545660019,0.3652336597442627,0.8781841993331909,0.30886390805244448,-0.24739433825016023,-0.22829025983810426,0.9416366815567017],"EasingStyle":"Linear","EasingDirection":"In"},"Right Arm":{"Weight":1,"CFrame":[0.7200422286987305,0.8493211269378662,-0.2590714991092682,-0.8883415460586548,-0.17160294950008393,-0.4259127974510193,-0.1261305958032608,-0.8006743788719177,0.5856719613075256,-0.4415205121040344,0.5739973187446594,0.6896279454231262],"EasingStyle":"Linear","EasingDirection":"In"},"Head":{"Weight":1,"CFrame":[7.683411240577698e-8,5.21540641784668e-8,0.016662389039993287,0.9998908042907715,0.010150834918022156,0.01075019221752882,-0.009782019071280957,0.9993801712989807,-0.0338171124458313,-0.011086829006671906,0.0337083674967289,0.999370276927948],"EasingStyle":"Linear","EasingDirection":"In"},"Left Arm":{"Weight":1,"CFrame":[-0.7984592914581299,1.0162770748138428,-0.20851653814315797,-0.7919942140579224,0.20686592161655427,0.5744141936302185,0.03514723852276802,-0.9238384366035461,0.3811659812927246,0.6095160841941834,0.32207024097442629,0.7244038581848145],"EasingStyle":"Linear","EasingDirection":"In"},"Torso":{"Weight":1,"CFrame":[-0.039395734667778018,0.01570570282638073,-0.18684102594852448,0.9997408986091614,-0.019243687391281129,-0.012165560387074948,0.019473863765597345,0.9996281266212463,0.01909368671476841,0.011793604120612145,-0.019325649365782739,0.9997437000274658],"EasingStyle":"Linear","EasingDirection":"In"},"HumanoidRootPart":{"Weight":0,"CFrame":[0,0,0,1,0,0,0,1,0,0,0,1],"EasingStyle":"Linear","EasingDirection":"In"},"Right Leg":{"Weight":1,"CFrame":[0.7711745500564575,0.0763210654258728,0.0428956001996994,0.8857721090316773,0.45057979226112368,-0.1112903580069542,-0.41034746170043948,0.8723329305648804,0.2658010721206665,0.21684692800045014,-0.1897716075181961,0.9575824737548828],"EasingStyle":"Linear","EasingDirection":"In"}}},{"Time":0.06666667014360428,"poses":{"Left Leg":{"Weight":1,"CFrame":[-0.9351047277450562,0.18746066093444825,0.10156269371509552,0.8487628102302551,-0.5120624899864197,0.13188502192497254,0.4382549524307251,0.8207889795303345,0.36638501286506655,-0.29586172103881838,-0.25317472219467165,0.9210692644119263],"EasingStyle":"Linear","EasingDirection":"In"},"Right Arm":{"Weight":1,"CFrame":[0.7870885133743286,0.9912078380584717,-0.3382061719894409,-0.8176611065864563,-0.08091987669467926,-0.5699846148490906,-0.2304134964942932,-0.8613173961639404,0.45281556248664858,-0.5275794267654419,0.5015817284584045,0.6856206059455872],"EasingStyle":"Linear","EasingDirection":"In"},"Head":{"Weight":1,"CFrame":[6.239861249923706e-8,5.774199962615967e-8,0.01666247844696045,0.9999142289161682,0.009901117533445359,0.008574632927775383,-0.009683375246822834,0.999639093875885,-0.025061165913939477,-0.008819729089736939,0.024976100772619249,0.999649167060852],"EasingStyle":"Linear","EasingDirection":"In"},"Left Arm":{"Weight":1,"CFrame":[-0.740129292011261,1.202469825744629,-0.2753896415233612,-0.7482652068138123,0.18729902803897859,0.6364104747772217,0.004205251578241587,-0.9579582810401917,0.2868768572807312,0.6633864045143127,0.2173362374305725,0.7160191535949707],"EasingStyle":"Linear","EasingDirection":"In"},"Torso":{"Weight":1,"CFrame":[-0.023329218849539758,0.008538319729268551,-0.3691902160644531,0.9997683763504028,-0.01915418915450573,-0.00981585867702961,0.019255954772233964,0.9997608065605164,0.010380174964666367,0.009614686481654644,-0.010566785000264645,0.9998979568481445],"EasingStyle":"Linear","EasingDirection":"In"},"HumanoidRootPart":{"Weight":0,"CFrame":[0,0,0,1,0,0,0,1,0,0,0,1],"EasingStyle":"Linear","EasingDirection":"In"},"Right Leg":{"Weight":1,"CFrame":[0.9436898827552795,0.1786785125732422,0.035121917724609378,0.8395347595214844,0.5319010615348816,-0.11073678731918335,-0.480945885181427,0.8223847150802612,0.3039317727088928,0.2527299225330353,-0.20190291106700898,0.9462361931800842],"EasingStyle":"Linear","EasingDirection":"In"}}},{"Time":0.10000000149011612,"poses":{"Left Leg":{"Weight":1,"CFrame":[-1.0090582370758057,0.24024951457977296,0.09213380515575409,0.8290194272994995,-0.5427239537239075,0.13482342660427094,0.46351319551467898,0.8017511367797852,0.37729397416114809,-0.3128613829612732,-0.2502916157245636,0.9162269830703735],"EasingStyle":"Linear","EasingDirection":"In"},"Right Arm":{"Weight":1,"CFrame":[0.7636855840682983,1.0695103406906129,-0.34670162200927737,-0.8241661787033081,-0.09682516753673554,-0.558009922504425,-0.19224689900875092,-0.87894606590271,0.43645721673965456,-0.5327206254005432,0.4669889509677887,0.7057832479476929],"EasingStyle":"Linear","EasingDirection":"In"},"Head":{"Weight":1,"CFrame":[7.310882210731507e-8,-3.259629011154175e-9,0.01666271686553955,0.9999231100082398,0.00976748950779438,0.007646025624126196,-0.009653831832110882,0.999844491481781,-0.014761223457753659,-0.007789047434926033,0.014686268754303456,0.9998618364334106],"EasingStyle":"Linear","EasingDirection":"In"},"Left Arm":{"Weight":1,"CFrame":[-0.6856176853179932,1.3028769493103028,-0.2712816596031189,-0.7763645052909851,0.18744808435440064,0.6017653346061707,0.00012288338621146977,-0.9547072052955627,0.2975471317768097,0.6302843689918518,0.2310788780450821,0.7411776185035706],"EasingStyle":"Linear","EasingDirection":"In"},"Torso":{"Weight":1,"CFrame":[-0.007146078161895275,0.00008113644435070455,-0.45208075642585757,0.9997791647911072,-0.019134361296892167,-0.008687698282301426,0.019135938957333566,0.99981689453125,0.00009863729792414233,0.008684219792485237,-0.0002648627560120076,0.9999622702598572],"EasingStyle":"Linear","EasingDirection":"In"},"HumanoidRootPart":{"Weight":0,"CFrame":[0,0,0,1,0,0,0,1,0,0,0,1],"EasingStyle":"Linear","EasingDirection":"In"},"Right Leg":{"Weight":1,"CFrame":[0.9908981323242188,0.24417579174041749,0.025927260518074037,0.8287926316261292,0.5481253862380981,-0.11252255737781525,-0.4912910461425781,0.8090710043907166,0.3225482404232025,0.2678355872631073,-0.21204431354999543,0.9398411512374878],"EasingStyle":"Linear","EasingDirection":"In"}}},{"Time":0.13333334028720857,"poses":{"Left Leg":{"Weight":1,"CFrame":[-0.9833877682685852,0.2273637056350708,0.08325937390327454,0.8559823632240295,-0.5031042098999023,0.11908140033483505,0.43816283345222475,0.8281985521316528,0.3494285047054291,-0.2744220197200775,-0.24692761898040772,0.9293650984764099],"EasingStyle":"Linear","EasingDirection":"In"},"Right Arm":{"Weight":1,"CFrame":[0.7546076774597168,1.0466532707214356,-0.2747328281402588,-0.8005403280258179,-0.12102404236793518,-0.5869312882423401,-0.21869735419750215,-0.8528517484664917,0.47414687275886538,-0.5579485297203064,0.5079341530799866,0.656274676322937],"EasingStyle":"Linear","EasingDirection":"In"},"Head":{"Weight":1,"CFrame":[5.541369318962097e-8,5.8906152844429019e-8,0.016662120819091798,0.9994161128997803,0.03266706317663193,0.010022815316915512,-0.03261873126029968,0.9994557499885559,-0.004934299737215042,-0.010178608819842339,0.004604599438607693,0.9999376535415649],"EasingStyle":"Linear","EasingDirection":"In"},"Left Arm":{"Weight":1,"CFrame":[-0.6962311267852783,1.2801975011825562,-0.24043585360050202,-0.7630691528320313,0.18609070777893067,0.6189473271369934,0.058017440140247348,-0.9340646266937256,0.3523598313331604,0.6437076330184937,0.3047845661640167,0.7019592523574829],"EasingStyle":"Linear","EasingDirection":"In"},"Torso":{"Weight":1,"CFrame":[0.00611669197678566,-0.008349256590008736,-0.40441110730171206,0.9990529417991638,-0.04210205376148224,-0.01098149549216032,0.04199270159006119,0.9990679025650024,-0.010005331598222256,0.0113925039768219,0.009534714743494988,0.9998896718025208],"EasingStyle":"Linear","EasingDirection":"In"},"HumanoidRootPart":{"Weight":0,"CFrame":[0,0,0,1,0,0,0,1,0,0,0,1],"EasingStyle":"Linear","EasingDirection":"In"},"Right Leg":{"Weight":1,"CFrame":[0.9080042839050293,0.24240398406982423,0.04644620418548584,0.8467100858688355,0.5140310525894165,-0.1373099684715271,-0.45250892639160159,0.8314710855484009,0.3223220705986023,0.27985283732414248,-0.21077939867973329,0.9366186857223511],"EasingStyle":"Linear","EasingDirection":"In"}}},{"Time":0.1666666716337204,"poses":{"Left Leg":{"Weight":1,"CFrame":[-0.923619270324707,0.18308025598526,0.06153517961502075,0.9008139967918396,-0.42762747406959536,0.07529079914093018,0.38809433579444888,0.8707169890403748,0.30205076932907107,-0.19472217559814454,-0.24287168681621552,0.9503140449523926],"EasingStyle":"Linear","EasingDirection":"In"},"Right Arm":{"Weight":1,"CFrame":[0.7528345584869385,1.004541039466858,-0.14103198051452638,-0.7535675168037415,-0.1635943204164505,-0.6366891860961914,-0.2809144854545593,-0.795512855052948,0.5368857383728027,-0.5943257808685303,0.5834349393844605,0.5535166263580322],"EasingStyle":"Linear","EasingDirection":"In"},"Head":{"Weight":1,"CFrame":[8.381903171539307e-8,6.114714778959751e-8,0.01666232943534851,0.9964220523834229,0.08278156071901322,0.01704084500670433,-0.08277881890535355,0.9965675473213196,-0.000864740286488086,-0.017053963616490365,-0.0005488608148880303,0.9998545050621033],"EasingStyle":"Linear","EasingDirection":"In"},"Left Arm":{"Weight":1,"CFrame":[-0.7220288515090942,1.2196590900421143,-0.1798686981201172,-0.7289445996284485,0.17252878844738007,0.6624753475189209,0.177646204829216,-0.8868970274925232,0.4264453947544098,0.6611214876174927,0.42854124307632449,0.6158496737480164],"EasingStyle":"Linear","EasingDirection":"In"},"Torso":{"Weight":1,"CFrame":[0.019869210198521615,-0.012938453815877438,-0.3084399998188019,0.9955780506134033,-0.0922355055809021,-0.01780756562948227,0.09196949005126953,0.9956455826759338,-0.015222001820802689,0.019134031608700753,0.013516939245164395,0.9997255802154541],"EasingStyle":"Linear","EasingDirection":"In"},"HumanoidRootPart":{"Weight":0,"CFrame":[0,0,0,1,0,0,0,1,0,0,0,1],"EasingStyle":"Linear","EasingDirection":"In"},"Right Leg":{"Weight":1,"CFrame":[0.7430473566055298,0.21421700716018678,0.07459715008735657,0.8671867251396179,0.46202534437179568,-0.1857949048280716,-0.3893062174320221,0.8616368770599365,0.3256111145019531,0.31052833795547488,-0.21003457903862,0.9270694255828857],"EasingStyle":"Linear","EasingDirection":"In"}}},{"Time":0.20000000298023225,"poses":{"Left Leg":{"Weight":1,"CFrame":[-0.8627766370773315,0.12345695495605469,0.040762096643447879,0.930806577205658,-0.3649013936519623,0.021120071411132814,0.34821704030036929,0.9028457403182983,0.252219557762146,-0.11110346019268036,-0.22741323709487916,0.9674395322799683],"EasingStyle":"Linear","EasingDirection":"In"},"Right Arm":{"Weight":1,"CFrame":[0.7444022297859192,0.9823184013366699,-0.06855660676956177,-0.7260974645614624,-0.16845746338367463,-0.6666368842124939,-0.34235504269599917,-0.7522293329238892,0.5629779100418091,-0.5963014960289002,0.6370033025741577,0.488519549369812],"EasingStyle":"Linear","EasingDirection":"In"},"Head":{"Weight":1,"CFrame":[7.450580596923828e-8,-3.166496753692627e-8,0.016661375761032106,0.9902170300483704,0.1368699073791504,0.027148881927132608,-0.13654348254203797,0.9905415773391724,-0.013540771789848805,-0.028745438903570176,0.00970123428851366,0.9995396733283997],"EasingStyle":"Linear","EasingDirection":"In"},"Left Arm":{"Weight":1,"CFrame":[-0.7531043887138367,1.1323015689849854,-0.10047492384910584,-0.6891769766807556,0.15578559041023255,0.7076482176780701,0.30238819122314455,-0.8256722688674927,0.47626346349716189,0.6584804654121399,0.5422142744064331,0.5219264626502991],"EasingStyle":"Linear","EasingDirection":"In"},"Torso":{"Weight":1,"CFrame":[0.03808141127228737,-0.004983387887477875,-0.223115012049675,0.9888520240783691,-0.14593087136745454,-0.029595574364066125,0.14584414660930634,0.9892945885658264,-0.005079643335193396,0.030020013451576234,0.0007066740654408932,0.999549150466919],"EasingStyle":"Linear","EasingDirection":"In"},"HumanoidRootPart":{"Weight":0,"CFrame":[0,0,0,1,0,0,0,1,0,0,0,1],"EasingStyle":"Linear","EasingDirection":"In"},"Right Leg":{"Weight":1,"CFrame":[0.5498434901237488,0.18947243690490724,0.07568278908729553,0.8802716135978699,0.414242684841156,-0.2313540279865265,-0.32422125339508059,0.8811684846878052,0.34412601590156557,0.34641361236572268,-0.227914497256279,0.9099739193916321],"EasingStyle":"Linear","EasingDirection":"In"}}},{"Time":0.23333333432674409,"poses":{"Left Leg":{"Weight":1,"CFrame":[-0.813332200050354,0.06221902370452881,0.02180197834968567,0.9444150924682617,-0.32676202058792117,-0.03614788502454758,0.3270761966705322,0.9227958917617798,0.20363952219486237,-0.033184587955474856,-0.2041432410478592,0.9783784747123718],"EasingStyle":"Linear","EasingDirection":"In"},"Right Arm":{"Weight":1,"CFrame":[0.7178353667259216,1.0035197734832764,-0.10104098916053772,-0.793296754360199,-0.04102044925093651,-0.6074517369270325,-0.3964446485042572,-0.7224190831184387,0.5665178894996643,-0.46207353472709658,0.6902376413345337,0.5568302273750305],"EasingStyle":"Linear","EasingDirection":"In"},"Head":{"Weight":1,"CFrame":[1.0617077350616455e-7,5.587935447692871e-9,0.016662120819091798,0.9810128211975098,0.1903878152370453,0.03696291893720627,-0.1888640820980072,0.9811424612998962,-0.0411079041659832,-0.04409236088395119,0.03334641456604004,0.9984707832336426],"EasingStyle":"Linear","EasingDirection":"In"},"Left Arm":{"Weight":1,"CFrame":[-0.7800017595291138,1.028092622756958,-0.01286652684211731,-0.6670702695846558,0.1319027841091156,0.7332250475883484,0.37496864795684817,-0.7910056114196777,0.48343461751937868,0.6437513828277588,0.5974210500717163,0.47819656133651736],"EasingStyle":"Linear","EasingDirection":"In"},"Torso":{"Weight":1,"CFrame":[0.06049661338329315,0.013968673534691334,-0.1614696979522705,0.9791328310966492,-0.19813890755176545,-0.04516546055674553,0.19912433624267579,0.9798008799552918,0.018431948497891427,0.04060106724500656,-0.027040868997573854,0.9988094568252564],"EasingStyle":"Linear","EasingDirection":"In"},"HumanoidRootPart":{"Weight":0,"CFrame":[0,0,0,1,0,0,0,1,0,0,0,1],"EasingStyle":"Linear","EasingDirection":"In"},"Right Leg":{"Weight":1,"CFrame":[0.34192466735839846,0.17843133211135865,0.04391685128211975,0.8875688910484314,0.3742270767688751,-0.2686549723148346,-0.26109445095062258,0.8891119956970215,0.37591177225112917,0.3795407712459564,-0.2635032832622528,0.886856734752655],"EasingStyle":"Linear","EasingDirection":"In"}}},{"Time":0.2666666805744171,"poses":{"Left Leg":{"Weight":1,"CFrame":[-0.7849262952804565,0.014173567295074463,0.002063065767288208,0.9475293755531311,-0.3061659038066864,-0.09192683547735214,0.31744900345802309,0.9350337386131287,0.15791836380958558,0.03760542720556259,-0.1788143813610077,0.9831639528274536],"EasingStyle":"Linear","EasingDirection":"In"},"Right Arm":{"Weight":1,"CFrame":[0.686322033405304,1.0424559116363526,-0.22408144176006318,-0.8931522965431213,0.195160374045372,-0.4052056074142456,-0.4221342206001282,-0.6746237874031067,0.6055454611778259,-0.1551828533411026,0.7118954658508301,0.6849256753921509],"EasingStyle":"Linear","EasingDirection":"In"},"Head":{"Weight":1,"CFrame":[0.00046295300126075745,-0.0007042735815048218,0.02471262216567993,0.9689958691596985,0.2430705428123474,0.04431471601128578,-0.23968884348869325,0.968309760093689,-0.07018156349658966,-0.0599694661796093,0.057383883744478229,0.9965494871139526],"EasingStyle":"Linear","EasingDirection":"In"},"Left Arm":{"Weight":1,"CFrame":[-0.7956398725509644,0.9162116050720215,0.07521241903305054,-0.6711830496788025,0.10131198167800904,0.7343360185623169,0.3961774408817291,-0.7882498502731323,0.47085636854171755,0.6265434622764587,0.6069581508636475,0.4889223575592041],"EasingStyle":"Linear","EasingDirection":"In"},"Torso":{"Weight":1,"CFrame":[0.08717206865549088,0.03333889693021774,-0.1247100979089737,0.9666106104850769,-0.24881745874881745,-0.06126859411597252,0.2515784800052643,0.966910183429718,0.042343154549598697,0.048705507069826129,-0.0563432052731514,0.9972227811813355],"EasingStyle":"Linear","EasingDirection":"In"},"HumanoidRootPart":{"Weight":0,"CFrame":[0,0,0,1,0,0,0,1,0,0,0,1],"EasingStyle":"Linear","EasingDirection":"In"},"Right Leg":{"Weight":1,"CFrame":[0.1325785219669342,0.18328547477722169,-0.013280078768730164,0.9025507569313049,0.33000215888023379,-0.27658742666244509,-0.20105206966400147,0.8910161852836609,0.40702351927757265,0.38076257705688479,-0.31175097823143008,0.8705350756645203],"EasingStyle":"Linear","EasingDirection":"In"}}},{"Time":0.30000001192092898,"poses":{"Left Leg":{"Weight":1,"CFrame":[-0.7915596961975098,-0.01022040843963623,-0.02286827564239502,0.9444355964660645,-0.295451283454895,-0.14404788613319398,0.31286337971687319,0.9423966407775879,0.11834297329187393,0.10078567266464234,-0.1568346619606018,0.9824689030647278],"EasingStyle":"Linear","EasingDirection":"In"},"Right Arm":{"Weight":1,"CFrame":[0.6722676753997803,1.0631358623504639,-0.47067010402679446,-0.914962887763977,0.3883083760738373,-0.1098162829875946,-0.35635629296302798,-0.6498000025749207,0.6713942289352417,0.18934932351112367,0.6534343957901001,0.7329190969467163],"EasingStyle":"Linear","EasingDirection":"In"},"Head":{"Weight":1,"CFrame":[0.0016202013939619065,-0.002464812248945236,0.04484015703201294,0.9544553756713867,0.29438552260398867,0.048500124365091327,-0.2895555794239044,0.9531742334365845,-0.08727234601974487,-0.07192078977823258,0.06925418227910996,0.9950032234191895],"EasingStyle":"Linear","EasingDirection":"In"},"Left Arm":{"Weight":1,"CFrame":[-0.8025668859481812,0.799981415271759,0.1591205596923828,-0.6874127984046936,0.0698539987206459,0.722899854183197,0.40130046010017397,-0.7930810451507568,0.45823636651039126,0.6053277850151062,0.6050975322723389,0.5171414613723755],"EasingStyle":"Linear","EasingDirection":"In"},"Torso":{"Weight":1,"CFrame":[0.11925517022609711,0.04290739446878433,-0.1129446029663086,0.9515804648399353,-0.298525333404541,-0.07333090901374817,0.3026871085166931,0.9515522122383118,0.05412072688341141,0.05362178012728691,-0.0736965537071228,0.9958381056785584],"EasingStyle":"Linear","EasingDirection":"In"},"HumanoidRootPart":{"Weight":0,"CFrame":[0,0,0,1,0,0,0,1,0,0,0,1],"EasingStyle":"Linear","EasingDirection":"In"},"Right Leg":{"Weight":1,"CFrame":[0.006092846393585205,0.19674503803253175,-0.0430733859539032,0.9177578091621399,0.30847111344337466,-0.25013238191604617,-0.1825445294380188,0.8870155811309815,0.4241236746311188,0.352701336145401,-0.34358254075050356,0.8703752160072327],"EasingStyle":"Linear","EasingDirection":"In"}}},{"Time":0.3333333432674408,"poses":{"Left Leg":{"Weight":1,"CFrame":[-0.8321873545646668,-0.01097559928894043,-0.05657726526260376,0.9371309280395508,-0.29054173827171328,-0.19331568479537965,0.31130003929138186,0.9463403820991516,0.08678852766752243,0.15772664546966554,-0.14151136577129365,0.9772906303405762],"EasingStyle":"Linear","EasingDirection":"In"},"Right Arm":{"Weight":1,"CFrame":[0.7176101207733154,0.9855464696884155,-0.8466270565986633,-0.860101580619812,0.484552264213562,0.15948174893856049,-0.24719147384166718,-0.6693666577339172,0.7006028890609741,0.4462304413318634,0.5631672739982605,0.6955006718635559],"EasingStyle":"Linear","EasingDirection":"In"},"Head":{"Weight":1,"CFrame":[0.003124527633190155,-0.004753559827804565,0.07100459933280945,0.937808632850647,0.3437027633190155,0.04882148653268814,-0.33839088678359988,0.9364507794380188,-0.09247466921806336,-0.07750271260738373,0.07020284980535507,0.9945175051689148],"EasingStyle":"Linear","EasingDirection":"In"},"Left Arm":{"Weight":1,"CFrame":[-0.8059914112091065,0.6802064180374146,0.2331824004650116,-0.7088865041732788,0.035237859934568408,0.7044417262077332,0.3920910954475403,-0.8105210661888123,0.4351094961166382,0.586297333240509,0.5846484899520874,0.5607509016990662],"EasingStyle":"Linear","EasingDirection":"In"},"Torso":{"Weight":1,"CFrame":[0.15707586705684663,0.048680130392313007,-0.1220112144947052,0.9344660639762878,-0.34719568490982058,-0.07892122864723206,0.3518344461917877,0.9344437718391419,0.05502340942621231,0.05464355647563934,-0.07918470352888107,0.9953612685203552],"EasingStyle":"Linear","EasingDirection":"In"},"HumanoidRootPart":{"Weight":0,"CFrame":[0,0,0,1,0,0,0,1,0,0,0,1],"EasingStyle":"Linear","EasingDirection":"In"},"Right Leg":{"Weight":1,"CFrame":[0.029870927333831788,0.1822746992111206,-0.007187679409980774,0.9128902554512024,0.35064804553985598,-0.2089911699295044,-0.23728185892105103,0.8724209070205689,0.4272928535938263,0.3321577310562134,-0.34048163890838625,0.8796269297599793],"EasingStyle":"Linear","EasingDirection":"In"}}},{"Time":0.36666667461395266,"poses":{"Left Leg":{"Weight":1,"CFrame":[-0.9000267386436462,-0.0036793947219848634,-0.0941033661365509,0.9223052263259888,-0.2969130873680115,-0.24737757444381715,0.31874164938926699,0.946387767791748,0.0524793341755867,0.2185332477092743,-0.12725146114826203,0.9674968719482422],"EasingStyle":"Linear","EasingDirection":"In"},"Right Arm":{"Weight":1,"CFrame":[0.814319372177124,0.7867520451545715,-1.260026216506958,-0.7690086960792542,0.5348258018493652,0.3501242399215698,-0.1783502995967865,-0.7054823040962219,0.6859198212623596,0.6138539910316467,0.46503356099128725,0.637908399105072],"EasingStyle":"Linear","EasingDirection":"In"},"Head":{"Weight":1,"CFrame":[0.004628878086805344,-0.007042344659566879,0.09716978669166565,0.9199168086051941,0.3893149495124817,0.04676683247089386,-0.3838444948196411,0.9184538125991821,-0.09542614966630936,-0.08010402321815491,0.06983292102813721,0.9943373799324036],"EasingStyle":"Linear","EasingDirection":"In"},"Left Arm":{"Weight":1,"CFrame":[-0.8111056089401245,0.557778537273407,0.29168668389320376,-0.7295648455619812,-0.00440458208322525,0.6838976144790649,0.3701251745223999,-0.8434267640113831,0.3894084095954895,0.5751023292541504,0.537226140499115,0.61696457862854],"EasingStyle":"Linear","EasingDirection":"In"},"Torso":{"Weight":1,"CFrame":[0.1998824030160904,0.059924960136413577,-0.1456437110900879,0.9161434769630432,-0.3924740254878998,-0.0815187394618988,0.3972999155521393,0.9160612225532532,0.05463152006268501,0.05323470011353493,-0.08243769407272339,0.9951733946800232],"EasingStyle":"Linear","EasingDirection":"In"},"HumanoidRootPart":{"Weight":0,"CFrame":[0,0,0,1,0,0,0,1,0,0,0,1],"EasingStyle":"Linear","EasingDirection":"In"},"Right Leg":{"Weight":1,"CFrame":[0.22893120348453523,0.11449551582336426,0.08610515296459198,0.8623129725456238,0.47834575176239016,-0.166137233376503,-0.37474626302719118,0.8234911561012268,0.4259430766105652,0.3405606746673584,-0.3050369918346405,0.8893654346466065],"EasingStyle":"Linear","EasingDirection":"In"}}},{"Time":0.4000000059604645,"poses":{"Left Leg":{"Weight":1,"CFrame":[-0.9845937490463257,0.0026788711547851564,-0.13214990496635438,0.8976653814315796,-0.31388840079307558,-0.309307336807251,0.3319014012813568,0.9432951211929321,0.00597168505191803,0.28989362716674807,-0.10802017152309418,0.9509434700012207],"EasingStyle":"Linear","EasingDirection":"In"},"Right Arm":{"Weight":1,"CFrame":[0.9103754758834839,0.5162146091461182,-1.593790888786316,-0.6932100057601929,0.5519893765449524,0.4634305238723755,-0.14600221812725068,-0.7372132539749146,0.6596967577934265,0.7057926058769226,0.38964664936065676,0.5916352868080139],"EasingStyle":"Linear","EasingDirection":"In"},"Head":{"Weight":1,"CFrame":[0.00578613206744194,-0.008802942931652069,0.11729681491851807,0.9020421504974365,0.42919963598251345,0.045910630375146869,-0.4235743582248688,0.90062415599823,-0.09726673364639282,-0.08309511840343476,0.06829222291707993,0.9941989183425903],"EasingStyle":"Linear","EasingDirection":"In"},"Left Arm":{"Weight":1,"CFrame":[-0.8231082558631897,0.43373310565948489,0.3288609981536865,-0.7446720600128174,-0.05131978541612625,0.6654546856880188,0.33578410744667055,-0.8904768228530884,0.30708345770835879,0.5768125057220459,0.4521254301071167,0.6803454160690308],"EasingStyle":"Linear","EasingDirection":"In"},"Torso":{"Weight":1,"CFrame":[0.24795714020729066,0.07145500183105469,-0.18024159967899323,0.897891640663147,-0.4320316016674042,-0.08449497818946839,0.4370216131210327,0.8978844285011292,0.05306464061141014,0.052941109985113147,-0.084572434425354,0.9950098991394043],"EasingStyle":"Linear","EasingDirection":"In"},"HumanoidRootPart":{"Weight":0,"CFrame":[0,0,0,1,0,0,0,1,0,0,0,1],"EasingStyle":"Linear","EasingDirection":"In"},"Right Leg":{"Weight":1,"CFrame":[0.32365310192108157,0.07500779628753662,0.13240768015384675,0.8222951292991638,0.5522792339324951,-0.1371801793575287,-0.45115745067596438,0.779619038105011,0.4343400001525879,0.3468253016471863,-0.2952658236026764,0.890241801738739],"EasingStyle":"Linear","EasingDirection":"In"}}},{"Time":0.4333333373069763,"poses":{"Left Leg":{"Weight":1,"CFrame":[-1.066401481628418,0.002837955951690674,-0.1691949963569641,0.8641439080238342,-0.33848369121551516,-0.37240326404571535,0.34340277314186098,0.9375579953193665,-0.05531289055943489,0.36787208914756777,-0.08008601516485214,0.9264212250709534],"EasingStyle":"Linear","EasingDirection":"In"},"Right Arm":{"Weight":1,"CFrame":[0.953891396522522,0.2232067584991455,-1.7309926748275757,-0.664386510848999,0.5532283782958984,0.5025225877761841,-0.13648876547813416,-0.7508745193481445,0.6461874842643738,0.7348206043243408,0.3607296049594879,0.5743803977966309],"EasingStyle":"Linear","EasingDirection":"In"},"Head":{"Weight":1,"CFrame":[0.006248945370316505,-0.009507246315479279,0.12534770369529725,0.8857229948043823,0.4615461230278015,0.04969843104481697,-0.45543336868286135,0.8846995830535889,-0.09943460673093796,-0.08986185491085053,0.0654371976852417,0.9938022494316101],"EasingStyle":"Linear","EasingDirection":"In"},"Left Arm":{"Weight":1,"CFrame":[-0.8472352027893066,0.30938124656677248,0.3388902544975281,-0.7506816387176514,-0.10913863033056259,0.6515872478485107,0.28665292263031008,-0.9423950910568237,0.17239992320537568,0.5952370762825012,0.3161967098712921,0.7387234568595886],"EasingStyle":"Linear","EasingDirection":"In"},"Torso":{"Weight":1,"CFrame":[0.3015716075897217,0.07784423232078552,-0.22223784029483796,0.8812633752822876,-0.4637362062931061,-0.091233991086483,0.469153493642807,0.8816914558410645,0.05015169084072113,0.057183075696229938,-0.08699959516525269,0.9945658445358276],"EasingStyle":"Linear","EasingDirection":"In"},"HumanoidRootPart":{"Weight":0,"CFrame":[0,0,0,1,0,0,0,1,0,0,0,1],"EasingStyle":"Linear","EasingDirection":"In"},"Right Leg":{"Weight":1,"CFrame":[0.3532736003398895,0.07162773609161377,0.14981871843338014,0.7881754040718079,0.6001175045967102,-0.13652317225933076,-0.4821123480796814,0.7399170994758606,0.4691377580165863,0.38255366683006289,-0.3039434552192688,0.8725085854530335],"EasingStyle":"Linear","EasingDirection":"In"}}},{"Time":0.46666666865348818,"poses":{"Left Leg":{"Weight":1,"CFrame":[-1.128192663192749,0.0027062296867370607,-0.20079392194747926,0.829634428024292,-0.354158490896225,-0.43159979581832888,0.3305802643299103,0.9345804452896118,-0.13143862783908845,0.449914813041687,-0.03363235294818878,0.8924379944801331],"EasingStyle":"Linear","EasingDirection":"In"},"Right Arm":{"Weight":1,"CFrame":[0.9121657013893127,-0.047885000705718997,-1.6886403560638428,-0.705803632736206,0.5145756006240845,0.48688122630119326,-0.07877136766910553,-0.7400354146957398,0.6679391264915466,0.7040144205093384,0.43308159708976748,0.5628535151481628],"EasingStyle":"Linear","EasingDirection":"In"},"Head":{"Weight":1,"CFrame":[0.006034672260284424,-0.009181201457977295,0.12162080407142639,0.8724684119224548,0.4844874441623688,0.06380388140678406,-0.47808822989463808,0.8732928037643433,-0.09376195818185806,-0.10114599019289017,0.05130045488476753,0.9935480952262878],"EasingStyle":"Linear","EasingDirection":"In"},"Left Arm":{"Weight":1,"CFrame":[-0.9056259989738464,0.18523964285850526,0.33002761006355288,-0.7629476189613342,-0.12626509368419648,0.6340094208717346,0.12849166989326478,-0.9907911419868469,-0.042696259915828708,0.6335619688034058,0.0488898903131485,0.772145688533783],"EasingStyle":"Linear","EasingDirection":"In"},"Torso":{"Weight":1,"CFrame":[0.3568427860736847,0.06727893650531769,-0.2676517963409424,0.8670270442962647,-0.4870571792125702,-0.10506894439458847,0.49254655838012698,0.869655966758728,0.033111538738012317,0.07524662464857102,-0.08045995235443115,0.9939135313034058],"EasingStyle":"Linear","EasingDirection":"In"},"HumanoidRootPart":{"Weight":0,"CFrame":[0,0,0,1,0,0,0,1,0,0,0,1],"EasingStyle":"Linear","EasingDirection":"In"},"Right Leg":{"Weight":1,"CFrame":[0.36117154359817507,0.09896159172058106,0.15121591091156007,0.7594680190086365,0.6323596835136414,-0.15274037420749665,-0.47604382038116457,0.7002370953559876,0.5320247411727905,0.4433855414390564,-0.33134475350379946,0.8328385949134827],"EasingStyle":"Linear","EasingDirection":"In"}}},{"Time":0.5,"poses":{"Left Leg":{"Weight":1,"CFrame":[-1.1665068864822388,0.020259618759155275,-0.2341148555278778,0.7989693880081177,-0.3489857017993927,-0.4897518754005432,0.28955885767936709,0.9370198845863342,-0.19531892240047456,0.5270707011222839,0.014241794124245644,0.8497021198272705],"EasingStyle":"Linear","EasingDirection":"In"},"Right Arm":{"Weight":1,"CFrame":[0.8266658782958984,-0.2712174952030182,-1.5648144483566285,-0.783309817314148,0.3902767598628998,0.4838488698005676,0.08532312512397766,-0.7034860849380493,0.7055688500404358,0.6157479882240295,0.593962550163269,0.5177479386329651],"EasingStyle":"Linear","EasingDirection":"In"},"Head":{"Weight":1,"CFrame":[0.005460459738969803,-0.00830746814608574,0.1116311252117157,0.8625301122665405,0.49960049986839297,0.08025676012039185,-0.49421170353889468,0.8658071160316467,-0.07831327617168427,-0.10861223191022873,0.02788371592760086,0.9936930537223816],"EasingStyle":"Linear","EasingDirection":"In"},"Left Arm":{"Weight":1,"CFrame":[-0.9445796608924866,0.058573365211486819,0.3227558732032776,-0.7732018828392029,-0.004161830060184002,0.6341463327407837,-0.10688211768865586,-0.984818160533905,-0.1367822140455246,0.625088095664978,-0.17353925108909608,0.7610185146331787],"EasingStyle":"Linear","EasingDirection":"In"},"Torso":{"Weight":1,"CFrame":[0.40127742290496828,0.042975738644599918,-0.3123219311237335,0.8546359539031982,-0.5053149461746216,-0.11939182132482529,0.5091691017150879,0.8606640100479126,0.0020751410629600288,0.10170765966176987,-0.06256411224603653,0.9928450584411621],"EasingStyle":"Linear","EasingDirection":"In"},"HumanoidRootPart":{"Weight":0,"CFrame":[0,0,0,1,0,0,0,1,0,0,0,1],"EasingStyle":"Linear","EasingDirection":"In"},"Right Leg":{"Weight":1,"CFrame":[0.3883335590362549,0.12772178649902345,0.1565195620059967,0.7315528392791748,0.6604832410812378,-0.16909289360046388,-0.45901650190353396,0.6605192422866821,0.5941534042358398,0.5041175484657288,-0.35703814029693606,0.7863774299621582],"EasingStyle":"Linear","EasingDirection":"In"}}},{"Time":0.5333333611488342,"poses":{"Left Leg":{"Weight":1,"CFrame":[-1.1896474361419678,0.06622087955474854,-0.28701838850975039,0.767799437046051,-0.32951006293296816,-0.5494608283042908,0.2526036500930786,0.9438271522521973,-0.2130299210548401,0.5887914896011353,0.024768462404608728,0.807905375957489],"EasingStyle":"Linear","EasingDirection":"In"},"Right Arm":{"Weight":1,"CFrame":[0.7452191114425659,-0.4292612075805664,-1.3671460151672364,-0.8058993816375732,0.19962090253829957,0.5573848485946655,0.34997600317001345,-0.5987299084663391,0.720443844795227,0.4775386154651642,0.7756764888763428,0.41265350580215456],"EasingStyle":"Linear","EasingDirection":"In"},"Head":{"Weight":1,"CFrame":[0.0046288445591926579,-0.007042411714792252,0.09717011451721192,0.8557016253471375,0.5109976530075073,0.08158542960882187,-0.5071874856948853,0.8594825863838196,-0.06364493817090988,-0.10264364629983902,0.013081933371722699,0.9946322441101074],"EasingStyle":"Linear","EasingDirection":"In"},"Left Arm":{"Weight":1,"CFrame":[-0.8752744793891907,-0.0735192596912384,0.2522786855697632,-0.8137441277503967,0.23849190771579743,0.5300396680831909,-0.32622966170310976,-0.9421557784080505,-0.07692033052444458,0.481035053730011,-0.2355082631111145,0.8444768786430359],"EasingStyle":"Linear","EasingDirection":"In"},"Torso":{"Weight":1,"CFrame":[0.4216277599334717,0.022192388772964479,-0.35122445225715639,0.8441987633705139,-0.5216306447982788,-0.12340999394655228,0.5230043530464172,0.8520034551620483,-0.023592039942741395,0.11745207011699677,-0.04462758079171181,0.9920753240585327],"EasingStyle":"Linear","EasingDirection":"In"},"HumanoidRootPart":{"Weight":0,"CFrame":[0,0,0,1,0,0,0,1,0,0,0,1],"EasingStyle":"Linear","EasingDirection":"In"},"Right Leg":{"Weight":1,"CFrame":[0.4270092248916626,0.14178264141082765,0.17284147441387177,0.7017069458961487,0.687260091304779,-0.1878318041563034,-0.45184755325317385,0.6331154108047485,0.6284893155097961,0.5508548021316528,-0.3561440110206604,0.7547982335090637],"EasingStyle":"Linear","EasingDirection":"In"}}},{"Time":0.5666666626930237,"poses":{"Left Leg":{"Weight":1,"CFrame":[-1.2016537189483643,0.14041835069656373,-0.3646402060985565,0.7360422015190125,-0.2956326901912689,-0.60896897315979,0.24213360249996186,0.9550575017929077,-0.17098689079284669,0.6321496367454529,-0.02159823291003704,0.7745452523231506],"EasingStyle":"Linear","EasingDirection":"In"},"Right Arm":{"Weight":1,"CFrame":[0.6661515831947327,-0.5247509479522705,-1.1166096925735474,-0.7181939482688904,-0.005476705264300108,0.6958214044570923,0.6462280750274658,-0.37607520818710329,0.6640458106994629,0.25804436206817629,0.9265729188919067,0.27363425493240359],"EasingStyle":"Linear","EasingDirection":"In"},"Head":{"Weight":1,"CFrame":[0.0036432109773159029,-0.00554264523088932,0.0800246000289917,0.8509660959243774,0.5218750834465027,0.059188589453697208,-0.5193043351173401,0.8528878092765808,-0.053901489824056628,-0.07861106842756272,0.015131426975131035,0.9967905282974243],"EasingStyle":"Linear","EasingDirection":"In"},"Left Arm":{"Weight":1,"CFrame":[-0.717947244644165,-0.20303168892860413,0.10332292318344116,-0.8204850554466248,0.5179097056388855,0.2420203685760498,-0.5487996935844421,-0.8321378827095032,-0.07978491485118866,0.1600729376077652,-0.1982831507921219,0.9669853448867798],"EasingStyle":"Linear","EasingDirection":"In"},"Torso":{"Weight":1,"CFrame":[0.4049064815044403,0.014046505093574524,-0.3794889748096466,0.8356542587280273,-0.5378177762031555,-0.11150773614645004,0.5376567244529724,0.8424740433692932,-0.034099750220775607,0.11228182166814804,-0.03145728260278702,0.9931783676147461],"EasingStyle":"Linear","EasingDirection":"In"},"HumanoidRootPart":{"Weight":0,"CFrame":[0,0,0,1,0,0,0,1,0,0,0,1],"EasingStyle":"Linear","EasingDirection":"In"},"Right Leg":{"Weight":1,"CFrame":[0.48245295882225039,0.12828868627548219,0.20916669070720673,0.6664243340492249,0.7151762843132019,-0.21071697771549226,-0.47429993748664858,0.6247271299362183,0.6202867031097412,0.5752549767494202,-0.3134312629699707,0.7555415034294128],"EasingStyle":"Linear","EasingDirection":"In"}}},{"Time":0.6000000238418579,"poses":{"Left Leg":{"Weight":1,"CFrame":[-1.198703408241272,0.22236353158950807,-0.45255160331726076,0.7104406356811523,-0.24649643898010255,-0.6591765284538269,0.2535181939601898,0.9634078145027161,-0.08702825009822846,0.6565078496932983,-0.10528488457202912,0.7469354271888733],"EasingStyle":"Linear","EasingDirection":"In"},"Right Arm":{"Weight":1,"CFrame":[0.57529217004776,-0.5690425038337708,-0.8384298086166382,-0.5321225523948669,-0.1756557822227478,0.8282455801963806,0.8463753461837769,-0.0846700444817543,0.5258134603500366,-0.0222345981746912,0.9808038473129273,0.19372540712356568],"EasingStyle":"Linear","EasingDirection":"In"},"Head":{"Weight":1,"CFrame":[0.0026058675721287729,-0.003964543342590332,0.061984747648239139,0.8473554849624634,0.5306017994880676,0.02122686244547367,-0.5293509364128113,0.8471797108650208,-0.04554172232747078,-0.042147520929574969,0.02735358476638794,0.9987369179725647],"EasingStyle":"Linear","EasingDirection":"In"},"Left Arm":{"Weight":1,"CFrame":[-0.5302493572235107,-0.32317179441452029,-0.04079049825668335,-0.6766884922981262,0.7320835590362549,-0.07839912921190262,-0.7209592461585999,-0.6804519295692444,-0.13116033375263215,-0.14936718344688416,-0.0322323814034462,0.9882563948631287],"EasingStyle":"Linear","EasingDirection":"In"},"Torso":{"Weight":1,"CFrame":[0.3571164309978485,0.014273986220359803,-0.39751288294792178,0.8289764523506165,-0.5522963404655457,-0.08812961727380753,0.5515676736831665,0.8334106206893921,-0.03464125096797943,0.0925803855061531,-0.01989266276359558,0.9955064654350281],"EasingStyle":"Linear","EasingDirection":"In"},"HumanoidRootPart":{"Weight":0,"CFrame":[0,0,0,1,0,0,0,1,0,0,0,1],"EasingStyle":"Linear","EasingDirection":"In"},"Right Leg":{"Weight":1,"CFrame":[0.545427143573761,0.09502816200256348,0.2552761733531952,0.6341107487678528,0.7361656427383423,-0.23656676709651948,-0.5176264047622681,0.6314125061035156,0.5773915648460388,0.5744271874427795,-0.24367700517177583,0.781444251537323],"EasingStyle":"Linear","EasingDirection":"In"}}},{"Time":0.6333333253860474,"poses":{"Left Leg":{"Weight":1,"CFrame":[-1.1811738014221192,0.2905985713005066,-0.53883957862854,0.6981452107429504,-0.18972554802894593,-0.6903604865074158,0.27978989481925967,0.9598701596260071,0.01915239915251732,0.6590225696563721,-0.20652708411216737,0.7232120633125305],"EasingStyle":"Linear","EasingDirection":"In"},"Right Arm":{"Weight":1,"CFrame":[0.45678943395614626,-0.5766606330871582,-0.5554471015930176,-0.3386673629283905,-0.31159189343452456,0.8878148198127747,0.9055145978927612,0.14842195808887483,0.3975101113319397,-0.25563207268714907,0.9385527968406677,0.23188507556915284],"EasingStyle":"Linear","EasingDirection":"In"},"Head":{"Weight":1,"CFrame":[0.0016201334074139596,-0.002464866265654564,0.04483959078788757,0.8446677327156067,0.5347166657447815,-0.024791022762656213,-0.535290539264679,0.8