{"Sequence":[{"Time":0,"poses":{"Left Leg":{"Weight":1,"CFrame":[-0.48152604699134829,0.16823214292526246,-0.13967132568359376,0.954353392124176,0.0499599352478981,-0.29447177052497866,-0.023785490542650224,0.9954926371574402,0.0918084979057312,0.2977311313152313,-0.0806136429309845,0.951240062713623],"EasingStyle":"Linear","EasingDirection":"In"},"Right Arm":{"Weight":1,"CFrame":[0.7148178815841675,-0.3392587900161743,-0.3550334572792053,-0.5767736434936523,-0.272906631231308,0.769970178604126,0.8111081123352051,-0.07923929393291474,0.5795040726661682,-0.09713849425315857,0.9587716460227966,0.26705989241600039],"EasingStyle":"Linear","EasingDirection":"In"},"Head":{"Weight":1,"CFrame":[8.218921720981598e-8,-1.6298145055770875e-9,0,1,-6.58910721540451e-8,8.614733815193176e-8,6.507617200668392e-8,1,-2.491287887096405e-8,-8.74279137974554e-8,9.909854270517826e-9,1],"EasingStyle":"Linear","EasingDirection":"In"},"Right Leg":{"Weight":1,"CFrame":[0.03317512944340706,0.15245497226715089,0.05139279365539551,0.8997181057929993,-0.1686885505914688,-0.40255609154701235,0.21182489395141602,0.9751570820808411,0.06479819864034653,0.3816247582435608,-0.14357155561447144,0.9130990505218506],"EasingStyle":"Linear","EasingDirection":"In"},"Torso":{"Weight":1,"CFrame":[0.006216568872332573,-0.05109745264053345,-0.10398983955383301,0.9997280240058899,0.021992692723870279,0.007770623080432415,-0.021452229470014573,0.9977275133132935,-0.0638718232512474,-0.009157678112387658,0.0636877492070198,0.9979278445243836],"EasingStyle":"Linear","EasingDirection":"In"},"HumanoidRootPart":{"Weight":1,"CFrame":[0,0,0,1,0,0,0,1,0,0,0,1],"EasingStyle":"Linear","EasingDirection":"In"},"Left Arm":{"Weight":1,"CFrame":[-0.48605257272720339,-0.7113673686981201,-0.4521925449371338,-0.40442925691604617,0.22245585918426515,-0.8871023058891296,-0.9141051769256592,-0.06742320954799652,0.3998323678970337,0.02913382276892662,0.9726086854934692,0.23061592876911164],"EasingStyle":"Linear","EasingDirection":"In"}}},{"Time":0.03448275849223137,"poses":{"Left Leg":{"Weight":1,"CFrame":[-0.43297556042671206,0.16065233945846559,-0.0805712342262268,0.9810075163841248,0.0636354461312294,-0.1832345724105835,-0.05419735610485077,0.9969548583030701,0.05606848746538162,0.18624451756477357,-0.045072801411151889,0.9814690947532654],"EasingStyle":"Linear","EasingDirection":"In"},"Right Arm":{"Weight":1,"CFrame":[0.7066411375999451,-0.3428478538990021,-0.3543422222137451,-0.5764285326004028,-0.27417004108428957,0.7697798013687134,0.8119803667068481,-0.08640845119953156,0.5772534012794495,-0.09175004810094834,0.9577914476394653,0.272428959608078],"EasingStyle":"Linear","EasingDirection":"In"},"Head":{"Weight":1,"CFrame":[8.707866072654724e-8,2.4563632905483247e-8,-1.7881393432617188e-7,0.9976417422294617,-0.06849874556064606,0.004359210375696421,0.06838206201791763,0.997397243976593,0.022861044853925706,-0.005913815461099148,-0.022509023547172548,0.9997292160987854],"EasingStyle":"Linear","EasingDirection":"In"},"Right Leg":{"Weight":1,"CFrame":[0.1745859682559967,0.2402605414390564,0.15498316287994386,0.8821582198143005,-0.01433237548917532,-0.47073495388031008,0.026089072227478029,0.9994891881942749,0.018459836021065713,0.47022995352745058,-0.02856558933854103,0.8820816278457642],"EasingStyle":"Linear","EasingDirection":"In"},"Torso":{"Weight":1,"CFrame":[0.009055927395820618,-0.05182404816150665,-0.1074364185333252,0.9997122883796692,0.021858859807252885,0.009886795654892922,-0.021167151629924775,0.9976375102996826,-0.06535596400499344,-0.011292045935988427,0.06512787193059921,0.9978130459785461],"EasingStyle":"Linear","EasingDirection":"In"},"HumanoidRootPart":{"Weight":1,"CFrame":[0,0,0,1,0,0,0,1,0,0,0,1],"EasingStyle":"Linear","EasingDirection":"In"},"Left Arm":{"Weight":1,"CFrame":[-0.48452043533325198,-0.7302372455596924,-0.4514976739883423,-0.38516369462013247,0.1840619146823883,-0.9043064713478088,-0.9228357672691345,-0.07171796262264252,0.37845829129219057,0.004804814234375954,0.9802948236465454,0.19748197495937348],"EasingStyle":"Linear","EasingDirection":"In"}}},{"Time":0.06896551698446274,"poses":{"Left Leg":{"Weight":1,"CFrame":[-0.29571324586868288,0.1043858528137207,0.0028301477432250978,0.9955358505249023,0.09426985681056977,0.004664457403123379,-0.09420015662908554,0.995462954044342,-0.013412250205874443,-0.005907701328396797,0.012912976555526257,0.9998992085456848],"EasingStyle":"Linear","EasingDirection":"In"},"Right Arm":{"Weight":1,"CFrame":[0.6852777004241943,-0.35302114486694338,-0.35261428356170657,-0.5735535621643066,-0.27960097789764407,0.7699737548828125,0.8143991231918335,-0.0933498665690422,0.5727478265762329,-0.08826380968093872,0.9555674195289612,0.2812478244304657],"EasingStyle":"Linear","EasingDirection":"In"},"Head":{"Weight":1,"CFrame":[8.66129994392395e-8,-1.8364517018198968e-8,0,0.9922533631324768,-0.12406597286462784,0.006402108818292618,0.12370548397302628,0.9914781451225281,0.040843408554792407,-0.011414826847612858,-0.039735034108161929,0.9991450905799866],"EasingStyle":"Linear","EasingDirection":"In"},"Right Leg":{"Weight":1,"CFrame":[0.33715951442718508,0.32537925243377688,0.28180158138275149,0.8400146961212158,0.1919272541999817,-0.5074833035469055,-0.22717542946338654,0.9738231301307678,-0.007739197462797165,0.49271368980407717,0.12178870290517807,0.8616268634796143],"EasingStyle":"Linear","EasingDirection":"In"},"Torso":{"Weight":1,"CFrame":[0.00782193336635828,-0.04140795022249222,-0.09187579154968262,0.9997389912605286,0.02151547372341156,0.007695737760514021,-0.021079158410429956,0.9983785152435303,-0.05287778377532959,-0.00882095005363226,0.05270175263285637,0.9985713362693787],"EasingStyle":"Linear","EasingDirection":"In"},"HumanoidRootPart":{"Weight":1,"CFrame":[0,0,0,1,0,0,0,1,0,0,0,1],"EasingStyle":"Linear","EasingDirection":"In"},"Left Arm":{"Weight":1,"CFrame":[-0.47934776544570925,-0.7429845929145813,-0.449760377407074,-0.3692976236343384,0.15708687901496888,-0.9159383773803711,-0.9292726516723633,-0.07139412313699722,0.36242958903312685,-0.0084596062079072,0.9850008487701416,0.17234212160110475],"EasingStyle":"Linear","EasingDirection":"In"}}},{"Time":0.1034482792019844,"poses":{"Left Leg":{"Weight":1,"CFrame":[-0.11260683089494705,0.02909773588180542,0.04523193836212158,0.9645652770996094,0.13341985642910005,0.22762484848499299,-0.11439460515975952,0.9888942241668701,-0.09488018602132797,-0.23775580525398255,0.06547904759645462,0.9691154360771179],"EasingStyle":"Linear","EasingDirection":"In"},"Right Arm":{"Weight":1,"CFrame":[0.6554775238037109,-0.36888954043388369,-0.3503679037094116,-0.568040668964386,-0.2882404625415802,0.7708743214607239,0.818466305732727,-0.09966269135475159,0.5658450126647949,-0.08627191185951233,0.9523574709892273,0.2925274670124054],"EasingStyle":"Linear","EasingDirection":"In"},"Head":{"Weight":1,"CFrame":[8.824281394481659e-8,1.2332748156040907e-8,0,0.9857926368713379,-0.1678234338760376,0.006951142568141222,0.16720843315124513,0.984427273273468,0.054261088371276858,-0.015949178487062455,-0.05232788622379303,0.9985026717185974],"EasingStyle":"Linear","EasingDirection":"In"},"Right Leg":{"Weight":1,"CFrame":[0.4389628767967224,0.2665463089942932,0.3687678575515747,0.7594189047813416,0.3812240958213806,-0.5272106528282166,-0.461961567401886,0.8865654468536377,-0.02435888722538948,0.45812055468559267,0.2620495855808258,0.8493854403495789],"EasingStyle":"Linear","EasingDirection":"In"},"Torso":{"Weight":1,"CFrame":[0.0030064156744629146,-0.025150038301944734,-0.07742595672607422,0.9997723698616028,0.02127411961555481,0.001628161291591823,-0.02120869606733322,0.9992281794548035,-0.033064231276512149,-0.002330316696316004,0.03302216902375221,0.9994519948959351],"EasingStyle":"Linear","EasingDirection":"In"},"HumanoidRootPart":{"Weight":1,"CFrame":[0,0,0,1,0,0,0,1,0,0,0,1],"EasingStyle":"Linear","EasingDirection":"In"},"Left Arm":{"Weight":1,"CFrame":[-0.4696698784828186,-0.7513510584831238,-0.4475018382072449,-0.3560953140258789,0.13898822665214539,-0.9240554571151733,-0.9343581795692444,-0.0668029859662056,0.3500176966190338,-0.013081285171210766,0.9880383014678955,0.1536528617143631],"EasingStyle":"Linear","EasingDirection":"In"}}},{"Time":0.13793103396892548,"poses":{"Left Leg":{"Weight":1,"CFrame":[0.026744449511170389,-0.026038289070129396,0.042770981788635257,0.8946484923362732,0.15236006677150727,0.4199887216091156,-0.09047640115022659,0.9823619723320007,-0.16364295780658723,-0.4375135898590088,0.10840387642383576,0.8926535844802856],"EasingStyle":"Linear","EasingDirection":"In"},"Right Arm":{"Weight":1,"CFrame":[0.6219910979270935,-0.3895636200904846,-0.3481215238571167,-0.5597424507141113,-0.29912739992141726,0.7727944254875183,0.8242576718330383,-0.10490348935127258,0.5564124584197998,-0.0853692814707756,0.9484292268753052,0.30527690052986147],"EasingStyle":"Linear","EasingDirection":"In"},"Head":{"Weight":1,"CFrame":[8.518691174685955e-8,3.434251993894577e-9,-2.980232238769531e-7,0.979569673538208,-0.200996994972229,0.006589268334209919,0.2001855969429016,0.9776973128318787,0.06351129710674286,-0.019207889214158059,-0.060894664376974109,0.9979593753814697],"EasingStyle":"Linear","EasingDirection":"In"},"Right Leg":{"Weight":1,"CFrame":[0.4347580373287201,0.05395787954330444,0.3677356243133545,0.6745754480361939,0.5106467604637146,-0.5330925583839417,-0.6199406385421753,0.7839311957359314,-0.03354905918240547,0.4007762670516968,0.3531171381473541,0.845391571521759],"EasingStyle":"Linear","EasingDirection":"In"},"Torso":{"Weight":1,"CFrame":[-0.0046102628111839298,-0.007709626108407974,-0.07942366600036621,0.9997422695159912,0.02142377570271492,-0.0075245448388159279,-0.021511230617761613,0.9996996521949768,-0.011740370653569699,0.007270763162523508,0.011899205856025219,0.9999027848243713],"EasingStyle":"Linear","EasingDirection":"In"},"HumanoidRootPart":{"Weight":1,"CFrame":[0,0,0,1,0,0,0,1,0,0,0,1],"EasingStyle":"Linear","EasingDirection":"In"},"Left Arm":{"Weight":1,"CFrame":[-0.4546223282814026,-0.7570791244506836,-0.44524335861206057,-0.3445434272289276,0.12756340205669404,-0.9300631880760193,-0.9387059211730957,-0.058429937809705737,0.33973121643066409,-0.011006218381226063,0.9901078939437866,0.13987602293491364],"EasingStyle":"Linear","EasingDirection":"In"}}},{"Time":0.17241379618644715,"poses":{"Left Leg":{"Weight":1,"CFrame":[0.09241786599159241,-0.054323434829711917,0.04014396667480469,0.8248661756515503,0.1460992693901062,0.5461233854293823,-0.03474575653672218,0.9773048162460327,-0.20896896719932557,-0.5642593502998352,0.15339602530002595,0.8112220168113709],"EasingStyle":"Linear","EasingDirection":"In"},"Right Arm":{"Weight":1,"CFrame":[0.589568018913269,-0.4141523241996765,-0.3463936448097229,-0.5484999418258667,-0.31127023696899416,0.7760533690452576,0.831803023815155,-0.10860321670770645,0.5443427562713623,-0.08515572547912598,0.9440954327583313,0.318484365940094],"EasingStyle":"Linear","EasingDirection":"In"},"Head":{"Weight":1,"CFrame":[8.69622454047203e-8,1.0477378964424134e-9,-5.960464477539063e-8,0.9743921160697937,-0.22478318214416505,0.005705800373107195,0.22386711835861207,0.9721731543540955,0.06901504099369049,-0.02106044813990593,-0.06597036868333817,0.9975993037223816],"EasingStyle":"Linear","EasingDirection":"In"},"Right Leg":{"Weight":1,"CFrame":[0.2812548875808716,-0.12258446216583252,0.2550978660583496,0.6550237536430359,0.5446120500564575,-0.5237762331962586,-0.6569631099700928,0.7529286742210388,-0.0387042760848999,0.3732874095439911,0.3694538474082947,0.8509761691093445],"EasingStyle":"Linear","EasingDirection":"In"},"Torso":{"Weight":1,"CFrame":[-0.013124369084835053,0.00885813869535923,-0.09436988830566406,0.999603807926178,0.021990764886140825,-0.01756678894162178,-0.02184363268315792,0.9997251629829407,0.008523941971361637,0.01774940825998783,-0.008136844262480736,0.9998093843460083],"EasingStyle":"Linear","EasingDirection":"In"},"HumanoidRootPart":{"Weight":1,"CFrame":[0,0,0,1,0,0,0,1,0,0,0,1],"EasingStyle":"Linear","EasingDirection":"In"},"Left Arm":{"Weight":1,"CFrame":[-0.433340460062027,-0.7619093656539917,-0.443506121635437,-0.33349063992500307,0.12080159038305283,-0.9349818229675293,-0.9427453279495239,-0.04685477912425995,0.3302059769630432,-0.003918906673789024,0.9915702939033508,0.12951064109802247],"EasingStyle":"Linear","EasingDirection":"In"}}},{"Time":0.2068965584039688,"poses":{"Left Leg":{"Weight":1,"CFrame":[0.1067195013165474,-0.06608891487121582,0.05261540412902832,0.7842867970466614,0.12848129868507386,0.6069486737251282,0.021510427817702295,0.9721012115478516,-0.23357364535331727,-0.6200253367424011,0.19624446332454682,0.7596425414085388],"EasingStyle":"Linear","EasingDirection":"In"},"Right Arm":{"Weight":1,"CFrame":[0.5629588961601257,-0.4417670965194702,-0.3457023501396179,-0.5341730713844299,-0.3236303925514221,0.7809754014015198,0.8410660028457642,-0.11029423028230667,0.5295688509941101,-0.08524735271930695,0.9397332668304443,0.3311105966567993],"EasingStyle":"Linear","EasingDirection":"In"},"Head":{"Weight":1,"CFrame":[9.825453162193299e-8,3.026798367500305e-9,2.384185791015625e-7,0.9706910252571106,-0.24028800427913667,0.00454097893089056,0.23936709761619569,0.9683158993721008,0.07118752598762512,-0.021502608433365823,-0.06801411509513855,0.9974526762962341],"EasingStyle":"Linear","EasingDirection":"In"},"Right Leg":{"Weight":1,"CFrame":[-0.061355821788311008,-0.11025691032409668,0.034914493560791019,0.7456608414649963,0.4462296664714813,-0.4948425889015198,-0.5374600291252136,0.8417567014694214,-0.05081629008054733,0.3938613533973694,0.3038497269153595,0.867495596408844],"EasingStyle":"Linear","EasingDirection":"In"},"Torso":{"Weight":1,"CFrame":[-0.020356588065624238,0.023148953914642335,-0.11392974853515625,0.9994024038314819,0.022825593128800393,-0.02595849521458149,-0.022151324898004533,0.9994171857833862,0.025972435250878335,0.026536202058196069,-0.025381900370121003,0.9993255734443665],"EasingStyle":"Linear","EasingDirection":"In"},"HumanoidRootPart":{"Weight":1,"CFrame":[0,0,0,1,0,0,0,1,0,0,0,1],"EasingStyle":"Linear","EasingDirection":"In"},"Left Arm":{"Weight":1,"CFrame":[-0.40495988726615908,-0.767584502696991,-0.44281113147735598,-0.32172906398773196,0.1167624369263649,-0.9396047592163086,-0.9468087553977966,-0.03275357931852341,0.3201255798339844,0.006603266578167677,0.9926196336746216,0.1210893914103508],"EasingStyle":"Linear","EasingDirection":"In"}}},{"Time":0.24137930572032929,"poses":{"Left Leg":{"Weight":1,"CFrame":[0.0829821228981018,-0.06662940979003906,0.07210898399353028,0.7883358597755432,0.10688478499650955,0.605889618396759,0.05447012931108475,0.9688014984130859,-0.2417781800031662,-0.6128291487693787,0.22360529005527497,0.7579190135002136],"EasingStyle":"Linear","EasingDirection":"In"},"Right Arm":{"Weight":1,"CFrame":[0.544661819934845,-0.47127988934516909,-0.34573882818222048,-0.512164294719696,-0.3298594355583191,0.7930198907852173,0.8549277782440186,-0.10723339766263962,0.5075427293777466,-0.08237947523593903,0.9379198551177979,0.33692699670791628],"EasingStyle":"Linear","EasingDirection":"In"},"Head":{"Weight":1,"CFrame":[9.650830179452896e-8,5.005858838558197e-9,-1.7881393432617188e-7,0.968623697757721,-0.24851128458976746,0.0032250876538455488,0.2476755827665329,0.9662800431251526,0.0704251229763031,-0.020617783069610597,-0.06741664558649063,0.9975118637084961],"EasingStyle":"Linear","EasingDirection":"In"},"Right Leg":{"Weight":1,"CFrame":[-0.2151719629764557,-0.043980956077575687,-0.050793468952178958,0.8078334331512451,0.39489611983299258,-0.43756401538848879,-0.47387173771858218,0.8766031265258789,-0.08374141901731491,0.35050079226493838,0.274998277425766,0.8952794075012207],"EasingStyle":"Linear","EasingDirection":"In"},"Torso":{"Weight":1,"CFrame":[-0.02413814514875412,0.03376264125108719,-0.12962031364440919,0.9992643594741821,0.023671157658100129,-0.030172768980264665,-0.02249150350689888,0.9989917278289795,0.038853976875543597,0.031062066555023195,-0.038146764039993289,0.9987892508506775],"EasingStyle":"Linear","EasingDirection":"In"},"HumanoidRootPart":{"Weight":1,"CFrame":[0,0,0,1,0,0,0,1,0,0,0,1],"EasingStyle":"Linear","EasingDirection":"In"},"Left Arm":{"Weight":1,"CFrame":[-0.36950069665908816,-0.7753502130508423,-0.44311386346817019,-0.3010084927082062,0.12143315374851227,-0.945858359336853,-0.9533965587615967,-0.01678004488348961,0.30125319957733157,0.020710628479719163,0.9924578666687012,0.1208246722817421],"EasingStyle":"Linear","EasingDirection":"In"}}},{"Time":0.27586206793785097,"poses":{"Left Leg":{"Weight":1,"CFrame":[0.015189334750175476,-0.054228901863098147,0.08673238754272461,0.8454388380050659,0.08236732333898545,0.5276826024055481,0.05040441080927849,0.9713200330734253,-0.2323724776506424,-0.5316885709762573,0.22305427491664887,0.8170399069786072],"EasingStyle":"Linear","EasingDirection":"In"},"Right Arm":{"Weight":1,"CFrame":[0.5329172611236572,-0.5006152987480164,-0.3458297848701477,-0.48119503259658816,-0.3265664279460907,0.8135144710540772,0.8733788728713989,-0.09894941002130509,0.47688397765159609,-0.07523743063211441,0.9399805665016174,0.3328301012516022],"EasingStyle":"Linear","EasingDirection":"In"},"Head":{"Weight":1,"CFrame":[7.962808012962341e-8,2.444721758365631e-9,0,0.9681524634361267,-0.25035494565963747,0.0018106976058334113,0.24967336654663087,0.9660022258758545,0.06710459291934967,-0.018549103289842607,-0.06451539695262909,0.9977443218231201],"EasingStyle":"Linear","EasingDirection":"In"},"Right Leg":{"Weight":1,"CFrame":[-0.16903851926326753,-0.07518279552459717,-0.03546398878097534,0.8345969319343567,0.42901673913002016,-0.34553229808807375,-0.49940013885498049,0.8539949655532837,-0.14591890573501588,0.23248125612735749,0.2943423092365265,0.9269925355911255],"EasingStyle":"Linear","EasingDirection":"In"},"Torso":{"Weight":1,"CFrame":[-0.022904172539711,0.03968755900859833,-0.13476800918579102,0.9993022680282593,0.02427234686911106,-0.028390882536768915,-0.02295314520597458,0.9986822605133057,0.04590311646461487,0.029467647895216943,-0.04521942511200905,0.9985423684120178],"EasingStyle":"Linear","EasingDirection":"In"},"HumanoidRootPart":{"Weight":1,"CFrame":[0,0,0,1,0,0,0,1,0,0,0,1],"EasingStyle":"Linear","EasingDirection":"In"},"Left Arm":{"Weight":1,"CFrame":[-0.33052247762680056,-0.7844688892364502,-0.4438900947570801,-0.26798659563064577,0.1380060762166977,-0.9534871578216553,-0.9626885056495667,0.00027093529934063554,0.2706120014190674,0.03760448843240738,0.9904313683509827,0.13278411328792573],"EasingStyle":"Linear","EasingDirection":"In"}}},{"Time":0.3103448152542114,"poses":{"Left Leg":{"Weight":1,"CFrame":[-0.10227465629577637,-0.02533137798309326,0.08111512660980225,0.9336622953414917,0.05658132582902908,0.35365691781044009,0.01594936102628708,0.9798942804336548,-0.19887925684452058,-0.35779932141304018,0.19132675230503083,0.9139878749847412],"EasingStyle":"Linear","EasingDirection":"In"},"Right Arm":{"Weight":1,"CFrame":[0.5260879397392273,-0.5274587869644165,-0.3459482192993164,-0.44639554619789126,-0.3171159029006958,0.8367608785629273,0.8923708200454712,-0.08839932829141617,0.4425608217716217,-0.06637389212846756,0.944257915019989,0.32244595885276797],"EasingStyle":"Linear","EasingDirection":"In"},"Head":{"Weight":1,"CFrame":[9.66247171163559e-8,-2.5029294192790986e-8,3.5762786865234377e-7,0.9691060185432434,-0.24664442241191865,0.00029901464586146176,0.24615833163261414,0.9672710299491882,0.0615868978202343,-0.01547929085791111,-0.05961064249277115,0.9981017708778381],"EasingStyle":"Linear","EasingDirection":"In"},"Right Leg":{"Weight":1,"CFrame":[-0.01015823520720005,-0.16617751121520997,-0.01066523790359497,0.8238335847854614,0.5091742277145386,-0.2490781545639038,-0.5590672492980957,0.8023799061775208,-0.20887908339500428,0.09349948912858963,0.31133291125297549,0.9456900358200073],"EasingStyle":"Linear","EasingDirection":"In"},"Torso":{"Weight":1,"CFrame":[-0.01746801659464836,0.041444338858127597,-0.13019061088562013,0.9994648098945618,0.024588651955127717,-0.02158002182841301,-0.02353549376130104,0.998581051826477,0.04776972159743309,0.02272399701178074,-0.04723625257611275,0.9986252188682556],"EasingStyle":"Linear","EasingDirection":"In"},"HumanoidRootPart":{"Weight":1,"CFrame":[0,0,0,1,0,0,0,1,0,0,0,1],"EasingStyle":"Linear","EasingDirection":"In"},"Left Arm":{"Weight":1,"CFrame":[-0.29246965050697329,-0.7937077879905701,-0.4449426531791687,-0.22921554744243623,0.1604270488023758,-0.9600643515586853,-0.9718613624572754,0.017278706654906274,0.23491941392421723,0.05427616462111473,0.9868965148925781,0.15195225179195405],"EasingStyle":"Linear","EasingDirection":"In"}}},{"Time":0.3448275923728943,"poses":{"Left Leg":{"Weight":1,"CFrame":[-0.25089094042778017,0.017903268337249757,0.031763553619384769,0.9952890276908875,0.038246724754571918,0.08909033238887787,-0.02598642185330391,0.9905157685279846,-0.13491934537887574,-0.09340564906597138,0.13196858763694764,0.9868432879447937],"EasingStyle":"Linear","EasingDirection":"In"},"Right Arm":{"Weight":1,"CFrame":[0.5225368738174439,-0.549497663974762,-0.34606659412384035,-0.41352391242980959,-0.3051832318305969,0.8578235507011414,0.9086415767669678,-0.07826802879571915,0.4101763367652893,-0.058038730174303058,0.9490718245506287,0.3096678555011749],"EasingStyle":"Linear","EasingDirection":"In"},"Head":{"Weight":1,"CFrame":[8.754432201385498e-8,-2.741580829024315e-8,1.1920928955078126e-7,0.9712263941764832,-0.23815447092056275,-0.0013386945938691497,0.23787477612495423,0.9697811603546143,0.05422390624880791,-0.01161542721092701,-0.05298212915658951,0.998528003692627],"EasingStyle":"Linear","EasingDirection":"In"},"Right Leg":{"Weight":1,"CFrame":[0.40609171986579897,-0.2997283935546875,0.04423213005065918,0.692332923412323,0.6911736726760864,-0.20725451409816743,-0.7214506268501282,0.6576400399208069,-0.21683736145496369,-0.013573353178799153,0.2996474504470825,0.9539535045623779],"EasingStyle":"Linear","EasingDirection":"In"},"Torso":{"Weight":1,"CFrame":[-0.00923260860145092,0.039933428168296817,-0.11866354942321778,0.9996300935745239,0.024694601073861123,-0.01139763556420803,-0.02415117435157299,0.9986687898635864,0.04557844251394272,0.01250800397247076,-0.04528631269931793,0.9988957643508911],"EasingStyle":"Linear","EasingDirection":"In"},"HumanoidRootPart":{"Weight":1,"CFrame":[0,0,0,1,0,0,0,1,0,0,0,1],"EasingStyle":"Linear","EasingDirection":"In"},"Left Arm":{"Weight":1,"CFrame":[-0.2597864270210266,-0.8018338084220886,-0.44607365131378176,-0.19191859662532807,0.18291474878787995,-0.9642145037651062,-0.9790410399436951,0.03255174309015274,0.20104488730430604,0.0681610107421875,0.9825897216796875,0.17283372581005097],"EasingStyle":"Linear","EasingDirection":"In"}}},{"Time":0.37931033968925478,"poses":{"Left Leg":{"Weight":1,"CFrame":[-0.3758063316345215,0.05983591079711914,-0.055982112884521487,0.9833269715309143,0.03343808650970459,-0.17874550819396974,-0.04405970126390457,0.9974701404571533,-0.05578645318746567,0.17642787098884583,0.0627318024635315,0.9823126196861267],"EasingStyle":"Linear","EasingDirection":"In"},"Right Arm":{"Weight":1,"CFrame":[0.520626962184906,-0.5644172430038452,-0.34615767002105715,-0.3889397978782654,-0.29485151171684267,0.8728049993515015,0.9197941422462463,-0.07079995423555374,0.3859614431858063,-0.05200669914484024,0.9529166221618652,0.29873958230018618],"EasingStyle":"Linear","EasingDirection":"In"},"Head":{"Weight":1,"CFrame":[8.742790669202805e-8,-1.366606738884002e-8,-5.960464477539063e-8,0.9742069244384766,-0.22563500702381135,-0.0031432812102138998,0.22554276883602143,0.9731765389442444,0.04536450654268265,-0.007176855579018593,-0.04490337148308754,0.9989655613899231],"EasingStyle":"Linear","EasingDirection":"In"},"Right Leg":{"Weight":1,"CFrame":[0.5357282161712647,-0.22230815887451173,0.16240036487579347,0.6463083624839783,0.7057952284812927,-0.29006677865982058,-0.7560921311378479,0.6436337828636169,-0.11857612431049347,0.10300630331039429,0.2959538996219635,0.9496321082115173],"EasingStyle":"Linear","EasingDirection":"In"},"Torso":{"Weight":1,"CFrame":[0.0003997220192104578,0.036055512726306918,-0.10298705101013184,0.9996950626373291,0.024688225239515306,0.000499565270729363,-0.024688221514225007,0.9988763332366943,0.04045426845550537,0.0004997400101274252,-0.04045426473021507,0.9991812705993652],"EasingStyle":"Linear","EasingDirection":"In"},"HumanoidRootPart":{"Weight":1,"CFrame":[0,0,0,1,0,0,0,1,0,0,0,1],"EasingStyle":"Linear","EasingDirection":"In"},"Left Arm":{"Weight":1,"CFrame":[-0.23691730201244355,-0.8076137900352478,-0.44708573818206789,-0.16381028294563294,0.20010410249233247,-0.9659837484359741,-0.9834487438201904,0.04372917115688324,0.17583052814006806,0.07742612063884735,0.9787983298301697,0.1896287500858307],"EasingStyle":"Linear","EasingDirection":"In"}}},{"Time":0.4137931168079376,"poses":{"Left Leg":{"Weight":1,"CFrame":[-0.444776713848114,0.08698129653930664,-0.1334747076034546,0.936098575592041,0.03155319765210152,-0.3503197431564331,-0.029782062396407129,0.9995018243789673,0.010443503968417645,0.35047462582588198,0.0006570577970705926,0.9365720152854919],"EasingStyle":"Linear","EasingDirection":"In"},"Right Arm":{"Weight":1,"CFrame":[0.5187210440635681,-0.569905161857605,-0.34619396924972536,-0.3792840242385864,-0.29044774174690249,0.8785123229026794,0.9239451289176941,-0.06789720058441162,0.37645119428634646,-0.04969080537557602,0.954478919506073,0.2941100299358368],"EasingStyle":"Linear","EasingDirection":"In"},"Head":{"Weight":1,"CFrame":[8.649658411741257e-8,-1.30385160446167e-8,-1.1920928955078126e-7,0.9777238368988037,-0.2098325490951538,-0.005153003614395857,0.20988230407238007,0.9770870208740234,0.03536033630371094,-0.0023848214186728,-0.03565416857600212,0.9993613362312317],"EasingStyle":"Linear","EasingDirection":"In"},"Right Leg":{"Weight":1,"CFrame":[0.3959267735481262,-0.011806488037109375,0.3206746578216553,0.6373106837272644,0.574633777141571,-0.513450026512146,-0.6540746092796326,0.7556718587875366,0.03386113420128822,0.40745750069618227,0.3142545223236084,0.8574512004852295],"EasingStyle":"Linear","EasingDirection":"In"},"Torso":{"Weight":1,"CFrame":[0.009978514164686203,0.03071553260087967,-0.08663082122802735,0.9996195435523987,0.02465023286640644,0.012376631610095501,-0.025053121149539949,0.999123752117157,0.033527426421642306,-0.01153932698071003,-0.03382474184036255,0.9993611574172974],"EasingStyle":"Linear","EasingDirection":"In"},"HumanoidRootPart":{"Weight":1,"CFrame":[0,0,0,1,0,0,0,1,0,0,0,1],"EasingStyle":"Linear","EasingDirection":"In"},"Left Arm":{"Weight":1,"CFrame":[-0.22830665111541749,-0.8098146915435791,-0.44778138399124148,-0.1527252346277237,0.2069525420665741,-0.9663569331169128,-0.9849609732627869,0.04806051403284073,0.16595804691314698,0.08078909665346146,0.9771698117256165,0.1965000480413437],"EasingStyle":"Linear","EasingDirection":"In"}}},{"Time":0.4482758641242981,"poses":{"Left Leg":{"Weight":1,"CFrame":[-0.47268223762512209,0.10352915525436402,-0.16560304164886475,0.9173130989074707,0.015428060665726662,-0.3978676199913025,0.00707571767270565,0.9984595775604248,0.05503077059984207,0.3981037139892578,-0.053295668214559558,0.915790855884552],"EasingStyle":"Linear","EasingDirection":"In"},"Right Arm":{"Weight":1,"CFrame":[0.5155050158500671,-0.5659860372543335,-0.3461868166923523,-0.38799792528152468,-0.29062724113464358,0.874639093875885,0.9203271865844727,-0.07114744186401367,0.3846244812011719,-0.04955395683646202,0.9541876316070557,0.2950771450996399],"EasingStyle":"Linear","EasingDirection":"In"},"Head":{"Weight":1,"CFrame":[8.498318493366242e-8,4.889443516731262e-9,1.1920928955078126e-7,0.9814633131027222,-0.19150739908218385,-0.00739112077280879,0.19163306057453156,0.9811590909957886,0.024568384513258935,0.0025468398816883566,-0.02552935481071472,0.9996708631515503],"EasingStyle":"Linear","EasingDirection":"In"},"Right Leg":{"Weight":1,"CFrame":[0.118021659553051,0.14323139190673829,0.3245474100112915,0.6088853478431702,0.3445869982242584,-0.7145057916641235,-0.4224708080291748,0.9032199382781982,0.0755789503455162,0.6713993549346924,0.25583893060684206,0.6955353021621704],"EasingStyle":"Linear","EasingDirection":"In"},"Torso":{"Weight":1,"CFrame":[0.017867937684059144,0.02482503280043602,-0.07582831382751465,0.9994504451751709,0.02462141588330269,0.022194594144821168,-0.02519480511546135,0.999346137046814,0.025936467573046685,-0.02154148742556572,-0.02648140676319599,0.9994171857833862],"EasingStyle":"Linear","EasingDirection":"In"},"HumanoidRootPart":{"Weight":1,"CFrame":[0,0,0,1,0,0,0,1,0,0,0,1],"EasingStyle":"Linear","EasingDirection":"In"},"Left Arm":{"Weight":1,"CFrame":[-0.22902335226535798,-0.8082979321479797,-0.4482024312019348,-0.16171297430992127,0.20665359497070313,-0.9649576544761658,-0.9834948182106018,0.04666920378804207,0.17481409013271333,0.0811598151922226,0.9773005247116089,0.19569560885429383],"EasingStyle":"Linear","EasingDirection":"In"}}},{"Time":0.48275861144065859,"poses":{"Left Leg":{"Weight":1,"CFrame":[-0.4641568064689636,0.11921441555023194,-0.13014966249465943,0.95420241355896,-0.024960141628980638,-0.29811885952949526,0.052091218531131747,0.9951528310775757,0.08341116458177567,0.2945917546749115,-0.09512057155370712,0.9508774280548096],"EasingStyle":"Linear","EasingDirection":"In"},"Right Arm":{"Weight":1,"CFrame":[0.510956883430481,-0.5554839372634888,-0.3461361527442932,-0.4112693667411804,-0.29089000821113589,0.8638522624969482,0.9101799130439758,-0.07980218529701233,0.4064532518386841,-0.04929580166935921,0.9534226655960083,0.2975824177265167],"EasingStyle":"Linear","EasingDirection":"In"},"Head":{"Weight":1,"CFrame":[7.974449545145035e-8,1.1641532182693482e-10,0,0.9851443767547607,-0.1714453101158142,-0.009856325574219227,0.17156805098056794,0.9850817918777466,0.013352870009839535,0.00741999689489603,-0.014845535159111023,0.9998623728752136],"EasingStyle":"Linear","EasingDirection":"In"},"Right Leg":{"Weight":1,"CFrame":[-0.11390528082847595,0.15342223644256593,0.1964355707168579,0.5657811760902405,0.1223071813583374,-0.8154340386390686,-0.17058876156806947,0.9849047660827637,0.029364772140979768,0.8067163825035095,0.1224898174405098,0.5781047940254211],"EasingStyle":"Linear","EasingDirection":"In"},"Torso":{"Weight":1,"CFrame":[0.02238798886537552,0.019297432154417039,-0.07743954658508301,0.9993098974227905,0.02458908036351204,0.02784115821123123,-0.025118328630924226,0.9995073676109314,0.018822241574525834,-0.027364615350961686,-0.01950857602059841,0.9994352459907532],"EasingStyle":"Linear","EasingDirection":"In"},"HumanoidRootPart":{"Weight":1,"CFrame":[0,0,0,1,0,0,0,1,0,0,0,1],"EasingStyle":"Linear","EasingDirection":"In"},"Left Arm":{"Weight":1,"CFrame":[-0.2309441864490509,-0.8042343258857727,-0.44853031635284426,-0.18585512042045594,0.20584893226623536,-0.9607727527618408,-0.9791451096534729,0.04285478591918945,0.19859090447425843,0.08205349743366242,0.9776449799537659,0.19359111785888673],"EasingStyle":"Linear","EasingDirection":"In"}}},{"Time":0.517241358757019,"poses":{"Left Leg":{"Weight":1,"CFrame":[-0.375520795583725,0.14217376708984376,-0.011631190776824952,0.9968419075012207,-0.07941114902496338,0.00027567247161641717,0.07898867130279541,0.9918848872184753,0.0996260792016983,-0.008184893056750298,-0.09928969293832779,0.9950249195098877],"EasingStyle":"Linear","EasingDirection":"In"},"Right Arm":{"Weight":1,"CFrame":[0.5053773522377014,-0.5402793884277344,-0.34599894285202029,-0.44467616081237795,-0.29074186086654665,0.8471909165382385,0.894341230392456,-0.0922083929181099,0.43778011202812197,-0.049162812530994418,0.952347993850708,0.30102527141571047],"EasingStyle":"Linear","EasingDirection":"In"},"Head":{"Weight":1,"CFrame":[8.963979780673981e-8,-3.3760443329811098e-9,4.76837158203125e-7,0.9885366559028626,-0.15046201646327973,-0.01251558680087328,0.15049925446510316,0.9886079430580139,0.0020833841990679504,0.01205954235047102,-0.0039430903270840649,0.9999195337295532],"EasingStyle":"Linear","EasingDirection":"In"},"Right Leg":{"Weight":1,"CFrame":[-0.22172684967517854,0.11443978548049927,0.07803010940551758,0.5478953719139099,-0.022618649527430536,-0.8362410664558411,0.012020067311823368,0.999744176864624,-0.01916564255952835,0.8364605903625488,0.0004490507417358458,0.5480270385742188],"EasingStyle":"Linear","EasingDirection":"In"},"Torso":{"Weight":1,"CFrame":[0.022416051477193834,0.014950238168239594,-0.09545516967773438,0.9993103742599487,0.024505214765667917,0.027900781482458116,-0.02488110400736332,0.9996032118797302,0.013205742463469506,-0.027566103264689447,-0.013890836387872696,0.9995234608650208],"EasingStyle":"Linear","EasingDirection":"In"},"HumanoidRootPart":{"Weight":1,"CFrame":[0,0,0,1,0,0,0,1,0,0,0,1],"EasingStyle":"Linear","EasingDirection":"In"},"Left Arm":{"Weight":1,"CFrame":[-0.23372507095336915,-0.7983509302139282,-0.44877684116363528,-0.22086487710475923,0.2046319842338562,-0.9535956382751465,-0.9717555642127991,0.03716178983449936,0.23304550349712373,0.08312594145536423,0.9781333208084106,0.19064442813396455],"EasingStyle":"Linear","EasingDirection":"In"}}},{"Time":0.5517241358757019,"poses":{"Left Leg":{"Weight":1,"CFrame":[-0.2169579118490219,0.16993659734725953,0.09593522548675537,0.9333021640777588,-0.10753995180130005,0.34261101484298708,0.07523780316114426,0.9914881587028503,0.1062573790550232,-0.3511216938495636,-0.07339297235012055,0.9334490895271301],"EasingStyle":"Linear","EasingDirection":"In"},"Right Arm":{"Weight":1,"CFrame":[0.4990672767162323,-0.5222533941268921,-0.34573155641555788,-0.48374053835868838,-0.289747953414917,0.825857937335968,0.8738177418708801,-0.10666072368621826,0.47441133856773379,-0.04937300458550453,0.9511412382125855,0.304782897233963],"EasingStyle":"Linear","EasingDirection":"In"},"Head":{"Weight":1,"CFrame":[7.601920515298844e-8,3.841705620288849e-9,1.1920928955078126e-7,0.9914741516113281,-0.12940256297588349,-0.01530025340616703,0.12927809357643128,0.9915688037872315,-0.00886682327836752,0.016318639740347863,0.0068132393062114719,0.9998437166213989],"EasingStyle":"Linear","EasingDirection":"In"},"Right Leg":{"Weight":1,"CFrame":[-0.22282123565673829,0.10527759790420532,0.047153353691101077,0.5872489213943481,-0.09326580166816712,-0.804015040397644,0.10744629055261612,0.9935306906700134,-0.03677138313651085,0.802243173122406,-0.06479458510875702,0.5934709906578064],"EasingStyle":"Linear","EasingDirection":"In"},"Torso":{"Weight":1,"CFrame":[0.01904994621872902,0.012222914025187493,-0.12255120277404785,0.9994218349456787,0.02434532344341278,0.0237334705889225,-0.0245797298848629,0.9996514320373535,0.009635385125875473,-0.023490620777010919,-0.010213176719844342,0.9996718764305115],"EasingStyle":"Linear","EasingDirection":"In"},"HumanoidRootPart":{"Weight":1,"CFrame":[0,0,0,1,0,0,0,1,0,0,0,1],"EasingStyle":"Linear","EasingDirection":"In"},"Left Arm":{"Weight":1,"CFrame":[-0.23702196776866914,-0.7913762331008911,-0.44895339012145998,-0.2623694837093353,0.20310914516448975,-0.9433499574661255,-0.9613001346588135,0.030136287212371827,0.2738504409790039,0.08405064791440964,0.9786922335624695,0.18734188377857209],"EasingStyle":"Linear","EasingDirection":"In"}}},{"Time":0.5862069129943848,"poses":{"Left Leg":{"Weight":1,"CFrame":[-0.11808405071496964,0.19205623865127564,0.1356714963912964,0.8472774028778076,-0.12144764512777329,0.5170798301696777,0.07293570786714554,0.9908891916275024,0.11322111636400223,-0.5261192917823792,-0.05821612849831581,0.8484159111976624],"EasingStyle":"Linear","EasingDirection":"In"},"Right Arm":{"Weight":1,"CFrame":[0.49232766032218935,-0.5032871961593628,-0.34529054164886477,-0.5240959525108337,-0.28768831491470339,0.8015977740287781,0.850186288356781,-0.12139879167079926,0.512294590473175,-0.05006807669997215,0.9499987959861755,0.30821311473846438],"EasingStyle":"Linear","EasingDirection":"In"},"Head":{"Weight":1,"CFrame":[8.748611435294151e-8,1.4551915228366852e-9,-1.7881393432617188e-7,0.9938618540763855,-0.10913722962141037,-0.018105247989296914,0.10879089683294296,0.9938807487487793,-0.019124837592244149,0.020081689581274987,0.017037762328982354,0.999653160572052],"EasingStyle":"Linear","EasingDirection":"In"},"Right Leg":{"Weight":1,"CFrame":[-0.13043630123138429,0.13958609104156495,0.07607531547546387,0.7022375464439392,-0.10790665447711945,-0.703717827796936,0.14445702731609345,0.9894821047782898,-0.007571997120976448,0.6971331238746643,-0.0963396355509758,0.7104393243789673],"EasingStyle":"Linear","EasingDirection":"In"},"Torso":{"Weight":1,"CFrame":[0.013941314071416855,0.01146120484918356,-0.14859724044799806,0.9995575547218323,0.024129701778292657,0.01739151030778885,-0.024281011894345285,0.9996687769889832,0.008542449213564396,-0.017179621383547784,-0.008960953913629055,0.9998122453689575],"EasingStyle":"Linear","EasingDirection":"In"},"HumanoidRootPart":{"Weight":1,"CFrame":[0,0,0,1,0,0,0,1,0,0,0,1],"EasingStyle":"Linear","EasingDirection":"In"},"Left Arm":{"Weight":1,"CFrame":[-0.24049091339111329,-0.7840374112129211,-0.4490717649459839,-0.30596232414245608,0.20145376026630402,-0.9304856061935425,-0.9482813477516174,0.022318050265312196,0.31664589047431948,0.08455616980791092,0.9792437553405762,0.18420618772506715],"EasingStyle":"Linear","EasingDirection":"In"}}},{"Time":0.6206896305084229,"poses":{"Left Leg":{"Weight":1,"CFrame":[-0.13949015736579896,0.19708067178726197,0.14240002632141114,0.846606969833374,-0.15103228390216828,0.5103389024734497,0.10089685022830963,0.9870469570159912,0.12473265826702118,-0.5225672125816345,-0.054107967764139178,0.8508794903755188],"EasingStyle":"Linear","EasingDirection":"In"},"Right Arm":{"Weight":1,"CFrame":[0.48545920848846438,-0.485260933637619,-0.3446328639984131,-0.5616724491119385,-0.2846297025680542,0.7768591642379761,0.825768232345581,-0.13464277982711793,0.5477027893066406,-0.05129389092326164,0.9491350054740906,0.31066322326660159],"EasingStyle":"Linear","EasingDirection":"In"},"Head":{"Weight":1,"CFrame":[8.835922926664353e-8,1.8335413187742234e-9,0,0.9956746697425842,-0.09055286645889282,-0.020792150869965555,0.08994952589273453,0.9955436587333679,-0.02832125499844551,0.02326406165957451,0.02632851153612137,0.9993826150894165],"EasingStyle":"Linear","EasingDirection":"In"},"Right Leg":{"Weight":1,"CFrame":[0.011205773800611496,0.17804330587387086,0.07470405101776123,0.8544651865959168,-0.10671330243349076,-0.5084303617477417,0.1644977182149887,0.9838942885398865,0.06994666904211045,0.492777556180954,-0.14340268075466157,0.8582576513290405],"EasingStyle":"Linear","EasingDirection":"In"},"Torso":{"Weight":1,"CFrame":[0.008741959929466248,0.013012219220399857,-0.16345572471618653,0.9996545314788818,0.023908674716949464,0.010927360504865647,-0.024022003635764123,0.9996577501296997,0.010359905660152436,-0.010675929486751557,-0.010618822649121285,0.9998866319656372],"EasingStyle":"Linear","EasingDirection":"In"},"HumanoidRootPart":{"Weight":1,"CFrame":[0,0,0,1,0,0,0,1,0,0,0,1],"EasingStyle":"Linear","EasingDirection":"In"},"Left Arm":{"Weight":1,"CFrame":[-0.24378781020641328,-0.7770622968673706,-0.44914352893829348,-0.34732791781425478,0.19994454085826875,-0.916179895401001,-0.9339338541030884,0.014224277809262276,0.35716283321380618,0.0844447985291481,0.979703962802887,0.18179439008235932],"EasingStyle":"Linear","EasingDirection":"In"}}},{"Time":0.6551724076271057,"poses":{"Left Leg":{"Weight":1,"CFrame":[-0.2433813214302063,0.17554467916488648,0.11498689651489258,0.9115970134735107,-0.18583674728870393,0.36668187379837038,0.14812223613262177,0.9805577397346497,0.12871059775352479,-0.38347190618515017,-0.06301841884851456,0.9214000105857849],"EasingStyle":"Linear","EasingDirection":"In"},"Right Arm":{"Weight":1,"CFrame":[0.4787628948688507,-0.4700562357902527,-0.34371501207351687,-0.5928348302841187,-0.2809164226055145,0.7547403573989868,0.8035773038864136,-0.1446523517370224,0.5773555040359497,-0.05301353335380554,0.9487685561180115,0.3114928901195526],"EasingStyle":"Linear","Eas