{"Sequence":[{"Time":0,"poses":{"Left Leg":{"Weight":1,"CFrame":[-0.9029889106750488,0.22536849975585938,-0.1306931972503662,0.9565829038619995,-0.254628986120224,-0.14182117581367494,0.26097729802131655,0.9649445414543152,0.027805771678686143,0.12976939976215363,-0.06361068040132523,0.9895017147064209],"EasingStyle":"Constant","EasingDirection":"In"},"Right Arm":{"Weight":1,"CFrame":[0.16968873143196107,-0.5668151378631592,-0.37021464109420779,0.16403980553150178,-0.47758540511131289,0.8631357550621033,0.18840797245502473,-0.8437120914459229,-0.5026451945304871,0.968294084072113,0.24507573246955872,-0.04842156916856766],"EasingStyle":"Constant","EasingDirection":"In"},"Left Arm":{"Weight":1,"CFrame":[-0.1696888655424118,-0.5668152570724487,-0.3702145218849182,0.16403917968273164,0.4775855541229248,-0.8631356954574585,-0.18840782344341279,-0.8437120914459229,-0.5026451945304871,-0.9682942032814026,0.2450753152370453,-0.04842093586921692],"EasingStyle":"Constant","EasingDirection":"In"},"Head":{"Weight":1,"CFrame":[8.209943302972533e-8,7.450580596923828e-9,1.1920928955078126e-7,0.9696893692016602,-0.24413670599460603,-0.00999182928353548,0.18268796801567079,0.7515624761581421,-0.6338604688644409,0.1622580587863922,0.6128222346305847,0.7733829617500305],"EasingStyle":"Constant","EasingDirection":"In"},"Torso":{"Weight":1,"CFrame":[-0.023880407214164735,-0.05185231566429138,-0.26082634925842287,0.9083018898963928,0.41406700015068056,-0.05946632847189903,-0.4183153212070465,0.8990773558616638,-0.12912100553512574,9.026022240732346e-8,0.14215651154518128,0.9898442029953003],"EasingStyle":"Constant","EasingDirection":"In"},"HumanoidRootPart":{"Weight":0,"CFrame":[0,0,0,1,0,0,0,1,0,0,0,1],"EasingStyle":"Linear","EasingDirection":"In"},"Right Leg":{"Weight":1,"CFrame":[0.8936635255813599,0.2235395908355713,-0.10830909013748169,0.9594020247459412,0.2560109794139862,0.11834799498319626,-0.2604244649410248,0.9652155041694641,0.02320261485874653,-0.10829110443592072,-0.05308128520846367,0.9927011132240295],"EasingStyle":"Constant","EasingDirection":"In"}}},{"Time":0.01666666753590107,"poses":{"Left Leg":{"Weight":1,"CFrame":[-0.9029889106750488,0.22536849975585938,-0.1306931972503662,0.9565829038619995,-0.254628986120224,-0.14182117581367494,0.26097729802131655,0.9649445414543152,0.027805771678686143,0.12976939976215363,-0.06361068040132523,0.9895017147064209],"EasingStyle":"Constant","EasingDirection":"In"},"Right Arm":{"Weight":1,"CFrame":[0.16968873143196107,-0.5668151378631592,-0.37021464109420779,0.16403980553150178,-0.47758540511131289,0.8631357550621033,0.18840797245502473,-0.8437120914459229,-0.5026451945304871,0.968294084072113,0.24507573246955872,-0.04842156916856766],"EasingStyle":"Constant","EasingDirection":"In"},"Left Arm":{"Weight":1,"CFrame":[-0.1696888655424118,-0.5668152570724487,-0.3702145218849182,0.16403917968273164,0.4775855541229248,-0.8631356954574585,-0.18840782344341279,-0.8437120914459229,-0.5026451945304871,-0.9682942032814026,0.2450753152370453,-0.04842093586921692],"EasingStyle":"Constant","EasingDirection":"In"},"Head":{"Weight":1,"CFrame":[8.209943302972533e-8,7.450580596923828e-9,1.1920928955078126e-7,0.9692765474319458,-0.2455034852027893,-0.01520511694252491,0.18118514120578767,0.7544143795967102,-0.6308969259262085,0.1663583666086197,0.6087585687637329,0.7757176160812378],"EasingStyle":"Constant","EasingDirection":"In"},"Torso":{"Weight":1,"CFrame":[-0.023880407214164735,-0.05185231566429138,-0.26082634925842287,0.9083018898963928,0.41406700015068056,-0.05946632847189903,-0.4183153212070465,0.8990773558616638,-0.12912100553512574,9.026022240732346e-8,0.14215651154518128,0.9898442029953003],"EasingStyle":"Constant","EasingDirection":"In"},"HumanoidRootPart":{"Weight":0,"CFrame":[0,0,0,1,0,0,0,1,0,0,0,1],"EasingStyle":"Linear","EasingDirection":"In"},"Right Leg":{"Weight":1,"CFrame":[0.8936635255813599,0.2235395908355713,-0.10830909013748169,0.9594020247459412,0.2560109794139862,0.11834799498319626,-0.2604244649410248,0.9652155041694641,0.02320261485874653,-0.10829110443592072,-0.05308128520846367,0.9927011132240295],"EasingStyle":"Constant","EasingDirection":"In"}}},{"Time":0.03333333507180214,"poses":{"Left Leg":{"Weight":1,"CFrame":[-0.9029889106750488,0.22536849975585938,-0.1306931972503662,0.9565829038619995,-0.254628986120224,-0.14182117581367494,0.26097729802131655,0.9649445414543152,0.027805771678686143,0.12976939976215363,-0.06361068040132523,0.9895017147064209],"EasingStyle":"Constant","EasingDirection":"In"},"Right Arm":{"Weight":1,"CFrame":[0.16968873143196107,-0.5668151378631592,-0.37021464109420779,0.16403980553150178,-0.47758540511131289,0.8631357550621033,0.18840797245502473,-0.8437120914459229,-0.5026451945304871,0.968294084072113,0.24507573246955872,-0.04842156916856766],"EasingStyle":"Constant","EasingDirection":"In"},"Left Arm":{"Weight":1,"CFrame":[-0.1696888655424118,-0.5668152570724487,-0.3702145218849182,0.16403917968273164,0.4775855541229248,-0.8631356954574585,-0.18840782344341279,-0.8437120914459229,-0.5026451945304871,-0.9682942032814026,0.2450753152370453,-0.04842093586921692],"EasingStyle":"Constant","EasingDirection":"In"},"Head":{"Weight":1,"CFrame":[8.209943302972533e-8,7.450580596923828e-9,1.1920928955078126e-7,0.9685039520263672,-0.247218057513237,-0.029723169282078744,0.17884205281734467,0.7737067341804504,-0.60777747631073,0.17325058579444886,0.5833191275596619,0.7935509085655212],"EasingStyle":"Constant","EasingDirection":"In"},"Torso":{"Weight":1,"CFrame":[-0.023880407214164735,-0.05185231566429138,-0.26082634925842287,0.9083018898963928,0.41406700015068056,-0.05946632847189903,-0.4183153212070465,0.8990773558616638,-0.12912100553512574,9.026022240732346e-8,0.14215651154518128,0.9898442029953003],"EasingStyle":"Constant","EasingDirection":"In"},"HumanoidRootPart":{"Weight":0,"CFrame":[0,0,0,1,0,0,0,1,0,0,0,1],"EasingStyle":"Linear","EasingDirection":"In"},"Right Leg":{"Weight":1,"CFrame":[0.8936635255813599,0.2235395908355713,-0.10830909013748169,0.9594020247459412,0.2560109794139862,0.11834799498319626,-0.2604244649410248,0.9652155041694641,0.02320261485874653,-0.10829110443592072,-0.05308128520846367,0.9927011132240295],"EasingStyle":"Constant","EasingDirection":"In"}}},{"Time":0.05000000074505806,"poses":{"Left Leg":{"Weight":1,"CFrame":[-0.9029889106750488,0.22536849975585938,-0.1306931972503662,0.9565829038619995,-0.254628986120224,-0.14182117581367494,0.26097729802131655,0.9649445414543152,0.027805771678686143,0.12976939976215363,-0.06361068040132523,0.9895017147064209],"EasingStyle":"Constant","EasingDirection":"In"},"Right Arm":{"Weight":1,"CFrame":[0.16968873143196107,-0.5668151378631592,-0.37021464109420779,0.16403980553150178,-0.47758540511131289,0.8631357550621033,0.18840797245502473,-0.8437120914459229,-0.5026451945304871,0.968294084072113,0.24507573246955872,-0.04842156916856766],"EasingStyle":"Constant","EasingDirection":"In"},"Left Arm":{"Weight":1,"CFrame":[-0.1696888655424118,-0.5668152570724487,-0.3702145218849182,0.16403917968273164,0.4775855541229248,-0.8631356954574585,-0.18840782344341279,-0.8437120914459229,-0.5026451945304871,-0.9682942032814026,0.2450753152370453,-0.04842093586921692],"EasingStyle":"Constant","EasingDirection":"In"},"Head":{"Weight":1,"CFrame":[8.209943302972533e-8,7.450580596923828e-9,1.1920928955078126e-7,0.9682202339172363,-0.24468369781970979,-0.051763858646154407,0.17887485027313233,0.8221459984779358,-0.540444016456604,0.17479529976844788,0.5140095949172974,0.8397861123085022],"EasingStyle":"Constant","EasingDirection":"In"},"Torso":{"Weight":1,"CFrame":[-0.023880407214164735,-0.05185231566429138,-0.26082634925842287,0.9083018898963928,0.41406700015068056,-0.05946632847189903,-0.4183153212070465,0.8990773558616638,-0.12912100553512574,9.026022240732346e-8,0.14215651154518128,0.9898442029953003],"EasingStyle":"Constant","EasingDirection":"In"},"HumanoidRootPart":{"Weight":0,"CFrame":[0,0,0,1,0,0,0,1,0,0,0,1],"EasingStyle":"Linear","EasingDirection":"In"},"Right Leg":{"Weight":1,"CFrame":[0.8936635255813599,0.2235395908355713,-0.10830909013748169,0.9594020247459412,0.2560109794139862,0.11834799498319626,-0.2604244649410248,0.9652155041694641,0.02320261485874653,-0.10829110443592072,-0.05308128520846367,0.9927011132240295],"EasingStyle":"Constant","EasingDirection":"In"}}},{"Time":0.06666667014360428,"poses":{"Left Leg":{"Weight":1,"CFrame":[-0.9029889106750488,0.22536849975585938,-0.1306931972503662,0.9565829038619995,-0.254628986120224,-0.14182117581367494,0.26097729802131655,0.9649445414543152,0.027805771678686143,0.12976939976215363,-0.06361068040132523,0.9895017147064209],"EasingStyle":"Constant","EasingDirection":"In"},"Right Arm":{"Weight":1,"CFrame":[0.16968873143196107,-0.5668151378631592,-0.37021464109420779,0.16403980553150178,-0.47758540511131289,0.8631357550621033,0.18840797245502473,-0.8437120914459229,-0.5026451945304871,0.968294084072113,0.24507573246955872,-0.04842156916856766],"EasingStyle":"Constant","EasingDirection":"In"},"Left Arm":{"Weight":1,"CFrame":[-0.1696888655424118,-0.5668152570724487,-0.3702145218849182,0.16403917968273164,0.4775855541229248,-0.8631356954574585,-0.18840782344341279,-0.8437120914459229,-0.5026451945304871,-0.9682942032814026,0.2450753152370453,-0.04842093586921692],"EasingStyle":"Constant","EasingDirection":"In"},"Head":{"Weight":1,"CFrame":[8.209943302972533e-8,7.450580596923828e-9,1.1920928955078126e-7,0.9696893095970154,-0.2315247505903244,-0.07809529453516007,0.18268801271915437,0.8992297649383545,-0.39750587940216067,0.1622580587863922,0.3711901605129242,0.914270281791687],"EasingStyle":"Constant","EasingDirection":"In"},"Torso":{"Weight":1,"CFrame":[-0.023880407214164735,-0.05185231566429138,-0.26082634925842287,0.9083018898963928,0.41406700015068056,-0.05946632847189903,-0.4183153212070465,0.8990773558616638,-0.12912100553512574,9.026022240732346e-8,0.14215651154518128,0.9898442029953003],"EasingStyle":"Constant","EasingDirection":"In"},"HumanoidRootPart":{"Weight":0,"CFrame":[0,0,0,1,0,0,0,1,0,0,0,1],"EasingStyle":"Linear","EasingDirection":"In"},"Right Leg":{"Weight":1,"CFrame":[0.8936635255813599,0.2235395908355713,-0.10830909013748169,0.9594020247459412,0.2560109794139862,0.11834799498319626,-0.2604244649410248,0.9652155041694641,0.02320261485874653,-0.10829110443592072,-0.05308128520846367,0.9927011132240295],"EasingStyle":"Constant","EasingDirection":"In"}}},{"Time":0.0833333358168602,"poses":{"Left Leg":{"Weight":1,"CFrame":[-0.19964763522148133,0.014266550540924073,0.0637199878692627,0.9476907849311829,-0.21180763840675355,0.23878833651542664,0.20799089968204499,0.9772554636001587,0.04137171059846878,-0.24212011694908143,0.01045825146138668,0.9701899886131287],"EasingStyle":"Constant","EasingDirection":"In"},"Right Arm":{"Weight":1,"CFrame":[0.15738250315189362,0.7497318983078003,0.20139336585998536,-0.4322156012058258,-0.1986895054578781,-0.879609227180481,0.3174572288990021,-0.9465086460113525,0.057811371982097629,-0.8440442681312561,-0.25425153970718386,0.4721710979938507],"EasingStyle":"Constant","EasingDirection":"In"},"Left Arm":{"Weight":1,"CFrame":[1.704468566288142e-8,-0.14592599868774415,1.1920928955078126e-7,0.9653089046478272,-0.24332588911056519,0.09471746534109116,0.2233070433139801,0.9573203325271606,0.1834985464811325,-0.1353248953819275,-0.15598176419734956,0.9784462451934815],"EasingStyle":"Constant","EasingDirection":"In"},"Head":{"Weight":1,"CFrame":[9.301584213972092e-8,-2.2062907056863424e-11,1.1920928955078126e-7,0.9770724773406982,-0.19710420072078706,0.08049508929252625,0.196438729763031,0.98038250207901,0.016183380037546159,-0.08210579305887222,1.7549607989053585e-8,0.9966236352920532],"EasingStyle":"Constant","EasingDirection":"In"},"Torso":{"Weight":1,"CFrame":[0.01732426881790161,-0.003448682837188244,-0.023267745971679689,0.9803420305252075,0.19523566961288453,0.02850523591041565,-0.19515319168567658,0.9807563424110413,-0.005674436688423157,-0.029064543545246125,1.2423736484024062e-9,0.999577522277832],"EasingStyle":"Constant","EasingDirection":"In"},"HumanoidRootPart":{"Weight":0,"CFrame":[0,0,0,1,0,0,0,1,0,0,0,1],"EasingStyle":"Linear","EasingDirection":"In"},"Right Leg":{"Weight":1,"CFrame":[-0.0011471966281533242,-0.019910573959350587,0.01874101161956787,0.9647611975669861,0.019542274996638299,-0.2624005675315857,-0.03414677828550339,0.9981038570404053,-0.05121229216456413,0.26090207695961,0.05836771801114082,0.9635990858078003],"EasingStyle":"Constant","EasingDirection":"In"}}},{"Time":0.10000000149011612,"poses":{"Left Leg":{"Weight":1,"CFrame":[-0.19982509315013886,0.014266133308410645,0.06376373767852783,0.947670578956604,-0.21189777553081513,0.23878847062587739,0.2080835998058319,0.9772356152534485,0.04137260466814041,-0.24211938679218293,0.010480430908501149,0.9701899290084839],"EasingStyle":"Constant","EasingDirection":"In"},"Right Arm":{"Weight":1,"CFrame":[0.14597924053668977,0.658069372177124,0.19137299060821534,-0.4322156012058258,-0.1986895054578781,-0.879609227180481,0.3174572288990021,-0.9465086460113525,0.057811371982097629,-0.8440442681312561,-0.25425153970718386,0.4721710979938507],"EasingStyle":"Constant","EasingDirection":"In"},"Left Arm":{"Weight":1,"CFrame":[1.7044650135744633e-8,-0.14592605829238892,0,0.9653089046478272,-0.241383895277977,0.09956248849630356,0.2233070284128189,0.960797131061554,0.16432543098926545,-0.1353248804807663,-0.13639186322689057,0.9813686609268189],"EasingStyle":"Constant","EasingDirection":"In"},"Head":{"Weight":1,"CFrame":[9.511131793260575e-8,1.8405464929927007e-9,1.1920928955078126e-7,0.978519856929779,-0.19710420072078706,0.06040683761239052,0.19672976434230805,0.98038250207901,0.012144668959081173,-0.061615582555532458,1.8015269276361324e-8,0.9980999827384949],"EasingStyle":"Constant","EasingDirection":"In"},"Torso":{"Weight":1,"CFrame":[0.017323173582553865,-0.0034484639763832094,-0.02330613136291504,0.9803420305252075,0.19523566961288453,0.02850523591041565,-0.19515319168567658,0.9807563424110413,-0.005674436688423157,-0.029064543545246125,1.2423736484024062e-9,0.999577522277832],"EasingStyle":"Constant","EasingDirection":"In"},"HumanoidRootPart":{"Weight":0,"CFrame":[0,0,0,1,0,0,0,1,0,0,0,1],"EasingStyle":"Linear","EasingDirection":"In"},"Right Leg":{"Weight":1,"CFrame":[-0.0007403949275612831,-0.019888639450073243,0.018852949142456056,0.964756965637207,0.019748754799365999,-0.2624005079269409,-0.03436063975095749,0.9980965256690979,-0.05121330916881561,0.2608895003795624,0.058424610644578937,0.9635991454124451],"EasingStyle":"Constant","EasingDirection":"In"}}},{"Time":0.11666666716337204,"poses":{"Left Leg":{"Weight":1,"CFrame":[-0.2002483308315277,0.014264941215515137,0.06386804580688477,0.9476224184036255,-0.2121126651763916,0.2387886792421341,0.20830482244491578,0.9771884083747864,0.04137459397315979,-0.24211765825748444,0.010533380322158337,0.9701898097991943],"EasingStyle":"Constant","EasingDirection":"In"},"Right Arm":{"Weight":1,"CFrame":[0.14118479192256928,0.6195288896560669,0.18716025352478028,-0.4322156012058258,-0.1986895054578781,-0.879609227180481,0.3174572288990021,-0.9465086460113525,0.057811371982097629,-0.8440442681312561,-0.25425153970718386,0.4721710979938507],"EasingStyle":"Constant","EasingDirection":"In"},"Left Arm":{"Weight":1,"CFrame":[3.2877050415436318e-8,-0.1459261178970337,1.1920928955078126e-7,0.9653089046478272,-0.24053852260112763,0.10158783197402954,0.2233070284128189,0.9621443152427673,0.15624402463436128,-0.1353248804807663,-0.12813851237297059,0.9824804663658142],"EasingStyle":"Constant","EasingDirection":"In"},"Head":{"Weight":1,"CFrame":[9.813811630010605e-8,1.840461338886712e-9,-2.384185791015625e-7,0.9790050387382507,-0.19710423052310944,0.05195259302854538,0.19682732224464417,0.98038250207901,0.010444959625601769,-0.05299216881394386,1.856096609742508e-8,0.9985949993133545],"EasingStyle":"Constant","EasingDirection":"In"},"Torso":{"Weight":1,"CFrame":[0.01732056587934494,-0.0034479452297091486,-0.02339768409729004,0.9803420305252075,0.19523566961288453,0.02850523591041565,-0.19515319168567658,0.9807563424110413,-0.005674436688423157,-0.029064543545246125,1.2423736484024062e-9,0.999577522277832],"EasingStyle":"Constant","EasingDirection":"In"},"HumanoidRootPart":{"Weight":0,"CFrame":[0,0,0,1,0,0,0,1,0,0,0,1],"EasingStyle":"Linear","EasingDirection":"In"},"Right Leg":{"Weight":1,"CFrame":[0.00039650313556194305,-0.01982700824737549,0.019165754318237306,0.9647451043128967,0.020326033234596254,-0.2624002993106842,-0.034958481788635257,0.9980756640434265,-0.05121568590402603,0.26085421442985537,0.05858314782381058,0.9635990262031555],"EasingStyle":"Constant","EasingDirection":"In"}}},{"Time":0.13333334028720857,"poses":{"Left Leg":{"Weight":1,"CFrame":[-0.20125028491020204,0.014263451099395752,0.06411492824554444,0.9475082755088806,-0.2126215249300003,0.23878923058509828,0.20882830023765565,0.977076530456543,0.04137929528951645,-0.24211351573467256,0.010658768936991692,0.9701893925666809],"EasingStyle":"Constant","EasingDirection":"In"},"Right Arm":{"Weight":1,"CFrame":[0.13916900753974915,0.6033251285552979,0.18538904190063477,-0.4322156012058258,-0.1986895054578781,-0.879609227180481,0.3174572288990021,-0.9465086460113525,0.057811371982097629,-0.8440442681312561,-0.25425153970718386,0.4721710979938507],"EasingStyle":"Constant","EasingDirection":"In"},"Left Arm":{"Weight":1,"CFrame":[3.2876847910756626e-8,-0.14592605829238892,1.1920928955078126e-7,0.9653089046478272,-0.24017800390720368,0.10243722796440125,0.22330701351165772,0.9626904726028442,0.1528429538011551,-0.1353248804807663,-0.124665766954422,0.9829270839691162],"EasingStyle":"Constant","EasingDirection":"In"},"Head":{"Weight":1,"CFrame":[9.557697921991348e-8,9.089362595915418e-10,1.1920928955078126e-7,0.9791873097419739,-0.19710423052310944,0.04839693382382393,0.19686394929885865,0.98038250207901,0.009730100631713868,-0.04936536028981209,1.949592665084765e-8,0.9987807869911194],"EasingStyle":"Constant","EasingDirection":"In"},"Torso":{"Weight":1,"CFrame":[0.017314359545707704,-0.0034467102959752084,-0.023615121841430665,0.9803420305252075,0.19523566961288453,0.02850523591041565,-0.19515319168567658,0.9807563424110413,-0.005674436688423157,-0.029064543545246125,1.2423736484024062e-9,0.999577522277832],"EasingStyle":"Constant","EasingDirection":"In"},"HumanoidRootPart":{"Weight":0,"CFrame":[0,0,0,1,0,0,0,1,0,0,0,1],"EasingStyle":"Linear","EasingDirection":"In"},"Right Leg":{"Weight":1,"CFrame":[0.002720741555094719,-0.019699692726135255,0.0198056697845459,0.9647195935249329,0.021505771204829217,-0.262399822473526,-0.03618048503994942,0.9980317950248718,-0.05122143775224686,0.26078176498413088,0.058908019214868548,0.9635988473892212],"EasingStyle":"Constant","EasingDirection":"In"}}},{"Time":0.15000000596046449,"poses":{"Left Leg":{"Weight":1,"CFrame":[-0.20362290740013123,0.0142594575881958,0.06469941139221192,0.9472367763519287,-0.2138264924287796,0.23879051208496095,0.21006810665130616,0.9768102765083313,0.04139047861099243,-0.2421034574508667,0.01095566712319851,0.970188558101654],"EasingStyle":"Constant","EasingDirection":"In"},"Right Arm":{"Weight":1,"CFrame":[0.13832144439220429,0.5965114831924439,0.18464434146881104,-0.4322156012058258,-0.1986895054578781,-0.879609227180481,0.3174572288990021,-0.9465086460113525,0.057811371982097629,-0.8440442681312561,-0.25425153970718386,0.4721710979938507],"EasingStyle":"Constant","EasingDirection":"In"},"Left Arm":{"Weight":1,"CFrame":[3.101371959246535e-8,-0.14592602849006654,1.1920928955078126e-7,0.9653089046478272,-0.24002555012702943,0.10279396176338196,0.2233070284128189,0.9629164934158325,0.1514124572277069,-0.1353248804807663,-0.12320522218942642,0.9831112623214722],"EasingStyle":"Constant","EasingDirection":"In"},"Head":{"Weight":1,"CFrame":[8.85920599102974e-8,9.084542007542495e-10,1.1920928955078126e-7,0.9792600274085999,-0.19710423052310944,0.046901799738407138,0.1968785673379898,0.98038250207901,0.009429505094885826,-0.04784030467271805,1.856096609742508e-8,0.9988550543785095],"EasingStyle":"Constant","EasingDirection":"In"},"Torso":{"Weight":1,"CFrame":[0.017299607396125795,-0.003443772904574871,-0.024132490158081056,0.9803420305252075,0.19523566961288453,0.02850523591041565,-0.19515319168567658,0.9807563424110413,-0.005674436688423157,-0.029064543545246125,1.2423736484024062e-9,0.999577522277832],"EasingStyle":"Constant","EasingDirection":"In"},"HumanoidRootPart":{"Weight":0,"CFrame":[0,0,0,1,0,0,0,1,0,0,0,1],"EasingStyle":"Linear","EasingDirection":"In"},"Right Leg":{"Weight":1,"CFrame":[0.008101671934127808,-0.019403457641601564,0.021286725997924806,0.9646551012992859,0.024237049743533136,-0.26239895820617678,-0.039009641855955127,0.9979244470596314,-0.051234934478998187,0.2606123685836792,0.05966010317206383,0.963598370552063],"EasingStyle":"Constant","EasingDirection":"In"}}},{"Time":0.1666666716337204,"poses":{"Left Leg":{"Weight":1,"CFrame":[-0.20937031507492066,0.014253556728363037,0.06611526012420654,0.9465727806091309,-0.21674321591854096,0.23879361152648927,0.2130693793296814,0.976158857345581,0.041417136788368228,-0.24207741022109986,0.011675278656184674,0.9701866507530212],"EasingStyle":"Constant","EasingDirection":"In"},"Right Arm":{"Weight":1,"CFrame":[0.13796508312225343,0.5936468839645386,0.18433105945587159,-0.4322156012058258,-0.1986895054578781,-0.879609227180481,0.3174572288990021,-0.9465086460113525,0.057811371982097629,-0.8440442681312561,-0.25425153970718386,0.4721710979938507],"EasingStyle":"Constant","EasingDirection":"In"},"Left Arm":{"Weight":1,"CFrame":[1.7974057797687238e-8,-0.1459261178970337,0,0.9653089046478272,-0.23996128141880036,0.10294386744499207,0.22330699861049653,0.9630109667778015,0.15081088244915009,-0.1353248804807663,-0.1225910633802414,0.9831879734992981],"EasingStyle":"Constant","EasingDirection":"In"},"Head":{"Weight":1,"CFrame":[9.255018085241318e-8,9.073084505928364e-10,0,0.9792899489402771,-0.19710421562194825,0.04627314209938049,0.19688455760478974,0.98038250207901,0.00930311344563961,-0.0471990592777729,1.8990247596661903e-8,0.9988855123519898],"EasingStyle":"Constant","EasingDirection":"In"},"Torso":{"Weight":1,"CFrame":[0.017264515161514283,-0.003436787985265255,-0.02536296844482422,0.9803420305252075,0.19523566961288453,0.02850523591041565,-0.19515319168567658,0.9807563424110413,-0.005674436688423157,-0.029064543545246125,1.2423736484024062e-9,0.999577522277832],"EasingStyle":"Constant","EasingDirection":"In"},"HumanoidRootPart":{"Weight":0,"CFrame":[0,0,0,1,0,0,0,1,0,0,0,1],"EasingStyle":"Linear","EasingDirection":"In"},"Right Leg":{"Weight":1,"CFrame":[0.020255906507372857,-0.0187222957611084,0.024633169174194337,0.964480996131897,0.030406435951590539,-0.26239654421806338,-0.04540012776851654,0.9976525902748108,-0.05126725137233734,0.2602216303348541,0.06135910004377365,0.963597297668457],"EasingStyle":"Constant","EasingDirection":"In"}}},{"Time":0.18333333730697633,"poses":{"Left Leg":{"Weight":1,"CFrame":[-0.2222805917263031,0.014254093170166016,0.06929540634155274,0.9450458884239197,-0.22329920530319215,0.2388010323047638,0.21981476247310639,0.9746593832969666,0.04148078337311745,-0.24201232194900514,0.013290785253047943,0.9701821804046631],"EasingStyle":"Constant","EasingDirection":"In"},"Right Arm":{"Weight":1,"CFrame":[0.13781528174877168,0.5924428701400757,0.18419957160949708,-0.4322156012058258,-0.1986895054578781,-0.879609227180481,0.3174572288990021,-0.9465086460113525,0.057811371982097629,-0.8440442681312561,-0.25425153970718386,0.4721710979938507],"EasingStyle":"Constant","EasingDirection":"In"},"Left Arm":{"Weight":1,"CFrame":[1.704000851532328e-8,-0.14592620730400086,0,0.9653089046478272,-0.23993422091007234,0.10300689190626145,0.22330701351165772,0.9630504846572876,0.15055795013904572,-0.1353248953819275,-0.12233284115791321,0.9832201600074768],"EasingStyle":"Constant","EasingDirection":"In"},"Head":{"Weight":1,"CFrame":[9.487848728895188e-8,9.045825200004742e-10,-5.960464477539063e-8,0.9793024063110352,-0.19710421562194825,0.04600882530212402,0.1968870759010315,0.98038250207901,0.0092499740421772,-0.046929460018873218,1.852094833054707e-8,0.9988982081413269],"EasingStyle":"Constant","EasingDirection":"In"},"Torso":{"Weight":1,"CFrame":[0.01718105375766754,-0.003420173190534115,-0.028289794921875,0.9803420305252075,0.19523566961288453,0.02850523591041565,-0.19515319168567658,0.9807563424110413,-0.005674436688423157,-0.029064543545246125,1.2423736484024062e-9,0.999577522277832],"EasingStyle":"Constant","EasingDirection":"In"},"HumanoidRootPart":{"Weight":0,"CFrame":[0,0,0,1,0,0,0,1,0,0,0,1],"EasingStyle":"Linear","EasingDirection":"In"},"Right Leg":{"Weight":1,"CFrame":[0.045863181352615359,-0.01723158359527588,0.03168642520904541,0.9639850854873657,0.043404221534729007,-0.26239100098609927,-0.058863937854766849,0.9969447255134583,-0.051344238221645358,0.25936073064804079,0.06494039297103882,0.9635946750640869],"EasingStyle":"Constant","EasingDirection":"In"}}},{"Time":0.20000000298023225,"poses":{"Left Leg":{"Weight":1,"CFrame":[-0.2512204349040985,0.014327168464660645,0.07642245292663574,0.941447913646698,-0.23799464106559754,0.2388186901807785,0.23493434488773347,0.971119225025177,0.041632819920778278,-0.24182987213134767,0.016911569982767106,0.9701712727546692],"EasingStyle":"Constant","EasingDirection":"In"},"Right Arm":{"Weight":1,"CFrame":[0.1377522498369217,0.5919365882873535,0.1841440200805664,-0.4322156012058258,-0.1986895054578781,-0.879609227180481,0.3174572288990021,-0.9465086460113525,0.057811371982097629,-0.8440442681312561,-0.25425153970718386,0.4721710979938507],"EasingStyle":"Constant","EasingDirection":"In"},"Left Arm":{"Weight":1,"CFrame":[2.132364951279442e-9,-0.1459261178970337,0,0.9653089046478272,-0.23992286622524262,0.1030334010720253,0.22330701351165772,0.9630670547485352,0.1504516303539276,-0.1353248804807663,-0.12222425639629364,0.9832336902618408],"EasingStyle":"Constant","EasingDirection":"In"},"Head":{"Weight":1,"CFrame":[9.080395102500916e-8,1.8294222803305616e-9,-2.384185791015625e-7,0.9793075919151306,-0.19710421562194825,0.04589769244194031,0.19688810408115388,0.98038250207901,0.009227631613612175,-0.04681609943509102,1.8990247596661903e-8,0.9989036321640015],"EasingStyle":"Constant","EasingDirection":"In"},"Torso":{"Weight":1,"CFrame":[0.0169825479388237,-0.00338065717369318,-0.03525066375732422,0.9803420305252075,0.19523566961288453,0.02850523591041565,-0.19515319168567658,0.9807563424110413,-0.005674436688423157,-0.029064543545246125,1.2423736484024062e-9,0.999577522277832],"EasingStyle":"Constant","EasingDirection":"In"},"HumanoidRootPart":{"Weight":0,"CFrame":[0,0,0,1,0,0,0,1,0,0,0,1],"EasingStyle":"Linear","EasingDirection":"In"},"Right Leg":{"Weight":1,"CFrame":[0.0957115888595581,-0.014111995697021485,0.04542875289916992,0.9625163078308106,0.06870578229427338,-0.26237764954566958,-0.0850740298628807,0.9950414299964905,-0.051528144627809528,0.25753623247146609,0.07191813737154007,0.9635885953903198],"EasingStyle":"Constant","EasingDirection":"In"}}},{"Time":0.21666666865348817,"poses":{"Left Leg":{"Weight":1,"CFrame":[-0.31202900409698489,0.014808833599090577,0.09138977527618408,0.933087170124054,-0.26887497305870058,0.23886126279830934,0.2667038142681122,0.962863028049469,0.041999056935310367,-0.24128323793411256,0.024516496807336808,0.9701451063156128],"EasingStyle":"Constant","EasingDirection":"In"},"Right Arm":{"Weight":1,"CFrame":[0.13772578537464143,0.5917235612869263,0.18412089347839356,-0.4322156012058258,-0.1986895054578781,-0.879609227180481,0.3174572288990021,-0.9465086460113525,0.057811371982097629,-0.8440442681312561,-0.25425153970718386,0.4721710979938507],"EasingStyle":"Constant","EasingDirection":"In"},"Left Arm":{"Weight":1,"CFrame":[3.098794465472565e-8,-0.14592605829238892,1.1920928955078126e-7,0.9653089046478272,-0.23991814255714417,0.10304456949234009,0.2233070433139801,0.9630741477012634,0.15040692687034608,-0.13532491028308869,-0.12217862904071808,0.9832393527030945],"EasingStyle":"Constant","EasingDirection":"In"},"Head":{"Weight":1,"CFrame":[9.243376553058624e-8,-4.864197933329706e-11,1.1920928955078126e-7,0.9793098568916321,-0.19710420072078706,0.0458509624004364,0.19688855111598969,0.98038250207901,0.009218236431479454,-0.0467684343457222,1.8950229829783895e-8,0.9989058375358582],"EasingStyle":"Constant","EasingDirection":"In"},"Torso":{"Weight":1,"CFrame":[0.016510412096977235,-0.00328667089343071,-0.05180668830871582,0.9803420305252075,0.19523566961288453,0.02850523591041565,-0.19515319168567658,0.9807563424110413,-0.005674436688423157,-0.029064543545246125,1.2423736484024062e-9,0.999577522277832],"EasingStyle":"Constant","EasingDirection":"In"},"HumanoidRootPart":{"Weight":0,"CFrame":[0,0,0,1,0,0,0,1,0,0,0,1],"EasingStyle":"Linear","EasingDirection":"In"},"Right Leg":{"Weight":1,"CFrame":[0.18409910798072816,-0.007841825485229493,0.06983697414398194,0.9582679271697998,0.11356652528047562,-0.2623455822467804,-0.1315491944551468,0.9899463653564453,-0.051971010863780978,0.25380584597587588,0.08431345224380493,0.9635734558105469],"EasingStyle":"Constant","EasingDirection":"In"}}},{"Time":0.23333333432674409,"poses":{"Left Leg":{"Weight":1,"CFrame":[-0.31202900409698489,0.014808833599090577,0.09138977527618408,0.933087170124054,-0.26887497305870058,0.23886126279830934,0.2667038142681122,0.962863028049469,0.041999056935310367,-0.24128323793411256,0.024516496807336808,0.9701451063156128],"EasingStyle":"Constant","EasingDirection":"In"},"Right Arm":{"Weight":1,"CFrame":[0.13772578537464143,0.5917235612869263,0.18412089347839356,-0.4322156012058258,-0.1986895054578781,-0.879609227180481,0.3174572288990021,-0.9465086460113525,0.057811371982097629,-0.8440442681312561,-0.25425153970718386,0.4721710979938507],"EasingStyle":"Constant","EasingDirection":"In"},"Left Arm":{"Weight":1,"CFrame":[3.098794465472565e-8,-0.14592605829238892,1.1920928955078126e-7,0.9653089046478272,-0.23991814255714417,0.10304456949234009,0.2233070433139801,0.9630741477012634,0.15040692687034608,-0.13532491028308869,-0.12217862904071808,0.9832393527030945],"EasingStyle":"Constant","EasingDirection":"In"},"Head":{"Weight":1,"CFrame":[9.243376553058624e-8,-4.864197933329706e-11,1.1920928955078126e-7,0.9793098568916321,-0.19710420072078706,0.0458509624004364,0.19688855111598969,0.98038250207901,0.009218236431479454,-0.0467684343457222,1.8950229829783895e-8,0.9989058375358582],"EasingStyle":"Constant","EasingDirection":"In"},"Torso":{"Weight":1,"CFrame":[0.016510412096977235,-0.00328667089343071,-0.05180668830871582,0.9803420305252075,0.19523566961288453,0.02850523591041565,-0.19515319168567658,0.9807563424110413,-0.005674436688423157,-0.029064543545246125,1.2423736484024062e-9,0.999577522277832],"EasingStyle":"Constant","EasingDirection":"In"},"HumanoidRootPart":{"Weight":0,"CFrame":[0,0,0,1,0,0,0,1,0,0,0,1],"EasingStyle":"Linear","EasingDirection":"In"},"Right Leg":{"Weight":1,"CFrame":[0.18409910798072816,-0.007841825485229493,0.06983697414398194,0.9582679271697998,0.11356652528047562,-0.2623455822467804,-0.1315491944551468,0.9899463653564453,-0.051971010863780978,0.25380584597587588,0.08431345224380493,0.9635734558105469],"EasingStyle":"Constant","EasingDirection":"In"}}},{"Time":0.25,"poses":{"Left Leg":{"Weight":1,"CFrame":[-0.31202900409698489,0.014808833599090577,0.09138977527618408,0.933087170124054,-0.26887497305870058,0.23886126279830934,0.2667038142681122,0.962863028049469,0.041999056935310367,-0.24128323793411256,0.024516496807336808,0.9701451063156128],"EasingStyle":"Constant","EasingDirection":"In"},"Right Arm":{"Weight":1,"CFrame":[0.13772578537464143,0.5917235612869263,0.18412089347839356,-0.4322156012058258,-0.1986895054578781,-0.879609227180481,0.3174572288990021,-0.9465086460113525,0.057811371982097629,-0.8440442681312561,-0.25425153970718386,0.4721710979938507],"EasingStyle":"Constant","EasingDirection":"In"},"Left Arm":{"Weight":1,"CFrame":[3.098794465472565e-8,-0.14592605829238892,1.1920928955078126e-7,0.9653089046478272,-0.23991814255714417,0.10304456949234009,0.2233070433139801,0.9630741477012634,0.15040692687034608,-0.13532491028308869,-0.12217862904071808,0.9832393527030945],"EasingStyle":"Constant","EasingDirection":"In"},"Head":{"Weight":1,"CFrame":[9.243376553058624e-8,-4.864197933329706e-11,1.1920928955078126e-7,0.9793098568916321,-0.19710420072078706,0.0458509624004364,0.19688855111598969,0.98038250207901,0.009218236431479454,-0.0467684343457222,1.8950229829783895e-8,0.9989058375358582],"EasingStyle":"Constant","EasingDirection":"In"},"Torso":{"Weight":1,"CFrame":[0.016510412096977235,-0.00328667089343071,-0.05180668830871582,0.9803420305252075,0.19523566961288453,0.02850523591041565,-0.19515319168567658,0.9807563424110413,-0.005674436688423157,-0.029064543545246125,1.2423736484024062e-9,0.999577522277832],"EasingStyle":"Constant","EasingDirection":"In"},"HumanoidRootPart":{"Weight":0,"CFrame":[0,0,0,1,0,0,0,1,0,0,0,1],"EasingStyle":"Linear","EasingDirection":"In"},"Right Leg":{"Weight":1,"CFrame":[0.18409910798072816,-0.007841825485229493,0.06983697414398194,0.9582679271697998,0.11356652528047562,-0.2623455822467804,-0.1315491944551468,0.9899463653564453,-0.051971010863780978,0.25380584597587588,0.08431345224380493,0.9635734558105469],"EasingStyle":"Constant","EasingDirection":"In"}}},{"Time":0.2666666805744171,"poses":{"Left Leg":{"Weight":1,"CFrame":[-0.31202900409698489,0.014808833599090577,0.09138977527618408,0.933087170124054,-0.26887497305870058,0.23886126279830934,0.2667038142681122,0.962863028049469,0.041999056935310367,-0.24128323793411256,0.024516496807336808,0.9701451063156128],"EasingStyle":"Constant","EasingDirection":"In"},"Right Arm":{"Weight":1,"CFrame":[0.13772578537464143,0.5917235612869263,0.18412089347839356,-0.4322156012058258,-0.1986895054578781,-0.879609227180481,0.3174572288990021,-0.9465086460113525,0.057811371982097629,-0.8440442681312561,-0.25425153970718386,0.4721710979938507],"EasingStyle":"Constant","EasingDirection":"In"},"Left Arm":{"Weight":1,"CFrame":[3.098794465472565e-8,-0.14592605829238892,1.1920928955078126e-7,0.9653089046478272,-0.23991814255714417,0.10304456949234009,0.2233070433139801,0.9630741477012634,0.15040692687034608,-0.13532491028308869,-0.12217862904071808,0.9832393527030945],"EasingStyle":"Constant","EasingDirection":"In"},"Head":{"Weight":1,"CFrame":[9.243376553058624e-8,-4.864197933329706e-11,1.1920928955078126e-7,0.9793098568916321,-0.19710420072078706,0.0458509624004364,0.19688855111598969,0.98038250207901,0.009218236431479454,-0.0467684343457222,1.8950229829783895e-8,0.9989058375358582],"EasingStyle":"Constant","EasingDirection":"In"},"Torso":{"Weight":1,"CFrame":[0.016510412096977235,-0.00328667089343071,-0.05180668830871582,0.9803420305252075,0.19523566961288453,0.02850523591041565,-0.19515319168567658,0.9807563424110413,-0.005674436688423157,-0.029064543545246125,1.2423736484024062e-9,0.999577522277832],"EasingStyle":"Constant","EasingDirection":"In"},"HumanoidRootPart":{"Weight":0,"CFrame":[0,0,0,1,0,0,0,1,0,0,0,1],"EasingStyle":"Linear","EasingDirection":"In"},"Right Leg":{"Weight":1,"CFrame":[0.18409910798072816,-0.007841825485229493,0.06983697414398194,0.9582679271697998,0.11356652528047562,-0.2623455822467804,-0.1315491944551468,0.9899463653564453,-0.051971010863780978,0.25380584597587588,0.08431345224380493,0.9635734558105469],"EasingStyle":"Constant","EasingDirection":"In"}}},{"Time":0.28333333134651186,"poses":{"Left Leg":{"Weight":1,"CFrame":[-0.31202900409698489,0.014808833599090577,0.09138977527618408,0.933087170124054,-0.26887497305870058,0.23886126279830934,0.2667038142681122,0.962863028049469,0.041999056935310367,-0.24128323793411256,0.024516496807336808,0.9701451063156128],"EasingStyle":"Constant","EasingDirection":"In"},"Right Arm":{"Weight":1,"CFrame":[0.13772578537464143,0.5917235612869263,0.18412089347839356,-0.4322156012058258,-0.1986895054578781,-0.879609227180481,0.3174572288990021,-0.9465086460113525,0.057811371982097629,-0.8440442681312561,-0.25425153970718386,0.4721710979938507],"EasingStyle":"Constant","EasingDirection":"In"},"Left Arm":{"Weight":1,"CFrame":[3.098794465472565e-8,-0.14592605829238892,1.1920928955078126e-7,0.9653089046478272,-0.23991814255714417,0.10304456949234009,0.2233070433139801,0.9630741477012634,0.15040692687034608,-0.13532491028308869,-0.12217862904071808,0.9832393527030945],"EasingStyle":"Constant","EasingDirection":"In"},"Head":{"Weight":1,"CFrame":[9.243376553058624e-8,-4.864197933329706e-11,1.1920928955078126e-7,0.9793098568916321,-0.19710420072078706,0.0458509624004364,0.19688855111598969,0.98038250207901,0.009218236431479454,-0.0467684343457222,1.8950229829783895e-8,0.9989058375358582],"EasingStyle":"Constant","EasingDirection":"In"},"Torso":{"Weight":1,"CFrame":[0.016510412096977235,-0.00328667089343071,-0.05180668830871582,0.9803420305252075,0.19523566961288453,0.02850523591041565,-0.19515319168567658,0.9807563424110413,-0.005674436688423157,-0.029064543545246125,1.2423736484024062e-9,0.999577522277832],"EasingStyle":"Constant","EasingDirection":"In"},"HumanoidRootPart":{"Weight":0,"CFrame":[0,0,0,1,0,0,0,1,0,0,0,1],"EasingStyle":"Linear","EasingDirection":"In"},"Right Leg":{"Weight":1,"CFrame":[0.18409910798072816,-0.007841825485229493,0.06983697414398194,0.9582679271697998,0.11356652528047562,-0.2623455822467804,-0.1315491944551468,0.9899463653564453,-0.051971010863780978,0.25380584597587588,0.08431345224380493,0.9635734558105469],"EasingStyle":"Constant","EasingDirection":"In"}}},{"Time":0.30000001192092898,"poses":{"Left Leg":{"Weight":1,"CFrame":[-0.31202900409698489,0.014808833599090577,0.09138977527618408,0.933087170124054,-0.26887497305870058,0.23886126279830934,0.2667038142681122,0.962863028049469,0.041999056935310367,-0.24128323793411256,0.024516496807336808,0.9701451063156128],"EasingStyle":"Constant","EasingDirection":"In"},"Right Arm":{"Weight":1,"CFrame":[0.13772578537464143,0.5917235612869263,0.18412089347839356,-0.4322156012058258,-0.1986895054578781,-0.879609227180481,0.3174572288990021,-0.9465086460113525,0.057811371982097629,-0.8440442681312561,-0.25425153970718386,0.4721710979938507],"EasingStyle":"Constant","EasingDirection":"In"},"Left Arm":{"Weight":1,"CFrame":[3.098794465472565e-8,-0.14592605829238892,1.1920928955078126e-7,0.9653089046478272,-0.23991814255714417,0.10304456949234009,0.2233070433139801,0.9630741477012634,0.15040692687034608,-0.13532491028308869,-0.12217862904071808,0.9832393527030945],"EasingStyle":"Constant","EasingDirection":"In"},"Head":{"Weight":1,"CFrame":[9.243376553058624e-8,-4.864197933329706e-11,1.1920928955078126e-7,0.9793098568916321,-0.19710420072078706,0.0458509624004364,0.19688855111598969,0.98038250207901,0.009218236431479454,-0.0467684343457222,1.8950229829783895e-8,0.9989058375358582],"EasingStyle":"Constant","EasingDirection":"In"},"Torso":{"Weight":1,"CFrame":[0.016510412096977235,-0.00328667089343071,-0.05180668830871582,0.9803420305252075,0.19523566961288453,0.02850523591041565,-0.19515319168567658,0.9807563424110413,-0.005674436688423157,-0.029064543545246125,1.2423736484024062e-9,0.999577522277832],"EasingStyle":"Constant","EasingDirection":"In"},"HumanoidRootPart":{"Weight":0,"CFrame":[0,0,0,1,0,0,0,1,0,0,0,1],"EasingStyle":"Linear","EasingDirection":"In"},"Right Leg":{"Weight":1,"CFrame":[0.18409910798072816,-0.007841825485229493,0.06983697414398194,0.9582679271697998,0.11356652528047562,-0.2623455822467804,-0.1315491944551468,0.9899463653564453,-0.051971010863780978,0.25380584597587588,0.08431345224380493,0.9635734558105469],"EasingStyle":"Constant","EasingDirection":"In"}}},{"Time":0.3166666626930237,"poses":{"Left Leg":{"Weight":1,"CFrame":[-0.31202900409698489,0.014808833599090577,0.09138977527618408,0.933087170124054,-0.26887497305870058,0.23886126279830934,0.2667038142681122,0.962863028049469,0.041999056935310367,-0.24128323793411256,0.024516496807336808,0.9701451063156128],"EasingStyle":"Constant","Ea