{"Sequence":[{"Time":0,"poses":{"Left Leg":{"Weight":1,"CFrame":[-0.1448248028755188,-0.4065593481063843,0.05023348331451416,-0.14119143784046174,-0.9896281361579895,0.026479894295334817,0.9856707453727722,-0.13803260028362275,0.09695492684841156,-0.09229423105716706,0.039789676666259769,0.9949365258216858],"EasingStyle":"Linear","EasingDirection":"In"},"Right Arm":{"Weight":1,"CFrame":[-0.27020153403282168,-0.10761111974716187,0.0864182710647583,0.2059018611907959,0.9751989841461182,0.08118785917758942,-0.5863654017448425,0.056530021131038669,0.8080718517303467,0.7834411263465881,-0.21398921310901643,0.583462655544281],"EasingStyle":"Linear","EasingDirection":"In"},"Head":{"Weight":1,"CFrame":[1.0229996405541897e-7,-1.523294486105442e-7,0,0.992139458656311,-0.11795088648796082,-0.041795387864112857,0.12508386373519898,0.9250355958938599,0.3586966395378113,-0.0036463662981987,-0.3611050546169281,0.9325180053710938],"EasingStyle":"Linear","EasingDirection":"In"},"Right Leg":{"Weight":1,"CFrame":[0.1862393319606781,-0.46283936500549319,0.05285966396331787,-0.061917535960674289,0.9958803653717041,0.06624673306941986,-0.9933551549911499,-0.06794001162052155,0.09289611876010895,0.09701428562402725,-0.060054607689380649,0.9934695959091187],"EasingStyle":"Linear","EasingDirection":"In"},"Torso":{"Weight":1,"CFrame":[0.02008332684636116,0.20221424102783204,0.4646947383880615,0.9994759559631348,0.03234997019171715,0.0011384449899196625,-0.00021502203890122473,-0.02853391133248806,0.9995927810668945,0.032369282096624377,-0.9990692138671875,-0.028512002900242807],"EasingStyle":"Linear","EasingDirection":"In"},"HumanoidRootPart":{"Weight":1,"CFrame":[0,0,0,1,0,0,0,1,0,0,0,1],"EasingStyle":"Linear","EasingDirection":"In"},"Left Arm":{"Weight":1,"CFrame":[0.40131494402885439,-0.04468727111816406,0.08917629718780518,0.030580002814531328,-0.9974707961082459,-0.06416266411542893,0.8447744846343994,-0.008518883027136326,0.535054624080658,-0.5342480540275574,-0.07056502252817154,0.8423773646354675],"EasingStyle":"Linear","EasingDirection":"In"}}},{"Time":0.03333333507180214,"poses":{"Left Leg":{"Weight":1,"CFrame":[-0.14279793202877046,-0.4056735038757324,0.049948811531066897,-0.14110924303531648,-0.9895933866500855,0.028164785355329515,0.9857786893844605,-0.13782905042171479,0.09614303708076477,-0.09126060456037522,0.04133089631795883,0.9949690103530884],"EasingStyle":"Linear","EasingDirection":"In"},"Right Arm":{"Weight":1,"CFrame":[-0.27442845702171328,-0.10761085152626038,0.08641839027404785,0.20503346621990205,0.9753323197364807,0.0817820131778717,-0.589137077331543,0.056258298456668857,0.8060722351074219,0.7815873026847839,-0.21345254778862,0.5861393809318543],"EasingStyle":"Linear","EasingDirection":"In"},"Head":{"Weight":1,"CFrame":[7.8580342233181e-8,1.92900188267231e-7,1.1920928955078126e-7,0.9920188784599304,-0.11889638006687164,-0.04197891056537628,0.12599818408489228,0.9220748543739319,0.36592668294906618,-0.00479965889826417,-0.36829549074172976,0.9296964406967163],"EasingStyle":"Linear","EasingDirection":"In"},"Right Leg":{"Weight":1,"CFrame":[0.19206741452217103,-0.4685230255126953,0.05280470848083496,-0.06640098989009857,0.9954427480697632,0.06844481825828552,-0.992952287197113,-0.07267192751169205,0.09361974149942398,0.09816718101501465,-0.06174599751830101,0.9932525753974915],"EasingStyle":"Linear","EasingDirection":"In"},"Torso":{"Weight":1,"CFrame":[0.019432811066508294,0.201462984085083,0.4674222469329834,0.9994206428527832,0.034033648669719699,0.0003253014583606273,0.000662561331409961,-0.02901073917746544,0.9995789527893066,0.03402875363826752,-0.9989995360374451,-0.029016485437750818],"EasingStyle":"Linear","EasingDirection":"In"},"HumanoidRootPart":{"Weight":1,"CFrame":[0,0,0,1,0,0,0,1,0,0,0,1],"EasingStyle":"Linear","EasingDirection":"In"},"Left Arm":{"Weight":1,"CFrame":[0.4004242718219757,-0.044661879539489749,0.08917629718780518,0.031477827578783038,-0.9974531531333923,-0.06400317698717118,0.8446179628372192,-0.0076946052722632889,0.5353142023086548,-0.5344433188438416,-0.07090885937213898,0.8422245979309082],"EasingStyle":"Linear","EasingDirection":"In"}}},{"Time":0.06666667014360428,"poses":{"Left Leg":{"Weight":1,"CFrame":[-0.1414884775876999,-0.4053010940551758,0.04969584941864014,-0.14071263372898103,-0.9896034002304077,0.02975218929350376,0.9859315156936646,-0.13732562959194184,0.0952926054596901,-0.09021616727113724,0.04274255037307739,0.9950045943260193],"EasingStyle":"Linear","EasingDirection":"In"},"Right Arm":{"Weight":1,"CFrame":[-0.2786126732826233,-0.10761111974716187,0.0864182710647583,0.2044917494058609,0.9754085540771484,0.08222728967666626,-0.5921945571899414,0.05638965591788292,0.8038195967674255,0.7794156074523926,-0.21306899189949037,0.5891628861427307],"EasingStyle":"Linear","EasingDirection":"In"},"Head":{"Weight":1,"CFrame":[8.917413651943207e-8,3.103632479906082e-7,-5.960464477539063e-8,0.9919039607048035,-0.11978822201490402,-0.04215912148356438,0.12685364484786988,0.9192253947257996,0.37273696064949038,-0.005895766895264387,-0.3750672936439514,0.9269789457321167],"EasingStyle":"Linear","EasingDirection":"In"},"Right Leg":{"Weight":1,"CFrame":[0.19817432761192323,-0.4741690158843994,0.05279338359832764,-0.07058468461036682,0.9950152635574341,0.0704457238316536,-0.9925457239151001,-0.07709230482578278,0.09439246356487274,0.09935283660888672,-0.06325797736644745,0.9930394887924194],"EasingStyle":"Linear","EasingDirection":"In"},"Torso":{"Weight":1,"CFrame":[0.018743619322776796,0.20081639289855958,0.47059178352355959,0.9993678331375122,0.03555043414235115,-0.0005361894727684557,0.0015701372176408768,-0.02906237728893757,0.9995764493942261,0.035519789904356,-0.9989452958106995,-0.02909982204437256],"EasingStyle":"Linear","EasingDirection":"In"},"HumanoidRootPart":{"Weight":1,"CFrame":[0,0,0,1,0,0,0,1,0,0,0,1],"EasingStyle":"Linear","EasingDirection":"In"},"Left Arm":{"Weight":1,"CFrame":[0.3989766836166382,-0.04458776116371155,0.08917617797851563,0.03286593779921532,-0.9974179267883301,-0.06385485827922821,0.8443598747253418,-0.006475465837866068,0.5357373356819153,-0.5347675681114197,-0.07152408361434937,0.8419668674468994],"EasingStyle":"Linear","EasingDirection":"In"}}},{"Time":0.10000000149011612,"poses":{"Left Leg":{"Weight":1,"CFrame":[-0.1408921331167221,-0.4054393768310547,0.04947459697723389,-0.1400056928396225,-0.9896581768989563,0.031226642429828645,0.9861279726028442,-0.13652759790420533,0.09440307319164276,-0.08916349709033966,0.04401041194796562,0.9950442910194397],"EasingStyle":"Linear","EasingDirection":"In"},"Right Arm":{"Weight":1,"CFrame":[-0.2827325165271759,-0.10761123895645142,0.0864182710647583,0.20426404476165772,0.9754317402839661,0.08251741528511048,-0.5955142378807068,0.0569169744849205,0.8013259172439575,0.7769421339035034,-0.2128223180770874,0.5925097465515137],"EasingStyle":"Linear","EasingDirection":"In"},"Head":{"Weight":1,"CFrame":[9.289942681789398e-8,-3.3993273973464969e-8,-1.7881393432617188e-7,0.9917955994606018,-0.12062085419893265,-0.04233359917998314,0.12764617800712586,0.9165148735046387,0.37908709049224856,-0.006926428992301226,-0.3813805878162384,0.9243922233581543],"EasingStyle":"Linear","EasingDirection":"In"},"Right Leg":{"Weight":1,"CFrame":[0.20452278852462769,-0.47971975803375246,0.05283164978027344,-0.0744345635175705,0.9946065545082092,0.07223185896873474,-0.9921423196792603,-0.08116497099399567,0.09521528333425522,0.10056453943252564,-0.06457699090242386,0.992832601070404],"EasingStyle":"Linear","EasingDirection":"In"},"Torso":{"Weight":1,"CFrame":[0.018015701323747636,0.20028066635131837,0.4741818904876709,0.9993184804916382,0.03688527271151543,-0.001446086447685957,0.0025055722799152138,-0.028693832457065584,0.9995851516723633,0.03682847321033478,-0.9989075064659119,-0.0287666954100132],"EasingStyle":"Linear","EasingDirection":"In"},"HumanoidRootPart":{"Weight":1,"CFrame":[0,0,0,1,0,0,0,1,0,0,0,1],"EasingStyle":"Linear","EasingDirection":"In"},"Left Arm":{"Weight":1,"CFrame":[0.397003173828125,-0.04446735978126526,0.08917641639709473,0.034720148891210559,-0.9973638653755188,-0.06371641159057617,0.8440033197402954,-0.004881049506366253,0.5363156199455261,-0.5352129340171814,-0.072397880256176,0.8416091203689575],"EasingStyle":"Linear","EasingDirection":"In"}}},{"Time":0.13333334028720857,"poses":{"Left Leg":{"Weight":1,"CFrame":[-0.1410071849822998,-0.40608036518096926,0.049283623695373538,-0.138992041349411,-0.9897576570510864,0.03257240727543831,0.9863665103912354,-0.1354396492242813,0.0934741348028183,-0.08810514956712723,0.04512050747871399,0.9950888156890869],"EasingStyle":"Linear","EasingDirection":"In"},"Right Arm":{"Weight":1,"CFrame":[-0.28676795959472659,-0.10761111974716187,0.08641815185546875,0.2043362557888031,0.9754061102867127,0.08264291286468506,-0.599071204662323,0.05783525109291077,0.7986042499542236,0.7741836905479431,-0.21269269287586213,0.5961555242538452],"EasingStyle":"Linear","EasingDirection":"In"},"Head":{"Weight":1,"CFrame":[1.019798219203949e-7,-4.115281626582146e-8,-5.960464477539063e-8,0.9916948676109314,-0.12138873338699341,-0.04249982908368111,0.12837181985378266,0.9139718413352966,0.3849366307258606,-0.007883329875767231,-0.3871954083442688,0.9219639897346497],"EasingStyle":"Linear","EasingDirection":"In"},"Right Leg":{"Weight":1,"CFrame":[0.2110743224620819,-0.4851205348968506,0.0529254674911499,-0.07791950553655625,0.9942255616188049,0.07378442585468292,-0.9917491674423218,-0.08485644310712815,0.0960891917347908,0.10179543495178223,-0.06568843871355057,0.9926342964172363],"EasingStyle":"Linear","EasingDirection":"In"},"Torso":{"Weight":1,"CFrame":[0.017249243333935739,0.19986200332641602,0.47817158699035647,0.999273955821991,0.038022853434085849,-0.0024041607975959779,0.0034669518936425449,-0.027910105884075166,0.9996044635772705,0.03794070705771446,-0.9988870620727539,-0.028021665289998056],"EasingStyle":"Linear","EasingDirection":"In"},"HumanoidRootPart":{"Weight":1,"CFrame":[0,0,0,1,0,0,0,1,0,0,0,1],"EasingStyle":"Linear","EasingDirection":"In"},"Left Arm":{"Weight":1,"CFrame":[0.39453595876693728,-0.04430308938026428,0.08917617797851563,0.037017881870269778,-0.9972895383834839,-0.06358658522367478,0.8435506224632263,-0.002930072136223316,0.5370417833328247,-0.535772442817688,-0.07351868599653244,0.8411557674407959],"EasingStyle":"Linear","EasingDirection":"In"}}},{"Time":0.1666666716337204,"poses":{"Left Leg":{"Weight":1,"CFrame":[-0.14183294773101808,-0.4072068929672241,0.04912114143371582,-0.13767075538635255,-0.9899020195007324,0.03377541899681091,0.9866457581520081,-0.1340615451335907,0.09250812232494354,-0.08704602718353272,0.04606004059314728,0.995138943195343],"EasingStyle":"Linear","EasingDirection":"In"},"Right Arm":{"Weight":1,"CFrame":[-0.2906967103481293,-0.10761088132858277,0.0864182710647583,0.2046964019536972,0.9753343462944031,0.08259829878807068,-0.6028383374214172,0.05913644656538963,0.7956687211990356,0.7711584568023682,-0.212663933634758,0.6000739932060242],"EasingStyle":"Linear","EasingDirection":"In"},"Head":{"Weight":1,"CFrame":[8.89413058757782e-8,3.550667315721512e-9,1.1920928955078126e-7,0.9916024208068848,-0.12208662927150727,-0.04265541210770607,0.1290268450975418,0.9116247892379761,0.39024651050567629,-0.00875814724713564,-0.3924730122089386,0.9197219014167786],"EasingStyle":"Linear","EasingDirection":"In"},"Right Leg":{"Weight":1,"CFrame":[0.21779555082321168,-0.4903215169906616,0.05308032035827637,-0.08100970089435578,0.9938810467720032,0.07508689165115357,-0.9913732409477234,-0.08813446015119553,0.0970122218132019,0.10303643345832825,-0.06658025830984116,0.992446780204773],"EasingStyle":"Linear","EasingDirection":"In"},"Torso":{"Weight":1,"CFrame":[0.016446372494101526,0.19956636428833009,0.48253941535949709,0.9992353916168213,0.03894967585802078,-0.0034077477175742389,0.004450500477105379,-0.026716547086834909,0.9996331930160523,0.03884434327483177,-0.9988839626312256,-0.02686946466565132],"EasingStyle":"Linear","EasingDirection":"In"},"HumanoidRootPart":{"Weight":1,"CFrame":[0,0,0,1,0,0,0,1,0,0,0,1],"EasingStyle":"Linear","EasingDirection":"In"},"Left Arm":{"Weight":1,"CFrame":[0.39160436391830447,-0.04409721493721008,0.08917641639709473,0.03973539546132088,-0.9971928596496582,-0.06346340477466583,0.8430038094520569,-0.0006421508733183146,0.5379071235656738,-0.5364379286766052,-0.07487396895885468,0.8406118750572205],"EasingStyle":"Linear","EasingDirection":"In"}}},{"Time":0.20000000298023225,"poses":{"Left Leg":{"Weight":1,"CFrame":[-0.143361896276474,-0.4087902307510376,0.0489884614944458,-0.13604174554347993,-0.9900907278060913,0.034828316420316699,0.9869635701179504,-0.13239288330078126,0.09151558578014374,-0.08599776774644852,0.04682421311736107,0.9951944351196289],"EasingStyle":"Linear","EasingDirection":"In"},"Right Arm":{"Weight":1,"CFrame":[-0.2944983243942261,-0.10761111974716187,0.08641815185546875,0.20533844828605653,0.9752171635627747,0.08238781243562699,-0.6067801713943481,0.060806430876255038,0.7925404906272888,0.7678894400596619,-0.2127303183078766,0.6042283177375794],"EasingStyle":"Linear","EasingDirection":"In"},"Head":{"Weight":1,"CFrame":[8.847564458847046e-8,-8.472125045955181e-8,0,0.9915195107460022,-0.12270905077457428,-0.04279777407646179,0.1296074390411377,0.9095026254653931,0.3949771821498871,-0.00954257883131504,-0.3971744775772095,0.917693555355072],"EasingStyle":"Linear","EasingDirection":"In"},"Right Leg":{"Weight":1,"CFrame":[0.22465911507606507,-0.4952831268310547,0.05329477787017822,-0.0836750939488411,0.9935808777809143,0.07612968236207962,-0.9910227656364441,-0.09096657484769821,0.0979742482304573,0.10427068918943405,-0.06724830716848374,0.9922727942466736],"EasingStyle":"Linear","EasingDirection":"In"},"Torso":{"Weight":1,"CFrame":[0.01561625674366951,0.19939970970153809,0.48726511001586916,0.9992033243179321,0.03966021537780762,-0.00444539450109005,0.005444450303912163,-0.02511812373995781,0.9996697306632996,0.03953545168042183,-0.9988975524902344,-0.02531404234468937],"EasingStyle":"Linear","EasingDirection":"In"},"HumanoidRootPart":{"Weight":1,"CFrame":[0,0,0,1,0,0,0,1,0,0,0,1],"EasingStyle":"Linear","EasingDirection":"In"},"Left Arm":{"Weight":1,"CFrame":[0.38824063539505007,-0.04385337233543396,0.08917629718780518,0.042850952595472339,-0.9970713257789612,-0.06334567070007324,0.8423644304275513,0.001964602153748274,0.5389047265052795,-0.5372020602226257,-0.07645279914140701,0.8399816155433655],"EasingStyle":"Linear","EasingDirection":"In"}}},{"Time":0.23333333432674409,"poses":{"Left Leg":{"Weight":1,"CFrame":[-0.14558860659599305,-0.4107952117919922,0.04888880252838135,-0.13410095870494843,-0.9903234839439392,0.035725437104701999,0.987317681312561,-0.13042886555194856,0.09051000326871872,-0.08497455716133118,0.04740985855460167,0.995254635810852],"EasingStyle":"Linear","EasingDirection":"In"},"Right Arm":{"Weight":1,"CFrame":[-0.29815104603767397,-0.10761108994483948,0.0864182710647583,0.2062576711177826,0.9750542640686035,0.08201925456523895,-0.6108593344688416,0.06282849609851837,0.7892425060272217,0.7644010186195374,-0.2128894180059433,0.608579695224762],"EasingStyle":"Linear","EasingDirection":"In"},"Head":{"Weight":1,"CFrame":[1.0244548320770264e-7,-1.7820275388658048e-7,-5.960464477539063e-8,0.991446852684021,-0.12325049936771393,-0.042924411594867709,0.13010987639427186,0.9076337218284607,0.3990895748138428,-0.010228356346487999,-0.4012610912322998,0.9159066677093506],"EasingStyle":"Linear","EasingDirection":"In"},"Right Leg":{"Weight":1,"CFrame":[0.23164260387420655,-0.49997031688690188,0.05356752872467041,-0.08588613569736481,0.9933324456214905,0.07690500468015671,-0.990705668926239,-0.09332078695297241,0.09896247088909149,0.10547947883605957,-0.06769075244665146,0.9921150207519531],"EasingStyle":"Linear","EasingDirection":"In"},"Torso":{"Weight":1,"CFrame":[0.014770060777664185,0.19936656951904298,0.4923274517059326,0.9991784691810608,0.04015091061592102,-0.005503141321241856,0.006435135845094919,-0.02311999350786209,0.9997120499610901,0.04001209884881973,-0.9989261627197266,-0.023359375074505807],"EasingStyle":"Linear","EasingDirection":"In"},"HumanoidRootPart":{"Weight":1,"CFrame":[0,0,0,1,0,0,0,1,0,0,0,1],"EasingStyle":"Linear","EasingDirection":"In"},"Left Arm":{"Weight":1,"CFrame":[0.38447487354278567,-0.04357326030731201,0.08917629718780518,0.04634302854537964,-0.9969223737716675,-0.06323137879371643,0.8416336178779602,0.004872191697359085,0.5400269627571106,-0.5380567908287048,-0.0782441794872284,0.8392691612243652],"EasingStyle":"Linear","EasingDirection":"In"}}},{"Time":0.2666666805744171,"poses":{"Left Leg":{"Weight":1,"CFrame":[-0.14850054681301118,-0.41319215297698977,0.048822641372680667,-0.13187114894390107,-0.9905962347984314,0.03645847737789154,0.9877023100852966,-0.12819179892539979,0.08950439095497132,-0.08398903906345368,0.04781316593289375,0.9953188896179199],"EasingStyle":"Linear","EasingDirection":"In"},"Right Arm":{"Weight":1,"CFrame":[-0.30163371562957766,-0.10761114954948425,0.0864182710647583,0.20745016634464265,0.9748448133468628,0.08149992674589157,-0.6150400042533875,0.0651874989271164,0.7857967615127564,0.7607169151306152,-0.21313931047916413,0.6130917072296143],"EasingStyle":"Linear","EasingDirection":"In"},"Head":{"Weight":1,"CFrame":[9.173527359962464e-8,3.571331035345793e-7,0,0.9913854002952576,-0.12370576709508896,-0.04303291067481041,0.13053028285503388,0.9060463309288025,0.4025443494319916,-0.01080725621432066,-0.40469375252723696,0.9143885374069214],"EasingStyle":"Linear","EasingDirection":"In"},"Right Leg":{"Weight":1,"CFrame":[0.2387169450521469,-0.5043655633926392,0.05389666557312012,-0.08764519542455673,0.9931396842002869,0.07740709185600281,-0.9904265999794006,-0.09519705176353455,0.09996356815099716,0.10664674639701843,-0.06790471076965332,0.9919756054878235],"EasingStyle":"Linear","EasingDirection":"In"},"Torso":{"Weight":1,"CFrame":[0.013919252902269364,0.19943952560424806,0.49770569801330569,0.9991613030433655,0.04041818156838417,-0.0065666488371789459,0.007409073878079653,-0.02072826400399208,0.999757707118988,0.04027227312326431,-0.9989678263664246,-0.021010341122746469],"EasingStyle":"Linear","EasingDirection":"In"},"HumanoidRootPart":{"Weight":1,"CFrame":[0,0,0,1,0,0,0,1,0,0,0,1],"EasingStyle":"Linear","EasingDirection":"In"},"Left Arm":{"Weight":1,"CFrame":[0.3803386688232422,-0.04325968027114868,0.08917641639709473,0.05018845200538635,-0.9967433214187622,-0.06311876326799393,0.8408129811286926,0.008061346597969532,0.5412658452987671,-0.5389941930770874,-0.08023639768362045,0.8384791612625122],"EasingStyle":"Linear","EasingDirection":"In"}}},{"Time":0.30000001192092898,"poses":{"Left Leg":{"Weight":1,"CFrame":[-0.15208706259727479,-0.4159529209136963,0.04879152774810791,-0.12938088178634644,-0.9909037351608276,0.03701947256922722,0.9881106019020081,-0.1257094442844391,0.08851300925016403,-0.08305422961711884,0.048031266778707507,0.9953868985176086],"EasingStyle":"Linear","EasingDirection":"In"},"Right Arm":{"Weight":1,"CFrame":[-0.3049248456954956,-0.10761088132858277,0.0864182710647583,0.20891182124614716,0.9745877981185913,0.08083714544773102,-0.619287371635437,0.06786808371543884,0.7822256088256836,0.7568613886833191,-0.21347764134407044,0.6177285313606262],"EasingStyle":"Linear","EasingDirection":"In"},"Head":{"Weight":1,"CFrame":[1.1920928955078126e-7,-3.051100065931678e-7,1.1920928955078126e-7,0.9913361668586731,-0.12406942993402481,-0.04312090948224068,0.13086479902267457,0.9047676920890808,0.4053020477294922,-0.011271191760897637,-0.40743356943130495,0.9131653308868408],"EasingStyle":"Linear","EasingDirection":"In"},"Right Leg":{"Weight":1,"CFrame":[0.2458525449037552,-0.5084577798843384,0.05428123474121094,-0.08896231651306153,0.993005096912384,0.07763099670410156,-0.9901889562606812,-0.09660309553146362,0.10096355527639389,0.10775682330131531,-0.06788743287324906,0.9918566942214966],"EasingStyle":"Linear","EasingDirection":"In"},"Torso":{"Weight":1,"CFrame":[0.013075705617666245,0.1995844841003418,0.5033755302429199,0.9991522431373596,0.040458571165800098,-0.007621078751981258,0.008352965116500855,-0.017951717600226404,0.9998040199279785,0.04031383618712425,-0.9990199208259583,-0.018274448812007905],"EasingStyle":"Linear","EasingDirection":"In"},"HumanoidRootPart":{"Weight":1,"CFrame":[0,0,0,1,0,0,0,1,0,0,0,1],"EasingStyle":"Linear","EasingDirection":"In"},"Left Arm":{"Weight":1,"CFrame":[0.37586161494255068,-0.0429149866104126,0.08917629718780518,0.05436599254608154,-0.9965312480926514,-0.06300603598356247,0.8399030566215515,0.01151413843035698,0.5426141023635864,-0.5400066375732422,-0.08241890370845795,0.8376157879829407],"EasingStyle":"Linear","EasingDirection":"In"}}},{"Time":0.3333333432674408,"poses":{"Left Leg":{"Weight":1,"CFrame":[-0.15632978081703187,-0.41903138160705569,0.04879593849182129,-0.12664401531219483,-0.9912428855895996,0.03740076348185539,0.9885379076004028,-0.12299507111310959,0.087550088763237,-0.0821833536028862,0.048059768974781039,0.9954578280448914],"EasingStyle":"Linear","EasingDirection":"In"},"Right Arm":{"Weight":1,"CFrame":[-0.30800381302833559,-0.10761094093322754,0.08641839027404785,0.210638627409935,0.974281907081604,0.08003833889961243,-0.6235678791999817,0.07085567712783814,0.7785515189170837,0.7528575658798218,-0.2139022946357727,0.6224560737609863],"EasingStyle":"Linear","EasingDirection":"In"},"Head":{"Weight":1,"CFrame":[8.731149137020111e-8,4.4274202082306149e-7,1.1920928955078126e-7,0.9912999272346497,-0.12433599680662155,-0.04318613186478615,0.13110925257205964,0.9038245677947998,0.4073224663734436,-0.011612153612077237,-0.409440815448761,0.9122627973556519],"EasingStyle":"Linear","EasingDirection":"In"},"Right Leg":{"Weight":1,"CFrame":[0.2530074715614319,-0.5122284889221191,0.05472087860107422,-0.08983815461397171,0.9929310083389282,0.0775710716843605,-0.9899965524673462,-0.09753713011741638,0.1019475907087326,0.10879308730363846,-0.06763637065887451,0.9917608499526978],"EasingStyle":"Linear","EasingDirection":"In"},"Torso":{"Weight":1,"CFrame":[0.012251805514097214,0.1997976303100586,0.5093026161193848,0.9991514086723328,0.04026901349425316,-0.008650955744087696,0.009254013188183308,-0.0148136205971241,0.9998474717140198,0.040134724229574206,-0.9990791082382202,-0.015173700638115406],"EasingStyle":"Linear","EasingDirection":"In"},"HumanoidRootPart":{"Weight":1,"CFrame":[0,0,0,1,0,0,0,1,0,0,0,1],"EasingStyle":"Linear","EasingDirection":"In"},"Left Arm":{"Weight":1,"CFrame":[0.37107622623443606,-0.042542099952697757,0.08917629718780518,0.058853305876255038,-0.9962836503982544,-0.06289137154817581,0.8389055132865906,0.0152119817212224,0.5440644025802612,-0.5410858988761902,-0.0847800076007843,0.8366830945014954],"EasingStyle":"Linear","EasingDirection":"In"}}},{"Time":0.36666667461395266,"poses":{"Left Leg":{"Weight":1,"CFrame":[-0.16121359169483186,-0.4223839044570923,0.048834800720214847,-0.12367869913578034,-0.9916099905967712,0.037594303488731387,0.988978922367096,-0.12006618082523346,0.086630679666996,-0.08139009028673172,0.04789433628320694,0.9955309629440308],"EasingStyle":"Linear","EasingDirection":"In"},"Right Arm":{"Weight":1,"CFrame":[-0.31084826588630679,-0.10761108994483948,0.08641839027404785,0.2126273363828659,0.973925769329071,0.07910963147878647,-0.6278489828109741,0.07413696497678757,0.774796187877655,0.7487291097640991,-0.21441175043582917,0.6272420287132263],"EasingStyle":"Linear","EasingDirection":"In"},"Head":{"Weight":1,"CFrame":[9.19681042432785e-8,-3.2522802939638498e-7,0,0.9912776350975037,-0.12450001388788223,-0.043226614594459537,0.13125938177108766,0.9032416343688965,0.4085654020309448,-0.011822319589555264,-0.41067561507225039,0.911704957485199],"EasingStyle":"Linear","EasingDirection":"In"},"Right Leg":{"Weight":1,"CFrame":[0.26013994216918948,-0.5156635046005249,0.055214524269104007,-0.09027756750583649,0.9929183125495911,0.07722273468971253,-0.989852249622345,-0.0980016365647316,0.10289981961250305,0.10973913967609406,-0.06714962422847748,0.9916895627975464],"EasingStyle":"Linear","EasingDirection":"In"},"Torso":{"Weight":1,"CFrame":[0.011460255831480027,0.2000744342803955,0.5154478549957275,0.9991593956947327,0.03984673321247101,-0.009640397503972054,0.010099681094288826,-0.011341068893671036,0.9998847842216492,0.039732810109853747,-0.9991414546966553,-0.011733976192772389],"EasingStyle":"Linear","EasingDirection":"In"},"HumanoidRootPart":{"Weight":1,"CFrame":[0,0,0,1,0,0,0,1,0,0,0,1],"EasingStyle":"Linear","EasingDirection":"In"},"Left Arm":{"Weight":1,"CFrame":[0.3660120368003845,-0.042143672704696658,0.08917641639709473,0.06362808495759964,-0.995997428894043,-0.06277330964803696,0.8378212451934815,0.019135912880301477,0.545609176158905,-0.5422242879867554,-0.08730896562337876,0.8356854319572449],"EasingStyle":"Linear","EasingDirection":"In"}}},{"Time":0.4000000059604645,"poses":{"Left Leg":{"Weight":1,"CFrame":[-0.1667173057794571,-0.4259617328643799,0.04890644550323486,-0.12050269544124603,-0.9920009970664978,0.03759264573454857,0.9894284605979919,-0.11693990975618363,0.08576958626508713,-0.0806874930858612,0.047530680894851688,0.9956055283546448],"EasingStyle":"Linear","EasingDirection":"In"},"Right Arm":{"Weight":1,"CFrame":[-0.3134380280971527,-0.10761097073554993,0.08641815185546875,0.2148747444152832,0.9735172986984253,0.07805808633565903,-0.6320993900299072,0.07769834995269776,0.7709819674491882,0.7444993257522583,-0.215005025267601,0.6320551037788391],"EasingStyle":"Linear","EasingDirection":"In"},"Head":{"Weight":1,"CFrame":[9.94768925011158e-8,-1.0765688784886152e-8,-1.1920928955078126e-7,0.9912699460983276,-0.12455590814352036,-0.04324045404791832,0.13131047785282136,0.9030423760414124,0.40898898243904116,-0.011894028633832932,-0.41109633445739748,0.911514401435852],"EasingStyle":"Linear","EasingDirection":"In"},"Right Leg":{"Weight":1,"CFrame":[0.26720449328422549,-0.5187537670135498,0.05576026439666748,-0.09028993546962738,0.9929668307304382,0.07658104598522186,-0.9897575378417969,-0.0980038046836853,0.10380411148071289,0.11057937145233154,-0.06642422825098038,0.9916451573371887],"EasingStyle":"Linear","EasingDirection":"In"},"Torso":{"Weight":1,"CFrame":[0.010714005678892136,0.20041108131408692,0.5217728614807129,0.9991759657859802,0.0391891747713089,-0.010573207400739193,0.010877592489123345,-0.00756203243508935,0.9999123215675354,0.03910578787326813,-0.9992032647132874,-0.007982084527611733],"EasingStyle":"Linear","EasingDirection":"In"},"HumanoidRootPart":{"Weight":1,"CFrame":[0,0,0,1,0,0,0,1,0,0,0,1],"EasingStyle":"Linear","EasingDirection":"In"},"Left Arm":{"Weight":1,"CFrame":[0.3607008457183838,-0.04172191023826599,0.08917629718780518,0.06866737455129624,-0.9956706166267395,-0.06264974176883698,0.8366521000862122,0.023266971111297609,0.5472402572631836,-0.543413519859314,-0.08999369293451309,0.834627628326416],"EasingStyle":"Linear","EasingDirection":"In"}}},{"Time":0.4333333373069763,"poses":{"Left Leg":{"Weight":1,"CFrame":[-0.17282135784626008,-0.42971646785736086,0.04900836944580078,-0.11713023483753205,-0.9924124479293823,0.0373910553753376,0.989882230758667,-0.11362984776496887,0.08498001098632813,-0.08008649945259094,0.04696644842624664,0.9956808686256409],"EasingStyle":"Linear","EasingDirection":"In"},"Right Arm":{"Weight":1,"CFrame":[-0.31575196981430056,-0.10761106014251709,0.0864182710647583,0.21737699210643769,0.9730545878410339,0.0768895372748375,-0.6362890005111694,0.08152686804533005,0.7671307921409607,0.740191638469696,-0.21568052470684052,0.63686603307724],"EasingStyle":"Linear","EasingDirection":"In"},"Head":{"Weight":1,"CFrame":[8.963979780673981e-8,1.0721123544499278e-8,-5.960464477539063e-8,0.9912776350975037,-0.12449999153614044,-0.043226588517427447,0.13125936686992646,0.9032416343688965,0.4085652530193329,-0.011822312138974667,-0.41067546606063845,0.9117050170898438],"EasingStyle":"Linear","EasingDirection":"In"},"Right Leg":{"Weight":1,"CFrame":[0.2741568982601166,-0.5214885473251343,0.056358933448791507,-0.08988095819950104,0.9930758476257324,0.07564426213502884,-0.9897139668464661,-0.0975477322936058,0.10464653372764588,0.11130093038082123,-0.06546042859554291,0.9916285276412964],"EasingStyle":"Linear","EasingDirection":"In"},"Torso":{"Weight":1,"CFrame":[0.010024204850196839,0.20080327987670899,0.5282397270202637,0.9992009997367859,0.03829658403992653,-0.011435460299253464,0.011578038334846497,-0.003503274405375123,0.9999269247055054,0.03825371712446213,-0.9992603659629822,-0.003943874500691891],"EasingStyle":"Linear","EasingDirection":"In"},"HumanoidRootPart":{"Weight":1,"CFrame":[0,0,0,1,0,0,0,1,0,0,0,1],"EasingStyle":"Linear","EasingDirection":"In"},"Left Arm":{"Weight":1,"CFrame":[0.3551735579967499,-0.04127964377403259,0.08917629718780518,0.0739481970667839,-0.9953004121780396,-0.0625196099281311,0.8353998064994812,0.027585821226239206,0.5489501953125,-0.5446457266807556,-0.09282278269529343,0.8335137367248535],"EasingStyle":"Linear","EasingDirection":"In"}}},{"Time":0.46666666865348818,"poses":{"Left Leg":{"Weight":1,"CFrame":[-0.17949490249156953,-0.43360090255737307,0.04913520812988281,-0.11357288807630539,-0.9928406476974487,0.03699628263711929,0.9903369545936585,-0.11014658957719803,0.08426453173160553,-0.07958626747131348,0.04620897397398949,0.9957563877105713],"EasingStyle":"Linear","EasingDirection":"In"},"Right Arm":{"Weight":1,"CFrame":[-0.31776750087738039,-0.10761117935180664,0.0864182710647583,0.22013214230537415,0.9725353717803955,0.07560964673757553,-0.6403888463973999,0.08561111986637116,0.7632647156715393,0.7358288168907166,-0.21643857657909394,0.6416466236114502],"EasingStyle":"Linear","EasingDirection":"In"},"Head":{"Weight":1,"CFrame":[7.450580596923828e-8,-3.19319951813668e-7,-1.7881393432617188e-7,0.9912999868392944,-0.12433598190546036,-0.043186116963624957,0.13110923767089845,0.9038246273994446,0.40732237696647646,-0.011612147092819214,-0.4094407260417938,0.9122628569602966],"EasingStyle":"Linear","EasingDirection":"In"},"Right Leg":{"Weight":1,"CFrame":[0.2809651792049408,-0.5238678455352783,0.05700957775115967,-0.08906933665275574,0.993241012096405,0.07442463934421539,-0.9897193312644959,-0.09665294736623764,0.10542293637990952,0.11190381646156311,-0.06426957249641419,0.9916386008262634],"EasingStyle":"Linear","EasingDirection":"In"},"Torso":{"Weight":1,"CFrame":[0.00939394161105156,0.2012474536895752,0.5348079204559326,0.9992338418960571,0.03717975690960884,-0.012223290279507637,0.012201724573969841,0.000806827622000128,0.9999252557754517,0.037186842411756518,-0.9993083477020264,0.0003525522770360112],"EasingStyle":"Linear","EasingDirection":"In"},"HumanoidRootPart":{"Weight":1,"CFrame":[0,0,0,1,0,0,0,1,0,0,0,1],"EasingStyle":"Linear","EasingDirection":"In"},"Left Arm":{"Weight":1,"CFrame":[0.3494603931903839,-0.040819406509399417,0.08917617797851563,0.07944655418395996,-0.9948853850364685,-0.06238110736012459,0.8340666890144348,0.03207261115312576,0.5507305860519409,-0.5459131002426148,-0.0957837775349617,0.8323488235473633],"EasingStyle":"Linear","EasingDirection":"In"}}},{"Time":0.5,"poses":{"Left Leg":{"Weight":1,"CFrame":[-0.1866999864578247,-0.4375627040863037,0.04927933216094971,-0.10983733087778092,-0.9932822585105896,0.036418475210666659,0.9907904863357544,-0.10649579018354416,0.08362392336130142,-0.07918379455804825,0.04526812210679054,0.9958317279815674],"EasingStyle":"Linear","EasingDirection":"In"},"Right Arm":{"Weight":1,"CFrame":[-0.31946462392807009,-0.10761108994483948,0.0864182710647583,0.2231369912624359,0.9719571471214294,0.07422367483377457,-0.6443710327148438,0.08993915468454361,0.7594055533409119,0.731434166431427,-0.2172790914773941,0.6463698744773865],"EasingStyle":"Linear","EasingDirection":"In"},"Head":{"Weight":1,"CFrame":[8.800998330116272e-8,2.1325831767171622e-7,0,0.9913362264633179,-0.1240694597363472,-0.043120890855789188,0.13086481392383576,0.9047677516937256,0.405301958322525,-0.01127119455486536,-0.40743350982666018,0.9131653308868408],"EasingStyle":"Linear","EasingDirection":"In"},"Right Leg":{"Weight":1,"CFrame":[0.2875954210758209,-0.5258884429931641,0.05771291255950928,-0.08787035197019577,0.9934581518173218,0.07293727248907089,-0.9897712469100952,-0.09533616900444031,0.10613217204809189,0.11239153146743775,-0.06286538392305374,0.9916734099388123],"EasingStyle":"Linear","EasingDirection":"In"},"Torso":{"Weight":1,"CFrame":[0.00882427766919136,0.20173931121826173,0.541438102722168,0.9992734789848328,0.03585227578878403,-0.012935367412865162,0.012751908041536808,0.005341026932001114,0.999904453754425,0.03591794893145561,-0.9993428587913513,0.004879961255937815],"EasingStyle":"Linear","EasingDirection":"In"},"HumanoidRootPart":{"Weight":1,"CFrame":[0,0,0,1,0,0,0,1,0,0,0,1],"EasingStyle":"Linear","EasingDirection":"In"},"Left Arm":{"Weight":1,"CFrame":[0.34359320998191836,-0.04034358263015747,0.08917653560638428,0.08513803035020828,-0.9944236874580383,-0.06223323941230774,0.8326555490493774,0.03670690208673477,0.5525733232498169,-0.5472078323364258,-0.09886400401592255,0.8311375975608826],"EasingStyle":"Linear","EasingDirection":"In"}}},{"Time":0.5333333611488342,"poses":{"Left Leg":{"Weight":1,"CFrame":[-0.19440223276615144,-0.44155609607696535,0.04943370819091797,-0.10593275725841522,-0.9937334656715393,0.03566715121269226,0.9912401437759399,-0.1026858389377594,0.08305820822715759,-0.07887523621320725,0.044153306633234027,0.9959062337875366],"EasingStyle":"Linear","EasingDirection":"In"},"Right Arm":{"Weight":1,"CFrame":[-0.3208213448524475,-0.1076110303401947,0.0864182710647583,0.22638967633247376,0.9713172912597656,0.07273608446121216,-0.6482086777687073,0.09450048953294754,0.7555760741233826,0.7270305156707764,-0.21820275485515595,0.651010274887085],"EasingStyle":"Linear","EasingDirection":"In"},"Head":{"Weight":1,"CFrame":[1.0291114449501038e-7,-1.2275995686650277e-7,0,0.9913854002952576,-0.12370579689741135,-0.04303291067481041,0.13053032755851746,0.9060463905334473,0.4025443494319916,-0.010807259008288384,-0.404693603515625,0.9143885374069214],"EasingStyle":"Linear","EasingDirection":"In"},"Right Leg":{"Weight":1,"CFrame":[0.29401642084121706,-0.5275510549545288,0.058467864990234378,-0.0863027423620224,0.9937217235565186,0.0711977481842041,-0.9898664355278015,-0.09361783415079117,0.10677233338356018,0.11276745051145554,-0.06126152724027634,0.9917311072349548],"EasingStyle":"Linear","EasingDirection":"In"},"Torso":{"Weight":1,"CFrame":[0.00831623375415802,0.20227527618408204,0.5480914115905762,0.9993184804916382,0.03432796522974968,-0.013570423237979412,0.013231822289526463,0.010071735829114914,0.9998617172241211,0.03445989266037941,-0.9993599653244019,0.009610649198293686],"EasingStyle":"Linear","EasingDirection":"In"},"HumanoidRootPart":{"Weight":1,"CFrame":[0,0,0,1,0,0,0,1,0,0,0,1],"EasingStyle":"Linear","EasingDirection":"In"},"Left Arm":{"Weight":1,"CFrame":[0.33760184049606326,-0.039854854345321658,0.08917629718780518,0.0909975990653038,-0.9939146041870117,-0.062074773013591769,0.8311697840690613,0.04146813973784447,0.5544702410697937,-0.5485219359397888,-0.10205025225877762,0.8298851847648621],"EasingStyle":"Linear","EasingDirection":"In"}}},{"Time":0.5666666626930237,"poses":{"Left Leg":{"Weight":1,"CFrame":[-0.20256184041500092,-0.4455375671386719,0.04959213733673096,-0.10187125205993653,-0.9941904544830322,0.0347529798746109,0.9916830658912659,-0.09872810542583466,0.08256812393665314,-0.0786573588848114,0.04287531599402428,0.995979368686676],"EasingStyle":"Linear","EasingDirection":"In"},"Right Arm":{"Weight":1,"CFrame":[-0.32181739807128909,-0.10761076211929321,0.0864182710647583,0.2298889011144638,0.9706125259399414,0.07115080207586289,-0.6518756747245789,0.0992855429649353,0.751798152923584,0.7226404547691345,-0.21921150386333466,0.6555433869361877],"EasingStyle":"Linear","EasingDirection":"In"},"Head":{"Weight":1,"CFrame":[8.89413058757782e-8,1.4629040379077197e-7,1.1920928955078126e-7,0.991446852684021,-0.1232505515217781,-0.042924441397190097,0.13010990619659425,0.9076336622238159,0.3990896940231323,-0.01022835448384285,-0.4012610912322998,0.9159067273139954],"EasingStyle":"Linear","EasingDirection":"In"},"Right Leg":{"Weight":1,"CFrame":[0.3001932203769684,-0.5288612842559815,0.05927467346191406,-0.08438517153263092,0.9940259456634522,0.06922208517789841,-0.9900010228157044,-0.0915185734629631,0.1073421984910965,0.11303611099720001,-0.05947190523147583,0.9918094277381897],"EasingStyle":"Linear","EasingDirection":"In"},"Torso":{"Weight":1,"CFrame":[0.007870744913816452,0.2028522491455078,0.5547263622283936,0.9993679523468018,0.0326208658516407,-0.014127286151051522,0.01364466454833746,0.014970384538173676,0.9997948408126831,0.032825663685798648,-0.999355673789978,0.014515821821987629],"EasingStyle":"Linear","EasingDirection":"In"},"HumanoidRootPart":{"Weight":1,"CFrame":[0,0,0,1,0,0,0,1,0,0,0,1],"EasingStyle":"Linear","EasingDirection":"In"},"Left Arm":{"Weight":1,"CFrame":[0.3315184414386749,-0.039355695247650149,0.08917629718780518,0.09699928015470505,-0.9933574795722961,-0.06190488114953041,0.8296133279800415,0.04633506014943123,0.5564124584197998,-0.5498481392860413,-0.10532878339290619,0.8285970091819763],"EasingStyle":"Linear","EasingDirection":"In"}}},{"Time":0.6000000238418579,"poses":{"Left Leg":{"Weight":1,"CFrame":[-0.2111390382051468,-0.4494670629501343,0.04974806308746338,-0.09766487777233124,-0.9946491122245789,0.03368617221713066,0.9921165108680725,-0.09463388472795487,0.0821538046002388,-0.07852639257907868,0.04144417122006416,0.9960501790046692],"EasingStyle":"Linear","EasingDirection":"In"},"Right Arm":{"Weight":1,"CFrame":[-0.322430282831192,-0.10761108994483948,0.08641815185546875,0.23363231122493745,0.9698400497436523,0.06947143375873566,-0.6553471088409424,0.10428409278392792,0.7480943202972412,0.7182869911193848,-0.22030684351921082,0.6599459052085877],"EasingStyle":"Linear","EasingDirection":"In"},"Head":{"Weight":1,"CFrame":[9.033828973770142e-8,2.1696905605494977e-7,-5.960464477539063e-8,0.9915194511413574,-0.1227089986205101,-0.04279780015349388,0.12960746884346009,0.9095025062561035,0.3949774503707886,-0.00954257883131504,-0.3971746265888214,0.9176934957504273],"EasingStyle":"Linear","EasingDirection":"In"},"Right Leg":{"Weight":1,"CFrame":[0.3060917854309082,-0.5298230648040772,0.06013071537017822,-0.08213645964860916,0.9943647384643555,0.06702651083469391,-0.9901711344718933,-0.08905914425849915,0.10784025490283966,0.11320188641548157,-0.05751011520624161,0.9919062852859497],"EasingStyle":"Linear","EasingDirection":"In"},"Torso":{"Weight":1,"CFrame":[0.007488634437322617,0.20346784591674806,0.5613033771514893,0.9994206428527832,0.030745239928364755,-0.014604922384023667,0.013993498869240284,0.02000899240374565,0.9997019171714783,0.031028302386403085,-0.9993270039558411,0.01956716552376747],"EasingStyle":"Linear","EasingDirection":"In"},"HumanoidRootPart":{"Weight":1,"CFrame":[0,0,0,1,0,0,0,1,0,0,0,1],"EasingStyle":"Linear","EasingDirection":"In"},"Left Arm":{"Weight":1,"CFrame":[0.3253726065158844,-0.03884938359260559,0.08917641639709473,0.10311609506607056,-0.9927524924278259,-0.06172303110361099,0.8279910683631897,0.05128532275557518,0.558391273021698,-0.5511787533760071,-0.10868527740240097,0.8272784352302551],"EasingStyle":"Linear","EasingDirection":"In"}}},{"Time":0.6333333253860474,"poses":{"Left Leg":{"Weight":1,"CFrame":[-0.22009269893169404,-0.4533064365386963,0.049895405769348147,-0.09332882612943649,-0.995105504989624,0.03247695416212082,0.9925376176834106,-0.09041781723499298,0.0818154364824295,-0.07847850024700165,0.03987035155296326,0.9961182475090027],"EasingStyle":"Linear","EasingDirection":"In"},"Right Arm":{"Weight":1,"CFrame":[-0.32263869047164919,-0.10761088132858277,0.0864182710647583,0.2376193106174469,0.9689963459968567,0.06770050525665283,-0.6585983037948608,0.1094878539443016,0.7444869875907898,0.7139925956726074,-0.221491739153862,0.6641955971717835],"EasingStyle":"Linear","Easing