{"Sequence":[{"Time":0,"poses":{"Left Leg":{"Weight":1,"CFrame":[0.05846200883388519,0.8164509534835815,-0.10611271858215332,0.7273378372192383,-0.18122263252735139,0.6619199514389038,-0.13355562090873719,0.9086870551109314,0.39553841948509219,-0.6731586456298828,-0.3760932683944702,0.6367192268371582],"EasingStyle":"Linear","EasingDirection":"Out"},"Right Arm":{"Weight":1,"CFrame":[0.0019623935222625734,-0.5840052366256714,0.4445524215698242,-0.4563261866569519,0.06142249330878258,-0.8876900672912598,0.33319491147994997,-0.9132381081581116,-0.23447245359420777,-0.8250742554664612,-0.40276965498924258,0.3962688148021698],"EasingStyle":"Linear","EasingDirection":"Out"},"Head":{"Weight":1,"CFrame":[2.7567148208618166e-7,1.1175870895385742e-7,2.384185791015625e-7,0.5572682023048401,0.21885572373867036,-0.8009707927703857,-0.10827290266752243,0.9755554795265198,0.19122916460037232,0.8232430815696716,-0.01984250545501709,0.5673421621322632],"EasingStyle":"Linear","EasingDirection":"Out"},"Left Arm":{"Weight":1,"CFrame":[0.3348475396633148,-0.4769134521484375,-0.0724111795425415,0.8863709568977356,-0.42856597900390627,0.17515087127685548,0.2707880735397339,0.7867523431777954,0.5547021627426148,-0.3755268156528473,-0.4442431330680847,0.8134049773216248],"EasingStyle":"Linear","EasingDirection":"Out"},"Torso":{"Weight":1,"CFrame":[-0.3430476486682892,1.6371325273212279e-7,-0.6317238807678223,0.9089433550834656,0.3883231282234192,0.1517469435930252,-0.316642165184021,0.8797497749328613,-0.3546521067619324,-0.2712188959121704,0.2743092179298401,0.9226021766662598],"EasingStyle":"Linear","EasingDirection":"Out"},"HumanoidRootPart":{"Weight":0,"CFrame":[0,0,0,1,0,0,0,1,0,0,0,1],"EasingStyle":"Linear","EasingDirection":"In"},"Right Leg":{"Weight":1,"CFrame":[0.44972190260887148,0.4689399003982544,0.07415342330932617,0.8600520491600037,-0.4237206280231476,0.28420290350914,0.45389828085899355,0.8898158669471741,-0.04694814234972,-0.23299536108970643,0.16937705874443055,0.957614004611969],"EasingStyle":"Linear","EasingDirection":"Out"}}},{"Time":0.01666666753590107,"poses":{"Left Leg":{"Weight":1,"CFrame":[0.10044478625059128,0.8581664562225342,-0.10559368133544922,0.7211143374443054,-0.12446568161249161,0.6815440654754639,-0.18338538706302644,0.9143513441085815,0.36101436614990237,-0.6681047081947327,-0.3853178918361664,0.6365267038345337],"EasingStyle":"Linear","EasingDirection":"Out"},"Right Arm":{"Weight":1,"CFrame":[-0.010496407747268677,-0.6010783314704895,0.4304842948913574,-0.4541192054748535,0.04489894211292267,-0.8898088335990906,0.36325955390930178,-0.9026132822036743,-0.23093664646148683,-0.8135221004486084,-0.42810437083244326,0.3935842216014862],"EasingStyle":"Linear","EasingDirection":"Out"},"Head":{"Weight":1,"CFrame":[2.086162567138672e-7,9.685754776000977e-8,-3.5762786865234377e-7,0.5439292192459106,0.19188198447227479,-0.816897988319397,-0.10737089812755585,0.9814172387123108,0.15903344750404359,0.8322334289550781,0.0012080669403076172,0.5544240474700928],"EasingStyle":"Linear","EasingDirection":"Out"},"Left Arm":{"Weight":1,"CFrame":[0.3492749035358429,-0.47759753465652468,-0.08352941274642945,0.8787479400634766,-0.4337160587310791,0.19922983646392823,0.27466002106666567,0.8009030222892761,0.5320866107940674,-0.3903382122516632,-0.4128495156764984,0.8229163885116577],"EasingStyle":"Linear","EasingDirection":"Out"},"Torso":{"Weight":1,"CFrame":[-0.35516417026519778,1.5581713341816795e-7,-0.6712875366210938,0.9075251221656799,0.39527663588523867,0.14196646213531495,-0.3136470913887024,0.8626376986503601,-0.3968397080898285,-0.27932706475257876,0.31561464071273806,0.9068427681922913],"EasingStyle":"Linear","EasingDirection":"Out"},"HumanoidRootPart":{"Weight":0,"CFrame":[0,0,0,1,0,0,0,1,0,0,0,1],"EasingStyle":"Linear","EasingDirection":"In"},"Right Leg":{"Weight":1,"CFrame":[0.43526893854141238,0.5026344060897827,0.08114254474639893,0.8323755264282227,-0.4741002917289734,0.28701916337013247,0.5061870813369751,0.8612281084060669,-0.045394979417324069,-0.22566722333431245,0.18307101726531983,0.9568486213684082],"EasingStyle":"Linear","EasingDirection":"Out"}}},{"Time":0.03333333507180214,"poses":{"Left Leg":{"Weight":1,"CFrame":[0.125410258769989,0.8768492937088013,-0.10290992259979248,0.718368649482727,-0.0681484118103981,0.6923166513442993,-0.22792835533618928,0.91720050573349,0.3267904222011566,-0.6572633385658264,-0.39255455136299136,0.6433550715446472],"EasingStyle":"Linear","EasingDirection":"Out"},"Right Arm":{"Weight":1,"CFrame":[-0.023759782314300538,-0.6273446083068848,0.4064309597015381,-0.4354139268398285,-0.015474386513233185,-0.9000973701477051,0.4072136878967285,-0.8950974345207214,-0.18159745633602143,-0.8028647303581238,-0.4456019699573517,0.3960392475128174],"EasingStyle":"Linear","EasingDirection":"Out"},"Head":{"Weight":1,"CFrame":[7.450580596923828e-8,1.7881393432617188e-7,0,0.5478582978248596,0.14992326498031617,-0.823027491569519,-0.11347735673189163,0.9880356192588806,0.10444370657205582,0.8288390636444092,0.03617458790540695,0.5583164691925049],"EasingStyle":"Linear","EasingDirection":"Out"},"Left Arm":{"Weight":1,"CFrame":[0.36268436908721926,-0.47697407007217409,-0.09861987829208374,0.8703979849815369,-0.435207724571228,0.2302207499742508,0.27643847465515139,0.8189189434051514,0.502944827079773,-0.40741756558418276,-0.37412023544311526,0.8330935835838318],"EasingStyle":"Linear","EasingDirection":"Out"},"Torso":{"Weight":1,"CFrame":[-0.3649464547634125,1.4944217241463776e-7,-0.6932477951049805,0.9102562665939331,0.393197625875473,0.12972697615623475,-0.3039271831512451,0.8472983241081238,-0.43556153774261477,-0.28117918968200686,0.35704505443573,0.8907620906829834],"EasingStyle":"Linear","EasingDirection":"Out"},"HumanoidRootPart":{"Weight":0,"CFrame":[0,0,0,1,0,0,0,1,0,0,0,1],"EasingStyle":"Linear","EasingDirection":"In"},"Right Leg":{"Weight":1,"CFrame":[0.4373660683631897,0.5350818634033203,0.08515524864196778,0.8115170001983643,-0.511906623840332,0.2817653715610504,0.5431687235832214,0.8386329412460327,-0.04077473655343056,-0.21542489528656007,0.18613556027412415,0.9586165547370911],"EasingStyle":"Linear","EasingDirection":"Out"}}},{"Time":0.05000000074505806,"poses":{"Left Leg":{"Weight":1,"CFrame":[0.1301598995923996,0.8765875697135925,-0.08427828550338745,0.7200483083724976,-0.012801364995539189,0.6938059329986572,-0.26142409443855288,0.9211599826812744,0.28830838203430178,-0.6427968740463257,-0.388973593711853,0.6599330902099609],"EasingStyle":"Linear","EasingDirection":"Out"},"Right Arm":{"Weight":1,"CFrame":[-0.03857368230819702,-0.6585211157798767,0.37018632888793948,-0.39052802324295046,-0.13526852428913117,-0.910598874092102,0.4607005715370178,-0.885090708732605,-0.06610110402107239,-0.797021210193634,-0.4453277885913849,0.40797096490859988],"EasingStyle":"Linear","EasingDirection":"Out"},"Head":{"Weight":1,"CFrame":[8.940696716308594e-8,1.6391277313232423e-7,1.1920928955078126e-7,0.5708259344100952,0.08867126703262329,-0.816269040107727,-0.11805224418640137,0.9926855564117432,0.025280093774199487,0.8125401139259338,0.08193182945251465,0.577118456363678],"EasingStyle":"Linear","EasingDirection":"Out"},"Left Arm":{"Weight":1,"CFrame":[0.3751130700111389,-0.47512927651405337,-0.11719286441802979,0.8603200316429138,-0.43456408381462099,0.26646482944488528,0.27886152267456057,0.8387967348098755,0.46760696172714236,-0.4267149567604065,-0.32798483967781069,0.8428168296813965],"EasingStyle":"Linear","EasingDirection":"Out"},"Torso":{"Weight":1,"CFrame":[-0.3729555308818817,1.4422279548398365e-7,-0.6983351707458496,0.9170494675636292,0.3822997808456421,0.11343374103307724,-0.28932106494903567,0.8336194157600403,-0.4705018699169159,-0.27443331480026247,0.3986546993255615,0.8750776052474976],"EasingStyle":"Linear","EasingDirection":"Out"},"HumanoidRootPart":{"Weight":0,"CFrame":[0,0,0,1,0,0,0,1,0,0,0,1],"EasingStyle":"Linear","EasingDirection":"In"},"Right Leg":{"Weight":1,"CFrame":[0.45967426896095278,0.5754711627960205,0.08530640602111817,0.800079882144928,-0.5364652872085571,0.26847198605537417,0.5637829303741455,0.8253437280654907,-0.03092733956873417,-0.2049902230501175,0.17610427737236024,0.9627909064292908],"EasingStyle":"Linear","EasingDirection":"Out"}}},{"Time":0.06666667014360428,"poses":{"Left Leg":{"Weight":1,"CFrame":[0.11869854480028153,0.8602318167686462,-0.05608773231506348,0.7258484959602356,0.04312398284673691,0.6865014433860779,-0.28912630677223208,0.9247136116027832,0.24761004745960236,-0.6241393089294434,-0.3782130479812622,0.6836702227592468],"EasingStyle":"Linear","EasingDirection":"Out"},"Right Arm":{"Weight":1,"CFrame":[-0.055952638387680057,-0.6856736540794373,0.32325077056884768,-0.314712256193161,-0.307150661945343,-0.8981172442436218,0.5187946557998657,-0.8480207920074463,0.10822536796331406,-0.7948637008666992,-0.43187862634658816,0.42623084783554079],"EasingStyle":"Linear","EasingDirection":"Out"},"Head":{"Weight":1,"CFrame":[1.6391277313232423e-7,6.705522537231445e-8,-1.1920928955078126e-7,0.6105571389198303,0.01142475102096796,-0.7918898463249207,-0.11699185520410538,0.9902270436286926,-0.07591615617275238,0.7832834124565125,0.13899600505828858,0.6059266924858093],"EasingStyle":"Linear","EasingDirection":"Out"},"Left Arm":{"Weight":1,"CFrame":[0.3865968585014343,-0.47209954261779787,-0.13852471113204957,0.8485772609710693,-0.43105047941207888,0.30677708983421328,0.28226131200790408,0.8592714071273804,0.42659252882003786,-0.44748759269714358,-0.2754054367542267,0.8508270382881165],"EasingStyle":"Linear","EasingDirection":"Out"},"Torso":{"Weight":1,"CFrame":[-0.37936875224113467,1.400434399556616e-7,-0.6881098747253418,0.9268121719360352,0.3632192015647888,0.09534699469804764,-0.2702377140522003,0.8214021325111389,-0.5022649765014648,-0.26075050234794619,0.4397388994693756,0.8594409823417664],"EasingStyle":"Linear","EasingDirection":"Out"},"HumanoidRootPart":{"Weight":0,"CFrame":[0,0,0,1,0,0,0,1,0,0,0,1],"EasingStyle":"Linear","EasingDirection":"In"},"Right Leg":{"Weight":1,"CFrame":[0.49389010667800906,0.6189544200897217,0.08279693126678467,0.7962600588798523,-0.5521416664123535,0.24720345437526704,0.5734738111495972,0.8190292716026306,-0.017856048420071603,-0.19260777533054353,0.15598276257514954,0.9687990546226502],"EasingStyle":"Linear","EasingDirection":"Out"}}},{"Time":0.0833333358168602,"poses":{"Left Leg":{"Weight":1,"CFrame":[0.09593315422534943,0.8309988379478455,-0.024712026119232179,0.7346073985099793,0.10091061890125275,0.6709463596343994,-0.3157736361026764,0.9261025786399841,0.2064487338066101,-0.6005322337150574,-0.3635258674621582,0.7121867537498474],"EasingStyle":"Linear","EasingDirection":"Out"},"Right Arm":{"Weight":1,"CFrame":[-0.07691025733947754,-0.6998685002326965,0.2671225070953369,-0.20488190650939942,-0.5117365717887878,-0.8343554735183716,0.5713450312614441,-0.7546645998954773,0.32256174087524416,-0.7947252988815308,-0.410617858171463,0.4469953179359436],"EasingStyle":"Linear","EasingDirection":"Out"},"Head":{"Weight":1,"CFrame":[2.5331974029541018e-7,1.7881393432617188e-7,1.1920928955078126e-7,0.6628504991531372,-0.07659164071083069,-0.7448241710662842,-0.10483546555042267,0.9754620790481567,-0.19360609352588654,0.7413762807846069,0.2064157873392105,0.6385559439659119],"EasingStyle":"Linear","EasingDirection":"Out"},"Left Arm":{"Weight":1,"CFrame":[0.3971707820892334,-0.4679219424724579,-0.16189080476760865,0.8353235125541687,-0.4240729808807373,0.34985244274139407,0.28689613938331606,0.8791084289550781,0.3806033432483673,-0.4689618647098541,-0.2175557166337967,0.8560048937797546],"EasingStyle":"Linear","EasingDirection":"Out"},"Torso":{"Weight":1,"CFrame":[-0.3843633234500885,1.367885573699823e-7,-0.6656370162963867,0.9383985996246338,0.33673059940338137,0.0775924101471901,-0.2468457669019699,0.8103582262992859,-0.531400740146637,-0.24181650578975678,0.47951236367225649,0.8435595035552979],"EasingStyle":"Linear","EasingDirection":"Out"},"HumanoidRootPart":{"Weight":0,"CFrame":[0,0,0,1,0,0,0,1,0,0,0,1],"EasingStyle":"Linear","EasingDirection":"In"},"Right Leg":{"Weight":1,"CFrame":[0.5310931205749512,0.6601367592811585,0.07910358905792237,0.7971734404563904,-0.5630124807357788,0.21801693737506867,0.5774809122085571,0.8163977265357971,-0.0032582322601228954,-0.17615409195423127,0.12849797308444978,0.9759395718574524],"EasingStyle":"Linear","EasingDirection":"Out"}}},{"Time":0.10000000149011612,"poses":{"Left Leg":{"Weight":1,"CFrame":[0.06798602640628815,0.7923924922943115,0.004210472106933594,0.7444294691085815,0.16173671185970307,0.6478163599967957,-0.345561683177948,0.9235010147094727,0.16653211414813996,-0.5713246464729309,-0.34783196449279787,0.7433713674545288],"EasingStyle":"Linear","EasingDirection":"Out"},"Right Arm":{"Weight":1,"CFrame":[-0.10205420851707459,-0.6966789960861206,0.20369768142700196,-0.06433362513780594,-0.7114871144294739,-0.6997479796409607,0.6055596470832825,-0.5851767063140869,0.5393197536468506,-0.7931952476501465,-0.38904279470443728,0.4684942960739136],"EasingStyle":"Linear","EasingDirection":"Out"},"Head":{"Weight":1,"CFrame":[9.685754776000977e-8,-7.450580596923828e-9,-1.1920928955078126e-7,0.7211207747459412,-0.16794370114803315,-0.6721456050872803,-0.07608814537525177,0.9451070427894592,-0.31777870655059817,0.6886184811592102,0.28029903769493105,0.6687577962875366],"EasingStyle":"Linear","EasingDirection":"Out"},"Left Arm":{"Weight":1,"CFrame":[0.4068703055381775,-0.4626331329345703,-0.1865673065185547,0.8208234310150147,-0.4132578670978546,0.39429283142089846,0.2929166555404663,0.8971816301345825,0.33055248856544497,-0.4903556704521179,-0.1558302938938141,0.8574777841567993],"EasingStyle":"Linear","EasingDirection":"Out"},"Torso":{"Weight":1,"CFrame":[-0.3881166875362396,1.3434254242383759e-7,-0.6350822448730469,0.9507115483283997,0.30377402901649477,0.06220078468322754,-0.21912997961044312,0.8001339435577393,-0.5583615899085999,-0.21938470005989076,0.5172107815742493,0.8272625803947449],"EasingStyle":"Linear","EasingDirection":"Out"},"HumanoidRootPart":{"Weight":0,"CFrame":[0,0,0,1,0,0,0,1,0,0,0,1],"EasingStyle":"Linear","EasingDirection":"In"},"Right Leg":{"Weight":1,"CFrame":[0.5617793798446655,0.6937044858932495,0.0757439136505127,0.7993186116218567,-0.5729538202285767,0.1811453402042389,0.5808821320533752,0.8139110207557678,0.011170902289450169,-0.15383659303188325,0.09629501402378082,0.9833928942680359],"EasingStyle":"Linear","EasingDirection":"Out"}}},{"Time":0.11666666716337204,"poses":{"Left Leg":{"Weight":1,"CFrame":[0.04084547981619835,0.7458117604255676,0.027110815048217775,0.7529029250144959,0.22659073770046235,0.6178946495056152,-0.38159099221229555,0.9152378439903259,0.12933678925037385,-0.5362140536308289,-0.3331611156463623,0.7755502462387085],"EasingStyle":"Linear","EasingDirection":"Out"},"Right Arm":{"Weight":1,"CFrame":[-0.13036784529685975,-0.6797274351119995,0.13647222518920899,0.09551286697387696,-0.8598458766937256,-0.501539945602417,0.6130372881889343,-0.34614866971969607,0.710187554359436,-0.7842592597007752,-0.3752947449684143,0.49405595660209658],"EasingStyle":"Linear","EasingDirection":"Out"},"Head":{"Weight":1,"CFrame":[1.043081283569336e-7,-1.043081283569336e-7,-1.1920928955078126e-7,0.777513325214386,-0.2538473308086395,-0.5753558874130249,-0.027922019362449647,0.9000723361968994,-0.4348450303077698,0.6282462477684021,0.35416287183761599,0.6927303671836853],"EasingStyle":"Linear","EasingDirection":"Out"},"Left Arm":{"Weight":1,"CFrame":[0.41573116183280947,-0.45627009868621828,-0.2118297815322876,0.8054569959640503,-0.3985144793987274,0.4386630654335022,0.3003411591053009,0.9125550389289856,0.27755802869796755,-0.5109150409698486,-0.09181250631809235,0.8547141551971436],"EasingStyle":"Linear","EasingDirection":"Out"},"Torso":{"Weight":1,"CFrame":[-0.39080604910850527,1.3258991771181173e-7,-0.599276065826416,0.9627958536148071,0.2654193341732025,0.05076104402542114,-0.1871415376663208,0.7904026508331299,-0.5833023190498352,-0.19494140148162843,0.5521016120910645,0.8106674551963806],"EasingStyle":"Linear","EasingDirection":"Out"},"HumanoidRootPart":{"Weight":0,"CFrame":[0,0,0,1,0,0,0,1,0,0,0,1],"EasingStyle":"Linear","EasingDirection":"In"},"Right Leg":{"Weight":1,"CFrame":[0.5792571902275086,0.7147107720375061,0.0734032392501831,0.7996357083320618,-0.5845918655395508,0.13724081218242646,0.5873388648033142,0.808989942073822,0.023840071633458139,-0.12496316432952881,0.06154347583651543,0.9902507662773132],"EasingStyle":"Linear","EasingDirection":"Out"}}},{"Time":0.13333334028720857,"poses":{"Left Leg":{"Weight":1,"CFrame":[0.01411144994199276,0.6915799379348755,0.04470717906951904,0.7586417198181152,0.29330796003341677,0.5817500948905945,-0.422073096036911,0.90147465467453,0.09590457379817963,-0.49630340933799746,-0.31829833984375,0.8076937198638916],"EasingStyle":"Linear","EasingDirection":"Out"},"Right Arm":{"Weight":1,"CFrame":[-0.16042762994766236,-0.6521519422531128,0.06934106349945069,0.2605925500392914,-0.9245208501815796,-0.27812352776527407,0.5963187217712402,-0.07242272794246674,0.7994741797447205,-0.7592730522155762,-0.37418732047080996,0.532436192035675],"EasingStyle":"Linear","EasingDirection":"Out"},"Head":{"Weight":1,"CFrame":[1.1920928955078126e-7,8.940696716308594e-8,-1.7881393432617188e-7,0.8262996077537537,-0.3253382444381714,-0.4597652554512024,0.03676050901412964,0.8457109332084656,-0.5323737263679504,0.5620299577713013,0.42299890518188479,0.7107701301574707],"EasingStyle":"Linear","EasingDirection":"Out"},"Left Arm":{"Weight":1,"CFrame":[0.42378872632980349,-0.44886958599090578,-0.23695433139801026,0.7897095084190369,-0.38006889820098879,0.4815666377544403,0.30904266238212588,0.9245581030845642,0.22290141880512238,-0.5299543142318726,-0.027202719822525979,0.8475898504257202],"EasingStyle":"Linear","EasingDirection":"Out"},"Torso":{"Weight":1,"CFrame":[-0.3926088511943817,1.3141507793079655e-7,-0.5592179298400879,0.9739298820495606,0.22268067300319673,0.043289218097925189,-0.15168628096580506,0.7811583876609802,-0.6056259870529175,-0.1686769276857376,0.5832709074020386,0.794571042060852],"EasingStyle":"Linear","EasingDirection":"Out"},"HumanoidRootPart":{"Weight":0,"CFrame":[0,0,0,1,0,0,0,1,0,0,0,1],"EasingStyle":"Linear","EasingDirection":"In"},"Right Leg":{"Weight":1,"CFrame":[0.584666907787323,0.7228519916534424,0.07193827629089356,0.7975924015045166,-0.5968149900436401,0.08751165121793747,0.596333920955658,0.8019977807998657,0.03442882373929024,-0.09073181450366974,0.024725962430238725,0.9955683350563049],"EasingStyle":"Linear","EasingDirection":"Out"}}},{"Time":0.15000000596046449,"poses":{"Left Leg":{"Weight":1,"CFrame":[-0.01290389895439148,0.6310559511184692,0.0570521354675293,0.7610151171684265,0.35898131132125857,0.5403594970703125,-0.46434980630874636,0.8830914497375488,0.06729575246572495,-0.45302900671958926,-0.3021289110183716,0.8387388586997986],"EasingStyle":"Linear","EasingDirection":"Out"},"Right Arm":{"Weight":1,"CFrame":[-0.1908096969127655,-0.617091178894043,0.00619959831237793,0.42262986302375796,-0.9026325941085815,-0.0814765989780426,0.5674107670783997,0.1934245526790619,0.8003948926925659,-0.7067029476165772,-0.3845014274120331,0.5939104557037354],"EasingStyle":"Linear","EasingDirection":"Out"},"Head":{"Weight":1,"CFrame":[1.564621925354004e-7,-3.725290298461914e-8,-5.960464477539063e-8,0.8642969131469727,-0.37668541073799136,-0.3333151042461395,0.11212208867073059,0.7902909517288208,-0.602385938167572,0.490325927734375,0.4832683503627777,0.7252808213233948],"EasingStyle":"Linear","EasingDirection":"Out"},"Left Arm":{"Weight":1,"CFrame":[0.4310779273509979,-0.44046878814697268,-0.2612167000770569,0.7741475701332092,-0.35846439003944399,0.5217268466949463,0.3187519311904907,0.9328382611274719,0.16795818507671357,-0.5468937754631043,0.036277011036872867,0.8364156484603882],"EasingStyle":"Linear","EasingDirection":"Out"},"Torso":{"Weight":1,"CFrame":[-0.39370229840278628,1.3070248883195746e-7,-0.5168766975402832,0.9835090041160584,0.17654448747634889,0.03926937282085419,-0.11375261843204498,0.772630512714386,-0.6245818138122559,-0.14060720801353455,0.6098148226737976,0.7799714207649231],"EasingStyle":"Linear","EasingDirection":"Out"},"HumanoidRootPart":{"Weight":0,"CFrame":[0,0,0,1,0,0,0,1,0,0,0,1],"EasingStyle":"Linear","EasingDirection":"In"},"Right Leg":{"Weight":1,"CFrame":[0.5804380178451538,0.7204297780990601,0.07127392292022705,0.7936358451843262,-0.6074749827384949,0.03340885788202286,0.6061052083969116,0.7942162752151489,0.04309439659118652,-0.05271262675523758,-0.013951997272670269,0.9985122680664063],"EasingStyle":"Linear","EasingDirection":"Out"}}},{"Time":0.1666666716337204,"poses":{"Left Leg":{"Weight":1,"CFrame":[-0.04071369022130966,0.5665917992591858,0.06450343132019043,0.7603649497032166,0.4205222427845001,0.4949811100959778,-0.5053967237472534,0.8617519736289978,0.04424450173974037,-0.4079451560974121,-0.2838038206100464,0.8677765130996704],"EasingStyle":"Linear","EasingDirection":"Out"},"Right Arm":{"Weight":1,"CFrame":[-0.22030647099018098,-0.5773427486419678,-0.049775004386901858,0.5739138722419739,-0.8165264129638672,0.06251078844070435,0.5277076959609985,0.42712149024009707,0.7342287302017212,-0.6262168288230896,-0.38839656114578249,0.6760181784629822],"EasingStyle":"Linear","EasingDirection":"Out"},"Head":{"Weight":1,"CFrame":[1.3783574104309083e-7,2.2351741790771486e-8,-2.384185791015625e-7,0.8907911777496338,-0.40624791383743288,-0.20360174775123597,0.1918676346540451,0.7424100041389465,-0.641883373260498,0.4119197428226471,0.5327194929122925,0.7392780780792236],"EasingStyle":"Linear","EasingDirection":"Out"},"Left Arm":{"Weight":1,"CFrame":[0.43763482570648196,-0.4311043620109558,-0.2838926911354065,0.7593854665756226,-0.334524929523468,0.5580563545227051,0.32907551527023318,0.9373830556869507,0.11411549896001816,-0.5612869262695313,0.09698504954576493,0.8219189643859863],"EasingStyle":"Linear","EasingDirection":"Out"},"Torso":{"Weight":1,"CFrame":[-0.39426389336586,1.3033651669047686e-7,-0.47440671920776369,0.9910476207733154,0.12798355519771577,0.03801034763455391,-0.07429580390453339,0.7652287483215332,-0.6394568681716919,-0.1109265610575676,0.630908191204071,0.767886757850647],"EasingStyle":"Linear","EasingDirection":"Out"},"HumanoidRootPart":{"Weight":0,"CFrame":[0,0,0,1,0,0,0,1,0,0,0,1],"EasingStyle":"Linear","EasingDirection":"In"},"Right Leg":{"Weight":1,"CFrame":[0.5689278841018677,0.7103934288024902,0.07121074199676514,0.788710355758667,-0.6143141388893127,-0.023542195558547975,0.6146405339241028,0.7872017025947571,0.05030209198594093,-0.012368856929242611,-0.05414378270506859,0.9984565377235413],"EasingStyle":"Linear","EasingDirection":"Out"}}},{"Time":0.18333333730697633,"poses":{"Left Leg":{"Weight":1,"CFrame":[-0.07255090028047562,0.5037075281143189,0.06964266300201416,0.759161114692688,0.47341543436050417,0.44671276211738589,-0.5403487086296082,0.8410075306892395,0.027010304853320123,-0.3629016876220703,-0.2618858516216278,0.894269585609436],"EasingStyle":"Linear","EasingDirection":"Out"},"Right Arm":{"Weight":1,"CFrame":[-0.2485676109790802,-0.5343418121337891,-0.0982809066772461,0.7058654427528381,-0.6910136342048645,0.15573731064796449,0.4703957438468933,0.6216607689857483,0.6263112425804138,-0.5296053290367127,-0.3688333332538605,0.7638586759567261],"EasingStyle":"Linear","EasingDirection":"Out"},"Head":{"Weight":1,"CFrame":[1.1920928955078126e-7,1.4156103134155274e-7,0,0.9065811038017273,-0.4152616560459137,-0.07528917491436005,0.2706712484359741,0.7089858651161194,-0.6512113809585571,0.32380211353302,0.569997251033783,0.7551525235176086],"EasingStyle":"Linear","EasingDirection":"Out"},"Left Arm":{"Weight":1,"CFrame":[0.4434943199157715,-0.4208128750324249,-0.3042581081390381,0.7460489273071289,-0.30929186940193179,0.5897030234336853,0.3395250737667084,0.9385054111480713,0.06269209831953049,-0.57282954454422,0.15344758331775666,0.8051832318305969],"EasingStyle":"Linear","EasingDirection":"Out"},"Torso":{"Weight":1,"CFrame":[-0.394470751285553,1.3020171252264846e-7,-0.4340381622314453,0.9962085485458374,0.07793901860713959,0.03865215554833412,-0.03421942517161369,0.7595300674438477,-0.6495714783668518,-0.07998443394899368,0.6457859873771668,0.7593173980712891],"EasingStyle":"Linear","EasingDirection":"Out"},"HumanoidRootPart":{"Weight":0,"CFrame":[0,0,0,1,0,0,0,1,0,0,0,1],"EasingStyle":"Linear","EasingDirection":"In"},"Right Leg":{"Weight":1,"CFrame":[0.5526645183563232,0.6965130567550659,0.07150924205780029,0.7843647003173828,-0.6148819923400879,-0.08180627971887589,0.6196192502975464,0.7828370928764343,0.05690358579158783,0.029051989316940309,-0.09532191604375839,0.9950224757194519],"EasingStyle":"Linear","EasingDirection":"Out"}}},{"Time":0.20000000298023225,"poses":{"Left Leg":{"Weight":1,"CFrame":[-0.11646126210689545,0.4528769254684448,0.07723689079284668,0.7629312872886658,0.5108376145362854,0.3962081968784332,-0.5618239641189575,0.8271128535270691,0.015428201295435429,-0.3198275566101074,-0.23436985909938813,0.9180310368537903],"EasingStyle":"Linear","EasingDirection":"Out"},"Right Arm":{"Weight":1,"CFrame":[-0.2754592299461365,-0.4891827404499054,-0.13973504304885865,0.8152669072151184,-0.5446760654449463,0.196641743183136,0.3974415957927704,0.7732603549957275,0.49407336115837099,-0.4211651682853699,-0.32464805245399477,0.8468905091285706],"EasingStyle":"Linear","EasingDirection":"Out"},"Head":{"Weight":1,"CFrame":[1.2968666851520539e-7,2.4866312742233279e-7,2.384185791015625e-7,0.9123678207397461,-0.40620213747024538,0.05084007978439331,0.34446486830711367,0.6946620941162109,-0.6314972043037415,0.2211988866329193,0.5936703085899353,0.7737095952033997],"EasingStyle":"Linear","EasingDirection":"Out"},"Left Arm":{"Weight":1,"CFrame":[0.4486916959285736,-0.4096315801143646,-0.32158833742141726,0.7347432374954224,-0.28394341468811037,0.616058886051178,0.3495534360408783,0.9367983341217041,0.014878042973577977,-0.5813473463058472,0.20441392064094544,0.7875595688819885],"EasingStyle":"Linear","EasingDirection":"Out"},"Torso":{"Weight":1,"CFrame":[-0.39450031518936159,1.7336823532332347e-7,-0.39796018600463869,0.9988191723823547,0.027309497818350793,0.04018013924360275,0.0056419069878757,0.7562519311904907,-0.6542562246322632,-0.04825371876358986,0.6537103056907654,0.7552048563957214],"EasingStyle":"Linear","EasingDirection":"Out"},"HumanoidRootPart":{"Weight":0,"CFrame":[0,0,0,1,0,0,0,1,0,0,0,1],"EasingStyle":"Linear","EasingDirection":"In"},"Right Leg":{"Weight":1,"CFrame":[0.5344432592391968,0.6832298040390015,0.07204079627990723,0.7826513648033142,-0.6065390110015869,-0.1398838460445404,0.6184381246566773,0.7832104563713074,0.06415144354104996,0.07064811140298844,-0.13671772181987763,0.9880875945091248],"EasingStyle":"Linear","EasingDirection":"Out"}}},{"Time":0.21666666865348817,"poses":{"Left Leg":{"Weight":1,"CFrame":[-0.17332932353019715,0.424344003200531,0.08666884899139404,0.7756860256195068,0.5289169549942017,0.3443225920200348,-0.5659754872322083,0.8243762254714966,0.008691694587469101,-0.27925416827201846,-0.20162013173103333,0.938811182975769],"EasingStyle":"Linear","EasingDirection":"Out"},"Right Arm":{"Weight":1,"CFrame":[-0.3008463680744171,-0.44296032190322878,-0.17455428838729859,0.8994609117507935,-0.3937065005302429,0.18964511156082154,0.31165510416030886,0.8821244239807129,0.3531680405139923,-0.30633509159088137,-0.25855696201324465,0.9161370396614075],"EasingStyle":"Linear","EasingDirection":"Out"},"Head":{"Weight":1,"CFrame":[1.6391277313232423e-7,-2.3096799850463868e-7,-5.960464477539063e-8,0.9068042039871216,-0.38352668285369875,0.17496709525585175,0.4099871516227722,0.7058214545249939,-0.5776906609535217,0.09806431829929352,0.5955865383148193,0.7972829341888428],"EasingStyle":"Linear","EasingDirection":"Out"},"Left Arm":{"Weight":1,"CFrame":[0.45326244831085207,-0.39759722352027895,-0.3351592421531677,0.7260295152664185,-0.25971347093582156,0.6367338299751282,0.35859009623527529,0.9330661296844482,-0.028296364471316339,-0.5867658853530884,0.24887049198150636,0.7705642580986023],"EasingStyle":"Linear","EasingDirection":"Out"},"Torso":{"Weight":1,"CFrame":[-0.39287492632865908,1.838467511561248e-7,-0.37215709686279299,0.9988678693771362,-0.023030908778309823,0.041623905301094058,0.04464975744485855,0.7557823061943054,-0.6532989740371704,-0.01641254313290119,0.654417872428894,0.7559549808502197],"EasingStyle":"Linear","EasingDirection":"Out"},"HumanoidRootPart":{"Weight":0,"CFrame":[0,0,0,1,0,0,0,1,0,0,0,1],"EasingStyle":"Linear","EasingDirection":"In"},"Right Leg":{"Weight":1,"CFrame":[0.5166670083999634,0.6796945333480835,0.07319188117980957,0.7860109806060791,-0.5860580205917358,-0.1967809498310089,0.6079517602920532,0.7905142903327942,0.07403935492038727,0.11216677725315094,-0.17782901227474214,0.9776479005813599],"EasingStyle":"Linear","EasingDirection":"Out"}}},{"Time":0.23333333432674409,"poses":{"Left Leg":{"Weight":1,"CFrame":[-0.23361137509346009,0.41657882928848269,0.09327709674835205,0.7944586277008057,0.5322151184082031,0.2925451099872589,-0.5578750967979431,0.8299086689949036,0.005191619973629713,-0.2400226891040802,-0.16732816398143769,0.9562376141548157],"EasingStyle":"Linear","EasingDirection":"Out"},"Right Arm":{"Weight":1,"CFrame":[-0.3245958685874939,-0.3967684507369995,-0.20315486192703248,0.9572624564170837,-0.25103986263275149,0.14362290501594544,0.21707747876644135,0.9517793655395508,0.2167796492576599,-0.19111764430999757,-0.17633771896362306,0.9655977487564087],"EasingStyle":"Linear","EasingDirection":"Out"},"Head":{"Weight":1,"CFrame":[1.1548399925231934e-7,-1.825392246246338e-7,1.1920928955078126e-7,0.8862801194190979,-0.35697031021118166,0.2950928211212158,0.461017906665802,0.7410114407539368,-0.4882258474826813,-0.04438491538167,0.5687479972839356,0.8213134407997131],"EasingStyle":"Linear","EasingDirection":"Out"},"Left Arm":{"Weight":1,"CFrame":[0.45744001865386965,-0.38475632667541506,-0.3452661633491516,0.7200540900230408,-0.23763754963874818,0.6519589424133301,0.36616241931915285,0.9282017946243286,-0.06607960164546967,-0.5894465446472168,0.28630369901657107,0.7553694844245911],"EasingStyle":"Linear","EasingDirection":"Out"},"Torso":{"Weight":1,"CFrame":[-0.38845810294151308,1.9713075971594663e-7,-0.36037158966064455,0.996479332447052,-0.07211952656507492,0.0427519753575325,0.08259491622447968,0.756952166557312,-0.6482295393943787,0.01438880804926157,0.6494783759117127,0.7602438926696777],"EasingStyle":"Linear","EasingDirection":"Out"},"HumanoidRootPart":{"Weight":0,"CFrame":[0,0,0,1,0,0,0,1,0,0,0,1],"EasingStyle":"Linear","EasingDirection":"In"},"Right Leg":{"Weight":1,"CFrame":[0.5005466341972351,0.6905561685562134,0.0752875804901123,0.7936911582946777,-0.5538834929466248,-0.2515302002429962,0.5885183811187744,0.8037818074226379,0.08706843107938767,0.15394966304302216,-0.21713565289974214,0.9639251232147217],"EasingStyle":"Linear","EasingDirection":"Out"}}},{"Time":0.25,"poses":{"Left Leg":{"Weight":1,"CFrame":[-0.2918514013290405,0.4241102337837219,0.09584152698516846,0.8152399063110352,0.5259595513343811,0.2423849254846573,-0.5428992509841919,0.839789628982544,0.0037040074821561577,-0.20160426199436189,-0.13461028039455415,0.9701730608940125],"EasingStyle":"Linear","EasingDirection":"Out"},"Right Arm":{"Weight":1,"CFrame":[-0.3465721607208252,-0.3517017364501953,-0.2259540557861328,0.9896043539047241,-0.1255805641412735,0.07009065896272659,0.1187073290348053,0.988387405872345,0.09486258774995804,-0.0811896100640297,-0.08555615693330765,0.9930198192596436],"EasingStyle":"Linear","EasingDirection":"Out"},"Head":{"Weight":1,"CFrame":[1.4156103134155274e-7,1.564621925354004e-7,2.384185791015625e-7,0.849541962146759,-0.3359008729457855,0.4067542254924774,0.489235520362854,0.7900775671005249,-0.36935898661613467,-0.197299525141716,0.5127846002578735,0.8355387449264526],"EasingStyle":"Linear","EasingDirection":"Out"},"Left Arm":{"Weight":1,"CFrame":[0.4614284634590149,-0.37119096517562868,-0.35316359996795657,0.7163226008415222,-0.21816213428974152,0.6627874970436096,0.37226593494415285,0.9228779077529907,-0.09856174886226654,-0.5901694893836975,0.3173351585865021,0.7422926425933838],"EasingStyle":"Linear","EasingDirection":"Out"},"Torso":{"Weight":1,"CFrame":[-0.3819020688533783,2.1269003980251e-7,-0.36120080947875979,0.9919446706771851,-0.11886892467737198,0.04377216845750809,0.11915002763271332,0.7582592368125916,-0.6409728527069092,0.04300110787153244,0.6410250663757324,0.7663144469261169],"EasingStyle":"Linear","EasingDirection":"Out"},"HumanoidRootPart":{"Weight":0,"CFrame":[0,0,0,1,0,0,0,1,0,0,0,1],"EasingStyle":"Linear","EasingDirection":"In"},"Right Leg":{"Weight":1,"CFrame":[0.48714375495910647,0.7133162021636963,0.0783771276473999,0.8030061721801758,-0.5133635997772217,-0.3027191460132599,0.5628697872161865,0.820209264755249,0.1021486297249794,0.19585363566875459,-0.2524174451828003,0.9475899934768677],"EasingStyle":"Linear","EasingDirection":"Out"}}},{"Time":0.2666666805744171,"poses":{"Left Leg":{"Weight":1,"CFrame":[-0.34594738483428957,0.4440203309059143,0.09503316879272461,0.8351185917854309,0.5142669677734375,0.1952088177204132,-0.5249407887458801,0.8511316180229187,0.0034782695583999159,-0.16435961425304414,-0.10537787526845932,0.9807555079460144],"EasingStyle":"Linear","EasingDirection":"Out"},"Right Arm":{"Weight":1,"CFrame":[-0.3666412830352783,-0.30885452032089236,-0.24336844682693482,0.999582827091217,-0.02191150188446045,-0.018816091120243074,0.02179630845785141,0.9997425079345703,-0.006308618932962418,0.01894950680434704,0.005895879119634628,0.9998030662536621],"EasingStyle":"Linear","EasingDirection":"Out"},"Head":{"Weight":1,"CFrame":[1.4156103134155274e-7,-1.1920928955078126e-7,-1.7881393432617188e-7,0.8004441857337952,-0.32731109857559206,0.5021517872810364,0.48860570788383486,0.841559648513794,-0.23030829429626466,-0.3472082018852234,0.4297032058238983,0.8335476517677307],"EasingStyle":"Linear","EasingDirection":"Out"},"Left Arm":{"Weight":1,"CFrame":[0.465218186378479,-0.3569949269294739,-0.359352707862854,0.7143781185150147,-0.20151495933532716,0.6701160669326782,0.3770921528339386,0.9175546169281006,-0.12607574462890626,-0.5894619822502136,0.34276121854782107,0.7314706444740295],"EasingStyle":"Linear","EasingDirection":"Out"},"Torso":{"Weight":1,"CFrame":[-0.37381917238235476,2.3002020554940828e-7,-0.373077392578125,0.9857383966445923,-0.1621047854423523,0.045186787843704227,0.15374413132667542,0.7583076357841492,-0.6335079073905945,0.06842917948961258,0.6314202547073364,0.7724156379699707],"EasingStyle":"Linear","EasingDirection":"Out"},"HumanoidRootPart":{"Weight":0,"CFrame":[0,0,0,1,0,0,0,1,0,0,0,1],"EasingStyle":"Linear","EasingDirection":"In"},"Right Leg":{"Weight":1,"CFrame":[0.47669661045074465,0.7450655698776245,0.08249378204345703,0.811362087726593,-0.4688355624675751,-0.3491200804710388,0.534308910369873,0.8370619416236877,0.11764899641275406,0.23707707226276399,-0.28199389576911929,0.9296633005142212],"EasingStyle":"Linear","EasingDirection":"Out"}}},{"Time":0.28333333134651186,"poses":{"Left Leg":{"Weight":1,"CFrame":[-0.39500293135643008,0.4747477173805237,0.09190928936004639,0.8519144058227539,0.5010020136833191,0.15244276821613313,-0.5074872374534607,0.8616488575935364,0.004249367397278547,-0.12922316789627076,-0.08098287135362625,0.9883031845092773],"EasingStyle":"Linear","EasingDirection":"Out"},"Right Arm":{"Weight":1,"CFrame":[-0.38466882705688479,-0.26932138204574587,-0.25581467151641848,0.9919255375862122,0.0592920295894146,-0.11210790276527405,-0.06891202926635742,0.9940819144248962,-0.08397775888442993,0.10646523535251618,0.09102527797222138,0.9901411533355713],"EasingStyle":"Linear","EasingDirection":"Out"},"Head":{"Weight":1,"CFrame":[8.195638656616211e-8,1.4901161193847657e-7,-2.384185791015625e-7,0.7483329176902771,-0.33432942628860476,0.5729063153266907,0.4587040841579437,0.8847163915634155,-0.08286990225315094,-0.4791538417339325,0.32480868697166445,0.8154207468032837],"EasingStyle":"Linear","EasingDirection":"Out"},"Left Arm":{"Weight":1,"CFrame":[0.4688009023666382,-0.3422596752643585,-0.36416053771972659,0.7137565016746521,-0.18780513107776643,0.6747451424598694,0.3808921277523041,0.9125481247901917,-0.1489199995994568,-0.5877693891525269,0.36329764127731326,0.7228705286979675],"EasingStyle":"Linear","EasingDirection":"Out"},"Torso":{"Weight":1,"CFrame":[-0.3647918403148651,2.4863646785888707e-7,-0.3942890167236328,0.978506863117218,-0.20060518383979798,0.04776923730969429,0.18561020493507386,0.7558488845825195,-0.6278864145278931,0.08985095471143723,0.623257577419281,0.7768377065658569],"EasingStyle":"Linear","EasingDirection":"Out"},"HumanoidRootPart":{"Weight":0,"CFrame":[0,0,0,1,0,0,0,1,0,0,0,1],"EasingStyle":"Linear","EasingDirection":"In"},"Right Leg":{"Weight":1,"CFrame":[0.4685482084751129,0.783064603805542,0.08755064010620117,0.8167186379432678,-0.42544832825660708,-0.3898259699344635,0.5066134929656982,0.8520956635475159,0.1314379721879959,0.27624887228012087,-0.3048388957977295,0.9114602208137512],"EasingStyle":"Linear","EasingDirection":"Out"}}},{"Time":0.30000001192092898,"poses":{"Left Leg":{"Weight":1,"CFrame":[-0.43847131729125979,0.5155954957008362,0.08746147155761719,0.8640480637550354,0.489959180355072,0.11558989435434342,-0.49387967586517336,0.8695083856582642,0.006161176133900881,-0.09748758375644684,-0.062410980463027957,0.993277907371521],"EasingStyle":"Linear","EasingDirection":"Out"},"Right Arm":{"Weight":1,"CFrame":[-0.40051981806755068,-0.23419669270515443,-0.2637096643447876,0.9721733331680298,0.12027691304683685,-0.20102860033512116,-0.14969447255134583,0.9790319204330444,-0.13815969228744508,0.18019598722457887,0.16440804302692414,0.9697934985160828],"EasingStyle":"Linear","EasingDirection":"Out"},"Head":{"Weight":1,"CFrame":[1.4901161193847657e-7,7.450580596923828e-9,1.1920928955078126e-7,0.7056742310523987,-0.3555494546890259,0.6128689646720886,0.40584832429885867,0.9118555188179016,0.061698317527770999,-0.580784797668457,0.2051929235458374,0.7877721190452576],"EasingStyle":"Linear","EasingDirection":"Out"},"Left Arm":{"Weight":1,"CFrame":[0.4721665680408478,-0.3270772099494934,-0.36781346797943118,0.7139961123466492,-0.17705999314785005,0.6773914694786072,0.38395926356315615,0.9080570936203003,-0.16735488176345826,-0.5854782462120056,0.3795814514160156,0.7163330912590027],"EasingStyle":"Linear","EasingDirection":"Out"},"Torso":{"Weight":1,"CFrame":[-0.3553810715675354,2.680679358491034e-7,-0.423001766204834,0.9710291028022766,-0.23312245309352876,0.05250104144215584,0.21385802328586579,0.7497623562812805,-0.6261957287788391,0.10661696642637253,0.619282066822052,0.7778962254524231],"EasingStyle":"Linear","EasingDirection":"Out"},"HumanoidRootPart":{"Weight":0,"CFrame":[0,0,0,1,0,0,0,1,0,0,0,1],"EasingStyle":"Linear","EasingDirection":"In"},"Right Leg":{"Weight":1,"CFrame":[0.4608914256095886,0.82486891746521,0.09310317039489746,0.8176957368850708,-0.38900986313819888,-0.42431721091270449,0.4840247929096222,0.8636198043823242,0.1409991830587387,0.31159862875938418,-0.32067444920539858,0.8944686651229858],"EasingStyle":"Linear","EasingDirection":"Out"}}},{"Time":0.3166666626930237,"poses":{"Left Leg":{"Weight":1,"CFrame":[-0.4769212305545807,0.5644590854644775,0.08253848552703858,0.8712787628173828,0.4833608865737915,0.08506268262863159,-0.48569047451019289,0.8740955591201782,0.007855810225009919,-0.07055569440126419,-0.04815877228975296,0.9963446259498596],"EasingStyle":"Linear","EasingDirection":"Out"},"Right Arm":{"Weight":1,"CFrame":[-0.4140606224536896,-0.20457708835601808,-0.2674700617790222,0.945910632610321,0.16500508785247804,-0.2793320417404175,-0.21799734234809876,0.9609265327453613,-0.17057934403419496,0.24027107656002046,0.22224648296833039,0.9449213147163391],"EasingStyle":"Linear","EasingDirection":"Out"},"Head":{"Weight":1,"CFrame":[1.993030309677124e-7,-8.940696716308594e-8,-5.960464477539063e-8,0.6754646301269531,