{"Sequence":[{"Time":0,"poses":{"Left Leg":{"Weight":1,"CFrame":[-0.21845674514770509,-0.09460270404815674,0.02743375301361084,0.9890027046203613,-0.06663258373737335,0.13203749060630799,0.10001971572637558,0.9589836597442627,-0.26522907614707949,-0.10894893854856491,0.27551859617233279,0.9551019668579102],"EasingStyle":"Constant","EasingDirection":"In"},"Right Leg":{"Weight":1,"CFrame":[0.28521764278411868,-0.4481416940689087,0.0534820556640625,0.9339192509651184,-0.26908421516418459,-0.2353476732969284,-0.14093434810638429,0.3278827369213104,-0.9341469407081604,0.3285306990146637,0.905586302280426,0.26829272508621218],"EasingStyle":"Constant","EasingDirection":"In"},"Left Arm":{"Weight":1,"CFrame":[0.043053776025772098,-0.015156328678131104,0.24421751499176026,-0.775961697101593,0.45005685091018679,0.4419640600681305,-0.6301107406616211,-0.5207867622375488,-0.5759701132774353,-0.029050342738628389,-0.7254171371459961,0.6876963376998901],"EasingStyle":"Constant","EasingDirection":"In"},"Head":{"Weight":1,"CFrame":[1.4901161193847657e-7,-9.313225746154785e-9,-2.980232238769531e-7,0.9809327125549316,-0.18536706268787385,0.058396484702825549,0.1786898523569107,0.9783854484558106,0.10407664626836777,-0.076426662504673,-0.09165731072425842,0.9928534626960754],"EasingStyle":"Constant","EasingDirection":"In"},"Torso":{"Weight":1,"CFrame":[0.03913182020187378,-0.07943584024906159,-0.1439518928527832,0.9741179943084717,0.16185666620731355,-0.15778659284114839,-0.17873069643974305,0.978874921798706,-0.09929481893777847,0.13838179409503938,0.12492618709802628,0.98246830701828],"EasingStyle":"Constant","EasingDirection":"In"},"HumanoidRootPart":{"Weight":0,"CFrame":[0,0,0,1,0,0,0,1,0,0,0,1],"EasingStyle":"Linear","EasingDirection":"In"},"Right Arm":{"Weight":1,"CFrame":[0.06095438823103905,-0.35946738719940188,0.1341317892074585,-0.3867720365524292,-0.6409819722175598,-0.6629853248596191,0.9196572303771973,-0.32119566202163699,-0.22597329318523408,-0.06810328364372254,-0.6971194744110107,0.7137132287025452],"EasingStyle":"Constant","EasingDirection":"In"}}},{"Time":0.0416666679084301,"poses":{"Left Leg":{"Weight":1,"CFrame":[-0.21845674514770509,-0.09460270404815674,0.02743375301361084,0.9890027046203613,-0.06663258373737335,0.13203749060630799,0.10001971572637558,0.9589836597442627,-0.26522907614707949,-0.10894893854856491,0.27551859617233279,0.9551019668579102],"EasingStyle":"Constant","EasingDirection":"In"},"Right Leg":{"Weight":1,"CFrame":[0.28521764278411868,-0.4481416940689087,0.0534820556640625,0.9339192509651184,-0.26908421516418459,-0.2353476732969284,-0.14093434810638429,0.3278827369213104,-0.9341469407081604,0.3285306990146637,0.905586302280426,0.26829272508621218],"EasingStyle":"Constant","EasingDirection":"In"},"Left Arm":{"Weight":1,"CFrame":[0.043053776025772098,-0.015156328678131104,0.24421751499176026,-0.775961697101593,0.45005685091018679,0.4419640600681305,-0.6301107406616211,-0.5207867622375488,-0.5759701132774353,-0.029050342738628389,-0.7254171371459961,0.6876963376998901],"EasingStyle":"Constant","EasingDirection":"In"},"Head":{"Weight":1,"CFrame":[1.4901161193847657e-7,-9.313225746154785e-9,-2.980232238769531e-7,0.9809327125549316,-0.18536706268787385,0.058396484702825549,0.1786898523569107,0.9783854484558106,0.10407664626836777,-0.076426662504673,-0.09165731072425842,0.9928534626960754],"EasingStyle":"Constant","EasingDirection":"In"},"Torso":{"Weight":1,"CFrame":[0.03913182020187378,-0.07943584024906159,-0.1439518928527832,0.9741179943084717,0.16185666620731355,-0.15778659284114839,-0.17873069643974305,0.978874921798706,-0.09929481893777847,0.13838179409503938,0.12492618709802628,0.98246830701828],"EasingStyle":"Constant","EasingDirection":"In"},"HumanoidRootPart":{"Weight":0,"CFrame":[0,0,0,1,0,0,0,1,0,0,0,1],"EasingStyle":"Linear","EasingDirection":"In"},"Right Arm":{"Weight":1,"CFrame":[0.06095438823103905,-0.35946738719940188,0.1341317892074585,-0.3867720365524292,-0.6409819722175598,-0.6629853248596191,0.9196572303771973,-0.32119566202163699,-0.22597329318523408,-0.06810328364372254,-0.6971194744110107,0.7137132287025452],"EasingStyle":"Constant","EasingDirection":"In"}}},{"Time":0.0833333358168602,"poses":{"Left Leg":{"Weight":1,"CFrame":[-0.21845674514770509,-0.09460270404815674,0.02743375301361084,0.9890027046203613,-0.06663258373737335,0.13203749060630799,0.10001971572637558,0.9589836597442627,-0.26522907614707949,-0.10894893854856491,0.27551859617233279,0.9551019668579102],"EasingStyle":"Constant","EasingDirection":"In"},"Right Leg":{"Weight":1,"CFrame":[0.28521764278411868,-0.4481416940689087,0.0534820556640625,0.9339192509651184,-0.26908421516418459,-0.2353476732969284,-0.14093434810638429,0.3278827369213104,-0.9341469407081604,0.3285306990146637,0.905586302280426,0.26829272508621218],"EasingStyle":"Constant","EasingDirection":"In"},"Left Arm":{"Weight":1,"CFrame":[0.043053776025772098,-0.015156328678131104,0.24421751499176026,-0.775961697101593,0.45005685091018679,0.4419640600681305,-0.6301107406616211,-0.5207867622375488,-0.5759701132774353,-0.029050342738628389,-0.7254171371459961,0.6876963376998901],"EasingStyle":"Constant","EasingDirection":"In"},"Head":{"Weight":1,"CFrame":[1.4901161193847657e-7,-9.313225746154785e-9,-2.980232238769531e-7,0.9809327125549316,-0.18536706268787385,0.058396484702825549,0.1786898523569107,0.9783854484558106,0.10407664626836777,-0.076426662504673,-0.09165731072425842,0.9928534626960754],"EasingStyle":"Constant","EasingDirection":"In"},"Torso":{"Weight":1,"CFrame":[0.03913182020187378,-0.07943584024906159,-0.1439518928527832,0.9741179943084717,0.16185666620731355,-0.15778659284114839,-0.17873069643974305,0.978874921798706,-0.09929481893777847,0.13838179409503938,0.12492618709802628,0.98246830701828],"EasingStyle":"Constant","EasingDirection":"In"},"HumanoidRootPart":{"Weight":0,"CFrame":[0,0,0,1,0,0,0,1,0,0,0,1],"EasingStyle":"Linear","EasingDirection":"In"},"Right Arm":{"Weight":1,"CFrame":[0.06095438823103905,-0.35946738719940188,0.1341317892074585,-0.3867720365524292,-0.6409819722175598,-0.6629853248596191,0.9196572303771973,-0.32119566202163699,-0.22597329318523408,-0.06810328364372254,-0.6971194744110107,0.7137132287025452],"EasingStyle":"Constant","EasingDirection":"In"}}},{"Time":0.125,"poses":{"Left Leg":{"Weight":1,"CFrame":[-0.7947991490364075,0.09947377443313599,0.12125682830810547,0.6989283561706543,-0.6986871957778931,0.15275898575782777,0.6881682276725769,0.7151588201522827,0.1223619282245636,-0.19473974406719209,0.01960168033838272,0.9806590676307678],"EasingStyle":"Constant","EasingDirection":"In"},"Right Leg":{"Weight":1,"CFrame":[0.6933631896972656,0.010612249374389649,0.11515641212463379,0.8131247162818909,0.5623418688774109,-0.15033255517482758,-0.5781608819961548,0.8101926445960999,-0.09652995318174362,0.06751549243927002,0.16540716588497163,0.9839116930961609],"EasingStyle":"Constant","EasingDirection":"In"},"Left Arm":{"Weight":1,"CFrame":[0.04305380582809448,-0.015156149864196778,0.24421775341033936,-0.06519975513219834,0.11811726540327072,0.9908568859100342,-0.9969698786735535,0.034509915858507159,-0.06971587985754013,-0.04242907091975212,-0.9923998117446899,0.11550929397344589],"EasingStyle":"Constant","EasingDirection":"In"},"Head":{"Weight":1,"CFrame":[8.940696716308594e-8,-5.960464477539063e-8,-1.1920928955078126e-7,0.7897116541862488,-0.6132369637489319,0.017200779169797899,0.5818562507629395,0.7398256063461304,-0.3377891182899475,0.19441920518875123,0.2767643630504608,0.941064715385437],"EasingStyle":"Constant","EasingDirection":"In"},"Torso":{"Weight":1,"CFrame":[0.7588404417037964,0.13981035351753236,-0.489182710647583,0.7366098761558533,0.603704571723938,0.30487167835235598,-0.666386604309082,0.7248357534408569,0.17476291954517365,-0.11547674238681793,-0.3318944573402405,0.9362217783927918],"EasingStyle":"Constant","EasingDirection":"In"},"HumanoidRootPart":{"Weight":0,"CFrame":[0,0,0,1,0,0,0,1,0,0,0,1],"EasingStyle":"Linear","EasingDirection":"In"},"Right Arm":{"Weight":1,"CFrame":[0.37387844920158389,-0.06875613331794739,0.21432709693908692,0.3445097804069519,-0.7340142726898193,-0.5852656960487366,0.8306750655174255,-0.05210418626666069,0.5543140769004822,-0.4373692274093628,-0.6771323084831238,0.5917770862579346],"EasingStyle":"Constant","EasingDirection":"In"}}},{"Time":0.1666666716337204,"poses":{"Left Leg":{"Weight":1,"CFrame":[-0.7947991490364075,0.09947377443313599,0.12125682830810547,0.6989283561706543,-0.6986871957778931,0.15275898575782777,0.6881682276725769,0.7151588201522827,0.1223619282245636,-0.19473974406719209,0.01960168033838272,0.9806590676307678],"EasingStyle":"Constant","EasingDirection":"In"},"Right Leg":{"Weight":1,"CFrame":[0.6933631896972656,0.010612249374389649,0.11515641212463379,0.8131247162818909,0.5623418688774109,-0.15033255517482758,-0.5781608819961548,0.8101926445960999,-0.09652995318174362,0.06751549243927002,0.16540716588497163,0.9839116930961609],"EasingStyle":"Constant","EasingDirection":"In"},"Left Arm":{"Weight":1,"CFrame":[0.04305380582809448,-0.015156149864196778,0.24421775341033936,-0.06519975513219834,0.11811726540327072,0.9908568859100342,-0.9969698786735535,0.034509915858507159,-0.06971587985754013,-0.04242907091975212,-0.9923998117446899,0.11550929397344589],"EasingStyle":"Constant","EasingDirection":"In"},"Head":{"Weight":1,"CFrame":[8.940696716308594e-8,-5.960464477539063e-8,-1.1920928955078126e-7,0.7897116541862488,-0.6132369637489319,0.017200779169797899,0.5818562507629395,0.7398256063461304,-0.3377891182899475,0.19441920518875123,0.2767643630504608,0.941064715385437],"EasingStyle":"Constant","EasingDirection":"In"},"Torso":{"Weight":1,"CFrame":[0.7588404417037964,0.13981035351753236,-0.489182710647583,0.7366098761558533,0.603704571723938,0.30487167835235598,-0.666386604309082,0.7248357534408569,0.17476291954517365,-0.11547674238681793,-0.3318944573402405,0.9362217783927918],"EasingStyle":"Constant","EasingDirection":"In"},"HumanoidRootPart":{"Weight":0,"CFrame":[0,0,0,1,0,0,0,1,0,0,0,1],"EasingStyle":"Linear","EasingDirection":"In"},"Right Arm":{"Weight":1,"CFrame":[0.37387844920158389,-0.06875613331794739,0.21432709693908692,0.3445097804069519,-0.7340142726898193,-0.5852656960487366,0.8306750655174255,-0.05210418626666069,0.5543140769004822,-0.4373692274093628,-0.6771323084831238,0.5917770862579346],"EasingStyle":"Constant","EasingDirection":"In"}}},{"Time":0.2083333283662796,"poses":{"Left Leg":{"Weight":1,"CFrame":[-0.7947991490364075,0.09947377443313599,0.12125682830810547,0.6989283561706543,-0.6986871957778931,0.15275898575782777,0.6881682276725769,0.7151588201522827,0.1223619282245636,-0.19473974406719209,0.01960168033838272,0.9806590676307678],"EasingStyle":"Constant","EasingDirection":"In"},"Right Leg":{"Weight":1,"CFrame":[0.6933631896972656,0.010612249374389649,0.11515641212463379,0.8131247162818909,0.5623418688774109,-0.15033255517482758,-0.5781608819961548,0.8101926445960999,-0.09652995318174362,0.06751549243927002,0.16540716588497163,0.9839116930961609],"EasingStyle":"Constant","EasingDirection":"In"},"Left Arm":{"Weight":1,"CFrame":[0.04305380582809448,-0.015156149864196778,0.24421775341033936,-0.06519975513219834,0.11811726540327072,0.9908568859100342,-0.9969698786735535,0.034509915858507159,-0.06971587985754013,-0.04242907091975212,-0.9923998117446899,0.11550929397344589],"EasingStyle":"Constant","EasingDirection":"In"},"Head":{"Weight":1,"CFrame":[8.940696716308594e-8,-5.960464477539063e-8,-1.1920928955078126e-7,0.7897116541862488,-0.6132369637489319,0.017200779169797899,0.5818562507629395,0.7398256063461304,-0.3377891182899475,0.19441920518875123,0.2767643630504608,0.941064715385437],"EasingStyle":"Constant","EasingDirection":"In"},"Torso":{"Weight":1,"CFrame":[0.7588404417037964,0.13981035351753236,-0.489182710647583,0.7366098761558533,0.603704571723938,0.30487167835235598,-0.666386604309082,0.7248357534408569,0.17476291954517365,-0.11547674238681793,-0.3318944573402405,0.9362217783927918],"EasingStyle":"Constant","EasingDirection":"In"},"HumanoidRootPart":{"Weight":0,"CFrame":[0,0,0,1,0,0,0,1,0,0,0,1],"EasingStyle":"Linear","EasingDirection":"In"},"Right Arm":{"Weight":1,"CFrame":[0.37387844920158389,-0.06875613331794739,0.21432709693908692,0.3445097804069519,-0.7340142726898193,-0.5852656960487366,0.8306750655174255,-0.05210418626666069,0.5543140769004822,-0.4373692274093628,-0.6771323084831238,0.5917770862579346],"EasingStyle":"Constant","EasingDirection":"In"}}},{"Time":0.25,"poses":{"Left Leg":{"Weight":1,"CFrame":[0.4467862844467163,-0.10501813888549805,-0.3015729784965515,0.4366021752357483,-0.06261752545833588,0.8974728584289551,0.5390275120735169,0.8169025778770447,-0.2052297741174698,-0.7202970385551453,0.5733665227890015,0.3904140293598175],"EasingStyle":"Constant","EasingDirection":"In"},"Right Leg":{"Weight":1,"CFrame":[0.26458126306533816,-0.053716421127319339,0.16497361660003663,0.9456758499145508,-0.11036520451307297,-0.3058053255081177,-0.04292185977101326,0.8900012969970703,-0.4539331793785095,0.3222656548023224,0.4423993229866028,0.8369156718254089],"EasingStyle":"Constant","EasingDirection":"In"},"Left Arm":{"Weight":1,"CFrame":[0.020445197820663453,-0.771922767162323,0.4332987070083618,0.7529138922691345,0.6571712493896484,0.035309091210365298,-0.030799824744462968,-0.018407301977276803,0.9993560910224915,0.6573980450630188,-0.7535164952278137,0.006381670944392681],"EasingStyle":"Constant","EasingDirection":"In"},"Head":{"Weight":1,"CFrame":[1.9744038581848145e-7,5.960464477539063e-8,0,0.9568527936935425,-0.2782241404056549,0.08380972594022751,0.2701082229614258,0.9579889178276062,0.09643049538135529,-0.10711808502674103,-0.06963206827640534,0.9918049573898315],"EasingStyle":"Constant","EasingDirection":"In"},"Torso":{"Weight":1,"CFrame":[0.05435913801193237,-0.07005426287651062,-0.3012266159057617,0.9397553205490112,0.30350369215011599,-0.15730753540992738,-0.3193930983543396,0.9435677528381348,-0.08756782859563828,0.12185315787792206,0.13253527879714967,0.9836596250534058],"EasingStyle":"Constant","EasingDirection":"In"},"HumanoidRootPart":{"Weight":0,"CFrame":[0,0,0,1,0,0,0,1,0,0,0,1],"EasingStyle":"Linear","EasingDirection":"In"},"Right Arm":{"Weight":1,"CFrame":[0.22163236141204835,-0.7202281951904297,0.469374418258667,0.8478677868843079,-0.4872957468032837,-0.20895691215991975,0.1870412826538086,-0.0938723161816597,0.9778566956520081,-0.49612075090408327,-0.8681766986846924,0.011553250253200531],"EasingStyle":"Constant","EasingDirection":"In"}}},{"Time":0.2916666567325592,"poses":{"Left Leg":{"Weight":1,"CFrame":[0.4467862844467163,-0.10501813888549805,-0.3015729784965515,0.4366021752357483,-0.06261752545833588,0.8974728584289551,0.5390275120735169,0.8169025778770447,-0.2052297741174698,-0.7202970385551453,0.5733665227890015,0.3904140293598175],"EasingStyle":"Constant","EasingDirection":"In"},"Right Leg":{"Weight":1,"CFrame":[0.26458126306533816,-0.053716421127319339,0.16497361660003663,0.9456758499145508,-0.11036520451307297,-0.3058053255081177,-0.04292185977101326,0.8900012969970703,-0.4539331793785095,0.3222656548023224,0.4423993229866028,0.8369156718254089],"EasingStyle":"Constant","EasingDirection":"In"},"Left Arm":{"Weight":1,"CFrame":[0.020445197820663453,-0.771922767162323,0.4332987070083618,0.7529138922691345,0.6571712493896484,0.035309091210365298,-0.030799824744462968,-0.018407301977276803,0.9993560910224915,0.6573980450630188,-0.7535164952278137,0.006381670944392681],"EasingStyle":"Constant","EasingDirection":"In"},"Head":{"Weight":1,"CFrame":[1.9744038581848145e-7,5.960464477539063e-8,0,0.9568527936935425,-0.2782241404056549,0.08380972594022751,0.2701082229614258,0.9579889178276062,0.09643049538135529,-0.10711808502674103,-0.06963206827640534,0.9918049573898315],"EasingStyle":"Constant","EasingDirection":"In"},"Torso":{"Weight":1,"CFrame":[0.05435913801193237,-0.07005426287651062,-0.3012266159057617,0.9397553205490112,0.30350369215011599,-0.15730753540992738,-0.3193930983543396,0.9435677528381348,-0.08756782859563828,0.12185315787792206,0.13253527879714967,0.9836596250534058],"EasingStyle":"Constant","EasingDirection":"In"},"HumanoidRootPart":{"Weight":0,"CFrame":[0,0,0,1,0,0,0,1,0,0,0,1],"EasingStyle":"Linear","EasingDirection":"In"},"Right Arm":{"Weight":1,"CFrame":[0.22163236141204835,-0.7202281951904297,0.469374418258667,0.8478677868843079,-0.4872957468032837,-0.20895691215991975,0.1870412826538086,-0.0938723161816597,0.9778566956520081,-0.49612075090408327,-0.8681766986846924,0.011553250253200531],"EasingStyle":"Constant","EasingDirection":"In"}}},{"Time":0.3333333432674408,"poses":{"Left Leg":{"Weight":1,"CFrame":[0.4467862844467163,-0.10501813888549805,-0.3015729784965515,0.4366021752357483,-0.06261752545833588,0.8974728584289551,0.5390275120735169,0.8169025778770447,-0.2052297741174698,-0.7202970385551453,0.5733665227890015,0.3904140293598175],"EasingStyle":"Constant","EasingDirection":"In"},"Right Leg":{"Weight":1,"CFrame":[0.26458126306533816,-0.053716421127319339,0.16497361660003663,0.9456758499145508,-0.11036520451307297,-0.3058053255081177,-0.04292185977101326,0.8900012969970703,-0.4539331793785095,0.3222656548023224,0.4423993229866028,0.8369156718254089],"EasingStyle":"Constant","EasingDirection":"In"},"Left Arm":{"Weight":1,"CFrame":[0.020445197820663453,-0.771922767162323,0.4332987070083618,0.7529138922691345,0.6571712493896484,0.035309091210365298,-0.030799824744462968,-0.018407301977276803,0.9993560910224915,0.6573980450630188,-0.7535164952278137,0.006381670944392681],"EasingStyle":"Constant","EasingDirection":"In"},"Head":{"Weight":1,"CFrame":[1.9744038581848145e-7,5.960464477539063e-8,0,0.9568527936935425,-0.2782241404056549,0.08380972594022751,0.2701082229614258,0.9579889178276062,0.09643049538135529,-0.10711808502674103,-0.06963206827640534,0.9918049573898315],"EasingStyle":"Constant","EasingDirection":"In"},"Torso":{"Weight":1,"CFrame":[0.05435913801193237,-0.07005426287651062,-0.3012266159057617,0.9397553205490112,0.30350369215011599,-0.15730753540992738,-0.3193930983543396,0.9435677528381348,-0.08756782859563828,0.12185315787792206,0.13253527879714967,0.9836596250534058],"EasingStyle":"Constant","EasingDirection":"In"},"HumanoidRootPart":{"Weight":0,"CFrame":[0,0,0,1,0,0,0,1,0,0,0,1],"EasingStyle":"Linear","EasingDirection":"In"},"Right Arm":{"Weight":1,"CFrame":[0.22163236141204835,-0.7202281951904297,0.469374418258667,0.8478677868843079,-0.4872957468032837,-0.20895691215991975,0.1870412826538086,-0.0938723161816597,0.9778566956520081,-0.49612075090408327,-0.8681766986846924,0.011553250253200531],"EasingStyle":"Constant","EasingDirection":"In"}}},{"Time":0.375,"poses":{"Left Leg":{"Weight":1,"CFrame":[0.12284144014120102,0.2560218572616577,0.07808470726013184,0.6233221292495728,-0.1583135724067688,0.7657716870307922,-0.03064664825797081,0.9735932350158691,0.22622373700141908,-0.7813644409179688,-0.1644786149263382,0.6020104289054871],"EasingStyle":"Constant","EasingDirection":"In"},"Right Leg":{"Weight":1,"CFrame":[0.212652325630188,0.5744026899337769,0.41255199909210207,0.8869580626487732,-0.09830456227064133,-0.4512666165828705,-0.04622699320316315,0.953282356262207,-0.2985228896141052,0.45953062176704409,0.2856379747390747,0.8409772515296936],"EasingStyle":"Constant","EasingDirection":"In"},"Left Arm":{"Weight":1,"CFrame":[-0.24028456211090089,-0.35168731212615969,0.08998692035675049,-0.39070138335227969,0.9104363322257996,0.13586077094078065,-0.755364179611206,-0.4014452397823334,0.517944872379303,0.526096522808075,0.09973742812871933,0.8445561528205872],"EasingStyle":"Constant","EasingDirection":"In"},"Head":{"Weight":1,"CFrame":[2.7939677238464357e-9,1.862645149230957e-8,-2.384185791015625e-7,0.9623932242393494,-0.05907709151506424,-0.2651587426662445,0.07659484446048737,0.9954767227172852,0.05620970204472542,0.26063859462738039,-0.07440561801195145,0.9625650644302368],"EasingStyle":"Constant","EasingDirection":"In"},"Torso":{"Weight":1,"CFrame":[0.12329363822937012,-0.07477107644081116,0.006999969482421875,0.9474129676818848,0.10867314040660858,0.3009963929653168,-0.08091019839048386,0.9913588762283325,-0.10325279086828232,-0.30961620807647707,0.07346934080123902,0.9480190873146057],"EasingStyle":"Constant","EasingDirection":"In"},"HumanoidRootPart":{"Weight":0,"CFrame":[0,0,0,1,0,0,0,1,0,0,0,1],"EasingStyle":"Linear","EasingDirection":"In"},"Right Arm":{"Weight":1,"CFrame":[-0.010308293625712395,-0.03931784629821777,0.15038537979125977,0.977464497089386,-0.08019307255744934,0.1952749341726303,-0.06261486560106278,0.7732681035995483,0.6309798955917358,-0.20160019397735597,-0.6289877891540527,0.7508208751678467],"EasingStyle":"Constant","EasingDirection":"In"}}},{"Time":0.4166666567325592,"poses":{"Left Leg":{"Weight":1,"CFrame":[0.12284144014120102,0.2560218572616577,0.07808470726013184,0.6233221292495728,-0.1583135724067688,0.7657716870307922,-0.03064664825797081,0.9735932350158691,0.22622373700141908,-0.7813644409179688,-0.1644786149263382,0.6020104289054871],"EasingStyle":"Constant","EasingDirection":"In"},"Right Leg":{"Weight":1,"CFrame":[0.212652325630188,0.5744026899337769,0.41255199909210207,0.8869580626487732,-0.09830456227064133,-0.4512666165828705,-0.04622699320316315,0.953282356262207,-0.2985228896141052,0.45953062176704409,0.2856379747390747,0.8409772515296936],"EasingStyle":"Constant","EasingDirection":"In"},"Left Arm":{"Weight":1,"CFrame":[-0.24028456211090089,-0.35168731212615969,0.08998692035675049,-0.39070138335227969,0.9104363322257996,0.13586077094078065,-0.755364179611206,-0.4014452397823334,0.517944872379303,0.526096522808075,0.09973742812871933,0.8445561528205872],"EasingStyle":"Constant","EasingDirection":"In"},"Head":{"Weight":1,"CFrame":[2.7939677238464357e-9,1.862645149230957e-8,-2.384185791015625e-7,0.9623932242393494,-0.05907709151506424,-0.2651587426662445,0.07659484446048737,0.9954767227172852,0.05620970204472542,0.26063859462738039,-0.07440561801195145,0.9625650644302368],"EasingStyle":"Constant","EasingDirection":"In"},"Torso":{"Weight":1,"CFrame":[0.12329363822937012,-0.07477107644081116,0.006999969482421875,0.9474129676818848,0.10867314040660858,0.3009963929653168,-0.08091019839048386,0.9913588762283325,-0.10325279086828232,-0.30961620807647707,0.07346934080123902,0.9480190873146057],"EasingStyle":"Constant","EasingDirection":"In"},"HumanoidRootPart":{"Weight":0,"CFrame":[0,0,0,1,0,0,0,1,0,0,0,1],"EasingStyle":"Linear","EasingDirection":"In"},"Right Arm":{"Weight":1,"CFrame":[-0.010308293625712395,-0.03931784629821777,0.15038537979125977,0.977464497089386,-0.08019307255744934,0.1952749341726303,-0.06261486560106278,0.7732681035995483,0.6309798955917358,-0.20160019397735597,-0.6289877891540527,0.7508208751678467],"EasingStyle":"Constant","EasingDirection":"In"}}},{"Time":0.4583333432674408,"poses":{"Left Leg":{"Weight":1,"CFrame":[0.12284144014120102,0.2560218572616577,0.07808470726013184,0.6233221292495728,-0.1583135724067688,0.7657716870307922,-0.03064664825797081,0.9735932350158691,0.22622373700141908,-0.7813644409179688,-0.1644786149263382,0.6020104289054871],"EasingStyle":"Constant","EasingDirection":"In"},"Right Leg":{"Weight":1,"CFrame":[0.212652325630188,0.5744026899337769,0.41255199909210207,0.8869580626487732,-0.09830456227064133,-0.4512666165828705,-0.04622699320316315,0.953282356262207,-0.2985228896141052,0.45953062176704409,0.2856379747390747,0.8409772515296936],"EasingStyle":"Constant","EasingDirection":"In"},"Left Arm":{"Weight":1,"CFrame":[-0.24028456211090089,-0.35168731212615969,0.08998692035675049,-0.39070138335227969,0.9104363322257996,0.13586077094078065,-0.755364179611206,-0.4014452397823334,0.517944872379303,0.526096522808075,0.09973742812871933,0.8445561528205872],"EasingStyle":"Constant","EasingDirection":"In"},"Head":{"Weight":1,"CFrame":[2.7939677238464357e-9,1.862645149230957e-8,-2.384185791015625e-7,0.9623932242393494,-0.05907709151506424,-0.2651587426662445,0.07659484446048737,0.9954767227172852,0.05620970204472542,0.26063859462738039,-0.07440561801195145,0.9625650644302368],"EasingStyle":"Constant","EasingDirection":"In"},"Torso":{"Weight":1,"CFrame":[0.12329363822937012,-0.07477107644081116,0.006999969482421875,0.9474129676818848,0.10867314040660858,0.3009963929653168,-0.08091019839048386,0.9913588762283325,-0.10325279086828232,-0.30961620807647707,0.07346934080123902,0.9480190873146057],"EasingStyle":"Constant","EasingDirection":"In"},"HumanoidRootPart":{"Weight":0,"CFrame":[0,0,0,1,0,0,0,1,0,0,0,1],"EasingStyle":"Linear","EasingDirection":"In"},"Right Arm":{"Weight":1,"CFrame":[-0.010308293625712395,-0.03931784629821777,0.15038537979125977,0.977464497089386,-0.08019307255744934,0.1952749341726303,-0.06261486560106278,0.7732681035995483,0.6309798955917358,-0.20160019397735597,-0.6289877891540527,0.7508208751678467],"EasingStyle":"Constant","EasingDirection":"In"}}},{"Time":0.5,"poses":{"Left Leg":{"Weight":1,"CFrame":[0.4467862844467163,-0.10501813888549805,-0.3015729784965515,0.4366021752357483,-0.06261752545833588,0.8974728584289551,0.5390275120735169,0.8169025778770447,-0.2052297741174698,-0.7202970385551453,0.5733665227890015,0.3904140293598175],"EasingStyle":"Constant","EasingDirection":"In"},"Right Leg":{"Weight":1,"CFrame":[0.26458126306533816,-0.053716421127319339,0.16497361660003663,0.9456758499145508,-0.11036520451307297,-0.3058053255081177,-0.04292185977101326,0.8900012969970703,-0.4539331793785095,0.3222656548023224,0.4423993229866028,0.8369156718254089],"EasingStyle":"Constant","EasingDirection":"In"},"Left Arm":{"Weight":1,"CFrame":[0.020445197820663453,-0.771922767162323,0.4332987070083618,0.7529138922691345,0.6571712493896484,0.035309091210365298,-0.030799824744462968,-0.018407301977276803,0.9993560910224915,0.6573980450630188,-0.7535164952278137,0.006381670944392681],"EasingStyle":"Constant","EasingDirection":"In"},"Head":{"Weight":1,"CFrame":[1.9744038581848145e-7,5.960464477539063e-8,0,0.9568527936935425,-0.2782241404056549,0.08380972594022751,0.2701082229614258,0.9579889178276062,0.09643049538135529,-0.10711808502674103,-0.06963206827640534,0.9918049573898315],"EasingStyle":"Constant","EasingDirection":"In"},"Torso":{"Weight":1,"CFrame":[0.05435913801193237,-0.07005426287651062,-0.3012266159057617,0.9397553205490112,0.30350369215011599,-0.15730753540992738,-0.3193930983543396,0.9435677528381348,-0.08756782859563828,0.12185315787792206,0.13253527879714967,0.9836596250534058],"EasingStyle":"Constant","EasingDirection":"In"},"HumanoidRootPart":{"Weight":0,"CFrame":[0,0,0,1,0,0,0,1,0,0,0,1],"EasingStyle":"Linear","EasingDirection":"In"},"Right Arm":{"Weight":1,"CFrame":[0.22163236141204835,-0.7202281951904297,0.469374418258667,0.8478677868843079,-0.4872957468032837,-0.20895691215991975,0.1870412826538086,-0.0938723161816597,0.9778566956520081,-0.49612075090408327,-0.8681766986846924,0.011553250253200531],"EasingStyle":"Constant","EasingDirection":"In"}}},{"Time":0.5416666865348816,"poses":{"Left Leg":{"Weight":1,"CFrame":[0.4467862844467163,-0.10501813888549805,-0.3015729784965515,0.4366021752357483,-0.06261752545833588,0.8974728584289551,0.5390275120735169,0.8169025778770447,-0.2052297741174698,-0.7202970385551453,0.5733665227890015,0.3904140293598175],"EasingStyle":"Constant","EasingDirection":"In"},"Right Leg":{"Weight":1,"CFrame":[0.26458126306533816,-0.053716421127319339,0.16497361660003663,0.9456758499145508,-0.11036520451307297,-0.3058053255081177,-0.04292185977101326,0.8900012969970703,-0.4539331793785095,0.3222656548023224,0.4423993229866028,0.8369156718254089],"EasingStyle":"Constant","EasingDirection":"In"},"Left Arm":{"Weight":1,"CFrame":[0.020445197820663453,-0.771922767162323,0.4332987070083618,0.7529138922691345,0.6571712493896484,0.035309091210365298,-0.030799824744462968,-0.018407301977276803,0.9993560910224915,0.6573980450630188,-0.7535164952278137,0.006381670944392681],"EasingStyle":"Constant","EasingDirection":"In"},"Head":{"Weight":1,"CFrame":[1.9744038581848145e-7,5.960464477539063e-8,0,0.9568527936935425,-0.2782241404056549,0.08380972594022751,0.2701082229614258,0.9579889178276062,0.09643049538135529,-0.10711808502674103,-0.06963206827640534,0.9918049573898315],"EasingStyle":"Constant","EasingDirection":"In"},"Torso":{"Weight":1,"CFrame":[0.05435913801193237,-0.07005426287651062,-0.3012266159057617,0.9397553205490112,0.30350369215011599,-0.15730753540992738,-0.3193930983543396,0.9435677528381348,-0.08756782859563828,0.12185315787792206,0.13253527879714967,0.9836596250534058],"EasingStyle":"Constant","EasingDirection":"In"},"HumanoidRootPart":{"Weight":0,"CFrame":[0,0,0,1,0,0,0,1,0,0,0,1],"EasingStyle":"Linear","EasingDirection":"In"},"Right Arm":{"Weight":1,"CFrame":[0.22163236141204835,-0.7202281951904297,0.469374418258667,0.8478677868843079,-0.4872957468032837,-0.20895691215991975,0.1870412826538086,-0.0938723161816597,0.9778566956520081,-0.49612075090408327,-0.8681766986846924,0.011553250253200531],"EasingStyle":"Constant","EasingDirection":"In"}}},{"Time":0.5833333134651184,"poses":{"Left Leg":{"Weight":1,"CFrame":[0.4467862844467163,-0.10501813888549805,-0.3015729784965515,0.4366021752357483,-0.06261752545833588,0.8974728584289551,0.5390275120735169,0.8169025778770447,-0.2052297741174698,-0.7202970385551453,0.5733665227890015,0.3904140293598175],"EasingStyle":"Constant","EasingDirection":"In"},"Right Leg":{"Weight":1,"CFrame":[0.26458126306533816,-0.053716421127319339,0.16497361660003663,0.9456758499145508,-0.11036520451307297,-0.3058053255081177,-0.04292185977101326,0.8900012969970703,-0.4539331793785095,0.3222656548023224,0.4423993229866028,0.8369156718254089],"EasingStyle":"Constant","EasingDirection":"In"},"Left Arm":{"Weight":1,"CFrame":[0.020445197820663453,-0.771922767162323,0.4332987070083618,0.7529138922691345,0.6571712493896484,0.035309091210365298,-0.030799824744462968,-0.018407301977276803,0.9993560910224915,0.6573980450630188,-0.7535164952278137,0.006381670944392681],"EasingStyle":"Constant","EasingDirection":"In"},"Head":{"Weight":1,"CFrame":[1.9744038581848145e-7,5.960464477539063e-8,0,0.9568527936935425,-0.2782241404056549,0.08380972594022751,0.2701082229614258,0.9579889178276062,0.09643049538135529,-0.10711808502674103,-0.06963206827640534,0.9918049573898315],"EasingStyle":"Constant","EasingDirection":"In"},"Torso":{"Weight":1,"CFrame":[0.05435913801193237,-0.07005426287651062,-0.3012266159057617,0.9397553205490112,0.30350369215011599,-0.15730753540992738,-0.3193930983543396,0.9435677528381348,-0.08756782859563828,0.12185315787792206,0.13253527879714967,0.9836596250534058],"EasingStyle":"Constant","EasingDirection":"In"},"HumanoidRootPart":{"Weight":0,"CFrame":[0,0,0,1,0,0,0,1,0,0,0,1],"EasingStyle":"Linear","EasingDirection":"In"},"Right Arm":{"Weight":1,"CFrame":[0.22163236141204835,-0.7202281951904297,0.469374418258667,0.8478677868843079,-0.4872957468032837,-0.20895691215991975,0.1870412826538086,-0.0938723161816597,0.9778566956520081,-0.49612075090408327,-0.8681766986846924,0.011553250253200531],"EasingStyle":"Constant","EasingDirection":"In"}}},{"Time":0.625,"poses":{"Left Leg":{"Weight":1,"CFrame":[-0.7947991490364075,0.09947377443313599,0.12125682830810547,0.6989283561706543,-0.6986871957778931,0.15275898575782777,0.6881682276725769,0.7151588201522827,0.1223619282245636,-0.19473974406719209,0.01960168033838272,0.9806590676307678],"EasingStyle":"Constant","EasingDirection":"In"},"Right Leg":{"Weight":1,"CFrame":[0.6933631896972656,0.010612249374389649,0.11515641212463379,0.8131247162818909,0.5623418688774109,-0.15033255517482758,-0.5781608819961548,0.8101926445960999,-0.09652995318174362,0.06751549243927002,0.16540716588497163,0.9839116930961609],"EasingStyle":"Constant","EasingDirection":"In"},"Left Arm":{"Weight":1,"CFrame":[0.04305380582809448,-0.015156149864196778,0.24421775341033936,-0.06519975513219834,0.11811726540327072,0.9908568859100342,-0.9969698786735535,0.034509915858507159,-0.06971587985754013,-0.04242907091975212,-0.9923998117446899,0.11550929397344589],"EasingStyle":"Constant","EasingDirection":"In"},"Head":{"Weight":1,"CFrame":[8.940696716308594e-8,-5.960464477539063e-8,-1.1920928955078126e-7,0.7897116541862488,-0.6132369637489319,0.017200779169797899,0.5818562507629395,0.7398256063461304,-0.3377891182899475,0.19441920518875123,0.2767643630504608,0.941064715385437],"EasingStyle":"Constant","EasingDirection":"In"},"Torso":{"Weight":1,"CFrame":[0.7588404417037964,0.13981035351753236,-0.489182710647583,0.7366098761558533,0.603704571723938,0.30487167835235598,-0.666386604309082,0.7248357534408569,0.17476291954517365,-0.11547674238681793,-0.3318944573402405,0.9362217783927918],"EasingStyle":"Constant","EasingDirection":"In"},"HumanoidRootPart":{"Weight":0,"CFrame":[0,0,0,1,0,0,0,1,0,0,0,1],"EasingStyle":"Linear","EasingDirection":"In"},"Right Arm":{"Weight":1,"CFrame":[0.37387844920158389,-0.06875613331794739,0.21432709693908692,0.3445097804069519,-0.7340142726898193,-0.5852656960487366,0.8306750655174255,-0.05210418626666069,0.5543140769004822,-0.4373692274093628,-0.6771323084831238,0.5917770862579346],"EasingStyle":"Constant","EasingDirection":"In"}}},{"Time":0.6666666865348816,"poses":{"Left Leg":{"Weight":1,"CFrame":[-0.7947991490364075,0.09947377443313599,0.12125682830810547,0.6989283561706543,-0.6986871957778931,0.15275898575782777,0.6881682276725769,0.7151588201522827,0.1223619282245636,-0.19473974406719209,0.01960168033838272,0.9806590676307678],"EasingStyle":"Constant","EasingDirection":"In"},"Right Leg":{"Weight":1,"CFrame":[0.6933631896972656,0.010612249374389649,0.11515641212463379,0.8131247162818909,0.5623418688774109,-0.15033255517482758,-0.5781608819961548,0.8101926445960999,-0.09652995318174362,0.06751549243927002,0.16540716588497163,0.9839116930961609],"EasingStyle":"Constant","EasingDirection":"In"},"Left Arm":{"Weight":1,"CFrame":[0.04305380582809448,-0.015156149864196778,0.24421775341033936,-0.06519975513219834,0.11811726540327072,0.9908568859100342,-0.9969698786735535,0.034509915858507159,-0.06971587985754013,-0.04242907091975212,-0.9923998117446899,0.11550929397344589],"EasingStyle":"Constant","EasingDirection":"In"},"Head":{"Weight":1,"CFrame":[8.940696716308594e-8,-5.960464477539063e-8,-1.1920928955078126e-7,0.7897116541862488,-0.6132369637489319,0.017200779169797899,0.5818562507629395,0.7398256063461304,-0.3377891182899475,0.19441920518875123,0.2767643630504608,0.941064715385437],"EasingStyle":"Constant","EasingDirection":"In"},"Torso":{"Weight":1,"CFrame":[0.7588404417037964,0.13981035351753236,-0.489182710647583,0.7366098761558533,0.603704571723938,0.30487167835235598,-0.666386604309082,0.7248357534408569,0.17476291954517365,-0.11547674238681793,-0.3318944573402405,0.9362217783927918],"EasingStyle":"Constant","EasingDirection":"In"},"HumanoidRootPart":{"Weight":0,"CFrame":[0,0,0,1,0,0,0,1,0,0,0,1],"EasingStyle":"Linear","EasingDirection":"In"},"Right Arm":{"Weight":1,"CFrame":[0.37387844920158389,-0.06875613331794739,0.21432709693908692,0.3445097804069519,-0.7340142726898193,-0.5852656960487366,0.8306750655174255,-0.05210418626666069,0.5543140769004822,-0.4373692274093628,-0.6771323084831238,0.5917770862579346],"EasingStyle":"Constant","EasingDirection":"In"}}},{"Time":0.7083333134651184,"poses":{"Left Leg":{"Weight":1,"CFrame":[-0.21845674514770509,-0.09460270404815674,0.02743375301361084,0.9890027046203613,-0.06663258373737335,0.13203749060630799,0.10001971572637558,0.9589836597442627,-0.26522907614707949,-0.10894893854856491,0.27551859617233279,0.9551019668579102],"EasingStyle":"Constant","EasingDirection":"In"},"Right Leg":{"Weight":1,"CFrame":[0.28521764278411868,-0.4481416940689087,0.0534820556640625,0.9339192509651184,-0.26908421516418459,-0.2353476732969284,-0.14093434810638429,0.3278827369213104,-0.9341469407081604,0.3285306990146637,0.905586302280426,0.26829272508621218],"EasingStyle":"Constant","EasingDirection":"In"},"Left Arm":{"Weight":1,"CFrame":[0.043053776025772098,-0.015156328678131104,0.24421751499176026,-0.775961697101593,0.45005685091018679,0.4419640600681305,-0.6301107406616211,-0.5207867622375488,-0.5759701132774353,-0.029050342738628389,-0.7254171371459961,0.6876963376998901],"EasingStyle":"Constant","EasingDirection":"In"},"Head":{"Weight":1,"CFrame":[1.4901161193847657e-7,-9.313225746154785e-9,-2.980232238769531e-7,0.9809327125549316,-0.18536706268787385,0.058396484702825549,0.1786898523569107,0.9783854484558106,0.10407664626836777,-0.076426662504673,-0.09165731072425842,0.9928534626960754],"EasingStyle":"Constant","EasingDirection":"In"},"Torso":{"Weight":1,"CFrame":[0.03913182020187378,-0.07943584024906159,-0.1439518928527832,0.9741179943084717,0.16185666620731355,-0.15778659284114839,-0.17873069643974305,0.978874921798706,-0.09929481893777847,0.13838179409503938,0.12492618709802628,0.98246830701828],"EasingStyle":"Constant","EasingDirection":"In"},"HumanoidRootPart":{"Weight":0,"CFrame":[0,0,0,1,0,0,0,1,0,0,0,1],"EasingStyle":"Linear","EasingDirection":"In"},"Right Arm":{"Weight":1,"CFrame":[0.06095438823103905,-0.35946738719940188,0.1341317892074585,-0.3867720365524292,-0.6409819722175598,-0.6629853248596191,0.9196572303771973,-0.32119566202163699,-0.22597329318523408,-0.06810328364372254,-0.6971194744110107,0.7137132287025452],"EasingStyle":"Constant","EasingDirection":"In"}}},{"Time":0.75,"poses":{"Left Leg":{"Weight":1,"CFrame":[-0.21845674514770509,-0.09460270404815674,0.02743375301361084,0.9890027046203613,-0.06663258373737335,0.13203749060630799,0.10001971572637558,0.9589836597442627,-0.26522907614707949,-0.10894893854856491,0.27551859617233279,0.9551019668579102],"EasingStyle":"Constant","EasingDirection":"In"},"Right Leg":{"Weight":1,"CFrame":[0.28521764278411868,-0.4481416940689087,0.0534820556640625,0.9339192509651184,-0.26908421516418459,-0.2353476732969284,-0.14093434810638429,0.3278827369213104,-0.9341469407081604,0.3285306990146637,0.905586302280426,0.26829272508621218],"EasingStyle":"Constant","EasingDirection":"In"},"Left Arm":{"Weight":1,"CFrame":[0.043053776025772098,-0.015156328678131104,0.24421751499176026,-0.775961697101593,0.45005685091018679,0.4419640600681305,-0.6301107406616211,-0.5207867622375488,-0.5759701132774353,-0.029050342738628389,-0.7254171371459961,0.6876963376998901],"EasingStyle":"Constant","EasingDirection":"In"},"Head":{"Weight":1,"CFrame":[1.4901161193847657e-7,-9.313225746154785e-9,-2.980232238769531e-7,0.9809327125549316,-0.18536706268787385,0.058396484702825549,0.1786898523569107,0.9783854484558106,0.10407664626836777,-0.076426662504673,-0.09165731072425842,0.9928534626960754],"EasingStyle":"Constant","EasingDirection":"In"},"Torso":{"Weight":1,"CFrame":[0.03913182020187378,-0.07943584024906159,-0.1439518928527832,0.9741179943084717,0.16185666620731355,-0.15778659284114839,-0.17873069643974305,0.978874921798706,-0.09929481893777847,0.13838179409503938,0.12492618709802628,0.98246830701828],"EasingStyle":"Constant","EasingDirection":"In"},"HumanoidRootPart":{"Weight":0,"CFrame":[0,0,0,1,0,0,0,1,0,0,0,1],"EasingStyle":"Linear","EasingDirection":"In"},"Right Arm":{"Weight":1,"CFrame":[0.06095438823103905,-0.35946738719940188,0.1341317892074585,-0.3867720365524292,-0.6409819722175598,-0.6629853248596191,0.9196572303771973,-0.32119566202163699,-0.22597329318523408,-0.06810328364372254,-0.6971194744110107,0.7137132287025452],"EasingStyle":"Constant","EasingDirection":"In"}}},{"Time":0.7916666865348816,"poses":{"Left Leg":{"Weight":1,"CFrame":[-0.21845674514770509,-0.09460270404815674,0.02743375301361084,0.9890027046203613,-0.06663258373737335,0.13203749060630799,0.10001971572637558,0.9589836597442627,-0.26522907614707949,-0.10894893854856491,0.27551859617233279,0.9551019668579102],"EasingStyle":"Constant","EasingDirection":"In"},"Right Leg":{"Weight":1,"CFrame":[0.28521764278411868,-0.4481416940689087,0.0534820556640625,0.9339192509651184,-0.26908421516418459,-0.2353476732969284,-0.14093434810638429,0.3278827369213104,-0.9341469407081604,0.3285306990146637,0.905586302280426,0.26829272508621218],"EasingStyle":"Constant","EasingDirection":"In"},"Left Arm"