{"Sequence":[{"Time":0,"poses":{"Left Leg":{"Weight":1,"CFrame":[-0.9988949298858643,1.1279280185699463,0.030239462852478029,0.975586473941803,0.08549319952726364,-0.2022920697927475,-0.08456733077764511,0.9963299036026001,0.0132320336997509,0.20268085598945619,0.004198306705802679,0.979235827922821],"EasingStyle":"Constant","EasingDirection":"In"},"Right Arm":{"Weight":1,"CFrame":[0.32251083850860598,-0.23380476236343385,0.17924678325653077,0.05726706236600876,-0.8962380290031433,-0.4398610591888428,0.9508050084114075,-0.08539608865976334,0.29778745770454409,-0.3044508993625641,-0.4352755546569824,0.8472571969032288],"EasingStyle":"Constant","EasingDirection":"In"},"Head":{"Weight":1,"CFrame":[6.705522537231445e-8,7.450580596923828e-8,0,0.9352928996086121,0.3471059799194336,-0.0688820481300354,-0.34384432435035708,0.9374155402183533,0.054984256625175479,0.08365646004676819,-0.02774168737232685,0.9961084723472595],"EasingStyle":"Constant","EasingDirection":"In"},"Right Leg":{"Weight":1,"CFrame":[0.7744621634483337,0.05602627992630005,0.257479190826416,0.8416463136672974,0.36771360039711,-0.39549747109413149,-0.4427343010902405,0.8891898989677429,-0.11544584482908249,0.3092213273048401,0.2722648084163666,0.9111828207969666],"EasingStyle":"Constant","EasingDirection":"In"},"Torso":{"Weight":1,"CFrame":[0.10686051845550537,-0.10105907917022705,-0.30036115646362307,0.9297134280204773,-0.3530953824520111,0.10467361658811569,0.3645994961261749,0.9225559830665588,-0.1263239085674286,-0.05196287855505943,0.15560898184776307,0.9864510893821716],"EasingStyle":"Constant","EasingDirection":"In"},"HumanoidRootPart":{"Weight":0,"CFrame":[0,0,0,1,0,0,0,1,0,0,0,1],"EasingStyle":"Linear","EasingDirection":"In"},"Left Arm":{"Weight":1,"CFrame":[-0.3634548783302307,-0.1682451367378235,0.12933695316314698,-0.021357230842113496,0.9782254695892334,0.2064431607723236,-0.8872456550598145,-0.11371799558401108,0.44706085324287417,0.4608025550842285,-0.17361794412136079,0.8703551292419434],"EasingStyle":"Constant","EasingDirection":"In"}}},{"Time":0.03333333507180214,"poses":{"Left Leg":{"Weight":1,"CFrame":[-1.017811894416809,1.1559514999389649,0.03619861602783203,0.9776850938796997,0.045172322541475299,-0.20516180992126466,-0.04667055979371071,0.9989073276519775,-0.002466878155246377,0.20482614636421204,0.01198684424161911,0.9787250757217407],"EasingStyle":"Constant","EasingDirection":"In"},"Right Arm":{"Weight":1,"CFrame":[0.30420351028442385,-0.14487168192863465,0.1840585470199585,-0.1986323595046997,-0.81591796875,-0.5429762005805969,0.8866198062896729,-0.3856963515281677,0.2552326023578644,-0.4176728129386902,-0.43071600794792178,0.8000208139419556],"EasingStyle":"Constant","EasingDirection":"In"},"Head":{"Weight":1,"CFrame":[1.341104507446289e-7,-2.9802322387695315e-8,1.1920928955078126e-7,0.9366939067840576,0.3413170278072357,-0.07814971357584,-0.34001466631889346,0.9399473071098328,0.0298194270581007,0.08363448828458786,-0.0013596381759271026,0.9964956641197205],"EasingStyle":"Constant","EasingDirection":"In"},"Right Leg":{"Weight":1,"CFrame":[0.5523031949996948,-0.008766412734985352,0.15104150772094727,0.8822721838951111,0.26124531030654909,-0.39159512519836428,-0.3294409215450287,0.9368714094161987,-0.11722102016210556,0.33625081181526186,0.232428178191185,0.9126405119895935],"EasingStyle":"Constant","EasingDirection":"In"},"Torso":{"Weight":1,"CFrame":[0.15668193995952607,-0.06784774363040924,-0.16663050651550294,0.9309061765670776,-0.3500235676765442,0.10438986867666245,0.35899683833122256,0.9294776320457459,-0.08480972796678543,-0.06734263896942139,0.1164255291223526,0.9909137487411499],"EasingStyle":"Constant","EasingDirection":"In"},"HumanoidRootPart":{"Weight":0,"CFrame":[0,0,0,1,0,0,0,1,0,0,0,1],"EasingStyle":"Linear","EasingDirection":"In"},"Left Arm":{"Weight":1,"CFrame":[-0.3504570722579956,-0.07489398121833801,0.11839938163757324,-0.2294289767742157,0.9363409280776978,0.2657589912414551,-0.8985410928726196,-0.30871087312698367,0.31196385622024538,0.3741472661495209,-0.16722190380096436,0.9121681451797485],"EasingStyle":"Constant","EasingDirection":"In"}}},{"Time":0.06666667014360428,"poses":{"Left Leg":{"Weight":1,"CFrame":[-1.0224955081939698,1.1639436483383179,0.03949880599975586,0.9780842661857605,0.033693768084049228,-0.2054653763771057,-0.03615028038620949,0.999312698841095,-0.008212477900087834,0.20504744350910188,0.015460120514035225,0.9786298871040344],"EasingStyle":"Constant","EasingDirection":"In"},"Right Arm":{"Weight":1,"CFrame":[0.298540860414505,-0.1173640787601471,0.18554699420928956,-0.2720320224761963,-0.7741438746452332,-0.5715766549110413,0.8495516777038574,-0.4721755385398865,0.23518548905849458,-0.45195189118385317,-0.4216059744358063,0.7861220240592957],"EasingStyle":"Constant","EasingDirection":"In"},"Head":{"Weight":1,"CFrame":[5.587935447692871e-8,2.9802322387695315e-8,2.384185791015625e-7,0.9371222257614136,0.33947521448135378,-0.08098446577787399,-0.33882835507392886,0.9405904412269592,0.022022945806384088,0.08364944159984589,0.00680165458470583,0.9964721202850342],"EasingStyle":"Constant","EasingDirection":"In"},"Right Leg":{"Weight":1,"CFrame":[0.4323262572288513,-0.018403172492980958,0.09797859191894531,0.8987349271774292,0.19950202107429505,-0.3904796540737152,-0.2636508643627167,0.9574148058891296,-0.11766565591096878,0.35037651658058169,0.20870047807693482,0.9130610227584839],"EasingStyle":"Constant","EasingDirection":"In"},"Torso":{"Weight":1,"CFrame":[0.1748591661453247,-0.05754782259464264,-0.12555146217346192,0.9312710165977478,-0.34906959533691409,0.10432998836040497,0.3571317493915558,0.9312798976898193,-0.07193483412265778,-0.07205014675855637,0.10425036400556565,0.9919379353523254],"EasingStyle":"Constant","EasingDirection":"In"},"HumanoidRootPart":{"Weight":0,"CFrame":[0,0,0,1,0,0,0,1,0,0,0,1],"EasingStyle":"Linear","EasingDirection":"In"},"Left Arm":{"Weight":1,"CFrame":[-0.3464367091655731,-0.04601964354515076,0.11501634120941162,-0.2931433618068695,0.914848804473877,0.277702659368515,-0.891158401966095,-0.36666128039360049,0.26720094680786135,0.34627118706703188,-0.16914881765842439,0.9227594137191773],"EasingStyle":"Constant","EasingDirection":"In"}}},{"Time":0.10000000149011612,"poses":{"Left Leg":{"Weight":1,"CFrame":[-1.024620771408081,1.167818307876587,0.041432738304138187,0.9782529473304749,0.02813567779958248,-0.20549818873405457,-0.031109044328331949,0.9994527101516724,-0.011251845397055149,0.20506909489631654,0.01739993691444397,0.9785928130149841],"EasingStyle":"Constant","EasingDirection":"In"},"Right Arm":{"Weight":1,"CFrame":[0.29571157693862917,-0.10361984372138977,0.18629062175750733,-0.30708083510398867,-0.7506141066551209,-0.5850468277931213,0.828283965587616,-0.5135354995727539,0.22411362826824189,-0.4686652421951294,-0.4157639443874359,0.7794185280799866],"EasingStyle":"Constant","EasingDirection":"In"},"Head":{"Weight":1,"CFrame":[2.9802322387695315e-8,5.960464477539063e-8,4.76837158203125e-7,0.9373354315757752,0.3385460078716278,-0.0823950320482254,-0.33823540806770327,0.9408869743347168,0.01812581717967987,0.0836608037352562,0.010878941044211388,0.9964349865913391],"EasingStyle":"Constant","EasingDirection":"In"},"Right Leg":{"Weight":1,"CFrame":[0.33544278144836428,-0.017301201820373536,0.056586623191833499,0.9090075492858887,0.1471565216779709,-0.38993626832962038,-0.207764133810997,0.9710512161254883,-0.11787203699350357,0.3613024950027466,0.18816129863262177,0.913266658782959],"EasingStyle":"Constant","EasingDirection":"In"},"Torso":{"Weight":1,"CFrame":[0.18701544404029847,-0.05239826440811157,-0.10507750511169434,0.9314525127410889,-0.3485924303531647,0.10430498421192169,0.35617679357528689,0.9321203231811523,-0.06549789011478424,-0.07439271360635758,0.09815920889377594,0.9923862814903259],"EasingStyle":"Constant","EasingDirection":"In"},"HumanoidRootPart":{"Weight":0,"CFrame":[0,0,0,1,0,0,0,1,0,0,0,1],"EasingStyle":"Linear","EasingDirection":"In"},"Left Arm":{"Weight":1,"CFrame":[-0.34442803263664248,-0.03159281611442566,0.11332595348358154,-0.32455456256866457,0.9027020931243897,0.28247708082199099,-0.8855782747268677,-0.3949158787727356,0.2445254772901535,0.33228832483291628,-0.17079371213912965,0.9275851249694824],"EasingStyle":"Constant","EasingDirection":"In"}}},{"Time":0.13333334028720857,"poses":{"Left Leg":{"Weight":1,"CFrame":[-1.0252516269683838,1.1690047979354859,0.042073726654052737,0.9783019423484802,0.026433071121573449,-0.20549139380455018,-0.029572205618023874,0.9994880557060242,-0.012219336815178395,0.205063134431839,0.018031056970357896,0.9785826802253723],"EasingStyle":"Constant","EasingDirection":"In"},"Right Arm":{"Weight":1,"CFrame":[0.29483282566070559,-0.09935072064399719,0.18652141094207765,-0.31772348284721377,-0.7429671883583069,-0.5891110301017761,0.821325957775116,-0.5261038541793823,0.22054146230220796,-0.4737885296344757,-0.41378095746040347,0.7773736119270325],"EasingStyle":"Constant","EasingDirection":"In"},"Head":{"Weight":1,"CFrame":[1.0058283805847168e-7,-2.2351741790771486e-8,-5.960464477539063e-8,0.937401533126831,0.3382561504840851,-0.08283237367868424,-0.3380512297153473,0.9409757852554321,0.016914991661906244,0.08366485685110092,0.012145438231527806,0.9964200258255005],"EasingStyle":"Constant","EasingDirection":"In"},"Right Leg":{"Weight":1,"CFrame":[0.2859971821308136,-0.014165759086608887,0.03585922718048096,0.9131206274032593,0.1195441260933876,-0.389769047498703,-0.1782340258359909,0.9768952131271362,-0.11793412268161774,0.36666518449783327,0.1771581619977951,0.9133300185203552],"EasingStyle":"Constant","EasingDirection":"In"},"Torso":{"Weight":1,"CFrame":[0.1956796944141388,-0.050798237323760989,-0.0987238883972168,0.9315087795257568,-0.3484441637992859,0.10429791361093521,0.3558770716190338,0.9323731660842896,-0.06349784880876541,-0.07511911541223526,0.09626605361700058,0.9925169944763184],"EasingStyle":"Constant","EasingDirection":"In"},"HumanoidRootPart":{"Weight":0,"CFrame":[0,0,0,1,0,0,0,1,0,0,0,1],"EasingStyle":"Linear","EasingDirection":"In"},"Left Arm":{"Weight":1,"CFrame":[-0.34380409121513369,-0.027111411094665529,0.11280083656311035,-0.3342406153678894,0.8987447023391724,0.2837977409362793,-0.8835928440093994,-0.4035855829715729,0.23745012283325196,0.32794368267059328,-0.17139625549316407,0.9290190935134888],"EasingStyle":"Constant","EasingDirection":"In"}}},{"Time":0.1666666716337204,"poses":{"Left Leg":{"Weight":1,"CFrame":[-1.0214592218399048,1.1642745733261109,0.05176234245300293,0.9793266654014587,0.030018316581845285,-0.2000456601381302,-0.03463045507669449,0.9992080926895142,-0.01959535852074623,0.19929900765419007,0.026117920875549318,0.979590654373169],"EasingStyle":"Constant","EasingDirection":"In"},"Right Arm":{"Weight":1,"CFrame":[0.2999223470687866,-0.11677998304367066,0.1858055591583252,-0.3098717927932739,-0.749175488948822,-0.5854191184043884,0.8290338516235352,-0.5143551230430603,0.21941214799880982,-0.46549147367477419,-0.41734278202056887,0.7804759740829468],"EasingStyle":"Constant","EasingDirection":"In"},"Head":{"Weight":1,"CFrame":[6.705522537231445e-8,0,-2.384185791015625e-7,0.936860203742981,0.3406060039997101,-0.07925037294626236,-0.33955496549606326,0.9402044415473938,0.026797905564308168,0.08363907039165497,0.0018039696151390672,0.996494472026825],"EasingStyle":"Constant","EasingDirection":"In"},"Right Leg":{"Weight":1,"CFrame":[0.3422248959541321,-0.017496705055236818,0.05959630012512207,0.9086852073669434,0.14715006947517396,-0.3906891942024231,-0.20830227434635163,0.9708192348480225,-0.1188284382224083,0.3618030250072479,0.18935903906822205,0.9128208160400391],"EasingStyle":"Constant","EasingDirection":"In"},"Torso":{"Weight":1,"CFrame":[0.20019176602363587,-0.05562950670719147,-0.10433292388916016,0.9310463666915894,-0.34965211153030398,0.1043841615319252,0.35754483938217165,0.9313035607337952,-0.06953693926334381,-0.07289960235357285,0.10206412523984909,0.992103099822998],"EasingStyle":"Constant","EasingDirection":"In"},"HumanoidRootPart":{"Weight":0,"CFrame":[0,0,0,1,0,0,0,1,0,0,0,1],"EasingStyle":"Linear","EasingDirection":"In"},"Left Arm":{"Weight":1,"CFrame":[-0.3438039720058441,-0.027111440896987916,0.11280059814453125,-0.32345497608184817,0.9027391076087952,0.28361776471138,-0.8846882581710815,-0.3948497474193573,0.2478315532207489,0.33571356534957888,-0.17075099050998689,0.9263588190078735],"EasingStyle":"Constant","EasingDirection":"In"}}},{"Time":0.20000000298023225,"poses":{"Left Leg":{"Weight":1,"CFrame":[-1.013911247253418,1.1574440002441407,0.06611204147338867,0.980795681476593,0.03796188533306122,-0.19130824506282807,-0.04445260390639305,0.9985684156417847,-0.029749536886811258,0.18990500271320344,0.037682369351387027,0.9810790419578552],"EasingStyle":"Constant","EasingDirection":"In"},"Right Arm":{"Weight":1,"CFrame":[0.3093741536140442,-0.14914867281913758,0.18447554111480714,-0.2948319911956787,-0.7621184587478638,-0.5764108896255493,0.8416655659675598,-0.4927231967449188,0.22095966339111329,-0.4524083435535431,-0.4199991822242737,0.7867194414138794],"EasingStyle":"Constant","EasingDirection":"In"},"Head":{"Weight":1,"CFrame":[5.960464477539063e-8,0,2.384185791015625e-7,0.9358447790145874,0.34486740827560427,-0.07253297418355942,-0.3423444330692291,0.9384902119636536,0.04512913525104523,0.08363503962755203,-0.017402609810233117,0.9963445067405701],"EasingStyle":"Constant","EasingDirection":"In"},"Right Leg":{"Weight":1,"CFrame":[0.40976354479789736,-0.016993284225463868,0.08916175365447998,0.9023529887199402,0.17739085853099824,-0.39279961585998537,-0.24124065041542054,0.9631122350692749,-0.11923863738775253,0.3571583032608032,0.20235450565814973,0.9118610620498657],"EasingStyle":"Constant","EasingDirection":"In"},"Torso":{"Weight":1,"CFrame":[0.20307573676109315,-0.06459590792655945,-0.11482906341552735,0.9301820397377014,-0.35189157724380495,0.10456503182649613,0.3606036305427551,0.9292175769805908,-0.08074493706226349,-0.06875020265579224,0.11281400918960571,0.9912347793579102],"EasingStyle":"Constant","EasingDirection":"In"},"HumanoidRootPart":{"Weight":0,"CFrame":[0,0,0,1,0,0,0,1,0,0,0,1],"EasingStyle":"Linear","EasingDirection":"In"},"Left Arm":{"Weight":1,"CFrame":[-0.3438040316104889,-0.027111321687698365,0.1128007173538208,-0.30333831906318667,0.9099017381668091,0.28295689821243288,-0.8862423896789551,-0.3784964680671692,0.267048716545105,0.3500862717628479,-0.16976241767406465,0.9212059378623962],"EasingStyle":"Constant","EasingDirection":"In"}}},{"Time":0.23333333432674409,"poses":{"Left Leg":{"Weight":1,"CFrame":[-1.0097731351852418,1.1538817882537842,0.07339882850646973,0.9814810156822205,0.042415447533130649,-0.18680471181869508,-0.04977933317422867,0.998150110244751,-0.0349053256213665,0.18497860431671143,0.04355785250663757,0.981776773929596],"EasingStyle":"Constant","EasingDirection":"In"},"Right Arm":{"Weight":1,"CFrame":[0.3144638240337372,-0.16657793521881104,0.18375933170318604,-0.28657469153404238,-0.7690715789794922,-0.5713176727294922,0.8481388092041016,-0.4809921383857727,0.22205208241939546,-0.44557324051856997,-0.420922189950943,0.7901196479797363],"EasingStyle":"Constant","EasingDirection":"In"},"Head":{"Weight":1,"CFrame":[8.568167686462403e-8,1.4901161193847657e-8,-5.960464477539063e-8,0.9352928400039673,0.3471059799194336,-0.0688820332288742,-0.34384429454803469,0.937415599822998,0.05498429015278816,0.08365646004676819,-0.027741726487874986,0.9961084723472595],"EasingStyle":"Constant","EasingDirection":"In"},"Right Leg":{"Weight":1,"CFrame":[0.4380560517311096,-0.015125036239624024,0.10197019577026367,0.8994686603546143,0.1890452355146408,-0.3939772844314575,-0.2540019154548645,0.9598126411437988,-0.11934369802474976,0.3555830717086792,0.2074168473482132,0.9113391041755676],"EasingStyle":"Constant","EasingDirection":"In"},"Torso":{"Weight":1,"CFrame":[0.20412182807922364,-0.06942024827003479,-0.12052369117736817,0.9297134280204773,-0.3530953824520111,0.10467362403869629,0.3622298836708069,0.9280407428741455,-0.08677535504102707,-0.06650139391422272,0.11859211325645447,0.9907137155532837],"EasingStyle":"Constant","EasingDirection":"In"},"HumanoidRootPart":{"Weight":0,"CFrame":[0,0,0,1,0,0,0,1,0,0,0,1],"EasingStyle":"Linear","EasingDirection":"In"},"Left Arm":{"Weight":1,"CFrame":[-0.3438040018081665,-0.027111470699310304,0.11280083656311035,-0.2924656867980957,0.9136190414428711,0.2824251055717468,-0.8868200778961182,-0.3696257472038269,0.2773572504520416,0.35779041051864626,-0.16934289038181306,0.9183186292648315],"EasingStyle":"Constant","EasingDirection":"In"}}},{"Time":0.2666666805744171,"poses":{"Left Leg":{"Weight":1,"CFrame":[-1.0097731351852418,1.1538817882537842,0.07339882850646973,0.9814810156822205,0.042415447533130649,-0.18680471181869508,-0.04977933317422867,0.998150110244751,-0.0349053256213665,0.18497860431671143,0.04355785250663757,0.981776773929596],"EasingStyle":"Constant","EasingDirection":"In"},"Right Arm":{"Weight":1,"CFrame":[0.3144638240337372,-0.16657793521881104,0.18375933170318604,-0.28657469153404238,-0.7690715789794922,-0.5713176727294922,0.8481388092041016,-0.4809921383857727,0.22205208241939546,-0.44557324051856997,-0.420922189950943,0.7901196479797363],"EasingStyle":"Constant","EasingDirection":"In"},"Head":{"Weight":1,"CFrame":[8.568167686462403e-8,1.4901161193847657e-8,-5.960464477539063e-8,0.9352928400039673,0.3471059799194336,-0.0688820332288742,-0.34384429454803469,0.937415599822998,0.05498429015278816,0.08365646004676819,-0.027741726487874986,0.9961084723472595],"EasingStyle":"Constant","EasingDirection":"In"},"Right Leg":{"Weight":1,"CFrame":[0.4380560517311096,-0.015125036239624024,0.10197019577026367,0.8994686603546143,0.1890452355146408,-0.3939772844314575,-0.2540019154548645,0.9598126411437988,-0.11934369802474976,0.3555830717086792,0.2074168473482132,0.9113391041755676],"EasingStyle":"Constant","EasingDirection":"In"},"Torso":{"Weight":1,"CFrame":[0.20412182807922364,-0.06942024827003479,-0.12052369117736817,0.9297134280204773,-0.3530953824520111,0.10467362403869629,0.3622298836708069,0.9280407428741455,-0.08677535504102707,-0.06650139391422272,0.11859211325645447,0.9907137155532837],"EasingStyle":"Constant","EasingDirection":"In"},"HumanoidRootPart":{"Weight":0,"CFrame":[0,0,0,1,0,0,0,1,0,0,0,1],"EasingStyle":"Linear","EasingDirection":"In"},"Left Arm":{"Weight":1,"CFrame":[-0.3438040018081665,-0.027111470699310304,0.11280083656311035,-0.2924656867980957,0.9136190414428711,0.2824251055717468,-0.8868200778961182,-0.3696257472038269,0.2773572504520416,0.35779041051864626,-0.16934289038181306,0.9183186292648315],"EasingStyle":"Constant","EasingDirection":"In"}}},{"Time":0.30000001192092898,"poses":{"Left Leg":{"Weight":1,"CFrame":[-1.0097731351852418,1.1538817882537842,0.07339882850646973,0.9814810156822205,0.042415447533130649,-0.18680471181869508,-0.04977933317422867,0.998150110244751,-0.0349053256213665,0.18497860431671143,0.04355785250663757,0.981776773929596],"EasingStyle":"Constant","EasingDirection":"In"},"Right Arm":{"Weight":1,"CFrame":[0.3144638240337372,-0.16657793521881104,0.18375933170318604,-0.28657469153404238,-0.7690715789794922,-0.5713176727294922,0.8481388092041016,-0.4809921383857727,0.22205208241939546,-0.44557324051856997,-0.420922189950943,0.7901196479797363],"EasingStyle":"Constant","EasingDirection":"In"},"Head":{"Weight":1,"CFrame":[8.568167686462403e-8,1.4901161193847657e-8,-5.960464477539063e-8,0.9352928400039673,0.3471059799194336,-0.0688820332288742,-0.34384429454803469,0.937415599822998,0.05498429015278816,0.08365646004676819,-0.027741726487874986,0.9961084723472595],"EasingStyle":"Constant","EasingDirection":"In"},"Right Leg":{"Weight":1,"CFrame":[0.4380560517311096,-0.015125036239624024,0.10197019577026367,0.8994686603546143,0.1890452355146408,-0.3939772844314575,-0.2540019154548645,0.9598126411437988,-0.11934369802474976,0.3555830717086792,0.2074168473482132,0.9113391041755676],"EasingStyle":"Constant","EasingDirection":"In"},"Torso":{"Weight":1,"CFrame":[0.20412182807922364,-0.06942024827003479,-0.12052369117736817,0.9297134280204773,-0.3530953824520111,0.10467362403869629,0.3622298836708069,0.9280407428741455,-0.08677535504102707,-0.06650139391422272,0.11859211325645447,0.9907137155532837],"EasingStyle":"Constant","EasingDirection":"In"},"HumanoidRootPart":{"Weight":0,"CFrame":[0,0,0,1,0,0,0,1,0,0,0,1],"EasingStyle":"Linear","EasingDirection":"In"},"Left Arm":{"Weight":1,"CFrame":[-0.3438040018081665,-0.027111470699310304,0.11280083656311035,-0.2924656867980957,0.9136190414428711,0.2824251055717468,-0.8868200778961182,-0.3696257472038269,0.2773572504520416,0.35779041051864626,-0.16934289038181306,0.9183186292648315],"EasingStyle":"Constant","EasingDirection":"In"}}},{"Time":0.3333333432674408,"poses":{"Left Leg":{"Weight":1,"CFrame":[-1.0097731351852418,1.1538817882537842,0.07339882850646973,0.9814810156822205,0.042415447533130649,-0.18680471181869508,-0.04977933317422867,0.998150110244751,-0.0349053256213665,0.18497860431671143,0.04355785250663757,0.981776773929596],"EasingStyle":"Constant","EasingDirection":"In"},"Right Arm":{"Weight":1,"CFrame":[0.3144638240337372,-0.16657793521881104,0.18375933170318604,-0.28657469153404238,-0.7690715789794922,-0.5713176727294922,0.8481388092041016,-0.4809921383857727,0.22205208241939546,-0.44557324051856997,-0.420922189950943,0.7901196479797363],"EasingStyle":"Constant","EasingDirection":"In"},"Head":{"Weight":1,"CFrame":[8.568167686462403e-8,1.4901161193847657e-8,-5.960464477539063e-8,0.9352928400039673,0.3471059799194336,-0.0688820332288742,-0.34384429454803469,0.937415599822998,0.05498429015278816,0.08365646004676819,-0.027741726487874986,0.9961084723472595],"EasingStyle":"Constant","EasingDirection":"In"},"Right Leg":{"Weight":1,"CFrame":[0.4380560517311096,-0.015125036239624024,0.10197019577026367,0.8994686603546143,0.1890452355146408,-0.3939772844314575,-0.2540019154548645,0.9598126411437988,-0.11934369802474976,0.3555830717086792,0.2074168473482132,0.9113391041755676],"EasingStyle":"Constant","EasingDirection":"In"},"Torso":{"Weight":1,"CFrame":[0.20412182807922364,-0.06942024827003479,-0.12052369117736817,0.9297134280204773,-0.3530953824520111,0.10467362403869629,0.3622298836708069,0.9280407428741455,-0.08677535504102707,-0.06650139391422272,0.11859211325645447,0.9907137155532837],"EasingStyle":"Constant","EasingDirection":"In"},"HumanoidRootPart":{"Weight":0,"CFrame":[0,0,0,1,0,0,0,1,0,0,0,1],"EasingStyle":"Linear","EasingDirection":"In"},"Left Arm":{"Weight":1,"CFrame":[-0.3438040018081665,-0.027111470699310304,0.11280083656311035,-0.2924656867980957,0.9136190414428711,0.2824251055717468,-0.8868200778961182,-0.3696257472038269,0.2773572504520416,0.35779041051864626,-0.16934289038181306,0.9183186292648315],"EasingStyle":"Constant","EasingDirection":"In"}}},{"Time":0.36666667461395266,"poses":{"Left Leg":{"Weight":1,"CFrame":[-1.0097731351852418,1.1538817882537842,0.07339882850646973,0.9814810156822205,0.042415447533130649,-0.18680471181869508,-0.04977933317422867,0.998150110244751,-0.0349053256213665,0.18497860431671143,0.04355785250663757,0.981776773929596],"EasingStyle":"Constant","EasingDirection":"In"},"Right Arm":{"Weight":1,"CFrame":[0.3144638240337372,-0.16657793521881104,0.18375933170318604,-0.28657469153404238,-0.7690715789794922,-0.5713176727294922,0.8481388092041016,-0.4809921383857727,0.22205208241939546,-0.44557324051856997,-0.420922189950943,0.7901196479797363],"EasingStyle":"Constant","EasingDirection":"In"},"Head":{"Weight":1,"CFrame":[8.568167686462403e-8,1.4901161193847657e-8,-5.960464477539063e-8,0.9352928400039673,0.3471059799194336,-0.0688820332288742,-0.34384429454803469,0.937415599822998,0.05498429015278816,0.08365646004676819,-0.027741726487874986,0.9961084723472595],"EasingStyle":"Constant","EasingDirection":"In"},"Right Leg":{"Weight":1,"CFrame":[0.4380560517311096,-0.015125036239624024,0.10197019577026367,0.8994686603546143,0.1890452355146408,-0.3939772844314575,-0.2540019154548645,0.9598126411437988,-0.11934369802474976,0.3555830717086792,0.2074168473482132,0.9113391041755676],"EasingStyle":"Constant","EasingDirection":"In"},"Torso":{"Weight":1,"CFrame":[0.20412182807922364,-0.06942024827003479,-0.12052369117736817,0.9297134280204773,-0.3530953824520111,0.10467362403869629,0.3622298836708069,0.9280407428741455,-0.08677535504102707,-0.06650139391422272,0.11859211325645447,0.9907137155532837],"EasingStyle":"Constant","EasingDirection":"In"},"HumanoidRootPart":{"Weight":0,"CFrame":[0,0,0,1,0,0,0,1,0,0,0,1],"EasingStyle":"Linear","EasingDirection":"In"},"Left Arm":{"Weight":1,"CFrame":[-0.3438040018081665,-0.027111470699310304,0.11280083656311035,-0.2924656867980957,0.9136190414428711,0.2824251055717468,-0.8868200778961182,-0.3696257472038269,0.2773572504520416,0.35779041051864626,-0.16934289038181306,0.9183186292648315],"EasingStyle":"Constant","EasingDirection":"In"}}},{"Time":0.4000000059604645,"poses":{"Left Leg":{"Weight":1,"CFrame":[-1.0097731351852418,1.1538817882537842,0.07339882850646973,0.9814810156822205,0.042415447533130649,-0.18680471181869508,-0.04977933317422867,0.998150110244751,-0.0349053256213665,0.18497860431671143,0.04355785250663757,0.981776773929596],"EasingStyle":"Constant","EasingDirection":"In"},"Right Arm":{"Weight":1,"CFrame":[0.3144638240337372,-0.16657793521881104,0.18375933170318604,-0.28657469153404238,-0.7690715789794922,-0.5713176727294922,0.8481388092041016,-0.4809921383857727,0.22205208241939546,-0.44557324051856997,-0.420922189950943,0.7901196479797363],"EasingStyle":"Constant","EasingDirection":"In"},"Head":{"Weight":1,"CFrame":[8.568167686462403e-8,1.4901161193847657e-8,-5.960464477539063e-8,0.9352928400039673,0.3471059799194336,-0.0688820332288742,-0.34384429454803469,0.937415599822998,0.05498429015278816,0.08365646004676819,-0.027741726487874986,0.9961084723472595],"EasingStyle":"Constant","EasingDirection":"In"},"Right Leg":{"Weight":1,"CFrame":[0.4380560517311096,-0.015125036239624024,0.10197019577026367,0.8994686603546143,0.1890452355146408,-0.3939772844314575,-0.2540019154548645,0.9598126411437988,-0.11934369802474976,0.3555830717086792,0.2074168473482132,0.9113391041755676],"EasingStyle":"Constant","EasingDirection":"In"},"Torso":{"Weight":1,"CFrame":[0.20412182807922364,-0.06942024827003479,-0.12052369117736817,0.9297134280204773,-0.3530953824520111,0.10467362403869629,0.3622298836708069,0.9280407428741455,-0.08677535504102707,-0.06650139391422272,0.11859211325645447,0.9907137155532837],"EasingStyle":"Constant","EasingDirection":"In"},"HumanoidRootPart":{"Weight":0,"CFrame":[0,0,0,1,0,0,0,1,0,0,0,1],"EasingStyle":"Linear","EasingDirection":"In"},"Left Arm":{"Weight":1,"CFrame":[-0.3438040018081665,-0.027111470699310304,0.11280083656311035,-0.2924656867980957,0.9136190414428711,0.2824251055717468,-0.8868200778961182,-0.3696257472038269,0.2773572504520416,0.35779041051864626,-0.16934289038181306,0.9183186292648315],"EasingStyle":"Constant","EasingDirection":"In"}}},{"Time":0.4333333373069763,"poses":{"Left Leg":{"Weight":1,"CFrame":[-1.0074385404586793,1.1598507165908814,0.06360423564910889,0.9812338948249817,0.04625237360596657,-0.18719200789928437,-0.05120949074625969,0.9984515309333801,-0.021730227395892144,0.18589699268341065,0.030908439308404924,0.9820829629898071],"EasingStyle":"Constant","EasingDirection":"In"},"Right Arm":{"Weight":1,"CFrame":[0.3143225312232971,-0.1752128005027771,0.180719256401062,-0.2872304618358612,-0.7673807144165039,-0.5732585787773132,0.8455604910850525,-0.48431384563446047,0.22464975714683534,-0.4500289559364319,-0.4201986491680145,0.7879766225814819],"EasingStyle":"Constant","EasingDirection":"In"},"Head":{"Weight":1,"CFrame":[6.332993507385254e-8,7.450580596923828e-9,-5.960464477539063e-8,0.9353359341621399,0.3464062809944153,-0.07175928354263306,-0.343308687210083,0.9377740025520325,0.052144914865493777,0.08535733073949814,-0.024137435480952264,0.9960580468177795],"EasingStyle":"Constant","EasingDirection":"In"},"Right Leg":{"Weight":1,"CFrame":[0.45507532358169558,-0.014652371406555176,0.1092836856842041,0.8973053693771362,0.19966749846935273,-0.39366990327835085,-0.2651928663253784,0.95680171251297,-0.11917798966169357,0.3528681695461273,0.21133744716644288,0.9114935994148254],"EasingStyle":"Constant","EasingDirection":"In"},"Torso":{"Weight":1,"CFrame":[0.20479778945446015,-0.06921027600765228,-0.12629318237304688,0.929855465888977,-0.35270562767982485,0.1047263890504837,0.3618294894695282,0.9282214045524597,-0.08651289343833924,-0.0666956976056099,0.11833757907152176,0.9907310009002686],"EasingStyle":"Constant","EasingDirection":"In"},"HumanoidRootPart":{"Weight":0,"CFrame":[0,0,0,1,0,0,0,1,0,0,0,1],"EasingStyle":"Linear","EasingDirection":"In"},"Left Arm":{"Weight":1,"CFrame":[-0.3536302447319031,-0.07283052802085877,0.12320423126220703,-0.2959064841270447,0.9133858680725098,0.279581218957901,-0.886376678943634,-0.3716561496257782,0.2760584056377411,0.3560558259487152,-0.16612689197063447,0.9195793271064758],"EasingStyle":"Constant","EasingDirection":"In"}}},{"Time":0.46666666865348818,"poses":{"Left Leg":{"Weight":1,"CFrame":[-1.0082625150680543,1.1612586975097657,0.038226962089538577,0.9805311560630798,0.05082692578434944,-0.1896718144416809,-0.049977079033851626,0.9987074732780457,0.009264238178730011,0.18989749252796174,0.00039536147960461676,0.9818038940429688],"EasingStyle":"Constant","EasingDirection":"In"},"Right Arm":{"Weight":1,"CFrame":[0.31333377957344057,-0.21793130040168763,0.17767906188964845,-0.30155467987060549,-0.7567238807678223,-0.5800290107727051,0.8348190188407898,-0.5034353733062744,0.22277849912643434,-0.46058890223503115,-0.4170393943786621,0.783540666103363],"EasingStyle":"Constant","EasingDirection":"In"},"Head":{"Weight":1,"CFrame":[1.0244548320770264e-7,7.450580596923828e-9,0,0.9366939067840576,0.3413170278072357,-0.07814971357584,-0.34001466631889346,0.9399473071098328,0.0298194270581007,0.08363448828458786,-0.0013596381759271026,0.9964956641197205],"EasingStyle":"Constant","EasingDirection":"In"},"Right Leg":{"Weight":1,"CFrame":[0.5523030161857605,-0.008766531944274903,0.15104138851165772,0.8822722434997559,0.2612452208995819,-0.39159512519836428,-0.32944080233573916,0.9368714690208435,-0.11722104251384735,0.33625084161758425,0.23242813348770142,0.9126404523849487],"EasingStyle":"Constant","EasingDirection":"In"},"Torso":{"Weight":1,"CFrame":[0.20896460115909577,-0.06784774363040924,-0.16663050651550294,0.9309061765670776,-0.3500235676765442,0.10438986867666245,0.35899683833122256,0.9294776320457459,-0.08480972796678543,-0.06734263896942139,0.1164255291223526,0.9909137487411499],"EasingStyle":"Constant","EasingDirection":"In"},"HumanoidRootPart":{"Weight":0,"CFrame":[0,0,0,1,0,0,0,1,0,0,0,1],"EasingStyle":"Linear","EasingDirection":"In"},"Left Arm":{"Weight":1,"CFrame":[-0.3634564280509949,-0.1529862880706787,0.1336076259613037,-0.3107263445854187,0.9131758213043213,0.2637402415275574,-0.8870825171470642,-0.37826254963874819,0.26457932591438296,0.34137049317359927,-0.15174782276153565,0.9275984168052673],"EasingStyle":"Constant","EasingDirection":"In"}}},{"Time":0.5,"poses":{"Left Leg":{"Weight":1,"CFrame":[-0.7816032767295837,0.10193920135498047,-0.08556503057479859,0.8718907237052918,-0.47584834694862368,-0.11565084010362625,0.47699812054634097,0.878692090511322,-0.019315648823976518,0.1108127236366272,-0.03832409903407097,0.9931021928787231],"EasingStyle":"Constant","EasingDirection":"In"},"Right Arm":{"Weight":1,"CFrame":[-0.035980209708213809,-0.27326148748397829,0.18025922775268556,-0.5306727886199951,-0.8150149583816528,0.2326740026473999,0.5281486511230469,-0.5326780080795288,-0.6612964868545532,0.6629067659378052,-0.22804561257362367,0.7131268382072449],"EasingStyle":"Constant","EasingDirection":"In"},"Head":{"Weight":1,"CFrame":[7.078051567077637e-8,-7.450580596923828e-9,0,0.9753805994987488,0.21207718551158906,0.06046546995639801,-0.19382968544960023,0.9552109837532044,-0.22361136972904206,-0.10518015176057816,0.20638614892959596,0.9728010892868042],"EasingStyle":"Constant","EasingDirection":"In"},"Right Leg":{"Weight":1,"CFrame":[0.9173094630241394,1.0488786697387696,0.006568789482116699,0.9986116290092468,-0.011216630227863789,-0.051468901336193088,0.015895865857601167,0.9956849813461304,0.09142647683620453,0.05022135004401207,-0.09211768209934235,0.9944809079170227],"EasingStyle":"Constant","EasingDirection":"In"},"Torso":{"Weight":1,"CFrame":[0.34323474764823916,0.05329471826553345,-0.33805418014526369,0.9623968601226807,-0.254974365234375,-0.09370481222867966,0.2615881860256195,0.9628778100013733,0.06661830842494965,0.07324033230543137,-0.08862531185150147,0.9933687448501587],"EasingStyle":"Constant","EasingDirection":"In"},"HumanoidRootPart":{"Weight":0,"CFrame":[0,0,0,1,0,0,0,1,0,0,0,1],"EasingStyle":"Linear","EasingDirection":"In"},"Left Arm":{"Weight":1,"CFrame":[-0.03610473871231079,-0.19039112329483033,0.09858906269073487,-0.34943580627441409,0.9361354112625122,0.03930818662047386,-0.7320072650909424,-0.24657151103019715,-0.635112464427948,-0.5848589539527893,-0.25070497393608096,0.7714188694953919],"EasingStyle":"Constant","EasingDirection":"In"}}},{"Time":0.5333333611488342,"poses":{"Left Leg":{"Weight":1,"CFrame":[-0.6278606653213501,0.015139341354370118,-0.07183128595352173,0.8968123197555542,-0.42578360438346865,-0.12015043199062348,0.42606180906295779,0.9043578505516052,-0.02466336265206337,0.11916019767522812,-0.029073117300868036,0.9924492835998535],"EasingStyle":"Constant","EasingDirection":"In"},"Right Arm":{"Weight":1,"CFrame":[-0.025675490498542787,-0.20324650406837464,0.17058002948760987,-0.5835202932357788,-0.7589108347892761,0.2890649139881134,0.5056267976760864,-0.6180538535118103,-0.6019560098648071,0.6354885101318359,-0.20509453117847444,0.744372546672821],"EasingStyle":"Constant","EasingDirection":"In"},"Head":{"Weight":1,"CFrame":[6.332993507385254e-8,-5.21540641784668e-8,-5.960464477539063e-8,0.9729186296463013,0.21802708506584168,0.07677016407251358,-0.20229026675224305,0.9638181924819946,-0.1735893189907074,-0.111839659512043,0.15335839986801148,0.9818214178085327],"EasingStyle":"Constant","EasingDirection":"In"},"Right Leg":{"Weight":1,"CFrame":[0.8785330653190613,1.1241772174835206,0.005962371826171875,0.9982700943946838,-0.02169138379395008,-0.05464896559715271,0.026234788820147516,0.9961336255073547,0.0838422104716301,0.05261911079287529,-0.08513084799051285,0.9949794411659241],"EasingStyle":"Constant","EasingDirection":"In"},"Torso":{"Weight":1,"CFrame":[0.3938804268836975,0.08161477744579315,-0.2020435333251953,0.9620925784111023,-0.25608402490615847,-0.09380220621824265,0.26515263319015505,0.9587942957878113,0.10201843827962876,0.06381172686815262,-0.12302307784557343,0.9903502464294434],"EasingStyle":"Constant","EasingDirection":"In"},"HumanoidRootPart":{"Weight":0,"CFrame":[0,0,0,1,0,0,0,1,0,0,0,1],"EasingStyle":"Linear","EasingDirection":"In"},"Left Arm":{"Weight":1,"CFrame":[-0.041554003953933719,-0.13484564423561097,0.09576737880706787,-0.38751453161239626,0.921768307685852,-0.013255521655082703,-0.7426025867462158,-0.3206482231616974,-0.5879848599433899,-0.5462360382080078,-0.2180090695619583,0.8087633848190308],"EasingStyle":"Constant","EasingDirection":"In"}}},{"Time":0.5666666626930237,"poses":{"Left Leg":{"Weight":1,"CFrame":[-0.5972330570220947,0.004311621189117432,-0.06880742311477661,0.901994526386261,-0.414466917514801,-0.12092594802379608,0.4145869314670563,0.9096562266349793,-0.025363918393850328,0.12051349133253098,-0.0272561926394701,0.9923374652862549],"EasingStyle":"Constant","EasingDirection":"In"},"Right Arm":{"Weight":1,"CFrame":[-0.024081259965896608,-0.19241496920585633,0.1690826416015625,-0.591464102268219,-0.7495457530021668,0.2972401976585388,0.5015895962715149,-0.6306441426277161,-0.5921958088874817,0.6313304305076599,-0.20116987824440003,0.7489676475524902],"EasingStyle":"Constant","EasingDirection":"In"},"Head":{"Weight":1,"CFrame":[8.195638656616211e-8,-1.4901161193847657e-8,0,0.9725255966186523,0.2188672572374344,0.07931787520647049,-0.20362801849842072,0.9649040102958679,-0.16581925749778748,-0.11282654851675034,0.145112082362175,0.9829612374305725],"EasingStyle":"Constant","EasingDirection":"In"},"Right Leg":{"Weight":1,"CFrame":[0.8703751564025879,1.135751724243164,0.005846738815307617,0.9981656074523926,-0.024929864332079889,-0.05517368018627167,0.029449358582496644,0.9961410760879517,0.08267876505851746,0.052899714559316638,-0.08415193855762482,0.9950478672981262],"EasingStyle":"Constant","EasingDirection":"In"},"Torso":{"Weight":1,"CFrame":[0.40834325551986697,0.08598725497722626,-0.1810929775238037,0.9620451927185059,-0.256255179643631,-0.09382090717554093,0.26567375659942629,0.9580525159835815,0.10748399794101715,0.06234202906489372,-0.12833021581172944,0.9897701144218445],"EasingStyle":"Constant","EasingDirection":"In"},"HumanoidRootPart":{"Weight":0,"CFrame":[0,0,0,1,0,0,0,1,0,0,0,1],"EasingStyle":"Linear","EasingDirection":"In"},"Left Arm":{"Weight":1,"CFrame":[-0.04239693284034729,-0.12625253200531007,0.09533083438873291,-0.3935212194919586,0.9190719127655029,-0.021167971193790437,-0.7438125014305115,-0.331842839717865,-0.5801923871040344,-0.5402629375457764,-0.21257299184799195,0.8142043948173523],"EasingStyle":"Constant","EasingDirection":"In"}}},{"Time":0.6000000238418579,"poses":{"Left Leg":{"Weight":1,"CFrame":[-0.6139136552810669,0.008135378360748291,-0.07073718309402466,0.8978055715560913,-0.42347079515457156,-0.12090394645929337,0.4237128496170044,0.9054520130157471,-0.02498473972082138,0.12005298584699631,-0.028797108680009843,0.9923497438430786],"EasingStyle":"Constant","EasingDirection":"In"},"Right Arm":{"Weight":1,"CFrame":[-0.025437384843826295,-0.2106790840625763,0.16564702987670899,-0.5761790871620178,-0.7627273201942444,0.2937088906764984,0.5009707808494568,-0.6135088801383972,-0.6104382872581482,0.6457909345626831,-0.20458221435546876,0.7355952262878418],"EasingStyle":"Constant","EasingDirection":"In"},"Head":{"Weight":1,"CFrame":[8.195638656616211e-8,-2.2351741790771486e-8,-2.980232238769531e-7,0.9736357927322388,0.21593689918518067,0.07351615279912949,-0.1998262256383896,0.9628431797027588,-0.1816660761833191,-0.11001294106245041,0.1621861308813095,0.9806084036827087],"EasingStyle":"Constant","EasingDirection":"In"},"Right Leg":{"Weight":1,"CFrame":[0.8708587884902954,1.1351476907730103,0.005978822708129883,0.9981717467308044,-0.024587055668234826,-0.05521443486213684,0.029108678922057153,0.9961541891098023,0.08264098316431046,0.05297024920582771,-0.08409713208675385,0.9950487017631531],"EasingStyle":"Constant","EasingDirection":"In"},"Torso":{"Weight":1,"CFrame":[0.4149712920188904,0.08598725497722626,-0.19202542304992677,0.9620451927185059,-0.256255179643631,-0.09382090717554093,0.26567375659942629,0.9580525159835815,0.10748399794101715,0.06234202906489372,-0.12833021581172944,0.9897701144218445],"EasingStyle":"Constant","EasingDirection":"In"},"HumanoidRootPart":{"Weight":0,"CFrame":[0,0,0,1,0,0,0,1,0,0,0,1],"EasingStyle":"Linear","EasingDirection":"In"},"Left Arm":{"Weight":1,"CFrame":[-0.04239693284034729,-0.12625283002853394,0.09533083438873291,-0.38629642128944399,0.9223586916923523,-0.005459107458591461,-0.7471023797988892,-0.3163566291332245,-0.5845993757247925,-0.5409373044967651,-0.22175021469593049,0.8113037347793579],"EasingStyle":"Constant","EasingDirection":"In"}}},{"Time":0.6333333253860474,"poses":{"Left Leg":{"Weight":1,"CFrame":[-0.629960834980011,0.012078523635864258,-0.07258588075637818,0.8936864733695984,-0.4321037232875824,-0.12087602913379669,0.43246495723724368,0.9013151526451111,-0.024599548429250718,0.11957693099975586,-0.030290385708212854,0.9923627972602844],"EasingStyle":"Constant","EasingDirection":"In"},"Right Arm":{"Weight":1,"CFrame":[-0.02679350972175598,-0.22894257307052613,0.16506099700927735,-0.5614084005355835,-0.7756004333496094,0.28855642676353457,0.5004062652587891,-0.5958916544914246,-0.6280975341796875