{"Sequence":[{"Time":0,"poses":{"Left Leg":{"Weight":1,"CFrame":[-0.14075645804405213,-0.22825145721435548,0.019275665283203126,0.42241060733795168,-0.9060491323471069,0.02538503333926201,0.9019447565078735,0.4229421019554138,0.0872684046626091,-0.08980591595172882,-0.013967168517410756,0.9958614110946655],"EasingStyle":"Linear","EasingDirection":"In"},"Right Arm":{"Weight":1,"CFrame":[0.08955240249633789,-0.486725777387619,0.1044226884841919,0.1846754103899002,-0.9625366926193237,0.19853970408439637,0.912957489490509,0.24280880391597749,0.32795214653015139,-0.36387312412261965,0.12069352716207504,0.9235959649085999],"EasingStyle":"Linear","EasingDirection":"In"},"Head":{"Weight":1,"CFrame":[1.0058283805847168e-7,2.9802322387695315e-8,-5.960464477539063e-8,0.6560177206993103,-0.7546935081481934,0.008851859718561173,0.7546371817588806,0.6560772061347961,0.009242449887096882,-0.012782733887434006,0.0006167403771542013,0.9999181628227234],"EasingStyle":"Linear","EasingDirection":"In"},"Right Leg":{"Weight":1,"CFrame":[0.4098910987377167,0.04195207357406616,-0.01835024356842041,0.9946632981300354,-0.09682228416204453,0.03564275801181793,0.09610407799482346,0.9951424598693848,0.02134213224053383,-0.037535957992076877,-0.017802825197577478,0.999136745929718],"EasingStyle":"Linear","EasingDirection":"In"},"Torso":{"Weight":1,"CFrame":[-0.015213817358016968,0.14520785212516786,0.0107421875,0.5554538369178772,0.821588397026062,-0.1283106505870819,-0.8314486742019653,0.5511144399642944,-0.07047031819820404,0.012816269882023335,0.14582671225070954,0.9892272353172302],"EasingStyle":"Linear","EasingDirection":"In"},"HumanoidRootPart":{"Weight":1,"CFrame":[0,0,0,1,0,0,0,1,0,0,0,1],"EasingStyle":"Linear","EasingDirection":"In"},"Left Arm":{"Weight":1,"CFrame":[0.06361815333366394,-0.5654197931289673,0.17041230201721192,0.10670416057109833,0.9467278718948364,-0.30384328961372378,-0.9110825657844544,0.2154732346534729,0.35142549872398379,0.39817434549331667,0.23932763934135438,0.8855390548706055],"EasingStyle":"Linear","EasingDirection":"In"}}},{"Time":0.03333333507180214,"poses":{"Left Leg":{"Weight":1,"CFrame":[-0.1365388035774231,-0.05846571922302246,0.011638402938842774,0.5785884261131287,-0.8155703544616699,-0.008987083099782467,0.8144029378890991,0.5770884156227112,0.060966603457927707,-0.04453627020120621,-0.0425935760140419,0.9980993270874023],"EasingStyle":"Linear","EasingDirection":"In"},"Right Arm":{"Weight":1,"CFrame":[0.14748817682266236,-0.4799359142780304,0.11260402202606201,0.09843538701534271,-0.9951334595680237,-0.0044596754014492039,0.9450287222862244,0.09207315742969513,0.3137568533420563,-0.3118193447589874,-0.03509947285056114,0.9494929313659668],"EasingStyle":"Linear","EasingDirection":"In"},"Head":{"Weight":1,"CFrame":[8.754432201385498e-8,-3.3527612686157229e-8,2.384185791015625e-7,0.6625482439994812,-0.7489678263664246,-0.008770535700023175,0.7478868961334229,0.6608576774597168,0.06270787864923477,-0.04117009788751602,-0.04810637980699539,0.9979934692382813],"EasingStyle":"Linear","EasingDirection":"In"},"Right Leg":{"Weight":1,"CFrame":[0.4451235234737396,0.03624922037124634,0.003754734992980957,0.9892529845237732,-0.1415386199951172,0.03667879477143288,0.14088958501815797,0.9898287653923035,0.01972576603293419,-0.03909774869680405,-0.01434613112360239,0.9991323947906494],"EasingStyle":"Linear","EasingDirection":"In"},"Torso":{"Weight":1,"CFrame":[-0.03720808029174805,0.1112644374370575,0.033704280853271487,0.5709154009819031,0.8026258945465088,-0.17276433110237122,-0.8209214210510254,0.5611463189125061,-0.10584411770105362,0.011992831714451313,0.20225398242473603,0.9792596697807312],"EasingStyle":"Linear","EasingDirection":"In"},"HumanoidRootPart":{"Weight":1,"CFrame":[0,0,0,1,0,0,0,1,0,0,0,1],"EasingStyle":"Linear","EasingDirection":"In"},"Left Arm":{"Weight":1,"CFrame":[-0.020591676235198976,-0.550525426864624,0.20577168464660645,-0.10632625222206116,0.9915928244590759,-0.07374627143144608,-0.8678601980209351,-0.05634884163737297,0.4936026930809021,0.48529738187789919,0.11648424714803696,0.8665552735328674],"EasingStyle":"Linear","EasingDirection":"In"}}},{"Time":0.06666667014360428,"poses":{"Left Leg":{"Weight":1,"CFrame":[-0.26759544014930727,0.022962570190429689,0.02622509002685547,0.6723083853721619,-0.7379525899887085,-0.0585445761680603,0.7402501702308655,0.6707810163497925,0.045635756105184558,0.005593542940914631,-0.07401905208826065,0.9972411394119263],"EasingStyle":"Linear","EasingDirection":"In"},"Right Arm":{"Weight":1,"CFrame":[0.2749467194080353,-0.46070820093154909,0.12778449058532716,-0.06879635900259018,-0.9797438383102417,-0.1880665123462677,0.952800989151001,-0.12040214985609055,0.2787000834941864,-0.29569822549819949,-0.16001655161380769,0.941784143447876],"EasingStyle":"Linear","EasingDirection":"In"},"Head":{"Weight":1,"CFrame":[1.0803341865539551e-7,-4.842877388000488e-8,-2.384185791015625e-7,0.6695194840431213,-0.7423430681228638,-0.025892749428749086,0.7395807504653931,0.6629785299301148,0.11610293388366699,-0.06902187317609787,-0.09688293188810349,0.9928996562957764],"EasingStyle":"Linear","EasingDirection":"In"},"Right Leg":{"Weight":1,"CFrame":[0.40182551741600039,-0.010939359664916993,0.026768088340759279,0.9706574082374573,-0.23625734448432923,0.04479872062802315,0.2353053092956543,0.971586287021637,0.025526251643896104,-0.04955641180276871,-0.014235823415219784,0.9986698627471924],"EasingStyle":"Linear","EasingDirection":"In"},"Torso":{"Weight":1,"CFrame":[-0.03652918338775635,0.0632963478565216,0.08013606071472168,0.5924259424209595,0.7783936858177185,-0.20768949389457704,-0.8056089878082275,0.5740094184875488,-0.14665372669696809,0.0050614397041499619,0.25419798493385317,0.967138946056366],"EasingStyle":"Linear","EasingDirection":"In"},"HumanoidRootPart":{"Weight":1,"CFrame":[0,0,0,1,0,0,0,1,0,0,0,1],"EasingStyle":"Linear","EasingDirection":"In"},"Left Arm":{"Weight":1,"CFrame":[-0.20585310459136964,-0.5091277360916138,0.2413346767425537,-0.3140415847301483,0.9113671779632568,0.2660597562789917,-0.7581185102462769,-0.4094146192073822,0.5075787305831909,0.5715192556381226,-0.04230388253927231,0.8194974660873413],"EasingStyle":"Linear","EasingDirection":"In"}}},{"Time":0.10000000149011612,"poses":{"Left Leg":{"Weight":1,"CFrame":[-0.5253642797470093,0.029996633529663087,0.02973628044128418,0.6606423854827881,-0.7439772486686707,-0.10024765878915787,0.7488324046134949,0.6625115275382996,0.018123164772987367,0.05293193459510803,-0.08704150468111038,0.9947975277900696],"EasingStyle":"Linear","EasingDirection":"In"},"Right Arm":{"Weight":1,"CFrame":[0.4024052321910858,-0.4307534098625183,0.14242291450500489,-0.23073767125606538,-0.9196993112564087,-0.3176686465740204,0.9233063459396362,-0.3099697232246399,0.2267690896987915,-0.30702710151672366,-0.24098137021064759,0.920685887336731],"EasingStyle":"Linear","EasingDirection":"In"},"Head":{"Weight":1,"CFrame":[1.2014061212539674e-7,-5.587935447692871e-8,-4.76837158203125e-7,0.6645693778991699,-0.7465807199478149,-0.031060945242643358,0.7454448342323303,0.6595428586006165,0.09651535749435425,-0.05157048627734184,-0.08729539066553116,0.9948467016220093],"EasingStyle":"Linear","EasingDirection":"In"},"Right Leg":{"Weight":1,"CFrame":[0.41587552428245547,0.04151231050491333,0.01725614070892334,0.9921914339065552,-0.12167686223983765,0.027405599132180215,0.121757872402668,0.992559015750885,-0.0013045292580500246,-0.027042897418141366,0.004631105810403824,0.9996235966682434],"EasingStyle":"Linear","EasingDirection":"In"},"Torso":{"Weight":1,"CFrame":[-0.0003502964973449707,0.04967418313026428,0.1191864013671875,0.596432089805603,0.7776733636856079,-0.1987287849187851,-0.802600085735321,0.580933690071106,-0.13545973598957063,0.010104823857545853,0.2402922809123993,0.9706479907035828],"EasingStyle":"Linear","EasingDirection":"In"},"HumanoidRootPart":{"Weight":1,"CFrame":[0,0,0,1,0,0,0,1,0,0,0,1],"EasingStyle":"Linear","EasingDirection":"In"},"Left Arm":{"Weight":1,"CFrame":[-0.39111486077308657,-0.44615232944488528,0.26877737045288088,-0.43463772535324099,0.7106677889823914,0.5532100200653076,-0.6371185779571533,-0.6767802238464356,0.36884745955467226,0.6365295648574829,-0.1921454221010208,0.7469338774681091],"EasingStyle":"Linear","EasingDirection":"In"}}},{"Time":0.13333334028720857,"poses":{"Left Leg":{"Weight":1,"CFrame":[-0.8817563056945801,0.08238112926483154,-0.0008079409599304199,0.6402356624603272,-0.7549431920051575,-0.14198262989521027,0.763320803642273,0.6459792256355286,0.007237722165882587,0.08625369518995285,-0.11301222443580628,0.9898427128791809],"EasingStyle":"Linear","EasingDirection":"In"},"Right Arm":{"Weight":1,"CFrame":[0.46034082770347597,-0.39178216457366946,0.1489781141281128,-0.3012780547142029,-0.8808560371398926,-0.3651358485221863,0.8990787267684937,-0.3899756371974945,0.19893869757652284,-0.3176303803920746,-0.26835009455680849,0.9094499349594116],"EasingStyle":"Linear","EasingDirection":"In"},"Head":{"Weight":1,"CFrame":[9.685754776000977e-8,2.9802322387695315e-8,3.5762786865234377e-7,0.6548777222633362,-0.7546584606170654,-0.04032318666577339,0.755496621131897,0.6523988842964172,0.060005057603120807,-0.0189764853566885,-0.06975997984409332,0.9973833560943604],"EasingStyle":"Linear","EasingDirection":"In"},"Right Leg":{"Weight":1,"CFrame":[0.3027656674385071,0.03441649675369263,0.015257596969604493,0.9992968440055847,0.013571156188845635,-0.034954145550727847,-0.016299592331051828,0.9967421293258667,-0.07899143546819687,0.0337684340775013,0.07950562238693237,0.9962623119354248],"EasingStyle":"Linear","EasingDirection":"In"},"Torso":{"Weight":1,"CFrame":[0.040650129318237308,0.030091017484664918,0.13371777534484864,0.6009775996208191,0.7779718637466431,-0.18326421082019807,-0.7992039322853088,0.587775707244873,-0.12566930055618287,0.009951076470315457,0.22198991477489472,0.9749981760978699],"EasingStyle":"Linear","EasingDirection":"In"},"HumanoidRootPart":{"Weight":1,"CFrame":[0,0,0,1,0,0,0,1,0,0,0,1],"EasingStyle":"Linear","EasingDirection":"In"},"Left Arm":{"Weight":1,"CFrame":[-0.47532445192337038,-0.3665260970592499,0.2797747850418091,-0.46924495697021487,0.5584005117416382,0.684103786945343,-0.6165117621421814,-0.7617987394332886,0.19893737137317658,0.6322360634803772,-0.3284077048301697,0.7017306685447693],"EasingStyle":"Linear","EasingDirection":"In"}}},{"Time":0.1666666716337204,"poses":{"Left Leg":{"Weight":1,"CFrame":[-1.2422343492507935,0.34185850620269778,-0.07429331541061402,0.6980356574058533,-0.6914849877357483,-0.1859971135854721,0.7070977687835693,0.7066110372543335,0.02671295963227749,0.1129559725522995,-0.15016479790210725,0.9821871519088745],"EasingStyle":"Linear","EasingDirection":"In"},"Right Arm":{"Weight":1,"CFrame":[0.444663941860199,-0.3460237979888916,0.14125406742095948,-0.2280164361000061,-0.9326616525650024,-0.279554545879364,0.9174960255622864,-0.3019202947616577,0.2589309811592102,-0.32589825987815859,-0.19744974374771119,0.9245560765266419],"EasingStyle":"Linear","EasingDirection":"In"},"Head":{"Weight":1,"CFrame":[1.3364478945732118e-7,-1.4901161193847657e-8,0,0.6489071846008301,-0.7595258951187134,-0.045165643095970157,0.7608663439750671,0.6476562023162842,0.04029862582683563,-0.0013560475781559945,-0.06051509827375412,0.9981663823127747],"EasingStyle":"Linear","EasingDirection":"In"},"Right Leg":{"Weight":1,"CFrame":[0.027016043663024904,-0.051169753074645999,-0.014249145984649659,0.9926952719688416,0.012371823191642762,-0.12001243978738785,-0.02786751091480255,0.9913420677185059,-0.12831343710422517,0.11738594621419907,0.13072054088115693,0.9844453930854797],"EasingStyle":"Linear","EasingDirection":"In"},"Torso":{"Weight":1,"CFrame":[0.08384621143341065,-0.005335450172424316,0.11810302734375,0.6196649670600891,0.7669182419776917,-0.16688849031925202,-0.7848661541938782,0.6052988171577454,-0.13265933096408845,-0.0007214574725367129,0.21318946778774262,0.9770106077194214],"EasingStyle":"Linear","EasingDirection":"In"},"HumanoidRootPart":{"Weight":1,"CFrame":[0,0,0,1,0,0,0,1,0,0,0,1],"EasingStyle":"Linear","EasingDirection":"In"},"Left Arm":{"Weight":1,"CFrame":[-0.44747665524482729,-0.27885356545448305,0.2758690118789673,-0.27433037757873537,0.6741510629653931,0.6857573986053467,-0.8449147343635559,-0.5094999670982361,0.1628771275281906,0.45919710397720339,-0.5347243547439575,0.7093714475631714],"EasingStyle":"Linear","EasingDirection":"In"}}},{"Time":0.20000000298023225,"poses":{"Left Leg":{"Weight":1,"CFrame":[-1.2660799026489258,0.9175422787666321,-0.11851310729980469,0.9033969640731812,-0.37820830941200259,-0.2020706832408905,0.3955073058605194,0.9169960618019104,0.05188581719994545,0.1656743586063385,-0.12679393589496613,0.9779955744743347],"EasingStyle":"Linear","EasingDirection":"In"},"Right Arm":{"Weight":1,"CFrame":[0.40547144412994387,-0.29777953028678896,0.12194395065307617,-0.02900925651192665,-0.9994001984596252,-0.01891796849668026,0.9267269968986511,-0.0339830182492733,0.3741953670978546,-0.374613881111145,-0.006676844786852598,0.9271568655967712],"EasingStyle":"Linear","EasingDirection":"In"},"Head":{"Weight":1,"CFrame":[1.471489667892456e-7,1.6763806343078614e-8,1.1920928955078126e-7,0.648381233215332,-0.7603998184204102,-0.03733550012111664,0.7610756158828735,0.6461647152900696,0.056878216564655307,-0.01912526972591877,-0.06529391556978226,0.9976828098297119],"EasingStyle":"Linear","EasingDirection":"In"},"Right Leg":{"Weight":1,"CFrame":[-0.0677829384803772,-0.1052548885345459,-0.030466735363006593,0.9735292196273804,0.08154556900262833,-0.21352121233940125,-0.11464674770832062,0.9823893904685974,-0.14753781259059907,0.1977299302816391,0.16811181604862214,0.9657335877418518],"EasingStyle":"Linear","EasingDirection":"In"},"Torso":{"Weight":1,"CFrame":[0.12690603733062745,-0.041778564453125,0.0749199390411377,0.6430404186248779,0.7508834600448608,-0.15057630836963654,-0.7657485604286194,0.6275115609169006,-0.14092017710208894,-0.011326261796057225,0.2059209644794464,0.9785031080245972],"EasingStyle":"Linear","EasingDirection":"In"},"HumanoidRootPart":{"Weight":1,"CFrame":[0,0,0,1,0,0,0,1,0,0,0,1],"EasingStyle":"Linear","EasingDirection":"In"},"Left Arm":{"Weight":1,"CFrame":[-0.3784500062465668,-0.2064531147480011,0.2485281229019165,0.3595767915248871,0.7456657290458679,0.560969889163971,-0.9328633546829224,0.301239937543869,0.19753581285476685,-0.021690912544727327,-0.5943377017974854,0.8039232492446899],"EasingStyle":"Linear","EasingDirection":"In"}}},{"Time":0.23333333432674409,"poses":{"Left Leg":{"Weight":1,"CFrame":[-0.8030433654785156,1.2368481159210206,-0.037916481494903567,0.9508324861526489,0.23036153614521027,-0.20700520277023316,-0.22628645598888398,0.9730896949768066,0.043486449867486957,0.21145227551460267,0.005494110751897097,0.9773730039596558],"EasingStyle":"Linear","EasingDirection":"In"},"Right Arm":{"Weight":1,"CFrame":[0.35452136397361758,-0.2518686354160309,0.09684085845947266,0.2142721265554428,-0.9053892493247986,0.36654871702194216,0.841183066368103,0.3617863357067108,0.40189793705940249,-0.49648621678352358,0.22221875190734864,0.8391186594963074],"EasingStyle":"Linear","EasingDirection":"In"},"Head":{"Weight":1,"CFrame":[1.4062970876693726e-7,1.862645149230957e-8,-4.172325134277344e-7,0.6483379006385803,-0.761127769947052,-0.018507011234760286,0.758871853351593,0.6440735459327698,0.09634732455015183,-0.0614127516746521,-0.07651005685329437,0.9951757788658142],"EasingStyle":"Linear","EasingDirection":"In"},"Right Leg":{"Weight":1,"CFrame":[-0.1180490255355835,-0.12672793865203858,-0.035208165645599368,0.944325864315033,0.1381310075521469,-0.2986106872558594,-0.18565808236598969,0.9730129241943359,-0.13702936470508576,0.2716241180896759,0.18483982980251313,0.9444864988327026],"EasingStyle":"Linear","EasingDirection":"In"},"Torso":{"Weight":1,"CFrame":[0.1605532169342041,-0.07270267605781555,0.014740228652954102,0.657936155796051,0.7393873929977417,-0.14292074739933015,-0.7529100775718689,0.6418821215629578,-0.1453060358762741,-0.015699168667197229,0.2032085508108139,0.9790096282958984],"EasingStyle":"Linear","EasingDirection":"In"},"HumanoidRootPart":{"Weight":1,"CFrame":[0,0,0,1,0,0,0,1,0,0,0,1],"EasingStyle":"Linear","EasingDirection":"In"},"Left Arm":{"Weight":1,"CFrame":[-0.2900203764438629,-0.17632082104682923,0.1743171215057373,0.7939672470092773,0.45318594574928286,0.4052635729312897,-0.5215559005737305,0.8502581119537354,0.07099884748458862,-0.3124028444290161,-0.26773837208747866,0.9114388823509216],"EasingStyle":"Linear","EasingDirection":"In"}}},{"Time":0.2666666805744171,"poses":{"Left Leg":{"Weight":1,"CFrame":[-0.5328689813613892,1.036746621131897,0.029287219047546388,0.6863185167312622,0.694151759147644,-0.21707268059253694,-0.7062782049179077,0.7073444128036499,0.02889615297317505,0.17360341548919679,0.1334817260503769,0.9757277369499207],"EasingStyle":"Linear","EasingDirection":"In"},"Right Arm":{"Weight":1,"CFrame":[0.3035712242126465,-0.21310833096504212,0.07173776626586914,0.36537376046180727,-0.6237930655479431,0.6909300684928894,0.6649704575538635,0.6943172812461853,0.275205135345459,-0.6513957381248474,0.3588951528072357,0.6684891581535339],"EasingStyle":"Linear","EasingDirection":"In"},"Head":{"Weight":1,"CFrame":[1.3737007975578309e-7,3.4924596548080447e-8,-1.7881393432617188e-7,0.648184061050415,-0.7614731788635254,0.004020233638584614,0.7532567381858826,0.6419461369514465,0.1432117223739624,-0.11163266003131867,-0.08979928493499756,0.9896839261054993],"EasingStyle":"Linear","EasingDirection":"In"},"Right Leg":{"Weight":1,"CFrame":[-0.17928779125213624,-0.1133345365524292,-0.047907888889312747,0.9227333068847656,0.1259835809469223,-0.3642684817314148,-0.17979784309864045,0.976639986038208,-0.11767373979091644,0.34093424677848818,0.17407606542110444,0.9238297939300537],"EasingStyle":"Linear","EasingDirection":"In"},"Torso":{"Weight":1,"CFrame":[0.1678684949874878,-0.10859212279319763,-0.05559563636779785,0.662427544593811,0.7313848733901978,-0.16206802427768708,-0.7489891648292542,0.6424863934516907,-0.16194602847099305,-0.014318372122943402,0.22866472601890565,0.9733999371528626],"EasingStyle":"Linear","EasingDirection":"In"},"HumanoidRootPart":{"Weight":1,"CFrame":[0,0,0,1,0,0,0,1,0,0,0,1],"EasingStyle":"Linear","EasingDirection":"In"},"Left Arm":{"Weight":1,"CFrame":[-0.20195943117141725,-0.21508675813674928,0.0059719085693359379,0.912381649017334,0.40811192989349368,0.031693655997514728,-0.40845802426338198,0.9127631187438965,0.005051677115261555,-0.026867102831602098,-0.0175546333193779,0.9994849562644959],"EasingStyle":"Linear","EasingDirection":"In"}}},{"Time":0.30000001192092898,"poses":{"Left Leg":{"Weight":1,"CFrame":[-0.49824681878089907,0.6374976634979248,0.03667044639587402,0.29439494013786318,0.9291187524795532,-0.22376292943954469,-0.9511975049972534,0.3075284957885742,0.025485744699835779,0.09249279648065567,0.2053399384021759,0.9743103384971619],"EasingStyle":"Linear","EasingDirection":"In"},"Right Arm":{"Weight":1,"CFrame":[0.2643788754940033,-0.18631866574287415,0.05242764949798584,0.40110358595848086,-0.35059529542922976,0.846285343170166,0.5093724131584168,0.8532204627990723,0.11204726994037628,-0.7613512873649597,0.38613173365592959,0.5208133459091187],"EasingStyle":"Linear","EasingDirection":"In"},"Head":{"Weight":1,"CFrame":[8.381903171539307e-8,6.705522537231445e-8,0,0.6484659314155579,-0.7608963251113892,0.02299625240266323,0.7456405758857727,0.6409695148468018,0.18214893341064454,-0.15333639085292817,-0.10097043961286545,0.9830020070075989],"EasingStyle":"Linear","EasingDirection":"In"},"Right Leg":{"Weight":1,"CFrame":[-0.18724432587623597,-0.09381580352783203,-0.042195677757263187,0.9080788493156433,0.09272730350494385,-0.4084046483039856,-0.1501322090625763,0.9824428558349609,-0.11075428128242493,0.3909643888473511,0.16188833117485047,0.9060568809509277],"EasingStyle":"Linear","EasingDirection":"In"},"Torso":{"Weight":1,"CFrame":[0.14900565147399903,-0.1466359794139862,-0.12639284133911134,0.6626536846160889,0.7203731536865234,-0.20482341945171357,-0.7488922476768494,0.6347654461860657,-0.19035038352012635,-0.007108463440090418,0.2795270085334778,0.9601116180419922],"EasingStyle":"Linear","EasingDirection":"In"},"HumanoidRootPart":{"Weight":1,"CFrame":[0,0,0,1,0,0,0,1,0,0,0,1],"EasingStyle":"Linear","EasingDirection":"In"},"Left Arm":{"Weight":1,"CFrame":[-0.1293463110923767,-0.21899253129959107,0.1394737958908081,0.7823281288146973,0.342155784368515,-0.5204731822013855,-0.36576947569847109,0.9287210702896118,0.06074367091059685,0.5041582584381104,0.14285160601139069,0.8517146706581116],"EasingStyle":"Linear","EasingDirection":"In"}}},{"Time":0.3333333432674408,"poses":{"Left Leg":{"Weight":1,"CFrame":[-0.5425369739532471,0.2951347827911377,0.021714448928833009,-0.003825380466878414,0.9752056002616882,-0.2212677001953125,-0.9998027682304382,0.0005819051875732839,0.019849743694067,0.019486241042613984,0.2212999314069748,0.9750111699104309],"EasingStyle":"Linear","EasingDirection":"In"},"Right Arm":{"Weight":1,"CFrame":[0.24870190024375916,-0.17631796002388,0.04470360279083252,0.39890676736831667,-0.24185405671596528,0.8845224976539612,0.44971415400505068,0.8922243714332581,0.04114532098174095,-0.7991437315940857,0.3813689947128296,0.46467944979667666],"EasingStyle":"Linear","EasingDirection":"In"},"Head":{"Weight":1,"CFrame":[1.341104507446289e-7,7.450580596923828e-9,-1.1920928955078126e-7,0.6508657336235046,-0.7585473656654358,0.03130197152495384,0.7397648692131043,0.6429383158683777,0.19843953847885133,-0.17065098881721497,-0.10600140690803528,0.979613184928894],"EasingStyle":"Linear","EasingDirection":"In"},"Right Leg":{"Weight":1,"CFrame":[-0.11857093870639801,-0.06374728679656983,-0.0017088055610656739,0.8983244299888611,0.09974149614572525,-0.42786067724227908,-0.15731383860111237,0.9823403358459473,-0.10129175335168839,0.4102017879486084,0.1583012193441391,0.8981510996818543],"EasingStyle":"Linear","EasingDirection":"In"},"Torso":{"Weight":1,"CFrame":[0.1193200945854187,-0.16120389103889466,-0.18017244338989259,0.6579554080963135,0.7107030153274536,-0.24898995459079743,-0.752948522567749,0.6264697909355164,-0.20150481164455415,0.012774603441357613,0.32005777955055239,0.9473119974136353],"EasingStyle":"Linear","EasingDirection":"In"},"HumanoidRootPart":{"Weight":1,"CFrame":[0,0,0,1,0,0,0,1,0,0,0,1],"EasingStyle":"Linear","EasingDirection":"In"},"Left Arm":{"Weight":1,"CFrame":[-0.09854525327682495,-0.22234052419662476,0.2729759216308594,0.6171084046363831,0.2893756628036499,-0.7317370772361755,-0.32844772934913638,0.9397678375244141,0.09464871883392334,0.71505206823349,0.18192876875400544,0.6749833226203919],"EasingStyle":"Linear","EasingDirection":"In"}}},{"Time":0.36666667461395266,"poses":{"Left Leg":{"Weight":1,"CFrame":[-0.5094718933105469,0.3846684694290161,0.012633323669433594,0.13839538395404817,0.9703184962272644,-0.19831527769565583,-0.9896842837333679,0.1429859697818756,0.008946592919528485,0.037037305533885959,0.19503122568130494,0.9800974726676941],"EasingStyle":"Linear","EasingDirection":"In"},"Right Arm":{"Weight":1,"CFrame":[0.24905571341514588,-0.18896561861038209,0.045539021492004397,0.44695207476615908,-0.3298252820968628,0.8315343260765076,0.4753649830818176,0.8750113844871521,0.09156021475791931,-0.7578008770942688,0.3543592095375061,0.5478753447532654],"EasingStyle":"Linear","EasingDirection":"In"},"Head":{"Weight":1,"CFrame":[7.450580596923828e-8,-2.9802322387695315e-8,-1.7881393432617188e-7,0.6645263433456421,-0.7464938163757324,0.033937159925699237,0.7289338111877441,0.6575536131858826,0.19047020375728608,-0.16450035572052003,-0.1018344908952713,0.9811062216758728],"EasingStyle":"Linear","EasingDirection":"In"},"Right Leg":{"Weight":1,"CFrame":[-0.02007436752319336,-0.02999138832092285,0.03693985939025879,0.8991460204124451,0.13482333719730378,-0.4163641929626465,-0.1839389055967331,0.979677677154541,-0.0799890011548996,0.39711833000183108,0.14850737154483796,0.9056724309921265],"EasingStyle":"Linear","EasingDirection":"In"},"Torso":{"Weight":1,"CFrame":[0.08377349376678467,-0.15102696418762208,-0.20894145965576173,0.6448455452919006,0.7091791033744812,-0.28502506017684939,-0.7632761001586914,0.6169357895851135,-0.19183287024497987,0.0397983118891716,0.3412553668022156,0.9391277432441711],"EasingStyle":"Linear","EasingDirection":"In"},"HumanoidRootPart":{"Weight":1,"CFrame":[0,0,0,1,0,0,0,1,0,0,0,1],"EasingStyle":"Linear","EasingDirection":"In"},"Left Arm":{"Weight":1,"CFrame":[-0.11364001035690308,-0.24052393436431886,0.264650821685791,0.5957574844360352,0.3483278453350067,-0.7236995100975037,-0.3568468689918518,0.9220365881919861,0.15003006160259248,0.7195369005203247,0.16886833310127259,0.673609733581543],"EasingStyle":"Linear","EasingDirection":"In"}}},{"Time":0.4000000059604645,"poses":{"Left Leg":{"Weight":1,"CFrame":[-0.5085488557815552,0.5230251550674439,-0.004658341407775879,0.4542662799358368,0.8784987926483154,-0.1479262411594391,-0.8881695866584778,0.45951342582702639,0.0014646542258560658,0.06926076114177704,0.13071826100349427,0.9889973998069763],"EasingStyle":"Linear","EasingDirection":"In"},"Right Arm":{"Weight":1,"CFrame":[0.25153228640556338,-0.2210901975631714,0.05138754844665527,0.5251433253288269,-0.5326904654502869,0.6636757254600525,0.554618775844574,0.8057260513305664,0.20785477757453919,-0.6454630494117737,0.25893333554267886,0.7185617685317993],"EasingStyle":"Linear","EasingDirection":"In"},"Head":{"Weight":1,"CFrame":[4.470348358154297e-8,7.450580596923828e-8,1.1920928955078126e-7,0.6918423771858215,-0.7210074067115784,0.03876075893640518,0.7064765095710754,0.6870343685150147,0.16992607712745667,-0.14914792776107789,-0.09017851948738098,0.984694242477417],"EasingStyle":"Linear","EasingDirection":"In"},"Right Leg":{"Weight":1,"CFrame":[0.08512559533119202,-0.012071371078491211,0.047781944274902347,0.9138927459716797,0.1701730489730835,-0.3685663640499115,-0.20532438158988954,0.9769716858863831,-0.05803653597831726,0.35020262002944949,0.12871479988098145,0.9277881383895874],"EasingStyle":"Linear","EasingDirection":"In"},"Torso":{"Weight":1,"CFrame":[0.038884878158569339,-0.13380619883537293,-0.22232961654663087,0.618644654750824,0.7204436659812927,-0.31343236565589907,-0.7835497856140137,0.5950479507446289,-0.1787954419851303,0.057695209980010989,0.3562006950378418,0.9326266050338745],"EasingStyle":"Linear","EasingDirection":"In"},"HumanoidRootPart":{"Weight":1,"CFrame":[0,0,0,1,0,0,0,1,0,0,0,1],"EasingStyle":"Linear","EasingDirection":"In"},"Left Arm":{"Weight":1,"CFrame":[-0.1543351709842682,-0.27015259861946108,0.24124693870544434,0.542346179485321,0.49035969376564028,-0.6822083592414856,-0.4303925335407257,0.859521746635437,0.2756531834602356,0.7215420007705689,0.14411790668964387,0.6772053837776184],"EasingStyle":"Linear","EasingDirection":"In"}}},{"Time":0.4333333373069763,"poses":{"Left Leg":{"Weight":1,"CFrame":[-0.542243480682373,0.7385848760604858,-0.024809658527374269,0.7810243368148804,0.6210988163948059,-0.0650956854224205,-0.6216244697570801,0.7831848859786987,0.014307215809822083,0.05986809730529785,0.029290713369846345,0.997776448726654],"EasingStyle":"Linear","EasingDirection":"In"},"Right Arm":{"Weight":1,"CFrame":[0.2582545280456543,-0.26396483182907107,0.0672616958618164,0.5326418876647949,-0.7364477515220642,0.4170578718185425,0.6701262593269348,0.6679646968841553,0.3236572742462158,-0.5169366598129273,0.10708800703287125,0.849298894405365],"EasingStyle":"Linear","EasingDirection":"In"},"Head":{"Weight":1,"CFrame":[5.960464477539063e-8,-8.940696716308594e-8,1.1920928955078126e-7,0.7246618270874023,-0.6877652406692505,0.04294484853744507,0.6769202351570129,0.7221323847770691,0.14249184727668763,-0.1290128082036972,-0.07418815046548844,0.9888638854026794],"EasingStyle":"Linear","EasingDirection":"In"},"Right Leg":{"Weight":1,"CFrame":[0.4048190116882324,0.08053714036941529,0.09818220138549805,0.912713348865509,0.29662638902664187,-0.2810108959674835,-0.32091984152793887,0.9460993409156799,-0.04366317763924599,0.25291258096694949,0.13003391027450562,0.958710789680481],"EasingStyle":"Linear","EasingDirection":"In"},"Torso":{"Weight":1,"CFrame":[-0.013633906841278077,-0.11351966857910156,-0.22575807571411134,0.5763233304023743,0.748375415802002,-0.3283074200153351,-0.8151873350143433,0.5547870397567749,-0.1663760393857956,0.05762898176908493,0.3635184168815613,0.9298028349876404],"EasingStyle":"Linear","EasingDirection":"In"},"HumanoidRootPart":{"Weight":1,"CFrame":[0,0,0,1,0,0,0,1,0,0,0,1],"EasingStyle":"Linear","EasingDirection":"In"},"Left Arm":{"Weight":1,"CFrame":[-0.21374809741973878,-0.30314022302627566,0.20512139797210694,0.47213882207870486,0.6565138697624207,-0.5882810950279236,-0.5336641669273377,0.7440298199653626,0.4020226299762726,0.7016321420669556,0.12413395941257477,0.701643168926239],"EasingStyle":"Linear","EasingDirection":"In"}}},{"Time":0.46666666865348818,"poses":{"Left Leg":{"Weight":1,"CFrame":[-0.6371590495109558,0.970522940158844,-0.06180649995803833,0.9876105785369873,0.1492437869310379,0.0484943687915802,-0.15279486775398255,0.9849811792373657,0.08041081577539444,-0.03576536849141121,-0.08682427555322647,0.9955814480781555],"EasingStyle":"Linear","EasingDirection":"In"},"Right Arm":{"Weight":1,"CFrame":[0.27134501934051516,-0.3088625371456146,0.0981745719909668,0.4365871846675873,-0.866420567035675,0.24229510128498078,0.7643082141876221,0.49926576018333437,0.4081258177757263,-0.47457829117774966,0.007005510851740837,0.8801854848861694],"EasingStyle":"Linear","EasingDirection":"In"},"Head":{"Weight":1,"CFrame":[1.341104507446289e-7,2.2351741790771486e-8,2.384185791015625e-7,0.7555128931999207,-0.6536282896995544,0.04439028725028038,0.6461400389671326,0.7546173930168152,0.11426179856061936,-0.10818235576152802,-0.05764392763376236,0.9924584627151489],"EasingStyle":"Linear","EasingDirection":"In"},"Right Leg":{"Weight":1,"CFrame":[0.7058308124542236,0.2949678301811218,0.072654128074646,0.9258924722671509,0.34358251094818118,-0.15708041191101075,-0.35208892822265627,0.9355142712593079,-0.029095012694597245,0.1369544118642807,0.08224501460790634,0.9871572256088257],"EasingStyle":"Linear","EasingDirection":"In"},"Torso":{"Weight":1,"CFrame":[-0.07166504859924317,-0.08634337782859802,-0.17242217063903809,0.5147735476493836,0.7925392389297485,-0.32694011926651,-0.8562058210372925,0.4947407841682434,-0.14880581200122834,0.04381617531180382,0.3565292954444885,0.9332561492919922],"EasingStyle":"Linear","EasingDirection":"In"},"HumanoidRootPart":{"Weight":1,"CFrame":[0,0,0,1,0,0,0,1,0,0,0,1],"EasingStyle":"Linear","EasingDirection":"In"},"Left Arm":{"Weight":1,"CFrame":[-0.2849957346916199,-0.331400990486145,0.15863144397735597,0.4072839617729187,0.7921804189682007,-0.454499751329422,-0.6593998074531555,0.5993788242340088,0.4538026452064514,0.6319111585617065,0.11487049609422684,0.7664809823036194],"EasingStyle":"Linear","EasingDirection":"In"}}},{"Time":0.5,"poses":{"Left Leg":{"Weight":1,"CFrame":[-0.9620307683944702,0.7386477589607239,-0.03293788433074951,0.8584803938865662,-0.4978819489479065,0.12298426777124405,0.4720422029495239,0.8608582019805908,0.18999813497066499,-0.2004687637090683,-0.10505583882331848,0.9740511178970337],"EasingStyle":"Linear","EasingDirection":"In"},"Right Arm":{"Weight":1,"CFrame":[0.29683616757392886,-0.34604519605636599,0.14299798011779786,0.26252105832099917,-0.9350720643997192,0.23816604912281037,0.7931026220321655,0.34968551993370058,0.4987066984176636,-0.5496099591255188,0.05796897038817406,0.8334078788757324],"EasingStyle":"Linear","EasingDirection":"In"},"Head":{"Weight":1,"CFrame":[8.195638656616211e-8,-8.195638656616211e-8,3.5762786865234377e-7,0.7781038880348206,-0.626724362373352,0.04208380728960037,0.6216334700584412,0.7779340744018555,0.09159964323043823,-0.09014616161584854,-0.04511338844895363,0.9949063062667847],"EasingStyle":"Linear","EasingDirection":"In"},"Right Leg":{"Weight":1,"CFrame":[0.799331545829773,0.4784451127052307,-0.027890682220458986,0.9786267876625061,0.20454545319080354,-0.021233925595879556,-0.20455139875411988,0.9788540005683899,0.0019128427375108004,0.021176239475607873,0.0024714237079024317,0.9997727870941162],"EasingStyle":"Linear","EasingDirection":"In"},"Torso":{"Weight":1,"CFrame":[-0.12947309017181397,-0.052178382873535159,-0.05561494827270508,0.44287434220314028,0.838710367679596,-0.31690287590026858,-0.8960760831832886,0.4259457588195801,-0.12497200071811676,0.030168116092681886,0.3393160104751587,0.9401885867118836],"EasingStyle":"Linear","EasingDirection":"In"},"HumanoidRootPart":{"Weight":1,"CFrame":[0,0,0,1,0,0,0,1,0,0,0,1],"EasingStyle":"Linear","EasingDirection":"In"},"Left Arm":{"Weight":1,"CFrame":[-0.361194908618927,-0.3483988642692566,0.10413312911987305,0.35940784215927126,0.8744162321090698,-0.32591763138771059,-0.7951334714889526,0.46976593136787417,0.38351374864578249,0.48845556378364565,0.12131012231111527,0.8641151785850525],"EasingStyle":"Linear","EasingDirection":"In"}}},{"Time":0.5333333611488342,"poses":{"Left Leg":{"Weight":1,"CFrame":[-0.9301342964172363,0.11459153890609741,0.10499536991119385,0.5559273958206177,-0.8205462098121643,0.13284799456596375,0.7950010895729065,0.5715323090553284,0.20328344404697419,-0.24273046851158143,-0.007396422326564789,0.9700656533241272],"EasingStyle":"Linear","EasingDirection":"In"},"Right Arm":{"Weight":1,"CFrame":[0.34384074807167055,-0.36172789335250857,0.1677696704864502,0.0786232203245163,-0.9588199853897095,0.27291497588157656,0.7824891805648804,0.2289780229330063,0.5790334939956665,-0.6176804900169373,0.16802752017974854,0.7682691812515259],"EasingStyle":"Linear","EasingDirection":"In"},"Head":{"Weight":1,"CFrame":[1.2200325727462769e-7,-1.862645149230957e-8,-2.980232238769531e-7,0.7871094346046448,-0.6157740354537964,0.0357929989695549,0.6118723750114441,0.7868187427520752,0.08079835027456284,-0.07791616767644882,-0.04169640317559242,0.9960876703262329],"EasingStyle":"Linear","EasingDirection":"In"},"Right Leg":{"Weight":1,"CFrame":[0.7799246311187744,0.4523714780807495,-0.110015869140625,0.9947441816329956,-0.025842459872364999,0.09907765686511994,0.021258782595396043,0.9986665844917297,0.047043316066265109,-0.10016122460365296,-0.044689834117889407,0.9939670562744141],"EasingStyle":"Linear","EasingDirection":"In"},"Torso":{"Weight":1,"CFrame":[-0.18160563707351685,-0.020129799842834474,0.059454917907714847,0.3774765133857727,0.8726518750190735,-0.3098226487636566,-0.9257892370223999,0.3630881905555725,-0.10526716709136963,0.02063138224184513,0.3265663683414459,0.9449490904808044],"EasingStyle":"Linear","EasingDirection":"In"},"HumanoidRootPart":{"Weight":1,"CFrame":[0,0,0,1,0,0,0,1,0,0,0,1],"EasingStyle":"Linear","EasingDirection":"In"},"Left Arm":{"Weight":1,"CFrame":[-0.4354631006717682,-0.35379594564437868,0.04398465156555176,0.2854306995868683,0.9224735498428345,-0.25994613766670229,-0.875927746295929,0.36116331815719607,0.31986203789711,0.3889472484588623,0.13639545440673829,0.9111072421073914],"EasingStyle":"Linear","EasingDirection":"In"}}},{"Time":0.5666666626930237,"poses":{"Left Leg":{"Weight":1,"CFrame":[-0.6120642423629761,-0.09374701976776123,0.10952401161193848,0.5602684020996094,-0.8167296648025513,0.13802844285964967,0.8019386529922485,0.5765601396560669,0.15643790364265443,-0.20734930038452149,0.023043228313326837,0.9779955148696899],"EasingStyle":"Linear","EasingDirection":"In"},"Right Arm":{"Weight":1,"CFrame":[0.414374440908432,-0.36145102977752688,0.10352945327758789,-0.055057357996702197,-0.9441736936569214,0.32481518387794497,0.8061919212341309,0.14988993108272553,0.5723527669906616,-0.5890868306159973,0.29337552189826968,0.7529325485229492],"EasingStyle":"Linear","EasingDirection":"In"},"Head":{"Weight":1,"CFrame":[1.5273690223693848e-7,-5.4016709327697757e-8,3.5762786865234377e-7,0.7872927784919739,-0.6159138679504395,0.028641507029533387,0.6124908924102783,0.7865685224533081,0.07851766794919968,-0.07088862359523773,-0.04427369683980942,0.9965012073516846],"EasingStyle":"Linear","EasingDirection":"In"},"Right Leg":{"Weight":1,"CFrame":[0.6855334043502808,0.29651594161987307,-0.11356496810913086,0.946237325668335,-0.2697829008102417,0.17847195267677308,0.2582796514034271,0.9622997641563416,0.08526911586523056,-0.19474753737449647,-0.03458910435438156,0.9802433252334595],"EasingStyle":"Linear","EasingDirection":"In"},"Torso":{"Weight":1,"CFrame":[-0.2191249132156372,0.005687236785888672,0.11125874519348145,0.3336200714111328,0.8906984925270081,-0.30879437923431399,-0.9425820708274841,0.32051825523376467,-0.09384627640247345,0.0153855225071311,0.32237303256988528,0.9464876651763916],"EasingStyle":"Linear","EasingDirection":"In"},"HumanoidRootPart":{"Weight":1,"CFrame":[0,0,0,1,0,0,0,1,0,0,0,1],"EasingStyle":"Linear","EasingDirection":"In"},"Left Arm":{"Weight":1,"CFrame":[-0.501319408416748,-0.34992918372154238,-0.018279969692230226,0.1703370213508606,0.9452853202819824,-0.27824652194976809,-0.8936577439308167,0.26716384291648867,0.3605542778968811,0.4151639938354492,0.18724128603935243,0.89026939868927],"EasingStyle":"Linear","EasingDirection":"In"}}},{"Time":0.6000000238418579,"poses":{"Left Leg":{"Weight":1,"CFrame":[-0.3940587639808655,-0.12570738792419434,0.0899801254272461,0.6080244779586792,-0.7812821269035339,0.14108440279960633,0.77082759141922,0.6234909296035767,0.13070467114448548,-0.1900821030139923,0.029280100017786027,0.9813315272331238],"EasingStyle":"Linear","EasingDirection":"In"},"Right Arm":{"Weight":1,"CFrame":[0.4915369749069214,-0.3595181405544281,-0.03779959678649902,-0.13858790695667268,-0.8897512555122376,0.4348980784416199,0.8665560483932495,0.10364937037229538,0.4881979525089264,-0.4794518053531647,0.4445215165615082,0.7566548585891724],"EasingStyle":"Linear","EasingDirection":"In"},"Head":{"Weight":1,"CFrame":[1.043081283569336e-7,6.51925802230835e-8,-2.384185791015625e-7,0.7861434817314148,-0.6175904273986816,0.02367532253265381,0.6144793629646301,0.7851439118385315,0.07722947746515274,-0.06628463417291641,-0.04616547003388405,0.9967322945594788],"EasingStyle":"Linear","EasingDirection":"In"},"Right Leg":{"Weight":1,"CFrame":[0.567682147026062,0.13189321756362916,-0.0614018440246582,0.8606696128845215,-0.45876720547676089,0.22086383402347566,0.4467950463294983,0.8885135054588318,0.10448863357305527,-0.24417640268802644,0.008750595152378083,0.9696913361549377],"EasingStyle":"Linear","EasingDirection":"In"},"Torso":{"Weight":1,"CFrame":[-0.23967212438583375,0.02691754698753357,0.07068777084350586,0.31003591418266299,0.8993038535118103,-0.30843204259872439,-0.9506363272666931,0.29766684770584109,-0.08766426146030426,0.012973137199878693,0.32038578391075137,0.9471983313560486],"EasingStyle":"Linear","EasingDirection":"In"},"HumanoidRootPart":{"Weight":1,"CFrame":[0,0,0,1,0,0,0,1,0,0,0,1],"EasingStyle":"Linear","EasingDirection":"In"},"Left Arm":{"Weight":1,"CFrame":[-0.5538926124572754,-0.3386552333831787,-0.07441836595535279,0.04309327155351639,0.9408805966377258,-0.3359864056110382,-0.8769837021827698,0.19672073423862458,0.438406765460968,0.47858405113220217,0.2757622301578522,0.8336142897605896],"EasingStyle":"Linear","EasingDirection":"In"}}},{"Time":0.6333333253860474,"poses":{"Left Leg":{"Weight":1,"CFrame":[-0.3128637671470642,-0.12560582160949708,0.08266127109527588,0.625450611114502,-0.7677786946296692,0.13902327418327332,0.758391261100769,0.6400818824768066,0.12303594499826431,-0.18345069885253907,0.0284811332821846,0.9826163053512573],"EasingStyle":"Linear","EasingDirection":"In"},"Right Arm":{"Weight":1,"CFrame":[0.5536965131759644,-0.3542701303958893,-0.17912864685058595,-0.16725599765777589,-0.8242990374565125,0.5408851504325867,0.9190441966056824,0.06824786216020584,0.38820114731788638,-0.35690799355506899,0.56202632188797,0.7461523413658142],"EasingStyle":"Linear","EasingDirection":"In"},"Head":{"Weight":1,"CFrame":[1.601874828338623e-7,-7.729977369308472e-8,-2.384185791015625e-7,0.7825088500976