{"Sequence":[{"Time":0,"poses":{"Left Leg":{"Weight":1,"CFrame":[-0.33733904361724856,0.05155593156814575,0.003837108612060547,0.9808526635169983,-0.1925874948501587,0.02895090915262699,0.19100745022296906,0.9803162217140198,0.04996311292052269,-0.0380033440887928,-0.043476592749357226,0.9983313679695129],"EasingStyle":"Linear","EasingDirection":"In"},"Right Arm":{"Weight":1,"CFrame":[0.41462242603302,-0.8134956359863281,-0.06067395210266113,-0.38470277190208437,-0.2643222212791443,0.8843855261802673,0.8020570874214172,-0.5699335336685181,0.1785506010055542,0.4568459689617157,0.7780163884162903,0.4312562644481659],"EasingStyle":"Linear","EasingDirection":"In"},"Left Arm":{"Weight":1,"CFrame":[-0.516710102558136,-0.9819401502609253,-0.2701834440231323,-0.7440088987350464,0.6468069553375244,0.16760510206222535,-0.5200705528259277,-0.7180713415145874,0.46249377727508547,0.4194965064525604,0.25693264603614809,0.8706365823745728],"EasingStyle":"Linear","EasingDirection":"In"},"Head":{"Weight":1,"CFrame":[8.87666828930378e-8,2.815795596688986e-9,0.016662120819091798,0.9959477186203003,-0.08121145516633988,-0.03863682597875595,0.07930140942335129,0.9956634044647217,-0.04863870143890381,0.042419321835041049,0.04537767171859741,0.9980688691139221],"EasingStyle":"Linear","EasingDirection":"In"},"Torso":{"Weight":1,"CFrame":[-0.0004109226865693927,-0.008211757987737656,-0.06956744194030762,0.9950041770935059,0.09983199089765549,-0.0004996527568437159,-0.09983198344707489,0.9949542284011841,-0.009983166120946408,-0.0004995075869373977,0.00998317264020443,0.9999500513076782],"EasingStyle":"Linear","EasingDirection":"In"},"HumanoidRootPart":{"Weight":1,"CFrame":[0,0,0,1,0,0,0,1,0,0,0,1],"EasingStyle":"Linear","EasingDirection":"In"},"Right Leg":{"Weight":1,"CFrame":[0.3438875675201416,0.06312364339828491,-0.00024050474166870117,0.9910759925842285,0.13234880566596986,-0.0158805213868618,-0.13185659050941468,0.9908493757247925,0.02883242256939411,0.019551191478967668,-0.026481201872229577,0.9994580745697022],"EasingStyle":"Linear","EasingDirection":"In"}}},{"Time":0.03333333507180214,"poses":{"Left Leg":{"Weight":1,"CFrame":[-0.464711993932724,0.06662756204605103,0.00924980640411377,0.9548032283782959,-0.29510578513145449,0.03554374352097511,0.29228177666664126,0.9538910388946533,0.06828831881284714,-0.05405717343091965,-0.05481313169002533,0.9970322847366333],"EasingStyle":"Linear","EasingDirection":"In"},"Right Arm":{"Weight":1,"CFrame":[0.31155914068222048,-0.75117027759552,0.012540459632873536,-0.386778324842453,-0.3991078734397888,0.8313336372375488,0.804770827293396,-0.5862601399421692,0.09296734631061554,0.4502737522125244,0.7049907445907593,0.5479429960250855],"EasingStyle":"Linear","EasingDirection":"In"},"Left Arm":{"Weight":1,"CFrame":[-0.3930411636829376,-0.9325675964355469,-0.22950273752212525,-0.6956104636192322,0.6990708708763123,0.16560742259025575,-0.5642149448394775,-0.6742891669273377,0.47644078731536868,0.4447331428527832,0.23797892034053803,0.8634688258171082],"EasingStyle":"Linear","EasingDirection":"In"},"Head":{"Weight":1,"CFrame":[8.830829756334424e-8,3.41970007866621e-10,0.0166623592376709,0.9958667159080505,-0.08519145846366883,-0.031494271010160449,0.08352293074131012,0.9952017664909363,-0.05096451938152313,0.03568485751748085,0.048123348504304889,0.9982037544250488],"EasingStyle":"Linear","EasingDirection":"In"},"Torso":{"Weight":1,"CFrame":[0.0005447268486022949,0.0005294126458466053,-0.07435250282287598,0.9938316345214844,0.11068902909755707,0.006826562341302633,-0.11068843305110932,0.9938550591468811,-0.00046432792441919446,-0.006836009211838245,-0.00029415779863484204,0.9999765753746033],"EasingStyle":"Linear","EasingDirection":"In"},"HumanoidRootPart":{"Weight":1,"CFrame":[0,0,0,1,0,0,0,1,0,0,0,1],"EasingStyle":"Linear","EasingDirection":"In"},"Right Leg":{"Weight":1,"CFrame":[0.3556176424026489,0.056857407093048099,-0.003271043300628662,0.9900419116020203,0.14066064357757569,-0.0056155347265303139,-0.1405327469110489,0.9898956418037415,0.018898341804742814,0.008217082358896733,-0.017920998856425287,0.9998056292533875],"EasingStyle":"Linear","EasingDirection":"In"}}},{"Time":0.06666667014360428,"poses":{"Left Leg":{"Weight":1,"CFrame":[-0.6862486004829407,0.0769311785697937,0.02400362491607666,0.8659093976020813,-0.49786773324012759,0.04825696349143982,0.4900977313518524,0.8637542128562927,0.11718690395355225,-0.10002574324607849,-0.07782262563705445,0.9919367432594299],"EasingStyle":"Linear","EasingDirection":"In"},"Right Arm":{"Weight":1,"CFrame":[0.23521609604358674,-0.7079532146453857,0.05977165699005127,-0.4801861345767975,-0.5971426367759705,0.6425279378890991,0.8065624833106995,-0.5885056853294373,0.0558394156396389,0.34478721022605898,0.5450520515441895,0.7642249464988709],"EasingStyle":"Linear","EasingDirection":"In"},"Left Arm":{"Weight":1,"CFrame":[-0.21492767333984376,-0.8075696229934692,-0.13350671529769898,-0.5645676851272583,0.8121500015258789,0.14722619950771333,-0.6645248532295227,-0.5530461668968201,0.5025404095649719,0.4895611107349396,0.1858825385570526,0.851925790309906],"EasingStyle":"Linear","EasingDirection":"In"},"Head":{"Weight":1,"CFrame":[9.080395102500916e-8,7.683411240577698e-9,0.016662240028381349,0.9943404793739319,-0.10324873775243759,-0.025034764781594278,0.10174654424190521,0.9932742118835449,-0.05526251718401909,0.030572187155485154,0.05240260809659958,0.9981579780578613],"EasingStyle":"Linear","EasingDirection":"In"},"Torso":{"Weight":1,"CFrame":[0.002653263509273529,0.021531574428081514,-0.0936884880065918,0.9899880886077881,0.13895811140537263,0.024782489985227586,-0.13950306177139283,0.9899815320968628,0.021805448457598687,-0.02150416187942028,-0.02504436857998371,0.9994550347328186],"EasingStyle":"Linear","EasingDirection":"In"},"HumanoidRootPart":{"Weight":1,"CFrame":[0,0,0,1,0,0,0,1,0,0,0,1],"EasingStyle":"Linear","EasingDirection":"In"},"Right Leg":{"Weight":1,"CFrame":[0.4016949534416199,0.04538828134536743,-0.011397182941436768,0.9853476881980896,0.16963274776935578,0.01773899793624878,-0.16955333948135377,0.9855033755302429,-0.005900299642235041,-0.0184826347976923,0.002806141972541809,0.9998252391815186],"EasingStyle":"Linear","EasingDirection":"In"}}},{"Time":0.10000000149011612,"poses":{"Left Leg":{"Weight":1,"CFrame":[-0.882425844669342,0.04257059097290039,0.04761147499084473,0.7055956721305847,-0.7064061164855957,0.05590291693806648,0.6871256828308106,0.7013465762138367,0.1896606832742691,-0.17318479716777802,-0.09541145712137222,0.980256974697113],"EasingStyle":"Linear","EasingDirection":"In"},"Right Arm":{"Weight":1,"CFrame":[0.1842939257621765,-0.6792270541191101,0.08637869358062744,-0.567654013633728,-0.7545193433761597,0.3293472230434418,0.8121472597122192,-0.5787539482116699,0.07389658689498902,0.13485455513000489,0.309425950050354,0.9413127303123474],"EasingStyle":"Linear","EasingDirection":"In"},"Left Arm":{"Weight":1,"CFrame":[-0.04352899640798569,-0.642431378364563,-0.021274805068969728,-0.38734716176986697,0.9132978320121765,0.12589387595653535,-0.7577708959579468,-0.3931708335876465,0.5207687020301819,0.5251146554946899,0.10631943494081497,0.8443640470504761],"EasingStyle":"Linear","EasingDirection":"In"},"Head":{"Weight":1,"CFrame":[8.009374141693115e-8,0,0.016662120819091798,0.9918657541275024,-0.12619902193546296,-0.016616960987448694,0.1251249611377716,0.9906299710273743,-0.05473574995994568,0.02336881309747696,0.05221134424209595,0.9983626008033752],"EasingStyle":"Linear","EasingDirection":"In"},"Torso":{"Weight":1,"CFrame":[0.004899337887763977,0.04702415317296982,-0.13482117652893067,0.9828455448150635,0.17823176085948945,0.04741401970386505,-0.18043874204158784,0.9824516773223877,0.04722867161035538,-0.038164328783750537,-0.05497381091117859,0.997758150100708],"EasingStyle":"Linear","EasingDirection":"In"},"HumanoidRootPart":{"Weight":1,"CFrame":[0,0,0,1,0,0,0,1,0,0,0,1],"EasingStyle":"Linear","EasingDirection":"In"},"Right Leg":{"Weight":1,"CFrame":[0.48844191431999209,0.038956642150878909,-0.02377033233642578,0.9746790528297424,0.21941882371902467,0.04308322072029114,-0.2178604155778885,0.9752362370491028,-0.03809431195259094,-0.05037487670779228,0.02774362824857235,0.9983449578285217],"EasingStyle":"Linear","EasingDirection":"In"}}},{"Time":0.13333334028720857,"poses":{"Left Leg":{"Weight":1,"CFrame":[-1.0109913349151612,-0.04714083671569824,0.08169221878051758,0.4913674294948578,-0.8695763349533081,0.04893951863050461,0.8294294476509094,0.4843449890613556,0.27831023931503298,-0.26571568846702578,-0.09616070985794068,0.9592435956001282],"EasingStyle":"Linear","EasingDirection":"In"},"Right Arm":{"Weight":1,"CFrame":[0.15505433082580567,-0.6605204343795776,0.10121011734008789,-0.5751439929008484,-0.8169496655464172,0.04245919734239578,0.8117135763168335,-0.5634695887565613,0.15369772911071778,-0.10163885354995728,0.12286292016506195,0.9872052669525147],"EasingStyle":"Linear","EasingDirection":"In"},"Left Arm":{"Weight":1,"CFrame":[0.060519762337207797,-0.4752630889415741,0.06920003890991211,-0.2846023440361023,0.9490911364555359,0.1350088268518448,-0.8000767230987549,-0.3127399682998657,0.5119286775588989,0.528089702129364,0.03767864406108856,0.848352313041687],"EasingStyle":"Linear","EasingDirection":"In"},"Head":{"Weight":1,"CFrame":[1.0058283805847168e-7,-1.862645149230957e-8,0.016661763191223146,0.9894424676895142,-0.14486432075500489,-0.004236333072185516,0.14455546438694,0.9885788559913635,-0.04260944202542305,0.010360538959503174,0.04154717177152634,0.9990828037261963],"EasingStyle":"Linear","EasingDirection":"In"},"Torso":{"Weight":1,"CFrame":[0.005907312035560608,0.06983652710914612,-0.1939399242401123,0.9724910259246826,0.2227412462234497,0.06817305833101273,-0.22720198333263398,0.9715632796287537,0.06666362285614014,-0.05138569697737694,-0.08031882345676422,0.9954438209533691],"EasingStyle":"Linear","EasingDirection":"In"},"HumanoidRootPart":{"Weight":1,"CFrame":[0,0,0,1,0,0,0,1,0,0,0,1],"EasingStyle":"Linear","EasingDirection":"In"},"Right Leg":{"Weight":1,"CFrame":[0.5911313891410828,0.044181764125823978,-0.03584158420562744,0.960178554058075,0.27280282974243166,0.06029687076807022,-0.26856353878974917,0.9607186913490295,-0.06995171308517456,-0.07701128721237183,0.050972554832696918,0.9957264065742493],"EasingStyle":"Linear","EasingDirection":"In"}}},{"Time":0.1666666716337204,"poses":{"Left Leg":{"Weight":1,"CFrame":[-1.0477440357208253,-0.15951931476593018,0.12099170684814453,0.2950632870197296,-0.9551489949226379,0.02506149746477604,0.8884821534156799,0.2839283347129822,0.3605330288410187,-0.3514784574508667,-0.08411341160535813,0.9324097037315369],"EasingStyle":"Linear","EasingDirection":"In"},"Right Arm":{"Weight":1,"CFrame":[0.14035461843013764,-0.6467751264572144,0.11011350154876709,-0.5352476835250855,-0.8387101292610169,-0.1003764420747757,0.8056138753890991,-0.5425934791564941,0.23786219954490663,-0.25396105647087099,0.04645039886236191,0.966098427772522],"EasingStyle":"Linear","EasingDirection":"In"},"Left Arm":{"Weight":1,"CFrame":[0.09611120074987412,-0.335051953792572,0.11031877994537354,-0.2942277193069458,0.9336550235748291,0.20425039529800416,-0.7922264933586121,-0.35779932141304018,0.4943246841430664,0.5346094369888306,-0.016368672251701356,0.844940721988678],"EasingStyle":"Linear","EasingDirection":"In"},"Head":{"Weight":1,"CFrame":[1.0803341865539551e-7,-5.587935447692871e-9,0.016662240028381349,0.9885281324386597,-0.150363951921463,0.014240763150155545,0.1505446583032608,0.9885229468345642,-0.012595576234161854,-0.01218342874199152,0.014595034532248974,0.999819278717041],"EasingStyle":"Linear","EasingDirection":"In"},"Torso":{"Weight":1,"CFrame":[0.003499045968055725,0.08375909924507141,-0.22595500946044923,0.9602512717247009,0.26763716340065,0.07929587364196778,-0.2733110785484314,0.9592106342315674,0.07222167402505875,-0.05673224478960037,-0.09102339297533035,0.9942314624786377],"EasingStyle":"Linear","EasingDirection":"In"},"HumanoidRootPart":{"Weight":1,"CFrame":[0,0,0,1,0,0,0,1,0,0,0,1],"EasingStyle":"Linear","EasingDirection":"In"},"Right Leg":{"Weight":1,"CFrame":[0.6356092691421509,0.04897713661193848,-0.03669768571853638,0.9556620717048645,0.2881125509738922,0.060837604105472568,-0.28198710083961489,0.9549258947372437,-0.09273512661457062,-0.08481345325708389,0.07146798074245453,0.9938304424285889],"EasingStyle":"Linear","EasingDirection":"In"}}},{"Time":0.20000000298023225,"poses":{"Left Leg":{"Weight":1,"CFrame":[-1.0465599298477173,-0.2072380781173706,0.1055452823638916,0.24773457646369935,-0.9686822295188904,-0.01680258847773075,0.8945270776748657,0.22204023599624635,0.3879682719707489,-0.37208715081214907,-0.1111435666680336,0.9215195775032044],"EasingStyle":"Linear","EasingDirection":"In"},"Right Arm":{"Weight":1,"CFrame":[0.13484960794448853,-0.6334528923034668,0.11516237258911133,-0.5076276063919067,-0.8486632704734802,-0.14861032366752625,0.7985560894012451,-0.5281999707221985,0.28863969445228579,-0.3234539031982422,0.027847688645124437,0.9458341002464294],"EasingStyle":"Linear","EasingDirection":"In"},"Left Arm":{"Weight":1,"CFrame":[0.10968346893787384,-0.2185763120651245,0.1187295913696289,-0.31344345211982729,0.8923400044441223,0.3247804045677185,-0.7540543675422669,-0.4417725205421448,0.48604443669319155,0.5771960020065308,-0.09255484491586685,0.8113436102867127],"EasingStyle":"Linear","EasingDirection":"In"},"Head":{"Weight":1,"CFrame":[9.313225746154785e-8,-1.862645149230957e-8,0.016662001609802247,0.9919352531433106,-0.12133428454399109,0.03663897141814232,0.11964045464992523,0.9917811751365662,0.045346345752477649,-0.041839901357889178,-0.04059712216258049,0.9982991814613342],"EasingStyle":"Linear","EasingDirection":"In"},"Torso":{"Weight":1,"CFrame":[-0.001987740397453308,0.07766114175319672,-0.16097712516784669,0.9520426392555237,0.2964268922805786,0.07580196112394333,-0.3005862832069397,0.9523981213569641,0.05084986612200737,-0.05712037906050682,-0.07119627296924591,0.995825469493866],"EasingStyle":"Linear","EasingDirection":"In"},"HumanoidRootPart":{"Weight":1,"CFrame":[0,0,0,1,0,0,0,1,0,0,0,1],"EasingStyle":"Linear","EasingDirection":"In"},"Right Leg":{"Weight":1,"CFrame":[0.5147885084152222,0.018802106380462648,-0.013477504253387452,0.9779403805732727,0.20741093158721925,0.02476450242102146,-0.203883558511734,0.9735828638076782,-0.10280045121908188,-0.045432157814502719,0.09548361599445343,0.9943937063217163],"EasingStyle":"Linear","EasingDirection":"In"}}},{"Time":0.23333333432674409,"poses":{"Left Leg":{"Weight":1,"CFrame":[-1.0771632194519044,-0.16566944122314454,0.015318870544433594,0.3425976634025574,-0.9368289113044739,-0.07055823504924774,0.8841511607170105,0.2961161136627197,0.3613750636577606,-0.31765317916870119,-0.18619030714035035,0.9297470450401306],"EasingStyle":"Linear","EasingDirection":"In"},"Right Arm":{"Weight":1,"CFrame":[0.1342981457710266,-0.6165564656257629,0.12038898468017578,-0.5222960114479065,-0.8407577872276306,-0.142595112323761,0.7747809290885925,-0.5377095937728882,0.3325400948524475,-0.3562603294849396,0.06320437043905258,0.9322466254234314],"EasingStyle":"Linear","EasingDirection":"In"},"Left Arm":{"Weight":1,"CFrame":[0.11318156868219376,-0.11713433265686035,0.12354230880737305,-0.30169132351875307,0.8270102739334106,0.47437983751296999,-0.7054879069328308,-0.5283289551734924,0.47239336371421816,0.641302764415741,-0.19215232133865357,0.7428379654884338],"EasingStyle":"Linear","EasingDirection":"In"},"Head":{"Weight":1,"CFrame":[9.685754776000977e-8,1.862645149230957e-9,0.016662120819091798,0.9959172010421753,-0.0660267099738121,0.061557669192552569,0.05802973359823227,0.9906215071678162,0.12369943410158158,-0.06914782524108887,-0.11962227523326874,0.9904085397720337],"EasingStyle":"Linear","EasingDirection":"In"},"Torso":{"Weight":1,"CFrame":[-0.011907488107681275,0.05315055325627327,-0.061161041259765628,0.9458730816841126,0.3192935883998871,0.05810081958770752,-0.32012301683425906,0.9473609924316406,0.005326183512806892,-0.053341832011938098,-0.023637302219867708,0.9982964992523193],"EasingStyle":"Linear","EasingDirection":"In"},"HumanoidRootPart":{"Weight":1,"CFrame":[0,0,0,1,0,0,0,1,0,0,0,1],"EasingStyle":"Linear","EasingDirection":"In"},"Right Leg":{"Weight":1,"CFrame":[0.36102721095085146,-0.005983710289001465,0.012745022773742676,0.9947435855865479,0.09388066828250885,-0.0408858060836792,-0.09784013032913208,0.9892112612724304,-0.10903404653072357,0.030208559706807138,0.1124611347913742,0.9931968450546265],"EasingStyle":"Linear","EasingDirection":"In"}}},{"Time":0.2666666805744171,"poses":{"Left Leg":{"Weight":1,"CFrame":[-1.1770576238632203,-0.0023964643478393556,-0.12681174278259278,0.5150542855262756,-0.8487454056739807,-0.1197931319475174,0.8346172571182251,0.4647490978240967,0.29567253589630129,-0.19527696073055268,-0.2522687613964081,0.947748601436615],"EasingStyle":"Linear","EasingDirection":"In"},"Right Arm":{"Weight":1,"CFrame":[0.14169344305992127,-0.5932608842849731,0.12902235984802247,-0.5926836133003235,-0.7976239323616028,-0.11190291494131088,0.7144953012466431,-0.5847970247268677,0.38406890630722048,-0.37178298830986025,0.1476772278547287,0.9164981245994568],"EasingStyle":"Linear","EasingDirection":"In"},"Left Arm":{"Weight":1,"CFrame":[0.1186319962143898,-0.022374004125595094,0.15378952026367188,-0.22958724200725556,0.7418789267539978,0.6300042271614075,-0.6704818606376648,-0.589760959148407,0.45015138387680056,0.7055095434188843,-0.3190574049949646,0.6328178644180298],"EasingStyle":"Linear","EasingDirection":"In"},"Head":{"Weight":1,"CFrame":[9.569339454174042e-8,-7.101334631443024e-9,0.016661763191223146,0.9959046244621277,-0.026661064475774766,0.0863892138004303,0.008211522363126278,0.9782555103302002,0.20724064111709596,-0.0900360643863678,-0.20568256080150605,0.9744681715965271],"EasingStyle":"Linear","EasingDirection":"In"},"Torso":{"Weight":1,"CFrame":[-0.023334220051765443,0.023227497935295106,-0.012845039367675782,0.9285855889320374,0.37027737498283389,0.02496989816427231,-0.3689615726470947,0.9283403754234314,-0.04529380798339844,-0.039951834827661517,0.03284624218940735,0.9986615777015686],"EasingStyle":"Linear","EasingDirection":"In"},"HumanoidRootPart":{"Weight":1,"CFrame":[0,0,0,1,0,0,0,1,0,0,0,1],"EasingStyle":"Linear","EasingDirection":"In"},"Right Leg":{"Weight":1,"CFrame":[0.3818618655204773,0.031887948513031009,0.04510617256164551,0.9928956627845764,0.06076729670166969,-0.1023014560341835,-0.0723525658249855,0.9908844828605652,-0.11363569647073746,0.09446357190608978,0.12023007869720459,0.9882415533065796],"EasingStyle":"Linear","EasingDirection":"In"}}},{"Time":0.30000001192092898,"poses":{"Left Leg":{"Weight":1,"CFrame":[-1.2217566967010499,0.32396215200424197,-0.24874603748321534,0.746711790561676,-0.6472313404083252,-0.15333986282348634,0.6649942398071289,0.7214784622192383,0.1930065155029297,-0.014288436621427536,-0.246090367436409,0.9691415429115295],"EasingStyle":"Linear","EasingDirection":"In"},"Right Arm":{"Weight":1,"CFrame":[0.1600005179643631,-0.5648972988128662,0.14033794403076173,-0.6956558227539063,-0.7153084874153137,-0.06630756705999375,0.6247320175170898,-0.6479589939117432,0.43572813272476199,-0.35464465618133547,0.26169243454933169,0.8976325988769531],"EasingStyle":"Linear","EasingDirection":"In"},"Left Arm":{"Weight":1,"CFrame":[0.13542234897613526,0.07216721773147583,0.22937917709350587,-0.025732791051268579,0.6360693573951721,0.771202564239502,-0.6684238910675049,-0.5845898985862732,0.4598523676395416,0.7433352470397949,-0.5036570429801941,0.44020721316337588],"EasingStyle":"Linear","EasingDirection":"In"},"Head":{"Weight":1,"CFrame":[8.568167686462403e-8,7.450580596923828e-9,0.016662120819091798,0.9944146871566773,-0.0293195229023695,0.1013895645737648,-0.0007755226106382906,0.9585846066474915,0.2848067283630371,-0.10554090142250061,-0.2832946479320526,0.9532079100608826],"EasingStyle":"Linear","EasingDirection":"In"},"Torso":{"Weight":1,"CFrame":[-0.031944237649440768,0.0013670474290847779,0.003225088119506836,0.8795969486236572,0.47513440251350405,-0.023591527715325357,-0.47544124722480776,0.8763037919998169,-0.07776432484388352,-0.016275163739919664,0.07961765676736832,0.9966925978660584],"EasingStyle":"Linear","EasingDirection":"In"},"HumanoidRootPart":{"Weight":1,"CFrame":[0,0,0,1,0,0,0,1,0,0,0,1],"EasingStyle":"Linear","EasingDirection":"In"},"Right Leg":{"Weight":1,"CFrame":[0.4064818024635315,0.08110648393630982,0.07121503353118897,0.9896129369735718,0.03292546793818474,-0.13993608951568604,-0.04847169294953346,0.9928393363952637,-0.10918141156435013,0.13533926010131837,0.11483019590377808,0.984122633934021],"EasingStyle":"Linear","EasingDirection":"In"}}},{"Time":0.3333333432674408,"poses":{"Left Leg":{"Weight":1,"CFrame":[-1.0861135721206666,0.5986828804016113,-0.2395026683807373,0.9317723512649536,-0.3144467771053314,-0.18144863843917848,0.3318294286727905,0.9404090642929077,0.07429617643356323,0.14727364480495454,-0.12943710386753083,0.9805898666381836],"EasingStyle":"Linear","EasingDirection":"In"},"Right Arm":{"Weight":1,"CFrame":[0.18498820066452027,-0.5340350270271301,0.15239322185516358,-0.7951696515083313,-0.606177031993866,-0.01595897041261196,0.5250325798988342,-0.7014166712760925,0.48203250765800478,-0.30339083075523379,0.37491869926452639,0.8760079741477966],"EasingStyle":"Linear","EasingDirection":"In"},"Left Arm":{"Weight":1,"CFrame":[0.16143959760665894,0.1631481647491455,0.3379323482513428,0.3246942460536957,0.45018914341926577,0.8318072557449341,-0.666706383228302,-0.5148662328720093,0.5389023423194885,0.6708772778511047,-0.7295495271682739,0.13296987116336823],"EasingStyle":"Linear","EasingDirection":"In"},"Head":{"Weight":1,"CFrame":[7.82310962677002e-8,7.450580596923828e-9,0.016662120819091798,0.9901465177536011,-0.060084983706474307,0.1264897584915161,0.015528470277786255,0.9448110461235046,0.3272475600242615,-0.13917158544063569,-0.3220587968826294,0.9364343881607056],"EasingStyle":"Linear","EasingDirection":"In"},"Torso":{"Weight":1,"CFrame":[-0.035898759961128238,-0.0001589059829711914,0.004252433776855469,0.8403887152671814,0.5376007556915283,-0.06879178434610367,-0.5416944622993469,0.8372955322265625,-0.07418392598628998,0.017717715352773668,0.09960746020078659,0.9948690533638],"EasingStyle":"Linear","EasingDirection":"In"},"HumanoidRootPart":{"Weight":1,"CFrame":[0,0,0,1,0,0,0,1,0,0,0,1],"EasingStyle":"Linear","EasingDirection":"In"},"Right Leg":{"Weight":1,"CFrame":[0.3619600832462311,0.0801655650138855,0.07479000091552735,0.9854094386100769,0.006684469059109688,-0.17006953060626985,-0.021698296070098878,0.9960089325904846,-0.08657583594322205,0.1688118875026703,0.08900280296802521,0.9816216230392456],"EasingStyle":"Linear","EasingDirection":"In"}}},{"Time":0.36666667461395266,"poses":{"Left Leg":{"Weight":1,"CFrame":[-0.8951968550682068,0.5553643703460693,-0.12366849184036255,0.9842140674591065,0.018190592527389528,-0.17604473233222962,-0.026737745851278306,0.9985696077346802,-0.04630099982023239,0.1749507337808609,0.05027712136507034,0.9832926392555237],"EasingStyle":"Linear","EasingDirection":"In"},"Right Arm":{"Weight":1,"CFrame":[0.2121150642633438,-0.5037798881530762,0.16356182098388673,-0.8705127835273743,-0.49088528752326968,0.035202108323574069,0.4357302486896515,-0.7354975342750549,0.5188280344009399,-0.22879402339458466,0.4669850170612335,0.8541535139083862],"EasingStyle":"Linear","EasingDirection":"In"},"Left Arm":{"Weight":1,"CFrame":[0.19312523305416108,0.2438274621963501,0.4609646797180176,0.6792181134223938,0.15068908035755158,0.718300461769104,-0.6081269383430481,-0.4323897957801819,0.6657482981681824,0.41090673208236697,-0.8890060782432556,-0.20204873383045197],"EasingStyle":"Linear","EasingDirection":"In"},"Head":{"Weight":1,"CFrame":[1.1164229363203049e-7,6.752088665962219e-9,0.016662240028381349,0.9774953722953796,-0.13077066838741303,0.16553525626659394,0.07205624878406525,0.9444642066955566,0.3206169605255127,-0.1982693076133728,-0.3014737367630005,0.9326322078704834],"EasingStyle":"Linear","EasingDirection":"In"},"Torso":{"Weight":1,"CFrame":[-0.02799573540687561,0.03206701576709747,0.0033249855041503908,0.8210086226463318,0.5632319450378418,-0.09335216879844666,-0.5676842927932739,0.822746992111206,-0.028669273480772973,0.06065776199102402,0.076532281935215,0.9952203035354614],"EasingStyle":"Linear","EasingDirection":"In"},"HumanoidRootPart":{"Weight":1,"CFrame":[0,0,0,1,0,0,0,1,0,0,0,1],"EasingStyle":"Linear","EasingDirection":"In"},"Right Leg":{"Weight":1,"CFrame":[0.3092268705368042,0.05191832780838013,0.058481812477111819,0.983519434928894,0.0311618410050869,-0.1780967265367508,-0.03777652606368065,0.9987120628356934,-0.03387012332677841,0.17681187391281129,0.04003976657986641,0.9834299087524414],"EasingStyle":"Linear","EasingDirection":"In"}}},{"Time":0.4000000059604645,"poses":{"Left Leg":{"Weight":1,"CFrame":[-0.6535278558731079,0.2545868754386902,-0.036268413066864017,0.9406127333641052,0.31648871302604678,-0.12281075119972229,-0.33236292004585268,0.932212769985199,-0.14322808384895326,0.069155752658844,0.17553997039794923,0.9820403456687927],"EasingStyle":"Linear","EasingDirection":"In"},"Right Arm":{"Weight":1,"CFrame":[0.23687529563903809,-0.47765713930130007,0.1726818084716797,-0.9173480868339539,-0.38810664415359499,0.08857598900794983,0.3710171580314636,-0.7528905272483826,0.5436010956764221,-0.14428719878196717,0.5315346717834473,0.8346568942070007],"EasingStyle":"Linear","EasingDirection":"In"},"Left Arm":{"Weight":1,"CFrame":[0.23055969178676606,0.30766451358795168,0.5785999298095703,0.8678712844848633,-0.16321605443954469,0.46921196579933169,-0.4936067759990692,-0.3900405168533325,0.7773165106773377,0.05614107474684715,-0.9062168002128601,-0.41906943917274477],"EasingStyle":"Linear","EasingDirection":"In"},"Head":{"Weight":1,"CFrame":[6.705522537231445e-8,-7.450580596923828e-9,0.016662120819091798,0.9524133205413818,-0.2343427985906601,0.19491629302501679,0.1723754107952118,0.941483199596405,0.2896480858325958,-0.25138720870018008,-0.24226607382297517,0.9370760917663574],"EasingStyle":"Linear","EasingDirection":"In"},"Torso":{"Weight":1,"CFrame":[-0.010394692420959473,0.09046254307031632,-0.006177663803100586,0.7781219482421875,0.6201757788658142,-0.0995400995016098,-0.6191197037696838,0.7840097546577454,0.04493917152285576,0.10591059178113938,0.026659080758690835,0.9940182566642761],"EasingStyle":"Linear","EasingDirection":"In"},"HumanoidRootPart":{"Weight":1,"CFrame":[0,0,0,1,0,0,0,1,0,0,0,1],"EasingStyle":"Linear","EasingDirection":"In"},"Right Leg":{"Weight":1,"CFrame":[0.3509886562824249,0.05460810661315918,0.04558372497558594,0.9784911274909973,0.13537539541721345,-0.15565548837184907,-0.1304425150156021,0.9905857443809509,0.04152849316596985,0.15981200337409974,-0.020331215113401414,0.9869380593299866],"EasingStyle":"Linear","EasingDirection":"In"}}},{"Time":0.4333333373069763,"poses":{"Left Leg":{"Weight":1,"CFrame":[-0.22871677577495576,-0.17906272411346436,-0.049961984157562259,0.7781080603599548,0.6252398490905762,-0.06019168347120285,-0.623235821723938,0.7565521597862244,-0.19800478219985963,-0.07826237380504608,0.19158273935317994,0.9783511757850647],"EasingStyle":"Linear","EasingDirection":"In"},"Right Arm":{"Weight":1,"CFrame":[0.2549702227115631,-0.4593298137187958,0.17888891696929933,-0.9391403794288635,-0.30969151854515078,0.14868244528770448,0.33848899602890017,-0.7602940797805786,0.5544168949127197,-0.058655839413404468,0.5710026621818543,0.818850040435791],"EasingStyle":"Linear","EasingDirection":"In"},"Left Arm":{"Weight":1,"CFrame":[0.27390173077583315,0.349636971950531,0.667087197303772,0.8966351747512817,-0.3688446879386902,0.24494679272174836,-0.3886634111404419,-0.39065122604370119,0.8344654440879822,-0.21209943294525147,-0.8434128165245056,-0.4936278760433197],"EasingStyle":"Linear","EasingDirection":"In"},"Head":{"Weight":1,"CFrame":[1.1175870895385742e-7,-3.725290298461914e-9,0.016661882400512697,0.9195846319198608,-0.3283471465110779,0.21575964987277986,0.27078983187675478,0.9275692105293274,0.25746506452560427,-0.2846699357032776,-0.17833541333675385,0.9418914318084717],"EasingStyle":"Linear","EasingDirection":"In"},"Torso":{"Weight":1,"CFrame":[0.007194489240646362,0.1499304473400116,-0.03313589096069336,0.7328007221221924,0.6741182804107666,-0.09256143867969513,-0.6650019884109497,0.7383293509483337,0.11243739724159241,0.1441369205713272,-0.02084067463874817,0.9893382787704468],"EasingStyle":"Linear","EasingDirection":"In"},"HumanoidRootPart":{"Weight":1,"CFrame":[0,0,0,1,0,0,0,1,0,0,0,1],"EasingStyle":"Linear","EasingDirection":"In"},"Right Leg":{"Weight":1,"CFrame":[0.46415284276008608,0.07445615530014038,0.04271090030670166,0.950579047203064,0.2787058353424072,-0.13683004677295686,-0.26370105147361758,0.9573546051979065,0.11804209649562836,0.16389384865760804,-0.07612615823745728,0.9835363030433655],"EasingStyle":"Linear","EasingDirection":"In"}}},{"Time":0.46666666865348818,"poses":{"Left Leg":{"Weight":1,"CFrame":[-0.22732584178447724,-0.19111323356628419,-0.05397641658782959,0.7649192810058594,0.6434019804000855,-0.030536916106939317,-0.6337537169456482,0.7432818412780762,-0.21421557664871217,-0.11512921005487442,0.18321038782596589,0.9763089418411255],"EasingStyle":"Linear","EasingDirection":"In"},"Right Arm":{"Weight":1,"CFrame":[0.2622436583042145,-0.4524047374725342,0.1814136505126953,-0.9389336705207825,-0.2628638744354248,0.22204993665218354,0.34315404295921328,-0.7630736231803894,0.5476897358894348,0.025472668930888177,0.5904415249824524,0.8066782355308533],"EasingStyle":"Linear","EasingDirection":"In"},"Left Arm":{"Weight":1,"CFrame":[0.3205684423446655,0.36552345752716067,0.7019209861755371,0.8869300484657288,-0.4352569282054901,0.15461719036102296,-0.3460801839828491,-0.4044994115829468,0.8465275764465332,-0.30591443181037905,-0.8043206334114075,-0.5093963146209717],"EasingStyle":"Linear","EasingDirection":"In"},"Head":{"Weight":1,"CFrame":[1.0058283805847168e-7,1.862645149230957e-8,0.016662001609802247,0.8985313773155212,-0.3768938481807709,0.22492709755897523,0.322086364030838,0.9143420457839966,0.24543647468090058,-0.29816389083862307,-0.14808645844459535,0.9429574608802795],"EasingStyle":"Linear","EasingDirection":"In"},"Torso":{"Weight":1,"CFrame":[0.01679319143295288,0.18178746104240418,-0.08075976371765137,0.7115136981010437,0.697335958480835,-0.08643370866775513,-0.6840824484825134,0.7155365943908691,0.141557514667511,0.16055960953235627,-0.04159232974052429,0.9861494302749634],"EasingStyle":"Linear","EasingDirection":"In"},"HumanoidRootPart":{"Weight":1,"CFrame":[0,0,0,1,0,0,0,1,0,0,0,1],"EasingStyle":"Linear","EasingDirection":"In"},"Right Leg":{"Weight":1,"CFrame":[0.5450839996337891,0.08788841962814331,0.05874228477478027,0.9094834923744202,0.385977566242218,-0.15447022020816804,-0.36033356189727785,0.917167603969574,0.17018626630306245,0.20736318826675416,-0.0991208627820015,0.9732294678688049],"EasingStyle":"Linear","EasingDirection":"In"}}},{"Time":0.5,"poses":{"Left Leg":{"Weight":1,"CFrame":[-0.48300546407699587,0.041597068309783939,-0.01936054229736328,0.8630614876747131,0.501939594745636,-0.05640503764152527,-0.5021393299102783,0.8405667543411255,-0.20323297381401063,-0.05459849163889885,0.20372571051120759,0.9775043725967407],"EasingStyle":"Linear","EasingDirection":"In"},"Right Arm":{"Weight":1,"CFrame":[0.2626461684703827,-0.4523909091949463,0.1817007064819336,-0.9220150113105774,-0.236036017537117,0.30688005685806277,0.3707241117954254,-0.7667337656021118,0.5241021513938904,0.11158838868141175,0.5969977378845215,0.79444420337677],"EasingStyle":"Linear","EasingDirection":"In"},"Left Arm":{"Weight":1,"CFrame":[0.3667251467704773,0.3666587471961975,0.6994099617004395,0.8961470127105713,-0.40699923038482668,0.17683923244476319,-0.355966180562973,-0.421362966299057,0.8341111540794373,-0.2649690806865692,-0.8104349970817566,-0.5224810838699341],"EasingStyle":"Linear","EasingDirection":"In"},"Head":{"Weight":1,"CFrame":[1.862645149230957e-8,-2.60770320892334e-8,0.016661763191223146,0.9025207757949829,-0.36682644486427309,0.2255983054637909,0.30975592136383059,0.9168981313705444,0.2516925632953644,-0.2991781532764435,-0.15727736055850984,0.9411462545394898],"EasingStyle":"Linear","EasingDirection":"In"},"Torso":{"Weight":1,"CFrame":[0.015785247087478639,0.1838524043560028,-0.17881441116333009,0.7290024757385254,0.6790459752082825,-0.08632462471723557,-0.6673809289932251,0.733120858669281,0.13090643286705018,0.15217788517475129,-0.037819698452949527,0.9876292943954468],"EasingStyle":"Linear","EasingDirection":"In"},"HumanoidRootPart":{"Weight":1,"CFrame":[0,0,0,1,0,0,0,1,0,0,0,1],"EasingStyle":"Linear","EasingDirection":"In"},"Right Leg":{"Weight":1,"CFrame":[0.6254194974899292,0.11381065845489502,0.11534702777862549,0.8510183095932007,0.4777691960334778,-0.21795493364334107,-0.4440821707248688,0.8762760162353516,0.186899334192276,0.28028354048728945,-0.062264926731586459,0.9578957557678223],"EasingStyle":"Linear","EasingDirection":"In"}}},{"Time":0.5333333611488342,"poses":{"Left Leg":{"Weight":1,"CFrame":[-0.8551108837127686,0.4603758454322815,-0.015094995498657227,0.9771490097045898,0.17534075677394868,-0.12014750391244888,-0.1938994824886322,0.9668909311294556,-0.16590631008148194,0.0870794877409935,0.1854117065668106,0.9787949919700623],"EasingStyle":"Linear","EasingDirection":"In"},"Right Arm":{"Weight":1,"CFrame":[0.2629004716873169,-0.4524367153644562,0.18177282810211183,-0.8959946036338806,-0.21414683759212495,0.38901761174201968,0.39873430132865908,-0.7735762596130371,0.49253490567207339,0.1954599916934967,0.5964234471321106,0.7785079479217529],"EasingStyle":"Linear","EasingDirection":"In"},"Left Arm":{"Weight":1,"CFrame":[0.4103412330150604,0.36741679906845095,0.6922484636306763,0.9086378216743469,-0.34379711747169497,0.23702479898929597,-0.37979641556739809,-0.4444352388381958,0.81131511926651,-0.17358557879924775,-0.8272126913070679,-0.5344034433364868],"EasingStyle":"Linear","EasingDirection":"In"},"Head":{"Weight":1,"CFrame":[1.0058283805847168e-7,7.450580596923828e-9,0.016662120819091798,0.9210035800933838,-0.31865212321281435,0.22408340871334077,0.2584889829158783,0.9302490949630737,0.26042264699935915,-0.2914374768733978,-0.1819271296262741,0.9391307830810547],"EasingStyle":"Linear","EasingDirection":"In"},"Torso":{"Weight":1,"CFrame":[0.007246166467666626,0.17675796151161195,-0.24609375,0.769866406917572,0.6325770616531372,-0.08456890285015106,-0.6246412396430969,0.7740339040756226,0.10341604053974152,0.13087782263755799,-0.026791313663125039,0.9910364151000977],"EasingStyle":"Linear","EasingDirection":"In"},"HumanoidRootPart":{"Weight":1,"CFrame":[0,0,0,1,0,0,0,1,0,0,0,1],"EasingStyle":"Linear","EasingDirection":"In"},"Right Leg":{"Weight":1,"CFrame":[0.6323378682136536,0.11549371480941773,0.18554425239562989,0.8043041229248047,0.5162067413330078,-0.29432183504104617,-0.4890025854110718,0.8563978672027588,0.16570836305618287,0.33759644627571108,0.010644238442182541,0.9412307739257813],"EasingStyle":"Linear","EasingDirection":"In"}}},{"Time":0.5666666626930237,"poses":{"Left Leg":{"Weight":1,"CFrame":[-1.1071239709854127,0.5976595878601074,-0.13445836305618287,0.9713380932807922,-0.1299738734960556,-0.19902025163173676,0.11125854402780533,0.9884871244430542,-0.102541483938694,0.21005672216415406,0.07745973020792008,0.9746159315109253],"EasingStyle":"Linear","EasingDirection":"In"},"Right Arm":{"Weight":1,"CFrame":[0.2630275785923004,-0.45250558853149416,0.18172168731689454,-0.8663398623466492,-0.19830892980098725,0.45839816331863406,0.4221038222312927,-0.7813279032707214,0.4597337543964386,0.26698997616767886,0.5917772650718689,0.7606024146080017],"EasingStyle":"Linear","EasingDirection":"In"},"Left Arm":{"Weight":1,"CFrame":[0.45082932710647585,0.36786627769470217,0.6815917491912842,0.9118579030036926,-0.2681907117366791,0.31078752875328066,-0.4055531322956085,-0.4712948501110077,0.7832036018371582,-0.06357532739639282,-0.8402112126350403,-0.5385194420814514],"EasingStyle":"Linear","EasingDirection":"In"},"Head":{"Weight":1,"CFrame":[8.195638656616211e-8,3.725290298461914e-9,0.016662001609802247,0.9425714612007141,-0.2513142228126526,0.22000059485435487,0.18820488452911378,0.9437804818153381,0.2717669904232025,-0.27593111991882326,-0.2147546261548996,0.9368790984153748],"EasingStyle":"Linear","EasingDirection":"In"},"Torso":{"Weight":1,"CFrame":[-0.003669038414955139,0.16415533423423768,-0.20067167282104493,0.8168132305145264,0.5714563727378845,-0.07908083498477936,-0.5676987767219544,0.8205825090408325,0.06604916602373123,0.10263656079769135,-0.009055730886757374,0.994677722454071],"EasingStyle":"Linear","EasingDirection":"In"},"HumanoidRootPart":{"Weight":1,"CFrame":[0,0,0,1,0,0,0,1,0,0,0,1],"EasingStyle":"Linear","EasingDirection":"In"},"Right Leg":{"Weight":1,"CFrame":[0.5140846371650696,0.06462079286575318,0.22305893898010255,0.8011296987533569,0.471439003944397,-0.3686954081058502,-0.4637807607650757,0.8783969283103943,0.11543937027454376,0.3782837390899658,0.07851200550794602,0.9223542809486389],"EasingStyle":"Linear","EasingDirection":"In"}}},{"Time":0.6000000238418579,"poses":{"Left Leg":{"Weight":1,"CFrame":[-1.3267676830291749,0.48360180854797366,-0.30902498960494997,0.8700650930404663,-0.4134714603424072,-0.26838040351867678,0.42222732305526736,0.9060846567153931,-0.02710684947669506,0.25438329577445986,-0.08973285555839539,0.9629315733909607],"EasingStyle":"Linear","EasingDirection":"In"},"Right Arm":{"Weight":1,"CFrame":[0.26306527853012087,-0.4525645673274994,0.18163323402404786,-0.841580331325531,-0.18893444538116456,0.506010115146637,0.437628835439682,-0.787604570388794,0.43377426266670229,0.31658101081848147,0.5865004658699036,0.7455157041549683],"EasingStyle":"Linear","EasingDirection":"In"},"Left Arm":{"Weight":1,"CFrame":[0.4875229299068451,0.3681592345237732,0.6683666706085205,0.9049323797225952,-0.2053086757659912,0.3727540373802185,-0.4245187044143677,-0.4966222941875458,0.7570669054985046,0.0296856090426445,-0.8433354496955872,-0.536566972732544],"EasingStyle":"Linear","EasingDirection":"In"},"Head":{"Weight":1,"CFrame":[9.685754776000977e-8,1.4901161193847657e-8,0.0166623592376709,0.9593205451965332,-0.18588486313819886,0.21248741447925569,0.12083370238542557,0.9505704641342163,0.28603318333625796,-0.2551535665988922,-0.2487218827009201,0.9343629479408264],"EasingStyle":"Linear","EasingDirection":"In"},"Torso":{"Weight":1,"CFrame":[-0.013309583067893982,0.15001198649406434,-0.10933494567871094,0.8555896282196045,0.5129539370536804,-0.0696031004190445,-0.5124592781066895,0.8583132028579712,0.026153044775128366,0.07315655797719956,0.01329247560352087,0.9972319006919861],"EasingStyle":"Linear","EasingDirection":"In"},"HumanoidRootPart":{"Weight":1,"CFrame":[0,0,0,1,0,0,0,1,0,0,0,1],"EasingStyle":"Linear","EasingDirection":"In"},"Right Leg":{"Weight":1,"CFrame":[0.3330790400505066,-0.0022192001342773439,0.2074882984161377,0.8163330554962158,0.38161295652389529,-0.43355709314346316,-0.3958340585231781,0.9162807464599609,0.06119648739695549,0.42061349749565127,0.12165997177362442,0.8990457057952881],"EasingStyle":"Linear","EasingDirection":"In"}}},{"Time":0.6333333253860474,"poses":{"Left Leg":{"Weight":1,"CFrame":[-1.4298934936523438,0.2551114559173584,-0.41866254806518557,0.7443049550056458,-0.5911794304847717,-0.31067219376564028,0.6323614120483398,0.7734698057174683,0.04316562041640282,0.21477694809436799,-0.22858555614948274,0.9495364427566528],"EasingStyle":"Linear","EasingDirection":"In"},"Right Arm":{"Weight":1,"CFrame":[0.26306548714637759,-0.4525889754295349,0.18158745765686036,-0.8313661217689514,-0.18586400151252747,0.523722231388092,0.4432837963104248,-0.7901604771614075,0.4232562780380249,0.3351564407348633,0.5840385556221008,0.7393031716346741],"EasingStyle":"Linear","EasingDirection":"In"},"Left Arm":{"Weight":1,"CFrame":[0.5197328329086304,0.36851346492767336,0.6532610