{"Sequence":[{"Time":0,"poses":{"Left Leg":{"Weight":1,"CFrame":[-0.5980010032653809,0.4579404592514038,0.06417381763458252,0.9828448295593262,-0.13304252922534944,0.12773330509662629,0.12924128770828248,0.9908986687660217,0.0376366563141346,-0.13157802820205689,-0.020482508465647699,0.991094172000885],"EasingStyle":"Linear","EasingDirection":"Out"},"Right Arm":{"Weight":1,"CFrame":[0.5376412272453308,-0.3838375508785248,-0.4471937417984009,-0.5283108353614807,-0.508983314037323,0.6795760989189148,0.845244288444519,-0.39099618792533877,0.36425822973251345,0.08031030744314194,0.7668493986129761,0.636782705783844],"EasingStyle":"Linear","EasingDirection":"Out"},"Left Arm":{"Weight":1,"CFrame":[0.19121983647346497,-0.2234211564064026,0.04599177837371826,0.8621740937232971,-0.4723380208015442,-0.18317373096942902,0.5024048686027527,0.750668466091156,0.4290526509284973,-0.06515513360500336,-0.461945503950119,0.8845118284225464],"EasingStyle":"Linear","EasingDirection":"Out"},"Head":{"Weight":1,"CFrame":[6.705522537231445e-8,5.960464477539063e-8,3.5762786865234377e-7,0.9457634091377258,0.3179115355014801,0.06681168079376221,-0.32245883345603945,0.9436547756195068,0.07440419495105744,-0.03939319774508476,-0.09191277623176575,0.9949875473976135],"EasingStyle":"Linear","EasingDirection":"Out"},"Torso":{"Weight":1,"CFrame":[0.4415067136287689,-0.44150668382644656,-0.44150710105895998,0.8544556498527527,-0.4887773394584656,0.17607462406158448,0.5179957151412964,0.8275009393692017,-0.2166164368391037,-0.0398247204720974,0.2762950360774994,0.9602473974227905],"EasingStyle":"Linear","EasingDirection":"Out"},"HumanoidRootPart":{"Weight":1,"CFrame":[0,0,0,1,0,0,0,1,0,0,0,1],"EasingStyle":"Linear","EasingDirection":"In"},"Right Leg":{"Weight":1,"CFrame":[0.2584255039691925,0.3791026473045349,0.08148574829101563,0.8948506116867065,0.13720905780792237,-0.4247541129589081,-0.005774298217147589,0.9550618529319763,0.29635030031204226,0.44632843136787417,-0.26273664832115176,0.855430006980896],"EasingStyle":"Linear","EasingDirection":"Out"}}},{"Time":0.03333333507180214,"poses":{"Left Leg":{"Weight":1,"CFrame":[-0.6309468746185303,0.45185166597366335,0.08900880813598633,0.9639233946800232,-0.21497835218906403,0.15695884823799134,0.21139703691005708,0.9766072034835815,0.0393652617931366,-0.16174979507923127,-0.004764438606798649,0.9868202805519104],"EasingStyle":"Linear","EasingDirection":"Out"},"Right Arm":{"Weight":1,"CFrame":[0.5702182650566101,-0.39444929361343386,-0.37936896085739138,-0.4544517397880554,-0.5906679630279541,0.6667722463607788,0.8741119503974915,-0.43979936838150027,0.20616674423217774,0.17146991193294526,0.6765263080596924,0.7161774039268494],"EasingStyle":"Linear","EasingDirection":"Out"},"Left Arm":{"Weight":1,"CFrame":[-0.08293454349040985,-0.3876720070838928,0.12292635440826416,0.9702557921409607,0.058012720197439197,-0.23502810299396516,0.07577568292617798,0.849293053150177,0.5224550366401672,0.2299167513847351,-0.524724543094635,0.8196355700492859],"EasingStyle":"Linear","EasingDirection":"Out"},"Head":{"Weight":1,"CFrame":[1.0058283805847168e-7,-1.1175870895385743e-8,-5.960464477539063e-8,0.9568144679069519,0.2859644591808319,0.052253544330596927,-0.28893426060676577,0.9552931189537048,0.06270572543144226,-0.031985826790332797,-0.07509559392929077,0.9966632127761841],"EasingStyle":"Linear","EasingDirection":"Out"},"Torso":{"Weight":1,"CFrame":[0.4563835859298706,-0.45115527510643008,-0.4740731716156006,0.869620680809021,-0.4654625952243805,0.16463439166545869,0.4914763569831848,0.8478788137435913,-0.19887793064117433,-0.047019775956869128,0.25386226177215578,0.966096818447113],"EasingStyle":"Linear","EasingDirection":"Out"},"HumanoidRootPart":{"Weight":1,"CFrame":[0,0,0,1,0,0,0,1,0,0,0,1],"EasingStyle":"Linear","EasingDirection":"In"},"Right Leg":{"Weight":1,"CFrame":[0.2756829261779785,0.38885146379470827,0.07537698745727539,0.8902851343154907,0.17831291258335114,-0.41904279589653017,-0.031957026571035388,0.942350447177887,0.3330981433391571,0.454280823469162,-0.28316107392311098,0.8446589708328247],"EasingStyle":"Linear","EasingDirection":"Out"}}},{"Time":0.06666667014360428,"poses":{"Left Leg":{"Weight":1,"CFrame":[-0.6217008829116821,0.4821845293045044,0.11161017417907715,0.9619003534317017,-0.20619222521781922,0.1795341521501541,0.2058200091123581,0.9783665537834168,0.020905015990138055,-0.17996063828468324,0.016843125224113466,0.9835295677185059],"EasingStyle":"Linear","EasingDirection":"Out"},"Right Arm":{"Weight":1,"CFrame":[0.6010271906852722,-0.4833340048789978,-0.2647055387496948,-0.38894858956336977,-0.6693871021270752,0.6329613327980042,0.8835017085075378,-0.4657093584537506,0.05039311200380325,0.26104357838630679,0.5788227319717407,0.7725415825843811],"EasingStyle":"Linear","EasingDirection":"Out"},"Left Arm":{"Weight":1,"CFrame":[-0.3819332420825958,-0.460402250289917,0.055757999420166019,0.7198142409324646,0.6386112570762634,-0.27210870385169985,-0.45591801404953005,0.7305203080177307,0.5084080100059509,0.5234560370445252,-0.24190014600753785,0.8169933557510376],"EasingStyle":"Linear","EasingDirection":"Out"},"Head":{"Weight":1,"CFrame":[8.940696716308594e-8,1.1920928955078126e-7,1.1920928955078126e-7,0.9674746990203857,0.2512836754322052,0.029141250997781755,-0.2529631555080414,0.9617090225219727,0.10547670722007752,-0.0015208347467705608,-0.10941772907972336,0.9939947128295898],"EasingStyle":"Linear","EasingDirection":"Out"},"Torso":{"Weight":1,"CFrame":[0.46032774448394778,-0.45978304743766787,-0.5118966102600098,0.8850504755973816,-0.43453624844551089,0.1669248640537262,0.46326833963394167,0.8572688698768616,-0.22466087341308595,-0.04547619819641113,0.27616721391677859,0.960033118724823],"EasingStyle":"Linear","EasingDirection":"Out"},"HumanoidRootPart":{"Weight":1,"CFrame":[0,0,0,1,0,0,0,1,0,0,0,1],"EasingStyle":"Linear","EasingDirection":"In"},"Right Leg":{"Weight":1,"CFrame":[0.2477087676525116,0.41719764471054079,0.052870750427246097,0.8913012742996216,0.1365491896867752,-0.43236130475997927,0.03129060938954353,0.9327759146690369,0.3590960204601288,0.452330619096756,-0.33359163999557497,0.8271116614341736],"EasingStyle":"Linear","EasingDirection":"Out"}}},{"Time":0.10000000149011612,"poses":{"Left Leg":{"Weight":1,"CFrame":[-0.5741403698921204,0.542936384677887,0.1308917999267578,0.970388650894165,-0.1333652287721634,0.2013942301273346,0.1370280385017395,0.990557849407196,-0.004292797762900591,-0.19892016053199769,0.03176233917474747,0.9795008301734924],"EasingStyle":"Linear","EasingDirection":"Out"},"Right Arm":{"Weight":1,"CFrame":[0.6283146739006043,-0.5958706736564636,-0.13363969326019288,-0.3334452211856842,-0.7422084808349609,0.5813267827033997,0.8765693306922913,-0.4710603952407837,-0.09863165020942688,0.34704530239105227,0.47668513655662539,0.8076700568199158],"EasingStyle":"Linear","EasingDirection":"Out"},"Left Arm":{"Weight":1,"CFrame":[-0.5582610368728638,-0.3995819091796875,-0.0797051191329956,0.17011778056621552,0.9279745817184448,-0.33154651522636416,-0.819525957107544,0.32006219029426577,0.47532883286476138,0.5472085475921631,0.19084906578063966,0.8149474859237671],"EasingStyle":"Linear","EasingDirection":"Out"},"Head":{"Weight":1,"CFrame":[2.9802322387695315e-8,-1.341104507446289e-7,3.5762786865234377e-7,0.9765658378601074,0.21514686942100526,0.005568064749240875,-0.2127211093902588,0.9609788060188294,0.1768316924571991,0.03269395977258682,-0.17387226223945619,0.984225332736969],"EasingStyle":"Linear","EasingDirection":"Out"},"Torso":{"Weight":1,"CFrame":[0.45147860050201418,-0.4674239158630371,-0.5513579845428467,0.9002000689506531,-0.396896094083786,0.1792019158601761,0.4333101809024811,0.8573620319366455,-0.2777996063232422,-0.043383318930864337,0.32772523164749148,0.9437764883041382],"EasingStyle":"Linear","EasingDirection":"Out"},"HumanoidRootPart":{"Weight":1,"CFrame":[0,0,0,1,0,0,0,1,0,0,0,1],"EasingStyle":"Linear","EasingDirection":"In"},"Right Leg":{"Weight":1,"CFrame":[0.2328283041715622,0.46363240480422976,0.028697848320007325,0.8990119099617004,0.04611021280288696,-0.43548983335494997,0.12325950711965561,0.9275949001312256,0.35266807675361636,0.4202198386192322,-0.3707311153411865,0.828235387802124],"EasingStyle":"Linear","EasingDirection":"Out"}}},{"Time":0.13333334028720857,"poses":{"Left Leg":{"Weight":1,"CFrame":[-0.4892737865447998,0.6207436323165894,0.1431276798248291,0.9713847041130066,-0.026501618325710298,0.2360284924507141,0.030944928526878358,0.9994063973426819,-0.015140453353524208,-0.2354871928691864,0.022011127322912217,0.9716281890869141],"EasingStyle":"Linear","EasingDirection":"Out"},"Right Arm":{"Weight":1,"CFrame":[0.6517994403839111,-0.6993415355682373,-0.01687401533126831,-0.2832249104976654,-0.80988609790802,0.5136811137199402,0.8593335151672363,-0.45212113857269289,-0.23902378976345063,0.42582815885543826,0.3737258017063141,0.8240141868591309],"EasingStyle":"Linear","EasingDirection":"Out"},"Left Arm":{"Weight":1,"CFrame":[-0.5805115103721619,-0.2987828254699707,-0.16623061895370484,-0.3193305432796478,0.8726206421852112,-0.36954185366630556,-0.8749943375587463,-0.12176687270402909,0.46856987476348879,0.3638858199119568,0.4729757010936737,0.8024219870567322],"EasingStyle":"Linear","EasingDirection":"Out"},"Head":{"Weight":1,"CFrame":[3.725290298461914e-8,4.470348358154297e-8,1.1920928955078126e-7,0.9836980700492859,0.179367333650589,-0.012863993644714356,-0.17049933969974519,0.9530198574066162,0.2503660023212433,0.05716714262962341,-0.24409125745296479,0.9680657982826233],"EasingStyle":"Linear","EasingDirection":"Out"},"Torso":{"Weight":1,"CFrame":[0.4278188645839691,-0.4741121530532837,-0.586702823638916,0.913894772529602,-0.3522704541683197,0.2017471343278885,0.4025317430496216,0.8507347702980042,-0.33796238899230959,-0.05257914587855339,0.39007169008255007,0.919282078742981],"EasingStyle":"Linear","EasingDirection":"Out"},"HumanoidRootPart":{"Weight":1,"CFrame":[0,0,0,1,0,0,0,1,0,0,0,1],"EasingStyle":"Linear","EasingDirection":"In"},"Right Leg":{"Weight":1,"CFrame":[0.19583182036876679,0.5068575739860535,0.030627131462097169,0.8846765160560608,-0.07924279570579529,-0.45942142605781557,0.23003719747066499,0.931329071521759,0.28232771158218386,0.4055001437664032,-0.3554528057575226,0.842153787612915],"EasingStyle":"Linear","EasingDirection":"Out"}}},{"Time":0.1666666716337204,"poses":{"Left Leg":{"Weight":1,"CFrame":[-0.35591983795166018,0.730728268623352,0.1232147216796875,0.9434575438499451,0.08622004836797714,0.32008427381515505,-0.10193462669849396,0.9942556023597717,0.032635729759931567,-0.3154318332672119,-0.06341814994812012,0.9468267560005188],"EasingStyle":"Linear","EasingDirection":"Out"},"Right Arm":{"Weight":1,"CFrame":[0.6728415489196777,-0.765273928642273,0.05367755889892578,-0.22163555026054383,-0.8772715330123901,0.4257611036300659,0.8421857357025147,-0.3922942578792572,-0.36990320682525637,0.49152910709381106,0.2765861749649048,0.8257718086242676],"EasingStyle":"Linear","EasingDirection":"Out"},"Left Arm":{"Weight":1,"CFrame":[-0.5354543328285217,-0.20925334095954896,-0.18820863962173463,-0.6115979552268982,0.7162225842475891,-0.3361145555973053,-0.7641459703445435,-0.42466816306114199,0.4855286478996277,0.20500943064689637,0.5537889003753662,0.8070247173309326],"EasingStyle":"Linear","EasingDirection":"Out"},"Head":{"Weight":1,"CFrame":[7.450580596923828e-9,0,5.960464477539063e-7,0.9864311218261719,0.15703964233398438,-0.047877032309770587,-0.1352119892835617,0.9425009489059448,0.3056298792362213,0.09312013536691666,-0.2950092852115631,0.9509459137916565],"EasingStyle":"Linear","EasingDirection":"Out"},"Torso":{"Weight":1,"CFrame":[0.3874710500240326,-0.47988176345825198,-0.6113133430480957,0.9205154776573181,-0.295230507850647,0.2559104561805725,0.3766257166862488,0.8447601795196533,-0.38017532229423525,-0.10394363850355149,0.4463397264480591,0.8888062238693237],"EasingStyle":"Linear","EasingDirection":"Out"},"HumanoidRootPart":{"Weight":1,"CFrame":[0,0,0,1,0,0,0,1,0,0,0,1],"EasingStyle":"Linear","EasingDirection":"In"},"Right Leg":{"Weight":1,"CFrame":[0.12485426664352417,0.47089290618896487,0.08680117130279541,0.844828188419342,-0.22902393341064454,-0.48354247212409975,0.31698164343833926,0.9423195719718933,0.1075010746717453,0.4310312271118164,-0.24409404397010804,0.868694543838501],"EasingStyle":"Linear","EasingDirection":"Out"}}},{"Time":0.20000000298023225,"poses":{"Left Leg":{"Weight":1,"CFrame":[-0.2717106342315674,0.7770583629608154,0.10469162464141846,0.9110657572746277,0.13246627151966096,0.3903995752334595,-0.1709405779838562,0.9831123948097229,0.06534026563167572,-0.37515124678611758,-0.12626434862613679,0.9183239340782166],"EasingStyle":"Linear","EasingDirection":"Out"},"Right Arm":{"Weight":1,"CFrame":[0.6845687031745911,-0.7644513845443726,0.08493733406066895,-0.15487660467624665,-0.9355137348175049,0.317533403635025,0.823367178440094,-0.29985204339027407,-0.48182496428489687,0.5459668040275574,0.1868230402469635,0.8167112469673157],"EasingStyle":"Linear","EasingDirection":"Out"},"Left Arm":{"Weight":1,"CFrame":[-0.4750238358974457,-0.12810900807380677,-0.17931413650512696,-0.7754994034767151,0.581159234046936,-0.2466871440410614,-0.6173734664916992,-0.6162950992584229,0.48890745639801028,0.13210098445415498,0.5314455032348633,0.8367286920547485],"EasingStyle":"Linear","EasingDirection":"Out"},"Head":{"Weight":1,"CFrame":[1.341104507446289e-7,-1.341104507446289e-7,2.384185791015625e-7,0.9883489608764648,0.14566737413406373,-0.04412839561700821,-0.1243823915719986,0.9400912523269653,0.31742310523986819,0.08772289752960205,-0.3082360625267029,0.9472566843032837],"EasingStyle":"Linear","EasingDirection":"Out"},"Torso":{"Weight":1,"CFrame":[0.3293382525444031,-0.4847675561904907,-0.6201252937316895,0.9303524494171143,-0.24558547139167787,0.27227210998535159,0.34192705154418948,0.8492225408554077,-0.40237659215927126,-0.13240176439285279,0.46744924783706667,0.8740485906600952],"EasingStyle":"Linear","EasingDirection":"Out"},"HumanoidRootPart":{"Weight":1,"CFrame":[0,0,0,1,0,0,0,1,0,0,0,1],"EasingStyle":"Linear","EasingDirection":"In"},"Right Leg":{"Weight":1,"CFrame":[0.07308730483055115,0.4229395389556885,0.13396358489990235,0.805134654045105,-0.3253650367259979,-0.49587875604629519,0.3570173382759094,0.9335200786590576,-0.032846178859472278,0.4735998213291168,-0.15059170126914979,0.8677703738212586],"EasingStyle":"Linear","EasingDirection":"Out"}}},{"Time":0.23333333432674409,"poses":{"Left Leg":{"Weight":1,"CFrame":[-0.2423006296157837,0.7777028679847717,0.09291422367095947,0.888412356376648,0.12271858006715775,0.4423387944698334,-0.1854812651872635,0.9774056077003479,0.10136573016643524,-0.41990500688552859,-0.17210015654563905,0.8911012411117554],"EasingStyle":"Linear","EasingDirection":"Out"},"Right Arm":{"Weight":1,"CFrame":[0.6829879879951477,-0.7152718305587769,0.10567831993103028,-0.08796624839305878,-0.9776867628097534,0.19076323509216309,0.8021281957626343,-0.18307407200336457,-0.5683961510658264,0.59063720703125,0.10301686078310013,0.8003343939781189],"EasingStyle":"Linear","EasingDirection":"Out"},"Left Arm":{"Weight":1,"CFrame":[-0.4120159149169922,-0.05606710910797119,-0.15630042552947999,-0.8715644478797913,0.46411317586898806,-0.15803296864032746,-0.4813574552536011,-0.7488117814064026,0.45560503005981448,0.09311535209417343,0.47315940260887148,0.8760420083999634],"EasingStyle":"Linear","EasingDirection":"Out"},"Head":{"Weight":1,"CFrame":[8.940696716308594e-8,-2.9802322387695315e-8,1.1920928955078126e-7,0.9906482100486755,0.13496775925159455,-0.019994329661130906,-0.12271977216005326,0.9454524517059326,0.3017606735229492,0.05963163077831268,-0.2964850068092346,0.9531740546226502],"EasingStyle":"Linear","EasingDirection":"Out"},"Torso":{"Weight":1,"CFrame":[0.2541433572769165,-0.4888038635253906,-0.6037759780883789,0.9445667862892151,-0.2010488659143448,0.25956296920776369,0.2958647906780243,0.8639598488807678,-0.40747690200805666,-0.14232921600341798,0.4616846740245819,0.8755510449409485],"EasingStyle":"Linear","EasingDirection":"Out"},"HumanoidRootPart":{"Weight":1,"CFrame":[0,0,0,1,0,0,0,1,0,0,0,1],"EasingStyle":"Linear","EasingDirection":"In"},"Right Leg":{"Weight":1,"CFrame":[0.06223247945308685,0.3819136619567871,0.1582472324371338,0.7940511107444763,-0.375875860452652,-0.47770288586616518,0.36805325746536257,0.9227558970451355,-0.11427300423383713,0.4837557375431061,-0.0850815698504448,0.8710577487945557],"EasingStyle":"Linear","EasingDirection":"Out"}}},{"Time":0.2666666805744171,"poses":{"Left Leg":{"Weight":1,"CFrame":[-0.24316413700580598,0.7525792121887207,0.07537806034088135,0.8734575510025024,0.08312951028347016,0.4797513782978058,-0.18014362454414369,0.9705730676651001,0.1598004847764969,-0.4523496627807617,-0.22600312530994416,0.8627296090126038],"EasingStyle":"Linear","EasingDirection":"Out"},"Right Arm":{"Weight":1,"CFrame":[0.668536901473999,-0.6406387686729431,0.11792278289794922,-0.023828037083148958,-0.9984320998191834,0.050651077181100848,0.7774648666381836,-0.05035781487822533,-0.6269069910049439,0.628474771976471,0.024441448971629144,0.7774458527565002],"EasingStyle":"Linear","EasingDirection":"Out"},"Left Arm":{"Weight":1,"CFrame":[-0.3527566194534302,0.02341151237487793,-0.1244276762008667,-0.9262515902519226,0.36955735087394717,-0.07406335324048996,-0.3676770031452179,-0.8427364230155945,0.3932035267353058,0.08289536833763123,0.3914366662502289,0.9164636135101318],"EasingStyle":"Linear","EasingDirection":"Out"},"Head":{"Weight":1,"CFrame":[4.470348358154297e-8,2.2724270820617677e-7,0,0.9928866624832153,0.11883814632892609,-0.0073168352246284489,-0.11206479370594025,0.9535182118415833,0.2797221541404724,0.040218424052000049,-0.2769124209880829,0.9600530862808228],"EasingStyle":"Linear","EasingDirection":"Out"},"Torso":{"Weight":1,"CFrame":[0.16547393798828126,-0.49202609062194826,-0.5629956722259522,0.9587691426277161,-0.1538493037223816,0.23893944919109345,0.24166449904441834,0.8837873935699463,-0.4006470739841461,-0.14953242242336274,0.4418712556362152,0.8845280408859253],"EasingStyle":"Linear","EasingDirection":"Out"},"HumanoidRootPart":{"Weight":1,"CFrame":[0,0,0,1,0,0,0,1,0,0,0,1],"EasingStyle":"Linear","EasingDirection":"In"},"Right Leg":{"Weight":1,"CFrame":[0.07930831611156464,0.3274083137512207,0.16468596458435059,0.8054094314575195,-0.4062303602695465,-0.4316161572933197,0.3708486258983612,0.9134284853935242,-0.16768918931484223,0.46237099170684817,-0.025005828589200975,0.8863339424133301],"EasingStyle":"Linear","EasingDirection":"Out"}}},{"Time":0.30000001192092898,"poses":{"Left Leg":{"Weight":1,"CFrame":[-0.28450262546539309,0.7050576210021973,0.05502474308013916,0.871938169002533,-0.006969450507313013,0.4895663857460022,-0.13204580545425416,0.9595015048980713,0.24883873760700227,-0.4714740216732025,-0.28161725401878359,0.8357056975364685],"EasingStyle":"Linear","EasingDirection":"Out"},"Right Arm":{"Weight":1,"CFrame":[0.6425817012786865,-0.5633110404014587,0.12395882606506348,0.03398619219660759,-0.9947128295898438,-0.09690863639116287,0.7491433620452881,0.08953798562288284,-0.656328558921814,0.6615354418754578,-0.050292354077100757,0.7482256293296814],"EasingStyle":"Linear","EasingDirection":"Out"},"Left Arm":{"Weight":1,"CFrame":[-0.3038570284843445,0.12209445238113404,-0.08698958158493042,-0.9530927538871765,0.3026718199253082,0.001970045268535614,-0.2872876524925232,-0.9066595435142517,0.3089245855808258,0.095288947224617,0.29386767745018008,0.9510844945907593],"EasingStyle":"Linear","EasingDirection":"Out"},"Head":{"Weight":1,"CFrame":[2.2351741790771485e-7,1.30385160446167e-8,-5.960464477539063e-8,0.9957401752471924,0.09216179698705673,-0.0027694699820131065,-0.0886448323726654,0.9651419520378113,0.24625834822654725,0.025368548929691316,-0.24496380984783173,0.9692002534866333],"EasingStyle":"Linear","EasingDirection":"Out"},"Torso":{"Weight":1,"CFrame":[0.06980544328689575,-0.4944692850112915,-0.510185718536377,0.9716804623603821,-0.10524404793977738,0.21156734228134156,0.1795789897441864,0.9108292460441589,-0.3716738224029541,-0.1535852551460266,0.39914122223854067,0.9039346575737],"EasingStyle":"Linear","EasingDirection":"Out"},"HumanoidRootPart":{"Weight":1,"CFrame":[0,0,0,1,0,0,0,1,0,0,0,1],"EasingStyle":"Linear","EasingDirection":"In"},"Right Leg":{"Weight":1,"CFrame":[0.1251225769519806,0.28025972843170168,0.15912556648254395,0.8413594365119934,-0.39279428124427798,-0.37125054001808169,0.3459325432777405,0.9191317558288574,-0.18848729133605958,0.41526487469673159,0.03015788458287716,0.9092004895210266],"EasingStyle":"Linear","EasingDirection":"Out"}}},{"Time":0.3333333432674408,"poses":{"Left Leg":{"Weight":1,"CFrame":[-0.3687587082386017,0.6206017732620239,0.03982126712799072,0.8775689601898193,-0.16332779824733735,0.4507733881473541,-0.014181962236762047,0.9309337735176086,0.36491262912750246,-0.47924068570137026,-0.32662880420684817,0.8146423101425171],"EasingStyle":"Linear","EasingDirection":"Out"},"Right Arm":{"Weight":1,"CFrame":[0.6074522733688355,-0.5060245394706726,0.12626588344573975,0.081368088722229,-0.9659019112586975,-0.24578998982906342,0.7182720303535461,0.2277977466583252,-0.6574141979217529,0.6909880638122559,-0.12305152416229248,0.7123158574104309],"EasingStyle":"Linear","EasingDirection":"Out"},"Left Arm":{"Weight":1,"CFrame":[-0.27509185671806338,0.24908852577209474,-0.04708433151245117,-0.9586960673332214,0.27655118703842165,0.06649232655763626,-0.2570797801017761,-0.9425198435783386,0.21346282958984376,0.12170375883579254,0.18755203485488892,0.974685788154602],"EasingStyle":"Linear","EasingDirection":"Out"},"Head":{"Weight":1,"CFrame":[8.940696716308594e-8,-7.916241884231568e-8,0,0.998482882976532,0.054591141641139987,0.007194820791482925,-0.05496842414140701,0.9805541038513184,0.18839362263679505,0.0032297188881784679,-0.18850332498550416,0.9820672273635864],"EasingStyle":"Linear","EasingDirection":"Out"},"Torso":{"Weight":1,"CFrame":[-0.025203347206115724,-0.49616914987564089,-0.4555182456970215,0.9822055101394653,-0.055790726095438007,0.1793311983346939,0.10997110605239868,0.9448928833007813,-0.3083566129207611,-0.15224534273147584,0.32259082794189455,0.9342143535614014],"EasingStyle":"Linear","EasingDirection":"Out"},"HumanoidRootPart":{"Weight":1,"CFrame":[0,0,0,1,0,0,0,1,0,0,0,1],"EasingStyle":"Linear","EasingDirection":"In"},"Right Leg":{"Weight":1,"CFrame":[0.20374636352062226,0.25199902057647707,0.1495131254196167,0.9001868367195129,-0.30868011713027956,-0.30721354484558108,0.2645375430583954,0.9479333758354187,-0.1773194521665573,0.3459530472755432,0.07835102826356888,0.9349746704101563],"EasingStyle":"Linear","EasingDirection":"Out"}}},{"Time":0.36666667461395266,"poses":{"Left Leg":{"Weight":1,"CFrame":[-0.4385770261287689,0.4807087779045105,0.03758132457733154,0.8726311922073364,-0.33106887340545657,0.3590378761291504,0.14392712712287904,0.8768436312675476,0.45872676372528078,-0.46669021248817446,-0.34862396121025088,0.8128108978271484],"EasingStyle":"Linear","EasingDirection":"Out"},"Right Arm":{"Weight":1,"CFrame":[0.5663961172103882,-0.4916818141937256,0.12749099731445313,0.11400823295116425,-0.9136644005775452,-0.39015311002731326,0.687603235244751,0.35602304339408877,-0.6328107118606567,0.7170801162719727,-0.19612494111061097,0.6688281893730164],"EasingStyle":"Linear","EasingDirection":"Out"},"Left Arm":{"Weight":1,"CFrame":[-0.28158557415008547,0.40189558267593386,-0.022164463996887208,-0.9396347403526306,0.3212691843509674,0.11778197437524796,-0.30736446380615237,-0.9437270760536194,0.1220913752913475,0.15037822723388673,0.07851926237344742,0.9855055212974548],"EasingStyle":"Linear","EasingDirection":"Out"},"Head":{"Weight":1,"CFrame":[-4.284083843231201e-8,7.290509529411793e-8,5.960464477539063e-7,0.9996563196182251,0.009469115175306797,0.024446075782179834,-0.012297259643673897,0.9929060339927673,0.11826381832361222,-0.023152831941843034,-0.11852377653121948,0.9926812648773193],"EasingStyle":"Linear","EasingDirection":"Out"},"Torso":{"Weight":1,"CFrame":[-0.113128662109375,-0.49716177582740786,-0.40024662017822268,0.9894745349884033,-0.004497797228395939,0.14463713765144349,0.03719894960522652,0.9738335013389587,-0.224197655916214,-0.13984407484531403,0.22721822559833527,0.9637507200241089],"EasingStyle":"Linear","EasingDirection":"Out"},"HumanoidRootPart":{"Weight":1,"CFrame":[0,0,0,1,0,0,0,1,0,0,0,1],"EasingStyle":"Linear","EasingDirection":"In"},"Right Leg":{"Weight":1,"CFrame":[0.2923930287361145,0.22346729040145875,0.12920355796813966,0.9530296921730042,-0.18300661444664002,-0.24133577942848206,0.15037977695465089,0.9775704145431519,-0.14745189249515534,0.262907475233078,0.10423396527767182,0.9591740965843201],"EasingStyle":"Linear","EasingDirection":"Out"}}},{"Time":0.4000000059604645,"poses":{"Left Leg":{"Weight":1,"CFrame":[-0.42678937315940859,0.3259460926055908,0.036412954330444339,0.8652357459068298,-0.4336831867694855,0.2515673041343689,0.27472934126853945,0.8298404216766357,0.4856836199760437,-0.41939350962638857,-0.35111790895462038,0.8371530771255493],"EasingStyle":"Linear","EasingDirection":"Out"},"Right Arm":{"Weight":1,"CFrame":[0.5207869410514832,-0.503746509552002,0.1298311948776245,0.13099297881126405,-0.8408986330032349,-0.5251001119613648,0.661372721195221,0.46869632601737978,-0.5855851769447327,0.7385302186012268,-0.27057945728302,0.6175433993339539],"EasingStyle":"Linear","EasingDirection":"Out"},"Left Arm":{"Weight":1,"CFrame":[-0.31753844022750857,0.5448751449584961,-0.018837571144104005,-0.8881199359893799,0.4290214478969574,0.16487377882003785,-0.42774268984794619,-0.9027782082557678,0.045031577348709109,0.1681639701128006,-0.03053019754588604,0.9852861762046814],"EasingStyle":"Linear","EasingDirection":"Out"},"Head":{"Weight":1,"CFrame":[5.587935447692871e-8,7.89295881986618e-8,5.960464477539063e-7,0.9981412291526794,-0.036444373428821567,0.04884601756930351,0.03332919999957085,0.9974480271339417,0.06313955783843994,-0.051022469997406009,-0.06139419600367546,0.996808648109436],"EasingStyle":"Linear","EasingDirection":"Out"},"Torso":{"Weight":1,"CFrame":[-0.19011163711547852,-0.49748334288597109,-0.34339475631713869,0.9930575489997864,0.046906303614377978,0.10787259042263031,-0.030421817675232889,0.9882677793502808,-0.14967074990272523,-0.11362750828266144,0.14534997940063477,0.982833743095398],"EasingStyle":"Linear","EasingDirection":"Out"},"HumanoidRootPart":{"Weight":1,"CFrame":[0,0,0,1,0,0,0,1,0,0,0,1],"EasingStyle":"Linear","EasingDirection":"In"},"Right Leg":{"Weight":1,"CFrame":[0.35206079483032229,0.18799561262130738,0.09676074981689453,0.9808933138847351,-0.08078710734844208,-0.17697957158088685,0.06135868653655052,0.9917405247688294,-0.1126314178109169,0.1846170872449875,0.09962008893489838,0.9777486324310303],"EasingStyle":"Linear","EasingDirection":"Out"}}},{"Time":0.4333333373069763,"poses":{"Left Leg":{"Weight":1,"CFrame":[-0.3198845684528351,0.22526609897613526,0.02718937397003174,0.8828378915786743,-0.4288848042488098,0.19145530462265016,0.309599369764328,0.8379347324371338,0.44945916533470156,-0.3531932830810547,-0.3375251591205597,0.8725430369377136],"EasingStyle":"Linear","EasingDirection":"Out"},"Right Arm":{"Weight":1,"CFrame":[0.47085094451904299,-0.5092347264289856,0.13409972190856934,0.13604508340358735,-0.7521659731864929,-0.6447775959968567,0.6427457928657532,0.562277615070343,-0.5203092098236084,0.7539029121398926,-0.34364256262779238,0.5599466562271118],"EasingStyle":"Linear","EasingDirection":"Out"},"Left Arm":{"Weight":1,"CFrame":[-0.36389631032943728,0.6355568170547485,-0.024616897106170656,-0.798326313495636,0.5624783635139465,0.215158611536026,-0.5784616470336914,-0.815586268901825,-0.014182478189468384,0.16750302910804749,-0.1357833594083786,0.9764761328697205],"EasingStyle":"Linear","EasingDirection":"Out"},"Head":{"Weight":1,"CFrame":[8.195638656616211e-8,1.6763806343078614e-8,0,0.993924617767334,-0.0784420445561409,0.07720575481653214,0.07471372187137604,0.995948076248169,0.050053276121616366,-0.08081920444965363,-0.04398085176944733,0.9957579970359802],"EasingStyle":"Linear","EasingDirection":"Out"},"Torso":{"Weight":1,"CFrame":[-0.254681259393692,-0.4971708655357361,-0.28658032417297366,0.9933421611785889,0.09480198472738266,0.0654517188668251,-0.08668925613164902,0.9893078804016113,-0.1172812283039093,-0.07587039470672608,0.11082642525434494,0.9909395575523377],"EasingStyle":"Linear","EasingDirection":"Out"},"HumanoidRootPart":{"Weight":1,"CFrame":[0,0,0,1,0,0,0,1,0,0,0,1],"EasingStyle":"Linear","EasingDirection":"In"},"Right Leg":{"Weight":1,"CFrame":[0.3563244044780731,0.16505151987075807,0.062365174293518069,0.9903372526168823,-0.0655960664153099,-0.12218533456325531,0.056297119706869128,0.9953575134277344,-0.07806462794542313,0.12673886120319367,0.07043159008026123,0.9894325137138367],"EasingStyle":"Linear","EasingDirection":"Out"}}},{"Time":0.46666666865348818,"poses":{"Left Leg":{"Weight":1,"CFrame":[-0.16026434302330018,0.17650550603866578,0.009253978729248047,0.9246276617050171,-0.33524465560913088,0.18076135218143464,0.24811093509197236,0.8902537226676941,0.3819546699523926,-0.2889717221260071,-0.3083168864250183,0.9063310623168945],"EasingStyle":"Linear","EasingDirection":"Out"},"Right Arm":{"Weight":1,"CFrame":[0.42033201456069949,-0.5071544647216797,0.13961255550384522,0.13267429172992707,-0.6571691036224365,-0.7419744729995728,0.6309584379196167,0.6333174705505371,-0.44810789823532107,0.7643879652023315,-0.4087025821208954,0.49867138266563418],"EasingStyle":"Linear","EasingDirection":"Out"},"Left Arm":{"Weight":1,"CFrame":[-0.4029046893119812,0.6352206468582153,-0.0268247127532959,-0.6735257506370544,0.6875567436218262,0.27134600281715395,-0.7241265177726746,-0.6874263286590576,-0.0555497482419014,0.14833678305149079,-0.233903169631958,0.9608774781227112],"EasingStyle":"Linear","EasingDirection":"Out"},"Head":{"Weight":1,"CFrame":[5.960464477539063e-8,6.705522537231445e-8,4.76837158203125e-7,0.9873104691505432,-0.11769657582044602,0.1066092997789383,0.11024389415979386,0.9911971688270569,0.07331037521362305,-0.11429929733276367,-0.06062707304954529,0.991594672203064],"EasingStyle":"Linear","EasingDirection":"Out"},"Torso":{"Weight":1,"CFrame":[-0.3069117069244385,-0.49626150727272036,-0.24179553985595704,0.9907485246658325,0.13506273925304414,0.013246489688754082,-0.1323091983795166,0.983020007610321,-0.12714551389217378,-0.03019418567419052,0.12421659380197525,0.9917955994606018],"EasingStyle":"Linear","EasingDirection":"Out"},"HumanoidRootPart":{"Weight":1,"CFrame":[0,0,0,1,0,0,0,1,0,0,0,1],"EasingStyle":"Linear","EasingDirection":"In"},"Right Leg":{"Weight":1,"CFrame":[0.3254151940345764,0.17029517889022828,0.035588860511779788,0.9881337285041809,-0.12895771861076356,-0.08343621343374253,0.1262935996055603,0.9913219809532166,-0.03647832199931145,0.0874163806438446,0.0255079697817564,0.9958452582359314],"EasingStyle":"Linear","EasingDirection":"Out"}}},{"Time":0.5,"poses":{"Left Leg":{"Weight":1,"CFrame":[0.08491580188274384,0.14984041452407838,-0.030578196048736573,0.9709280729293823,-0.15948860347270966,0.17849931120872498,0.10053812712430954,0.9484467506408691,0.30056747794151308,-0.21723423898220063,-0.2738834321498871,0.9369083046913147],"EasingStyle":"Linear","EasingDirection":"Out"},"Right Arm":{"Weight":1,"CFrame":[0.3743565082550049,-0.498157262802124,0.14549899101257325,0.12439465522766113,-0.5690677762031555,-0.812826931476593,0.6228436231613159,0.6824734210968018,-0.3824864625930786,0.7723935842514038,-0.45868492126464846,0.4393364489078522],"EasingStyle":"Linear","EasingDirection":"Out"},"Left Arm":{"Weight":1,"CFrame":[-0.42204177379608157,0.5524818897247315,-0.022078216075897218,-0.5301936864852905,0.7800787687301636,0.3322223722934723,-0.8400964140892029,-0.536281406879425,-0.0814877301454544,0.11459779739379883,-0.3223032057285309,0.939674437046051],"EasingStyle":"Linear","EasingDirection":"Out"},"Head":{"Weight":1,"CFrame":[7.450580596923828e-8,3.725290298461914e-8,3.5762786865234377e-7,0.9810816049575806,-0.1559596061706543,0.11469753086566925,0.1464797556400299,0.9853857755661011,0.08693995326757431,-0.1265804022550583,-0.06849431991577149,0.989588737487793],"EasingStyle":"Linear","EasingDirection":"Out"},"Torso":{"Weight":1,"CFrame":[-0.3476454019546509,-0.4947930872440338,-0.22362661361694337,0.9850260019302368,0.16577845811843873,-0.047341760247945788,-0.1711283028125763,0.9735089540481567,-0.15164250135421754,0.020948564633727075,0.15747332572937013,0.9873010516166687],"EasingStyle":"Linear","EasingDirection":"Out"},"HumanoidRootPart":{"Weight":1,"CFrame":[0,0,0,1,0,0,0,1,0,0,0,1],"EasingStyle":"Linear","EasingDirection":"In"},"Right Leg":{"Weight":1,"CFrame":[0.3069809675216675,0.20934003591537476,0.01687920093536377,0.9770914912223816,-0.20318520069122315,-0.06330909579992295,0.20465146005153657,0.9786777496337891,0.017540154978632928,0.05839535966515541,-0.03009469248354435,0.9978398084640503],"EasingStyle":"Linear","EasingDirection":"Out"}}},{"Time":0.5333333611488342,"poses":{"Left Leg":{"Weight":1,"CFrame":[-0.05400929972529411,0.10843420028686524,0.00768589973449707,0.9626871347427368,-0.1972258985042572,0.18529829382896424,0.15319356322288514,0.9616220593452454,0.22762855887413026,-0.22308118641376496,-0.19074854254722596,0.955954909324646],"EasingStyle":"Linear","EasingDirection":"Out"},"Right Arm":{"Weight":1,"CFrame":[0.3368516266345978,-0.4842880070209503,0.15320110321044923,0.11467067152261734,-0.4980228841304779,-0.8595485687255859,0.6169338226318359,0.7138778567314148,-0.331317275762558,0.7786163091659546,-0.49229222536087038,0.3891080617904663],"EasingStyle":"Linear","EasingDirection":"Out"},"Left Arm":{"Weight":1,"CFrame":[-0.4225386381149292,0.43411582708358767,-0.016431987285614015,-0.37813112139701846,0.8375328183174133,0.39440539479255679,-0.923125684261322,-0.3731958270072937,-0.09254126995801926,0.06968403607606888,-0.39907845854759219,0.9142650365829468],"EasingStyle":"Linear","EasingDirection":"Out"},"Head":{"Weight":1,"CFrame":[1.1175870895385742e-7,6.379559636116028e-8,1.1920928955078126e-7,0.9770892858505249,-0.19338715076446534,0.08887007087469101,0.1870346963405609,0.9794822931289673,0.075049988925457,-0.10156034678220749,-0.05670874938368797,0.9932117462158203],"EasingStyle":"Linear","EasingDirection":"Out"},"Torso":{"Weight":1,"CFrame":[-0.37800514698028567,-0.4928038716316223,-0.2572627067565918,0.9763661026954651,0.18804585933685304,-0.1065267026424408,-0.2051282674074173,0.9615160226821899,-0.18278226256370545,0.06805567443370819,0.20031404495239259,0.9773651957511902],"EasingStyle":"Linear","EasingDirection":"Out"},"HumanoidRootPart":{"Weight":1,"CFrame":[0,0,0,1,0,0,0,1,0,0,0,1],"EasingStyle":"Linear","EasingDirection":"In"},"Right Leg":{"Weight":1,"CFrame":[0.33775565028190615,0.30644190311431887,-0.0006545782089233398,0.9664378762245178,-0.2507099509239197,-0.0560569167137146,0.2543111741542816,0.9645457863807678,0.07054950296878815,0.03638208657503128,-0.0824376717209816,0.9959319233894348],"EasingStyle":"Linear","EasingDirection":"Out"}}},{"Time":0.5666666626930237,"poses":{"Left Leg":{"Weight":1,"CFrame":[-0.2343181073665619,0.10517209768295288,0.0483478307723999,0.9431328177452087,-0.2651059627532959,0.2005474865436554,0.23064012825489045,0.9563327431678772,0.17953534424304963,-0.23938603699207307,-0.1230713278055191,0.9630928039550781],"EasingStyle":"Linear","EasingDirection":"Out"},"Right Arm":{"Weight":1,"CFrame":[0.3092081546783447,-0.46598708629608157,0.1636216640472412,0.09397899359464646,-0.4478552043437958,-0.8891533017158508,0.6162686347961426,0.7276009321212769,-0.3013468384742737,0.7819085121154785,-0.5196369886398315,0.34437838196754458],"EasingStyle":"Linear","EasingDirection":"Out"},"Left Arm":{"Weight":1,"CFrame":[-0.40942317247390749,0.2971200942993164,-0.009299874305725098,-0.20737618207931519,0.863724946975708,0.4593193531036377,-0.978177011013031,-0.18924248218536378,-0.08577296137809754,0.012838426977396012,-0.46708300709724429,0.8841202855110169],"EasingStyle":"Linear","EasingDirection":"Out"},"Head":{"Weight":1,"CFrame":[1.511070877313614e-7,3.725290298461914e-8,2.384185791015625e-7,0.9718393087387085,-0.23161101341247559,0.04341277852654457,0.22980864346027375,0.9722951650619507,0.042779430747032168,-0.0521182119846344,-0.03159807249903679,0.9981408715248108],"EasingStyle":"Linear","EasingDirection":"Out"},"Torso":{"Weight":1,"CFrame":[-0.39914068579673769,-0.49033278226852419,-0.3296983242034912,0.9670440554618836,0.20402052998542787,-0.1523200422525406,-0.2337692230939865,0.9485222697257996,-0.21367591619491578,0.10088468343019486,0.2422417551279068,0.9649565815925598],"EasingStyle":"Linear","EasingDirection":"Out"},"HumanoidRootPart":{"Weight":1,"CFrame":[0,0,0,1,0,0,0,1,0,0,0,1],"EasingStyle":"Linear","EasingDirection":"In"},"Right Leg":{"Weight":1,"CFrame":[0.3726045489311218,0.4308183193206787,-0.022739708423614503,0.9572190642356873,-0.28438037633895876,-0.05347424000501633,0.28864043951034548,0.9514416456222534,0.10698341578245163,0.020453661680221559,-0.11784146726131439,0.9928217530250549],"EasingStyle":"Linear","EasingDirection":"Out"}}},{"Time":0.6000000238418579,"poses":{"Left Leg":{"Weight":1,"CFrame":[-0.33949077129364016,0.13312965631484986,0.07662248611450196,0.9250169992446899,-0.307079941034317,0.22370846569538117,0.2738867700099945,0.9470617771148682,0.16751132905483247,-0.263305127620697,-0.0936800092458725,0.960153341293335],"EasingStyle":"Linear","EasingDirection":"Out"},"Right Arm":{"Weight":1,"CFrame":[0.2911468744277954,-0.4443119764328003,0.1749131679534912,0.062902070581913,-0.41820865869522097,-0.9061703681945801,0.6238945722579956,0.7251638174057007,-0.2913641929626465,0.7789729833602905,-0.5470274090766907,0.30653250217437746],"EasingStyle":"Linear","EasingDirection":"Out"},"Left Arm":{"Weight":1,"CFrame":[-0.3786216080188751,0.1349959373474121,0.0028880834579467775,0.048530273139476779,0.8397027254104614,0.5408734083175659,-0.9957314133644104,0.08323699980974198,-0.039882250130176547,-0.07850999385118485,-0.5366292595863342,0.8401579260826111],"EasingStyle":"Linear","EasingDirection":"Out"},"Head":{"Weight":1,"CFrame":[7.078051567077637e-8,-7.450580596923828e-8,-3.5762786865234377e-7,0.9621622562408447,-0.2723459303379059,-0.008453857153654099,0.2723439335823059,0.9621989130973816,-0.0014087483286857606,0.008517982438206673,-0.0009468783973716199,0.9999632835388184],"EasingStyle":"Linear","EasingDirection":"Out"},"Torso":{"Weight":1,"CFrame":[-0.41211870312690737,-0.4874192476272583,-0.3982245922088623,0.9604847431182861,0.21788188815116883,-0.17319515347480775,-0.25553756952285769,0.936930239200592,-0.23845820128917695,0.11031603813171387,0.27329331636428835,0.9555841684341431],"EasingStyle":"Linear","EasingDirection":"Out"},"HumanoidRootPart":{"Weight":1,"CFrame":[0,0,0,1,0,0,0,1,0,0,0,1],"EasingStyle":"Linear","EasingDirection":"In"},"Right Leg":{"Weight":1,"CFrame":[0.38265058398246767,0.5176430940628052,-0.038056015968322757,0.9474730491638184,-0.31674647331237795,-0.04434535279870033,0.31977999210357668,0.9407429099082947,0.11288706958293915,0.005961067508906126,-0.12113825976848602,0.9926177263259888],"EasingStyle":"Linear","EasingDirection":"Out"}}},{"Time":0.6333333253860474,"poses":{"Left Leg":{"Weight":1,"CFrame":[-0.37566524744033816,0.15638107061386109,0.09242677688598633,0.9115476608276367,-0.3297809362411499,0.24561254680156709,0.29254743456840517,0.9398739337921143,0.17621834576129914,-0.28895828127861025,-0.08877808600664139,0.9532164335250855],"EasingStyle":"Linear","EasingDirection":"Out"},"Right Arm":{"Weight":1,"CFrame":[0.28360313177108767,-0.42125222086906435,0.18578672409057618,0.0440320149064064,-0.4117670953273773,-0.9102246761322022,0.6412382125854492,0.7103061079978943,-0.29030823707580569,0.7660775184631348,-0.5708879828453064,0.29531702399253847],"EasingStyle":"Linear","EasingDirection":"Out"},"Left Arm":{"Weight":1,"CFrame":[-0.3457396924495697,0.055266380310058597