{"Sequence":[{"Time":0,"poses":{"Left Leg":{"Weight":1,"CFrame":[-0.29503941535949709,0.04399806261062622,-0.012295782566070557,0.9860437512397766,-0.162272647023201,-0.037220440804958346,0.16411417722702027,0.9849978685379028,0.05334635451436043,0.028005365282297136,-0.05871022865176201,0.9978821873664856],"EasingStyle":"Constant","EasingDirection":"In"},"Right Leg":{"Weight":1,"CFrame":[0.2952127754688263,0.04397702217102051,-0.012450754642486573,0.9859933853149414,0.16245399415493012,0.03776013106107712,-0.16432709991931916,0.9849624633789063,0.05334426835179329,-0.02852626144886017,-0.05880212411284447,0.9978619813919067],"EasingStyle":"Constant","EasingDirection":"In"},"Left Arm":{"Weight":1,"CFrame":[0.29624301195144656,0.002436697483062744,0.08070969581604004,0.7029340267181397,-0.117460697889328,-0.7014889717102051,0.34137651324272158,0.9209599494934082,0.18786966800689698,0.6239758729934692,-0.37153181433677676,0.687472403049469],"EasingStyle":"Constant","EasingDirection":"In"},"Head":{"Weight":1,"CFrame":[8.742275525719379e-8,7.450580596923828e-9,-1.7881393432617188e-7,1,-6.124584217559459e-8,8.739179691019672e-8,6.355049464445983e-8,0.9996456503868103,-0.026619937270879747,-8.573046983428867e-8,0.026619937270879747,0.9996456503868103],"EasingStyle":"Constant","EasingDirection":"In"},"Torso":{"Weight":1,"CFrame":[-3.62400316786731e-18,0.05053864046931267,-0.04398775100708008,1,4.6213853809127405e-20,-8.742277657347586e-8,1.7835405374810876e-9,0.9997918605804443,0.020401325076818467,8.740457957401304e-8,-0.020401325076818467,0.9997918605804443],"EasingStyle":"Constant","EasingDirection":"In"},"HumanoidRootPart":{"Weight":0,"CFrame":[0,0,0,1,0,0,0,1,0,0,0,1],"EasingStyle":"Linear","EasingDirection":"In"},"Right Arm":{"Weight":1,"CFrame":[-0.2341688722372055,0.01461881399154663,0.07210314273834229,0.6633757948875427,0.17579124867916108,0.7273445129394531,-0.4000459611415863,0.9047602415084839,0.14619190990924836,-0.6323731541633606,-0.38795143365859988,0.6705206036567688],"EasingStyle":"Constant","EasingDirection":"In"}}},{"Time":0.0416666679084301,"poses":{"Left Leg":{"Weight":1,"CFrame":[-0.29503941535949709,0.04399806261062622,-0.012295782566070557,0.9860437512397766,-0.162272647023201,-0.037220440804958346,0.16411417722702027,0.9849978685379028,0.05334635451436043,0.028005365282297136,-0.05871022865176201,0.9978821873664856],"EasingStyle":"Constant","EasingDirection":"In"},"Right Leg":{"Weight":1,"CFrame":[0.2952127754688263,0.04397702217102051,-0.012450754642486573,0.9859933853149414,0.16245399415493012,0.03776013106107712,-0.16432709991931916,0.9849624633789063,0.05334426835179329,-0.02852626144886017,-0.05880212411284447,0.9978619813919067],"EasingStyle":"Constant","EasingDirection":"In"},"Left Arm":{"Weight":1,"CFrame":[0.29624301195144656,0.002436697483062744,0.08070969581604004,0.7029340267181397,-0.117460697889328,-0.7014889717102051,0.34137651324272158,0.9209599494934082,0.18786966800689698,0.6239758729934692,-0.37153181433677676,0.687472403049469],"EasingStyle":"Constant","EasingDirection":"In"},"Head":{"Weight":1,"CFrame":[8.742275525719379e-8,7.450580596923828e-9,-1.7881393432617188e-7,1,-6.124584217559459e-8,8.739179691019672e-8,6.355049464445983e-8,0.9996456503868103,-0.026619937270879747,-8.573046983428867e-8,0.026619937270879747,0.9996456503868103],"EasingStyle":"Constant","EasingDirection":"In"},"Torso":{"Weight":1,"CFrame":[-3.62400316786731e-18,0.05053864046931267,-0.04398775100708008,1,4.6213853809127405e-20,-8.742277657347586e-8,1.7835405374810876e-9,0.9997918605804443,0.020401325076818467,8.740457957401304e-8,-0.020401325076818467,0.9997918605804443],"EasingStyle":"Constant","EasingDirection":"In"},"HumanoidRootPart":{"Weight":0,"CFrame":[0,0,0,1,0,0,0,1,0,0,0,1],"EasingStyle":"Linear","EasingDirection":"In"},"Right Arm":{"Weight":1,"CFrame":[-0.2341688722372055,0.01461881399154663,0.07210314273834229,0.6633757948875427,0.17579124867916108,0.7273445129394531,-0.4000459611415863,0.9047602415084839,0.14619190990924836,-0.6323731541633606,-0.38795143365859988,0.6705206036567688],"EasingStyle":"Constant","EasingDirection":"In"}}},{"Time":0.0833333358168602,"poses":{"Left Leg":{"Weight":1,"CFrame":[-0.7677275538444519,0.18916714191436768,-0.13655728101730348,0.9019342064857483,-0.401767760515213,-0.15842217206954957,0.42113247513771059,0.8994945287704468,0.11643537878990174,0.09571988135576248,-0.1717338263988495,0.9804821610450745],"EasingStyle":"Constant","EasingDirection":"In"},"Right Leg":{"Weight":1,"CFrame":[0.7620065808296204,0.18721765279769898,-0.11965078115463257,0.9039909243583679,0.4043375551700592,0.138965904712677,-0.4193984270095825,0.9017778038978577,0.10441206395626068,-0.08309859782457352,-0.15266968309879304,0.9847775101661682],"EasingStyle":"Constant","EasingDirection":"In"},"Left Arm":{"Weight":1,"CFrame":[0.30082690715789797,-0.22220316529273988,0.12209928035736084,0.6987112760543823,-0.11334016919136048,-0.706368625164032,0.5483264923095703,0.7190269231796265,0.42701101303100588,0.4595005512237549,-0.6856779456138611,0.5645396709442139],"EasingStyle":"Constant","EasingDirection":"In"},"Head":{"Weight":1,"CFrame":[8.742275525719379e-8,3.725290298461914e-9,-1.7881393432617188e-7,1,-6.124584217559459e-8,8.739179691019672e-8,6.355049464445983e-8,0.9996456503868103,-0.026619937270879747,-8.573046983428867e-8,0.026619937270879747,0.9996456503868103],"EasingStyle":"Constant","EasingDirection":"In"},"Torso":{"Weight":1,"CFrame":[-3.62400316786731e-18,0.05053864046931267,-0.3041508197784424,1,4.6213853809127405e-20,-8.742277657347586e-8,1.7835405374810876e-9,0.9997918605804443,0.020401325076818467,8.740457957401304e-8,-0.020401325076818467,0.9997918605804443],"EasingStyle":"Constant","EasingDirection":"In"},"HumanoidRootPart":{"Weight":0,"CFrame":[0,0,0,1,0,0,0,1,0,0,0,1],"EasingStyle":"Linear","EasingDirection":"In"},"Right Arm":{"Weight":1,"CFrame":[-0.23935595154762269,-0.2395787537097931,0.08392882347106934,0.6604689359664917,0.1733032763004303,0.7305797934532166,-0.5424960255622864,0.7828373908996582,0.30473536252975466,-0.5191136002540588,-0.5976049304008484,0.6110562086105347],"EasingStyle":"Constant","EasingDirection":"In"}}},{"Time":0.125,"poses":{"Left Leg":{"Weight":1,"CFrame":[-0.7677275538444519,0.18916714191436768,-0.13655728101730348,0.9019342064857483,-0.401767760515213,-0.15842217206954957,0.42113247513771059,0.8994945287704468,0.11643537878990174,0.09571988135576248,-0.1717338263988495,0.9804821610450745],"EasingStyle":"Constant","EasingDirection":"In"},"Right Leg":{"Weight":1,"CFrame":[0.7620065808296204,0.18721765279769898,-0.11965078115463257,0.9039909243583679,0.4043375551700592,0.138965904712677,-0.4193984270095825,0.9017778038978577,0.10441206395626068,-0.08309859782457352,-0.15266968309879304,0.9847775101661682],"EasingStyle":"Constant","EasingDirection":"In"},"Left Arm":{"Weight":1,"CFrame":[0.30082690715789797,-0.22220316529273988,0.12209928035736084,0.6987112760543823,-0.11334016919136048,-0.706368625164032,0.5483264923095703,0.7190269231796265,0.42701101303100588,0.4595005512237549,-0.6856779456138611,0.5645396709442139],"EasingStyle":"Constant","EasingDirection":"In"},"Head":{"Weight":1,"CFrame":[8.742275525719379e-8,3.725290298461914e-9,-1.7881393432617188e-7,1,-6.124584217559459e-8,8.739179691019672e-8,6.355049464445983e-8,0.9996456503868103,-0.026619937270879747,-8.573046983428867e-8,0.026619937270879747,0.9996456503868103],"EasingStyle":"Constant","EasingDirection":"In"},"Torso":{"Weight":1,"CFrame":[-3.62400316786731e-18,0.05053864046931267,-0.3041508197784424,1,4.6213853809127405e-20,-8.742277657347586e-8,1.7835405374810876e-9,0.9997918605804443,0.020401325076818467,8.740457957401304e-8,-0.020401325076818467,0.9997918605804443],"EasingStyle":"Constant","EasingDirection":"In"},"HumanoidRootPart":{"Weight":0,"CFrame":[0,0,0,1,0,0,0,1,0,0,0,1],"EasingStyle":"Linear","EasingDirection":"In"},"Right Arm":{"Weight":1,"CFrame":[-0.23935595154762269,-0.2395787537097931,0.08392882347106934,0.6604689359664917,0.1733032763004303,0.7305797934532166,-0.5424960255622864,0.7828373908996582,0.30473536252975466,-0.5191136002540588,-0.5976049304008484,0.6110562086105347],"EasingStyle":"Constant","EasingDirection":"In"}}},{"Time":0.1666666716337204,"poses":{"Left Leg":{"Weight":1,"CFrame":[-0.6434086561203003,0.13767820596694947,-0.07321274280548096,0.9325774312019348,-0.3467727601528168,-0.10024037212133408,0.35573503375053408,0.9300278425216675,0.09220045804977417,0.061253685504198077,-0.12164308875799179,0.990682065486908],"EasingStyle":"Constant","EasingDirection":"In"},"Right Leg":{"Weight":1,"CFrame":[0.6402281522750855,0.13547009229660035,-0.0658004879951477,0.9331141114234924,0.3481200337409973,0.09005910158157349,-0.35544949769973757,0.9308508634567261,0.08468955010175705,-0.054349400103092197,-0.11103647202253342,0.9923291802406311],"EasingStyle":"Constant","EasingDirection":"In"},"Left Arm":{"Weight":1,"CFrame":[0.2973286807537079,-0.05076757073402405,0.08070969581604004,0.7035636305809021,-0.11780829727649689,-0.7007991671562195,0.3105316460132599,0.9379932880401611,0.1540745049715042,0.6391934752464294,-0.32602155208587649,0.6965211033821106],"EasingStyle":"Constant","EasingDirection":"In"},"Head":{"Weight":1,"CFrame":[8.742281210061265e-8,0,-1.7881393432617188e-7,1,-6.124584217559459e-8,8.739179691019672e-8,6.355049464445983e-8,0.9996456503868103,-0.026619937270879747,-8.573046983428867e-8,0.026619937270879747,0.9996456503868103],"EasingStyle":"Constant","EasingDirection":"In"},"Torso":{"Weight":1,"CFrame":[-3.62400316786731e-18,0.05053864046931267,-0.21257352828979493,1,4.6213853809127405e-20,-8.742277657347586e-8,1.7835405374810876e-9,0.9997918605804443,0.020401325076818467,8.740457957401304e-8,-0.020401325076818467,0.9997918605804443],"EasingStyle":"Constant","EasingDirection":"In"},"HumanoidRootPart":{"Weight":0,"CFrame":[0,0,0,1,0,0,0,1,0,0,0,1],"EasingStyle":"Linear","EasingDirection":"In"},"Right Arm":{"Weight":1,"CFrame":[-0.23525455594062806,-0.03858545422554016,0.07210314273834229,0.6638773679733276,0.1760818064212799,0.7268162965774536,-0.37546542286872866,0.9189944267272949,0.12031210958957672,-0.6467553973197937,-0.35276705026626589,0.6762122511863709],"EasingStyle":"Constant","EasingDirection":"In"}}},{"Time":0.2083333283662796,"poses":{"Left Leg":{"Weight":1,"CFrame":[-0.6182763576507568,0.14091038703918458,-0.03852856159210205,0.9363411068916321,-0.348171591758728,-0.04518728330731392,0.35095280408859255,0.9318051934242249,0.09258057177066803,0.009871793910861016,-0.10254564136266709,0.99467933177948],"EasingStyle":"Constant","EasingDirection":"In"},"Right Leg":{"Weight":1,"CFrame":[0.6188992261886597,0.13796216249465943,-0.036638617515563968,0.9360271096229553,0.34920617938041689,0.04368506744503975,-0.35175442695617678,0.9322288632392883,0.0849607065320015,-0.0110555998980999,-0.09489195793867111,0.9954262375831604],"EasingStyle":"Constant","EasingDirection":"In"},"Left Arm":{"Weight":1,"CFrame":[0.2973286807537079,-0.05076757073402405,0.08070969581604004,0.7035636305809021,-0.11780829727649689,-0.7007991671562195,0.3105316460132599,0.9379932880401611,0.1540745049715042,0.6391934752464294,-0.32602155208587649,0.6965211033821106],"EasingStyle":"Constant","EasingDirection":"In"},"Head":{"Weight":1,"CFrame":[8.742281210061265e-8,0,-1.7881393432617188e-7,1,-6.124584217559459e-8,8.739179691019672e-8,6.355049464445983e-8,0.9996456503868103,-0.026619937270879747,-8.573046983428867e-8,0.026619937270879747,0.9996456503868103],"EasingStyle":"Constant","EasingDirection":"In"},"Torso":{"Weight":1,"CFrame":[-3.62400316786731e-18,0.05053864046931267,-0.21257352828979493,1,4.6213853809127405e-20,-8.742277657347586e-8,1.7835405374810876e-9,0.9997918605804443,0.020401325076818467,8.740457957401304e-8,-0.020401325076818467,0.9997918605804443],"EasingStyle":"Constant","EasingDirection":"In"},"HumanoidRootPart":{"Weight":0,"CFrame":[0,0,0,1,0,0,0,1,0,0,0,1],"EasingStyle":"Linear","EasingDirection":"In"},"Right Arm":{"Weight":1,"CFrame":[-0.23525455594062806,-0.03858545422554016,0.07210314273834229,0.6638773679733276,0.1760818064212799,0.7268162965774536,-0.37546542286872866,0.9189944267272949,0.12031210958957672,-0.6467553973197937,-0.35276705026626589,0.6762122511863709],"EasingStyle":"Constant","EasingDirection":"In"}}},{"Time":0.25,"poses":{"Left Leg":{"Weight":1,"CFrame":[-0.37182843685150149,0.05872142314910889,-0.01660633087158203,0.9776349067687988,-0.20674319565296174,-0.03856781870126724,0.20876701176166535,0.9761771559715271,0.059115421026945117,0.02542727254331112,-0.0658450573682785,0.9975058436393738],"EasingStyle":"Constant","EasingDirection":"In"},"Right Leg":{"Weight":1,"CFrame":[0.37219440937042239,0.0582195520401001,-0.016627013683319093,0.977543830871582,0.20713621377944947,0.03876574710011482,-0.20914357900619508,0.9761641025543213,0.0579892136156559,-0.025829991325736047,-0.06479465961456299,0.9975643157958984],"EasingStyle":"Constant","EasingDirection":"In"},"Left Arm":{"Weight":1,"CFrame":[0.2973286807537079,-0.05076757073402405,0.08070969581604004,0.7035636305809021,-0.11780829727649689,-0.7007991671562195,0.3105316460132599,0.9379932880401611,0.1540745049715042,0.6391934752464294,-0.32602155208587649,0.6965211033821106],"EasingStyle":"Constant","EasingDirection":"In"},"Head":{"Weight":1,"CFrame":[8.742278367890322e-8,0,-1.7881393432617188e-7,1,-6.124584217559459e-8,8.739179691019672e-8,6.355049464445983e-8,0.9996456503868103,-0.026619937270879747,-8.573046983428867e-8,0.026619937270879747,0.9996456503868103],"EasingStyle":"Constant","EasingDirection":"In"},"Torso":{"Weight":1,"CFrame":[-3.62400316786731e-18,0.05053864046931267,-0.0710446834564209,1,4.6213853809127405e-20,-8.742277657347586e-8,1.7835405374810876e-9,0.9997918605804443,0.020401325076818467,8.740457957401304e-8,-0.020401325076818467,0.9997918605804443],"EasingStyle":"Constant","EasingDirection":"In"},"HumanoidRootPart":{"Weight":0,"CFrame":[0,0,0,1,0,0,0,1,0,0,0,1],"EasingStyle":"Linear","EasingDirection":"In"},"Right Arm":{"Weight":1,"CFrame":[-0.23525455594062806,-0.03858545422554016,0.07210314273834229,0.6638773679733276,0.1760818064212799,0.7268162965774536,-0.37546542286872866,0.9189944267272949,0.12031210958957672,-0.6467553973197937,-0.35276705026626589,0.6762122511863709],"EasingStyle":"Constant","EasingDirection":"In"}}},{"Time":0.2916666567325592,"poses":{"Left Leg":{"Weight":1,"CFrame":[-0.16647513210773469,0.030714035034179689,-0.006801426410675049,0.9955134987831116,-0.08694657683372498,-0.0373249277472496,0.08883724361658097,0.9946668744087219,0.05240008980035782,0.03256981819868088,-0.05548081919550896,0.9979283809661865],"EasingStyle":"Constant","EasingDirection":"In"},"Right Leg":{"Weight":1,"CFrame":[0.16672383248806,0.03070741891860962,-0.006890594959259033,0.9954732060432434,0.0871739313006401,0.03786638379096985,-0.08909450471401215,0.9946439862251282,0.052397750318050387,-0.03309578448534012,-0.05553428456187248,0.9979082345962524],"EasingStyle":"Constant","EasingDirection":"In"},"Left Arm":{"Weight":1,"CFrame":[0.29624301195144656,0.0024364590644836427,0.08070969581604004,0.7029340267181397,-0.117460697889328,-0.7014889717102051,0.34137651324272158,0.9209599494934082,0.18786966800689698,0.6239758729934692,-0.37153181433677676,0.687472403049469],"EasingStyle":"Constant","EasingDirection":"In"},"Head":{"Weight":1,"CFrame":[8.742275525719379e-8,3.725290298461914e-9,-4.172325134277344e-7,1,-6.124584217559459e-8,8.739179691019672e-8,6.355049464445983e-8,0.9996456503868103,-0.026619937270879747,-8.573046983428867e-8,0.026619937270879747,0.9996456503868103],"EasingStyle":"Constant","EasingDirection":"In"},"Torso":{"Weight":1,"CFrame":[-3.62400316786731e-18,0.05053864046931267,-0.014423847198486328,1,4.6213853809127405e-20,-8.742277657347586e-8,1.7835405374810876e-9,0.9997918605804443,0.020401325076818467,8.740457957401304e-8,-0.020401325076818467,0.9997918605804443],"EasingStyle":"Constant","EasingDirection":"In"},"HumanoidRootPart":{"Weight":0,"CFrame":[0,0,0,1,0,0,0,1,0,0,0,1],"EasingStyle":"Linear","EasingDirection":"In"},"Right Arm":{"Weight":1,"CFrame":[-0.2341688722372055,0.01461881399154663,0.07210314273834229,0.6633757948875427,0.17579124867916108,0.7273445129394531,-0.4000459611415863,0.9047602415084839,0.14619190990924836,-0.6323731541633606,-0.38795143365859988,0.6705206036567688],"EasingStyle":"Constant","EasingDirection":"In"}}},{"Time":0.3333333432674408,"poses":{"Left Leg":{"Weight":1,"CFrame":[-0.16647513210773469,0.030714035034179689,-0.006801426410675049,0.9955134987831116,-0.08694657683372498,-0.0373249277472496,0.08883724361658097,0.9946668744087219,0.05240008980035782,0.03256981819868088,-0.05548081919550896,0.9979283809661865],"EasingStyle":"Constant","EasingDirection":"In"},"Right Leg":{"Weight":1,"CFrame":[0.16672383248806,0.03070741891860962,-0.006890594959259033,0.9954732060432434,0.0871739313006401,0.03786638379096985,-0.08909450471401215,0.9946439862251282,0.052397750318050387,-0.03309578448534012,-0.05553428456187248,0.9979082345962524],"EasingStyle":"Constant","EasingDirection":"In"},"Left Arm":{"Weight":1,"CFrame":[0.29624301195144656,0.0024364590644836427,0.08070969581604004,0.7029340267181397,-0.117460697889328,-0.7014889717102051,0.34137651324272158,0.9209599494934082,0.18786966800689698,0.6239758729934692,-0.37153181433677676,0.687472403049469],"EasingStyle":"Constant","EasingDirection":"In"},"Head":{"Weight":1,"CFrame":[8.742275525719379e-8,3.725290298461914e-9,-4.172325134277344e-7,1,-6.124584217559459e-8,8.739179691019672e-8,6.355049464445983e-8,0.9996456503868103,-0.026619937270879747,-8.573046983428867e-8,0.026619937270879747,0.9996456503868103],"EasingStyle":"Constant","EasingDirection":"In"},"Torso":{"Weight":1,"CFrame":[-3.62400316786731e-18,0.05053864046931267,-0.014423847198486328,1,4.6213853809127405e-20,-8.742277657347586e-8,1.7835405374810876e-9,0.9997918605804443,0.020401325076818467,8.740457957401304e-8,-0.020401325076818467,0.9997918605804443],"EasingStyle":"Constant","EasingDirection":"In"},"HumanoidRootPart":{"Weight":0,"CFrame":[0,0,0,1,0,0,0,1,0,0,0,1],"EasingStyle":"Linear","EasingDirection":"In"},"Right Arm":{"Weight":1,"CFrame":[-0.2341688722372055,0.01461881399154663,0.07210314273834229,0.6633757948875427,0.17579124867916108,0.7273445129394531,-0.4000459611415863,0.9047602415084839,0.14619190990924836,-0.6323731541633606,-0.38795143365859988,0.6705206036567688],"EasingStyle":"Constant","EasingDirection":"In"}}},{"Time":0.375,"poses":{"Left Leg":{"Weight":1,"CFrame":[-0.29503941535949709,0.04399806261062622,-0.012295782566070557,0.9860437512397766,-0.162272647023201,-0.037220440804958346,0.16411417722702027,0.9849978685379028,0.05334635451436043,0.028005365282297136,-0.05871022865176201,0.9978821873664856],"EasingStyle":"Constant","EasingDirection":"In"},"Right Leg":{"Weight":1,"CFrame":[0.2952127754688263,0.04397702217102051,-0.012450754642486573,0.9859933853149414,0.16245399415493012,0.03776013106107712,-0.16432709991931916,0.9849624633789063,0.05334426835179329,-0.02852626144886017,-0.05880212411284447,0.9978619813919067],"EasingStyle":"Constant","EasingDirection":"In"},"Left Arm":{"Weight":1,"CFrame":[0.29624301195144656,0.002436697483062744,0.08070969581604004,0.7029340267181397,-0.117460697889328,-0.7014889717102051,0.34137651324272158,0.9209599494934082,0.18786966800689698,0.6239758729934692,-0.37153181433677676,0.687472403049469],"EasingStyle":"Constant","EasingDirection":"In"},"Head":{"Weight":1,"CFrame":[8.742275525719379e-8,7.450580596923828e-9,-1.7881393432617188e-7,1,-6.124584217559459e-8,8.739179691019672e-8,6.355049464445983e-8,0.9996456503868103,-0.026619937270879747,-8.573046983428867e-8,0.026619937270879747,0.9996456503868103],"EasingStyle":"Constant","EasingDirection":"In"},"Torso":{"Weight":1,"CFrame":[-3.62400316786731e-18,0.05053864046931267,-0.04398775100708008,1,4.6213853809127405e-20,-8.742277657347586e-8,1.7835405374810876e-9,0.9997918605804443,0.020401325076818467,8.740457957401304e-8,-0.020401325076818467,0.9997918605804443],"EasingStyle":"Constant","EasingDirection":"In"},"HumanoidRootPart":{"Weight":0,"CFrame":[0,0,0,1,0,0,0,1,0,0,0,1],"EasingStyle":"Linear","EasingDirection":"In"},"Right Arm":{"Weight":1,"CFrame":[-0.2341688722372055,0.01461881399154663,0.07210314273834229,0.6633757948875427,0.17579124867916108,0.7273445129394531,-0.4000459611415863,0.9047602415084839,0.14619190990924836,-0.6323731541633606,-0.38795143365859988,0.6705206036567688],"EasingStyle":"Constant","EasingDirection":"In"}}},{"Time":0.4166666567325592,"poses":{"Left Leg":{"Weight":1,"CFrame":[-0.29503941535949709,0.04399806261062622,-0.012295782566070557,0.9860437512397766,-0.162272647023201,-0.037220440804958346,0.16411417722702027,0.9849978685379028,0.05334635451436043,0.028005365282297136,-0.05871022865176201,0.9978821873664856],"EasingStyle":"Constant","EasingDirection":"In"},"Right Leg":{"Weight":1,"CFrame":[0.2952127754688263,0.04397702217102051,-0.012450754642486573,0.9859933853149414,0.16245399415493012,0.03776013106107712,-0.16432709991931916,0.9849624633789063,0.05334426835179329,-0.02852626144886017,-0.05880212411284447,0.9978619813919067],"EasingStyle":"Constant","EasingDirection":"In"},"Left Arm":{"Weight":1,"CFrame":[0.29624301195144656,0.002436697483062744,0.08070969581604004,0.7029340267181397,-0.117460697889328,-0.7014889717102051,0.34137651324272158,0.9209599494934082,0.18786966800689698,0.6239758729934692,-0.37153181433677676,0.687472403049469],"EasingStyle":"Constant","EasingDirection":"In"},"Head":{"Weight":1,"CFrame":[8.742275525719379e-8,7.450580596923828e-9,-1.7881393432617188e-7,1,-6.124584217559459e-8,8.739179691019672e-8,6.355049464445983e-8,0.9996456503868103,-0.026619937270879747,-8.573046983428867e-8,0.026619937270879747,0.9996456503868103],"EasingStyle":"Constant","EasingDirection":"In"},"Torso":{"Weight":1,"CFrame":[-3.62400316786731e-18,0.05053864046931267,-0.04398775100708008,1,4.6213853809127405e-20,-8.742277657347586e-8,1.7835405374810876e-9,0.9997918605804443,0.020401325076818467,8.740457957401304e-8,-0.020401325076818467,0.9997918605804443],"EasingStyle":"Constant","EasingDirection":"In"},"HumanoidRootPart":{"Weight":0,"CFrame":[0,0,0,1,0,0,0,1,0,0,0,1],"EasingStyle":"Linear","EasingDirection":"In"},"Right Arm":{"Weight":1,"CFrame":[-0.2341688722372055,0.01461881399154663,0.07210314273834229,0.6633757948875427,0.17579124867916108,0.7273445129394531,-0.4000459611415863,0.9047602415084839,0.14619190990924836,-0.6323731541633606,-0.38795143365859988,0.6705206036567688],"EasingStyle":"Constant","EasingDirection":"In"}}},{"Time":0.4583333432674408,"poses":{"Left Leg":{"Weight":1,"CFrame":[-0.7677275538444519,0.18916714191436768,-0.13655728101730348,0.9019342064857483,-0.401767760515213,-0.15842217206954957,0.42113247513771059,0.8994945287704468,0.11643537878990174,0.09571988135576248,-0.1717338263988495,0.9804821610450745],"EasingStyle":"Constant","EasingDirection":"In"},"Right Leg":{"Weight":1,"CFrame":[0.7620065808296204,0.18721765279769898,-0.11965078115463257,0.9039909243583679,0.4043375551700592,0.138965904712677,-0.4193984270095825,0.9017778038978577,0.10441206395626068,-0.08309859782457352,-0.15266968309879304,0.9847775101661682],"EasingStyle":"Constant","EasingDirection":"In"},"Left Arm":{"Weight":1,"CFrame":[0.30082690715789797,-0.22220316529273988,0.12209928035736084,0.6987112760543823,-0.11334016919136048,-0.706368625164032,0.5483264923095703,0.7190269231796265,0.42701101303100588,0.4595005512237549,-0.6856779456138611,0.5645396709442139],"EasingStyle":"Constant","EasingDirection":"In"},"Head":{"Weight":1,"CFrame":[8.742275525719379e-8,3.725290298461914e-9,-1.7881393432617188e-7,1,-6.124584217559459e-8,8.739179691019672e-8,6.355049464445983e-8,0.9996456503868103,-0.026619937270879747,-8.573046983428867e-8,0.026619937270879747,0.9996456503868103],"EasingStyle":"Constant","EasingDirection":"In"},"Torso":{"Weight":1,"CFrame":[-3.62400316786731e-18,0.05053864046931267,-0.3041508197784424,1,4.6213853809127405e-20,-8.742277657347586e-8,1.7835405374810876e-9,0.9997918605804443,0.020401325076818467,8.740457957401304e-8,-0.020401325076818467,0.9997918605804443],"EasingStyle":"Constant","EasingDirection":"In"},"HumanoidRootPart":{"Weight":0,"CFrame":[0,0,0,1,0,0,0,1,0,0,0,1],"EasingStyle":"Linear","EasingDirection":"In"},"Right Arm":{"Weight":1,"CFrame":[-0.23935595154762269,-0.2395787537097931,0.08392882347106934,0.6604689359664917,0.1733032763004303,0.7305797934532166,-0.5424960255622864,0.7828373908996582,0.30473536252975466,-0.5191136002540588,-0.5976049304008484,0.6110562086105347],"EasingStyle":"Constant","EasingDirection":"In"}}},{"Time":0.5,"poses":{"Left Leg":{"Weight":1,"CFrame":[-0.7677275538444519,0.18916714191436768,-0.13655728101730348,0.9019342064857483,-0.401767760515213,-0.15842217206954957,0.42113247513771059,0.8994945287704468,0.11643537878990174,0.09571988135576248,-0.1717338263988495,0.9804821610450745],"EasingStyle":"Constant","EasingDirection":"In"},"Right Leg":{"Weight":1,"CFrame":[0.7620065808296204,0.18721765279769898,-0.11965078115463257,0.9039909243583679,0.4043375551700592,0.138965904712677,-0.4193984270095825,0.9017778038978577,0.10441206395626068,-0.08309859782457352,-0.15266968309879304,0.9847775101661682],"EasingStyle":"Constant","EasingDirection":"In"},"Left Arm":{"Weight":1,"CFrame":[0.30082690715789797,-0.22220316529273988,0.12209928035736084,0.6987112760543823,-0.11334016919136048,-0.706368625164032,0.5483264923095703,0.7190269231796265,0.42701101303100588,0.4595005512237549,-0.6856779456138611,0.5645396709442139],"EasingStyle":"Constant","EasingDirection":"In"},"Head":{"Weight":1,"CFrame":[8.742275525719379e-8,3.725290298461914e-9,-1.7881393432617188e-7,1,-6.124584217559459e-8,8.739179691019672e-8,6.355049464445983e-8,0.9996456503868103,-0.026619937270879747,-8.573046983428867e-8,0.026619937270879747,0.9996456503868103],"EasingStyle":"Constant","EasingDirection":"In"},"Torso":{"Weight":1,"CFrame":[-3.62400316786731e-18,0.05053864046931267,-0.3041508197784424,1,4.6213853809127405e-20,-8.742277657347586e-8,1.7835405374810876e-9,0.9997918605804443,0.020401325076818467,8.740457957401304e-8,-0.020401325076818467,0.9997918605804443],"EasingStyle":"Constant","EasingDirection":"In"},"HumanoidRootPart":{"Weight":0,"CFrame":[0,0,0,1,0,0,0,1,0,0,0,1],"EasingStyle":"Linear","EasingDirection":"In"},"Right Arm":{"Weight":1,"CFrame":[-0.23935595154762269,-0.2395787537097931,0.08392882347106934,0.6604689359664917,0.1733032763004303,0.7305797934532166,-0.5424960255622864,0.7828373908996582,0.30473536252975466,-0.5191136002540588,-0.5976049304008484,0.6110562086105347],"EasingStyle":"Constant","EasingDirection":"In"}}},{"Time":0.5416666865348816,"poses":{"Left Leg":{"Weight":1,"CFrame":[-0.6434086561203003,0.13767820596694947,-0.07321274280548096,0.9325774312019348,-0.3467727601528168,-0.10024037212133408,0.35573503375053408,0.9300278425216675,0.09220045804977417,0.061253685504198077,-0.12164308875799179,0.990682065486908],"EasingStyle":"Constant","EasingDirection":"In"},"Right Leg":{"Weight":1,"CFrame":[0.6402281522750855,0.13547009229660035,-0.0658004879951477,0.9331141114234924,0.3481200337409973,0.09005910158157349,-0.35544949769973757,0.9308508634567261,0.08468955010175705,-0.054349400103092197,-0.11103647202253342,0.9923291802406311],"EasingStyle":"Constant","EasingDirection":"In"},"Left Arm":{"Weight":1,"CFrame":[0.2973286807537079,-0.05076757073402405,0.08070969581604004,0.7035636305809021,-0.11780829727649689,-0.7007991671562195,0.3105316460132599,0.9379932880401611,0.1540745049715042,0.6391934752464294,-0.32602155208587649,0.6965211033821106],"EasingStyle":"Constant","EasingDirection":"In"},"Head":{"Weight":1,"CFrame":[8.742281210061265e-8,0,-1.7881393432617188e-7,1,-6.124584217559459e-8,8.739179691019672e-8,6.355049464445983e-8,0.9996456503868103,-0.026619937270879747,-8.573046983428867e-8,0.026619937270879747,0.9996456503868103],"EasingStyle":"Constant","EasingDirection":"In"},"Torso":{"Weight":1,"CFrame":[-3.62400316786731e-18,0.05053864046931267,-0.21257352828979493,1,4.6213853809127405e-20,-8.742277657347586e-8,1.7835405374810876e-9,0.9997918605804443,0.020401325076818467,8.740457957401304e-8,-0.020401325076818467,0.9997918605804443],"EasingStyle":"Constant","EasingDirection":"In"},"HumanoidRootPart":{"Weight":0,"CFrame":[0,0,0,1,0,0,0,1,0,0,0,1],"EasingStyle":"Linear","EasingDirection":"In"},"Right Arm":{"Weight":1,"CFrame":[-0.23525455594062806,-0.03858545422554016,0.07210314273834229,0.6638773679733276,0.1760818064212799,0.7268162965774536,-0.37546542286872866,0.9189944267272949,0.12031210958957672,-0.6467553973197937,-0.35276705026626589,0.6762122511863709],"EasingStyle":"Constant","EasingDirection":"In"}}},{"Time":0.5833333134651184,"poses":{"Left Leg":{"Weight":1,"CFrame":[-0.6182763576507568,0.14091038703918458,-0.03852856159210205,0.9363411068916321,-0.348171591758728,-0.04518728330731392,0.35095280408859255,0.9318051934242249,0.09258057177066803,0.009871793910861016,-0.10254564136266709,0.99467933177948],"EasingStyle":"Constant","EasingDirection":"In"},"Right Leg":{"Weight":1,"CFrame":[0.6188992261886597,0.13796216249465943,-0.036638617515563968,0.9360271096229553,0.34920617938041689,0.04368506744503975,-0.35175442695617678,0.9322288632392883,0.0849607065320015,-0.0110555998980999,-0.09489195793867111,0.9954262375831604],"EasingStyle":"Constant","EasingDirection":"In"},"Left Arm":{"Weight":1,"CFrame":[0.29624301195144656,0.0024364590644836427,0.08070969581604004,0.7029340267181397,-0.117460697889328,-0.7014889717102051,0.34137651324272158,0.9209599494934082,0.18786966800689698,0.6239758729934692,-0.37153181433677676,0.687472403049469],"EasingStyle":"Constant","EasingDirection":"In"},"Head":{"Weight":1,"CFrame":[8.742281210061265e-8,0,-1.7881393432617188e-7,1,-6.124584217559459e-8,8.739179691019672e-8,6.355049464445983e-8,0.9996456503868103,-0.026619937270879747,-8.573046983428867e-8,0.026619937270879747,0.9996456503868103],"EasingStyle":"Constant","EasingDirection":"In"},"Torso":{"Weight":1,"CFrame":[-3.62400316786731e-18,0.05053864046931267,-0.21257352828979493,1,4.6213853809127405e-20,-8.742277657347586e-8,1.7835405374810876e-9,0.9997918605804443,0.020401325076818467,8.740457957401304e-8,-0.020401325076818467,0.9997918605804443],"EasingStyle":"Constant","EasingDirection":"In"},"HumanoidRootPart":{"Weight":0,"CFrame":[0,0,0,1,0,0,0,1,0,0,0,1],"EasingStyle":"Linear","EasingDirection":"In"},"Right Arm":{"Weight":1,"CFrame":[-0.2341688573360443,0.014619052410125733,0.07210314273834229,0.6633757948875427,0.17579124867916108,0.7273445129394531,-0.4000459611415863,0.9047602415084839,0.14619190990924836,-0.6323731541633606,-0.38795143365859988,0.6705206036567688],"EasingStyle":"Constant","EasingDirection":"In"}}},{"Time":0.625,"poses":{"Left Leg":{"Weight":1,"CFrame":[-0.37182843685150149,0.05872142314910889,-0.01660633087158203,0.9776349067687988,-0.20674319565296174,-0.03856781870126724,0.20876701176166535,0.9761771559715271,0.059115421026945117,0.02542727254331112,-0.0658450573682785,0.9975058436393738],"EasingStyle":"Constant","EasingDirection":"In"},"Right Leg":{"Weight":1,"CFrame":[0.37219440937042239,0.0582195520401001,-0.016627013683319093,0.977543830871582,0.20713621377944947,0.03876574710011482,-0.20914357900619508,0.9761641025543213,0.0579892136156559,-0.025829991325736047,-0.06479465961456299,0.9975643157958984],"EasingStyle":"Constant","EasingDirection":"In"},"Left Arm":{"Weight":1,"CFrame":[0.29624301195144656,0.002436697483062744,0.08070969581604004,0.7029340267181397,-0.117460697889328,-0.7014889717102051,0.34137651324272158,0.9209599494934082,0.18786966800689698,0.6239758729934692,-0.37153181433677676,0.687472403049469],"EasingStyle":"Constant","EasingDirection":"In"},"Head":{"Weight":1,"CFrame":[8.742278367890322e-8,0,-1.7881393432617188e-7,1,-6.124584217559459e-8,8.739179691019672e-8,6.355049464445983e-8,0.9996456503868103,-0.026619937270879747,-8.573046983428867e-8,0.026619937270879747,0.9996456503868103],"EasingStyle":"Constant","EasingDirection":"In"},"Torso":{"Weight":1,"CFrame":[-3.62400316786731e-18,0.05053864046931267,-0.0710446834564209,1,4.6213853809127405e-20,-8.742277657347586e-8,1.7835405374810876e-9,0.9997918605804443,0.020401325076818467,8.740457957401304e-8,-0.020401325076818467,0.9997918605804443],"EasingStyle":"Constant","EasingDirection":"In"},"HumanoidRootPart":{"Weight":0,"CFrame":[0,0,0,1,0,0,0,1,0,0,0,1],"EasingStyle":"Linear","EasingDirection":"In"},"Right Arm":{"Weight":1,"CFrame":[-0.2341688722372055,0.01461881399154663,0.07210314273834229,0.6633757948875427,0.17579124867916108,0.7273445129394531,-0.4000459611415863,0.9047602415084839,0.14619190990924836,-0.6323731541633606,-0.38795143365859988,0.6705206036567688],"EasingStyle":"Constant","EasingDirection":"In"}}},{"Time":0.6666666865348816,"poses":{"Left Leg":{"Weight":1,"CFrame":[-0.16647513210773469,0.030714035034179689,-0.006801426410675049,0.9955134987831116,-0.08694657683372498,-0.0373249277472496,0.08883724361658097,0.9946668744087219,0.05240008980035782,0.03256981819868088,-0.05548081919550896,0.9979283809661865],"EasingStyle":"Constant","EasingDirection":"In"},"Right Leg":{"Weight":1,"CFrame":[0.16672383248806,0.03070741891860962,-0.006890594959259033,0.9954732060432434,0.0871739313006401,0.03786638379096985,-0.08909450471401215,0.9946439862251282,0.052397750318050387,-0.03309578448534012,-0.05553428456187248,0.9979082345962524],"EasingStyle":"Constant","EasingDirection":"In"},"Left Arm":{"Weight":1,"CFrame":[0.29624301195144656,0.0024364590644836427,0.08070969581604004,0.7029340267181397,-0.117460697889328,-0.7014889717102051,0.34137651324272158,0.9209599494934082,0.18786966800689698,0.6239758729934692,-0.37153181433677676,0.687472403049469],"EasingStyle":"Constant","EasingDirection":"In"},"Head":{"Weight":1,"CFrame":[8.742275525719379e-8,3.725290298461914e-9,-4.172325134277344e-7,1,-6.124584217559459e-8,8.739179691019672e-8,6.355049464445983e-8,0.9996456503868103,-0.026619937270879747,-8.573046983428867e-8,0.026619937270879747,0.9996456503868103],"EasingStyle":"Constant","EasingDirection":"In"},"Torso":{"Weight":1,"CFrame":[-3.62400316786731e-18,0.05053864046931267,-0.014423847198486328,1,4.6213853809127405e-20,-8.742277657347586e-8,1.7835405374810876e-9,0.9997918605804443,0.020401325076818467,8.740457957401304e-8,-0.020401325076818467,0.9997918605804443],"EasingStyle":"Constant","EasingDirection":"In"},"HumanoidRootPart":{"Weight":0,"CFrame":[0,0,0,1,0,0,0,1,0,0,0,1],"EasingStyle":"Linear","EasingDirection":"In"},"Right Arm":{"Weight":1,"CFrame":[-0.2341688722372055,0.01461881399154663,0.07210314273834229,0.6633757948875427,0.17579124867916108,0.7273445129394531,-0.4000459611415863,0.9047602415084839,0.14619190990924836,-0.6323731541633606,-0.38795143365859988,0.6705206036567688],"EasingStyle":"Constant","EasingDirection":"In"}}},{"Time":0.7083333134651184,"poses":{"Left Leg":{"Weight":1,"CFrame":[-0.16647513210773469,0.030714035034179689,-0.006801426410675049,0.9955134987831116,-0.08694657683372498,-0.0373249277472496,0.08883724361658097,0.9946668744087219,0.05240008980035782,0.03256981819868088,-0.05548081919550896,0.9979283809661865],"EasingStyle":"Constant","EasingDirection":"In"},"Right Leg":{"Weight":1,"CFrame":[0.16672383248806,0.03070741891860962,-0.006890594959259033,0.9954732060432434,0.0871739313006401,0.03786638379096985,-0.08909450471401215,0.9946439862251282,0.052397750318050387,-0.03309578448534012,-0.05553428456187248,0.9979082345962524],"EasingStyle":"Constant","EasingDirection":"In"},"Left Arm":{"Weight":1,"CFrame":[0.29624301195144656,0.0024364590644836427,0.08070969581604004,0.7029340267181397,-0.117460697889328,-0.7014889717102051,0.34137651324272158,0.9209599494934082,0.18786966800689698,0.6239758729934692,-0.37153181433677676,0.687472403049469],"EasingStyle":"Constant","EasingDirection":"In"},"Head":{"Weight":1,"CFrame":[8.742275525719379e-8,3.725290298461914e-9,-4.172325134277344e-7,1,-6.124584217559459e-8,8.739179691019672e-8,6.355049464445983e-8,0.9996456503868103,-0.026619937270879747,-8.573046983428867e-8,0.026619937270879747,0.9996456503868103],"EasingStyle":"Constant","EasingDirection":"In"},"Torso":{"Weight":1,"CFrame":[-3.62400316786731e-18,0.05053864046931267,-0.014423847198486328,1,4.6213853809127405e-20,-8.742277657347586e-8,1.7835405374810876e-9,0.9997918605804443,0.020401325076818467,8.740457957401304e-8,-0.020401325076818467,0.9997918605804443],"EasingStyle":"Constant","EasingDirection":"In"},"HumanoidRootPart":{"Weight":0,"CFrame":[0,0,0,1,0,0,0,1,0,0,0,1],"EasingStyle":"Linear","EasingDirection":"In"},"Right Arm":{"Weight":1,"CFrame":[-0.2341688722372055,0.01461881399154663,0.07210314273834229,0.6633757948875427,0.17579124867916108,0.7273445129394531,-0.4000459611415863,0.9047602415084839,0.14619190990924836,-0.6323731541633606,-0.38795143365859988,0.6705206036567688],"EasingStyle":"Constant","EasingDirection":"In"}}},{"Time":0.75,"poses":{"Left Leg":{"Weight":1,"CFrame":[-0.29503941535949709,0.04399806261062622,-0.012295782566070557,0.9860437512397766,-0.162272647023201,-0.037220440804958346,0.16411417722702027,0.9849978685379028,0.05334635451436043,0.028005365282297136,-0.05871022865176201,0.9978821873664856],"EasingStyle":"Constant","EasingDirection":"In"},"Right Leg":{"Weight":1,"CFrame":[0.2952127754688263,0.04397702217102051,-0.012450754642486573,0.9859933853149414,0.16245399415493012,0.03776013106107712,-0.16432709991931916,0.9849624633789063,0.05334426835179329,-0.02852626144886017,-0.05880212411284447,0.9978619813919067],"EasingStyle":"Constant","EasingDirection":"In"},"Left Arm":{"Weight":1,"CFrame":[0.29624301195144656,0.002436697483062744,0.08070969581604004,0.7029340267181397,-0.117460697889328,-0.7014889717102051,0.34137651324272158,0.9209599494934082,0.18786966800689698,0.6239758729934692,-0.37153181433677676,0.687472403049469],"EasingStyle":"Constant","EasingDirection":"In"},"Head":{"Weight":1,"CFrame":[8.742275525719379e-8,7.450580596923828e-9,-1.7881393432617188e-7,1,-6.124584217559459e-8,8.739179691019672e-8,6.355049464445983e-8,0.9996456503868103,-0.026619937270879747,-8.573046983428867e-8,0.026619937270879747,0.9996456503868103],"EasingStyle":"Constant","EasingDirection":"In"},"Torso":{"Weight":1,"CFrame":[-3.62400316786731e-18,0.05053864046931267,-0.04398775100708008,1,4.6213853809127405e-20,-8.742277657347586e-8,1.7835405374810876e-9,0.9997918605804443,0.020401325076818467,8.740457957401304e-8,-0.020401325076818467,0.9997918605804443],"EasingStyle":"Constant","EasingDirection":"In"},"HumanoidRootPart":{"Weight":0,"CFrame":[0,0,0,1,0,0,0,1,0,0,0,1],"EasingStyle":"Linear","EasingDirection":"In"},"Right Arm":{"Weight":1,"CFrame":[-0.2341688722372055,0.01461881399154663,0.07210314273834229,0.6633757948875427,0.17579124867916108,0.7273445129394531,-0.4000459611415863,0.9047602415084839,0.14619190990924836,-0.6323731541633606,-0.38795143365859988,0.6705206036567688],"EasingStyle":"Constant","EasingDirection":"In"}}},{"Time":0.7916666865348816,"poses":{"Left Leg":{"Weight":1,"CFrame":[-0.29503941535949709,0.04399806261062622,-0.012295782566070557,0.9860437512397766,-0.162272647023201,-0.037220440804958346,0.16411417722702027,0.9849978685379028,0.05334635451436043,0.028005365282297136,-0.05871022865176201,0.9978821873664856],"EasingStyle":"Constant","EasingDirection":"In"},"Right Leg":{"Weight":1,"CFrame":[0.2952127754688263,0.04397702217102051,-0.012450754642486573,0.9859933853149414,0.16245399415493012,0.03776013106107712,-0.16432709991931916,0.9849624633789063,0.05334426835179329,-0.02852626144886017,-0.05880212411284447,0.9978619813919067],"EasingStyle":"Constant","EasingDirection":"In"},"Left Arm":{"Weight":1,"CFrame":[0.29624301195144656,0.002436697483062744,0.08070969581604004,0.7029340267181397,-0.117460697889328,-0.7014889717102051,0.34137651324272158,0.9209599494934082,0.18786966800689698,0.6239758729934692,-0.37153181433677676,0.687472403049469],"Eas