{"Sequence":[{"Time":0,"poses":{"Left Leg":{"Weight":1,"CFrame":[-0.37960144877433779,0.5318643450737,-0.29395627975463869,0.9871424436569214,0.15492868423461915,0.03933272883296013,-0.13929322361946107,0.7130789160728455,0.6871067881584168,0.0784052312374115,-0.683751106262207,0.7254910469055176],"EasingStyle":"Linear","EasingDirection":"In"},"Right Leg":{"Weight":1,"CFrame":[0.19852685928344727,0.14588922262191773,-0.04262298345565796,0.9915599822998047,0.054961368441581729,0.11742256581783295,-0.08670630306005478,0.9544705152511597,0.2854263484477997,-0.09638889133930206,-0.2931986451148987,0.9511802196502686],"EasingStyle":"Linear","EasingDirection":"In"},"Left Arm":{"Weight":1,"CFrame":[-0.055121708661317828,0.17176759243011475,0.303064227104187,0.15634137392044068,0.2618465721607208,0.9523621797561646,-0.9724263548851013,-0.12812446057796479,0.19486218690872193,0.1730448305606842,-0.9565670490264893,0.2345954030752182],"EasingStyle":"Linear","EasingDirection":"In"},"Head":{"Weight":1,"CFrame":[9.39471647143364e-8,1.862645149230957e-9,1.1920928955078126e-7,0.9992824792861939,0.010715430602431298,0.03632750362157822,-0.016308290883898736,0.987408459186554,0.15734881162643434,-0.03418402001261711,-0.15782834589481355,0.9868747591972351],"EasingStyle":"Linear","EasingDirection":"In"},"Torso":{"Weight":1,"CFrame":[-0.3697448670864105,0.09958657622337342,0.03836655616760254,0.9989132881164551,0.04172815755009651,0.020765099674463273,-0.0389755554497242,0.9921501278877258,-0.11882428079843521,-0.025560414418578149,0.11788582801818848,0.9926981329917908],"EasingStyle":"Linear","EasingDirection":"In"},"HumanoidRootPart":{"Weight":1,"CFrame":[0,0,0,1,0,0,0,1,0,0,0,1],"EasingStyle":"Linear","EasingDirection":"In"},"Right Arm":{"Weight":1,"CFrame":[0.013451114296913147,0.11078572273254395,0.33249711990356448,0.1953801065683365,-0.10844573378562927,-0.9747133851051331,0.9470754265785217,-0.23725466430187226,0.21623685956001283,-0.2547053396701813,-0.9653754830360413,0.05635152384638786],"EasingStyle":"Linear","EasingDirection":"In"}}},{"Time":0.03333333507180214,"poses":{"Left Leg":{"Weight":1,"CFrame":[-0.450639009475708,0.5544201135635376,-0.2619243860244751,0.9930263757705689,0.11345814913511276,0.03203165531158447,-0.11103253811597824,0.8087234497070313,0.5776141881942749,0.03963029012084007,-0.5771427154541016,0.8156813383102417],"EasingStyle":"Linear","EasingDirection":"In"},"Right Leg":{"Weight":1,"CFrame":[0.21628206968307496,0.16065138578414918,-0.03992718458175659,0.9968425035476685,0.0452566035091877,0.06524575501680374,-0.0623939149081707,0.9546598196029663,0.29108700156211855,-0.04911383241415024,-0.294238805770874,0.9544692039489746],"EasingStyle":"Linear","EasingDirection":"In"},"Left Arm":{"Weight":1,"CFrame":[-0.0758150964975357,0.1334397792816162,0.2793409824371338,0.1972602754831314,0.31084105372428896,0.9297667741775513,-0.9722051024436951,-0.059982240200042728,0.22631748020648957,0.12611821293830872,-0.9485673308372498,0.29036930203437807],"EasingStyle":"Linear","EasingDirection":"In"},"Head":{"Weight":1,"CFrame":[1.0745134204626084e-7,-1.6763806343078614e-8,4.76837158203125e-7,0.9994999766349793,0.014524329453706742,0.02808944694697857,-0.01834741421043873,0.9898347854614258,0.14103356003761292,-0.025755498558282853,-0.14147835969924928,0.9896062612533569],"EasingStyle":"Linear","EasingDirection":"In"},"Torso":{"Weight":1,"CFrame":[-0.3530043959617615,0.1004323959350586,0.03145575523376465,0.9988479018211365,0.045098014175891879,0.016408195719122888,-0.04225398972630501,0.9885532855987549,-0.14483511447906495,-0.022752150893211366,0.1439749300479889,0.9893197417259216],"EasingStyle":"Linear","EasingDirection":"In"},"HumanoidRootPart":{"Weight":1,"CFrame":[0,0,0,1,0,0,0,1,0,0,0,1],"EasingStyle":"Linear","EasingDirection":"In"},"Right Arm":{"Weight":1,"CFrame":[0.013317212462425232,0.09630143642425537,0.33903181552886965,0.17368213832378388,-0.11133122444152832,-0.9784886240959168,0.9603573679924011,-0.20085427165031434,0.1933167725801468,-0.21805591881275178,-0.9732744097709656,0.07203299552202225],"EasingStyle":"Linear","EasingDirection":"In"}}},{"Time":0.06666667014360428,"poses":{"Left Leg":{"Weight":1,"CFrame":[-0.5062264800071716,0.453945517539978,-0.10573732852935791,0.9982502460479736,0.05907837674021721,0.002502072835341096,-0.0575961135327816,0.9618813991546631,0.26733288168907168,0.013386874459683895,-0.26700928807258608,0.9636010527610779],"EasingStyle":"Linear","EasingDirection":"In"},"Right Leg":{"Weight":1,"CFrame":[0.26596567034721377,0.1885589361190796,-0.035203516483306888,0.9978518486022949,0.06550924479961395,0.0005388596327975392,-0.06269887089729309,0.9525945782661438,0.2977120876312256,0.01898965798318386,-0.2971063256263733,0.954655647277832],"EasingStyle":"Linear","EasingDirection":"In"},"Left Arm":{"Weight":1,"CFrame":[-0.12134046852588654,0.08950293064117432,0.23588085174560548,0.29948005080223086,0.41670048236846926,0.8582962155342102,-0.9536131620407105,0.10191736370325089,0.2832576036453247,0.030558235943317415,-0.903312623500824,0.42789337038993838],"EasingStyle":"Linear","EasingDirection":"In"},"Head":{"Weight":1,"CFrame":[7.310882210731507e-8,-3.632158041000366e-8,-1.7881393432617188e-7,0.9996991157531738,0.022424044087529184,0.009940934367477894,-0.02332664467394352,0.9944477677345276,0.10261410474777222,-0.007584716193377972,-0.10281512886285782,0.994671642780304],"EasingStyle":"Linear","EasingDirection":"In"},"Torso":{"Weight":1,"CFrame":[-0.30972015857696535,0.10169512033462525,0.01297760009765625,0.9988787770271301,0.046984147280454639,0.0058193630538880829,-0.04528350010514259,0.984038770198822,-0.17209680378437043,-0.013812297955155373,0.1716403067111969,0.9850629568099976],"EasingStyle":"Linear","EasingDirection":"In"},"HumanoidRootPart":{"Weight":1,"CFrame":[0,0,0,1,0,0,0,1,0,0,0,1],"EasingStyle":"Linear","EasingDirection":"In"},"Right Arm":{"Weight":1,"CFrame":[0.012379519641399384,0.0888623595237732,0.35340821743011477,0.15971560776233674,-0.10885605961084366,-0.9811428189277649,0.9791528582572937,-0.10888952016830445,0.1714726984500885,-0.1255020946264267,-0.9880756139755249,0.0891953706741333],"EasingStyle":"Linear","EasingDirection":"In"}}},{"Time":0.10000000149011612,"poses":{"Left Leg":{"Weight":1,"CFrame":[-0.39016690850257876,0.14881157875061036,-0.00765460729598999,0.9930526614189148,0.1085699051618576,-0.04537647217512131,-0.11113536357879639,0.9920843839645386,-0.05846114829182625,0.0386701300740242,0.06309793144464493,0.9972579479217529],"EasingStyle":"Linear","EasingDirection":"In"},"Right Leg":{"Weight":1,"CFrame":[0.33589261770248415,0.23601925373077393,-0.02553880214691162,0.9917540550231934,0.10836434364318848,-0.06841915845870972,-0.08223886787891388,0.9475844502449036,0.3087402284145355,0.09828948229551316,-0.3005676865577698,0.9486823678016663],"EasingStyle":"Linear","EasingDirection":"In"},"Left Arm":{"Weight":1,"CFrame":[-0.16686588525772096,0.05333322286605835,0.1940995454788208,0.44020459055900576,0.5358044505119324,0.7205091118812561,-0.8970719575881958,0.2968454957008362,0.32732954621315,-0.038495320826768878,-0.7904406189918518,0.6113280057907105],"EasingStyle":"Linear","EasingDirection":"In"},"Head":{"Weight":1,"CFrame":[7.404014468193054e-8,-6.705522537231445e-8,-5.960464477539063e-8,0.9995258450508118,0.02958308532834053,-0.0085484329611063,-0.029038675129413606,0.9978938698768616,0.05800672620534897,0.010246447287499905,-0.057731010019779208,0.9982795715332031],"EasingStyle":"Linear","EasingDirection":"In"},"Torso":{"Weight":1,"CFrame":[-0.25454047322273257,0.10306209325790405,-0.019839048385620118,0.9985999464988709,0.05138121917843819,-0.012581951916217804,-0.052845124155282977,0.97971111536026,-0.19332246482372285,0.002393533941358328,0.19371667504310609,0.9810546040534973],"EasingStyle":"Linear","EasingDirection":"In"},"HumanoidRootPart":{"Weight":1,"CFrame":[0,0,0,1,0,0,0,1,0,0,0,1],"EasingStyle":"Linear","EasingDirection":"In"},"Right Arm":{"Weight":1,"CFrame":[0.009834632277488709,0.08612191677093506,0.3677845001220703,0.19360479712486268,-0.11166966706514359,-0.9747035503387451,0.9807329773902893,0.04843882843852043,0.18925286829471589,0.026079606264829637,-0.9925641417503357,0.11889614909887314],"EasingStyle":"Linear","EasingDirection":"In"}}},{"Time":0.13333334028720857,"poses":{"Left Leg":{"Weight":1,"CFrame":[-0.13502471148967744,-0.07878696918487549,-0.01366513967514038,0.9655548930168152,0.2497612088918686,-0.07296063750982285,-0.25994789600372317,0.9382575154304504,-0.22825415432453156,0.011446787975728512,0.2393578141927719,0.9708639979362488],"EasingStyle":"Linear","EasingDirection":"In"},"Right Leg":{"Weight":1,"CFrame":[0.4178217649459839,0.30733931064605715,-0.013822615146636963,0.9767657518386841,0.16783523559570313,-0.1332666277885437,-0.1160711944103241,0.9370396733283997,0.32936927676200869,0.18015600740909577,-0.3062482476234436,0.9347491264343262],"EasingStyle":"Linear","EasingDirection":"In"},"Left Arm":{"Weight":1,"CFrame":[-0.18755923211574555,0.03830474615097046,0.17541348934173585,0.5974239110946655,0.6457069516181946,0.4755493700504303,-0.801783561706543,0.49212032556533816,0.3390587866306305,-0.01509491354227066,-0.5838494896888733,0.8117216229438782],"EasingStyle":"Linear","EasingDirection":"In"},"Head":{"Weight":1,"CFrame":[9.266659617424011e-8,-7.450580596923828e-8,1.1920928955078126e-7,0.9993244409561157,0.03243536502122879,-0.017279036343097688,-0.032030463218688968,0.9992173314094544,0.023215148597955705,0.01801849715411663,-0.022645995020866395,0.9995811581611633],"EasingStyle":"Linear","EasingDirection":"In"},"Torso":{"Weight":1,"CFrame":[-0.2021593600511551,0.10434877872467041,-0.06950879096984863,0.9972229599952698,0.06254369020462036,-0.04043334349989891,-0.06943488121032715,0.9771139621734619,-0.20106501877307893,0.026932641863822938,0.20331411063671113,0.9787430763244629],"EasingStyle":"Linear","EasingDirection":"In"},"HumanoidRootPart":{"Weight":1,"CFrame":[0,0,0,1,0,0,0,1,0,0,0,1],"EasingStyle":"Linear","EasingDirection":"In"},"Right Arm":{"Weight":1,"CFrame":[0.00487864762544632,0.08573079109191895,0.37431931495666506,0.3151111602783203,-0.10986296087503433,-0.942674458026886,0.9206662774085999,0.27650946378707888,0.2755288779735565,0.23038795590400697,-0.9547107219696045,0.1882784217596054],"EasingStyle":"Linear","EasingDirection":"In"}}},{"Time":0.1666666716337204,"poses":{"Left Leg":{"Weight":1,"CFrame":[-0.27554407715797427,-0.0649862289428711,-0.011159300804138184,0.988444983959198,0.139576718211174,-0.059116967022418979,-0.15112534165382386,0.9376250505447388,-0.31308215856552126,0.011730511672794819,0.3183985650539398,0.9478843808174133],"EasingStyle":"Linear","EasingDirection":"In"},"Right Leg":{"Weight":1,"CFrame":[0.49598079919815066,0.4928176999092102,-0.038279592990875247,0.9776773452758789,0.10463608801364899,-0.18220414221286775,-0.03938652202486992,0.9430728554725647,0.3302457332611084,0.2063874453306198,-0.3156973719596863,0.9261423349380493],"EasingStyle":"Linear","EasingDirection":"In"},"Left Arm":{"Weight":1,"CFrame":[-0.18755921721458436,0.03830438852310181,0.17541348934173585,0.729545533657074,0.6806104183197022,-0.0673266053199768,-0.6318772435188294,0.7084143161773682,0.31445252895355227,0.26171475648880007,-0.18686529994010926,0.9468827247619629],"EasingStyle":"Linear","EasingDirection":"In"},"Head":{"Weight":1,"CFrame":[1.0442454367876053e-7,4.284083843231201e-8,0,0.9996316432952881,0.02700577676296234,-0.002697950229048729,-0.026990152895450593,0.9996196031570435,0.005669368430972099,0.0028500333428382875,-0.0055944533087313179,0.9999803304672241],"EasingStyle":"Linear","EasingDirection":"In"},"Torso":{"Weight":1,"CFrame":[-0.16174447536468507,0.11369621753692627,-0.13330411911010743,0.9936293959617615,0.08313937485218048,-0.07608220726251602,-0.09587966650724411,0.9784261584281921,-0.18300098180770875,0.059226229786872867,0.18912988901138307,0.9801643490791321],"EasingStyle":"Linear","EasingDirection":"In"},"HumanoidRootPart":{"Weight":1,"CFrame":[0,0,0,1,0,0,0,1,0,0,0,1],"EasingStyle":"Linear","EasingDirection":"In"},"Right Arm":{"Weight":1,"CFrame":[-0.02189388871192932,0.08461779356002808,0.32029473781585696,0.6121107339859009,-0.10346686840057373,-0.7839739918708801,0.7013604640960693,0.528965413570404,0.47779619693756106,0.36525896191596987,-0.8423124551773071,0.39635300636291506],"EasingStyle":"Linear","EasingDirection":"In"}}},{"Time":0.20000000298023225,"poses":{"Left Leg":{"Weight":1,"CFrame":[-0.33129820227622988,-0.09132111072540283,0.0013475418090820313,0.9983316659927368,0.05656614527106285,-0.01158910896629095,-0.05649322643876076,0.9153770804405212,-0.39861437678337099,-0.011939705349504948,0.3986041247844696,0.9170454740524292],"EasingStyle":"Linear","EasingDirection":"In"},"Right Leg":{"Weight":1,"CFrame":[0.3781707286834717,0.657353937625885,-0.03336441516876221,0.9608217477798462,-0.18148688971996308,-0.2094857543706894,0.22412480413913728,0.9533973932266235,0.2019941806793213,0.1630639135837555,-0.24103139340877534,0.9567204713821411],"EasingStyle":"Linear","EasingDirection":"In"},"Left Arm":{"Weight":1,"CFrame":[-0.18755915760993958,0.038304805755615237,0.17541348934173585,0.5270929336547852,0.44234153628349306,-0.7256081700325012,-0.4507165253162384,0.8693771958351135,0.20257782936096192,0.7204357981681824,0.22026623785495759,0.6576131582260132],"EasingStyle":"Linear","EasingDirection":"In"},"Head":{"Weight":1,"CFrame":[7.939524948596955e-8,7.264316082000733e-8,1.1920928955078126e-7,0.9995420575141907,0.01726864092051983,0.024851778522133828,-0.017250167205929757,0.9998508095741272,-0.0009578925091773272,-0.02486461028456688,0.0005287565873004496,0.9996907711029053],"EasingStyle":"Linear","EasingDirection":"In"},"Torso":{"Weight":1,"CFrame":[-0.1222570389509201,0.1301487386226654,-0.19307327270507813,0.9886682033538818,0.10520123690366745,-0.10708858072757721,-0.12071743607521057,0.9811987280845642,-0.15058740973472596,0.08923317492008209,0.16180843114852906,0.9827795624732971],"EasingStyle":"Linear","EasingDirection":"In"},"HumanoidRootPart":{"Weight":1,"CFrame":[0,0,0,1,0,0,0,1,0,0,0,1],"EasingStyle":"Linear","EasingDirection":"In"},"Right Arm":{"Weight":1,"CFrame":[-0.07968167960643769,0.0768284797668457,0.2028036117553711,0.8984620571136475,-0.01683325693011284,-0.43872854113578799,0.30638766288757326,0.7397655248641968,0.5990604758262634,0.3144719898700714,-0.6726541519165039,0.6698088049888611],"EasingStyle":"Linear","EasingDirection":"In"}}},{"Time":0.23333333432674409,"poses":{"Left Leg":{"Weight":1,"CFrame":[-0.3140561580657959,-0.13603806495666505,0.0108872652053833,0.9982825517654419,0.032841894775629047,0.04851213097572327,-0.0067090727388858799,0.8867286443710327,-0.4622417092323303,-0.05819806456565857,0.4611223042011261,0.8854260444641113],"EasingStyle":"Linear","EasingDirection":"In"},"Right Leg":{"Weight":1,"CFrame":[0.27754291892051699,0.5855420827865601,0.14066791534423829,0.9159254431724548,-0.34500056505203249,-0.20507386326789857,0.3280591666698456,0.9379153251647949,-0.11265946924686432,0.23120948672294618,0.03591126576066017,0.9722410440444946],"EasingStyle":"Linear","EasingDirection":"In"},"Left Arm":{"Weight":1,"CFrame":[-0.18755917251110078,0.03830486536026001,0.17541348934173585,0.057392656803131106,0.2066827118396759,-0.9767233729362488,-0.3673035502433777,0.9140881896018982,0.17184565961360932,0.9283287525177002,0.3488912582397461,0.12837721407413484],"EasingStyle":"Linear","EasingDirection":"In"},"Head":{"Weight":1,"CFrame":[1.2043165042996407e-7,5.8673322200775149e-8,2.384185791015625e-7,0.999138355255127,0.012046589516103268,0.03971898928284645,-0.011980871669948101,0.9999264478683472,-0.0018925582990050316,-0.03973885253071785,0.0014150496572256089,0.9992091059684753],"EasingStyle":"Linear","EasingDirection":"In"},"Torso":{"Weight":1,"CFrame":[-0.06906995177268982,0.1390129029750824,-0.22609996795654298,0.9859923124313355,0.11569099873304367,-0.12014459073543549,-0.13148406147956849,0.982338547706604,-0.13312752544879914,0.10262100398540497,0.147059828042984,0.9837898015975952],"EasingStyle":"Linear","EasingDirection":"In"},"HumanoidRootPart":{"Weight":1,"CFrame":[0,0,0,1,0,0,0,1,0,0,0,1],"EasingStyle":"Linear","EasingDirection":"In"},"Right Arm":{"Weight":1,"CFrame":[-0.1539781093597412,0.055684685707092288,0.08871948719024658,0.9653180837631226,0.1487616002559662,-0.21454858779907227,-0.01764300838112831,0.8570753931999207,0.5148888230323792,0.2604798674583435,-0.49324628710746767,0.8299749493598938],"EasingStyle":"Linear","EasingDirection":"In"}}},{"Time":0.2666666805744171,"poses":{"Left Leg":{"Weight":1,"CFrame":[-0.356370747089386,-0.14961659908294679,0.007387399673461914,0.9993565678596497,0.0161163117736578,0.03204270079731941,0.0027578186709433796,0.8561945557594299,-0.5166462063789368,-0.03576125204563141,0.5164021253585815,0.8555992245674133],"EasingStyle":"Linear","EasingDirection":"In"},"Right Leg":{"Weight":1,"CFrame":[0.3274044394493103,0.30393749475479128,0.3045552968978882,0.9370977878570557,-0.3096841275691986,-0.16106973588466645,0.20191672444343568,0.8573017120361328,-0.47356462478637698,0.2847408056259155,0.4112536311149597,0.8659060001373291],"EasingStyle":"Linear","EasingDirection":"In"},"Left Arm":{"Weight":1,"CFrame":[-0.2176790088415146,0.02621173858642578,0.08672714233398438,-0.407472163438797,0.18941283226013184,-0.8933584690093994,-0.3100656569004059,0.891444981098175,0.3304319679737091,0.8589679002761841,0.4116416573524475,-0.30450859665870669],"EasingStyle":"Linear","EasingDirection":"In"},"Head":{"Weight":1,"CFrame":[6.146728992462158e-8,-1.955777406692505e-8,-1.1920928955078126e-7,0.9985211491584778,0.05435480549931526,0.0011053774505853654,-0.054363399744033816,0.9980649352073669,0.030184678733348848,0.0005374309257604182,-0.030200133100152017,0.9995437860488892],"EasingStyle":"Linear","EasingDirection":"In"},"Torso":{"Weight":1,"CFrame":[0.010862112045288086,0.12943202257156373,-0.2335829734802246,0.9942276477813721,0.035399798303842548,-0.1012832298874855,-0.05171725153923035,0.9852156043052673,-0.16332708299160005,0.0940040647983551,0.1676224023103714,0.9813592433929443],"EasingStyle":"Linear","EasingDirection":"In"},"HumanoidRootPart":{"Weight":1,"CFrame":[0,0,0,1,0,0,0,1,0,0,0,1],"EasingStyle":"Linear","EasingDirection":"In"},"Right Arm":{"Weight":1,"CFrame":[-0.2295936942100525,0.011598169803619385,0.028029322624206544,0.9077370166778565,0.27782726287841799,-0.3143652677536011,-0.16289058327674867,0.9239181280136108,0.3461821377277374,0.38662660121917727,-0.26303523778915408,0.8839300274848938],"EasingStyle":"Linear","EasingDirection":"In"}}},{"Time":0.30000001192092898,"poses":{"Left Leg":{"Weight":1,"CFrame":[-0.454781174659729,-0.14884090423583985,-0.01857912540435791,0.9981470108032227,-0.03884918615221977,-0.04683186113834381,0.004821218084543943,0.8177264928817749,-0.5755869150161743,0.060656674206256869,0.5742945671081543,0.8163985013961792],"EasingStyle":"Linear","EasingDirection":"In"},"Right Leg":{"Weight":1,"CFrame":[0.33677467703819277,-0.006504416465759277,0.20392239093780518,0.9235111474990845,-0.37747859954833987,-0.06809571385383606,0.2368629276752472,0.7008653283119202,-0.6728178262710571,0.30170026421546938,0.6052254438400269,0.7366676926612854],"EasingStyle":"Linear","EasingDirection":"In"},"Left Arm":{"Weight":1,"CFrame":[-0.285106360912323,0.0037533044815063478,-0.08086615800857544,-0.7444808483123779,0.22886672616004945,-0.6271907687187195,-0.20947441458702088,0.8119024634361267,0.5449172854423523,0.6339313387870789,0.5370609164237976,-0.5565041303634644],"EasingStyle":"Linear","EasingDirection":"In"},"Head":{"Weight":1,"CFrame":[6.05359673500061e-8,-1.2060627341270448e-7,-5.364418029785156e-7,0.9863622188568115,0.15069499611854554,-0.06618773937225342,-0.14415618777275086,0.9850389957427979,0.09443172067403794,0.07942789047956467,-0.08360253274440766,0.9933287501335144],"EasingStyle":"Linear","EasingDirection":"In"},"Torso":{"Weight":1,"CFrame":[0.10451003909111023,0.11459743976593018,-0.23933815956115724,0.9905010461807251,-0.12440113723278046,-0.05858385190367699,0.10911065340042114,0.9703415036201477,-0.21571370959281922,0.0836813673377037,0.20727255940437318,0.9746976494789124],"EasingStyle":"Linear","EasingDirection":"In"},"HumanoidRootPart":{"Weight":1,"CFrame":[0,0,0,1,0,0,0,1,0,0,0,1],"EasingStyle":"Linear","EasingDirection":"In"},"Right Arm":{"Weight":1,"CFrame":[-0.28860676288604739,-0.03879860043525696,0.0031757354736328127,0.783840537071228,0.2864557206630707,-0.5509421229362488,-0.241958886384964,0.9580093622207642,0.153863787651062,0.5718828439712524,0.012700600549578667,0.8202370405197144],"EasingStyle":"Linear","EasingDirection":"In"}}},{"Time":0.3333333432674408,"poses":{"Left Leg":{"Weight":1,"CFrame":[-0.46358463168144228,-0.19341957569122315,-0.05073893070220947,0.9944441914558411,-0.0833170935511589,-0.0643356442451477,0.024760153144598008,0.7791659235954285,-0.6263286471366882,0.10231196135282517,0.6212558150291443,0.7768999338150024],"EasingStyle":"Linear","EasingDirection":"In"},"Right Leg":{"Weight":1,"CFrame":[0.3196816146373749,-0.08722102642059326,0.0877237319946289,0.8909367322921753,-0.4522133767604828,0.04165336862206459,0.3545006215572357,0.6352236866950989,-0.6861634850502014,0.2838331460952759,0.6260942220687866,0.726253867149353],"EasingStyle":"Linear","EasingDirection":"In"},"Left Arm":{"Weight":1,"CFrame":[-0.3554428815841675,-0.008339226245880127,-0.1796688437461853,-0.8579850792884827,0.24779005348682404,-0.44995760917663576,-0.1454290747642517,0.7229432463645935,0.6754282712936401,0.49265819787979128,0.6449443697929382,-0.584238588809967],"EasingStyle":"Linear","EasingDirection":"In"},"Head":{"Weight":1,"CFrame":[8.568167686462403e-8,-4.470348358154297e-8,-2.980232238769531e-7,0.9642816781997681,0.24665585160255433,-0.09654939919710159,-0.23304492235183717,0.9632768034934998,0.1333712488412857,0.12590059638023377,-0.10610713064670563,0.9863520860671997],"EasingStyle":"Linear","EasingDirection":"In"},"Torso":{"Weight":1,"CFrame":[0.1743597686290741,0.1077585220336914,-0.24883651733398438,0.9702333211898804,-0.24053692817687989,-0.02809545025229454,0.22682932019233704,0.9432651400566101,-0.24248580634593965,0.08482824265956879,0.2288949340581894,0.9697480797767639],"EasingStyle":"Linear","EasingDirection":"In"},"HumanoidRootPart":{"Weight":1,"CFrame":[0,0,0,1,0,0,0,1,0,0,0,1],"EasingStyle":"Linear","EasingDirection":"In"},"Right Arm":{"Weight":1,"CFrame":[-0.3124121427536011,-0.06285366415977478,-0.020284533500671388,0.6528629064559937,0.19858700037002564,-0.7309811115264893,-0.31391361355781557,0.9491849541664124,-0.02249978668987751,0.6893680095672607,0.24415412545204163,0.682026743888855],"EasingStyle":"Linear","EasingDirection":"In"}}},{"Time":0.36666667461395266,"poses":{"Left Leg":{"Weight":1,"CFrame":[-0.3605520725250244,-0.2663700580596924,-0.06235074996948242,0.9968865513801575,-0.07778263837099076,0.012926151044666767,0.06699629873037338,0.7491260170936585,-0.6590309739112854,0.04157782718539238,0.657845139503479,0.752004861831665],"EasingStyle":"Linear","EasingDirection":"In"},"Right Leg":{"Weight":1,"CFrame":[0.3975205421447754,0.008921623229980469,0.055106282234191897,0.9040664434432983,-0.3970542550086975,0.1581512689590454,0.4100198447704315,0.7013261318206787,-0.5831170678138733,0.12061357498168946,0.5920217633247376,0.7968454360961914],"EasingStyle":"Linear","EasingDirection":"In"},"Left Arm":{"Weight":1,"CFrame":[-0.40128788352012637,0.0011448264122009278,-0.19034689664840699,-0.8600093126296997,0.1861792653799057,-0.475101500749588,-0.23619447648525239,0.6800757646560669,0.6940526366233826,0.4523232877254486,0.7091079950332642,-0.5408970713615418],"EasingStyle":"Linear","EasingDirection":"In"},"Head":{"Weight":1,"CFrame":[1.601874828338623e-7,1.3783574104309083e-7,-5.960464477539063e-8,0.9501605033874512,0.30074670910835268,-0.08213774859905243,-0.28868353366851809,0.9482201933860779,0.13244056701660157,0.11771572381258011,-0.10212797671556473,0.987781822681427],"EasingStyle":"Linear","EasingDirection":"In"},"Torso":{"Weight":1,"CFrame":[0.2023182213306427,0.10562312602996826,-0.29879045486450198,0.9594795107841492,-0.2806755304336548,-0.024905456230044366,0.26634183526039126,0.9322205185890198,-0.24500392377376557,0.09198397397994995,0.22844287753105164,0.9692021608352661],"EasingStyle":"Linear","EasingDirection":"In"},"HumanoidRootPart":{"Weight":1,"CFrame":[0,0,0,1,0,0,0,1,0,0,0,1],"EasingStyle":"Linear","EasingDirection":"In"},"Right Arm":{"Weight":1,"CFrame":[-0.31143903732299807,-0.06284737586975098,-0.06611406803131104,0.5939582586288452,0.1084669753909111,-0.7971502542495728,-0.38006481528282168,0.9111551642417908,-0.15920771658420564,0.7090587615966797,0.39753156900405886,0.5824126601219177],"EasingStyle":"Linear","EasingDirection":"In"}}},{"Time":0.4000000059604645,"poses":{"Left Leg":{"Weight":1,"CFrame":[-0.23953011631965638,-0.3148995637893677,-0.06527882814407349,0.9912157654762268,-0.05138976126909256,0.12186211347579956,0.1204705536365509,0.7310415506362915,-0.671613872051239,-0.0545722097158432,0.6803950667381287,0.7308108806610107],"EasingStyle":"Linear","EasingDirection":"In"},"Right Leg":{"Weight":1,"CFrame":[0.4316379725933075,0.048080503940582278,-0.02730792760848999,0.8837811946868897,-0.36801135540008547,0.2889612913131714,0.46520107984542849,0.7573398351669312,-0.45828402042388918,-0.05018819868564606,0.5394478440284729,0.8405219912528992],"EasingStyle":"Linear","EasingDirection":"In"},"Left Arm":{"Weight":1,"CFrame":[-0.4232313632965088,0.018757641315460206,-0.19428110122680665,-0.8264404535293579,0.06860514730215073,-0.5588287115097046,-0.3908415138721466,0.6445291638374329,0.657133936882019,0.40526437759399416,0.7614955902099609,-0.5058513283729553],"EasingStyle":"Linear","EasingDirection":"In"},"Head":{"Weight":1,"CFrame":[1.043081283569336e-7,1.862645149230957e-8,-4.172325134277344e-7,0.9448738694190979,0.3216446340084076,-0.061304181814193729,-0.3123825192451477,0.9416115283966065,0.12563848495483399,0.09813565015792847,-0.0995621457695961,0.990180253982544],"EasingStyle":"Linear","EasingDirection":"In"},"Torso":{"Weight":1,"CFrame":[0.21065017580986024,0.10361838340759278,-0.3818085193634033,0.9548653364181519,-0.2958173155784607,-0.026912765577435495,0.28045204281806948,0.9276896119117737,-0.2464522421360016,0.09787151217460633,0.22778096795082093,0.9687812328338623],"EasingStyle":"Linear","EasingDirection":"In"},"HumanoidRootPart":{"Weight":1,"CFrame":[0,0,0,1,0,0,0,1,0,0,0,1],"EasingStyle":"Linear","EasingDirection":"In"},"Right Arm":{"Weight":1,"CFrame":[-0.30462518334388735,-0.06280630826950073,-0.11535030603408814,0.5790361762046814,0.03701494261622429,-0.8144611716270447,-0.4126178026199341,0.874894380569458,-0.2535867989063263,0.7031811475753784,0.4828970730304718,0.5218685865402222],"EasingStyle":"Linear","EasingDirection":"In"}}},{"Time":0.4333333373069763,"poses":{"Left Leg":{"Weight":1,"CFrame":[-0.17774498462677003,-0.3356863260269165,-0.06109046936035156,0.976702868938446,-0.04472804069519043,0.20988331735134126,0.17729711532592774,0.7192094326019287,-0.6717913150787354,-0.1209021657705307,0.693352222442627,0.7103840708732605],"EasingStyle":"Linear","EasingDirection":"In"},"Right Leg":{"Weight":1,"CFrame":[0.4446619153022766,0.06552690267562866,-0.0790170431137085,0.8495674729347229,-0.36351001262664797,0.38222455978393557,0.5028372406959534,0.7770178914070129,-0.3786791265010834,-0.15934158861637116,0.513910174369812,0.842915415763855],"EasingStyle":"Linear","EasingDirection":"In"},"Left Arm":{"Weight":1,"CFrame":[-0.4288598299026489,0.02824246883392334,-0.19484299421310426,-0.7494977712631226,0.04214007034897804,-0.6606643199920654,-0.5031617879867554,0.6122789978981018,0.6098710298538208,0.43021082878112795,0.7895179390907288,-0.4376985728740692],"EasingStyle":"Linear","EasingDirection":"In"},"Head":{"Weight":1,"CFrame":[5.960464477539063e-8,-1.862645149230957e-8,4.76837158203125e-7,0.9442687034606934,0.32518404722213747,-0.05110872536897659,-0.3175451159477234,0.9407657980918884,0.11884798109531403,0.08672881871461868,-0.09599508345127106,0.9915962219238281],"EasingStyle":"Linear","EasingDirection":"In"},"Torso":{"Weight":1,"CFrame":[0.210860013961792,0.10093414783477783,-0.4335031509399414,0.9540653824806213,-0.2982129156589508,-0.028781311586499215,0.2823033928871155,0.9269989728927612,-0.24693673849105836,0.10031995177268982,0.22746869921684266,0.9686042070388794],"EasingStyle":"Linear","EasingDirection":"In"},"HumanoidRootPart":{"Weight":1,"CFrame":[0,0,0,1,0,0,0,1,0,0,0,1],"EasingStyle":"Linear","EasingDirection":"In"},"Right Arm":{"Weight":1,"CFrame":[-0.2861310839653015,-0.0626930296421051,-0.13834989070892335,0.5563346147537231,-0.033628206700086597,-0.830277681350708,-0.39577630162239077,0.8678451776504517,-0.3003430962562561,0.7306524515151978,0.4956952631473541,0.4695030152797699],"EasingStyle":"Linear","EasingDirection":"In"}}},{"Time":0.46666666865348818,"poses":{"Left Leg":{"Weight":1,"CFrame":[-0.23740944266319276,-0.32624948024749758,-0.017661750316619874,0.9635140299797058,-0.1015256717801094,0.24765530228614808,0.24265819787979127,0.7217936515808106,-0.6481751799583435,-0.11294962465763092,0.6846214532852173,0.7200943231582642],"EasingStyle":"Linear","EasingDirection":"In"},"Right Leg":{"Weight":1,"CFrame":[0.47015878558158877,0.07985550165176392,-0.0958206057548523,0.8327102661132813,-0.35279980301856997,0.42676228284835818,0.5208303928375244,0.7606948018074036,-0.387400358915329,-0.18796099722385407,0.5448630452156067,0.8171871900558472],"EasingStyle":"Linear","EasingDirection":"In"},"Left Arm":{"Weight":1,"CFrame":[-0.41182059049606326,0.027424097061157228,-0.17332518100738526,-0.5453876852989197,0.21121826767921449,-0.8111345171928406,-0.5651828050613403,0.6219596266746521,0.5419728755950928,0.6189675331115723,0.7540246844291687,-0.21983221173286439],"EasingStyle":"Linear","EasingDirection":"In"},"Head":{"Weight":1,"CFrame":[1.0803341865539551e-7,-8.940696716308594e-8,-5.960464477539063e-8,0.9450136423110962,0.3223620355129242,-0.05506367236375809,-0.3146921992301941,0.9421896934509277,0.11509841680526734,0.08898378163576126,-0.09144142270088196,0.9918268322944641],"EasingStyle":"Linear","EasingDirection":"In"},"Torso":{"Weight":1,"CFrame":[0.19292396306991578,0.10413879156112671,-0.4404120445251465,0.9552808403968811,-0.29522231221199038,-0.01680302806198597,0.2835540771484375,0.9306809306144714,-0.23114942014217378,0.08387871086597443,0.21604803204536439,0.9727731943130493],"EasingStyle":"Linear","EasingDirection":"In"},"HumanoidRootPart":{"Weight":1,"CFrame":[0,0,0,1,0,0,0,1,0,0,0,1],"EasingStyle":"Linear","EasingDirection":"In"},"Right Arm":{"Weight":1,"CFrame":[-0.24235251545906068,-0.056339144706726077,-0.13527631759643556,0.4845702052116394,-0.1317111998796463,-0.8647797107696533,-0.3129159212112427,0.8970831036567688,-0.31197041273117068,0.8168693780899048,0.42177489399909975,0.39348524808883669],"EasingStyle":"Linear","EasingDirection":"In"}}},{"Time":0.5,"poses":{"Left Leg":{"Weight":1,"CFrame":[-0.33335718512535097,-0.28638482093811037,0.05036818981170654,0.9481551051139832,-0.17679566144943238,0.26409298181533816,0.30454543232917788,0.742996096611023,-0.5959939956665039,-0.09085094928741455,0.6455231308937073,0.7583178877830505],"EasingStyle":"Linear","EasingDirection":"In"},"Right Leg":{"Weight":1,"CFrame":[0.46542108058929446,0.030865073204040529,-0.10891950130462647,0.8153449892997742,-0.3544543385505676,0.457793265581131,0.5555674433708191,0.7015382647514343,-0.4463060200214386,-0.16296443343162538,0.6182283759117127,0.7689189314842224],"EasingStyle":"Linear","EasingDirection":"In"},"Left Arm":{"Weight":1,"CFrame":[-0.3697325587272644,0.025904834270477296,-0.11323297023773194,-0.19409528374671937,0.4404125213623047,-0.8765636086463928,-0.5359750390052795,0.7007859945297241,0.4707759618759155,0.8216190934181213,0.5611914992332459,0.1000307947397232],"EasingStyle":"Linear","EasingDirection":"In"},"Head":{"Weight":1,"CFrame":[9.12696123123169e-8,-3.725290298461914e-9,-2.384185791015625e-7,0.946095883846283,0.3159429132938385,-0.0712941437959671,-0.30687493085861208,0.9448170065879822,0.1146678701043129,0.10358842462301254,-0.0866083949804306,0.9908422827720642],"EasingStyle":"Linear","EasingDirection":"In"},"Torso":{"Weight":1,"CFrame":[0.15794244408607484,0.11447203159332276,-0.4387378692626953,0.9575227499008179,-0.28807419538497927,0.01279199868440628,0.28469693660736086,0.9373881220817566,-0.20062704384326936,0.045804399996995929,0.1957467496395111,0.979584276676178],"EasingStyle":"Linear","EasingDirection":"In"},"HumanoidRootPart":{"Weight":1,"CFrame":[0,0,0,1,0,0,0,1,0,0,0,1],"EasingStyle":"Linear","EasingDirection":"In"},"Right Arm":{"Weight":1,"CFrame":[-0.18438363075256349,-0.0432475209236145,-0.11376190185546875,0.3797106444835663,-0.23027540743350984,-0.8959870934486389,-0.14794202148914338,0.9409446716308594,-0.30452635884284975,0.9131993055343628,0.24818609654903413,0.3232193887233734],"EasingStyle":"Linear","EasingDirection":"In"}}},{"Time":0.5333333611488342,"poses":{"Left Leg":{"Weight":1,"CFrame":[-0.4006534814834595,-0.2330714464187622,0.10903549194335938,0.9362630844116211,-0.21941334009170533,0.2743527293205261,0.339142382144928,0.7682056427001953,-0.5429940819740295,-0.09161920100450516,0.6014298796653748,0.7936548590660095],"EasingStyle":"Linear","EasingDirection":"In"},"Right Leg":{"Weight":1,"CFrame":[0.3949342370033264,-0.08793902397155762,-0.12948662042617799,0.7836666107177734,-0.40010303258895876,0.4751678705215454,0.6145697236061096,0.610698401927948,-0.49935102462768557,-0.09039244800806046,0.6833484172821045,0.7244751453399658],"EasingStyle":"Linear","EasingDirection":"In"},"Left Arm":{"Weight":1,"CFrame":[-0.3161405920982361,0.025086522102355958,-0.02125871181488037,0.07733067125082016,0.5746485590934753,-0.8147386908531189,-0.33500269055366518,0.7846498489379883,0.521629810333252,0.9390385150909424,0.23260167241096497,0.25318631529808047],"EasingStyle":"Linear","EasingDirection":"In"},"Head":{"Weight":1,"CFrame":[1.0617077350616455e-7,-7.078051567077637e-8,-4.172325134277344e-7,0.9449384808540344,0.3086398243904114,-0.10877909511327744,-0.29587122797966006,0.9477866888046265,0.1189989224076271,0.1398271769285202,-0.08026205748319626,0.9869176149368286],"EasingStyle":"Linear","EasingDirection":"In"},"Torso":{"Weight":1,"CFrame":[0.13394862413406373,0.12287771701812744,-0.4371933937072754,0.9590672254562378,-0.27868732810020449,0.050235625356435779,0.28316137194633486,0.9418267011642456,-0.18105827271938325,0.0031453920528292658,0.1878718137741089,0.9821885228157044],"EasingStyle":"Linear","EasingDirection":"In"},"HumanoidRootPart":{"Weight":1,"CFrame":[0,0,0,1,0,0,0,1,0,0,0,1],"EasingStyle":"Linear","EasingDirection":"In"},"Right Arm":{"Weight":1,"CFrame":[-0.14343124628067017,-0.031893521547317508,-0.055365681648254397,0.2849572002887726,-0.2808554768562317,-0.9164713025093079,0.11569884419441223,0.9591988921165466,-0.2579755485057831,0.9515320658683777,-0.032522644847631457,0.3058253526687622],"EasingStyle":"Linear","EasingDirection":"In"}}},{"Time":0.5666666626930237,"poses":{"Left Leg":{"Weight":1,"CFrame":[-0.38067391514778139,-0.19422411918640138,0.12939894199371339,0.9376073479652405,-0.19084271788597108,0.2906399667263031,0.31882184743881228,0.805410623550415,-0.49966639280319216,-0.1387268304824829,0.5611531734466553,0.8160036206245422],"EasingStyle":"Linear","EasingDirection":"In"},"Right Leg":{"Weight":1,"CFrame":[0.24585382640361787,-0.25270509719848635,-0.14543557167053224,0.7230272889137268,-0.4916420876979828,0.4853038787841797,0.6908107399940491,0.5109872817993164,-0.5115394592285156,0.003510273527354002,0.7051100730895996,0.7090892195701599],"EasingStyle":"Linear","EasingDirection":"In"},"Left Arm":{"Weight":1,"CFrame":[-0.26044440269470217,0.07980924844741821,0.09030759334564209,0.22275985777378083,0.5999857187271118,-0.7683719396591187,0.10677848756313324,0.7684176564216614,0.6309776306152344,0.9690079689025879,-0.22260206937789918,0.10710705816745758],"EasingStyle":"Linear","EasingDirection":"In"},"Head":{"Weight":1,"CFrame":[6.426125764846802e-8,-7.82310962677002e-8,-1.7881393432617188e-7,0.9369460344314575,0.3062826097011566,-0.1682947874069214,-0.27884531021118166,0.9454775452613831,0.16827808320522309,0.21065959334373475,-0.11073930561542511,0.9712669253349304],"EasingStyle":"Linear","EasingDirection":"In"},"Torso":{"Weight":1,"CFrame":[0.1335846483707428,0.12906771898269654,-0.39664316177368166,0.9596938490867615,-0.26799532771110537,0.08465367555618286,0.2792637050151825,0.9431987404823303,-0.17996631562709809,-0.03161509335041046,0.1963532567024231,0.9800235033035278],"EasingStyle":"Linear","EasingDirection":"In"},"HumanoidRootPart":{"Weight":1,"CFrame":[0,0,0,1,0,0,0,1,0,0,0,1],"EasingStyle":"Linear","EasingDirection":"In"},"Right Arm":{"Weight":1,"CFrame":[-0.12792035937309266,-0.027523964643478395,0.05629897117614746,0.2698569595813751,-0.2734227478504181,-0.9232643842697144,0.468161404132843,0.8751342296600342,-0.12233235687017441,0.8414286971092224,-0.3992244601249695,0.3641670346260071],"EasingStyle":"Linear","EasingDirection":"In"}}},{"Time":0.6000000238418579,"poses":{"Left Leg":{"Weight":1,"CFrame":[-0.2929704487323761,-0.1794809103012085,0.1105576753616333,0.9443081021308899,-0.11521589756011963,0.30823320150375368,0.25501176714897158,0.8482288122177124,-0.46419498324394228,-0.2079695761203766,0.5169461369514465,0.8303706645965576],"EasingStyle":"Linear","EasingDirection":"In"},"Right Leg":{"Weight":1,"CFrame":[0.24961915612220765,-0.24770724773406983,-0.1445404291152954,0.7198397517204285,-0.4888479709625244,0.49280688166618349,0.694078803062439,0.5163562297821045,-0.5016282200813294,-0.009243837557733059,0.7031387090682983,0.7109926342964172],"EasingStyle":"Linear","EasingDirection":"In"},"Left Arm":{"Weight":1,"CFrame":[-0.19546283781528474,0.18143725395202638,0.18678486347198487,0.30609649419784548,0.5006716847419739,-0.8097116947174072,0.5940920114517212,0.564139723777771,0.573411762714386,0.7438814640045166,-0.6565625071525574,-0.12476392835378647],"EasingStyle":"Linear","EasingDirection":"In"},"Head":{"Weight":1,"CFrame":[1.0244548320770264e-7,1.1920928955078126e-7,-2.384185791015625e-7,0.9162679314613342,0.31367576122283938,-0.2491198629140854,-0.2491530179977417,0.9332668781280518,0.2587195634841919,0.3136492967605591,-0.17498742043972016,0.9332757592201233],"EasingStyle":"Linear","EasingDirection":"In"},"Torso":{"Weight":1,"CFrame":[0.14401456713676454,0.13444721698760987,-0.32102489471435549,0.9596579074859619,-0.25853049755096438,0.1105390191078186,0.27547958493232729,0.9432230591773987,-0.18558351695537568,-0.056283965706825259,0.208547905087471,0.9763912558555603],"EasingStyle":"Linear","EasingDirection":"In"},"HumanoidRootPart":{"Weight":1,"CFrame":[0,0,0,1,0,0,0,1,0,0,0,1],"EasingStyle":"Linear","EasingDirection":"In"},"Right Arm":{"Weight":1,"CFrame":[-0.12220613658428192,-0.0224703848361969,0.17674028873443604,0.349404901266098,-0.2476278394460678,-0.9036575555801392,0.7632505893707275,0.6346314549446106,0.121208555996418,0.5434748530387878,-0.7320679426193237,0.4107453227043152],"EasingStyle":"Linear","EasingDirection":"In"}}},{"Time":0.6333333253860474,"poses":{"Left Leg":{"Weight":1,"CFrame":[-0.23254448175430299,-0.17610597610473634,0.09335541725158692,0.9457685351371765,-0.06118565797805786,0.31902700662612917,0.20793160796165467,0.86856609582901,-0.4498414695262909,-0.24957209825515748,0.49178174138069155,0.8341849446296692],"EasingStyle":"Linear","EasingDirection":"In"},"Right Leg":{"Weight":1,"CFrame":[0.2523961663246155,-0.2449873685836792,-0.14461636543273927,0.7145757675170898,-0.49092626571655276,0.498370498418808,0.6994433403015137,0.5142867565155029,-0.49627411365509035,-0.01267128624022007,0.7032073140144348,0.7108718752861023],"EasingStyle":"Linear","EasingDirection":"In"},"Left Arm":{"Weight":1,"CFrame"