{"Sequence":[{"Time":0,"poses":{"Left Leg":{"Weight":1,"CFrame":[-0.4075402617454529,0.21550899744033814,0.13302099704742433,0.9352288842201233,-0.20614762604236604,0.2878369688987732,0.19837892055511475,0.9785105586051941,0.05623987317085266,-0.29324519634246828,0.004503614269196987,0.9560266733169556],"EasingStyle":"Linear","EasingDirection":"In"},"Right Leg":{"Weight":1,"CFrame":[0.26979273557662966,0.3089466094970703,0.1959090232849121,0.8343216180801392,0.21611979603767396,-0.5071485638618469,-0.16194920241832734,0.9754459261894226,0.14925706386566163,0.5269535183906555,-0.042396169155836108,0.8488360643386841],"EasingStyle":"Linear","EasingDirection":"In"},"Left Arm":{"Weight":1,"CFrame":[-0.05366513878107071,0.4155636429786682,0.025612711906433107,-0.976635217666626,0.1811005026102066,0.11569938063621521,-0.20228415727615357,-0.9564599990844727,-0.21039323508739472,0.07255949825048447,-0.22888170182704926,0.9707462787628174],"EasingStyle":"Linear","EasingDirection":"In"},"Right Arm":{"Weight":1,"CFrame":[0.06867588311433792,0.6553710699081421,0.0015152692794799805,-0.962742805480957,-0.14866134524345399,-0.2258896678686142,0.19518543779850007,-0.9601606130599976,-0.19998563826084138,-0.18716022372245789,-0.23662513494491578,0.9534042477607727],"EasingStyle":"Linear","EasingDirection":"In"},"Torso":{"Weight":1,"CFrame":[-0.09546063095331192,0.03167048096656799,-0.25795578956604006,0.998968243598938,-0.029133103787899019,-0.034838154911994937,0.030507348477840425,0.9987502694129944,0.039588119834661487,0.03364128991961479,-0.04061009734869003,0.9986085891723633],"EasingStyle":"Linear","EasingDirection":"In"},"HumanoidRootPart":{"Weight":0,"CFrame":[0,0,0,1,0,0,0,1,0,0,0,1],"EasingStyle":"Linear","EasingDirection":"In"},"Head":{"Weight":1,"CFrame":[9.499490261077881e-8,-1.280568540096283e-8,1.1920928955078126e-7,0.9995262622833252,0.03010704182088375,0.006386945955455303,-0.029882099479436876,0.9990153908729553,-0.032793741673231128,-0.007367974147200584,0.03258734941482544,0.9994417428970337],"EasingStyle":"Linear","EasingDirection":"In"}}},{"Time":0.03333333507180214,"poses":{"Left Leg":{"Weight":1,"CFrame":[-0.4212300479412079,0.3300083875656128,0.16132056713104249,0.9414122700691223,-0.11548182368278504,0.3168705105781555,0.11533703655004502,0.9931392669677734,0.019281627610325815,-0.31692326068878176,0.018394941464066507,0.9482727646827698],"EasingStyle":"Linear","EasingDirection":"In"},"Right Leg":{"Weight":1,"CFrame":[0.29083991050720217,0.41537487506866457,0.20847749710083009,0.8610950112342835,0.10055083781480789,-0.4984022080898285,-0.06958229094743729,0.9943322539329529,0.08038494735956192,0.5036602020263672,-0.034539151936769488,0.8632112145423889],"EasingStyle":"Linear","EasingDirection":"In"},"Left Arm":{"Weight":1,"CFrame":[-0.0770098865032196,0.4153064489364624,0.03322172164916992,-0.9803255796432495,0.17258794605731965,0.09578706324100495,-0.18994516134262086,-0.9568374156951904,-0.21996179223060609,0.053689874708652499,-0.2338285744190216,0.9707943201065064],"EasingStyle":"Linear","EasingDirection":"In"},"Right Arm":{"Weight":1,"CFrame":[0.06940341740846634,0.6459517478942871,0.0007776021957397461,-0.9623535871505737,-0.15105995535850526,-0.22595727443695069,0.1980951726436615,-0.9590270519256592,-0.20254744589328767,-0.18610234558582307,-0.23968340456485749,0.9528473019599915],"EasingStyle":"Linear","EasingDirection":"In"},"Torso":{"Weight":1,"CFrame":[-0.09908657521009445,-0.066860631108284,-0.334209680557251,0.9993389844894409,-0.008501867763698101,-0.03534522280097008,0.005521638318896294,0.9964861273765564,-0.0835757628083229,0.035931576043367389,0.0833253562450409,0.9958744049072266],"EasingStyle":"Linear","EasingDirection":"In"},"HumanoidRootPart":{"Weight":0,"CFrame":[0,0,0,1,0,0,0,1,0,0,0,1],"EasingStyle":"Linear","EasingDirection":"In"},"Head":{"Weight":1,"CFrame":[8.079223334789276e-8,4.621688276529312e-8,1.1920928955078126e-7,0.9999942779541016,0.0032997839152812959,0.0007675345405004919,-0.003351666033267975,0.9966171383857727,0.0821167603135109,-0.0004939711652696133,-0.08211886137723923,0.9966225028038025],"EasingStyle":"Linear","EasingDirection":"In"}}},{"Time":0.06666667014360428,"poses":{"Left Leg":{"Weight":1,"CFrame":[-0.3358767330646515,0.5500389337539673,0.2013000249862671,0.9294410943984985,0.08761928975582123,0.35841605067253115,-0.07074829190969467,0.9956912994384766,-0.05994556099176407,-0.3621242344379425,0.0303585696965456,0.9316353797912598],"EasingStyle":"Linear","EasingDirection":"In"},"Right Leg":{"Weight":1,"CFrame":[0.22164015471935273,0.6084799766540527,0.2064892053604126,0.8778936266899109,-0.15141017735004426,-0.4542880654335022,0.14672796428203584,0.9881167411804199,-0.045784417539834979,0.4558219313621521,-0.0264629814773798,0.8896776437759399],"EasingStyle":"Linear","EasingDirection":"In"},"Left Arm":{"Weight":1,"CFrame":[-0.12461861968040467,0.41350769996643069,0.04735291004180908,-0.9858617186546326,0.15701346099376679,0.05851111188530922,-0.16650474071502686,-0.9571300148963928,-0.23701970279216767,0.01878742314875126,-0.2434110790491104,0.9697413444519043],"EasingStyle":"Linear","EasingDirection":"In"},"Right Arm":{"Weight":1,"CFrame":[0.07449643313884735,0.6043989658355713,-0.0043849945068359379,-0.9593515396118164,-0.16965384781360627,-0.22552655637264253,0.21714726090431214,-0.9541704058647156,-0.20592696964740754,-0.18025454878807069,-0.24652892351150514,0.9522247314453125],"EasingStyle":"Linear","EasingDirection":"In"},"Torso":{"Weight":1,"CFrame":[-0.1113060787320137,-0.25048911571502688,-0.5094728469848633,0.9986405372619629,0.02925519458949566,-0.04314393922686577,-0.041322868317365649,0.9488170742988586,-0.31311142444610598,0.031775571405887607,0.3144685924053192,0.9487358927726746],"EasingStyle":"Linear","EasingDirection":"In"},"HumanoidRootPart":{"Weight":0,"CFrame":[0,0,0,1,0,0,0,1,0,0,0,1],"EasingStyle":"Linear","EasingDirection":"In"},"Head":{"Weight":1,"CFrame":[7.450580596923828e-8,-1.3504177331924439e-8,-2.384185791015625e-7,0.9988582134246826,-0.04429048299789429,-0.01790723204612732,0.047613274306058887,0.9536073207855225,0.29726457595825198,0.003910476341843605,-0.29777780175209048,0.9546272158622742],"EasingStyle":"Linear","EasingDirection":"In"}}},{"Time":0.10000000149011612,"poses":{"Left Leg":{"Weight":1,"CFrame":[-0.2289881408214569,0.657102644443512,0.21379303932189942,0.9019243717193604,0.21979011595249177,0.3717857897281647,-0.19198475778102876,0.9751310348510742,-0.11073169112205506,-0.3868776559829712,0.02849438227713108,0.921690821647644],"EasingStyle":"Linear","EasingDirection":"In"},"Right Leg":{"Weight":1,"CFrame":[0.1291453242301941,0.6913449764251709,0.1995309591293335,0.8568153381347656,-0.3076830804347992,-0.41376152634620669,0.286801815032959,0.9512470960617065,-0.11346247792243958,0.42850005626678469,-0.02145124040544033,0.9032871127128601],"EasingStyle":"Linear","EasingDirection":"In"},"Left Arm":{"Weight":1,"CFrame":[-0.1628532111644745,0.4086260199546814,0.05496203899383545,-0.9881300330162048,0.14876601099967957,0.038311075419187549,-0.1536198854446411,-0.957068145275116,-0.24580785632133485,0.00009840355778578669,-0.24877560138702393,0.9685612320899963],"EasingStyle":"Linear","EasingDirection":"In"},"Right Arm":{"Weight":1,"CFrame":[0.08832073211669922,0.5107733011245728,-0.018398046493530275,-0.949257493019104,-0.22124120593070985,-0.22352293133735658,0.26747560501098635,-0.941775381565094,-0.2037545144557953,-0.16542962193489076,-0.2532025873661041,0.9531640410423279],"EasingStyle":"Linear","EasingDirection":"In"},"Torso":{"Weight":1,"CFrame":[-0.12100692838430405,-0.3527594208717346,-0.625673770904541,0.9975184202194214,0.04828226566314697,-0.05124465003609657,-0.06597766280174256,0.8951037526130676,-0.44094929099082949,0.024579249322414399,0.44323593378067019,0.8960680365562439],"EasingStyle":"Linear","EasingDirection":"In"},"HumanoidRootPart":{"Weight":0,"CFrame":[0,0,0,1,0,0,0,1,0,0,0,1],"EasingStyle":"Linear","EasingDirection":"In"},"Head":{"Weight":1,"CFrame":[7.82310962677002e-8,-5.587935447692871e-8,1.1920928955078126e-7,0.9971910119056702,-0.06745155900716782,-0.03256437927484512,0.07489341497421265,0.9040870070457459,0.4207346439361572,0.0010618283413350583,-0.42199161648750307,0.906599223613739],"EasingStyle":"Linear","EasingDirection":"In"}}},{"Time":0.13333334028720857,"poses":{"Left Leg":{"Weight":1,"CFrame":[-0.21490344405174256,0.6509422063827515,0.21222209930419923,0.8965469598770142,0.24524572491645814,0.3688605725765228,-0.21623049676418305,0.9690929055213928,-0.11875796318054199,-0.3865850567817688,0.02671315148472786,0.9218668341636658],"EasingStyle":"Linear","EasingDirection":"In"},"Right Leg":{"Weight":1,"CFrame":[0.11773043125867844,0.6807981133460999,0.19890069961547852,0.8502028584480286,-0.33222851157188418,-0.4083862602710724,0.30918949842453005,0.9429575800895691,-0.123421311378479,0.42609506845474245,-0.021335626021027566,0.9044268727302551],"EasingStyle":"Linear","EasingDirection":"In"},"Left Arm":{"Weight":1,"CFrame":[-0.17857006192207337,0.3385345935821533,0.02674555778503418,-0.9121575355529785,0.3965199589729309,0.10363680869340897,-0.4085526168346405,-0.8997663855552673,-0.15331439673900605,0.03245668485760689,-0.1821880340576172,0.9827279448509216],"EasingStyle":"Linear","EasingDirection":"In"},"Right Arm":{"Weight":1,"CFrame":[0.17642584443092347,0.36113739013671877,-0.06676334142684937,-0.870863676071167,-0.4555176794528961,-0.18466264009475709,0.4767666757106781,-0.8742058873176575,-0.09196516871452332,-0.11954139918088913,-0.16813011467456819,0.9784897565841675],"EasingStyle":"Linear","EasingDirection":"In"},"Torso":{"Weight":1,"CFrame":[-0.12124168872833252,-0.35800421237945559,-0.622401237487793,0.9975066781044006,0.04821091145277023,-0.05153808370232582,-0.06643905490636826,0.887783408164978,-0.4554409980773926,0.023797431960701944,0.4577295780181885,0.8887729048728943],"EasingStyle":"Linear","EasingDirection":"In"},"HumanoidRootPart":{"Weight":0,"CFrame":[0,0,0,1,0,0,0,1,0,0,0,1],"EasingStyle":"Linear","EasingDirection":"In"},"Head":{"Weight":1,"CFrame":[1.0803341865539551e-7,6.239861249923706e-8,1.1920928955078126e-7,0.9974080324172974,-0.067253477871418,-0.02557985484600067,0.07165291160345078,0.8958717584609985,0.4384969472885132,-0.006574172992259264,-0.4391931891441345,0.8983685374259949],"EasingStyle":"Linear","EasingDirection":"In"}}},{"Time":0.1666666716337204,"poses":{"Left Leg":{"Weight":1,"CFrame":[-0.20628364384174348,0.6277848482131958,0.20870661735534669,0.8910990357398987,0.2693769335746765,0.36521026492118838,-0.23982225358486176,0.9627416729927063,-0.1249554455280304,-0.38526323437690737,0.02376212552189827,0.9225007891654968],"EasingStyle":"Linear","EasingDirection":"In"},"Right Leg":{"Weight":1,"CFrame":[0.11371724307537079,0.6536445617675781,0.1972332000732422,0.8439797759056091,-0.35427239537239077,-0.4027270972728729,0.3297954797744751,0.934882640838623,-0.13126084208488465,0.42300480604171755,-0.0220361165702343,0.9058595299720764],"EasingStyle":"Linear","EasingDirection":"In"},"Left Arm":{"Weight":1,"CFrame":[-0.18436063826084138,0.21429628133773805,-0.025894224643707277,-0.5910194516181946,0.7936023473739624,0.14453864097595216,-0.7933928370475769,-0.6042537093162537,0.07352013140916825,0.14568373560905457,-0.0712241679430008,0.9867641925811768],"EasingStyle":"Linear","EasingDirection":"In"},"Right Arm":{"Weight":1,"CFrame":[0.32124948501586916,0.21556532382965089,-0.13596045970916749,-0.6522891521453857,-0.7567131519317627,-0.043638214468955997,0.7513083815574646,-0.6530998945236206,0.0948488712310791,-0.10027351975440979,0.029083095490932466,0.9945348501205444],"EasingStyle":"Linear","EasingDirection":"In"},"Torso":{"Weight":1,"CFrame":[-0.12112422287464142,-0.3476301431655884,-0.6005768775939941,0.9975125193595886,0.04824615642428398,-0.05139125883579254,-0.06654369086027146,0.8850266337394714,-0.4607600271701813,0.023252740502357484,0.46303364634513857,0.886035680770874],"EasingStyle":"Linear","EasingDirection":"In"},"HumanoidRootPart":{"Weight":0,"CFrame":[0,0,0,1,0,0,0,1,0,0,0,1],"EasingStyle":"Linear","EasingDirection":"In"},"Head":{"Weight":1,"CFrame":[9.685754776000977e-8,4.842877388000488e-8,3.5762786865234377e-7,0.9976630210876465,-0.06742560863494873,-0.011058663949370385,0.06528476625680924,0.8929283022880554,0.4454403519630432,-0.02015949785709381,-0.4451213479042053,0.8952432870864868],"EasingStyle":"Linear","EasingDirection":"In"}}},{"Time":0.20000000298023225,"poses":{"Left Leg":{"Weight":1,"CFrame":[-0.20038792490959168,0.5925110578536987,0.2034224271774292,0.8853710889816284,0.2921679615974426,0.3616020381450653,-0.26247379183769228,0.9561558365821838,-0.12989814579486848,-0.3836999833583832,0.020097024738788606,0.9232390522956848],"EasingStyle":"Linear","EasingDirection":"In"},"Right Leg":{"Weight":1,"CFrame":[0.11321468651294708,0.615532398223877,0.19364023208618165,0.8376755714416504,-0.3743388056755066,-0.39770594239234927,0.34924399852752688,0.9269759654998779,-0.13690976798534394,0.4199146032333374,-0.024210523813962938,0.9072407484054565],"EasingStyle":"Linear","EasingDirection":"In"},"Left Arm":{"Weight":1,"CFrame":[-0.1851879060268402,0.1441541314125061,-0.05494189262390137,-0.3604399561882019,0.9280140995979309,0.09419599175453186,-0.9000256657600403,-0.37253108620643618,0.2262178212404251,0.245024174451828,-0.0032409606501460077,0.9695116281509399],"EasingStyle":"Linear","EasingDirection":"In"},"Right Arm":{"Weight":1,"CFrame":[0.40248796343803408,0.15013480186462403,-0.1718813180923462,-0.5089575052261353,-0.855694055557251,0.09354153275489807,0.8529390692710877,-0.48668310046195986,0.18877093493938447,-0.11600508540868759,0.17586153745651246,0.9775559306144714],"EasingStyle":"Linear","EasingDirection":"In"},"Torso":{"Weight":1,"CFrame":[-0.12100693583488465,-0.33195531368255618,-0.5669369697570801,0.9975184202194214,0.04828226566314697,-0.051244646310806277,-0.06652764976024628,0.8846299648284912,-0.46152347326278689,0.02304915525019169,0.4637872874736786,0.8856467008590698],"EasingStyle":"Linear","EasingDirection":"In"},"HumanoidRootPart":{"Weight":0,"CFrame":[0,0,0,1,0,0,0,1,0,0,0,1],"EasingStyle":"Linear","EasingDirection":"In"},"Head":{"Weight":1,"CFrame":[1.1175870895385742e-7,-1.1548399925231934e-7,1.1920928955078126e-7,0.997715950012207,-0.06753398478031159,-0.0014266211073845626,0.061058081686496738,0.8926082253456116,0.44667941331863406,-0.028892623260617257,-0.4457462430000305,0.8946930170059204],"EasingStyle":"Linear","EasingDirection":"In"}}},{"Time":0.23333333432674409,"poses":{"Left Leg":{"Weight":1,"CFrame":[-0.19458343088626862,0.5516233444213867,0.19669675827026368,0.8793590664863586,0.31321948766708376,0.3586379289627075,-0.2836238741874695,0.9495460391044617,-0.13386501371860505,-0.38247236609458926,0.01599714905023575,0.9238284230232239],"EasingStyle":"Linear","EasingDirection":"In"},"Right Leg":{"Weight":1,"CFrame":[0.11275964975357056,0.5729843974113464,0.1880267858505249,0.8311639428138733,-0.3925122618675232,-0.39382830262184145,0.3675177991390228,0.9193245768547058,-0.1406162679195404,0.41724979877471926,-0.027863791212439538,0.9083646535873413],"EasingStyle":"Linear","EasingDirection":"In"},"Left Arm":{"Weight":1,"CFrame":[-0.18276506662368775,0.1392194628715515,-0.055819153785705569,-0.3886668086051941,0.919297993183136,0.06188153475522995,-0.8815644979476929,-0.3905620276927948,0.2651517391204834,0.2679220139980316,0.04850306361913681,0.9622189402580261],"EasingStyle":"Linear","EasingDirection":"In"},"Right Arm":{"Weight":1,"CFrame":[0.40906354784965517,0.15195339918136598,-0.17275863885879517,-0.5165740847587586,-0.8448914885520935,0.13895969092845918,0.8489147424697876,-0.4841768145561218,0.21193531155586244,-0.11178125441074372,0.2274450808763504,0.9673539996147156],"EasingStyle":"Linear","EasingDirection":"In"},"Torso":{"Weight":1,"CFrame":[-0.12100693583488465,-0.3195343017578125,-0.5291213989257813,0.9975184202194214,0.04828226566314697,-0.051244646310806277,-0.06652764976024628,0.8846299648284912,-0.46152347326278689,0.02304915525019169,0.4637872874736786,0.8856467008590698],"EasingStyle":"Linear","EasingDirection":"In"},"HumanoidRootPart":{"Weight":0,"CFrame":[0,0,0,1,0,0,0,1,0,0,0,1],"EasingStyle":"Linear","EasingDirection":"In"},"Head":{"Weight":1,"CFrame":[1.1920928955078126e-7,1.2293457984924317e-7,2.384185791015625e-7,0.9977083206176758,-0.06765826046466828,0.0006767365848645568,0.06022851541638374,0.8926159739494324,0.44677653908729555,-0.030832184478640558,-0.4457119107246399,0.8946453928947449],"EasingStyle":"Linear","EasingDirection":"In"}}},{"Time":0.2666666805744171,"poses":{"Left Leg":{"Weight":1,"CFrame":[-0.18873849511146546,0.5168547630310059,0.19016480445861817,0.8741458058357239,0.329603910446167,0.35669368505477908,-0.30027657747268679,0.944040834903717,-0.1364588588476181,-0.38171085715293887,0.012178215198218823,0.9242015480995178],"EasingStyle":"Linear","EasingDirection":"In"},"Right Leg":{"Weight":1,"CFrame":[0.11126306653022766,0.5372735261917114,0.18203461170196534,0.8256492018699646,-0.406545490026474,-0.39118310809135439,0.3820587396621704,0.9130783677101135,-0.14254534244537354,0.4151320457458496,-0.031762536615133288,0.9092065691947937],"EasingStyle":"Linear","EasingDirection":"In"},"Left Arm":{"Weight":1,"CFrame":[-0.17826595902442933,0.13740140199661256,-0.056142330169677737,-0.4366239309310913,0.8984934091567993,0.045487601310014728,-0.8599809408187866,-0.43168798089027407,0.27217361330986025,0.2641826272010803,0.0797189250588417,0.9611724615097046],"EasingStyle":"Linear","EasingDirection":"In"},"Right Arm":{"Weight":1,"CFrame":[0.4114861488342285,0.15532994270324708,-0.17308181524276734,-0.5268668532371521,-0.8360286355018616,0.1531912386417389,0.8428806662559509,-0.4907352924346924,0.22075094282627107,-0.10937774926424027,0.245428204536438,0.9632245898246765],"EasingStyle":"Linear","EasingDirection":"In"},"Torso":{"Weight":1,"CFrame":[-0.12100693583488465,-0.31208157539367678,-0.49793076515197756,0.9975184202194214,0.04828226566314697,-0.051244646310806277,-0.06652764976024628,0.8846299648284912,-0.46152347326278689,0.02304915525019169,0.4637872874736786,0.8856467008590698],"EasingStyle":"Linear","EasingDirection":"In"},"HumanoidRootPart":{"Weight":0,"CFrame":[0,0,0,1,0,0,0,1,0,0,0,1],"EasingStyle":"Linear","EasingDirection":"In"},"Head":{"Weight":1,"CFrame":[1.1175870895385742e-7,3.725290298461914e-9,3.5762786865234377e-7,0.9976974725723267,-0.06780645996332169,0.0014264442725107074,0.060024820268154147,0.8925992846488953,0.44683724641799929,-0.03157169371843338,-0.445722758769989,0.8946141600608826],"EasingStyle":"Linear","EasingDirection":"In"}}},{"Time":0.30000001192092898,"poses":{"Left Leg":{"Weight":1,"CFrame":[-0.1859111338853836,0.5020897388458252,0.18716144561767579,0.8718782067298889,0.33629944920539858,0.3559931218624115,-0.30713197588920596,0.9416971206665039,-0.1373918503522873,-0.3814425468444824,0.010452122427523137,0.9243334531784058],"EasingStyle":"Linear","EasingDirection":"In"},"Right Leg":{"Weight":1,"CFrame":[0.11060310900211334,0.5224932432174683,0.17889010906219483,0.8235080242156982,-0.4121631979942322,-0.38981521129608157,0.3881755471229553,0.9104808568954468,-0.1426340937614441,0.4137079119682312,-0.03385646641254425,0.9097800254821777],"EasingStyle":"Linear","EasingDirection":"In"},"Left Arm":{"Weight":1,"CFrame":[-0.17584332823753358,0.1371414065361023,-0.05618846416473389,-0.4624461531639099,0.8859737515449524,0.03455796465277672,-0.8499731421470642,-0.45407506823539736,0.26713624596595766,0.25236761569976809,0.09416274726390839,0.9630389213562012],"EasingStyle":"Linear","EasingDirection":"In"},"Right Arm":{"Weight":1,"CFrame":[0.41183221340179446,0.1571478247642517,-0.1731279492378235,-0.5323225855827332,-0.8312609791755676,0.16011863946914674,0.8396462798118591,-0.4943638741970062,0.2249411791563034,-0.10782795399427414,0.25418421626091006,0.9611262083053589],"EasingStyle":"Linear","EasingDirection":"In"},"Torso":{"Weight":1,"CFrame":[-0.12100693583488465,-0.309597373008728,-0.4849576950073242,0.9975184202194214,0.04828226566314697,-0.051244646310806277,-0.06652764976024628,0.8846299648284912,-0.46152347326278689,0.02304915525019169,0.4637872874736786,0.8856467008590698],"EasingStyle":"Linear","EasingDirection":"In"},"HumanoidRootPart":{"Weight":0,"CFrame":[0,0,0,1,0,0,0,1,0,0,0,1],"EasingStyle":"Linear","EasingDirection":"In"},"Head":{"Weight":1,"CFrame":[1.1548399925231934e-7,-5.587935447692871e-8,-1.1920928955078126e-7,0.997719407081604,-0.0674801841378212,0.0016152114840224386,0.05964794382452965,0.892612874507904,0.44686076045036318,-0.031596001237630847,-0.4457452893257141,0.8946021199226379],"EasingStyle":"Linear","EasingDirection":"In"}}},{"Time":0.3333333432674408,"poses":{"Left Leg":{"Weight":1,"CFrame":[-0.18666717410087586,0.5094733238220215,0.18837034702301026,0.8725956082344055,0.33394476771354678,0.3564516305923462,-0.3048350512981415,0.9425320029258728,-0.13678134977817536,-0.38164451718330386,0.010695863515138626,0.9242473840713501],"EasingStyle":"Linear","EasingDirection":"In"},"Right Leg":{"Weight":1,"CFrame":[0.11182285845279694,0.5302520990371704,0.1797630786895752,0.8250414133071899,-0.4099355936050415,-0.38892078399658205,0.3859822750091553,0.9115176796913147,-0.14196227490901948,0.4127035439014435,-0.03299186751246452,0.9102677702903748],"EasingStyle":"Linear","EasingDirection":"In"},"Left Arm":{"Weight":1,"CFrame":[-0.1758432537317276,0.13714146614074708,-0.05618846416473389,-0.45448288321495058,0.8904203772544861,0.02442994713783264,-0.8558450937271118,-0.4441095292568207,0.26513415575027468,0.24693040549755097,0.09959056973457337,0.9639020562171936],"EasingStyle":"Linear","EasingDirection":"In"},"Right Arm":{"Weight":1,"CFrame":[0.41183215379714968,0.15714788436889649,-0.1731279492378235,-0.5290806293487549,-0.8298698663711548,0.1771717220544815,0.8418848514556885,-0.48718342185020449,0.23212559521198274,-0.10631890594959259,0.2719711661338806,0.9564140439033508],"EasingStyle":"Linear","EasingDirection":"In"},"Torso":{"Weight":1,"CFrame":[-0.12169700115919113,-0.309597373008728,-0.49139833450317385,0.9975184202194214,0.04828226566314697,-0.051244646310806277,-0.06652764976024628,0.8846299648284912,-0.46152347326278689,0.02304915525019169,0.4637872874736786,0.8856467008590698],"EasingStyle":"Linear","EasingDirection":"In"},"HumanoidRootPart":{"Weight":0,"CFrame":[0,0,0,1,0,0,0,1,0,0,0,1],"EasingStyle":"Linear","EasingDirection":"In"},"Head":{"Weight":1,"CFrame":[9.685754776000977e-8,1.2293457984924317e-7,-5.960464477539063e-8,0.9978057146072388,-0.06618298590183258,0.0019224006682634354,0.058356013149023059,0.8927778601646423,0.4467015266418457,-0.03128031641244888,-0.44560912251472475,0.8946810364723206],"EasingStyle":"Linear","EasingDirection":"In"}}},{"Time":0.36666667461395266,"poses":{"Left Leg":{"Weight":1,"CFrame":[-0.18786264955997468,0.5262984037399292,0.19079828262329102,0.8740314841270447,0.32879841327667239,0.3577158749103546,-0.2999560832977295,0.9443386793136597,-0.13509601354599,-0.38222435116767886,0.010779104195535183,0.9240067601203919],"EasingStyle":"Linear","EasingDirection":"In"},"Right Leg":{"Weight":1,"CFrame":[0.11354419589042664,0.5469735264778137,0.1823890209197998,0.8279807567596436,-0.4052477180957794,-0.3875848054885864,0.38083282113075259,0.9137078523635864,-0.14178995788097382,0.4115994870662689,-0.030205700546503068,0.9108642339706421],"EasingStyle":"Linear","EasingDirection":"In"},"Left Arm":{"Weight":1,"CFrame":[-0.1758434921503067,0.13714146614074708,-0.05618846416473389,-0.4346857964992523,0.9004473686218262,0.015586590394377709,-0.8661322593688965,-0.42273637652397158,0.2666626274585724,0.24670465290546418,0.10241428762674332,0.9636638760566711],"EasingStyle":"Linear","EasingDirection":"In"},"Right Arm":{"Weight":1,"CFrame":[0.41183239221572878,0.15714788436889649,-0.1731278896331787,-0.5206608176231384,-0.8306041955947876,0.19750744104385377,0.8472133874893189,-0.47404944896698,0.23980531096458436,-0.10555499792098999,0.29218801856040957,0.9505178928375244],"EasingStyle":"Linear","EasingDirection":"In"},"Torso":{"Weight":1,"CFrame":[-0.12376718968153,-0.309597373008728,-0.5061194896697998,0.9975184202194214,0.04828226566314697,-0.051244646310806277,-0.06652764976024628,0.8846299648284912,-0.46152347326278689,0.02304915525019169,0.4637872874736786,0.8856467008590698],"EasingStyle":"Linear","EasingDirection":"In"},"HumanoidRootPart":{"Weight":0,"CFrame":[0,0,0,1,0,0,0,1,0,0,0,1],"EasingStyle":"Linear","EasingDirection":"In"},"Head":{"Weight":1,"CFrame":[9.313225746154785e-8,-1.1175870895385742e-7,2.384185791015625e-7,0.9979432225227356,-0.06405770033597946,0.002426736755296588,0.056269336491823199,0.8934887647628784,0.4455464482307434,-0.03070893883705139,-0.44449353218078616,0.8952555656433106],"EasingStyle":"Linear","EasingDirection":"In"}}},{"Time":0.4000000059604645,"poses":{"Left Leg":{"Weight":1,"CFrame":[-0.18821699917316438,0.5447320342063904,0.19279885292053224,0.8752118945121765,0.3235431909561157,0.3596162796020508,-0.295305073261261,0.9461625814437866,-0.13255755603313447,-0.3831435441970825,0.009819441474974156,0.9236367344856262],"EasingStyle":"Linear","EasingDirection":"In"},"Right Leg":{"Weight":1,"CFrame":[0.11519622802734375,0.564653217792511,0.18537604808807374,0.8312370181083679,-0.40034517645835879,-0.3857056796550751,0.3751361072063446,0.9159836769104004,-0.14229150116443635,0.4102659225463867,-0.02641422301530838,0.911583423614502],"EasingStyle":"Linear","EasingDirection":"In"},"Left Arm":{"Weight":1,"CFrame":[-0.1758432537317276,0.13714134693145753,-0.05618846416473389,-0.41416552662849429,0.9101776480674744,0.006611526012420654,-0.8758837580680847,-0.4005153477191925,0.2691009044647217,0.24757762253284455,0.10566134750843048,0.9630893468856812],"EasingStyle":"Linear","EasingDirection":"In"},"Right Arm":{"Weight":1,"CFrame":[0.41183215379714968,0.1571480631828308,-0.1731279492378235,-0.5105893611907959,-0.8342391848564148,0.20819160342216493,0.8532170653343201,-0.4616279602050781,0.2427351176738739,-0.10639207065105438,0.30157044529914858,0.9474892616271973],"EasingStyle":"Linear","EasingDirection":"In"},"Torso":{"Weight":1,"CFrame":[-0.12721750140190125,-0.309597373008728,-0.5222210884094238,0.9975184202194214,0.04828226566314697,-0.051244646310806277,-0.06652764976024628,0.8846299648284912,-0.46152347326278689,0.02304915525019169,0.4637872874736786,0.8856467008590698],"EasingStyle":"Linear","EasingDirection":"In"},"HumanoidRootPart":{"Weight":0,"CFrame":[0,0,0,1,0,0,0,1,0,0,0,1],"EasingStyle":"Linear","EasingDirection":"In"},"Head":{"Weight":1,"CFrame":[1.1175870895385742e-7,1.3969838619232178e-8,1.1920928955078126e-7,0.998098611831665,-0.06156427785754204,0.0030152907129377128,0.053880997002124789,0.8952025771141052,0.4423905313014984,-0.02993474341928959,-0.4413869380950928,0.8968175053596497],"EasingStyle":"Linear","EasingDirection":"In"}}},{"Time":0.4333333373069763,"poses":{"Left Leg":{"Weight":1,"CFrame":[-0.19190531969070435,0.5583559274673462,0.19245529174804688,0.8779617547988892,0.31559228897094729,0.3599785268306732,-0.2889903783798218,0.9488652944564819,-0.12704111635684968,-0.38166436553001406,0.007506967522203922,0.9242705702781677],"EasingStyle":"Linear","EasingDirection":"In"},"Right Leg":{"Weight":1,"CFrame":[0.11876799911260605,0.5773248076438904,0.18899357318878175,0.835571825504303,-0.39008527994155886,-0.38685035705566409,0.36409807205200198,0.9205065369606018,-0.14177563786506654,0.41140300035476687,-0.0223877914249897,0.9111785888671875],"EasingStyle":"Linear","EasingDirection":"In"},"Left Arm":{"Weight":1,"CFrame":[-0.17744463682174684,0.13904553651809693,-0.056139588356018069,-0.40104565024375918,0.9160524606704712,-0.0031975209712982179,-0.882259726524353,-0.38530728220939639,0.27047407627105715,0.24653643369674684,0.11129341274499893,0.9627219438552856],"EasingStyle":"Linear","EasingDirection":"In"},"Right Arm":{"Weight":1,"CFrame":[0.4092593193054199,0.15524417161941529,-0.17278605699539185,-0.5012603998184204,-0.8397077918052673,0.20887556672096253,0.8585755228996277,-0.4526306390762329,0.2407771199941635,-0.10763894021511078,0.30002743005752566,0.9478382468223572],"EasingStyle":"Linear","EasingDirection":"In"},"Torso":{"Weight":1,"CFrame":[-0.13091687858104707,-0.30612194538116457,-0.5321812629699707,0.9976864457130432,0.045828927308321,-0.050214219838380817,-0.06375861167907715,0.8870862126350403,-0.4571792483329773,0.023592308163642885,0.45932313799858096,0.887955904006958],"EasingStyle":"Linear","EasingDirection":"In"},"HumanoidRootPart":{"Weight":0,"CFrame":[0,0,0,1,0,0,0,1,0,0,0,1],"EasingStyle":"Linear","EasingDirection":"In"},"Head":{"Weight":1,"CFrame":[8.195638656616211e-8,4.0046870708465579e-8,5.960464477539063e-7,0.9982420802116394,-0.05916191264986992,0.0035702099557965996,0.05168190598487854,0.8983557820320129,0.43621790409088137,-0.029014797881245614,-0.43526655435562136,0.8998340964317322],"EasingStyle":"Linear","EasingDirection":"In"}}},{"Time":0.46666666865348818,"poses":{"Left Leg":{"Weight":1,"CFrame":[-0.2021869421005249,0.5655825734138489,0.19053196907043458,0.8836974501609802,0.3004603087902069,0.35889044404029848,-0.27633166313171389,0.9537802934646606,-0.11808496713638306,-0.3777824640274048,0.005178612191230059,0.925879955291748],"EasingStyle":"Linear","EasingDirection":"In"},"Right Leg":{"Weight":1,"CFrame":[0.12686076760292054,0.5847026109695435,0.19274604320526124,0.8420660495758057,-0.37050098180770876,-0.3919869661331177,0.3445665240287781,0.9286325573921204,-0.1375337541103363,0.4149683117866516,-0.019253138452768327,0.9096322059631348],"EasingStyle":"Linear","EasingDirection":"In"},"Left Arm":{"Weight":1,"CFrame":[-0.18125101923942567,0.14258134365081788,-0.05579787492752075,-0.3902098536491394,0.9206459522247315,-0.012130169197916985,-0.8875771164894104,-0.3726252615451813,0.2708456814289093,0.24483300745487214,0.11645302921533585,0.9625464081764221],"EasingStyle":"Linear","EasingDirection":"In"},"Right Arm":{"Weight":1,"CFrame":[0.40448108315467837,0.15170758962631226,-0.17215114831924439,-0.4886155426502228,-0.8471651673316956,0.2087252289056778,0.8657177686691284,-0.4409717619419098,0.2368052452802658,-0.10857124626636505,0.296403706073761,0.9488714337348938],"EasingStyle":"Linear","EasingDirection":"In"},"Torso":{"Weight":1,"CFrame":[-0.13340115547180177,-0.29637718200683596,-0.5339083671569824,0.997978687286377,0.04136984422802925,-0.04823993518948555,-0.05855375528335571,0.8936152458190918,-0.4449980854988098,0.024698439985513688,0.44692322611808779,0.8942313194274902],"EasingStyle":"Linear","EasingDirection":"In"},"HumanoidRootPart":{"Weight":0,"CFrame":[0,0,0,1,0,0,0,1,0,0,0,1],"EasingStyle":"Linear","EasingDirection":"In"},"Head":{"Weight":1,"CFrame":[7.82310962677002e-8,1.3550743460655213e-7,-2.384185791015625e-7,0.9983485341072083,-0.05731051042675972,0.003974375780671835,0.05016051605343819,0.9033371806144714,0.42598819732666018,-0.02800380066037178,-0.4250853359699249,0.9047200679779053],"EasingStyle":"Linear","EasingDirection":"In"}}},{"Time":0.5,"poses":{"Left Leg":{"Weight":1,"CFrame":[-0.21671344339847566,0.5658975839614868,0.18978846073150636,0.8908604383468628,0.27759218215942385,0.359597384929657,-0.2555842697620392,0.9606876373291016,-0.10842525213956833,-0.3755587637424469,0.00468435836955905,0.9267867803573608],"EasingStyle":"Linear","EasingDirection":"In"},"Right Leg":{"Weight":1,"CFrame":[0.14022627472877503,0.5876926779747009,0.19432568550109864,0.8504250645637512,-0.34521305561065676,-0.3969951868057251,0.3210499584674835,0.9383435845375061,-0.12821196019649507,0.4167783856391907,-0.018420718610286714,0.9088214635848999],"EasingStyle":"Linear","EasingDirection":"In"},"Left Arm":{"Weight":1,"CFrame":[-0.18576757609844209,0.14448577165603639,-0.054869890213012698,-0.37306174635887148,0.9276336431503296,-0.017911233007907869,-0.8949396014213562,-0.3546864986419678,0.2707044184207916,0.2447616010904312,0.11701875925064087,0.9624959230422974],"EasingStyle":"Linear","EasingDirection":"In"},"Right Arm":{"Weight":1,"CFrame":[0.401908278465271,0.14980405569076539,-0.17180943489074708,-0.46637967228889468,-0.8595470786094666,0.20897144079208375,0.8776755928993225,-0.4201711416244507,0.2305251508951187,-0.11034343391656876,0.29092124104499819,0.9503626227378845],"EasingStyle":"Linear","EasingDirection":"In"},"Torso":{"Weight":1,"CFrame":[-0.13412444293498994,-0.28136146068573,-0.5287227630615234,0.9981252551078796,0.03927687183022499,-0.046939678490161899,-0.055574577301740649,0.9029067158699036,-0.42622870206832888,0.025641223415732385,0.4280382990837097,0.9033967852592468],"EasingStyle":"Linear","EasingDirection":"In"},"HumanoidRootPart":{"Weight":0,"CFrame":[0,0,0,1,0,0,0,1,0,0,0,1],"EasingStyle":"Linear","EasingDirection":"In"},"Head":{"Weight":1,"CFrame":[1.043081283569336e-7,-1.955777406692505e-8,2.384185791015625e-7,0.9983956813812256,-0.05647328123450279,0.004122214857488871,0.0498029962182045,0.9104442596435547,0.41062280535697939,-0.026942260563373567,-0.40975871682167055,0.9117960929870606],"EasingStyle":"Linear","EasingDirection":"In"}}},{"Time":0.5333333611488342,"poses":{"Left Leg":{"Weight":1,"CFrame":[-0.23304006457328797,0.5608376860618591,0.1919194459915161,0.897858738899231,0.24729235470294953,0.36427488923072817,-0.22649715840816499,0.9689170122146606,-0.09949435293674469,-0.3775562644004822,0.006824688985943794,0.9259615540504456],"EasingStyle":"Linear","EasingDirection":"In"},"Right Leg":{"Weight":1,"CFrame":[0.1586509495973587,0.5894268751144409,0.19281554222106934,0.8605803847312927,-0.3167147636413574,-0.39886486530303957,0.29622122645378115,0.948306679725647,-0.11387448012828827,0.4143120050430298,-0.020154224708676339,0.9099117517471314],"EasingStyle":"Linear","EasingDirection":"In"},"Left Arm":{"Weight":1,"CFrame":[-0.18967217206954957,0.1389700174331665,-0.05253267288208008,-0.3447405993938446,0.9385001063346863,-0.019276464357972146,-0.9062265753746033,-0.32739076018333437,0.2675236463546753,0.24476005136966706,0.10969498753547669,0.9633585214614868],"EasingStyle":"Linear","EasingDirection":"In"},"Right Arm":{"Weight":1,"CFrame":[0.401908278465271,0.1498035192489624,-0.17180949449539185,-0.4307129681110382,-0.8778965473175049,0.20924636721611024,0.895301342010498,-0.38643574714660647,0.22159157693386079,-0.11367420107126236,0.28278082609176638,0.952424943447113],"EasingStyle":"Linear","EasingDirection":"In"},"Torso":{"Weight":1,"CFrame":[-0.13471177220344544,-0.26234328746795657,-0.5200822353363037,0.9979879856109619,0.04179916903376579,-0.047673821449279788,-0.057491350919008258,0.913632333278656,-0.40245580673217776,0.02673403173685074,0.4043869078159332,0.9141972064971924],"EasingStyle":"Linear","EasingDirection":"In"},"HumanoidRootPart":{"Weight":0,"CFrame":[0,0,0,1,0,0,0,1,0,0,0,1],"EasingStyle":"Linear","EasingDirection":"In"},"Head":{"Weight":1,"CFrame":[8.568167686462403e-8,5.122274160385132e-8,0,0.9984427094459534,-0.05578598380088806,0.00030821646214462817,0.05129808932542801,0.9202631115913391,0.3879232704639435,-0.021924318745732309,-0.3873033821582794,0.9216917157173157],"EasingStyle":"Linear","EasingDirection":"In"}}},{"Time":0.5666666626930237,"poses":{"Left Leg":{"Weight":1,"CFrame":[-0.24978500604629517,0.5535368323326111,0.19532203674316407,0.9038940072059631,0.21393516659736634,0.3704151213169098,-0.19399118423461915,0.9767948389053345,-0.09077177196741104,-0.3812389373779297,0.010190845467150212,0.9244203567504883],"EasingStyle":"Linear","EasingDirection":"In"},"Right Leg":{"Weight":1,"CFrame":[0.17910747230052949,0.5914825797080994,0.19008088111877442,0.8709884881973267,-0.2866165339946747,-0.3990362882614136,0.2704828977584839,0.957770049571991,-0.09754781424999237,0.4101439118385315,-0.022969461977481843,0.9117316007614136],"EasingStyle":"Linear","EasingDirection":"In"},"Left Arm":{"Weight":1,"CFrame":[-0.19234317541122437,0.12872719764709474,-0.04957336187362671,-0.3161928951740265,0.948539674282074,-0.017165817320346834,-0.917136013507843,-0.3009963631629944,0.26127156615257265,0.24265959858894349,0.09835561364889145,0.9651127457618713],"EasingStyle":"Linear","EasingDirection":"In"},"Right Arm":{"Weight":1,"CFrame":[0.4019082188606262,0.14980345964431764,-0.17180925607681275,-0.3892700672149658,-0.8984070420265198,0.2033073455095291,0.9135647416114807,-0.34833598136901858,0.2099081128835678,-0.11776366084814072,0.26744532585144045,0.9563496708869934],"EasingStyle":"Linear","EasingDirection":"In"},"Torso":{"Weight":1,"CFrame":[-0.13621437549591065,-0.2416825294494629,-0.5114099979400635,0.9977114796638489,0.04600436985492706,-0.04955209419131279,-0.061326440423727038,0.9243316650390625,-0.37662988901138308,0.02847595512866974,0.37880679965019228,0.9250376224517822],"EasingStyle":"Linear","EasingDirection":"In"},"HumanoidRootPart":{"Weight":0,"CFrame":[0,0,0,1,0,0,0,1,0,0,0,1],"EasingStyle":"Linear","EasingDirection":"In"},"Head":{"Weight":1,"CFrame":[8.940696716308594e-8,1.0803341865539551e-7,-1.7881393432617188e-7,0.9984728693962097,-0.054841697216033939,-0.006665152497589588,0.053550753742456439,0.9311266541481018,0.3607430160045624,-0.013577655889093876,-0.3605489730834961,0.9326414465904236],"EasingStyle":"Linear","EasingDirection":"In"}}},{"Time":0.6000000238418579,"poses":{"Left Leg":{"Weight":1,"CFrame":[-0.2660050392150879,0.5460958480834961,0.1977977752685547,0.9089899659156799,0.1831595003604889,0.37441933155059817,-0.1642085462808609,0.9829940795898438,-0.08220943063497544,-0.383109450340271,0.013244733214378357,0.923608124256134],"EasingStyle":"Linear","EasingDirection":"In"},"Right Leg":{"Weight":1,"CFrame":[0.1978149563074112,0.5927219390869141,0.18798494338989259,0.8795667290687561,-0.25738775730133059,-0.40014222264289858,0.24521377682685853,0.9659664034843445,-0.08233565837144852,0.4077162444591522,-0.025700734928250314,0.9127470254898071],"EasingStyle":"Linear","EasingDirection":"In"},"Left Arm":{"Weight":1,"CFrame":[-0.1933329850435257,0.1232118010520935,-0.04811519384384155,-0.3028176724910736,0.952960729598999,-0.012930715456604958,-0.9222605228424072,-0.2895876169204712,0.2560754120349884,0.240285262465477,0.08946958929300308,0.9665703773498535],"EasingStyle":"Linear","EasingDirection":"In"},"Right Arm":{"Weight":1,"CFrame":[0.4019082188606262,0.14980334043502809,-0.1718093752861023,-0.35342755913734438,-0.9172704815864563,0.18358637392520905,0.9275691509246826,-0.3181908130645752,0.1958828568458557,-0.12126205861568451,0.239519402384758,0.963289201259613],"EasingStyle":"Linear","EasingDirection":"In"},"Torso":{"Weight":1,"CFrame":[-0.13723976910114289,-0.2221240997314453,-0.5037999153137207,0.9975305795669556,0.048465318977832797,-0.05083383247256279,-0.06331542879343033,0.9337875247001648,-0.3521818518638611,0.030399398878216745,0.3545306921005249,0.9345501065254211],"EasingStyle":"Linear","EasingDirection":"In"},"HumanoidRootPart":{"Weight":0,"CFrame":[0,0,0,1,0,0,0,1,0,0,0,1],"EasingStyle":"Linear","EasingDirection":"In"},"Head":{"Weight":1,"CFrame":[7.450580596923828e-8,-6.239861249923706e-8,0,0.9984636902809143,-0.05448594316840172,-0.01007653959095478,0.054703231900930408,0.9403430223464966,0.3358014225959778,-0.008821055293083191,-0.3358367085456848,0.9418789744377136],"EasingStyle":"Linear","EasingDirection":"In"}}},{"Time":0.6333333253860474,"poses":{"Left Leg":{"Weight":1,"CFrame":[-0.28293392062187197,0.556660532951355,0.2007765769958496,0.9137536287307739,0.15278790891170503,0.3764441907405853,-0.13510762155056,0.9881304502487183,-0.07310345023870468,-0.38314542174339297,0.015938056632876397,0.9235506057739258],"EasingStyle":"Linear","EasingDirection":"In"},"Right Leg":{"Weight":1,"CFrame":[0.21366995573043824,0.6089968085289002,0.18854129314422608,0.8865547180175781,-0.2276855856180191,-0.402715802192688,0.21838225424289704,0.9733803272247315,-0.06956975162029267,0.4078356921672821,-0.026268642395734788,0.9126774668693543],"EasingStyle":"Linear","EasingDirect