{"Sequence":[{"Time":0,"poses":{"Left Leg":{"Weight":1,"CFrame":[0.35215818881988528,0.06205737590789795,-0.15519583225250245,0.6488358378410339,-0.3539135456085205,0.6736150979995728,0.3915294110774994,0.9143523573875427,0.10326862335205078,-0.6524697542190552,0.19673576951026917,0.7318321466445923],"EasingStyle":"Linear","EasingDirection":"Out"},"Right Arm":{"Weight":1,"CFrame":[0.008109765127301216,-0.00019434094429016113,-0.006910145282745361,0.9642701148986816,0.21936899423599244,-0.14852745831012727,-0.17870305478572846,0.9524938464164734,0.24661819636821748,0.1955719292163849,-0.21126452088356019,0.957663357257843],"EasingStyle":"Linear","EasingDirection":"Out"},"Left Arm":{"Weight":1,"CFrame":[-0.7510905265808106,-0.7639058828353882,-0.10690820217132569,-0.871532678604126,0.07114303857088089,-0.4851488471031189,-0.12311960756778717,-0.9894714951515198,0.07607722282409668,-0.47462859749794009,0.12603504955768586,0.8711158633232117],"EasingStyle":"Linear","EasingDirection":"Out"},"Head":{"Weight":1,"CFrame":[1.0168878361582756e-7,-7.130438461899757e-9,0.016661882400512697,0.9996062517166138,-0.010996474884450436,0.025816036388278009,0.009084503166377545,0.9972869157791138,0.07305009663105011,-0.026549331843852998,-0.07278678566217423,0.9969940781593323],"EasingStyle":"Linear","EasingDirection":"Out"},"Torso":{"Weight":1,"CFrame":[0.023932844400405885,-0.04802867770195007,-0.17217302322387696,0.9995401501655579,0.008539048954844475,0.0290954802185297,-0.00682855723425746,0.9982705116271973,-0.05838927999138832,-0.02954374998807907,0.05816374719142914,0.9978697896003723],"EasingStyle":"Linear","EasingDirection":"Out"},"HumanoidRootPart":{"Weight":1,"CFrame":[0,0,0,1,0,0,0,1,0,0,0,1],"EasingStyle":"Linear","EasingDirection":"In"},"Right Leg":{"Weight":1,"CFrame":[0.448534220457077,0.05685853958129883,0.08174324035644531,0.9661880135536194,0.20394518971443177,-0.15775641798973084,-0.21984876692295075,0.9712996482849121,-0.09079401940107346,0.13471178710460664,0.12240663170814514,0.9832951426506043],"EasingStyle":"Linear","EasingDirection":"Out"}}},{"Time":0.03448275849223137,"poses":{"Left Leg":{"Weight":1,"CFrame":[0.1832921802997589,0.012020230293273926,-0.011521100997924805,0.6848543286323547,-0.39936351776123049,0.6094943284988403,0.4172976016998291,0.9006457328796387,0.1212429627776146,-0.5973585247993469,0.1713067591190338,0.7834646105766296],"EasingStyle":"Linear","EasingDirection":"Out"},"Right Arm":{"Weight":1,"CFrame":[-0.02886197715997696,-0.022763729095458986,-0.03449946641921997,0.926274836063385,0.3519117832183838,-0.1348072737455368,-0.33134543895721438,0.9309403896331787,0.1534932553768158,0.17951364815235139,-0.09750925004482269,0.9789110422134399],"EasingStyle":"Linear","EasingDirection":"Out"},"Left Arm":{"Weight":1,"CFrame":[-0.7267041802406311,-0.6570440530776978,-0.08898574113845825,-0.8789047002792358,0.1506536900997162,-0.4525814652442932,-0.21566450595855714,-0.9718033671379089,0.09532605856657028,-0.4254589080810547,0.1813882291316986,0.8866131901741028],"EasingStyle":"Linear","EasingDirection":"Out"},"Head":{"Weight":1,"CFrame":[8.66129994392395e-8,-1.4435499906539917e-8,0.016662120819091798,0.9964556097984314,-0.07712583988904953,0.03358299657702446,0.07448863238096237,0.994491696357727,0.07374093681573868,-0.03908541053533554,-0.07097803801298142,0.9967118501663208],"EasingStyle":"Linear","EasingDirection":"Out"},"Torso":{"Weight":1,"CFrame":[0.01808742806315422,-0.04998005926609039,-0.11687231063842774,0.9984645843505859,0.050842031836509708,0.02198910340666771,-0.049425628036260608,0.9969278573989868,-0.060761600732803348,-0.025010790675878526,0.05958148092031479,0.9979100823402405],"EasingStyle":"Linear","EasingDirection":"Out"},"HumanoidRootPart":{"Weight":1,"CFrame":[0,0,0,1,0,0,0,1,0,0,0,1],"EasingStyle":"Linear","EasingDirection":"In"},"Right Leg":{"Weight":1,"CFrame":[0.34015074372291567,-0.009714007377624512,0.05631303787231445,0.9698534607887268,0.19123438000679017,-0.1510418951511383,-0.2088908702135086,0.9716005325317383,-0.11116189509630203,0.12549443542957307,0.13936200737953187,0.9822573065757752],"EasingStyle":"Linear","EasingDirection":"Out"}}},{"Time":0.06896551698446274,"poses":{"Left Leg":{"Weight":1,"CFrame":[-0.17524300515651704,0.03125631809234619,0.14786672592163087,0.7546024918556213,-0.48211970925331118,0.44512441754341128,0.450626015663147,0.8738492131233215,0.182547464966774,-0.47698140144348147,0.06283392012119293,0.8766645193099976],"EasingStyle":"Linear","EasingDirection":"Out"},"Right Arm":{"Weight":1,"CFrame":[-0.10931660234928131,-0.07561236619949341,-0.0725662112236023,0.8006900548934937,0.5804388523101807,-0.14827750623226167,-0.5865093469619751,0.8099352717399597,0.0034104585647583009,0.12207473069429398,0.0842353031039238,0.9889399409294128],"EasingStyle":"Linear","EasingDirection":"Out"},"Left Arm":{"Weight":1,"CFrame":[-0.6740995645523071,-0.42466452717781069,-0.04454606771469116,-0.8569443225860596,0.3636750876903534,-0.36522167921066286,-0.4457238018512726,-0.8787182569503784,0.17083479464054109,-0.25879859924316409,0.3091837763786316,0.915111243724823],"EasingStyle":"Linear","EasingDirection":"Out"},"Head":{"Weight":1,"CFrame":[9.313225746154785e-8,-2.7939677238464357e-8,0.016661763191223146,0.9664202332496643,-0.2521883249282837,0.04932614415884018,0.24803872406482697,0.9656544327735901,0.07738395035266876,-0.06714731454849243,-0.06255056709051132,0.9957804083824158],"EasingStyle":"Linear","EasingDirection":"Out"},"Torso":{"Weight":1,"CFrame":[0.0031823553144931795,-0.05439668893814087,-0.014319896697998047,0.983066976070404,0.183205708861351,0.0038687579799443485,-0.18255449831485749,0.9809691905975342,-0.06613096594810486,-0.01591070182621479,0.0643049106001854,0.9978034496307373],"EasingStyle":"Linear","EasingDirection":"Out"},"HumanoidRootPart":{"Weight":1,"CFrame":[0,0,0,1,0,0,0,1,0,0,0,1],"EasingStyle":"Linear","EasingDirection":"In"},"Right Leg":{"Weight":1,"CFrame":[-0.0924828052520752,-0.06074357032775879,-0.015514016151428223,0.9904220700263977,0.04486154019832611,-0.13058143854141236,-0.06141015887260437,0.9901785254478455,-0.12559986114501954,0.12366435676813126,0.13241586089134217,0.9834496378898621],"EasingStyle":"Linear","EasingDirection":"Out"}}},{"Time":0.1034482792019844,"poses":{"Left Leg":{"Weight":1,"CFrame":[-0.34895196557044985,0.04816943407058716,0.1108713150024414,0.8323825597763062,-0.48854976892471316,0.2616455852985382,0.4503582715988159,0.8714267015457153,0.19440390169620515,-0.32298097014427187,-0.04398418962955475,0.945382833480835],"EasingStyle":"Linear","EasingDirection":"Out"},"Right Arm":{"Weight":1,"CFrame":[-0.18612055480480195,-0.13032731413841248,-0.05323415994644165,0.6801497936248779,0.7105552554130554,-0.18029819428920747,-0.7228562831878662,0.6909885406494141,-0.0036885705776512624,0.12196307629346848,0.13283845782279969,0.9836050868034363],"EasingStyle":"Linear","EasingDirection":"Out"},"Left Arm":{"Weight":1,"CFrame":[-0.6251603364944458,-0.1990651786327362,0.011289477348327637,-0.7264125347137451,0.6366479396820068,-0.2588515877723694,-0.6861414909362793,-0.6503549814224243,0.3259575366973877,0.039174824953079227,0.4143884479999542,0.9092565774917603],"EasingStyle":"Linear","EasingDirection":"Out"},"Head":{"Weight":1,"CFrame":[9.12696123123169e-8,-8.381903171539307e-9,0.016661882400512697,0.8676527738571167,-0.4932926893234253,0.061975717544555667,0.4877980351448059,0.8687465190887451,0.08563021570444107,-0.09608200192451477,-0.044065602123737338,0.9943975210189819],"EasingStyle":"Linear","EasingDirection":"Out"},"Torso":{"Weight":1,"CFrame":[-0.01682714745402336,-0.05794431269168854,0.04053854942321777,0.9123672842979431,0.4088611602783203,-0.020457128062844278,-0.4092457592487335,0.9097008109092712,-0.07044385373592377,-0.010191894136369229,0.07264266163110733,0.9973059296607971],"EasingStyle":"Linear","EasingDirection":"Out"},"HumanoidRootPart":{"Weight":1,"CFrame":[0,0,0,1,0,0,0,1,0,0,0,1],"EasingStyle":"Linear","EasingDirection":"In"},"Right Leg":{"Weight":1,"CFrame":[-0.07225494086742401,-0.04300403594970703,-0.010288834571838379,0.9931220412254334,0.07506328821182251,-0.08985569328069687,-0.0832509770989418,0.9923525452613831,-0.09113600105047226,0.08232765644788742,0.09798964112997055,0.9917762875556946],"EasingStyle":"Linear","EasingDirection":"Out"}}},{"Time":0.13793103396892548,"poses":{"Left Leg":{"Weight":1,"CFrame":[-0.4611145853996277,0.016603410243988038,0.05379688739776611,0.8654259443283081,-0.4884363114833832,0.11166028678417206,0.47279417514801028,0.8698709011077881,0.14067770540714265,-0.165842205286026,-0.06895376741886139,0.9837386608123779],"EasingStyle":"Linear","EasingDirection":"Out"},"Right Arm":{"Weight":1,"CFrame":[-0.22087766230106355,-0.16215741634368897,0.07101333141326904,0.7087363600730896,0.6822444200515747,-0.17954221367835999,-0.6246297359466553,0.7251526117324829,0.28981253504753115,0.3279184103012085,-0.0932534858584404,0.940092146396637],"EasingStyle":"Linear","EasingDirection":"Out"},"Left Arm":{"Weight":1,"CFrame":[-0.6040651798248291,-0.08654570579528809,0.06501638889312744,-0.4959070682525635,0.8469930291175842,-0.19151777029037476,-0.7824075222015381,-0.3401338458061218,0.5216776728630066,0.37671563029289248,0.4085483253002167,0.8313683867454529],"EasingStyle":"Linear","EasingDirection":"Out"},"Head":{"Weight":1,"CFrame":[8.195638656616211e-8,7.450580596923828e-9,0.016662120819091798,0.7016777992248535,-0.710385799407959,0.05477385222911835,0.7058516144752502,0.7035519480705261,0.08239104598760605,-0.09706570953130722,-0.019149743020534517,0.9950937628746033],"EasingStyle":"Linear","EasingDirection":"Out"},"Torso":{"Weight":1,"CFrame":[-0.0366702526807785,-0.057369157671928409,0.03926372528076172,0.7287772297859192,0.6832981109619141,-0.04458072409033775,-0.6845797300338745,0.7255937457084656,-0.06974460184574127,-0.015308861620724202,0.08134733885526657,0.9965682625770569],"EasingStyle":"Linear","EasingDirection":"Out"},"HumanoidRootPart":{"Weight":1,"CFrame":[0,0,0,1,0,0,0,1,0,0,0,1],"EasingStyle":"Linear","EasingDirection":"In"},"Right Leg":{"Weight":1,"CFrame":[-0.05179305374622345,-0.01272571086883545,-0.006124138832092285,0.9988386631011963,0.0033334954641759397,-0.04806474223732948,-0.004578108433634043,0.9996564984321594,-0.025805829092860223,0.04796217754483223,0.025995874777436258,0.9985108375549316],"EasingStyle":"Linear","EasingDirection":"Out"}}},{"Time":0.17241379618644715,"poses":{"Left Leg":{"Weight":1,"CFrame":[-0.48995643854141238,-0.022010207176208497,-0.01784837245941162,0.8667216897010803,-0.4972018003463745,-0.03979823365807533,0.4983060956001282,0.8595954775810242,0.11307824403047562,-0.02201240137219429,-0.11783900111913681,0.9927887320518494],"EasingStyle":"Linear","EasingDirection":"Out"},"Right Arm":{"Weight":1,"CFrame":[-0.22489145398139954,-0.18193641304969788,0.2628113031387329,0.8432487845420837,0.46853941679000857,-0.26344335079193118,-0.09615497291088104,0.6136859655380249,0.7836731672286987,0.5288532376289368,-0.6355001330375671,0.5625424385070801],"EasingStyle":"Linear","EasingDirection":"Out"},"Left Arm":{"Weight":1,"CFrame":[-0.5957328081130981,-0.07729575037956238,0.11179244518280029,-0.24109406769275666,0.9520683884620667,-0.18825402855873109,-0.7356083989143372,-0.05274154990911484,0.6753507256507874,0.6330512762069702,0.30130407214164736,0.7130650877952576],"EasingStyle":"Linear","EasingDirection":"Out"},"Head":{"Weight":1,"CFrame":[6.332993507385254e-8,3.725290298461914e-8,0.016662240028381349,0.5531429648399353,-0.8318907022476196,0.04461786895990372,0.8305818438529968,0.5548382997512817,0.04783496633172035,-0.06454917043447495,0.01059920433908701,0.9978582262992859],"EasingStyle":"Linear","EasingDirection":"Out"},"Torso":{"Weight":1,"CFrame":[-0.05264770984649658,-0.053074806928634647,0.03400588035583496,0.45096561312675478,0.8902434706687927,-0.06400475651025772,-0.8920760154724121,0.4472549855709076,-0.06452386826276779,-0.02881549298763275,0.08619515597820282,0.9958614706993103],"EasingStyle":"Linear","EasingDirection":"Out"},"HumanoidRootPart":{"Weight":1,"CFrame":[0,0,0,1,0,0,0,1,0,0,0,1],"EasingStyle":"Linear","EasingDirection":"In"},"Right Leg":{"Weight":1,"CFrame":[-0.0493389368057251,0.001318514347076416,-0.005768775939941406,0.9906895160675049,-0.12915292382240296,-0.04305548965930939,0.129695326089859,0.9915030598640442,0.010041175410151482,0.04139285907149315,-0.015531804412603379,0.9990222454071045],"EasingStyle":"Linear","EasingDirection":"Out"}}},{"Time":0.2068965584039688,"poses":{"Left Leg":{"Weight":1,"CFrame":[-0.4292008876800537,-0.05913388729095459,-0.0604591965675354,0.8533041477203369,-0.4975481927394867,-0.15594224631786347,0.5120856761932373,0.8559989333152771,0.07095052301883698,0.09818500280380249,-0.14039820432662965,0.9852147102355957],"EasingStyle":"Linear","EasingDirection":"Out"},"Right Arm":{"Weight":1,"CFrame":[-0.2162289172410965,-0.20365282893180848,0.4789973497390747,0.8182339072227478,0.2332894206047058,-0.5254231095314026,0.532240629196167,0.0380345843732357,0.8457382917404175,0.21728605031967164,-0.971663236618042,-0.09304487705230713],"EasingStyle":"Linear","EasingDirection":"Out"},"Left Arm":{"Weight":1,"CFrame":[-0.5740190744400024,-0.13035070896148683,0.14981508255004884,-0.012660294771194458,0.973280131816864,-0.22927173972129823,-0.63975590467453,0.16833312809467317,0.7499175667762756,0.7684738636016846,0.15617214143276215,0.6205304861068726],"EasingStyle":"Linear","EasingDirection":"Out"},"Head":{"Weight":1,"CFrame":[8.568167686462403e-8,1.4901161193847657e-8,0.01666247844696045,0.5091660022735596,-0.8590699434280396,0.05242837965488434,0.8604305982589722,0.5095118284225464,-0.007548235356807709,-0.02022840827703476,0.048954207450151446,0.9985961318016052],"EasingStyle":"Linear","EasingDirection":"Out"},"Torso":{"Weight":1,"CFrame":[-0.0641811341047287,-0.04922497272491455,0.02073073387145996,0.1854618638753891,0.9795488119125366,-0.07802611589431763,-0.981643795967102,0.18109168112277986,-0.059843551367521289,-0.044489793479442599,0.08769255876541138,0.9951536059379578],"EasingStyle":"Linear","EasingDirection":"Out"},"HumanoidRootPart":{"Weight":1,"CFrame":[0,0,0,1,0,0,0,1,0,0,0,1],"EasingStyle":"Linear","EasingDirection":"In"},"Right Leg":{"Weight":1,"CFrame":[-0.05240041762590408,-0.015189766883850098,-0.006247878074645996,0.9653374552726746,-0.2561437487602234,-0.050140380859375,0.25565701723098757,0.9666351675987244,-0.01599915511906147,0.0525655671954155,0.002625831635668874,0.9986140131950378],"EasingStyle":"Linear","EasingDirection":"Out"}}},{"Time":0.24137930572032929,"poses":{"Left Leg":{"Weight":1,"CFrame":[-0.3064042031764984,-0.055780649185180667,-0.043326735496520999,0.8648028373718262,-0.47757476568222048,-0.15504322946071626,0.4888690412044525,0.8712971210479736,0.042992979288101199,0.11455629020929337,-0.11297626793384552,0.9869717359542847],"EasingStyle":"Linear","EasingDirection":"Out"},"Right Arm":{"Weight":1,"CFrame":[-0.2141069769859314,-0.21529623866081239,0.6625659465789795,0.6911894679069519,0.16710789501667024,-0.703087568283081,0.6981585025787354,-0.40566012263298037,0.589927613735199,-0.18663300573825837,-0.8986182808876038,-0.3970556855201721],"EasingStyle":"Linear","EasingDirection":"Out"},"Left Arm":{"Weight":1,"CFrame":[-0.5125806331634522,-0.2029338777065277,0.17687737941741944,0.18909792602062226,0.9397851228713989,-0.2846861481666565,-0.570522665977478,0.34111112356185915,0.7470923066139221,0.7992157936096191,0.021146101877093316,0.6006720066070557],"EasingStyle":"Linear","EasingDirection":"Out"},"Head":{"Weight":1,"CFrame":[6.170012056827545e-8,2.7241185307502748e-8,0.01666247844696045,0.6038554906845093,-0.7942506670951843,0.0672634169459343,0.7969896197319031,0.6002586483955383,-0.06706126034259796,0.012887945398688317,0.09410355985164643,0.9954789876937866],"EasingStyle":"Linear","EasingDirection":"Out"},"Torso":{"Weight":1,"CFrame":[-0.07400782406330109,-0.0500941276550293,-0.004869222640991211,0.022925585508346559,0.9956803321838379,-0.08997256308794022,-0.9979908466339111,0.017475666478276254,-0.060900188982486728,-0.05906478315591812,0.0911879613995552,0.9940805435180664],"EasingStyle":"Linear","EasingDirection":"Out"},"HumanoidRootPart":{"Weight":1,"CFrame":[0,0,0,1,0,0,0,1,0,0,0,1],"EasingStyle":"Linear","EasingDirection":"In"},"Right Leg":{"Weight":1,"CFrame":[-0.028998708352446557,-0.03270614147186279,-0.00510096549987793,0.9456979632377625,-0.3250236511230469,-0.0038773801643401386,0.3244889974594116,0.9447064995765686,-0.04729202017188072,0.019034070894122125,0.04346576705574989,0.9988735914230347],"EasingStyle":"Linear","EasingDirection":"Out"}}},{"Time":0.27586206793785097,"poses":{"Left Leg":{"Weight":1,"CFrame":[-0.22234363853931428,-0.03904736042022705,-0.018133819103240968,0.880806565284729,-0.4664192795753479,-0.08144321292638779,0.47100165486335757,0.8807066679000855,0.05013087019324303,0.048345524817705157,-0.08251548558473587,0.9954164624214172],"EasingStyle":"Linear","EasingDirection":"Out"},"Right Arm":{"Weight":1,"CFrame":[-0.23793160915374757,-0.2198912501335144,0.7552815675735474,0.6387248635292053,0.1407877653837204,-0.7564453482627869,0.680461585521698,-0.562271773815155,0.46991729736328127,-0.3591693341732025,-0.8148798942565918,-0.45493751764297488],"EasingStyle":"Linear","EasingDirection":"Out"},"Left Arm":{"Weight":1,"CFrame":[-0.3954043686389923,-0.25915759801864626,0.1908717155456543,0.3873163163661957,0.8622033596038818,-0.32648396492004397,-0.5484164357185364,0.500122606754303,0.6701614856719971,0.7410975098609924,-0.0805152952671051,0.6665521860122681],"EasingStyle":"Linear","EasingDirection":"Out"},"Head":{"Weight":1,"CFrame":[1.1548399925231934e-7,9.313225746154785e-9,0.016661882400512697,0.7749099731445313,-0.627732515335083,0.07393477857112885,0.6317055821418762,0.7651646137237549,-0.12438344955444336,0.021507255733013154,0.14309102296829225,0.9894758462905884],"EasingStyle":"Linear","EasingDirection":"Out"},"Torso":{"Weight":1,"CFrame":[-0.08367426693439484,-0.05593779683113098,-0.05113935470581055,-0.04980636388063431,0.993565022945404,-0.10172421485185623,-0.9960615038871765,-0.05689401179552078,-0.06800444424152374,-0.07335435599088669,0.09793653339147568,0.9924855828285217],"EasingStyle":"Linear","EasingDirection":"Out"},"HumanoidRootPart":{"Weight":1,"CFrame":[0,0,0,1,0,0,0,1,0,0,0,1],"EasingStyle":"Linear","EasingDirection":"In"},"Right Leg":{"Weight":1,"CFrame":[0.008186504244804383,-0.036914825439453128,-0.004599213600158691,0.9327796697616577,-0.3535155951976776,0.07034870982170105,0.3574281334877014,0.9323863983154297,-0.053857069462537768,-0.046552836894989017,0.0753813162446022,0.9960675239562988],"EasingStyle":"Linear","EasingDirection":"Out"}}},{"Time":0.3103448152542114,"poses":{"Left Leg":{"Weight":1,"CFrame":[-0.2407548725605011,-0.0465015172958374,-0.010042250156402588,0.8699297308921814,-0.4914399981498718,-0.04134063050150871,0.4931369721889496,0.8678507804870606,0.06042340770363808,0.006182989105582237,-0.07295071333646774,0.9973163604736328],"EasingStyle":"Linear","EasingDirection":"Out"},"Right Arm":{"Weight":1,"CFrame":[-0.2679060697555542,-0.22254115343093873,0.7679556608200073,0.6348983645439148,0.08598797768354416,-0.7677956819534302,0.6468518376350403,-0.6025923490524292,0.46740248799324038,-0.4224768877029419,-0.793403148651123,-0.43820619583129885],"EasingStyle":"Linear","EasingDirection":"Out"},"Left Arm":{"Weight":1,"CFrame":[-0.24576404690742494,-0.2936749756336212,0.19229233264923097,0.5878475904464722,0.7395501136779785,-0.3278736472129822,-0.5267816781997681,0.6575330495834351,0.5386568307876587,0.6139513850212097,-0.14393022656440736,0.7761106491088867],"EasingStyle":"Linear","EasingDirection":"Out"},"Head":{"Weight":1,"CFrame":[7.450580596923828e-8,-2.0489096641540528e-8,0.016662240028381349,0.9165540933609009,-0.39361372590065,0.0706876665353775,0.39982929825782778,0.8983728289604187,-0.18183179199695588,0.008067594841122628,0.19492167234420777,0.980785608291626],"EasingStyle":"Linear","EasingDirection":"Out"},"Torso":{"Weight":1,"CFrame":[-0.0917777419090271,-0.06311836838722229,-0.11522889137268067,-0.08817415684461594,0.9898364543914795,-0.11157575249671936,-0.9923176169395447,-0.09704474359750748,-0.07673399150371552,-0.08678195625543595,0.10395262390375138,0.9907889366149902],"EasingStyle":"Linear","EasingDirection":"Out"},"HumanoidRootPart":{"Weight":1,"CFrame":[0,0,0,1,0,0,0,1,0,0,0,1],"EasingStyle":"Linear","EasingDirection":"In"},"Right Leg":{"Weight":1,"CFrame":[0.08774782717227936,-0.01659679412841797,-0.01074308156967163,0.932688295841217,-0.343395859003067,0.11032622307538986,0.3512686789035797,0.9342370629310608,-0.061736468225717548,-0.08187074959278107,0.0963350310921669,0.9919762015342712],"EasingStyle":"Linear","EasingDirection":"Out"}}},{"Time":0.3448275923728943,"poses":{"Left Leg":{"Weight":1,"CFrame":[-0.32210642099380495,-0.06908345222473145,-0.006094932556152344,0.8414039015769959,-0.5398378968238831,-0.024787630885839464,0.5401520133018494,0.8387141227722168,0.06924192607402802,-0.016589708626270295,-0.07164949923753739,0.9972919225692749],"EasingStyle":"Linear","EasingDirection":"Out"},"Right Arm":{"Weight":1,"CFrame":[-0.2735140323638916,-0.2235492765903473,0.7288113832473755,0.629694938659668,-0.009980253875255585,-0.7767783403396606,0.6129010915756226,-0.6080056428909302,0.5046597719192505,-0.4773222804069519,-0.7938699722290039,-0.3767411410808563],"EasingStyle":"Linear","EasingDirection":"Out"},"Left Arm":{"Weight":1,"CFrame":[-0.09659217298030853,-0.3094217777252197,0.18204820156097413,0.7733044028282166,0.5703301429748535,-0.27699077129364016,-0.45273879170417788,0.8025504350662231,0.3885102868080139,0.443878173828125,-0.17503240704536439,0.878826379776001],"EasingStyle":"Linear","EasingDirection":"Out"},"Head":{"Weight":1,"CFrame":[1.1734664440155029e-7,-9.313225746154785e-9,0.016661882400512697,0.9832741618156433,-0.17125846445560456,0.06198739632964134,0.18116462230682374,0.9546887278556824,-0.23611190915107728,-0.018742496147751809,0.24339266121387483,0.9697467088699341],"EasingStyle":"Linear","EasingDirection":"Out"},"Torso":{"Weight":1,"CFrame":[-0.09732642769813538,-0.06933581829071045,-0.18473267555236817,-0.10321081429719925,0.987596869468689,-0.11832139641046524,-0.9899494647979736,-0.11355555802583695,-0.08429263532161713,-0.09668319672346115,0.10843227803707123,0.9893911480903626],"EasingStyle":"Linear","EasingDirection":"Out"},"HumanoidRootPart":{"Weight":1,"CFrame":[0,0,0,1,0,0,0,1,0,0,0,1],"EasingStyle":"Linear","EasingDirection":"In"},"Right Leg":{"Weight":1,"CFrame":[0.35947930812835696,0.1199721097946167,-0.03640639781951904,0.9694463014602661,-0.21003980934619904,0.12671707570552827,0.2198220044374466,0.9731137156486511,-0.06876005977392197,-0.10886773467063904,0.09451434016227722,0.9895528554916382],"EasingStyle":"Linear","EasingDirection":"Out"}}},{"Time":0.37931033968925478,"poses":{"Left Leg":{"Weight":1,"CFrame":[-0.4244704842567444,-0.0973811149597168,-0.004946231842041016,0.8023810982704163,-0.5964205861091614,-0.021611962467432023,0.5962497591972351,0.7995278835296631,0.07239696383476258,-0.025899672880768777,-0.07097607105970383,0.9971417188644409],"EasingStyle":"Linear","EasingDirection":"Out"},"Right Arm":{"Weight":1,"CFrame":[-0.22400808334350587,-0.22255277633666993,0.6665996313095093,0.5585063099861145,-0.15153032541275025,-0.8155422806739807,0.5746289491653442,-0.6383732557296753,0.5121338963508606,-0.5982242226600647,-0.7546642422676086,-0.26946181058883669],"EasingStyle":"Linear","EasingDirection":"Out"},"Left Arm":{"Weight":1,"CFrame":[0.019405022263526918,-0.3097919821739197,0.1603999137878418,0.9154112339019775,0.355132520198822,-0.18948155641555787,-0.29748159646987917,0.9140007495880127,0.2758753001689911,0.27115845680236819,-0.1961723268032074,0.9423319697380066],"EasingStyle":"Linear","EasingDirection":"Out"},"Head":{"Weight":1,"CFrame":[1.4528632164001466e-7,-2.7939677238464357e-8,0.016661763191223146,0.9958891272544861,-0.0634884163737297,0.0646071508526802,0.07934699952602387,0.955489993095398,-0.28415295481681826,-0.04369106888771057,0.28811126947402956,0.9565997123718262],"EasingStyle":"Linear","EasingDirection":"Out"},"Torso":{"Weight":1,"CFrame":[-0.09936320781707764,-0.07201890647411347,-0.24715137481689454,-0.10582480579614639,0.9870203137397766,-0.1207975223660469,-0.9892905354499817,-0.11678367108106613,-0.08755453675985336,-0.10052528977394104,0.11023840308189392,0.9888084530830383],"EasingStyle":"Linear","EasingDirection":"Out"},"HumanoidRootPart":{"Weight":1,"CFrame":[0,0,0,1,0,0,0,1,0,0,0,1],"EasingStyle":"Linear","EasingDirection":"In"},"Right Leg":{"Weight":1,"CFrame":[0.47746261954307558,0.20101797580718995,-0.04653918743133545,0.980507493019104,-0.14742156863212586,0.1298922747373581,0.1575743705034256,0.9849043488502502,-0.07164972275495529,-0.11736869812011719,0.0907207503914833,0.9889359474182129],"EasingStyle":"Linear","EasingDirection":"Out"}}},{"Time":0.4137931168079376,"poses":{"Left Leg":{"Weight":1,"CFrame":[-0.5728862881660461,-0.12041056156158447,-0.018928050994873048,0.7584983706474304,-0.650150716304779,-0.04454319179058075,0.6515023112297058,0.7549512386322022,0.07478953897953034,-0.014996593818068505,-0.08574776351451874,0.9962040185928345],"EasingStyle":"Linear","EasingDirection":"Out"},"Right Arm":{"Weight":1,"CFrame":[-0.09817320108413696,-0.21895983815193177,0.607258677482605,0.3447396457195282,-0.302621454000473,-0.8885802626609802,0.5049046874046326,-0.7382343411445618,0.44730469584465029,-0.7913443446159363,-0.6028518080711365,-0.10170376300811768],"EasingStyle":"Linear","EasingDirection":"Out"},"Left Arm":{"Weight":1,"CFrame":[0.07768808305263519,-0.2969428598880768,0.12789392471313477,0.9895452260971069,0.09606969356536865,-0.10756779462099076,-0.06700721383094788,0.9667070508003235,0.24695631861686707,0.12771151959896089,-0.23716682195663453,0.9630377888679504],"EasingStyle":"Linear","EasingDirection":"Out"},"Head":{"Weight":1,"CFrame":[1.0058283805847168e-7,-4.377216100692749e-8,0.016662240028381349,0.9973509311676025,-0.027888603508472444,0.06718100607395172,0.048532646149396899,0.943080723285675,-0.3290036618709564,-0.05418170988559723,0.3313924968242645,0.9419359564781189],"EasingStyle":"Linear","EasingDirection":"Out"},"Torso":{"Weight":1,"CFrame":[-0.10506507754325867,-0.07163938879966736,-0.29392576217651369,-0.08284415304660797,0.9892206192016602,-0.12074510008096695,-0.9917023777961731,-0.09378425776958466,-0.08792563527822495,-0.09830178320407868,0.11245907098054886,0.9887819290161133],"EasingStyle":"Linear","EasingDirection":"Out"},"HumanoidRootPart":{"Weight":1,"CFrame":[0,0,0,1,0,0,0,1,0,0,0,1],"EasingStyle":"Linear","EasingDirection":"In"},"Right Leg":{"Weight":1,"CFrame":[0.545521080493927,0.2576960325241089,-0.03960508108139038,0.9896963834762573,-0.09519720077514649,0.1069512665271759,0.10330142825841904,0.9919698238372803,-0.07297076284885407,-0.09914574772119522,0.08326711505651474,0.9915829300880432],"EasingStyle":"Linear","EasingDirection":"Out"}}},{"Time":0.4482758641242981,"poses":{"Left Leg":{"Weight":1,"CFrame":[-0.7645650506019592,-0.10535836219787598,-0.06743788719177246,0.7256283164024353,-0.6809554696083069,-0.09880945831537247,0.6879293322563171,0.721015989780426,0.08300044387578964,0.014723583124577999,-0.12820136547088624,0.9916388392448425],"EasingStyle":"Linear","EasingDirection":"Out"},"Right Arm":{"Weight":1,"CFrame":[0.08271674811840058,-0.2092563509941101,0.5602607727050781,0.06855186820030213,-0.4012385904788971,-0.9134047627449036,0.40134963393211367,-0.8271111845970154,0.39345335960388186,-0.9133559465408325,-0.39356669783592226,0.10433698445558548],"EasingStyle":"Linear","EasingDirection":"Out"},"Left Arm":{"Weight":1,"CFrame":[0.08599233627319336,-0.26729145646095278,0.0890662670135498,0.9797520041465759,-0.19021016359329225,-0.06249897554516792,0.20014744997024537,0.9385862946510315,0.28106334805488589,0.00519954040646553,-0.2878817617893219,0.9576519727706909],"EasingStyle":"Linear","EasingDirection":"Out"},"Head":{"Weight":1,"CFrame":[9.685754776000977e-8,-1.210719347000122e-8,0.016662240028381349,0.9984435439109802,0.028001809492707254,0.04823232814669609,-0.00810928549617529,0.9285192489624023,-0.3711957335472107,-0.05517883971333504,0.3702268600463867,0.9273011088371277],"EasingStyle":"Linear","EasingDirection":"Out"},"Torso":{"Weight":1,"CFrame":[-0.12261025607585907,-0.06946906447410584,-0.32996511459350588,-0.027834463864564897,0.9922159314155579,-0.1213788166642189,-0.995408833026886,-0.03863653168082237,-0.08756973594427109,-0.09157776087522507,0.11838409304618836,0.9887359142303467],"EasingStyle":"Linear","EasingDirection":"Out"},"HumanoidRootPart":{"Weight":1,"CFrame":[0,0,0,1,0,0,0,1,0,0,0,1],"EasingStyle":"Linear","EasingDirection":"In"},"Right Leg":{"Weight":1,"CFrame":[0.5880516767501831,0.2973490357398987,-0.010132789611816407,0.9979738593101502,-0.03677133098244667,0.0519234836101532,0.040613509714603427,0.9963566064834595,-0.0749938115477562,-0.04897662624716759,0.07695064693689347,0.9958312511444092],"EasingStyle":"Linear","EasingDirection":"Out"}}},{"Time":0.48275861144065859,"poses":{"Left Leg":{"Weight":1,"CFrame":[-0.9488915801048279,-0.027660727500915529,-0.1496402621269226,0.7164825797080994,-0.6783905029296875,-0.16260136663913728,0.6957335472106934,0.711940586566925,0.09536945074796677,0.05106479302048683,-0.18145771324634553,0.9820719957351685],"EasingStyle":"Linear","EasingDirection":"Out"},"Right Arm":{"Weight":1,"CFrame":[0.2833635210990906,-0.19002848863601685,0.5292681455612183,-0.09000376611948013,-0.495220422744751,-0.8640926480293274,0.364553302526474,-0.8237825036048889,0.4341464042663574,-0.9268226623535156,-0.27593308687210085,0.25467780232429507],"EasingStyle":"Linear","EasingDirection":"Out"},"Left Arm":{"Weight":1,"CFrame":[0.060369741171598437,-0.2154022455215454,0.04965639114379883,0.8790377974510193,-0.4725435972213745,-0.06320647895336151,0.46477803587913515,0.8198686838150024,0.33435994386672976,-0.1061786636710167,-0.32329225540161135,0.940323531627655],"EasingStyle":"Linear","EasingDirection":"Out"},"Head":{"Weight":1,"CFrame":[8.288770914077759e-8,7.450580596923828e-9,0.016662240028381349,0.995961606502533,0.08764683455228806,0.01945638656616211,-0.07232715934515,0.911672830581665,-0.4045014977455139,-0.053191110491752627,0.4014606475830078,0.9143303632736206],"EasingStyle":"Linear","EasingDirection":"Out"},"Torso":{"Weight":1,"CFrame":[-0.15282002091407777,-0.0640561431646347,-0.3630034923553467,0.037881117314100268,0.9915485978126526,-0.1240822821855545,-0.9960526823997498,0.027491429820656778,-0.08439963310956955,-0.08027514815330506,0.1267896443605423,0.9886760115623474],"EasingStyle":"Linear","EasingDirection":"Out"},"HumanoidRootPart":{"Weight":1,"CFrame":[0,0,0,1,0,0,0,1,0,0,0,1],"EasingStyle":"Linear","EasingDirection":"In"},"Right Leg":{"Weight":1,"CFrame":[0.6204698085784912,0.32889866828918459,0.030596017837524415,0.9995308518409729,0.027157390490174295,-0.014161973260343075,-0.028130287304520608,0.9968801736831665,-0.07374665886163712,0.012115082703530789,0.07411044836044312,0.997176468372345],"EasingStyle":"Linear","EasingDirection":"Out"}}},{"Time":0.517241358757019,"poses":{"Left Leg":{"Weight":1,"CFrame":[-1.086896300315857,0.12311685085296631,-0.2431330680847168,0.7372978329658508,-0.6406659483909607,-0.2143338918685913,0.6698729395866394,0.7344207763671875,0.10907036066055298,0.08753358572721482,-0.22399386763572694,0.9706516265869141],"EasingStyle":"Linear","EasingDirection":"Out"},"Right Arm":{"Weight":1,"CFrame":[0.46108385920524599,-0.16380059719085694,0.5072652101516724,-0.03021063096821308,-0.6637966632843018,-0.747302770614624,0.458089143037796,-0.6736995577812195,0.5798993110656738,-0.8883927464485169,-0.3248120844364166,0.324430912733078],"EasingStyle":"Linear","EasingDirection":"Out"},"Left Arm":{"Weight":1,"CFrame":[0.016821734607219697,-0.1352613866329193,0.015355467796325684,0.6897534728050232,-0.717537522315979,-0.09685039520263672,0.6950889229774475,0.6187691688537598,0.3660273253917694,-0.2027103155851364,-0.31978845596313479,0.925550639629364],"EasingStyle":"Linear","EasingDirection":"Out"},"Head":{"Weight":1,"CFrame":[1.210719347000122e-7,-2.9802322387695315e-8,0.016662001609802247,0.9906183481216431,0.1366100311279297,-0.003599681193009019,-0.1251479983329773,0.8962917327880859,-0.4254399240016937,-0.05489301681518555,0.42189911007881167,0.9049795269966126],"EasingStyle":"Linear","EasingDirection":"Out"},"Torso":{"Weight":1,"CFrame":[-0.19668951630592347,-0.05406329035758972,-0.4008622169494629,0.0925164520740509,0.9871288537979126,-0.13045035302639008,-0.9936099052429199,0.08301863074302674,-0.07646726816892624,-0.06465323269367218,0.13669124245643617,0.9885016083717346],"EasingStyle":"Linear","EasingDirection":"Out"},"HumanoidRootPart":{"Weight":1,"CFrame":[0,0,0,1,0,0,0,1,0,0,0,1],"EasingStyle":"Linear","EasingDirection":"In"},"Right Leg":{"Weight":1,"CFrame":[0.655409038066864,0.36166733503341677,0.06853151321411133,0.9932270646095276,0.09291636198759079,-0.06976043432950974,-0.09757731854915619,0.992992103099823,-0.06667332351207733,0.06307657808065415,0.07302878797054291,0.995333194732666],"EasingStyle":"Linear","EasingDirection":"Out"}}},{"Time":0.5517241358757019,"poses":{"Left Leg":{"Weight":1,"CFrame":[-1.1498098373413087,0.3406732678413391,-0.3069106340408325,0.7865913510322571,-0.5715339779853821,-0.23371568322181703,0.6065738797187805,0.7860215902328491,0.11932329833507538,0.11550822108983994,-0.23562456667423249,0.9649553894996643],"EasingStyle":"Linear","EasingDirection":"Out"},"Right Arm":{"Weight":1,"CFrame":[0.5515788793563843,-0.1552627980709076,0.4420962333679199,0.15378080308437348,-0.8410481214523315,-0.5186419486999512,0.5798149704933167,-0.34821051359176638,0.7365894317626953,-0.8001037836074829,-0.41398972272872927,0.4341042637825012],"EasingStyle":"Linear","EasingDirection":"Out"},"Left Arm":{"Weight":1,"CFrame":[-0.02898840606212616,-0.020586788654327394,-0.008335888385772705,0.4185836613178253,-0.8986566066741943,-0.13116391003131867,0.8683496713638306,0.35372886061668398,0.34762734174728396,-0.2660011649131775,-0.2594074606895447,0.9284133315086365],"EasingStyle":"Linear","EasingDirection":"Out"},"Head":{"Weight":1,"CFrame":[5.21540641784668e-8,5.029141902923584e-8,0.0166623592376709,0.9867183566093445,0.16240118443965913,-0.003570016473531723,-0.14785315096378327,0.8887903094291687,-0.4338100552558899,-0.06727829575538635,0.42857626080513,0.9009972810745239],"EasingStyle":"Linear","EasingDirection":"Out"},"Torso":{"Weight":1,"CFrame":[-0.25504806637763979,-0.03801789879798889,-0.45148706436157229,0.11464877426624298,0.9832226634025574,-0.14187628030776978,-0.9923648834228516,0.10681742429733277,-0.06166008487343788,-0.04547072574496269,0.1478622853755951,0.9879621267318726],"EasingStyle":"Linear","EasingDirection":"Out"},"HumanoidRootPart":{"Weight":1,"CFrame":[0,0,0,1,0,0,0,1,0,0,0,1],"EasingStyle":"Linear","EasingDirection":"In"},"Right Leg":{"Weight":1,"CFrame":[0.7061731219291687,0.40662485361099245,0.08684957027435303,0.9832717180252075,0.1562327742576599,-0.09363753348588944,-0.16157475113868714,0.9854666590690613,-0.0524318553507328,0.0840851366519928,0.06668420881032944,0.9942247867584229],"EasingStyle":"Linear","EasingDirection":"Out"}}},{"Time":0.5862069129943848,"poses":{"Left Leg":{"Weight":1,"CFrame":[-1.1190112829208375,0.6048251986503601,-0.32239747047424319,0.8560704588890076,-0.4658932685852051,-0.22380077838897706,0.49880099296569826,0.858151912689209,0.12154386937618256,0.1354285478591919,-0.21568216383457185,0.9670265316963196],"EasingStyle":"Linear","EasingDirection":"Out"},"Right Arm":{"Weight":1,"CFrame":[0.507583737373352,-0.18599537014961244,0.294256329536438,0.35221847891807558,-0.9211633205413818,-0.16553038358688355,0.6456744074821472,0.1111234575510025,0.7554840445518494,-0.6775298118591309,-0.37297412753105166,0.6339113116264343],"EasingStyle":"Linear","EasingDirection":"Out"},"Left Arm":{"Weight":1,"CFrame":[-0.06502096354961395,0.12888586521148683,-0.017500460147857667,0.07525668293237686,-0.9895371794700623,-0.12309569865465164,0.9614633321762085,0.039271414279937747,0.27211394906044009,-0.26443272829055788,-0.13883055746555329,0.9543591737747192],"EasingStyle":"Linear","EasingDirection":"Out"},"Head":{"Weight":1,"CFrame":[8.940696716308594e-8,-2.3283064365386964e-8,0.0166623592376709,0.9852851033210754,0.16957013309001923,0.02143065258860588,-0.14341548085212708,0.8884225487709045,-0.4360474646091461,-0.09298010915517807,0.42655760049819949,0.8996684551239014],"EasingStyle":"Linear","EasingDirection":"Out"},"Torso":{"Weight":1,"CFrame":[-0.324308305978775,-0.01378883421421051,-0.5196022987365723,0.10610190033912659,0.9821047782897949,-0.15560396015644074,-0.9941417574882507,0.10152976959943772,-0.037065014243125918,-0.020603276789188386,0.1586250513792038,0.9871239066123962],"EasingStyle":"Linear","EasingDirection":"Out"},"HumanoidRootPart":{"Weight":1,"CFrame":[0,0,0,1,0,0,0,1,0,0,0,1],"EasingStyle":"Linear","EasingDirection":"In"},"Right Leg":{"Weight":1,"CFrame":[0.7750961184501648,0.46896398067474368,0.08020615577697754,0.9712153673171997,0.2211967408657074,-0.08838895708322525,-0.22441740334033967,0.9740848541259766,-0.02820669673383236,0.0798591747879982,0.04723075032234192,0.9956865906715393],"EasingStyle":"Linear","EasingDirection":"Out"}}},{"Time":0.6206896305084229,"poses":{"Left Leg":{"Weight":1,"CFrame":[-0.980112612247467,0.8750465512275696,-0.30137765407562258,0.929691731929779,-0.30764541029930117,-0.20255263149738313,0.3351927399635315,0.9346076846122742,0.118972048163414,0.15270599722862245,-0.1785014569759369,0.9720175266265869],"EasingStyle":"Linear","EasingDirection":"Out"},"Right Arm":{"Weight":1,"CFrame":[0.37090030312538149,-0.23914000391960145,0.11303448677062988,0.5741902589797974,-0.8001745343208313,0.17328038811683656,0.6059220433235169,0.5576579570770264,0.5673413872718811,-0.5506033897399902,-0.22076758742332459,0.8050451278686523],"EasingStyle":"Linear","EasingDirection":"Out"},"Left Arm":{"Weight":1,"CFrame":[-0.09294493496417999,0.29026591777801516,-0.014047086238861084,-0.30254673957824709,-0.9518166184425354,-0.05010560527443886,0.9365602731704712,-0.3066355586051941,0.1697923243045807,-0.17697535455226899,0.004443053156137466,0.9842052459716797],"EasingStyle":"Linear","EasingDirection":"Out"},"Head":{"Weight":1,"CFrame":[8.940696716308594e-8,-1.6065314412117006e-8,0.016661882400512697,0.9835681915283203,0.17104676365852357,0.05776340141892433,-0.12898799777030946,0.8896491527557373,-0.4380483031272888,-0.1263158917427063,0.42339974641799929,0.897093653678894],"EasingStyle":"Linear","EasingDirection":"Out"},"Torso":{"Weight":1,"CFrame":[-0.39580240845680239,0.016624528914690019,-0.5982706546783447,0.08524686843156815,0.9821656942367554,-0.16758140921592713,-0.9963131546974182,0.08565741777420044,-0.004790450446307659,0.009649575687944889,0.16737191379070283,0.9858465790748596],"EasingStyle":"Linear","EasingDirection":"Out"},"HumanoidRootPart":{"Weight":1,"CFrame":[0,0,0,1,0,0,0,1,0,0,0,1],"EasingStyle":"Linear","EasingDirection":"In"},"Right Leg":{"Weight":1,"CFrame":[0.8473649621009827,0.5364741086959839,0.05641186237335205,0.9546772837638855,0.28864702582359316,-0.07262331247329712,-0.289083331823349,0.9572926163673401,0.004660503007471561,0.07086705416440964,0.016544857993721963,0.9973485469818115],"EasingStyle":"Linear","EasingDirection":"Out"}}},{"Time":0.6551724076271057,"poses":{"Left Leg":{"Weight":1,"CFrame":[-0.7641615271568298,1.0794382095336915,-0.2564539909362793,0.9786518216133118,-0.11091339588165283,-0.17302857339382173,0.1320856511592865,0.9844212532043457,0.11605234444141388,0.15746121108531953,-0.13642942905426026,0.9780557155609131],"EasingStyle":"Linear","EasingDirection":"Out"},"Right Arm":{"Weight":1,"CFrame":[0.20151014626026154,-0.28782498836517336,-0.03345620632171631,0.806341111660