{"Sequence":[{"Time":0,"poses":{"Left Leg":{"Weight":1,"CFrame":[-0.263461709022522,0.002287626266479492,0.029682576656341554,0.8840752243995667,-0.45314958691596987,0.1143086701631546,0.412937730550766,0.8719632625579834,0.2629876136779785,-0.21884576976299287,-0.18529842793941499,0.9580036997795105],"EasingStyle":"Linear","EasingDirection":"In"},"Right Arm":{"Weight":1,"CFrame":[0.11520861089229584,-0.16497032344341279,-0.03956305980682373,-0.4078436493873596,-0.720670759677887,-0.5606221556663513,0.8284228444099426,-0.5502383708953857,0.10465830564498902,-0.3838999569416046,-0.42174801230430605,0.8214313387870789],"EasingStyle":"Linear","EasingDirection":"In"},"Head":{"Weight":1,"CFrame":[9.685754776000977e-8,-2.2351741790771486e-8,0.016662299633026124,0.9240188002586365,0.37596985697746279,-0.06954090297222138,-0.37849318981170657,0.9252071976661682,-0.02710329182446003,0.05414978042244911,0.05136468634009361,0.9972108602523804],"EasingStyle":"Linear","EasingDirection":"In"},"Left Arm":{"Weight":1,"CFrame":[-0.448262095451355,-0.09647241234779358,-0.26946067810058596,-0.3348484933376312,0.5816989541053772,-0.7412846088409424,-0.8333542346954346,-0.5499818921089172,-0.05514269322156906,-0.4397694766521454,0.5992880463600159,0.6689218282699585],"EasingStyle":"Linear","EasingDirection":"In"},"Torso":{"Weight":1,"CFrame":[0.02852669544517994,-0.006099741440266371,-0.09367036819458008,0.9447742700576782,0.32588157057762148,0.034680310636758807,-0.3258255124092102,0.9454008340835571,-0.007415529806166887,-0.03520338237285614,-0.00429372675716877,0.9993709325790405],"EasingStyle":"Linear","EasingDirection":"In"},"HumanoidRootPart":{"Weight":0,"CFrame":[0,0,0,1,0,0,0,1,0,0,0,1],"EasingStyle":"Linear","EasingDirection":"In"},"Right Leg":{"Weight":1,"CFrame":[0.2970278561115265,0.09275621175765991,0.255672812461853,0.9983444809913635,-0.017776969820261,-0.05470113828778267,0.02238294668495655,0.9961484670639038,0.08477774262428284,0.052983421832323077,-0.08586174249649048,0.9948972463607788],"EasingStyle":"Linear","EasingDirection":"In"}}},{"Time":0.01666666753590107,"poses":{"Left Leg":{"Weight":1,"CFrame":[-0.26920443773269656,0.0010124444961547852,0.03523361682891846,0.8735332489013672,-0.46859487891197207,0.13175101578235627,0.42419669032096865,0.8655880093574524,0.26611024141311648,-0.2387399822473526,-0.17656783759593965,0.9548963308334351],"EasingStyle":"Linear","EasingDirection":"In"},"Right Arm":{"Weight":1,"CFrame":[0.11056891083717346,-0.17690156400203706,-0.036622583866119388,-0.3393014669418335,-0.725091814994812,-0.5992630124092102,0.866547167301178,-0.48880866169929507,0.10080795735120774,-0.3660199046134949,-0.48508548736572268,0.7941797971725464],"EasingStyle":"Linear","EasingDirection":"In"},"Head":{"Weight":1,"CFrame":[1.1548399925231934e-7,-3.725290298461914e-8,0.016662508249282838,0.9304221868515015,0.3591840863227844,-0.07281045615673065,-0.36195844411849978,0.9317452907562256,-0.028926441445946695,0.05745094642043114,0.053268104791641238,0.9969262480735779],"EasingStyle":"Linear","EasingDirection":"In"},"Left Arm":{"Weight":1,"CFrame":[-0.3717108964920044,-0.10735103487968445,-0.19344595074653626,-0.3981002867221832,0.6100097298622131,-0.6851309537887573,-0.7958183884620667,-0.6011417508125305,-0.07281335443258286,-0.45627763867378237,0.5162525773048401,0.7247714996337891],"EasingStyle":"Linear","EasingDirection":"In"},"Torso":{"Weight":1,"CFrame":[0.03133298084139824,-0.006722201127558947,-0.1024784967303276,0.9386970400810242,0.3428862690925598,0.035733867436647418,-0.3428194522857666,0.9393657445907593,-0.008172263391315937,-0.03636933118104935,-0.0045789857394993309,0.9993278980255127],"EasingStyle":"Linear","EasingDirection":"In"},"HumanoidRootPart":{"Weight":0,"CFrame":[0,0,0,1,0,0,0,1,0,0,0,1],"EasingStyle":"Linear","EasingDirection":"In"},"Right Leg":{"Weight":1,"CFrame":[0.37748414278030398,0.11855697631835938,0.2615123391151428,0.9980117082595825,0.020875588059425355,-0.05947170779109001,-0.016163695603609086,0.9967722296714783,0.0786374881863594,0.06092144921422005,-0.07751986384391785,0.9951277375221252],"EasingStyle":"Linear","EasingDirection":"In"}}},{"Time":0.03333333507180214,"poses":{"Left Leg":{"Weight":1,"CFrame":[-0.27442407608032229,-0.00011646747589111328,0.04296720027923584,0.8612486124038696,-0.4849792420864105,0.15180906653404237,0.4359734356403351,0.8586205244064331,0.2696254551410675,-0.2611091434955597,-0.1660298854112625,0.9509238004684448],"EasingStyle":"Linear","EasingDirection":"In"},"Right Arm":{"Weight":1,"CFrame":[0.098764568567276,-0.1987096518278122,-0.025288760662078859,-0.27043503522872927,-0.7208880186080933,-0.6381106376647949,0.9054450392723084,-0.4156855642795563,0.08587650954723358,-0.3271607756614685,-0.5545502305030823,0.7651405334472656],"EasingStyle":"Linear","EasingDirection":"In"},"Head":{"Weight":1,"CFrame":[7.078051567077637e-8,1.30385160446167e-8,0.016662418842315675,0.9371446967124939,0.3391740620136261,-0.08198047429323197,-0.34265410900115969,0.9388983845710754,-0.03252655640244484,0.06593914330005646,0.05857306346297264,0.996103048324585],"EasingStyle":"Linear","EasingDirection":"In"},"Left Arm":{"Weight":1,"CFrame":[-0.2860737442970276,-0.13394559919834138,-0.1238567978143692,-0.5294733643531799,0.6116753816604614,-0.5878020524978638,-0.7365719079971314,-0.6752243041992188,-0.03916757181286812,-0.4208560585975647,0.4122201204299927,0.8080560564994812],"EasingStyle":"Linear","EasingDirection":"In"},"Torso":{"Weight":1,"CFrame":[0.038984619081020358,-0.00804828479886055,-0.11075592041015625,0.9311992526054382,0.3624486029148102,0.03871642053127289,-0.36234989762306216,0.9319908022880554,-0.009784406051039696,-0.03962969407439232,-0.004917657468467951,0.999202311038971],"EasingStyle":"Linear","EasingDirection":"In"},"HumanoidRootPart":{"Weight":0,"CFrame":[0,0,0,1,0,0,0,1,0,0,0,1],"EasingStyle":"Linear","EasingDirection":"In"},"Right Leg":{"Weight":1,"CFrame":[0.48446759581565859,0.1648755669593811,0.28954821825027468,0.9911763072013855,0.08831091970205307,-0.09884671866893769,-0.08244284987449646,0.9946677684783936,0.06196127459406853,0.10379157215356827,-0.053265392780303958,0.993171751499176],"EasingStyle":"Linear","EasingDirection":"In"}}},{"Time":0.05000000074505806,"poses":{"Left Leg":{"Weight":1,"CFrame":[-0.2779614329338074,-0.0008003711700439453,0.05239439010620117,0.8480030298233032,-0.5008873343467712,0.1732131838798523,0.44725701212882998,0.8516704440116882,0.2731640338897705,-0.28434497117996218,-0.1541731208562851,0.946244478225708],"EasingStyle":"Linear","EasingDirection":"In"},"Right Arm":{"Weight":1,"CFrame":[0.08276963979005814,-0.2259819209575653,-0.0070708394050598148,-0.20476698875427247,-0.7076850533485413,-0.6762042045593262,0.9402965307235718,-0.3341069221496582,0.06492246687412262,-0.2718692123889923,-0.622538685798645,0.7338480353355408],"EasingStyle":"Linear","EasingDirection":"In"},"Head":{"Weight":1,"CFrame":[8.195638656616211e-8,-9.313225746154785e-9,0.016662269830703737,0.9436220526695252,0.3171618580818176,-0.09479288756847382,-0.32175764441490176,0.9460780024528503,-0.03753064572811127,0.07777814567089081,0.0659150555729866,0.9947893023490906],"EasingStyle":"Linear","EasingDirection":"In"},"Left Arm":{"Weight":1,"CFrame":[-0.19987690448760987,-0.16996827721595765,-0.06249964237213135,-0.6885934472084045,0.5703425407409668,-0.44782644510269167,-0.6446198225021362,-0.7642960548400879,0.01779821701347828,-0.3321209251880646,0.30093351006507876,0.8939433097839356],"EasingStyle":"Linear","EasingDirection":"In"},"Torso":{"Weight":1,"CFrame":[0.05007357895374298,-0.009925993159413338,-0.11838173866271973,0.9226264357566834,0.38328495621681216,0.04304806888103485,-0.3831324577331543,0.9236145615577698,-0.0120671596378088,-0.04438498988747597,-0.00535963149741292,0.9990001320838928],"EasingStyle":"Linear","EasingDirection":"In"},"HumanoidRootPart":{"Weight":0,"CFrame":[0,0,0,1,0,0,0,1,0,0,0,1],"EasingStyle":"Linear","EasingDirection":"In"},"Right Leg":{"Weight":1,"CFrame":[0.5765515565872192,0.2183140516281128,0.34339427947998049,0.9739915728569031,0.1584845930337906,-0.16193537414073945,-0.15427392721176148,0.9872841238975525,0.03833562135696411,0.16595180332660676,-0.012356190010905266,0.9860564470291138],"EasingStyle":"Linear","EasingDirection":"In"}}},{"Time":0.06666667014360428,"poses":{"Left Leg":{"Weight":1,"CFrame":[-0.27943190932273867,-0.0008412599563598633,0.06296184659004212,0.8345847129821777,-0.5153241157531738,0.19470342993736268,0.45741602778434756,0.8452182412147522,0.276363343000412,-0.30698361992836,-0.14158816635608674,0.9411237239837647],"EasingStyle":"Linear","EasingDirection":"In"},"Right Arm":{"Weight":1,"CFrame":[0.06549976021051407,-0.2543550729751587,0.01646822690963745,-0.14544419944286347,-0.6867878437042236,-0.7121574878692627,0.9676092863082886,-0.24886848032474519,0.0423876978456974,-0.20634491741657258,-0.6829252243041992,0.7007389068603516],"EasingStyle":"Linear","EasingDirection":"In"},"Head":{"Weight":1,"CFrame":[6.332993507385254e-8,3.725290298461914e-9,0.016662150621414186,0.949424147605896,0.2944527268409729,-0.10904783010482788,-0.30048277974128725,0.9527999758720398,-0.04338531196117401,0.09112582355737686,0.07395806908607483,0.9930892586708069],"EasingStyle":"Linear","EasingDirection":"In"},"Left Arm":{"Weight":1,"CFrame":[-0.12119406461715698,-0.2088889181613922,-0.010939598083496094,-0.8314359784126282,0.480814129114151,-0.27844592928886416,-0.5171633958816528,-0.852896511554718,0.0714811459183693,-0.20311643183231355,0.20343388617038728,0.9577882289886475],"EasingStyle":"Linear","EasingDirection":"In"},"Torso":{"Weight":1,"CFrame":[0.06320264935493469,-0.012181582860648632,-0.12523414194583894,0.9134288430213928,0.40413886308670046,0.04816213995218277,-0.40391087532043459,0.9146784543991089,-0.014809326268732548,-0.050037894397974017,-0.005925951525568962,0.9987297654151917],"EasingStyle":"Linear","EasingDirection":"In"},"HumanoidRootPart":{"Weight":0,"CFrame":[0,0,0,1,0,0,0,1,0,0,0,1],"EasingStyle":"Linear","EasingDirection":"In"},"Right Leg":{"Weight":1,"CFrame":[0.6381945610046387,0.2707623839378357,0.4180297255516052,0.9466142654418945,0.21854181587696076,-0.2369830161333084,-0.22213391959667207,0.9749450087547302,0.01177761796861887,0.23361936211585999,0.041493043303489688,0.9714424014091492],"EasingStyle":"Linear","EasingDirection":"In"}}},{"Time":0.0833333358168602,"poses":{"Left Leg":{"Weight":1,"CFrame":[-0.27834463119506838,-0.00007998943328857422,0.07387953996658325,0.8219949007034302,-0.5273386836051941,0.21503102779388429,0.4657997786998749,0.8397923111915588,0.27888956665992739,-0.32765069603919985,-0.12908436357975007,0.9359392523765564],"EasingStyle":"Linear","EasingDirection":"In"},"Right Arm":{"Weight":1,"CFrame":[0.04982239753007889,-0.27949589490890505,0.04368323087692261,-0.09467977285385132,-0.6609389781951904,-0.7444429397583008,0.9859058260917664,-0.16586558520793916,0.021870993077754976,-0.13793286681175233,-0.7318800091743469,0.6673277616500855],"EasingStyle":"Linear","EasingDirection":"In"},"Head":{"Weight":1,"CFrame":[6.332993507385254e-8,-3.725290298461914e-9,0.016662180423736573,0.9543161988258362,0.27247142791748049,-0.12263759970664978,-0.2800647020339966,0.9587134122848511,-0.04931842163205147,0.10413641482591629,0.08141183853149414,0.9912253618240356],"EasingStyle":"Linear","EasingDirection":"In"},"Left Arm":{"Weight":1,"CFrame":[-0.057363495230674747,-0.24417626857757569,0.029079675674438478,-0.92743980884552,0.356797456741333,-0.11203102022409439,-0.368029922246933,-0.9239781498908997,0.10401168465614319,-0.06640298664569855,0.13769525289535523,0.9882462620735169],"EasingStyle":"Linear","EasingDirection":"In"},"Torso":{"Weight":1,"CFrame":[0.07698792219161987,-0.014611003920435906,-0.131181001663208,0.9041793942451477,0.42378830909729006,0.053507983684539798,-0.4234672784805298,0.9057372212409973,-0.0177628044039011,-0.05599184334278107,-0.006598117761313915,0.9984094500541687],"EasingStyle":"Linear","EasingDirection":"In"},"HumanoidRootPart":{"Weight":0,"CFrame":[0,0,0,1,0,0,0,1,0,0,0,1],"EasingStyle":"Linear","EasingDirection":"In"},"Right Leg":{"Weight":1,"CFrame":[0.6687361001968384,0.31722527742385867,0.500615119934082,0.9130150079727173,0.2630801796913147,-0.31175696849823,-0.2811434268951416,0.9595692157745361,-0.013614701107144356,0.29557058215141299,0.1000787615776062,0.9500643014907837],"EasingStyle":"Linear","EasingDirection":"In"}}},{"Time":0.10000000149011612,"poses":{"Left Leg":{"Weight":1,"CFrame":[-0.27515125274658205,0.0015140771865844727,0.08439281582832337,0.811127781867981,-0.5364706516265869,0.23296117782592774,0.4721721112728119,0.8357001543045044,0.2804616093635559,-0.3451451361179352,-0.11749246716499329,0.9311661124229431],"EasingStyle":"Linear","EasingDirection":"In"},"Right Arm":{"Weight":1,"CFrame":[0.03857601433992386,-0.29707586765289309,0.07284051179885864,-0.05346006900072098,-0.6337829232215881,-0.7716611623764038,0.9958032369613648,-0.09132229536771774,0.006016656756401062,-0.07428314536809921,-0.768101155757904,0.6360054016113281],"EasingStyle":"Linear","EasingDirection":"In"},"Head":{"Weight":1,"CFrame":[4.470348358154297e-8,-9.313225746154785e-9,0.016662538051605226,0.9582654237747192,0.2527616322040558,-0.133562833070755,-0.2617450952529907,0.9636055827140808,-0.05434803292155266,0.11496475338935852,0.08703926205635071,0.9895490407943726],"EasingStyle":"Linear","EasingDirection":"In"},"Left Arm":{"Weight":1,"CFrame":[-0.01527838408946991,-0.26965513825416567,0.05524319410324097,-0.9744223952293396,0.22435979545116425,0.012793835252523423,-0.2215128391981125,-0.9685296416282654,0.11350110173225403,0.037856195122003558,0.10776390135288239,0.9934554696083069],"EasingStyle":"Linear","EasingDirection":"In"},"Torso":{"Weight":1,"CFrame":[0.09005997329950333,-0.016977809369564058,-0.13608193397521974,0.895570695400238,0.4410494863986969,0.05855272337794304,-0.44062700867652895,0.8974529504776001,-0.0206401739269495,-0.06165165826678276,-0.007315177004784346,0.9980708956718445],"EasingStyle":"Linear","EasingDirection":"In"},"HumanoidRootPart":{"Weight":0,"CFrame":[0,0,0,1,0,0,0,1,0,0,0,1],"EasingStyle":"Linear","EasingDirection":"In"},"Right Leg":{"Weight":1,"CFrame":[0.6768651008605957,0.35389626026153567,0.575366735458374,0.8800268769264221,0.29168012738227847,-0.3748004138469696,-0.32762742042541506,0.9441776871681213,-0.03447966277599335,0.34382107853889468,0.15313781797885896,0.9264641404151917],"EasingStyle":"Linear","EasingDirection":"In"}}},{"Time":0.11666666716337204,"poses":{"Left Leg":{"Weight":1,"CFrame":[-0.2698441743850708,0.003945887088775635,0.0934922993183136,0.8030827641487122,-0.5421385765075684,0.24727298319339753,0.4760828912258148,0.8333403468132019,0.2808716297149658,-0.35833391547203066,-0.10784071683883667,0.9273441433906555],"EasingStyle":"Linear","EasingDirection":"In"},"Right Arm":{"Weight":1,"CFrame":[0.03459042310714722,-0.3027547299861908,0.1021353006362915,-0.02163899876177311,-0.6092687845230103,-0.792668342590332,0.9995091557502747,-0.03114979900419712,-0.0033428543247282507,-0.022654762491583825,-0.7923517227172852,0.6096439361572266],"EasingStyle":"Linear","EasingDirection":"In"},"Head":{"Weight":1,"CFrame":[4.470348358154297e-8,-2.2351741790771486e-8,0.016662269830703737,0.9613944888114929,0.236946702003479,-0.1399177759885788,-0.24676601588726045,0.9673771858215332,-0.057339269667863849,0.12176690250635147,0.08965256810188294,0.9885014891624451],"EasingStyle":"Linear","EasingDirection":"In"},"Left Arm":{"Weight":1,"CFrame":[-0.0019440818578004838,-0.27959921956062319,0.06472066044807434,-0.9921350479125977,0.10738974064588547,0.06430764496326447,-0.09981773048639298,-0.9887718558311462,0.11120566725730896,0.07552793622016907,0.10391195118427277,0.991714596748352],"EasingStyle":"Linear","EasingDirection":"In"},"Torso":{"Weight":1,"CFrame":[0.10106344521045685,-0.01901763118803501,-0.1397828906774521,0.8883907794952393,0.4547751545906067,0.06278043985366821,-0.45425716042518618,0.8905705213546753,-0.023120015859603883,-0.06642481684684754,-0.007978853769600392,0.9977595210075378],"EasingStyle":"Linear","EasingDirection":"In"},"HumanoidRootPart":{"Weight":0,"CFrame":[0,0,0,1,0,0,0,1,0,0,0,1],"EasingStyle":"Linear","EasingDirection":"In"},"Right Leg":{"Weight":1,"CFrame":[0.6774276494979858,0.37763315439224245,0.6284381151199341,0.8556515574455261,0.307435005903244,-0.4163461923599243,-0.35867610573768618,0.93218594789505,-0.04879375547170639,0.3731110990047455,0.19108381867408753,0.9078959226608276],"EasingStyle":"Linear","EasingDirection":"In"}}},{"Time":0.13333334028720857,"poses":{"Left Leg":{"Weight":1,"CFrame":[-0.263168066740036,0.007148861885070801,0.10026732087135315,0.7987625598907471,-0.544112503528595,0.256748765707016,0.4773643910884857,0.8328996896743774,0.2800024151802063,-0.3661988079547882,-0.10109267383813858,0.9250290393829346],"EasingStyle":"Linear","EasingDirection":"In"},"Right Arm":{"Weight":1,"CFrame":[0.03474137932062149,-0.30110490322113039,0.1301790475845337,-0.0037835200782865288,-0.5993762016296387,-0.8004584908485413,0.9997384548187256,0.015786873176693918,-0.01654653064906597,0.022554321214556695,-0.800311803817749,0.5991597175598145],"EasingStyle":"Linear","EasingDirection":"In"},"Head":{"Weight":1,"CFrame":[7.450580596923828e-8,-1.6763806343078614e-8,0.016661852598190309,0.9649020433425903,0.22274667024612428,-0.13909713923931123,-0.23218761384487153,0.9710808396339417,-0.05559604614973068,0.12269073724746704,0.08594135195016861,0.9887169003486633],"EasingStyle":"Linear","EasingDirection":"In"},"Left Arm":{"Weight":1,"CFrame":[-0.015013748779892922,-0.27594903111457827,0.05383014678955078,-0.9979276061058044,0.023779015988111497,0.059791449457407,-0.01640237681567669,-0.9925209283828735,0.1209675744175911,0.0622207336127758,0.11973603814840317,0.9908540844917297],"EasingStyle":"Linear","EasingDirection":"In"},"Torso":{"Weight":1,"CFrame":[0.10865242034196854,-0.02044832520186901,-0.14212274551391602,0.8834801316261292,0.4638405740261078,0.06568683683872223,-0.4632513225078583,0.8858782052993774,-0.024859338998794557,-0.06972131133079529,-0.008466779254376889,0.9975305795669556],"EasingStyle":"Linear","EasingDirection":"In"},"HumanoidRootPart":{"Weight":0,"CFrame":[0,0,0,1,0,0,0,1,0,0,0,1],"EasingStyle":"Linear","EasingDirection":"In"},"Right Leg":{"Weight":1,"CFrame":[0.68619704246521,0.38356131315231326,0.6491170525550842,0.8474481105804443,0.3143259286880493,-0.4278210997581482,-0.3717460334300995,0.9266719222068787,-0.055533625185489658,0.3789942264556885,0.20610268414020539,0.9021558165550232],"EasingStyle":"Linear","EasingDirection":"In"}}},{"Time":0.15000000596046449,"poses":{"Left Leg":{"Weight":1,"CFrame":[-0.25533783435821535,0.011044085025787354,0.10362234711647034,0.7991333603858948,-0.5419415235519409,0.26016369462013247,0.4755726456642151,0.834646999835968,0.2778400778770447,-0.367717981338501,-0.09830456227064133,0.9247268438339233],"EasingStyle":"Linear","EasingDirection":"In"},"Right Arm":{"Weight":1,"CFrame":[0.03436212241649628,-0.2997243404388428,0.15658587217330934,0.001322048483416438,-0.604398787021637,-0.7966808676719666,0.9981212019920349,0.04959923028945923,-0.03597193583846092,0.06125615909695625,-0.7951364517211914,0.6033287644386292],"EasingStyle":"Linear","EasingDirection":"In"},"Head":{"Weight":1,"CFrame":[2.9802322387695315e-8,0,0.016662389039993287,0.9693285226821899,0.20825795829296113,-0.13050255179405213,-0.21596132218837739,0.9752312302589417,-0.04779842868447304,0.11731570959091187,0.07451590895652771,0.9902951121330261],"EasingStyle":"Linear","EasingDirection":"In"},"Left Arm":{"Weight":1,"CFrame":[-0.044518936425447467,-0.26539546251296999,0.02338460087776184,-0.9993642568588257,-0.009310159832239151,0.034415360540151599,0.014467454515397549,-0.9881523251533508,0.15279319882392884,0.03258497267961502,0.15319375693798066,0.9876587390899658],"EasingStyle":"Linear","EasingDirection":"In"},"Torso":{"Weight":1,"CFrame":[0.11148232221603394,-0.020985906943678857,-0.14293861389160157,0.8816704154014587,0.46711796522140505,0.0667690858244896,-0.46650102734565737,0.8841526508331299,-0.025512877851724626,-0.07095158100128174,-0.008653894998133183,0.9974422454833984],"EasingStyle":"Linear","EasingDirection":"In"},"HumanoidRootPart":{"Weight":0,"CFrame":[0,0,0,1,0,0,0,1,0,0,0,1],"EasingStyle":"Linear","EasingDirection":"In"},"Right Leg":{"Weight":1,"CFrame":[0.6982980966567993,0.380318284034729,0.6442313194274902,0.854119598865509,0.3085252642631531,-0.4186784625053406,-0.3635843098163605,0.9298451542854309,-0.05652008578181267,0.37186840176582339,0.20049983263015748,0.9063739776611328],"EasingStyle":"Linear","EasingDirection":"In"}}},{"Time":0.1666666716337204,"poses":{"Left Leg":{"Weight":1,"CFrame":[-0.24280036985874177,0.016390323638916017,0.09792810678482056,0.8103795647621155,-0.5295048952102661,0.2508176565170288,0.46502143144607546,0.8416879177093506,0.2744385898113251,-0.35642677545547488,-0.10576380789279938,0.9283178448677063],"EasingStyle":"Linear","EasingDirection":"In"},"Right Arm":{"Weight":1,"CFrame":[0.03400580957531929,-0.29882925748825076,0.18099850416183473,0.001516618300229311,-0.6095243692398071,-0.7927658557891846,0.9969713091850281,0.06256391108036041,-0.04619549587368965,0.07775582373142243,-0.7902947664260864,0.6077731847763062],"EasingStyle":"Linear","EasingDirection":"In"},"Head":{"Weight":1,"CFrame":[1.043081283569336e-7,-7.450580596923828e-8,0.016662389039993287,0.9727118611335754,0.20123229920864106,-0.11548681557178498,-0.20640341937541963,0.9778552651405335,-0.03459301218390465,0.10596822947263718,0.05748576670885086,0.9927064776420593],"EasingStyle":"Linear","EasingDirection":"In"},"Left Arm":{"Weight":1,"CFrame":[-0.08645040541887284,-0.24938419461250306,-0.02273660898208618,-0.999721348285675,0.01867455057799816,-0.014437204226851464,-0.021176591515541078,-0.9797542095184326,0.1990809440612793,-0.010427167639136315,0.1993311643600464,0.979876697063446],"EasingStyle":"Linear","EasingDirection":"In"},"Torso":{"Weight":1,"CFrame":[0.10797741264104843,-0.020244963467121125,-0.1368570327758789,0.8863605856895447,0.4582962393760681,0.06579852849245072,-0.4577101767063141,0.8887607455253601,-0.02461211197078228,-0.06975878030061722,-0.008301446214318276,0.9975293278694153],"EasingStyle":"Linear","EasingDirection":"In"},"HumanoidRootPart":{"Weight":0,"CFrame":[0,0,0,1,0,0,0,1,0,0,0,1],"EasingStyle":"Linear","EasingDirection":"In"},"Right Leg":{"Weight":1,"CFrame":[0.6967516541481018,0.372140109539032,0.6319980621337891,0.8641260862350464,0.28980278968811037,-0.4114612340927124,-0.3395934998989105,0.9391489028930664,-0.05172666534781456,0.3714328706264496,0.1844278872013092,0.9099582433700562],"EasingStyle":"Linear","EasingDirection":"In"}}},{"Time":0.18333333730697633,"poses":{"Left Leg":{"Weight":1,"CFrame":[-0.22264201939105988,0.023415327072143556,0.08097565174102783,0.8341391086578369,-0.5031676888465881,0.2259075939655304,0.4424397051334381,0.854981541633606,0.2706541121006012,-0.32933124899864199,-0.12581267952919007,0.9357948899269104],"EasingStyle":"Linear","EasingDirection":"In"},"Right Arm":{"Weight":1,"CFrame":[0.03376903384923935,-0.29903295636177065,0.20329010486602784,-0.01862160675227642,-0.6120946407318115,-0.7905651926994324,0.9983172416687012,0.032047875225543979,-0.0483282096683979,0.05491737648844719,-0.790134847164154,0.6104679107666016],"EasingStyle":"Linear","EasingDirection":"In"},"Head":{"Weight":1,"CFrame":[2.2351741790771486e-8,-7.450580596923828e-9,0.01666244864463806,0.9740733504295349,0.20517024397850038,-0.0953221470117569,-0.20772244036197663,0.9780300855636597,-0.01756421849131584,0.08962422609329224,0.03690938279032707,0.995291531085968],"EasingStyle":"Linear","EasingDirection":"In"},"Left Arm":{"Weight":1,"CFrame":[-0.13742269575595857,-0.22899556159973145,-0.08045896887779236,-0.991116464138031,0.09964011609554291,-0.08809074014425278,-0.11886432766914368,-0.9607572555541992,0.2506328821182251,-0.05966062843799591,0.258877158164978,0.9640659689903259],"EasingStyle":"Linear","EasingDirection":"In"},"Torso":{"Weight":1,"CFrame":[0.09802696853876114,-0.018305812031030656,-0.12163519114255905,0.8984122276306152,0.43461960554122927,0.06293854862451554,-0.4341112971305847,0.9005842804908752,-0.022254658862948419,-0.06635378301143646,-0.0073284790851175789,0.9977692365646362],"EasingStyle":"Linear","EasingDirection":"In"},"HumanoidRootPart":{"Weight":0,"CFrame":[0,0,0,1,0,0,0,1,0,0,0,1],"EasingStyle":"Linear","EasingDirection":"In"},"Right Leg":{"Weight":1,"CFrame":[0.6803845763206482,0.35431134700775149,0.6156684160232544,0.8730560541152954,0.2630504369735718,-0.41058191657066347,-0.305189311504364,0.9514779448509216,-0.039360322058200839,0.3803058862686157,0.1596689373254776,0.9109737873077393],"EasingStyle":"Linear","EasingDirection":"In"}}},{"Time":0.20000000298023225,"poses":{"Left Leg":{"Weight":1,"CFrame":[-0.19534309208393098,0.031316399574279788,0.05721312761306763,0.8643109202384949,-0.46566757559776308,0.19005368649959565,0.4107612371444702,0.8716004490852356,0.2675589621067047,-0.2902444303035736,-0.15318746864795686,0.9446119666099548],"EasingStyle":"Linear","EasingDirection":"In"},"Right Arm":{"Weight":1,"CFrame":[0.0334942489862442,-0.3005838394165039,0.22371560335159303,-0.07670353353023529,-0.6157912015914917,-0.7841668725013733,0.9970027804374695,-0.05533859133720398,-0.05406579002737999,-0.010101444087922573,-0.7859636545181274,0.6181902289390564],"EasingStyle":"Linear","EasingDirection":"In"},"Head":{"Weight":1,"CFrame":[8.940696716308594e-8,3.015156835317612e-8,0.016661733388900758,0.9738478660583496,0.21581058204174043,-0.07103617489337921,-0.2162933349609375,0.9763280153274536,0.0009160760091617703,0.06955229490995407,0.014472601935267449,0.9974732995033264],"EasingStyle":"Linear","EasingDirection":"In"},"Left Arm":{"Weight":1,"CFrame":[-0.1942758709192276,-0.20505759119987489,-0.14572182297706605,-0.9579493403434753,0.2191489040851593,-0.18522101640701295,-0.2669491171836853,-0.9173778295516968,0.29522213339805605,-0.10522009432315827,0.33225250244140627,0.9373030662536621],"EasingStyle":"Linear","EasingDirection":"In"},"Torso":{"Weight":1,"CFrame":[0.08246275037527085,-0.01563098467886448,-0.10181330889463425,0.9145749807357788,0.4001995325088501,0.05824907124042511,-0.39979174733161929,0.9164090156555176,-0.019002825021743776,-0.06098489463329315,-0.005907986778765917,0.9981212019920349],"EasingStyle":"Linear","EasingDirection":"In"},"HumanoidRootPart":{"Weight":0,"CFrame":[0,0,0,1,0,0,0,1,0,0,0,1],"EasingStyle":"Linear","EasingDirection":"In"},"Right Leg":{"Weight":1,"CFrame":[0.6520166993141174,0.33043915033340456,0.5941854119300842,0.8811951875686646,0.22963447868824006,-0.4132351279258728,-0.26089876890182497,0.9651587605476379,-0.02001052163541317,0.39424219727516177,0.12544561922550202,0.9104045033454895],"EasingStyle":"Linear","EasingDirection":"In"}}},{"Time":0.21666666865348817,"poses":{"Left Leg":{"Weight":1,"CFrame":[-0.16244059801101685,0.03943073749542236,0.03124314546585083,0.8951613903045654,-0.42043498158454897,0.14805565774440766,0.37344855070114138,0.8887403011322022,0.26585137844085696,-0.24335630238056184,-0.18268868327140809,0.9525768160820007],"EasingStyle":"Linear","EasingDirection":"In"},"Right Arm":{"Weight":1,"CFrame":[0.033509932458400729,-0.3031737804412842,0.2426113486289978,-0.16984163224697114,-0.6106069087982178,-0.7735069394111633,0.9790583848953247,-0.19395004212856294,-0.06187097728252411,-0.11224286258220673,-0.7678167819976807,0.630760669708252],"EasingStyle":"Linear","EasingDirection":"In"},"Head":{"Weight":1,"CFrame":[1.0803341865539551e-7,9.313225746154786e-10,0.01666274666786194,0.9724289178848267,0.2289997786283493,-0.044057123363018039,-0.22837740182876588,0.9733921885490418,0.018745357170701028,0.04717756807804108,-0.008166867308318615,0.9988531470298767],"EasingStyle":"Linear","EasingDirection":"In"},"Left Arm":{"Weight":1,"CFrame":[-0.2540804445743561,-0.1784099042415619,-0.21461030840873719,-0.885037899017334,0.35673460364341738,-0.29907891154289248,-0.4451434314250946,-0.8365280032157898,0.31948167085647585,-0.13621766865253449,0.4158862233161926,0.8991569876670837],"EasingStyle":"Linear","EasingDirection":"In"},"Torso":{"Weight":1,"CFrame":[0.06214117631316185,-0.01269826851785183,-0.0819389820098877,0.9317733645439148,0.359323114156723,0.05181988328695297,-0.3590161204338074,0.9332036972045898,-0.015437472611665726,-0.05390555039048195,-0.004219950642436743,0.9985371232032776],"EasingStyle":"Linear","EasingDirection":"In"},"HumanoidRootPart":{"Weight":0,"CFrame":[0,0,0,1,0,0,0,1,0,0,0,1],"EasingStyle":"Linear","EasingDirection":"In"},"Right Leg":{"Weight":1,"CFrame":[0.6146321296691895,0.3037791848182678,0.5669910907745361,0.8888242840766907,0.19089774787425996,-0.41659265756607058,-0.20756827294826508,0.978205680847168,0.005390360485762358,0.40854230523109438,0.08168026059865952,0.9090772867202759],"EasingStyle":"Linear","EasingDirection":"In"}}},{"Time":0.23333333432674409,"poses":{"Left Leg":{"Weight":1,"CFrame":[-0.1401752531528473,0.04549860954284668,0.007379740476608276,0.9191153049468994,-0.38065478205680849,0.10163172334432602,0.34390202164649966,0.9009883403778076,0.26448342204093935,-0.19224591553211213,-0.2081393450498581,0.9590200781822205],"EasingStyle":"Linear","EasingDirection":"In"},"Right Arm":{"Weight":1,"CFrame":[0.03427877277135849,-0.30634957551956179,0.260440468788147,-0.2921961545944214,-0.5824825167655945,-0.7585086822509766,0.9250073432922363,-0.37354233860969546,-0.06948056817054749,-0.24286390841007234,-0.7219281196594238,0.6479483246803284],"EasingStyle":"Linear","EasingDirection":"In"},"Head":{"Weight":1,"CFrame":[5.4016709327697757e-8,1.862645149230957e-9,0.016662001609802247,0.9704332947731018,0.24081678688526154,-0.016326608136296274,-0.24016261100769044,0.9701251983642578,0.034335941076278689,0.024107487872242929,-0.02939969301223755,0.9992769956588745],"EasingStyle":"Linear","EasingDirection":"In"},"Left Arm":{"Weight":1,"CFrame":[-0.3140786290168762,-0.15023201704025269,-0.28338855504989626,-0.7670747637748718,0.48783233761787417,-0.4166725277900696,-0.6250852346420288,-0.7145256400108337,0.3142000734806061,-0.1444462388753891,0.5014705657958984,0.8530312776565552],"EasingStyle":"Linear","EasingDirection":"In"},"Torso":{"Weight":1,"CFrame":[0.037975478917360309,-0.00995644275099039,-0.06656098365783692,0.9475423097610474,0.31661370396614077,0.04380993917584419,-0.3163912892341614,0.9485515356063843,-0.012104191817343235,-0.04538833722472191,-0.00239184801466763,0.9989665746688843],"EasingStyle":"Linear","EasingDirection":"In"},"HumanoidRootPart":{"Weight":0,"CFrame":[0,0,0,1,0,0,0,1,0,0,0,1],"EasingStyle":"Linear","EasingDirection":"In"},"Right Leg":{"Weight":1,"CFrame":[0.5720663070678711,0.2771127223968506,0.5344287157058716,0.8963295221328735,0.14824828505516053,-0.4178706407546997,-0.1469356268644333,0.9885081648826599,0.0355178564786911,0.4183340072631836,0.02956431172788143,0.9078119993209839],"EasingStyle":"Linear","EasingDirection":"In"}}},{"Time":0.25,"poses":{"Left Leg":{"Weight":1,"CFrame":[-0.1501035988330841,0.04903906583786011,-0.013314545154571534,0.9303093552589417,-0.3628680408000946,0.05339724197983742,0.33752068877220156,0.9039605855941773,0.26255491375923159,-0.14354178309440614,-0.2262345850467682,0.9634384512901306],"EasingStyle":"Linear","EasingDirection":"In"},"Right Arm":{"Weight":1,"CFrame":[0.03627227246761322,-0.3093029260635376,0.2776331305503845,-0.4304853677749634,-0.5172048211097717,-0.7397171854972839,0.816097617149353,-0.5731300115585327,-0.07420745491981507,-0.3855735957622528,-0.6356265544891357,0.6688137054443359],"EasingStyle":"Linear","EasingDirection":"In"},"Head":{"Weight":1,"CFrame":[8.102506399154663e-8,-1.6763806343078614e-8,0.016661882400512697,0.9687997102737427,0.2476518750190735,0.009780222550034523,-0.24783596396446229,0.967674195766449,0.046732768416404727,0.0021094048861414196,-0.04769861325621605,0.9988595247268677],"EasingStyle":"Linear","EasingDirection":"In"},"Left Arm":{"Weight":1,"CFrame":[-0.37140387296676638,-0.1222110390663147,-0.34840863943099978,-0.6138831377029419,0.5915359854698181,-0.5227167010307312,-0.7788972854614258,-0.5615365505218506,0.2792772352695465,-0.12832187116146089,0.5785861611366272,0.8054634928703308],"EasingStyle":"Linear","EasingDirection":"In"},"Torso":{"Weight":1,"CFrame":[0.010938726365566254,-0.007782898843288422,-0.0602259635925293,0.9602525234222412,0.2769986689090729,0.03445082902908325,-0.27683740854263308,0.9608702063560486,-0.009461779147386551,-0.03572367876768112,-0.00045158062130212784,0.9993615746498108],"EasingStyle":"Linear","EasingDirection":"In"},"HumanoidRootPart":{"Weight":0,"CFrame":[0,0,0,1,0,0,0,1,0,0,0,1],"EasingStyle":"Linear","EasingDirection":"In"},"Right Leg":{"Weight":1,"CFrame":[0.5294598937034607,0.2533873915672302,0.4979080259799957,0.9042336940765381,0.10314761102199555,-0.41439348459243777,-0.08191432803869248,0.9942657947540283,0.06874264031648636,0.41910791397094729,-0.0282147116959095,0.9074979424476624],"EasingStyle":"Linear","EasingDirection":"In"}}},{"Time":0.2666666805744171,"poses":{"Left Leg":{"Weight":1,"CFrame":[-0.1878211349248886,0.050778985023498538,-0.03353641927242279,0.9297816753387451,-0.36801478266716006,0.00843629240989685,0.353368878364563,0.8987311124801636,0.25963976979255679,-0.10313323885202408,-0.23842720687389375,0.9656686782836914],"EasingStyle":"Linear","EasingDirection":"In"},"Right Arm":{"Weight":1,"CFrame":[0.03972810506820679,-0.31084898114204409,0.29432547092437746,-0.5630688667297363,-0.4078143835067749,-0.7187772393226624,0.6451642513275147,-0.7604576945304871,-0.07393978536128998,-0.516446053981781,-0.5053627490997315,0.6912974715232849],"EasingStyle":"Linear","EasingDirection":"In"},"Head":{"Weight":1,"CFrame":[9.685754776000977e-8,2.7939677238464357e-8,0.016662120819091798,0.9684135913848877,0.24731861054897309,0.031759001314640048,-0.24876482784748078,0.9669910073280335,0.05517652630805969,-0.01706448383629322,-0.061334166675806048,0.9979714155197144],"EasingStyle":"Linear","EasingDirection":"In"},"Left Arm":{"Weight":1,"CFrame":[-0.4227871298789978,-0.09640762209892273,-0.4059462249279022,-0.4464229643344879,0.6584324240684509,-0.6059483885765076,-0.8899299502372742,-0.3974064290523529,0.22381441295146943,-0.09344103932380676,0.639167308807373,0.7633699178695679],"EasingStyle":"Linear","EasingDirection":"In"},"Torso":{"Weight":1,"CFrame":[-0.017921293154358865,-0.00617834972217679,-0.06223321333527565,0.9693709015846252,0.24441957473754884,0.02406509965658188,-0.24430815875530244,0.9696685671806336,-0.007511103060096502,-0.025171030312776567,0.0014017445500940085,0.9996821880340576],"EasingStyle":"Linear","EasingDirection":"In"},"HumanoidRootPart":{"Weight":0,"CFrame":[0,0,0,1,0,0,0,1,0,0,0,1],"EasingStyle":"Linear","EasingDirection":"In"},"Right Leg":{"Weight":1,"CFrame":[0.489895761013031,0.2319493293762207,0.4592796862125397,0.9127246141433716,0.05644296482205391,-0.4046577215194702,-0.01567017287015915,0.9945191144943237,0.10337403416633606,0.40827465057373049,-0.08801095932722092,0.9086065888404846],"EasingStyle":"Linear","EasingDirection":"In"}}},{"Time":0.28333333134651186,"poses":{"Left Leg":{"Weight":1,"CFrame":[-0.23797926306724549,0.050036728382110599,-0.055833011865615848,0.9211375713348389,-0.3878529667854309,-0.03279709815979004,0.3829365372657776,0.8879048824310303,0.25492072105407717,-0.06975109130144119,-0.24737626314163209,0.9664055705070496],"EasingStyle":"Linear","EasingDirection":"In"},"Right Arm":{"Weight":1,"CFrame":[0.04441919922828674,-0.3097575902938843,0.3101454973220825,-0.6664310097694397,-0.26153865456581118,-0.6981884837150574,0.42585495114326479,-0.9021927118301392,-0.0685267522931099,-0.6119781732559204,-0.34299540519714358,0.7126267552375794],"EasingStyle":"Linear","EasingDirection":"In"},"Head":{"Weight":1,"CFrame":[1.0058283805847168e-7,-2.421438694000244e-8,0.016662001609802247,0.9690330028533936,0.2423393726348877,0.047399379312992099,-0.24489589035511018,0.9677691459655762,0.05872732028365135,-0.03163968026638031,-0.06851666420698166,0.9971481561660767],"EasingStyle":"Linear","EasingDirection":"In"},"Left Arm":{"Weight":1,"CFrame":[-0.46449488401412966,-0.07492201030254364,-0.4520995616912842,-0.2869408428668976,0.6918172240257263,-0.6626114249229431,-0.9566870331764221,-0.24243499338626862,0.16116845607757569,-0.04914108291268349,0.6801575422286987,0.7314170002937317],"EasingStyle":"Linear","EasingDirection":"In"},"Torso":{"Weight":1,"CFrame":[-0.04753304272890091,-0.004884876310825348,-0.06747103482484818,0.9758131504058838,0.21821901202201844,0.01300402544438839,-0.21815824508666993,0.975895345211029,-0.005938608665019274,-0.01398648601025343,0.002958037657663226,0.999897837638855],"EasingStyle":"Linear","EasingDirection":"In"},"HumanoidRootPart":{"Weight":0,"CFrame":[0,0,0,1,0,0,0,1,0,0,0,1],"EasingStyle":"Linear","EasingDirection":"In"},"Right Leg":{"Weight":1,"CFrame":[0.45205646753311159,0.20933163166046143,0.42180901765823367,0.9201402068138123,0.010392202064394951,-0.3914509117603302,0.04761963337659836,0.9892593026161194,0.13819706439971925,0.38868287205696108,-0.14580146968364716,0.909762442111969],"EasingStyle":"Linear","EasingDirection":"In"}}},{"Time":0.30000001192092898,"poses":{"Left Leg":{"Weight":1,"CFrame":[-0.2931565046310425,0.04619985818862915,-0.0807519257068634,0.9061118364334106,-0.4170674681663513,-0.07082466781139374,0.42097988724708559,0.872481107711792,0.24809792637825013,-0.041680432856082919,-0.2546202838420868,0.966142475605011],"EasingStyle":"Linear","EasingDirection":"In"},"Right Arm":{"Weight":1,"CFrame":[0.04968540370464325,-0.3052791357040405,0.3243097960948944,-0.7263411283493042,-0.0986507385969162,-0.6802180409431458,0.18960420787334443,-0.9800052046775818,-0.06033213436603546,-0.6606654524803162,-0.17279402911663056,0.7305227518081665],"EasingStyle":"Linear","EasingDirection":"In"},"Head":{"Weight":1,"CFrame":[7.82310962677002e-8,5.960464477539063e-8,0.0166623592376709,0.9700977206230164,0.23596061766147614,0.056859347969293597,-0.23908589780330659,0.9693599939346314,0.05638417229056358,-0.041812777519226077,-0.06829232722520828,0.996788740158081],"EasingStyle":"Linear","EasingDirection":"In"},"Left Arm":{"Weight":1,"CFrame":[-0.49250441789627077,-0.05964820086956024,-0.48280638456344607,-0.1516665816307068,0.7026968002319336,-0.6951364278793335,-0.9884223937988281,-0.11087384819984436,0.10357681661844254,-0.004289295990020037,0.7027973532676697,0.711376965045929],"EasingStyle":"Linear","EasingDirection":"In"},"Torso":{"Weight":1,"CFrame":[-0.0768643468618393,-0.0038278475403785707,-0.07386040687561035,0.9805023074150086,0.1965012401342392,0.0015712141757830978,-0.19649218022823335,0.9804943203926086,-0.004653561860322952,-0.0024549972731620075,0.004254097118973732,0.9999879598617554],"EasingStyle":"Linear","EasingDirection":"In"},"HumanoidRootPart":{"Weight":0,"CFrame":[0,0,0,1,0,0,0,1,0,0,0,1],"EasingStyle":"Linear","EasingDirection":"In"},"Right Leg":{"Weight":1,"CFrame":[0.41763222217559817,0.1872747540473938,0.3893750309944153,0.9250321984291077,-0.03032083995640278,-0.37867677211761477,0.10239054262638092,0.9798200130462647,0.17166505753993989,0.36583009362220766,-0.19756877422332765,0.9094696044921875],"EasingStyle":"Linear","EasingDirection":"In"}}},{"Time":0.3166666626930237,"poses":{"Left Leg":{"Weight":1,"CFrame":[-0.3478725254535675,0.03852713108062744,-0.1077023446559906,0.8860489726066589,-0.4513043463230133,-0.10602634400129318,0.46326592564582827,0.8533874154090881,0.238986536860466,-0.01737414300441742,-0.26087215542793276,0.9652169942855835],"EasingStyle":"Linear","EasingDirection":"In"},"Right Arm":{"Weight":1,"CFrame":[0.054762303829193118,-0.29740476608276369,0.33599838614463808,-0.7438617944717407,0.0576402023434639,-0.6658431887626648,-0.029683193191885949,-0.9981402158737183,-0.05324491113424301,-0.66767