{"Sequence":[{"Time":0,"poses":{"Left Leg":{"Weight":1,"CFrame":[-0.04795216768980026,-3.5762786865234377e-7,-0.0022450685501098634,0.9956259727478027,-2.148357935993772e-9,-0.0934293195605278,-7.818608871446031e-9,1,-8.704038378937185e-8,0.0934293270111084,8.337578805139856e-8,0.9956259727478027],"EasingStyle":"Constant","EasingDirection":"In"},"Right Arm":{"Weight":1,"CFrame":[0,5.960464477539063e-8,-5.960464477539063e-8,0.9628285765647888,-0.21387439966201783,-0.16498149931430818,0.21080204844474793,0.9768611192703247,-0.03612101078033447,0.1688893884420395,-7.671298618561195e-8,0.9856351017951965],"EasingStyle":"Constant","EasingDirection":"In"},"Left Arm":{"Weight":1,"CFrame":[-0.062428709119558337,0.4592629671096802,0.037889719009399417,-0.9906787276268005,0.13424570858478547,0.023104239255189897,-0.13567176461219788,-0.9875928163528442,-0.07907994091510773,0.01220144797116518,-0.08147745579481125,0.9966005086898804],"EasingStyle":"Constant","EasingDirection":"In"},"Right Leg":{"Weight":1,"CFrame":[0.04795216768980026,-1.1920928955078126e-7,-0.0022449493408203127,0.995625913143158,2.1483543832800935e-9,0.0934293195605278,-8.749923452455733e-9,1,8.704038378937185e-8,-0.0934293195605278,-9.146976509555316e-8,0.9956259727478027],"EasingStyle":"Constant","EasingDirection":"In"},"Torso":{"Weight":1,"CFrame":[0,0,0.2791144847869873,1,0,-8.742277657347586e-8,0,1,0,8.742277657347586e-8,0,1],"EasingStyle":"Constant","EasingDirection":"In"},"HumanoidRootPart":{"Weight":0,"CFrame":[0,0,0,1,0,0,0,1,0,0,0,1],"EasingStyle":"Linear","EasingDirection":"In"},"Head":{"Weight":1,"CFrame":[8.742279078433057e-8,0,2.384185791015625e-7,1,1.1379081676921033e-8,8.667905149195576e-8,0,0.9914928078651428,-0.13016152381896974,-8.742277657347586e-8,0.13016152381896974,0.9914928078651428],"EasingStyle":"Constant","EasingDirection":"In"}}},{"Time":0.03333333507180214,"poses":{"Left Leg":{"Weight":1,"CFrame":[-0.36176735162734988,0.0023368000984191896,-0.03601449728012085,0.9801427125930786,-0.1668642908334732,-0.10712846368551254,0.16786475479602815,0.9858101010322571,0.00032386407838203013,0.1055542603135109,-0.018300479277968408,0.9942451119422913],"EasingStyle":"Constant","EasingDirection":"In"},"Right Arm":{"Weight":1,"CFrame":[-1.862645149230957e-9,-5.960464477539063e-8,-5.960464477539063e-8,0.9528204202651978,-0.27728044986724856,-0.12348637729883194,0.26156237721443179,0.9564645290374756,-0.1294626146554947,0.15400782227516175,0.09105530381202698,0.9838650822639465],"EasingStyle":"Constant","EasingDirection":"In"},"Left Arm":{"Weight":1,"CFrame":[-0.08149256557226181,0.4558500647544861,-0.005368351936340332,-0.9901436567306519,0.13899630308151246,0.017196321859955789,-0.13951434195041657,-0.9896392822265625,-0.03390888124704361,0.012304956093430519,-0.03597382456064224,0.9992770552635193],"EasingStyle":"Constant","EasingDirection":"In"},"Right Leg":{"Weight":1,"CFrame":[0.34595978260040285,0.0053868889808654789,-0.011200487613677979,0.9848218560218811,0.17036961019039155,0.03316694125533104,-0.17046751081943513,0.9853633642196655,0.00011719028407242149,-0.032661519944667819,-0.005769294686615467,0.9994498491287231],"EasingStyle":"Constant","EasingDirection":"In"},"Torso":{"Weight":1,"CFrame":[0.00028962711803615093,0.003903079777956009,0.2501051425933838,0.9998786449432373,0.015578441321849823,0.0004590794269461185,-0.015580986626446247,0.9998594522476196,0.006187838036566973,-0.0003626180696301162,-0.006194239482283592,0.9999807476997376],"EasingStyle":"Constant","EasingDirection":"In"},"HumanoidRootPart":{"Weight":0,"CFrame":[0,0,0,1,0,0,0,1,0,0,0,1],"EasingStyle":"Linear","EasingDirection":"In"},"Head":{"Weight":1,"CFrame":[0.0013175250496715308,-0.0016527286497876049,-0.007007777690887451,0.9996150732040405,-0.027733564376831056,-0.0008414671756327152,0.027393540367484094,0.9912720322608948,-0.12895554304122926,0.004410518333315849,0.12888281047344209,0.9916501045227051],"EasingStyle":"Constant","EasingDirection":"In"}}},{"Time":0.06666667014360428,"poses":{"Left Leg":{"Weight":1,"CFrame":[-0.6439563632011414,-0.0031911134719848634,-0.08376014232635498,0.9336625933647156,-0.3312344551086426,-0.13622719049453736,0.33488917350769045,0.9422483444213867,0.004170693922787905,0.12697836756706239,-0.04951499402523041,0.9906688332557678],"EasingStyle":"Constant","EasingDirection":"In"},"Right Arm":{"Weight":1,"CFrame":[-1.1175870895385743e-8,-2.682209014892578e-7,-5.960464477539063e-8,0.9165283441543579,-0.3998502492904663,-0.009780294261872769,0.37536269426345827,0.8683288097381592,-0.3242034614086151,0.13812538981437684,0.293470561504364,0.9459368586540222],"EasingStyle":"Constant","EasingDirection":"In"},"Left Arm":{"Weight":1,"CFrame":[-0.13065727055072785,0.4470480680465698,-0.11692875623703003,-0.9857463836669922,0.16776858270168305,-0.012561550363898278,-0.16823594272136689,-0.9826030731201172,0.07866314053535462,0.0008541828137822449,0.0796552449464798,0.9968221187591553],"EasingStyle":"Constant","EasingDirection":"In"},"Right Leg":{"Weight":1,"CFrame":[0.5530906319618225,0.019657015800476075,0.06923604011535645,0.9396986365318298,0.32095611095428469,-0.11812541633844376,-0.322586327791214,0.9465236663818359,0.005576146300882101,0.11359824985265732,0.032865799963474277,0.9929830431938171],"EasingStyle":"Constant","EasingDirection":"In"},"Torso":{"Weight":1,"CFrame":[0.0013139504007995129,0.013639021664857865,0.17511773109436036,0.9982280731201172,0.05946720391511917,0.002083013765513897,-0.059498380869627,0.9979943037033081,0.021622931584715844,-0.0007929803687147796,-0.02170855551958084,0.9997640252113342],"EasingStyle":"Constant","EasingDirection":"In"},"HumanoidRootPart":{"Weight":0,"CFrame":[0,0,0,1,0,0,0,1,0,0,0,1],"EasingStyle":"Linear","EasingDirection":"In"},"Head":{"Weight":1,"CFrame":[0.004715126007795334,-0.005915029905736446,-0.025080859661102296,0.995040774345398,-0.09942442923784256,-0.0029324518982321026,0.09826305508613587,0.9871371984481812,-0.1261131465435028,0.015433466993272305,0.1251995712518692,0.9920114874839783],"EasingStyle":"Constant","EasingDirection":"In"}}},{"Time":0.10000000149011612,"poses":{"Left Leg":{"Weight":1,"CFrame":[-0.8738650679588318,-0.028122901916503907,-0.1368885636329651,0.8610624670982361,-0.4817593991756439,-0.162724107503891,0.4905906319618225,0.8712319135665894,0.016621727496385576,0.13376274704933167,-0.09414324164390564,0.986531674861908],"EasingStyle":"Constant","EasingDirection":"In"},"Right Arm":{"Weight":1,"CFrame":[1.4901161193847657e-8,-2.9802322387695315e-8,0,0.8631600141525269,-0.48890572786331179,0.12619949877262116,0.4830237030982971,0.7266843318939209,-0.4884851276874542,0.1471160501241684,0.4825981855392456,0.863398015499115],"EasingStyle":"Constant","EasingDirection":"In"},"Left Arm":{"Weight":1,"CFrame":[-0.19788244366645814,0.43501323461532595,-0.2694704532623291,-0.9672524929046631,0.23710300028324128,-0.0905810222029686,-0.2516273260116577,-0.9425364136695862,0.21979226171970368,-0.03326251730322838,0.23538738489151,0.971332311630249],"EasingStyle":"Constant","EasingDirection":"In"},"Right Leg":{"Weight":1,"CFrame":[0.6578365564346314,0.05146688222885132,0.23615241050720216,0.8520905375480652,0.42452725768089297,-0.30613449215888979,-0.43965598940849306,0.8979105353355408,0.02143089286983013,0.2839794456958771,0.1163327693939209,0.9517471194267273],"EasingStyle":"Constant","EasingDirection":"In"},"Torso":{"Weight":1,"CFrame":[0.0034299949184060098,0.02620890736579895,0.0722196102142334,0.9918563961982727,0.12724515795707704,0.005437731277197599,-0.1273612529039383,0.9909858107566834,0.0415508970618248,-0.00010156429198104888,-0.041905082762241366,0.9991216063499451],"EasingStyle":"Constant","EasingDirection":"In"},"HumanoidRootPart":{"Weight":0,"CFrame":[0,0,0,1,0,0,0,1,0,0,0,1],"EasingStyle":"Linear","EasingDirection":"In"},"Head":{"Weight":1,"CFrame":[0.009360826574265957,-0.011743063107132912,-0.04979175329208374,0.9803509712219238,-0.19718177616596223,-0.005602869670838118,0.19501802325248719,0.9730825424194336,-0.12279466539621353,0.029664915055036546,0.11928922683000565,0.9924163222312927],"EasingStyle":"Constant","EasingDirection":"In"}}},{"Time":0.13333334028720857,"poses":{"Left Leg":{"Weight":1,"CFrame":[-1.0360623598098755,-0.07833278179168701,-0.16608619689941407,0.7713618278503418,-0.6137101650238037,-0.16840732097625733,0.6281839609146118,0.7766402363777161,0.04706030711531639,0.1019105315208435,-0.1420912742614746,0.9845934510231018],"EasingStyle":"Constant","EasingDirection":"In"},"Right Arm":{"Weight":1,"CFrame":[1.4901161193847657e-8,4.172325134277344e-7,0,0.8347457647323608,-0.5161877274513245,0.19170255959033967,0.527166485786438,0.6486130356788635,-0.5489957332611084,0.15904434025287629,0.5593311190605164,0.813543975353241],"EasingStyle":"Constant","EasingDirection":"In"},"Left Arm":{"Weight":1,"CFrame":[-0.2711277902126312,0.42190027236938479,-0.4356726408004761,-0.9028539657592773,0.3524243235588074,-0.24627640843391419,-0.42041271924972536,-0.843612790107727,0.33402156829833987,-0.09004473686218262,0.4051107168197632,0.9098228216171265],"EasingStyle":"Constant","EasingDirection":"In"},"Right Leg":{"Weight":1,"CFrame":[0.6807703971862793,0.11818170547485352,0.4177135229110718,0.7530656456947327,0.46625110507011416,-0.4642221927642822,-0.5065624117851257,0.8611234426498413,0.04313657805323601,0.41986504197120669,0.20267270505428315,0.884667694568634],"EasingStyle":"Constant","EasingDirection":"In"},"Torso":{"Weight":1,"CFrame":[0.006790900602936745,0.038562506437301639,-0.04036664962768555,0.9767614603042603,0.2140587419271469,0.01076602004468441,-0.21431365609169007,0.9748497605323792,0.061135951429605487,0.002591430675238371,-0.06202254071831703,0.9980714917182922],"EasingStyle":"Constant","EasingDirection":"In"},"HumanoidRootPart":{"Weight":0,"CFrame":[0,0,0,1,0,0,0,1,0,0,0,1],"EasingStyle":"Linear","EasingDirection":"In"},"Head":{"Weight":1,"CFrame":[0.014422562904655934,-0.018093058839440347,-0.07671552896499634,0.9530976414680481,-0.30255818367004397,-0.007965393364429474,0.29947060346603396,0.9465304017066956,-0.11999000608921051,0.04384344443678856,0.11197679489850998,0.992743194103241],"EasingStyle":"Constant","EasingDirection":"In"}}},{"Time":0.1666666716337204,"poses":{"Left Leg":{"Weight":1,"CFrame":[-1.1091145277023316,-0.1479727029800415,-0.12853366136550904,0.6759570240974426,-0.7245128154754639,-0.13477067649364472,0.7368867993354797,0.6667293310165405,0.11166924238204956,0.008949779905378819,-0.1747944951057434,0.9845643043518066],"EasingStyle":"Constant","EasingDirection":"In"},"Right Arm":{"Weight":1,"CFrame":[-4.470348358154297e-8,2.384185791015625e-7,0,0.9204187393188477,-0.3894614577293396,0.0339001826941967,0.3496212959289551,0.7812522053718567,-0.5171166062355042,0.17491260170936585,0.4878162145614624,0.855243444442749],"EasingStyle":"Constant","EasingDirection":"In"},"Left Arm":{"Weight":1,"CFrame":[-0.3383530378341675,0.40986478328704836,-0.5882143378257752,-0.7172646522521973,0.4957495331764221,-0.48965710401535036,-0.6790415644645691,-0.654944121837616,0.3315874934196472,-0.15631389617919923,0.5703338384628296,0.8064029812812805],"EasingStyle":"Constant","EasingDirection":"In"},"Right Leg":{"Weight":1,"CFrame":[0.6911463141441345,0.23116159439086915,0.5271997451782227,0.7038097381591797,0.4599590003490448,-0.5413774847984314,-0.51272052526474,0.8563833832740784,0.0610361211001873,0.49170058965682986,0.2346174567937851,0.8385612964630127],"EasingStyle":"Constant","EasingDirection":"In"},"Torso":{"Weight":1,"CFrame":[0.010989595204591751,0.047667309641838077,-0.14419317245483399,0.9491038918495178,0.3144811987876892,0.017422517761588098,-0.31487929821014407,0.9461184740066528,0.07557046413421631,0.007281727157533169,-0.0772102028131485,0.9969882369041443],"EasingStyle":"Constant","EasingDirection":"In"},"HumanoidRootPart":{"Weight":0,"CFrame":[0,0,0,1,0,0,0,1,0,0,0,1],"EasingStyle":"Linear","EasingDirection":"In"},"Head":{"Weight":1,"CFrame":[0.019068270921707155,-0.02392110414803028,-0.10142761468887329,0.9171860218048096,-0.39836081862449648,-0.008866720832884312,0.3946119248867035,0.9111893177032471,-0.11838702112436295,0.05524000898003578,0.10508397966623306,0.9929280281066895],"EasingStyle":"Constant","EasingDirection":"In"}}},{"Time":0.20000000298023225,"poses":{"Left Leg":{"Weight":1,"CFrame":[-1.0477060079574586,-0.19198668003082276,0.01101529598236084,0.5925360321998596,-0.8043850064277649,-0.0431923046708107,0.7890340089797974,0.5687571167945862,0.23225173354148866,-0.1622539609670639,-0.17169775068759919,0.9716963171958923],"EasingStyle":"Constant","EasingDirection":"In"},"Right Arm":{"Weight":1,"CFrame":[1.4901161193847657e-8,-2.9802322387695315e-8,0,0.9628285765647888,-0.21387439966201783,-0.1649814397096634,0.21080206334590913,0.9768611788749695,-0.03612101078033447,0.1688893884420395,-6.984918599073353e-8,0.9856351017951965],"EasingStyle":"Constant","EasingDirection":"In"},"Left Arm":{"Weight":1,"CFrame":[-0.3875177204608917,0.40106260776519778,-0.6997746825218201,-0.3071762025356293,0.5992904305458069,-0.7392523884773254,-0.9295775294303894,-0.35529735684394839,0.09823088347911835,-0.20378555357456208,0.7173665165901184,0.6662256717681885],"EasingStyle":"Constant","EasingDirection":"In"},"Right Leg":{"Weight":1,"CFrame":[0.7579309940338135,0.38308781385421755,0.49419105052948,0.7506757378578186,0.4243549108505249,-0.506368100643158,-0.44849827885627749,0.8901012539863586,0.08105216175317764,0.48511356115341189,0.16626128554344178,0.8584997653961182],"EasingStyle":"Constant","EasingDirection":"In"},"Torso":{"Weight":1,"CFrame":[0.01484130322933197,0.050656840205192569,-0.2206578254699707,0.9059866070747376,0.4226522147655487,0.023528913035988809,-0.4231158196926117,0.9025095701217651,0.08030999451875687,0.012708129361271859,-0.0827152356505394,0.9964922070503235],"EasingStyle":"Constant","EasingDirection":"In"},"HumanoidRootPart":{"Weight":0,"CFrame":[0,0,0,1,0,0,0,1,0,0,0,1],"EasingStyle":"Linear","EasingDirection":"In"},"Head":{"Weight":1,"CFrame":[0.022465860471129419,-0.028183426707983018,-0.11950010061264038,0.8823530077934265,-0.470536470413208,-0.006974920630455017,0.46650832891464236,0.8765547871589661,-0.11841321736574173,0.061831627041101459,0.10122838616371155,0.9929400086402893],"EasingStyle":"Constant","EasingDirection":"In"}}},{"Time":0.23333333432674409,"poses":{"Left Leg":{"Weight":1,"CFrame":[-0.6263381838798523,0.1653490662574768,0.2646160125732422,0.6416943669319153,-0.6955621838569641,0.32314354181289675,0.5110175609588623,0.7019349932670593,0.4961331784725189,-0.5719174742698669,-0.15323369204998017,0.8058723211288452],"EasingStyle":"Constant","EasingDirection":"In"},"Right Arm":{"Weight":1,"CFrame":[1.1824204921722413,-0.13455939292907716,-0.8648422956466675,-0.7333906888961792,-0.025314541533589364,-0.6793361306190491,-0.05135364830493927,-0.9943880438804627,0.092494435608387,-0.6778649687767029,0.10272087901830673,0.7279748916625977],"EasingStyle":"Constant","EasingDirection":"In"},"Left Arm":{"Weight":1,"CFrame":[-0.4065815210342407,0.39764970541000368,-0.7430328726768494,0.3229691982269287,0.6517026424407959,-0.6862757802009583,-0.903372585773468,-0.003897811286151409,-0.428838849067688,-0.28215062618255618,0.758464515209198,0.5874714851379395],"EasingStyle":"Constant","EasingDirection":"In"},"Right Leg":{"Weight":1,"CFrame":[0.9457820653915405,0.6074302792549133,-0.2424601912498474,0.9876253604888916,0.14864081144332887,0.050019919872283939,-0.15677209198474885,0.9269210696220398,0.3409397304058075,0.004312906879931688,-0.34456250071525576,0.9387535452842712],"EasingStyle":"Constant","EasingDirection":"In"},"Torso":{"Weight":1,"CFrame":[-0.020393185317516328,-0.02474619448184967,-0.5399508476257324,0.8675978183746338,0.49621453881263735,-0.032330866903066638,-0.4971931278705597,0.8667525053024292,-0.03923189267516136,0.008555419743061066,0.05011218041181564,0.9987070560455322],"EasingStyle":"Constant","EasingDirection":"In"},"HumanoidRootPart":{"Weight":0,"CFrame":[0,0,0,1,0,0,0,1,0,0,0,1],"EasingStyle":"Linear","EasingDirection":"In"},"Head":{"Weight":1,"CFrame":[0.023783305659890176,-0.02983614057302475,-0.12650781869888307,0.8661544322967529,-0.49111539125442507,0.09263992309570313,0.49880388379096987,0.8379294872283936,-0.22151508927345277,0.031163768842816354,0.23807545006275178,0.9707465767860413],"EasingStyle":"Constant","EasingDirection":"In"}}},{"Time":0.2666666805744171,"poses":{"Left Leg":{"Weight":1,"CFrame":[-0.6263381838798523,0.1653490662574768,0.2646160125732422,0.6416943669319153,-0.6955621838569641,0.32314354181289675,0.5110175609588623,0.7019349932670593,0.4961331784725189,-0.5719174742698669,-0.15323369204998017,0.8058723211288452],"EasingStyle":"Constant","EasingDirection":"In"},"Right Arm":{"Weight":1,"CFrame":[1.1824204921722413,-0.13455939292907716,-0.8648422956466675,-0.7333906888961792,-0.025314541533589364,-0.6793361306190491,-0.05135364830493927,-0.9943880438804627,0.092494435608387,-0.6778649687767029,0.10272087901830673,0.7279748916625977],"EasingStyle":"Constant","EasingDirection":"In"},"Left Arm":{"Weight":1,"CFrame":[-0.4065815210342407,0.39764970541000368,-0.7430328726768494,0.3229691982269287,0.6517026424407959,-0.6862757802009583,-0.903372585773468,-0.003897811286151409,-0.428838849067688,-0.28215062618255618,0.758464515209198,0.5874714851379395],"EasingStyle":"Constant","EasingDirection":"In"},"Right Leg":{"Weight":1,"CFrame":[0.9457820653915405,0.6074302792549133,-0.2424601912498474,0.9876253604888916,0.14864081144332887,0.050019919872283939,-0.15677209198474885,0.9269210696220398,0.3409397304058075,0.004312906879931688,-0.34456250071525576,0.9387535452842712],"EasingStyle":"Constant","EasingDirection":"In"},"Torso":{"Weight":1,"CFrame":[-0.020393185317516328,-0.02474619448184967,-0.5399508476257324,0.8675978183746338,0.49621453881263735,-0.032330866903066638,-0.4971931278705597,0.8667525053024292,-0.03923189267516136,0.008555419743061066,0.05011218041181564,0.9987070560455322],"EasingStyle":"Constant","EasingDirection":"In"},"HumanoidRootPart":{"Weight":0,"CFrame":[0,0,0,1,0,0,0,1,0,0,0,1],"EasingStyle":"Linear","EasingDirection":"In"},"Head":{"Weight":1,"CFrame":[0.023783305659890176,-0.02983614057302475,-0.12650781869888307,0.8661137223243713,-0.49118566513061526,0.09264923632144928,0.49887412786483767,0.8378879427909851,-0.2215142399072647,0.0311749130487442,0.2380768209695816,0.9707459211349487],"EasingStyle":"Constant","EasingDirection":"In"}}},{"Time":0.30000001192092898,"poses":{"Left Leg":{"Weight":1,"CFrame":[-0.6263381838798523,0.1653490662574768,0.2646160125732422,0.6416943669319153,-0.6955621838569641,0.32314354181289675,0.5110175609588623,0.7019349932670593,0.4961331784725189,-0.5719174742698669,-0.15323369204998017,0.8058723211288452],"EasingStyle":"Constant","EasingDirection":"In"},"Right Arm":{"Weight":1,"CFrame":[1.1824204921722413,-0.13455939292907716,-0.8648422956466675,-0.7333906888961792,-0.025314541533589364,-0.6793361306190491,-0.05135364830493927,-0.9943880438804627,0.092494435608387,-0.6778649687767029,0.10272087901830673,0.7279748916625977],"EasingStyle":"Constant","EasingDirection":"In"},"Left Arm":{"Weight":1,"CFrame":[-0.4065815210342407,0.39764970541000368,-0.7430328726768494,0.3229691982269287,0.6517026424407959,-0.6862757802009583,-0.903372585773468,-0.003897811286151409,-0.428838849067688,-0.28215062618255618,0.758464515209198,0.5874714851379395],"EasingStyle":"Constant","EasingDirection":"In"},"Right Leg":{"Weight":1,"CFrame":[0.9457820653915405,0.6074302792549133,-0.2424601912498474,0.9876253604888916,0.14864081144332887,0.050019919872283939,-0.15677209198474885,0.9269210696220398,0.3409397304058075,0.004312906879931688,-0.34456250071525576,0.9387535452842712],"EasingStyle":"Constant","EasingDirection":"In"},"Torso":{"Weight":1,"CFrame":[-0.020393185317516328,-0.02474619448184967,-0.5399508476257324,0.8675978183746338,0.49621453881263735,-0.032330866903066638,-0.4971931278705597,0.8667525053024292,-0.03923189267516136,0.008555419743061066,0.05011218041181564,0.9987070560455322],"EasingStyle":"Constant","EasingDirection":"In"},"HumanoidRootPart":{"Weight":0,"CFrame":[0,0,0,1,0,0,0,1,0,0,0,1],"EasingStyle":"Linear","EasingDirection":"In"},"Head":{"Weight":1,"CFrame":[0.023783305659890176,-0.02983614057302475,-0.12650781869888307,0.8661096096038818,-0.4911934733390808,0.09264582395553589,0.4988808035850525,0.8378833532333374,-0.22151683270931245,0.031181223690509797,0.2380770593881607,0.9707456827163696],"EasingStyle":"Constant","EasingDirection":"In"}}},{"Time":0.3333333432674408,"poses":{"Left Leg":{"Weight":1,"CFrame":[-0.6263381838798523,0.1653490662574768,0.2646160125732422,0.6416943669319153,-0.6955621838569641,0.32314354181289675,0.5110175609588623,0.7019349932670593,0.4961331784725189,-0.5719174742698669,-0.15323369204998017,0.8058723211288452],"EasingStyle":"Constant","EasingDirection":"In"},"Right Arm":{"Weight":1,"CFrame":[1.1824204921722413,-0.13455939292907716,-0.8648422956466675,-0.7333906888961792,-0.025314541533589364,-0.6793361306190491,-0.05135364830493927,-0.9943880438804627,0.092494435608387,-0.6778649687767029,0.10272087901830673,0.7279748916625977],"EasingStyle":"Constant","EasingDirection":"In"},"Left Arm":{"Weight":1,"CFrame":[-0.4065815210342407,0.39764970541000368,-0.7430328726768494,0.3229691982269287,0.6517026424407959,-0.6862757802009583,-0.903372585773468,-0.003897811286151409,-0.428838849067688,-0.28215062618255618,0.758464515209198,0.5874714851379395],"EasingStyle":"Constant","EasingDirection":"In"},"Right Leg":{"Weight":1,"CFrame":[0.9457820653915405,0.6074302792549133,-0.2424601912498474,0.9876253604888916,0.14864081144332887,0.050019919872283939,-0.15677209198474885,0.9269210696220398,0.3409397304058075,0.004312906879931688,-0.34456250071525576,0.9387535452842712],"EasingStyle":"Constant","EasingDirection":"In"},"Torso":{"Weight":1,"CFrame":[-0.020393185317516328,-0.02474619448184967,-0.5399508476257324,0.8675978183746338,0.49621453881263735,-0.032330866903066638,-0.4971931278705597,0.8667525053024292,-0.03923189267516136,0.008555419743061066,0.05011218041181564,0.9987070560455322],"EasingStyle":"Constant","EasingDirection":"In"},"HumanoidRootPart":{"Weight":0,"CFrame":[0,0,0,1,0,0,0,1,0,0,0,1],"EasingStyle":"Linear","EasingDirection":"In"},"Head":{"Weight":1,"CFrame":[0.023783305659890176,-0.02983614057302475,-0.12650781869888307,0.8660728931427002,-0.4912593364715576,0.09263989329338074,0.49894312024116518,0.837846577167511,-0.22151510417461396,0.03120335377752781,0.23807023465633393,0.970746636390686],"EasingStyle":"Constant","EasingDirection":"In"}}},{"Time":0.36666667461395266,"poses":{"Left Leg":{"Weight":1,"CFrame":[-0.3669211268424988,0.0542178750038147,0.25861871242523196,0.6311022639274597,-0.6567716002464294,0.4127480387687683,0.5359393358230591,0.7538585066795349,0.3800874948501587,-0.5607842803001404,-0.018665993586182596,0.827751636505127],"EasingStyle":"Constant","EasingDirection":"In"},"Right Arm":{"Weight":1,"CFrame":[1.1791983842849732,-0.07098960876464844,-0.8645456433296204,-0.7333874702453613,-0.02540622465312481,-0.6793360710144043,-0.05122935026884079,-0.9943945407867432,0.0924944132566452,-0.6778779625892639,0.10263615101575852,0.7279748320579529],"EasingStyle":"Constant","EasingDirection":"In"},"Left Arm":{"Weight":1,"CFrame":[-0.41364604234695437,0.2582799792289734,-0.742382287979126,0.42418333888053896,0.5908416509628296,-0.6862758994102478,-0.8920941948890686,0.1423559933900833,-0.4288388192653656,-0.15568050742149354,0.7941290736198425,0.5874715447425842],"EasingStyle":"Constant","EasingDirection":"In"},"Right Leg":{"Weight":1,"CFrame":[0.8026646971702576,0.3631729483604431,-0.2530785799026489,0.9738772511482239,0.06239726021885872,0.21833404898643495,-0.11654552072286606,0.9625527858734131,0.24476365745067597,-0.1948855072259903,-0.2638157308101654,0.9446804523468018],"EasingStyle":"Constant","EasingDirection":"In"},"Torso":{"Weight":1,"CFrame":[0.009859230369329453,0.009699802845716477,-0.32662415504455569,0.7898232340812683,0.6131355166435242,0.015630483627319337,-0.6133278012275696,0.7896788716316223,0.015377855859696865,-0.0029143504798412325,-0.0217323936522007,0.9997596740722656],"EasingStyle":"Constant","EasingDirection":"In"},"HumanoidRootPart":{"Weight":0,"CFrame":[0,0,0,1,0,0,0,1,0,0,0,1],"EasingStyle":"Linear","EasingDirection":"In"},"Head":{"Weight":1,"CFrame":[0.010997741483151913,-0.013796606101095677,-0.05849844217300415,0.8359344601631165,-0.5476095676422119,0.03656826913356781,0.5420607328414917,0.8133584856987,-0.2112300544977188,0.08592849224805832,0.19639667868614198,0.9767521023750305],"EasingStyle":"Constant","EasingDirection":"In"}}},{"Time":0.4000000059604645,"poses":{"Left Leg":{"Weight":1,"CFrame":[-0.19055180251598359,0.04042607545852661,0.19510400295257569,0.6500362157821655,-0.6047922372817993,0.4600864350795746,0.5048378109931946,0.7962315082550049,0.33339759707450869,-0.5679715871810913,0.015548532828688622,0.8229012489318848],"EasingStyle":"Constant","EasingDirection":"In"},"Right Arm":{"Weight":1,"CFrame":[1.1777065992355347,-0.04156094789505005,-0.8644082546234131,-0.7333650588989258,-0.026047946885228158,-0.6793359518051148,-0.05035921186208725,-0.994438886642456,0.0924944207072258,-0.6779674291610718,0.10204295068979263,0.7279748916625977],"EasingStyle":"Constant","EasingDirection":"In"},"Left Arm":{"Weight":1,"CFrame":[-0.4169164299964905,0.1937599778175354,-0.7420812249183655,0.467447966337204,0.5572413802146912,-0.686275839805603,-0.8788502812385559,0.2090923935174942,-0.4288387894630432,-0.09547188133001328,0.8035934567451477,0.587471604347229],"EasingStyle":"Constant","EasingDirection":"In"},"Right Leg":{"Weight":1,"CFrame":[0.6661049127578735,0.2519308924674988,-0.22922956943511964,0.9566310048103333,-0.00032174214720726013,0.2913026511669159,-0.06117558106780052,0.9774775505065918,0.20197853446006776,-0.284806489944458,-0.21103936433792115,0.9350655674934387],"EasingStyle":"Constant","EasingDirection":"In"},"Torso":{"Weight":1,"CFrame":[0.025440417230129243,0.024146251380443574,-0.22899866104125977,0.7482946515083313,0.6621392965316773,0.04033247008919716,-0.6633492112159729,0.7473301887512207,0.03828086331486702,-0.004794414155185223,-0.05539987236261368,0.9984528422355652],"EasingStyle":"Constant","EasingDirection":"In"},"HumanoidRootPart":{"Weight":0,"CFrame":[0,0,0,1,0,0,0,1,0,0,0,1],"EasingStyle":"Linear","EasingDirection":"In"},"Head":{"Weight":1,"CFrame":[0.005078816786408424,-0.0063712745904922489,-0.027014851570129396,0.8199974298477173,-0.5722741484642029,0.01033317856490612,0.5616153478622437,0.8009796142578125,-0.2074126899242401,0.11042027920484543,0.17588113248348237,0.9781990051269531],"EasingStyle":"Constant","EasingDirection":"In"}}},{"Time":0.4333333373069763,"poses":{"Left Leg":{"Weight":1,"CFrame":[-0.08550108969211579,0.048678040504455569,0.14100158214569093,0.6670096516609192,-0.5675828456878662,0.4826464354991913,0.47337251901626589,0.8230924606323242,0.3137473165988922,-0.5753403902053833,0.019198965281248094,0.8176888823509216],"EasingStyle":"Constant","EasingDirection":"In"},"Right Arm":{"Weight":1,"CFrame":[1.177016019821167,-0.027937352657318116,-0.8643447160720825,-0.7333009839057922,-0.027789736166596414,-0.6793360710144043,-0.04799710959196091,-0.9945557117462158,0.0924944281578064,-0.6782078742980957,0.1004323810338974,0.7279748916625977],"EasingStyle":"Constant","EasingDirection":"In"},"Left Arm":{"Weight":1,"CFrame":[-0.4184304475784302,0.16389137506484986,-0.7419418096542358,0.48655492067337038,0.5406382083892822,-0.6862759590148926,-0.8710423111915588,0.23954670131206513,-0.4288387894630432,-0.06745152920484543,0.8064290285110474,0.5874714255332947],"EasingStyle":"Constant","EasingDirection":"In"},"Right Leg":{"Weight":1,"CFrame":[0.5719259977340698,0.19906800985336305,-0.20168834924697877,0.9451696276664734,-0.042364612221717837,0.32382041215896609,-0.018458353355526925,0.9830358028411865,0.18248292803764344,-0.3260580003261566,-0.17845435440540315,0.9283536076545715],"EasingStyle":"Constant","EasingDirection":"In"},"Torso":{"Weight":1,"CFrame":[0.03294094651937485,0.03046467900276184,-0.18404459953308106,0.7280195951461792,0.6835643649101257,0.05222361162304878,-0.6855387687683106,0.7264323830604553,0.04829792305827141,-0.00492218229919672,-0.07096313685178757,0.9974668025970459],"EasingStyle":"Constant","EasingDirection":"In"},"HumanoidRootPart":{"Weight":0,"CFrame":[0,0,0,1,0,0,0,1,0,0,0,1],"EasingStyle":"Linear","EasingDirection":"In"},"Head":{"Weight":1,"CFrame":[0.0023387596011161806,-0.0029338225722312929,-0.01243966817855835,0.8122089505195618,-0.5833637714385986,-0.0018464019522070885,0.5705621838569641,0.7950370907783508,-0.20585164427757264,0.12155432254076004,0.16614104807376862,0.9785814881324768],"EasingStyle":"Constant","EasingDirection":"In"}}},{"Time":0.46666666865348818,"poses":{"Left Leg":{"Weight":1,"CFrame":[-0.027089923620224,0.057898759841918948,0.10637402534484863,0.6779677867889404,-0.5451056957244873,0.4931727647781372,0.4520128071308136,0.8382132053375244,0.30509552359580996,-0.5796930193901062,0.01607538014650345,0.8146762847900391],"EasingStyle":"Constant","EasingDirection":"In"},"Right Arm":{"Weight":1,"CFrame":[1.1766964197158814,-0.021630823612213136,-0.8643152117729187,-0.7331647276878357,-0.031181437894701959,-0.6793361306190491,-0.04339614138007164,-0.9947671890258789,0.092494435608387,-0.6786651611328125,0.0972941517829895,0.7279748320579529],"EasingStyle":"Constant","EasingDirection":"In"},"Left Arm":{"Weight":1,"CFrame":[-0.4191313683986664,0.1500636339187622,-0.7418771982192993,0.49518951773643496,0.5327407121658325,-0.6862760186195374,-0.8670758008956909,0.2535286545753479,-0.428838849067688,-0.05446920171380043,0.8074097633361816,0.5874713659286499],"EasingStyle":"Constant","EasingDirection":"In"},"Right Leg":{"Weight":1,"CFrame":[0.5153284668922424,0.17329347133636475,-0.1820046305656433,0.9384848475456238,-0.06785641610622406,0.3385878801345825,0.008601524867117405,0.9847927093505859,0.1735202819108963,-0.345213383436203,-0.15993361175060273,0.9247967004776001],"EasingStyle":"Constant","EasingDirection":"In"},"Torso":{"Weight":1,"CFrame":[0.036469295620918277,0.03330647945404053,-0.1632843017578125,0.71842360496521,0.6931989192962647,0.05781734734773636,-0.6955891847610474,0.7164967656135559,0.05280323699116707,-0.004822797141969204,-0.07815221697092056,0.9969297647476196],"EasingStyle":"Constant","EasingDirection":"In"},"HumanoidRootPart":{"Weight":0,"CFrame":[0,0,0,1,0,0,0,1,0,0,0,1],"EasingStyle":"Linear","EasingDirection":"In"},"Head":{"Weight":1,"CFrame":[0.0010702600702643395,-0.0013425014913082123,-0.005692899227142334,0.8085171580314636,-0.5884248614311218,-0.007489627227187157,0.5746794939041138,0.7922420501708984,-0.20517337322235108,0.1266627013683319,0.1615820676088333,0.9786970615386963],"EasingStyle":"Constant","EasingDirection":"In"}}},{"Time":0.5,"poses":{"Left Leg":{"Weight":1,"CFrame":[0.003604516386985779,0.06400710344314575,0.0869755744934082,0.6841582655906677,-0.53279048204422,0.4980580806732178,0.4396807551383972,0.8461484909057617,0.3011869788169861,-0.5819005370140076,0.01292664185166359,0.8131572008132935],"EasingStyle":"Constant","EasingDirection":"In"},"Right Arm":{"Weight":1,"CFrame":[1.1765483617782593,-0.018710702657699586,-0.8643015623092651,-0.732905387878418,-0.03677227348089218,-0.6793358325958252,-0.03580790385603905,-0.995069146156311,0.0924944281578064,-0.6793875694274902,0.09211524575948715,0.7279749512672424],"EasingStyle":"Constant","EasingDirection":"In"},"Left Arm":{"Weight":1,"CFrame":[-0.41945573687553408,0.14366304874420167,-0.7418473958969116,0.4991406500339508,0.5290407538414002,-0.6862757802009583,-0.8651649355888367,0.2599746286869049,-0.4288388192653656,-0.048458974808454517,0.8077926635742188,0.5874714851379395],"EasingStyle":"Constant","EasingDirection":"In"},"Right Leg":{"Weight":1,"CFrame":[0.4844508171081543,0.16075140237808228,-0.17047077417373658,0.9348883032798767,-0.0819108635187149,0.345361590385437,0.02375182695686817,0.9852638840675354,0.1693839132785797,-0.3541465103626251,-0.15015222132205964,0.9230571389198303],"EasingStyle":"Constant","EasingDirection":"In"},"Torso":{"Weight":1,"CFrame":[0.038114145398139957,0.03460383415222168,-0.1536846160888672,0.7139379978179932,0.6975969076156616,0.0604250393807888,-0.700192928314209,0.7118428945541382,0.054860036820173267,-0.0047429390251636509,-0.08147585391998291,0.9966640472412109],"EasingStyle":"Constant","EasingDirection":"In"},"HumanoidRootPart":{"Weight":0,"CFrame":[0,0,0,1,0,0,0,1,0,0,0,1],"EasingStyle":"Linear","EasingDirection":"In"},"Head":{"Weight":1,"CFrame":[0.0004830276593565941,-0.0006058141589164734,-0.0025687217712402345,0.806789755821228,-0.5907523036003113,-0.010102889500558377,0.5765802264213562,0.790938675403595,-0.20486894249916078,0.12901753187179566,0.15946106612682343,0.9787373542785645],"EasingStyle":"Constant","EasingDirection":"In"}}},{"Time":0.5333333611488342,"poses":{"Left Leg":{"Weight":1,"CFrame":[0.01893649995326996,0.0673748254776001,0.07699227333068848,0.6873618960380554,-0.526509165763855,0.5003219246864319,0.43323493003845217,0.8500988483428955,0.29939886927604678,-0.5829589366912842,0.010961120016872883,0.8124274611473084],"EasingStyle":"Constant","EasingDirection":"In"},"Right Arm":{"Weight":1,"CFrame":[1.1764798164367676,-0.017359226942062379,-0.864295244216919,-0.7324395179748535,-0.045109812170267108,-0.67933589220047,-0.02448246441781521,-0.9954121708869934,0.0924944207072258,-0.680391788482666,0.08437837660312653,0.7279749512672424],"EasingStyle":"Constant","EasingDirection":"In"},"Left Arm":{"Weight":1,"CFrame":[-0.4196060001850128,0.14069968461990357,-0.7418335676193237,0.500959575176239,0.5273186564445496,-0.686275839805603,-0.8642644882202148,0.262952595949173,-0.42883870005607607,-0.04567684233188629,0.8079547882080078,0.5874715447425842],"EasingStyle":"Constant","EasingDirection":"In"},"Right Leg":{"Weight":1,"CFrame":[0.4686651825904846,0.15471863746643067,-0.164381742477417,0.9330655932426453,-0.08915103226900101,0.3484840989112854,0.031600289046764377,0.985370397567749,0.16747142374515534,-0.35831567645072939,-0.14524945616722108,0.9222321510314941],"EasingStyle":"Constant","EasingDirection":"In"},"Torso":{"Weight":1,"CFrame":[0.03887799382209778,0.03520050644874573,-0.14924263954162599,0.7118521332740784,0.6996195912361145,0.0616360567510128,-0.7023137211799622,0.7096768021583557,0.055805981159210208,-0.004698724485933781,-0.08301344513893128,0.996537446975708],"EasingStyle":"Constant","EasingDirection":"In"},"HumanoidRootPart":{"Weight":0,"CFrame":[0,0,0,1,0,0,0,1,0,0,0,1],"EasingStyle":"Linear","EasingDirection":"In"},"Head":{"Weight":1,"CFrame":[0.0002111736685037613,-0.00026478618383407593,-0.0011226534843444825,0.8059863448143005,-0.5918260812759399,-0.01131280418485403,0.5774587988853455,0.7903334498405457,-0.20473000407218934,0.13010545074939729,0.15847691893577577,0.9787530899047852],"EasingStyle":"Constant","EasingDirection":"In"}}},{"Time":0.5666666626930237,"poses":{"Left Leg":{"Weight":1,"CFrame":[0.02625960111618042,0.06904828548431397,0.07216334342956543,0.6889093518257141,-0.5234806537628174,0.5013701915740967,0.43009740114212038,0.8519796133041382,0.29857537150382998,-0.5834553837776184,0.009946633130311966,0.8120842576026917],"EasingStyle":"Constant","EasingDirection":"In"},"Right Arm":{"Weight":1,"CFrame":[1.1764482259750367,-0.01673370599746704,-0.864292323589325,-0.7316307425498962,-0.05673704296350479,-0.6793359518051148,-0.00866984948515892,-0.9956754446029663,0.09249445050954819,-0.6816459894180298,0.07356148958206177,0.7279749512672424],"EasingStyle":"Constant","EasingDirection":"In"},"Left Arm":{"Weight":1,"CFrame":[-0.4196755886077881,0.1393275260925293,-0.741827130317688,0.501799464225769,0.5265194773674011,-0.6862758994102478,-0.8638443946838379,0.26432982087135317,-0.428838849067688,-0.04438888281583786,0.8080266714096069,0.5874714851379395],"EasingStyle":"Constant","EasingDirection":"In"},"Right Leg":{"Weight":1,"CFrame":[0.46108847856521609,0.1518949270248413,-0.16142112016677857,0.9321861863136292,-0.09263140708208084,0.349926620721817,0.035384684801101688,0.9853916764259338,0.16658686101436616,-0.3602457344532013,-0.14290782809257508,0.9218460321426392],"EasingStyle":"Constant","EasingDirection":"In"},"Torso":{"Weight":1,"CFrame":[0.039232149720191959,0.03547587990760803,-0.1471869945526123,0.7108845710754395,0.7005531191825867,0.0621974878013134,-0.7032932043075562,0.7086716890335083,0.056242551654577258,-0.0046767136082053188,-0.08372502028942108,0.9964780211448669],"EasingStyle":"Constant","EasingDirection":"In"},"HumanoidRootPart":{"Weight":0,"CFrame":[0,0,0,1,0,0,0,1,0,0,0,1],"EasingStyle":"Linear","EasingDirection":"In"},"Head":{"Weight":1,"CFrame":[0.00008531473577022552,-0.0001069381833076477,-0.0004533529281616211,0.8056134581565857,-0.5923226475715637,-0.011872946284711361,0.5778654217720032,0.7900527119636536,-0.20466618239879609,0.1306086778640747,0.15802089869976045,0.9787598252296448],"EasingStyle":"Constant","EasingDirection":"In"}}},{"Time":0.6000000238418579,"poses":{"Left Leg":{"Weight":1,"CFrame":[0.02971397340297699,0.0698537826538086,0.0698702335357666,0.6896447539329529,-0.5220450758934021,0.5018551349639893,0.42860257625579836,0.8528655767440796,0.2981952726840973,-0.5836865901947022,0.009447626769542694,0.8119243383407593],"EasingStyle":"Constant","EasingDirection":"In"},"Right Arm":{"Weight":1,"CFrame":[1.1764334440231324,-0.016444355249404908,-0.8642910122871399,-0.730268120765686,-0.07218694686889649,-0.67933589220047,0.01237503532320261,-0.9956363439559937,0.09249445050954819,-0.683048665523529,0.05913892388343811,0.7279749512672424],"EasingStyle":"Constant","EasingDirection":"In"},"Left Arm":{"Weight":1,"CFrame":[-0.4197077453136444,0.13869231939315797,-0.7418242692947388,0.5021877288818359,0.5261489748954773,-0.6862759590148926,-0.8636490702629089,0.26496702432632449,-0.42883872985839846,-0.04379265755414963,0.8080592155456543,0.5874714851379395],"EasingStyle":"Constant","EasingDirection":"In"},"Right Leg":{"Weight":1,"CFrame":[0.45749783515930178,0.15057533979415894,-0.16000896692276,0.9317696690559387,-0.09428329765796662,0.3505937159061432,0.037182603031396869,0.9853946566581726,0.16617733240127564,-0.3611409068107605,-0.14180296659469605,0.9216665625572205],"EasingStyle":"Constant","EasingDirection":"In"},"Torso":{"Weight":1,"CFrame":[0.03939618170261383,0.03560318052768707,-0.14623522758483888,0.7104362845420837,0.7009845972061157,0.062457554042339328,-0.7037460803985596,0.7082058787345886,0.056444354355335239,-0.004666188266128302,-0.0840543732047081,0.9964502453804016],"EasingStyle":"Constant","EasingDirection":"In"},"HumanoidRootPart":{"Weight":0,"CFrame":[0,0,0,1,0,0,0,1,0,0,0,1],"EasingStyle":"Linear","EasingDirection":"In"},"Head":{"Weight":1,"CFrame":[0.000027039088308811189,-0.00003384798765182495,-0.00014394521713256836,0.8054407835006714,-0.5925523638725281,-0.012132265605032444,0.5780535340309143,0.7899227738380432,-0.20463673770427705,0.13084149360656739,0.15780964493751527,0.9787628650665283],"EasingStyle":"Constant","EasingDirection":"In"}}},{"Time":0.6333333253860474,"poses":{"Left Leg":{"Weight":1,"CFrame":[0.03132826089859009,0.07023471593856812,0.06879520416259766,0.6899898052215576,-0.52137291431427,0.502079963684082,0.4279007017612457,0.853279173374176,0.29801952838897707,-0.5837937593460083,0.009209875948727131,0.8118497729301453],"EasingStyle":"Constant","EasingDirection":"In"},"Right Arm":{"Weight":1,"CFrame":[1.176426649093628,-0.016309469938278199,-0.8642904162406921,-0.7280411720275879,-0.09197181463241577,-0.6793359518051148,0.03938109800219536,-0.9949342012405396,0.09249448031187058,-0.6844013929367065,0.040586717426776889,0.7279748916625977],"EasingStyle":"Constant","EasingDirection":"In"},"Left Arm":{"Weight":1,"CFrame":[-0.41972264647483828,0.1383988857269287,-0.741822