{"Sequence":[{"Time":0,"poses":{"Left Leg":{"Weight":1,"CFrame":[-0.5664904117584229,0.6078531742095947,0.2999153137207031,0.7144947052001953,-0.43932950496673586,0.5445060133934021,0.33562543988227847,0.8980962038040161,0.2842162847518921,-0.613883376121521,-0.02032088302075863,0.7891350984573364],"EasingStyle":"Linear","EasingDirection":"In"},"Right Arm":{"Weight":1,"CFrame":[0.25356733798980715,-0.17598605155944825,0.047330379486083987,-0.05473698675632477,-0.41156062483787539,-0.9097371101379395,0.9940469264984131,-0.10841985791921616,-0.01076104398816824,-0.09420473873615265,-0.9049105048179627,0.41504523158073428],"EasingStyle":"Linear","EasingDirection":"In"},"Left Arm":{"Weight":1,"CFrame":[-0.36259302496910097,-0.12773993611335755,-0.2503405809402466,0.22407567501068116,0.23374952375888825,-0.9461243748664856,-0.9480819702148438,-0.17252421379089356,-0.2671631872653961,-0.22567860782146455,0.9568681716918945,0.18295519053936006],"EasingStyle":"Linear","EasingDirection":"In"},"Head":{"Weight":1,"CFrame":[2.086162567138672e-7,-3.725290298461914e-7,0.01666247844696045,0.9695237278938294,0.18285273015499116,-0.16306032240390778,-0.18663065135478974,0.9823974370956421,-0.008026796393096447,0.158722385764122,0.03821424022316933,0.9865834712982178],"EasingStyle":"Linear","EasingDirection":"In"},"Torso":{"Weight":1,"CFrame":[0.5955943465232849,-1.816219687461853,-0.5183944702148438,0.9384586811065674,0.23225754499435426,0.2556401491165161,-0.19127482175827027,0.9657636284828186,-0.17525574564933778,-0.28759244084358218,0.1155727207660675,0.9507542848587036],"EasingStyle":"Linear","EasingDirection":"In"},"HumanoidRootPart":{"Weight":0,"CFrame":[0,0,0,1,0,0,0,1,0,0,0,1],"EasingStyle":"Linear","EasingDirection":"In"},"Right Leg":{"Weight":1,"CFrame":[0.42995303869247439,0.2575347423553467,0.028164029121398927,0.9908744692802429,0.03829977661371231,-0.12923260033130647,-0.022397371008992196,0.9922362565994263,0.12233380973339081,0.13291464745998383,-0.11832302063703537,0.9840393662452698],"EasingStyle":"Linear","EasingDirection":"In"}}},{"Time":0.03333333507180214,"poses":{"Left Leg":{"Weight":1,"CFrame":[-0.5846955180168152,0.6491382122039795,0.30334973335266116,0.6820512413978577,-0.4723743498325348,0.5582728981971741,0.35314449667930605,0.8812312483787537,0.3141981065273285,-0.6403866410255432,-0.017148109152913095,0.7678612470626831],"EasingStyle":"Linear","EasingDirection":"In"},"Right Arm":{"Weight":1,"CFrame":[0.26275819540023806,-0.22293302416801454,0.06600964069366455,-0.07216480374336243,-0.3992893695831299,-0.9139804840087891,0.981823742389679,-0.18971960246562959,0.0053611318580806259,-0.17554065585136414,-0.8969808220863342,0.4057227671146393],"EasingStyle":"Linear","EasingDirection":"In"},"Left Arm":{"Weight":1,"CFrame":[-0.3566252887248993,-0.13306990265846253,-0.24985194206237794,0.18503516912460328,0.325102835893631,-0.9273998141288757,-0.9113543033599854,-0.29631736874580386,-0.28570863604545596,-0.367689311504364,0.8980558514595032,0.2414543628692627],"EasingStyle":"Linear","EasingDirection":"In"},"Head":{"Weight":1,"CFrame":[2.384185791015625e-7,-1.1920928955078126e-7,0.016662240028381349,0.960041880607605,0.1705886572599411,-0.22185397148132325,-0.17931872606277467,0.9835944175720215,-0.01966799609363079,0.21485917270183564,0.058664724230766299,0.9748815894126892],"EasingStyle":"Linear","EasingDirection":"In"},"Torso":{"Weight":1,"CFrame":[0.6143743991851807,-1.8120249509811402,-0.5652298927307129,0.928615927696228,0.24929554760456086,0.2748166620731354,-0.20821687579154969,0.9631689786911011,-0.17015062272548676,-0.3071126639842987,0.10078310966491699,0.9463216066360474],"EasingStyle":"Linear","EasingDirection":"In"},"HumanoidRootPart":{"Weight":0,"CFrame":[0,0,0,1,0,0,0,1,0,0,0,1],"EasingStyle":"Linear","EasingDirection":"In"},"Right Leg":{"Weight":1,"CFrame":[0.4862881302833557,0.2755860686302185,0.02230525016784668,0.9920177459716797,0.06502776592969895,-0.10803807526826859,-0.052524685859680179,0.9919998049736023,0.11479423940181732,0.11463857442140579,-0.10820329934358597,0.9874969124794006],"EasingStyle":"Linear","EasingDirection":"In"}}},{"Time":0.06666667014360428,"poses":{"Left Leg":{"Weight":1,"CFrame":[-0.6121677160263062,0.7002163529396057,0.3030458688735962,0.6445271968841553,-0.5120356678962708,0.5678064823150635,0.37488657236099245,0.8588795065879822,0.3489784300327301,-0.6663668155670166,-0.012062959372997284,0.7455265522003174],"EasingStyle":"Linear","EasingDirection":"In"},"Right Arm":{"Weight":1,"CFrame":[0.26623955368995669,-0.2624475359916687,0.08083486557006836,-0.08461199700832367,-0.3887585997581482,-0.9174461960792542,0.9663546681404114,-0.25646916031837466,0.019553760066628457,-0.2428983598947525,-0.8849238753318787,0.3973792791366577],"EasingStyle":"Linear","EasingDirection":"In"},"Left Arm":{"Weight":1,"CFrame":[-0.3461902141571045,-0.13340234756469727,-0.248543381690979,0.14261531829833985,0.4026486873626709,-0.9041764140129089,-0.8632557392120361,-0.3962917625904083,-0.31263792514801028,-0.4842008948326111,0.8251223564147949,0.29107150435447695],"EasingStyle":"Linear","EasingDirection":"In"},"Head":{"Weight":1,"CFrame":[2.9802322387695315e-8,5.960464477539063e-8,0.016662240028381349,0.9522061944007874,0.15862035751342774,-0.26104235649108889,-0.1734481155872345,0.9842341542243958,-0.034626200795173648,0.2514343857765198,0.07824864238500595,0.9647061228752136],"EasingStyle":"Linear","EasingDirection":"In"},"Torso":{"Weight":1,"CFrame":[0.6087819933891296,-1.804276704788208,-0.6333327293395996,0.9218258857727051,0.2623848021030426,0.2852918207645416,-0.22387076914310456,0.9612746834754944,-0.16072674095630647,-0.31641602516174319,0.08429355919361115,0.9448680877685547],"EasingStyle":"Linear","EasingDirection":"In"},"HumanoidRootPart":{"Weight":0,"CFrame":[0,0,0,1,0,0,0,1,0,0,0,1],"EasingStyle":"Linear","EasingDirection":"In"},"Right Leg":{"Weight":1,"CFrame":[0.5760213732719421,0.32322657108306887,0.015409350395202637,0.9891197085380554,0.1167462021112442,-0.08951185643672943,-0.10610351711511612,0.9876088500022888,0.1156330332159996,0.10190252959728241,-0.10487741231918335,0.9892505407333374],"EasingStyle":"Linear","EasingDirection":"In"}}},{"Time":0.10000000149011612,"poses":{"Left Leg":{"Weight":1,"CFrame":[-0.661570131778717,0.7801505327224731,0.2798800468444824,0.5974942445755005,-0.5664530396461487,0.5675662755966187,0.39531052112579348,0.8238909244537354,0.40611979365348818,-0.6976605653762817,-0.018289363011717798,0.7161951065063477],"EasingStyle":"Linear","EasingDirection":"In"},"Right Arm":{"Weight":1,"CFrame":[0.2662774324417114,-0.28426164388656618,0.09177517890930176,-0.09350118786096573,-0.37967202067375185,-0.9203839302062988,0.9514326453208923,-0.3064168691635132,0.029746154323220254,-0.2933148741722107,-0.8729020357131958,0.38988277316093447],"EasingStyle":"Linear","EasingDirection":"In"},"Left Arm":{"Weight":1,"CFrame":[-0.33352163434028628,-0.12782573699951173,-0.2472018599510193,0.10907332599163056,0.4481237828731537,-0.8872926831245422,-0.8190739154815674,-0.4652442932128906,-0.33565714955329897,-0.5632237792015076,0.7633693814277649,0.31630074977874758],"EasingStyle":"Linear","EasingDirection":"In"},"Head":{"Weight":1,"CFrame":[2.086162567138672e-7,1.9371509552001954e-7,0.016662240028381349,0.9486454129219055,0.15024949610233308,-0.2783829867839813,-0.17189696431159974,0.983583390712738,-0.05491132661700249,0.26556241512298586,0.09994460642337799,0.9588992595672607],"EasingStyle":"Linear","EasingDirection":"In"},"Torso":{"Weight":1,"CFrame":[0.5675482153892517,-1.7898584604263306,-0.7420547008514404,0.9190152883529663,0.2680438160896301,0.2890733480453491,-0.23533718287944795,0.961307168006897,-0.14319540560245515,-0.31627094745635989,0.06356904655694962,0.946536660194397],"EasingStyle":"Linear","EasingDirection":"In"},"HumanoidRootPart":{"Weight":0,"CFrame":[0,0,0,1,0,0,0,1,0,0,0,1],"EasingStyle":"Linear","EasingDirection":"In"},"Right Leg":{"Weight":1,"CFrame":[0.7020551562309265,0.4094862937927246,0.007146239280700684,0.9764979481697083,0.20174714922904969,-0.07582689821720123,-0.19169004261493684,0.9738008975982666,0.1223391592502594,0.09852191060781479,-0.10492873936891556,0.9895874857902527],"EasingStyle":"Linear","EasingDirection":"In"}}},{"Time":0.13333334028720857,"poses":{"Left Leg":{"Weight":1,"CFrame":[-0.6792687773704529,0.8623227477073669,0.22541344165802003,0.5783436894416809,-0.5805002450942993,0.5731823444366455,0.3702903985977173,0.8128567337989807,0.4496097266674042,-0.7269137501716614,-0.04778504744172096,0.685064435005188],"EasingStyle":"Linear","EasingDirection":"In"},"Right Arm":{"Weight":1,"CFrame":[0.267026424407959,-0.30571573972702029,0.0928192138671875,-0.0946517139673233,-0.38211265206336977,-0.9192556738853455,0.9487612247467041,-0.31427207589149477,0.032945577055215839,-0.3014853596687317,-0.8690357208251953,0.3922800123691559],"EasingStyle":"Linear","EasingDirection":"In"},"Left Arm":{"Weight":1,"CFrame":[-0.3247395157814026,-0.13341262936592103,-0.24019426107406617,0.09017469733953476,0.4813094437122345,-0.871900200843811,-0.8060285449028015,-0.4789443016052246,-0.3477504849433899,-0.5849671959877014,0.7341346144676209,0.34476032853126528],"EasingStyle":"Linear","EasingDirection":"In"},"Head":{"Weight":1,"CFrame":[1.4901161193847657e-8,2.8312206268310549e-7,0.016661882400512697,0.9443863034248352,0.14546239376068116,-0.29491573572158816,-0.1655448079109192,0.9852126240730286,-0.04417170211672783,0.28412926197052,0.09053691476583481,0.9545018076896668],"EasingStyle":"Linear","EasingDirection":"In"},"Torso":{"Weight":1,"CFrame":[0.5335421562194824,-1.801336646080017,-0.8144552707672119,0.9155859351158142,0.27707311511039736,0.29143279790878298,-0.23988670110702516,0.9579972624778748,-0.1571490615606308,-0.3227335810661316,0.07397264242172241,0.943594753742218],"EasingStyle":"Linear","EasingDirection":"In"},"HumanoidRootPart":{"Weight":0,"CFrame":[0,0,0,1,0,0,0,1,0,0,0,1],"EasingStyle":"Linear","EasingDirection":"In"},"Right Leg":{"Weight":1,"CFrame":[0.7613486051559448,0.47330760955810549,0.00020778179168701172,0.9714409708976746,0.22619259357452393,-0.07168901711702347,-0.21715804934501649,0.9692701101303101,0.11557681858539581,0.09562874585390091,-0.09670819342136383,0.9907082319259644],"EasingStyle":"Linear","EasingDirection":"In"}}},{"Time":0.1666666716337204,"poses":{"Left Leg":{"Weight":1,"CFrame":[-0.6129828095436096,0.9102528095245361,0.17007362842559815,0.6117232441902161,-0.5092867612838745,0.6053276062011719,0.2849155366420746,0.8556870818138123,0.4319985508918762,-0.7379822134971619,-0.09179630875587464,0.6685474514961243],"EasingStyle":"Linear","EasingDirection":"In"},"Right Arm":{"Weight":1,"CFrame":[0.2719596326351166,-0.34498971700668337,0.07899773120880127,-0.08299902826547623,-0.40501347184181216,-0.9105357527732849,0.9661477208137512,-0.25666627287864687,0.026098908856511117,-0.24427421391010285,-0.8775457739830017,0.4126058518886566],"EasingStyle":"Linear","EasingDirection":"In"},"Left Arm":{"Weight":1,"CFrame":[-0.3251790404319763,-0.16564354300498963,-0.22271186113357545,0.08788583427667618,0.5233280062675476,-0.8475872278213501,-0.8422113656997681,-0.4153343737125397,-0.3437693119049072,-0.5319362282752991,0.7440599203109741,0.40425077080726626],"EasingStyle":"Linear","EasingDirection":"In"},"Head":{"Weight":1,"CFrame":[1.4901161193847657e-8,2.086162567138672e-7,0.016661882400512697,0.9334714412689209,0.14348433911800385,-0.32869961857795718,-0.14382103085517884,0.9893264770507813,0.02342580072581768,0.32855239510536196,0.025406543165445329,0.944144070148468],"EasingStyle":"Linear","EasingDirection":"In"},"Torso":{"Weight":1,"CFrame":[0.5466684103012085,-1.8628735542297364,-0.7822813987731934,0.9071050882339478,0.29939430952072146,0.29584380984306338,-0.23582270741462708,0.9437062740325928,-0.23196139931678773,-0.3486376106739044,0.14064663648605348,0.9266446828842163],"EasingStyle":"Linear","EasingDirection":"In"},"HumanoidRootPart":{"Weight":0,"CFrame":[0,0,0,1,0,0,0,1,0,0,0,1],"EasingStyle":"Linear","EasingDirection":"In"},"Right Leg":{"Weight":1,"CFrame":[0.7091010808944702,0.4594031572341919,0.0009667873382568359,0.9879050254821777,0.13445791602134705,-0.07723167538642883,-0.12823639810085298,0.988466203212738,0.08056087046861649,0.08717307448387146,-0.0696825385093689,0.9937531352043152],"EasingStyle":"Linear","EasingDirection":"In"}}},{"Time":0.20000000298023225,"poses":{"Left Leg":{"Weight":1,"CFrame":[-0.5194576382637024,0.906180739402771,0.12394177913665772,0.6511012315750122,-0.40742966532707217,0.6403656005859375,0.18161533772945405,0.9028298854827881,0.389761358499527,-0.7369416356086731,-0.1374739110469818,0.6618292927742004],"EasingStyle":"Linear","EasingDirection":"In"},"Right Arm":{"Weight":1,"CFrame":[0.27993518114089968,-0.3960481286048889,0.05541670322418213,-0.056476935744285586,-0.44247350096702578,-0.8950014710426331,0.9898720979690552,-0.14175748825073243,0.007618989795446396,-0.1302444040775299,-0.8855066895484924,0.4459981322288513],"EasingStyle":"Linear","EasingDirection":"In"},"Left Arm":{"Weight":1,"CFrame":[-0.3327396512031555,-0.21588951349258424,-0.1989101767539978,0.10491776466369629,0.5720376968383789,-0.8134896755218506,-0.9047227501869202,-0.2847079932689667,-0.31688806414604189,-0.41287899017333987,0.7692296504974365,0.48766443133354189],"EasingStyle":"Linear","EasingDirection":"In"},"Head":{"Weight":1,"CFrame":[1.341104507446289e-7,-1.7881393432617188e-7,0.016662120819091798,0.920824408531189,0.14078541100025178,-0.36367839574813845,-0.11302880197763443,0.988882303237915,0.09662535041570664,0.37323853373527529,-0.04786882549524307,0.9264997243881226],"EasingStyle":"Linear","EasingDirection":"In"},"Torso":{"Weight":1,"CFrame":[0.5847580432891846,-1.9303083419799805,-0.6974208354949951,0.8963098526000977,0.3264561891555786,0.3000918924808502,-0.2303650826215744,0.9210717082023621,-0.3139409124851227,-0.378894180059433,0.21225760877132417,0.9007696509361267],"EasingStyle":"Linear","EasingDirection":"In"},"HumanoidRootPart":{"Weight":0,"CFrame":[0,0,0,1,0,0,0,1,0,0,0,1],"EasingStyle":"Linear","EasingDirection":"In"},"Right Leg":{"Weight":1,"CFrame":[0.6157304048538208,0.3799436688423157,-0.00679934024810791,0.9969348311424255,-0.0013937712647020817,-0.0782233476638794,0.004574816673994064,0.9991689920425415,0.040503013879060748,0.07810204476118088,-0.04073674976825714,0.9961127638816834],"EasingStyle":"Linear","EasingDirection":"In"}}},{"Time":0.23333333432674409,"poses":{"Left Leg":{"Weight":1,"CFrame":[-0.47380709648132326,0.8616878986358643,0.08937132358551026,0.6598318815231323,-0.3581697344779968,0.6605576276779175,0.12134954333305359,0.9183403849601746,0.3767293691635132,-0.7415499687194824,-0.16841964423656465,0.6494141221046448],"EasingStyle":"Linear","EasingDirection":"In"},"Right Arm":{"Weight":1,"CFrame":[0.28863590955734255,-0.44669443368911745,0.029790401458740236,-0.014449609443545342,-0.4839073419570923,-0.8749998807907105,0.9996637105941773,0.011853286996483803,-0.02306359075009823,0.02153231017291546,-0.8750389218330383,0.48357343673706057],"EasingStyle":"Linear","EasingDirection":"In"},"Left Arm":{"Weight":1,"CFrame":[-0.34347641468048098,-0.26946359872817995,-0.1752200722694397,0.14153803884983064,0.6177309155464172,-0.773547351360321,-0.9584242105484009,-0.11006984114646912,-0.26326367259025576,-0.24777022004127503,0.778648316860199,0.5764691233634949],"EasingStyle":"Linear","EasingDirection":"In"},"Head":{"Weight":1,"CFrame":[-1.4901161193847657e-8,-2.682209014892578e-7,0.016662240028381349,0.9150391817092896,0.13023161888122559,-0.3817632794380188,-0.0895484909415245,0.988415002822876,0.12254344671964646,0.39329952001571658,-0.07794581353664398,0.9161005020141602],"EasingStyle":"Linear","EasingDirection":"In"},"Torso":{"Weight":1,"CFrame":[0.61884605884552,-1.958495855331421,-0.6186733245849609,0.88697350025177,0.3470093011856079,0.30473363399505618,-0.23536671698093415,0.9073905944824219,-0.34820225834846499,-0.39734184741973879,0.23712202906608582,0.8865058422088623],"EasingStyle":"Linear","EasingDirection":"In"},"HumanoidRootPart":{"Weight":0,"CFrame":[0,0,0,1,0,0,0,1,0,0,0,1],"EasingStyle":"Linear","EasingDirection":"In"},"Right Leg":{"Weight":1,"CFrame":[0.5640016794204712,0.29070401191711428,-0.03090459108352661,0.9943894743919373,-0.08102792501449585,-0.06800068914890289,0.08277595043182373,0.9962960481643677,0.02329055406153202,0.06586165726184845,-0.028788717463612558,0.9974133968353272],"EasingStyle":"Linear","EasingDirection":"In"}}},{"Time":0.2666666805744171,"poses":{"Left Leg":{"Weight":1,"CFrame":[-0.4740696847438812,0.8100354671478272,0.07235431671142578,0.6465567946434021,-0.3654819428920746,0.6696172952651978,0.11128588020801544,0.9135628342628479,0.3911757469177246,-0.7547051310539246,-0.1783982515335083,0.6313433051109314],"EasingStyle":"Linear","EasingDirection":"In"},"Right Arm":{"Weight":1,"CFrame":[0.2954975366592407,-0.48409712314605715,0.009862542152404786,0.04077398404479027,-0.5194928646087647,-0.8535013198852539,0.9813680052757263,0.181343674659729,-0.06349439918994904,0.18776194751262666,-0.8350099325180054,0.5172079205513],"EasingStyle":"Linear","EasingDirection":"In"},"Left Arm":{"Weight":1,"CFrame":[-0.3532654345035553,-0.31128349900245669,-0.15793448686599732,0.19224487245082856,0.6524102687835693,-0.7330777645111084,-0.9790345430374146,0.07625216990709305,-0.18888399004936219,-0.06733108311891556,0.7540202736854553,0.6533911824226379],"EasingStyle":"Linear","EasingDirection":"In"},"Head":{"Weight":1,"CFrame":[1.4156103134155274e-7,-2.086162567138672e-7,0.0166623592376709,0.9160357117652893,0.11314640194177628,-0.3848070800304413,-0.0762835294008255,0.9910220503807068,0.10980068892240524,0.3937758207321167,-0.07122699916362763,0.9164428114891052],"EasingStyle":"Linear","EasingDirection":"In"},"Torso":{"Weight":1,"CFrame":[0.6403629779815674,-1.9539334774017335,-0.5655717849731445,0.8800460696220398,0.3601972460746765,0.3094784617424011,-0.25013330578804018,0.9055471420288086,-0.3426627218723297,-0.4036734998226166,0.22414812445640565,0.8870205283164978],"EasingStyle":"Linear","EasingDirection":"In"},"HumanoidRootPart":{"Weight":0,"CFrame":[0,0,0,1,0,0,0,1,0,0,0,1],"EasingStyle":"Linear","EasingDirection":"In"},"Right Leg":{"Weight":1,"CFrame":[0.5630015134811401,0.23161327838897706,-0.05893290042877197,0.9942706227302551,-0.09353635460138321,-0.051738228648900989,0.09500011801719666,0.9951221346855164,0.026591254398226739,0.048998668789863589,-0.03135411813855171,0.9983066916465759],"EasingStyle":"Linear","EasingDirection":"In"}}},{"Time":0.30000001192092898,"poses":{"Left Leg":{"Weight":1,"CFrame":[-0.500341534614563,0.7702728509902954,0.07721817493438721,0.6207858324050903,-0.40731292963027956,0.6698665022850037,0.1378183364868164,0.8978348970413208,0.4182088375091553,-0.7717714309692383,-0.16729815304279328,0.6134983897209168],"EasingStyle":"Linear","EasingDirection":"In"},"Right Arm":{"Weight":1,"CFrame":[0.29860419034957888,-0.4990588128566742,0.001175522804260254,0.1006176620721817,-0.5421417951583862,-0.8342413902282715,0.9351364374160767,0.33782264590263369,-0.10675153881311417,0.33970004320144656,-0.7693881988525391,0.5409672856330872],"EasingStyle":"Linear","EasingDirection":"In"},"Left Arm":{"Weight":1,"CFrame":[-0.3587634861469269,-0.33014053106307986,-0.15118426084518434,0.2455599308013916,0.6727989315986633,-0.6978841423988342,-0.965067982673645,0.23751214146614076,-0.11059732735157013,0.0913461372256279,0.7006637454032898,0.7076199054718018],"EasingStyle":"Linear","EasingDirection":"In"},"Head":{"Weight":1,"CFrame":[1.043081283569336e-7,2.9802322387695315e-8,0.016661882400512697,0.9209691286087036,0.09450049698352814,-0.37800198793411257,-0.070476233959198,0.9945428371429443,0.07692617177963257,0.3832087516784668,-0.04420651122927666,0.9226033687591553],"EasingStyle":"Linear","EasingDirection":"In"},"Torso":{"Weight":1,"CFrame":[0.6471138596534729,-1.9310269355773926,-0.5459949970245361,0.8759225010871887,0.3673100173473358,0.31279879808425906,-0.2692349851131439,0.910158634185791,-0.3148393929004669,-0.40034019947052,0.19155853986740113,0.8961211442947388],"EasingStyle":"Linear","EasingDirection":"In"},"HumanoidRootPart":{"Weight":0,"CFrame":[0,0,0,1,0,0,0,1,0,0,0,1],"EasingStyle":"Linear","EasingDirection":"In"},"Right Leg":{"Weight":1,"CFrame":[0.5964916348457336,0.21284925937652589,-0.08213478326797486,0.9976472854614258,-0.059668127447366717,-0.033756036311388019,0.06104983389377594,0.9972716569900513,0.04150059446692467,0.031187711283564569,-0.043463800102472308,0.9985681772232056],"EasingStyle":"Linear","EasingDirection":"In"}}},{"Time":0.3333333432674408,"poses":{"Left Leg":{"Weight":1,"CFrame":[-0.5429685711860657,0.7253576517105103,0.10729730129241944,0.5864688754081726,-0.47054505348205569,0.6592735648155212,0.19299203157424928,0.8716831803321838,0.4504691958427429,-0.7866437435150147,-0.1369514763355255,0.6020265817642212],"EasingStyle":"Linear","EasingDirection":"In"},"Right Arm":{"Weight":1,"CFrame":[0.2990325689315796,-0.4973299205303192,0.001281142234802246,0.14295679330825807,-0.5501677989959717,-0.822726309299469,0.8885619044303894,0.43746399879455569,-0.13814154267311097,0.43591415882110598,-0.7112950682640076,0.5513967275619507],"EasingStyle":"Linear","EasingDirection":"In"},"Left Arm":{"Weight":1,"CFrame":[-0.3603796362876892,-0.33064889907836916,-0.15219449996948243,0.28239208459854128,0.678917646408081,-0.6777357459068298,-0.9406411647796631,0.3346293270587921,-0.05672397464513779,0.18827933073043824,0.6535243391990662,0.7331144213676453],"EasingStyle":"Linear","EasingDirection":"In"},"Head":{"Weight":1,"CFrame":[5.960464477539063e-8,-1.7881393432617188e-7,0.016661763191223146,0.9285820126533508,0.07738848030567169,-0.36296892166137698,-0.07248631864786148,0.9970003962516785,0.02712874673306942,0.36397960782051089,0.0011190026998519898,0.9314062595367432],"EasingStyle":"Linear","EasingDirection":"In"},"Torso":{"Weight":1,"CFrame":[0.647750735282898,-1.8918975591659547,-0.5417361259460449,0.8748205900192261,0.36715298891067507,0.3160500228404999,-0.28922945261001589,0.9191988706588745,-0.26724469661712649,-0.38863253593444826,0.14238016307353974,0.9103255867958069],"EasingStyle":"Linear","EasingDirection":"In"},"HumanoidRootPart":{"Weight":0,"CFrame":[0,0,0,1,0,0,0,1,0,0,0,1],"EasingStyle":"Linear","EasingDirection":"In"},"Right Leg":{"Weight":1,"CFrame":[0.643807590007782,0.20915794372558595,-0.10116219520568848,0.9998752474784851,0.0036262436769902708,-0.015374032780528069,-0.002635272452607751,0.9979465007781982,0.06399821490049362,0.015574540942907334,-0.063949815928936,0.9978315830230713],"EasingStyle":"Linear","EasingDirection":"In"}}},{"Time":0.36666667461395266,"poses":{"Left Leg":{"Weight":1,"CFrame":[-0.5889325141906738,0.6611118316650391,0.15790510177612306,0.5475204586982727,-0.5416439771652222,0.63784259557724,0.26562947034835818,0.8353237509727478,0.48132649064064028,-0.7935127019882202,-0.09410630911588669,0.6012335419654846],"EasingStyle":"Linear","EasingDirection":"In"},"Right Arm":{"Weight":1,"CFrame":[0.29776012897491457,-0.48607656359672549,0.006206631660461426,0.1492517739534378,-0.5495718717575073,-0.822006344795227,0.8793376088142395,0.45395511388778689,-0.14384117722511292,0.452205091714859,-0.701352596282959,0.5510131120681763],"EasingStyle":"Linear","EasingDirection":"In"},"Left Arm":{"Weight":1,"CFrame":[-0.35899409651756289,-0.31954139471054079,-0.15712189674377442,0.28697726130485537,0.6761185526847839,-0.6786074042320252,-0.936947226524353,0.34559598565101626,-0.05189847946166992,0.19943451881408692,0.6507129073143005,0.7326653599739075],"EasingStyle":"Linear","EasingDirection":"In"},"Head":{"Weight":1,"CFrame":[1.4901161193847657e-7,-5.960464477539063e-8,0.016661763191223146,0.9374862909317017,0.06461110711097717,-0.3419722318649292,-0.08185622096061707,0.9959856867790222,-0.03622330725193024,0.3382590115070343,0.06195142865180969,0.9390117526054382],"EasingStyle":"Linear","EasingDirection":"In"},"Torso":{"Weight":1,"CFrame":[0.6499186754226685,-1.8390929698944092,-0.5371744632720947,0.876611053943634,0.3589451313018799,0.3204863667488098,-0.3065863847732544,0.9299532175064087,-0.2029576599597931,-0.37088799476623537,0.07965818047523499,0.9252549409866333],"EasingStyle":"Linear","EasingDirection":"In"},"HumanoidRootPart":{"Weight":0,"CFrame":[0,0,0,1,0,0,0,1,0,0,0,1],"EasingStyle":"Linear","EasingDirection":"In"},"Right Leg":{"Weight":1,"CFrame":[0.686061441898346,0.1967761516571045,-0.11484789848327637,0.9967451691627502,0.08057898283004761,0.0024596794974058868,-0.08047784119844437,0.9927764534950256,0.08898495882749558,0.004728471860289574,-0.08889323472976685,0.9960299730300903],"EasingStyle":"Linear","EasingDirection":"In"}}},{"Time":0.4000000059604645,"poses":{"Left Leg":{"Weight":1,"CFrame":[-0.6264612674713135,0.6121276021003723,0.2043386697769165,0.5111048817634583,-0.6019060611724854,0.6135804653167725,0.329397052526474,0.7965290546417236,0.5069900751113892,-0.7938951253890991,-0.05701344087719917,0.6053760051727295],"EasingStyle":"Linear","EasingDirection":"In"},"Right Arm":{"Weight":1,"CFrame":[0.2933008670806885,-0.46459126472473147,0.015475153923034668,0.127899631857872,-0.5444691181182861,-0.8289722800254822,0.9070053696632385,0.4023492932319641,-0.12432403117418289,0.40122705698013308,-0.7359812259674072,0.5452967286109924],"EasingStyle":"Linear","EasingDirection":"In"},"Left Arm":{"Weight":1,"CFrame":[-0.35419002175331118,-0.29740381240844729,-0.16548258066177369,0.264421284198761,0.6691587567329407,-0.6944842338562012,-0.954850435256958,0.2827783226966858,-0.09108807891607285,0.13543270528316499,0.6872140169143677,0.7137190103530884],"EasingStyle":"Linear","EasingDirection":"In"},"Head":{"Weight":1,"CFrame":[1.7881393432617188e-7,-1.9371509552001954e-7,0.016661763191223146,0.9444528222084045,0.05846200883388519,-0.3234054446220398,-0.09332466125488281,0.9912497997283936,-0.09335118532180786,0.31511807441711428,0.11834746599197388,0.9416446089744568],"EasingStyle":"Linear","EasingDirection":"In"},"Torso":{"Weight":1,"CFrame":[0.6476508378982544,-1.7897292375564576,-0.5495133399963379,0.8796570897102356,0.3466726541519165,0.32560935616493227,-0.3166055977344513,0.9377106428146362,-0.14303724467754365,-0.35491445660591128,0.02273399569094181,0.9346223473548889],"EasingStyle":"Linear","EasingDirection":"In"},"HumanoidRootPart":{"Weight":0,"CFrame":[0,0,0,1,0,0,0,1,0,0,0,1],"EasingStyle":"Linear","EasingDirection":"In"},"Right Leg":{"Weight":1,"CFrame":[0.7163854837417603,0.18487465381622315,-0.11701786518096924,0.9883059859275818,0.15168392658233643,0.015592264011502266,-0.15248222649097444,0.98274827003479,0.10466620326042175,0.0005530052585527301,-0.10581983625888825,0.9943851828575134],"EasingStyle":"Linear","EasingDirection":"In"}}},{"Time":0.4333333373069763,"poses":{"Left Leg":{"Weight":1,"CFrame":[-0.657648503780365,0.6160750389099121,0.22975707054138184,0.4878242015838623,-0.6389970183372498,0.5947355031967163,0.3659549355506897,0.7682410478591919,0.5252453088760376,-0.7925305366516113,-0.03858092799782753,0.6086107492446899],"EasingStyle":"Linear","EasingDirection":"In"},"Right Arm":{"Weight":1,"CFrame":[0.28498926758766177,-0.43232762813568118,0.02926468849182129,0.09153136610984802,-0.533190906047821,-0.8410288691520691,0.9506158232688904,0.29831385612487795,-0.08566544204950333,0.29656654596328738,-0.7916542291641235,0.5341648459434509],"EasingStyle":"Linear","EasingDirection":"In"},"Left Arm":{"Weight":1,"CFrame":[-0.3461734652519226,-0.2649131417274475,-0.1776445508003235,0.22531309723854066,0.6561766266822815,-0.7201849818229675,-0.9742228984832764,0.16017650067806245,-0.15884952247142793,0.011123360134661198,0.7374114990234375,0.675352156162262],"EasingStyle":"Linear","EasingDirection":"In"},"Head":{"Weight":1,"CFrame":[1.1920928955078126e-7,1.0058283805847168e-7,0.016662120819091798,0.9473466277122498,0.060166049748659137,-0.3145066201686859,-0.10395628213882446,0.9867764115333557,-0.12436062842607498,0.3028653860092163,0.1505075991153717,0.9410738945007324],"EasingStyle":"Linear","EasingDirection":"In"},"Torso":{"Weight":1,"CFrame":[0.6343740820884705,-1.7612189054489136,-0.5934903621673584,0.8827530741691589,0.3343835473060608,0.3300524950027466,-0.3162975311279297,0.9424000978469849,-0.10880233347415924,-0.3474232256412506,-0.008349168114364148,0.9376713037490845],"EasingStyle":"Linear","EasingDirection":"In"},"HumanoidRootPart":{"Weight":0,"CFrame":[0,0,0,1,0,0,0,1,0,0,0,1],"EasingStyle":"Linear","EasingDirection":"In"},"Right Leg":{"Weight":1,"CFrame":[0.7495579719543457,0.2074645757675171,-0.10715371370315552,0.9784772396087647,0.2055879533290863,0.017771216109395028,-0.20629528164863587,0.9724958539009094,0.10813970863819123,0.00494989613071084,-0.10947833955287934,0.993976891040802],"EasingStyle":"Linear","EasingDirection":"In"}}},{"Time":0.46666666865348818,"poses":{"Left Leg":{"Weight":1,"CFrame":[-0.6815475225448608,0.6624829769134522,0.23944509029388429,0.48771581053733828,-0.6491780281066895,0.5836960673332214,0.3834081292152405,0.7599552869796753,0.5248485207557678,-0.7843031287193298,-0.03218308836221695,0.6195425391197205],"EasingStyle":"Linear","EasingDirection":"In"},"Right Arm":{"Weight":1,"CFrame":[0.2773022949695587,-0.39603614807128909,0.04557013511657715,0.04300547018647194,-0.5102819204330444,-0.8589313626289368,0.9869101643562317,0.15545035898685456,-0.04293816536664963,0.15543176233768464,-0.8458414077758789,0.5102874040603638],"EasingStyle":"Linear","EasingDirection":"In"},"Left Arm":{"Weight":1,"CFrame":[-0.33838945627212527,-0.2280871570110321,-0.19282293319702149,0.18087556958198548,0.627651572227478,-0.7571907043457031,-0.9722813963890076,-0.0018705243710428477,-0.23380637168884278,-0.14816536009311677,0.7784921526908875,0.609915554523468],"EasingStyle":"Linear","EasingDirection":"In"},"Head":{"Weight":1,"CFrame":[1.4901161193847657e-7,2.086162567138672e-7,0.016662001609802247,0.9481548070907593,0.07326731830835343,-0.3092483580112457,-0.11720964312553406,0.9850844740867615,-0.12597793340682984,0.29540571570396426,0.15569348633289338,0.9426001310348511],"EasingStyle":"Linear","EasingDirection":"In"},"Torso":{"Weight":1,"CFrame":[0.6115849018096924,-1.7547444105148316,-0.6560153961181641,0.8888787031173706,0.3209424912929535,0.32694119215011599,-0.30473649501800539,0.9470489621162415,-0.1011633574962616,-0.3420969247817993,-0.009708949364721775,0.9396145343780518],"EasingStyle":"Linear","EasingDirection":"In"},"HumanoidRootPart":{"Weight":0,"CFrame":[0,0,0,1,0,0,0,1,0,0,0,1],"EasingStyle":"Linear","EasingDirection":"In"},"Right Leg":{"Weight":1,"CFrame":[0.8166012763977051,0.3244144320487976,-0.10020709037780762,0.9687405228614807,0.2480025738477707,0.006036544684320688,-0.246750146150589,0.9607648849487305,0.12667033076286317,0.025615034624934198,-0.12420013546943665,0.9919265508651733],"EasingStyle":"Linear","EasingDirection":"In"}}},{"Time":0.5,"poses":{"Left Leg":{"Weight":1,"CFrame":[-0.688552737236023,0.727583110332489,0.24444997310638429,0.5192880630493164,-0.6278696656227112,0.5797581076622009,0.39347660541534426,0.777873158454895,0.4899892210960388,-0.7586276531219482,-0.026324287056922914,0.6509925127029419],"EasingStyle":"Linear","EasingDirection":"In"},"Right Arm":{"Weight":1,"CFrame":[0.27594441175460818,-0.36391133069992068,0.061605095863342288,-0.015379555523395539,-0.470694363117218,-0.88216233253479,0.9998647570610046,-0.002081881510093808,-0.016320761293172838,0.005845541600137949,-0.8822939395904541,0.4706627130508423],"EasingStyle":"Linear","EasingDirection":"In"},"Left Arm":{"Weight":1,"CFrame":[-0.33497074246406557,-0.1939193606376648,-0.20964354276657105,0.14485161006450654,0.5765213370323181,-0.8041400909423828,-0.9412329792976379,-0.17033128440380097,-0.2916640639305115,-0.3051207959651947,0.7991310358047485,0.5179681181907654],"EasingStyle":"Linear","EasingDirection":"In"},"Head":{"Weight":1,"CFrame":[1.1920928955078126e-7,-1.1175870895385743e-8,0.016661763191223146,0.9492383599281311,0.10247497260570526,-0.2973978519439697,-0.1374291330575943,0.9855461120605469,-0.09905657172203064,0.28294843435287478,0.13489936292171479,0.9496011734008789],"EasingStyle":"Linear","EasingDirection":"In"},"Torso":{"Weight":1,"CFrame":[0.5825693607330322,-1.7675130367279053,-0.7193357944488525,0.9018216729164124,0.30333080887794497,0.3077470660209656,-0.28085291385650637,0.9527114033699036,-0.11602889746427536,-0.3283892571926117,0.018205707892775537,0.9443671107292175],"EasingStyle":"Linear","EasingDirection":"In"},"HumanoidRootPart":{"Weight":0,"CFrame":[0,0,0,1,0,0,0,1,0,0,0,1],"EasingStyle":"Linear","EasingDirection":"In"},"Right Leg":{"Weight":1,"CFrame":[0.8518003821372986,0.46101224422454836,-0.09215301275253296,0.9604600071907044,0.27748027443885805,-0.022829564288258554,-0.2699107229709625,0.9480921626091003,0.16813549399375916,0.06829885393381119,-0.1553255170583725,0.9854995012283325],"EasingStyle":"Linear","EasingDirection":"In"}}},{"Time":0.5333333611488342,"poses":{"Left Leg":{"Weight":1,"CFrame":[-0.6733847260475159,0.7860064506530762,0.2566111087799072,0.5821646451950073,-0.5744591355323792,0.5753964781761169,0.39948421716690066,0.8184653520584106,0.41294893622398379,-0.7081643342971802,-0.010542481206357479,0.7059689164161682],"EasingStyle":"Linear","EasingDirection":"In"},"Right Arm":{"Weight":1,"CFrame":[0.28285494446754458,-0.34136301279067995,0.07478117942810059,-0.07503607124090195,-0.41764020919799807,-0.9055088758468628,0.9896212220191956,-0.1427902728319168,-0.016148220747709276,-0.12255358695983887,-0.8973224759101868,0.424019992351532],"EasingStyle":"Linear","EasingDirection":"In"},"Left Arm":{"Weight":1,"CFrame":[-0.3374408483505249,-0.16762128472328187,-0.22584760189056397,0.1258513182401657,0.5095619559288025,-0.8511805534362793,-0.8952211141586304,-0.31138649582862856,-0.3187754452228546,-0.4274819493293762,0.8021129369735718,0.41698208451271059],"EasingStyle":"Linear","EasingDirection":"In"},"Head":{"Weight":1,"CFrame":[2.9802322387695315e-8,-5.960464477539063e-8,0.0166623592376709,0.9509391784667969,0.1482352912425995,-0.2715529799461365,-0.16712522506713868,0.984782338142395,-0.047675587236881259,0.2603533864021301,0.09071982651948929,0.9612419605255127],"EasingStyle":"Linear","EasingDirection":"In"},"Torso":{"Weight":1,"CFrame":[0.5500093698501587,-1.7958570718765259,-0.771151065826416,0.9221447706222534,0.27822044491767886,0.2687794864177704,-0.24563813209533692,0.9578770995140076,-0.1487729251384735,-0.29884934425354006,0.07116767019033432,0.9516429901123047],"EasingStyle":"Linear","EasingDirection":"In"},"HumanoidRootPart":{"Weight":0,"CFrame":[0,0,0,1,0,0,0,1,0,0,0,1],"EasingStyle":"Linear","EasingDirection":"In"},"Right Leg":{"Weight":1,"CFrame":[0.8433946967124939,0.5102896094322205,-0.06171774864196777,0.9449594616889954,0.31934496760368349,-0.0712062269449234,-0.297262579202652,0.928881049156189,0.22094134986400605,0.1366986483335495,-0.1876136064529419,0.9726842641830444],"EasingStyle":"Linear","EasingDirection":"In"}}},{"Time":0.5666666626930237,"poses":{"Left Leg":{"Weight":1,"CFrame":[-0.6527003645896912,0.8327373266220093,0.2648146152496338,0.6509568691253662,-0.5108433365821838,0.5615106821060181,0.3894196152687073,0.8596668839454651,0.3306433856487274,-0.6516191363334656,0.0034287243615835907,0.7585386633872986],"EasingStyle":"Linear","EasingDirection":"In"},"Right Arm":{"Weight":1,"CFrame":[0.2853401303291321,-0.32409361004829409,0.0849916934967041,-0.1093587651848793,-0.3770792782306671,-0.9197020530700684,0.9685477018356323,-0.24847275018692017,-0.01329253800213337,-0.2235085368156433,-0.892228901386261,0.3923921287059784],"EasingStyle":"Linear","EasingDirection":"In"},"Left Arm":{"Weight":1,"CFrame":[-0.3375592529773712,-0.14823737740516663,-0.23749101161956788,0.11401846259832382,0.46424630284309389,-0.8783366680145264,-0.8485946655273438,-0.41422510147094729,-0.3290969729423523,-0.5166110396385193,0.7828748226165772,0.3467276096343994],"EasingStyle":"Linear","EasingDirection":"In"},"Head":{"Weight":1,"CFrame":[8.940696716308594e-8,-5.960464477539063e-8,0.016662001609802247,0.9503737688064575,0.19613759219646455,-0.24149484932422639,-0.19927449524402619,0.9798749089241028,0.011615852825343609,0.23891305923461915,0.03708432987332344,0.9703326225280762],"EasingStyle":"Linear","EasingDirection":"In"},"Torso":{"Weight":1,"CFrame":[0.5148454904556274,-1.8298399448394776,-0.811840295791626,0.9419241547584534,0.24792706966400147,0.2265198826789856,-0.20712611079216004,0.9598327279090881,-0.18926146626472474,-0.2643442451953888,0.13135170936584474,0.9554417729377747],"EasingStyle":"Linear","EasingDirection":"In"},"HumanoidRootPart":{"Weight":0,"CFrame":[0,0,0,1,0,0,0,1,0,0,0,1],"EasingStyle":"Linear","EasingDirection":"In"},"Right Leg":{"Weight":1,"CFrame":[0.8067554235458374,0.4923124313354492,-0.009959101676940918,0.9238625764846802,0.3607568144798279,-0.12779848277568818,-0.319614976644516,0.910923421382904,0.2608921229839325,0.2105332762002945,-0.20018213987350465,0.9568713903427124],"EasingStyle":"Linear","EasingDirection":"In"}}},{"Time":0.6000000238418579,"poses":{"Left Leg":{"Weight":1,"CFrame":[-0.6423053741455078,0.8810703754425049,0.24700355529785157,0.6999582648277283,-0.4627302587032318,0.5440028309822083,0.35900595784187319,0.8864518404006958,0.29209208488464358,-0.6173922419548035,-0.009151997044682503,0.7866023778915405],"EasingStyle":"Linear","EasingDirection":"In"},"Right Arm":{"Weight":1,"CFrame":[0.26702651381492617,-0.30571556091308596,0.0928189754486084,-0.09465169906616211,-0.3821124732494354,-0.919255793094635,0.9487612247467041,-0.31427207589149477,0.03294562175869942,-0.3014853000640869,-0.8690358400344849,0.39227986335754397],"EasingStyle":"Linear","EasingDirection":"In"},"Left Arm":{"Weight":1,"CFrame":[-0.32473939657211306,-0.1334124207496643,-0.24019402265548707,0.09017471224069596,0.4813093841075897,-0.8719002604484558,-0.8060284852981567,-0.47894442081451418,-0.3477504849433899,-0.5849672555923462,0.7341345548629761,0.3447602391242981],"EasingStyle":"Linear","EasingDirection":"In"},"Head":{"Weight":1,"CFrame":[1.4901161193847657e-7,2.5331974029541018e-7,0.016661882400512697,0.9468964338302612,0.23037345707416535,-0.22431083023548127,-0.22252267599105836,0.9730777144432068,0.06002972647547722,0.23210108280181886,-0.006927670910954475,0.9726670384407044],"EasingStyle":"Linear","EasingDirection":"In"},"Torso":{"Weight":1,"CFrame":[0.47741779685020449,-1.8564890623092652,-0.8408567905426025,0.9542883634567261,0.22002695500850678,0.2022920399904251,-0.173578143119812,0.958960771560669,-0.22419871389865876,-0.24331985414028169,0.17883671820163728,0.953316867351532],"EasingStyle":"Linear","EasingDirection":"In"},"HumanoidRootPart":{"Weight":0,"CFrame":[0,0,0,1,0,0,0,1,0,0,0,1],"EasingStyle":"Linear","EasingDirection":"In"},"Right Leg":{"Weight":1,"CFrame":[0.7803375124931336,0.466682493686676,0.03379476070404053,0.9050043821334839,0.3877536356449127,-0.17496882379055024,-0.3341558277606964,0.9025081396102905,0.27169638872146609,0.26326218247413638,-0.18741965293884278,0.9463440179824829],"EasingStyle":"Linear","EasingDirection":"In"}}},{"Time":0.6333333253860474,"poses":{"Left Leg":{"Weight":1,"CFrame":[-0.6462792158126831,0.9256519079208374,0.18522751331329347,0.7211575508117676,-0.4414362609386444,0.5339157581329346,0.3063708543777466,0.8944541811943054,0.32571208477020266,-0.6213443279266357,-0.07131341844797135,0.7802855968475342],"EasingStyle":"Linear","EasingDirection":"In"},"Right Arm":{"Weight":1,"CFrame":[0.21611081063747407,-0.2807960510253906,0.09830427169799805,-0.016871491447091104,-0.4560558497905731,-0.8897912502288818,0.9313678741455078,-0.3308674097061157,0.1519237905740738,-0.3636886179447174,-0.8261597156524658,0.430338054895401],"EasingStyle":"Linear","EasingDirection":"In"},"Left Arm":{"Weight":1,"CFrame":[-0.29168111085891726,-0.12242501974105835,-0.2309131622314453,0.04047853872179985,