{"Sequence":[{"Time":0,"poses":{"Left Leg":{"Weight":1,"CFrame":[-0.2016884833574295,0.20125389099121095,0.06068861484527588,0.9680516123771668,-0.20809884369373322,-0.13989615440368653,0.2213476449251175,0.9713232517242432,0.08681228011846543,0.11781887710094452,-0.11500447243452072,0.9863532185554504],"EasingStyle":"Linear","EasingDirection":"Out"},"Right Arm":{"Weight":1,"CFrame":[1.157716155052185,0.18578749895095826,-0.9310309886932373,-0.9534926414489746,0.10315974801778794,0.28321337699890139,-0.05045310780405998,-0.9809760451316834,0.18745799362659455,0.2971636950969696,0.1644507646560669,0.9405581951141357],"EasingStyle":"Linear","EasingDirection":"Out"},"Left Arm":{"Weight":1,"CFrame":[0.05503526329994202,-0.43317481875419619,0.17701327800750733,0.5637415051460266,0.47886672616004946,-0.6729652285575867,-0.5214141011238098,0.8382304310798645,0.15967825055122376,0.640564501285553,0.26087629795074465,0.7222331166267395],"EasingStyle":"Linear","EasingDirection":"Out"},"Head":{"Weight":1,"CFrame":[1.2293457984924317e-7,-3.213062882423401e-8,1.1920928955078126e-7,0.9691421985626221,0.2357763648033142,-0.0719226747751236,-0.23567679524421693,0.9717801213264465,0.009989074431359768,0.07224820554256439,0.007269709371030331,0.9973601698875427],"EasingStyle":"Linear","EasingDirection":"Out"},"Torso":{"Weight":1,"CFrame":[-0.03383905813097954,2.2210254968513256e-8,-0.1438159942626953,0.9837437272071838,-0.17304138839244843,0.048009343445301059,0.16404202580451966,0.9747016429901123,0.15181221067905427,-0.07306458055973053,-0.14146876335144044,0.9872426986694336],"EasingStyle":"Linear","EasingDirection":"Out"},"HumanoidRootPart":{"Weight":0,"CFrame":[0,0,0,1,0,0,0,1,0,0,0,1],"EasingStyle":"Linear","EasingDirection":"In"},"Right Leg":{"Weight":1,"CFrame":[0.06946185231208801,0.34492868185043337,0.6175582408905029,0.4473083019256592,0.28452110290527346,-0.8479169011116028,-0.46074116230010989,0.8858780264854431,0.054200679063797,0.766572117805481,0.3664258122444153,0.5273511409759522],"EasingStyle":"Linear","EasingDirection":"Out"}}},{"Time":0.01666666753590107,"poses":{"Left Leg":{"Weight":1,"CFrame":[-0.2036694586277008,0.19599902629852296,0.05961596965789795,0.9678173065185547,-0.19924509525299073,-0.15372411906719209,0.21385158598423005,0.9731577634811401,0.08503784239292145,0.13265447318553925,-0.11517523974180222,0.9844477772712708],"EasingStyle":"Linear","EasingDirection":"Out"},"Right Arm":{"Weight":1,"CFrame":[1.1564526557922364,0.1538824439048767,-1.0041874647140504,-0.9389005303382874,0.10816796869039536,0.32674986124038699,-0.04363890364766121,-0.9790835380554199,0.1987234503030777,0.3414110243320465,0.1723225712776184,0.9239824414253235],"EasingStyle":"Linear","EasingDirection":"Out"},"Left Arm":{"Weight":1,"CFrame":[0.030114755034446718,-0.48799046874046328,0.19474995136260987,0.5094111561775208,0.5331857800483704,-0.6754356622695923,-0.5428844690322876,0.8081267476081848,0.228489950299263,0.6676651835441589,0.25028812885284426,0.7011269927024841],"EasingStyle":"Linear","EasingDirection":"Out"},"Head":{"Weight":1,"CFrame":[1.3504177331924439e-7,-6.332993507385254e-8,0,0.965747058391571,0.24984999001026154,-0.07005458325147629,-0.2496640682220459,0.9682637453079224,0.011538773775100708,0.07071426510810852,0.006346598733216524,0.9974763989448547],"EasingStyle":"Linear","EasingDirection":"Out"},"Torso":{"Weight":1,"CFrame":[-0.03385385870933533,2.220060935087531e-8,-0.1370391845703125,0.981196403503418,-0.1872948259115219,0.04662848263978958,0.17843705415725709,0.9723301529884338,0.15077896416187287,-0.07357839494943619,-0.13962353765964509,0.9874672293663025],"EasingStyle":"Linear","EasingDirection":"Out"},"HumanoidRootPart":{"Weight":0,"CFrame":[0,0,0,1,0,0,0,1,0,0,0,1],"EasingStyle":"Linear","EasingDirection":"In"},"Right Leg":{"Weight":1,"CFrame":[0.06466686725616455,0.3465229868888855,0.6069608926773071,0.44476988911628725,0.2888919413089752,-0.8477742671966553,-0.45539724826812746,0.8880075216293335,0.06368588656187058,0.7712283134460449,0.3577485978603363,0.5265196561813355],"EasingStyle":"Linear","EasingDirection":"Out"}}},{"Time":0.03333333507180214,"poses":{"Left Leg":{"Weight":1,"CFrame":[-0.20597635209560395,0.18884682655334474,0.05981636047363281,0.9681635499000549,-0.18931640684604646,-0.1637641042470932,0.20467302203178407,0.9753491282463074,0.08248075842857361,0.14411215484142304,-0.11337295174598694,0.9830453991889954],"EasingStyle":"Linear","EasingDirection":"Out"},"Right Arm":{"Weight":1,"CFrame":[1.1513668298721314,0.12014329433441162,-1.0765659809112549,-0.922753095626831,0.11061643064022064,0.3691757917404175,-0.034573085606098178,-0.9778208136558533,0.20656999945640565,0.38383781909942629,0.17784953117370606,0.906111478805542],"EasingStyle":"Linear","EasingDirection":"Out"},"Left Arm":{"Weight":1,"CFrame":[0.023503154516220094,-0.5537335872650147,0.23946940898895265,0.41880282759666445,0.6189274787902832,-0.6644793748855591,-0.5626274943351746,0.7512273192405701,0.34512025117874148,0.7127794027328491,0.2293170541524887,0.662841796875],"EasingStyle":"Linear","EasingDirection":"Out"},"Head":{"Weight":1,"CFrame":[1.6670674085617066e-7,-6.82193785905838e-8,-3.5762786865234377e-7,0.9630325436592102,0.2608502209186554,-0.06727132946252823,-0.2604687809944153,0.9653728604316711,0.014535575173795224,0.06873352080583573,0.0035238470882177355,0.9976288080215454],"EasingStyle":"Linear","EasingDirection":"Out"},"Torso":{"Weight":1,"CFrame":[-0.03390369564294815,2.2168132218780557e-8,-0.12924528121948243,0.9790843725204468,-0.19840452075004579,0.04504967853426933,0.1899329423904419,0.9707005620002747,0.14719337224960328,-0.07293357700109482,-0.13555830717086793,0.9880812764167786],"EasingStyle":"Linear","EasingDirection":"Out"},"HumanoidRootPart":{"Weight":0,"CFrame":[0,0,0,1,0,0,0,1,0,0,0,1],"EasingStyle":"Linear","EasingDirection":"In"},"Right Leg":{"Weight":1,"CFrame":[0.06316456198692322,0.3496272563934326,0.5879418849945068,0.464176207780838,0.29260334372520449,-0.8360165953636169,-0.4422241449356079,0.894361674785614,0.06749061495065689,0.7674492001533508,0.33837923407554629,0.5445376634597778],"EasingStyle":"Linear","EasingDirection":"Out"}}},{"Time":0.05000000074505806,"poses":{"Left Leg":{"Weight":1,"CFrame":[-0.20957760512828828,0.18076109886169434,0.06087493896484375,0.9689720869064331,-0.1788453757762909,-0.17060890793800355,0.19441580772399903,0.9777108430862427,0.07927173376083374,0.15262877941131593,-0.10998118668794632,0.9821448922157288],"EasingStyle":"Linear","EasingDirection":"Out"},"Right Arm":{"Weight":1,"CFrame":[1.140518069267273,0.07781481742858887,-1.1405425071716309,-0.9036887884140015,0.10925823450088501,0.4140157997608185,-0.01872246339917183,-0.9760556817054749,0.2167135328054428,0.4277803897857666,0.1880902200937271,0.8840962648391724],"EasingStyle":"Linear","EasingDirection":"Out"},"Left Arm":{"Weight":1,"CFrame":[0.02299460768699646,-0.6193910837173462,0.29843711853027346,0.2692149877548218,0.7433153986930847,-0.6123769879341126,-0.5630939602851868,0.6373307704925537,0.5260557532310486,0.7813119888305664,0.20320360362529756,0.5901353359222412],"EasingStyle":"Linear","EasingDirection":"Out"},"Head":{"Weight":1,"CFrame":[1.4901161193847657e-7,-2.9569491744041444e-8,-2.384185791015625e-7,0.9609643220901489,0.2692044973373413,-0.0638471394777298,-0.2685917615890503,0.9630829691886902,0.018155578523874284,0.066377654671669,-0.0002980788704007864,0.997794508934021],"EasingStyle":"Linear","EasingDirection":"Out"},"Torso":{"Weight":1,"CFrame":[-0.033996716141700748,2.2107512265279184e-8,-0.12145614624023438,0.9774081110954285,-0.20686836540699006,0.04334618151187897,0.1989763081073761,0.9697490334510803,0.14140449464321137,-0.07128702849149704,-0.12958502769470216,0.9890024662017822],"EasingStyle":"Linear","EasingDirection":"Out"},"HumanoidRootPart":{"Weight":0,"CFrame":[0,0,0,1,0,0,0,1,0,0,0,1],"EasingStyle":"Linear","EasingDirection":"In"},"Right Leg":{"Weight":1,"CFrame":[0.06532943248748779,0.352130651473999,0.5612393617630005,0.5025551915168762,0.2953973412513733,-0.8125138282775879,-0.4233688712120056,0.9035048484802246,0.06661634147167206,0.7537884712219238,0.3105146884918213,0.5791230797767639],"EasingStyle":"Linear","EasingDirection":"Out"}}},{"Time":0.06666667014360428,"poses":{"Left Leg":{"Weight":1,"CFrame":[-0.2154729664325714,0.1727464199066162,0.062314391136169437,0.9700908064842224,-0.1683812290430069,-0.17484724521636964,0.18373048305511475,0.9800689220428467,0.07555168867111206,0.15864087641239167,-0.10541678220033646,0.9816926121711731],"EasingStyle":"Linear","EasingDirection":"Out"},"Right Arm":{"Weight":1,"CFrame":[1.1219642162322999,0.020141661167144777,-1.1884753704071046,-0.8796834945678711,0.10358794778585434,0.46414053440093996,0.009057959541678429,-0.9721614718437195,0.23413671553134919,0.4754733145236969,0.21017037332057954,0.8542561531066895],"EasingStyle":"Linear","EasingDirection":"Out"},"Left Arm":{"Weight":1,"CFrame":[0.016383081674575807,-0.6742377281188965,0.35891735553741457,0.08688884228467941,0.8701541423797607,-0.48505890369415285,-0.5261497497558594,0.4535358250141144,0.719355046749115,0.8459413647651672,0.19270958006381989,0.49723857641220095],"EasingStyle":"Linear","EasingDirection":"Out"},"Head":{"Weight":1,"CFrame":[1.4062970876693726e-7,5.122274160385132e-8,-2.384185791015625e-7,0.9594686627388,0.27533745765686037,-0.060076385736465457,-0.2745223343372345,0.9613384008407593,0.021586949005723,0.06369742006063461,-0.004219707567244768,0.9979603290557861],"EasingStyle":"Linear","EasingDirection":"Out"},"Torso":{"Weight":1,"CFrame":[-0.03414107486605644,2.2013434630707708e-8,-0.11469268798828125,0.9761292338371277,-0.21317504346370698,0.04157067462801933,0.20600168406963349,0.9693665504455566,0.13376004993915559,-0.06881152093410492,-0.1220034584403038,0.9901414513587952],"EasingStyle":"Linear","EasingDirection":"Out"},"HumanoidRootPart":{"Weight":0,"CFrame":[0,0,0,1,0,0,0,1,0,0,0,1],"EasingStyle":"Linear","EasingDirection":"In"},"Right Leg":{"Weight":1,"CFrame":[0.071891188621521,0.3521884083747864,0.5273343324661255,0.5565380454063416,0.29684868454933169,-0.7759808897972107,-0.40069979429244997,0.914089024066925,0.06229724362492561,0.72780841588974,0.27626460790634158,0.6276724934577942],"EasingStyle":"Linear","EasingDirection":"Out"}}},{"Time":0.0833333358168602,"poses":{"Left Leg":{"Weight":1,"CFrame":[-0.2250756174325943,0.16632819175720216,0.0635460615158081,0.9713259339332581,-0.15866632759571076,-0.17706184089183808,0.17347802221775056,0.9822407960891724,0.07147300243377686,0.16257698833942414,-0.10013991594314575,0.9816011190414429],"EasingStyle":"Linear","EasingDirection":"Out"},"Right Arm":{"Weight":1,"CFrame":[1.094182014465332,-0.057550400495529178,-1.2133227586746216,-0.8523963093757629,0.07892215996980667,0.5169058442115784,0.06700694561004639,-0.9639073014259338,0.2576678693294525,0.518585205078125,0.2542714774608612,0.816342830657959],"EasingStyle":"Linear","EasingDirection":"Out"},"Left Arm":{"Weight":1,"CFrame":[-0.008537441492080689,-0.7090492248535156,0.40817558765411379,-0.08787815272808075,0.9558529853820801,-0.28039708733558657,-0.4612441062927246,0.21044689416885377,0.8619547486305237,0.8829106688499451,0.20507843792438508,0.42238783836364748],"EasingStyle":"Linear","EasingDirection":"Out"},"Head":{"Weight":1,"CFrame":[1.5366822481155396e-7,2.7008354663848878e-8,-1.7881393432617188e-7,0.9584895968437195,0.2795275151729584,-0.05623234808444977,-0.27858272194862368,0.9601085186004639,0.024151815101504327,0.06074025109410286,-0.007483904715627432,0.9981255531311035],"EasingStyle":"Linear","EasingDirection":"Out"},"Torso":{"Weight":1,"CFrame":[-0.03434492647647858,2.188058978447316e-8,-0.10997724533081055,0.9751818180084229,-0.21780547499656678,0.03976469486951828,0.21143661439418794,0.9694160223007202,0.12460771203041077,-0.06568877398967743,-0.11310746520757675,0.9914089441299439],"EasingStyle":"Linear","EasingDirection":"Out"},"HumanoidRootPart":{"Weight":0,"CFrame":[0,0,0,1,0,0,0,1,0,0,0,1],"EasingStyle":"Linear","EasingDirection":"In"},"Right Leg":{"Weight":1,"CFrame":[0.08392071723937988,0.34823256731033327,0.4866238832473755,0.6224325299263,0.29648661613464358,-0.7243435382843018,-0.37597736716270449,0.9249637722969055,0.05552457645535469,0.6864538192749023,0.2377764880657196,0.6871997714042664],"EasingStyle":"Linear","EasingDirection":"Out"}}},{"Time":0.10000000149011612,"poses":{"Left Leg":{"Weight":1,"CFrame":[-0.23796296119689942,0.16169697046279908,0.06442475318908692,0.9726173877716065,-0.149662047624588,-0.17781074345111848,0.16372831165790559,0.9842153787612915,0.06717995554208756,0.16494973003864289,-0.09445302933454514,0.9817689061164856],"EasingStyle":"Linear","EasingDirection":"Out"},"Right Arm":{"Weight":1,"CFrame":[1.057317852973938,-0.1516067385673523,-1.210065484046936,-0.8222013711929321,0.02841130457818508,0.5684871673583984,0.16163702309131623,-0.9459825158119202,0.2810525894165039,0.5457640290260315,0.3229703903198242,0.7731958627700806],"EasingStyle":"Linear","EasingDirection":"Out"},"Left Arm":{"Weight":1,"CFrame":[-0.06959138810634613,-0.7009874582290649,0.4391237497329712,-0.2347739040851593,0.9717103838920593,-0.025693003088235856,-0.3959015905857086,-0.07144639641046524,0.9155092835426331,0.8877742290496826,0.22510959208011628,0.4014755189418793],"EasingStyle":"Linear","EasingDirection":"Out"},"Head":{"Weight":1,"CFrame":[1.3364478945732118e-7,1.7462298274040223e-10,-2.980232238769531e-7,0.9579691886901856,0.28203973174095156,-0.05242743715643883,-0.28104129433631899,0.9593519568443298,0.025682484731078149,0.057539843022823337,-0.00986876804381609,0.9982944130897522],"EasingStyle":"Linear","EasingDirection":"Out"},"Torso":{"Weight":1,"CFrame":[-0.03461641073226929,2.1703668195982574e-8,-0.10742807388305664,0.9744814038276672,-0.22123414278030396,0.03796621412038803,0.21570608019828797,0.9697460532188416,0.11429574340581894,-0.06210371106863022,-0.10318953543901444,0.9927210211753845],"EasingStyle":"Linear","EasingDirection":"Out"},"HumanoidRootPart":{"Weight":0,"CFrame":[0,0,0,1,0,0,0,1,0,0,0,1],"EasingStyle":"Linear","EasingDirection":"In"},"Right Leg":{"Weight":1,"CFrame":[0.10138735175132752,0.3355119824409485,0.4401456117630005,0.6954277157783508,0.2927438020706177,-0.6562630534172058,-0.35268840193748476,0.9347416758537293,0.043230485171079639,0.6260919570922852,0.20139271020889283,0.7532927393913269],"EasingStyle":"Linear","EasingDirection":"Out"}}},{"Time":0.11666666716337204,"poses":{"Left Leg":{"Weight":1,"CFrame":[-0.2530979812145233,0.15836381912231446,0.06499028205871582,0.9739314913749695,-0.14107367396354676,-0.1776392161846161,0.15428316593170167,0.9860277771949768,0.06281627714633942,0.16629546880722047,-0.08858546614646912,0.9820888042449951],"EasingStyle":"Linear","EasingDirection":"Out"},"Right Arm":{"Weight":1,"CFrame":[1.0119361877441407,-0.2562883794307709,-1.174831509590149,-0.7845919132232666,-0.035775814205408099,0.6189793348312378,0.2796247899532318,-0.9114553332328796,0.30176016688346865,0.5533764362335205,0.40984058380126955,0.7251244187355042],"EasingStyle":"Linear","EasingDirection":"Out"},"Left Arm":{"Weight":1,"CFrame":[-0.1687658131122589,-0.6392800807952881,0.4525606632232666,-0.35986924171447756,0.9028805494308472,0.2351611703634262,-0.33402931690216067,-0.3600200414657593,0.8710970282554627,0.8711593151092529,0.2349303513765335,0.4311487078666687],"EasingStyle":"Linear","EasingDirection":"Out"},"Head":{"Weight":1,"CFrame":[1.4132820069789887e-7,-8.32369551062584e-9,-5.960464477539063e-8,0.9578003883361816,0.28327611088752749,-0.048714250326156619,-0.28229352831840517,0.9589720964431763,0.02613241784274578,0.05411830544471741,-0.011277922429144383,0.9984708428382874],"EasingStyle":"Linear","EasingDirection":"Out"},"Torso":{"Weight":1,"CFrame":[-0.034963686019182208,2.1477355005572464e-8,-0.10671234130859375,0.9739319682121277,-0.22393076121807099,0.03621545806527138,0.21923650801181794,0.970201313495636,0.10317371785640717,-0.05824005603790283,-0.09254443645477295,0.9940038323402405],"EasingStyle":"Linear","EasingDirection":"Out"},"HumanoidRootPart":{"Weight":0,"CFrame":[0,0,0,1,0,0,0,1,0,0,0,1],"EasingStyle":"Linear","EasingDirection":"In"},"Right Leg":{"Weight":1,"CFrame":[0.12243691086769104,0.31194132566452029,0.38764631748199465,0.7686975002288818,0.2842921316623688,-0.5729591250419617,-0.3309721350669861,0.943334698677063,0.024024855345487596,0.5473222732543945,0.17116564512252809,0.8192317485809326],"EasingStyle":"Linear","EasingDirection":"Out"}}},{"Time":0.13333334028720857,"poses":{"Left Leg":{"Weight":1,"CFrame":[-0.2705309987068176,0.15692543983459474,0.06504154205322266,0.975154459476471,-0.1330890655517578,-0.17709048092365266,0.14542345702648164,0.987636148929596,0.05853923782706261,0.16711004078388215,-0.08283788710832596,0.9824520945549011],"EasingStyle":"Linear","EasingDirection":"Out"},"Right Arm":{"Weight":1,"CFrame":[0.9586012959480286,-0.36585795879364016,-1.1054494380950928,-0.7372873425483704,-0.10148034989833832,0.6679140329360962,0.40655016899108889,-0.8562469482421875,0.31868186593055727,0.5395593643188477,0.5065006017684937,0.6725568771362305],"EasingStyle":"Linear","EasingDirection":"Out"},"Left Arm":{"Weight":1,"CFrame":[-0.2945101857185364,-0.5344108939170837,0.4475775957107544,-0.46857544779777529,0.75960373878479,0.45104241371154787,-0.2727237343788147,-0.6100040674209595,0.7439870834350586,0.8402730822563171,0.22560404241085053,0.49299484491348269],"EasingStyle":"Linear","EasingDirection":"Out"},"Head":{"Weight":1,"CFrame":[1.5494879335165025e-7,7.450580596923828e-9,-2.384185791015625e-7,0.9578694105148315,0.2836342751979828,-0.045142218470573428,-0.2827288508415222,0.9588621854782105,0.025449449196457864,0.050503503531217578,-0.011614231392741204,0.9986563324928284],"EasingStyle":"Linear","EasingDirection":"Out"},"Torso":{"Weight":1,"CFrame":[-0.035394906997680667,2.1196335353579344e-8,-0.10817432403564453,0.9734302163124085,-0.22636093199253083,0.03455895557999611,0.22245809435844422,0.9706302881240845,0.09159290790557862,-0.054277028888463977,-0.08147139102220535,0.9951967000961304],"EasingStyle":"Linear","EasingDirection":"Out"},"HumanoidRootPart":{"Weight":0,"CFrame":[0,0,0,1,0,0,0,1,0,0,0,1],"EasingStyle":"Linear","EasingDirection":"In"},"Right Leg":{"Weight":1,"CFrame":[0.1447741985321045,0.27999281883239748,0.3280177116394043,0.8357346057891846,0.2711706757545471,-0.4775083065032959,-0.3077516555786133,0.9514651894569397,0.0016979045467451215,0.45479288697242739,0.1455349624156952,0.8786255717277527],"EasingStyle":"Linear","EasingDirection":"Out"}}},{"Time":0.15000000596046449,"poses":{"Left Leg":{"Weight":1,"CFrame":[-0.2904427647590637,0.15794402360916139,0.06437194347381592,0.9761691093444824,-0.12598198652267457,-0.1766987442970276,0.1375047266483307,0.9890000820159912,0.05450918897986412,0.1678878515958786,-0.07750710844993592,0.9827544689178467],"EasingStyle":"Linear","EasingDirection":"Out"},"Right Arm":{"Weight":1,"CFrame":[0.8978777527809143,-0.4745771884918213,-1.0020051002502442,-0.681644856929779,-0.15755663812160493,0.7145183086395264,0.5287808775901794,-0.781034529209137,0.3322288393974304,0.5057184100151062,0.6042855381965637,0.615700900554657],"EasingStyle":"Linear","EasingDirection":"Out"},"Left Arm":{"Weight":1,"CFrame":[-0.4350363612174988,-0.39843666553497317,0.42844057083129885,-0.5519530773162842,0.5823330283164978,0.5968551635742188,-0.20885135233402253,-0.7894878387451172,0.5771394968032837,0.8072972893714905,0.19389988481998444,0.557381272315979],"EasingStyle":"Linear","EasingDirection":"Out"},"Head":{"Weight":1,"CFrame":[1.4272518455982209e-7,2.066371962428093e-8,1.1920928955078126e-7,0.9580599069595337,0.28350815176963808,-0.04176492989063263,-0.2827317416667938,0.958909273147583,0.02357640117406845,0.04673286899924278,-0.01077933982014656,0.9988492727279663],"EasingStyle":"Linear","EasingDirection":"Out"},"Torso":{"Weight":1,"CFrame":[-0.0359182134270668,2.0855303262123927e-8,-0.11215877532958985,0.9728682041168213,-0.2289869487285614,0.03305193781852722,0.22580650448799134,0.9708895087242127,0.07990630716085434,-0.05038727819919586,-0.0702749639749527,0.9962542653083801],"EasingStyle":"Linear","EasingDirection":"Out"},"HumanoidRootPart":{"Weight":0,"CFrame":[0,0,0,1,0,0,0,1,0,0,0,1],"EasingStyle":"Linear","EasingDirection":"In"},"Right Leg":{"Weight":1,"CFrame":[0.16452552378177644,0.24195361137390138,0.2613767385482788,0.8915643095970154,0.25335919857025149,-0.3753962218761444,-0.28081515431404116,0.9595675468444824,-0.019311552867293359,0.3553251624107361,0.1226344183087349,0.9266632199287415],"EasingStyle":"Linear","EasingDirection":"Out"}}},{"Time":0.1666666716337204,"poses":{"Left Leg":{"Weight":1,"CFrame":[-0.312901109457016,0.16197848320007325,0.06279540061950684,0.9768715500831604,-0.11998821049928665,-0.17698828876018525,0.13083311915397645,0.9900973439216614,0.050891317427158359,0.16912922263145448,-0.07287020981311798,0.9828963279724121],"EasingStyle":"Linear","EasingDirection":"Out"},"Right Arm":{"Weight":1,"CFrame":[0.830405056476593,-0.5774481892585754,-0.8676561117172241,-0.6274359226226807,-0.199868842959404,0.7525800466537476,0.6359084844589233,-0.6893050074577332,0.34710100293159487,0.44938239455223086,0.6963555812835693,0.5595928430557251],"EasingStyle":"Linear","EasingDirection":"Out"},"Left Arm":{"Weight":1,"CFrame":[-0.5776057243347168,-0.24981704354286195,0.39506280422210696,-0.6082607507705689,0.4181387722492218,0.6746694445610046,-0.15452516078948975,-0.8961092233657837,0.41606515645980837,0.7785504460334778,0.1488226354122162,0.6096809506416321],"EasingStyle":"Linear","EasingDirection":"Out"},"Head":{"Weight":1,"CFrame":[1.317821443080902e-7,1.7811544239521028e-8,-1.1920928955078126e-7,0.9582560062408447,0.28328758478164675,-0.03864653408527374,-0.28268152475357058,0.9589957594871521,0.02045183815062046,0.04285561293363571,-0.008673454634845257,0.9990436434745789],"EasingStyle":"Linear","EasingDirection":"Out"},"Torso":{"Weight":1,"CFrame":[-0.03654176741838455,2.0448945647899565e-8,-0.11900949478149414,0.9721332788467407,-0.23226754367351533,0.0317588672041893,0.22972285747528077,0.9708447456359863,0.06846845149993897,-0.04673592746257782,-0.05926472321152687,0.9971476793289185],"EasingStyle":"Linear","EasingDirection":"Out"},"HumanoidRootPart":{"Weight":0,"CFrame":[0,0,0,1,0,0,0,1,0,0,0,1],"EasingStyle":"Linear","EasingDirection":"In"},"Right Leg":{"Weight":1,"CFrame":[0.17581619322299958,0.1997506022453308,0.18975722789764405,0.9337155222892761,0.2303832620382309,-0.2740418016910553,-0.24899469316005708,0.9678834080696106,-0.03468850255012512,0.25724881887435915,0.10062415897846222,0.9610919952392578],"EasingStyle":"Linear","EasingDirection":"Out"}}},{"Time":0.18333333730697633,"poses":{"Left Leg":{"Weight":1,"CFrame":[-0.33806973695755007,0.1695461869239807,0.06008791923522949,0.9771533012390137,-0.11540267616510391,-0.17847593128681184,0.1257677972316742,0.990904688835144,0.04785742610692978,0.1713297814130783,-0.06921058148145676,0.9827797412872315],"EasingStyle":"Linear","EasingDirection":"Out"},"Right Arm":{"Weight":1,"CFrame":[0.75712651014328,-0.6724298000335693,-0.7110751867294312,-0.582170844078064,-0.23210394382476808,0.7792335748672485,0.7243508100509644,-0.5833802819252014,0.3674008548259735,0.3693142831325531,0.7783284783363342,0.5077515244483948],"EasingStyle":"Linear","EasingDirection":"Out"},"Left Arm":{"Weight":1,"CFrame":[-0.7092423439025879,-0.10861372947692871,0.34000372886657717,-0.6546022295951843,0.3027484118938446,0.692704439163208,-0.12575553357601167,-0.9471494555473328,0.29511597752571108,0.7454404234886169,0.10607212781906128,0.6580783128738403],"EasingStyle":"Linear","EasingDirection":"Out"},"Head":{"Weight":1,"CFrame":[1.564621925354004e-7,-3.14321368932724e-8,1.1920928955078126e-7,0.9583215713500977,0.28342971205711367,-0.03588058426976204,-0.2830239236354828,0.9589788913726807,0.016030676662921907,0.0389522947371006,-0.005207482259720564,0.9992275238037109],"EasingStyle":"Linear","EasingDirection":"Out"},"Torso":{"Weight":1,"CFrame":[-0.037273723632097247,1.9971942322172255e-8,-0.12907028198242188,0.9711063504219055,-0.23665748536586762,0.030752485617995263,0.23465266823768617,0.9703691601753235,0.05763537809252739,-0.04348111152648926,-0.04875393584370613,0.9978639483451843],"EasingStyle":"Linear","EasingDirection":"Out"},"HumanoidRootPart":{"Weight":0,"CFrame":[0,0,0,1,0,0,0,1,0,0,0,1],"EasingStyle":"Linear","EasingDirection":"In"},"Right Leg":{"Weight":1,"CFrame":[0.17317502200603486,0.15396541357040406,0.11788833141326904,0.9623159766197205,0.2022150605916977,-0.18181605637073518,-0.21291112899780274,0.976203978061676,-0.04116617515683174,0.16916513442993165,0.0783255472779274,0.9824705123901367],"EasingStyle":"Linear","EasingDirection":"Out"}}},{"Time":0.20000000298023225,"poses":{"Left Leg":{"Weight":1,"CFrame":[-0.36587250232696535,0.18116235733032227,0.05601239204406738,0.9769139289855957,-0.11240436881780625,-0.18167118728160859,0.12255099415779114,0.9914145469665527,0.0455903597176075,0.17498692870140077,-0.06680185347795487,0.9823019504547119],"EasingStyle":"Linear","EasingDirection":"Out"},"Right Arm":{"Weight":1,"CFrame":[0.679060161113739,-0.758219838142395,-0.5423484444618225,-0.5459585189819336,-0.2560594379901886,0.7977237105369568,0.7927553057670593,-0.4659283459186554,0.393000990152359,0.2710503339767456,0.8469618558883667,0.45736977458000185],"EasingStyle":"Linear","EasingDirection":"Out"},"Left Arm":{"Weight":1,"CFrame":[-0.8186264038085938,0.007923126220703125,0.2570382356643677,-0.7007887959480286,0.24417392909526826,0.6702791452407837,-0.12030433118343353,-0.9665912985801697,0.22633622586727143,0.7031514048576355,0.07797642052173615,0.7067515254020691],"EasingStyle":"Linear","EasingDirection":"Out"},"Head":{"Weight":1,"CFrame":[1.578591763973236e-7,-1.7578713595867158e-8,-1.1920928955078126e-7,0.958034098148346,0.28467386960983279,-0.03363816812634468,-0.28448599576950076,0.9586243629455566,0.01034523081034422,0.035191383212804797,-0.0003414872626308352,0.9993805289268494],"EasingStyle":"Linear","EasingDirection":"Out"},"Torso":{"Weight":1,"CFrame":[-0.03812221437692642,1.9418994412490066e-8,-0.1426854133605957,0.9696573615074158,-0.24260659515857697,0.030110979452729226,0.24104349315166474,0.9693381786346436,0.04776487872004509,-0.04077580198645592,-0.03905751183629036,0.9984046220779419],"EasingStyle":"Linear","EasingDirection":"Out"},"HumanoidRootPart":{"Weight":0,"CFrame":[0,0,0,1,0,0,0,1,0,0,0,1],"EasingStyle":"Linear","EasingDirection":"In"},"Right Leg":{"Weight":1,"CFrame":[0.1538633108139038,0.10789060592651367,0.05210602283477783,0.9796198606491089,0.1699160486459732,-0.10711442679166794,-0.1747887134552002,0.9838798642158508,-0.037805646657943729,0.09896396100521088,0.055757563561201099,0.9935276508331299],"EasingStyle":"Linear","EasingDirection":"Out"}}},{"Time":0.21666666865348817,"poses":{"Left Leg":{"Weight":1,"CFrame":[-0.39581018686294558,0.1973562240600586,0.05032014846801758,0.976059079170227,-0.11095443367958069,-0.187077134847641,0.12121404707431793,0.9916378259658814,0.04428901523351669,0.1805986613035202,-0.06590507179498673,0.9813463091850281],"EasingStyle":"Linear","EasingDirection":"Out"},"Right Arm":{"Weight":1,"CFrame":[0.5972241759300232,-0.8335170745849609,-0.3715628981590271,-0.5185387134552002,-0.27307596802711489,0.8102759122848511,0.8399721384048462,-0.33988288044929507,0.42299696803092959,0.1598886400461197,0.8999495506286621,0.4056186079978943],"EasingStyle":"Linear","EasingDirection":"Out"},"Left Arm":{"Weight":1,"CFrame":[-0.9010646343231201,0.09377872943878174,0.14480984210968018,-0.7480669617652893,0.22101515531539918,0.6257380247116089,-0.12451503425836563,-0.9729110598564148,0.19478194415569306,0.6518372893333435,0.06779617816209793,0.7553223967552185],"EasingStyle":"Linear","EasingDirection":"Out"},"Head":{"Weight":1,"CFrame":[1.6111880540847779e-7,-6.984919309616089e-10,1.1920928955078126e-7,0.9571455121040344,0.28781864047050478,-0.03213877975940704,-0.28785938024520876,0.9576664566993713,0.0034519329201430084,0.03177175298333168,0.0059474497102200989,0.9994774460792542],"EasingStyle":"Linear","EasingDirection":"Out"},"Torso":{"Weight":1,"CFrame":[-0.03909540921449661,1.8784783506475834e-8,-0.16019964218139649,0.9676392078399658,-0.25055837631225588,0.029913567006587983,0.24934138357639314,0.9676212668418884,0.03921673446893692,-0.03877108544111252,-0.030488962307572366,0.9987828731536865],"EasingStyle":"Linear","EasingDirection":"Out"},"HumanoidRootPart":{"Weight":0,"CFrame":[0,0,0,1,0,0,0,1,0,0,0,1],"EasingStyle":"Linear","EasingDirection":"In"},"Right Leg":{"Weight":1,"CFrame":[0.16960449516773225,0.11035668849945069,0.002324819564819336,0.9854411482810974,0.15997688472270966,-0.05755965784192085,-0.16175633668899537,0.9864424467086792,-0.027681346982717515,0.05235088989138603,0.03658897057175636,0.997958242893219],"EasingStyle":"Linear","EasingDirection":"Out"}}},{"Time":0.23333333432674409,"poses":{"Left Leg":{"Weight":1,"CFrame":[-0.4269045889377594,0.21867799758911134,0.04273498058319092,0.9744914174079895,-0.11075610667467118,-0.19519104063510896,0.1215488389134407,0.9916020035743713,0.044173870235681537,0.18865925073623658,-0.06677231192588806,0.9797699451446533],"EasingStyle":"Linear","EasingDirection":"Out"},"Right Arm":{"Weight":1,"CFrame":[0.5126371383666992,-0.8970189094543457,-0.2088051438331604,-0.49957534670829775,-0.28404760360717776,0.8183773159980774,0.8652976155281067,-0.20838481187820435,0.4558901786804199,0.04104292392730713,0.9358913898468018,0.3498896360397339],"EasingStyle":"Linear","EasingDirection":"Out"},"Left Arm":{"Weight":1,"CFrame":[-0.9535204768180847,0.145707368850708,0.0031783580780029299,-0.798292338848114,0.2131362408399582,0.5632959008216858,-0.13055825233459474,-0.9742885231971741,0.18362030386924745,0.5879489183425903,0.07303972542285919,0.805593729019165],"EasingStyle":"Linear","EasingDirection":"Out"},"Head":{"Weight":1,"CFrame":[1.4062970876693726e-7,-3.259629011154175e-9,3.5762786865234377e-7,0.9553914666175842,0.29364296793937685,-0.03163805976510048,-0.2939256727695465,0.9558172821998596,-0.004583774134516716,0.02889420837163925,0.013678539544343949,0.999488890171051],"EasingStyle":"Linear","EasingDirection":"Out"},"Torso":{"Weight":1,"CFrame":[-0.04020145162940025,1.8063992968109234e-8,-0.18195676803588868,0.9648794531822205,-0.2609473764896393,0.03023431822657585,0.2599852383136749,0.9650704264640808,0.0323537178337574,-0.03762086480855942,-0.023356962949037553,0.9990190863609314],"EasingStyle":"Linear","EasingDirection":"Out"},"HumanoidRootPart":{"Weight":0,"CFrame":[0,0,0,1,0,0,0,1,0,0,0,1],"EasingStyle":"Linear","EasingDirection":"In"},"Right Leg":{"Weight":1,"CFrame":[0.20142482221126557,0.13850903511047364,-0.03603470325469971,0.9859126806259155,0.16377732157707215,-0.03395804762840271,-0.16433927416801454,0.9862979054450989,-0.014459142461419106,0.031124617904424669,0.019836094230413438,0.9993186593055725],"EasingStyle":"Linear","EasingDirection":"Out"}}},{"Time":0.25,"poses":{"Left Leg":{"Weight":1,"CFrame":[-0.457355797290802,0.2458866834640503,0.032811880111694339,0.9722251296043396,-0.11115163564682007,-0.20597004890441895,0.12313658744096756,0.9913103580474854,0.04627230018377304,0.19903698563575746,-0.0703495442867279,0.9774636626243591],"EasingStyle":"Linear","EasingDirection":"Out"},"Right Arm":{"Weight":1,"CFrame":[0.42697271704673769,-0.9473217725753784,-0.06178700923919678,-0.4891851544380188,-0.29114457964897158,0.8221513628959656,0.868352472782135,-0.07436557859182358,0.4903404116630554,-0.08162029832601547,0.9537843465805054,0.2891944646835327],"EasingStyle":"Linear","EasingDirection":"Out"},"Left Arm":{"Weight":1,"CFrame":[-0.9813739657402039,0.17129957675933839,-0.1649010181427002,-0.8509513139724731,0.2051461637020111,0.48352542519569399,-0.12925732135772706,-0.9740517735481262,0.1857839822769165,0.5090916752815247,0.09559394419193268,0.8553873300552368],"EasingStyle":"Linear","EasingDirection":"Out"},"Head":{"Weight":1,"CFrame":[1.434236764907837e-7,-1.0477378964424134e-8,-2.980232238769531e-7,0.9525678157806397,0.3025437593460083,-0.03289002180099487,-0.30310654640197756,0.9528594017028809,-0.013616538606584072,0.02721996046602726,0.022939855232834817,0.9993662238121033],"EasingStyle":"Linear","EasingDirection":"Out"},"Torso":{"Weight":1,"CFrame":[-0.04144848883152008,1.7251322148581495e-8,-0.20785951614379884,0.9612287282943726,-0.27393874526023867,0.03157457709312439,0.2731339633464813,0.9615811705589294,0.02755817025899887,-0.037910766899585727,-0.017865614965558053,0.9991214275360107],"EasingStyle":"Linear","EasingDirection":"Out"},"HumanoidRootPart":{"Weight":0,"CFrame":[0,0,0,1,0,0,0,1,0,0,0,1],"EasingStyle":"Linear","EasingDirection":"In"},"Right Leg":{"Weight":1,"CFrame":[0.2725546360015869,0.15866470336914063,-0.0630757212638855,0.9807745218276978,0.19299796223640443,-0.02886311337351799,-0.19317692518234254,0.981157660484314,-0.0035186868626624347,0.027640173211693765,0.009026728570461274,0.9995771646499634],"EasingStyle":"Linear","EasingDirection":"Out"}}},{"Time":0.2666666805744171,"poses":{"Left Leg":{"Weight":1,"CFrame":[-0.48180311918258669,0.27344322204589846,0.022057771682739259,0.9698770046234131,-0.1104690209031105,-0.2171064019203186,0.12423712015151978,0.99095219373703,0.05078243836760521,0.20953220129013062,-0.0762254074215889,0.9748260974884033],"EasingStyle":"Linear","EasingDirection":"Out"},"Right Arm":{"Weight":1,"CFrame":[0.34452682733535769,-0.9826071262359619,0.07127881050109863,-0.48818108439445498,-0.30339181423187258,0.8183107972145081,0.8473978638648987,0.0595426931977272,0.5276092886924744,-0.2087966948747635,0.9510037302970886,0.22802606225013734],"EasingStyle":"Linear","EasingDirection":"Out"},"Left Arm":{"Weight":1,"CFrame":[-0.9953945875167847,0.17933684587478639,-0.34408658742904665,-0.9009038805961609,0.1933230608701706,0.3885852098464966,-0.12011952698230744,-0.9714069366455078,0.20479224622249604,0.4170653820037842,0.13782143592834474,0.8983660936355591],"EasingStyle":"Linear","EasingDirection":"Out"},"Head":{"Weight":1,"CFrame":[1.387670636177063e-7,1.0477378964424134e-8,-1.7881393432617188e-7,0.9488994479179382,0.31348440051078799,-0.036296579986810687,-0.3144152760505676,0.9489941596984863,-0.023518579080700876,0.027072522789239885,0.03372896462678909,0.9990642666816711],"EasingStyle":"Linear","EasingDirection":"Out"},"Torso":{"Weight":1,"CFrame":[-0.042844682931900027,1.6341445530088096e-8,-0.23185110092163087,0.9568339586257935,-0.2886437773704529,0.03396322950720787,0.2879074513912201,0.9573323726654053,0.02498030848801136,-0.03972450643777847,-0.014123744331300259,0.9991108179092407],"EasingStyle":"Linear","EasingDirection":"Out"},"HumanoidRootPart":{"Weight":0,"CFrame":[0,0,0,1,0,0,0,1,0,0,0,1],"EasingStyle":"Linear","EasingDirection":"In"},"Right Leg":{"Weight":1,"CFrame":[0.37222185730934145,0.1616693139076233,-0.07726305723190308,0.9694992899894714,0.24243572354316712,-0.036001600325107577,-0.24252398312091828,0.9701434373855591,0.0019598454236984255,0.035401929169893268,0.006831206846982241,0.99934983253479],"EasingStyle":"Linear","EasingDirection":"Out"}}},{"Time":0.28333333134651186,"poses":{"Left Leg":{"Weight":1,"CFrame":[-0.4959997534751892,0.2921721935272217,0.013167142868041993,0.968201220035553,-0.10784641653299332,-0.2257334440946579,0.12355019897222519,0.9907230734825134,0.05659574642777443,0.21753574907779694,-0.08268550783395767,0.9725437164306641],"EasingStyle":"Linear","EasingDirection":"Out"},"Right Arm":{"Weight":1,"CFrame":[0.27025049924850466,-1.0009548664093018,0.19455397129058839,-0.4949711263179779,-0.3320521414279938,0.8029600381851196,0.7993388772010803,0.18830884993076325,0.570611298084259,-0.3406771421432495,0.9242733120918274,0.17221486568450929],"EasingStyle":"Linear","EasingDirection":"Out"},"Left Arm":{"Weight":1,"CFrame":[-1.0006287097930909,0.1702817678451538,-0.5159419775009155,-0.9426110982894898,0.17548002302646638,0.28406187891960146,-0.10720574855804444,-0.9647735953330994,0.2402476668357849,0.3162139654159546,0.1960069239139557,0.9282186627388],"EasingStyle":"Linear","EasingDirection":"Out"},"Head":{"Weight":1,"CFrame":[1.4808028936386109e-7,3.259629011154175e-9,-1.7881393432617188e-7,0.9447651505470276,0.3251023590564728,-0.04156045988202095,-0.3265390396118164,0.9445632696151733,-0.03424031287431717,0.02812487632036209,0.04592017084360123,0.9985491037368774],"EasingStyle":"Linear","EasingDirection":"Out"},"Torso":{"Weight":1,"CFrame":[-0.044398173689842227,1.5329062463820266e-8,-0.24533367156982423,0.9519848823547363,-0.30393192172050478,0.03674452751874924,0.30318254232406618,0.9526143670082092,0.02462180331349373,-0.04248671233654022,-0.01229928620159626,0.9990213513374329],"EasingStyle":"Linear","EasingDirection":"Out"},"HumanoidRootPart":{"Weight":0,"CFrame":[0,0,0,1,0,0,0,1,0,0,0,1],"EasingStyle":"Linear","EasingDirection":"In"},"Right Leg":{"Weight":1,"CFrame":[0.4190775752067566,0.1584240198135376,-0.07896709442138672,0.9614818096160889,0.2702501714229584,-0.05017495155334473,-0.27053186297416689,0.9627102613449097,0.0012200897326692939,0.04863367974758148,0.012400821782648564,0.9987397193908691],"EasingStyle":"Linear","EasingDirection":"Out"}}},{"Time":0.30000001192092898,"poses":{"Left Leg":{"Weight":1,"CFrame":[-0.5026242136955261,0.3018360137939453,0.007267951965332031,0.9676940441131592,-0.10603678971529007,-0.2287454605102539,0.12333937734365463,0.9903830885887146,0.06267987191677094,0.2198992669582367,-0.08886826038360596,0.9714663028717041],"EasingStyle":"Linear","EasingDirection":"Out"},"Right Arm":{"Weight":1,"CFrame":[0.20805658400058747,-1.0057597160339356,0.3107675313949585,-0.5033192038536072,-0.3858778774738312,0.7731545567512512,0.7222440242767334,0.3033370077610016,0.621570885181427,-0.4743767976760864,0.8712548017501831,0.12602265179157258],"EasingStyle":"Linear","EasingDirection":"Out"},"Left Arm":{"Weight":1,"CFrame":[-1.0021233558654786,0.1481735110282898,-0.6620303392410278,-0.9724041819572449,0.1507476270198822,0.17805981636047364,-0.09442418068647385,-0.9522077441215515,0.2904900312423706,0.2133406549692154,0.2656606137752533,0.9401649832725525],"EasingStyle":"Linear","EasingDirection":"Out"},"Head":{"Weight":1,"CFrame":[1.4808028936386109e-7,-7.2177499532699589e-9,-3.5762786865234377e-7,0.9405012130737305,0.3364037573337555,-0.04785432294011116,-0.33851054310798647,0.9398321509361267,-0.046109285205602649,0.029463695362210275,0.05956503376364708,0.9977895021438599],"EasingStyle":"Linear","EasingDirection":"Out"},"Torso":{"Weight":1,"CFrame":[-0.04611048847436905,1.421317463723426e-8,-0.24947309494018556,0.946987509727478,-0.31885701417922976,0.03930457681417465,0.3179972767829895,0.9477174282073975,0.026634590700268747,-0.045742254704236987,-0.012723878026008606,0.9988722205162048],"EasingStyle":"Linear","EasingDirection":"Out"},"HumanoidRootPart":{"Weight":0,"CFrame":[0,0,0,1,0,0,0,1,0,0,0,1],"EasingStyle":"Linear","EasingDirection":"In"},"Right Leg":{"Weight":1,"CFrame":[0.40885043144226076,0.15650683641433717,-0.07260441780090332,0.9594841003417969,0.27351102232933047,-0.06769029051065445,-0.2744322419166565,0.9615958333015442,-0.004524416755884886,0.0638531967997551,0.0229174941778183,0.9976961016654968],"EasingStyle":"Linear","EasingDirection":"Out"}}},{"Time":0.3166666626930237,"poses":{"Left Leg":{"Weight":1,"CFrame":[-0.5054953694343567,0.30912333726882937,0.004769325256347656,0.9691783785820007,-0.1073148250579834,-0.22175830602645875,0.12531279027462007,0.9897350668907166,0.06871088594198227,0.2121082842350006,-0.09438225626945496,0.9726777672767639],"EasingStyle":"Linear","EasingDirection":"Out"},"Right Arm":{"Weight":1,"CFrame":[0.15770331025123597,-1.002579927444458,0.4169175624847412,-0.5018041729927063,-0.4636400640010834,0.7302263379096985,0.6207844614982605,0.39484280347824099,0.6772930026054382,-0.6023447513580322,0.7931815981864929,0.089686609