{"Sequence":[{"Time":0,"poses":{"Left Leg":{"Weight":1,"CFrame":[-0.014806084334850312,0.11618351936340332,-0.0036965012550354006,0.9965648055076599,-0.05559740588068962,0.0613802969455719,0.04995393007993698,0.9946942925453186,0.08993285149335861,-0.06605464965105057,-0.08655770868062973,0.9940546154975891],"EasingStyle":"Linear","EasingDirection":"Out"},"Right Arm":{"Weight":1,"CFrame":[-0.2011149674654007,-0.029375165700912477,-0.020207226276397706,0.9793229699134827,0.0659090131521225,-0.19126573204994203,-0.03675781190395355,0.9876753687858582,0.1521388590335846,0.19893577694892884,-0.14196254312992097,0.9696758389472961],"EasingStyle":"Linear","EasingDirection":"Out"},"Left Arm":{"Weight":1,"CFrame":[-0.1512155681848526,0.0030344724655151369,-0.015174329280853272,0.9985605478286743,0.005743375048041344,-0.05332767963409424,0.0035136642400175335,0.9851099848747253,0.17188936471939088,0.05352085083723068,-0.17182931303977967,0.9836717844009399],"EasingStyle":"Linear","EasingDirection":"Out"},"Right Leg":{"Weight":1,"CFrame":[0.07727912068367005,0.10146468877792359,0.010019183158874512,0.9780511856079102,-0.016090724617242814,-0.2077426314353943,0.02191522903740406,0.9994277358055115,0.025766029953956605,0.20720914006233216,-0.029753224924206735,0.9778441190719605],"EasingStyle":"Linear","EasingDirection":"Out"},"Torso":{"Weight":1,"CFrame":[-4.915179374620493e-12,7.864775497523624e-11,-0.07600259780883789,0.9950042963027954,-0.09982740134000778,0.000998956966213882,0.09982740134000778,0.9948044419288635,-0.019965369254350663,0.0009993240237236024,0.01996535062789917,0.9998001456260681],"EasingStyle":"Linear","EasingDirection":"Out"},"HumanoidRootPart":{"Weight":0,"CFrame":[0,0,0,1,0,0,0,1,0,0,0,1],"EasingStyle":"Linear","EasingDirection":"In"},"Head":{"Weight":1,"CFrame":[1.5087425708770753e-7,-1.1714291758835316e-9,0,0.9965534806251526,0.08074406534433365,0.019015388563275338,-0.08032118529081345,0.9965252876281738,-0.022042561322450639,-0.020729120820760728,0.020439250394701959,0.9995761513710022],"EasingStyle":"Linear","EasingDirection":"Out"}}},{"Time":0.01666666753590107,"poses":{"Left Leg":{"Weight":1,"CFrame":[-0.03530387952923775,0.13009732961654664,-0.003816366195678711,0.9962252378463745,-0.06064271554350853,0.06211051717400551,0.054938193410634997,0.994446873664856,0.0897621288895607,-0.06720903515815735,-0.08601105958223343,0.9940246939659119],"EasingStyle":"Linear","EasingDirection":"Out"},"Right Arm":{"Weight":1,"CFrame":[-0.20051774382591248,-0.03469976782798767,-0.022562861442565919,0.97969651222229,0.06420550495386124,-0.18992747366428376,-0.03537788987159729,0.9878315329551697,0.15145061910152436,0.19734030961990357,-0.14165639877319337,0.9700465202331543],"EasingStyle":"Linear","EasingDirection":"Out"},"Left Arm":{"Weight":1,"CFrame":[-0.15148478746414185,-0.0016177594661712647,-0.01660972833633423,0.9985199570655823,0.005680083762854338,-0.054088883101940158,0.003438930492848158,0.9859469532966614,0.16702333092689515,0.05427747592329979,-0.1669621467590332,0.9844681620597839],"EasingStyle":"Linear","EasingDirection":"Out"},"Right Leg":{"Weight":1,"CFrame":[0.09877318143844605,0.1178942322731018,0.012529730796813965,0.9782885313034058,-0.011426469311118126,-0.2069324254989624,0.017183464020490648,0.9995130896568298,0.026044640690088273,0.20653408765792848,-0.029034988954663278,0.978008508682251],"EasingStyle":"Linear","EasingDirection":"Out"},"Torso":{"Weight":1,"CFrame":[-0.00016065326053649187,0.0004807565128430724,-0.0911417007446289,0.9950853586196899,-0.09901642799377442,0.0009363322169519961,0.09901063144207001,0.9948021769523621,-0.023780301213264467,0.001423174748197198,0.023756135255098344,0.9997167587280273],"EasingStyle":"Linear","EasingDirection":"Out"},"HumanoidRootPart":{"Weight":0,"CFrame":[0,0,0,1,0,0,0,1,0,0,0,1],"EasingStyle":"Linear","EasingDirection":"In"},"Head":{"Weight":1,"CFrame":[0.0006017683772370219,-5.340552888810635e-9,3.5762786865234377e-7,0.9966185092926025,0.07994142174720764,0.018997306004166604,-0.0794966071844101,0.9965670108795166,-0.023118406534194948,-0.020780207589268686,0.021530024707317354,0.9995522499084473],"EasingStyle":"Linear","EasingDirection":"Out"}}},{"Time":0.03333333507180214,"poses":{"Left Leg":{"Weight":1,"CFrame":[-0.09064287692308426,0.16448581218719483,-0.003526031970977783,0.9951054453849793,-0.07507067918777466,0.06426159292459488,0.06919334083795548,0.9936023354530335,0.08925623446702957,-0.07055098563432694,-0.08437288552522659,0.9939334988594055],"EasingStyle":"Linear","EasingDirection":"Out"},"Right Arm":{"Weight":1,"CFrame":[-0.19897763431072236,-0.048038870096206668,-0.02897012233734131,0.9807457327842712,0.05959499254822731,-0.18597391247749329,-0.03177965432405472,0.9883098006248474,0.14910992980003358,0.1926860511302948,-0.1403287649154663,0.9711745381355286],"EasingStyle":"Linear","EasingDirection":"Out"},"Left Arm":{"Weight":1,"CFrame":[-0.1522066742181778,-0.013616472482681275,-0.020311295986175538,0.9983930587768555,0.005550360772758722,-0.05639623478055,0.0032319624442607166,0.9879950284957886,0.15445178747177125,0.056576456874608996,-0.15438586473464967,0.9863894581794739],"EasingStyle":"Linear","EasingDirection":"Out"},"Right Leg":{"Weight":1,"CFrame":[0.15863017737865449,0.15901577472686768,0.019931554794311525,0.9788702726364136,0.0026265191845595838,-0.20446527004241944,0.002872275188565254,0.9996422529220581,0.026592181995511056,0.2044619619846344,-0.02661758102476597,0.9785125255584717],"EasingStyle":"Linear","EasingDirection":"Out"},"Torso":{"Weight":1,"CFrame":[-0.0006740965181961656,0.0017411087173968554,-0.1289815902709961,0.9953246116638184,-0.09658350050449372,0.0007620070828124881,0.09655405580997467,0.9947547316551209,-0.03376883268356323,0.002503501484170556,0.03368452191352844,0.9994294047355652],"EasingStyle":"Linear","EasingDirection":"Out"},"HumanoidRootPart":{"Weight":0,"CFrame":[0,0,0,1,0,0,0,1,0,0,0,1],"EasingStyle":"Linear","EasingDirection":"In"},"Head":{"Weight":1,"CFrame":[0.0021533104591071607,8.352799341082573e-9,2.384185791015625e-7,0.9968093633651733,0.07753356546163559,0.01896524615585804,-0.07702804356813431,0.9966879487037659,-0.026074085384607316,-0.020924046635627748,0.024530036374926568,0.9994800686836243],"EasingStyle":"Linear","EasingDirection":"Out"}}},{"Time":0.05000000074505806,"poses":{"Left Leg":{"Weight":1,"CFrame":[-0.16527587175369264,0.2096484899520874,-0.002562880516052246,0.993180513381958,-0.09477062523365021,0.06790412962436676,0.08860895037651062,0.9921150207519531,0.0886353999376297,-0.07576873898506165,-0.08201402425765991,0.993746817111969],"EasingStyle":"Linear","EasingDirection":"Out"},"Right Arm":{"Weight":1,"CFrame":[-0.19687171280384065,-0.06544274091720581,-0.038439393043518069,0.9823411107063294,0.052836693823337558,-0.17948316037654878,-0.02676090970635414,0.9891120791435242,0.1447104513645172,0.18517501652240754,-0.1373518854379654,0.9730594158172607],"EasingStyle":"Linear","EasingDirection":"Out"},"Left Arm":{"Weight":1,"CFrame":[-0.15325240790843965,-0.030022352933883668,-0.025372803211212159,0.9981663823127747,0.005427411757409573,-0.060286227613687518,0.0029014868196099998,0.9905369877815247,0.13721556961536408,0.06046046316623688,-0.13713888823986054,0.9887049198150635],"EasingStyle":"Linear","EasingDirection":"Out"},"Right Leg":{"Weight":1,"CFrame":[0.24123555421829225,0.21337854862213136,0.029988646507263185,0.9794796705245972,0.02192802168428898,-0.2003464251756668,-0.016849691048264505,0.9994929432868958,0.02701805904507637,0.20083729922771455,-0.023087862879037858,0.9793525338172913],"EasingStyle":"Linear","EasingDirection":"Out"},"Torso":{"Weight":1,"CFrame":[-0.0015875553945079446,0.0035081778187304737,-0.17908000946044923,0.9957098960876465,-0.09252875298261643,0.0004816660366486758,0.09244614094495774,0.9945724010467529,-0.04774393141269684,0.003938634414225817,0.04758363217115402,0.9988594651222229],"EasingStyle":"Linear","EasingDirection":"Out"},"HumanoidRootPart":{"Weight":0,"CFrame":[0,0,0,1,0,0,0,1,0,0,0,1],"EasingStyle":"Linear","EasingDirection":"In"},"Head":{"Weight":1,"CFrame":[0.004274805076420307,2.529122866690159e-8,1.1920928955078126e-7,0.9971129894256592,0.07352211326360703,0.018977807834744455,-0.07292374223470688,0.9968709945678711,-0.030501654371619226,-0.021160967648029329,0.029029661789536477,0.9993545413017273],"EasingStyle":"Linear","EasingDirection":"Out"}}},{"Time":0.06666667014360428,"poses":{"Left Leg":{"Weight":1,"CFrame":[-0.23850437998771668,0.2573404908180237,-0.0015844106674194337,0.9909062385559082,-0.11286630481481552,0.07325324416160584,0.10628076642751694,0.9904065728187561,0.08831336349248886,-0.08251811563968659,-0.07972485572099686,0.9933955669403076],"EasingStyle":"Linear","EasingDirection":"Out"},"Right Arm":{"Weight":1,"CFrame":[-0.19457721710205079,-0.08296078443527222,-0.049980998039245608,0.9843404293060303,0.044705577194690707,-0.170514777302742,-0.0210946686565876,0.9902293086051941,0.13784408569335938,0.17501112818717957,-0.1320885270833969,0.975665807723999],"EasingStyle":"Linear","EasingDirection":"Out"},"Left Arm":{"Weight":1,"CFrame":[-0.15449342131614686,-0.047898173332214358,-0.030887603759765626,0.9978184700012207,0.005380501504987478,-0.06579747796058655,0.002452089451253414,0.9929648041725159,0.11838425695896149,0.06597156077623368,-0.1182873398065567,0.9907854795455933],"EasingStyle":"Linear","EasingDirection":"Out"},"Right Leg":{"Weight":1,"CFrame":[0.3230419456958771,0.2706577181816101,0.03874325752258301,0.9801266193389893,0.03816840052604675,-0.1946663111448288,-0.03354912996292114,0.9990730285644531,0.026972515508532525,0.19551536440849305,-0.01990559697151184,0.9804986119270325],"EasingStyle":"Linear","EasingDirection":"Out"},"Torso":{"Weight":1,"CFrame":[-0.0029482541140168907,0.005509085021913052,-0.2315506935119629,0.9962212443351746,-0.0868515819311142,0.0000957268857746385,0.0866822674870491,0.9942091703414917,-0.0635160580277443,0.005421297159045935,0.06328434497117996,0.9979808330535889],"EasingStyle":"Linear","EasingDirection":"Out"},"HumanoidRootPart":{"Weight":0,"CFrame":[0,0,0,1,0,0,0,1,0,0,0,1],"EasingStyle":"Linear","EasingDirection":"In"},"Head":{"Weight":1,"CFrame":[0.0065862806513905529,1.04482751339674e-8,-5.960464477539063e-8,0.9975085258483887,0.06790923327207566,0.019108133390545846,-0.06719136983156204,0.997090756893158,-0.03599013388156891,-0.02149660512804985,0.03461655601859093,0.9991694688796997],"EasingStyle":"Linear","EasingDirection":"Out"}}},{"Time":0.0833333358168602,"poses":{"Left Leg":{"Weight":1,"CFrame":[-0.29619520902633669,0.29894763231277468,-0.0008181929588317871,0.9888596534729004,-0.12524522840976716,0.0804377943277359,0.11807140707969666,0.9890541434288025,0.088493213057518,-0.09064067155122757,-0.07800997048616409,0.992823600769043],"EasingStyle":"Linear","EasingDirection":"Out"},"Right Arm":{"Weight":1,"CFrame":[-0.19247132539749146,-0.09664177894592285,-0.06260544061660767,0.9866039752960205,0.0359976626932621,-0.15911242365837098,-0.015524656511843205,0.9916415214538574,0.12808610498905183,0.16239331662654878,-0.12390010058879852,0.978916347026825],"EasingStyle":"Linear","EasingDirection":"Out"},"Left Arm":{"Weight":1,"CFrame":[-0.15580089390277863,-0.06430429220199585,-0.03594917058944702,0.9973189234733582,0.005499270278960466,-0.07297055423259735,0.001908717560581863,0.9948781132698059,0.10106408596038819,0.0731525719165802,-0.10093238204717636,0.9922002553939819],"EasingStyle":"Linear","EasingDirection":"Out"},"Right Leg":{"Weight":1,"CFrame":[0.3891814351081848,0.32060033082962038,0.044420480728149417,0.9811527132987976,0.046837929636240008,-0.18747150897979737,-0.04270618408918381,0.998748779296875,0.026020187884569169,0.1884557157754898,-0.01752358488738537,0.981925368309021],"EasingStyle":"Linear","EasingDirection":"Out"},"Torso":{"Weight":1,"CFrame":[-0.00480341911315918,0.007470947224646807,-0.27628374099731448,0.9968308210372925,-0.07954952120780945,-0.00038289595977403224,0.07927142083644867,0.9937258362770081,-0.0788986012339592,0.0066568381153047089,0.07861820608377457,0.9968825578689575],"EasingStyle":"Linear","EasingDirection":"Out"},"HumanoidRootPart":{"Weight":0,"CFrame":[0,0,0,1,0,0,0,1,0,0,0,1],"EasingStyle":"Linear","EasingDirection":"In"},"Head":{"Weight":1,"CFrame":[0.008707773871719838,-2.695014700293541e-8,-1.7881393432617188e-7,0.9979673624038696,0.06069587171077728,0.019419720396399499,-0.05983670800924301,0.9973189830780029,-0.042124275118112567,-0.021924421191215516,0.04087664559483528,0.998923659324646],"EasingStyle":"Linear","EasingDirection":"Out"}}},{"Time":0.10000000149011612,"poses":{"Left Leg":{"Weight":1,"CFrame":[-0.3296358287334442,0.3240557312965393,0.0001271963119506836,0.9874718189239502,-0.12994061410427094,0.08952558785676956,0.12200960516929627,0.9885293245315552,0.0890137180685997,-0.10006513446569443,-0.07697555422782898,0.9919988512992859],"EasingStyle":"Linear","EasingDirection":"Out"},"Right Arm":{"Weight":1,"CFrame":[-0.19093117117881776,-0.10253602266311646,-0.07532322406768799,0.9890027642250061,0.027536962181329728,-0.1453108787536621,-0.010763089172542096,0.9933093786239624,0.11498104780912399,0.14750486612319947,-0.1121525764465332,0.9826821088790894],"EasingStyle":"Linear","EasingDirection":"Out"},"Left Arm":{"Weight":1,"CFrame":[-0.15704607963562013,-0.07630300521850586,-0.039650797843933108,0.9966273903846741,0.0059192003682255749,-0.08184653520584107,0.00134234968572855,0.9960856437683106,0.0883832722902298,0.08204931765794754,-0.08819504082202912,0.9927182793617249],"EasingStyle":"Linear","EasingDirection":"Out"},"Right Leg":{"Weight":1,"CFrame":[0.4319576621055603,0.35129833221435549,0.04706871509552002,0.9828002452850342,0.04641391336917877,-0.17874398827552796,-0.04286731407046318,0.9988006949424744,0.023655280470848085,0.17962758243083955,-0.015586146153509617,0.9836112260818481],"EasingStyle":"Linear","EasingDirection":"Out"},"Torso":{"Weight":1,"CFrame":[-0.007200276013463736,0.009120889939367772,-0.3020939826965332,0.9975031614303589,-0.07061631232500076,-0.0009111237595789135,0.07023535668849945,0.9933052659034729,-0.09171517938375473,0.007381610572338104,0.0914221853017807,0.9957848787307739],"EasingStyle":"Linear","EasingDirection":"Out"},"HumanoidRootPart":{"Weight":0,"CFrame":[0,0,0,1,0,0,0,1,0,0,0,1],"EasingStyle":"Linear","EasingDirection":"In"},"Head":{"Weight":1,"CFrame":[0.010259313508868218,-3.546301741153002e-8,-1.7881393432617188e-7,0.9984542727470398,0.051878053694963458,0.01994214951992035,-0.050861477851867679,0.9975280165672302,-0.04848692938685417,-0.02240825816988945,0.047397665679454806,0.9986247420310974],"EasingStyle":"Linear","EasingDirection":"Out"}}},{"Time":0.11666666716337204,"poses":{"Left Leg":{"Weight":1,"CFrame":[-0.32982784509658816,0.3196089267730713,0.0017293691635131837,0.9871093034744263,-0.12445319443941117,0.10063101351261139,0.11561259627342224,0.9892644882202148,0.08938375860452652,-0.11067478358745575,-0.07659733295440674,0.9909005761146545],"EasingStyle":"Linear","EasingDirection":"Out"},"Right Arm":{"Weight":1,"CFrame":[-0.1903340071439743,-0.09669029712677002,-0.08714461326599121,0.9914200901985169,0.020183654502034189,-0.12914642691612245,-0.007490114308893681,0.9951554536819458,0.09802830219268799,0.13049933314323426,-0.09621991962194443,0.9867683053016663],"EasingStyle":"Linear","EasingDirection":"Out"},"Left Arm":{"Weight":1,"CFrame":[-0.15810029208660127,-0.08095574378967285,-0.04108613729476929,0.9956926107406616,0.006848500110208988,-0.09246260672807694,0.000897131918463856,0.996509850025177,0.08347011357545853,0.09271154552698136,-0.08319354057312012,0.9922114014625549],"EasingStyle":"Linear","EasingDirection":"Out"},"Right Leg":{"Weight":1,"CFrame":[0.44477415084838869,0.3479681611061096,0.04700362682342529,0.9850752949714661,0.035487301647663119,-0.16842585802078248,-0.03266792371869087,0.9992763996124268,0.019481604918837549,0.16899530589580537,-0.013688723556697369,0.9855217933654785],"EasingStyle":"Linear","EasingDirection":"Out"},"Torso":{"Weight":1,"CFrame":[-0.010186048224568367,0.010186036117374897,-0.2955660820007324,0.9981949925422669,-0.060040391981601718,-0.0013980517396703363,0.05960140377283096,0.9932205677032471,-0.0998028814792633,0.007380777504295111,0.09953941404819489,0.995006263256073],"EasingStyle":"Linear","EasingDirection":"Out"},"HumanoidRootPart":{"Weight":0,"CFrame":[0,0,0,1,0,0,0,1,0,0,0,1],"EasingStyle":"Linear","EasingDirection":"In"},"Head":{"Weight":1,"CFrame":[0.010860934853553772,8.993083611130715e-9,1.1920928955078126e-7,0.9989275336265564,0.041442643851041797,0.02064705267548561,-0.040261588990688327,0.9976928234100342,-0.05466251075267792,-0.022864775732159616,0.05377262085676193,0.9982913732528687],"EasingStyle":"Linear","EasingDirection":"Out"}}},{"Time":0.13333334028720857,"poses":{"Left Leg":{"Weight":1,"CFrame":[-0.2941718101501465,0.27229976654052737,0.0029621124267578127,0.9879263639450073,-0.10640355199575424,0.11260481923818588,0.09677233546972275,0.9914259314537048,0.08780500292778015,-0.1209820806980133,-0.07584785670042038,0.9897527098655701],"EasingStyle":"Linear","EasingDirection":"Out"},"Right Arm":{"Weight":1,"CFrame":[-0.19041328132152558,-0.08155670762062073,-0.09722340106964112,0.9937530159950256,0.014028098434209824,-0.11071670055389404,-0.0054527632892131809,0.9969868659973145,0.07737880945205689,0.11146857589483261,-0.07629170268774033,0.9908351898193359],"EasingStyle":"Linear","EasingDirection":"Out"},"Left Arm":{"Weight":1,"CFrame":[-0.15886545181274415,-0.07426431775093079,-0.04100996255874634,0.99443119764328,0.01053678896278143,-0.10485978424549103,-0.0017044271808117629,0.9964671730995178,0.0839657410979271,0.1053740531206131,-0.08331941813230515,0.9909360408782959],"EasingStyle":"Linear","EasingDirection":"Out"},"Right Leg":{"Weight":1,"CFrame":[0.42901164293289187,0.29801833629608157,0.04327499866485596,0.9875427484512329,0.016148777678608896,-0.15652020275592805,-0.013542038388550282,0.9997515082359314,0.017706360667943956,0.15676726400852204,-0.015366186387836934,0.9875160455703735],"EasingStyle":"Linear","EasingDirection":"Out"},"Torso":{"Weight":1,"CFrame":[-0.013782413676381112,0.012154471129179,-0.24387073516845704,0.9988555312156677,-0.04778927564620972,-0.0019649325404316189,0.047344695776700976,0.9937284588813782,-0.10130241513252258,0.006793778855353594,0.10109344869852066,0.9948537349700928],"EasingStyle":"Linear","EasingDirection":"Out"},"HumanoidRootPart":{"Weight":0,"CFrame":[0,0,0,1,0,0,0,1,0,0,0,1],"EasingStyle":"Linear","EasingDirection":"In"},"Head":{"Weight":1,"CFrame":[0.009731413796544075,-1.6298145055770875e-8,3.5762786865234377e-7,0.9993330836296082,0.02934657596051693,0.02172974683344364,-0.02796606905758381,0.9977263808250427,-0.061318423599004748,-0.023479830473661424,0.060669828206300738,0.9978817105293274],"EasingStyle":"Linear","EasingDirection":"Out"}}},{"Time":0.15000000596046449,"poses":{"Left Leg":{"Weight":1,"CFrame":[-0.2419918328523636,0.2126091718673706,0.0010352134704589844,0.9887732267379761,-0.08421777933835983,0.12342964112758637,0.07401898503303528,0.9936267137527466,0.08501269668340683,-0.12980253994464875,-0.07492214441299439,0.9887052178382874],"EasingStyle":"Linear","EasingDirection":"Out"},"Right Arm":{"Weight":1,"CFrame":[-0.19060222804546357,-0.0653853714466095,-0.10528731346130371,0.9959718585014343,0.005727385636419058,-0.08948350697755814,-0.0007590196910314262,0.9984607100486755,0.055458325892686847,0.08966340869665146,-0.05516700819134712,0.9944431185722351],"EasingStyle":"Linear","EasingDirection":"Out"},"Left Arm":{"Weight":1,"CFrame":[-0.1593654602766037,-0.058309465646743777,-0.040476977825164798,0.9927294850349426,0.019367581233382226,-0.11879820376634598,-0.00910594779998064,0.9962257742881775,0.0863206759095192,0.12002164125442505,-0.08461132645606995,0.989159107208252],"EasingStyle":"Linear","EasingDirection":"Out"},"Right Leg":{"Weight":1,"CFrame":[0.38223937153816225,0.21282827854156495,0.034725189208984378,0.9896485209465027,-0.01073702983558178,-0.14311012625694276,0.013977027498185635,0.9996678233146668,0.021653881296515466,0.14283008873462678,-0.023429986089468004,0.9894698858261108],"EasingStyle":"Linear","EasingDirection":"Out"},"Torso":{"Weight":1,"CFrame":[-0.017908835783600808,0.016367431730031968,-0.15819120407104493,0.9994267225265503,-0.03374999016523361,-0.00268517411313951,0.03333353251218796,0.9947731494903565,-0.0965157076716423,0.005928542464971542,0.0963708683848381,0.9953278303146362],"EasingStyle":"Linear","EasingDirection":"Out"},"HumanoidRootPart":{"Weight":0,"CFrame":[0,0,0,1,0,0,0,1,0,0,0,1],"EasingStyle":"Linear","EasingDirection":"In"},"Head":{"Weight":1,"CFrame":[0.0070379385724663738,-2.1245796233415605e-8,0,0.9996077418327332,0.015501726418733597,0.023326121270656587,-0.013868024572730065,0.9975451231002808,-0.06863931566476822,-0.024332882836461068,0.0682888999581337,0.9973688125610352],"EasingStyle":"Linear","EasingDirection":"Out"}}},{"Time":0.1666666716337204,"poses":{"Left Leg":{"Weight":1,"CFrame":[-0.19926214218139649,0.16929525136947633,-0.0020249485969543459,0.9886949062347412,-0.07100323587656021,0.13206401467323304,0.06044011190533638,0.9947693347930908,0.08234647661447525,-0.13722014427185059,-0.07343357056379318,0.9878148436546326],"EasingStyle":"Linear","EasingDirection":"Out"},"Right Arm":{"Weight":1,"CFrame":[-0.190827876329422,-0.053302884101867679,-0.11120694875717163,0.9978822469711304,-0.009153056889772416,-0.06439895927906037,0.011449918150901795,0.9993080496788025,0.035387929528951648,0.0640304908156395,-0.03605034574866295,0.9972965717315674],"EasingStyle":"Linear","EasingDirection":"Out"},"Left Arm":{"Weight":1,"CFrame":[-0.15965494513511659,-0.03926524519920349,-0.03903013467788696,0.9904257655143738,0.03388721123337746,-0.13382261991500855,-0.02164324000477791,0.9955319762229919,0.09191110730171204,0.13633930683135987,-0.0881347581744194,0.9867339134216309],"EasingStyle":"Linear","EasingDirection":"Out"},"Right Leg":{"Weight":1,"CFrame":[0.3230954706668854,0.12396854162216187,0.026139020919799806,0.9912421107292175,-0.0327955037355423,-0.12791989743709565,0.03688272461295128,0.998877763748169,0.029713982716202737,0.12680186331272126,-0.03417178615927696,0.9913392663002014],"EasingStyle":"Linear","EasingDirection":"Out"},"Torso":{"Weight":1,"CFrame":[-0.02245922200381756,0.022201986983418466,-0.061495304107666019,0.999836266040802,-0.01778332144021988,-0.003344058757647872,0.01742604374885559,0.9960726499557495,-0.08680786937475205,0.004874658305197954,0.08673538267612457,0.9962194561958313],"EasingStyle":"Linear","EasingDirection":"Out"},"HumanoidRootPart":{"Weight":0,"CFrame":[0,0,0,1,0,0,0,1,0,0,0,1],"EasingStyle":"Linear","EasingDirection":"In"},"Head":{"Weight":1,"CFrame":[0.003823148552328348,-5.122274160385132e-9,4.76837158203125e-7,0.9996820092201233,-0.00018330170132685453,0.025215404108166696,0.002098251134157181,0.9971103072166443,-0.07593836635351181,-0.025128625333309175,0.07596713304519654,0.9967936277389526],"EasingStyle":"Linear","EasingDirection":"Out"}}},{"Time":0.18333333730697633,"poses":{"Left Leg":{"Weight":1,"CFrame":[-0.1912258416414261,0.16106146574020387,-0.002323150634765625,0.9873990416526794,-0.07797980308532715,0.13770374655723573,0.06734049320220947,0.9944929480552673,0.08030588924884796,-0.14320766925811768,-0.07002094388008118,0.9872125387191773],"EasingStyle":"Linear","EasingDirection":"Out"},"Right Arm":{"Weight":1,"CFrame":[-0.19101688265800477,-0.049359411001205447,-0.11485344171524048,0.9987838864326477,-0.035416826605796817,-0.034297965466976169,0.036142878234386447,0.9991304874420166,0.020785005763173105,0.03353200480341911,-0.021999355405569078,0.9991955161094666],"EasingStyle":"Linear","EasingDirection":"Out"},"Left Arm":{"Weight":1,"CFrame":[-0.15978868305683137,-0.023310303688049318,-0.0362127423286438,0.9872713088989258,0.0547000952064991,-0.1493426114320755,-0.03961717709898949,0.9939781427383423,0.10216640681028366,0.15403179824352265,-0.09494945406913758,0.9834931492805481],"EasingStyle":"Linear","EasingDirection":"Out"},"Right Leg":{"Weight":1,"CFrame":[0.3246071934700012,0.11208897829055786,0.025652647018432618,0.9938955903053284,-0.010183736681938172,-0.10985361784696579,0.014774223789572716,0.9990476369857788,0.04105473309755325,0.10933087766170502,-0.04242711886763573,0.9930995106697083],"EasingStyle":"Linear","EasingDirection":"Out"},"Torso":{"Weight":1,"CFrame":[-0.027327483519911767,0.028901387006044389,0.023404598236083986,0.9999929666519165,0.000248652882874012,-0.0037383618764579298,-0.0005240447935648263,0.9972694516181946,-0.07384710758924484,0.0037097916938364507,0.07384854555130005,0.9972625970840454],"EasingStyle":"Linear","EasingDirection":"Out"},"HumanoidRootPart":{"Weight":0,"CFrame":[0,0,0,1,0,0,0,1,0,0,0,1],"EasingStyle":"Linear","EasingDirection":"In"},"Head":{"Weight":1,"CFrame":[0.0011296741431578994,-1.837815943872556e-8,0,0.9994727373123169,-0.017789313569664956,0.027162715792655946,0.01999846287071705,0.9963194131851196,-0.0833524614572525,-0.02557995542883873,0.08385171741247177,0.9961498379707336],"EasingStyle":"Linear","EasingDirection":"Out"}}},{"Time":0.20000000298023225,"poses":{"Left Leg":{"Weight":1,"CFrame":[-0.2038045972585678,0.17270570993423463,-0.0006679296493530273,0.9854919910430908,-0.09503883868455887,0.1406170278787613,0.08457507938146591,0.9933107495307922,0.07861786335706711,-0.14714814722537995,-0.06558459997177124,0.9869377017021179],"EasingStyle":"Linear","EasingDirection":"Out"},"Right Arm":{"Weight":1,"CFrame":[-0.19109617173671723,-0.05545401573181152,-0.11609774827957154,0.9969229102134705,-0.07836652547121048,0.0018369382014498115,0.07832729816436768,0.9967991709709168,0.016009077429771425,-0.0030856351368129255,-0.015815936028957368,0.9998701810836792],"EasingStyle":"Linear","EasingDirection":"Out"},"Left Arm":{"Weight":1,"CFrame":[-0.1598210483789444,-0.016619205474853517,-0.03156787157058716,0.982917845249176,0.08241021633148194,-0.16456326842308045,-0.06323780119419098,0.9909347891807556,0.11852940917015076,0.17283952236175538,-0.10609808564186096,0.9792189002037048],"EasingStyle":"Linear","EasingDirection":"Out"},"Right Leg":{"Weight":1,"CFrame":[0.3435180187225342,0.12919330596923829,0.02589726448059082,0.9955129623413086,0.03316756710410118,-0.08862221986055374,-0.028443507850170137,0.9981331825256348,0.05404694005846977,0.09024938941001892,-0.05128371715545654,0.9945979118347168],"EasingStyle":"Linear","EasingDirection":"Out"},"Torso":{"Weight":1,"CFrame":[-0.03240752965211868,0.03565118834376335,0.07836151123046875,0.9997833967208862,0.020480535924434663,-0.003700827481225133,-0.020664464682340623,0.9980162978172302,-0.05946774780750275,0.0024755545891821386,0.05953134223818779,0.9982233643531799],"EasingStyle":"Linear","EasingDirection":"Out"},"HumanoidRootPart":{"Weight":0,"CFrame":[0,0,0,1,0,0,0,1,0,0,0,1],"EasingStyle":"Linear","EasingDirection":"In"},"Head":{"Weight":1,"CFrame":[1.4901161193847657e-7,-1.7636921256780626e-8,2.384185791015625e-7,0.99888014793396,-0.037380777299404147,0.02900255098938942,0.039893899112939838,0.9950006008148193,-0.09155502170324326,-0.025435155257582666,0.09260953217744827,0.9953776001930237],"EasingStyle":"Linear","EasingDirection":"Out"}}},{"Time":0.21666666865348817,"poses":{"Left Leg":{"Weight":1,"CFrame":[-0.2050408571958542,0.16276729106903077,0.0027899742126464845,0.9844627380371094,-0.10342857986688614,0.14190027117729188,0.09343063086271286,0.992765486240387,0.07541465014219284,-0.14867372810840608,-0.06098508462309837,0.9870040416717529],"EasingStyle":"Linear","EasingDirection":"Out"},"Right Arm":{"Weight":1,"CFrame":[-0.1870059072971344,-0.09349656105041504,-0.11241292953491211,0.9888050556182861,-0.14303912222385407,0.042478255927562717,0.14178209006786347,0.9894036650657654,0.03127694129943848,-0.04650196060538292,-0.02490413933992386,0.9986076951026917],"EasingStyle":"Linear","EasingDirection":"Out"},"Left Arm":{"Weight":1,"CFrame":[-0.15357717871665955,-0.03416568040847778,-0.023517906665802003,0.9769098162651062,0.11714809387922287,-0.17867156863212586,-0.09225306659936905,0.985586404800415,0.14180560410022736,0.19270850718021394,-0.12204831093549729,0.9736363291740418],"EasingStyle":"Linear","EasingDirection":"Out"},"Right Leg":{"Weight":1,"CFrame":[0.3395348787307739,0.09855568408966065,0.02604210376739502,0.9942100048065186,0.08723840862512589,-0.06273669004440308,-0.08302973955869675,0.9943038821220398,0.06682705879211426,0.06820923089981079,-0.061231132596731189,0.9957902431488037],"EasingStyle":"Linear","EasingDirection":"Out"},"Torso":{"Weight":1,"CFrame":[-0.037593092769384387,0.041784968227148059,0.09990739822387696,0.9990747570991516,0.042903024703264239,-0.002993527567014098,-0.042994849383831027,0.9980394840240479,-0.045482248067855838,0.0010363326873630286,0.04556887224316597,0.9989606738090515],"EasingStyle":"Linear","EasingDirection":"Out"},"HumanoidRootPart":{"Weight":0,"CFrame":[0,0,0,1,0,0,0,1,0,0,0,1],"EasingStyle":"Linear","EasingDirection":"In"},"Head":{"Weight":1,"CFrame":[1.5355180948972703e-7,-2.9336661100387574e-8,-7.152557373046875e-7,0.9980144500732422,-0.0557037889957428,0.029397115111351014,0.05833594873547554,0.99347984790802,-0.09795265644788742,-0.023749107494950296,0.09947309643030167,0.994756817817688],"EasingStyle":"Linear","EasingDirection":"Out"}}},{"Time":0.23333333432674409,"poses":{"Left Leg":{"Weight":1,"CFrame":[-0.18540114164352418,0.11541992425918579,0.009135961532592774,0.9846495985984802,-0.09868732839822769,0.14396515488624574,0.08928273618221283,0.9935151934623718,0.070399709045887,-0.1499791294336319,-0.056465428322553638,0.9870754480361939],"EasingStyle":"Linear","EasingDirection":"Out"},"Right Arm":{"Weight":1,"CFrame":[-0.17355221509933473,-0.1770608127117157,-0.10154074430465698,0.9696464538574219,-0.23171751201152802,0.07805601507425308,0.22609028220176698,0.9712424278259277,0.07464174181222916,-0.09310711920261383,-0.05472838878631592,0.9941508173942566],"EasingStyle":"Linear","EasingDirection":"Out"},"Left Arm":{"Weight":1,"CFrame":[-0.1369917243719101,-0.07676294445991516,-0.011142909526824952,0.9687552452087402,0.1573558747768402,-0.19170928001403809,-0.12504206597805024,0.977410078048706,0.17039361596107484,0.21419104933738709,-0.14109797775745393,0.9665472507476807],"EasingStyle":"Linear","EasingDirection":"Out"},"Right Leg":{"Weight":1,"CFrame":[0.3317031264305115,0.0310438871383667,0.03036332130432129,0.9866884350776672,0.15945596992969514,-0.03193331137299538,-0.1566389501094818,0.9846575260162354,0.0769008919596672,0.04370570555329323,-0.07087522000074387,0.9965272545814514],"EasingStyle":"Linear","EasingDirection":"Out"},"Torso":{"Weight":1,"CFrame":[-0.042777176946401599,0.0471595898270607,0.09944486618041992,0.9977576732635498,0.06691166758537293,-0.0015613867435604334,-0.06692635267972946,0.9971939325332642,-0.03354199603199959,-0.000687345105689019,0.033571284264326099,0.99943608045578],"EasingStyle":"Linear","EasingDirection":"Out"},"HumanoidRootPart":{"Weight":0,"CFrame":[0,0,0,1,0,0,0,1,0,0,0,1],"EasingStyle":"Linear","EasingDirection":"In"},"Head":{"Weight":1,"CFrame":[1.4825491234660149e-7,-4.889443516731262e-9,-3.5762786865234377e-7,0.9971579313278198,-0.07017353177070618,0.027417326346039773,0.0725809633731842,0.9923505187034607,-0.09986192733049393,-0.020199930295348169,0.1015680730342865,0.9946234822273254],"EasingStyle":"Linear","EasingDirection":"Out"}}},{"Time":0.25,"poses":{"Left Leg":{"Weight":1,"CFrame":[-0.17722883820533753,0.051680922508239749,0.021175861358642579,0.9839962720870972,-0.09799297153949738,0.1488245129585266,0.08908552676439285,0.9938746690750122,0.06539841741323471,-0.15432149171829225,-0.051093690097332,0.9866986870765686],"EasingStyle":"Linear","EasingDirection":"Out"},"Right Arm":{"Weight":1,"CFrame":[-0.14896059036254884,-0.2940541207790375,-0.08375376462936402,0.9337054491043091,-0.345192551612854,0.0950595960021019,0.3298262357711792,0.932561457157135,0.1467779576778412,-0.13931554555892945,-0.10569421201944351,0.9845912456512451],"EasingStyle":"Linear","EasingDirection":"Out"},"Left Arm":{"Weight":1,"CFrame":[-0.11328385770320893,-0.12935012578964234,0.0050280094146728519,0.958090603351593,0.20098181068897248,-0.2041291445493698,-0.15965157747268678,0.9662759900093079,0.20204484462738038,0.23785243928432465,-0.16098769009113313,0.9578669667243958],"EasingStyle":"Linear","EasingDirection":"Out"},"Right Leg":{"Weight":1,"CFrame":[0.32336387038230898,-0.04125547409057617,0.03756868839263916,0.9732710123062134,0.2296588271856308,0.0006204497185535729,-0.22893431782722474,0.9699791073799133,0.08203431218862534,0.018238075077533723,-0.079983651638031,0.9966292977333069],"EasingStyle":"Linear","EasingDirection":"Out"},"Torso":{"Weight":1,"CFrame":[-0.04785260185599327,0.05175696685910225,0.08166074752807617,0.9957824349403381,0.0917450562119484,0.0003698645159602165,-0.09170646965503693,0.9954655170440674,-0.02526504546403885,-0.0026861303485929968,0.025124570354819299,0.9996806979179382],"EasingStyle":"Linear","EasingDirection":"Out"},"HumanoidRootPart":{"Weight":0,"CFrame":[0,0,0,1,0,0,0,1,0,0,0,1],"EasingStyle":"Linear","EasingDirection":"In"},"Head":{"Weight":1,"CFrame":[1.5227124094963075e-7,-6.51925802230835e-9,0,0.9963662028312683,-0.08184465020895004,0.02357708476483822,0.08376336097717285,0.9917388558387756,-0.09714800119400025,-0.015431270003318787,0.09876987338066101,0.9949906468391419],"EasingStyle":"Linear","EasingDirection":"Out"}}},{"Time":0.2666666805744171,"poses":{"Left Leg":{"Weight":1,"CFrame":[-0.19016873836517335,0.007542431354522705,0.036742568016052249,0.9814924001693726,-0.10675514489412308,0.15898440778255464,0.09784696251153946,0.9932138919830322,0.06286585330963135,-0.16461679339408875,-0.046146221458911899,0.985277533531189],"EasingStyle":"Linear","EasingDirection":"Out"},"Right Arm":{"Weight":1,"CFrame":[-0.11145661771297455,-0.4323892593383789,-0.05932474136352539,0.8732953071594238,-0.48115208745002749,0.0764714926481247,0.45127934217453005,0.8580424189567566,0.24517370760440827,-0.1835816353559494,-0.1795990765094757,0.9664584398269653],"EasingStyle":"Linear","EasingDirection":"Out"},"Left Arm":{"Weight":1,"CFrame":[-0.08567289263010025,-0.17686638236045838,0.02446579933166504,0.9447580575942993,0.24594421684741975,-0.21666479110717774,-0.19418297708034516,0.9525207877159119,0.23451463878154756,0.2640552818775177,-0.17948698997497559,0.9476599097251892],"EasingStyle":"Linear","EasingDirection":"Out"},"Right Leg":{"Weight":1,"CFrame":[0.31778037548065188,-0.08786642551422119,0.04362034797668457,0.9603118300437927,0.27716341614723208,0.03133031725883484,-0.2788342535495758,0.9568329453468323,0.08198902755975723,-0.007253522053360939,-0.08747099339962006,0.9961406588554382],"EasingStyle":"Linear","EasingDirection":"Out"},"Torso":{"Weight":1,"CFrame":[-0.05271219462156296,0.05555902421474457,0.04791116714477539,0.9931706190109253,0.1166447177529335,0.0024715305771678688,-0.11656150966882706,0.9929339289665222,-0.022263260558247567,-0.005050958134233952,0.021823130548000337,0.9997490644454956],"EasingStyle":"Linear","EasingDirection":"Out"},"HumanoidRootPart":{"Weight":0,"CFrame":[0,0,0,1,0,0,0,1,0,0,0,1],"EasingStyle":"Linear","EasingDirection":"In"},"Head":{"Weight":1,"CFrame":[1.5692785382270814e-7,-6.984919309616089e-9,-2.384185791015625e-7,0.9956098198890686,-0.0917852446436882,0.01834452711045742,0.09306447952985764,0.9916548728942871,-0.08921694755554199,-0.01000264286994934,0.09053249657154083,0.9958432912826538],"EasingStyle":"Linear","EasingDirection":"Out"}}},{"Time":0.28333333134651186,"poses":{"Left Leg":{"Weight":1,"CFrame":[-0.21655721962451936,0.025577068328857423,0.050863027572631839,0.9764662384986877,-0.1237153485417366,0.17665845155715943,0.11376466602087021,0.9913511276245117,0.06542576104402542,-0.18322472274303437,-0.04378855973482132,0.9820953607559204],"EasingStyle":"Linear","EasingDirection":"Out"},"Right Arm":{"Weight":1,"CFrame":[-0.05965471267700195,-0.5784103870391846,-0.028817176818847657,0.7764246463775635,-0.6299940943717957,0.016498418524861337,0.5825601816177368,0.7274595499038696,0.36252743005752566,-0.24039210379123689,-0.2718639671802521,0.9318270683288574],"EasingStyle":"Linear","EasingDirection":"Out"},"Left Arm":{"Weight":1,"CFrame":[-0.05726587027311325,-0.2076682448387146,0.04660165309906006,0.9288191795349121,0.29020994901657107,-0.23037593066692353,-0.22687877714633943,0.9369967579841614,0.265637069940567,0.2929520606994629,-0.19446146488189698,0.9361431002616882],"EasingStyle":"Linear","EasingDirection":"Out"},"Right Leg":{"Weight":1,"CFrame":[0.33493703603744509,-0.06902432441711426,0.04279613494873047,0.9545849561691284,0.292426735162735,0.05704551562666893,-0.29625797271728518,0.9519481062889099,0.07762781530618668,-0.031603921204805377,-0.09100253134965897,0.9953490495681763],"EasingStyle":"Linear","EasingDirection":"Out"},"Torso":{"Weight":1,"CFrame":[-0.05724877119064331,0.058547649532556537,0.0027375221252441408,0.9900676012039185,0.14052188396453858,0.004438590724021196,-0.1403723508119583,0.9897922277450562,-0.024635696783661844,-0.007855136878788472,0.023767948150634767,0.9996866583824158],"EasingStyle":"Linear","EasingDirection":"Out"},"HumanoidRootPart":{"Weight":0,"CFrame":[0,0,0,1,0,0,0,1,0,0,0,1],"EasingStyle":"Linear","EasingDirection":"In"},"Head":{"Weight":1,"CFrame":[1.471489667892456e-7,8.381903171539307e-9,1.1920928955078126e-7,0.9948365688323975,-0.10075129568576813,0.012219756841659546,0.10139475017786026,0.9918811917304993,-0.07675191760063172,-0.004387692082673311,0.07759464532136917,0.9969753623008728],"EasingStyle":"Linear","EasingDirection":"Out"}}},{"Time":0.30000001192092898,"poses":{"Left Leg":{"Weight":1,"CFrame":[-0.2581874430179596,0.07653886079788208,0.06499326229095459,0.9694856405258179,-0.14704973995685578,0.19614765048027039,0.13554047048091889,0.9882290363311768,0.07093781232833862,-0.20427021384239198,-0.04218725115060806,0.978005051612854],"EasingStyle":"Linear","EasingDirection":"Out"},"Right Arm":{"Weight":1,"CFrame":[0.006275802850723267,-0.7121951580047607,0.006043434143066406,0.6348158121109009,-0.7682270407676697,-0.08268065005540848,0.701807975769043,0.5285266041755676,0.4776245653629303,-0.323225200176239,-0.3612295687198639,0.8746649026870728],"EasingStyle":"Linear","EasingDirection":"Out"},"Left Arm":{"Weight":1,"CFrame":[-0.030721589922904969,-0.22348558902740479,0.07070708274841309,0.9105200171470642,0.33184146881103518,-0.24664653837680818,-0.2562028467655182,0.9210297465324402,0.2933672070503235,0.3245202600955963,-0.2039252072572708,0.9236347675323486],"EasingStyle":"Linear","EasingDirection":"Out"},"Right Leg":{"Weight":1,"CFrame":[0.36433154344558718,-0.0187608003616333,0.03766214847564697,0.9552361369132996,0.2857561707496643,0.07659811526536942,-0.29110199213027956,0.9540458917617798,0.07110601663589478,-0.05275912955403328,-0.09022089838981629,0.9945233464241028],"EasingStyle":"Linear","EasingDirection":"Out"},"Torso":{"Weight":1,"CFrame":[-0.061355169862508777,0.0607047900557518,-0.050011634826660159,0.9869410991668701,0.16096477210521699,0.006135902367532253,-0.16070322692394257,0.9865173697471619,-0.030951479449868203,-0.011035270988941193,0.029561227187514306,0.9995020627975464],"EasingStyle":"Linear","EasingDirection":"Out"},"HumanoidRootPart":{"Weight":0,"CFrame":[0,0,0,1,0,0,0,1,0,0,0,1],"EasingStyle":"Linear","EasingDirection":"In"},"Head":{"Weight":1,"CFrame":[1.3550743460655213e-7,9.313225746154785e-9,1.1920928955078126e-7,0.9941124320030212,-0.10819899290800095,0.0057833814062178139,0.10834923386573792,0.9921860694885254,-0.06186503544449806,0.0009555417345836759,0.06212742626667023,0.9980677962303162],"EasingStyle":"Linear","EasingDirection":"Out"}}},{"Time":0.3166666626930237,"poses":{"Left Leg":{"Weight":1,"CFrame":[-0.32441583275794985,0.13285619020462037,0.08290970325469971,0.9619696140289307,-0.17540854215621949,0.20939497649669648,0.162