{"Sequence":[{"Time":0,"poses":{"Left Leg":{"Weight":1,"CFrame":[-0.8276851773262024,-0.41555094718933108,0.07458293437957764,0.14555874466896058,-0.9885757565498352,0.03912309557199478,0.9843774437904358,0.14867347478866578,0.09432555735111237,-0.09906458109617233,0.024782031774520875,0.9947723746299744],"EasingStyle":"Linear","EasingDirection":"In"},"Right Arm":{"Weight":1,"CFrame":[0.26942360401153567,-0.2992633581161499,0.467598557472229,0.7715147733688355,0.16252383589744569,-0.6151025295257568,0.5584821105003357,0.29008135199546816,0.7771425843238831,0.3047338128089905,-0.9431006908416748,0.13303537666797639],"EasingStyle":"Linear","EasingDirection":"In"},"Left Arm":{"Weight":1,"CFrame":[-0.2698240280151367,-0.21971288323402406,0.41745197772979739,0.7417469620704651,-0.10022507607936859,0.6631488800048828,-0.602932333946228,0.33340921998023989,0.7247833013534546,-0.29374146461486819,-0.9374397993087769,0.18687649071216584],"EasingStyle":"Linear","EasingDirection":"In"},"Head":{"Weight":1,"CFrame":[7.450580596923828e-8,-5.587935447692871e-8,-5.960464477539063e-8,0.9841429591178894,0.17712068557739259,-0.009533880278468132,-0.17186963558197022,0.9389179348945618,-0.2981511056423187,-0.043857183307409289,0.2950618863105774,0.9544711709022522],"EasingStyle":"Linear","EasingDirection":"In"},"Torso":{"Weight":1,"CFrame":[-0.2487599402666092,0.27036601305007937,-0.004628181457519531,0.980155885219574,-0.1881382018327713,-0.062437668442726138,0.19187971949577332,0.9795477390289307,0.06056727468967438,0.049765653908252719,-0.07134589552879334,0.9962093830108643],"EasingStyle":"Linear","EasingDirection":"In"},"HumanoidRootPart":{"Weight":1,"CFrame":[0,0,0,1,0,0,0,1,0,0,0,1],"EasingStyle":"Linear","EasingDirection":"In"},"Right Leg":{"Weight":1,"CFrame":[-0.020231667906045915,0.012397408485412598,0.03431713581085205,0.9160277843475342,0.09482882916927338,-0.38974419236183169,-0.10107409209012985,0.9948686957359314,0.00450447341427207,0.388171523809433,0.035266757011413577,0.9209120869636536],"EasingStyle":"Linear","EasingDirection":"In"}}},{"Time":0.03333333507180214,"poses":{"Left Leg":{"Weight":1,"CFrame":[-0.9202617406845093,-0.2887387275695801,0.10227978229522705,0.17836304008960725,-0.9830267429351807,0.04295459762215614,0.9662754535675049,0.1832299828529358,0.18093787133693696,-0.18573738634586335,0.009233337827026844,0.9825560450553894],"EasingStyle":"Linear","EasingDirection":"In"},"Right Arm":{"Weight":1,"CFrame":[0.2779824435710907,-0.31133174896240237,0.44819343090057375,0.765235960483551,0.004802854731678963,-0.6437321305274963,0.6135020852088928,0.2974804639816284,0.7315192818641663,0.19501103460788728,-0.9547157883644104,0.22469624876976014],"EasingStyle":"Linear","EasingDirection":"In"},"Left Arm":{"Weight":1,"CFrame":[-0.2677079737186432,-0.23732268810272218,0.41201674938201907,0.7639627456665039,0.013284007087349892,0.6451236605644226,-0.6082221865653992,0.3486792743206024,0.713083803653717,-0.21546870470046998,-0.9371479749679565,0.2744576632976532],"EasingStyle":"Linear","EasingDirection":"In"},"Head":{"Weight":1,"CFrame":[1.043081283569336e-7,-7.078051567077637e-8,4.76837158203125e-7,0.9851658940315247,0.17136596143245698,-0.009049048647284508,-0.1663142740726471,0.9404730200767517,-0.2963953912258148,-0.04228168725967407,0.2935035824775696,0.9550225138664246],"EasingStyle":"Linear","EasingDirection":"In"},"Torso":{"Weight":1,"CFrame":[-0.2046140432357788,0.2552776336669922,-0.09942364692687988,0.9833481907844544,-0.18096774816513062,-0.01664549857378006,0.18154028058052064,0.9823858737945557,0.04428519308567047,0.008338111452758313,-0.0465695895254612,0.9988802671432495],"EasingStyle":"Linear","EasingDirection":"In"},"HumanoidRootPart":{"Weight":1,"CFrame":[0,0,0,1,0,0,0,1,0,0,0,1],"EasingStyle":"Linear","EasingDirection":"In"},"Right Leg":{"Weight":1,"CFrame":[0.19182762503623963,0.027130842208862306,0.12202584743499756,0.9057021141052246,0.18659746646881104,-0.3806378245353699,-0.22157001495361329,0.9738722443580627,-0.0497962161898613,0.3614007830619812,0.1294383704662323,0.9233824610710144],"EasingStyle":"Linear","EasingDirection":"In"}}},{"Time":0.06666667014360428,"poses":{"Left Leg":{"Weight":1,"CFrame":[-1.0381603240966797,0.09718948602676392,0.07153081893920899,0.3972581624984741,-0.9149848818778992,0.07063071429729462,0.8681347966194153,0.39963778853416445,0.2943326234817505,-0.29753661155700686,-0.055609021335840228,0.9530895352363586],"EasingStyle":"Linear","EasingDirection":"In"},"Right Arm":{"Weight":1,"CFrame":[0.2811356782913208,-0.34150397777557375,0.3930659294128418,0.7679765224456787,-0.2646736204624176,-0.5832325220108032,0.6399761438369751,0.3531595468521118,0.6824287176132202,0.02535311132669449,-0.8973440527915955,0.44060301780700686],"EasingStyle":"Linear","EasingDirection":"In"},"Left Arm":{"Weight":1,"CFrame":[-0.2624180018901825,-0.28079578280448916,0.3901958465576172,0.8165537714958191,0.24671319127082826,0.5218933820724487,-0.575393795967102,0.4206641912460327,0.7014011144638062,-0.046497080475091937,-0.8730259537696838,0.48545220494270327],"EasingStyle":"Linear","EasingDirection":"In"},"Head":{"Weight":1,"CFrame":[1.0803341865539551e-7,-1.30385160446167e-8,-2.384185791015625e-7,0.9877912998199463,0.15558871626853944,-0.0077827321365475658,-0.1510714739561081,0.9445244669914246,-0.2916351556777954,-0.03802415728569031,0.2892504036426544,0.9564980268478394],"EasingStyle":"Linear","EasingDirection":"In"},"Torso":{"Weight":1,"CFrame":[-0.14377307891845704,0.20997196435928346,-0.24877071380615235,0.9871066808700562,-0.1566011905670166,0.03311311826109886,0.15685993432998658,0.9876064658164978,-0.005350314546376467,-0.03186485916376114,0.010475452989339829,0.9994373917579651],"EasingStyle":"Linear","EasingDirection":"In"},"HumanoidRootPart":{"Weight":1,"CFrame":[0,0,0,1,0,0,0,1,0,0,0,1],"EasingStyle":"Linear","EasingDirection":"In"},"Right Leg":{"Weight":1,"CFrame":[0.3863621652126312,0.09734368324279785,0.19671428203582765,0.9063215851783752,0.23229500651359559,-0.35301604866981509,-0.2872009873390198,0.9513806104660034,-0.11131349205970764,0.30999505519866946,0.20227225124835969,0.9289720058441162],"EasingStyle":"Linear","EasingDirection":"In"}}},{"Time":0.10000000149011612,"poses":{"Left Leg":{"Weight":1,"CFrame":[-0.9428328275680542,0.5241930484771729,-0.03661149740219116,0.7196717262268066,-0.682786762714386,0.1259964257478714,0.6063457131385803,0.7064631581306458,0.36504068970680239,-0.3382568359375,-0.1863120198249817,0.9224263429641724],"EasingStyle":"Linear","EasingDirection":"In"},"Right Arm":{"Weight":1,"CFrame":[0.28158611059188845,-0.38072681427001955,0.30684971809387209,0.7264700531959534,-0.5695993900299072,-0.3844447135925293,0.6649618148803711,0.44150495529174807,0.6024110913276672,-0.17339886724948884,-0.6932747960090637,0.6995021104812622],"EasingStyle":"Linear","EasingDirection":"In"},"Left Arm":{"Weight":1,"CFrame":[-0.25554099678993227,-0.3371696174144745,0.3437163829803467,0.81256103515625,0.5226602554321289,0.2580135762691498,-0.5493974089622498,0.5389065146446228,0.6385469436645508,0.19469788670539857,-0.6606103777885437,0.7250426411628723],"EasingStyle":"Linear","EasingDirection":"In"},"Head":{"Weight":1,"CFrame":[5.960464477539063e-8,4.6100467443466189e-8,2.384185791015625e-7,0.9912421107292175,0.13191892206668855,-0.006040041334927082,-0.12817338109016419,0.9500726461410523,-0.28448840975761416,-0.03179090842604637,0.28277111053466799,0.9586605429649353],"EasingStyle":"Linear","EasingDirection":"In"},"Torso":{"Weight":1,"CFrame":[-0.07343320548534394,0.1448776125907898,-0.33097314834594729,0.9898717999458313,-0.11682440340518952,0.08066006004810333,0.12300227582454682,0.9894603490829468,-0.0764114260673523,-0.07088322192430496,0.08555888384580612,0.9938084483146668],"EasingStyle":"Linear","EasingDirection":"In"},"HumanoidRootPart":{"Weight":1,"CFrame":[0,0,0,1,0,0,0,1,0,0,0,1],"EasingStyle":"Linear","EasingDirection":"In"},"Right Leg":{"Weight":1,"CFrame":[0.45035889744758608,0.15734541416168214,0.21130359172821046,0.9320560097694397,0.1856774091720581,-0.31111985445022585,-0.24503633379936219,0.9555785059928894,-0.16378949582576753,0.26688751578330996,0.22889654338359834,0.9361503720283508],"EasingStyle":"Linear","EasingDirection":"In"}}},{"Time":0.13333334028720857,"poses":{"Left Leg":{"Weight":1,"CFrame":[-0.6991672515869141,0.6362220048904419,-0.06621593236923218,0.9178662300109863,-0.3494611084461212,0.1881454735994339,0.26229384541511538,0.8898769617080689,0.3732573091983795,-0.29786521196365359,-0.29325082898139956,0.9084494113922119],"EasingStyle":"Linear","EasingDirection":"In"},"Right Arm":{"Weight":1,"CFrame":[0.2820366621017456,-0.4199501872062683,0.19417798519134522,0.6225486397743225,-0.7800790667533875,-0.06252997368574143,0.7072262763977051,0.5265946984291077,0.47172975540161135,-0.3350585401058197,-0.3378975987434387,0.8795232772827148],"EasingStyle":"Linear","EasingDirection":"In"},"Left Arm":{"Weight":1,"CFrame":[-0.24866408109664918,-0.39348432421684267,0.26430583000183108,0.7006731629371643,0.7071771025657654,-0.0946454405784607,-0.5823861956596375,0.6435077786445618,0.49671322107315066,0.4121691882610321,-0.2929134964942932,0.862738847732544],"EasingStyle":"Linear","EasingDirection":"In"},"Head":{"Weight":1,"CFrame":[6.426125764846802e-8,-7.450580596923828e-9,-5.960464477539063e-8,0.9947234988212586,0.10250972211360932,-0.004132308531552553,-0.09967394918203354,0.956096887588501,-0.27557942271232607,-0.02429869771003723,0.2745371460914612,0.9612694978713989],"EasingStyle":"Linear","EasingDirection":"In"},"Torso":{"Weight":1,"CFrame":[-0.0006323754787445068,0.07153505086898804,-0.29160118103027346,0.9905959367752075,-0.06569714099168778,0.12001495063304901,0.08412449806928635,0.984234631061554,-0.15558047592639924,-0.1079016625881195,0.16421358287334443,0.980505645275116],"EasingStyle":"Linear","EasingDirection":"In"},"HumanoidRootPart":{"Weight":1,"CFrame":[0,0,0,1,0,0,0,1,0,0,0,1],"EasingStyle":"Linear","EasingDirection":"In"},"Right Leg":{"Weight":1,"CFrame":[0.3909973204135895,0.13714051246643067,0.16665804386138917,0.9634902477264404,0.053370025008916858,-0.2623705565929413,-0.10776638239622116,0.9743517637252808,-0.19754746556282044,0.2450980693101883,0.21860970556735993,0.9445299506187439],"EasingStyle":"Linear","EasingDirection":"In"}}},{"Time":0.1666666716337204,"poses":{"Left Leg":{"Weight":1,"CFrame":[-0.40418925881385805,0.5192215442657471,-0.04178035259246826,0.969601571559906,-0.015255222097039223,0.24421308934688569,-0.07542753219604492,0.9308178424835205,0.35761570930480959,-0.23277339339256288,-0.3651651442050934,0.9013717770576477],"EasingStyle":"Linear","EasingDirection":"In"},"Right Arm":{"Weight":1,"CFrame":[0.28518980741500857,-0.45012181997299197,0.05968344211578369,0.5036589503288269,-0.819217324256897,0.27424564957618716,0.764951229095459,0.5704259276390076,0.29910558462142947,-0.4014692008495331,0.05913721024990082,0.9139613509178162],"EasingStyle":"Linear","EasingDirection":"In"},"Left Arm":{"Weight":1,"CFrame":[-0.2433740347623825,-0.4367777705192566,0.1436917781829834,0.5389159917831421,0.7437918782234192,-0.3954026401042938,-0.6842763423919678,0.6603036522865295,0.30945923924446108,0.49125903844833376,0.10379201918840409,0.8648073673248291],"EasingStyle":"Linear","EasingDirection":"In"},"Head":{"Weight":1,"CFrame":[1.6298145055770875e-7,5.611218512058258e-8,-5.960464477539063e-8,0.9975738525390625,0.06957805901765824,-0.0023298265878111126,-0.0676972046494484,0.961715042591095,-0.2655585706233978,-0.016236381605267526,0.26507195830345156,0.9640920162200928],"EasingStyle":"Linear","EasingDirection":"In"},"Torso":{"Weight":1,"CFrame":[0.06901931762695313,0.0020029544830322267,-0.19614148139953614,0.9890947937965393,-0.009374289773404599,0.14698226749897004,0.043230943381786349,0.9724913835525513,-0.22889207303524018,-0.1407933086156845,0.23275013267993928,0.9622913599014282],"EasingStyle":"Linear","EasingDirection":"In"},"HumanoidRootPart":{"Weight":1,"CFrame":[0,0,0,1,0,0,0,1,0,0,0,1],"EasingStyle":"Linear","EasingDirection":"In"},"Right Leg":{"Weight":1,"CFrame":[0.21775929629802705,0.0395585298538208,0.08196353912353516,0.9652167558670044,-0.15187913179397584,-0.21281330287456513,0.10559481382369995,0.9710851311683655,-0.21411094069480897,0.239178866147995,0.18419143557548524,0.9533451795578003],"EasingStyle":"Linear","EasingDirection":"In"}}},{"Time":0.20000000298023225,"poses":{"Left Leg":{"Weight":1,"CFrame":[-0.11565673351287842,0.32851099967956545,-0.026632964611053468,0.9301497936248779,0.22577497363090516,0.2895634174346924,-0.3181365132331848,0.889297366142273,0.32854118943214419,-0.18333163857460023,-0.39771318435668948,0.8990071415901184],"EasingStyle":"Linear","EasingDirection":"In"},"Right Arm":{"Weight":1,"CFrame":[0.29374879598617556,-0.4621902406215668,-0.09200078248977661,0.43843865394592287,-0.7311316728591919,0.5227026343345642,0.8191819190979004,0.5643446445465088,0.10225541144609451,-0.36974650621414187,0.3833557665348053,0.8463603258132935],"EasingStyle":"Linear","EasingDirection":"In"},"Left Arm":{"Weight":1,"CFrame":[-0.2412581443786621,-0.45408907532691958,-0.026398956775665284,0.4198956787586212,0.7160972356796265,-0.55757737159729,-0.8150759339332581,0.5677536129951477,0.11535613238811493,0.3991727828979492,0.4060302674770355,0.8220708966255188],"EasingStyle":"Linear","EasingDirection":"In"},"Head":{"Weight":1,"CFrame":[1.792795956134796e-8,-1.3969838619232178e-8,0,0.999372661113739,0.0354081392288208,-0.0008283527567982674,-0.03444777801632881,0.9662986993789673,-0.25510838627815249,-0.008232494816184044,0.25497686862945559,0.9669121503829956],"EasingStyle":"Linear","EasingDirection":"In"},"Torso":{"Weight":1,"CFrame":[0.13201063871383668,-0.05219966173171997,-0.0994114875793457,0.9860870838165283,0.045115876942873,0.15998992323875428,0.002043719869107008,0.9591014385223389,-0.28305524587631228,-0.16621685028076173,0.2794440984725952,0.9456653594970703],"EasingStyle":"Linear","EasingDirection":"In"},"HumanoidRootPart":{"Weight":1,"CFrame":[0,0,0,1,0,0,0,1,0,0,0,1],"EasingStyle":"Linear","EasingDirection":"In"},"Right Leg":{"Weight":1,"CFrame":[-0.0802045539021492,-0.10517477989196778,-0.017791271209716798,0.8992109298706055,-0.4038132429122925,-0.16838841140270234,0.36663854122161868,0.9055076241493225,-0.21361663937568665,0.2387382537126541,0.13034868240356446,0.9622958302497864],"EasingStyle":"Linear","EasingDirection":"In"}}},{"Time":0.23333333432674409,"poses":{"Left Leg":{"Weight":1,"CFrame":[-0.08050177246332169,0.27228426933288576,0.001700758934020996,0.9171077609062195,0.23968857526779176,0.3185320794582367,-0.32305073738098147,0.9150291681289673,0.24157780408859254,-0.23356276750564576,-0.3244549036026001,0.9166120290756226],"EasingStyle":"Linear","EasingDirection":"In"},"Right Arm":{"Weight":1,"CFrame":[0.3470648229122162,-0.45927703380584719,-0.24973970651626588,0.45933571457862856,-0.5894179344177246,0.6645278334617615,0.8388774991035461,0.5338280200958252,-0.1063590943813324,-0.2920536994934082,0.6063119769096375,0.7396556735038757],"EasingStyle":"Linear","EasingDirection":"In"},"Left Arm":{"Weight":1,"CFrame":[-0.31920260190963747,-0.40751248598098757,-0.2392634153366089,0.32731154561042788,0.7206760048866272,-0.6111410856246948,-0.9291096329689026,0.36326614022254946,-0.06923297047615051,0.17211228609085084,0.590477705001831,0.7884880304336548],"EasingStyle":"Linear","EasingDirection":"In"},"Head":{"Weight":1,"CFrame":[8.66129994392395e-8,1.1175870895385743e-8,-2.384185791015625e-7,0.9999973177909851,0.00232527032494545,0.0002701226912904531,-0.002188276732340455,0.9695359468460083,-0.24493932723999024,-0.0008314448641613126,0.24493804574012757,0.9695384502410889],"EasingStyle":"Linear","EasingDirection":"In"},"Torso":{"Weight":1,"CFrame":[0.18660438060760499,-0.08042967319488526,-0.05506157875061035,0.9829360246658325,0.09131325036287308,0.15968361496925355,-0.0386819951236248,0.9512858390808106,-0.30587419867515566,-0.17983512580394746,0.29447782039642336,0.9385852813720703],"EasingStyle":"Linear","EasingDirection":"In"},"HumanoidRootPart":{"Weight":1,"CFrame":[0,0,0,1,0,0,0,1,0,0,0,1],"EasingStyle":"Linear","EasingDirection":"In"},"Right Leg":{"Weight":1,"CFrame":[-0.06348707526922226,-0.09498846530914307,-0.01320725679397583,0.8950825929641724,-0.4249821603298187,-0.13497191667556764,0.39683032035827639,0.8972564935684204,-0.19353678822517396,0.20335420966148377,0.11967038363218308,0.9717644453048706],"EasingStyle":"Linear","EasingDirection":"In"}}},{"Time":0.2666666805744171,"poses":{"Left Leg":{"Weight":1,"CFrame":[-0.15536779165267945,0.2606382966041565,0.055826544761657718,0.9277297854423523,0.17460738122463227,0.329893559217453,-0.22387588024139405,0.9675090312957764,0.1174987256526947,-0.2986588776111603,-0.1828622668981552,0.9366773366928101],"EasingStyle":"Linear","EasingDirection":"In"},"Right Arm":{"Weight":1,"CFrame":[0.4333387017250061,-0.4459504783153534,-0.3763900399208069,0.5131729245185852,-0.4521225392818451,0.7295470237731934,0.824970543384552,0.49435514211654665,-0.273928165435791,-0.23680610954761506,0.7424272298812866,0.6266774535179138],"EasingStyle":"Linear","EasingDirection":"In"},"Left Arm":{"Weight":1,"CFrame":[-0.4639568328857422,-0.30707472562789919,-0.4282972812652588,0.229081928730011,0.740192174911499,-0.632168710231781,-0.970080554485321,0.11995542049407959,-0.21107950806617738,-0.08040729910135269,0.661608874797821,0.745525598526001],"EasingStyle":"Linear","EasingDirection":"In"},"Head":{"Weight":1,"CFrame":[7.450580596923828e-8,-1.6391277313232423e-7,-5.960464477539063e-8,0.9996256828308106,-0.02734409272670746,0.0009590239496901631,0.02679922617971897,0.971437931060791,-0.23577606678009034,0.0055154371075332169,0.23571352660655976,0.9718070030212402],"EasingStyle":"Linear","EasingDirection":"In"},"Torso":{"Weight":1,"CFrame":[0.22873473167419434,-0.08554542064666748,-0.06443095207214356,0.9816755652427673,0.1250409483909607,0.14379799365997315,-0.07678990066051483,0.9502007961273193,-0.30202949047088625,-0.17440301179885865,0.2854527235031128,0.9423907399177551],"EasingStyle":"Linear","EasingDirection":"In"},"HumanoidRootPart":{"Weight":1,"CFrame":[0,0,0,1,0,0,0,1,0,0,0,1],"EasingStyle":"Linear","EasingDirection":"In"},"Right Leg":{"Weight":1,"CFrame":[-0.010555081069469452,-0.06238436698913574,-0.001379549503326416,0.9291728734970093,-0.35136139392852785,-0.11481738090515137,0.3313679099082947,0.9294022917747498,-0.16250121593475343,0.16380822658538819,0.11294487863779068,0.9800052642822266],"EasingStyle":"Linear","EasingDirection":"In"}}},{"Time":0.30000001192092898,"poses":{"Left Leg":{"Weight":1,"CFrame":[-0.18893703818321229,0.22904068231582642,0.08723068237304688,0.9342840909957886,0.12930747866630555,0.33225396275520327,-0.15133661031723023,0.987623929977417,0.04118584468960762,-0.32281631231307986,-0.08876149356365204,0.9422903060913086],"EasingStyle":"Linear","EasingDirection":"In"},"Right Arm":{"Weight":1,"CFrame":[0.478546142578125,-0.4153275191783905,-0.428305447101593,0.5224504470825195,-0.3794460892677307,0.7635878324508667,0.821272611618042,0.46470963954925539,-0.33099257946014407,-0.22925269603729249,0.8000409603118897,0.5544164180755615],"EasingStyle":"Linear","EasingDirection":"In"},"Left Arm":{"Weight":1,"CFrame":[-0.5419011116027832,-0.21171218156814576,-0.5119209289550781,0.17947961390018464,0.7481433153152466,-0.6388025879859924,-0.9631805419921875,0.0015081912279129029,-0.26885131001472475,-0.20017583668231965,0.663535475730896,0.7208677530288696],"EasingStyle":"Linear","EasingDirection":"In"},"Head":{"Weight":1,"CFrame":[5.587935447692871e-8,1.2665987014770509e-7,3.5762786865234377e-7,0.9986821413040161,-0.05130632221698761,0.0013109222054481507,0.05024982616305351,0.9722826480865479,-0.22834528982639314,0.010440971702337265,0.2281101793050766,0.9735793471336365],"EasingStyle":"Linear","EasingDirection":"In"},"Torso":{"Weight":1,"CFrame":[0.25659966468811037,-0.07743382453918457,-0.0799107551574707,0.983071506023407,0.14430712163448335,0.11289776861667633,-0.10709526389837265,0.9525295495986939,-0.2849879264831543,-0.14866423606872559,0.2680726945400238,0.9518592357635498],"EasingStyle":"Linear","EasingDirection":"In"},"HumanoidRootPart":{"Weight":1,"CFrame":[0,0,0,1,0,0,0,1,0,0,0,1],"EasingStyle":"Linear","EasingDirection":"In"},"Right Leg":{"Weight":1,"CFrame":[0.569406270980835,0.19691705703735352,0.09490692615509033,0.9766696095466614,0.1853654384613037,-0.10842610895633698,-0.1984868347644806,0.9719328284263611,-0.12629230320453645,0.08197269588708878,0.1448669284582138,0.9860497117042542],"EasingStyle":"Linear","EasingDirection":"In"}}},{"Time":0.3333333432674408,"poses":{"Left Leg":{"Weight":1,"CFrame":[-0.1921343058347702,0.164453387260437,0.09909689426422119,0.9409098625183106,0.10680001974105835,0.3213760554790497,-0.10196062922477722,0.9942767024040222,-0.03190361335873604,-0.32294413447380068,-0.0027492698282003404,0.9464141130447388],"EasingStyle":"Linear","EasingDirection":"In"},"Right Arm":{"Weight":1,"CFrame":[0.4784369170665741,-0.3638415038585663,-0.4282183051109314,0.4580989181995392,-0.36071181297302248,0.8124237656593323,0.8515149354934692,0.44035208225250246,-0.28462713956832888,-0.2550840973854065,0.8221781849861145,0.5088762044906616],"EasingStyle":"Linear","EasingDirection":"In"},"Left Arm":{"Weight":1,"CFrame":[-0.5417740345001221,-0.1521933376789093,-0.5149509906768799,0.172040656208992,0.7410749197006226,-0.6490069031715393,-0.9703582525253296,0.013976013287901879,-0.24126680195331574,-0.16972622275352479,0.6712769269943237,0.7215126156806946],"EasingStyle":"Linear","EasingDirection":"In"},"Head":{"Weight":1,"CFrame":[5.960464477539063e-8,-7.82310962677002e-8,0,0.9977309703826904,-0.06731314212083817,0.0014439821243286133,0.06593433767557144,0.9725019335746765,-0.22336649894714356,0.013631245121359826,0.2229548990726471,0.9747334718704224],"EasingStyle":"Linear","EasingDirection":"In"},"Torso":{"Weight":1,"CFrame":[0.27205991744995119,-0.05666983127593994,-0.0827486515045166,0.986516535282135,0.1469116061925888,0.07212568819522858,-0.12398647516965866,0.9585385322570801,-0.25657612085342409,-0.10682925581932068,0.24417392909526826,0.9638292193412781],"EasingStyle":"Linear","EasingDirection":"In"},"HumanoidRootPart":{"Weight":1,"CFrame":[0,0,0,1,0,0,0,1,0,0,0,1],"EasingStyle":"Linear","EasingDirection":"In"},"Right Leg":{"Weight":1,"CFrame":[0.8160488605499268,0.1520351767539978,0.11455786228179932,0.8120291829109192,0.5715476274490356,-0.11807601153850556,-0.5814206600189209,0.8097790479660034,-0.07879068702459336,0.05058290809392929,0.13263221085071565,0.9898737668991089],"EasingStyle":"Linear","EasingDirection":"In"}}},{"Time":0.36666667461395266,"poses":{"Left Leg":{"Weight":1,"CFrame":[-0.13944295048713685,0.0660099983215332,0.07971012592315674,0.9453946948051453,0.12033376097679138,0.302900493144989,-0.09253217279911041,0.9902031421661377,-0.10457375645637512,-0.31251680850982668,0.07083550095558167,0.947267472743988],"EasingStyle":"Linear","EasingDirection":"In"},"Right Arm":{"Weight":1,"CFrame":[0.47767141461372378,-0.3011748790740967,-0.4276079535484314,0.35525694489479067,-0.3497535288333893,0.8668708205223084,0.8897339701652527,0.41089507937431338,-0.19884401559829713,-0.2866465449333191,0.8419250249862671,0.4571608603000641],"EasingStyle":"Linear","EasingDirection":"In"},"Left Arm":{"Weight":1,"CFrame":[-0.5408833622932434,-0.11609211564064026,-0.5167888402938843,0.15147802233695985,0.7269793152809143,-0.6697429418563843,-0.9844814538955689,0.050222188234329227,-0.1681491881608963,-0.08860501646995545,0.6848203539848328,0.7233051061630249],"EasingStyle":"Linear","EasingDirection":"In"},"Head":{"Weight":1,"CFrame":[1.1548399925231934e-7,7.82310962677002e-8,-2.384185791015625e-7,0.9973204135894775,-0.0731431394815445,0.0014721034094691277,0.07165079563856125,0.9725130796432495,-0.22155021131038667,0.014773243106901646,0.22106200456619264,0.9751478433609009],"EasingStyle":"Linear","EasingDirection":"In"},"Torso":{"Weight":1,"CFrame":[0.2758474349975586,-0.025008797645568849,-0.06529092788696289,0.9901930093765259,0.13741278648376466,0.02521396055817604,-0.12860871851444245,0.9670590758323669,-0.2196737676858902,-0.05456938222050667,0.21427667140960694,0.9752475023269653],"EasingStyle":"Linear","EasingDirection":"In"},"HumanoidRootPart":{"Weight":1,"CFrame":[0,0,0,1,0,0,0,1,0,0,0,1],"EasingStyle":"Linear","EasingDirection":"In"},"Right Leg":{"Weight":1,"CFrame":[0.8887332677841187,-0.06317079067230225,0.12848758697509767,0.5527961850166321,0.8217174410820007,-0.13855284452438355,-0.8305948376655579,0.5567485690116882,-0.011978011578321457,0.06729663163423538,0.12170261889696121,0.9902825951576233],"EasingStyle":"Linear","EasingDirection":"In"}}},{"Time":0.4000000059604645,"poses":{"Left Leg":{"Weight":1,"CFrame":[0.002711944282054901,-0.04594123363494873,0.0210111141204834,0.9409562945365906,0.18240299820899964,0.28518515825271609,-0.137351855635643,0.9756763577461243,-0.17085124552249909,-0.3094122111797333,0.12159284949302674,0.9431222081184387],"EasingStyle":"Linear","EasingDirection":"In"},"Right Arm":{"Weight":1,"CFrame":[0.4755938947200775,-0.24032261967658997,-0.42595094442367556,0.23871052265167237,-0.3522043526172638,0.904969334602356,0.9158439636230469,0.39149853587150576,-0.08921205252408982,-0.3228732943534851,0.8501064777374268,0.41601887345314028],"EasingStyle":"Linear","EasingDirection":"In"},"Left Arm":{"Weight":1,"CFrame":[-0.5384660363197327,-0.09755343198776245,-0.5177327990531921,0.1215592697262764,0.7171721458435059,-0.686212420463562,-0.9921948313713074,0.10715871304273606,-0.06376913189888,0.027800213545560838,0.6886081695556641,0.724600613117218],"EasingStyle":"Linear","EasingDirection":"In"},"Head":{"Weight":1,"CFrame":[9.359791874885559e-8,1.4901161193847657e-8,-4.76837158203125e-7,0.9975548982620239,-0.06986934691667557,0.0016389649827033282,0.0684840977191925,0.9725614786148071,-0.22233790159225465,0.01394061278551817,0.22190649807453156,0.9749683141708374],"EasingStyle":"Linear","EasingDirection":"In"},"Torso":{"Weight":1,"CFrame":[0.26866328716278078,0.014416098594665528,-0.04227089881896973,0.9920705556869507,0.1233413964509964,-0.024144144728779794,-0.12567102909088136,0.9760782122612,-0.17742076516151429,0.0016832444816827775,0.17904815077781678,0.9838388562202454],"EasingStyle":"Linear","EasingDirection":"In"},"HumanoidRootPart":{"Weight":1,"CFrame":[0,0,0,1,0,0,0,1,0,0,0,1],"EasingStyle":"Linear","EasingDirection":"In"},"Right Leg":{"Weight":1,"CFrame":[0.8582046031951904,-0.16820287704467774,0.1619943380355835,0.3930547535419464,0.9054645299911499,-0.16013115644454957,-0.908849835395813,0.4090064465999603,0.08188942819833756,0.13964271545410157,0.11334807425737381,0.9836931228637695],"EasingStyle":"Linear","EasingDirection":"In"}}},{"Time":0.4333333373069763,"poses":{"Left Leg":{"Weight":1,"CFrame":[0.13053467869758607,-0.11214923858642578,-0.030529022216796876,0.9359139800071716,0.22684893012046815,0.2694525122642517,-0.1675899177789688,0.9596474766731262,-0.225810706615448,-0.309804230928421,0.1661818027496338,0.9361650943756104],"EasingStyle":"Linear","EasingDirection":"In"},"Right Arm":{"Weight":1,"CFrame":[0.47154852747917178,-0.1942805051803589,-0.42272430658340456,0.13567765057086945,-0.3782612085342407,0.9157019853591919,0.9190108776092529,0.3933528959751129,0.02631959319114685,-0.3701495826244354,0.8379689455032349,0.4009951949119568],"EasingStyle":"Linear","EasingDirection":"In"},"Left Arm":{"Weight":1,"CFrame":[-0.5337587594985962,-0.09072330594062805,-0.518080472946167,0.09023844450712204,0.7228265404701233,-0.6851125359535217,-0.9823482632637024,0.17778314650058747,0.05818136781454086,0.16385647654533387,0.6677687764167786,0.72611004114151],"EasingStyle":"Linear","EasingDirection":"In"},"Head":{"Weight":1,"CFrame":[9.592622518539429e-8,9.313225746154785e-9,2.384185791015625e-7,0.9981426000595093,-0.0608859583735466,0.0020854920148849489,0.05979829654097557,0.9726194143295288,-0.22457890212535859,0.011645312421023846,0.22428642213344575,0.9744536876678467],"EasingStyle":"Linear","EasingDirection":"In"},"Torso":{"Weight":1,"CFrame":[0.25211572647094729,0.05822956562042236,-0.027748823165893556,0.9917746186256409,0.10641846805810929,-0.07112112641334534,-0.11516182124614716,0.984410285949707,-0.13294415175914765,0.05586465075612068,0.1400410681962967,0.9885684847831726],"EasingStyle":"Linear","EasingDirection":"In"},"HumanoidRootPart":{"Weight":1,"CFrame":[0,0,0,1,0,0,0,1,0,0,0,1],"EasingStyle":"Linear","EasingDirection":"In"},"Right Leg":{"Weight":1,"CFrame":[0.8894633650779724,0.00870966911315918,0.18059885501861573,0.4462495446205139,0.8772790431976318,-0.17675668001174928,-0.8555613160133362,0.4761476516723633,0.2032196968793869,0.2624426782131195,0.060539454221725467,0.9630467295646668],"EasingStyle":"Linear","EasingDirection":"In"}}},{"Time":0.46666666865348818,"poses":{"Left Leg":{"Weight":1,"CFrame":[0.12319020926952362,-0.13333499431610108,-0.034096717834472659,0.9477851986885071,0.19170339405536652,0.2548588514328003,-0.12132543325424195,0.9558147192001343,-0.26776573061943056,-0.2949294149875641,0.22286351025104524,0.9291655421257019],"EasingStyle":"Linear","EasingDirection":"In"},"Right Arm":{"Weight":1,"CFrame":[0.4648789167404175,-0.1760452389717102,-0.41740453243255618,0.07386387139558792,-0.4398331642150879,0.8950367569923401,0.8954576849937439,0.42430606484413149,0.1346110701560974,-0.4389759600162506,0.7915245890617371,0.42519286274909975],"EasingStyle":"Linear","EasingDirection":"In"},"Left Arm":{"Weight":1,"CFrame":[-0.5259981155395508,-0.08974754810333252,-0.5181302428245544,0.07046859711408615,0.7525609135627747,-0.6547415852546692,-0.9498881101608276,0.251018226146698,0.18628613650798798,0.304543673992157,0.6088037490844727,0.7325373291969299],"EasingStyle":"Linear","EasingDirection":"In"},"Head":{"Weight":1,"CFrame":[2.7124769985675813e-8,1.862645149230957e-9,2.384185791015625e-7,0.9988701343536377,-0.04744664952158928,0.0027181636542081835,0.046815384179353717,0.9725135564804077,-0.22809183597564698,0.008178758434951306,0.22796137630939485,0.9736359119415283],"EasingStyle":"Linear","EasingDirection":"In"},"Torso":{"Weight":1,"CFrame":[0.22796589136123658,0.10307273268699646,-0.06269550323486328,0.9899656772613525,0.08782803267240524,-0.11069872975349426,-0.0979265496134758,0.991174578666687,-0.08935078233480454,0.10187424719333649,0.09929456561803818,0.989829421043396],"EasingStyle":"Linear","EasingDirection":"In"},"HumanoidRootPart":{"Weight":1,"CFrame":[0,0,0,1,0,0,0,1,0,0,0,1],"EasingStyle":"Linear","EasingDirection":"In"},"Right Leg":{"Weight":1,"CFrame":[0.903531551361084,0.3849034905433655,0.0837092399597168,0.6530848145484924,0.7342329621315002,-0.18542443215847016,-0.6618630886077881,0.6724011301994324,0.3313820958137512,0.3679913282394409,-0.0936950296163559,0.9250965714454651],"EasingStyle":"Linear","EasingDirection":"In"}}},{"Time":0.5,"poses":{"Left Leg":{"Weight":1,"CFrame":[-0.21724933385849,-0.08606147766113281,0.06964242458343506,0.9699520468711853,-0.039253946393728259,0.24010878801345826,0.11155553162097931,0.9487977623939514,-0.2955305278301239,-0.21621403098106385,0.3134358525276184,0.924667239189148],"EasingStyle":"Linear","EasingDirection":"In"},"Right Arm":{"Weight":1,"CFrame":[0.41091758012771609,-0.25163641571998598,-0.391238808631897,0.08776088058948517,-0.5037491917610169,0.8593804240226746,0.8167675733566284,0.5302574038505554,0.22741547226905824,-0.5702532529830933,0.6819558143615723,0.4579818844795227],"EasingStyle":"Linear","EasingDirection":"In"},"Left Arm":{"Weight":1,"CFrame":[-0.4728299379348755,-0.1815117597579956,-0.4851035475730896,0.10905382037162781,0.7839965224266052,-0.6111111640930176,-0.8785399198532105,0.363637238740921,0.3097345530986786,0.4650536775588989,0.5031077861785889,0.7284281849861145],"EasingStyle":"Linear","EasingDirection":"In"},"Head":{"Weight":1,"CFrame":[7.916241884231568e-8,4.330649971961975e-8,3.5762786865234377e-7,0.9995193481445313,-0.030809247866272928,0.0034374133683741094,0.030763201415538789,0.972063422203064,-0.23269382119178773,0.003827704582363367,0.23268768191337586,0.9725440740585327],"EasingStyle":"Linear","EasingDirection":"In"},"Torso":{"Weight":1,"CFrame":[0.19981610774993897,0.14583942294120789,-0.16973662376403809,0.9881095886230469,0.06815585494041443,-0.1378202587366104,-0.07558877766132355,0.9959130883216858,-0.04943156614899635,0.13388796150684358,0.05926146358251572,0.9892230033874512],"EasingStyle":"Linear","EasingDirection":"In"},"HumanoidRootPart":{"Weight":1,"CFrame":[0,0,0,1,0,0,0,1,0,0,0,1],"EasingStyle":"Linear","EasingDirection":"In"},"Right Leg":{"Weight":1,"CFrame":[0.7777775526046753,0.6948192119598389,-0.11261147260665894,0.865715742111206,0.46335580945014956,-0.18930856883525849,-0.3458629548549652,0.8271596431732178,0.442928671836853,0.3618219792842865,-0.3179754912853241,0.8763427138328552],"EasingStyle":"Linear","EasingDirection":"In"}}},{"Time":0.5333333611488342,"poses":{"Left Leg":{"Weight":1,"CFrame":[-0.40922367572784426,-0.03381705284118652,0.12832069396972657,0.9579917788505554,-0.17706826329231263,0.2256072759628296,0.2414320856332779,0.9225037693977356,-0.3011600375175476,-0.1547977179288864,0.34297773241996767,0.9265009164810181],"EasingStyle":"Linear","EasingDirection":"In"},"Right Arm":{"Weight":1,"CFrame":[0.2820861339569092,-0.41793692111968996,-0.33195018768310549,0.18467798829078675,-0.519476592540741,0.834289014339447,0.631117045879364,0.7134173512458801,0.3045109212398529,-0.7533825635910034,0.47029751539230349,0.45960307121276858],"EasingStyle":"Linear","EasingDirection":"In"},"Left Arm":{"Weight":1,"CFrame":[-0.34810665249824526,-0.3833935558795929,-0.3984150290489197,0.23015230894088746,0.7759901881217957,-0.5872557163238525,-0.7286314964294434,0.5374237895011902,0.4245840311050415,0.6450784206390381,0.3301740884780884,0.6891002058982849],"EasingStyle":"Linear","EasingDirection":"In"},"Head":{"Weight":1,"CFrame":[1.4528632164001466e-7,3.4924596548080446e-9,-2.384185791015625e-7,0.9999165534973145,-0.012241553515195847,0.004148810636252165,0.012877458706498146,0.9711313843727112,-0.23819772899150849,-0.0011131390929222108,0.23823121190071107,0.9712079167366028],"EasingStyle":"Linear","EasingDirection":"In"},"Torso":{"Weight":1,"CFrame":[0.17398184537887574,0.18382883071899415,-0.28256702423095705,0.9879353046417236,0.04745689034461975,-0.14741672575473786,-0.05027839541435242,0.9986155033111572,-0.015470621176064015,0.14647842943668366,0.02269585058093071,0.9889534711837769],"EasingStyle":"Linear","EasingDirection":"In"},"HumanoidRootPart":{"Weight":1,"CFrame":[0,0,0,1,0,0,0,1,0,0,0,1],"EasingStyle":"Linear","EasingDirection":"In"},"Right Leg":{"Weight":1,"CFrame":[0.5888404846191406,0.7412526607513428,-0.21841812133789063,0.9680417776107788,0.16090479493141175,-0.19236621260643006,-0.041898246854543689,0.8600266575813294,0.5085259079933167,0.2472643405199051,-0.48421457409858706,0.8392834067344666],"EasingStyle":"Linear","EasingDirection":"In"}}},{"Time":0.5666666626930237,"poses":{"Left Leg":{"Weight":1,"CFrame":[-0.49167779088020327,0.010433554649353028,0.14712095260620118,0.9473439455032349,-0.24039776623249055,0.21153859794139863,0.293750137090683,0.9154006242752075,-0.2752320170402527,-0.12747740745544434,0.3228788673877716,0.9378159642219544],"EasingStyle":"Linear","EasingDirection":"In"},"Right Arm":{"Weight":1,"CFrame":[0.10336171090602875,-0.584236741065979,-0.2487308382987976,0.33270320296287539,-0.45608505606651308,0.825406014919281,0.3145360052585602,0.8788167834281921,0.3588150143623352,-0.8890308141708374,0.14024080336093903,0.43584030866622927],"EasingStyle":"Linear","EasingDirection":"In"},"Left Arm":{"Weight":1,"CFrame":[-0.17537464201450349,-0.5852746963500977,-0.2766517996788025,0.40026888251304629,0.6956964135169983,-0.596482515335083,-0.4712916314601898,0.7144991755485535,0.5170833468437195,0.7859193086624146,0.07414483278989792,0.6138675808906555],"EasingStyle":"Linear","EasingDirection":"In"},"Head":{"Weight":1,"CFrame":[5.168840289115906e-8,3.771856427192688e-8,-1.7881393432617188e-7,0.9999642968177795,0.006978448014706373,0.0047722263261675838,-0.005600510630756617,0.9696553349494934,-0.24441201984882356,-0.0063329837284982208,0.2443765550851822,0.9696597456932068],"EasingStyle":"Linear","EasingDirection":"In"},"Torso":{"Weight":1,"CFrame":[0.1550583839416504,0.21476995944976808,-0.3334989547729492,0.99038165807724,0.025488030165433885,-0.13599485158920289,-0.02424553595483303,0.999647855758667,0.010785122402012349,0.13622182607650758,-0.007384118624031544,0.9906509518623352],"EasingStyle":"Linear","EasingDirection":"In"},"HumanoidRootPart":{"Weight":1,"CFrame":[0,0,0,1,0,0,0,1,0,0,0,1],"EasingStyle":"Linear","EasingDirection":"In"},"Right Leg":{"Weight":1,"CFrame":[0.3767242431640625,0.5932437181472778,-0.17729973793029786,0.9753541350364685,-0.09978038817644119,-0.19679483771324159,0.18922419846057893,0.836994469165802,0.5134535431861877,0.11348361521959305,-0.5380373597145081,0.8352468609809876],"EasingStyle":"Linear","EasingDirection":"In"}}},{"Time":0.6000000238418579,"poses":{"Left Leg":{"Weight":1,"CFrame":[-0.47694888710975649,0.056865155696868899,0.12101507186889649,0.9532081484794617,-0.23556821048259736,0.18947836756706239,0.2685852348804474,0.9475746154785156,-0.17310231924057008,-0.13876746594905854,0.21589364111423493,0.9665058255195618],"EasingStyle":"Linear","EasingDirection":"In"},"Right Arm":{"Weight":1,"CFrame":[-0.10027826577425003,-0.6598278880119324,-0.15077292919158936,0.4671684503555298,-0.3064064085483551,0.829378604888916,-0.07116232067346573,0.9219591021537781,0.38069331645965578,-0.8812999129295349,-0.23686854541301728,0.40890559554100039],"EasingStyle":"Linear","EasingDirection":"In"},"Left Arm":{"Weight":1,"CFrame":[0.021819693967700006,-0.6770389676094055,-0.13840103149414063,0.5556269288063049,0.5289897322654724,-0.6414427757263184,-0.12888099253177644,0.8169646859169006,0.5621017217636108,0.8213821053504944,-0.2296491265296936,0.5221042633056641],"EasingStyle":"Linear","EasingDirection":"In"},"Head":{"Weight":1,"CFrame":[3.2057869248092177e-8,-1.2201780918985606e-8,0,0.9996594190597534,0.025567159056663514,0.005248342640697956,-0.02343039959669113,0.9676668643951416,-0.2511412799358368,-0.011499611660838128,0.2509327530860901,0.9679362773895264],"EasingStyle":"Linear","EasingDirection":"In"},"Torso":{"Weight":1,"CFrame":[0.14230939745903016,0.2365928292274475,-0.28117895126342776,0.9942858815193176,0.002291759243234992,-0.1067257672548294,0.0006842833827249706,0.9996121525764465,0.027839988470077516,0.10674817115068436,-0.027753937989473344,0.9938986897468567],"EasingStyle":"Linear","EasingDirection":"In"},"HumanoidRootPart":{"Weight":1,"CFrame":[0,0,0,1,0,0,0,1,0,0,0,1],"EasingStyle":"Linear","EasingDirection":"In"},"Right Leg":{"Weight":1,"CFrame":[0.1184329017996788,0.3630474805831909,-0.08683216571807862,0.9362256526947022,-0.285868763923645,-0.2043544501066208,0.34967660903930666,0.8154172301292419,0.4613252878189087,0.03475569933652878,-0.5033625364303589,0.8633760809898377],"EasingStyle":"Linear","EasingDirection":"In"}}},{"Time":0.6333333253860474,"poses":{"Left Leg":{"Weight":1,"CFrame":[-0.36529895663261416,0.09289038181304932,0.06515157222747803,0.9752428531646729,-0.1577141433954239,0.15500842034816743,0.1623034030199051,0.9865887761116028,-0.017329996451735498,-0.15019641816616059,0.04205930978059769,0.9877611398696899],"EasingStyle":"Linear","EasingDirection":"In"},"Right Arm":{"Weight":1,"CFrame":[-0.3012408912181854,-0.6212629675865173,-0.047285377979278567,0.5420286059379578,-0.1199176162481308,0.831760048866272,-0.39717283844947817,0.8356909155845642,0.3793077766895294,-0.7405800223350525,-0.5359482765197754,0.40534037351608279],"EasingStyle":"Linear","EasingDirection":"In"},"Left Arm":{"Weight":1,"CFrame":[0.21628707647323609,-0.5958427786827087,-0.0022188425064086916,0.6374344229698181,0.314189940690