{"Sequence":[{"Time":0,"poses":{"Left Leg":{"Weight":1,"CFrame":[-0.18365885317325593,0.028704166412353517,0.019985437393188478,0.9869267344474793,-0.11871887743473053,0.10900305956602097,0.11013213545084,0.9905537962913513,0.08169562369585037,-0.11767222732305527,-0.06862283498048783,0.9906787276268005],"EasingStyle":"Linear","EasingDirection":"In"},"Right Arm":{"Weight":1,"CFrame":[0.15779434144496919,-0.6691249012947083,0.205702543258667,-0.05168261379003525,-0.9965164661407471,-0.06545115262269974,0.6850872039794922,-0.08306412398815155,0.7237098217010498,-0.726625382900238,-0.007436661049723625,0.6869935989379883],"EasingStyle":"Linear","EasingDirection":"In"},"Head":{"Weight":1,"CFrame":[8.742277657347586e-8,9.313225746154786e-10,0,1,-6.357301884918343e-8,8.742277657347586e-8,6.357303306003814e-8,1,-5.122274160385132e-8,-8.742277657347586e-8,5.1222748709278679e-8,1],"EasingStyle":"Linear","EasingDirection":"In"},"Right Leg":{"Weight":1,"CFrame":[0.18955935537815095,0.01850992441177368,0.02181565761566162,0.9851065874099731,0.12524019181728364,-0.1178128570318222,-0.11890748143196106,0.9911296367645264,0.059354983270168307,0.12420149147510529,-0.0444621816277504,0.9912604689598084],"EasingStyle":"Linear","EasingDirection":"In"},"Torso":{"Weight":1,"CFrame":[3.0169981820411969e-18,-0.0019829384982585909,-0.004189729690551758,1,1.5502949570222087e-20,-8.742277657347586e-8,-1.0330445388007093e-9,0.999930202960968,-0.011816652491688729,8.741667301137568e-8,0.011816652491688729,0.999930202960968],"EasingStyle":"Linear","EasingDirection":"In"},"HumanoidRootPart":{"Weight":1,"CFrame":[0,0,0,1,0,0,0,1,0,0,0,1],"EasingStyle":"Linear","EasingDirection":"In"},"Left Arm":{"Weight":1,"CFrame":[-0.23043861985206605,-0.569919764995575,0.17612481117248536,-0.026534073054790498,0.9995918273925781,0.01059025153517723,-0.7380049228668213,-0.026733923703432084,0.6742655634880066,0.6742734313011169,0.010075320489704609,0.7384130954742432],"EasingStyle":"Linear","EasingDirection":"In"}}},{"Time":0.03333333507180214,"poses":{"Left Leg":{"Weight":1,"CFrame":[-0.1880638152360916,0.035313963890075687,0.0206449031829834,0.9868168830871582,-0.11932793259620667,0.10933125764131546,0.11075415462255478,0.9905076622962952,0.08141426742076874,-0.11800845712423325,-0.06823206692934036,0.9906656742095947],"EasingStyle":"Linear","EasingDirection":"In"},"Right Arm":{"Weight":1,"CFrame":[0.20835165679454804,-0.6690711975097656,0.205702543258667,-0.06153671443462372,-0.9953979253768921,-0.07345883548259735,0.6781564354896545,-0.09569843113422394,0.7286602258682251,-0.7323368191719055,-0.004977344535291195,0.6809244155883789],"EasingStyle":"Linear","EasingDirection":"In"},"Head":{"Weight":1,"CFrame":[8.742282631146736e-8,1.862645149230957e-9,4.76837158203125e-7,1,-6.450941469893223e-8,8.741776724718875e-8,6.356936665952162e-8,0.9999426603317261,0.01071092952042818,-8.810369678258212e-8,-0.01071092952042818,0.9999426603317261],"EasingStyle":"Linear","EasingDirection":"In"},"Right Leg":{"Weight":1,"CFrame":[0.19371947646141053,0.025112032890319825,0.022522568702697755,0.9850213527679443,0.12568043172359467,-0.11805713176727295,-0.11938120424747467,0.9910926222801209,0.059021975845098498,0.12442351132631302,-0.044044144451618198,0.9912512302398682],"EasingStyle":"Linear","EasingDirection":"In"},"Torso":{"Weight":1,"CFrame":[3.0170333372172304e-18,-0.008378852158784867,-0.010987043380737305,1,2.0387483399090394e-20,-8.742278367890322e-8,-1.3584695590651564e-9,0.9998793601989746,-0.015539082698523999,8.741221790842246e-8,0.015539082698523999,0.9998793601989746],"EasingStyle":"Linear","EasingDirection":"In"},"HumanoidRootPart":{"Weight":1,"CFrame":[0,0,0,1,0,0,0,1,0,0,0,1],"EasingStyle":"Linear","EasingDirection":"In"},"Left Arm":{"Weight":1,"CFrame":[-0.15596391260623933,-0.5833702087402344,0.17612481117248536,-0.03237095847725868,0.999352216720581,0.015724070370197297,-0.7378715872764587,-0.03450700268149376,0.6740585565567017,0.6741644740104675,0.010217537172138691,0.7385105490684509],"EasingStyle":"Linear","EasingDirection":"In"}}},{"Time":0.06666667014360428,"poses":{"Left Leg":{"Weight":1,"CFrame":[-0.19776411354541779,0.05131441354751587,0.022137761116027833,0.986685037612915,-0.11964553594589234,0.11017054319381714,0.11110539734363556,0.9905298352241516,0.08066073060035706,-0.11877796053886414,-0.06734615564346314,0.9906343221664429],"EasingStyle":"Linear","EasingDirection":"In"},"Right Arm":{"Weight":1,"CFrame":[0.25974616408348086,-0.668933093547821,0.205702543258667,-0.08020372688770294,-0.9929646849632263,-0.08711249381303787,0.6637253165245056,-0.11840276420116425,0.7385455965995789,-0.743664026260376,0.0014152551302686334,0.6685521006584168],"EasingStyle":"Linear","EasingDirection":"In"},"Head":{"Weight":1,"CFrame":[8.742278367890322e-8,0,-1.7881393432617188e-7,1,-6.65692709844734e-8,8.737142564996248e-8,6.353567982841924e-8,0.9994125962257385,0.03427296504378319,-8.960161324012006e-8,-0.03427296131849289,0.9994125962257385],"EasingStyle":"Linear","EasingDirection":"In"},"Right Leg":{"Weight":1,"CFrame":[0.20285384356975556,0.04108387231826782,0.02413046360015869,0.9849568605422974,0.12560060620307923,-0.11867793649435044,-0.11938487738370896,0.9911445379257202,0.058135922998189929,0.12492893636226654,-0.04309304431080818,0.9912294745445252],"EasingStyle":"Linear","EasingDirection":"In"},"Torso":{"Weight":1,"CFrame":[3.0170573254549945e-18,-0.02420917898416519,-0.02725386619567871,1,3.2986033817576876e-20,-8.742277657347586e-8,-2.1977035746800768e-9,0.9996839761734009,-0.025138799101114274,8.73951506719095e-8,0.025138799101114274,0.9996839761734009],"EasingStyle":"Linear","EasingDirection":"In"},"HumanoidRootPart":{"Weight":1,"CFrame":[0,0,0,1,0,0,0,1,0,0,0,1],"EasingStyle":"Linear","EasingDirection":"In"},"Left Arm":{"Weight":1,"CFrame":[-0.08289380371570587,-0.6049550771713257,0.17612481117248536,-0.03934032469987869,0.9989836812019348,0.021998366340994836,-0.7375803589820862,-0.04388457536697388,0.6738318204879761,0.6741123795509338,0.010283131152391434,0.7385572195053101],"EasingStyle":"Linear","EasingDirection":"In"}}},{"Time":0.10000000149011612,"poses":{"Left Leg":{"Weight":1,"CFrame":[-0.20791099965572358,0.07091689109802246,0.02377760410308838,0.9867995977401733,-0.11763842403888703,0.1113007664680481,0.10914493352174759,0.9908360242843628,0.0795697420835495,-0.11964131146669388,-0.06637143343687058,0.9905962347984314],"EasingStyle":"Linear","EasingDirection":"In"},"Right Arm":{"Weight":1,"CFrame":[0.3088377118110657,-0.6687436103820801,0.205702543258667,-0.0918055921792984,-0.9916645288467407,-0.09040599316358566,0.6524454355239868,-0.12849007546901704,0.7468637824058533,-0.7522545456886292,0.009581180289387703,0.6588029861450195],"EasingStyle":"Linear","EasingDirection":"In"},"Head":{"Weight":1,"CFrame":[8.742279078433057e-8,2.2351741790771486e-8,2.384185791015625e-7,1,-6.86274646000129e-8,8.727655398388379e-8,6.346667902334957e-8,0.9983273148536682,0.05781596899032593,-9.109831466957985e-8,-0.05781596526503563,0.9983273148536682],"EasingStyle":"Linear","EasingDirection":"In"},"Right Leg":{"Weight":1,"CFrame":[0.2124369740486145,0.0606459379196167,0.0259244441986084,0.985163688659668,0.12317165732383728,-0.11950469762086868,-0.11706529557704926,0.99149489402771,0.0568651519715786,0.12549252808094026,-0.0420316681265831,0.9912039041519165],"EasingStyle":"Linear","EasingDirection":"In"},"Torso":{"Weight":1,"CFrame":[3.0169332483631115e-18,-0.044436171650886539,-0.046816110610961917,1,5.021380198340121e-20,-8.742278367890322e-8,-3.345009158550738e-9,0.9992678165435791,-0.03826244920492172,8.735875667298387e-8,0.03826244920492172,0.9992678165435791],"EasingStyle":"Linear","EasingDirection":"In"},"HumanoidRootPart":{"Weight":1,"CFrame":[0,0,0,1,0,0,0,1,0,0,0,1],"EasingStyle":"Linear","EasingDirection":"In"},"Left Arm":{"Weight":1,"CFrame":[-0.013855867087841034,-0.6316133141517639,0.17612481117248536,-0.0468515008687973,0.9984852075576782,0.028849929571151735,-0.7371484041213989,-0.054050855338573459,0.6735658049583435,0.6741047501564026,0.010290789417922497,0.7385640740394592],"EasingStyle":"Linear","EasingDirection":"In"}}},{"Time":0.13333334028720857,"poses":{"Left Leg":{"Weight":1,"CFrame":[-0.21521969139575959,0.08815491199493408,0.02510249614715576,0.9873228669166565,-0.11198242008686066,0.11248870193958283,0.103548564016819,0.9915434718132019,0.07822631299495697,-0.12029745429754257,-0.06558655202388764,0.9905690550804138],"EasingStyle":"Linear","EasingDirection":"In"},"Right Arm":{"Weight":1,"CFrame":[0.35248616337776186,-0.668537437915802,0.205702543258667,-0.09555263817310333,-0.9923075437545776,-0.07871095836162567,0.6492385864257813,-0.12206581234931946,0.7507257461547852,-0.754558801651001,0.0206314604729414,0.6559080481529236],"EasingStyle":"Linear","EasingDirection":"In"},"Head":{"Weight":1,"CFrame":[8.742275525719379e-8,1.4901161193847657e-8,1.1920928955078126e-7,1,-6.95619846169393e-8,8.72173941957044e-8,6.342367697698137e-8,0.9976507425308228,0.0685056671500206,-9.177789195291553e-8,-0.0685056671500206,0.9976507425308228],"EasingStyle":"Linear","EasingDirection":"In"},"Right Leg":{"Weight":1,"CFrame":[0.2195369005203247,0.07789075374603272,0.0273360013961792,0.985775351524353,0.11729717254638672,-0.12036781758069992,-0.111304372549057,0.9922419786453247,0.0553814098238945,0.12593017518520356,-0.041196200996637347,0.9911834001541138],"EasingStyle":"Linear","EasingDirection":"In"},"Torso":{"Weight":1,"CFrame":[3.0165920363604334e-18,-0.06402029097080231,-0.0634467601776123,1,6.898110513437732e-20,-8.742277657347586e-8,-4.5944532622854698e-9,0.9986180663108826,-0.0525544211268425,8.730196299211457e-8,0.0525544211268425,0.9986180663108826],"EasingStyle":"Linear","EasingDirection":"In"},"HumanoidRootPart":{"Weight":1,"CFrame":[0,0,0,1,0,0,0,1,0,0,0,1],"EasingStyle":"Linear","EasingDirection":"In"},"Left Arm":{"Weight":1,"CFrame":[0.04852205887436867,-0.6602864861488342,0.17612481117248536,-0.05431270971894264,0.9978851079940796,0.035715289413928989,-0.7366139888763428,-0.06418903172016144,0.6732603907585144,0.6741290092468262,0.010258154943585396,0.738542377948761],"EasingStyle":"Linear","EasingDirection":"In"}}},{"Time":0.1666666716337204,"poses":{"Left Leg":{"Weight":1,"CFrame":[-0.21826714277267457,0.09701472520828247,0.02561509609222412,0.988267719745636,-0.10216791182756424,0.11352874338626862,0.09379184991121292,0.9926227331161499,0.07683245092630387,-0.12054106593132019,-0.06528294831514359,0.9905595183372498],"EasingStyle":"Linear","EasingDirection":"In"},"Right Arm":{"Weight":1,"CFrame":[0.387551486492157,-0.6683485507965088,0.205702543258667,-0.09902415424585343,-0.9932275414466858,-0.06077265366911888,0.6508324146270752,-0.11084428429603577,0.7510863542556763,-0.7527360320091248,0.034822769463062289,0.6574009656906128],"EasingStyle":"Linear","EasingDirection":"In"},"Head":{"Weight":1,"CFrame":[8.742276236262114e-8,-2.2351741790771486e-8,-1.7881393432617188e-7,1,-6.888144099548299e-8,8.726146205617624e-8,6.345571534893679e-8,0.998154878616333,0.060721080750226977,-9.128299893745862e-8,-0.060721080750226977,0.998154878616333],"EasingStyle":"Linear","EasingDirection":"In"},"Right Leg":{"Weight":1,"CFrame":[0.2225695550441742,0.0867798924446106,0.02789890766143799,0.9868142604827881,0.10738438367843628,-0.12110389769077301,-0.10148830711841583,0.9933774471282959,0.053864531219005588,0.12608614563941956,-0.040863700211048129,0.9911773204803467],"EasingStyle":"Linear","EasingDirection":"In"},"Torso":{"Weight":1,"CFrame":[2.937188984127998e-17,-0.07792408764362335,-0.07082366943359375,1,5.763601154801313e-19,-8.742277657347586e-8,-5.740328212766599e-9,0.9978419542312622,-0.06566169857978821,8.723411326627684e-8,0.06566169857978821,0.9978419542312622],"EasingStyle":"Linear","EasingDirection":"In"},"HumanoidRootPart":{"Weight":1,"CFrame":[0,0,0,1,0,0,0,1,0,0,0,1],"EasingStyle":"Linear","EasingDirection":"In"},"Left Arm":{"Weight":1,"CFrame":[0.1016123965382576,-0.6879146099090576,0.17612481117248536,-0.06113550439476967,0.9972441792488098,0.04203173145651817,-0.7360403537750244,-0.07348553091287613,0.672937273979187,0.6741713881492615,0.0102032870054245,0.7385044693946838],"EasingStyle":"Linear","EasingDirection":"In"}}},{"Time":0.20000000298023225,"poses":{"Left Leg":{"Weight":1,"CFrame":[-0.21625201404094697,0.09479761123657227,0.025232911109924318,0.9893872737884522,-0.08980189263820648,0.11423012614250183,0.08147187530994415,0.9938027858734131,0.07562002539634705,-0.12031307071447373,-0.06551090627908707,0.9905721545219421],"EasingStyle":"Linear","EasingDirection":"In"},"Right Arm":{"Weight":1,"CFrame":[0.41089344024658205,-0.6682097315788269,0.205702543258667,-0.09940540045499802,-0.9942362308502197,-0.04016287252306938,0.6566648483276367,-0.09587299823760987,0.7480639815330505,-0.7476027011871338,0.0479879304766655,0.6624102592468262],"EasingStyle":"Linear","EasingDirection":"In"},"Head":{"Weight":1,"CFrame":[8.742279078433057e-8,1.4901161193847657e-8,-1.1920928955078126e-7,1,-6.72118432021307e-8,8.734701140156176e-8,6.351793047087995e-8,0.9991334676742554,0.04162314534187317,-9.006888745943798e-8,-0.04162314534187317,0.9991334676742554],"EasingStyle":"Linear","EasingDirection":"In"},"Right Leg":{"Weight":1,"CFrame":[0.22076082229614259,0.0846284031867981,0.027481913566589357,0.9880172610282898,0.09507445245981217,-0.12158406525850296,-0.08923812210559845,0.9946209788322449,0.05259144678711891,0.12593020498752595,-0.04111136868596077,0.9911869168281555],"EasingStyle":"Linear","EasingDirection":"In"},"Torso":{"Weight":1,"CFrame":[2.9368670454335926e-17,-0.0841427594423294,-0.06655287742614746,1,6.605039259187457e-19,-8.742277657347586e-8,-6.5776508684223249e-9,0.9971655011177063,-0.07523955404758454,8.717497479437952e-8,0.07523955404758454,0.9971655011177063],"EasingStyle":"Linear","EasingDirection":"In"},"HumanoidRootPart":{"Weight":1,"CFrame":[0,0,0,1,0,0,0,1,0,0,0,1],"EasingStyle":"Linear","EasingDirection":"In"},"Left Arm":{"Weight":1,"CFrame":[0.14278742671012879,-0.7114367485046387,0.17612481117248536,-0.06673216819763184,0.9966521859169006,0.04723713919520378,-0.735510528087616,-0.08112742006778717,0.6726385951042175,0.6742188930511475,0.010143175721168518,0.7384619116783142],"EasingStyle":"Linear","EasingDirection":"In"}}},{"Time":0.23333333432674409,"poses":{"Left Leg":{"Weight":1,"CFrame":[-0.21021480858325959,0.08467364311218262,0.02427530288696289,0.9902324080467224,-0.07962758094072342,0.1144523024559021,0.07131575793027878,0.9946320652961731,0.0749739333987236,-0.11980795860290528,-0.06607936322689057,0.9905956387519836],"EasingStyle":"Linear","EasingDirection":"In"},"Right Arm":{"Weight":1,"CFrame":[0.4193718731403351,-0.6681557893753052,0.205702543258667,-0.09389430284500122,-0.9953696727752686,-0.020567910745739938,0.666027843952179,-0.07815582305192948,0.7418211698532105,-0.7399938106536865,0.05595384165644646,0.670282244682312],"EasingStyle":"Linear","EasingDirection":"In"},"Head":{"Weight":1,"CFrame":[8.742277657347586e-8,1.4901161193847657e-8,0,1,-6.511192651714737e-8,8.740923362893227e-8,6.356317783229315e-8,0.9998450875282288,0.01760297268629074,-8.854185296058859e-8,-0.01760297268629074,0.9998450875282288],"EasingStyle":"Linear","EasingDirection":"In"},"Right Leg":{"Weight":1,"CFrame":[0.2150467187166214,0.07458066940307617,0.02643609046936035,0.988912045955658,0.08506549149751663,-0.12172383069992066,-0.07923764735460282,0.9955011010169983,0.051951903849840167,0.1255955547094345,-0.041730768978595737,0.9912034869194031],"EasingStyle":"Linear","EasingDirection":"In"},"Torso":{"Weight":1,"CFrame":[2.936724770368233e-17,-0.08350303769111633,-0.05475211143493652,1,6.931170208335091e-19,-8.742277657347586e-8,-6.9021370840971489e-9,0.9968785047531128,-0.07895124703645706,8.714988553037984e-8,0.07895124703645706,0.9968785047531128],"EasingStyle":"Linear","EasingDirection":"In"},"HumanoidRootPart":{"Weight":1,"CFrame":[0,0,0,1,0,0,0,1,0,0,0,1],"EasingStyle":"Linear","EasingDirection":"In"},"Left Arm":{"Weight":1,"CFrame":[0.16941940784454347,-0.72779381275177,0.17612481117248536,-0.0705188661813736,0.9962176084518433,0.050771262496709827,-0.7351216673851013,-0.08630607277154923,0.6724191904067993,0.6742575764656067,0.01009513158351183,0.7384272813796997],"EasingStyle":"Linear","EasingDirection":"In"}}},{"Time":0.2666666805744171,"poses":{"Left Leg":{"Weight":1,"CFrame":[-0.20116493105888368,0.06934523582458496,0.022972464561462404,0.9905573725700378,-0.07613934576511383,0.11401301622390747,0.06780318170785904,0.9948535561561585,0.07529426366090775,-0.11915913969278336,-0.06685280054807663,0.9906219244003296],"EasingStyle":"Linear","EasingDirection":"In"},"Right Arm":{"Weight":1,"CFrame":[0.4076116383075714,-0.6692535281181336,0.205702543258667,-0.08256547898054123,-0.9965702891349793,-0.005550674628466368,0.676547110080719,-0.06013958901166916,0.7339395880699158,-0.7317560911178589,0.056842636317014697,0.6791921257972717],"EasingStyle":"Linear","EasingDirection":"In"},"Head":{"Weight":1,"CFrame":[8.74227694680485e-8,0,0,1,-6.311271505410332e-8,8.742156865082507e-8,6.357213777619109e-8,0.9999862313270569,-0.005265400279313326,-8.708803278523192e-8,0.005265400279313326,0.9999862313270569],"EasingStyle":"Linear","EasingDirection":"In"},"Right Leg":{"Weight":1,"CFrame":[0.20645883679389954,0.05932718515396118,0.025027155876159669,0.9892197251319885,0.08188554644584656,-0.1214049831032753,-0.07599931955337525,0.9957324862480164,0.05235493928194046,0.12517400085926057,-0.042563848197460178,0.9912214279174805],"EasingStyle":"Linear","EasingDirection":"In"},"Torso":{"Weight":1,"CFrame":[2.936912705803405e-17,-0.07484027743339539,-0.038808345794677737,1,6.495039230366507e-19,-8.742278367890322e-8,-6.468198421316629e-9,0.997259259223938,-0.07398757338523865,8.718316024669548e-8,0.07398757338523865,0.997259259223938],"EasingStyle":"Linear","EasingDirection":"In"},"HumanoidRootPart":{"Weight":1,"CFrame":[0,0,0,1,0,0,0,1,0,0,0,1],"EasingStyle":"Linear","EasingDirection":"In"},"Left Arm":{"Weight":1,"CFrame":[0.17888063192367555,-0.7339262366294861,0.17612481117248536,-0.07191073149442673,0.9960507750511169,0.05207368731498718,-0.7349722385406494,-0.08821186423301697,0.6723352670669556,0.6742735505104065,0.010075315833091736,0.7384129166603088],"EasingStyle":"Linear","EasingDirection":"In"}}},{"Time":0.30000001192092898,"poses":{"Left Leg":{"Weight":1,"CFrame":[-0.19066235423088075,0.05260545015335083,0.02160465717315674,0.990370512008667,-0.07996530085802078,0.11301250010728836,0.07157058268785477,0.9944985508918762,0.07648689299821854,-0.11850710213184357,-0.06766199320554733,0.9906452894210815],"EasingStyle":"Linear","EasingDirection":"In"},"Right Arm":{"Weight":1,"CFrame":[0.37536585330963137,-0.672262966632843,0.205702543258667,-0.07572934031486511,-0.9971284866333008,0.00010854375432245433,0.681908130645752,-0.05170978233218193,0.7296077609062195,-0.7275069355964661,0.05532659962773323,0.6838659048080444],"EasingStyle":"Linear","EasingDirection":"In"},"Head":{"Weight":1,"CFrame":[8.742277657347586e-8,2.2351741790771486e-8,0,1,-6.16301463196578e-8,8.740118317973611e-8,6.355733006557785e-8,0.9997530579566956,-0.022223949432373048,-8.600993339769048e-8,0.022223949432373048,0.9997530579566956],"EasingStyle":"Linear","EasingDirection":"In"},"Right Leg":{"Weight":1,"CFrame":[0.19632837176322938,0.04260069131851196,0.023545503616333009,0.9889557957649231,0.08601617068052292,-0.12069622427225113,-0.08001953363418579,0.9953463673591614,0.05368979275226593,0.12475280463695526,-0.043438803404569629,0.9912365674972534],"EasingStyle":"Linear","EasingDirection":"In"},"Torso":{"Weight":1,"CFrame":[2.9373064437749808e-17,-0.060213811695575717,-0.022494077682495118,1,5.404119834319189e-19,-8.742277657347586e-8,-5.382549517207735e-9,0.9981028437614441,-0.06156919151544571,8.725692168809474e-8,0.06156919151544571,0.9981028437614441],"EasingStyle":"Linear","EasingDirection":"In"},"HumanoidRootPart":{"Weight":1,"CFrame":[0,0,0,1,0,0,0,1,0,0,0,1],"EasingStyle":"Linear","EasingDirection":"In"},"Left Arm":{"Weight":1,"CFrame":[0.16594672203063966,-0.7315679788589478,0.17612481117248536,-0.07155504077672959,0.9960927367210388,0.051760051399469379,-0.7350125908851624,-0.0877378061413765,0.6723530292510986,0.6742672324180603,0.010065867565572262,0.7384188771247864],"EasingStyle":"Linear","EasingDirection":"In"}}},{"Time":0.3333333432674408,"poses":{"Left Leg":{"Weight":1,"CFrame":[-0.2367439717054367,0.05030244588851929,0.025814533233642579,0.9865827560424805,-0.11912112683057785,0.1116456538438797,0.1107277199625969,0.9907375574111939,0.07860345393419266,-0.11997494101524353,-0.06518647819757462,0.9906345009803772],"EasingStyle":"Linear","EasingDirection":"In"},"Right Arm":{"Weight":1,"CFrame":[0.32718679308891299,-0.6767590641975403,0.205702543258667,-0.076933853328228,-0.9970347881317139,-0.0016787757631391287,0.6820452213287354,-0.053856391459703448,0.729324221611023,-0.7272520661354065,0.054964613169431689,0.6841663122177124],"EasingStyle":"Linear","EasingDirection":"In"},"Head":{"Weight":1,"CFrame":[8.742282631146736e-8,4.470348358154297e-8,1.1920928955078126e-7,1,-6.10503363418502e-8,8.738637546912287e-8,6.3546544026849e-8,0.9995836019515991,-0.028856299817562105,-8.558830444371779e-8,0.028856299817562105,0.9995836019515991],"EasingStyle":"Linear","EasingDirection":"In"},"Right Leg":{"Weight":1,"CFrame":[0.18697401881217957,0.028599143028259279,0.02234470844268799,0.988179624080658,0.0956711694598198,-0.11978409439325333,-0.08954554051160813,0.9944336414337158,0.05552974343299866,0.12443002313375473,-0.04414726048707962,0.9912458062171936],"EasingStyle":"Linear","EasingDirection":"In"},"Torso":{"Weight":1,"CFrame":[2.937656506610213e-17,-0.04367704689502716,-0.009771585464477539,1,3.9850090339171567e-19,-8.742277657347586e-8,-3.9698324627579499e-9,0.9989684820175171,-0.045409590005874637,8.733260159488055e-8,0.045409590005874637,0.9989684820175171],"EasingStyle":"Linear","EasingDirection":"In"},"HumanoidRootPart":{"Weight":1,"CFrame":[0,0,0,1,0,0,0,1,0,0,0,1],"EasingStyle":"Linear","EasingDirection":"In"},"Left Arm":{"Weight":1,"CFrame":[0.13048270344734193,-0.7250954508781433,0.17612481117248536,-0.07056354731321335,0.996208667755127,0.05088341236114502,-0.7351236939430237,-0.0864148736000061,0.6724029183387756,0.6742507219314575,0.010041430592536927,0.7384343147277832],"EasingStyle":"Linear","EasingDirection":"In"}}},{"Time":0.36666667461395266,"poses":{"Left Leg":{"Weight":1,"CFrame":[-0.3264470398426056,0.06652963161468506,0.0338062047958374,0.9774781465530396,-0.17998597025871278,0.1101892963051796,0.171627476811409,0.9818081855773926,0.0812201276421547,-0.12280326336622238,-0.06047935038805008,0.990586519241333],"EasingStyle":"Linear","EasingDirection":"In"},"Right Arm":{"Weight":1,"CFrame":[0.26762694120407107,-0.6823176145553589,0.205702543258667,-0.08075008541345597,-0.9967213869094849,-0.005106035154312849,0.6812794804573059,-0.05893217399716377,0.7296473383903503,-0.7275559902191162,0.05544029548764229,0.6838046312332153],"EasingStyle":"Linear","EasingDirection":"In"},"Head":{"Weight":1,"CFrame":[8.742279788975793e-8,2.2351741790771486e-8,1.1920928955078126e-7,1,-6.180900413710333e-8,8.740499168879978e-8,6.356007276053788e-8,0.999796450138092,-0.020178135484457017,-8.6139991140044e-8,0.020178135484457017,0.999796450138092],"EasingStyle":"Linear","EasingDirection":"In"},"Right Leg":{"Weight":1,"CFrame":[0.18176685273647309,0.021257400512695314,0.02184772491455078,0.9868645071983337,0.10940106213092804,-0.11886879801750183,-0.10316096991300583,0.9930038452148438,0.05745676904916763,0.1243230402469635,-0.04443945363163948,0.9912461638450623],"EasingStyle":"Linear","EasingDirection":"In"},"Torso":{"Weight":1,"CFrame":[2.9378226044772139e-17,-0.02929624170064926,-0.004476070404052734,1,2.5653773682231568e-19,-8.742278367890322e-8,-2.5560769056909295e-9,0.9995725750923157,-0.02923811599612236,8.738540202557488e-8,0.02923811599612236,0.9995725750923157],"EasingStyle":"Linear","EasingDirection":"In"},"HumanoidRootPart":{"Weight":1,"CFrame":[0,0,0,1,0,0,0,1,0,0,0,1],"EasingStyle":"Linear","EasingDirection":"In"},"Left Arm":{"Weight":1,"CFrame":[0.07749532163143158,-0.7154134511947632,0.17612481117248536,-0.06904831528663635,0.9963825941085815,0.04953981563448906,-0.7352885603904724,-0.08439034968614578,0.6724798679351807,0.6742278933525086,0.010007518343627453,0.738455593585968],"EasingStyle":"Linear","EasingDirection":"In"}}},{"Time":0.4000000059604645,"poses":{"Left Leg":{"Weight":1,"CFrame":[-0.3978690505027771,0.09256923198699951,0.0396428108215332,0.9685338139533997,-0.22369588911533357,0.10909897089004517,0.21535833179950715,0.9729886054992676,0.08315111696720123,-0.12475263327360153,-0.0570392906665802,0.9905470609664917],"EasingStyle":"Linear","EasingDirection":"In"},"Right Arm":{"Weight":1,"CFrame":[0.2012384980916977,-0.6885137557983398,0.205702543258667,-0.08638840913772583,-0.9962133169174194,-0.009799105115234852,0.6797361373901367,-0.06612967699766159,0.7304694652557373,-0.7283514738082886,0.0564432255923748,0.6828750371932983],"EasingStyle":"Linear","EasingDirection":"In"},"Head":{"Weight":1,"CFrame":[8.742274104633907e-8,-3.725290298461914e-9,-2.384185791015625e-7,1,-6.357301884918343e-8,8.742277657347586e-8,6.357302595461079e-8,1,-8.381903171539307e-8,-8.74227694680485e-8,8.381903882082043e-8,1],"EasingStyle":"Linear","EasingDirection":"In"},"Right Leg":{"Weight":1,"CFrame":[0.18355658650398255,0.02317190170288086,0.02235102653503418,0.9850906729698181,0.12502755224704743,-0.11817148327827454,-0.11871565878391266,0.9911708831787109,0.05904996395111084,0.12451106309890747,-0.04414077475667,0.9912359118461609],"EasingStyle":"Linear","EasingDirection":"In"},"Torso":{"Weight":1,"CFrame":[3.0170424362039685e-18,-0.020784903317689897,-0.009058952331542969,1,2.2034795817531275e-20,-8.742277657347586e-8,-1.4682134397148162e-9,0.9998589754104614,-0.01679440401494503,8.741044865701042e-8,0.01679440401494503,0.9998589754104614],"EasingStyle":"Linear","EasingDirection":"In"},"HumanoidRootPart":{"Weight":1,"CFrame":[0,0,0,1,0,0,0,1,0,0,0,1],"EasingStyle":"Linear","EasingDirection":"In"},"Left Arm":{"Weight":1,"CFrame":[0.011991221457719803,-0.7034262418746948,0.17612481117248536,-0.06712285429239273,0.9965978264808655,0.047825660556554797,-0.7354901432991028,-0.08181313425302506,0.6725778579711914,0.6742023825645447,0.00996993388980627,0.7384793758392334],"EasingStyle":"Linear","EasingDirection":"In"}}},{"Time":0.4333333373069763,"poses":{"Left Leg":{"Weight":1,"CFrame":[-0.42566850781440737,0.11717557907104492,0.04170835018157959,0.966364324092865,-0.2329796701669693,0.10890614241361618,0.22470270097255708,0.9708775877952576,0.0830993503332138,-0.12509500980377198,-0.055832698941230777,0.9905725717544556],"EasingStyle":"Linear","EasingDirection":"In"},"Right Arm":{"Weight":1,"CFrame":[0.1325739026069641,-0.6949219107627869,0.20570242404937745,-0.09305494278669357,-0.9955421686172485,-0.015383807010948658,0.6775442957878113,-0.07463765144348145,0.7316850423812866,-0.729571521282196,0.057663559913635257,0.6814692616462708],"EasingStyle":"Linear","EasingDirection":"In"},"Head":{"Weight":1,"CFrame":[8.742277657347586e-8,-1.862645149230957e-9,-1.7881393432617188e-7,1,-6.564017240862086e-8,8.739833390336571e-8,6.355525528078943e-8,0.9997204542160034,0.023645412176847459,-8.892598657439521e-8,-0.02364541031420231,0.9997204542160034],"EasingStyle":"Linear","EasingDirection":"In"},"Right Leg":{"Weight":1,"CFrame":[0.19103658199310304,0.03273230791091919,0.023565173149108888,0.9835132956504822,0.13710084557533265,-0.1179192066192627,-0.13077665865421296,0.9896049499511719,0.05983002111315727,0.12489622831344605,-0.04342256113886833,0.991219162940979],"EasingStyle":"Linear","EasingDirection":"In"},"Torso":{"Weight":1,"CFrame":[3.0169981820411969e-18,-0.02041177824139595,-0.021032094955444337,1,1.5502949570222087e-20,-8.742277657347586e-8,-1.0330445388007093e-9,0.999930202960968,-0.011816652491688729,8.741667301137568e-8,0.011816652491688729,0.999930202960968],"EasingStyle":"Linear","EasingDirection":"In"},"HumanoidRootPart":{"Weight":1,"CFrame":[0,0,0,1,0,0,0,1,0,0,0,1],"EasingStyle":"Linear","EasingDirection":"In"},"Left Arm":{"Weight":1,"CFrame":[-0.06102292239665985,-0.6900381445884705,0.17612481117248536,-0.06489955633878708,0.9968385696411133,0.04583696275949478,-0.7357121109962463,-0.07883085310459137,0.672691285610199,0.6741779446601868,0.009934438392519951,0.7385021448135376],"EasingStyle":"Linear","EasingDirection":"In"}}},{"Time":0.46666666865348818,"poses":{"Left Leg":{"Weight":1,"CFrame":[-0.39720630645751955,0.1281614899635315,0.03966367244720459,0.9735590815544128,-0.2002873420715332,0.10985348373651505,0.1921551674604416,0.97807377576828,0.0803006961941719,-0.12352804094552994,-0.057068563997745517,0.9906987547874451],"EasingStyle":"Linear","EasingDirection":"In"},"Right Arm":{"Weight":1,"CFrame":[0.06618545949459076,-0.7011176347732544,0.20570242404937745,-0.099957674741745,-0.9947597980499268,-0.02148282341659069,0.6748512387275696,-0.08364605158567429,0.7331980466842651,-0.7311527729034424,0.058790914714336398,0.679675817489624],"EasingStyle":"Linear","EasingDirection":"In"},"Head":{"Weight":1,"CFrame":[8.742279788975793e-8,0,-1.7881393432617188e-7,1,-6.757362314147031e-8,8.733121603654581e-8,6.350641967856063e-8,0.9989525079727173,0.04576137289404869,-9.033196590735315e-8,-0.04576137289404869,0.9989525079727173],"EasingStyle":"Linear","EasingDirection":"In"},"Right Leg":{"Weight":1,"CFrame":[0.20129460096359254,0.04721379280090332,0.025062918663024904,0.9828511476516724,0.14152276515960694,-0.11821529269218445,-0.13524898886680604,0.9890207052230835,0.05954679474234581,0.12534461915493012,-0.0425371415913105,0.9912010431289673],"EasingStyle":"Linear","EasingDirection":"In"},"Torso":{"Weight":1,"CFrame":[3.0170560846840756e-18,-0.02843812108039856,-0.036717891693115237,1,2.0972628056353564e-20,-8.742278367890322e-8,-1.397439275407919e-9,0.9998723268508911,-0.01598484441637993,8.741160684166971e-8,0.01598484441637993,0.9998723268508911],"EasingStyle":"Linear","EasingDirection":"In"},"HumanoidRootPart":{"Weight":1,"CFrame":[0,0,0,1,0,0,0,1,0,0,0,1],"EasingStyle":"Linear","EasingDirection":"In"},"Left Arm":{"Weight":1,"CFrame":[-0.13654041290283204,-0.6761535406112671,0.17612481117248536,-0.062491271644830707,0.9970896244049072,0.043670158833265308,-0.7359382510185242,-0.07559177279472351,0.6728156805038452,0.6741585731506348,0.009906485676765442,0.7385202050209045],"EasingStyle":"Linear","EasingDirection":"In"}}},{"Time":0.5,"poses":{"Left Leg":{"Weight":1,"CFrame":[-0.32837197184562685,0.1253896951675415,0.03438913822174072,0.9839987754821777,-0.13905273377895356,0.1114034503698349,0.13107424974441529,0.9884527325630188,0.07603099197149277,-0.12068938463926316,-0.06021225452423096,0.9908626079559326],"EasingStyle":"Linear","EasingDirection":"In"},"Right Arm":{"Weight":1,"CFrame":[0.0066255852580070499,-0.7066757678985596,0.20570242404937745,-0.10630553960800171,-0.9939473271369934,-0.027712371200323106,0.6718295216560364,-0.09234465658664704,0.7349269390106201,-0.7330377101898193,0.059508733451366428,0.6775798797607422],"EasingStyle":"Linear","EasingDirection":"In"},"Head":{"Weight":1,"CFrame":[8.742274815176643e-8,-7.450580596923828e-9,0,1,-6.900360460804223e-8,8.72539445140319e-8,6.34502512752988e-8,0.9980688691139221,0.0621185228228569,-9.13718380957107e-8,-0.062118519097566608,0.9980688691139221],"EasingStyle":"Linear","EasingDirection":"In"},"Right Leg":{"Weight":1,"CFrame":[0.21126392483711244,0.0631062388420105,0.02647840976715088,0.9831094145774841,0.13915817439556123,-0.11887357383966446,-0.13297441601753236,0.9893918037414551,0.058495812118053439,0.125752791762352,-0.04170067980885506,0.9911847710609436],"EasingStyle":"Linear","EasingDirection":"In"},"Torso":{"Weight":1,"CFrame":[3.017121018362161e-18,-0.04146629199385643,-0.052533864974975589,1,3.4649523109989425e-20,-8.742277657347586e-8,-2.3084263389705485e-9,0.999651312828064,-0.026405319571495057,8.739229429011175e-8,0.026405319571495057,0.999651312828064],"EasingStyle":"Linear","EasingDirection":"In"},"HumanoidRootPart":{"Weight":1,"CFrame":[0,0,0,1,0,0,0,1,0,0,0,1],"EasingStyle":"Linear","EasingDirection":"In"},"Left Arm":{"Weight":1,"CFrame":[-0.2095544934272766,-0.6626759171485901,0.1761249303817749,-0.06001097708940506,0.9973379969596863,0.04142136499285698,-0.7361540794372559,-0.07224410772323609,0.6729472279548645,0.6741482019424439,0.009891645982861519,0.7385298609733582],"EasingStyle":"Linear","EasingDirection":"In"}}},{"Time":0.5333333611488342,"poses":{"Left Leg":{"Weight":1,"CFrame":[-0.2439921498298645,0.11452621221542359,0.02726876735687256,0.991258442401886,-0.06813281029462815,0.11298048496246338,0.0602397657930851,0.9955936670303345,0.07186523079872132,-0.1173790767788887,-0.06443113833665848,0.9909948706626892],"EasingStyle":"Linear","EasingDirection":"In"},"Right Arm":{"Weight":1,"CFrame":[-0.041553448885679248,-0.7111725807189941,0.20570242404937745,-0.1113152727484703,-0.9932142496109009,-0.03368208929896355,0.6686763763427734,-0.09992922097444534,0.7368080615997315,-0.7351741194725037,0.0594954639673233,0.6752625703811646],"EasingStyle":"Linear","EasingDirection":"In"},"Head":{"Weight":1,"CFrame":[8.742277657347586e-8,1.1175870895385743e-8,-1.1920928955078126e-7,1,-6.956199882779402e-8,8.721740840655912e-8,6.342366987155401e-8,0.9976508021354675,0.06850574165582657,-9.177788484748817e-8,-0.06850574165582657,0.9976508021354675],"EasingStyle":"Linear","EasingDirection":"In"},"Right Leg":{"Weight":1,"CFrame":[0.21866650879383088,0.07668399810791016,0.027514338493347169,0.9840743541717529,0.13142706453800202,-0.11968564987182617,-0.12534941732883454,0.9904739856719971,0.056999173015356067,0.12603682279586793,-0.04108888655900955,0.9911742806434631],"EasingStyle":"Linear","EasingDirection":"In"},"Torso":{"Weight":1,"CFrame":[3.017034164397843e-18,-0.05591082572937012,-0.06492400169372559,1,5.2432261612177217e-20,-8.742277657347586e-8,-3.4925093927995478e-9,0.9992017149925232,-0.039949651807546619,8.73529870659695e-8,0.039949651807546619,0.9992017149925232],"EasingStyle":"Linear","EasingDirection":"In"},"HumanoidRootPart":{"Weight":1,"CFrame":[0,0,0,1,0,0,0,1,0,0,0,1],"EasingStyle":"Linear","EasingDirection":"In"},"Left Arm":{"Weight":1,"CFrame":[-0.2750586271286011,-0.6505106091499329,0.1761249303817749,-0.057572536170482638,0.9975719451904297,0.03918718919157982,-0.7363466620445252,-0.06893704831600189,0.6730833649635315,0.6741505861282349,0.00989570003002882,0.7385276556015015],"EasingStyle":"Linear","EasingDirection":"In"}}},{"Time":0.5666666626930237,"poses":{"Left Leg":{"Weight":1,"CFrame":[-0.19660349190235139,0.10799038410186768,0.023030519485473634,0.9931929707527161,-0.023217836394906045,0.11414343863725662,0.015369891189038754,0.9974871873855591,0.06916047632694245,-0.11546240746974945,-0.06693527102470398,0.9910540580749512],"EasingStyle":"Linear","EasingDirection":"In"},"Right Arm":{"Weight":1,"CFrame":[-0.07379929721355438,-0.7141817808151245,0.20570242404937745,-0.11420953273773194,-0.9926910996437073,-0.03899451345205307,0.6656076908111572,-0.10559944063425064,0.738793134689331,-0.7375110983848572,0.0584220290184021,0.6728032827377319],"EasingStyle":"Linear","EasingDirection":"In"},"Head":{"Weight":1,"CFrame":[8.742279788975793e-8,2.2351741790771486e-8,1.1920928955078126e-7,1,-6.874163460679483e-8,8.726986777674029e-8,6.346182601646433e-8,0.9982508420944214,0.05912189558148384,-9.11813273773987e-8,-0.05912189558148384,0.9982508420944214],"EasingStyle":"Linear","EasingDirection":"In"},"Right Leg":{"Weight":1,"CFrame":[0.2219095081090927,0.08400839567184448,0.027910590171813966,0.9854485392570496,0.11992855370044708,-0.12045115232467652,-0.11394889652729035,0.9919415712356567,0.055386826395988467,0.12612301111221314,-0.04085562750697136,0.9911729693412781],"EasingStyle":"Linear","EasingDirection":"In"},"Torso":{"Weight":1,"CFrame":[2.9376336764253067e-17,-0.06818509101867676,-0.07024264335632324,1,4.694805221224608e-19,-8.742278367890322e-8,-4.676065312736455e-9,0.998568594455719,-0.05348796024918556,8.729762868142643e-8,0.05348796024918556,0.998568594455719],"EasingStyle":"Linear","EasingDirection":"In"},"HumanoidRootPart":{"Weight":1,"CFrame":[0,0,0,1,0,0,0,1,0,0,0,1],"EasingStyle":"Linear","EasingDirection":"In"},"Left Arm":{"Weight":1,"CFrame":[-0.328046053647995,-0.6405618190765381,0.1761249303817749,-0.05528922379016876,0.9977822303771973,0.037064019590616229,-0.7365042567253113,-0.06581920385360718,0.6732231974601746,0.674169659614563,0.009924161247909069,0.7385098934173584],"EasingStyle":"Linear","EasingDirection":"In"}}},{"Time":0.6000000238418579,"poses":{"Left Leg":{"Weight":1,"CFrame":[-0.1939476728439331,0.10529708862304688,0.02261030673980713,0.9933383464813232,-0.009657811373472214,0.11482885479927063,0.001856553484685719,0.9976937770843506,0.06785167008638382,-0.1152193546295166,-0.06718645989894867,0.9910654425621033],"EasingStyle":"Linear","EasingDirection":"In"},"Right Arm":{"Weight":1,"CFrame":[-0.08555947989225388,-0.7152798175811768,0.205702543258667,-0.11422143876552582,-0.9925135970115662,-0.043247513473033908,0.6628445386886597,-0.10856348276138306,0.7408449053764343,-0.739993691444397,0.05595390498638153,0.6702823638916016],"EasingStyle":"Linear","EasingDirection":"In"},"Head":{"Weight":1,"CFrame":[8.7422719730057e-8,-7.450580596923828e-9,-5.364418029785156e-7,1,-6.693186804795914e-8,8.735823797678677e-8,6.352608750148647e-8,0.999261736869812,0.03842056170105934,-8.986528143850592e-8,-0.03842056170105934,0.999261736869812],"EasingStyle":"Linear","EasingDirection":"In"},"Right Leg":{"Weight":1,"CFrame":[0.22014304995536805,0.08207035064697266,0.02749490737915039,0.9868916273117065,0.10679908841848374,-0.12099103629589081,-0.10088444501161576,0.9934307336807251,0.054016731679439548,0.1259651780128479,-0.04110255092382431,0.9911828637123108],"EasingStyle":"Linear","EasingDirection":"In"},"Torso":{"Weight":1,"CFrame":[2.9374023967260369e-17,-0.07506756484508515,-0.06591987609863281,1,5.609108631794784e-19,-8.742278367890322e-8,-5.585928608553559e-9,0.9979566931724548,-0.063895583152771,8.724413191885105e-8,0.063895583152771,0.9979566931724548],"EasingStyle":"Linear","EasingDirection":"In"},"HumanoidRootPart":{"Weight":1,"CFrame":[0,0,0,1,0,0,0,1,0,0,0,1],"EasingStyle":"Linear","EasingDirection":"In"},"Left Arm":{"Weight":1,"CFrame":[-0.3635101616382599,-0.6337341666221619,0.1761249303817749,-0.053274255245923999,0.9979612231254578,0.03514835610985756,-0.7366164326667786,-0.06303906440734863,0.6733664274215698,0.6742092370986939,0.009982185438275338,0.7384729385375977],"EasingStyle":"Linear","EasingDirection":"In"}}},{"Time":0.6333333253860474,"poses":{"Left Leg":{"Weight":1,"CFrame":[-0.18696284294128419,0.09423959255218506,0.021600008010864259,0.99335777759552,0.0014576095854863525,0.11505722254514694,-0.009243796579539776,0.997698962688446,0.06716760993003845,-0.11469458788633347,-0.06778500229120255,0.9910854697227478],"EasingStyle":"Linear","EasingDirection":"In"},"Right Arm":{"Weight":1,"CFrame":[-0.0744004175066948,-0.7148391008377075,0.205702543258667,-0.11203038692474365,-0.9926164746284485,-0.046494681388139728,0.6600072383880615,-0.10930581390857697,0.7432649731636047,-0.7428591251373291,0.05258127674460411,0.6673796772956848],"EasingStyle":"Linear","EasingDirection":"In"},"Head":{"Weight":1,"CFrame":[8.742274815176643e-8,1.4901161193847657e-8,-5.960464477539063e-8,1,-6.511193362257473e-8,8.740924073435963e-8,6.356317072686579e-8,0.9998451471328735,0.017602985724806787,-8.854184585516123e-8,-0.017602985724806787,0.9998451471328735],"EasingStyle":"Linear","EasingDirection":"In"},"Right Leg":{"Weight":1,"CFrame":[0.21435588598251344,0.0721924901008606,0.02644956111907959,0.9879460334777832,0.09634607285261154,-0.1211615651845932,-0.09044317901134491,0.9944730997085571,0.053322676569223407,0.12562