{"Sequence":[{"Time":0,"poses":{"Left Leg":{"Weight":1,"CFrame":[-0.028096750378608705,-0.02184474468231201,-0.005062103271484375,0.9527087211608887,-0.30269861221313479,-0.026829035952687265,0.30171316862106326,0.9527422785758972,-0.03537369892001152,0.0362686887383461,0.02560618706047535,0.9990139603614807],"EasingStyle":"Linear","EasingDirection":"In"},"Right Arm":{"Weight":1,"CFrame":[-0.3682923913002014,-0.2514248788356781,0.594918966293335,0.4097220003604889,-0.3234192132949829,0.8529525399208069,0.6311756372451782,0.7755865454673767,-0.009106166660785675,-0.6585933566093445,0.5420936346054077,0.5219091176986694],"EasingStyle":"Linear","EasingDirection":"In"},"Head":{"Weight":1,"CFrame":[1.1548399925231934e-7,-1.6763806343078614e-8,0.0166623592376709,0.9762622117996216,0.19845366477966309,0.08676588535308838,-0.21584416925907136,0.9246810078620911,0.3136500120162964,-0.017985787242650987,-0.3249325156211853,0.9455662369728088],"EasingStyle":"Linear","EasingDirection":"In"},"Right Leg":{"Weight":1,"CFrame":[0.14460662007331849,0.2534914016723633,-0.015894949436187745,0.7996893525123596,-0.5593677759170532,-0.21818538010120393,0.5925636291503906,0.7938501834869385,0.13663871586322785,0.09677521884441376,-0.23855718970298768,0.9662944674491882],"EasingStyle":"Linear","EasingDirection":"In"},"Torso":{"Weight":1,"CFrame":[-0.08293208479881287,-0.23584255576133729,-0.29570627212524416,0.9896619319915772,0.10200133919715882,-0.10082203149795532,-0.11852558702230454,0.9774959087371826,-0.1745092123746872,0.08075293898582459,0.184655100107193,0.9794802069664002],"EasingStyle":"Linear","EasingDirection":"In"},"HumanoidRootPart":{"Weight":1,"CFrame":[0,0,0,1,0,0,0,1,0,0,0,1],"EasingStyle":"Linear","EasingDirection":"In"},"Left Arm":{"Weight":1,"CFrame":[-1.0201001167297364,-0.2718973159790039,-0.7689687013626099,-0.9966452717781067,0.08178313076496124,-0.003141713561490178,-0.03532225638628006,-0.3951902687549591,0.9179201126098633,0.07382886111736298,0.914951503276825,0.3967527151107788],"EasingStyle":"Linear","EasingDirection":"In"}}},{"Time":0.03333333507180214,"poses":{"Left Leg":{"Weight":1,"CFrame":[0.010948196053504944,0.0501362681388855,-0.003589451313018799,0.9643653631210327,-0.2623596787452698,-0.034160394221544269,0.26284828782081606,0.9647787809371948,0.01061955839395523,0.03017103672027588,-0.0192201379686594,0.9993599653244019],"EasingStyle":"Linear","EasingDirection":"In"},"Right Arm":{"Weight":1,"CFrame":[-0.36985981464385989,-0.26739591360092165,0.5953155755996704,0.3671652376651764,-0.3712351322174072,0.8528623580932617,0.6820945143699646,0.7308542132377625,0.024479147046804429,-0.6324054598808289,0.5727447867393494,0.5215617418289185],"EasingStyle":"Linear","EasingDirection":"In"},"Head":{"Weight":1,"CFrame":[3.725290298461914e-8,-2.9802322387695315e-8,0.016662001609802247,0.9730144143104553,0.20604689419269563,0.10386363416910172,-0.22924856841564179,0.9144059419631958,0.33362695574760439,-0.02623077481985092,-0.3484344482421875,0.9369661211967468],"EasingStyle":"Linear","EasingDirection":"In"},"Right Leg":{"Weight":1,"CFrame":[0.22779777646064759,0.4557597041130066,-0.0332566499710083,0.8319060206413269,-0.5027618408203125,-0.23486800491809846,0.5359938740730286,0.8376020193099976,0.10551530867815018,0.14367687702178956,-0.21366660296916963,0.9662834405899048],"EasingStyle":"Linear","EasingDirection":"In"},"Torso":{"Weight":1,"CFrame":[-0.21111556887626649,-0.32382407784461977,-0.3852274417877197,0.9892382025718689,0.0805891677737236,-0.12211991846561432,-0.10628751665353775,0.9694058299064636,-0.22125841677188874,0.10055273026227951,0.23185710608959199,0.9675388336181641],"EasingStyle":"Linear","EasingDirection":"In"},"HumanoidRootPart":{"Weight":1,"CFrame":[0,0,0,1,0,0,0,1,0,0,0,1],"EasingStyle":"Linear","EasingDirection":"In"},"Left Arm":{"Weight":1,"CFrame":[-1.0505386590957642,-0.23675212264060975,-0.559351921081543,-0.949496328830719,0.25251471996307375,0.18626095354557038,0.13693667948246003,-0.20062831044197083,0.9700498580932617,0.28232112526893618,0.9465646743774414,0.15591712296009065],"EasingStyle":"Linear","EasingDirection":"In"}}},{"Time":0.06666667014360428,"poses":{"Left Leg":{"Weight":1,"CFrame":[0.015048298984766007,0.09969711303710938,-0.004567444324493408,0.9685781002044678,-0.2466902881860733,-0.031632471829652789,0.2481136918067932,0.9672109484672546,0.054246947169303897,0.01721303164958954,-0.06039081886410713,0.998026430606842],"EasingStyle":"Linear","EasingDirection":"In"},"Right Arm":{"Weight":1,"CFrame":[-0.37091344594955447,-0.2814144194126129,0.5943325757980347,0.3349496126174927,-0.40463802218437197,0.8509271144866943,0.7190670967102051,0.6933717131614685,0.046670593321323398,-0.6088934540748596,0.5962413549423218,0.5232064127922058],"EasingStyle":"Linear","EasingDirection":"In"},"Head":{"Weight":1,"CFrame":[1.2479722499847413e-7,-8.940696716308594e-8,0.01666247844696045,0.9733951091766357,0.20283254981040955,0.10658872872591019,-0.22742123901844026,0.9119887351989746,0.34140321612358096,-0.027960043400526048,-0.35656070709228518,0.9338537454605103],"EasingStyle":"Linear","EasingDirection":"In"},"Right Leg":{"Weight":1,"CFrame":[0.3144446611404419,0.582555890083313,-0.028382062911987306,0.8620643615722656,-0.44611856341362,-0.24046483635902406,0.47402969002723696,0.8776262402534485,0.071190245449543,0.17927902936935426,-0.17535802721977235,0.9680437445640564],"EasingStyle":"Linear","EasingDirection":"In"},"Torso":{"Weight":1,"CFrame":[-0.316129207611084,-0.400056928396225,-0.43215322494506838,0.9887322187423706,0.0669800192117691,-0.13387416303157807,-0.09985730051994324,0.9613705277442932,-0.25650590658187868,0.1115218922495842,0.2669839560985565,0.9572264552116394],"EasingStyle":"Linear","EasingDirection":"In"},"HumanoidRootPart":{"Weight":1,"CFrame":[0,0,0,1,0,0,0,1,0,0,0,1],"EasingStyle":"Linear","EasingDirection":"In"},"Left Arm":{"Weight":1,"CFrame":[-1.0902034044265748,-0.15427935123443604,-0.30504918098449709,-0.8828691244125366,0.3938050866127014,0.255851149559021,0.26326537132263186,-0.036118458956480029,0.9640471339225769,0.3888876736164093,0.9184842109680176,-0.07178730517625809],"EasingStyle":"Linear","EasingDirection":"In"}}},{"Time":0.10000000149011612,"poses":{"Left Leg":{"Weight":1,"CFrame":[0.022466573864221574,0.13912850618362428,-0.006072580814361572,0.9707878232002258,-0.23875002562999726,-0.023860737681388856,0.23993812501430512,0.9663024544715881,0.093216672539711,0.0008012092439457774,-0.09621873497962952,0.9953598976135254],"EasingStyle":"Linear","EasingDirection":"In"},"Right Arm":{"Weight":1,"CFrame":[-0.3715749680995941,-0.2935985028743744,0.5921789407730103,0.31260794401168826,-0.4269520342350006,0.8485212326049805,0.7453483939170837,0.6640133261680603,0.05951535701751709,-0.5888396501541138,0.6138389706611633,0.5258039236068726],"EasingStyle":"Linear","EasingDirection":"In"},"Head":{"Weight":1,"CFrame":[-3.725290298461914e-9,4.842877388000488e-8,0.016662001609802247,0.9764584898948669,0.1911390721797943,0.09997424483299256,-0.2140580415725708,0.9158169031143189,0.33979204297065737,-0.026610635221004487,-0.353193074464798,0.9351719617843628],"EasingStyle":"Linear","EasingDirection":"In"},"Right Leg":{"Weight":1,"CFrame":[0.4214669466018677,0.6777299046516419,-0.009544074535369873,0.8940730690956116,-0.3786240816116333,-0.23932670056819917,0.39854657649993899,0.9163078665733337,0.039249565452337268,0.204436257481575,-0.13047488033771516,0.9701454639434815],"EasingStyle":"Linear","EasingDirection":"In"},"Torso":{"Weight":1,"CFrame":[-0.40203428268432619,-0.4649578332901001,-0.46506643295288088,0.9884319305419922,0.059194933623075488,-0.13963621854782105,-0.09698954224586487,0.9545269012451172,-0.2819068729877472,0.11659906059503555,0.29218900203704836,0.9492261409759522],"EasingStyle":"Linear","EasingDirection":"In"},"HumanoidRootPart":{"Weight":1,"CFrame":[0,0,0,1,0,0,0,1,0,0,0,1],"EasingStyle":"Linear","EasingDirection":"In"},"Left Arm":{"Weight":1,"CFrame":[-1.1093240976333619,-0.041950076818466189,0.00030815601348876953,-0.839627206325531,0.47116518020629885,0.2702394425868988,0.3227526843547821,0.032613907009363177,0.9459213018417358,0.4368717074394226,0.8814418315887451,-0.17945383489131928],"EasingStyle":"Linear","EasingDirection":"In"}}},{"Time":0.13333334028720857,"poses":{"Left Leg":{"Weight":1,"CFrame":[0.031232450157403947,0.17064577341079713,-0.007881224155426026,0.9698330760002136,-0.24337632954120637,-0.013852134346961975,0.2430979609489441,0.9613791108131409,0.1290494203567505,-0.01809047907590866,-0.1285238415002823,0.9915414452552795],"EasingStyle":"Linear","EasingDirection":"In"},"Right Arm":{"Weight":1,"CFrame":[-0.3719422519207001,-0.3040984869003296,0.5890567302703857,0.29885321855545046,-0.4409109950065613,0.8463358283042908,0.7634315490722656,0.6425906419754028,0.06518841534852982,-0.5725897550582886,0.6266376972198486,0.5286456346511841],"EasingStyle":"Linear","EasingDirection":"In"},"Head":{"Weight":1,"CFrame":[8.195638656616211e-8,-2.1979212760925294e-7,0.016661763191223146,0.9808652400970459,0.1731790453195572,0.08895143121480942,-0.19310009479522706,0.9236164689064026,0.33112701773643496,-0.024812772870063783,-0.34196749329566958,0.9393841624259949],"EasingStyle":"Linear","EasingDirection":"In"},"Right Leg":{"Weight":1,"CFrame":[0.5279179215431213,0.7655201554298401,0.015079498291015625,0.9223223924636841,-0.30688244104385378,-0.23482896387577058,0.3181501626968384,0.9479796290397644,0.010725999251008034,0.21932153403759004,-0.0846037045121193,0.9719775915145874],"EasingStyle":"Linear","EasingDirection":"In"},"Torso":{"Weight":1,"CFrame":[-0.47253134846687319,-0.5189111232757568,-0.5131223201751709,0.9882691502571106,0.05488618463277817,-0.14251872897148133,-0.09585769474506378,0.9494019150733948,-0.2990776002407074,0.11889231204986572,0.30923065543174746,0.9435258507728577],"EasingStyle":"Linear","EasingDirection":"In"},"HumanoidRootPart":{"Weight":1,"CFrame":[0,0,0,1,0,0,0,1,0,0,0,1],"EasingStyle":"Linear","EasingDirection":"In"},"Left Arm":{"Weight":1,"CFrame":[-1.018720269203186,0.07840180397033692,0.3433290719985962,-0.8293768167495728,0.47251489758491518,0.29810017347335818,0.2999741733074188,-0.0735103115439415,0.9511108994483948,0.47132760286331179,0.8782516121864319,-0.08077465742826462],"EasingStyle":"Linear","EasingDirection":"In"}}},{"Time":0.1666666716337204,"poses":{"Left Leg":{"Weight":1,"CFrame":[0.03984924405813217,0.19664323329925538,-0.009927868843078614,0.9649006128311157,-0.2625895142555237,-0.0036870120093226434,0.259628027677536,0.9517190456390381,0.16378076374530793,-0.039498139172792438,-0.15898941457271577,0.9864899516105652],"EasingStyle":"Linear","EasingDirection":"In"},"Right Arm":{"Weight":1,"CFrame":[-0.372094988822937,-0.3130887746810913,0.5851596593856812,0.29191291332244875,-0.44874563813209536,0.8446385860443115,0.7752043008804321,0.6282666325569153,0.06587390601634979,-0.5602188110351563,0.6355379819869995,0.5312686562538147],"EasingStyle":"Linear","EasingDirection":"In"},"Head":{"Weight":1,"CFrame":[1.2665987014770509e-7,5.587935447692871e-8,0.016661882400512697,0.9853582382202148,0.15145863592624665,0.07829183340072632,-0.1686645746231079,0.9330662488937378,0.3177100419998169,-0.024931546300649644,-0.3262632191181183,0.9449501633644104],"EasingStyle":"Linear","EasingDirection":"In"},"Right Leg":{"Weight":1,"CFrame":[0.5975162982940674,0.8580380082130432,0.03936898708343506,0.9415091276168823,-0.24696306884288789,-0.22928117215633393,0.2501068413257599,0.9680905938148499,-0.015721699222922326,0.22584769129753114,-0.042542725801467898,0.9732333421707153],"EasingStyle":"Linear","EasingDirection":"In"},"Torso":{"Weight":1,"CFrame":[-0.5311152935028076,-0.5622208118438721,-0.5935397148132324,0.9880337715148926,0.051504381000995639,-0.14538443088531495,-0.09486749768257141,0.9461435079574585,-0.30953624844551089,0.1216120570898056,0.31962451338768008,0.9397077560424805],"EasingStyle":"Linear","EasingDirection":"In"},"HumanoidRootPart":{"Weight":1,"CFrame":[0,0,0,1,0,0,0,1,0,0,0,1],"EasingStyle":"Linear","EasingDirection":"In"},"Left Arm":{"Weight":1,"CFrame":[-0.8516438007354736,0.1740422248840332,0.6296838521957398,-0.8286229372024536,0.43872708082199099,0.347710520029068,0.23162955045700074,-0.29676175117492678,0.9264342784881592,0.5096389651298523,0.8482045531272888,0.1442813128232956],"EasingStyle":"Linear","EasingDirection":"In"}}},{"Time":0.20000000298023225,"poses":{"Left Leg":{"Weight":1,"CFrame":[0.04613359272480011,0.21551620960235597,-0.01134800910949707,0.9585074186325073,-0.2850528359413147,0.002938524354249239,0.27920469641685488,0.9408233165740967,0.19208428263664246,-0.057518839836120608,-0.18329370021820069,0.9813740253448486],"EasingStyle":"Linear","EasingDirection":"In"},"Right Arm":{"Weight":1,"CFrame":[-0.3720987141132355,-0.320756196975708,0.5806756019592285,0.28973451256752016,-0.4523296654224396,0.8434761166572571,0.7821424007415772,0.6198322772979736,0.0637301504611969,-0.5516406297683716,0.6412533521652222,0.5333729386329651],"EasingStyle":"Linear","EasingDirection":"In"},"Head":{"Weight":1,"CFrame":[6.705522537231445e-8,1.0058283805847168e-7,0.016662240028381349,0.9889963269233704,0.12892761826515199,0.07255363464355469,-0.14498569071292878,0.9422066807746887,0.3020361065864563,-0.029419735074043275,-0.30923184752464297,0.9505316019058228],"EasingStyle":"Linear","EasingDirection":"In"},"Right Leg":{"Weight":1,"CFrame":[0.6042139530181885,0.9287161827087402,0.05909609794616699,0.949609637260437,-0.21812458336353303,-0.22508488595485688,0.2147597372531891,0.9758622646331787,-0.039636529982089999,0.22829760611057282,-0.010699979029595852,0.9735326170921326],"EasingStyle":"Linear","EasingDirection":"In"},"Torso":{"Weight":1,"CFrame":[-0.5811877250671387,-0.5951284170150757,-0.6746678352355957,0.9874466061592102,0.04640597850084305,-0.15098264813423158,-0.09251752495765686,0.9446631073951721,-0.3147255480289459,0.12802258133888246,0.32474321126937868,0.9370977282524109],"EasingStyle":"Linear","EasingDirection":"In"},"HumanoidRootPart":{"Weight":1,"CFrame":[0,0,0,1,0,0,0,1,0,0,0,1],"EasingStyle":"Linear","EasingDirection":"In"},"Left Arm":{"Weight":1,"CFrame":[-0.7622161507606506,0.21023374795913697,0.7464970350265503,-0.8180403113365173,0.4094223082065582,0.40395963191986086,0.15791019797325135,-0.5154792070388794,0.8422266840934753,0.5530592203140259,0.7527646422386169,0.3570306897163391],"EasingStyle":"Linear","EasingDirection":"In"}}},{"Time":0.23333333432674409,"poses":{"Left Leg":{"Weight":1,"CFrame":[0.04728533327579498,0.222855806350708,-0.010228514671325684,0.9556801319122315,-0.29440581798553469,0.0009291431633755565,0.2880856990814209,0.9358057379722595,0.20316074788570405,-0.060681261122226718,-0.19388897716999055,0.9791449308395386],"EasingStyle":"Linear","EasingDirection":"In"},"Right Arm":{"Weight":1,"CFrame":[-0.3720123767852783,-0.32729148864746096,0.575785756111145,0.2901090979576111,-0.4533293843269348,0.842810332775116,0.7854839563369751,0.6158791780471802,0.06089150905609131,-0.5466731786727905,0.6443488597869873,0.5347551703453064],"EasingStyle":"Linear","EasingDirection":"In"},"Head":{"Weight":1,"CFrame":[9.685754776000977e-8,1.601874828338623e-7,0.01666247844696045,0.991141140460968,0.10888771712779999,0.07604353874921799,-0.12633022665977479,0.9496291279792786,0.28678426146507265,-0.040985845029354098,-0.2938503324985504,0.9549723267555237],"EasingStyle":"Linear","EasingDirection":"In"},"Right Leg":{"Weight":1,"CFrame":[0.5695472359657288,0.9530866146087647,0.06823575496673584,0.9495328664779663,-0.2168196141719818,-0.2266639918088913,0.21021334826946259,0.9762076139450073,-0.05319066345691681,0.2328038215637207,0.0028584233950823547,0.97251957654953],"EasingStyle":"Linear","EasingDirection":"In"},"Torso":{"Weight":1,"CFrame":[-0.6261077523231506,-0.6178689002990723,-0.7127704620361328,0.986097514629364,0.03693488985300064,-0.16201096773147584,-0.08731492608785629,0.9447060823440552,-0.3160799443721771,0.14137835800647736,0.3258316218852997,0.9347972869873047],"EasingStyle":"Linear","EasingDirection":"In"},"HumanoidRootPart":{"Weight":1,"CFrame":[0,0,0,1,0,0,0,1,0,0,0,1],"EasingStyle":"Linear","EasingDirection":"In"},"Left Arm":{"Weight":1,"CFrame":[-0.7726190686225891,0.205416738986969,0.6812667846679688,-0.7710315585136414,0.4147282540798187,0.4832296669483185,0.10520853847265244,-0.6654526591300964,0.7389885783195496,0.628045916557312,0.6206233501434326,0.4694519340991974],"EasingStyle":"Linear","EasingDirection":"In"}}},{"Time":0.2666666805744171,"poses":{"Left Leg":{"Weight":1,"CFrame":[0.037812672555446628,0.20808082818984986,-0.003474712371826172,0.9631946086883545,-0.26803433895111086,-0.0203425083309412,0.2674073576927185,0.9477306008338928,0.174069344997406,-0.027377363294363023,-0.17310237884521485,0.9845232963562012],"EasingStyle":"Linear","EasingDirection":"In"},"Right Arm":{"Weight":1,"CFrame":[-0.37189123034477236,-0.33289191126823428,0.5706682205200195,0.2907485067844391,-0.4533175826072693,0.8425962328910828,0.7863563299179077,0.6149033904075623,0.05947639048099518,-0.5450770854949951,0.6452882885932922,0.5352514386177063],"EasingStyle":"Linear","EasingDirection":"In"},"Head":{"Weight":1,"CFrame":[1.043081283569336e-7,-9.313225746154785e-9,0.01666259765625,0.9911916851997376,0.09506720304489136,0.09220259636640549,-0.11645016819238663,0.9572188854217529,0.2648986577987671,-0.06307489424943924,-0.2733023464679718,0.9598580002784729],"EasingStyle":"Linear","EasingDirection":"In"},"Right Leg":{"Weight":1,"CFrame":[0.5975145101547241,0.8553416132926941,0.06232929229736328,0.9494118690490723,-0.19905054569244386,-0.2428911030292511,0.1967458724975586,0.979866087436676,-0.03396574780344963,0.24476170539855958,-0.015540377236902714,0.9694587588310242],"EasingStyle":"Linear","EasingDirection":"In"},"Torso":{"Weight":1,"CFrame":[-0.6684266924858093,-0.6229187250137329,-0.5992329120635986,0.9833834767341614,0.02214312180876732,-0.18018507957458497,-0.07736442983150482,0.9490113258361816,-0.305601567029953,0.16423068940639497,0.31446340680122378,0.9349551200866699],"EasingStyle":"Linear","EasingDirection":"In"},"HumanoidRootPart":{"Weight":1,"CFrame":[0,0,0,1,0,0,0,1,0,0,0,1],"EasingStyle":"Linear","EasingDirection":"In"},"Left Arm":{"Weight":1,"CFrame":[-0.7915065288543701,0.1994537115097046,0.5643569231033325,-0.6959360837936401,0.42829981446266177,0.5763958692550659,0.054098572582006457,-0.7691128253936768,0.6368193626403809,0.7160630822181702,0.47436776757240298,0.5120828747749329],"EasingStyle":"Linear","EasingDirection":"In"}}},{"Time":0.30000001192092898,"poses":{"Left Leg":{"Weight":1,"CFrame":[0.001505563734099269,0.17323797941207887,0.00919795036315918,0.9662879109382629,-0.25153648853302,-0.05492861941456795,0.25656601786613467,0.9585516452789307,0.12390539795160294,0.02148514986038208,-0.13382108509540559,0.9907726049423218],"EasingStyle":"Linear","EasingDirection":"In"},"Right Arm":{"Weight":1,"CFrame":[-0.37179046869277956,-0.3376678228378296,0.5654031038284302,0.28936153650283816,-0.45385342836380007,0.8427852392196655,0.7832472324371338,0.6183973550796509,0.06409718096256256,-0.5502669215202332,0.6415619254112244,0.5344199538230896],"EasingStyle":"Linear","EasingDirection":"In"},"Head":{"Weight":1,"CFrame":[-1.4901161193847657e-8,-9.173527359962464e-8,0.016662001609802247,0.9887704253196716,0.08963283151388169,0.11957862973213196,-0.11546821892261505,0.9661831259727478,0.2305586338043213,-0.09486918896436691,-0.24177710711956025,0.965683102607727],"EasingStyle":"Linear","EasingDirection":"In"},"Right Leg":{"Weight":1,"CFrame":[0.5973997712135315,0.6843782663345337,0.044092655181884769,0.9439057111740112,-0.19147101044654847,-0.269037127494812,0.2006426900625229,0.979641318321228,0.006745947990566492,0.2622683048248291,-0.06034790724515915,0.9631061553955078],"EasingStyle":"Linear","EasingDirection":"In"},"Torso":{"Weight":1,"CFrame":[-0.7078279256820679,-0.6041126251220703,-0.41367363929748537,0.9790170192718506,0.004255241248756647,-0.20373409986495973,-0.06180006265640259,0.9588965773582459,-0.27694419026374819,0.19418147206306458,0.2837238609790802,0.9390390515327454],"EasingStyle":"Linear","EasingDirection":"In"},"HumanoidRootPart":{"Weight":1,"CFrame":[0,0,0,1,0,0,0,1,0,0,0,1],"EasingStyle":"Linear","EasingDirection":"In"},"Left Arm":{"Weight":1,"CFrame":[-0.8022254705429077,0.18905174732208253,0.4990520477294922,-0.6299761533737183,0.4232705533504486,0.6511311531066895,-0.016621576622128488,-0.8455795049667358,0.5335911512374878,0.7764365673065186,0.3253268301486969,0.5397301912307739],"EasingStyle":"Linear","EasingDirection":"In"}}},{"Time":0.3333333432674408,"poses":{"Left Leg":{"Weight":1,"CFrame":[-0.05240938067436218,0.14038419723510743,0.025777339935302736,0.9704819321632385,-0.23168295621871949,-0.06699256598949433,0.23790088295936585,0.9652457237243652,0.10818465799093247,0.03959972783923149,-0.12092888355255127,0.9918709993362427],"EasingStyle":"Linear","EasingDirection":"In"},"Right Arm":{"Weight":1,"CFrame":[-0.37171629071235659,-0.34170782566070559,0.5600967407226563,0.2861006557941437,-0.45502400398254397,0.8432673811912537,0.7745919227600098,0.6278784871101379,0.0760001540184021,-0.5640513300895691,0.6314443349838257,0.5320942401885986],"EasingStyle":"Linear","EasingDirection":"In"},"Head":{"Weight":1,"CFrame":[5.960464477539063e-8,-1.2293457984924317e-7,0.016662001609802247,0.9839411377906799,0.09352847933769226,0.15202738344669343,-0.1211794912815094,0.9753855466842651,0.18422460556030274,-0.1310550421476364,-0.19968882203102113,0.9710556864738464],"EasingStyle":"Linear","EasingDirection":"In"},"Right Leg":{"Weight":1,"CFrame":[0.6459318995475769,0.6610515713691711,-0.010759532451629639,0.9600493311882019,-0.06113620102405548,-0.27307093143463137,0.09348113089799881,0.9898498058319092,0.10704480856657028,0.2637549638748169,-0.12829537689685822,0.9560196995735169],"EasingStyle":"Linear","EasingDirection":"In"},"Torso":{"Weight":1,"CFrame":[-0.7433016300201416,-0.5599833726882935,-0.2971639633178711,0.9730705618858337,-0.014610331505537033,-0.2300439029932022,-0.04072412848472595,0.9713942408561707,-0.23395466804504395,0.2268814742565155,0.2370227426290512,0.9446401596069336],"EasingStyle":"Linear","EasingDirection":"In"},"HumanoidRootPart":{"Weight":1,"CFrame":[0,0,0,1,0,0,0,1,0,0,0,1],"EasingStyle":"Linear","EasingDirection":"In"},"Left Arm":{"Weight":1,"CFrame":[-0.7198032736778259,0.14290988445281983,0.49488139152526858,-0.5966966152191162,0.39227908849716189,0.7000501155853272,-0.10837876796722412,-0.9037746787071228,0.41405990719795229,0.7951146364212036,0.17119760811328889,0.5817939639091492],"EasingStyle":"Linear","EasingDirection":"In"}}},{"Time":0.36666667461395266,"poses":{"Left Leg":{"Weight":1,"CFrame":[-0.1025034710764885,0.11770385503768921,0.04455852508544922,0.9854376912117004,-0.16447995603084565,-0.043115679174661639,0.16882075369358064,0.9766870141029358,0.13259689509868623,0.020300934091210367,-0.13794492185115815,0.9902318716049194],"EasingStyle":"Linear","EasingDirection":"In"},"Right Arm":{"Weight":1,"CFrame":[-0.3716500401496887,-0.34518277645111086,0.5549606084823608,0.2823117673397064,-0.4561742842197418,0.84392249584198,0.7613227367401123,0.6417800784111023,0.09222795814275742,-0.5836847424507141,0.616460382938385,0.5284779071807861],"EasingStyle":"Linear","EasingDirection":"In"},"Head":{"Weight":1,"CFrame":[7.916241884231568e-8,2.2351741790771486e-8,0.016662240028381349,0.9773905277252197,0.10616940259933472,0.18285487592220307,-0.13039028644561768,0.9834291338920593,0.12595881521701814,-0.16645190119743348,-0.14695340394973756,0.9750377535820007],"EasingStyle":"Linear","EasingDirection":"In"},"Right Leg":{"Weight":1,"CFrame":[0.8188102841377258,0.5973832607269287,-0.08774423599243164,0.9472357034683228,0.2206646203994751,-0.23249025642871858,-0.15866266191005708,0.9530037641525269,0.2580893039703369,0.2785152792930603,-0.20758388936519624,0.9377304315567017],"EasingStyle":"Linear","EasingDirection":"In"},"Torso":{"Weight":1,"CFrame":[-0.7737050652503967,-0.4919622242450714,-0.2252197265625,0.9660360217094421,-0.03262745589017868,-0.256339430809021,-0.014676237478852272,0.9834680557250977,-0.18048658967018128,0.25799044966697695,0.17811866104602815,0.9495866298675537],"EasingStyle":"Linear","EasingDirection":"In"},"HumanoidRootPart":{"Weight":1,"CFrame":[0,0,0,1,0,0,0,1,0,0,0,1],"EasingStyle":"Linear","EasingDirection":"In"},"Left Arm":{"Weight":1,"CFrame":[-0.522076427936554,0.05192333459854126,0.4933774471282959,-0.582061231136322,0.346966952085495,0.7354037761688232,-0.20122358202934266,-0.9377262592315674,0.2831582725048065,0.7878538966178894,0.016834979876875879,0.6156320571899414],"EasingStyle":"Linear","EasingDirection":"In"}}},{"Time":0.4000000059604645,"poses":{"Left Leg":{"Weight":1,"CFrame":[-0.14162637293338777,0.09647774696350098,0.06366384029388428,0.9972337484359741,-0.07426959276199341,0.002990284003317356,0.07275724411010742,0.9835777282714844,0.16517047584056855,-0.015208356082439423,-0.1644960194826126,0.9862605333328247],"EasingStyle":"Linear","EasingDirection":"In"},"Right Arm":{"Weight":1,"CFrame":[-0.37157154083251955,-0.3482588529586792,0.5502051115036011,0.27932244539260867,-0.45660364627838137,0.8446846008300781,0.744468092918396,0.6585654616355896,0.1098124161362648,-0.6064208745956421,0.5981677174568176,0.5238790512084961],"EasingStyle":"Linear","EasingDirection":"In"},"Head":{"Weight":1,"CFrame":[1.0896474123001099e-7,1.862645149230957e-8,0.0166623592376709,0.969987690448761,0.12545235455036164,0.20829208195209504,-0.1407182365655899,0.9882233738899231,0.06010812148451805,-0.19829842448234559,-0.08761466294527054,0.9762179255485535],"EasingStyle":"Linear","EasingDirection":"In"},"Right Leg":{"Weight":1,"CFrame":[0.8872562050819397,0.3272419571876526,-0.09141051769256592,0.8815586566925049,0.4399062991142273,-0.17128007113933564,-0.3600704073905945,0.8612216114997864,0.3586735725402832,0.30529290437698367,-0.2545188367366791,0.9176145792007446],"EasingStyle":"Linear","EasingDirection":"In"},"Torso":{"Weight":1,"CFrame":[-0.7977369427680969,-0.40665876865386965,-0.18795561790466309,0.9588738679885864,-0.04853196069598198,-0.2796526551246643,0.01511041447520256,0.9926044344902039,-0.12044962495565415,0.2834301292896271,0.11127032339572907,0.9525157809257507],"EasingStyle":"Linear","EasingDirection":"In"},"HumanoidRootPart":{"Weight":1,"CFrame":[0,0,0,1,0,0,0,1,0,0,0,1],"EasingStyle":"Linear","EasingDirection":"In"},"Left Arm":{"Weight":1,"CFrame":[-0.28628259897232058,-0.05392879247665405,0.49564409255981448,-0.5754123330116272,0.29982173442840578,0.7609254121780396,-0.279399037361145,-0.9464702010154724,0.16164912283420564,0.7686591148376465,-0.1195870190858841,0.6283804774284363],"EasingStyle":"Linear","EasingDirection":"In"}}},{"Time":0.4333333373069763,"poses":{"Left Leg":{"Weight":1,"CFrame":[-0.15713496506214143,0.07493627071380615,0.08039939403533936,0.9976581335067749,-0.0002833976468537003,0.06839729845523834,-0.012547699734568596,0.9822620749473572,0.18709321320056916,-0.06723710149526596,-0.18751317262649537,0.979958176612854],"EasingStyle":"Linear","EasingDirection":"In"},"Right Arm":{"Weight":1,"CFrame":[-0.37145915627479555,-0.3510993719100952,0.5460456609725952,0.2784249484539032,-0.45553135871887209,0.8455594182014465,0.725304901599884,0.6768349409103394,0.1258062720298767,-0.629612922668457,0.5782608389854431,0.518846869468689],"EasingStyle":"Linear","EasingDirection":"In"},"Head":{"Weight":1,"CFrame":[2.775341272354126e-7,-2.2351741790771486e-8,0.01666259765625,0.9629417657852173,0.14857949316501618,0.22509413957595826,-0.150520458817482,0.9885693788528442,-0.008612635545432568,-0.2238009124994278,-0.02558773383498192,0.9742989540100098],"EasingStyle":"Linear","EasingDirection":"In"},"Right Leg":{"Weight":1,"CFrame":[0.8289297223091126,0.1669120192527771,-0.07518017292022705,0.8413193225860596,0.5216224789619446,-0.1417454481124878,-0.4341145157814026,0.8082741498947144,0.397790789604187,0.3220658302307129,-0.2731352746486664,0.9064605832099915],"EasingStyle":"Linear","EasingDirection":"In"},"Torso":{"Weight":1,"CFrame":[-0.8139815330505371,-0.31063222885131838,-0.1745748519897461,0.952915608882904,-0.061778225004673007,-0.29687628149986269,0.046678438782691959,0.9972426891326904,-0.05769160017371178,0.2996217906475067,0.04111750051379204,0.9531716704368591],"EasingStyle":"Linear","EasingDirection":"In"},"HumanoidRootPart":{"Weight":1,"CFrame":[0,0,0,1,0,0,0,1,0,0,0,1],"EasingStyle":"Linear","EasingDirection":"In"},"Left Arm":{"Weight":1,"CFrame":[-0.08976957201957703,-0.14505425095558167,0.5027397871017456,-0.5629698038101196,0.26070812344551089,0.7842807173728943,-0.3329601585865021,-0.9400726556777954,0.07349181175231934,0.7564406991004944,-0.2197606861591339,0.6160379648208618],"EasingStyle":"Linear","EasingDirection":"In"}}},{"Time":0.46666666865348818,"poses":{"Left Leg":{"Weight":1,"CFrame":[-0.1318405121564865,0.06182968616485596,0.08930373191833496,0.9871968030929565,0.014556482434272766,0.15884186327457429,-0.04669567197561264,0.9785732626914978,0.2005339115858078,-0.15251940488815309,-0.20538371801376344,0.9667240977287293],"EasingStyle":"Linear","EasingDirection":"In"},"Right Arm":{"Weight":1,"CFrame":[-0.3712880313396454,-0.3538619875907898,0.5427008867263794,0.2808660864830017,-0.45208993554115298,0.8465985059738159,0.7053961157798767,0.6953845024108887,0.13731950521469117,-0.6507923603057861,0.5586188435554504,0.5142123103141785],"EasingStyle":"Linear","EasingDirection":"In"},"Head":{"Weight":1,"CFrame":[2.644956111907959e-7,0,0.016662001609802247,0.9576696157455444,0.17223882675170899,0.23065738379955293,-0.15888357162475587,0.9844124913215637,-0.07541950792074204,-0.24005214869976045,0.03557934612035751,0.9701077938079834],"EasingStyle":"Linear","EasingDirection":"In"},"Right Leg":{"Weight":1,"CFrame":[0.8191198706626892,0.13472002744674684,-0.06150698661804199,0.8128412961959839,0.5643045902252197,-0.1443932205438614,-0.46911272406578066,0.7811459302902222,0.412000447511673,0.34528598189353945,-0.2671543061733246,0.8996701240539551],"EasingStyle":"Linear","EasingDirection":"In"},"Torso":{"Weight":1,"CFrame":[-0.8209525942802429,-0.2102348357439041,-0.17337393760681153,0.9496442079544067,-0.07254106551408768,-0.3048175275325775,0.07750242948532105,0.9969833493232727,0.004191020969301462,0.3035939633846283,-0.027604075148701669,0.9524015784263611],"EasingStyle":"Linear","EasingDirection":"In"},"HumanoidRootPart":{"Weight":1,"CFrame":[0,0,0,1,0,0,0,1,0,0,0,1],"EasingStyle":"Linear","EasingDirection":"In"},"Left Arm":{"Weight":1,"CFrame":[0.037342432886362079,-0.20194515585899354,0.5146195888519287,-0.5295605659484863,0.22995880246162415,0.8165075778961182,-0.3662896454334259,-0.9301806688308716,0.024409914389252664,0.7651127576828003,-0.28615179657936098,0.576818585395813],"EasingStyle":"Linear","EasingDirection":"In"}}},{"Time":0.5,"poses":{"Left Leg":{"Weight":1,"CFrame":[-0.07207311689853668,0.06527823209762573,0.08366584777832031,0.9612833261489868,-0.008857537992298603,0.2754194736480713,-0.05583849921822548,0.9724870920181274,0.2261657565832138,-0.26984524726867678,-0.23278848826885224,0.9343410730361939],"EasingStyle":"Linear","EasingDirection":"In"},"Right Arm":{"Weight":1,"CFrame":[-0.37103113532066347,-0.3566964268684387,0.5403953790664673,0.2878512442111969,-0.44534409046173098,0.8478269577026367,0.6865216493606567,0.71319979429245,0.14154189825057984,-0.6677049398422241,0.5413084626197815,0.5110336542129517],"EasingStyle":"Linear","EasingDirection":"In"},"Head":{"Weight":1,"CFrame":[1.1175870895385743e-8,-2.9802322387695315e-8,0.0166623592376709,0.9561599493026733,0.193268820643425,0.22001205384731294,-0.1661132574081421,0.9766777753829956,-0.1360403448343277,-0.24117322266101838,0.09352943301200867,0.9659647345542908],"EasingStyle":"Linear","EasingDirection":"In"},"Right Leg":{"Weight":1,"CFrame":[0.836460292339325,0.10418319702148438,-0.035041749477386478,0.7762011289596558,0.6132099628448486,-0.14657974243164063,-0.5174102187156677,0.7523874640464783,0.4076761305332184,0.36027583479881289,-0.24059684574604035,0.9012849926948547],"EasingStyle":"Linear","EasingDirection":"In"},"Torso":{"Weight":1,"CFrame":[-0.8083471655845642,-0.11113990843296051,-0.2001056671142578,0.9512105584144592,-0.0821632593870163,-0.2974015176296234,0.10524662584066391,0.9924847483634949,0.06242712214589119,0.29003727436065676,-0.09068185091018677,0.952709436416626],"EasingStyle":"Linear","EasingDirection":"In"},"HumanoidRootPart":{"Weight":1,"CFrame":[0,0,0,1,0,0,0,1,0,0,0,1],"EasingStyle":"Linear","EasingDirection":"In"},"Left Arm":{"Weight":1,"CFrame":[0.12226468324661255,-0.23180228471755982,0.5291244983673096,-0.4718686044216156,0.20413370430469514,0.8577117919921875,-0.3928087651729584,-0.9196161031723023,0.0027640170883387329,0.7893297672271729,-0.3356124460697174,0.5141234993934631],"EasingStyle":"Linear","EasingDirection":"In"}}},{"Time":0.5333333611488342,"poses":{"Left Leg":{"Weight":1,"CFrame":[-0.006556273903697729,0.0770154595375061,0.06455397605895996,0.9185125827789307,-0.02140527032315731,0.3948119878768921,-0.09066490083932877,0.9605252742767334,0.263003945350647,-0.38485655188560488,-0.2773679196834564,0.8803138732910156],"EasingStyle":"Linear","EasingDirection":"In"},"Right Arm":{"Weight":1,"CFrame":[-0.3706597685813904,-0.3597530126571655,0.5393568277359009,0.3005692660808563,-0.4343292713165283,0.8491268754005432,0.6705187559127808,0.7293714880943298,0.13572756946086884,-0.6782792806625366,0.5285598039627075,0.5104524493217468],"EasingStyle":"Linear","EasingDirection":"In"},"Head":{"Weight":1,"CFrame":[3.5390257835388186e-8,1.1175870895385742e-7,0.01666128635406494,0.9575115442276001,0.21119867265224458,0.19638468325138093,-0.1745256632566452,0.9664558172225952,-0.188425213098526,-0.22959226369857789,0.1461450755596161,0.962252140045166],"EasingStyle":"Linear","EasingDirection":"In"},"Right Leg":{"Weight":1,"CFrame":[0.8975796699523926,0.09301304817199707,0.0015348196029663087,0.7229598164558411,0.6741714477539063,-0.1510692685842514,-0.5822187662124634,0.7122207880020142,0.39212602376937868,0.37195491790771487,-0.1955360323190689,0.9074224233627319],"EasingStyle":"Linear","EasingDirection":"In"},"Torso":{"Weight":1,"CFrame":[-0.77295982837677,-0.018188297748565675,-0.2862544059753418,0.9563453793525696,-0.09384158253669739,-0.2767621874809265,0.1299881637096405,0.9847937822341919,0.11525771021842957,0.2617377042770386,-0.1462019830942154,0.954001247882843],"EasingStyle":"Linear","EasingDirection":"In"},"HumanoidRootPart":{"Weight":1,"CFrame":[0,0,0,1,0,0,0,1,0,0,0,1],"EasingStyle":"Linear","EasingDirection":"In"},"Left Arm":{"Weight":1,"CFrame":[0.17359896004199983,-0.24519994854927064,0.5440291166305542,-0.39290764927864077,0.1862303763628006,0.9005230665206909,-0.41799551248550417,-0.9084326028823853,0.00549048138782382,0.8190868496894836,-0.3742573857307434,0.43477365374565127],"EasingStyle":"Linear","EasingDirection":"In"}}},{"Time":0.5666666626930237,"poses":{"Left Leg":{"Weight":1,"CFrame":[0.04669439420104027,0.08933049440383911,0.04305875301361084,0.8758734464645386,-0.018016299232840539,0.4822046160697937,-0.1440121978521347,0.9440015554428101,0.296852707862854,-0.46055006980895998,-0.32944875955581667,0.8242312669754028],"EasingStyle":"Linear","EasingDirection":"In"},"Right Arm":{"Weight":1,"CFrame":[-0.3708235025405884,-0.3631764054298401,0.5403194427490234,0.3239749073982239,-0.4190000593662262,0.8482212424278259,0.6605958938598633,0.7420021891593933,0.11421846598386765,-0.6772395372390747,0.5233274698257446,0.5171798467636108],"EasingStyle":"Linear","EasingDirection":"In"},"Head":{"Weight":1,"CFrame":[7.82310962677002e-8,-7.450580596923828e-9,0.0166623592376709,0.9588552117347717,0.22754044830799104,0.1697704941034317,-0.1856507509946823,0.9549811482429504,-0.23139792680740357,-0.21477998793125153,0.1903589963912964,0.9579316973686218],"EasingStyle":"Linear","EasingDirection":"In"},"Right Leg":{"Weight":1,"CFrame":[0.9791440963745117,0.10773837566375733,0.03849649429321289,0.6605159640312195,0.7338972091674805,-0.15847240388393403,-0.645591139793396,0.6629118919372559,0.37915706634521487,0.3833155930042267,-0.14813092350959779,0.9116614460945129],"EasingStyle":"Linear","EasingDirection":"In"},"Torso":{"Weight":1,"CFrame":[-0.7240594625473023,0.06340095400810242,-0.41963720321655276,0.9614273309707642,-0.10989601910114289,-0.25215139985084536,0.15353511273860932,0.975027322769165,0.1604640781879425,0.2282201498746872,-0.19298863410949708,0.9542908072471619],"EasingStyle":"Linear","EasingDirection":"In"},"HumanoidRootPart":{"Weight":1,"CFrame":[0,0,0,1,0,0,0,1,0,0,0,1],"EasingStyle":"Linear","EasingDirection":"In"},"Left Arm":{"Weight":1,"CFrame":[0.19995799660682679,-0.2526455521583557,0.5570862293243408,-0.2969660460948944,0.17963813245296479,0.937838613986969,-0.44553112983703616,-0.8947533369064331,0.030308224260807039,0.844578742980957,-0.4088357388973236,0.3457457721233368],"EasingStyle":"Linear","EasingDirection":"In"}}},{"Time":0.6000000238418579,"poses":{"Left Leg":{"Weight":1,"CFrame":[0.07195285707712174,0.09327280521392822,0.03935801982879639,0.86207115650177,-0.003037071321159601,0.5067782998085022,-0.1785348802804947,0.9340551495552063,0.30929991602897646,-0.4742981195449829,-0.3571159839630127,0.8046796321868897],"EasingStyle":"Linear","EasingDirection":"In"},"Right Arm":{"Weight":1,"CFrame":[-0.37205827236175539,-0.36705097556114199,0.5435018539428711,0.35739487409591677,-0.401101678609848,0.8434374332427979,0.655657947063446,0.7508863210678101,0.07926243543624878,-0.6651177406311035,0.5246782898902893,0.5313482880592346],"EasingStyle":"Linear","EasingDirection":"In"},"Head":{"Weight":1,"CFrame":[1.1920928955078126e-7,-7.450580596923828e-9,0.016661882400512697,0.9564332365989685,0.24523217976093293,0.15841956436634065,-0.1979244202375412,0.9435349702835083,-0.26564615964889529,-0.21461939811706544,0.2227177917957306,0.9509654641151428],"EasingStyle":"Linear","EasingDirection":"In"},"Right Leg":{"Weight":1,"CFrame":[1.0087758302688599,0.10823512077331543,0.07763731479644776,0.6185595393180847,0.7671431303024292,-0.1699276715517044,-0.6790193915367127,0.6307176351547241,0.37567010521888735,0.39536911249160769,-0.11699017882347107,0.9110415577888489],"EasingStyle":"Linear","EasingDirection":"In"},"Torso":{"Weight":1,"CFrame":[-0.6711761951446533,0.12808871269226075,-0.49441981315612795,0.9635178446769714,-0.13145223259925843,-0.23313896358013154,0.17884448170661927,0.9642710089683533,0.19543816149234773,0.19911836087703706,-0.23000375926494599,0.9526017904281616],"EasingStyle":"Linear","EasingDirection":"In"},"HumanoidRootPart":{"Weight":1,"CFrame":[0,0,0,1,0,0,0,1,0,0,0,1],"EasingStyle":"Linear","EasingDirection":"In"},"Left Arm":{"Weight":1,"CFrame":[0.20992913842201234,-0.2645997405052185,0.5660189390182495,-0.18994247913360597,0.18717384338378907,0.9637882709503174,-0.47837239503860476,-0.8748940825462341,0.07563318312168122,0.8573691248893738,-0.4466836452484131,0.2557184398174286],"EasingStyle":"Linear","EasingDirection":"In"}}},{"Time":0.6333333253860474,"poses":{"Left Leg":{"Weight":1,"CFrame":[0.08259265124797821,0.07784068584442139,0.0522770881652832,0.8668650984764099,0.003115979954600334,0.4985332190990448,-0.16335611045360566,0.946550190448761,0.2781323492527008,-0.4710198938846588,-0.32254162430763247,0.8210402727127075],"EasingStyle":"Linear","EasingDirection":"In"},"Right Arm":{"Weight":1,"CFrame":[-0.3741702437400818,-0.37141668796539309,0.548357367515564,0.39352375268936159,-0.3824797570705414,0.8359715938568115,0.6514067053794861,0.7576729655265808,0.0400141179561615,-0.648697555065155,0.528810977935791,0.5473120808601379],"EasingStyle":"Linear","EasingDirection":"In"},"Head":{"Weight":1,"CFrame":[1.043081283569336e-7,-1.4901161193847657e-8,0.016662001609802247,0.9481093287467957,0.267115980386734,0.17244642972946168,-0.20964612066745759,0.9329875707626343,-0.2925