{"Sequence":[{"Time":0,"poses":{"Left Leg":{"Weight":1,"CFrame":[0.04588288068771362,-0.18846523761749268,0.028383374214172365,0.3589109182357788,-0.8584047555923462,0.3665030002593994,0.9152645468711853,0.40064990520477297,0.042077142745256427,-0.18295864760875703,0.3203452229499817,0.9294649362564087],"EasingStyle":"Linear","EasingDirection":"In"},"Right Leg":{"Weight":1,"CFrame":[0.5131686925888062,0.40643352270126345,-0.07872587442398071,0.9814847111701965,-0.1632593721151352,0.10017145425081253,0.15612439811229707,0.9848552346229553,0.07540141046047211,-0.11096428334712982,-0.05836615711450577,0.9921090602874756],"EasingStyle":"Linear","EasingDirection":"In"},"Left Arm":{"Weight":1,"CFrame":[-0.09370294213294983,-0.4708692133426666,0.14912056922912599,0.6585694551467896,0.5695854425430298,-0.49179142713546755,-0.5972194671630859,0.7932109236717224,0.11893419921398163,0.4578375220298767,0.21538099646568299,0.8625519275665283],"EasingStyle":"Linear","EasingDirection":"In"},"Head":{"Weight":1,"CFrame":[7.89295881986618e-8,2.0605511963367463e-8,-2.384185791015625e-7,0.955947756767273,-0.29215624928474429,0.028437919914722444,0.2914007604122162,0.9561934471130371,0.027922574430704118,-0.03534991666674614,-0.018405646085739137,0.9992055296897888],"EasingStyle":"Linear","EasingDirection":"In"},"Torso":{"Weight":1,"CFrame":[0.04443851113319397,0.1985616683959961,-0.5766079425811768,0.9560684561729431,0.29028603434562685,-0.04083056375384331,-0.27171650528907778,0.9298204183578491,0.2482021600008011,0.11001469939947128,-0.22620393335819245,0.9678474068641663],"EasingStyle":"Linear","EasingDirection":"In"},"HumanoidRootPart":{"Weight":1,"CFrame":[0,0,0,1,0,0,0,1,0,0,0,1],"EasingStyle":"Linear","EasingDirection":"In"},"Right Arm":{"Weight":1,"CFrame":[-0.21002262830734254,-0.08254826068878174,0.0464024543762207,0.9278329014778137,0.3722655773162842,0.023336827754974366,-0.36991772055625918,0.9103506803512573,0.1855330765247345,0.04782287776470184,-0.18077661097049714,0.98236083984375],"EasingStyle":"Linear","EasingDirection":"In"}}},{"Time":0.019999999552965165,"poses":{"Left Leg":{"Weight":1,"CFrame":[0.03494355082511902,-0.19393956661224366,0.03244435787200928,0.3596758544445038,-0.8608154058456421,0.36004185676574709,0.9149143695831299,0.4011252820491791,0.04505652189254761,-0.18320727348327638,0.31320175528526308,0.9318475723266602],"EasingStyle":"Linear","EasingDirection":"In"},"Right Leg":{"Weight":1,"CFrame":[0.5200878977775574,0.4036574959754944,-0.07591855525970459,0.9848103523254395,-0.1454528272151947,0.09482693672180176,0.138787642121315,0.9875918626785278,0.07348597794771195,-0.10433901101350784,-0.05920899659395218,0.9927777647972107],"EasingStyle":"Linear","EasingDirection":"In"},"Left Arm":{"Weight":1,"CFrame":[-0.0928821712732315,-0.4623381197452545,0.1406499147415161,0.6843665838241577,0.5555172562599182,-0.47227442264556887,-0.5817975401878357,0.8064584136009216,0.10552918165922165,0.4394930601119995,0.2025473713874817,0.8751116991043091],"EasingStyle":"Linear","EasingDirection":"In"},"Head":{"Weight":1,"CFrame":[1.0360963642597199e-7,1.594889909029007e-8,-1.1920928955078126e-7,0.9578328728675842,-0.2860216200351715,0.02734697423875332,0.2853107452392578,0.958050012588501,0.02716774120926857,-0.03397032245993614,-0.018219754099845887,0.9992567896842957],"EasingStyle":"Linear","EasingDirection":"In"},"Torso":{"Weight":1,"CFrame":[0.04257898032665253,0.1954990029335022,-0.5633697509765625,0.9580506682395935,0.283931165933609,-0.03901372104883194,-0.2663711905479431,0.9323775172233582,0.24437378346920014,0.1057608500123024,-0.22373032569885255,0.9688959717750549],"EasingStyle":"Linear","EasingDirection":"In"},"HumanoidRootPart":{"Weight":1,"CFrame":[0,0,0,1,0,0,0,1,0,0,0,1],"EasingStyle":"Linear","EasingDirection":"In"},"Right Arm":{"Weight":1,"CFrame":[-0.21000373363494874,-0.08466982841491699,0.04399454593658447,0.9305718541145325,0.3654472529888153,0.022008927538990976,-0.36314406991004946,0.9137298464775086,0.1822744607925415,0.04650145769119263,-0.17761199176311494,0.9830014109611511],"EasingStyle":"Linear","EasingDirection":"In"}}},{"Time":0.03999999910593033,"poses":{"Left Leg":{"Weight":1,"CFrame":[0.00017958879470825195,-0.2124406099319458,0.0446622371673584,0.3603386878967285,-0.8679335713386536,0.34182941913604739,0.9148333072662354,0.400424987077713,0.05234300345182419,-0.18230730295181275,0.2938556671142578,0.9383031725883484],"EasingStyle":"Linear","EasingDirection":"In"},"Right Leg":{"Weight":1,"CFrame":[0.538221001625061,0.393349826335907,-0.06760185956954956,0.9921969771385193,-0.09585561603307724,0.07973004132509232,0.09044744819402695,0.9935159683227539,0.06888674199581146,-0.08581619709730149,-0.061137884855270389,0.9944333434104919],"EasingStyle":"Linear","EasingDirection":"In"},"Left Arm":{"Weight":1,"CFrame":[-0.08972130715847016,-0.44087740778923037,0.11853694915771485,0.7452921271324158,0.5203601717948914,-0.4168512225151062,-0.5424998998641968,0.8367395401000977,0.07457104325294495,0.3875996172428131,0.1705644428730011,0.9059106707572937],"EasingStyle":"Linear","EasingDirection":"In"},"Head":{"Weight":1,"CFrame":[8.009374141693115e-8,3.766035661101341e-8,2.384185791015625e-7,0.9629421830177307,-0.2685961127281189,0.02446548454463482,0.26799720525741579,0.9630901217460632,0.025198116898536683,-0.030330587178468705,-0.017707688733935357,0.9993830919265747],"EasingStyle":"Linear","EasingDirection":"In"},"Torso":{"Weight":1,"CFrame":[0.03766101598739624,0.18743938207626344,-0.5273463726043701,0.9633680582046509,0.26598766446113589,-0.03424328565597534,-0.25098833441734316,0.9392064213752747,0.23429927229881288,0.09448223561048508,-0.21712177991867066,0.9715612530708313],"EasingStyle":"Linear","EasingDirection":"In"},"HumanoidRootPart":{"Weight":1,"CFrame":[0,0,0,1,0,0,0,1,0,0,0,1],"EasingStyle":"Linear","EasingDirection":"In"},"Right Arm":{"Weight":1,"CFrame":[-0.20987211167812348,-0.09026318788528443,0.03764617443084717,0.9381228685379028,0.3458109498023987,0.018453210592269899,-0.3436342477798462,0.9229685664176941,0.17333391308784486,0.042908988893032077,-0.1689496785402298,0.9846903085708618],"EasingStyle":"Linear","EasingDirection":"In"}}},{"Time":0.05999999865889549,"poses":{"Left Leg":{"Weight":1,"CFrame":[-0.06013530492782593,-0.24178552627563477,0.0633089542388916,0.36089614033699038,-0.8783249855041504,0.3135271668434143,0.9152624011039734,0.39810314774513247,0.06171460449695587,-0.1790216714143753,0.26468712091445925,0.9475716352462769],"EasingStyle":"Linear","EasingDirection":"In"},"Right Leg":{"Weight":1,"CFrame":[0.5612169504165649,0.36956262588500979,-0.0532456636428833,0.9981864094734192,-0.02154639922082424,0.05621178075671196,0.017989302054047586,0.9978492259979248,0.06303440034389496,-0.057449039071798328,-0.06190892308950424,0.996427059173584],"EasingStyle":"Linear","EasingDirection":"In"},"Left Arm":{"Weight":1,"CFrame":[-0.08317332714796066,-0.4126879572868347,0.0877305269241333,0.8152191638946533,0.4753381609916687,-0.3308645486831665,-0.49098578095436098,0.870227038860321,0.04047289863228798,0.3071654438972473,0.12945537269115449,0.9428099989891052],"EasingStyle":"Linear","EasingDirection":"In"},"Head":{"Weight":1,"CFrame":[7.101334631443024e-8,4.3190084397792819e-8,-5.960464477539063e-8,0.9702389240264893,-0.2412918508052826,0.02036392316222191,0.24083654582500459,0.970305323600769,0.022480018436908723,-0.025183463469147683,-0.0169066172093153,0.999539852142334],"EasingStyle":"Linear","EasingDirection":"In"},"Torso":{"Weight":1,"CFrame":[0.03074517846107483,0.17609941959381104,-0.4741048812866211,0.9708545804023743,0.23809196054935456,-0.02745244838297367,-0.22646382451057435,0.9488201141357422,0.22012434899806977,0.07845725119113922,-0.20749175548553468,0.9750855565071106],"EasingStyle":"Linear","EasingDirection":"In"},"HumanoidRootPart":{"Weight":1,"CFrame":[0,0,0,1,0,0,0,1,0,0,0,1],"EasingStyle":"Linear","EasingDirection":"In"},"Right Arm":{"Weight":1,"CFrame":[-0.20951436460018159,-0.09817129373550415,0.028670787811279298,0.9491757154464722,0.3144603371620178,0.013427095487713814,-0.3124792277812958,0.936367928981781,0.159912109375,0.03771328553557396,-0.1559804379940033,0.9870399236679077],"EasingStyle":"Linear","EasingDirection":"In"}}},{"Time":0.07999999821186066,"poses":{"Left Leg":{"Weight":1,"CFrame":[-0.14595377445220948,-0.27448344230651858,0.08425426483154297,0.36396926641464236,-0.889363169670105,0.2766938805580139,0.9152030944824219,0.39666882157325747,0.07111407071352005,-0.17300212383270265,0.227347731590271,0.9583231806755066],"EasingStyle":"Linear","EasingDirection":"In"},"Right Leg":{"Weight":1,"CFrame":[0.5800926685333252,0.32651281356811526,-0.03261321783065796,0.9972951412200928,0.06891210377216339,0.0255638025701046,-0.07028285413980484,0.9958808422088623,0.05728648230433464,-0.02151067554950714,-0.05892825871706009,0.998030424118042],"EasingStyle":"Linear","EasingDirection":"In"},"Left Arm":{"Weight":1,"CFrame":[-0.07219111919403076,-0.38396844267845156,0.05317974090576172,0.8711881041526794,0.4363449811935425,-0.22502100467681886,-0.44466108083724978,0.8955718874931336,0.015087179839611054,0.20810571312904359,0.08691421151161194,0.9742371439933777],"EasingStyle":"Linear","EasingDirection":"In"},"Head":{"Weight":1,"CFrame":[9.592622518539429e-8,-3.364402800798416e-8,1.1920928955078126e-7,0.9785320162773132,-0.20550240576267243,0.015615804120898247,0.2051907479763031,0.9785281419754028,0.01947815902531147,-0.019283317029476167,-0.01585579849779606,0.9996883273124695],"EasingStyle":"Linear","EasingDirection":"In"},"Torso":{"Weight":1,"CFrame":[0.022876553237438203,0.163203626871109,-0.4091615676879883,0.9792191386222839,0.20185640454292298,-0.01959371007978916,-0.19373200833797456,0.95960932970047,0.20400455594062806,0.05998193472623825,-0.19596922397613526,0.978773832321167],"EasingStyle":"Linear","EasingDirection":"In"},"HumanoidRootPart":{"Weight":1,"CFrame":[0,0,0,1,0,0,0,1,0,0,0,1],"EasingStyle":"Linear","EasingDirection":"In"},"Right Arm":{"Weight":1,"CFrame":[-0.20881785452365876,-0.1072365939617157,0.01838207244873047,0.9621419906616211,0.27243879437446597,0.007747559808194637,-0.270706444978714,0.9519520998001099,0.14319650828838349,0.03163696825504303,-0.13987283408641816,0.9896639585494995],"EasingStyle":"Linear","EasingDirection":"In"}}},{"Time":0.10000000149011612,"poses":{"Left Leg":{"Weight":1,"CFrame":[-0.25626957416534426,-0.3014793395996094,0.1017603874206543,0.3730184733867645,-0.8981389403343201,0.23281696438789369,0.9133026599884033,0.3996535837650299,0.07845580577850342,-0.16351042687892915,0.18336687982082368,0.9693507552146912],"EasingStyle":"Linear","EasingDirection":"In"},"Right Leg":{"Weight":1,"CFrame":[0.583762526512146,0.26272445917129519,-0.006892025470733643,0.9861055612564087,0.16576194763183595,-0.010898720473051072,-0.16496481001377107,0.9848625063896179,0.053221818059682849,0.01955595426261425,-0.050684478133916858,0.9985232949256897],"EasingStyle":"Linear","EasingDirection":"In"},"Left Arm":{"Weight":1,"CFrame":[-0.05617469176650047,-0.3596227169036865,0.01963222026824951,0.9024365544319153,0.4150513708591461,-0.11550260335206986,-0.41752931475639346,0.908658504486084,0.002997061237692833,0.106196328997612,0.0455210842192173,0.9933026432991028],"EasingStyle":"Linear","EasingDirection":"In"},"Head":{"Weight":1,"CFrame":[7.520429790019989e-8,6.00120984017849e-8,-4.172325134277344e-7,0.98662269115448,-0.16266153752803803,0.010821747593581677,0.16247114539146424,0.9865732789039612,0.01662009209394455,-0.013379894196987152,-0.01463952474296093,0.999803364276886],"EasingStyle":"Linear","EasingDirection":"In"},"Torso":{"Weight":1,"CFrame":[0.014982275664806366,0.15044692158699037,-0.3379082679748535,0.987223744392395,0.158905029296875,-0.01176703441888094,-0.1538952887058258,0.9700259566307068,0.18805868923664094,0.041297797113657,-0.1838451325893402,0.9820873141288757],"EasingStyle":"Linear","EasingDirection":"In"},"HumanoidRootPart":{"Weight":1,"CFrame":[0,0,0,1,0,0,0,1,0,0,0,1],"EasingStyle":"Linear","EasingDirection":"In"},"Right Arm":{"Weight":1,"CFrame":[-0.20766982436180116,-0.11630222201347351,0.008093118667602539,0.9753063321113586,0.22084568440914155,0.0021890325006097557,-0.21939578652381898,0.9676704406738281,0.12441623210906983,0.025358473882079126,-0.12182433903217316,0.9922277331352234],"EasingStyle":"Linear","EasingDirection":"In"}}},{"Time":0.11999999731779099,"poses":{"Left Leg":{"Weight":1,"CFrame":[-0.38853806257247927,-0.31320226192474368,0.10913562774658203,0.3920045793056488,-0.9015089869499207,0.18334142863750459,0.9078405499458313,0.41132575273513796,0.08146615326404572,-0.1488555520772934,0.13450969755649568,0.9796679019927979],"EasingStyle":"Linear","EasingDirection":"In"},"Right Leg":{"Weight":1,"CFrame":[0.5605841279029846,0.18350839614868165,0.02077317237854004,0.9644825458526611,0.25901877880096438,-0.051795363426208499,-0.2563594877719879,0.96513831615448,0.0527997761964798,0.06366591900587082,-0.037646327167749408,0.9972609281539917],"EasingStyle":"Linear","EasingDirection":"In"},"Left Arm":{"Weight":1,"CFrame":[-0.036315836012363437,-0.33936840295791628,-0.008966326713562012,0.9142691493034363,0.4046623706817627,-0.018982596695423127,-0.4047069847583771,0.9144450426101685,0.0016030198894441128,0.018007202073931695,0.006216753274202347,0.9998185038566589],"EasingStyle":"Linear","EasingDirection":"In"},"Head":{"Weight":1,"CFrame":[8.987262845039368e-8,1.6763806343078614e-8,0,0.9934268593788147,-0.11427696794271469,0.0066225859336555,0.11417395621538162,0.993358314037323,0.01426885649561882,-0.00820920243859291,-0.013418946415185929,0.9998763203620911],"EasingStyle":"Linear","EasingDirection":"In"},"Torso":{"Weight":1,"CFrame":[0.0078090522438287739,0.13944631814956666,-0.26558494567871096,0.9938190579414368,0.11088641732931137,-0.005297922529280186,-0.10827257484197617,0.9787206053733826,0.17430786788463593,0.02451355941593647,-0.17265684902668,0.9846769571304321],"EasingStyle":"Linear","EasingDirection":"In"},"HumanoidRootPart":{"Weight":1,"CFrame":[0,0,0,1,0,0,0,1,0,0,0,1],"EasingStyle":"Linear","EasingDirection":"In"},"Right Arm":{"Weight":1,"CFrame":[-0.20595702528953553,-0.12421026825904846,-0.0008821487426757813,0.9869651198387146,0.1609133630990982,-0.0026019029319286348,-0.15975719690322877,0.9815698266029358,0.10487236827611923,0.01942927949130535,-0.10308974981307984,0.9944822788238525],"EasingStyle":"Linear","EasingDirection":"In"}}},{"Time":0.14000000059604646,"poses":{"Left Leg":{"Weight":1,"CFrame":[-0.5371714234352112,-0.2991354465484619,0.09976387023925781,0.4257816970348358,-0.8954809904098511,0.12970735132694245,0.8959864974021912,0.4372560679912567,0.07755877077579498,-0.12616780400276185,0.08319296687841416,0.9885144233703613],"EasingStyle":"Linear","EasingDirection":"In"},"Right Leg":{"Weight":1,"CFrame":[0.5012598037719727,0.10104584693908692,0.04547429084777832,0.935441792011261,0.34029620885849,-0.09564147144556046,-0.3359990119934082,0.9400488138198853,0.05842160806059837,0.10978834331035614,-0.022514590993523599,0.9936999678611755],"EasingStyle":"Linear","EasingDirection":"In"},"Left Arm":{"Weight":1,"CFrame":[-0.01425369456410408,-0.3216257691383362,-0.028871536254882814,0.9160524010658264,0.39793649315834048,0.049944918602705,-0.3988334834575653,0.9169784784317017,0.009074095636606217,-0.04218752682209015,-0.028232155367732049,0.9987108111381531],"EasingStyle":"Linear","EasingDirection":"In"},"Head":{"Weight":1,"CFrame":[8.64383764564991e-8,1.0430403563077562e-7,-1.1920928955078126e-7,0.998073399066925,-0.06193382665514946,0.0037027893122285606,0.06188230589032173,0.9980027079582214,0.01270282082259655,-0.004482127260416746,-0.012449204921722412,0.9999125003814697],"EasingStyle":"Linear","EasingDirection":"In"},"Torso":{"Weight":1,"CFrame":[0.0018968041986227036,0.1316908895969391,-0.19730162620544434,0.9982284903526306,0.05947054550051689,-0.0017703569028526545,-0.058368436992168429,0.9846296310424805,0.16461364924907685,0.01153280958533287,-0.1642187088727951,0.9863565564155579],"EasingStyle":"Linear","EasingDirection":"In"},"HumanoidRootPart":{"Weight":1,"CFrame":[0,0,0,1,0,0,0,1,0,0,0,1],"EasingStyle":"Linear","EasingDirection":"In"},"Right Arm":{"Weight":1,"CFrame":[-0.20356664061546327,-0.12980347871780396,-0.007230520248413086,0.9955500364303589,0.09403274208307266,-0.006176883354783058,-0.0931580439209938,0.9919353127479553,0.0859411209821701,0.014208328910171986,-0.08498334139585495,0.9962811470031738],"EasingStyle":"Linear","EasingDirection":"In"}}},{"Time":0.1599999964237213,"poses":{"Left Leg":{"Weight":1,"CFrame":[-0.6912268996238709,-0.2474210262298584,0.0692211389541626,0.4803783595561981,-0.8739829659461975,0.07342008501291275,0.8722950220108032,0.4848061800003052,0.06375299394130707,-0.09131356328725815,0.03341842070221901,0.9952613711357117],"EasingStyle":"Linear","EasingDirection":"In"},"Right Leg":{"Weight":1,"CFrame":[0.4015011787414551,0.03200596570968628,0.0612865686416626,0.9036486744880676,0.40447691082954409,-0.14077456295490266,-0.3979669511318207,0.9144947528839111,0.07295112311840058,0.15824474394321443,-0.009898630902171135,0.987350344657898],"EasingStyle":"Linear","EasingDirection":"In"},"Left Arm":{"Weight":1,"CFrame":[0.0083724744617939,-0.304816871881485,-0.0363386869430542,0.9180721044540405,0.3885769844055176,0.07843167334794998,-0.3914910852909088,0.9198315143585205,0.025393905118107797,-0.06227649003267288,-0.05401884764432907,0.9965960383415222],"EasingStyle":"Linear","EasingDirection":"In"},"Head":{"Weight":1,"CFrame":[8.766073733568192e-8,-2.397791831754148e-8,1.1920928955078126e-7,0.9999696612358093,-0.007272301707416773,0.0027862759307026865,0.0072380672208964829,0.9999006390571594,0.012105408124625683,-0.0028740325942635538,-0.0120848985388875,0.9999229311943054],"EasingStyle":"Linear","EasingDirection":"In"},"Torso":{"Weight":1,"CFrame":[-0.0024200142361223699,0.1285049021244049,-0.13811135292053224,0.9999753832817078,0.00634796405211091,-0.0030251052230596544,-0.00577964261174202,0.9869976043701172,0.16063112020492555,0.0040054526180028919,-0.1606096625328064,0.9870098829269409],"EasingStyle":"Linear","EasingDirection":"In"},"HumanoidRootPart":{"Weight":1,"CFrame":[0,0,0,1,0,0,0,1,0,0,0,1],"EasingStyle":"Linear","EasingDirection":"In"},"Right Arm":{"Weight":1,"CFrame":[-0.20038557052612306,-0.13192519545555116,-0.009638547897338868,0.9997291564941406,0.021728817373514177,-0.008334299549460411,-0.0211021825671196,0.997389554977417,0.06905633211135864,0.009813024662435055,-0.06886187195777893,0.9975780248641968],"EasingStyle":"Linear","EasingDirection":"In"}}},{"Time":0.18000000715255738,"poses":{"Left Leg":{"Weight":1,"CFrame":[-0.8283217549324036,-0.1440049409866333,0.02029263973236084,0.5648800134658814,-0.8249995112419128,0.01693093031644821,0.8240700960159302,0.5650665163993836,0.04010436311364174,-0.04265318810939789,-0.008701866492629052,0.999052107334137],"EasingStyle":"Linear","EasingDirection":"In"},"Right Leg":{"Weight":1,"CFrame":[0.2904917597770691,-0.01755046844482422,0.06689047813415528,0.8675151467323303,0.4617985188961029,-0.18482325971126557,-0.45146265625953677,0.8869844675064087,0.09715984761714935,0.2088036835193634,-0.0008468915475532413,0.9779572486877441],"EasingStyle":"Linear","EasingDirection":"In"},"Left Arm":{"Weight":1,"CFrame":[0.030192118138074876,-0.2876574397087097,-0.035513460636138919,0.9253813028335571,0.3701525032520294,0.08158823102712631,-0.3744862675666809,0.9260948896408081,0.045916225761175159,-0.05856243893504143,-0.07304376363754273,0.995607852935791],"EasingStyle":"Linear","EasingDirection":"In"},"Head":{"Weight":1,"CFrame":[8.614733815193176e-8,5.471520125865936e-8,2.384185791015625e-7,0.9988487958908081,0.04701016843318939,0.00954852532595396,-0.047122955322265628,0.9988176822662354,0.011951626278460026,-0.008975386619567871,-0.012387818656861782,0.9998829960823059],"EasingStyle":"Linear","EasingDirection":"In"},"Torso":{"Weight":1,"CFrame":[-0.00878310389816761,0.12806937098503114,-0.0940248966217041,0.9988797307014465,-0.04603036493062973,-0.010978968814015389,0.047195203602313998,0.9859740734100342,0.1600867211818695,0.0034561282955110075,-0.16042552888393403,0.9870418906211853],"EasingStyle":"Linear","EasingDirection":"In"},"HumanoidRootPart":{"Weight":1,"CFrame":[0,0,0,1,0,0,0,1,0,0,0,1],"EasingStyle":"Linear","EasingDirection":"In"},"Right Arm":{"Weight":1,"CFrame":[-0.18913549184799195,-0.12980374693870545,-0.009607493877410889,0.9985137581825256,-0.054470982402563098,-0.0017591598443686963,0.05448467656970024,0.9969697594642639,0.05552223324775696,-0.0012705184053629637,-0.055535633116960528,0.9984558820724487],"EasingStyle":"Linear","EasingDirection":"In"}}},{"Time":0.20000000298023225,"poses":{"Left Leg":{"Weight":1,"CFrame":[-0.9108624458312988,0.004384398460388184,-0.031591832637786868,0.6751347780227661,-0.7368640303611755,-0.03499486669898033,0.7376214861869812,0.6749753952026367,0.017970595508813859,0.01037876307964325,-0.03794550895690918,0.9992259740829468],"EasingStyle":"Linear","EasingDirection":"In"},"Right Leg":{"Weight":1,"CFrame":[0.2221391499042511,-0.06467199325561524,0.07210540771484375,0.8163824081420898,0.5325290560722351,-0.22345592081546784,-0.5186047554016113,0.8462560176849365,0.1220650002360344,0.2541041672229767,0.01623348705470562,0.9670407176017761],"EasingStyle":"Linear","EasingDirection":"In"},"Left Arm":{"Weight":1,"CFrame":[0.050908349454402927,-0.2700452506542206,-0.03317248821258545,0.9363934993743897,0.34104540944099429,0.08279784023761749,-0.3465929329395294,0.9357269406318665,0.0654853954911232,-0.05514269322156906,-0.09001728892326355,0.9944125413894653],"EasingStyle":"Linear","EasingDirection":"In"},"Head":{"Weight":1,"CFrame":[9.12696123123169e-8,-1.4668330550193787e-8,3.5762786865234377e-7,0.9953381419181824,0.09422838687896729,0.020567025989294053,-0.09447428584098816,0.9954628944396973,0.011328671127557755,-0.01940622553229332,-0.013218902982771397,0.9997243881225586],"EasingStyle":"Linear","EasingDirection":"In"},"Torso":{"Weight":1,"CFrame":[-0.015328336507081986,0.12761035561561585,-0.07642912864685059,0.9954890012741089,-0.09292237460613251,-0.01916051283478737,0.0947926715016365,0.9826341867446899,0.1595129519701004,0.004005453083664179,-0.1606096625328064,0.9870098829269409],"EasingStyle":"Linear","EasingDirection":"In"},"HumanoidRootPart":{"Weight":1,"CFrame":[0,0,0,1,0,0,0,1,0,0,0,1],"EasingStyle":"Linear","EasingDirection":"In"},"Right Arm":{"Weight":1,"CFrame":[-0.1652575582265854,-0.12450122833251953,-0.009390711784362793,0.9910428524017334,-0.13220882415771485,0.018839215859770776,0.13122674822807313,0.9902726411819458,0.04625833407044411,-0.024771764874458314,-0.04337184876203537,0.9987518787384033],"EasingStyle":"Linear","EasingDirection":"In"}}},{"Time":0.2199999988079071,"poses":{"Left Leg":{"Weight":1,"CFrame":[-0.9272576570510864,0.15374886989593507,-0.07166868448257446,0.783111035823822,-0.6169468760490418,-0.0781906396150589,0.6190305352210999,0.7853608131408691,0.003117611166089773,0.05948442593216896,-0.05084379017353058,0.9969335198402405],"EasingStyle":"Linear","EasingDirection":"In"},"Right Leg":{"Weight":1,"CFrame":[0.18290185928344727,-0.11797511577606201,0.07852327823638916,0.7546137571334839,0.6056641936302185,-0.25244611501693728,-0.5901021361351013,0.7946430444717407,0.14255541563034059,0.28694525361061098,0.04139469936490059,0.9570522308349609],"EasingStyle":"Linear","EasingDirection":"In"},"Left Arm":{"Weight":1,"CFrame":[0.0704929307103157,-0.25217360258102419,-0.029517948627471925,0.9496712684631348,0.30233892798423769,0.08195018023252487,-0.3088645339012146,0.9473841786384583,0.08405986428260803,-0.05222374573349953,-0.1051407977938652,0.9930851459503174],"EasingStyle":"Linear","EasingDirection":"In"},"Head":{"Weight":1,"CFrame":[7.962808012962341e-8,1.1129304766654968e-7,-3.5762786865234377e-7,0.99129319190979,0.12862028181552888,0.02818952687084675,-0.12895914912223817,0.9915938377380371,0.010544049553573132,-0.02659638226032257,-0.014087551273405552,0.9995470643043518],"EasingStyle":"Linear","EasingDirection":"In"},"Torso":{"Weight":1,"CFrame":[-0.018793072551488878,0.1292966902256012,-0.07704043388366699,0.9912356734275818,-0.12999993562698365,-0.023491431027650834,0.13209077715873719,0.9779728651046753,0.1616208404302597,0.0019632831681519748,-0.16330735385417939,0.9865732789039612],"EasingStyle":"Linear","EasingDirection":"In"},"HumanoidRootPart":{"Weight":1,"CFrame":[0,0,0,1,0,0,0,1,0,0,0,1],"EasingStyle":"Linear","EasingDirection":"In"},"Right Arm":{"Weight":1,"CFrame":[-0.13271887600421906,-0.11760792136192322,-0.008802175521850586,0.9766974449157715,-0.20863351225852967,0.050340279936790469,0.2066546529531479,0.9775204062461853,0.04180632531642914,-0.05793086811900139,-0.03042914718389511,0.9978567957878113],"EasingStyle":"Linear","EasingDirection":"In"}}},{"Time":0.23999999463558198,"poses":{"Left Leg":{"Weight":1,"CFrame":[-0.8968047499656677,0.2696632742881775,-0.09633040428161621,0.8689934015274048,-0.48182186484336855,-0.11268709599971771,0.4841064512729645,0.8749730587005615,-0.007950151339173317,0.10242870450019837,-0.04764389991760254,0.9935986995697022],"EasingStyle":"Linear","EasingDirection":"In"},"Right Leg":{"Weight":1,"CFrame":[0.1336173117160797,-0.16253554821014405,0.0772026777267456,0.6988638043403626,0.6615485548973084,-0.27192431688308718,-0.6447506546974182,0.7472628355026245,0.16091889142990113,0.30965468287467959,0.06286294013261795,0.9487687945365906],"EasingStyle":"Linear","EasingDirection":"In"},"Left Arm":{"Weight":1,"CFrame":[0.08891744911670685,-0.23423349857330323,-0.02475184202194214,0.9636635184288025,0.25516384840011599,0.0790197029709816,-0.2624124586582184,0.9596008658409119,0.10151778906583786,-0.04992370307445526,-0.11856481432914734,0.9916905164718628],"EasingStyle":"Linear","EasingDirection":"In"},"Head":{"Weight":1,"CFrame":[7.297785487025976e-8,-7.82310962677002e-8,3.5762786865234377e-7,0.987852931022644,0.15171116590499879,0.03362255543470383,-0.15211652219295503,0.9883137345314026,0.009829875081777573,-0.03173832967877388,-0.014825013466179371,0.9993863701820374],"EasingStyle":"Linear","EasingDirection":"In"},"Torso":{"Weight":1,"CFrame":[-0.02172093093395233,0.13446423411369325,-0.07981562614440918,0.9871322512626648,-0.15758413076400758,-0.02715125121176243,0.1599060446023941,0.9727173447608948,0.16808027029037476,-0.0000762927666073665,-0.17025910317897798,0.9853993058204651],"EasingStyle":"Linear","EasingDirection":"In"},"HumanoidRootPart":{"Weight":1,"CFrame":[0,0,0,1,0,0,0,1,0,0,0,1],"EasingStyle":"Linear","EasingDirection":"In"},"Right Arm":{"Weight":1,"CFrame":[-0.09548643231391907,-0.11071404814720154,-0.0076558589935302738,0.9555379152297974,-0.2809377908706665,0.08956146240234375,0.27818357944488528,0.9596031904220581,0.042138148099184039,-0.0977817103266716,-0.015350108034908772,0.9950894713401794],"EasingStyle":"Linear","EasingDirection":"In"}}},{"Time":0.25999999046325686,"poses":{"Left Leg":{"Weight":1,"CFrame":[-0.8401768803596497,0.3404005169868469,-0.10817086696624756,0.9283185005187988,-0.3445107638835907,-0.13977563381195069,0.34579458832740786,0.9381776452064514,-0.015773966908454896,0.13656865060329438,-0.03369038924574852,0.9900575876235962],"EasingStyle":"Linear","EasingDirection":"In"},"Right Leg":{"Weight":1,"CFrame":[0.0716012567281723,-0.1853466033935547,0.0666126012802124,0.6563538312911987,0.6989967823028565,-0.28390681743621828,-0.6808702945709229,0.7108955383300781,0.17619097232818604,0.3249850571155548,0.07766008377075196,0.9425251483917236],"EasingStyle":"Linear","EasingDirection":"In"},"Left Arm":{"Weight":1,"CFrame":[0.10615406930446625,-0.21641936898231507,-0.019076228141784669,0.9768272638320923,0.20080307126045228,0.07407265156507492,-0.20851126313209535,0.9709141850471497,0.11768122017383576,-0.048287417739629748,-0.13039931654930116,0.9902850985527039],"EasingStyle":"Linear","EasingDirection":"In"},"Head":{"Weight":1,"CFrame":[9.639188647270203e-8,1.0244548320770264e-8,1.1920928955078126e-7,0.9852829575538635,0.16682185232639314,0.037254564464092258,-0.16727155447006226,0.9858672022819519,0.009277025237679482,-0.03518044203519821,-0.015372112393379212,0.999262809753418],"EasingStyle":"Linear","EasingDirection":"In"},"Torso":{"Weight":1,"CFrame":[-0.024265483021736146,0.14206209778785706,-0.08620667457580567,0.9836418032646179,-0.1775640845298767,-0.030331939458847047,0.18012289702892304,0.9674822688102722,0.1775776445865631,-0.002185800112783909,-0.18013624846935273,0.9836392402648926],"EasingStyle":"Linear","EasingDirection":"In"},"HumanoidRootPart":{"Weight":1,"CFrame":[0,0,0,1,0,0,0,1,0,0,0,1],"EasingStyle":"Linear","EasingDirection":"In"},"Right Arm":{"Weight":1,"CFrame":[-0.05752754956483841,-0.10541161894798279,-0.005766093730926514,0.9285157918930054,-0.34651076793670657,0.13337507843971253,0.34337595105171206,0.9380425810813904,0.04657405987381935,-0.1412498652935028,0.0025529672857373955,0.9899707436561585],"EasingStyle":"Linear","EasingDirection":"In"}}},{"Time":0.2800000011920929,"poses":{"Left Leg":{"Weight":1,"CFrame":[-0.7720827460289002,0.36793816089630129,-0.11122876405715943,0.9634488821029663,-0.21432648599147798,-0.1607186496257782,0.21376577019691468,0.9766597151756287,-0.020978281274437906,0.16146358847618104,-0.014144687913358212,0.9867773652076721],"EasingStyle":"Linear","EasingDirection":"In"},"Right Leg":{"Weight":1,"CFrame":[-0.010544583201408387,-0.16951382160186768,0.04301750659942627,0.6369718909263611,0.7140361070632935,-0.2905500829219818,-0.6940141320228577,0.6952327489852905,0.18707174062728883,0.3355759382247925,0.08248642086982727,0.9383949041366577],"EasingStyle":"Linear","EasingDirection":"In"},"Left Arm":{"Weight":1,"CFrame":[0.12217411398887634,-0.19892272353172303,-0.012693405151367188,0.9877561330795288,0.14075565338134767,0.06727322936058045,-0.14866286516189576,0.9799920320510864,0.13234461843967439,-0.047298967838287356,-0.14072535932064057,0.9889181852340698],"EasingStyle":"Linear","EasingDirection":"In"},"Head":{"Weight":1,"CFrame":[1.0989606380462647e-7,3.4458935260772708e-8,0,0.983380138874054,0.17721770703792573,0.039464328438043597,-0.17769427597522736,0.9840456247329712,0.0088872155174613,-0.03725972771644592,-0.01575206220149994,0.9991815090179443],"EasingStyle":"Linear","EasingDirection":"In"},"Torso":{"Weight":1,"CFrame":[-0.026493147015571595,0.15101921558380128,-0.09765148162841797,0.9808726906776428,-0.19181270897388459,-0.03311651945114136,0.19460226595401765,0.9625457525253296,0.18877406418323518,-0.004333095159381628,-0.19160786271095277,0.9814620018005371],"EasingStyle":"Linear","EasingDirection":"In"},"HumanoidRootPart":{"Weight":1,"CFrame":[0,0,0,1,0,0,0,1,0,0,0,1],"EasingStyle":"Linear","EasingDirection":"In"},"Right Arm":{"Weight":1,"CFrame":[-0.022808998823165895,-0.10329055786132813,-0.0029468536376953127,0.8975027799606323,-0.40310749411582949,0.1788664311170578,0.40018120408058169,0.9148558974266052,0.053791120648384097,-0.18532051146030427,0.02330118417739868,0.9824018478393555],"EasingStyle":"Linear","EasingDirection":"In"}}},{"Time":0.30000001192092898,"poses":{"Left Leg":{"Weight":1,"CFrame":[-0.6999983191490173,0.36085736751556399,-0.10861420631408692,0.9795470237731934,-0.09629075974225998,-0.1766800582408905,0.09345008432865143,0.9953261613845825,-0.024348821491003038,0.17819881439208985,0.007340033072978258,0.9839671850204468],"EasingStyle":"Linear","EasingDirection":"In"},"Right Leg":{"Weight":1,"CFrame":[-0.0855022668838501,-0.14124715328216554,0.02313828468322754,0.6249467134475708,0.7231262922286987,-0.2941599488258362,-0.7026260495185852,0.6852343082427979,0.19175656139850617,0.340232789516449,0.08684676140546799,0.9363222122192383],"EasingStyle":"Linear","EasingDirection":"In"},"Left Arm":{"Weight":1,"CFrame":[0.13694944977760316,-0.1819368302822113,-0.005805373191833496,0.9953100085258484,0.07675174623727799,0.05888262763619423,-0.08461189270019531,0.9857617020606995,0.14530928432941438,-0.04689152166247368,-0.1496099829673767,0.9876325726509094],"EasingStyle":"Linear","EasingDirection":"In"},"Head":{"Weight":1,"CFrame":[9.872019290924072e-8,7.078051567077637e-8,0,0.9816868901252747,0.18612036108970643,0.04062171280384064,-0.18661119043827058,0.982396125793457,0.008612558245658875,-0.038303639739751819,-0.016035335138440133,0.9991375803947449],"EasingStyle":"Linear","EasingDirection":"In"},"Torso":{"Weight":1,"CFrame":[-0.028436370193958284,0.16025516390800477,-0.11555027961730957,0.9787038564682007,-0.20217646658420564,-0.03554555028676987,0.20517612993717194,0.9580057859420776,0.20031903684139253,-0.006446945481002331,-0.20334607362747193,0.9790858030319214],"EasingStyle":"Linear","EasingDirection":"In"},"HumanoidRootPart":{"Weight":1,"CFrame":[0,0,0,1,0,0,0,1,0,0,0,1],"EasingStyle":"Linear","EasingDirection":"In"},"Right Arm":{"Weight":1,"CFrame":[0.006165754050016403,-0.11185184121131897,0.0033599138259887697,0.8648667335510254,-0.44938474893569949,0.22373808920383454,0.4474624991416931,0.892136812210083,0.062203798443078998,-0.22755853831768037,0.04631638154387474,0.9726623296737671],"EasingStyle":"Linear","EasingDirection":"In"}}},{"Time":0.3199999928474426,"poses":{"Left Leg":{"Weight":1,"CFrame":[-0.6272335052490234,0.3294820785522461,-0.10224944353103638,0.98200523853302,0.0070113386027514938,-0.18872371315956117,-0.012287924066185952,0.9995652437210083,-0.026803448796272279,0.18845370411872865,0.028640149161219598,0.9816643595695496],"EasingStyle":"Linear","EasingDirection":"In"},"Right Leg":{"Weight":1,"CFrame":[-0.12786997854709626,-0.12923681735992433,0.02016913890838623,0.6018247604370117,0.7414592504501343,-0.29672420024871828,-0.7229746580123901,0.6636586785316467,0.19200235605239869,0.33928558230400088,0.09897217899560929,0.9354623556137085],"EasingStyle":"Linear","EasingDirection":"In"},"Left Arm":{"Weight":1,"CFrame":[0.1504516303539276,-0.16565415263175965,0.001385807991027832,0.9987291097640991,0.010714846663177014,0.049249712377786639,-0.018307864665985109,0.9875214695930481,0.1564166098833084,-0.04695918783545494,-0.15711961686611176,0.9864625334739685],"EasingStyle":"Linear","EasingDirection":"In"},"Head":{"Weight":1,"CFrame":[8.381903171539307e-8,-1.0244548320770264e-8,1.1920928955078126e-7,0.9795975685119629,0.19672353565692902,0.041090723127126697,-0.1972208023071289,0.9803232550621033,0.00838086660951376,-0.038633473217487338,-0.016313843429088594,0.99912029504776],"EasingStyle":"Linear","EasingDirection":"In"},"Torso":{"Weight":1,"CFrame":[-0.03012772649526596,0.1686854362487793,-0.1412510871887207,0.976872444152832,-0.21048074960708619,-0.037659745663404468,0.2136559635400772,0.9538818597793579,0.21085678040981294,-0.008458352647721768,-0.21402637660503388,0.976791262626648],"EasingStyle":"Linear","EasingDirection":"In"},"HumanoidRootPart":{"Weight":1,"CFrame":[0,0,0,1,0,0,0,1,0,0,0,1],"EasingStyle":"Linear","EasingDirection":"In"},"Right Arm":{"Weight":1,"CFrame":[0.029888369143009187,-0.1353258490562439,0.01478564739227295,0.8321366906166077,-0.48604196310043337,0.26704245805740359,0.48597386479377749,0.8710775375366211,0.07108825445175171,-0.26716652512550356,0.0706203430891037,0.9610592126846314],"EasingStyle":"Linear","EasingDirection":"In"}}},{"Time":0.3400000035762787,"poses":{"Left Leg":{"Weight":1,"CFrame":[-0.556593656539917,0.28427374362945559,-0.09360569715499878,0.9757768511772156,0.09329972416162491,-0.19787585735321046,-0.10101906955242157,0.9944542050361633,-0.02925945445895195,0.19404850900173188,0.048539917916059497,0.9797903299331665],"EasingStyle":"Linear","EasingDirection":"In"},"Right Leg":{"Weight":1,"CFrame":[-0.1765255331993103,-0.08565282821655274,0.007175087928771973,0.594454288482666,0.7461758255958557,-0.2997429072856903,-0.7284484505653381,0.65756756067276,0.19227056205272675,0.3405689001083374,0.1040511280298233,0.9344443082809448],"EasingStyle":"Linear","EasingDirection":"In"},"Left Arm":{"Weight":1,"CFrame":[0.16265259683132173,-0.15026748180389405,0.008677959442138672,0.9977149367332459,-0.05531918630003929,0.03879137709736824,0.048177625983953479,0.9850192666053772,0.16557809710502625,-0.0473698265850544,-0.16333100199699403,0.9854334592819214],"EasingStyle":"Linear","EasingDirection":"In"},"Head":{"Weight":1,"CFrame":[8.195638656616211e-8,-4.377216100692749e-8,-1.1920928955078126e-7,0.9763579368591309,0.21219158172607423,0.04123172163963318,-0.2126922607421875,0.9770856499671936,0.008110126480460167,-0.03856603428721428,-0.016688041388988496,0.9991167187690735],"EasingStyle":"Linear","EasingDirection":"In"},"Torso":{"Weight":1,"CFrame":[-0.03161417692899704,0.1752234399318695,-0.1760561466217041,0.9750283360481262,-0.2185363471508026,-0.03951781243085861,0.22184079885482789,0.9501646161079407,0.2190292924642563,-0.010317426174879074,-0.22232641279697419,0.9749177098274231],"EasingStyle":"Linear","EasingDirection":"In"},"HumanoidRootPart":{"Weight":1,"CFrame":[0,0,0,1,0,0,0,1,0,0,0,1],"EasingStyle":"Linear","EasingDirection":"In"},"Right Arm":{"Weight":1,"CFrame":[0.04888401925563812,-0.17039906978607179,0.030124902725219728,0.8003564476966858,-0.5142591595649719,0.30816715955734255,0.5168489813804627,0.8523299694061279,0.08000542968511582,-0.30380359292030337,0.09524289518594742,0.9479621052742004],"EasingStyle":"Linear","EasingDirection":"In"}}},{"Time":0.36000001430511477,"poses":{"Left Leg":{"Weight":1,"CFrame":[-0.4734252393245697,0.21912109851837159,-0.07933855056762696,0.9655944108963013,0.16729997098445893,-0.1990932822227478,-0.17641505599021913,0.9838935732841492,-0.02883089706301689,0.19106312096118928,0.06296204775571823,0.9795563817024231],"EasingStyle":"Linear","EasingDirection":"In"},"Right Leg":{"Weight":1,"CFrame":[-0.22081419825553895,-0.023639202117919923,-0.014706015586853028,0.5948694348335266,0.7437502145767212,-0.3049033582210541,-0.7274208068847656,0.6595017910003662,0.18951638042926789,0.34203723073005679,0.10905548930168152,0.9333367347717285],"EasingStyle":"Linear","EasingDirection":"In"},"Left Arm":{"Weight":1,"CFrame":[0.17352402210235597,-0.13596904277801515,0.01586925983428955,0.992463231086731,-0.11930941045284271,0.02796398103237152,0.11275999248027802,0.9784821271896362,0.17279434204101563,-0.04797831177711487,-0.16833892464637757,0.9845609068870544],"EasingStyle":"Linear","EasingDirection":"In"},"Head":{"Weight":1,"CFrame":[8.568167686462403e-8,-2.9802322387695315e-8,2.384185791015625e-7,0.9714701771736145,0.23413227498531342,0.03778763860464096,-0.23461274802684785,0.9720494151115418,0.008763426914811135,-0.03467964753508568,-0.01737886853516102,0.9992473721504211],"EasingStyle":"Linear","EasingDirection":"In"},"Torso":{"Weight":1,"CFrame":[-0.033229514956474307,0.18016371130943299,-0.22359991073608399,0.972905158996582,-0.22816027700901032,-0.03739570081233978,0.23065142333507539,0.946616530418396,0.22520460188388825,-0.015983358025550844,-0.22772808372974397,0.9735935926437378],"EasingStyle":"Linear","EasingDirection":"In"},"HumanoidRootPart":{"Weight":1,"CFrame":[0,0,0,1,0,0,0,1,0,0,0,1],"EasingStyle":"Linear","EasingDirection":"In"},"Right Arm":{"Weight":1,"CFrame":[0.06367778778076172,-0.21375718712806703,0.048172712326049808,0.7703695893287659,-0.5352070331573486,0.34653154015541079,0.5411425828933716,0.8362545371055603,0.08856185525655747,-0.33718743920326235,0.11929747462272644,0.9338483214378357],"EasingStyle":"Linear","EasingDirection":"In"}}},{"Time":0.3799999952316284,"poses":{"Left Leg":{"Weight":1,"CFrame":[-0.3643375039100647,0.1416614055633545,-0.05744820833206177,0.952293872833252,0.2396455854177475,-0.18896135687828065,-0.24832354485988618,0.9683966040611267,-0.023311151191592218,0.1774030476808548,0.06912261247634888,0.9817078113555908],"EasingStyle":"Linear","EasingDirection":"In"},"Right Leg":{"Weight":1,"CFrame":[-0.23021584749221803,0.011973321437835694,-0.025786936283111573,0.5787673592567444,0.7532843947410584,-0.3123954236507416,-0.7428029775619507,0.6450616121292114,0.179274708032