{"Sequence":[{"Time":0,"poses":{"Left Leg":{"Weight":1,"CFrame":[-0.3481687307357788,1.0063607692718506,0.18027782440185548,0.7414042353630066,-0.042034849524497989,0.6697406768798828,-0.009757145307958126,0.9972555041313171,0.07339197397232056,-0.6709877848625183,-0.06094791740179062,0.7389594316482544],"EasingStyle":"Linear","EasingDirection":"In"},"Right Arm":{"Weight":1,"CFrame":[0.5933305025100708,-0.21756693720817567,-0.4009833335876465,0.3848293721675873,-0.20324066281318665,0.900333046913147,0.2705480456352234,0.9574470520019531,0.10049287974834442,-0.8824455738067627,0.20491068065166474,0.42344021797180178],"EasingStyle":"Linear","EasingDirection":"In"},"Left Arm":{"Weight":1,"CFrame":[-0.5933306813240051,-0.21756696701049806,-0.4009830951690674,0.4873270094394684,0.20122787356376649,-0.8497174382209778,0.11032611131668091,0.951099157333374,0.28851059079170229,0.8662220239639282,-0.23434527218341828,0.44129568338394167],"EasingStyle":"Linear","EasingDirection":"In"},"Head":{"Weight":1,"CFrame":[0.031504176557064059,-0.31528428196907046,-0.12283575534820557,0.9910255670547485,0.05226069688796997,0.12303362041711807,-0.07140257954597473,0.9850584864616394,0.15672095119953156,-0.11300497502088547,-0.16409942507743836,0.9799496531486511],"EasingStyle":"Linear","EasingDirection":"In"},"Torso":{"Weight":1,"CFrame":[0.5183225274085999,-0.24721437692642213,-0.7761282920837402,0.9869177341461182,0.03752719983458519,0.15679696202278138,0.027300415560603143,0.9195912480354309,-0.3919268846511841,-0.1588970571756363,0.39108017086982729,0.9065362811088562],"EasingStyle":"Linear","EasingDirection":"In"},"HumanoidRootPart":{"Weight":1,"CFrame":[0,0,0,1,0,0,0,1,0,0,0,1],"EasingStyle":"Linear","EasingDirection":"In"},"Right Leg":{"Weight":1,"CFrame":[0.073421910405159,0.5807845592498779,-0.050114989280700687,0.7057852149009705,-0.13218942284584046,-0.6959835290908814,0.32053953409194949,0.9357069730758667,0.14733318984508515,0.631760835647583,-0.32707563042640688,0.7027800679206848],"EasingStyle":"Linear","EasingDirection":"In"}}},{"Time":0.01666666753590107,"poses":{"Left Leg":{"Weight":1,"CFrame":[-0.34847491979599,1.005151391029358,0.18021881580352784,0.7413433194160461,-0.04239484295248985,0.6697856187820435,-0.009659445844590664,0.9972254633903503,0.07381182909011841,-0.6710566282272339,-0.06118964031338692,0.7388768792152405],"EasingStyle":"Linear","EasingDirection":"In"},"Right Arm":{"Weight":1,"CFrame":[0.5933308005332947,-0.2175670564174652,-0.40098345279693606,0.3848492205142975,-0.20324468612670899,0.9003236889839172,0.2705000638961792,0.9574583172798157,0.10051540285348892,-0.882451593875885,0.204854354262352,0.4234548509120941],"EasingStyle":"Linear","EasingDirection":"In"},"Left Arm":{"Weight":1,"CFrame":[-0.5933309197425842,-0.21756726503372193,-0.40098297595977785,0.4872959554195404,0.2012302279472351,-0.8497347831726074,0.1103273332118988,0.9511009454727173,0.2885044515132904,0.8662393689155579,-0.23433628678321839,0.44126656651496889],"EasingStyle":"Linear","EasingDirection":"In"},"Head":{"Weight":1,"CFrame":[0.03148268908262253,-0.31528440117836,-0.12283599376678467,0.9910432696342468,0.0522257499396801,0.12290506064891815,-0.07134736329317093,0.9850612878799439,0.15672904253005982,-0.11288369446992874,-0.1640942096710205,0.979964554309845],"EasingStyle":"Linear","EasingDirection":"In"},"Torso":{"Weight":1,"CFrame":[0.5174770355224609,-0.24689871072769166,-0.7749834060668945,0.9869604110717773,0.03742269426584244,0.1565524786710739,0.027211951091885568,0.919806957244873,-0.3914264738559723,-0.15864628553390504,0.39058247208595278,0.9067948460578919],"EasingStyle":"Linear","EasingDirection":"In"},"HumanoidRootPart":{"Weight":1,"CFrame":[0,0,0,1,0,0,0,1,0,0,0,1],"EasingStyle":"Linear","EasingDirection":"In"},"Right Leg":{"Weight":1,"CFrame":[0.07358910888433457,0.58026123046875,-0.05007869005203247,0.7059798240661621,-0.1318296641111374,-0.6958544850349426,0.32013100385665896,0.9358206391334534,0.14749819040298463,0.6317504644393921,-0.3268955647945404,0.7028732895851135],"EasingStyle":"Linear","EasingDirection":"In"}}},{"Time":0.03333333507180214,"poses":{"Left Leg":{"Weight":1,"CFrame":[-0.3493443727493286,1.0016274452209473,0.18003630638122559,0.7411653995513916,-0.04343351721763611,0.6699159145355225,-0.009388514794409275,0.9971367120742798,0.07503588497638703,-0.6712568402290344,-0.0619034618139267,0.7386354804039002],"EasingStyle":"Linear","EasingDirection":"In"},"Right Arm":{"Weight":1,"CFrame":[0.5933305621147156,-0.2175670862197876,-0.4009832739830017,0.38490909337997439,-0.20325717329978944,0.9002953171730042,0.2703483998775482,0.9574936628341675,0.10058668255805969,-0.8824719190597534,0.20467665791511537,0.42349836230278017],"EasingStyle":"Linear","EasingDirection":"In"},"Left Arm":{"Weight":1,"CFrame":[-0.5933308005332947,-0.2175673246383667,-0.40098297595977785,0.48720288276672366,0.2012377381324768,-0.8497863411903381,0.11031977832317352,0.951108992099762,0.288480669260025,0.8662926554679871,-0.23429705202579499,0.44118255376815798],"EasingStyle":"Linear","EasingDirection":"In"},"Head":{"Weight":1,"CFrame":[0.0314178466796875,-0.3152843713760376,-0.12283611297607422,0.9910966157913208,0.052120864391326907,0.12251930683851242,-0.0711817517876625,0.9850693345069885,0.15675325691699983,-0.11251993477344513,-0.1640786975622177,0.9800089001655579],"EasingStyle":"Linear","EasingDirection":"In"},"Torso":{"Weight":1,"CFrame":[0.5149780511856079,-0.2459801435470581,-0.7716526985168457,0.9870865345001221,0.0371166467666626,0.15582911670207978,0.02695336751639843,0.920432984828949,-0.3899700939655304,-0.15790466964244843,0.38913431763648989,0.9075464606285095],"EasingStyle":"Linear","EasingDirection":"In"},"HumanoidRootPart":{"Weight":1,"CFrame":[0,0,0,1,0,0,0,1,0,0,0,1],"EasingStyle":"Linear","EasingDirection":"In"},"Right Leg":{"Weight":1,"CFrame":[0.07410109043121338,0.5787677764892578,-0.0499720573425293,0.7065446972846985,-0.13076479732990266,-0.6954818367958069,0.31892719864845278,0.9361549019813538,0.14798414707183839,0.6317278146743774,-0.3263656198978424,0.7031398415565491],"EasingStyle":"Linear","EasingDirection":"In"}}},{"Time":0.05000000074505806,"poses":{"Left Leg":{"Weight":1,"CFrame":[-0.3506816029548645,0.9959307909011841,0.17971312999725343,0.7408823370933533,-0.0450814925134182,0.6701202392578125,-0.008986314758658409,0.9969902038574219,0.07700631022453308,-0.6715747714042664,-0.06307434290647507,0.738247275352478],"EasingStyle":"Linear","EasingDirection":"In"},"Right Arm":{"Weight":1,"CFrame":[0.5933306813240051,-0.21756690740585328,-0.4009832739830017,0.38501033186912539,-0.20327839255332948,0.9002471566200256,0.270081102848053,0.957555890083313,0.1007126197218895,-0.8825096487998962,0.2043643742799759,0.42357051372528078],"EasingStyle":"Linear","EasingDirection":"In"},"Left Arm":{"Weight":1,"CFrame":[-0.5933308601379395,-0.21756720542907716,-0.40098315477371218,0.4870471954345703,0.20125120878219605,-0.849872350692749,0.11028648912906647,0.9511277079582214,0.2884317934513092,0.8663844466209412,-0.23420949280261994,0.44104883074760439],"EasingStyle":"Linear","EasingDirection":"In"},"Head":{"Weight":1,"CFrame":[0.03130996599793434,-0.3152844309806824,-0.12283575534820557,0.9911849498748779,0.05194619670510292,0.12187667936086655,-0.07090578973293305,0.9850828647613525,0.15679343044757844,-0.1119137853384018,-0.1640530675649643,0.980082631111145],"EasingStyle":"Linear","EasingDirection":"In"},"Torso":{"Weight":1,"CFrame":[0.5108813047409058,-0.24450033903121949,-0.7662935256958008,0.987291693687439,0.03662122040987015,0.15464136004447938,0.026535848155617715,0.921435534954071,-0.387624055147171,-0.15668731927871705,0.3868015706539154,0.9087538719177246],"EasingStyle":"Linear","EasingDirection":"In"},"HumanoidRootPart":{"Weight":1,"CFrame":[0,0,0,1,0,0,0,1,0,0,0,1],"EasingStyle":"Linear","EasingDirection":"In"},"Right Leg":{"Weight":1,"CFrame":[0.07493091374635697,0.576404333114624,-0.04977315664291382,0.7074528336524963,-0.12903565168380738,-0.6948816776275635,0.31696560978889468,0.9366979002952576,0.14876040816307069,0.6316987872123718,-0.3254947364330292,0.7035693526268005],"EasingStyle":"Linear","EasingDirection":"In"}}},{"Time":0.06666667014360428,"poses":{"Left Leg":{"Weight":1,"CFrame":[-0.3523831367492676,0.9882033467292786,0.17921030521392823,0.740506649017334,-0.04726887866854668,0.6703846454620361,-0.008500365540385247,0.9967848658561707,0.07967273145914078,-0.6719952821731567,-0.06469660997390747,0.7377240061759949],"EasingStyle":"Linear","EasingDirection":"In"},"Right Arm":{"Weight":1,"CFrame":[0.5933306813240051,-0.2175670862197876,-0.40098339319229128,0.3851536512374878,-0.20330868661403657,0.9001790881156921,0.2696863114833832,0.9576475024223328,0.10089899599552155,-0.882567822933197,0.20390437543392182,0.42367109656333926],"EasingStyle":"Linear","EasingDirection":"In"},"Left Arm":{"Weight":1,"CFrame":[-0.5933308005332947,-0.2175673246383667,-0.40098297595977785,0.48682910203933718,0.20127171277999879,-0.8499925136566162,0.11021050810813904,0.95116126537323,0.28835007548332217,0.8665167093276978,-0.2340555042028427,0.4408707618713379],"EasingStyle":"Linear","EasingDirection":"In"},"Head":{"Weight":1,"CFrame":[0.031159060075879098,-0.31528425216674807,-0.12283587455749512,0.9913079738616943,0.051701731979846957,0.12097743898630142,-0.07051965594291687,0.9851016998291016,0.15684941411018372,-0.11106568574905396,-0.16401736438274384,0.9801851511001587],"EasingStyle":"Linear","EasingDirection":"In"},"Torso":{"Weight":1,"CFrame":[0.5052421689033508,-0.24250054359436036,-0.7590663433074951,0.9875715374946594,0.035949740558862689,0.1530032902956009,0.02597179263830185,0.9227789044380188,-0.3844536542892456,-0.1550092101097107,0.38364923000335696,0.9103766083717346],"EasingStyle":"Linear","EasingDirection":"In"},"HumanoidRootPart":{"Weight":1,"CFrame":[0,0,0,1,0,0,0,1,0,0,0,1],"EasingStyle":"Linear","EasingDirection":"In"},"Right Leg":{"Weight":1,"CFrame":[0.07607696205377579,0.5732694864273071,-0.04950535297393799,0.7086700797080994,-0.12666568160057069,-0.6940768957138062,0.31428784132003786,0.937431275844574,0.14981940388679505,0.6316722631454468,-0.3243124783039093,0.7041389346122742],"EasingStyle":"Linear","EasingDirection":"In"}}},{"Time":0.0833333358168602,"poses":{"Left Leg":{"Weight":1,"CFrame":[-0.35430416464805605,0.9785648584365845,0.1785118579864502,0.7400592565536499,-0.04990469291806221,0.6706876158714294,-0.007986648939549923,0.9965206980705261,0.08296257257461548,-0.6724942922592163,-0.06675394624471665,0.7370856404304504],"EasingStyle":"Linear","EasingDirection":"In"},"Right Arm":{"Weight":1,"CFrame":[0.5933305621147156,-0.21756696701049806,-0.4009832739830017,0.3853406608104706,-0.2033482789993286,0.9000900387763977,0.2691522240638733,0.9577710628509522,0.10115168988704682,-0.8826492428779602,0.2032833844423294,0.4237998127937317],"EasingStyle":"Linear","EasingDirection":"In"},"Left Arm":{"Weight":1,"CFrame":[-0.5933306813240051,-0.21756726503372193,-0.4009830951690674,0.4865482449531555,0.20129992067813874,-0.8501466512680054,0.1100749522447586,0.9512139558792114,0.28822794556617739,0.8666915893554688,-0.23381687700748444,0.440653532743454],"EasingStyle":"Linear","EasingDirection":"In"},"Head":{"Weight":1,"CFrame":[0.030965175479650499,-0.3152843415737152,-0.12283605337142945,0.9914646148681641,0.05138760060071945,0.11982199549674988,-0.07002347707748413,0.9851257801055908,0.15692074596881867,-0.10997594892978668,-0.16397173702716828,0.9803155064582825],"EasingStyle":"Linear","EasingDirection":"In"},"Torso":{"Weight":1,"CFrame":[0.49811580777168276,-0.24002134799957276,-0.7501304149627686,0.987920880317688,0.03511641547083855,0.15092833340168,0.02527450956404209,0.9244260191917419,-0.3805232048034668,-0.15288469195365907,0.37974148988723757,0.9123720526695252],"EasingStyle":"Linear","EasingDirection":"In"},"HumanoidRootPart":{"Weight":1,"CFrame":[0,0,0,1,0,0,0,1,0,0,0,1],"EasingStyle":"Linear","EasingDirection":"In"},"Right Leg":{"Weight":1,"CFrame":[0.07749731093645096,0.5694493055343628,-0.049157679080963138,0.7101644277572632,-0.12369796633720398,-0.6930839419364929,0.31093859672546389,0.9383371472358704,0.1511317640542984,0.6316516399383545,-0.3228347897529602,0.7048360705375671],"EasingStyle":"Linear","EasingDirection":"In"}}},{"Time":0.10000000149011612,"poses":{"Left Leg":{"Weight":1,"CFrame":[-0.3563031852245331,0.9670156240463257,0.17754757404327393,0.7395583391189575,-0.05289256200194359,0.6710111498832703,-0.007534516975283623,0.9961947798728943,0.08682949095964432,-0.6730503439903259,-0.06927129626274109,0.7363455295562744],"EasingStyle":"Linear","EasingDirection":"In"},"Right Arm":{"Weight":1,"CFrame":[0.5933307409286499,-0.21756720542907716,-0.4009833335876465,0.38557249307632449,-0.2033974826335907,0.8999796509742737,0.26846688985824587,0.9579290747642517,0.10147648304700852,-0.8827567100524902,0.20248818397521974,0.4239567518234253],"EasingStyle":"Linear","EasingDirection":"In"},"Left Arm":{"Weight":1,"CFrame":[-0.5933308601379395,-0.2175673544406891,-0.4009830951690674,0.48620474338531496,0.20133665204048158,-0.8503344058990479,0.10986289381980896,0.9512901306152344,0.2880575954914093,0.8669112920761108,-0.23347532749176026,0.44040244817733767],"EasingStyle":"Linear","EasingDirection":"In"},"Head":{"Weight":1,"CFrame":[0.030728496611118318,-0.31528446078300478,-0.12283611297607422,0.9916538596153259,0.051003988832235339,0.11841104179620743,-0.0694175437092781,0.9851548075675964,0.15700706839561463,-0.10864518582820893,-0.16391652822494508,0.9804731607437134],"EasingStyle":"Linear","EasingDirection":"In"},"Torso":{"Weight":1,"CFrame":[0.48955726623535159,-0.23710310459136964,-0.7396478652954102,0.9883337020874023,0.034136123955249789,0.148429736495018,0.024457985535264016,0.9263387322425842,-0.37589678168296816,-0.1503278911113739,0.3751417100429535,0.9146968126296997],"EasingStyle":"Linear","EasingDirection":"In"},"HumanoidRootPart":{"Weight":1,"CFrame":[0,0,0,1,0,0,0,1,0,0,0,1],"EasingStyle":"Linear","EasingDirection":"In"},"Right Leg":{"Weight":1,"CFrame":[0.07916948199272156,0.5650295615196228,-0.04875051975250244,0.71189945936203,-0.1201639324426651,-0.691924512386322,0.3069649338722229,0.9393932819366455,0.15268561244010926,0.6316420435905457,-0.32109326124191286,0.7056398391723633],"EasingStyle":"Linear","EasingDirection":"In"}}},{"Time":0.11666666716337204,"poses":{"Left Leg":{"Weight":1,"CFrame":[-0.3582693934440613,0.9539706707000732,0.17630374431610108,0.7390254735946655,-0.05618610233068466,0.6713302731513977,-0.007136352360248566,0.9958071708679199,0.09119857847690582,-0.6736396551132202,-0.07218866050243378,0.7355260252952576],"EasingStyle":"Linear","EasingDirection":"In"},"Right Arm":{"Weight":1,"CFrame":[0.5933305621147156,-0.21756702661514283,-0.4009833335876465,0.38585031032562258,-0.20345661044120789,0.8998472094535828,0.26761847734451296,0.9581236839294434,0.10187920928001404,-0.882892906665802,0.2015056610107422,0.4241411089897156],"EasingStyle":"Linear","EasingDirection":"In"},"Left Arm":{"Weight":1,"CFrame":[-0.5933306813240051,-0.2175673246383667,-0.4009830951690674,0.4857979416847229,0.20138272643089295,-0.8505558967590332,0.10955734550952912,0.951393723487854,0.28783154487609866,0.8671780228614807,-0.233012855052948,0.4401223361492157],"EasingStyle":"Linear","EasingDirection":"In"},"Head":{"Weight":1,"CFrame":[0.030449191108345987,-0.31528419256210329,-0.12283587455749512,0.991874635219574,0.05055107921361923,0.11674530059099198,-0.06870219856500626,0.9851889610290527,0.15710794925689698,-0.10707414895296097,-0.1638520359992981,0.9806567430496216],"EasingStyle":"Linear","EasingDirection":"In"},"Torso":{"Weight":1,"CFrame":[0.4796212315559387,-0.23378628492355348,-0.727780818939209,0.9888039827346802,0.03302424028515816,0.1455206274986267,0.023536717519164087,0.9284790754318237,-0.3706381916999817,-0.1473529189825058,0.3699135482311249,0.9173064231872559],"EasingStyle":"Linear","EasingDirection":"In"},"HumanoidRootPart":{"Weight":1,"CFrame":[0,0,0,1,0,0,0,1,0,0,0,1],"EasingStyle":"Linear","EasingDirection":"In"},"Right Leg":{"Weight":1,"CFrame":[0.08105416595935822,0.5600905418395996,-0.04828751087188721,0.7138404250144959,-0.11610382050275803,-0.6906169652938843,0.3024153411388397,0.940578281879425,0.1544586718082428,0.6316460967063904,-0.3191121518611908,0.7065344452857971],"EasingStyle":"Linear","EasingDirection":"In"}}},{"Time":0.13333334028720857,"poses":{"Left Leg":{"Weight":1,"CFrame":[-0.36004745960235598,0.9394131302833557,0.17472028732299806,0.7384837865829468,-0.059680063277482989,0.6716249585151672,-0.006881804205477238,0.9953562021255493,0.09601370990276337,-0.6742361187934876,-0.07552662491798401,0.7346436977386475],"EasingStyle":"Linear","EasingDirection":"In"},"Right Arm":{"Weight":1,"CFrame":[0.5933306217193604,-0.21756693720817567,-0.40098339319229128,0.386174738407135,-0.2035256177186966,0.8996924161911011,0.2665950357913971,0.9583570957183838,0.1023658886551857,-0.8830607533454895,0.2003224492073059,0.4243522584438324],"EasingStyle":"Linear","EasingDirection":"In"},"Left Arm":{"Weight":1,"CFrame":[-0.5933307409286499,-0.2175668179988861,-0.4009830355644226,0.48532816767692568,0.2014387547969818,-0.8508108854293823,0.1091412901878357,0.9515290260314941,0.2875422537326813,0.8674933910369873,-0.23241117596626283,0.4398185610771179],"EasingStyle":"Linear","EasingDirection":"In"},"Head":{"Weight":1,"CFrame":[0.030127504840493203,-0.3152844309806824,-0.12283587455749512,0.9921252131462097,0.05002903193235397,0.11482544243335724,-0.06787767261266709,0.9852277040481567,0.15722258388996125,-0.10526351630687714,-0.16377849876880647,0.9808650612831116],"EasingStyle":"Linear","EasingDirection":"In"},"Torso":{"Weight":1,"CFrame":[0.4683627486228943,-0.23011112213134767,-0.7146909236907959,0.9893251657485962,0.0317964144051075,0.14221413433551789,0.022525466978549959,0.9308087825775147,-0.3648117780685425,-0.14397390186786652,0.36412087082862856,0.9201562404632568],"EasingStyle":"Linear","EasingDirection":"In"},"HumanoidRootPart":{"Weight":1,"CFrame":[0,0,0,1,0,0,0,1,0,0,0,1],"EasingStyle":"Linear","EasingDirection":"In"},"Right Leg":{"Weight":1,"CFrame":[0.08312438428401947,0.5547152757644653,-0.04778224229812622,0.7159503698348999,-0.1115516871213913,-0.6891813278198242,0.29733818769454958,0.9418696165084839,0.15643493831157685,0.6316685080528259,-0.3169196546077728,0.7075007557868958],"EasingStyle":"Linear","EasingDirection":"In"}}},{"Time":0.15000000596046449,"poses":{"Left Leg":{"Weight":1,"CFrame":[-0.3614957928657532,0.9234709143638611,0.1727513074874878,0.7379570603370667,-0.06328709423542023,0.6718738079071045,-0.006830611266195774,0.9948415756225586,0.10121159255504608,-0.6748130917549133,-0.07927900552749634,0.7337179183959961],"EasingStyle":"Linear","EasingDirection":"In"},"Right Arm":{"Weight":1,"CFrame":[0.5933306217193604,-0.21756702661514283,-0.4009832739830017,0.38654735684394839,-0.20360486209392548,0.8995144963264465,0.265384703874588,0.9586312174797058,0.10294223576784134,-0.8832621574401856,0.19892531633377076,0.4245900511741638],"EasingStyle":"Linear","EasingDirection":"In"},"Left Arm":{"Weight":1,"CFrame":[-0.5933308601379395,-0.21756696701049806,-0.4009830951690674,0.48479485511779787,0.20150548219680787,-0.8510990738868713,0.10859786719083786,0.95169997215271,0.2871820330619812,0.8678597807884216,-0.23165209591388703,0.4394962787628174],"EasingStyle":"Linear","EasingDirection":"In"},"Head":{"Weight":1,"CFrame":[0.029763396829366685,-0.31528425216674807,-0.12283599376678467,0.9924038052558899,0.049438200891017917,0.11265265941619873,-0.06694447994232178,0.9852712154388428,0.1573503464460373,-0.10321426391601563,-0.16369657218456269,0.9810965061187744],"EasingStyle":"Linear","EasingDirection":"In"},"Torso":{"Weight":1,"CFrame":[0.455836683511734,-0.22611850500106812,-0.7005400657653809,0.989890456199646,0.030468378216028215,0.13852348923683167,0.021439075469970704,0.933290421962738,-0.3584820032119751,-0.1402050256729126,0.35782769322395327,0.9232019782066345],"EasingStyle":"Linear","EasingDirection":"In"},"HumanoidRootPart":{"Weight":1,"CFrame":[0,0,0,1,0,0,0,1,0,0,0,1],"EasingStyle":"Linear","EasingDirection":"In"},"Right Leg":{"Weight":1,"CFrame":[0.08534123748540878,0.5489809513092041,-0.04723292589187622,0.7181949019432068,-0.10655102133750916,-0.6876358389854431,0.29178130626678469,0.9432458877563477,0.1585901528596878,0.6317117810249329,-0.31453806161880495,0.7085238695144653],"EasingStyle":"Linear","EasingDirection":"In"}}},{"Time":0.1666666716337204,"poses":{"Left Leg":{"Weight":1,"CFrame":[-0.3624715209007263,0.9062743186950684,0.1703587770462036,0.7374701499938965,-0.06691699475049973,0.6720566749572754,-0.0070395213551819328,0.994263768196106,0.10672391951084137,-0.6753430962562561,-0.08343662321567536,0.7327685952186585],"EasingStyle":"Linear","EasingDirection":"In"},"Right Arm":{"Weight":1,"CFrame":[0.5933306813240051,-0.21756726503372193,-0.4009832739830017,0.38696950674057009,-0.20369434356689454,0.8993126153945923,0.26397547125816347,0.9589478373527527,0.10361424088478089,-0.8834996819496155,0.19730092585086823,0.4248538911342621],"EasingStyle":"Linear","EasingDirection":"In"},"Left Arm":{"Weight":1,"CFrame":[-0.5933309197425842,-0.21756726503372193,-0.4009830355644226,0.48419809341430666,0.20158351957798005,-0.8514202237129211,0.10790987312793732,0.9519105553627014,0.2867433726787567,0.8682786226272583,-0.2307174652814865,0.4391604959964752],"EasingStyle":"Linear","EasingDirection":"In"},"Head":{"Weight":1,"CFrame":[0.02935728244483471,-0.31528428196907046,-0.12283575534820557,0.9927086234092712,0.048778802156448367,0.11022796481847763,-0.06590306013822556,0.9853189587593079,0.15749062597751618,-0.1009274423122406,-0.1636066436767578,0.9813494086265564],"EasingStyle":"Linear","EasingDirection":"In"},"Torso":{"Weight":1,"CFrame":[0.4420982003211975,-0.22184962034225465,-0.6854896545410156,0.9904927611351013,0.029055766761302949,0.13446223735809327,0.02029227651655674,0.9358874559402466,-0.35171428322792055,-0.13606086373329163,0.3510989248752594,0.9264001250267029],"EasingStyle":"Linear","EasingDirection":"In"},"HumanoidRootPart":{"Weight":1,"CFrame":[0,0,0,1,0,0,0,1,0,0,0,1],"EasingStyle":"Linear","EasingDirection":"In"},"Right Leg":{"Weight":1,"CFrame":[0.08769045770168305,0.542972981929779,-0.04665893316268921,0.7205378413200378,-0.10113232582807541,-0.6860013008117676,0.28579261898994448,0.9446850419044495,0.16091230511665345,0.6317815780639648,-0.3119974732398987,0.7095839977264404],"EasingStyle":"Linear","EasingDirection":"In"}}},{"Time":0.18333333730697633,"poses":{"Left Leg":{"Weight":1,"CFrame":[-0.36284542083740237,0.8879567384719849,0.167496919631958,0.7370455265045166,-0.07048538327217102,0.6721575260162354,-0.00756359938532114,0.9936241507530212,0.11248957365751267,-0.6758008003234863,-0.08799394220113754,0.7318131327629089],"EasingStyle":"Linear","EasingDirection":"In"},"Right Arm":{"Weight":1,"CFrame":[0.5933305621147156,-0.21756702661514283,-0.4009832739830017,0.38744184374809267,-0.2037941813468933,0.899086594581604,0.2623552978038788,0.9593085646629334,0.10438793897628784,-0.8837752342224121,0.19543589651584626,0.42514270544052126],"EasingStyle":"Linear","EasingDirection":"In"},"Left Arm":{"Weight":1,"CFrame":[-0.5933306813240051,-0.21756714582443238,-0.4009830951690674,0.4835372567176819,0.20167343318462373,-0.8517743945121765,0.10706031322479248,0.952164351940155,0.28621870279312136,0.8687518239021301,-0.22958888113498689,0.4388158321380615],"EasingStyle":"Linear","EasingDirection":"In"},"Head":{"Weight":1,"CFrame":[0.028909510001540185,-0.3152843415737152,-0.12283605337142945,0.9930375218391419,0.04805118963122368,0.10755269974470139,-0.0647539272904396,0.9853709936141968,0.15764224529266358,-0.09840439260005951,-0.1635090857744217,0.9816218018531799],"EasingStyle":"Linear","EasingDirection":"In"},"Torso":{"Weight":1,"CFrame":[0.42720258235931399,-0.21734613180160523,-0.6697008609771729,0.9911248087882996,0.02757393568754196,0.1300441324710846,0.01909949630498886,0.938564658164978,-0.34457457065582278,-0.13155612349510194,0.3440001606941223,0.929707944393158],"EasingStyle":"Linear","EasingDirection":"In"},"HumanoidRootPart":{"Weight":1,"CFrame":[0,0,0,1,0,0,0,1,0,0,0,1],"EasingStyle":"Linear","EasingDirection":"In"},"Right Leg":{"Weight":1,"CFrame":[0.09014511108398438,0.5367739200592041,-0.046051740646362308,0.7229458689689636,-0.09533743560314179,-0.6842954158782959,0.27941638231277468,0.9461681842803955,0.16337671875953675,0.6318827867507935,-0.30931615829467776,0.7106671333312988],"EasingStyle":"Linear","EasingDirection":"In"}}},{"Time":0.20000000298023225,"poses":{"Left Leg":{"Weight":1,"CFrame":[-0.3625040054321289,0.8686572909355164,0.16412103176116944,0.7367050647735596,-0.07391166687011719,0.672162652015686,-0.00845461618155241,0.9929240942001343,0.1184493750333786,-0.6761613488197327,-0.09294510632753372,0.7308673858642578],"EasingStyle":"Linear","EasingDirection":"In"},"Right Arm":{"Weight":1,"CFrame":[0.5933306813240051,-0.2175666093826294,-0.4009833335876465,0.38796618580818179,-0.20390406250953675,0.8988355994224548,0.2605120539665222,0.9597144722938538,0.10526912659406662,-0.8840903043746948,0.19331660866737367,0.42545634508132937],"EasingStyle":"Linear","EasingDirection":"In"},"Left Arm":{"Weight":1,"CFrame":[-0.5933308601379395,-0.21756678819656373,-0.4009830355644226,0.48281264305114748,0.20177559554576875,-0.8521610498428345,0.10603204369544983,0.9524649381637573,0.2856005132198334,0.8692808151245117,-0.22824810445308686,0.4384675920009613],"EasingStyle":"Linear","EasingDirection":"In"},"Head":{"Weight":1,"CFrame":[0.028420455753803254,-0.3152844309806824,-0.12283563613891602,0.9933881163597107,0.047255739569664,0.10462838411331177,-0.06349772959947586,0.9854267835617065,0.157804474234581,-0.09564642608165741,-0.16340473294258119,0.9819117784500122],"EasingStyle":"Linear","EasingDirection":"In"},"Torso":{"Weight":1,"CFrame":[0.4112054109573364,-0.21265029907226563,-0.6533327102661133,0.9917792677879334,0.0260377898812294,0.12528344988822938,0.017874684184789659,0.941288411617279,-0.33713003993034365,-0.12670597434043885,0.3365979492664337,0.9330849647521973],"EasingStyle":"Linear","EasingDirection":"In"},"HumanoidRootPart":{"Weight":1,"CFrame":[0,0,0,1,0,0,0,1,0,0,0,1],"EasingStyle":"Linear","EasingDirection":"In"},"Right Leg":{"Weight":1,"CFrame":[0.09269342571496964,0.5304726362228394,-0.04540300369262695,0.7253875136375427,-0.08920275419950485,-0.6825363636016846,0.27269482612609866,0.9476785659790039,0.16596023738384248,0.6320210099220276,-0.3065096139907837,0.7117593288421631],"EasingStyle":"Linear","EasingDirection":"In"}}},{"Time":0.21666666865348817,"poses":{"Left Leg":{"Weight":1,"CFrame":[-0.3613351583480835,0.848511278629303,0.16019856929779054,0.7364687323570252,-0.0771135687828064,0.6720618009567261,-0.009761654771864415,0.9921666383743286,0.12454001605510712,-0.6764011979103088,-0.09828031808137894,0.7299470901489258],"EasingStyle":"Linear","EasingDirection":"In"},"Right Arm":{"Weight":1,"CFrame":[0.5933306217193604,-0.21756672859191895,-0.40098339319229128,0.3885433077812195,-0.2040242850780487,0.8985589742660523,0.2584337592124939,0.9601665735244751,0.10626393556594849,-0.8844467997550964,0.1909298151731491,0.4257931113243103],"EasingStyle":"Linear","EasingDirection":"In"},"Left Arm":{"Weight":1,"CFrame":[-0.5933308005332947,-0.21756678819656373,-0.4009830355644226,0.4820236265659332,0.20189054310321809,-0.8525805473327637,0.10480786114931107,0.9528157711029053,0.2848812937736511,0.8698669672012329,-0.22667692601680757,0.43812012672424319],"EasingStyle":"Linear","EasingDirection":"In"},"Head":{"Weight":1,"CFrame":[0.02789020538330078,-0.3152844309806824,-0.12283593416213989,0.9937576651573181,0.04639285057783127,0.101456418633461,-0.06213506683707237,0.9854860901832581,0.1579761803150177,-0.09265491366386414,-0.16329403221607209,0.9822169542312622],"EasingStyle":"Linear","EasingDirection":"In"},"Torso":{"Weight":1,"CFrame":[0.39416268467903139,-0.20780521631240846,-0.6365437507629395,0.9924488663673401,0.024461649358272554,0.12019490450620651,0.01663118600845337,0.9440270066261292,-0.3294486701488495,-0.1215260922908783,0.32895994186401369,0.9364917278289795],"EasingStyle":"Linear","EasingDirection":"In"},"HumanoidRootPart":{"Weight":1,"CFrame":[0,0,0,1,0,0,0,1,0,0,0,1],"EasingStyle":"Linear","EasingDirection":"In"},"Right Leg":{"Weight":1,"CFrame":[0.09533663839101792,0.5241580009460449,-0.044709861278533939,0.7278314828872681,-0.08276137709617615,-0.6807436943054199,0.265666663646698,0.9491998553276062,0.16864432394504548,0.6322046518325806,-0.30359572172164919,0.7128444910049439],"EasingStyle":"Linear","EasingDirection":"In"}}},{"Time":0.23333333432674409,"poses":{"Left Leg":{"Weight":1,"CFrame":[-0.35925227403640749,0.8276627659797669,0.15568971633911134,0.7363530993461609,-0.08001790940761566,0.6718491911888123,-0.011529192328453064,0.9913539886474609,0.13070744276046754,-0.6764992475509644,-0.10399282723665238,0.7290640473365784],"EasingStyle":"Linear","EasingDirection":"In"},"Right Arm":{"Weight":1,"CFrame":[0.5933306813240051,-0.21756714582443238,-0.40098339319229128,0.38917478919029238,-0.20415449142456056,0.8982560634613037,0.2561080753803253,0.9606656432151794,0.10737843066453934,-0.8848456144332886,0.18826165795326234,0.4261525571346283],"EasingStyle":"Linear","EasingDirection":"In"},"Left Arm":{"Weight":1,"CFrame":[-0.5933307409286499,-0.21756702661514283,-0.4009830355644226,0.48116981983184817,0.202018603682518,-0.8530322909355164,0.10337050259113312,0.9532198309898377,0.2840535342693329,0.8705114722251892,-0.22485661506652833,0.43777796626091006],"EasingStyle":"Linear","EasingDirection":"In"},"Head":{"Weight":1,"CFrame":[0.027319293469190599,-0.3152843415737152,-0.12283575534820557,0.9941437244415283,0.0454629585146904,0.09803864359855652,-0.06066667288541794,0.985548734664917,0.15815620124340058,-0.08943161368370056,-0.16317769885063172,0.9825350642204285],"EasingStyle":"Linear","EasingDirection":"In"},"Torso":{"Weight":1,"CFrame":[0.37613049149513247,-0.20285439491271974,-0.6194913387298584,0.993126392364502,0.02285906858742237,0.11479375511407852,0.01538153551518917,0.9467507600784302,-0.3215997815132141,-0.11603256314992905,0.3211548924446106,0.9398914575576782],"EasingStyle":"Linear","EasingDirection":"In"},"HumanoidRootPart":{"Weight":1,"CFrame":[0,0,0,1,0,0,0,1,0,0,0,1],"EasingStyle":"Linear","EasingDirection":"In"},"Right Leg":{"Weight":1,"CFrame":[0.09807943552732468,0.5179277062416077,-0.043944358825683597,0.7302499413490295,-0.07604938000440598,-0.6789340972900391,0.25836512446403506,0.9507206082344055,0.17139996588230134,0.6324417591094971,-0.30057764053344729,0.7139121890068054],"EasingStyle":"Linear","EasingDirection":"In"}}},{"Time":0.25,"poses":{"Left Leg":{"Weight":1,"CFrame":[-0.3561148941516876,0.8061437606811523,0.1505497694015503,0.7363773584365845,-0.08251258730888367,0.6715207099914551,-0.013845610432326794,0.990489661693573,0.136888787150383,-0.6764293909072876,-0.1100994125008583,0.7282317280769348],"EasingStyle":"Linear","EasingDirection":"In"},"Right Arm":{"Weight":1,"CFrame":[0.5933306813240051,-0.21756723523139954,-0.40098339319229128,0.38986140489578249,-0.2042946070432663,0.897926390171051,0.2535227835178375,0.9612118005752564,0.10861857235431671,-0.8852877616882324,0.1852986216545105,0.4265327453613281],"EasingStyle":"Linear","EasingDirection":"In"},"Left Arm":{"Weight":1,"CFrame":[-0.5933308005332947,-0.2175673246383667,-0.4009830355644226,0.48025161027908327,0.2021598368883133,-0.8535162210464478,0.10170259326696396,0.9536800384521484,0.2831094264984131,0.871214747428894,-0.22276876866817475,0.4374462068080902],"EasingStyle":"Linear","EasingDirection":"In"},"Head":{"Weight":1,"CFrame":[0.026708021759986879,-0.3152843117713928,-0.122836172580719,0.9945429563522339,0.04446659982204437,0.09437693655490875,-0.05909336730837822,0.9856142401695252,0.15834346413612367,-0.08597826957702637,-0.163056418299675,0.9828633069992065],"EasingStyle":"Linear","EasingDirection":"In"},"Torso":{"Weight":1,"CFrame":[0.3571653366088867,-0.19784212112426759,-0.6023316383361816,0.9938043355941773,0.02124268189072609,0.10909565538167954,0.014137325808405877,0.9494323134422302,-0.3136533796787262,-0.11024179309606552,0.31325238943099978,0.943249523639679],"EasingStyle":"Linear","EasingDirection":"In"},"HumanoidRootPart":{"Weight":1,"CFrame":[0,0,0,1,0,0,0,1,0,0,0,1],"EasingStyle":"Linear","EasingDirection":"In"},"Right Leg":{"Weight":1,"CFrame":[0.10094211995601654,0.5118793249130249,-0.043085575103759769,0.7326157093048096,-0.06909740716218949,-0.6771261096000671,0.25082018971443179,0.9522299766540527,0.17420446872711183,0.6327428221702576,-0.29746195673942568,0.7149497270584106],"EasingStyle":"Linear","EasingDirection":"In"}}},{"Time":0.2666666805744171,"poses":{"Left Leg":{"Weight":1,"CFrame":[-0.3519636392593384,0.7843138575553894,0.14480793476104737,0.7365447878837586,-0.08459437638521195,0.671078085899353,-0.016661949455738069,0.9895780086517334,0.14303097128868104,-0.6761835813522339,-0.11653013527393341,0.7274588942527771],"EasingStyle":"Linear","EasingDirection":"In"},"Right Arm":{"Weight":1,"CFrame":[0.5933305621147156,-0.21756714582443238,-0.4009833335876465,0.39060455560684206,-0.20444416999816895,0.8975693583488464,0.25066545605659487,0.9618050456047058,0.10999055206775665,-0.8857736587524414,0.18202684819698335,0.42693260312080386],"EasingStyle":"Linear","EasingDirection":"In"},"Left Arm":{"Weight":1,"CFrame":[-0.5933307409286499,-0.21756726503372193,-0.4009830355644226,0.4792679250240326,0.20231449604034425,-0.8540322780609131,0.0997866541147232,0.9541986584663391,0.28204160928726199,0.8719775676727295,-0.22039474546909333,0.43712860345840456],"EasingStyle":"Linear","EasingDirection":"In"},"Head":{"Weight":1,"CFrame":[0.026056915521621705,-0.3152844309806824,-0.12283623218536377,0.9949526786804199,0.043404288589954379,0.090473473072052,-0.05741599574685097,0.9856823086738586,0.15853659808635713,-0.0822969451546669,-0.16293103992938996,0.9831992387771606],"EasingStyle":"Linear","EasingDirection":"In"},"Torso":{"Weight":1,"CFrame":[0.3373240530490875,-0.1928132176399231,-0.5852184295654297,0.9944756627082825,0.01962408982217312,0.10311681777238846,0.01290908269584179,0.9520465731620789,-0.30568066239356997,-0.10417072474956513,0.30532312393188479,0.9465337991714478],"EasingStyle":"Linear","EasingDirection":"In"},"HumanoidRootPart":{"Weight":1,"CFrame":[0,0,0,1,0,0,0,1,0,0,0,1],"EasingStyle":"Linear","EasingDirection":"In"},"Right Leg":{"Weight":1,"CFrame":[0.10395674407482147,0.5061163902282715,-0.04209655523300171,0.7349045872688294,-0.06193539500236511,-0.6753365397453308,0.24305671453475953,0.9537211656570435,0.17702943086624146,0.6331182718276978,-0.2942446768283844,0.7159478068351746],"EasingStyle":"Linear","EasingDirection":"In"}}},{"Time":0.28333333134651186,"poses":{"Left Leg":{"Weight":1,"CFrame":[-0.3467116951942444,0.762214183807373,0.13843369483947755,0.7368646860122681,-0.0861722007393837,0.6705256104469299,-0.02004563994705677,0.9886217713356018,0.14908112585544587,-0.6757429242134094,-0.12329382449388504,0.7267532348632813],"EasingStyle":"Linear","EasingDirection":"In"},"Right Arm":{"Weight":1,"CFrame":[0.5933305621147156,-0.21756696701049806,-0.4009833335876465,0.3914058208465576,-0.20460285246372224,0.8971840143203735,0.247523695230484,0.9624446034431458,0.1115005612373352,-0.8863033056259155,0.17843234539031983,0.42735058069229128],"EasingStyle":"Linear","EasingDirection":"In"},"Left Arm":{"Weight":1,"CFrame":[-0.5933307409286499,-0.21756723523139954,-0.4009830355644226,0.4782184064388275,0.20248277485370637,-0.8545806407928467,0.09760519862174988,0.954777717590332,0.28084248304367068,0.872800350189209,-0.2177158147096634,0.43682903051376345],"EasingStyle":"Linear","EasingDirection":"In"},"Head":{"Weight":1,"CFrame":[0.025366302579641343,-0.3152843117713928,-0.12283575534820557,0.9953691959381104,0.042276591062545779,0.08633037656545639,-0.05563550442457199,0.985752522945404,0.15873441100120545,-0.07838965952396393,-0.1628023087978363,0.9835398197174072],"EasingStyle":"Linear","EasingDirection":"In"},"Torso":{"Weight":1,"CFrame":[0.3166639506816864,-0.18781322240829469,-0.5683045387268066,0.9951336979866028,0.01801377534866333,0.09687409549951554,0.011706181801855564,0.9545708894729614,-0.2977539002895355,-0.09783688187599182,0.29743894934654238,0.949714720249176],"EasingStyle":"Linear","EasingDirection":"In"},"HumanoidRootPart":{"Weight":1,"CFrame":[0,0,0,1,0,0,0,1,0,0,0,1],"EasingStyle":"Linear","EasingDirection":"In"},"Right Leg":{"Weight":1,"CFrame":[0.10706967860460282,0.500643253326416,-0.04100632667541504,0.737088680267334,-0.054648835211992267,-0.6735827326774597,0.23516979813575746,0.9551700949668884,0.17984741926193238,0.6335577964782715,-0.2909699082374573,0.7168970108032227],"EasingStyle":"Linear","EasingDirection":"In"}}},{"Time":0.30000001192092898,"poses":{"Left Leg":{"Weight":1,"CFrame":[-0.34033676981925967,0.7399940490722656,0.13143086433410645,0.7373395562171936,-0.08718940615653992,0.669871985912323,-0.024020757526159288,0.9876244068145752,0.15498767793178559,-0.6750950813293457,-0.1303694099187851,0.726120114326477],"EasingStyle":"Linear","EasingDirection":"In"},"Right Arm":{"Weight":1,"CFrame":[0.5933306217193604,-0.21756649017333985,-0.4009832739830017,0.3922663927078247,-0.20477011799812318,0.8967700600624085,0.24408484995365144,0.9631296396255493,0.11315467953681946,-0.8868764042854309,0.17450116574764253,0.42778465151786806],"EasingStyle":"Linear","EasingDirection":"In"},"Left Arm":{"Weight":1,"CFrame":[-0.5933306813240051,-0.217566579580307,-0.40098315477371218,0.47710341215133669,0.20266424119472505,-0.8551605939865112,0.09514043480157852,0.9554190635681152,0.2795042097568512,0.8736823201179504,-0.2147129774093628,0.4365521967411041],"EasingStyle":"Linear","EasingDirection":"In"},"Head":{"Weight":1,"CFrame":[0.024636732414364816,-0.31528425216674807,-0.12283557653427124,0.9957893490791321,0.04108414798974991,0.0819500982761383,-0.05375286191701889,0.9858247637748718,0.15893515944480897,-0.0742587000131607,-0.1626710146665573,0.9838820099830627],"EasingStyle":"Linear","EasingDirection":"In"},"Torso":{"Weight":1,"CFrame":[0.2952423691749573,-0.1828882098197937,-0.5517404079437256,0.9957715272903442,0.016420910134911538,0.09038466215133667,0.010536659508943558,0.9569849967956543,-0.28994596004486086,-0.09125794470310211,0.289672315120697,0.9527654051780701],"EasingStyle":"Linear","EasingDirection":"In"},"HumanoidRootPart":{"Weight":1,"CFrame":[0,0,0,1,0,0,0,1,0,0,0,1],"EasingStyle":"Linear","EasingDirection":"In"},"Right Leg":{"Weight":1,"CFrame":[0.11054204404354096,0.4957813620567322,-0.03962165117263794,0.7391571402549744,-0.0471406914293766,-0.6718812584877014,0.22701449692249299,0.9566146731376648,0.1826273798942566,0.6341224312782288,-0.28751716017723086,0.7177901864051819],"EasingStyle":"Linear","EasingDirection":"In"}}},{"Time":0.3166666626930237,"poses":{"Left Leg":{"Weight":1,"CFrame":[-0.33284255862236025,0.7178004384040833,0.12380433082580567,0.7379652261734009,-0.08759848773479462,0.6691291928291321,-0.028605351224541665,0.986587643623352,0.16070659458637238,-0.6742323040962219,-0.13773657381534577,0.7255615592002869],"EasingStyle":"Linear","EasingDirection":"In"},"Right Arm":{"Weight":1,"CFrame":[0.593330442905426,-0.2175668478012085,-0.4009833335876465,0.39318710565567019,-0.20494545996189118,0.8963265419006348,0.24033623933792115,0.9638583064079285,0.11495931446552277,-0.8874922394752502,0.17021918296813966,0.4282325208187103],"EasingStyle":"Linear","EasingDirection":"In"},"Left Arm":{"Weight":1,"CFrame":[-0.5933306217193604,-0.21756720542907716,-0.4009830951690674,0.4759216606616974,0.2028590440750122,-0.8557727336883545,0.09237465262413025,0.9561234712600708,0.2780192792415619,0.8746231198310852,-0.21136726438999177,0.43630096316