{"Sequence":[{"Time":0,"poses":{"Left Leg":{"Weight":1,"CFrame":[-0.4273320138454437,0.1839526891708374,0.06348645687103272,0.9737866520881653,-0.16547082364559174,0.15607354044914246,0.15775136649608613,0.9856114983558655,0.06070030853152275,-0.16387204825878144,-0.03448836877942085,0.9858785271644592],"EasingStyle":"Linear","EasingDirection":"In"},"Right Arm":{"Weight":1,"CFrame":[-0.01167963445186615,-0.3153487741947174,-0.035038769245147708,0.5934841632843018,0.11669335514307022,-0.7963411211967468,0.4333382546901703,0.7874483466148377,0.43834131956100466,0.6782289743423462,-0.6052336692810059,0.4167705178260803],"EasingStyle":"Linear","EasingDirection":"In"},"Head":{"Weight":1,"CFrame":[8.742276236262114e-8,0,0,1,-6.357302595461079e-8,8.742277657347586e-8,6.357302595461079e-8,1,0,-8.742277657347586e-8,-2.0850114102149814e-15,1],"EasingStyle":"Linear","EasingDirection":"In"},"Right Leg":{"Weight":1,"CFrame":[0.42024368047714236,0.17579972743988038,0.07401299476623535,0.9708797931671143,0.16634471714496613,-0.17240047454833985,-0.16128045320510865,0.9859680533409119,0.043078191578388217,0.1771472692489624,-0.014019002206623555,0.9840845465660095],"EasingStyle":"Linear","EasingDirection":"In"},"Torso":{"Weight":1,"CFrame":[0,0.21989741921424867,-0.17874407768249513,1,0,-8.742277657347586e-8,0,1,0,8.742277657347586e-8,0,1],"EasingStyle":"Linear","EasingDirection":"In"},"HumanoidRootPart":{"Weight":1,"CFrame":[0,0,0,1,0,0,0,1,0,0,0,1],"EasingStyle":"Linear","EasingDirection":"In"},"Left Arm":{"Weight":1,"CFrame":[4.470348358154297e-8,-0.2803102433681488,0.10511624813079834,-0.5258791446685791,0.2919069826602936,0.7989001274108887,-0.47882136702537539,-0.8778946399688721,0.0055845207534730438,0.7029803395271301,-0.37959370017051699,0.6014378070831299],"EasingStyle":"Linear","EasingDirection":"In"}}},{"Time":0.03333333507180214,"poses":{"Left Leg":{"Weight":1,"CFrame":[-0.42573803663253786,0.18482047319412232,0.03523063659667969,0.9914513230323792,-0.09111882746219635,0.09339041262865067,0.08776451647281647,0.9953608512878418,0.03942419961094856,-0.09654945880174637,-0.03089078515768051,0.9948487877845764],"EasingStyle":"Linear","EasingDirection":"In"},"Right Arm":{"Weight":1,"CFrame":[-0.013475660234689713,-0.29727277159690859,-0.04882824420928955,0.5889666080474854,0.11301242560148239,-0.800216555595398,0.4240705966949463,0.7996819019317627,0.4250565767288208,0.6879553198814392,-0.5896924138069153,0.42306074500083926],"EasingStyle":"Linear","EasingDirection":"In"},"Head":{"Weight":1,"CFrame":[8.987262845039368e-8,2.8536305762827398e-8,-4.172325134277344e-7,0.9999817609786987,-0.00006678661156911403,0.006046487484127283,-0.000057727706007426608,0.9997879862785339,0.02059074304997921,-0.006046582013368607,-0.02059071511030197,0.9997696876525879],"EasingStyle":"Linear","EasingDirection":"In"},"Right Leg":{"Weight":1,"CFrame":[0.4161105453968048,0.2216814160346985,0.10479986667633057,0.9583098888397217,0.16050712764263154,-0.23638874292373658,-0.15244914591312409,0.9869368672370911,0.052104584872722629,0.24166405200958253,-0.013895166106522084,0.9702605605125427],"EasingStyle":"Linear","EasingDirection":"In"},"Torso":{"Weight":1,"CFrame":[0.003985334187746048,0.21179181337356568,-0.1711430549621582,0.9980349540710449,-0.06232984736561775,-0.006417933385819197,0.06214848533272743,0.9977442026138306,-0.025379199534654619,0.00798533670604229,0.02493046037852764,0.999657392501831],"EasingStyle":"Linear","EasingDirection":"In"},"HumanoidRootPart":{"Weight":1,"CFrame":[0,0,0,1,0,0,0,1,0,0,0,1],"EasingStyle":"Linear","EasingDirection":"In"},"Left Arm":{"Weight":1,"CFrame":[-0.00888390839099884,-0.262139230966568,0.12345230579376221,-0.5075560808181763,0.3386174738407135,0.7922910451889038,-0.5209028124809265,-0.8530570268630981,0.03088846616446972,0.686328649520874,-0.39702895283699038,0.6093611717224121],"EasingStyle":"Linear","EasingDirection":"In"}}},{"Time":0.06666667014360428,"poses":{"Left Leg":{"Weight":1,"CFrame":[-0.38085678219795229,0.15757668018341065,0.00948798656463623,0.9994646906852722,0.017850447446107866,0.02741837315261364,-0.018058545887470247,0.9998098611831665,0.007359982468187809,-0.027281837537884713,-0.007851149886846543,0.9995969533920288],"EasingStyle":"Linear","EasingDirection":"In"},"Right Arm":{"Weight":1,"CFrame":[-0.014874391257762909,-0.2770073115825653,-0.059567391872406009,0.5752384066581726,0.10460623353719711,-0.8112696409225464,0.39927834272384646,0.8297005891799927,0.39009469747543337,0.7139171957969666,-0.5483196973800659,0.435508668422699],"EasingStyle":"Linear","EasingDirection":"In"},"Head":{"Weight":1,"CFrame":[9.872019290924072e-8,-4.889443516731262e-9,2.384185791015625e-7,0.9997522234916687,-0.0004436722956597805,0.022256430238485338,-0.0003721427929122001,0.99932861328125,0.03663719445466995,-0.022257737815380098,-0.036636389791965488,0.9990808367729187],"EasingStyle":"Linear","EasingDirection":"In"},"Right Leg":{"Weight":1,"CFrame":[0.4212217330932617,0.3209460377693176,0.13653409481048585,0.9436754584312439,0.135666161775589,-0.3017803132534027,-0.12065546214580536,0.9903675317764282,0.06792962551116944,0.3080892264842987,-0.02769216150045395,0.9509543776512146],"EasingStyle":"Linear","EasingDirection":"In"},"Torso":{"Weight":1,"CFrame":[-0.0023223981261253359,0.21694357693195344,-0.15308666229248048,0.9916969537734985,-0.1264905035495758,-0.02318056859076023,0.12513428926467896,0.9907352924346924,-0.05277356132864952,0.029641160741448404,0.04943469539284706,0.99833744764328],"EasingStyle":"Linear","EasingDirection":"In"},"HumanoidRootPart":{"Weight":1,"CFrame":[0,0,0,1,0,0,0,1,0,0,0,1],"EasingStyle":"Linear","EasingDirection":"In"},"Left Arm":{"Weight":1,"CFrame":[-0.033654749393463138,-0.21880656480789185,0.1671769618988037,-0.42234498262405398,0.4528268873691559,0.7852213382720947,-0.6243753433227539,-0.7733215093612671,0.11013325303792954,0.6570997834205627,-0.4437585771083832,0.6093423962593079],"EasingStyle":"Linear","EasingDirection":"In"}}},{"Time":0.10000000149011612,"poses":{"Left Leg":{"Weight":1,"CFrame":[-0.2865900695323944,0.096699059009552,-0.005864739418029785,0.9883080720901489,0.14903375506401063,-0.032189298421144488,-0.14999455213546754,0.9882367849349976,-0.029828669503331186,0.02736516110599041,0.03430818021297455,0.9990366101264954],"EasingStyle":"Linear","EasingDirection":"In"},"Right Arm":{"Weight":1,"CFrame":[-0.01592550054192543,-0.2557069659233093,-0.06763774156570435,0.5557560920715332,0.09313949197530747,-0.8261115550994873,0.36041924357414248,0.868468701839447,0.34038251638412478,0.7491549849510193,-0.4869161546230316,0.4490874707698822],"EasingStyle":"Linear","EasingDirection":"In"},"Head":{"Weight":1,"CFrame":[1.0803341865539551e-7,2.60770320892334e-8,-1.7881393432617188e-7,0.9989542961120606,-0.0012341166147962213,0.045703835785388949,-0.0009930558735504747,0.9988141655921936,0.048675671219825748,-0.04570970684289932,-0.04867015406489372,0.9977684617042542],"EasingStyle":"Linear","EasingDirection":"In"},"Right Leg":{"Weight":1,"CFrame":[0.3900280296802521,0.4338255524635315,0.14870131015777589,0.9299166202545166,0.07544206082820893,-0.3599494695663452,-0.04698595032095909,0.9950845241546631,0.08717399090528488,0.36475682258605959,-0.0641520619392395,0.9288902282714844],"EasingStyle":"Linear","EasingDirection":"In"},"Torso":{"Weight":1,"CFrame":[-0.01599138230085373,0.22153273224830628,-0.131727933883667,0.9818903207778931,-0.18354396522045136,-0.04693838953971863,0.1793634593486786,0.9803932309150696,-0.08159688860177994,0.060994695872068408,0.07170016318559647,0.9955595135688782],"EasingStyle":"Linear","EasingDirection":"In"},"HumanoidRootPart":{"Weight":1,"CFrame":[0,0,0,1,0,0,0,1,0,0,0,1],"EasingStyle":"Linear","EasingDirection":"In"},"Left Arm":{"Weight":1,"CFrame":[-0.07149077951908112,-0.1670876145362854,0.21936440467834474,-0.26170533895492556,0.6027305126190186,0.7538079023361206,-0.7515230774879456,-0.6173117756843567,0.23267874121665955,0.6055769324302673,-0.5056107640266419,0.6145196557044983],"EasingStyle":"Linear","EasingDirection":"In"}}},{"Time":0.13333334028720857,"poses":{"Left Leg":{"Weight":1,"CFrame":[-0.04211476445198059,-0.03254735469818115,-0.0028214454650878908,0.9348219037055969,0.34691381454467776,-0.07588762044906616,-0.3519707918167114,0.9335196614265442,-0.06824732571840286,0.047166626900434497,0.090509332716465,0.9947780966758728],"EasingStyle":"Linear","EasingDirection":"In"},"Right Arm":{"Weight":1,"CFrame":[-0.016678547486662866,-0.23452228307724,-0.07342040538787842,0.5338504314422607,0.08061842620372772,-0.8417270183563232,0.3097594082355499,0.9076017737388611,0.28338709473609927,0.7867991924285889,-0.4120192229747772,0.45955127477645876],"EasingStyle":"Linear","EasingDirection":"In"},"Head":{"Weight":1,"CFrame":[2.0489096641540528e-8,-6.51925802230835e-8,-2.384185791015625e-7,0.997296929359436,-0.002392446156591177,0.07343855500221253,-0.0018216464668512345,0.9983575344085693,0.05726204067468643,-0.07345495373010636,-0.05724101513624191,0.9956544637680054],"EasingStyle":"Linear","EasingDirection":"In"},"Right Leg":{"Weight":1,"CFrame":[0.3221631646156311,0.5046611428260803,0.13383078575134278,0.9150939583778381,-0.014054668135941029,-0.4029957354068756,0.062083546072244647,0.9923871755599976,0.10636499524116516,0.39843297004699709,-0.12235336750745774,0.9089999794960022],"EasingStyle":"Linear","EasingDirection":"In"},"Torso":{"Weight":1,"CFrame":[-0.0346188098192215,0.21239924430847169,-0.11405515670776367,0.9714919924736023,-0.22489520907402039,-0.07500313222408295,0.21605046093463899,0.9701163172721863,-0.11043809354305268,0.09759876877069473,0.09108525514602661,0.9910489320755005],"EasingStyle":"Linear","EasingDirection":"In"},"HumanoidRootPart":{"Weight":1,"CFrame":[0,0,0,1,0,0,0,1,0,0,0,1],"EasingStyle":"Linear","EasingDirection":"In"},"Left Arm":{"Weight":1,"CFrame":[-0.11957055330276489,-0.12375620007514954,0.2630887031555176,-0.022240007296204568,0.742061197757721,0.669963002204895,-0.8507353067398071,-0.3660346567630768,0.37718454003334048,0.5251237154006958,-0.5615727305412293,0.6394383311271668],"EasingStyle":"Linear","EasingDirection":"In"}}},{"Time":0.1666666716337204,"poses":{"Left Leg":{"Weight":1,"CFrame":[-0.051471367478370669,-0.05109071731567383,-0.005266845226287842,0.9292629957199097,0.35709691047668459,-0.09461621195077896,-0.3660445213317871,0.9246008992195129,-0.10547362267971039,0.04981791973114014,0.13264648616313935,0.9899106621742249],"EasingStyle":"Linear","EasingDirection":"In"},"Right Arm":{"Weight":1,"CFrame":[-0.017183564603328706,-0.21460527181625367,-0.07729679346084595,0.5123893618583679,0.06975773721933365,-0.8559153079986572,0.25089266896247866,0.9410489201545715,0.2268916368484497,0.821285605430603,-0.3309997618198395,0.4646817147731781],"EasingStyle":"Linear","EasingDirection":"In"},"Head":{"Weight":1,"CFrame":[1.1920928955078126e-7,5.587935447692871e-8,2.384185791015625e-7,0.9947240352630615,-0.0037952670827507974,0.10251662135124207,-0.0026821461506187917,0.9980117678642273,0.06297238171100617,-0.10255176573991776,-0.06291513890028,0.9927361011505127],"EasingStyle":"Linear","EasingDirection":"In"},"Right Leg":{"Weight":1,"CFrame":[0.24437731504440309,0.5054042935371399,0.10244381427764893,0.8987201452255249,-0.11400486528873444,-0.4234441816806793,0.18234802782535554,0.9753293991088867,0.12442633509635925,0.3988124132156372,-0.1890387237071991,0.8973367214202881],"EasingStyle":"Linear","EasingDirection":"In"},"Torso":{"Weight":1,"CFrame":[-0.05639982223510742,0.17858606576919557,-0.10673666000366211,0.9644420742988586,-0.2423534095287323,-0.1054338663816452,0.2272888422012329,0.9641305804252625,-0.13708461821079255,0.13487492501735688,0.10824626684188843,0.9849322438240051],"EasingStyle":"Linear","EasingDirection":"In"},"HumanoidRootPart":{"Weight":1,"CFrame":[0,0,0,1,0,0,0,1,0,0,0,1],"EasingStyle":"Linear","EasingDirection":"In"},"Left Arm":{"Weight":1,"CFrame":[-0.1750723421573639,-0.10558438301086426,0.28142499923706057,0.27806684374809267,0.8126383423805237,0.5121500492095947,-0.8634988069534302,-0.022082926705479623,0.5038673877716065,0.42077162861824038,-0.5823497772216797,0.6955717206001282],"EasingStyle":"Linear","EasingDirection":"In"}}},{"Time":0.20000000298023225,"poses":{"Left Leg":{"Weight":1,"CFrame":[-0.04286402463912964,-0.0687556266784668,-0.0065882205963134769,0.9348094463348389,0.34662362933158877,-0.07735193520784378,-0.3544210195541382,0.9244402647018433,-0.14069828391075135,0.022737843915820123,0.15894129872322083,0.9870262742042542],"EasingStyle":"Linear","EasingDirection":"In"},"Right Arm":{"Weight":1,"CFrame":[-0.017489857971668245,-0.19710934162139893,-0.07964789867401123,0.49351799488067629,0.06389893591403961,-0.8673851490020752,0.18836946785449983,0.9657730460166931,0.17832383513450623,0.8490918874740601,-0.25139492750167849,0.4645897150039673],"EasingStyle":"Linear","EasingDirection":"In"},"Head":{"Weight":1,"CFrame":[1.1734664440155029e-7,9.313225746154785e-8,-3.5762786865234377e-7,0.9914950728416443,-0.0052976482547819618,0.13003677129745484,-0.0033774548210203649,0.9977872371673584,0.06640160083770752,-0.1301007717847824,-0.06627605110406876,0.9892832040786743],"EasingStyle":"Linear","EasingDirection":"In"},"Right Leg":{"Weight":1,"CFrame":[0.18358540534973145,0.46827220916748049,0.06496524810791016,0.8863997459411621,-0.2129438817501068,-0.41103580594062807,0.29322177171707156,0.9453531503677368,0.14257770776748658,0.35821303725242617,-0.24690558016300202,0.9004006385803223],"EasingStyle":"Linear","EasingDirection":"In"},"Torso":{"Weight":1,"CFrame":[-0.08015918731689453,0.12240210175514221,-0.11890530586242676,0.9645928740501404,-0.22532318532466889,-0.13707676529884339,0.2031800001859665,0.9662267565727234,-0.15850470960140229,0.1681620180606842,0.12504126131534577,0.9777966141700745],"EasingStyle":"Linear","EasingDirection":"In"},"HumanoidRootPart":{"Weight":1,"CFrame":[0,0,0,1,0,0,0,1,0,0,0,1],"EasingStyle":"Linear","EasingDirection":"In"},"Left Arm":{"Weight":1,"CFrame":[-0.23517459630966187,-0.11603233218193054,0.2576035261154175,0.582394540309906,0.7629624605178833,0.28054413199424746,-0.74820476770401,0.3681807219982147,0.5519353151321411,0.3178149163722992,-0.5313485860824585,0.7852786779403687],"EasingStyle":"Linear","EasingDirection":"In"}}},{"Time":0.23333333432674409,"poses":{"Left Leg":{"Weight":1,"CFrame":[-0.07731597125530243,-0.06267380714416504,-0.00517803430557251,0.9591400027275086,0.2818547785282135,-0.024664340540766717,-0.28182750940322878,0.9440643787384033,-0.17121878266334535,-0.024974137544631959,0.17117393016815186,0.9849242568016052],"EasingStyle":"Linear","EasingDirection":"In"},"Right Arm":{"Weight":1,"CFrame":[-0.017646953463554384,-0.1831856071949005,-0.0808553695678711,0.47860902547836306,0.06675609946250916,-0.8754867315292358,0.12690122425556184,0.9813772439956665,0.144204244017601,0.8688093423843384,-0.18011771142482758,0.4612245261669159],"EasingStyle":"Linear","EasingDirection":"In"},"Head":{"Weight":1,"CFrame":[1.341104507446289e-7,-3.725290298461914e-8,-2.980232238769531e-7,0.9881769418716431,-0.006772153079509735,0.15316833555698396,-0.0037272763438522817,0.9976677298545837,0.06815747171640396,-0.15327264368534089,-0.06792255491018295,0.9858469367027283],"EasingStyle":"Linear","EasingDirection":"In"},"Right Leg":{"Weight":1,"CFrame":[0.15486617386341096,0.43056195974349978,0.03120720386505127,0.881737470626831,-0.29791179299354555,-0.36577004194259646,0.37556421756744387,0.9125047326087952,0.16213218867778779,0.2854658365249634,-0.2803281843662262,0.916474461555481],"EasingStyle":"Linear","EasingDirection":"In"},"Torso":{"Weight":1,"CFrame":[-0.10387682914733887,0.05141341686248779,-0.15635991096496583,0.9703086018562317,-0.17427155375480653,-0.1677219718694687,0.14528103172779084,0.974341630935669,-0.1719069629907608,0.19337695837020875,0.1424359828233719,0.9707304239273071],"EasingStyle":"Linear","EasingDirection":"In"},"HumanoidRootPart":{"Weight":1,"CFrame":[0,0,0,1,0,0,0,1,0,0,0,1],"EasingStyle":"Linear","EasingDirection":"In"},"Left Arm":{"Weight":1,"CFrame":[-0.2970559895038605,-0.14357641339302064,0.19480133056640626,0.7994310259819031,0.6005131006240845,0.017156653106212617,-0.5384381413459778,0.7035430073738098,0.46380114555358889,0.2664481997489929,-0.3800148367881775,0.8857731819152832],"EasingStyle":"Linear","EasingDirection":"In"}}},{"Time":0.2666666805744171,"poses":{"Left Leg":{"Weight":1,"CFrame":[-0.2774263322353363,0.011242091655731202,0.02801370620727539,0.9949589967727661,0.08388558775186539,0.05495285242795944,-0.07193189859390259,0.9788011908531189,-0.19176553189754487,-0.06987432390451431,0.18684589862823487,0.9799011945724487],"EasingStyle":"Linear","EasingDirection":"In"},"Right Arm":{"Weight":1,"CFrame":[-0.01770494133234024,-0.1739858090877533,-0.08130019903182984,0.4684496819972992,0.08225914090871811,-0.8796524405479431,0.07066944986581803,0.9889770746231079,0.13011658191680909,0.880659282207489,-0.1231175884604454,0.4574728012084961],"EasingStyle":"Linear","EasingDirection":"In"},"Head":{"Weight":1,"CFrame":[2.253800630569458e-7,2.0489096641540528e-8,8.344650268554688e-7,0.9855568408966065,-0.008129715919494629,0.16914957761764527,-0.0035874834284186365,0.9976205229759216,0.0688505619764328,-0.16930681467056275,-0.06846294552087784,0.9831826686859131],"EasingStyle":"Linear","EasingDirection":"In"},"Right Leg":{"Weight":1,"CFrame":[0.17282649874687196,0.42286330461502077,0.005075812339782715,0.8903121948242188,-0.3469313383102417,-0.2949286103248596,0.4089321494102478,0.8940832614898682,0.18272806704044343,0.20029668509960175,-0.283290833234787,0.9378846287727356],"EasingStyle":"Linear","EasingDirection":"In"},"Torso":{"Weight":1,"CFrame":[-0.12411293387413025,-0.027770042419433595,-0.20665907859802247,0.9762765169143677,-0.0973990261554718,-0.19338476657867433,0.06320639699697495,0.9824115037918091,-0.17570661008358003,0.20709705352783204,0.1593150943517685,0.9652613997459412],"EasingStyle":"Linear","EasingDirection":"In"},"HumanoidRootPart":{"Weight":1,"CFrame":[0,0,0,1,0,0,0,1,0,0,0,1],"EasingStyle":"Linear","EasingDirection":"In"},"Left Arm":{"Weight":1,"CFrame":[-0.3578944206237793,-0.18251699209213258,0.10601210594177246,0.885777473449707,0.4067434072494507,-0.2235134243965149,-0.348937451839447,0.9011837840080261,0.25711938738822939,0.3060082793235779,-0.14975841343402863,0.940176248550415],"EasingStyle":"Linear","EasingDirection":"In"}}},{"Time":0.30000001192092898,"poses":{"Left Leg":{"Weight":1,"CFrame":[-0.3521019220352173,0.029248714447021486,0.07750499248504639,0.9863094687461853,-0.06283136457204819,0.1524658501148224,0.09248769283294678,0.9762323498725891,-0.19600129127502442,-0.13652712106704713,0.20741920173168183,0.96867835521698],"EasingStyle":"Linear","EasingDirection":"In"},"Right Arm":{"Weight":1,"CFrame":[-0.017713259905576707,-0.17066365480422975,-0.0813634991645813,0.4636083245277405,0.1146097481250763,-0.8785966038703919,0.02301439642906189,0.989706814289093,0.14124763011932374,0.8857413530349731,-0.08570389449596405,0.4561986029148102],"EasingStyle":"Linear","EasingDirection":"In"},"Head":{"Weight":1,"CFrame":[5.4016709327697757e-8,-3.0850060284137729e-8,-1.7881393432617188e-7,0.9844815731048584,-0.009322079829871655,0.1752406358718872,-0.002850521821528673,0.9976068735122681,0.06908249855041504,-0.17546525597572328,-0.06850998103618622,0.9820989370346069],"EasingStyle":"Linear","EasingDirection":"In"},"Right Leg":{"Weight":1,"CFrame":[0.25200676918029787,0.4709448218345642,-0.02276754379272461,0.9189825057983398,-0.3358067572116852,-0.20665204524993897,0.3759194612503052,0.9043216109275818,0.20220516622066499,0.11897814273834229,-0.263507604598999,0.9572920799255371],"EasingStyle":"Linear","EasingDirection":"In"},"Torso":{"Weight":1,"CFrame":[-0.13659942150115968,-0.10955294966697693,-0.2563011646270752,0.9778996109962463,-0.0035229595378041269,-0.20904541015625,-0.032750118523836139,0.9849339723587036,-0.16980144381523133,0.20649412274360658,0.17289501428604127,0.9630511403083801],"EasingStyle":"Linear","EasingDirection":"In"},"HumanoidRootPart":{"Weight":1,"CFrame":[0,0,0,1,0,0,0,1,0,0,0,1],"EasingStyle":"Linear","EasingDirection":"In"},"Left Arm":{"Weight":1,"CFrame":[-0.4148048162460327,-0.2271580994129181,0.004229187965393066,0.8611777424812317,0.27570345997810366,-0.42703697085380556,-0.3025446832180023,0.9531208276748657,0.005231157410889864,0.4084600508213043,0.12469276040792465,0.9042191505432129],"EasingStyle":"Linear","EasingDirection":"In"}}},{"Time":0.3333333432674408,"poses":{"Left Leg":{"Weight":1,"CFrame":[-0.3690931797027588,0.016575932502746583,0.12985455989837647,0.9472175240516663,-0.19073592126369477,0.25767967104911806,0.2407420128583908,0.9539745450019836,-0.17881828546524049,-0.2117128223180771,0.23141412436962129,0.9495394825935364],"EasingStyle":"Linear","EasingDirection":"In"},"Right Arm":{"Weight":1,"CFrame":[-0.017327487468719484,-0.18254399299621583,-0.07174950838088989,0.4649270176887512,0.1759524792432785,-0.8676887154579163,-0.005937203764915466,0.9806503653526306,0.1956777572631836,0.8853291869163513,-0.08582417666912079,0.4569755494594574],"EasingStyle":"Linear","EasingDirection":"In"},"Head":{"Weight":1,"CFrame":[4.0978193283081057e-8,-7.450580596923828e-8,-1.1920928955078126e-7,0.9838201999664307,-0.04171653464436531,0.17423444986343385,0.030442114919424058,0.9972960352897644,0.06688784062862396,-0.1765536516904831,-0.060501545667648318,0.9824299216270447],"EasingStyle":"Linear","EasingDirection":"In"},"Right Leg":{"Weight":1,"CFrame":[0.35138481855392458,0.5248010754585266,-0.06090438365936279,0.9506104588508606,-0.2902349531650543,-0.11001657694578171,0.3078288435935974,0.9269782304763794,0.21436601877212525,0.03976653143763542,-0.23764488101005555,0.9705378413200378],"EasingStyle":"Linear","EasingDirection":"In"},"Torso":{"Weight":1,"CFrame":[-0.13805943727493287,-0.18792814016342164,-0.2921428680419922,0.9727078080177307,0.09755528718233109,-0.21052902936935426,-0.13163019716739655,0.9791960716247559,-0.1544298231601715,0.19108375906944276,0.17792707681655885,0.9653128981590271],"EasingStyle":"Linear","EasingDirection":"In"},"HumanoidRootPart":{"Weight":1,"CFrame":[0,0,0,1,0,0,0,1,0,0,0,1],"EasingStyle":"Linear","EasingDirection":"In"},"Left Arm":{"Weight":1,"CFrame":[-0.46464645862579348,-0.2717982232570648,-0.09755384922027588,0.7746586799621582,0.21462459862232209,-0.5948447585105896,-0.4026680290699005,0.8927130103111267,-0.20229175686836244,0.4876088798046112,0.39623206853866579,0.7779703736305237],"EasingStyle":"Linear","EasingDirection":"In"}}},{"Time":0.36666667461395266,"poses":{"Left Leg":{"Weight":1,"CFrame":[-0.33122795820236208,-0.015738725662231447,0.1680622100830078,0.8877098560333252,-0.2890574336051941,0.35835328698158266,0.357755571603775,0.9229997992515564,-0.14171263575553895,-0.28979694843292239,0.2540026307106018,0.9227678179740906],"EasingStyle":"Linear","EasingDirection":"In"},"Right Arm":{"Weight":1,"CFrame":[-0.016229689121246339,-0.21434256434440614,-0.04661154747009277,0.47741854190826418,0.2670357823371887,-0.8371161818504334,-0.012350345030426979,0.9546470046043396,0.29748377203941347,0.8785891532897949,-0.13168561458587647,0.4590641260147095],"EasingStyle":"Linear","EasingDirection":"In"},"Head":{"Weight":1,"CFrame":[5.21540641784668e-8,1.4901161193847657e-8,-1.1920928955078126e-7,0.9783457517623901,-0.11735063046216965,0.17049527168273927,0.10836201906204224,0.9922298789024353,0.06113550066947937,-0.17634475231170655,-0.04133642464876175,0.9834601879119873],"EasingStyle":"Linear","EasingDirection":"In"},"Right Leg":{"Weight":1,"CFrame":[0.43085673451423647,0.5305007100105286,-0.09760963916778565,0.9691343307495117,-0.24605639278888703,-0.015327711589634419,0.2435576170682907,0.9459538459777832,0.21412862837314607,-0.03818836063146591,-0.21125264465808869,0.9766852259635925],"EasingStyle":"Linear","EasingDirection":"In"},"Torso":{"Weight":1,"CFrame":[-0.1287708282470703,-0.25964775681495669,-0.3027842044830322,0.9606895446777344,0.19466078281402589,-0.19794638454914094,-0.22316107153892518,0.9655975699424744,-0.13349339365959168,0.16515061259269715,0.17241963744163514,0.9710801839828491],"EasingStyle":"Linear","EasingDirection":"In"},"HumanoidRootPart":{"Weight":1,"CFrame":[0,0,0,1,0,0,0,1,0,0,0,1],"EasingStyle":"Linear","EasingDirection":"In"},"Left Arm":{"Weight":1,"CFrame":[-0.5042151808738709,-0.31074002385139468,-0.18634313344955445,0.6649730205535889,0.17552371323108674,-0.7259493470191956,-0.553835391998291,0.7679998278617859,-0.32162511348724368,0.5010760426521301,0.6159284710884094,0.6079103350639343],"EasingStyle":"Linear","EasingDirection":"In"}}},{"Time":0.4000000059604645,"poses":{"Left Leg":{"Weight":1,"CFrame":[-0.2541922628879547,-0.04561007022857666,0.18155789375305177,0.8246167898178101,-0.35302338004112246,0.4420199990272522,0.43273770809173586,0.8969187140464783,-0.0909675732254982,-0.3643423318862915,0.2662920653820038,0.8923806548118591],"EasingStyle":"Linear","EasingDirection":"In"},"Right Arm":{"Weight":1,"CFrame":[-0.01450878381729126,-0.260295033454895,-0.01150733232498169,0.5099427103996277,0.370434433221817,-0.7763614058494568,-0.003347020596265793,0.9033745527267456,0.4288391172885895,0.8602018356323242,-0.21608485281467439,0.46190914511680605],"EasingStyle":"Linear","EasingDirection":"In"},"Head":{"Weight":1,"CFrame":[1.341104507446289e-7,2.2351741790771486e-8,0,0.9647036790847778,-0.2064165621995926,0.1635209321975708,0.2002500742673874,0.9782820343971252,0.05351976677775383,-0.17101693153381349,-0.01888563111424446,0.9850870966911316],"EasingStyle":"Linear","EasingDirection":"In"},"Right Leg":{"Weight":1,"CFrame":[0.48724645376205447,0.49630725383758547,-0.12356734275817871,0.9764253497123718,-0.20537890493869782,0.06643159687519074,0.18852518498897553,0.9612926840782166,0.20093433558940888,-0.10512784123420716,-0.1836734265089035,0.977349579334259],"EasingStyle":"Linear","EasingDirection":"In"},"Torso":{"Weight":1,"CFrame":[-0.11039716005325318,-0.3231784999370575,-0.28943419456481936,0.9452200531959534,0.2765359878540039,-0.17345590889453889,-0.2980444133281708,0.9478355646133423,-0.11303682625293732,0.1331489235162735,0.1585422307252884,0.9783331751823425],"EasingStyle":"Linear","EasingDirection":"In"},"HumanoidRootPart":{"Weight":1,"CFrame":[0,0,0,1,0,0,0,1,0,0,0,1],"EasingStyle":"Linear","EasingDirection":"In"},"Left Arm":{"Weight":1,"CFrame":[-0.5303062796592712,-0.33828428387641909,-0.2491452693939209,0.549792468547821,0.1591242104768753,-0.8200048208236694,-0.7049312591552734,0.6150264143943787,-0.35329097509384158,0.4481074810028076,0.7722837328910828,0.45030835270881655],"EasingStyle":"Linear","EasingDirection":"In"}}},{"Time":0.4333333373069763,"poses":{"Left Leg":{"Weight":1,"CFrame":[-0.17076316475868226,-0.05595958232879639,0.17334747314453126,0.7737792134284973,-0.3906652629375458,0.49864456057548525,0.46839913725852969,0.8828154802322388,-0.03519994392991066,-0.42645981907844546,0.26080167293548586,0.8660915493965149],"EasingStyle":"Linear","EasingDirection":"In"},"Right Arm":{"Weight":1,"CFrame":[-0.01225375011563301,-0.31463682651519778,0.028005242347717286,0.5702936053276062,0.45864754915237429,-0.6814747452735901,0.010578760877251625,0.8254393339157105,0.5643916726112366,0.8213728070259094,-0.3290780782699585,0.4658908545970917],"EasingStyle":"Linear","EasingDirection":"In"},"Head":{"Weight":1,"CFrame":[7.450580596923828e-8,5.21540641784668e-8,1.1920928955078126e-7,0.9479905366897583,-0.2795259654521942,0.1522476226091385,0.27575093507766726,0.9601370692253113,0.045806799083948138,-0.15898281335830689,-0.0014420022489503027,0.9872803092002869],"EasingStyle":"Linear","EasingDirection":"In"},"Right Leg":{"Weight":1,"CFrame":[0.5179529786109924,0.43990904092788699,-0.13323771953582765,0.9774963855743408,-0.17007973790168763,0.12479499727487564,0.1469690501689911,0.9734469652175903,0.17550276219844819,-0.15133075416088105,-0.153212308883667,0.97653728723526],"EasingStyle":"Linear","EasingDirection":"In"},"Torso":{"Weight":1,"CFrame":[-0.08566132187843323,-0.37588971853256228,-0.2640104293823242,0.9323033094406128,0.333255410194397,-0.14053981006145478,-0.3480157256126404,0.9323804378509522,-0.09773313999176026,0.09846647828817368,0.1400269865989685,0.985239565372467],"EasingStyle":"Linear","EasingDirection":"In"},"HumanoidRootPart":{"Weight":1,"CFrame":[0,0,0,1,0,0,0,1,0,0,0,1],"EasingStyle":"Linear","EasingDirection":"In"},"Left Arm":{"Weight":1,"CFrame":[-0.5397152304649353,-0.34873199462890627,-0.2729668617248535,0.4443535804748535,0.16299018263816834,-0.8808996081352234,-0.829007089138031,0.4475165903568268,-0.33537474274635317,0.33955439925193789,0.8792969584465027,0.33397558331489565],"EasingStyle":"Linear","EasingDirection":"In"}}},{"Time":0.46666666865348818,"poses":{"Left Leg":{"Weight":1,"CFrame":[-0.10815358906984329,-0.045482635498046878,0.1526937484741211,0.7502313256263733,-0.40724772214889529,0.5208670496940613,0.4683613181114197,0.883390486240387,0.016087235882878305,-0.46668052673339846,0.23188485205173493,0.8534862995147705],"EasingStyle":"Linear","EasingDirection":"In"},"Right Arm":{"Weight":1,"CFrame":[-0.00955355353653431,-0.37160417437553408,0.06636917591094971,0.6584782004356384,0.4986758828163147,-0.5636746287345886,0.016928447410464288,0.738966166973114,0.6735297441482544,0.7524093985557556,-0.4530467689037323,0.4781513512134552],"EasingStyle":"Linear","EasingDirection":"In"},"Head":{"Weight":1,"CFrame":[7.450580596923828e-8,0,-2.384185791015625e-7,0.9411905407905579,-0.309806764125824,0.13483427464962007,0.3071954548358917,0.9507932066917419,0.04029123857617378,-0.14068198204040528,0.003498741891235113,0.9900487661361694],"EasingStyle":"Linear","EasingDirection":"In"},"Right Leg":{"Weight":1,"CFrame":[0.5164238214492798,0.37013566493988039,-0.12100672721862793,0.9778301119804382,-0.14605414867401124,0.1500554382801056,0.12535201013088227,0.9822918176651001,0.1392470747232437,-0.16773585975170136,-0.11735022813081742,0.978822648525238],"EasingStyle":"Linear","EasingDirection":"In"},"Torso":{"Weight":1,"CFrame":[-0.05769813060760498,-0.4138643145561218,-0.23165178298950196,0.9287070035934448,0.35616573691368105,-0.10319561511278153,-0.36536839604377749,0.9264388680458069,-0.09064743667840958,0.06331892311573029,0.12188932299613953,0.9905219674110413],"EasingStyle":"Linear","EasingDirection":"In"},"HumanoidRootPart":{"Weight":1,"CFrame":[0,0,0,1,0,0,0,1,0,0,0,1],"EasingStyle":"Linear","EasingDirection":"In"},"Left Arm":{"Weight":1,"CFrame":[-0.5229746103286743,-0.33660030364990237,-0.260781466960907,0.3824259042739868,0.2097497582435608,-0.8998641967773438,-0.9105366468429565,0.2511118948459625,-0.32842957973480227,0.1570785790681839,0.9449591636657715,0.28701648116111758],"EasingStyle":"Linear","EasingDirection":"In"}}},{"Time":0.5,"poses":{"Left Leg":{"Weight":1,"CFrame":[-0.08455290645360947,-0.021847844123840333,0.1343538761138916,0.7574506998062134,-0.40740904211997988,0.5101828575134277,0.4428417980670929,0.8947822451591492,0.05706077814102173,-0.4797496199607849,0.18270961940288545,0.8581711053848267],"EasingStyle":"Linear","EasingDirection":"In"},"Right Arm":{"Weight":1,"CFrame":[-0.006497502326965332,-0.425432026386261,0.09802663326263428,0.7622023224830627,0.46054282784461977,-0.45491552352905276,0.02925891801714897,0.6775192618370056,0.7349227666854858,0.6466773152351379,-0.5734701752662659,0.5029318928718567],"EasingStyle":"Linear","EasingDirection":"In"},"Head":{"Weight":1,"CFrame":[1.043081283569336e-7,3.725290298461914e-9,-1.7881393432617188e-7,0.9484671950340271,-0.3008102774620056,0.09961623698472977,0.2985575199127197,0.9536682367324829,0.037154827266931537,-0.10617739707231522,-0.005498962011188269,0.9943320751190186],"EasingStyle":"Linear","EasingDirection":"In"},"Right Leg":{"Weight":1,"CFrame":[0.47716331481933596,0.2933446764945984,-0.08936017751693726,0.9795035123825073,-0.14352287352085114,0.14133009314537049,0.13085733354091645,0.9868190288543701,0.09520848095417023,-0.15313175320625306,-0.07476296275854111,0.9853736758232117],"EasingStyle":"Linear","EasingDirection":"In"},"Torso":{"Weight":1,"CFrame":[-0.029401779174804689,-0.43087202310562136,-0.1969146728515625,0.9362647533416748,0.34520676732063296,-0.06511976569890976,-0.3500993549823761,0.9321882724761963,-0.091953344643116,0.028960971161723138,0.108891062438488,0.9936317205429077],"EasingStyle":"Linear","EasingDirection":"In"},"HumanoidRootPart":{"Weight":1,"CFrame":[0,0,0,1,0,0,0,1,0,0,0,1],"EasingStyle":"Linear","EasingDirection":"In"},"Left Arm":{"Weight":1,"CFrame":[-0.4784427285194397,-0.3045072555541992,-0.2283233404159546,0.358441561460495,0.325021356344223,-0.875146210193634,-0.9274616241455078,0.017072120681405069,-0.3735283613204956,-0.10646404325962067,0.9455525875091553,0.3075641691684723],"EasingStyle":"Linear","EasingDirection":"In"}}},{"Time":0.5333333611488342,"poses":{"Left Leg":{"Weight":1,"CFrame":[-0.09230882674455643,0.004986822605133057,0.12109363079071045,0.7848049402236939,-0.3970847427845001,0.47582027316093447,0.40622687339782717,0.9094347357749939,0.08892791718244553,-0.4680393934249878,0.12349994480609894,0.8750353455543518],"EasingStyle":"Linear","EasingDirection":"In"},"Right Arm":{"Weight":1,"CFrame":[-0.003174304962158203,-0.4703570604324341,0.11742055416107178,0.8592368960380554,0.3510396182537079,-0.3721332848072052,0.06402594596147537,0.6479122042655945,0.7590192556381226,0.5075555443763733,-0.6760036945343018,0.5342345833778381],"EasingStyle":"Linear","EasingDirection":"In"},"Head":{"Weight":1,"CFrame":[8.102506399154663e-8,-8.381903171539307e-8,0,0.9603971838951111,-0.2747667133808136,0.046267177909612659,0.27331677079200747,0.9612756967544556,0.0353148989379406,-0.0541788674890995,-0.021270738914608957,0.9983047246932983],"EasingStyle":"Linear","EasingDirection":"In"},"Right Leg":{"Weight":1,"CFrame":[0.4068378210067749,0.21570360660552979,-0.051205217838287356,0.9815822243690491,-0.158295676112175,0.10695315152406693,0.15366992354393006,0.9868441820144653,0.05024092644453049,-0.1134989857673645,-0.032880138605833057,0.992993950843811],"EasingStyle":"Linear","EasingDirection":"In"},"Torso":{"Weight":1,"CFrame":[-0.003053225576877594,-0.4333893358707428,-0.16368794441223145,0.9505207538604736,0.30928176641464236,-0.029242269694805146,-0.3106521666049957,0.9455596208572388,-0.0970168486237526,-0.002355235628783703,0.10130070149898529,0.9948530793190002],"EasingStyle":"Linear","EasingDirection":"In"},"HumanoidRootPart":{"Weight":1,"CFrame":[0,0,0,1,0,0,0,1,0,0,0,1],"EasingStyle":"Linear","EasingDirection":"In"},"Left Arm":{"Weight":1,"CFrame":[-0.41465505957603457,-0.2589073181152344,-0.1817389726638794,0.3254212439060211,0.4961504638195038,-0.8049446940422058,-0.8534032106399536,-0.21247832477092744,-0.47597891092300417,-0.4071904420852661,0.8418359160423279,0.35427138209342959],"EasingStyle":"Linear","EasingDirection":"In"}}},{"Time":0.5666666626930237,"poses":{"Left Leg":{"Weight":1,"CFrame":[-0.12040956318378449,0.029306352138519288,0.10874569416046143,0.8225259780883789,-0.3810984790325165,0.42215508222579958,0.3691862225532532,0.9224131107330322,0.11338270455598831,-0.4326114356517792,0.06259357929229737,0.8994051218032837],"EasingStyle":"Linear","EasingDirection":"In"},"Right Arm":{"Weight":1,"CFrame":[0.00032688677310943604,-0.5006149411201477,0.11938631534576416,0.9290093183517456,0.20138728618621827,-0.3104591965675354,0.11524596065282822,0.6397801637649536,0.7598682045936585,0.3516532778739929,-0.7417038679122925,0.5711526274681091],"EasingStyle":"Linear","EasingDirection":"In"},"Head":{"Weight":1,"CFrame":[8.568167686462403e-8,-4.0046870708465579e-8,1.1920928955078126e-7,0.9720966815948486,-0.23436138033866883,-0.010145088657736779,0.23457643389701844,0.971433699131012,0.03592364117503166,0.001436166581697762,-0.03730105236172676,0.9993030428886414],"EasingStyle":"Linear","EasingDirection":"In"},"Right Leg":{"Weight":1,"CFrame":[0.3203086853027344,0.14659565687179566,-0.017429888248443605,0.983242928981781,-0.1749064326286316,0.051392171531915668,0.1745612621307373,0.9845830202102661,0.011163601651787758,-0.05255240574479103,-0.0020055172499269249,0.9986161589622498],"EasingStyle":"Linear","EasingDirection":"In"},"Torso":{"Weight":1,"CFrame":[0.0192885622382164,-0.43185657262802126,-0.13554763793945313,0.9674366116523743,0.2531075179576874,0.0017843819223344327,-0.2516334056854248,0.9625155925750732,-0.10121461004018784,-0.027335675433278085,0.09746970236301422,0.9948630332946777],"EasingStyle":"Linear","EasingDirection":"In"},"HumanoidRootPart":{"Weight":1,"CFrame":[0,0,0,1,0,0,0,1,0,0,0,1],"EasingStyle":"Linear","EasingDirection":"In"},"Left Arm":{"Weight":1,"CFrame":[-0.34014618396759035,-0.20625373721122743,-0.1271754503250122,0.24890616536140443,0.6819224953651428,-0.6877697706222534,-0.7088989615440369,-0.35558533668518069,-0.6091151833534241,-0.659930408000946,0.639171838760376,0.39490681886672976],"EasingStyle":"Linear","EasingDirection":"In"}}},{"Time":0.6000000238418579,"poses":{"Left Leg":{"Weight":1,"CFrame":[-0.1679186373949051,0.04923141002655029,0.09665346145629883,0.8622881770133972,-0.36320191621780398,0.3529074788093567,0.339351087808609,0.9316768050193787,0.12968946993350984,-0.37589913606643679,0.007929818704724312,0.9266266822814941],"EasingStyle":"Linear","EasingDirection":"In"},"Right Arm":{"Weight":1,"CFrame":[0.0039171576499938969,-0.5104440450668335,0.10524415969848633,0.9636961221694946,0.04566439613699913,-0.26306766271591189,0.1733362376689911,0.6424158811569214,0.7464961409568787,0.2030869871377945,-0.7649945020675659,0.611178457736969],"EasingStyle":"Linear","EasingDirection":"In"},"Head":{"Weight":1,"CFrame":[7.916241884231568e-8,1.7695128917694093e-8,0,0.9815518260002136,-0.183297798037529,-0.05438710004091263,0.18551364541053773,0.9818708896636963,0.038916099816560748,0.04626787081360817,-0.04828771576285362,0.9977613091468811],"EasingStyle":"Linear","EasingDirection":"In"},"Right Leg":{"Weight":1,"CFrame":[0.23764607310295106,0.09733039140701294,0.00662541389465332,0.9831348061561585,-0.18177296221256257,-0.020116709172725679,0.181443989276886,0.9832519888877869,-0.01713334582746029,0.022894209250807763,0.013194276951253415,0.9996508359909058],"EasingStyle":"Linear","EasingDirection":"In"},"Torso":{"Weight":1,"CFrame":[0.035270173102617267,-0.4228978753089905,-0.11587023735046387,0.9830963015556336,0.18138329684734345,0.024939602240920068,-0.1780390441417694,0.9788396954536438,-0.10087090730667114,-0.042708177119493487,0.0947255790233612,0.9945868849754334],"EasingStyle":"Linear","EasingDirection":"In"},"HumanoidRootPart":{"Weight":1,"CFrame":[0,0,0,1,0,0,0,1,0,0,0,1],"EasingStyle":"Linear","EasingDirection":"In"},"Left Arm":{"Weight":1,"CFrame":[-0.26345211267471316,-0.153001606464386,-0.07077926397323609,0.14707250893115998,0.8297004103660584,-0.5384858250617981,-0.5860244035720825,-0.3654792010784149,-0.7231876850128174,-0.7968344688415527,0.42192670702934267,0.43247276544570925],"EasingStyle":"Linear","EasingDirection":"In"}}},{"Time":0.6333333253860474,"poses":{"Left Leg":{"Weight":1,"CFrame":[-0.23458796739578248,0.0633355975151062,0.0828237533569336,0.8966708183288574,-0.34922558069229128,0.2720715403556824,0.32348471879959109,0.9364283084869385,0.13586625456809998,-0.3022235631942749,-0.03381636366248131,0.9526370763778687],"EasingStyle":"Linear","EasingDirection":"In"},"Right Arm":{"Weight":1,"CFrame":[0.007507346570491791,-0.49650949239730837,0.08002150058746338,0.9704475998878479,-0.08663031458854675,-0.22522592544555665,0.22634615004062653,0.6503576040267944,0.725122332572937,0.08365973085165024,-0.7546722292900086,0.6507464647293091],"EasingStyle":"Linear","EasingDirection":"In"},"Head":{"Weight":1,"CFrame":[9.313225746154785e-8,1.5366822481155397e-8,-1.1920928955078126e-7,0.9894558191299439,-0.12589134275913239,-0.07161421328783035,0.12911014258861543,0.9907305836677551,0.04223139211535454,0.06563382595777512,-0.05103222280740