{"Sequence":[{"Time":0,"poses":{"Left Leg":{"Weight":1,"CFrame":[-0.6260166764259338,0.3005370497703552,0.15218591690063477,0.8596289157867432,-0.43868201971054079,0.2619091272354126,0.417216420173645,0.8986117243766785,0.1357472836971283,-0.2949044406414032,-0.007419484201818705,0.9554979205131531],"EasingStyle":"Linear","EasingDirection":"Out"},"Right Arm":{"Weight":1,"CFrame":[0.3395764231681824,-0.5144914388656616,-0.016444683074951173,-0.4391537606716156,-0.8966063261032105,-0.056930504739284518,0.8814340829849243,-0.4422498345375061,0.16579800844192506,-0.17383308708667756,0.022630225867033006,0.9845150709152222],"EasingStyle":"Linear","EasingDirection":"Out"},"Left Arm":{"Weight":1,"CFrame":[-0.11502255499362946,-0.3764740526676178,0.01109933853149414,-0.16310790181159974,0.9859474897384644,0.036101117730140689,-0.8789147138595581,-0.16183020174503327,0.4486868977546692,0.4482239782810211,0.0414545051753521,0.8929595351219177],"EasingStyle":"Linear","EasingDirection":"Out"},"Head":{"Weight":1,"CFrame":[0.0005058241076767445,0.010446744039654732,-0.023923516273498536,0.996537983417511,-0.08104757219552994,-0.018529390916228296,0.08070024102926254,0.9965614080429077,-0.018783001229166986,0.01998799294233322,0.017222648486495019,0.9996518492698669],"EasingStyle":"Linear","EasingDirection":"Out"},"Torso":{"Weight":1,"CFrame":[0.00028311461210250854,0,-0.4127528667449951,0.9981012344360352,0.05941396951675415,0.016245879232883455,-0.06071867793798447,0.993394136428833,0.09737197309732437,-0.010353307239711285,-0.09817350655794144,0.9951154589653015],"EasingStyle":"Linear","EasingDirection":"Out"},"HumanoidRootPart":{"Weight":1,"CFrame":[0,0,0,1,0,0,0,1,0,0,0,1],"EasingStyle":"Linear","EasingDirection":"In"},"Right Leg":{"Weight":1,"CFrame":[0.717441976070404,0.2686195969581604,0.05131888389587402,0.9139767289161682,0.39669060707092287,-0.08534086495637894,-0.3940446674823761,0.9179084897041321,0.04661419987678528,0.09682660549879074,-0.008976233191788197,0.9952607750892639],"EasingStyle":"Linear","EasingDirection":"Out"}}},{"Time":0.01666666753590107,"poses":{"Left Leg":{"Weight":1,"CFrame":[-0.6066703200340271,0.28777146339416506,0.1502227783203125,0.8698983192443848,-0.41839417815208437,0.26119568943977358,0.3991266191005707,0.9082517027854919,0.1256054788827896,-0.2897840738296509,-0.0050138249062001709,0.9570789337158203],"EasingStyle":"Linear","EasingDirection":"Out"},"Right Arm":{"Weight":1,"CFrame":[0.24027492105960847,-0.6066652536392212,-0.02286505699157715,-0.392310231924057,-0.9150345325469971,-0.09383217990398407,0.9020805358886719,-0.40267637372016909,0.15524961054325105,-0.1798427551984787,-0.023738333955407144,0.9834089279174805],"EasingStyle":"Linear","EasingDirection":"Out"},"Left Arm":{"Weight":1,"CFrame":[-0.06090455502271652,-0.37735652923583987,0.009332537651062012,-0.11314288526773453,0.9904834032058716,0.07836640626192093,-0.8916987776756287,-0.1360154151916504,0.43170952796936037,0.43826013803482058,-0.02103446237742901,0.8986020088195801],"EasingStyle":"Linear","EasingDirection":"Out"},"Head":{"Weight":1,"CFrame":[0.0005003809928894043,0.010486757382750512,-0.02501201629638672,0.9964485764503479,-0.08268213272094727,-0.015933554619550706,0.08250697702169419,0.996525764465332,-0.01135528925806284,0.016817079856991769,0.010000341571867466,0.9998085498809815],"EasingStyle":"Linear","EasingDirection":"Out"},"Torso":{"Weight":1,"CFrame":[0.0014326870441436768,0.0007835030555725098,-0.3902320861816406,0.9980612993240356,0.060815900564193729,0.013231170363724232,-0.0617649219930172,0.9940027594566345,0.09024173021316529,-0.007663687225431204,-0.0908840000629425,0.9958320260047913],"EasingStyle":"Linear","EasingDirection":"Out"},"HumanoidRootPart":{"Weight":1,"CFrame":[0,0,0,1,0,0,0,1,0,0,0,1],"EasingStyle":"Linear","EasingDirection":"In"},"Right Leg":{"Weight":1,"CFrame":[0.6979799270629883,0.26497507095336916,0.04887712001800537,0.9229232668876648,0.37545284628868105,-0.08513332903385163,-0.37239813804626467,0.9267303347587586,0.049906276166439059,0.09763316065073013,-0.014356245286762715,0.9951189160346985],"EasingStyle":"Linear","EasingDirection":"Out"}}},{"Time":0.03333333507180214,"poses":{"Left Leg":{"Weight":1,"CFrame":[-0.5888078808784485,0.2758026719093323,0.14763128757476808,0.879808247089386,-0.3983129560947418,0.2593921720981598,0.38135623931884768,0.9172468185424805,0.11500278860330582,-0.2837337553501129,-0.0022595932241529228,0.9589004516601563],"EasingStyle":"Linear","EasingDirection":"Out"},"Right Arm":{"Weight":1,"CFrame":[0.12867528200149537,-0.6837224960327148,-0.0349043607711792,-0.33151495456695559,-0.9342494606971741,-0.13143768906593324,0.92405104637146,-0.3496380150318146,0.15454095602035523,-0.19033539295196534,-0.07022248953580857,0.9792043566703796],"EasingStyle":"Linear","EasingDirection":"Out"},"Left Arm":{"Weight":1,"CFrame":[-0.00742759183049202,-0.36870628595352175,0.00598597526550293,-0.06022901460528374,0.9903535842895508,0.12478857487440109,-0.9061131477355957,-0.10668715089559555,0.4093615710735321,0.41872596740722659,-0.08841720223426819,0.9037980437278748],"EasingStyle":"Linear","EasingDirection":"Out"},"Head":{"Weight":1,"CFrame":[0.0004855208098888397,0.010593035258352757,-0.02790588140487671,0.9963737726211548,-0.08410818874835968,-0.012847921811044217,0.08406434953212738,0.9964526295661926,-0.003916002810001373,0.013131712563335896,0.002821737201884389,0.9999098181724548],"EasingStyle":"Linear","EasingDirection":"Out"},"Torso":{"Weight":1,"CFrame":[0.002579363062977791,0.0015144050121307374,-0.3700675964355469,0.9980756640434265,0.06124246120452881,0.009715043008327484,-0.061840593814849856,0.9945976734161377,0.08337374776601792,-0.0045565455220639709,-0.08381408452987671,0.9964709877967835],"EasingStyle":"Linear","EasingDirection":"Out"},"HumanoidRootPart":{"Weight":1,"CFrame":[0,0,0,1,0,0,0,1,0,0,0,1],"EasingStyle":"Linear","EasingDirection":"In"},"Right Leg":{"Weight":1,"CFrame":[0.679232656955719,0.26279401779174807,0.04711782932281494,0.9307472109794617,0.3553708493709564,-0.08614588528871536,-0.3517933487892151,0.9345089793205261,0.0541706457734108,0.09975483268499375,-0.02011367864906788,0.9948087334632874],"EasingStyle":"Linear","EasingDirection":"Out"}}},{"Time":0.05000000074505806,"poses":{"Left Leg":{"Weight":1,"CFrame":[-0.5732153654098511,0.2659989595413208,0.1440269947052002,0.8893719911575317,-0.37867018580436709,0.2561763525009155,0.36372944712638857,0.9255315661430359,0.1053197979927063,-0.2769807279109955,-0.0004896002355962992,0.9608753323554993],"EasingStyle":"Linear","EasingDirection":"Out"},"Right Arm":{"Weight":1,"CFrame":[0.010329943150281906,-0.7444761991500855,-0.05036425590515137,-0.2689351737499237,-0.9481295943260193,-0.16948212683200837,0.9416355490684509,-0.29581430554389956,0.16067448258399964,-0.20247548818588258,-0.11637938767671585,0.9723474383354187],"EasingStyle":"Linear","EasingDirection":"Out"},"Left Arm":{"Weight":1,"CFrame":[0.045564331114292148,-0.35319530963897707,0.0006556510925292969,-0.005891851615160704,0.9850468039512634,0.17218609154224397,-0.9200679063796997,-0.07279028743505478,0.3849371671676636,0.39171460270881655,-0.15615500509738923,0.906738817691803],"EasingStyle":"Linear","EasingDirection":"Out"},"Head":{"Weight":1,"CFrame":[0.00046339817345142365,0.010745055042207241,-0.03204381465911865,0.9963644742965698,-0.08460177481174469,-0.010017100721597672,0.08464042097330094,0.9964054226875305,0.0034981020726263525,0.009685147553682328,-0.004333239980041981,0.999943733215332],"EasingStyle":"Linear","EasingDirection":"Out"},"Torso":{"Weight":1,"CFrame":[0.003515603020787239,0.0021046102046966554,-0.3525266647338867,0.9981768131256104,0.0600106455385685,0.006465830374509096,-0.06033024191856384,0.9952237606048584,0.07674610614776612,-0.001829364220611751,-0.07699626684188843,0.997029721736908],"EasingStyle":"Linear","EasingDirection":"Out"},"HumanoidRootPart":{"Weight":1,"CFrame":[0,0,0,1,0,0,0,1,0,0,0,1],"EasingStyle":"Linear","EasingDirection":"In"},"Right Leg":{"Weight":1,"CFrame":[0.6613456010818481,0.2610771059989929,0.046599626541137698,0.9373189210891724,0.33699509501457217,-0.08869917690753937,-0.3328954875469208,0.9411790370941162,0.057988282293081287,0.10302364826202393,-0.024825988337397577,0.9943690299987793],"EasingStyle":"Linear","EasingDirection":"Out"}}},{"Time":0.06666667014360428,"poses":{"Left Leg":{"Weight":1,"CFrame":[-0.5607720613479614,0.2596895098686218,0.1391303539276123,0.8985643982887268,-0.3598092198371887,0.25123554468154909,0.346230149269104,0.9330253601074219,0.09792010486125946,-0.2696417570114136,-0.0010022020433098078,0.9629601836204529],"EasingStyle":"Linear","EasingDirection":"Out"},"Right Arm":{"Weight":1,"CFrame":[-0.10791061073541641,-0.7869887351989746,-0.06729727983474732,-0.21655894815921784,-0.9537990689277649,-0.2082536220550537,0.9520086050033569,-0.253576397895813,0.17140169441699983,-0.21629102528095246,-0.1611407846212387,0.9629392027854919],"EasingStyle":"Linear","EasingDirection":"Out"},"Left Arm":{"Weight":1,"CFrame":[0.09789688885211945,-0.333248496055603,-0.006888687610626221,0.04887069761753082,0.9748781323432922,0.21731151640415193,-0.9317281246185303,-0.033890966325998309,0.36157166957855227,0.35985320806503298,-0.22014550864696504,0.9066650867462158],"EasingStyle":"Linear","EasingDirection":"Out"},"Head":{"Weight":1,"CFrame":[0.0004362156614661217,0.010922165587544442,-0.036865234375,0.9964803457260132,-0.08342736214399338,-0.008172335103154183,0.08351335674524307,0.9964479207992554,0.01081786397844553,0.00724079879000783,-0.011462289839982987,0.9999080896377564],"EasingStyle":"Linear","EasingDirection":"Out"},"Torso":{"Weight":1,"CFrame":[0.004033869132399559,0.0024662017822265627,-0.33789587020874026,0.9983965158462524,0.056447386741638187,0.004259476903825998,-0.05660722404718399,0.9959138035774231,0.07036592066287995,-0.00027009917539544404,-0.07049419730901718,0.99751216173172],"EasingStyle":"Linear","EasingDirection":"Out"},"HumanoidRootPart":{"Weight":1,"CFrame":[0,0,0,1,0,0,0,1,0,0,0,1],"EasingStyle":"Linear","EasingDirection":"In"},"Right Leg":{"Weight":1,"CFrame":[0.6445033550262451,0.25889456272125246,0.04784584045410156,0.9425123333930969,0.32093989849090578,-0.09310232847929001,-0.31644487380981448,0.9467124938964844,0.059984296560287479,0.10739254951477051,-0.027074240148067476,0.9938480257987976],"EasingStyle":"Linear","EasingDirection":"Out"}}},{"Time":0.0833333358168602,"poses":{"Left Leg":{"Weight":1,"CFrame":[-0.5523577332496643,0.25800764560699465,0.13275468349456788,0.9073153138160706,-0.34218716621398928,0.24430899322032929,0.329056054353714,0.9396190047264099,0.09401148557662964,-0.2617269456386566,-0.0049067153595387939,0.9651294946670532],"EasingStyle":"Linear","EasingDirection":"Out"},"Right Arm":{"Weight":1,"CFrame":[-0.21785111725330354,-0.8110873699188232,-0.08355855941772461,-0.18043185770511628,-0.9517443776130676,-0.24824783205986024,0.9556758999824524,-0.22933533787727357,0.18463145196437837,-0.23265397548675538,-0.20393118262290955,0.9509385824203491],"EasingStyle":"Linear","EasingDirection":"Out"},"Left Arm":{"Weight":1,"CFrame":[0.1491306573152542,-0.3110883831977844,-0.016601145267486573,0.10373395681381226,0.9608258605003357,0.2570076286792755,-0.9396107196807861,0.00993617158383131,0.3421008586883545,0.32614564895629885,-0.276974618434906,0.9038329720497131],"EasingStyle":"Linear","EasingDirection":"Out"},"Head":{"Weight":1,"CFrame":[0.0004061365034431219,0.011103746481239796,-0.041809916496276858,0.9967696666717529,-0.07992003858089447,-0.007941232994198799,0.08005159348249436,0.9966295957565308,0.017921464517712594,0.006482183933258057,-0.018499258905649186,0.9998078346252441],"EasingStyle":"Linear","EasingDirection":"Out"},"Torso":{"Weight":1,"CFrame":[0.003958271816372871,0.0025245845317840578,-0.326474666595459,0.9987435340881348,0.049969833344221118,0.0037880113814026119,-0.05011005327105522,0.9966708421707153,0.06431300938129425,-0.0005616900743916631,-0.06442201882600784,0.9979225993156433],"EasingStyle":"Linear","EasingDirection":"Out"},"HumanoidRootPart":{"Weight":1,"CFrame":[0,0,0,1,0,0,0,1,0,0,0,1],"EasingStyle":"Linear","EasingDirection":"In"},"Right Leg":{"Weight":1,"CFrame":[0.6289539933204651,0.2554613947868347,0.05129134654998779,0.9461966156959534,0.3078768849372864,-0.09961814433336258,-0.3032551109790802,0.951081395149231,0.058995671570301059,0.11290840804576874,-0.025611869990825654,0.9932752847671509],"EasingStyle":"Linear","EasingDirection":"Out"}}},{"Time":0.10000000149011612,"poses":{"Left Leg":{"Weight":1,"CFrame":[-0.5484528541564941,0.26085227727890017,0.12512671947479249,0.9154278635978699,-0.32643190026283266,0.23544436693191529,0.31297406554222109,0.9451454281806946,0.09352696686983109,-0.25305935740470889,-0.011929203756153584,0.9673771858215332],"EasingStyle":"Linear","EasingDirection":"Out"},"Right Arm":{"Weight":1,"CFrame":[-0.31090813875198367,-0.8182773590087891,-0.09693819284439087,-0.16139711439609528,-0.94342041015625,-0.28967028856277468,0.9541131258010864,-0.22418107092380525,0.19852209091186524,-0.25222837924957278,-0.24433746933937074,0.9363119602203369],"EasingStyle":"Linear","EasingDirection":"Out"},"Left Arm":{"Weight":1,"CFrame":[0.198673814535141,-0.2888256311416626,-0.028118669986724855,0.15905211865901948,0.9442486763000488,0.2882651686668396,-0.9425429701805115,0.05834060534834862,0.3289515972137451,0.29379451274871828,-0.3240227699279785,0.8992741703987122],"EasingStyle":"Linear","EasingDirection":"Out"},"Head":{"Weight":1,"CFrame":[0.0003753495402634144,0.011269336566329003,-0.04631739854812622,0.9972099661827087,-0.07407468557357788,-0.009231101721525193,0.07428181916475296,0.9969340562820435,0.024590134620666505,0.007381293457001448,-0.02520723082125187,0.99965500831604],"EasingStyle":"Linear","EasingDirection":"Out"},"Torso":{"Weight":1,"CFrame":[0.0033624060451984407,0.002311304211616516,-0.3185558319091797,0.9991605877876282,0.040655121207237247,0.005023524630814791,-0.04088050499558449,0.9974308013916016,0.0588267557322979,-0.0026190096978098156,-0.058982741087675098,0.9982555508613586],"EasingStyle":"Linear","EasingDirection":"Out"},"HumanoidRootPart":{"Weight":1,"CFrame":[0,0,0,1,0,0,0,1,0,0,0,1],"EasingStyle":"Linear","EasingDirection":"In"},"Right Leg":{"Weight":1,"CFrame":[0.6152496337890625,0.2510278820991516,0.056836724281311038,0.9482879638671875,0.2983948886394501,-0.10821475088596344,-0.29395753145217898,0.9542206525802612,0.05524381250143051,0.11974527686834336,-0.020576559007167817,0.992591381072998],"EasingStyle":"Linear","EasingDirection":"Out"}}},{"Time":0.11666666716337204,"poses":{"Left Leg":{"Weight":1,"CFrame":[-0.5493544340133667,0.2674049139022827,0.11656999588012696,0.922580897808075,-0.3135261833667755,0.2248239815235138,0.299256294965744,0.9493434429168701,0.09587853401899338,-0.2434956282377243,-0.02117566019296646,0.969670832157135],"EasingStyle":"Linear","EasingDirection":"Out"},"Right Arm":{"Weight":1,"CFrame":[-0.3792150616645813,-0.8085513114929199,-0.10538709163665772,-0.1630941778421402,-0.928493320941925,-0.33361735939979555,0.9470347762107849,-0.24214135110378266,0.2109328806400299,-0.27663230895996096,-0.2815453112125397,0.9188072681427002],"EasingStyle":"Linear","EasingDirection":"Out"},"Left Arm":{"Weight":1,"CFrame":[0.24591347575187684,-0.2685738801956177,-0.04078316688537598,0.21574681997299195,0.9265583157539368,0.30812814831733706,-0.9394918084144592,0.11097951233386994,0.3240966200828552,0.2660984992980957,-0.3594067692756653,0.8944374918937683],"EasingStyle":"Linear","EasingDirection":"Out"},"Head":{"Weight":1,"CFrame":[0.0003460323205217719,0.01139828097075224,-0.049827754497528079,0.997738242149353,-0.06620772927999497,-0.011617922224104405,0.06653367727994919,0.9973220825195313,0.030363813042640687,0.009576491080224514,-0.031068123877048494,0.9994713664054871],"EasingStyle":"Linear","EasingDirection":"Out"},"Torso":{"Weight":1,"CFrame":[0.002438116818666458,0.00190812349319458,-0.31439757347106936,0.999553918838501,0.028884997591376306,0.007588226348161697,-0.029255811125040056,0.9980894327163696,0.05441996082663536,-0.006001809146255255,-0.054617684334516528,0.9984893202781677],"EasingStyle":"Linear","EasingDirection":"Out"},"HumanoidRootPart":{"Weight":1,"CFrame":[0,0,0,1,0,0,0,1,0,0,0,1],"EasingStyle":"Linear","EasingDirection":"In"},"Right Leg":{"Weight":1,"CFrame":[0.6041266322135925,0.24608838558197022,0.06420660018920899,0.9486029148101807,0.29335153102874758,-0.11873216181993485,-0.2894018292427063,0.9559199810028076,0.04963437467813492,0.12805885076522828,-0.012722020968794823,0.9916849732398987],"EasingStyle":"Linear","EasingDirection":"Out"}}},{"Time":0.13333334028720857,"poses":{"Left Leg":{"Weight":1,"CFrame":[-0.5554420351982117,0.2764623761177063,0.10731196403503418,0.928274393081665,-0.30512988567352297,0.21260876953601838,0.28980883955955508,0.951779842376709,0.10062754899263382,-0.23306120932102204,-0.03179407864809036,0.9719421863555908],"EasingStyle":"Linear","EasingDirection":"Out"},"Right Arm":{"Weight":1,"CFrame":[-0.4151121973991394,-0.7833058834075928,-0.10700368881225586,-0.1852560043334961,-0.906108558177948,-0.38032540678977969,0.933594286441803,-0.283086895942688,0.21968968212604524,-0.3067278265953064,-0.3143709599971771,0.8983813524246216],"EasingStyle":"Linear","EasingDirection":"Out"},"Left Arm":{"Weight":1,"CFrame":[0.2903454303741455,-0.2525598406791687,-0.05372136831283569,0.2750898003578186,0.9088946580886841,0.31342652440071108,-0.9292845726013184,0.16778849065303803,0.3290551006793976,0.24648699164390565,-0.38178208470344546,0.8907786011695862],"EasingStyle":"Linear","EasingDirection":"Out"},"Head":{"Weight":1,"CFrame":[0.0003203636733815074,0.01146997045725584,-0.05177962779998779,0.9982859492301941,-0.056650131940841678,-0.01469363458454609,0.0571264885365963,0.9977766275405884,0.034327685832977298,0.01271629799157381,-0.03510824218392372,0.9993026256561279],"EasingStyle":"Linear","EasingDirection":"Out"},"Torso":{"Weight":1,"CFrame":[0.0013779550790786744,0.001397252082824707,-0.3141801357269287,0.9998255968093872,0.01503198966383934,0.011083719320595265,-0.015589497052133084,0.9985223412513733,0.05205830559134483,-0.010284801945090294,-0.05222201719880104,0.9985825419425964],"EasingStyle":"Linear","EasingDirection":"Out"},"HumanoidRootPart":{"Weight":1,"CFrame":[0,0,0,1,0,0,0,1,0,0,0,1],"EasingStyle":"Linear","EasingDirection":"In"},"Right Leg":{"Weight":1,"CFrame":[0.5963866710662842,0.24060964584350587,0.07323622703552246,0.94669109582901,0.29429060220718386,-0.13103052973747254,-0.29111799597740176,0.955712080001831,0.0431830920279026,0.13793587684631349,-0.002735734451562166,0.990437388420105],"EasingStyle":"Linear","EasingDirection":"Out"}}},{"Time":0.15000000596046449,"poses":{"Left Leg":{"Weight":1,"CFrame":[-0.5672232508659363,0.2862815856933594,0.0975337028503418,0.9317845702171326,-0.30366384983062746,0.1989116072654724,0.2872485816478729,0.9518085718154907,0.1074647530913353,-0.2219589799642563,-0.04299688711762428,0.974107563495636],"EasingStyle":"Linear","EasingDirection":"Out"},"Right Arm":{"Weight":1,"CFrame":[-0.41048628091812136,-0.7486836910247803,-0.09999865293502808,-0.21652840077877046,-0.8782269954681397,-0.42641860246658327,0.9153345823287964,-0.334525465965271,0.224177286028862,-0.33952629566192629,-0.3417748808860779,0.8763056993484497],"EasingStyle":"Linear","EasingDirection":"Out"},"Left Arm":{"Weight":1,"CFrame":[0.3317132294178009,-0.24313867092132569,-0.06595802307128906,0.3381742537021637,0.8917774558067322,0.30061787366867068,-0.9103545546531677,0.2290293425321579,0.34467393159866335,0.23852208256721497,-0.39022883772850039,0.8892855048179627],"EasingStyle":"Linear","EasingDirection":"Out"},"Head":{"Weight":1,"CFrame":[0.00029972553602419794,0.011476959101855755,-0.0519871711730957,0.9987890124320984,-0.045752137899398807,-0.01808910071849823,0.046365123242139819,0.9983091354370117,0.035059425979852679,0.01645447313785553,-0.03585567697882652,0.9992215037345886],"EasingStyle":"Linear","EasingDirection":"Out"},"Torso":{"Weight":1,"CFrame":[0.000374477356672287,0.0008607655763626099,-0.31795263290405276,0.9998862743377686,-0.0005453121266327798,0.015071472153067589,-0.00025730335619300604,0.9985837936401367,0.05320076644420624,-0.015079138800501824,-0.053198590874671939,0.9984700679779053],"EasingStyle":"Linear","EasingDirection":"Out"},"HumanoidRootPart":{"Weight":1,"CFrame":[0,0,0,1,0,0,0,1,0,0,0,1],"EasingStyle":"Linear","EasingDirection":"In"},"Right Leg":{"Weight":1,"CFrame":[0.5927891135215759,0.23389917612075807,0.08386552333831787,0.9417481422424316,0.3034530282020569,-0.1450059711933136,-0.3013093173503876,0.9528058767318726,0.037062861025333408,0.14940939843654633,0.008787759579718113,0.9887363910675049],"EasingStyle":"Linear","EasingDirection":"Out"}}},{"Time":0.1666666716337204,"poses":{"Left Leg":{"Weight":1,"CFrame":[-0.584958016872406,0.29503577947616579,0.08733856678009033,0.9324591159820557,-0.31103450059890749,0.18378673493862153,0.2936546206474304,0.948855996131897,0.11592766642570496,-0.21044467389583589,-0.05412796512246132,0.9761061668395996],"EasingStyle":"Linear","EasingDirection":"Out"},"Right Arm":{"Weight":1,"CFrame":[-0.3693223297595978,-0.708368718624115,-0.08525532484054566,-0.25095081329345705,-0.8461423516273499,-0.47017738223075869,0.8931149840354919,-0.38971444964408877,0.22465132176876069,-0.37332195043563845,-0.36354610323905947,0.8535016179084778],"EasingStyle":"Linear","EasingDirection":"Out"},"Left Arm":{"Weight":1,"CFrame":[0.37013116478919985,-0.24162054061889649,-0.07671195268630982,0.4022783041000366,0.874801516532898,0.26998984813690188,-0.8826927542686462,0.29234686493873598,0.36794933676719668,0.242951899766922,-0.3863361179828644,0.8897858262062073],"EasingStyle":"Linear","EasingDirection":"Out"},"Head":{"Weight":1,"CFrame":[0.0002815847983583808,0.011469172313809395,-0.05189722776412964,0.9991947412490845,-0.033880773931741717,-0.021493317559361459,0.034545667469501498,0.9989110827445984,0.031357292085886,0.020407503470778467,-0.032074540853500369,0.9992771148681641],"EasingStyle":"Linear","EasingDirection":"Out"},"Torso":{"Weight":1,"CFrame":[-0.0003797672688961029,0.00038076937198638916,-0.3255736827850342,0.999665379524231,-0.017496954649686815,0.019053351134061815,0.01634426787495613,0.9981206655502319,0.059059154242277148,-0.0200509000569582,-0.05872797593474388,0.998072624206543],"EasingStyle":"Linear","EasingDirection":"Out"},"HumanoidRootPart":{"Weight":1,"CFrame":[0,0,0,1,0,0,0,1,0,0,0,1],"EasingStyle":"Linear","EasingDirection":"In"},"Right Leg":{"Weight":1,"CFrame":[0.5935487151145935,0.22512829303741456,0.09605586528778076,0.93287593126297,0.3224218189716339,-0.16058194637298585,-0.3214903771877289,0.9463557600975037,0.03247680142521858,0.16243888437747956,0.021328715607523919,0.9864880442619324],"EasingStyle":"Linear","EasingDirection":"Out"}}},{"Time":0.18333333730697633,"poses":{"Left Leg":{"Weight":1,"CFrame":[-0.6079531908035278,0.3017783761024475,0.07668519020080567,0.9302701354026794,-0.3265211582183838,0.1672765463590622,0.30850106477737429,0.9429736137390137,0.12501151859760285,-0.1985563188791275,-0.06468946486711502,0.9779523015022278],"EasingStyle":"Linear","EasingDirection":"Out"},"Right Arm":{"Weight":1,"CFrame":[-0.305305153131485,-0.6659127473831177,-0.06566768884658814,-0.28216299414634707,-0.812187910079956,-0.510621964931488,0.8689603805541992,-0.44192227721214297,0.22273902595043183,-0.4065610468387604,-0.3808615207672119,0.8304532170295715],"EasingStyle":"Linear","EasingDirection":"Out"},"Left Arm":{"Weight":1,"CFrame":[0.40554776787757876,-0.2482852339744568,-0.0855557918548584,0.46127286553382876,0.8579736948013306,0.22607161104679109,-0.8490091562271118,0.35281360149383547,0.39332690834999087,0.2577029764652252,-0.3733679950237274,0.8911709189414978],"EasingStyle":"Linear","EasingDirection":"Out"},"Head":{"Weight":1,"CFrame":[0.000265397597104311,0.011453947052359581,-0.0517238974571228,0.999467670917511,-0.021399859338998796,-0.02462465688586235,0.021978091448545457,0.9994832873344421,0.023455649614334108,0.024109983816742898,-0.02398437261581421,0.9994215369224548],"EasingStyle":"Linear","EasingDirection":"Out"},"Torso":{"Weight":1,"CFrame":[-0.000692225992679596,0.0000394284725189209,-0.3366706371307373,0.9991178512573242,-0.03545817732810974,0.02250065840780735,0.033821284770965579,0.9970172047615051,0.06937430053949356,-0.02489342913031578,-0.06855209171772003,0.9973369240760803],"EasingStyle":"Linear","EasingDirection":"Out"},"HumanoidRootPart":{"Weight":1,"CFrame":[0,0,0,1,0,0,0,1,0,0,0,1],"EasingStyle":"Linear","EasingDirection":"In"},"Right Leg":{"Weight":1,"CFrame":[0.597793698310852,0.2144518494606018,0.10966920852661133,0.9197292923927307,0.35005640983581545,-0.17764702439308167,-0.35042357444763186,0.9360992908477783,0.030356470495462419,0.17692174017429353,0.034331951290369037,0.9836259484291077],"EasingStyle":"Linear","EasingDirection":"Out"}}},{"Time":0.20000000298023225,"poses":{"Left Leg":{"Weight":1,"CFrame":[-0.6346544027328491,0.30635035037994387,0.06548690795898438,0.9257621765136719,-0.3473046123981476,0.1494785100221634,0.32917505502700808,0.9348117113113403,0.13330763578414918,-0.18603269755840302,-0.07420654594898224,0.9797373414039612],"EasingStyle":"Linear","EasingDirection":"Out"},"Right Arm":{"Weight":1,"CFrame":[-0.23173534870147706,-0.6249880790710449,-0.043813884258270267,-0.30317434668540957,-0.780474841594696,-0.5467578172683716,0.8467299342155457,-0.4838637113571167,0.22118860483169557,-0.43718841671943667,-0.3958975672721863,0.8075466156005859],"EasingStyle":"Linear","EasingDirection":"Out"},"Left Arm":{"Weight":1,"CFrame":[0.4372926354408264,-0.2633246183395386,-0.09231013059616089,0.5090085864067078,0.8428504467010498,0.17468084394931794,-0.8139346837997437,0.405279278755188,0.41624388098716738,0.2800367772579193,-0.3540506064891815,0.8923158645629883],"EasingStyle":"Linear","EasingDirection":"Out"},"Head":{"Weight":1,"CFrame":[0.0002510836347937584,0.011431332677602768,-0.05146819353103638,0.9995933771133423,-0.008653946220874787,-0.027169350534677507,0.009002676233649254,0.9998783469200134,0.012739678844809533,0.02705579437315464,-0.012979090213775635,0.9995496869087219],"EasingStyle":"Linear","EasingDirection":"Out"},"Torso":{"Weight":1,"CFrame":[-0.0003703385591506958,-0.00008121132850646973,-0.3506345748901367,0.9982282519340515,-0.05403175204992294,0.024917667731642724,0.051804978400468829,0.9952271580696106,0.082699254155159,-0.029267124831676484,-0.08126187324523926,0.9962629675865173],"EasingStyle":"Linear","EasingDirection":"Out"},"HumanoidRootPart":{"Weight":1,"CFrame":[0,0,0,1,0,0,0,1,0,0,0,1],"EasingStyle":"Linear","EasingDirection":"In"},"Right Leg":{"Weight":1,"CFrame":[0.6039637923240662,0.2030177116394043,0.12444090843200684,0.9026481509208679,0.3831552565097809,-0.196005716919899,-0.38476595282554629,0.9224815368652344,0.03135337680578232,0.19282492995262147,0.047115255147218707,0.9801014065742493],"EasingStyle":"Linear","EasingDirection":"Out"}}},{"Time":0.21666666865348817,"poses":{"Left Leg":{"Weight":1,"CFrame":[-0.663414716720581,0.3085089325904846,0.0537874698638916,0.9195331931114197,-0.37069857120513918,0.13054236769676209,0.35315802693367007,0.9251179695129395,0.13941362500190736,-0.1724475622177124,-0.08209341019392014,0.9815918207168579],"EasingStyle":"Linear","EasingDirection":"Out"},"Right Arm":{"Weight":1,"CFrame":[-0.1596585512161255,-0.591962456703186,-0.02144777774810791,-0.3008807897567749,-0.7604461312294006,-0.5754930973052979,0.8353255987167358,-0.5012983083724976,0.22567938268184663,-0.46011069416999819,-0.41282159090042117,0.7860512137413025],"EasingStyle":"Linear","EasingDirection":"Out"},"Left Arm":{"Weight":1,"CFrame":[0.4640422463417053,-0.2868618369102478,-0.09703850746154785,0.5400371551513672,0.832618772983551,0.12290559709072113,-0.7838868498802185,0.4444245398044586,0.43359899520874026,0.3064004182815552,-0.33050382137298586,0.892684817314148],"EasingStyle":"Linear","EasingDirection":"Out"},"Head":{"Weight":1,"CFrame":[0.00023850519210100174,0.011401086114346981,-0.05113095045089722,0.9995779395103455,0.004029571544378996,-0.028769219294190408,-0.004016577266156673,0.999991774559021,0.0005101405549794436,0.028771035373210908,-0.0003943727642763406,0.9995859265327454],"EasingStyle":"Linear","EasingDirection":"Out"},"Torso":{"Weight":1,"CFrame":[0.0007982030510902405,0.00010010600090026855,-0.3666691780090332,0.9970113635063171,-0.07279592752456665,0.025866346433758737,0.06995242089033127,0.9927604794502258,0.09763872623443604,-0.032786790281534198,-0.09553751349449158,0.9948857426643372],"EasingStyle":"Linear","EasingDirection":"Out"},"HumanoidRootPart":{"Weight":1,"CFrame":[0,0,0,1,0,0,0,1,0,0,0,1],"EasingStyle":"Linear","EasingDirection":"In"},"Right Leg":{"Weight":1,"CFrame":[0.6106081008911133,0.1920783519744873,0.14004182815551759,0.8822014331817627,0.41871634125709536,-0.2154000848531723,-0.42129355669021609,0.9062053561210632,0.036105889827013019,0.21031492948532105,0.058893922716379169,0.9758581519126892],"EasingStyle":"Linear","EasingDirection":"Out"}}},{"Time":0.23333333432674409,"poses":{"Left Leg":{"Weight":1,"CFrame":[-0.6928907632827759,0.30800551176071169,0.04169905185699463,0.9120460152626038,-0.39487311244010928,0.1106676533818245,0.3786604702472687,0.9145129919052124,0.14241573214530946,-0.15744316577911378,-0.08798423409461975,0.9836007356643677],"EasingStyle":"Linear","EasingDirection":"Out"},"Right Arm":{"Weight":1,"CFrame":[-0.09796907752752304,-0.5646187663078308,-0.00029903650283813477,-0.28161969780921938,-0.7496616840362549,-0.5989137291908264,0.8324750065803528,-0.501282274723053,0.2360118329524994,-0.4771537780761719,-0.4321150779724121,0.7652455568313599],"EasingStyle":"Linear","EasingDirection":"Out"},"Left Arm":{"Weight":1,"CFrame":[0.4840194582939148,-0.31889039278030398,-0.10003387928009033,0.549763023853302,0.8316019773483276,0.07873305678367615,-0.7663298845291138,0.464603066444397,0.4437142610549927,0.33241406083106997,-0.30427318811416628,0.8927030563354492],"EasingStyle":"Linear","EasingDirection":"Out"},"Head":{"Weight":1,"CFrame":[0.0002275649458169937,0.011363223195075989,-0.050714194774627689,0.9994364976882935,0.016391253098845483,-0.02929108403623104,-0.01675884984433651,0.9997833371162415,-0.012348203919827938,0.029082337394356729,0.01283214706927538,0.9994946718215942],"EasingStyle":"Linear","EasingDirection":"Out"},"Torso":{"Weight":1,"CFrame":[0.003135882318019867,0.0006099343299865723,-0.38388538360595705,0.9954975247383118,-0.09137313812971115,0.02521093562245369,0.08797118812799454,0.9896692037582398,0.11320764571428299,-0.03529462590813637,-0.11048009991645813,0.9932514429092407],"EasingStyle":"Linear","EasingDirection":"Out"},"HumanoidRootPart":{"Weight":1,"CFrame":[0,0,0,1,0,0,0,1,0,0,0,1],"EasingStyle":"Linear","EasingDirection":"In"},"Right Leg":{"Weight":1,"CFrame":[0.6165358424186707,0.18241071701049806,0.1561528444290161,0.8590052723884583,0.45457208156585696,-0.23552949726581574,-0.4575982093811035,0.8880214095115662,0.044964469969272616,0.22959494590759278,0.0691530779004097,0.9708265066146851],"EasingStyle":"Linear","EasingDirection":"Out"}}},{"Time":0.25,"poses":{"Left Leg":{"Weight":1,"CFrame":[-0.7218254804611206,0.30536460876464846,0.029282093048095704,0.9038202166557312,-0.4182722568511963,0.09031810611486435,0.4039488136768341,0.9036251306533814,0.14243224263191224,-0.14118923246860505,-0.09224926680326462,0.9856752753257752],"EasingStyle":"Linear","EasingDirection":"Out"},"Right Arm":{"Weight":1,"CFrame":[-0.04592965543270111,-0.5397762060165405,0.019185185432434083,-0.2548043131828308,-0.7434709668159485,-0.6183247566223145,0.8334157466888428,-0.4931252896785736,0.24949084222316743,-0.4904008209705353,-0.4517503082752228,0.7452709674835205],"EasingStyle":"Linear","EasingDirection":"Out"},"Left Arm":{"Weight":1,"CFrame":[0.49545055627822878,-0.35904014110565188,-0.10170871019363404,0.5337889790534973,0.844112753868103,0.05042938143014908,-0.7684287428855896,0.459307998418808,0.4455932080745697,0.3529682755470276,-0.27660414576530459,0.8938140869140625],"EasingStyle":"Linear","EasingDirection":"Out"},"Head":{"Weight":1,"CFrame":[0.00021810363978147507,0.011317607015371323,-0.05021768808364868,0.9991808533668518,0.02826090343296528,-0.028963979333639146,-0.028988439589738847,0.9992667436599731,-0.025013810023665429,0.028235824778676034,0.025832971557974817,0.9992674589157105],"EasingStyle":"Linear","EasingDirection":"Out"},"Torso":{"Weight":1,"CFrame":[0.006544448435306549,0.0013917088508605958,-0.4014153480529785,0.993717610836029,-0.10947422683238983,0.023253079503774644,0.1056237667798996,0.9860655665397644,0.12852364778518678,-0.036999087780714038,-0.1252601444721222,0.9914337992668152],"EasingStyle":"Linear","EasingDirection":"Out"},"HumanoidRootPart":{"Weight":1,"CFrame":[0,0,0,1,0,0,0,1,0,0,0,1],"EasingStyle":"Linear","EasingDirection":"In"},"Right Leg":{"Weight":1,"CFrame":[0.6208989024162293,0.17423218488693238,0.17242062091827393,0.8339691758155823,0.48890283703804018,-0.2558698356151581,-0.4917799234390259,0.8688358068466187,0.057244036346673968,0.2502957284450531,0.07809185981750488,0.9650148749351502],"EasingStyle":"Linear","EasingDirection":"Out"}}},{"Time":0.2666666805744171,"poses":{"Left Leg":{"Weight":1,"CFrame":[-0.7491244077682495,0.3014830946922302,0.016660094261169435,0.8955255150794983,-0.43946701288223269,0.07002043724060059,0.4273906648159027,0.8931919932365418,0.1398041844367981,-0.12398108839988709,-0.09527212381362915,0.987700343132019],"EasingStyle":"Linear","EasingDirection":"Out"},"Right Arm":{"Weight":1,"CFrame":[-0.0003164634108543396,-0.5170589089393616,0.03696179389953613,-0.2240341305732727,-0.7412329912185669,-0.6327577233314514,0.8369077444076538,-0.47901585698127749,0.26481932401657107,-0.4993938207626343,-0.4702312648296356,0.7276595234870911],"EasingStyle":"Linear","EasingDirection":"Out"},"Left Arm":{"Weight":1,"CFrame":[0.4980621933937073,-0.40528106689453127,-0.10240530967712403,0.4899575114250183,0.8707143068313599,0.04240623489022255,-0.7920418381690979,0.4243125021457672,0.4388945996761322,0.36415836215019228,-0.24862733483314515,0.8975372910499573],"EasingStyle":"Linear","EasingDirection":"Out"},"Head":{"Weight":1,"CFrame":[0.00021008402109146118,0.011264272965490818,-0.04964393377304077,0.9988279342651367,0.03946925327181816,-0.028016405180096628,-0.04048462212085724,0.9985077381134033,-0.03665022552013397,0.026528041809797288,0.03774150088429451,0.998935341835022],"EasingStyle":"Linear","EasingDirection":"Out"},"Torso":{"Weight":1,"CFrame":[0.010822519659996033,0.00238192081451416,-0.4185023307800293,0.9917152523994446,-0.12683048844337464,0.020367981866002084,0.12267354875802994,0.9821311831474304,0.1427217274904251,-0.038105498999357226,-0.13904070854187013,0.9895532727241516],"EasingStyle":"Linear","EasingDirection":"Out"},"HumanoidRootPart":{"Weight":1,"CFrame":[0,0,0,1,0,0,0,1,0,0,0,1],"EasingStyle":"Linear","EasingDirection":"In"},"Right Leg":{"Weight":1,"CFrame":[0.6232476234436035,0.16792070865631104,0.18843317031860352,0.8082922697067261,0.5201460123062134,-0.27588358521461489,-0.5222563743591309,0.8497459292411804,0.07197291404008866,0.2718674838542938,0.08590682595968247,0.958492636680603],"EasingStyle":"Linear","EasingDirection":"Out"}}},{"Time":0.28333333134651186,"poses":{"Left Leg":{"Weight":1,"CFrame":[-0.7738379836082459,0.2974870204925537,0.004027128219604492,0.8879755139350891,-0.45713144540786745,0.05030251666903496,0.4474664032459259,0.8840548992156982,0.13498422503471375,-0.1061757504940033,-0.0973539724946022,0.9895700812339783],"EasingStyle":"Linear","EasingDirection":"Out"},"Right Arm":{"Weight":1,"CFrame":[0.04221321642398834,-0.4960569143295288,0.05284678936004639,-0.1932225078344345,-0.7426036596298218,-0.6412525177001953,0.8419011235237122,-0.46111512184143069,0.2803131937980652,-0.5038527250289917,-0.48570841550827029,0.7142966389656067],"EasingStyle":"Linear","EasingDirection":"Out"},"Left Arm":{"Weight":1,"CFrame":[0.49425405263900759,-0.4531506896018982,-0.10225105285644531,0.4217192530632019,0.9052862524986267,0.05108540877699852,-0.8296615481376648,0.3625333905220032,0.42453643679618838,0.36580681800842287,-0.22141893208026887,0.9039685130119324],"EasingStyle":"Linear","EasingDirection":"Out"},"Head":{"Weight":1,"CFrame":[0.00020330771803855896,0.011202998459339142,-0.04899311065673828,0.9984017610549927,0.04983961954712868,-0.02664562687277794,-0.051039136946201327,0.9976176619529724,-0.04641169682145119,0.02426900714635849,0.04769749194383621,0.9985669851303101],"EasingStyle":"Linear","EasingDirection":"Out"},"Torso":{"Weight":1,"CFrame":[0.015768740326166154,0.00351715087890625,-0.43445777893066409,0.9895493984222412,-0.1431923806667328,0.016967013478279115,0.1388801634311676,0.9781104922294617,0.15495863556861878,-0.038784511387348178,-0.1509828418493271,0.9877752661705017],"EasingStyle":"Linear","EasingDirection":"Out"},"HumanoidRootPart":{"Weight":1,"CFrame":[0,0,0,1,0,0,0,1,0,0,0,1],"EasingStyle":"Linear","EasingDirection":"In"},"Right Leg":{"Weight":1,"CFrame":[0.6234387159347534,0.16398710012435914,0.20373773574829102,0.7834194898605347,0.5469679236412048,-0.29509302973747256,-0.5477414727210999,0.8320063948631287,0.08800430595874787,0.2936548888683319,0.09269030392169953,0.9514070153236389],"EasingStyle":"Linear","EasingDirection":"Out"}}},{"Time":0.30000001192092898,"poses":{"Left Leg":{"Weight":1,"CFrame":[-0.7892383337020874,0.28782838582992556,-0.007751822471618652,0.8835270404815674,-0.46732619404792788,0.03140494227409363,0.46015575528144839,0.8785694241523743,0.1279544234275818,-0.08738794177770615,-0.09860003739595413,0.9912827014923096],"EasingStyle":"Linear","EasingDirection":"Out"},"Right Arm":{"Weight":1,"CFrame":[0.08513681590557099,-0.4762735664844513,0.06651902198791504,-0.16666272282600404,-0.7475763559341431,-0.6429253220558167,0.8476456999778748,-0.4417261779308319,0.2938958406448364,-0.5037065744400024,-0.4959915280342102,0.7072992324829102],"EasingStyle":"Linear","EasingDirection":"Out"},"Left Arm":{"Weight":1,"CFrame":[0.48711568117141726,-0.4983198344707489,-0.101096510887146,0.3336640000343323,0.9399846792221069,0.07139411568641663,-0.8717295527458191,0.2788332402706146,0.40291380882263186,0.35882580280303957,-0.1966743767261505,0.912449061870575],"EasingStyle":"Linear","EasingDirection":"Out"},"Head":{"Weight":1,"CFrame":[0.00019776634871959686,0.011133885942399502,-0.04826784133911133,0.9979331493377686,0.059188902378082278,-0.025022052228450776,-0.060458168387413028,0.996738851070404,-0.053445979952812198,0.021777037531137468,0.05484829470515251,0.9982572197914124],"EasingStyle":"Linear","EasingDirection":"Out"},"Torso":{"Weight":1,"CFrame":[0.021181754767894746,0.004733830690383911,-0.43949341773986819,0.9872937202453613,-0.15833207964897157,0.013491231948137284,0.15400084853172303,0.974295437335968,0.16441462934017182,-0.03917655348777771,-0.16024787724018098,0.9862990379333496],"EasingStyle":"Linear","EasingDirection":"Out"},"HumanoidRootPart":{"Weight":1,"CFrame":[0,0,0,1,0,0,0,1,0,0,0,1],"EasingStyle":"Linear","EasingDirection":"In"},"Right Leg":{"Weight":1,"CFrame":[0.6145567893981934,0.15776920318603517,0.21591532230377198,0.763576090335846,0.5648797750473023,-0.31282955408096316,-0.5638313293457031,0.8193972110748291,0.10335591435432434,0.3147154450416565,0.09746293723583222,0.9441690444946289],"EasingStyle":"Linear","EasingDirection":"Out"}}},{"Time":0.3166666626930237,"poses":{"Left Leg":{"Weight":1,"CFrame":[-0.7890830636024475,0.26812344789505007,-0.01766061782836914,0.8844485878944397,-0.4664376974105835,0.01365937851369381,0.4617263674736023,0.8790006041526794,0.11902384459972382,-0.06752386689186096,-0.09896359592676163,0.9927974343299866],"EasingStyle":"Linear","EasingDirection":"Out"},"Right Arm":{"Weight":1,"CFrame":[0.1320335417985916,-0.457086980342865,0.0775443315505