{"Sequence":[{"Time":0,"poses":{"Left Leg":{"Weight":1,"CFrame":[-0.9459465146064758,0.1055026650428772,0.28383588790893557,0.38282328844070437,-0.8819971680641174,0.2748224139213562,0.9021846652030945,0.42093801498413088,0.09420207887887955,-0.198769211769104,0.2118777483701706,0.9568691849708557],"EasingStyle":"Linear","EasingDirection":"In"},"Right Arm":{"Weight":1,"CFrame":[0.4059106111526489,-0.5511975288391113,-0.27101361751556399,-0.6065434813499451,-0.7877665162086487,0.10737275332212448,0.7739455699920654,-0.5541229844093323,0.3065224289894104,-0.18197038769721986,0.2690197825431824,0.9457880854606628],"EasingStyle":"Linear","EasingDirection":"In"},"Left Arm":{"Weight":1,"CFrame":[-0.42364636063575747,-0.5425940752029419,-0.24901026487350465,-0.5704600214958191,0.8151743412017822,-0.10032975673675537,-0.8074299693107605,-0.5342340469360352,0.25030165910720827,0.15043987333774568,0.22379624843597413,0.9629553556442261],"EasingStyle":"Linear","EasingDirection":"In"},"Head":{"Weight":1,"CFrame":[9.4645656645298e-8,4.284083843231201e-8,1.1920928955078126e-7,1,-7.307971117143097e-8,8.66129994392395e-8,6.676419417317448e-8,0.9964289665222168,0.08443555980920792,-9.173528781047935e-8,-0.08443554490804672,0.9964289665222168],"EasingStyle":"Linear","EasingDirection":"In"},"Torso":{"Weight":1,"CFrame":[-0.1648775190114975,0.1247626543045044,-0.2994720935821533,0.9985370635986328,-0.05319180339574814,0.00971189420670271,0.054060131311416629,0.9857231378555298,-0.15945975482463838,-0.0010912861907854677,0.1597515046596527,0.9871566295623779],"EasingStyle":"Linear","EasingDirection":"In"},"HumanoidRootPart":{"Weight":0,"CFrame":[0,0,0,1,0,0,0,1,0,0,0,1],"EasingStyle":"Linear","EasingDirection":"In"},"Right Leg":{"Weight":1,"CFrame":[0.6227779984474182,0.34620046615600588,0.07490289211273194,0.9818363189697266,0.12655222415924073,-0.14135731756687165,-0.12318988889455795,0.9918565154075623,0.03232511505484581,0.1442970484495163,-0.014324170537292958,0.9894307255744934],"EasingStyle":"Linear","EasingDirection":"In"}}},{"Time":0.03333333507180214,"poses":{"Left Leg":{"Weight":1,"CFrame":[-0.9247456789016724,0.11607831716537476,0.27730441093444826,0.41575372219085696,-0.8665153384208679,0.2762245833873749,0.8798043131828308,0.460138738155365,0.11923383921384812,-0.23041966557502747,0.1934516876935959,0.9536683559417725],"EasingStyle":"Linear","EasingDirection":"In"},"Right Arm":{"Weight":1,"CFrame":[0.3921416401863098,-0.5493209362030029,-0.24978643655776978,-0.5448103547096252,-0.8305044770240784,0.11594834923744202,0.8169657588005066,-0.4945061504840851,0.2966994345188141,-0.18907302618026734,0.2563707232475281,0.9479058384895325],"EasingStyle":"Linear","EasingDirection":"In"},"Left Arm":{"Weight":1,"CFrame":[-0.4195425510406494,-0.5401458740234375,-0.22820651531219483,-0.5048882365226746,0.8564533591270447,-0.107589490711689,-0.8488098382949829,-0.4699559807777405,0.2422051578760147,0.15687508881092072,0.21360942721366883,0.9642412066459656],"EasingStyle":"Linear","EasingDirection":"In"},"Head":{"Weight":1,"CFrame":[1.0596704669296742e-7,-6.752088665962219e-8,1.1920928955078126e-7,0.9998417496681213,0.006866573356091976,-0.016412708908319474,-0.005723119247704744,0.9976190328598023,0.06872756034135819,0.016845552250742914,-0.06862278282642365,0.9975004196166992],"EasingStyle":"Linear","EasingDirection":"In"},"Torso":{"Weight":1,"CFrame":[-0.16053426265716554,0.14183083176612855,-0.2627449035644531,0.9979309439659119,-0.06353560090065003,0.009853343479335308,0.06428790092468262,0.9883261919021606,-0.1381244957447052,-0.0009624935919418931,0.13847216963768006,0.9903658628463745],"EasingStyle":"Linear","EasingDirection":"In"},"HumanoidRootPart":{"Weight":0,"CFrame":[0,0,0,1,0,0,0,1,0,0,0,1],"EasingStyle":"Linear","EasingDirection":"In"},"Right Leg":{"Weight":1,"CFrame":[0.6301135420799255,0.3012118339538574,0.06769871711730957,0.9804854989051819,0.14808472990989686,-0.12930214405059815,-0.14375951886177064,0.9887116551399231,0.04221867397427559,0.13409453630447389,-0.022806432098150255,0.9907060861587524],"EasingStyle":"Linear","EasingDirection":"In"}}},{"Time":0.06666667014360428,"poses":{"Left Leg":{"Weight":1,"CFrame":[-0.8793225288391113,0.14082187414169312,0.23666644096374513,0.52491295337677,-0.8115099668502808,0.2567451298236847,0.8088043928146362,0.5695263147354126,0.146543949842453,-0.26514506340026858,0.13073383271694184,0.9553045630455017],"EasingStyle":"Linear","EasingDirection":"In"},"Right Arm":{"Weight":1,"CFrame":[0.3547884523868561,-0.5442644953727722,-0.1967179775238037,-0.4650181829929352,-0.8765751719474793,0.12399256974458695,0.8628976941108704,-0.41747403144836428,0.2848208546638489,-0.19790318608283997,0.23943974077701569,0.9505277276039124],"EasingStyle":"Linear","EasingDirection":"In"},"Left Arm":{"Weight":1,"CFrame":[-0.4041827917098999,-0.5382046699523926,-0.17619681358337403,-0.429741233587265,0.8957429528236389,-0.11387292295694351,-0.8875385522842407,-0.3958309292793274,0.23578226566314698,0.1661258488893509,0.2023918628692627,0.965111255645752],"EasingStyle":"Linear","EasingDirection":"In"},"Head":{"Weight":1,"CFrame":[7.913331501185894e-8,1.1175870895385743e-8,0,0.9992907643318176,0.02419472672045231,-0.02885434217751026,-0.022595999762415887,0.9982579946517944,0.054501648992300037,0.030122727155685426,-0.05381099134683609,0.9980967044830322],"EasingStyle":"Linear","EasingDirection":"In"},"Torso":{"Weight":1,"CFrame":[-0.14793477952480317,0.15887975692749024,-0.19055557250976563,0.9958858489990234,-0.08997977524995804,0.010723568499088288,0.09061647951602936,0.989011287689209,-0.11681334674358368,-0.00009489147487329319,0.1173044890165329,0.9930959939956665],"EasingStyle":"Linear","EasingDirection":"In"},"HumanoidRootPart":{"Weight":0,"CFrame":[0,0,0,1,0,0,0,1,0,0,0,1],"EasingStyle":"Linear","EasingDirection":"In"},"Right Leg":{"Weight":1,"CFrame":[0.6012007594108582,0.2230210304260254,0.07309103012084961,0.9787420034408569,0.15724757313728333,-0.1316712349653244,-0.15166254341602326,0.987090528011322,0.05148501321673393,0.13806740939617158,-0.030421018600463868,0.9899555444717407],"EasingStyle":"Linear","EasingDirection":"In"}}},{"Time":0.10000000149011612,"poses":{"Left Leg":{"Weight":1,"CFrame":[-0.8029841780662537,0.1454344391822815,0.1799408197402954,0.6496092081069946,-0.7262548804283142,0.22485923767089845,0.7069579362869263,0.6858341693878174,0.17274828255176545,-0.2796754837036133,0.04674713686108589,0.9589558839797974],"EasingStyle":"Linear","EasingDirection":"In"},"Right Arm":{"Weight":1,"CFrame":[0.2997815012931824,-0.5316932201385498,-0.12772929668426515,-0.3536039888858795,-0.9260339736938477,0.132004976272583,0.9117612242698669,-0.30969780683517458,0.26977530121803286,-0.20893950760364533,0.215750589966774,0.9538322687149048],"EasingStyle":"Linear","EasingDirection":"In"},"Left Arm":{"Weight":1,"CFrame":[-0.37299472093582156,-0.5351061820983887,-0.10858452320098877,-0.3297141492366791,0.9364891648292542,-0.1194847971200943,-0.926638662815094,-0.2968045473098755,0.23075510561466218,0.18063604831695558,0.18680240213871003,0.9656476974487305],"EasingStyle":"Linear","EasingDirection":"In"},"Head":{"Weight":1,"CFrame":[9.313225746154785e-8,-2.421438694000244e-8,-5.364418029785156e-7,0.9980509281158447,0.049409542232751849,-0.03811857849359512,-0.047804709523916247,0.997976541519165,0.041922636330127719,0.040112826973199847,-0.04001869261264801,0.9983934164047241],"EasingStyle":"Linear","EasingDirection":"In"},"Torso":{"Weight":1,"CFrame":[-0.1288784146308899,0.17521733045578004,-0.13167238235473634,0.9919663667678833,-0.12597377598285676,0.011549007147550583,0.12649989128112794,0.9872722625732422,-0.09639140963554383,0.000740774383302778,0.09707798808813095,0.9952765107154846],"EasingStyle":"Linear","EasingDirection":"In"},"HumanoidRootPart":{"Weight":0,"CFrame":[0,0,0,1,0,0,0,1,0,0,0,1],"EasingStyle":"Linear","EasingDirection":"In"},"Right Leg":{"Weight":1,"CFrame":[0.5590628981590271,0.15867286920547486,0.08552837371826172,0.9754489660263062,0.16746532917022706,-0.14301984012126923,-0.159977525472641,0.9851449728012085,0.06242287904024124,0.1513490229845047,-0.03801042586565018,0.9877493381500244],"EasingStyle":"Linear","EasingDirection":"In"}}},{"Time":0.13333334028720857,"poses":{"Left Leg":{"Weight":1,"CFrame":[-0.6953548789024353,0.13022440671920777,0.1227719783782959,0.7620795369148254,-0.6193894743919373,0.18865667283535005,0.5889890789985657,0.7841755747795105,0.19534729421138764,-0.26893603801727297,-0.03775344043970108,0.9624178409576416],"EasingStyle":"Linear","EasingDirection":"In"},"Right Arm":{"Weight":1,"CFrame":[0.23305101692676545,-0.5072718262672424,-0.05874037742614746,-0.19195355474948884,-0.9714111685752869,0.13969352841377259,0.9560937285423279,-0.15298080444335938,0.24996329843997956,-0.22144672274589539,0.1815413385629654,0.9581252932548523],"EasingStyle":"Linear","EasingDirection":"In"},"Left Arm":{"Weight":1,"CFrame":[-0.32140615582466128,-0.52918541431427,-0.04097217321395874,-0.18418288230895997,0.9749813079833984,-0.12445111572742462,-0.9618209004402161,-0.15270689129829408,0.22711487114429475,0.2024282068014145,0.1615302711725235,0.9658834338188171],"EasingStyle":"Linear","EasingDirection":"In"},"Head":{"Weight":1,"CFrame":[8.381903171539307e-8,7.450580596923828e-9,0,0.9957937598228455,0.07987534999847412,-0.04488508030772209,-0.07852689176797867,0.9964284896850586,0.03104577772319317,0.047204580157995227,-0.027390509843826295,0.9985096454620361],"EasingStyle":"Linear","EasingDirection":"In"},"Torso":{"Weight":1,"CFrame":[-0.10488530993461609,0.19012346863746644,-0.10233855247497559,0.9862343072891235,-0.16492466628551484,0.011905081570148468,0.16535000503063203,0.9831647872924805,-0.07775876671075821,0.0011196796549484134,0.078656867146492,0.9969010949134827],"EasingStyle":"Linear","EasingDirection":"In"},"HumanoidRootPart":{"Weight":0,"CFrame":[0,0,0,1,0,0,0,1,0,0,0,1],"EasingStyle":"Linear","EasingDirection":"In"},"Right Leg":{"Weight":1,"CFrame":[0.5283052921295166,0.12228995561599732,0.10130965709686279,0.9692984223365784,0.18883393704891206,-0.15748731791973115,-0.17873261868953706,0.9809472560882568,0.07613926380872727,0.16886450350284577,-0.045653555542230609,0.9845814108848572],"EasingStyle":"Linear","EasingDirection":"In"}}},{"Time":0.1666666716337204,"poses":{"Left Leg":{"Weight":1,"CFrame":[-0.5564497709274292,0.1047554612159729,0.07400071620941162,0.8586452007293701,-0.4886679947376251,0.15470020473003388,0.45578810572624209,0.8659924864768982,0.20570379495620728,-0.23449012637138368,-0.10611604154109955,0.9663093686103821],"EasingStyle":"Linear","EasingDirection":"In"},"Right Arm":{"Weight":1,"CFrame":[0.16052745282649995,-0.4666672646999359,-0.005672037601470947,0.04148530587553978,-0.9885305762290955,0.14521107077598573,0.971923828125,0.07361715286970139,0.2234828621149063,-0.23160968720912934,0.13186272978782655,0.9638304710388184],"EasingStyle":"Linear","EasingDirection":"In"},"Left Arm":{"Weight":1,"CFrame":[-0.24484467506408692,-0.5187796354293823,0.011037349700927735,0.032711900770664218,0.9911485314369202,-0.12866440415382386,-0.972385823726654,0.061323754489421847,0.22517825663089753,0.231075257062912,0.11774525791406632,0.9657847881317139],"EasingStyle":"Linear","EasingDirection":"In"},"Head":{"Weight":1,"CFrame":[8.42846930027008e-8,1.862645149230957e-9,-1.7881393432617188e-7,0.9923600554466248,0.11290346831083298,-0.049742572009563449,-0.11193385720252991,0.9934749007225037,0.021874068304896356,0.05188765004277229,-0.016139065846800805,0.9985225200653076],"EasingStyle":"Linear","EasingDirection":"In"},"Torso":{"Weight":1,"CFrame":[-0.0772080048918724,0.21931961178779603,-0.08444023132324219,0.9796531796455383,-0.20035648345947267,0.011701751500368119,0.2006956934928894,0.9777007699012756,-0.06182558089494705,0.0009463450405746698,0.0629161149263382,0.9980183839797974],"EasingStyle":"Linear","EasingDirection":"In"},"HumanoidRootPart":{"Weight":0,"CFrame":[0,0,0,1,0,0,0,1,0,0,0,1],"EasingStyle":"Linear","EasingDirection":"In"},"Right Leg":{"Weight":1,"CFrame":[0.49759382009506228,0.10384684801101685,0.1139148473739624,0.9654445052146912,0.19840052723884583,-0.168979674577713,-0.18491461873054505,0.9784128069877625,0.09227641671895981,0.18363961577415467,-0.057840973138809207,0.9812904596328735],"EasingStyle":"Linear","EasingDirection":"In"}}},{"Time":0.20000000298023225,"poses":{"Left Leg":{"Weight":1,"CFrame":[-0.42505306005477908,0.08043074607849121,0.04150688648223877,0.9238335490226746,-0.36009594798088076,0.12985533475875855,0.33047983050346377,0.9214704036712647,0.20414544641971589,-0.19316990673542024,-0.14568188786506654,0.9702897667884827],"EasingStyle":"Linear","EasingDirection":"In"},"Right Arm":{"Weight":1,"CFrame":[0.08814117312431336,-0.40554413199424746,0.015555262565612793,0.35455361008644106,-0.9238799810409546,0.14400465786457063,0.9064379334449768,0.3774071931838989,0.1895630806684494,-0.22948196530342103,0.06332095712423325,0.9712510108947754],"EasingStyle":"Linear","EasingDirection":"In"},"Left Arm":{"Weight":1,"CFrame":[-0.13873785734176637,-0.5022234320640564,0.031841158866882327,0.33703482151031496,0.932165265083313,-0.13219493627548219,-0.9054864645004273,0.35939332842826846,0.2256781905889511,0.257879376411438,0.04363919422030449,0.965191125869751],"EasingStyle":"Linear","EasingDirection":"In"},"Head":{"Weight":1,"CFrame":[7.636845111846924e-8,-2.9802322387695315e-8,7.152557373046875e-7,0.9878841042518616,0.14578545093536378,-0.05321269854903221,-0.14521822333335877,0.9892948865890503,0.014395800419151783,0.054741743952035907,-0.006493926513940096,0.998479425907135],"EasingStyle":"Linear","EasingDirection":"In"},"Torso":{"Weight":1,"CFrame":[-0.044917892664670947,0.272796094417572,-0.0751655101776123,0.9740378856658936,-0.22597765922546388,0.013575393706560135,0.22637541592121125,0.9727973341941834,-0.04918897524476051,-0.0020904941484332086,0.05098506435751915,0.9986972212791443],"EasingStyle":"Linear","EasingDirection":"In"},"HumanoidRootPart":{"Weight":0,"CFrame":[0,0,0,1,0,0,0,1,0,0,0,1],"EasingStyle":"Linear","EasingDirection":"In"},"Right Leg":{"Weight":1,"CFrame":[0.4650520980358124,0.10210919380187988,0.11834967136383057,0.9680095314979553,0.18286217749118806,-0.17181052267551423,-0.16588784754276277,0.9801510572433472,0.1085592657327652,0.18825173377990724,-0.07658515125513077,0.9791302680969238],"EasingStyle":"Linear","EasingDirection":"In"}}},{"Time":0.23333333432674409,"poses":{"Left Leg":{"Weight":1,"CFrame":[-0.39567410945892336,0.06830489635467529,0.03262972831726074,0.944952666759491,-0.30379852652549746,0.12153572589159012,0.277982234954834,0.9412901401519775,0.19156917929649354,-0.1725989133119583,-0.14723901450634004,0.9739252328872681],"EasingStyle":"Linear","EasingDirection":"In"},"Right Arm":{"Weight":1,"CFrame":[0.020437665283679963,-0.2977113723754883,-0.0088539719581604,0.6936225295066834,-0.7100948095321655,0.12104985117912293,0.6913553476333618,0.7034356594085693,0.16494274139404298,-0.202275812625885,-0.030719641596078874,0.9788466691970825],"EasingStyle":"Linear","EasingDirection":"In"},"Left Arm":{"Weight":1,"CFrame":[-0.007163137197494507,-0.38787010312080386,0.022781848907470704,0.6795504689216614,0.7215116024017334,-0.1327861100435257,-0.6871039867401123,0.6893735527992249,0.22946062684059144,0.2570977210998535,-0.06469231843948364,0.9642176628112793],"EasingStyle":"Linear","EasingDirection":"In"},"Head":{"Weight":1,"CFrame":[9.499490261077881e-8,-3.585591912269592e-8,-1.1920928955078126e-7,0.9828377962112427,0.17583876848220826,-0.05577262490987778,-0.175633043050766,0.9844180941581726,0.008607439696788788,0.05641709640622139,0.0013357981806620956,0.9984064102172852],"EasingStyle":"Linear","EasingDirection":"In"},"Torso":{"Weight":1,"CFrame":[-0.007826842367649079,0.3410791754722595,-0.07170963287353516,0.9716191291809082,-0.2357671707868576,0.019236799329519273,0.23637430369853974,0.9708186984062195,-0.040475305169820788,-0.009132695384323597,0.04387366771697998,0.9989953637123108],"EasingStyle":"Linear","EasingDirection":"In"},"HumanoidRootPart":{"Weight":0,"CFrame":[0,0,0,1,0,0,0,1,0,0,0,1],"EasingStyle":"Linear","EasingDirection":"In"},"Right Leg":{"Weight":1,"CFrame":[0.42976218461990359,0.10920822620391846,0.11124873161315918,0.9770164489746094,0.14026792347431184,-0.16051071882247926,-0.12112520635128021,0.9849323630332947,0.12343784421682358,0.17540663480758668,-0.10115889459848404,0.9792851805686951],"EasingStyle":"Linear","EasingDirection":"In"}}},{"Time":0.2666666805744171,"poses":{"Left Leg":{"Weight":1,"CFrame":[-0.44711795449256899,0.07287943363189697,0.03680574893951416,0.9455103874206543,-0.30114296078681948,0.12378616631031037,0.2786833643913269,0.9451121091842651,0.1705835610628128,-0.1683618277311325,-0.12679140269756318,0.9775367975234985],"EasingStyle":"Linear","EasingDirection":"In"},"Right Arm":{"Weight":1,"CFrame":[-0.04357677698135376,-0.17064473032951356,-0.05418515205383301,0.9278292059898377,-0.36676424741744997,0.06794756650924683,0.35150372982025149,0.9206699132919312,0.16974125802516938,-0.12481225281953812,-0.13360710442066194,0.9831434488296509],"EasingStyle":"Linear","EasingDirection":"In"},"Left Arm":{"Weight":1,"CFrame":[0.1112038642168045,-0.18884539604187013,0.005957841873168945,0.9192978739738464,0.37550100684165957,-0.11785771697759628,-0.3409256339073181,0.9094130992889404,0.2381962090730667,0.19662423431873322,-0.17879259586334229,0.9640395045280457],"EasingStyle":"Linear","EasingDirection":"In"},"Head":{"Weight":1,"CFrame":[7.82310962677002e-8,-5.774199962615967e-8,1.1920928955078126e-7,0.9779943227767944,0.20044314861297608,-0.05787632241845131,-0.20052070915699006,0.9796790480613709,0.0045240470208227638,0.05760704353451729,0.007180908694863319,0.9983134865760803],"EasingStyle":"Linear","EasingDirection":"In"},"Torso":{"Weight":1,"CFrame":[0.03201359137892723,0.41443729400634768,-0.0712883472442627,0.9714562892913818,-0.23560796678066255,0.027597103267908098,0.23652227222919465,0.9709352254867554,-0.036633480340242389,-0.018163863569498063,0.04211515188217163,0.9989476203918457],"EasingStyle":"Linear","EasingDirection":"In"},"HumanoidRootPart":{"Weight":0,"CFrame":[0,0,0,1,0,0,0,1,0,0,0,1],"EasingStyle":"Linear","EasingDirection":"In"},"Right Leg":{"Weight":1,"CFrame":[0.38383570313453677,0.11749696731567383,0.09551751613616944,0.9871162176132202,0.07398521900177002,-0.14187245070934297,-0.054131340235471728,0.9888087511062622,0.13902178406715394,0.1505703330039978,-0.12955093383789063,0.9800740480422974],"EasingStyle":"Linear","EasingDirection":"In"}}},{"Time":0.30000001192092898,"poses":{"Left Leg":{"Weight":1,"CFrame":[-0.4868718683719635,0.08247500658035279,0.039700865745544437,0.949319064617157,-0.28824031352996828,0.12534286081790925,0.26921483874320986,0.9514757990837097,0.1490544229745865,-0.16222430765628816,-0.10775601118803024,0.9808526635169983],"EasingStyle":"Linear","EasingDirection":"In"},"Right Arm":{"Weight":1,"CFrame":[-0.10628093779087067,-0.10051658749580383,-0.07859432697296143,0.9996653199195862,-0.02417287789285183,-0.00921777542680502,0.025542018935084344,0.9788126945495606,0.2031581699848175,0.004111520014703274,-0.20332570374011994,0.9791025519371033],"EasingStyle":"Linear","EasingDirection":"In"},"Left Arm":{"Weight":1,"CFrame":[0.16903769969940186,-0.06064847111701965,-0.003101527690887451,0.9964401125907898,0.03618426248431206,-0.07614336907863617,-0.015178484842181206,0.9654462933540344,0.2601596713066101,0.08292597532272339,-0.2580778896808624,0.9625586271286011],"EasingStyle":"Linear","EasingDirection":"In"},"Head":{"Weight":1,"CFrame":[8.195638656616211e-8,7.636845111846924e-8,2.384185791015625e-7,0.9743170142173767,0.2170465737581253,-0.059976473450660709,-0.21730968356132508,0.9761002659797669,0.002179369330406189,0.05901608243584633,0.010910069569945336,0.9981974363327026],"EasingStyle":"Linear","EasingDirection":"In"},"Torso":{"Weight":1,"CFrame":[0.07215134799480438,0.48563385009765627,-0.07241344451904297,0.9711946845054627,-0.2353866845369339,0.037066876888275149,0.23667944967746736,0.9709392786026001,-0.03549369052052498,-0.027634944766759874,0.04324425011873245,0.9986822605133057],"EasingStyle":"Linear","EasingDirection":"In"},"HumanoidRootPart":{"Weight":0,"CFrame":[0,0,0,1,0,0,0,1,0,0,0,1],"EasingStyle":"Linear","EasingDirection":"In"},"Right Leg":{"Weight":1,"CFrame":[0.30532294511795046,0.11894166469573975,0.07169187068939209,0.9918678402900696,-0.013648108579218388,-0.12653794884681703,0.03378615900874138,0.9867969155311585,0.15839943289756776,0.12270545214414597,-0.16138653457164765,0.9792332649230957],"EasingStyle":"Linear","EasingDirection":"In"}}},{"Time":0.3333333432674408,"poses":{"Left Leg":{"Weight":1,"CFrame":[-0.5215619206428528,0.09472894668579102,0.042470574378967288,0.9524800181388855,-0.277253121137619,0.12614476680755616,0.26136383414268496,0.9565824866294861,0.12899178266525269,-0.15643133223056794,-0.08989232778549195,0.9835896492004395],"EasingStyle":"Linear","EasingDirection":"In"},"Right Arm":{"Weight":1,"CFrame":[-0.16901540756225587,-0.08680793642997742,-0.07043397426605225,0.9693928956985474,0.2212258279323578,-0.10647346079349518,-0.18848593533039094,0.9484876394271851,0.25464537739753725,0.15732283890247346,-0.2267826646566391,0.961155116558075],"EasingStyle":"Linear","EasingDirection":"In"},"Left Arm":{"Weight":1,"CFrame":[0.17897331714630128,-0.02614346146583557,-0.001619100570678711,0.9804197549819946,-0.19679751992225648,-0.006915788631886244,0.18975697457790376,0.9347925782203674,0.30025845766067507,-0.052625346928834918,-0.2956917881965637,0.9538328051567078],"EasingStyle":"Linear","EasingDirection":"In"},"Head":{"Weight":1,"CFrame":[8.940696716308594e-8,0,8.344650268554688e-7,0.9727805852890015,0.22312690317630769,-0.06254835426807404,-0.2234657257795334,0.9747104644775391,0.0016148878494277597,0.06132686510682106,0.012406482361257077,0.9980406165122986],"EasingStyle":"Linear","EasingDirection":"In"},"Torso":{"Weight":1,"CFrame":[0.10989206284284592,0.5477840304374695,-0.07906079292297363,0.9708762168884277,-0.23517221212387086,0.045753784477710727,0.23681211471557618,0.9709446430206299,-0.03444622457027435,-0.03632359951734543,0.04427807033061981,0.9983586668968201],"EasingStyle":"Linear","EasingDirection":"In"},"HumanoidRootPart":{"Weight":0,"CFrame":[0,0,0,1,0,0,0,1,0,0,0,1],"EasingStyle":"Linear","EasingDirection":"In"},"Right Leg":{"Weight":1,"CFrame":[0.17715631425380708,0.1072547435760498,0.041176438331604007,0.9856276512145996,-0.12445221841335297,-0.11423571407794953,0.14387007057666779,0.9728094935417175,0.18150225281715394,0.08854123950004578,-0.19532877206802369,0.9767329096794128],"EasingStyle":"Linear","EasingDirection":"In"}}},{"Time":0.36666667461395266,"poses":{"Left Leg":{"Weight":1,"CFrame":[-0.5574443936347961,0.10939961671829224,0.04806971549987793,0.9512884616851807,-0.27954521775245669,0.13001792132854463,0.26609671115875246,0.9574573040008545,0.11166029423475266,-0.15570081770420075,-0.07162375003099442,0.9852042198181152],"EasingStyle":"Linear","EasingDirection":"In"},"Right Arm":{"Weight":1,"CFrame":[-0.22897100448608399,-0.07761967182159424,-0.0500330924987793,0.9037840366363525,0.37465569376945498,-0.2068999856710434,-0.30182820558547976,0.9006853103637695,0.31251493096351626,0.3034372925758362,-0.2199978232383728,0.9271066784858704],"EasingStyle":"Linear","EasingDirection":"In"},"Left Arm":{"Weight":1,"CFrame":[0.18563368916511537,-0.0030148327350616457,0.0022535324096679689,0.9392005801200867,-0.33570218086242678,0.07215402275323868,0.29121991991996767,0.8901033997535706,0.35058078169822695,-0.18191540241241456,-0.30825304985046389,0.9337488412857056],"EasingStyle":"Linear","EasingDirection":"In"},"Head":{"Weight":1,"CFrame":[1.043081283569336e-7,8.195638656616211e-8,2.384185791015625e-7,0.9728537201881409,0.22183041274547578,-0.06593064963817597,-0.22214436531066895,0.9750102758407593,0.0026231741067022087,0.06486495584249497,0.012094160541892052,0.9978207349777222],"EasingStyle":"Linear","EasingDirection":"In"},"Torso":{"Weight":1,"CFrame":[0.14277425408363343,0.5916894674301148,-0.09662938117980957,0.9713824987411499,-0.23174577951431275,0.05205656215548515,0.2336401343345642,0.9717364311218262,-0.03377325087785721,-0.04275844991207123,0.04496924951672554,0.9980728626251221],"EasingStyle":"Linear","EasingDirection":"In"},"HumanoidRootPart":{"Weight":0,"CFrame":[0,0,0,1,0,0,0,1,0,0,0,1],"EasingStyle":"Linear","EasingDirection":"In"},"Right Leg":{"Weight":1,"CFrame":[0.3392401933670044,0.2125754952430725,0.01895737648010254,0.9948326349258423,0.003956543281674385,-0.10145150870084763,0.017047297209501268,0.9785445928573608,0.205328568816185,0.10008726269006729,-0.20599712431430818,0.9734206795692444],"EasingStyle":"Linear","EasingDirection":"In"}}},{"Time":0.4000000059604645,"poses":{"Left Leg":{"Weight":1,"CFrame":[-0.600213348865509,0.12633192539215089,0.05846118927001953,0.9423049092292786,-0.30462461709976199,0.13879963755607606,0.2929667830467224,0.9510517716407776,0.09834093600511551,-0.16196277737617494,-0.052003469318151477,0.9854256510734558],"EasingStyle":"Linear","EasingDirection":"In"},"Right Arm":{"Weight":1,"CFrame":[-0.2822999954223633,-0.07204601168632508,-0.023511946201324464,0.8338723182678223,0.4655682444572449,-0.29648491740226748,-0.35108572244644167,0.8618698120117188,0.3659495711326599,0.42590585350990298,-0.2010636180639267,0.8821437358856201],"EasingStyle":"Linear","EasingDirection":"In"},"Left Arm":{"Weight":1,"CFrame":[0.18967348337173463,0.011014342308044434,0.0076541900634765629,0.8981820940971375,-0.41439661383628847,0.14677974581718446,0.32916057109832766,0.8552253842353821,0.40030354261398318,-0.2914142608642578,-0.31123146414756777,0.9045511484146118],"EasingStyle":"Linear","EasingDirection":"In"},"Head":{"Weight":1,"CFrame":[1.1920928955078126e-7,6.332993507385254e-8,-1.7881393432617188e-7,0.9733485579490662,0.21849596500396729,-0.06965682655572891,-0.2186933010816574,0.9757814407348633,0.0048736403696238998,0.06903471797704697,0.010489733889698983,0.997559130191803],"EasingStyle":"Linear","EasingDirection":"In"},"Torso":{"Weight":1,"CFrame":[0.16836300492286683,0.608187735080719,-0.13049578666687013,0.9730961322784424,-0.22388331592082978,0.05440720543265343,0.22587774693965913,0.9735721349716187,-0.033712487667798999,-0.04542167857289314,0.045094870030879977,0.9979495406150818],"EasingStyle":"Linear","EasingDirection":"In"},"HumanoidRootPart":{"Weight":0,"CFrame":[0,0,0,1,0,0,0,1,0,0,0,1],"EasingStyle":"Linear","EasingDirection":"In"},"Right Leg":{"Weight":1,"CFrame":[0.6467564105987549,0.34369784593582156,-0.003822803497314453,0.9455230832099915,0.31383273005485537,-0.08657442778348923,-0.28753504157066347,0.9297423958778381,0.23000577092170716,0.1526753157377243,-0.1925826370716095,0.9693307876586914],"EasingStyle":"Linear","EasingDirection":"In"}}},{"Time":0.4333333373069763,"poses":{"Left Leg":{"Weight":1,"CFrame":[-0.6557047367095947,0.1580268144607544,0.0717698335647583,0.9255495071411133,-0.3476913571357727,0.14989595115184785,0.3374214768409729,0.9370360970497131,0.0900561511516571,-0.17176978290081025,-0.03277334198355675,0.9845918416976929],"EasingStyle":"Linear","EasingDirection":"In"},"Right Arm":{"Weight":1,"CFrame":[-0.3251555562019348,-0.06918376684188843,0.003009319305419922,0.7728252410888672,0.5182054042816162,-0.3663393557071686,-0.36674293875694277,0.8357930779457092,0.4085943102836609,0.5179197192192078,-0.1814197599887848,0.8359701633453369],"EasingStyle":"Linear","EasingDirection":"In"},"Left Arm":{"Weight":1,"CFrame":[0.1917480230331421,0.018218636512756349,0.013721466064453125,0.8643580675125122,-0.4581489562988281,0.20732703804969788,0.33472973108291628,0.83184814453125,0.44270142912864687,-0.3752880096435547,-0.31325414776802065,0.8723708391189575],"EasingStyle":"Linear","EasingDirection":"In"},"Head":{"Weight":1,"CFrame":[6.705522537231445e-8,2.60770320892334e-8,1.1920928955078126e-7,0.9741290807723999,0.21386714279651643,-0.07302959263324738,-0.21384431421756745,0.976833164691925,0.008223478682339192,0.07309645414352417,0.00760623486712575,0.9972958564758301],"EasingStyle":"Linear","EasingDirection":"In"},"Torso":{"Weight":1,"CFrame":[0.18699896335601808,0.5981478691101074,-0.19167304039001466,0.975207507610321,-0.21442338824272157,0.05470715090632439,0.21662424504756928,0.9755139946937561,-0.0380309522151947,-0.045212868601083758,0.048938967287540439,0.9977779388427734],"EasingStyle":"Linear","EasingDirection":"In"},"HumanoidRootPart":{"Weight":0,"CFrame":[0,0,0,1,0,0,0,1,0,0,0,1],"EasingStyle":"Linear","EasingDirection":"In"},"Right Leg":{"Weight":1,"CFrame":[0.8852719068527222,0.3449280261993408,-0.004819393157958984,0.7800195813179016,0.621377170085907,-0.07389123737812042,-0.5875399112701416,0.7678929567337036,0.2552197575569153,0.2153283953666687,-0.15566235780715943,0.9640554785728455],"EasingStyle":"Linear","EasingDirection":"In"}}},{"Time":0.46666666865348818,"poses":{"Left Leg":{"Weight":1,"CFrame":[-0.7011552453041077,0.19958937168121339,0.08273601531982422,0.909774899482727,-0.38300999999046328,0.16004039347171784,0.37362048029899599,0.9235535860061646,0.08635144680738449,-0.1808794140815735,-0.018766028806567193,0.983326256275177],"EasingStyle":"Linear","EasingDirection":"In"},"Right Arm":{"Weight":1,"CFrame":[-0.35369008779525759,-0.06812942028045654,0.02341020107269287,0.7276314496994019,0.5502364039421082,-0.40962469577789309,-0.3718933165073395,0.8182003498077393,0.4384557902812958,0.5764094591140747,-0.1666976362466812,0.7999776005744934],"EasingStyle":"Linear","EasingDirection":"In"},"Left Arm":{"Weight":1,"CFrame":[0.19251230359077454,0.02087259292602539,0.019593238830566407,0.8397170901298523,-0.4843530058860779,0.24551431834697724,0.3312073349952698,0.8151201009750366,0.47526928782463076,-0.43032190203666689,-0.3177756667137146,0.8448916077613831],"EasingStyle":"Linear","EasingDirection":"In"},"Head":{"Weight":1,"CFrame":[6.705522537231445e-8,-4.0978193283081057e-8,1.1920928955078126e-7,0.9750757813453674,0.20868487656116486,-0.07535112649202347,-0.2083365023136139,0.9779767990112305,0.012542124837636948,0.07630901038646698,0.0034688725136220457,0.9970781803131104],"EasingStyle":"Linear","EasingDirection":"In"},"Torso":{"Weight":1,"CFrame":[0.19969409704208375,0.5723104476928711,-0.2595701217651367,0.9769152402877808,-0.20623888075351716,0.05569695308804512,0.20898950099945069,0.9766845107078552,-0.04909973219037056,-0.044272080063819888,0.05960635468363762,0.9972397089004517],"EasingStyle":"Linear","EasingDirection":"In"},"HumanoidRootPart":{"Weight":0,"CFrame":[0,0,0,1,0,0,0,1,0,0,0,1],"EasingStyle":"Linear","EasingDirection":"In"},"Right Leg":{"Weight":1,"CFrame":[1.0095086097717286,0.19417524337768556,0.03728365898132324,0.5405566096305847,0.8385601043701172,-0.06793658435344696,-0.798427164554596,0.5367811918258667,0.27272704243659975,0.26516517996788027,-0.0931820198893547,0.9596898555755615],"EasingStyle":"Linear","EasingDirection":"In"}}},{"Time":0.5,"poses":{"Left Leg":{"Weight":1,"CFrame":[-0.7167812585830689,0.22198987007141114,0.08697128295898438,0.9034364819526672,-0.3953249156475067,0.16589365899562837,0.38599303364753725,0.9184321761131287,0.08655485510826111,-0.1865793764591217,-0.014163024723529816,0.9823377728462219],"EasingStyle":"Linear","EasingDirection":"In"},"Right Arm":{"Weight":1,"CFrame":[-0.3640565872192383,-0.06797870993614197,0.0315704345703125,0.7029513716697693,0.574781596660614,-0.41890984773635867,-0.3847767412662506,0.802684485912323,0.45568016171455386,0.5981690287590027,-0.15913434326648713,0.7854108214378357],"EasingStyle":"Linear","EasingDirection":"In"},"Left Arm":{"Weight":1,"CFrame":[0.1926213949918747,0.021252155303955079,0.024407625198364259,0.8249853849411011,-0.5056887269020081,0.25234493613243105,0.33749255537986758,0.7989684343338013,0.4977430999279022,-0.4533187448978424,-0.3254663348197937,0.8298035264015198],"EasingStyle":"Linear","EasingDirection":"In"},"Head":{"Weight":1,"CFrame":[7.450580596923828e-8,-6.332993507385254e-8,2.384185791015625e-7,0.9760887026786804,0.20368409156799317,-0.07591850310564041,-0.2029212862253189,0.9790348410606384,0.017711924389004709,0.07793451845645905,-0.0018829236505553127,0.9969567060470581],"EasingStyle":"Linear","EasingDirection":"In"},"Torso":{"Weight":1,"CFrame":[0.20513558387756349,0.5364726781845093,-0.29219555854797366,0.9776254296302795,-0.20242390036582948,0.05721115693449974,0.2059677392244339,0.9764062166213989,-0.06487085670232773,-0.04272991791367531,0.0752030536532402,0.9962522983551025],"EasingStyle":"Linear","EasingDirection":"In"},"HumanoidRootPart":{"Weight":0,"CFrame":[0,0,0,1,0,0,0,1,0,0,0,1],"EasingStyle":"Linear","EasingDirection":"In"},"Right Leg":{"Weight":1,"CFrame":[1.0257445573806763,0.0630190372467041,0.07790720462799072,0.4042436480522156,0.9118577837944031,-0.07143133878707886,-0.8761872053146362,0.4084707498550415,0.2558273375034332,0.2624557912349701,-0.04082932323217392,0.9640798568725586],"EasingStyle":"Linear","EasingDirection":"In"}}},{"Time":0.5333333611488342,"poses":{"Left Leg":{"Weight":1,"CFrame":[-0.6967997550964356,0.20399349927902223,0.08540666103363037,0.9099549055099487,-0.37946000695228579,0.1673087775707245,0.36983025074005129,0.9250530004501343,0.08661668747663498,-0.187637060880661,-0.016941441223025323,0.9820923209190369],"EasingStyle":"Linear","EasingDirection":"In"},"Right Arm":{"Weight":1,"CFrame":[-0.3630533218383789,-0.12040406465530396,0.029334425926208497,0.6902027726173401,0.5974312424659729,-0.40828442573547366,-0.4068751335144043,0.7869988083839417,0.46377289295196535,0.5983917713165283,-0.1539766639471054,0.7862687110900879],"EasingStyle":"Linear","EasingDirection":"In"},"Left Arm":{"Weight":1,"CFrame":[0.1917659491300583,-0.011087119579315186,0.027433276176452638,0.8141549825668335,-0.528407871723175,0.2407006323337555,0.35683906078338625,0.7823458909988403,0.5104906558990479,-0.4580584764480591,-0.3297272026538849,0.8255074620246887],"EasingStyle":"Linear","EasingDirection":"In"},"Head":{"Weight":1,"CFrame":[9.685754776000977e-8,4.0978193283081057e-8,-2.980232238769531e-7,0.9773006439208984,0.19933542609214784,-0.07175515592098236,-0.1981498748064041,0.9798935651779175,0.023350173607468606,0.0749669298529625,-0.008601871319115162,0.9971489310264587],"EasingStyle":"Linear","EasingDirection":"In"},"Torso":{"Weight":1,"CFrame":[0.20662860572338105,0.4963448643684387,-0.26461219787597659,0.9776512384414673,-0.2017621099948883,0.0590774342417717,0.20624254643917085,0.97493976354599,-0.08340516686439514,-0.04076894000172615,0.09372544288635254,0.9947630167007446],"EasingStyle":"Linear","EasingDirection":"In"},"HumanoidRootPart":{"Weight":0,"CFrame":[0,0,0,1,0,0,0,1,0,0,0,1],"EasingStyle":"Linear","EasingDirection":"In"},"Right Leg":{"Weight":1,"CFrame":[1.00185227394104,0.06706470251083374,0.09285712242126465,0.4521302282810211,0.8872511386871338,-0.09145324677228928,-0.8639441728591919,0.46111711859703066,0.2024138867855072,0.22176271677017213,-0.012507045641541481,0.9750204682350159],"EasingStyle":"Linear","EasingDirection":"In"}}},{"Time":0.5666666626930237,"poses":{"Left Leg":{"Weight":1,"CFrame":[-0.6522223353385925,0.1618451476097107,0.0814504623413086,0.9242868423461914,-0.343708336353302,0.16600686311721803,0.33472955226898196,0.9388924241065979,0.08023234456777573,-0.18343916535377503,-0.018590275198221208,0.9828552603721619],"EasingStyle":"Linear","EasingDirection":"In"},"Right Arm":{"Weight":1,"CFrame":[-0.35603049397468569,-0.17282944917678834,0.027098536491394044,0.6865746378898621,0.6095547080039978,-0.3963058292865753,-0.4211667776107788,0.7777507305145264,0.4666072130203247,0.5926498174667358,-0.15344998240470887,0.7907081246376038],"EasingStyle":"Linear","EasingDirection":"In"},"Left Arm":{"Weight":1,"CFrame":[0.18577733635902406,-0.07236719131469727,0.028459548950195314,0.8080434799194336,-0.5415397882461548,0.23194906115531922,0.3696686923503876,0.7726455926895142,0.5161044001579285,-0.45870551466941836,-0.331290602684021,0.8245216012001038],"EasingStyle":"Linear","EasingDirection":"In"},"Head":{"Weight":1,"CFrame":[8.940696716308594e-8,9.313225746154785e-8,-1.1920928955078126e-7,0.9788700342178345,0.195047065615654,-0.061401188373565677,-0.1935797929763794,0.9806541204452515,0.02905874513089657,0.0658811554312706,-0.016558684408664705,0.9976900815963745],"EasingStyle":"Linear","EasingDirection":"In"},"Torso":{"Weight":1,"CFrame":[0.20566077530384065,0.45730626583099368,-0.2057647705078125,0.9778382778167725,-0.20120541751384736,0.05786764994263649,0.2063218057155609,0.9730291962623596,-0.1031772792339325,-0.03554708510637283,0.11283005028963089,0.9929782152175903],"EasingStyle":"Linear","EasingDirection":"In"},"HumanoidRootPart":{"Weight":0,"CFrame":[0,0,0,1,0,0,0,1,0,0,0,1],"EasingStyle":"Linear","EasingDirection":"In"},"Right Leg":{"Weight":1,"CFrame":[0.9851032495498657,0.2018178105354309,0.10910534858703613,0.6021754741668701,0.787441611289978,-0.13160596787929536,-0.769594132900238,0.6163885593414307,0.1667042076587677,0.2123902440071106,0.0008979382109828293,0.977184534072876],"EasingStyle":"Linear","EasingDirection":"In"}}},{"Time":0.6000000238418579,"poses":{"Left Leg":{"Weight":1,"CFrame":[-0.6041795015335083,0.1209288239479065,0.07625532150268555,0.9394496083259583,-0.30214959383010867,0.16167892515659333,0.29522475600242617,0.9531557559967041,0.06585122644901276,-0.17400218546390534,-0.014132276177406311,0.9846438765525818],"EasingStyle":"Linear","EasingDirection":"In"},"Right Arm":{"Weight":1,"CFrame":[-0.31782305240631106,-0.17258629202842713,0.032204627990722659,0.7022081613540649,0.6099894046783447,-0.3671739399433136,-0.43462902307510378,0.7757371664047241,0.45752525329589846,0.5639160871505737,-0.1616935282945633,0.8098480701446533],"EasingStyle":"Linear","EasingDirection":"In"},"Left Arm":{"Weight":1,"CFrame":[0.14728321135044099,-0.1191246509552002,0.023108720779418947,0.8176572322845459,-0.5376452803611755,0.20584997534751893,0.3769852817058563,0.7702625393867493,0.5143709778785706,-0.4351077675819397,-0.3429768681526184,0.8324952125549316],"EasingStyle":"Linear","EasingDirection":"In"},"Head":{"Weight":1,"CFrame":[5.587935447692871e-8,-3.3527612686157229e-8,3.5762786865234377e-7,0.9806934595108032,0.18996022641658784,-0.0464264340698719,-0.18846705555915833,0.9814662337303162,0.034702055156230929,0.05215797945857048,-0.025282232090830804,0.9983187913894653],"EasingStyle":"Linear","EasingDirection":"In"},"Torso":{"Weight":1,"CFrame":[0.1999516487121582,0.42484235763549807,-0.1545121669769287,0.9782571792602539,-0.20109522342681886,0.050731223076581958,0.2059299200773239,0.9708653092384338,-0.12252920866012573,-0.024613145738840104,0.13031215965747834,0.9911674857139587],"EasingStyle":"Linear","EasingDirection":"In"},"HumanoidRootPart":{"Weight":0,"CFrame":[0,0,0,1,0,0,0,1,0,0,0,1],"EasingStyle":"Linear","EasingDirection":"In"},"Right Leg":{"Weight":1,"CFrame":[0.9125254154205322,0.5293915271759033,0.10225391387939453,0.8412527441978455,0.506067156791687,-0.19023598730564118,-0.4840424656867981,0.8617535829544067,0.15193311870098115,0.24082499742507935,-0.03573191910982132,0.9699106216430664],"EasingStyle":"Linear","EasingDirection":"In"}}},{"Time":0.6333333253860474,"poses":{"Left Leg":{"Weight":1,"CFrame":[-0.5700316429138184,0.0923689603805542,0.07143783569335938,0.9514520168304443,-0.2663211524486542,0.1543116271495819,0.26248058676719668,0.963881254196167,0.045131415128707889,-0.1607576161623001,-0.002436539391055703,0.9869909286499023],"EasingStyle":"Linear","EasingDirection":"In"},"Right Arm":{"Weight":1,"CFrame":[-0.2494179755449295,-0.1708906888961792,0.043437838554382327,0.7425469160079956,0.5916958451271057,-0.3138791620731354,-0.44411760568618777,0.7857394218444824,0.43054983019828799,0.5013816952705383,-0.18030424416065217,0.8462309241294861],"EasingStyle":"Linear","EasingDirection":"In"},"Left Arm":{"Weight":1,"CFrame":[0.07585741579532623,-0.148