{"Sequence":[{"Time":0,"poses":{"Left Leg":{"Weight":1,"CFrame":[-0.3182917535305023,0.17471623420715333,0.06567621231079102,0.9430685043334961,-0.2396729737520218,0.23060503602027894,0.1962072253227234,0.9607476592063904,0.19612930715084077,-0.26856017112731936,-0.13971702754497529,0.9530764222145081],"EasingStyle":"Linear","EasingDirection":"In"},"Right Arm":{"Weight":1,"CFrame":[-0.556273877620697,-0.02234235405921936,0.30037546157836916,0.5853127837181091,-0.3686109185218811,0.7221737504005432,0.48679119348526,0.8720531463623047,0.05057395249605179,-0.6484159231185913,0.32194608449935915,0.6898603439331055],"EasingStyle":"Linear","EasingDirection":"In"},"Left Arm":{"Weight":1,"CFrame":[0.6241194605827332,0.00743478536605835,0.3212246894836426,0.6455476880073547,0.38720783591270449,-0.6582844257354736,-0.5276266932487488,0.8492885231971741,-0.017860211431980134,0.5521577596664429,0.3588579595088959,0.7525573968887329],"EasingStyle":"Linear","EasingDirection":"In"},"Head":{"Weight":1,"CFrame":[8.568167686462403e-8,-3.1359377317130567e-9,1.1920928955078126e-7,0.9986699223518372,-0.05019623413681984,-0.011778921820223332,0.05024627223610878,0.99872887134552,0.003991044592112303,0.011563614942133427,-0.004577580839395523,0.9999226331710815],"EasingStyle":"Linear","EasingDirection":"In"},"Torso":{"Weight":1,"CFrame":[-0.008096758276224137,-0.02003522589802742,-0.13481783866882325,0.9995779991149902,0.026786992326378824,0.011238440871238709,-0.026498908177018167,0.9993351101875305,-0.0250440314412117,-0.011901822872459889,0.02473565563559532,0.99962317943573],"EasingStyle":"Linear","EasingDirection":"In"},"HumanoidRootPart":{"Weight":0,"CFrame":[0,0,0,1,0,0,0,1,0,0,0,1],"EasingStyle":"Linear","EasingDirection":"In"},"Right Leg":{"Weight":1,"CFrame":[0.35153114795684817,0.152274489402771,0.04148745536804199,0.9661546349525452,0.21045228838920594,-0.14918096363544465,-0.1872708946466446,0.9699292182922363,0.15545719861984254,0.17741136252880097,-0.12225846201181412,0.9765132665634155],"EasingStyle":"Linear","EasingDirection":"In"}}},{"Time":0.03333333507180214,"poses":{"Left Leg":{"Weight":1,"CFrame":[-0.32743602991104128,0.14449834823608399,0.09104537963867188,0.927667498588562,-0.2683558464050293,0.25964999198913576,0.23855726420879365,0.9608702659606934,0.140779048204422,-0.28726884722709658,-0.06865470856428147,0.9553864002227783],"EasingStyle":"Linear","EasingDirection":"In"},"Right Arm":{"Weight":1,"CFrame":[-0.5560108423233032,-0.02612367272377014,0.2992302179336548,0.5836678743362427,-0.37094590067863467,0.722309410572052,0.5132129192352295,0.8578717708587647,0.025858892127871515,-0.6292411088943481,0.3556053936481476,0.6910864114761353],"EasingStyle":"Linear","EasingDirection":"In"},"Left Arm":{"Weight":1,"CFrame":[0.611992597579956,-0.010577172040939331,0.32390499114990237,0.6503638029098511,0.38087883591651919,-0.657235324382782,-0.5061403512954712,0.8624504804611206,-0.001044196542352438,0.5664352178573608,0.3333324193954468,0.7536846995353699],"EasingStyle":"Linear","EasingDirection":"In"},"Head":{"Weight":1,"CFrame":[9.313225746154785e-8,0,2.384185791015625e-7,0.9969183206558228,-0.07634605467319489,0.018030311912298204,0.076348215341568,0.9970810413360596,0.0005700055044144392,-0.018021197989583017,0.0008083326392807066,0.9998372793197632],"EasingStyle":"Linear","EasingDirection":"In"},"Torso":{"Weight":1,"CFrame":[0.039759013801813129,-0.019956819713115693,-0.14726710319519044,0.9979181885719299,0.06399387121200562,-0.008006398566067219,-0.0641753301024437,0.997626781463623,-0.024946024641394616,0.006391005590558052,0.025407904759049417,0.9996567368507385],"EasingStyle":"Linear","EasingDirection":"In"},"HumanoidRootPart":{"Weight":0,"CFrame":[0,0,0,1,0,0,0,1,0,0,0,1],"EasingStyle":"Linear","EasingDirection":"In"},"Right Leg":{"Weight":1,"CFrame":[0.3798925578594208,0.19603627920150758,0.02007925510406494,0.9724763035774231,0.1989252120256424,-0.12131986767053604,-0.16998684406280518,0.9618200063705444,0.21449171006679536,0.1593557745218277,-0.18796540796756745,0.9691619277000427],"EasingStyle":"Linear","EasingDirection":"In"}}},{"Time":0.06666667014360428,"poses":{"Left Leg":{"Weight":1,"CFrame":[-0.38497883081436159,0.13767892122268678,0.12883436679840089,0.9003220796585083,-0.3238026201725006,0.2908126413822174,0.30874159932136538,0.9461227655410767,0.0976235643029213,-0.30675527453422549,0.001893296604976058,0.9517865777015686],"EasingStyle":"Linear","EasingDirection":"In"},"Right Arm":{"Weight":1,"CFrame":[-0.5553838610649109,-0.0358794629573822,0.29649877548217776,0.5818720459938049,-0.3743247389793396,0.7220152020454407,0.5407163500785828,0.8412049412727356,0.00035467365523800254,-0.6074955463409424,0.3901989758014679,0.6918770670890808],"EasingStyle":"Linear","EasingDirection":"In"},"Left Arm":{"Weight":1,"CFrame":[0.5830745100975037,-0.053550153970718387,0.32706379890441897,0.6553599238395691,0.3735812306404114,-0.6564606428146362,-0.4842448830604553,0.8748138546943665,0.014409534633159638,0.5796639323234558,0.30844420194625857,0.7542226910591126],"EasingStyle":"Linear","EasingDirection":"In"},"Head":{"Weight":1,"CFrame":[1.0058283805847168e-7,-4.656612873077393e-10,0,0.9936445355415344,-0.10114506632089615,0.0493989922106266,0.10167071223258972,0.9947839975357056,-0.008240308612585068,-0.048307858407497409,0.013210362754762173,0.9987451434135437],"EasingStyle":"Linear","EasingDirection":"In"},"Torso":{"Weight":1,"CFrame":[0.08301329612731934,-0.0198349691927433,-0.1969285011291504,0.9945383071899414,0.1018504947423935,-0.022804798558354379,-0.102408267557621,0.9944334030151367,-0.024793704971671106,0.020152602344751359,0.02699369005858898,0.9994324445724487],"EasingStyle":"Linear","EasingDirection":"In"},"HumanoidRootPart":{"Weight":0,"CFrame":[0,0,0,1,0,0,0,1,0,0,0,1],"EasingStyle":"Linear","EasingDirection":"In"},"Right Leg":{"Weight":1,"CFrame":[0.45988646149635317,0.2592441439628601,-0.006305575370788574,0.9721649885177612,0.21483221650123597,-0.09350057691335678,-0.18306995928287507,0.9455528259277344,0.26910078525543215,0.14622128009796143,-0.24449323117733003,0.9585626721382141],"EasingStyle":"Linear","EasingDirection":"In"}}},{"Time":0.10000000149011612,"poses":{"Left Leg":{"Weight":1,"CFrame":[-0.4724758267402649,0.15795910358428956,0.17429471015930177,0.8644353151321411,-0.39117467403411868,0.3158067762851715,0.38957759737968447,0.918250560760498,0.07102986425161362,-0.3177748918533325,0.061630528420209888,0.9461610913276672],"EasingStyle":"Linear","EasingDirection":"In"},"Right Arm":{"Weight":1,"CFrame":[-0.5546355843544006,-0.04922857880592346,0.29323863983154299,0.5793262124061585,-0.3789776861667633,0.721635103225708,0.5661331415176392,0.8240270614624023,-0.021739395335316659,-0.5864081382751465,0.42113569378852847,0.691932201385498],"EasingStyle":"Linear","EasingDirection":"In"},"Left Arm":{"Weight":1,"CFrame":[0.5485596060752869,-0.10488817095756531,0.33008384704589846,0.6597501635551453,0.3666432201862335,-0.6559745073318481,-0.4648362398147583,0.8849809169769287,0.027129855006933214,0.5904718637466431,0.2870217561721802,0.7542953491210938],"EasingStyle":"Linear","EasingDirection":"In"},"Head":{"Weight":1,"CFrame":[9.778887033462525e-8,-2.7939677238464357e-9,1.1920928955078126e-7,0.9895161390304565,-0.12170262634754181,0.07775760442018509,0.12351571023464203,0.9921619892120361,-0.018931617960333825,-0.0748441219329834,0.028337430208921434,0.9967925548553467],"EasingStyle":"Linear","EasingDirection":"In"},"Torso":{"Weight":1,"CFrame":[0.11432671546936035,-0.019832927733659745,-0.2833445072174072,0.9908314943313599,0.13117994368076325,-0.03232242166996002,-0.13200293481349946,0.9909392595291138,-0.024791153147816659,0.028777457773685457,0.02883050963282585,0.9991700053215027],"EasingStyle":"Linear","EasingDirection":"In"},"HumanoidRootPart":{"Weight":0,"CFrame":[0,0,0,1,0,0,0,1,0,0,0,1],"EasingStyle":"Linear","EasingDirection":"In"},"Right Leg":{"Weight":1,"CFrame":[0.5652952790260315,0.3415844440460205,-0.041242003440856937,0.9648105502128601,0.2522631883621216,-0.07418779283761978,-0.2171151489019394,0.9234384894371033,0.3164210617542267,0.14832936227321626,-0.2891792058944702,0.9457134008407593],"EasingStyle":"Linear","EasingDirection":"In"}}},{"Time":0.13333334028720857,"poses":{"Left Leg":{"Weight":1,"CFrame":[-0.5139460563659668,0.17445158958435059,0.19625234603881837,0.8461827635765076,-0.42149412631988528,0.3260636329650879,0.42581334710121157,0.9026950597763062,0.06184298172593117,-0.32040250301361086,0.08651180565357208,0.9433228373527527],"EasingStyle":"Linear","EasingDirection":"In"},"Right Arm":{"Weight":1,"CFrame":[-0.5540085434913635,-0.06378912925720215,0.29050731658935549,0.575462818145752,-0.38510623574256899,0.7214816808700562,0.5867515206336975,0.8089573383331299,-0.03620213270187378,-0.5697062611579895,0.44416344165802,0.6914865374565125],"EasingStyle":"Linear","EasingDirection":"In"},"Left Arm":{"Weight":1,"CFrame":[0.519641637802124,-0.1479957103729248,0.33234846591949465,0.6628495454788208,0.3614511787891388,-0.6557313203811646,-0.4509475529193878,0.8918340802192688,0.03575248643755913,0.5977263450622559,0.27200189232826235,0.7541472911834717],"EasingStyle":"Linear","EasingDirection":"In"},"Head":{"Weight":1,"CFrame":[8.800998330116272e-8,3.725290298461914e-9,1.1920928955078126e-7,0.9858746528625488,-0.13555856049060822,0.09836182743310929,0.13893981277942658,0.9898949861526489,-0.028349580243229867,-0.09352484345436096,0.04161549359560013,0.9947468042373657],"EasingStyle":"Linear","EasingDirection":"In"},"Torso":{"Weight":1,"CFrame":[0.1263612061738968,-0.020224682986736299,-0.33264732360839846,0.9890857934951782,0.14294454455375672,-0.0357232466340065,-0.14388446509838105,0.9892715215682983,-0.025280838832259179,0.031726229935884479,0.030144941061735154,0.9990419149398804],"EasingStyle":"Linear","EasingDirection":"In"},"HumanoidRootPart":{"Weight":0,"CFrame":[0,0,0,1,0,0,0,1,0,0,0,1],"EasingStyle":"Linear","EasingDirection":"In"},"Right Leg":{"Weight":1,"CFrame":[0.6123015880584717,0.3859288692474365,-0.06226611137390137,0.9605283141136169,0.26985517144203188,-0.0675538182258606,-0.23243911564350129,0.9119735956192017,0.33804747462272646,0.15283124148845673,-0.3090021312236786,0.9387014508247376],"EasingStyle":"Linear","EasingDirection":"In"}}},{"Time":0.1666666716337204,"poses":{"Left Leg":{"Weight":1,"CFrame":[-0.5051549077033997,0.16891926527023316,0.19034850597381593,0.8522170186042786,-0.4125943183898926,0.32170188426971438,0.4164332151412964,0.9071642756462097,0.06030203029513359,-0.3167167901992798,0.08257695287466049,0.9449188113212586],"EasingStyle":"Linear","EasingDirection":"In"},"Right Arm":{"Weight":1,"CFrame":[-0.5537455677986145,-0.07717981934547425,0.28936195373535159,0.5697681307792664,-0.39292383193969729,0.7217860817909241,0.6001484394073486,0.7989460229873657,-0.03882119804620743,-0.561414361000061,0.4552978575229645,0.6910265684127808],"EasingStyle":"Linear","EasingDirection":"In"},"Left Arm":{"Weight":1,"CFrame":[0.5075146555900574,-0.1662766933441162,0.3332405090332031,0.6640259027481079,0.3594111502170563,-0.6556625366210938,-0.4456472396850586,0.8943619132041931,0.038925979286432269,0.6003900170326233,0.26634636521339419,0.7540500164031982],"EasingStyle":"Linear","EasingDirection":"In"},"Head":{"Weight":1,"CFrame":[9.313225746154785e-8,9.313225746154786e-10,-1.7881393432617188e-7,0.9843372702598572,-0.14057092368602754,0.1063954159617424,0.14484341442584992,0.9888867139816284,-0.033517125993967059,-0.10050145536661148,0.0484028235077858,0.9937588572502136],"EasingStyle":"Linear","EasingDirection":"In"},"Torso":{"Weight":1,"CFrame":[0.1263830065727234,-0.020847484469413759,-0.3202037811279297,0.989708423614502,0.13857495784759522,-0.035695984959602359,-0.1395379900932312,0.9898737668991089,-0.02605934627354145,0.03172334283590317,0.030772101134061815,0.999022901058197],"EasingStyle":"Linear","EasingDirection":"In"},"HumanoidRootPart":{"Weight":0,"CFrame":[0,0,0,1,0,0,0,1,0,0,0,1],"EasingStyle":"Linear","EasingDirection":"In"},"Right Leg":{"Weight":1,"CFrame":[0.5989949703216553,0.37621843814849856,-0.056558430194854739,0.9616591930389404,0.26479649543762209,-0.07137517631053925,-0.2268642783164978,0.9143261909484863,0.33547013998031618,0.15409158170223237,-0.30641549825668337,0.9393430352210999],"EasingStyle":"Linear","EasingDirection":"In"}}},{"Time":0.20000000298023225,"poses":{"Left Leg":{"Weight":1,"CFrame":[-0.4897599518299103,0.1587592363357544,0.1778324842453003,0.8642589449882507,-0.3955478370189667,0.31080275774002077,0.39827921986579897,0.9154563546180725,0.05756177380681038,-0.3072948753833771,0.07403799146413803,0.9487298130989075],"EasingStyle":"Linear","EasingDirection":"In"},"Right Arm":{"Weight":1,"CFrame":[-0.5537752509117127,-0.08746111392974854,0.2914682626724243,0.5630385279655457,-0.3996334671974182,0.7233814597129822,0.6068799495697022,0.7940800786018372,-0.033669400960206988,-0.5609673857688904,0.4579627513885498,0.6896272301673889],"EasingStyle":"Linear","EasingDirection":"In"},"Left Arm":{"Weight":1,"CFrame":[0.5076553821563721,-0.16647255420684815,0.3313887119293213,0.6641295552253723,0.3593508303165436,-0.6555905342102051,-0.4465211033821106,0.8939792513847351,0.03768244758248329,0.5996255278587341,0.26770901679992678,0.7541757822036743],"EasingStyle":"Linear","EasingDirection":"In"},"Head":{"Weight":1,"CFrame":[8.847564458847046e-8,-1.4901161193847657e-8,0,0.9853101968765259,-0.1373157948255539,0.1015295758843422,0.14154869318008424,0.9892873167991638,-0.03570033237338066,-0.09553969651460648,0.049547284841537479,0.9941917657852173],"EasingStyle":"Linear","EasingDirection":"In"},"Torso":{"Weight":1,"CFrame":[0.126553013920784,-0.021388746798038484,-0.2970743179321289,0.9911819100379944,0.12766876816749574,-0.035483479499816897,-0.12864498794078828,0.9913302659988403,-0.026735926046967508,0.0317625030875206,0.031064938753843309,0.9990125894546509],"EasingStyle":"Linear","EasingDirection":"In"},"HumanoidRootPart":{"Weight":0,"CFrame":[0,0,0,1,0,0,0,1,0,0,0,1],"EasingStyle":"Linear","EasingDirection":"In"},"Right Leg":{"Weight":1,"CFrame":[0.5722177624702454,0.35734426975250246,-0.0446968674659729,0.9629430174827576,0.25727635622024538,-0.08092931658029556,-0.21753224730491639,0.9182642102241516,0.3308632969856262,0.159437894821167,-0.30099791288375857,0.9402020573616028],"EasingStyle":"Linear","EasingDirection":"In"}}},{"Time":0.23333333432674409,"poses":{"Left Leg":{"Weight":1,"CFrame":[-0.48638802766799929,0.15511852502822877,0.1668766736984253,0.8743834495544434,-0.383870929479599,0.2968108355998993,0.3854905068874359,0.9210371375083923,0.055566687136888507,-0.2947043180465698,0.06583116948604584,0.9533182382583618],"EasingStyle":"Linear","EasingDirection":"In"},"Right Arm":{"Weight":1,"CFrame":[-0.5538434386253357,-0.09446531534194946,0.29610252380371096,0.5565415620803833,-0.40361151099205019,0.7261949777603149,0.6094456911087036,0.7923791408538818,-0.02667129784822464,-0.5646568536758423,0.4574200212955475,0.6869712471961975],"EasingStyle":"Linear","EasingDirection":"In"},"Left Arm":{"Weight":1,"CFrame":[0.507965087890625,-0.16650083661079408,0.3272411823272705,0.664331316947937,0.3592832684516907,-0.6554231643676758,-0.44932156801223757,0.8927252292633057,0.0339365117251873,0.5973055958747864,0.2719506621360779,0.754499077796936],"EasingStyle":"Linear","EasingDirection":"In"},"Head":{"Weight":1,"CFrame":[8.987262845039368e-8,-5.587935447692871e-9,-3.5762786865234377e-7,0.9875999689102173,-0.12919147312641145,0.08919542282819748,0.13298505544662476,0.9903907775878906,-0.037961624562740329,-0.08343400806188584,0.049352552741765979,0.9952904582023621],"EasingStyle":"Linear","EasingDirection":"In"},"Torso":{"Weight":1,"CFrame":[0.12688228487968446,-0.021832920610904695,-0.28461599349975588,0.992920458316803,0.11348526179790497,-0.035071875900030139,-0.11446431279182434,0.9930524230003357,-0.02729114145040512,0.03173106908798218,0.031112410128116609,0.9990121126174927],"EasingStyle":"Linear","EasingDirection":"In"},"HumanoidRootPart":{"Weight":0,"CFrame":[0,0,0,1,0,0,0,1,0,0,0,1],"EasingStyle":"Linear","EasingDirection":"In"},"Right Leg":{"Weight":1,"CFrame":[0.5538480877876282,0.3459244966506958,-0.033428072929382327,0.9615522623062134,0.25801628828048708,-0.09404697269201279,-0.21471576392650605,0.919847309589386,0.32829567790031435,0.1712145358324051,-0.2954801023006439,0.939881443977356],"EasingStyle":"Linear","EasingDirection":"In"}}},{"Time":0.2666666805744171,"poses":{"Left Leg":{"Weight":1,"CFrame":[-0.4977248013019562,0.15434682369232179,0.16026091575622559,0.8810277581214905,-0.38020238280296328,0.2814893126487732,0.3829765021800995,0.9225416779518127,0.047389063984155658,-0.2777031660079956,0.06605273485183716,0.9583934545516968],"EasingStyle":"Linear","EasingDirection":"In"},"Right Arm":{"Weight":1,"CFrame":[-0.5539184808731079,-0.0984661877155304,0.30073678493499758,0.5504835844039917,-0.4068794846534729,0.7289835214614868,0.6082757115364075,0.7935560345649719,-0.016412019729614259,-0.5718116164207459,0.45245757699012759,0.6843345165252686],"EasingStyle":"Linear","EasingDirection":"In"},"Left Arm":{"Weight":1,"CFrame":[0.5082746744155884,-0.16652831435203553,0.32290828227996828,0.664466142654419,0.359377920627594,-0.6552345156669617,-0.4543048143386841,0.89041668176651,0.027663180604577066,0.5933732986450195,0.2792949676513672,0.7549188733100891],"EasingStyle":"Linear","EasingDirection":"In"},"Head":{"Weight":1,"CFrame":[7.12461769580841e-8,5.587935447692871e-9,-1.7881393432617188e-7,0.9902722239494324,-0.11831478774547577,0.07322914153337479,0.12145093083381653,0.9917930364608765,-0.03995288163423538,-0.0679011270403862,0.04845797270536423,0.9965145587921143],"EasingStyle":"Linear","EasingDirection":"In"},"Torso":{"Weight":1,"CFrame":[0.13821911811828614,-0.022164497524499894,-0.2846081256866455,0.994461178779602,0.09929715842008591,-0.03445292264223099,-0.10026833415031433,0.9945746064186096,-0.027705615386366845,0.031514912843704227,0.031006697565317155,0.9990222454071045],"EasingStyle":"Linear","EasingDirection":"In"},"HumanoidRootPart":{"Weight":0,"CFrame":[0,0,0,1,0,0,0,1,0,0,0,1],"EasingStyle":"Linear","EasingDirection":"In"},"Right Leg":{"Weight":1,"CFrame":[0.5434033274650574,0.34510552883148196,-0.02584540843963623,0.9584237933158875,0.26370686292648318,-0.10900675505399704,-0.2145010083913803,0.9177528023719788,0.3342440128326416,0.18818379938602448,-0.29696547985076907,0.9361615777015686],"EasingStyle":"Linear","EasingDirection":"In"}}},{"Time":0.30000001192092898,"poses":{"Left Leg":{"Weight":1,"CFrame":[-0.5083630084991455,0.14949673414230348,0.15562081336975099,0.8863223791122437,-0.37760934233665469,0.2680370807647705,0.3831332325935364,0.9230844974517822,0.03352382406592369,-0.2600798010826111,0.07298100739717484,0.9628251791000366],"EasingStyle":"Linear","EasingDirection":"In"},"Right Arm":{"Weight":1,"CFrame":[-0.5539692640304565,-0.09973913431167603,0.3028430938720703,0.5450727939605713,-0.41144654154777529,0.7304844260215759,0.6037304401397705,0.7971872091293335,-0.001474581309594214,-0.5817260146141052,0.44181931018829348,0.6829277276992798],"EasingStyle":"Linear","EasingDirection":"In"},"Left Arm":{"Weight":1,"CFrame":[0.5084154605865479,-0.16672462224960328,0.32050132751464846,0.6643670201301575,0.35980257391929629,-0.655102014541626,-0.4617086946964264,0.8868315815925598,0.01883707009255886,0.5877427458763123,0.28995147347450259,0.7553055286407471],"EasingStyle":"Linear","EasingDirection":"In"},"Head":{"Weight":1,"CFrame":[8.055940270423889e-8,-2.7939677238464357e-9,0,0.9926131963729858,-0.10682668536901474,0.05750786513090134,0.10928432643413544,0.9931468367576599,-0.04142870381474495,-0.05268807336688042,0.04740738496184349,0.9974851012229919],"EasingStyle":"Linear","EasingDirection":"In"},"Torso":{"Weight":1,"CFrame":[0.15901854634284974,-0.022370684891939164,-0.2845911979675293,0.9955183863639832,0.08838991820812226,-0.03362174704670906,-0.08934231847524643,0.9956083297729492,-0.02796334959566593,0.031002415344119073,0.030841872096061708,0.999043345451355],"EasingStyle":"Linear","EasingDirection":"In"},"HumanoidRootPart":{"Weight":0,"CFrame":[0,0,0,1,0,0,0,1,0,0,0,1],"EasingStyle":"Linear","EasingDirection":"In"},"Right Leg":{"Weight":1,"CFrame":[0.5294623970985413,0.3456680178642273,-0.021606862545013429,0.9566339254379273,0.26458463072776797,-0.12184599041938782,-0.20908276736736298,0.9149380922317505,0.34521394968032839,0.20281982421875,-0.3047674894332886,0.9305809140205383],"EasingStyle":"Linear","EasingDirection":"In"}}},{"Time":0.3333333432674408,"poses":{"Left Leg":{"Weight":1,"CFrame":[-0.477846622467041,0.12912452220916749,0.1436678171157837,0.8978500962257385,-0.35489141941070559,0.26060959696769717,0.3609945774078369,0.9322118759155273,0.025766268372535707,-0.2520875930786133,0.07094446569681168,0.9651003479957581],"EasingStyle":"Linear","EasingDirection":"In"},"Right Arm":{"Weight":1,"CFrame":[-0.5540081262588501,-0.09821489453315735,0.3028242588043213,0.5451302528381348,-0.4125171899795532,0.7298374176025391,0.5899319052696228,0.8073009848594666,0.015668971464037896,-0.5956621766090393,0.4220126271247864,0.683441162109375],"EasingStyle":"Linear","EasingDirection":"In"},"Left Arm":{"Weight":1,"CFrame":[0.5081170797348023,-0.17786899209022523,0.32006943225860598,0.6638626456260681,0.3607189953327179,-0.6551093459129334,-0.4717486798763275,0.8817017078399658,0.007434175815433264,0.5802927017211914,0.3041117489337921,0.7554975152015686],"EasingStyle":"Linear","EasingDirection":"In"},"Head":{"Weight":1,"CFrame":[8.288770914077759e-8,-3.725290298461914e-9,-5.960464477539063e-8,0.9942329525947571,-0.09690392017364502,0.04593982547521591,0.09885559231042862,0.994202196598053,-0.04230340197682381,-0.04157411307096481,0.04660084843635559,0.9980480670928955],"EasingStyle":"Linear","EasingDirection":"In"},"Torso":{"Weight":1,"CFrame":[0.17095473408699037,-0.022111311554908754,-0.2513277530670166,0.9960539937019348,0.08268070220947266,-0.032253582030534747,-0.08358097076416016,0.9961175918579102,-0.02763913944363594,0.02984313853085041,0.030225861817598344,0.999097466468811],"EasingStyle":"Linear","EasingDirection":"In"},"HumanoidRootPart":{"Weight":0,"CFrame":[0,0,0,1,0,0,0,1,0,0,0,1],"EasingStyle":"Linear","EasingDirection":"In"},"Right Leg":{"Weight":1,"CFrame":[0.4818643033504486,0.32045572996139529,-0.015242576599121094,0.9622229933738709,0.24085098505020142,-0.12695541977882386,-0.18511711061000825,0.9206845164299011,0.34361568093299868,0.19964608550071717,-0.3071332573890686,0.9304894208908081],"EasingStyle":"Linear","EasingDirection":"In"}}},{"Time":0.36666667461395266,"poses":{"Left Leg":{"Weight":1,"CFrame":[-0.40324684977531435,0.10738420486450196,0.121734619140625,0.9148136377334595,-0.31015753746032717,0.2586857080459595,0.3107892870903015,0.9496560096740723,0.039540693163871768,-0.2579263746738434,0.04422438517212868,0.9651519060134888],"EasingStyle":"Linear","EasingDirection":"In"},"Right Arm":{"Weight":1,"CFrame":[-0.5542248487472534,-0.08867394924163819,0.3026927709579468,0.5528472661972046,-0.40588539838790896,0.7277478575706482,0.5638270378112793,0.8252744078636169,0.03195687755942345,-0.6135625839233398,0.392656534910202,0.6850998401641846],"EasingStyle":"Linear","EasingDirection":"In"},"Left Arm":{"Weight":1,"CFrame":[0.5078186392784119,-0.1888454258441925,0.3200078010559082,0.6627741456031799,0.3622795641422272,-0.6553502678871155,-0.48461318016052248,0.8747038841247559,-0.006564210169017315,0.570859432220459,0.321942001581192,0.7552965879440308],"EasingStyle":"Linear","EasingDirection":"In"},"Head":{"Weight":1,"CFrame":[9.173527359962464e-8,-5.587935447692871e-9,0,0.9951582551002502,-0.089572474360466,0.040457259863615039,0.09120076894760132,0.9950137734413147,-0.040372636169195178,-0.0366392508149147,0.04386688023805618,0.9983652830123901],"EasingStyle":"Linear","EasingDirection":"In"},"Torso":{"Weight":1,"CFrame":[0.15409666299819947,-0.021366294473409654,-0.19144892692565919,0.9964876770973206,0.07861215621232987,-0.028851648792624475,-0.07938531786203385,0.9964861273765564,-0.026707863435149194,0.02665070630609989,0.02890445478260517,0.9992268085479736],"EasingStyle":"Linear","EasingDirection":"In"},"HumanoidRootPart":{"Weight":0,"CFrame":[0,0,0,1,0,0,0,1,0,0,0,1],"EasingStyle":"Linear","EasingDirection":"In"},"Right Leg":{"Weight":1,"CFrame":[0.4044409394264221,0.2701656222343445,-0.005283236503601074,0.9720128774642944,0.198470339179039,-0.1256999373435974,-0.14996682107448579,0.936055064201355,0.31829363107681277,0.18083395063877107,-0.29053470492362978,0.9396215677261353],"EasingStyle":"Linear","EasingDirection":"In"}}},{"Time":0.4000000059604645,"poses":{"Left Leg":{"Weight":1,"CFrame":[-0.3446906805038452,0.11055141687393189,0.10235607624053955,0.9261074662208557,-0.27584731578826907,0.25735825300216677,0.26498550176620486,0.9611973166465759,0.07669701427221298,-0.2685287296772003,-0.0028334930539131166,0.9632675051689148],"EasingStyle":"Linear","EasingDirection":"In"},"Right Arm":{"Weight":1,"CFrame":[-0.5548554062843323,-0.06721949577331543,0.3020646572113037,0.564457356929779,-0.3944149315357208,0.7251377105712891,0.530015766620636,0.8466324210166931,0.047926172614097598,-0.632827877998352,0.35728204250335696,0.6869340538978577],"EasingStyle":"Linear","EasingDirection":"In"},"Left Arm":{"Weight":1,"CFrame":[0.534819483757019,-0.14935874938964845,0.3200831413269043,0.6609132885932922,0.3646219074726105,-0.65593022108078,-0.5004556775093079,0.8654521703720093,-0.02316558174788952,0.5592296123504639,0.3435744643211365,0.7544659972190857],"EasingStyle":"Linear","EasingDirection":"In"},"Head":{"Weight":1,"CFrame":[7.916241884231568e-8,4.656612873077393e-10,-5.960464477539063e-8,0.9960857629776001,-0.0809185653924942,0.03557219356298447,0.08216672390699387,0.9959985613822937,-0.035149142146110538,-0.03258563578128815,0.03793441131711006,0.998748779296875],"EasingStyle":"Linear","EasingDirection":"In"},"Torso":{"Weight":1,"CFrame":[0.1096811443567276,-0.020579393953084947,-0.1530780792236328,0.9972234964370728,0.07124964147806168,-0.02165120281279087,-0.0717984288930893,0.9970873594284058,-0.02572423592209816,0.019755300134420396,0.027207335457205774,0.9994345903396606],"EasingStyle":"Linear","EasingDirection":"In"},"HumanoidRootPart":{"Weight":0,"CFrame":[0,0,0,1,0,0,0,1,0,0,0,1],"EasingStyle":"Linear","EasingDirection":"In"},"Right Leg":{"Weight":1,"CFrame":[0.36051425337791445,0.22770178318023683,0.0059233903884887699,0.9757372736930847,0.17981547117233277,-0.12491250038146973,-0.13982337713241578,0.9507923126220703,0.27648401260375979,0.16848205029964448,-0.2523101270198822,0.9528658986091614],"EasingStyle":"Linear","EasingDirection":"In"}}},{"Time":0.4333333373069763,"poses":{"Left Leg":{"Weight":1,"CFrame":[-0.318998783826828,0.1353190541267395,0.08584046363830567,0.9337748885154724,-0.2561274766921997,0.2499263733625412,0.22965574264526368,0.9644982218742371,0.1303892731666565,-0.27444988489151,-0.06435716152191162,0.9594453573226929],"EasingStyle":"Linear","EasingDirection":"In"},"Right Arm":{"Weight":1,"CFrame":[-0.5556250810623169,-0.04417145252227783,0.30104291439056399,0.5763895511627197,-0.3812442421913147,0.7227917313575745,0.4934554696083069,0.8674117922782898,0.06402004510164261,-0.6513652801513672,0.3197648823261261,0.6880941390991211],"EasingStyle":"Linear","EasingDirection":"In"},"Left Arm":{"Weight":1,"CFrame":[0.5849639773368836,-0.07602643966674805,0.3206113576889038,0.6580796241760254,0.3678627014160156,-0.6569690108299255,-0.5193837881088257,0.8534905910491943,-0.04235908389091492,0.5451345443725586,0.36909469962120058,0.752726674079895],"EasingStyle":"Linear","EasingDirection":"In"},"Head":{"Weight":1,"CFrame":[8.847564458847046e-8,1.3737007975578308e-8,1.1920928955078126e-7,0.997550904750824,-0.06567021459341049,0.024075839668512346,0.06636003404855728,0.9973722100257874,-0.029068898409605027,-0.02210361696779728,0.030595378950238229,0.9992874264717102],"EasingStyle":"Linear","EasingDirection":"In"},"Torso":{"Weight":1,"CFrame":[0.05196782201528549,-0.020097386091947557,-0.13759803771972657,0.9984116554260254,0.05563531443476677,-0.008882970549166203,-0.055842768400907519,0.9981234669685364,-0.02512172795832157,0.007468645926564932,0.025577876716852189,0.999644935131073],"EasingStyle":"Linear","EasingDirection":"In"},"HumanoidRootPart":{"Weight":0,"CFrame":[0,0,0,1,0,0,0,1,0,0,0,1],"EasingStyle":"Linear","EasingDirection":"In"},"Right Leg":{"Weight":1,"CFrame":[0.3523714542388916,0.19190001487731934,0.021105289459228517,0.9732305407524109,0.18894805014133454,-0.13084711134433747,-0.15698686242103578,0.9623296856880188,0.22198355197906495,0.1678614765405655,-0.19549989700317384,0.9662309885025024],"EasingStyle":"Linear","EasingDirection":"In"}}},{"Time":0.46666666865348818,"poses":{"Left Leg":{"Weight":1,"CFrame":[-0.3196934759616852,0.17392569780349732,0.06612801551818848,0.942984402179718,-0.2403416484594345,0.23025262355804444,0.19748923182487489,0.9608809351921082,0.1941799372434616,-0.26791492104530337,-0.1376362293958664,0.9535606503486633],"EasingStyle":"Linear","EasingDirection":"In"},"Right Arm":{"Weight":1,"CFrame":[-0.5560001134872437,-0.03340527415275574,0.3002438545227051,0.5854799151420593,-0.36991971731185915,0.7213686108589172,0.4595603942871094,0.8844839930534363,0.08057555556297302,-0.6678454279899597,0.2843369245529175,0.6878480315208435],"EasingStyle":"Linear","EasingDirection":"In"},"Left Arm":{"Weight":1,"CFrame":[0.6119648218154907,-0.03653952479362488,0.3220449686050415,0.6540578603744507,0.3720896542072296,-0.6586026549339294,-0.5414465069770813,0.8382877707481384,-0.06410416215658188,0.5282461643218994,0.3985258936882019,0.7497553825378418],"EasingStyle":"Linear","EasingDirection":"In"},"Head":{"Weight":1,"CFrame":[8.66129994392395e-8,-1.076841726899147e-9,2.384185791015625e-7,0.9992601871490479,-0.03843798115849495,-0.0012525179190561176,0.03839663788676262,0.9989713430404663,-0.024122780188918115,0.0021784610580652954,0.024056844413280488,0.9997082352638245],"EasingStyle":"Linear","EasingDirection":"In"},"Torso":{"Weight":1,"CFrame":[-0.004770662635564804,-0.02003522589802742,-0.13481783866882325,0.9995779991149902,0.026786992326378824,0.011238440871238709,-0.026498908177018167,0.9993351101875305,-0.0250440314412117,-0.011901822872459889,0.02473565563559532,0.99962317943573],"EasingStyle":"Linear","EasingDirection":"In"},"HumanoidRootPart":{"Weight":0,"CFrame":[0,0,0,1,0,0,0,1,0,0,0,1],"EasingStyle":"Linear","EasingDirection":"In"},"Right Leg":{"Weight":1,"CFrame":[0.3501574695110321,0.15306520462036134,0.04119384288787842,0.9662550091743469,0.20970837771892548,-0.14957809448242188,-0.1861148625612259,0.9698337316513062,0.15742874145507813,0.17808005213737489,-0.12427762150764466,0.9761365652084351],"EasingStyle":"Linear","EasingDirection":"In"}}},{"Time":0.5,"poses":{"Left Leg":{"Weight":1,"CFrame":[-0.3454573452472687,0.22195428609848023,0.03795886039733887,0.9561125636100769,-0.22028766572475434,0.1931891143321991,0.16634264588356019,0.95089191198349,0.2610262334346771,-0.24120290577411652,-0.21743492782115937,0.9458029866218567],"EasingStyle":"Linear","EasingDirection":"In"},"Right Arm":{"Weight":1,"CFrame":[-0.5550196766853333,-0.0627342164516449,0.29996275901794436,0.5901767015457153,-0.3632819950580597,0.720914363861084,0.4328543543815613,0.8962022066116333,0.09725645929574967,-0.6814166307449341,0.2546522915363312,0.6861659288406372],"EasingStyle":"Linear","EasingDirection":"In"},"Left Arm":{"Weight":1,"CFrame":[0.5955998301506043,-0.04781806468963623,0.32546305656433108,0.6486043930053711,0.3771957755088806,-0.6610867381095886,-0.5659824013710022,0.8197532296180725,-0.08756989240646362,0.508897066116333,0.4309616684913635,0.7451817989349365],"EasingStyle":"Linear","EasingDirection":"In"},"Head":{"Weight":1,"CFrame":[9.639188647270203e-8,-8.64383764564991e-9,-5.960464477539063e-8,0.9989897608757019,0.0031116828322410585,-0.04483000189065933,-0.004034009296447039,0.9997817277908325,-0.020498080179095269,0.044756438583135608,0.02065822295844555,0.9987843036651611],"EasingStyle":"Linear","EasingDirection":"In"},"Torso":{"Weight":1,"CFrame":[-0.047857560217380527,-0.020289812237024308,-0.14080309867858888,0.9990372061729431,-0.020100975409150125,0.03899436816573143,0.021099332720041276,0.9994556307792664,-0.02536226436495781,-0.03846333548426628,0.026160601526498796,0.9989175200462341],"EasingStyle":"Linear","EasingDirection":"In"},"HumanoidRootPart":{"Weight":0,"CFrame":[0,0,0,1,0,0,0,1,0,0,0,1],"EasingStyle":"Linear","EasingDirection":"In"},"Right Leg":{"Weight":1,"CFrame":[0.33584412932395937,0.10964632034301758,0.06542599201202393,0.954522967338562,0.23191174864768983,-0.18735741078853608,-0.21849822998046876,0.971713662147522,0.08961638063192368,0.20284096896648408,-0.04460366815328598,0.978195309638977],"EasingStyle":"Linear","EasingDirection":"In"}}},{"Time":0.5333333611488342,"poses":{"Left Leg":{"Weight":1,"CFrame":[-0.42722612619400027,0.29010987281799319,0.0026432275772094728,0.9637283086776733,-0.22157897055149079,0.14876312017440797,0.16430531442165376,0.9318405389785767,0.3235381245613098,-0.21031279861927033,-0.2873603105545044,0.9344477653503418],"EasingStyle":"Linear","EasingDirection":"In"},"Right Arm":{"Weight":1,"CFrame":[-0.5528627038002014,-0.12725788354873658,0.29992246627807619,0.5918465256690979,-0.36061277985572817,0.720885694026947,0.4140193462371826,0.9033539891242981,0.11198044568300247,-0.691596508026123,0.2321852147579193,0.6839475035667419],"EasingStyle":"Linear","EasingDirection":"In"},"Left Arm":{"Weight":1,"CFrame":[0.5595973134040833,-0.07361257076263428,0.3303344249725342,0.6426562070846558,0.38216710090637209,-0.6640342473983765,-0.5890071988105774,0.800713837146759,-0.10921526700258255,0.4899628162384033,0.46130862832069399,0.7396827340126038],"EasingStyle":"Linear","EasingDirection":"In"},"Head":{"Weight":1,"CFrame":[7.310882210731507e-8,-2.837623469531536e-9,1.1920928955078126e-7,0.9942176938056946,0.04896603897213936,-0.0955691933631897,-0.050755374133586887,0.9985767602920532,-0.016381245106458665,0.09463104605674744,0.021137181669473649,0.9952880144119263],"EasingStyle":"Linear","EasingDirection":"In"},"Torso":{"Weight":1,"CFrame":[-0.0712333470582962,-0.02024303749203682,-0.18001174926757813,0.9948473572731018,-0.07487301528453827,0.06835781037807465,0.07675329595804215,0.9967289566993713,-0.025303808972239496,-0.06623964011669159,0.03042011521756649,0.9973399043083191],"EasingStyle":"Linear","EasingDirection":"In"},"HumanoidRootPart":{"Weight":0,"CFrame":[0,0,0,1,0,0,0,1,0,0,0,1],"EasingStyle":"Linear","EasingDirection":"In"},"Right Leg":{"Weight":1,"CFrame":[0.35998404026031496,0.08450514078140259,0.09924805164337158,0.9312556982040405,0.2777998745441437,-0.23577533662319184,-0.2777596116065979,0.9600458741188049,0.03408090025186539,0.23582282662391663,0.03375077620148659,0.9712098240852356],"EasingStyle":"Linear","EasingDirection":"In"}}},{"Time":0.5666666626930237,"poses":{"Left Leg":{"Weight":1,"CFrame":[-0.5598980784416199,0.38902658224105837,-0.04594004154205322,0.9589278697967529,-0.26001256704330447,0.11336103826761246,0.20124004781246186,0.905283510684967,0.374117910861969,-0.1998993158340454,-0.33593934774398806,0.9204265475273132],"EasingStyle":"Linear","EasingDirection":"In"},"Right Arm":{"Weight":1,"CFrame":[-0.5507057905197144,-0.19178131222724915,0.2998824119567871,0.5919007658958435,-0.3602800667285919,0.7210074067115784,0.4029049575328827,0.9070115089416504,0.12246529757976532,-0.6980838179588318,0.21800999343395234,0.6820194721221924],"EasingStyle":"Linear","EasingDirection":"In"},"Left Arm":{"Weight":1,"CFrame":[0.5235946774482727,-0.10186278820037842,0.33469629287719729,0.6378428339958191,0.3858668804168701,-0.6665308475494385,-0.6059290170669556,0.7856314778327942,-0.12503306567668916,0.47540149092674258,0.4836216866970062,0.7349172830581665],"EasingStyle":"Linear","EasingDirection":"In"},"Head":{"Weight":1,"CFrame":[9.080395102500916e-8,1.4901161193847657e-8,0,0.9867780804634094,0.08589275926351547,-0.1374460905790329,-0.08837760984897614,0.9960139393806458,-0.012067987583577633,0.13586166501045228,0.02405557967722416,0.9904357194900513],"EasingStyle":"Linear","EasingDirection":"In"},"Torso":{"Weight":1,"CFrame":[-0.07058361172676087,-0.019999686628580095,-0.27476024627685549,0.9885284304618836,-0.12007897347211838,0.09161114692687988,0.12283118069171906,0.9921126365661621,-0.02499961666762829,-0.08788665384054184,0.035965535789728168,0.995481014251709],"EasingStyle":"Linear","EasingDirection":"In"},"HumanoidRootPart":{"Weight":0,"CFrame":[0,0,0,1,0,0,0,1,0,0,0,1],"EasingStyle":"Linear","EasingDirection":"In"},"Right Leg":{"Weight":1,"CFrame":[0.4500812590122223,0.09993737936019898,0.15083301067352296,0.8915941715240479,0.35660868883132937,-0.2790878713130951,-0.3695890009403229,0.9291722774505615,0.006548124365508556,0.26165586709976199,0.09730948507785797,0.9602432250976563],"EasingStyle":"Linear","EasingDirection":"In"}}},{"Time":0.6000000238418579,"poses":{"Left Leg":{"Weight":1,"CFrame":[-0.6228534579277039,0.4471871256828308,-0.07807636260986328,0.9546938538551331,-0.28039222955703738,0.09969889372587204,0.22055459022521974,0.8915870189666748,0.39551013708114626,-0.19978830218315125,-0.35560208559036257,0.9130344390869141],"EasingStyle":"Linear","EasingDirection":"In"},"Right Arm":{"Weight":1,"CFrame":[-0.549725353717804,-0.2211102843284607,0.2996014356613159,0.5916390419006348,-0.3605590760707855,0.721082866191864,0.3992699682712555,0.9080699682235718,0.12646137177944184,-0.7003904581069946,0.21308711171150208,0.6812099814414978],"EasingStyle":"Linear","EasingDirection":"In"},"Left Arm":{"Weight":1,"CFrame":[0.5072298049926758,-0.12050843238830567,0.336586594581604,0.6358615159988403,0.3873147964477539,-0.6675834059715271,-0.6125131249427795,0.779502809047699,-0.1311606764793396,0.46958261728286745,0.49230343103408816,0.7328910827636719],"EasingStyle":"Linear","EasingDirection":"In"},"Head":{"Weight":1,"CFrame":[1.0989606380462647e-7,-7.450580596923828e-9,-5.960464477539063e-8,0.9827653765678406,0.10100238025188446,-0.15482471883296967,-0.10378868877887726,0.9945490956306458,-0.009999066591262818,0.15297088027000428,0.025895800441503526,0.9878913760185242],"EasingStyle":"Linear","EasingDirection":"In"},"Torso":{"Weight":1,"CFrame":[-0.06295597553253174,-0.020786896347999574,-0.3362548351287842,0.9851465225219727,-0.13876555860042573,0.1011456698179245,0.1420491486787796,0.9895185232162476,-0.025983640924096109,-0.0964798778295517,0.039965350180864337,0.9945322275161743],"EasingStyle":"Linear","EasingDirection":"In"},"HumanoidRootPart":{"Weight":0,"CFrame":[0,0,0,1,0,0,0,1,0,0,0,1],"EasingStyle":"Linear","EasingDirection":"In"},"Right Leg":{"Weight":1,"CFrame":[0.4993148744106293,0.12060880661010742,0.17975306510925294,0.8683632612228394,0.3961004912853241,-0.2984117269515991,-0.4144868850708008,0.9100534319877625,0.0018344736890867353,0.27229732275009158,0.1220947802066803,0.9544354677200317],"EasingStyle":"Linear","EasingDirection":"In"}}},{"Time":0.6333333253860474,"poses":{"Left Leg":{"Weight":1,"CFrame":[-0.6102731823921204,0.43819373846054079,-0.07180517911911011,0.9558724761009216,-0.27482280135154726,0.1038278192281723,0.2144622802734375,0.8943008780479431,0.3927236497402191,-0.20078276097774507,-0.35312652587890627,0.9137767553329468],"EasingStyle":"Linear","EasingDirection":"In"},"Right Arm":{"Weight":1,"CFrame":[-0.5497255921363831,-0.2197500765323639,0.2988288402557373,0.591614305973053,-0.3606054484844208,0.72107994556427,0.39941224455833437,0.9080172181129456,0.12639090418815614,-0.7003301382064819,0.21323326230049134,0.6812261343002319],"EasingStyle":"Linear","EasingDirection":"In"},"Left Arm":{"Weight":1,"CFrame":[0.5075386762619019,-0.12807998061180116,0.3345571756362915,0.6357077956199646,0.38778233528137209,-0.6674582362174988,-0.6119312644004822,0.7802338600158691,-0.1295192539691925,0.47054