{"Sequence":[{"Time":0,"poses":{"Left Leg":{"Weight":1,"CFrame":[-0.005745433270931244,-0.046572208404541019,0.10172295570373535,0.9406448602676392,-0.11308152973651886,0.31999993324279787,0.13329583406448365,0.990189790725708,-0.04191221296787262,-0.3121212124824524,0.08207913488149643,0.9464901089668274],"EasingStyle":"Linear","EasingDirection":"In"},"Right Arm":{"Weight":1,"CFrame":[-0.0010825693607330323,0.0010473132133483887,-0.006432235240936279,0.9658209681510925,-0.07559265196323395,-0.2479427009820938,0.12104350328445435,0.9773620963096619,0.1735278218984604,0.22921235859394074,-0.19760867953300477,0.9531067609786987],"EasingStyle":"Linear","EasingDirection":"In"},"Head":{"Weight":1,"CFrame":[8.009374141693115e-8,0,0.016662240028381349,0.9921972751617432,-0.025785120204091073,0.1219828724861145,0.038576673716306689,0.9938609600067139,-0.10369385778903961,-0.11856026947498322,0.107590451836586,0.9871006608009338],"EasingStyle":"Linear","EasingDirection":"In"},"Right Leg":{"Weight":1,"CFrame":[0.49145200848579409,0.07479685544967652,-0.001582503318786621,0.9841400980949402,0.04451248049736023,0.17171765863895417,-0.057924576103687289,0.9955820441246033,0.07390058040618897,-0.16766950488090516,-0.08267518877983093,0.9823704957962036],"EasingStyle":"Linear","EasingDirection":"In"},"Torso":{"Weight":1,"CFrame":[-0.0354982390999794,-0.029824011027812959,-0.018674850463867189,0.949951171875,0.3094032108783722,-0.04315589740872383,-0.31097692251205447,0.9497256278991699,-0.036257531493902209,0.029768068343400956,0.047863371670246127,0.9984102249145508],"EasingStyle":"Linear","EasingDirection":"In"},"HumanoidRootPart":{"Weight":1,"CFrame":[0,0,0,1,0,0,0,1,0,0,0,1],"EasingStyle":"Linear","EasingDirection":"In"},"Left Arm":{"Weight":1,"CFrame":[-0.4864071011543274,-0.41765332221984866,-0.33966386318206789,-0.2646985650062561,0.1828632652759552,-0.9468346834182739,-0.6161758303642273,0.723205029964447,0.31193235516548159,0.7417964935302734,0.6659847497940064,-0.07875559478998184],"EasingStyle":"Linear","EasingDirection":"In"}}},{"Time":0.03333333507180214,"poses":{"Left Leg":{"Weight":1,"CFrame":[-0.032284922897815707,-0.041489601135253909,0.10387444496154785,0.9457785487174988,-0.11947252601385117,0.302042156457901,0.1382351517677307,0.989531934261322,-0.04144442453980446,-0.29392892122268679,0.08095008879899979,0.9523932337760925],"EasingStyle":"Linear","EasingDirection":"In"},"Right Arm":{"Weight":1,"CFrame":[0.0009389743208885193,-0.00806853175163269,-0.005353689193725586,0.9549009799957275,-0.035966403782367709,-0.2947382628917694,0.08568190783262253,0.9837877750396729,0.1575445830821991,0.28429341316223147,-0.1756933480501175,0.9425015449523926],"EasingStyle":"Linear","EasingDirection":"In"},"Head":{"Weight":1,"CFrame":[9.872019290924072e-8,1.6763806343078614e-8,0.0166623592376709,0.9929537773132324,-0.015567868947982788,0.11747558414936066,0.026928899809718133,0.9950409531593323,-0.09575150161981583,-0.11540232598781586,0.09824027121067047,0.9884489178657532],"EasingStyle":"Linear","EasingDirection":"In"},"Right Leg":{"Weight":1,"CFrame":[0.510022759437561,0.0796937346458435,-0.0033307671546936037,0.9845505952835083,0.0595279335975647,0.16467136144638062,-0.07299603521823883,0.9943571090698242,0.07697895169258118,-0.15915966033935548,-0.08780999481678009,0.9833400845527649],"EasingStyle":"Linear","EasingDirection":"In"},"Torso":{"Weight":1,"CFrame":[-0.03521168231964111,-0.029958270490169526,-0.024754762649536134,0.9535330533981323,0.29823198914527895,-0.04280753433704376,-0.29979658126831057,0.9533076882362366,-0.03642075136303902,0.02994692325592041,0.04756193980574608,0.9984192848205566],"EasingStyle":"Linear","EasingDirection":"In"},"HumanoidRootPart":{"Weight":1,"CFrame":[0,0,0,1,0,0,0,1,0,0,0,1],"EasingStyle":"Linear","EasingDirection":"In"},"Left Arm":{"Weight":1,"CFrame":[-0.5357407927513123,-0.4811187982559204,-0.4957822561264038,-0.2905958592891693,0.13815264403820039,-0.9468199014663696,-0.7188402414321899,0.6215697526931763,0.3113194704055786,0.6315242052078247,0.7710803747177124,-0.08131588250398636],"EasingStyle":"Linear","EasingDirection":"In"}}},{"Time":0.06666667014360428,"poses":{"Left Leg":{"Weight":1,"CFrame":[-0.09140744805335999,-0.030252456665039064,0.11135363578796387,0.9513652920722961,-0.13679417967796327,0.276028037071228,0.15377241373062135,0.9872667193412781,-0.04072562977671623,-0.2669423222541809,0.08119048923254013,0.9602864384651184],"EasingStyle":"Linear","EasingDirection":"In"},"Right Arm":{"Weight":1,"CFrame":[0.001997724175453186,-0.026173263788223268,-0.003608405590057373,0.9476270079612732,-0.03415258601307869,-0.31754806637763979,0.07678736001253128,0.9894649386405945,0.12273092567920685,0.31001102924346926,-0.14068688452243806,0.9402661323547363],"EasingStyle":"Linear","EasingDirection":"In"},"Head":{"Weight":1,"CFrame":[8.195638656616211e-8,-1.1175870895385743e-8,0.016662001609802247,0.9941245913505554,0.008986815810203553,0.10786892473697663,-0.0007177391671575606,0.9970728754997253,-0.0764540508389473,-0.1082402914762497,0.07592744380235672,0.991221010684967],"EasingStyle":"Linear","EasingDirection":"In"},"Right Leg":{"Weight":1,"CFrame":[0.5478394627571106,0.08791136741638184,-0.0014573931694030762,0.9857981204986572,0.09597715735435486,0.13780628144741059,-0.1073361337184906,0.9911980032920837,0.07749520987272263,-0.12915553152561189,-0.09118622541427612,0.9874229431152344],"EasingStyle":"Linear","EasingDirection":"In"},"Torso":{"Weight":1,"CFrame":[-0.034707680344581607,-0.030498221516609193,-0.03997159004211426,0.9613194465637207,0.27218469977378847,-0.04219479858875275,-0.2737462818622589,0.9610870480537415,-0.03707718104124069,0.030461033806204797,0.04719368368387222,0.9984211921691895],"EasingStyle":"Linear","EasingDirection":"In"},"HumanoidRootPart":{"Weight":1,"CFrame":[0,0,0,1,0,0,0,1,0,0,0,1],"EasingStyle":"Linear","EasingDirection":"In"},"Left Arm":{"Weight":1,"CFrame":[-0.5587560534477234,-0.5117301940917969,-0.5860859155654907,-0.3672065734863281,0.13742469251155854,-0.9199314713478088,-0.820149838924408,0.41870322823524477,0.38992542028427126,0.43876367807388308,0.8976649045944214,-0.04104171693325043],"EasingStyle":"Linear","EasingDirection":"In"}}},{"Time":0.10000000149011612,"poses":{"Left Leg":{"Weight":1,"CFrame":[-0.16535526514053346,-0.015540719032287598,0.1163855791091919,0.9572830200195313,-0.1576991230249405,0.2423637956380844,0.1721459925174713,0.9842793345451355,-0.03949650004506111,-0.23232513666152955,0.07953128963708878,0.9693811535835266],"EasingStyle":"Linear","EasingDirection":"In"},"Right Arm":{"Weight":1,"CFrame":[0.0020465999841690065,-0.041230708360672,-0.002349853515625,0.9668708443641663,-0.0429844968020916,-0.251621276140213,0.0698464959859848,0.9926515817642212,0.09881457686424256,0.2455248087644577,-0.11311598122119904,0.9627681970596314],"EasingStyle":"Linear","EasingDirection":"In"},"Head":{"Weight":1,"CFrame":[8.940696716308594e-8,1.1175870895385743e-8,0.016662001609802247,0.9943817257881165,0.04113289341330528,0.09753601998090744,-0.036090269684791568,0.9979467988014221,-0.052911289036273959,-0.09951217472553253,0.04909392073750496,0.9938245415687561],"EasingStyle":"Linear","EasingDirection":"In"},"Right Leg":{"Weight":1,"CFrame":[0.5872716903686523,0.0969039797782898,0.005509734153747559,0.9850457310676575,0.13797993957996369,0.10318173468112946,-0.14633812010288239,0.9861273765563965,0.07834643125534058,-0.09094005078077316,-0.0922742560505867,0.9915721416473389],"EasingStyle":"Linear","EasingDirection":"In"},"Torso":{"Weight":1,"CFrame":[-0.03398855775594711,-0.0313355028629303,-0.05975699424743652,0.9702690243721008,0.23847565054893495,-0.0413205586373806,-0.24003583192825318,0.970016360282898,-0.038095079362392429,0.030996868386864663,0.046880900859832767,0.998419463634491],"EasingStyle":"Linear","EasingDirection":"In"},"HumanoidRootPart":{"Weight":1,"CFrame":[0,0,0,1,0,0,0,1,0,0,0,1],"EasingStyle":"Linear","EasingDirection":"In"},"Left Arm":{"Weight":1,"CFrame":[-0.5637264251708984,-0.5275213122367859,-0.6155567765235901,-0.4326361417770386,0.16941089928150178,-0.8855089545249939,-0.8553058505058289,0.23346197605133058,0.46254438161849978,0.2850927710533142,0.9574944376945496,0.04389349743723869],"EasingStyle":"Linear","EasingDirection":"In"}}},{"Time":0.13333334028720857,"poses":{"Left Leg":{"Weight":1,"CFrame":[-0.3142055869102478,0.03538858890533447,0.14335358142852784,0.952887773513794,-0.20438939332962037,0.22412054240703584,0.21826130151748658,0.9751226902008057,-0.03870149701833725,-0.21063491702079774,0.08579502254724503,0.9737926721572876],"EasingStyle":"Linear","EasingDirection":"In"},"Right Arm":{"Weight":1,"CFrame":[0.0014671608805656434,-0.050528913736343387,-0.0016114115715026856,0.9906560778617859,-0.05212551727890968,-0.12602989375591279,0.0635097324848175,0.9940880537033081,0.0880657434463501,0.12069433182477951,-0.0952470600605011,0.988109827041626],"EasingStyle":"Linear","EasingDirection":"In"},"Head":{"Weight":1,"CFrame":[8.940696716308594e-8,-1.1175870895385743e-8,0.016661882400512697,0.9932510852813721,0.07369465380907059,0.08956301957368851,-0.0710034966468811,0.9969342350959778,-0.03287513181567192,-0.0917111486196518,0.026293976232409478,0.9954385161399841],"EasingStyle":"Linear","EasingDirection":"In"},"Right Leg":{"Weight":1,"CFrame":[0.6189776659011841,0.10437852144241333,0.01636362075805664,0.9820359349250794,0.1758107841014862,0.06852778792381287,-0.18102586269378663,0.9802813529968262,0.07923582196235657,-0.0532459057867527,-0.09021777659654618,0.9944977164268494],"EasingStyle":"Linear","EasingDirection":"In"},"Torso":{"Weight":1,"CFrame":[-0.03306638449430466,-0.0323675274848938,-0.0795433521270752,0.9780233502388,0.2045837789773941,-0.04019945487380028,-0.20614005625247956,0.9777309894561768,-0.039349742233753207,0.031253933906555179,0.04677167907357216,0.998416543006897],"EasingStyle":"Linear","EasingDirection":"In"},"HumanoidRootPart":{"Weight":1,"CFrame":[0,0,0,1,0,0,0,1,0,0,0,1],"EasingStyle":"Linear","EasingDirection":"In"},"Left Arm":{"Weight":1,"CFrame":[-0.4912656247615814,-0.5427013635635376,-0.4524227976799011,-0.46808120608329775,0.22943398356437684,-0.8533816337585449,-0.8463149666786194,0.16147612035274507,0.5076185464859009,0.2542656660079956,0.9598363041877747,0.11858934909105301],"EasingStyle":"Linear","EasingDirection":"In"}}},{"Time":0.1666666716337204,"poses":{"Left Leg":{"Weight":1,"CFrame":[-0.47057297825813296,0.13980913162231446,0.1886463165283203,0.9428982734680176,-0.23820263147354127,0.23281386494636537,0.2543654143810272,0.9662128686904907,-0.04160492867231369,-0.21503737568855287,0.0984489768743515,0.9716310501098633],"EasingStyle":"Linear","EasingDirection":"In"},"Right Arm":{"Weight":1,"CFrame":[0.0010877102613449097,-0.053705424070358279,-0.0013304352760314942,0.996755063533783,-0.05629577487707138,-0.05753514915704727,0.061095692217350009,0.9944729208946228,0.08538780361413956,0.05241013690829277,-0.08862605690956116,0.9946852922439575],"EasingStyle":"Linear","EasingDirection":"In"},"Head":{"Weight":1,"CFrame":[9.220093488693237e-8,-2.7939677238464357e-9,0.016662001609802247,0.9914055466651917,0.0991269201040268,0.08537552505731583,-0.09735547006130219,0.9949437379837036,-0.024678615853190423,-0.08739016205072403,0.016154726967215539,0.9960432052612305],"EasingStyle":"Linear","EasingDirection":"In"},"Right Leg":{"Weight":1,"CFrame":[0.639146089553833,0.10911226272583008,0.026855111122131349,0.9784049987792969,0.20242470502853394,0.04180724918842316,-0.20521777868270875,0.9754800796508789,0.07952681183815003,-0.024683890864253045,-0.08638899773359299,0.9959557056427002],"EasingStyle":"Linear","EasingDirection":"In"},"Torso":{"Weight":1,"CFrame":[-0.03197561204433441,-0.03350416570901871,-0.09476399421691895,0.9831986427307129,0.17835162580013276,-0.03887338191270828,-0.17989732325077058,0.9828417301177979,-0.04073157161474228,0.030941836535930635,0.047040440142154697,0.9984137415885925],"EasingStyle":"Linear","EasingDirection":"In"},"HumanoidRootPart":{"Weight":1,"CFrame":[0,0,0,1,0,0,0,1,0,0,0,1],"EasingStyle":"Linear","EasingDirection":"In"},"Left Arm":{"Weight":1,"CFrame":[-0.3523179590702057,-0.557298481464386,-0.16839957237243653,-0.4861907660961151,0.29208916425704958,-0.8235913515090942,-0.8320415019989014,0.13330736756324769,0.5384571552276611,0.2670683264732361,0.9470550417900086,0.1782170981168747],"EasingStyle":"Linear","EasingDirection":"In"}}},{"Time":0.20000000298023225,"poses":{"Left Leg":{"Weight":1,"CFrame":[-0.5448368191719055,0.2549305558204651,0.23256158828735352,0.9393455386161804,-0.22577646374702454,0.25817587971687319,0.24634847044944764,0.9678968191146851,-0.04988100752234459,-0.23862573504447938,0.11045678704977036,0.9648094177246094],"EasingStyle":"Linear","EasingDirection":"In"},"Right Arm":{"Weight":1,"CFrame":[0.0006960183382034302,-0.03935438394546509,-0.0022686123847961427,0.9891147613525391,-0.060816001147031787,-0.13399073481559754,0.07403261214494705,0.9926272630691528,0.09596996754407883,0.127166286110878,-0.1048450767993927,0.9863246083259583],"EasingStyle":"Linear","EasingDirection":"In"},"Head":{"Weight":1,"CFrame":[9.872019290924072e-8,-2.7939677238464357e-9,0.016662240028381349,0.9903334379196167,0.10931023210287094,0.08538759499788284,-0.10734529048204422,0.9938473105430603,-0.02728750929236412,-0.08784500509500504,0.017857762053608896,0.9959741234779358],"EasingStyle":"Linear","EasingDirection":"In"},"Right Leg":{"Weight":1,"CFrame":[0.6457080841064453,0.11026674509048462,0.0316317081451416,0.9768644571304321,0.21158678829669953,0.03109527751803398,-0.21342001855373383,0.9738142490386963,0.07834462821483612,-0.013704272918403149,-0.08316845446825028,0.9964413046836853],"EasingStyle":"Linear","EasingDirection":"In"},"Torso":{"Weight":1,"CFrame":[-0.030777662992477418,-0.034674644470214847,-0.10085415840148926,0.9851058721542358,0.1678285002708435,-0.037417009472846988,-0.16935257613658906,0.9846535921096802,-0.04215453937649727,0.02976806089282036,0.04786335304379463,0.9984102249145508],"EasingStyle":"Linear","EasingDirection":"In"},"HumanoidRootPart":{"Weight":1,"CFrame":[0,0,0,1,0,0,0,1,0,0,0,1],"EasingStyle":"Linear","EasingDirection":"In"},"Left Arm":{"Weight":1,"CFrame":[-0.24348172545433045,-0.5666792392730713,-0.00967705249786377,-0.4502575695514679,0.3683161735534668,-0.8133950233459473,-0.8502294421195984,0.10138659179210663,0.5165566205978394,0.272723525762558,0.9241558313369751,0.26750296354293826],"EasingStyle":"Linear","EasingDirection":"In"}}},{"Time":0.23333333432674409,"poses":{"Left Leg":{"Weight":1,"CFrame":[-0.5327991843223572,0.31110018491744997,0.2531837224960327,0.9437080025672913,-0.17036572098731996,0.2835325598716736,0.19425371289253236,0.979225218296051,-0.058167461305856708,-0.26773256063461306,0.1099703311920166,0.9571968913078308],"EasingStyle":"Linear","EasingDirection":"In"},"Right Arm":{"Weight":1,"CFrame":[-0.0013596415519714356,-0.012830466032028199,-0.004147708415985107,0.9548419713973999,-0.10939443856477738,-0.27624213695526125,0.14365729689598084,0.9838314056396484,0.10695081204175949,0.26007580757141116,-0.14180538058280946,0.9551187753677368],"EasingStyle":"Linear","EasingDirection":"In"},"Head":{"Weight":1,"CFrame":[8.940696716308594e-8,-2.7939677238464357e-9,0.016662120819091798,0.9908387660980225,0.10237555205821991,0.08807862550020218,-0.10026458650827408,0.9945646524429321,-0.028076576068997384,-0.09047427028417587,0.01898825541138649,0.9957177639007568],"EasingStyle":"Linear","EasingDirection":"In"},"Right Leg":{"Weight":1,"CFrame":[0.6099751591682434,0.10297679901123047,0.030709147453308107,0.9827191829681397,0.18125464022159577,0.03754601627588272,-0.18362967669963838,0.9801710247993469,0.07446449249982834,-0.023304471746087076,-0.08007226884365082,0.9965166449546814],"EasingStyle":"Linear","EasingDirection":"In"},"Torso":{"Weight":1,"CFrame":[-0.02967134863138199,-0.04046013951301575,-0.08321356773376465,0.9840125441551209,0.17440856993198396,-0.03607204928994179,-0.176058828830719,0.983150064945221,-0.04918806254863739,0.026885418221354486,0.05475247651338577,0.9981379508972168],"EasingStyle":"Linear","EasingDirection":"In"},"HumanoidRootPart":{"Weight":1,"CFrame":[0,0,0,1,0,0,0,1,0,0,0,1],"EasingStyle":"Linear","EasingDirection":"In"},"Left Arm":{"Weight":1,"CFrame":[-0.20033223927021027,-0.5691448450088501,0.02692580223083496,-0.35694247484207156,0.46442416310310366,-0.8104951977729797,-0.8895128965377808,0.09594936668872833,0.4467221200466156,0.2852350175380707,0.8803998827934265,0.37886279821395876],"EasingStyle":"Linear","EasingDirection":"In"}}},{"Time":0.2666666805744171,"poses":{"Left Leg":{"Weight":1,"CFrame":[-0.45311424136161806,0.267367959022522,0.2386155128479004,0.9488614797592163,-0.086704321205616,0.3035527467727661,0.11016752570867539,0.9920387864112854,-0.06100979447364807,-0.2958463430404663,0.09133154898881912,0.9508593678474426],"EasingStyle":"Linear","EasingDirection":"In"},"Right Arm":{"Weight":1,"CFrame":[-0.0065894946455955509,0.0005448460578918457,-0.00596386194229126,0.8958094120025635,-0.2612941265106201,-0.3595147728919983,0.3102512061595917,0.9468572735786438,0.0848858654499054,0.318229079246521,-0.18758150935173036,0.9292704463005066],"EasingStyle":"Linear","EasingDirection":"In"},"Head":{"Weight":1,"CFrame":[1.0058283805847168e-7,3.166496753692627e-8,0.016662001609802247,0.9921153783798218,0.08502866327762604,0.09207234531641007,-0.08320073783397675,0.9962552785873413,-0.023519951850175859,-0.09372740238904953,0.015673989430069925,0.9954745769500732],"EasingStyle":"Linear","EasingDirection":"In"},"Right Leg":{"Weight":1,"CFrame":[0.5362764596939087,0.08995050191879273,0.02870345115661621,0.9919296503067017,0.11458411067724228,0.05427863821387291,-0.11820373684167862,0.9905910491943359,0.06897328048944473,-0.045864637941122058,-0.07483262568712235,0.9961407780647278],"EasingStyle":"Linear","EasingDirection":"In"},"Torso":{"Weight":1,"CFrame":[-0.029178038239479066,-0.05348512530326843,-0.05076432228088379,0.9808852672576904,0.1913263350725174,-0.0354723185300827,-0.19330643117427827,0.9789814352989197,-0.065022774040699,0.022286169230937959,0.07063691318035126,0.9972531199455261],"EasingStyle":"Linear","EasingDirection":"In"},"HumanoidRootPart":{"Weight":1,"CFrame":[0,0,0,1,0,0,0,1,0,0,0,1],"EasingStyle":"Linear","EasingDirection":"In"},"Left Arm":{"Weight":1,"CFrame":[-0.2293306440114975,-0.5493060350418091,-0.050370991230010989,-0.23720496892929078,0.5583921670913696,-0.7949416041374207,-0.9191370606422424,0.13592787086963654,0.3697441518306732,0.31451699137687685,0.8183653950691223,0.48099610209465029],"EasingStyle":"Linear","EasingDirection":"In"}}},{"Time":0.30000001192092898,"poses":{"Left Leg":{"Weight":1,"CFrame":[-0.32088252902030947,0.17354118824005128,0.19976139068603517,0.9447489976882935,0.013738885521888733,0.3275063931941986,0.0069284215569496159,0.9980611801147461,-0.061854928731918338,-0.3277212381362915,0.06070654094219208,0.9428221583366394],"EasingStyle":"Linear","EasingDirection":"In"},"Right Arm":{"Weight":1,"CFrame":[-0.017487600445747377,-0.0028011202812194826,-0.002542555332183838,0.7524137496948242,-0.5818360447883606,-0.30877241492271426,0.5737600326538086,0.809174120426178,-0.1266361027956009,0.3235321640968323,-0.08187858760356903,0.9426679611206055],"EasingStyle":"Linear","EasingDirection":"In"},"Head":{"Weight":1,"CFrame":[8.940696716308594e-8,4.377216100692749e-8,0.016662001609802247,0.9933596253395081,0.06162717938423157,0.0971532016992569,-0.060294825583696368,0.9980427026748657,-0.01659335009753704,-0.0979856550693512,0.010625272989273072,0.9951311349868774],"EasingStyle":"Linear","EasingDirection":"In"},"Right Leg":{"Weight":1,"CFrame":[0.4948377013206482,0.08556383848190308,0.02436995506286621,0.9954560995101929,0.05569745600223541,0.07723317295312882,-0.06072685495018959,0.9960764050483704,0.06437601149082184,-0.07334449887275696,-0.06877367198467255,0.9949325919151306],"EasingStyle":"Linear","EasingDirection":"In"},"Torso":{"Weight":1,"CFrame":[-0.02988186478614807,-0.07072171568870545,-0.034230947494506839,0.9760834574699402,0.21433928608894349,-0.03632797673344612,-0.21673832833766938,0.9724363088607788,-0.08597758412361145,0.016898266971111299,0.09179496765136719,0.9956345558166504],"EasingStyle":"Linear","EasingDirection":"In"},"HumanoidRootPart":{"Weight":1,"CFrame":[0,0,0,1,0,0,0,1,0,0,0,1],"EasingStyle":"Linear","EasingDirection":"In"},"Left Arm":{"Weight":1,"CFrame":[-0.30704623460769656,-0.5008113980293274,-0.2399904727935791,-0.10239306837320328,0.6337441802024841,-0.7667359709739685,-0.9295724630355835,0.21344394981861115,0.30056071281433108,0.3541337847709656,0.743511974811554,0.5672559142112732],"EasingStyle":"Linear","EasingDirection":"In"}}},{"Time":0.3333333432674408,"poses":{"Left Leg":{"Weight":1,"CFrame":[-0.1837848424911499,0.08947473764419556,0.15147316455841065,0.9298580288887024,0.10687277466058731,0.3520543575286865,-0.09056655317544937,0.9939262270927429,-0.06251771003007889,-0.35659748315811159,0.026248224079608918,0.9338893890380859],"EasingStyle":"Linear","EasingDirection":"In"},"Right Arm":{"Weight":1,"CFrame":[-0.029150180518627168,-0.013629645109176636,0.0051947832107543949,0.45453327894210818,-0.8893694281578064,-0.04920906573534012,0.8031125068664551,0.4330907464027405,-0.4091978669166565,0.3852400481700897,0.14647337794303895,0.9111177921295166],"EasingStyle":"Linear","EasingDirection":"In"},"Head":{"Weight":1,"CFrame":[8.568167686462403e-8,2.2351741790771486e-8,0.016662240028381349,0.9940232038497925,0.03653920069336891,0.1028732880949974,-0.03565298765897751,0.999309778213501,-0.010439437814056874,-0.10318378359079361,0.006709304638206959,0.9946396946907044],"EasingStyle":"Linear","EasingDirection":"In"},"Right Leg":{"Weight":1,"CFrame":[0.5375593900680542,0.10353308916091919,0.011463165283203125,0.9939782023429871,0.03949742391705513,0.10221289098262787,-0.04599938169121742,0.9970121383666992,0.06205592304468155,-0.09945639222860336,-0.06638395041227341,0.9928250908851624],"EasingStyle":"Linear","EasingDirection":"In"},"Torso":{"Weight":1,"CFrame":[-0.03198154270648956,-0.08912317454814911,-0.046875,0.970193088054657,0.23919382691383363,-0.038880594074726108,-0.24205675721168519,0.9641935229301453,-0.108348548412323,0.011572111397981644,0.11453031748533249,0.9933523535728455],"EasingStyle":"Linear","EasingDirection":"In"},"HumanoidRootPart":{"Weight":1,"CFrame":[0,0,0,1,0,0,0,1,0,0,0,1],"EasingStyle":"Linear","EasingDirection":"In"},"Left Arm":{"Weight":1,"CFrame":[-0.409750759601593,-0.4373345375061035,-0.48567885160446169,0.035064853727817538,0.6808550953865051,-0.7315784096717835,-0.918571412563324,0.3103314936161041,0.24478760361671449,0.39369675517082217,0.6634234189987183,0.6362956762313843],"EasingStyle":"Linear","EasingDirection":"In"}}},{"Time":0.36666667461395266,"poses":{"Left Leg":{"Weight":1,"CFrame":[-0.15516069531440736,0.07441127300262451,0.14177310466766358,0.9179155826568604,0.13252072036266328,0.3739908039569855,-0.1176021620631218,0.9910892844200134,-0.0625443309545517,-0.3789467215538025,0.01342830527573824,0.925321102142334],"EasingStyle":"Linear","EasingDirection":"In"},"Right Arm":{"Weight":1,"CFrame":[-0.03328403830528259,-0.029318243265151979,0.009929656982421875,0.07846882939338684,-0.9582078456878662,0.275100976228714,0.917034924030304,-0.03885544836521149,-0.39690983295440676,0.39101120829582217,0.28342217206954958,0.8756610155105591],"EasingStyle":"Linear","EasingDirection":"In"},"Head":{"Weight":1,"CFrame":[1.0989606380462647e-7,-8.754432201385498e-8,0.016661763191223146,0.9940572381019592,0.01397070474922657,0.1079583540558815,-0.013161003589630127,0.999879777431488,-0.008208691142499447,-0.10806004703044892,0.0067390454933047298,0.9941216111183167],"EasingStyle":"Linear","EasingDirection":"In"},"Right Leg":{"Weight":1,"CFrame":[0.6050270795822144,0.1333465576171875,-0.006487488746643066,0.9912939667701721,0.041093338280916217,0.12508994340896607,-0.049035582691431048,0.9969272017478943,0.06108870357275009,-0.12219513952732086,-0.06669075787067414,0.9902629852294922],"EasingStyle":"Linear","EasingDirection":"In"},"Torso":{"Weight":1,"CFrame":[-0.03449182212352753,-0.10578083992004395,-0.07265281677246094,0.9642142653465271,0.2617872357368469,-0.041932374238967898,-0.2650468647480011,0.9556214213371277,-0.12859955430030824,0.006405748892575502,0.13511157035827638,0.9908096790313721],"EasingStyle":"Linear","EasingDirection":"In"},"HumanoidRootPart":{"Weight":1,"CFrame":[0,0,0,1,0,0,0,1,0,0,0,1],"EasingStyle":"Linear","EasingDirection":"In"},"Left Arm":{"Weight":1,"CFrame":[-0.5134437680244446,-0.3725360035896301,-0.7310804128646851,0.15990673005580903,0.6977747678756714,-0.6982410550117493,-0.8898383378982544,0.40810713171958926,0.2040494978427887,0.42733779549598696,0.5886926651000977,0.6861656308174133],"EasingStyle":"Linear","EasingDirection":"In"}}},{"Time":0.4000000059604645,"poses":{"Left Leg":{"Weight":1,"CFrame":[-0.2234359085559845,0.11507785320281983,0.17227578163146974,0.915327787399292,0.09978092461824417,0.39015233516693118,-0.08265689015388489,0.9947409629821777,-0.06048417091369629,-0.39413562417030337,0.023114092648029329,0.918761670589447],"EasingStyle":"Linear","EasingDirection":"In"},"Right Arm":{"Weight":1,"CFrame":[0.14092320203781129,-0.1327531337738037,-0.011735081672668457,-0.33489659428596499,-0.8391154408454895,0.4286368489265442,0.9196624159812927,-0.3901059031486511,-0.04514805227518082,0.20509818196296693,0.37908124923706057,0.9023481011390686],"EasingStyle":"Linear","EasingDirection":"In"},"Head":{"Weight":1,"CFrame":[1.2014061212539674e-7,-2.7939677238464357e-8,0.0166623592376709,0.9937453866004944,-0.0023089756723493339,0.11164635419845581,0.0036670234985649587,0.9999217987060547,-0.011960361152887345,-0.11160999536514282,0.01229490339756012,0.9936760663986206],"EasingStyle":"Linear","EasingDirection":"In"},"Right Leg":{"Weight":1,"CFrame":[0.6590147018432617,0.16096699237823487,-0.022448837757110597,0.9888207912445068,0.04591546952724457,0.14186325669288636,-0.054872944951057437,0.996695876121521,0.059886589646339419,-0.138644739985466,-0.0670015811920166,0.9880731701850891],"EasingStyle":"Linear","EasingDirection":"In"},"Torso":{"Weight":1,"CFrame":[-0.03593878448009491,-0.11792799830436707,-0.09807109832763672,0.9595217704772949,0.2782248556613922,-0.0436914786696434,-0.28163018822669985,0.9487519860267639,-0.14336706697940827,0.001564093749038875,0.1498686671257019,0.9887046813964844],"EasingStyle":"Linear","EasingDirection":"In"},"HumanoidRootPart":{"Weight":1,"CFrame":[0,0,0,1,0,0,0,1,0,0,0,1],"EasingStyle":"Linear","EasingDirection":"In"},"Left Arm":{"Weight":1,"CFrame":[-0.5938724875450134,-0.3199630379676819,-0.9197800755500794,0.2574191391468048,0.6900343298912048,-0.6764525771141052,-0.853114902973175,0.49104735255241396,0.176259845495224,0.4537956118583679,0.5317190289497376,0.7150834798812866],"EasingStyle":"Linear","EasingDirection":"In"}}},{"Time":0.4333333373069763,"poses":{"Left Leg":{"Weight":1,"CFrame":[-0.2668886184692383,0.13699662685394288,0.1870061159133911,0.9145652651786804,0.07734394073486328,0.3969738781452179,-0.06050284206867218,0.9966629147529602,-0.0547947958111763,-0.39988723397254946,0.026095353066921235,0.916192889213562],"EasingStyle":"Linear","EasingDirection":"In"},"Right Arm":{"Weight":1,"CFrame":[0.4659465551376343,-0.30728745460510256,-0.06644630432128906,-0.6785953044891357,-0.6312275528907776,0.3755798637866974,0.732806384563446,-0.5469877123832703,0.4047214388847351,-0.05003374069929123,0.5498692989349365,0.8337509036064148],"EasingStyle":"Linear","EasingDirection":"In"},"Head":{"Weight":1,"CFrame":[9.546056389808655e-8,1.862645149230957e-8,0.016661763191223146,0.9935442209243774,-0.00870893057435751,0.11311086267232895,0.011434908024966717,0.9996591210365295,-0.02347373217344284,-0.11286786198616028,0.024615591391921045,0.9933051466941834],"EasingStyle":"Linear","EasingDirection":"In"},"Right Leg":{"Weight":1,"CFrame":[0.678756058216095,0.17074406147003175,-0.028587698936462404,0.9877368211746216,0.04777054488658905,0.14864040911197663,-0.056729622185230258,0.9967824220657349,0.056626930832862857,-0.14545702934265138,-0.06436485797166825,0.9872686862945557],"EasingStyle":"Linear","EasingDirection":"In"},"Torso":{"Weight":1,"CFrame":[-0.03471536934375763,-0.1228826642036438,-0.10951828956604004,0.9576730728149414,0.28474751114845278,-0.04220414534211159,-0.28784626722335818,0.9459529519081116,-0.1493905484676361,-0.002615442033857107,0.15521560609340669,0.9878772497177124],"EasingStyle":"Linear","EasingDirection":"In"},"HumanoidRootPart":{"Weight":1,"CFrame":[0,0,0,1,0,0,0,1,0,0,0,1],"EasingStyle":"Linear","EasingDirection":"In"},"Left Arm":{"Weight":1,"CFrame":[-0.6266582608222961,-0.2930229902267456,-0.9953458905220032,0.31504857540130618,0.6671051383018494,-0.6750668883323669,-0.8219531774520874,0.5473920702934265,0.15733686089515687,0.47448650002479555,0.5053045749664307,0.7207841277122498],"EasingStyle":"Linear","EasingDirection":"In"}}},{"Time":0.46666666865348818,"poses":{"Left Leg":{"Weight":1,"CFrame":[-0.2864059805870056,0.13369226455688477,0.17945003509521485,0.9204275608062744,0.07101275026798248,0.38440898060798647,-0.057814836502075198,0.9972763657569885,-0.04579758271574974,-0.38661420345306399,0.0199288260191679,0.9220261573791504],"EasingStyle":"Linear","EasingDirection":"In"},"Right Arm":{"Weight":1,"CFrame":[0.643377423286438,-0.3974955081939697,-0.13645493984222413,-0.8409878015518189,-0.4558081030845642,0.29151079058647158,0.5152539014816284,-0.510309636592865,0.6885475516319275,-0.16508473455905915,0.7292619943618774,0.6640209555625916],"EasingStyle":"Linear","EasingDirection":"In"},"Head":{"Weight":1,"CFrame":[7.729977369308472e-8,2.421438694000244e-8,0.016662001609802247,0.9938918948173523,0.004660897888243198,0.110260009765625,0.00004728883504867554,0.9990897178649902,-0.042660243809223178,-0.11035847663879395,0.04240480810403824,0.9929868578910828],"EasingStyle":"Linear","EasingDirection":"In"},"Right Leg":{"Weight":1,"CFrame":[0.6523246765136719,0.15340423583984376,-0.016669273376464845,0.9897524118423462,0.04670190066099167,0.1349409818649292,-0.05384837090969086,0.9973064064979553,0.049802739173173907,-0.1322515904903412,-0.05655872821807861,0.9896012544631958],"EasingStyle":"Linear","EasingDirection":"In"},"Torso":{"Weight":1,"CFrame":[-0.02940966933965683,-0.12003085017204285,-0.09944629669189453,0.9618439674377441,0.2712523937225342,-0.03575392812490463,-0.27354148030281069,0.9507267475128174,-0.14592353999614716,-0.005589896347373724,0.1501358598470688,0.9886496663093567],"EasingStyle":"Linear","EasingDirection":"In"},"HumanoidRootPart":{"Weight":1,"CFrame":[0,0,0,1,0,0,0,1,0,0,0,1],"EasingStyle":"Linear","EasingDirection":"In"},"Left Arm":{"Weight":1,"CFrame":[-0.610177755355835,-0.28630250692367556,-0.8859083652496338,0.3427964746952057,0.6216221451759338,-0.7043271660804749,-0.8164592981338501,0.5679759979248047,0.10391075164079666,0.46463415026664736,0.5394340753555298,0.7022291421890259],"EasingStyle":"Linear","EasingDirection":"In"}}},{"Time":0.5,"poses":{"Left Leg":{"Weight":1,"CFrame":[-0.29062825441360476,0.11352914571762085,0.15466058254241944,0.9339081645011902,0.08145695924758911,0.34810954332351687,-0.07359758019447327,0.9966464638710022,-0.035765841603279117,-0.34985560178756716,0.007782005704939365,0.9367713332176209],"EasingStyle":"Linear","EasingDirection":"In"},"Right Arm":{"Weight":1,"CFrame":[0.6449379324913025,-0.39498579502105715,-0.20290881395339967,-0.8822758197784424,-0.3669455051422119,0.29485684633255007,0.4396590292453766,-0.4185445010662079,0.7946826815605164,-0.1681945025920868,0.8307657241821289,0.5306024551391602],"EasingStyle":"Linear","EasingDirection":"In"},"Head":{"Weight":1,"CFrame":[9.499490261077881e-8,-1.0244548320770264e-8,0.016662001609802247,0.9939991235733032,0.04083012416958809,0.10148251801729202,-0.03446883708238602,0.9973759055137634,-0.06366485357284546,-0.10381563752889633,0.05978481471538544,0.9927982091903687],"EasingStyle":"Linear","EasingDirection":"In"},"Right Leg":{"Weight":1,"CFrame":[0.5840181112289429,0.11760371923446655,0.009987711906433106,0.9943424463272095,0.04444952309131622,0.0964750349521637,-0.048533014953136447,0.9980041980743408,0.0403999388217926,-0.09448671340942383,-0.04485355317592621,0.9945151805877686],"EasingStyle":"Linear","EasingDirection":"In"},"Torso":{"Weight":1,"CFrame":[-0.02062978968024254,-0.11198890209197998,-0.07552742958068848,0.9720171689987183,0.23356713354587556,-0.025080077350139619,-0.23478485643863679,0.9624656438827515,-0.13614679872989655,-0.007660697679966688,0.13822543621063233,0.9903711676597595],"EasingStyle":"Linear","EasingDirection":"In"},"HumanoidRootPart":{"Weight":1,"CFrame":[0,0,0,1,0,0,0,1,0,0,0,1],"EasingStyle":"Linear","EasingDirection":"In"},"Left Arm":{"Weight":1,"CFrame":[-0.5791984796524048,-0.2843920886516571,-0.6378942728042603,0.35228464007377627,0.5484666228294373,-0.7583402991294861,-0.8373103737831116,0.5466901063919067,0.006421597674489021,0.4180993139743805,0.6327040791511536,0.6518271565437317],"EasingStyle":"Linear","EasingDirection":"In"}}},{"Time":0.5333333611488342,"poses":{"Left Leg":{"Weight":1,"CFrame":[-0.28118768334388735,0.08486396074295044,0.12182283401489258,0.950232207775116,0.10650789737701416,0.29277095198631289,-0.10344613343477249,0.994296133518219,-0.025967523455619813,-0.29386675357818606,-0.005610850173979998,0.9558299779891968],"EasingStyle":"Linear","EasingDirection":"In"},"Right Arm":{"Weight":1,"CFrame":[0.6358433961868286,-0.3928264081478119,-0.23264580965042115,-0.8824456930160523,-0.35060077905654909,0.31363800168037417,0.43400222063064577,-0.34957775473594668,0.8303238153457642,-0.18147137761116029,0.8688350915908814,0.4606448709964752],"EasingStyle":"Linear","EasingDirection":"In"},"Head":{"Weight":1,"CFrame":[8.195638656616211e-8,7.264316082000733e-8,0.0166623592376709,0.9949848651885986,0.05951181799173355,0.08039657771587372,-0.053636014461517337,0.9958617091178894,-0.07336736470460892,-0.08443006128072739,0.06868721544742584,0.9940592050552368],"EasingStyle":"Linear","EasingDirection":"In"},"Right Leg":{"Weight":1,"CFrame":[0.4778517484664917,0.07551687955856323,0.03943467140197754,0.9985499382019043,0.037470217794179919,0.03865368291735649,-0.03866758197546005,0.9987802505493164,0.030706757679581643,-0.03745587170124054,-0.03215687349438667,0.9987807869911194],"EasingStyle":"Linear","EasingDirection":"In"},"Torso":{"Weight":1,"CFrame":[-0.009923610836267472,-0.1008676290512085,-0.04701733589172363,0.9841897487640381,0.17670580744743348,-0.012064393609762192,-0.17684100568294526,0.9765705466270447,-0.12262649089097977,-0.009887078776955605,0.12282120436429978,0.9923796653747559],"EasingStyle":"Linear","EasingDirection":"In"},"HumanoidRootPart":{"Weight":1,"CFrame":[0,0,0,1,0,0,0,1,0,0,0,1],"EasingStyle":"Linear","EasingDirection":"In"},"Left Arm":{"Weight":1,"CFrame":[-0.5639996528625488,-0.2854924201965332,-0.37248921394348147,0.33310040831565859,0.45791009068489077,-0.8242344260215759,-0.8714231848716736,0.4833482801914215,-0.08364298194646836,0.3600912392139435,0.7461186051368713,0.5600370168685913],"EasingStyle":"Linear","EasingDirection":"In"}}},{"Time":0.5666666626930237,"poses":{"Left Leg":{"Weight":1,"CFrame":[-0.4073754847049713,0.13109230995178224,0.12746703624725343,0.9711724519729614,0.06135024130344391,0.230348140001297,-0.059282880276441577,0.9981147646903992,-0.015892062336206437,-0.23088888823986054,0.0017782410141080618,0.9729785919189453],"EasingStyle":"Linear","EasingDirection":"In"},"Right Arm":{"Weight":1,"CFrame":[0.597380518913269,-0.41016796231269839,-0.12522506713867188,-0.8016108274459839,-0.45153722167015078,0.3918343782424927,0.5335735082626343,-0.24471613764762879,0.8095760941505432,-0.26966550946235659,0.8580374121665955,0.4370954930782318],"EasingStyle":"Linear","EasingDirection":"In"},"Head":{"Weight":1,"CFrame":[9.057112038135529e-8,2.828892320394516e-8,0.01666271686553955,0.9982687830924988,0.037528637796640399,0.04529023915529251,-0.034533143043518069,0.9972743391990662,-0.06520234048366547,-0.04761369526386261,0.06352538615465164,0.9968437552452087],"EasingStyle":"Linear","EasingDirection":"In"},"Right Leg":{"Weight":1,"CFrame":[0.3414981961250305,0.038647353649139407,0.05923473834991455,0.9991967082023621,0.023372618481516839,-0.03255392983555794,-0.022639481350779535,0.9994856715202332,0.02271144837141037,0.03306804597377777,-0.021956201642751695,0.9992119669914246],"EasingStyle":"Linear","EasingDirection":"In"},"Torso":{"Weight":1,"CFrame":[0.0012933970429003239,-0.08896245062351227,-0.023072004318237306,0.9943459033966065,0.10617794841527939,0.0015723176766186953,-0.1053861677646637,0.9885326027870178,-0.10815315693616867,-0.013037767261266709,0.10737594962120056,0.9941329956054688],"EasingStyle":"Linear","EasingDirection":"In"},"HumanoidRootPart":{"Weight":1,"CFrame":[0,0,0,1,0,0,0,1,0,0,0,1],"EasingStyle":"Linear","EasingDirection":"In"},"Left Arm":{"Weight":1,"CFrame":[-0.5673125982284546,-0.2879171669483185,-0.18768584728240968,0.2630799114704132,0.36683133244514468,-0.8923137784004211,-0.9186131358146668,0.37790942192077639,-0.11547458916902542,0.29485413432121279,0.8500701785087586,0.4363964796066284],"EasingStyle":"Linear","EasingDirection":"In"}}},{"Time":0.6000000238418579,"poses":{"Left Leg":{"Weight":1,"CFrame":[-0.6041067242622376,0.2393355369567871,0.13489782810211183,0.9850751161575317,-0.019458763301372529,0.17102113366127015,0.020706307142972947,0.9997704029083252,-0.005513891112059355,-0.17087459564208985,0.008972815237939358,0.9852519631385803],"EasingStyle":"Linear","EasingDirection":"In"},"Right Arm":{"Weight":1,"CFrame":[0.5355706810951233,-0.45526909828186037,0.10857558250427246,-0.5758880972862244,-0.634292483329773,0.5157769918441773,0.6932312250137329,-0.044464047998189929,0.7193424105644226,-0.433339923620224,0.7718135118484497,0.4653177559375763],"EasingStyle":"Linear","EasingDirection":"In"},"Head":{"Weight":1,"CFrame":[8.195638656616211e-8,4.848698154091835e-8,0.016661763191223146,0.9999791383743286,-0.00567972706630826,0.003101791488006711,0.005807938985526562,0.9990577101707459,-0.043012820184230807,-0.002854536287486553,0.04302985966205597,0.9990697503089905],"EasingStyle":"Linear","EasingDirection":"In"},"Right Leg":{"Weight":1,"CFrame":[0.20992639660835267,0.016900837421417238,0.06258666515350342,0.9937947988510132,0.013070346787571907,-0.11045870184898377,-0.011206177063286305,0.9997844099998474,0.01748102717101574,0.11066344380378723,-0.016134759411215783,0.9937269687652588],"EasingStyle":"Linear","EasingDirection":"In"},"Torso":{"Weight":1,"CFrame":[0.012008976191282273,-0.07888835668563843,-0.01268911361694336,0.9994916915893555,0.02834213711321354,0.01459942851215601,-0.026814712211489679,0.9950291514396668,-0.09590593725442887,-0.017245033755898477,0.09546568989753723,0.9952834248542786],"EasingStyle":"Linear","EasingDirection":"In"},"HumanoidRootPart":{"Weight":1,"CFrame":[0,0,0,1,0,0,0,1,0,0,0,1],"EasingStyle":"Linear","EasingDirection":"In"},"Left Arm":{"Weight":1,"CFrame":[-0.5720555186271668,-0.28978198766708376,-0.08908230066299439,0.16485552489757539,0.2761714458465576,-0.9468643665313721,-0.9657674431800842,0.24014343321323396,-0.09810418635606766,0.200289785861969,0.9306237101554871,0.3063061833381653],"EasingStyle":"Linear","EasingDirection":"In"}}},{"Time":0.6333333253860474,"poses":{"Left Leg":{"Weight":1,"CFrame":[-0.7124429941177368,0.31388843059539797,0.11456501483917237,0.9919210076332092,-0.048121921718120578,0.1173754408955574,0.04792233556509018,0.9988408088684082,0.004523677751421928,-0.11745713651180268,0.00113775790669024,0.9930773973464966],"EasingStyle":"Linear","EasingDirection":"In"},"Right Arm":{"Weight":1,"CFrame":[0.48029571771621706,-0.5152241587638855,0.3405439853668213,-0.3012442886829376,-0.7522697448730469,0.585953950881958,0.7678854465484619,0.17293833196163178,0.