{"Sequence":[{"Time":0,"poses":{"Left Leg":{"Weight":1,"CFrame":[0.06898318231105805,-2.384185791015625e-7,-0.00465703010559082,0.9909264445304871,1.7805028562634107e-9,0.13440585136413575,1.209937572355102e-8,1,-8.662953376870064e-8,-0.13440585136413575,9.324469374405453e-8,0.9909263849258423],"EasingStyle":"Linear","EasingDirection":"In"},"Right Arm":{"Weight":1,"CFrame":[-0.0515238493680954,-0.5870837569236755,-0.4203348755836487,-0.4890221357345581,-0.5283974409103394,0.6940128207206726,0.5225903987884522,-0.8145176768302918,-0.25191283226013186,0.6983957290649414,0.23949368298053742,0.6744526028633118],"EasingStyle":"Linear","EasingDirection":"In"},"Left Arm":{"Weight":1,"CFrame":[0.05152372270822525,-0.5870838761329651,-0.4203348755836487,-0.4890225827693939,0.5283975601196289,-0.6940124034881592,-0.5225903391838074,-0.8145177364349365,-0.25191280245780947,-0.6983956098556519,0.23949337005615235,0.6744529008865356],"EasingStyle":"Linear","EasingDirection":"In"},"Head":{"Weight":1,"CFrame":[8.742279078433057e-8,0,0,1,0,8.742277657347586e-8,0,1,0,-8.742277657347586e-8,0,1],"EasingStyle":"Linear","EasingDirection":"In"},"Torso":{"Weight":1,"CFrame":[0,0,0,1,0,-8.742277657347586e-8,0,1,0,8.742277657347586e-8,0,1],"EasingStyle":"Linear","EasingDirection":"In"},"HumanoidRootPart":{"Weight":0,"CFrame":[0,0,0,1,0,0,0,1,0,0,0,1],"EasingStyle":"Linear","EasingDirection":"In"},"Right Leg":{"Weight":1,"CFrame":[-0.06898319721221924,0,-0.0046569108963012699,0.9909263849258423,-1.7804993035497319e-9,-0.13440585136413575,1.1633720653492219e-8,1,8.662953376870064e-8,0.13440585136413575,-8.160085229746983e-8,0.9909263849258423],"EasingStyle":"Linear","EasingDirection":"In"}}},{"Time":0.01666666753590107,"poses":{"Left Leg":{"Weight":1,"CFrame":[-0.09864063560962677,0.0529208779335022,0.1118769645690918,0.8849368095397949,-0.10118381679058075,0.4545862674713135,0.10246902704238892,0.9944954514503479,0.02188386581838131,-0.45429831743240359,0.027215249836444856,0.8904337882995606],"EasingStyle":"Linear","EasingDirection":"In"},"Right Arm":{"Weight":1,"CFrame":[-0.043666839599609378,-0.5743456482887268,-0.35488051176071169,-0.5113632678985596,-0.5525146722793579,0.6582061648368836,0.533312201499939,-0.8046194911003113,-0.26108527183532717,0.6738588809967041,0.21752017736434937,0.7061156034469605],"EasingStyle":"Linear","EasingDirection":"In"},"Left Arm":{"Weight":1,"CFrame":[0.04792973771691322,-0.5744857788085938,-0.40672749280929568,-0.572475790977478,0.5668856501579285,-0.5923786759376526,-0.5587379336357117,-0.7984786033630371,-0.22415056824684144,-0.6000695824623108,0.20266379415988923,0.7738502621650696],"EasingStyle":"Linear","EasingDirection":"In"},"Head":{"Weight":1,"CFrame":[7.962808012962341e-8,5.122274160385132e-9,-2.980232238769531e-7,0.9999632239341736,0.008488450199365616,0.0012937055435031653,-0.008485659025609494,0.9999617338180542,-0.0021497076377272608,-0.0013119041686877609,0.002138658659532666,0.9999968409538269],"EasingStyle":"Linear","EasingDirection":"In"},"Torso":{"Weight":1,"CFrame":[-0.08711785078048706,-0.025208331644535066,-0.04417061805725098,0.9976478815078735,-0.06749368458986283,0.011969284154474736,0.06792188435792923,0.9968898892402649,-0.03996460512280464,-0.009234700351953507,0.040683578699827197,0.9991294145584106],"EasingStyle":"Linear","EasingDirection":"In"},"HumanoidRootPart":{"Weight":0,"CFrame":[0,0,0,1,0,0,0,1,0,0,0,1],"EasingStyle":"Linear","EasingDirection":"In"},"Right Leg":{"Weight":1,"CFrame":[0.09157633781433106,0.09492087364196778,-0.011927008628845215,0.9996143579483032,0.0270709116011858,0.006195367313921452,-0.027745719999074937,0.9830215573310852,0.18138055503368379,-0.0011800790671259165,-0.1814824342727661,0.9833934307098389],"EasingStyle":"Linear","EasingDirection":"In"}}},{"Time":0.03333333507180214,"poses":{"Left Leg":{"Weight":1,"CFrame":[-0.06271252781152725,0.10684126615524292,0.19063818454742433,0.7824370265007019,-0.05522119253873825,0.6202766299247742,0.0702047124505043,0.9975326657295227,0.0002487264864612371,-0.6187598705291748,0.043351590633392337,0.7843831777572632],"EasingStyle":"Linear","EasingDirection":"In"},"Right Arm":{"Weight":1,"CFrame":[-0.022340744733810426,-0.5397709012031555,-0.29613256454467776,-0.5675697922706604,-0.6144711375236511,0.5479872226715088,0.5653245449066162,-0.7747306227684021,-0.28319689631462099,0.5985589027404785,0.14905670285224915,0.7870893478393555],"EasingStyle":"Linear","EasingDirection":"In"},"Left Arm":{"Weight":1,"CFrame":[0.03810451924800873,-0.5402904748916626,-0.3696827292442322,-0.638239324092865,0.6152598857879639,-0.46271616220474245,-0.601996660232544,-0.7735170722007752,-0.19816924631595612,-0.4798445701599121,0.15207430720329286,0.8640733957290649],"EasingStyle":"Linear","EasingDirection":"In"},"Head":{"Weight":1,"CFrame":[1.0244548320770264e-7,2.2351741790771486e-8,-3.5762786865234377e-7,0.9994906187057495,0.03156483545899391,0.004716421477496624,-0.031526241451501849,0.9994705319404602,-0.00804610550403595,-0.004967899061739445,0.007893331348896027,0.9999565482139587],"EasingStyle":"Linear","EasingDirection":"In"},"Torso":{"Weight":1,"CFrame":[-0.17040587961673737,-0.04937268793582916,-0.08832311630249024,0.9907723665237427,-0.13295739889144898,0.026314781978726388,0.13463729619979859,0.9877985715866089,-0.07827410101890564,-0.015586582012474537,0.08109476417303086,0.9965845346450806],"EasingStyle":"Linear","EasingDirection":"In"},"HumanoidRootPart":{"Weight":0,"CFrame":[0,0,0,1,0,0,0,1,0,0,0,1],"EasingStyle":"Linear","EasingDirection":"In"},"Right Leg":{"Weight":1,"CFrame":[0.02933691442012787,0.14144766330718995,-0.02466452121734619,0.9977529048919678,-0.021721091121435167,0.0633835718035698,0.0033454487565904857,0.9609640836715698,0.27665311098098757,-0.06691852957010269,-0.27581942081451418,0.9588773250579834],"EasingStyle":"Linear","EasingDirection":"In"}}},{"Time":0.05000000074505806,"poses":{"Left Leg":{"Weight":1,"CFrame":[-0.031963229179382327,0.15456509590148927,0.23443186283111573,0.7250145673751831,0.014045452699065209,0.6885903477668762,0.015760933980345727,0.99919193983078,-0.03697560727596283,-0.6885532736778259,0.0376606248319149,0.72420734167099],"EasingStyle":"Linear","EasingDirection":"In"},"Right Arm":{"Weight":1,"CFrame":[0.009087219834327698,-0.4888172447681427,-0.24203801155090333,-0.6323347091674805,-0.6902677416801453,0.3516868054866791,0.619550347328186,-0.7231289148330689,-0.305355042219162,0.46509167551994326,0.024801194667816163,0.8849151730537415],"EasingStyle":"Linear","EasingDirection":"In"},"Left Arm":{"Weight":1,"CFrame":[0.023483023047447206,-0.4898967146873474,-0.31486791372299197,-0.6777685284614563,0.6651704907417297,-0.31333455443382265,-0.6488364934921265,-0.7415342330932617,-0.17069850862026215,-0.3458919823169708,0.0876089408993721,0.9341753721237183],"EasingStyle":"Linear","EasingDirection":"In"},"Head":{"Weight":1,"CFrame":[7.82310962677002e-8,-3.725290298461914e-8,2.384185791015625e-7,0.9977984428405762,0.06563446670770645,0.009518400765955449,-0.06546765565872193,0.997711718082428,-0.016891134902834894,-0.01060525607317686,0.01623077318072319,0.9998120665550232],"EasingStyle":"Linear","EasingDirection":"In"},"Torso":{"Weight":1,"CFrame":[-0.24805083870887757,-0.07173284888267517,-0.1312549114227295,0.9800379276275635,-0.19425751268863679,0.0423065684735775,0.19789162278175355,0.9736046195030212,-0.11372331529855728,-0.01909825950860977,0.11982527375221253,0.992611289024353],"EasingStyle":"Linear","EasingDirection":"In"},"HumanoidRootPart":{"Weight":0,"CFrame":[0,0,0,1,0,0,0,1,0,0,0,1],"EasingStyle":"Linear","EasingDirection":"In"},"Right Leg":{"Weight":1,"CFrame":[0.032889872789382938,0.16129249334335328,-0.031640827655792239,0.9973136186599731,-0.0206659734249115,0.07027570903301239,-0.0025762964505702259,0.9488881230354309,0.31560221314430239,-0.07320591062307358,-0.3149352967739105,0.9462857246398926],"EasingStyle":"Linear","EasingDirection":"In"}}},{"Time":0.06666667014360428,"poses":{"Left Leg":{"Weight":1,"CFrame":[-0.01733599603176117,0.19560366868972779,0.2528688907623291,0.7042069435119629,0.0861237570643425,0.7047518491744995,-0.049110572785139087,0.9961469173431397,-0.07266134768724442,-0.7082942724227905,0.016558188945055009,0.7057231664657593],"EasingStyle":"Linear","EasingDirection":"In"},"Right Arm":{"Weight":1,"CFrame":[0.04724964499473572,-0.42694589495658877,-0.19223713874816895,-0.6668461561203003,-0.7419570088386536,0.06939979642629624,0.6929038166999817,-0.6516286730766296,-0.30864885449409487,0.27422717213630679,-0.1577340066432953,0.9486410021781921],"EasingStyle":"Linear","EasingDirection":"In"},"Left Arm":{"Weight":1,"CFrame":[0.005500391125679016,-0.42870524525642397,-0.2479497790336609,-0.688181459903717,0.7091501951217651,-0.1533384770154953,-0.6955316066741943,-0.7049691081047058,-0.138759046792984,-0.20649996399879456,0.011160342022776604,0.9783830642700195],"EasingStyle":"Linear","EasingDirection":"In"},"Head":{"Weight":1,"CFrame":[9.313225746154785e-8,7.450580596923828e-9,0,0.9941444396972656,0.10702112317085266,0.014947891235351563,-0.10657747089862824,0.9939140677452087,-0.02786007709801197,-0.017838528379797937,0.026103822514414789,0.9995000958442688],"EasingStyle":"Linear","EasingDirection":"In"},"Torso":{"Weight":1,"CFrame":[-0.3184853792190552,-0.09168267250061035,-0.17171216011047364,0.9665504097938538,-0.24959716200828553,0.059004541486501697,0.25568661093711855,0.9557706713676453,-0.14535120129585267,-0.02011556550860405,0.1555759459733963,0.9876191020011902],"EasingStyle":"Linear","EasingDirection":"In"},"HumanoidRootPart":{"Weight":0,"CFrame":[0,0,0,1,0,0,0,1,0,0,0,1],"EasingStyle":"Linear","EasingDirection":"In"},"Right Leg":{"Weight":1,"CFrame":[0.25659194588661196,0.1685502529144287,-0.04618215560913086,0.9940340518951416,0.09651486575603485,0.05080743134021759,-0.10778636485338211,0.9405186176300049,0.32219067215919497,-0.016689348965883256,-0.32574474811553957,0.9453104734420776],"EasingStyle":"Linear","EasingDirection":"In"}}},{"Time":0.0833333358168602,"poses":{"Left Leg":{"Weight":1,"CFrame":[-0.013011574745178223,0.22941255569458009,0.25395357608795168,0.7026494145393372,0.15421847999095918,0.694622814655304,-0.11809651553630829,0.9879657626152039,-0.09988382458686829,-0.701667308807373,-0.011849629692733288,0.7124061584472656],"EasingStyle":"Linear","EasingDirection":"In"},"Right Arm":{"Weight":1,"CFrame":[0.08877959847450257,-0.3596150875091553,-0.14685583114624024,-0.6328628659248352,-0.7296249270439148,-0.2590990662574768,0.7724156975746155,-0.571844220161438,-0.2763470411300659,0.0534653477370739,-0.37502211332321169,0.9254728555679321],"EasingStyle":"Linear","EasingDirection":"In"},"Left Arm":{"Weight":1,"CFrame":[-0.014408454298973084,-0.36211398243904116,-0.17459499835968018,-0.6710017323493958,0.7414207458496094,0.007239094935357571,-0.7381490468978882,-0.6670560836791992,-0.10085558891296387,-0.06994762271642685,-0.07301776856184006,0.9948747754096985],"EasingStyle":"Linear","EasingDirection":"In"},"Head":{"Weight":1,"CFrame":[7.450580596923828e-8,-2.2351741790771486e-8,3.5762786865234377e-7,0.9881786108016968,0.15195201337337495,0.02033734694123268,-0.15105625987052918,0.9877135753631592,-0.040049031376838687,-0.026172997429966928,0.03650352731347084,0.9989907741546631],"EasingStyle":"Linear","EasingDirection":"In"},"Torso":{"Weight":1,"CFrame":[-0.38037315011024477,-0.10880047082901001,-0.2084510326385498,0.9517039060592651,-0.2976231276988983,0.07536675035953522,0.3064153492450714,0.9361394643783569,-0.17248931527137757,-0.019216975197196008,0.18725226819515229,0.9821239709854126],"EasingStyle":"Linear","EasingDirection":"In"},"HumanoidRootPart":{"Weight":0,"CFrame":[0,0,0,1,0,0,0,1,0,0,0,1],"EasingStyle":"Linear","EasingDirection":"In"},"Right Leg":{"Weight":1,"CFrame":[0.41586729884147646,0.17602330446243287,-0.043816566467285159,0.9834790825843811,0.17993809282779694,0.019777264446020128,-0.17710436880588532,0.9338297843933106,0.3107990026473999,0.037456072866916659,-0.3091670274734497,0.950269877910614],"EasingStyle":"Linear","EasingDirection":"In"}}},{"Time":0.10000000149011612,"poses":{"Left Leg":{"Weight":1,"CFrame":[-0.012067049741744995,0.2547670602798462,0.24419176578521729,0.7073822021484375,0.215336412191391,0.6732316613197327,-0.18504761159420014,0.975663423538208,-0.11763672530651093,-0.682178795337677,-0.04136570170521736,0.7300142645835877],"EasingStyle":"Linear","EasingDirection":"In"},"Right Arm":{"Weight":1,"CFrame":[0.13030928373336793,-0.29228514432907107,-0.10632526874542237,-0.5242726802825928,-0.642528772354126,-0.5588335990905762,0.8388442993164063,-0.502625584602356,-0.2090633064508438,-0.14655500650405885,-0.5783807039260864,0.8024945855140686],"EasingStyle":"Linear","EasingDirection":"In"},"Left Arm":{"Weight":1,"CFrame":[-0.03480835258960724,-0.29552340507507326,-0.10047078132629395,-0.6314979791641235,0.7588834166526794,0.15908029675483704,-0.7732791304588318,-0.6314752697944641,-0.05725417286157608,0.057006072252988818,-0.1591694951057434,0.9856041669845581],"EasingStyle":"Linear","EasingDirection":"In"},"Head":{"Weight":1,"CFrame":[1.1175870895385742e-7,-7.450580596923828e-9,-1.1920928955078126e-7,0.9801556468009949,0.1966254860162735,0.025167526677250863,-0.19512183964252473,0.9793749451637268,-0.05246177688241005,-0.03496379777789116,0.04650995880365372,0.9983057975769043],"EasingStyle":"Linear","EasingDirection":"In"},"Torso":{"Weight":1,"CFrame":[-0.43258780241012576,-0.1228448748588562,-0.24030160903930665,0.9369986057281494,-0.3374442756175995,0.09036007523536682,0.34891360998153689,0.9166950583457947,-0.19475491344928742,-0.0171137023717165,0.21401292085647584,0.9766809940338135],"EasingStyle":"Linear","EasingDirection":"In"},"HumanoidRootPart":{"Weight":0,"CFrame":[0,0,0,1,0,0,0,1,0,0,0,1],"EasingStyle":"Linear","EasingDirection":"In"},"Right Leg":{"Weight":1,"CFrame":[0.523533821105957,0.18531584739685059,-0.0298994779586792,0.9720063209533691,0.23457233607769013,-0.01339841727167368,-0.22066384553909303,0.9309847950935364,0.29081737995147707,0.08069133758544922,-0.2797197699546814,0.9566847085952759],"EasingStyle":"Linear","EasingDirection":"In"}}},{"Time":0.11666666716337204,"poses":{"Left Leg":{"Weight":1,"CFrame":[-0.0107298344373703,0.27133476734161379,0.22970354557037354,0.7116249203681946,0.2668933570384979,0.6498907804489136,-0.24386735260486604,0.9613549113273621,-0.12777048349380494,-0.6588768362998962,-0.06756259500980377,0.749210774898529],"EasingStyle":"Linear","EasingDirection":"In"},"Right Arm":{"Weight":1,"CFrame":[0.16847184300422669,-0.23041388392448426,-0.07139134407043457,-0.3774970769882202,-0.5125483274459839,-0.7712266445159912,0.8804063200950623,-0.4567989408969879,-0.12735433876514436,-0.2870202660560608,-0.7270687818527222,0.6236910223960877],"EasingStyle":"Linear","EasingDirection":"In"},"Left Arm":{"Weight":1,"CFrame":[-0.05426447093486786,-0.23433205485343934,-0.03124368190765381,-0.5773009061813355,0.7613441944122315,0.29509174823760989,-0.7985954284667969,-0.6017898321151733,-0.009693739004433155,0.1702030599117279,-0.24125531315803529,0.9554198384284973],"EasingStyle":"Linear","EasingDirection":"In"},"Head":{"Weight":1,"CFrame":[1.6763806343078614e-7,-8.940696716308594e-8,-2.384185791015625e-7,0.970994770526886,0.23732323944568635,0.029100023210048677,-0.2351253628730774,0.9698538184165955,-0.06402979791164398,-0.0434185191988945,0.05533047020435333,0.9975236058235169],"EasingStyle":"Linear","EasingDirection":"In"},"Torso":{"Weight":1,"CFrame":[-0.47419801354408266,-0.13372129201889039,-0.26622939109802248,0.9238697290420532,-0.3685714900493622,0.1030532568693161,0.3824309706687927,0.8993350863456726,-0.2119981348514557,-0.014542940072715283,0.23526939749717713,0.9718214869499207],"EasingStyle":"Linear","EasingDirection":"In"},"HumanoidRootPart":{"Weight":0,"CFrame":[0,0,0,1,0,0,0,1,0,0,0,1],"EasingStyle":"Linear","EasingDirection":"In"},"Right Leg":{"Weight":1,"CFrame":[0.5963739156723023,0.19537174701690675,-0.011716783046722412,0.9620415568351746,0.2695215940475464,-0.04282606020569801,-0.24869553744792939,0.930457353591919,0.26907235383987429,0.1123686134815216,-0.24820834398269654,0.9621674418449402],"EasingStyle":"Linear","EasingDirection":"In"}}},{"Time":0.13333334028720857,"poses":{"Left Leg":{"Weight":1,"CFrame":[-0.008396908640861512,0.2804727554321289,0.21580791473388673,0.7134166359901428,0.30615314841270449,0.6303227543830872,-0.28935232758522036,0.9479478597640991,-0.1329294592142105,-0.6382100582122803,-0.08755141496658325,0.7648679614067078],"EasingStyle":"Linear","EasingDirection":"In"},"Right Arm":{"Weight":1,"CFrame":[0.19989973306655885,-0.1794602870941162,-0.04322957992553711,-0.2412240356206894,-0.38688310980796816,-0.8900183439254761,0.8993773460388184,-0.43366771936416628,-0.05524881184101105,-0.3645975589752197,-0.8137897253036499,0.45256495475769045],"EasingStyle":"Linear","EasingDirection":"In"},"Left Arm":{"Weight":1,"CFrame":[-0.07134145498275757,-0.1839384138584137,0.027418971061706544,-0.5168195366859436,0.7509641647338867,0.41103625297546389,-0.8129903674125671,-0.5809565186500549,0.03918961063027382,0.26822420954704287,-0.3139147162437439,0.9107763767242432],"EasingStyle":"Linear","EasingDirection":"In"},"Head":{"Weight":1,"CFrame":[6.705522537231445e-8,-5.960464477539063e-8,4.76837158203125e-7,0.9621883630752564,0.27050280570983889,0.03196801245212555,-0.2676377296447754,0.9607008695602417,-0.07364871352910996,-0.05063389241695404,0.062308114022016528,0.9967718124389648],"EasingStyle":"Linear","EasingDirection":"In"},"Torso":{"Weight":1,"CFrame":[-0.5044644474983215,-0.1414327621459961,-0.2853837013244629,0.9135489463806152,-0.3908082842826843,0.1126818060874939,0.40654659271240237,0.8856882452964783,-0.22422358393669129,-0.012172522954642773,0.250649631023407,0.9680013656616211],"EasingStyle":"Linear","EasingDirection":"In"},"HumanoidRootPart":{"Weight":0,"CFrame":[0,0,0,1,0,0,0,1,0,0,0,1],"EasingStyle":"Linear","EasingDirection":"In"},"Right Leg":{"Weight":1,"CFrame":[0.6423723101615906,0.2041550874710083,0.004974722862243652,0.954755425453186,0.2901631295681,-0.0651717260479927,-0.26581427454948428,0.9309046864509583,0.25051838159561159,0.13335992395877839,-0.22186022996902467,0.9659156799316406],"EasingStyle":"Linear","EasingDirection":"In"}}},{"Time":0.15000000596046449,"poses":{"Left Leg":{"Weight":1,"CFrame":[-0.005967080593109131,0.28434401750564577,0.20604312419891358,0.7134443521499634,0.3308456242084503,0.6176880598068237,-0.3180401623249054,0.9383776783943176,-0.13526910543441773,-0.6243777871131897,-0.09994290769100189,0.7747024297714233],"EasingStyle":"Linear","EasingDirection":"In"},"Right Arm":{"Weight":1,"CFrame":[0.22122573852539063,-0.14488548040390016,-0.02372187376022339,-0.14805959165096284,-0.2991533875465393,-0.94264817237854,0.9051952958106995,-0.42493242025375368,-0.007322640158236027,-0.39837145805358889,-0.8543651103973389,0.33370763063430788],"EasingStyle":"Linear","EasingDirection":"In"},"Left Arm":{"Weight":1,"CFrame":[-0.08460430800914765,-0.14974313974380494,0.06985068321228028,-0.45816171169281008,0.7313740849494934,0.5051535367965698,-0.8163550496101379,-0.5710548162460327,0.0863742008805275,0.35164234042167666,-0.3728114664554596,0.8586964011192322],"EasingStyle":"Linear","EasingDirection":"In"},"Head":{"Weight":1,"CFrame":[1.341104507446289e-7,5.960464477539063e-8,0,0.9555755853652954,0.29281085729599,0.033721547573804858,-0.2894446849822998,0.953827977180481,-0.0802130177617073,-0.05565180256962776,0.06688906252384186,0.9962071776390076],"EasingStyle":"Linear","EasingDirection":"In"},"Torso":{"Weight":1,"CFrame":[-0.5228456854820252,-0.1460268497467041,-0.2971346378326416,0.9069703817367554,-0.4041271209716797,0.11868534237146378,0.42106306552886965,0.8769895434379578,-0.23150688409805299,-0.01052758190780878,0.2599439024925232,0.9655663371086121],"EasingStyle":"Linear","EasingDirection":"In"},"HumanoidRootPart":{"Weight":0,"CFrame":[0,0,0,1,0,0,0,1,0,0,0,1],"EasingStyle":"Linear","EasingDirection":"In"},"Right Leg":{"Weight":1,"CFrame":[0.6676046252250671,0.2100626826286316,0.016316771507263185,0.9504115581512451,0.3008230924606323,-0.0788874551653862,-0.2750299572944641,0.931424081325531,0.23834428191184998,0.14517708122730256,-0.20482881367206574,0.9679714441299439],"EasingStyle":"Linear","EasingDirection":"In"}}},{"Time":0.1666666716337204,"poses":{"Left Leg":{"Weight":1,"CFrame":[-0.004932373762130737,0.2853049039840698,0.20256412029266358,0.7132110595703125,0.33927977085113528,0.6133670806884766,-0.327825129032135,0.9349057674407959,-0.13594794273376466,-0.6195648908615112,-0.10411772131919861,0.7780096530914307],"EasingStyle":"Linear","EasingDirection":"In"},"Right Arm":{"Weight":1,"CFrame":[0.2290828824043274,-0.13214722275733949,-0.01609635353088379,-0.11436910182237625,-0.2671211063861847,-0.95685213804245,0.9060911536216736,-0.42296910285949709,0.009777101688086987,-0.40733087062835696,-0.8658772706985474,0.2904109060764313],"EasingStyle":"Linear","EasingDirection":"In"},"Left Arm":{"Weight":1,"CFrame":[-0.0926184207201004,-0.13714507222175599,0.09038448333740235,-0.4090510308742523,0.7069730758666992,0.5769457817077637,-0.8092653155326843,-0.5731919407844544,0.12860938906669618,0.42162418365478518,-0.41429468989372256,0.8065935969352722],"EasingStyle":"Linear","EasingDirection":"In"},"Head":{"Weight":1,"CFrame":[1.1548399925231934e-7,-8.940696716308594e-8,0,0.9530113339424133,0.300983190536499,0.03432813659310341,-0.2974227964878082,0.9511628150939941,-0.08263767510652542,-0.057524174451828,0.06854470819234848,0.9959882497787476],"EasingStyle":"Linear","EasingDirection":"In"},"Torso":{"Weight":1,"CFrame":[-0.5290100574493408,-0.14755171537399293,-0.30109477043151858,0.9047122597694397,-0.4085603654384613,0.1207243800163269,0.4259073734283447,0.8740037083625794,-0.23392444849014283,-0.009941291995346547,0.26305168867111208,0.9647306203842163],"EasingStyle":"Linear","EasingDirection":"In"},"HumanoidRootPart":{"Weight":0,"CFrame":[0,0,0,1,0,0,0,1,0,0,0,1],"EasingStyle":"Linear","EasingDirection":"In"},"Right Leg":{"Weight":1,"CFrame":[0.6755719184875488,0.21212613582611085,0.02029240131378174,0.9489853382110596,0.3040684461593628,-0.08348079770803452,-0.2779117822647095,0.9316340088844299,0.2341439127922058,0.14896932244300843,-0.1989988535642624,0.9686111211776733],"EasingStyle":"Linear","EasingDirection":"In"}}},{"Time":0.18333333730697633,"poses":{"Left Leg":{"Weight":1,"CFrame":[-0.005460038781166077,0.28450101613998415,0.20520174503326417,0.7133408784866333,0.3303769528865814,0.6180580258369446,-0.31858301162719729,0.9383885860443115,-0.13390903174877168,-0.6242192387580872,-0.10137990117073059,0.7746435403823853],"EasingStyle":"Linear","EasingDirection":"In"},"Right Arm":{"Weight":1,"CFrame":[0.22268640995025636,-0.14488530158996583,-0.02556908130645752,-0.13483527302742005,-0.2570660710334778,-0.9569412469863892,0.8832100033760071,-0.46897485852241518,0.001536026829853654,-0.4491764307022095,-0.8449732065200806,0.29027774930000307],"EasingStyle":"Linear","EasingDirection":"In"},"Left Arm":{"Weight":1,"CFrame":[-0.09661261737346649,-0.13859185576438905,0.09664380550384522,-0.40099599957466128,0.6609824895858765,0.6342748999595642,-0.7729032635688782,-0.6157829165458679,0.15307365357875825,0.4917547404766083,-0.42885130643844607,0.7578020095825195],"EasingStyle":"Linear","EasingDirection":"In"},"Head":{"Weight":1,"CFrame":[1.2665987014770509e-7,8.940696716308594e-8,0,0.9531016945838928,0.300697386264801,0.03432686999440193,-0.29714974761009219,0.9512664675712586,-0.0824272632598877,-0.057439666241407397,0.06836134940385819,0.9960057735443115],"EasingStyle":"Linear","EasingDirection":"In"},"Torso":{"Weight":1,"CFrame":[-0.5247046947479248,-0.14540231227874757,-0.2969691753387451,0.9069579243659973,-0.40421628952026369,0.11847653985023499,0.4210841953754425,0.8772400617599487,-0.2305169403553009,-0.010753670707345009,0.25895771384239199,0.9658288955688477],"EasingStyle":"Linear","EasingDirection":"In"},"HumanoidRootPart":{"Weight":0,"CFrame":[0,0,0,1,0,0,0,1,0,0,0,1],"EasingStyle":"Linear","EasingDirection":"In"},"Right Leg":{"Weight":1,"CFrame":[0.6689948439598084,0.20904481410980225,0.016312360763549806,0.9500601291656494,0.3020937442779541,-0.07826187461614609,-0.27655071020126345,0.9312224984169006,0.23736998438835145,0.14458732306957246,-0.20387253165245057,0.9682615995407105],"EasingStyle":"Linear","EasingDirection":"In"}}},{"Time":0.20000000298023225,"poses":{"Left Leg":{"Weight":1,"CFrame":[-0.0063342005014419559,0.28123432397842409,0.21257126331329347,0.7128764986991882,0.3041806221008301,0.6318867802619934,-0.29141300916671755,0.9480473399162293,-0.127611443400383,-0.6378758549690247,-0.09316908568143845,0.7644830942153931],"EasingStyle":"Linear","EasingDirection":"In"},"Right Arm":{"Weight":1,"CFrame":[0.20509347319602967,-0.17946061491966248,-0.050242841243743899,-0.1882697492837906,-0.23430678248405457,-0.9537583589553833,0.8143657445907593,-0.5800648927688599,-0.018250904977321626,-0.5489655137062073,-0.7801443338394165,0.3000198006629944],"EasingStyle":"Linear","EasingDirection":"In"},"Left Arm":{"Weight":1,"CFrame":[-0.09903553128242493,-0.14619600772857667,0.10044026374816895,-0.43738192319869997,0.5821341276168823,0.6854321360588074,-0.6957329511642456,-0.7019826769828796,0.15223552286624909,0.5697829723358154,-0.41029292345046999,0.7120444774627686],"EasingStyle":"Linear","EasingDirection":"In"},"Head":{"Weight":1,"CFrame":[1.6391277313232423e-7,0,1.1920928955078126e-7,0.9532818794250488,0.3001258373260498,0.034324198961257938,-0.29660362005233767,0.9514732956886292,-0.08200644701719284,-0.05727079510688782,0.06799457222223282,0.9960406422615051],"EasingStyle":"Linear","EasingDirection":"In"},"Torso":{"Weight":1,"CFrame":[-0.5118387937545776,-0.13893485069274903,-0.28475189208984377,0.9135050773620606,-0.3911423087120056,0.11187683045864105,0.40661856532096865,0.8866485357284546,-0.22026345133781434,-0.013041065074503422,0.24670293927192689,0.9690034985542297],"EasingStyle":"Linear","EasingDirection":"In"},"HumanoidRootPart":{"Weight":0,"CFrame":[0,0,0,1,0,0,0,1,0,0,0,1],"EasingStyle":"Linear","EasingDirection":"In"},"Right Leg":{"Weight":1,"CFrame":[0.6480334401130676,0.20017564296722413,0.0048754215240478519,0.9533213973045349,0.29539984464645388,-0.06258774548768997,-0.27200746536254885,0.9301145672798157,0.24677717685699464,0.13111186027526856,-0.21823358535766602,0.9670490026473999],"EasingStyle":"Linear","EasingDirection":"In"}}},{"Time":0.21666666865348817,"poses":{"Left Leg":{"Weight":1,"CFrame":[-0.005509719252586365,0.27330297231674197,0.22298860549926759,0.7095367908477783,0.2622471749782562,0.654052197933197,-0.24804887175559998,0.961715042591095,-0.11651484668254852,-0.6595675945281982,-0.07956583797931671,0.7474222779273987],"EasingStyle":"Linear","EasingDirection":"In"},"Right Arm":{"Weight":1,"CFrame":[0.1786976456642151,-0.2304137647151947,-0.08595538139343262,-0.26409071683883669,-0.21030153334140778,-0.941291332244873,0.7012681365013123,-0.711899995803833,-0.03769795596599579,-0.6621776819229126,-0.6700534820556641,0.33548420667648318],"EasingStyle":"Linear","EasingDirection":"In"},"Left Arm":{"Weight":1,"CFrame":[-0.10027962923049927,-0.1648518145084381,0.10238993167877197,-0.486919105052948,0.4858779311180115,0.7258322834968567,-0.5922318696975708,-0.7944587469100952,0.1345227062702179,0.6420056819915772,-0.36435964703559878,0.6745896935462952],"EasingStyle":"Linear","EasingDirection":"In"},"Head":{"Weight":1,"CFrame":[9.685754776000977e-8,1.4901161193847657e-8,-2.980232238769531e-7,0.953641414642334,0.298982173204422,0.03431807458400726,-0.29551076889038088,0.9518853425979614,-0.08116461336612702,-0.05693364143371582,0.06726063042879105,0.9961097836494446],"EasingStyle":"Linear","EasingDirection":"In"},"Torso":{"Weight":1,"CFrame":[-0.4905601441860199,-0.12810546159744264,-0.26491880416870119,0.9237895011901856,-0.36924266815185549,0.10135576128959656,0.3825511634349823,0.9013363122940064,-0.20309486985206605,-0.01636434718966484,0.22639064490795136,0.9738991260528565],"EasingStyle":"Linear","EasingDirection":"In"},"HumanoidRootPart":{"Weight":0,"CFrame":[0,0,0,1,0,0,0,1,0,0,0,1],"EasingStyle":"Linear","EasingDirection":"In"},"Right Leg":{"Weight":1,"CFrame":[0.6092371940612793,0.18681073188781739,-0.012411117553710938,0.9587830305099487,0.28178632259368899,-0.03648493438959122,-0.26298582553863528,0.9286750555038452,0.2615365982055664,0.10758016258478165,-0.2411620318889618,0.9645037651062012],"EasingStyle":"Linear","EasingDirection":"In"}}},{"Time":0.23333333432674409,"poses":{"Left Leg":{"Weight":1,"CFrame":[0.00012364983558654785,0.25812917947769167,0.23349618911743165,0.7003603577613831,0.2071727216243744,0.6830630302429199,-0.19150613248348237,0.9764055609703064,-0.09978742152452469,-0.6876196265220642,-0.06092380732297897,0.7235104441642761],"EasingStyle":"Linear","EasingDirection":"In"},"Right Arm":{"Weight":1,"CFrame":[0.1458921730518341,-0.2922852635383606,-0.12971919775009156,-0.3549816608428955,-0.20460857450962068,-0.9122079610824585,0.5706722140312195,-0.8202942609786987,-0.03808220848441124,-0.7404872179031372,-0.534090518951416,0.4079539179801941],"EasingStyle":"Linear","EasingDirection":"In"},"Left Arm":{"Weight":1,"CFrame":[-0.10073798149824143,-0.1994526982307434,0.10310828685760498,-0.525649905204773,0.40131908655166628,0.7500901818275452,-0.49257928133010867,-0.8624677658081055,0.11625328660011292,0.6935833096504211,-0.30837059020996096,0.6510376334190369],"EasingStyle":"Linear","EasingDirection":"In"},"Head":{"Weight":1,"CFrame":[1.564621925354004e-7,1.4901161193847657e-8,-5.960464477539063e-7,0.9543566107749939,0.2966930866241455,0.03430277854204178,-0.29332253336906435,0.9527039527893066,-0.07948052138090134,-0.05626169219613075,0.06579097360372544,0.9962460398674011],"EasingStyle":"Linear","EasingDirection":"In"},"Torso":{"Weight":1,"CFrame":[-0.4611082673072815,-0.11288833618164063,-0.23824262619018556,0.9368945956230164,-0.33845338225364687,0.08762320131063461,0.3490378260612488,0.9198599457740784,-0.1789701133966446,-0.020028026774525644,0.19825994968414308,0.9799448251724243],"EasingStyle":"Linear","EasingDirection":"In"},"HumanoidRootPart":{"Weight":0,"CFrame":[0,0,0,1,0,0,0,1,0,0,0,1],"EasingStyle":"Linear","EasingDirection":"In"},"Right Leg":{"Weight":1,"CFrame":[0.544925332069397,0.17129945755004884,-0.03243070840835571,0.9665073156356812,0.2566390633583069,-0.00022050741245038807,-0.24629653990268708,0.9277980327606201,0.2802301049232483,0.07212260365486145,-0.2707899212837219,0.9599329233169556],"EasingStyle":"Linear","EasingDirection":"In"}}},{"Time":0.25,"poses":{"Left Leg":{"Weight":1,"CFrame":[0.014313280582427979,0.23390525579452516,0.2396317720413208,0.6827289462089539,0.1425558626651764,0.7166302800178528,-0.1262013018131256,0.9890493154525757,-0.07651542127132416,-0.7196905612945557,-0.038200508803129199,0.6932433843612671],"EasingStyle":"Linear","EasingDirection":"In"},"Right Arm":{"Weight":1,"CFrame":[0.10907015204429627,-0.35961589217185976,-0.17915064096450807,-0.45616957545280459,-0.24822676181793214,-0.8545718193054199,0.482770174741745,-0.8757405877113342,-0.0033265692181885244,-0.7475576400756836,-0.414079487323761,0.5193226933479309],"EasingStyle":"Linear","EasingDirection":"In"},"Left Arm":{"Weight":1,"CFrame":[-0.10080362856388092,-0.25489264726638796,0.10321080684661865,-0.5403999090194702,0.37020736932754519,0.7555888891220093,-0.4423201084136963,-0.8889034986495972,0.11917701363563538,0.7157659530639648,-0.26980915665626528,0.6441137194633484],"EasingStyle":"Linear","EasingDirection":"In"},"Head":{"Weight":1,"CFrame":[8.940696716308594e-8,-5.21540641784668e-8,-3.5762786865234377e-7,0.9557713866233826,0.2921084463596344,0.034259963780641559,-0.288936048746109,0.9543181657791138,-0.07611055672168732,-0.05492744222283363,0.06284531950950623,0.9965107440948486],"EasingStyle":"Linear","EasingDirection":"In"},"Torso":{"Weight":1,"CFrame":[-0.42381244897842409,-0.09333893656730652,-0.20575857162475587,0.9515998959541321,-0.2988722026348114,0.0716450959444046,0.30646705627441409,0.9403088688850403,-0.14797700941562653,-0.02314230613410473,0.16277176141738892,0.9863923192024231],"EasingStyle":"Linear","EasingDirection":"In"},"HumanoidRootPart":{"Weight":0,"CFrame":[0,0,0,1,0,0,0,1,0,0,0,1],"EasingStyle":"Linear","EasingDirection":"In"},"Right Leg":{"Weight":1,"CFrame":[0.4381544291973114,0.15789037942886353,-0.049519896507263187,0.9765498638153076,0.21044208109378816,0.045437291264534,-0.21425491571426392,0.9292721152305603,0.3009123206138611,0.021101010963320733,-0.30359119176864626,0.952568769454956],"EasingStyle":"Linear","EasingDirection":"In"}}},{"Time":0.2666666805744171,"poses":{"Left Leg":{"Weight":1,"CFrame":[0.04092217981815338,0.2005321979522705,0.2350749969482422,0.6555114388465881,0.07288587093353272,0.7516600489616394,-0.05806147679686546,0.9972496628761292,-0.0460650734603405,-0.7529500722885132,-0.01344657875597477,0.657940149307251],"EasingStyle":"Linear","EasingDirection":"In"},"Right Arm":{"Weight":1,"CFrame":[0.07062458992004395,-0.4269460141658783,-0.2321111559867859,-0.6265518069267273,-0.3640281558036804,-0.6891416907310486,0.48234298825263979,-0.8756531476974487,0.02401452697813511,-0.6121912002563477,-0.31735658645629885,0.7242286205291748],"EasingStyle":"Linear","EasingDirection":"In"},"Left Arm":{"Weight":1,"CFrame":[-0.09318453073501587,-0.3326342701911926,0.05760836601257324,-0.6234819293022156,0.42118629813194277,0.6586900949478149,-0.4684164226055145,-0.8757773041725159,0.11661949008703232,0.625984251499176,-0.23583127558231355,0.7433218359947205],"EasingStyle":"Linear","EasingDirection":"In"},"Head":{"Weight":1,"CFrame":[1.0058283805847168e-7,-1.4901161193847657e-8,-1.7881393432617188e-7,0.9585384130477905,0.2829129099845886,0.034125640988349918,-0.28012365102767947,0.9574546813964844,-0.06936383247375488,-0.052297674119472507,0.05692846328020096,0.9970076680183411],"EasingStyle":"Linear","EasingDirection":"In"},"Torso":{"Weight":1,"CFrame":[-0.37910181283950808,-0.06966713070869446,-0.16870832443237306,0.9664703011512756,-0.2509084641933441,0.05459039285778999,0.2555858790874481,0.9604566693305969,-0.11044837534427643,-0.024719277396798135,0.12069760262966156,0.9923815131187439],"EasingStyle":"Linear","EasingDirection":"In"},"HumanoidRootPart":{"Weight":0,"CFrame":[0,0,0,1,0,0,0,1,0,0,0,1],"EasingStyle":"Linear","EasingDirection":"In"},"Right Leg":{"Weight":1,"CFrame":[0.20914089679718018,0.15738248825073243,-0.0485876202583313,0.989877462387085,0.10173693299293518,0.09895641356706619,-0.12854410707950593,0.9382264018058777,0.3212593197822571,-0.06015946343541145,-0.33072778582572939,0.9418067932128906],"EasingStyle":"Linear","EasingDirection":"In"}}},{"Time":0.28333333134651186,"poses":{"Left Leg":{"Weight":1,"CFrame":[0.08332155644893646,0.16027206182479859,0.21136081218719483,0.6202148199081421,0.0032579286489635708,0.7844251394271851,0.0055741132237017159,0.9999479055404663,-0.008560284040868283,-0.7844122052192688,0.009681635536253453,0.6201644539833069],"EasingStyle":"Linear","EasingDirection":"In"},"Right Arm":{"Weight":1,"CFrame":[0.03294867277145386,-0.4888177812099457,-0.28638696670532229,-0.7995298504829407,-0.5002648830413818,-0.3323960304260254,0.5328325033187866,-0.8461816906929016,-0.008124559186398983,-0.27720311284065249,-0.18360739946365357,0.9431049227714539],"EasingStyle":"Linear","EasingDirection":"In"},"Left Arm":{"Weight":1,"CFrame":[-0.07435749471187592,-0.42041724920272829,-0.047557175159454349,-0.7621593475341797,0.5141085386276245,0.3934537172317505,-0.5342500805854797,-0.8427258729934692,0.06625629961490631,0.36563658714294436,-0.15970492362976075,0.9169539213180542],"EasingStyle":"Linear","EasingDirection":"In"},"Head":{"Weight":1,"CFrame":[9.872019290924072e-8,0,-2.980232238769531e-7,0.9638189077377319,0.26442429423332217,0.03366130590438843,-0.26234686374664309,0.9633562564849854,-0.05584821105003357,-0.04719546064734459,0.04499661922454834,0.9978716969490051],"EasingStyle":"Linear","EasingDirection":"In"},"Torso":{"Weight":1,"CFrame":[-0.3275349736213684,-0.0423031747341156,-0.1284646987915039,0.9799935221672058,-0.19541867077350617,0.03773897513747215,0.19760097563266755,0.977985680103302,-0.06706631928682327,-0.02380216307938099,0.07318182289600373,0.9970345497131348],"EasingStyle":"Linear","EasingDirection":"In"},"HumanoidRootPart":{"Weight":0,"CFrame":[0,0,0,1,0,0,0,1,0,0,0,1],"EasingStyle":"Linear","EasingDirection":"In"},"Right Leg":{"Weight":1,"CFrame":[0.07870911061763764,0.1732967495918274,-0.0415613055229187,0.9866124987602234,0.04096389561891556,0.15785405039787293,-0.09308145940303803,0.9362369775772095,0.33881598711013796,-0.1339094042778015,-0.3489733934402466,0.927515983581543],"EasingStyle":"Linear","EasingDirection":"In"}}},{"Time":0.30000001192092898,"poses":{"Left Leg":{"Weight":1,"CFrame":[0.14474059641361237,0.11785787343978882,0.15671539306640626,0.5819634199142456,-0.06060091406106949,0.8109538555145264,0.05563586205244064,0.9978500008583069,0.034641459584236148,-0.8113096356391907,0.024958137422800065,0.5840837955474854],"EasingStyle":"Linear","EasingDirection":"In"},"Right Arm":{"Weight":1,"CFrame":[-0.0015641450881958008,-0.5397704839706421,-0.3392597436904907,-0.8041151165962219,-0.579410970211029,0.1329750418663025,0.5706332325935364,-0.8150202035903931,-0.10059594362974167,0.1666637659072876,-0.005010718479752541,0.9860011339187622],"EasingStyle":"Linear","EasingDirection":"In"},"Left Arm":{"Weight":1,"CFrame":[-0.04940317943692207,-0.5025478005409241,-0.18195241689682008,-0.8092500567436218,0.5873717665672302,-0.010446816682815552,-0.5866149663925171,-0.8089079856872559,-0.03937845677137375,-0.03158028796315193,-0.025738773867487909,0.9991697669029236],"EasingStyle":"Linear","EasingDirection":"In"},"Head":{"Weight":1,"CFrame":[5.774199962615967e-8,1.862645149230957e-9,-5.960464477539063e-8,0.973345935344696,0.2271062433719635,0.03194708004593849,-0.22623266279697419,0.9736484885215759,-0.02876623161137104,-0.03763822093605995,0.020772021263837816,0.9990755915641785],"EasingStyle":"Linear","EasingDirection":"In"},"Torso":{"Weight":1,"CFrame":[-0.2698485255241394,-0.01193428784608841,-0.08643913269042969,0.9907585382461548,-0.13378317654132844,0.022350754588842393,0.13421182334423066,0.9907721281051636,-0.018920304253697397,-0.01961328461766243,0.021745190024375917,0.9995711445808411],"EasingStyle":"Linear","EasingDirection":"In"},"HumanoidRootPart":{"Weight":0,"CFrame":[0,0,0,1,0,0,0,1,0,0,0,1],"EasingStyle":"Linear","EasingDirection":"In"},"Right Leg":{"Weight":1,"CFrame":[0.11020290851593018,0.17967844009399415,-0.050524890422821048,0.973966658115387,0.05986998602747917,0.21864259243011475,-0.13579969108104707,0.9263737797737122,0.3512691855430603,-0.18151427805423737,-0.37181591987609866,0.9103875756263733],"EasingStyle":"Linear","EasingDirection":"In"}}},{"Time":0.3166666626930237,"poses":{"Left Leg":{"Weight":1,"CFrame":[0.23327040672302247,0.08056122064590454,0.04938197135925293,0.5505641102790833,-0.11011037230491638,0.8274991512298584,0.07766097784042359,0.9937199354171753,0.08055800944566727,-0.8311727046966553,0.0199118684977293,0.5556578636169434],"EasingStyle":"Linear","EasingDirection":"In"},"Right Arm":{"Weight":1,"CFrame":[-0.0305198784917593,-0.5743454098701477,-0.3866211771965027,-0.6402197480201721,-0.5716342329978943,0.5131796002388,0.5568709373474121,-0.8055232763290405,-0.20255056023597718,0.529163122177124,0.1560981124639511,0.8340383768081665],"EasingStyle":"Linear","EasingDirection":"In"},"Left Arm":{"Weight":1,"CFrame":[-0.02304169163107872,-0.5633347034454346,-0.32099449634552,-0.6871045231819153,0.5879546403884888,-0.42684540152549746,-0.5786687731742859,-0.7981044054031372,-0.1678435206413269,-0.43935149908065798,0.13167622685432435,0.8886122703552246],"EasingStyle":"Linear","EasingDirection":"In"},"Head":{"Weight":1,"CFrame":[7.404014468193054e-8