{"Sequence":[{"Time":0,"poses":{"Left Leg":{"Weight":1,"CFrame":[-0.1482778787612915,0.04634279012680054,0.0741276741027832,0.9106733798980713,-0.2675391733646393,0.3147963285446167,0.2530447244644165,0.9635468125343323,0.08686692267656326,-0.32656130194664,0.0005501320702023804,0.9451759457588196],"EasingStyle":"Linear","EasingDirection":"In"},"Right Arm":{"Weight":1,"CFrame":[-0.6355178356170654,-0.6396349668502808,0.19122540950775147,0.2801426947116852,-0.9436919093132019,0.17597107589244843,0.25008508563041689,0.24872633814811707,0.9357311129570007,-0.9268103837966919,-0.21813060343265534,0.3056822121143341],"EasingStyle":"Linear","EasingDirection":"In"},"Left Arm":{"Weight":1,"CFrame":[0.25978219509124758,-0.7792013883590698,0.03396451473236084,-0.6761854887008667,0.5929216742515564,0.43728363513946535,-0.5391232371330261,-0.8027565479278565,0.25481051206588747,0.5021149516105652,-0.06345066428184509,0.8624700307846069],"EasingStyle":"Linear","EasingDirection":"In"},"Head":{"Weight":1,"CFrame":[5.960464477539063e-8,1.862645149230957e-8,1.1920928955078126e-7,0.9974034428596497,0.007000401150435209,-0.07167531549930573,-0.010885195806622506,0.9984841346740723,-0.053953275084495547,0.07118897140026093,0.054593391716480258,0.9959676861763],"EasingStyle":"Linear","EasingDirection":"In"},"Torso":{"Weight":1,"CFrame":[-0.0729803740978241,-0.011814624071121216,-0.1356196403503418,0.9728851914405823,-0.1990383267402649,-0.117805615067482,0.21103926002979279,0.9723471999168396,0.10001780092716217,0.0946405827999115,-0.12216746062040329,0.9879869818687439],"EasingStyle":"Linear","EasingDirection":"In"},"HumanoidRootPart":{"Weight":0,"CFrame":[0,0,0,1,0,0,0,1,0,0,0,1],"EasingStyle":"Linear","EasingDirection":"In"},"Right Leg":{"Weight":1,"CFrame":[0.24551741778850556,0.233312726020813,0.12557649612426759,0.8527075052261353,0.3066144287586212,-0.42293912172317507,-0.2081969529390335,0.9420167803764343,0.26316991448402407,0.47910743951797488,-0.13635239005088807,0.8671009540557861],"EasingStyle":"Linear","EasingDirection":"In"}}},{"Time":0.03333333507180214,"poses":{"Left Leg":{"Weight":1,"CFrame":[-0.1482778787612915,0.04634279012680054,0.0741276741027832,0.9106733798980713,-0.2675391733646393,0.3147963285446167,0.2530447244644165,0.9635468125343323,0.08686692267656326,-0.32656130194664,0.0005501320702023804,0.9451759457588196],"EasingStyle":"Linear","EasingDirection":"In"},"Right Arm":{"Weight":1,"CFrame":[-0.6355178356170654,-0.6396349668502808,0.19122540950775147,0.2801426947116852,-0.9436919093132019,0.17597107589244843,0.25008508563041689,0.24872633814811707,0.9357311129570007,-0.9268103837966919,-0.21813060343265534,0.3056822121143341],"EasingStyle":"Linear","EasingDirection":"In"},"Left Arm":{"Weight":1,"CFrame":[0.25978219509124758,-0.7792013883590698,0.03396451473236084,-0.6761854887008667,0.5929216742515564,0.43728363513946535,-0.5391232371330261,-0.8027565479278565,0.25481051206588747,0.5021149516105652,-0.06345066428184509,0.8624700307846069],"EasingStyle":"Linear","EasingDirection":"In"},"Head":{"Weight":1,"CFrame":[5.960464477539063e-8,1.862645149230957e-8,1.1920928955078126e-7,0.9974034428596497,0.007000401150435209,-0.07167531549930573,-0.010885195806622506,0.9984841346740723,-0.053953275084495547,0.07118897140026093,0.054593391716480258,0.9959676861763],"EasingStyle":"Linear","EasingDirection":"In"},"Torso":{"Weight":1,"CFrame":[-0.0729803740978241,-0.011814624071121216,-0.1356196403503418,0.9728851914405823,-0.1990383267402649,-0.117805615067482,0.21103926002979279,0.9723471999168396,0.10001780092716217,0.0946405827999115,-0.12216746062040329,0.9879869818687439],"EasingStyle":"Linear","EasingDirection":"In"},"HumanoidRootPart":{"Weight":0,"CFrame":[0,0,0,1,0,0,0,1,0,0,0,1],"EasingStyle":"Linear","EasingDirection":"In"},"Right Leg":{"Weight":1,"CFrame":[0.24551741778850556,0.233312726020813,0.12557649612426759,0.8527075052261353,0.3066144287586212,-0.42293912172317507,-0.2081969529390335,0.9420167803764343,0.26316991448402407,0.47910743951797488,-0.13635239005088807,0.8671009540557861],"EasingStyle":"Linear","EasingDirection":"In"}}},{"Time":0.06666667014360428,"poses":{"Left Leg":{"Weight":1,"CFrame":[-0.1482778787612915,0.04634279012680054,0.0741276741027832,0.9106733798980713,-0.2675391733646393,0.3147963285446167,0.2530447244644165,0.9635468125343323,0.08686692267656326,-0.32656130194664,0.0005501320702023804,0.9451759457588196],"EasingStyle":"Linear","EasingDirection":"In"},"Right Arm":{"Weight":1,"CFrame":[-0.6355178356170654,-0.6396349668502808,0.19122540950775147,0.2801426947116852,-0.9436919093132019,0.17597107589244843,0.25008508563041689,0.24872633814811707,0.9357311129570007,-0.9268103837966919,-0.21813060343265534,0.3056822121143341],"EasingStyle":"Linear","EasingDirection":"In"},"Left Arm":{"Weight":1,"CFrame":[0.25978219509124758,-0.7792013883590698,0.03396451473236084,-0.6761854887008667,0.5929216742515564,0.43728363513946535,-0.5391232371330261,-0.8027565479278565,0.25481051206588747,0.5021149516105652,-0.06345066428184509,0.8624700307846069],"EasingStyle":"Linear","EasingDirection":"In"},"Head":{"Weight":1,"CFrame":[5.960464477539063e-8,1.862645149230957e-8,1.1920928955078126e-7,0.9974034428596497,0.007000401150435209,-0.07167531549930573,-0.010885195806622506,0.9984841346740723,-0.053953275084495547,0.07118897140026093,0.054593391716480258,0.9959676861763],"EasingStyle":"Linear","EasingDirection":"In"},"Torso":{"Weight":1,"CFrame":[-0.0729803740978241,-0.011814624071121216,-0.1356196403503418,0.9728851914405823,-0.1990383267402649,-0.117805615067482,0.21103926002979279,0.9723471999168396,0.10001780092716217,0.0946405827999115,-0.12216746062040329,0.9879869818687439],"EasingStyle":"Linear","EasingDirection":"In"},"HumanoidRootPart":{"Weight":0,"CFrame":[0,0,0,1,0,0,0,1,0,0,0,1],"EasingStyle":"Linear","EasingDirection":"In"},"Right Leg":{"Weight":1,"CFrame":[0.24551741778850556,0.233312726020813,0.12557649612426759,0.8527075052261353,0.3066144287586212,-0.42293912172317507,-0.2081969529390335,0.9420167803764343,0.26316991448402407,0.47910743951797488,-0.13635239005088807,0.8671009540557861],"EasingStyle":"Linear","EasingDirection":"In"}}},{"Time":0.10000000149011612,"poses":{"Left Leg":{"Weight":1,"CFrame":[-0.23842106759548188,0.17393511533737184,0.10327661037445069,0.932452917098999,-0.12037517875432968,0.34064874053001406,0.09189482033252716,0.990874707698822,0.09860339760780335,-0.34940963983535769,-0.06063917279243469,0.9350058436393738],"EasingStyle":"Linear","EasingDirection":"In"},"Right Arm":{"Weight":1,"CFrame":[-0.6291658878326416,-0.6976441144943237,0.195318341255188,0.29166659712791445,-0.9552718997001648,0.04884762316942215,0.2660713195800781,0.13007834553718568,0.9551364779472351,-0.9187690615653992,-0.2655845582485199,0.29210996627807619],"EasingStyle":"Linear","EasingDirection":"In"},"Left Arm":{"Weight":1,"CFrame":[0.28468969464302065,-0.6546776294708252,0.040584444999694827,-0.6962142586708069,0.5738155841827393,0.4313019812107086,-0.5611209273338318,-0.809760332107544,0.17155666649341584,0.4476930797100067,-0.12257237732410431,0.8857465386390686],"EasingStyle":"Linear","EasingDirection":"In"},"Head":{"Weight":1,"CFrame":[5.681067705154419e-8,7.450580596923828e-9,-5.960464477539063e-8,0.9925248026847839,0.004426938947290182,-0.12196291983127594,0.008856608532369137,0.9940943121910095,0.10815748572349549,0.12172148376703263,-0.10842917859554291,0.9866241216659546],"EasingStyle":"Linear","EasingDirection":"In"},"Torso":{"Weight":1,"CFrame":[-0.05734598636627197,-0.023122377693653108,-0.16695237159729005,0.9796555042266846,-0.1979065090417862,-0.03328913822770119,0.19698980450630189,0.979979395866394,-0.028903020545840265,0.038342759013175967,0.021757379174232484,0.9990278482437134],"EasingStyle":"Linear","EasingDirection":"In"},"HumanoidRootPart":{"Weight":0,"CFrame":[0,0,0,1,0,0,0,1,0,0,0,1],"EasingStyle":"Linear","EasingDirection":"In"},"Right Leg":{"Weight":1,"CFrame":[0.2223554104566574,0.23658496141433717,0.13956284523010255,0.8987432718276978,0.08455664664506912,-0.43024492263793948,-0.05074869468808174,0.9946950078010559,0.08947935700416565,0.43552854657173159,-0.058584682643413547,0.898266613483429],"EasingStyle":"Linear","EasingDirection":"In"}}},{"Time":0.13333334028720857,"poses":{"Left Leg":{"Weight":1,"CFrame":[-0.23842106759548188,0.17393511533737184,0.10327661037445069,0.932452917098999,-0.12037517875432968,0.34064874053001406,0.09189482033252716,0.990874707698822,0.09860339760780335,-0.34940963983535769,-0.06063917279243469,0.9350058436393738],"EasingStyle":"Linear","EasingDirection":"In"},"Right Arm":{"Weight":1,"CFrame":[-0.6291658878326416,-0.6976441144943237,0.195318341255188,0.29166659712791445,-0.9552718997001648,0.04884762316942215,0.2660713195800781,0.13007834553718568,0.9551364779472351,-0.9187690615653992,-0.2655845582485199,0.29210996627807619],"EasingStyle":"Linear","EasingDirection":"In"},"Left Arm":{"Weight":1,"CFrame":[0.28468969464302065,-0.6546776294708252,0.040584444999694827,-0.6962142586708069,0.5738155841827393,0.4313019812107086,-0.5611209273338318,-0.809760332107544,0.17155666649341584,0.4476930797100067,-0.12257237732410431,0.8857465386390686],"EasingStyle":"Linear","EasingDirection":"In"},"Head":{"Weight":1,"CFrame":[5.681067705154419e-8,7.450580596923828e-9,-5.960464477539063e-8,0.9925248026847839,0.004426938947290182,-0.12196291983127594,0.008856608532369137,0.9940943121910095,0.10815748572349549,0.12172148376703263,-0.10842917859554291,0.9866241216659546],"EasingStyle":"Linear","EasingDirection":"In"},"Torso":{"Weight":1,"CFrame":[-0.05734598636627197,-0.023122377693653108,-0.16695237159729005,0.9796555042266846,-0.1979065090417862,-0.03328913822770119,0.19698980450630189,0.979979395866394,-0.028903020545840265,0.038342759013175967,0.021757379174232484,0.9990278482437134],"EasingStyle":"Linear","EasingDirection":"In"},"HumanoidRootPart":{"Weight":0,"CFrame":[0,0,0,1,0,0,0,1,0,0,0,1],"EasingStyle":"Linear","EasingDirection":"In"},"Right Leg":{"Weight":1,"CFrame":[0.2223554104566574,0.23658496141433717,0.13956284523010255,0.8987432718276978,0.08455664664506912,-0.43024492263793948,-0.05074869468808174,0.9946950078010559,0.08947935700416565,0.43552854657173159,-0.058584682643413547,0.898266613483429],"EasingStyle":"Linear","EasingDirection":"In"}}},{"Time":0.1666666716337204,"poses":{"Left Leg":{"Weight":1,"CFrame":[-0.23842106759548188,0.17393511533737184,0.10327661037445069,0.932452917098999,-0.12037517875432968,0.34064874053001406,0.09189482033252716,0.990874707698822,0.09860339760780335,-0.34940963983535769,-0.06063917279243469,0.9350058436393738],"EasingStyle":"Linear","EasingDirection":"In"},"Right Arm":{"Weight":1,"CFrame":[-0.6291658878326416,-0.6976441144943237,0.195318341255188,0.29166659712791445,-0.9552718997001648,0.04884762316942215,0.2660713195800781,0.13007834553718568,0.9551364779472351,-0.9187690615653992,-0.2655845582485199,0.29210996627807619],"EasingStyle":"Linear","EasingDirection":"In"},"Left Arm":{"Weight":1,"CFrame":[0.28468969464302065,-0.6546776294708252,0.040584444999694827,-0.6962142586708069,0.5738155841827393,0.4313019812107086,-0.5611209273338318,-0.809760332107544,0.17155666649341584,0.4476930797100067,-0.12257237732410431,0.8857465386390686],"EasingStyle":"Linear","EasingDirection":"In"},"Head":{"Weight":1,"CFrame":[5.681067705154419e-8,7.450580596923828e-9,-5.960464477539063e-8,0.9925248026847839,0.004426938947290182,-0.12196291983127594,0.008856608532369137,0.9940943121910095,0.10815748572349549,0.12172148376703263,-0.10842917859554291,0.9866241216659546],"EasingStyle":"Linear","EasingDirection":"In"},"Torso":{"Weight":1,"CFrame":[-0.05734598636627197,-0.023122377693653108,-0.16695237159729005,0.9796555042266846,-0.1979065090417862,-0.03328913822770119,0.19698980450630189,0.979979395866394,-0.028903020545840265,0.038342759013175967,0.021757379174232484,0.9990278482437134],"EasingStyle":"Linear","EasingDirection":"In"},"HumanoidRootPart":{"Weight":0,"CFrame":[0,0,0,1,0,0,0,1,0,0,0,1],"EasingStyle":"Linear","EasingDirection":"In"},"Right Leg":{"Weight":1,"CFrame":[0.2223554104566574,0.23658496141433717,0.13956284523010255,0.8987432718276978,0.08455664664506912,-0.43024492263793948,-0.05074869468808174,0.9946950078010559,0.08947935700416565,0.43552854657173159,-0.058584682643413547,0.898266613483429],"EasingStyle":"Linear","EasingDirection":"In"}}},{"Time":0.20000000298023225,"poses":{"Left Leg":{"Weight":1,"CFrame":[-0.41157403588294985,0.3894996643066406,0.12345218658447266,0.9176841974258423,-0.18572714924812318,0.3512282073497772,0.12600596249103547,0.9744279980659485,0.18604451417922975,-0.37680017948150637,-0.12647320330142976,0.9176199436187744],"EasingStyle":"Linear","EasingDirection":"In"},"Right Arm":{"Weight":1,"CFrame":[-0.59727543592453,-0.820823609828949,0.19017016887664796,0.33011358976364138,-0.93686842918396,0.11533693969249726,0.2420036792755127,0.20210163295269013,0.9489938020706177,-0.9123920798301697,-0.2853638827800751,0.29344215989112856],"EasingStyle":"Linear","EasingDirection":"In"},"Left Arm":{"Weight":1,"CFrame":[0.3068147301673889,-0.45163866877555849,0.07574582099914551,-0.6917445063591003,0.5906385779380798,0.41549450159072878,-0.6289722919464111,-0.7754662036895752,0.05519261211156845,0.35480085015296938,-0.22315534949302674,0.907919704914093],"EasingStyle":"Linear","EasingDirection":"In"},"Head":{"Weight":1,"CFrame":[5.2852556109428409e-8,1.909211277961731e-8,-1.1920928955078126e-7,0.9735783338546753,0.014103365130722523,-0.22791768610477448,0.015793954953551294,0.9915421009063721,0.1288217306137085,0.22780682146549226,-0.12901777029037476,0.9651210308074951],"EasingStyle":"Linear","EasingDirection":"In"},"Torso":{"Weight":1,"CFrame":[-0.02555382251739502,0.021005071699619294,-0.30323243141174319,0.9797897338867188,-0.19573572278022767,0.041226767003536227,0.19698978960514069,0.979979395866394,-0.028903016820549966,-0.034744031727313998,0.036440130323171619,0.9987316727638245],"EasingStyle":"Linear","EasingDirection":"In"},"HumanoidRootPart":{"Weight":0,"CFrame":[0,0,0,1,0,0,0,1,0,0,0,1],"EasingStyle":"Linear","EasingDirection":"In"},"Right Leg":{"Weight":1,"CFrame":[0.3157446086406708,0.2731274366378784,0.2026599645614624,0.9014245271682739,0.09559404104948044,-0.4222507178783417,-0.11147870868444443,0.9936815500259399,-0.013024475425481797,0.41833770275115969,0.05881248414516449,0.906385600566864],"EasingStyle":"Linear","EasingDirection":"In"}}},{"Time":0.23333333432674409,"poses":{"Left Leg":{"Weight":1,"CFrame":[-0.41157403588294985,0.3894996643066406,0.12345218658447266,0.9176841974258423,-0.18572714924812318,0.3512282073497772,0.12600596249103547,0.9744279980659485,0.18604451417922975,-0.37680017948150637,-0.12647320330142976,0.9176199436187744],"EasingStyle":"Linear","EasingDirection":"In"},"Right Arm":{"Weight":1,"CFrame":[-0.59727543592453,-0.820823609828949,0.19017016887664796,0.33011358976364138,-0.93686842918396,0.11533693969249726,0.2420036792755127,0.20210163295269013,0.9489938020706177,-0.9123920798301697,-0.2853638827800751,0.29344215989112856],"EasingStyle":"Linear","EasingDirection":"In"},"Left Arm":{"Weight":1,"CFrame":[0.3068147301673889,-0.45163866877555849,0.07574582099914551,-0.6917445063591003,0.5906385779380798,0.41549450159072878,-0.6289722919464111,-0.7754662036895752,0.05519261211156845,0.35480085015296938,-0.22315534949302674,0.907919704914093],"EasingStyle":"Linear","EasingDirection":"In"},"Head":{"Weight":1,"CFrame":[5.2852556109428409e-8,1.909211277961731e-8,-1.1920928955078126e-7,0.9735783338546753,0.014103365130722523,-0.22791768610477448,0.015793954953551294,0.9915421009063721,0.1288217306137085,0.22780682146549226,-0.12901777029037476,0.9651210308074951],"EasingStyle":"Linear","EasingDirection":"In"},"Torso":{"Weight":1,"CFrame":[-0.02555382251739502,0.021005071699619294,-0.30323243141174319,0.9797897338867188,-0.19573572278022767,0.041226767003536227,0.19698978960514069,0.979979395866394,-0.028903016820549966,-0.034744031727313998,0.036440130323171619,0.9987316727638245],"EasingStyle":"Linear","EasingDirection":"In"},"HumanoidRootPart":{"Weight":0,"CFrame":[0,0,0,1,0,0,0,1,0,0,0,1],"EasingStyle":"Linear","EasingDirection":"In"},"Right Leg":{"Weight":1,"CFrame":[0.3157446086406708,0.2731274366378784,0.2026599645614624,0.9014245271682739,0.09559404104948044,-0.4222507178783417,-0.11147870868444443,0.9936815500259399,-0.013024475425481797,0.41833770275115969,0.05881248414516449,0.906385600566864],"EasingStyle":"Linear","EasingDirection":"In"}}},{"Time":0.2666666805744171,"poses":{"Left Leg":{"Weight":1,"CFrame":[-0.4024317264556885,0.6718112230300903,0.0475468635559082,0.9242962598800659,-0.05759167671203613,0.37730565667152407,-0.03821786493062973,0.9696168899536133,0.24162490665912629,-0.3797576427459717,-0.2377527505159378,0.8940123319625855],"EasingStyle":"Linear","EasingDirection":"In"},"Right Arm":{"Weight":1,"CFrame":[-0.5972754955291748,-0.8208233118057251,0.19017016887664796,0.3493412435054779,-0.9366830587387085,0.024195266887545587,0.267010897397995,0.12426834553480149,0.9556477069854736,-0.8981457352638245,-0.32738685607910159,0.29351672530174258],"EasingStyle":"Linear","EasingDirection":"In"},"Left Arm":{"Weight":1,"CFrame":[0.38216954469680788,-0.4160653054714203,0.0816267728805542,-0.7428466081619263,0.5036716461181641,0.4410145580768585,-0.5501397848129273,-0.8346496820449829,0.026575036346912385,0.3814777433872223,-0.22287854552268983,0.8971064686775208],"EasingStyle":"Linear","EasingDirection":"In"},"Head":{"Weight":1,"CFrame":[1.4901161193847657e-8,5.587935447692871e-8,3.5762786865234377e-7,0.9750281572341919,0.057601336389780048,-0.21448135375976563,-0.016005251556634904,0.9814924597740173,0.1908310502767563,0.22150392830371858,-0.18263278901576997,0.9579046964645386],"EasingStyle":"Linear","EasingDirection":"In"},"Torso":{"Weight":1,"CFrame":[0.011609703302383423,-0.05560183525085449,-0.45581483840942385,0.9696114659309387,-0.20094700157642365,0.13954895734786988,0.22084248065948487,0.9643473625183106,-0.1458175778388977,-0.1052720695734024,0.17220473289489747,0.9794198870658875],"EasingStyle":"Linear","EasingDirection":"In"},"HumanoidRootPart":{"Weight":0,"CFrame":[0,0,0,1,0,0,0,1,0,0,0,1],"EasingStyle":"Linear","EasingDirection":"In"},"Right Leg":{"Weight":1,"CFrame":[0.31870973110198977,0.33610999584198,0.2730470895767212,0.9103536009788513,-0.027717113494873048,-0.41290193796157839,-0.04994130879640579,0.9831042289733887,-0.17610234022140504,0.41080671548843386,0.18093624711036683,0.8935882449150086],"EasingStyle":"Linear","EasingDirection":"In"}}},{"Time":0.30000001192092898,"poses":{"Left Leg":{"Weight":1,"CFrame":[-0.4024317264556885,0.6718112230300903,0.0475468635559082,0.9242962598800659,-0.05759167671203613,0.37730565667152407,-0.03821786493062973,0.9696168899536133,0.24162490665912629,-0.3797576427459717,-0.2377527505159378,0.8940123319625855],"EasingStyle":"Linear","EasingDirection":"In"},"Right Arm":{"Weight":1,"CFrame":[-0.5972754955291748,-0.8208233118057251,0.19017016887664796,0.3493412435054779,-0.9366830587387085,0.024195266887545587,0.267010897397995,0.12426834553480149,0.9556477069854736,-0.8981457352638245,-0.32738685607910159,0.29351672530174258],"EasingStyle":"Linear","EasingDirection":"In"},"Left Arm":{"Weight":1,"CFrame":[0.38216954469680788,-0.4160653054714203,0.0816267728805542,-0.7428466081619263,0.5036716461181641,0.4410145580768585,-0.5501397848129273,-0.8346496820449829,0.026575036346912385,0.3814777433872223,-0.22287854552268983,0.8971064686775208],"EasingStyle":"Linear","EasingDirection":"In"},"Head":{"Weight":1,"CFrame":[1.4901161193847657e-8,5.587935447692871e-8,3.5762786865234377e-7,0.9750281572341919,0.057601336389780048,-0.21448135375976563,-0.016005251556634904,0.9814924597740173,0.1908310502767563,0.22150392830371858,-0.18263278901576997,0.9579046964645386],"EasingStyle":"Linear","EasingDirection":"In"},"Torso":{"Weight":1,"CFrame":[0.011609703302383423,-0.05560183525085449,-0.45581483840942385,0.9696114659309387,-0.20094700157642365,0.13954895734786988,0.22084248065948487,0.9643473625183106,-0.1458175778388977,-0.1052720695734024,0.17220473289489747,0.9794198870658875],"EasingStyle":"Linear","EasingDirection":"In"},"HumanoidRootPart":{"Weight":0,"CFrame":[0,0,0,1,0,0,0,1,0,0,0,1],"EasingStyle":"Linear","EasingDirection":"In"},"Right Leg":{"Weight":1,"CFrame":[0.31870973110198977,0.33610999584198,0.2730470895767212,0.9103536009788513,-0.027717113494873048,-0.41290193796157839,-0.04994130879640579,0.9831042289733887,-0.17610234022140504,0.41080671548843386,0.18093624711036683,0.8935882449150086],"EasingStyle":"Linear","EasingDirection":"In"}}},{"Time":0.3333333432674408,"poses":{"Left Leg":{"Weight":1,"CFrame":[-0.4024317264556885,0.6718112230300903,0.0475468635559082,0.9242962598800659,-0.05759167671203613,0.37730565667152407,-0.03821786493062973,0.9696168899536133,0.24162490665912629,-0.3797576427459717,-0.2377527505159378,0.8940123319625855],"EasingStyle":"Linear","EasingDirection":"In"},"Right Arm":{"Weight":1,"CFrame":[-0.5972754955291748,-0.8208233118057251,0.19017016887664796,0.3493412435054779,-0.9366830587387085,0.024195266887545587,0.267010897397995,0.12426834553480149,0.9556477069854736,-0.8981457352638245,-0.32738685607910159,0.29351672530174258],"EasingStyle":"Linear","EasingDirection":"In"},"Left Arm":{"Weight":1,"CFrame":[0.38216954469680788,-0.4160653054714203,0.0816267728805542,-0.7428466081619263,0.5036716461181641,0.4410145580768585,-0.5501397848129273,-0.8346496820449829,0.026575036346912385,0.3814777433872223,-0.22287854552268983,0.8971064686775208],"EasingStyle":"Linear","EasingDirection":"In"},"Head":{"Weight":1,"CFrame":[1.4901161193847657e-8,5.587935447692871e-8,3.5762786865234377e-7,0.9750281572341919,0.057601336389780048,-0.21448135375976563,-0.016005251556634904,0.9814924597740173,0.1908310502767563,0.22150392830371858,-0.18263278901576997,0.9579046964645386],"EasingStyle":"Linear","EasingDirection":"In"},"Torso":{"Weight":1,"CFrame":[0.011609703302383423,-0.05560183525085449,-0.45581483840942385,0.9696114659309387,-0.20094700157642365,0.13954895734786988,0.22084248065948487,0.9643473625183106,-0.1458175778388977,-0.1052720695734024,0.17220473289489747,0.9794198870658875],"EasingStyle":"Linear","EasingDirection":"In"},"HumanoidRootPart":{"Weight":0,"CFrame":[0,0,0,1,0,0,0,1,0,0,0,1],"EasingStyle":"Linear","EasingDirection":"In"},"Right Leg":{"Weight":1,"CFrame":[0.31870973110198977,0.33610999584198,0.2730470895767212,0.9103536009788513,-0.027717113494873048,-0.41290193796157839,-0.04994130879640579,0.9831042289733887,-0.17610234022140504,0.41080671548843386,0.18093624711036683,0.8935882449150086],"EasingStyle":"Linear","EasingDirection":"In"}}},{"Time":0.36666667461395266,"poses":{"Left Leg":{"Weight":1,"CFrame":[-0.5367122888565064,0.4677135944366455,0.1595362424850464,0.884257435798645,-0.30802470445632937,0.3510121703147888,0.26138949394226076,0.94931560754776,0.17457230389118195,-0.386993944644928,-0.06261594593524933,0.9199538230895996],"EasingStyle":"Linear","EasingDirection":"In"},"Right Arm":{"Weight":1,"CFrame":[-0.59727543592453,-0.8208235502243042,0.19017016887664796,0.3476669490337372,-0.9353001117706299,0.06588833779096604,0.22803328931331635,0.15250737965106965,0.9616352319717407,-0.9094660878181458,-0.3193041980266571,0.26630136370658877],"EasingStyle":"Linear","EasingDirection":"In"},"Left Arm":{"Weight":1,"CFrame":[0.3386741876602173,-0.6260325908660889,0.09174704551696778,-0.7423401474952698,0.5087560415267944,0.4360027015209198,-0.5678009390830994,-0.8231423497200012,-0.006244880612939596,0.3557150363922119,-0.25219860672950747,0.8999238014221191],"EasingStyle":"Linear","EasingDirection":"In"},"Head":{"Weight":1,"CFrame":[6.426125764846802e-8,1.4901161193847657e-8,1.1920928955078126e-7,0.9890751242637634,0.006517382338643074,-0.1472686380147934,0.010297185741364956,0.9935272932052612,0.11312579363584519,0.14705272018909455,-0.11340636014938355,0.9826059937477112],"EasingStyle":"Linear","EasingDirection":"In"},"Torso":{"Weight":1,"CFrame":[0.017276722937822343,-0.04187850281596184,-0.44930315017700198,0.9802538752555847,-0.19635526835918427,0.023386243730783464,0.19698983430862428,0.979979395866394,-0.028903024271130563,-0.01724277436733246,0.03293915092945099,0.999308705329895],"EasingStyle":"Linear","EasingDirection":"In"},"HumanoidRootPart":{"Weight":0,"CFrame":[0,0,0,1,0,0,0,1,0,0,0,1],"EasingStyle":"Linear","EasingDirection":"In"},"Right Leg":{"Weight":1,"CFrame":[0.42770877480506899,0.4343187212944031,0.23370516300201417,0.87431401014328,0.2145758420228958,-0.4353529214859009,-0.2082575112581253,0.9760537147521973,0.06283436715602875,0.4384106397628784,0.03572852909564972,0.898064374923706],"EasingStyle":"Linear","EasingDirection":"In"}}},{"Time":0.4000000059604645,"poses":{"Left Leg":{"Weight":1,"CFrame":[-0.5367122888565064,0.4677135944366455,0.1595362424850464,0.884257435798645,-0.30802470445632937,0.3510121703147888,0.26138949394226076,0.94931560754776,0.17457230389118195,-0.386993944644928,-0.06261594593524933,0.9199538230895996],"EasingStyle":"Linear","EasingDirection":"In"},"Right Arm":{"Weight":1,"CFrame":[-0.59727543592453,-0.8208235502243042,0.19017016887664796,0.3476669490337372,-0.9353001117706299,0.06588833779096604,0.22803328931331635,0.15250737965106965,0.9616352319717407,-0.9094660878181458,-0.3193041980266571,0.26630136370658877],"EasingStyle":"Linear","EasingDirection":"In"},"Left Arm":{"Weight":1,"CFrame":[0.3386741876602173,-0.6260325908660889,0.09174704551696778,-0.7423401474952698,0.5087560415267944,0.4360027015209198,-0.5678009390830994,-0.8231423497200012,-0.006244880612939596,0.3557150363922119,-0.25219860672950747,0.8999238014221191],"EasingStyle":"Linear","EasingDirection":"In"},"Head":{"Weight":1,"CFrame":[6.426125764846802e-8,1.4901161193847657e-8,1.1920928955078126e-7,0.9890751242637634,0.006517382338643074,-0.1472686380147934,0.010297185741364956,0.9935272932052612,0.11312579363584519,0.14705272018909455,-0.11340636014938355,0.9826059937477112],"EasingStyle":"Linear","EasingDirection":"In"},"Torso":{"Weight":1,"CFrame":[0.017276722937822343,-0.04187850281596184,-0.44930315017700198,0.9802538752555847,-0.19635526835918427,0.023386243730783464,0.19698983430862428,0.979979395866394,-0.028903024271130563,-0.01724277436733246,0.03293915092945099,0.999308705329895],"EasingStyle":"Linear","EasingDirection":"In"},"HumanoidRootPart":{"Weight":0,"CFrame":[0,0,0,1,0,0,0,1,0,0,0,1],"EasingStyle":"Linear","EasingDirection":"In"},"Right Leg":{"Weight":1,"CFrame":[0.42770877480506899,0.4343187212944031,0.23370516300201417,0.87431401014328,0.2145758420228958,-0.4353529214859009,-0.2082575112581253,0.9760537147521973,0.06283436715602875,0.4384106397628784,0.03572852909564972,0.898064374923706],"EasingStyle":"Linear","EasingDirection":"In"}}},{"Time":0.4333333373069763,"poses":{"Left Leg":{"Weight":1,"CFrame":[-0.4439466893672943,0.2320290207862854,0.1755204200744629,0.8981764912605286,-0.28381669521331789,0.3357486128807068,0.28007906675338747,0.9580609798431397,0.06062055379152298,-0.33887287974357607,0.03958817198872566,0.939998984336853],"EasingStyle":"Linear","EasingDirection":"In"},"Right Arm":{"Weight":1,"CFrame":[-0.59727543592453,-0.8208232522010803,0.19017016887664796,0.34766697883605959,-0.9353001713752747,0.06588844954967499,0.22803325951099397,0.15250740945339204,0.961635172367096,-0.909466028213501,-0.3193041980266571,0.2663014233112335],"EasingStyle":"Linear","EasingDirection":"In"},"Left Arm":{"Weight":1,"CFrame":[0.32477495074272158,-0.7450924515724182,0.0716320276260376,-0.7423402667045593,0.5087561011314392,0.436002641916275,-0.5678009390830994,-0.8231422901153565,-0.006244887597858906,0.3557150363922119,-0.25219860672950747,0.8999238014221191],"EasingStyle":"Linear","EasingDirection":"In"},"Head":{"Weight":1,"CFrame":[7.264316082000733e-8,1.5832483768463136e-8,2.384185791015625e-7,0.9943384528160095,0.0031942022033035757,-0.1062115803360939,0.008027063682675362,0.9944340586662293,0.1050548180937767,0.10595596581697464,-0.10531259328126908,0.9887783527374268],"EasingStyle":"Linear","EasingDirection":"In"},"Torso":{"Weight":1,"CFrame":[-0.00524979829788208,-0.07257576286792755,-0.3191959857940674,0.9782333374023438,-0.19842934608459474,-0.06070691719651222,0.19698986411094666,0.979979395866394,-0.028903020545840265,0.0652267336845398,0.01631525345146656,0.9977371096611023],"EasingStyle":"Linear","EasingDirection":"In"},"HumanoidRootPart":{"Weight":0,"CFrame":[0,0,0,1,0,0,0,1,0,0,0,1],"EasingStyle":"Linear","EasingDirection":"In"},"Right Leg":{"Weight":1,"CFrame":[0.3798523247241974,0.41600704193115237,0.17433881759643556,0.8676896095275879,0.22539792954921723,-0.4430694282054901,-0.1578778326511383,0.9701020121574402,0.18432770669460298,0.4713696539402008,-0.08998844772577286,0.8773328065872192],"EasingStyle":"Linear","EasingDirection":"In"}}}],"Loop":true,"Name":"Luffy Dance_Loop","Priority":"Action"}