{"Sequence":[{"Time":0,"poses":{"Left Leg":{"Weight":1,"CFrame":[0.001572323963046074,-0.03874325752258301,0.055352091789245608,0.8008133769035339,0.26577848196029665,0.5367119908332825,-0.3519875705242157,0.9339005947113037,0.06272568553686142,-0.48456448316574099,-0.23914752900600434,0.8414307832717896],"EasingStyle":"Linear","EasingDirection":"In"},"Right Arm":{"Weight":1,"CFrame":[0.36895546317100527,-0.46963393688201907,0.40303170680999758,-0.1779661476612091,-0.4206935465335846,0.8895757794380188,0.9764156341552734,0.036796052008867267,0.2127404361963272,-0.12223134189844132,0.9064563512802124,0.40422317385673525],"EasingStyle":"Linear","EasingDirection":"In"},"Head":{"Weight":1,"CFrame":[1.1082738637924194e-7,7.450580596923828e-9,2.384185791015625e-7,0.9850244522094727,0.17083245515823365,0.0233039278537035,-0.16973024606704713,0.9845478534698486,-0.043095216155052188,-0.030305873602628709,0.03849445655941963,0.998799204826355],"EasingStyle":"Linear","EasingDirection":"In"},"Right Leg":{"Weight":1,"CFrame":[0.26629894971847536,0.14622539281845094,0.24713778495788575,0.7345540523529053,0.37786784768104555,-0.5636011958122253,-0.3134758174419403,0.9256229400634766,0.21202625334262849,0.6018001437187195,0.020930510014295579,0.7983724474906921],"EasingStyle":"Linear","EasingDirection":"In"},"Torso":{"Weight":1,"CFrame":[-0.9310295581817627,-0.0205063596367836,-0.10315084457397461,0.9803168773651123,-0.1745113879442215,-0.0923290103673935,0.17286187410354615,0.9846125841140747,-0.025633014738559724,0.09538154304027558,0.009168313816189766,0.9953985810279846],"EasingStyle":"Linear","EasingDirection":"In"},"HumanoidRootPart":{"Weight":1,"CFrame":[0,0,0,1,0,0,0,1,0,0,0,1],"EasingStyle":"Linear","EasingDirection":"In"},"Left Arm":{"Weight":1,"CFrame":[-0.3585488498210907,-0.45719707012176516,0.4110743999481201,-0.28398096561431887,0.3726465702056885,-0.8834531307220459,-0.9352865815162659,0.0952674001455307,0.34082698822021487,0.21117234230041505,0.9230703115463257,0.32147711515426638],"EasingStyle":"Linear","EasingDirection":"In"}}},{"Time":0.03333333507180214,"poses":{"Left Leg":{"Weight":1,"CFrame":[-0.10183164477348328,0.03770732879638672,0.11552584171295166,0.8253723382949829,0.20700764656066895,0.5252698659896851,-0.2724361717700958,0.9609050750732422,0.04939647018909454,-0.4945090413093567,-0.1838729977607727,0.849500834941864],"EasingStyle":"Linear","EasingDirection":"In"},"Right Arm":{"Weight":1,"CFrame":[0.3689554035663605,-0.4696340560913086,0.4030318260192871,-0.19052919745445252,-0.4225498139858246,0.88608717918396,0.9730395674705505,0.03821640461683273,0.22745026648044587,-0.12997205555438996,0.9055336713790894,0.40387630462646487],"EasingStyle":"Linear","EasingDirection":"In"},"Head":{"Weight":1,"CFrame":[1.0058283805847168e-7,1.1175870895385743e-8,1.1920928955078126e-7,0.985537052154541,0.16934408247470857,0.006279155611991882,-0.16896666586399079,0.9848170280456543,-0.0398210845887661,-0.012927277944982052,0.03818418085575104,0.9991871118545532],"EasingStyle":"Linear","EasingDirection":"In"},"Right Leg":{"Weight":1,"CFrame":[0.26608040928840639,0.1499418020248413,0.2502390146255493,0.7372164726257324,0.37267738580703738,-0.5635809898376465,-0.3024342954158783,0.9279098510742188,0.21798379719257356,0.604189932346344,0.009744927287101746,0.7967807650566101],"EasingStyle":"Linear","EasingDirection":"In"},"Torso":{"Weight":1,"CFrame":[-0.9267075061798096,-0.02471550554037094,-0.09411430358886719,0.9802621006965637,-0.17133472859859467,-0.09864409267902374,0.16907471418380738,0.9851189255714417,-0.0308944433927536,0.10246945172548294,0.013606433756649495,0.9946430921554565],"EasingStyle":"Linear","EasingDirection":"In"},"HumanoidRootPart":{"Weight":1,"CFrame":[0,0,0,1,0,0,0,1,0,0,0,1],"EasingStyle":"Linear","EasingDirection":"In"},"Left Arm":{"Weight":1,"CFrame":[-0.35848116874694826,-0.46943432092666628,0.4115830659866333,-0.3076663911342621,0.38007786870002749,-0.8722856640815735,-0.9218003153800964,0.10817646980285645,0.37226617336273196,0.235850989818573,0.9186068773269653,0.3170735538005829],"EasingStyle":"Linear","EasingDirection":"In"}}},{"Time":0.06666667014360428,"poses":{"Left Leg":{"Weight":1,"CFrame":[-0.24862881004810334,0.16923850774765016,0.19406116008758546,0.8597344160079956,0.12519387900829316,0.4951598048210144,-0.15833397209644319,0.9870602488517761,0.02534784935414791,-0.48557913303375246,-0.10019311308860779,0.8684321045875549],"EasingStyle":"Linear","EasingDirection":"In"},"Right Arm":{"Weight":1,"CFrame":[0.3689554035663605,-0.4696343243122101,0.403031587600708,-0.21698392927646638,-0.41676944494247439,0.8827351927757263,0.966353178024292,0.036248430609703067,0.2546520233154297,-0.1381288766860962,0.9082892537117004,0.39488106966018679],"EasingStyle":"Linear","EasingDirection":"In"},"Head":{"Weight":1,"CFrame":[9.12696123123169e-8,0,-1.7881393432617188e-7,0.9861380457878113,0.16569064557552339,-0.00885629840195179,-0.1658969670534134,0.985571563243866,-0.03357206657528877,0.003165931673720479,0.034575920552015308,0.9993970990180969],"EasingStyle":"Linear","EasingDirection":"In"},"Right Leg":{"Weight":1,"CFrame":[0.2564017176628113,0.1485764980316162,0.24581468105316163,0.7552459239959717,0.3499065637588501,-0.5542283058166504,-0.2702496647834778,0.936598539352417,0.2230435162782669,0.5971337556838989,-0.0186727587133646,0.8019244074821472],"EasingStyle":"Linear","EasingDirection":"In"},"Torso":{"Weight":1,"CFrame":[-0.9025474190711975,-0.03424295037984848,-0.06867074966430664,0.9814113974571228,-0.16202571988105775,-0.10285591334104538,0.15837177634239198,0.9864513278007507,-0.04280376061797142,0.10839765518903732,0.025718621909618379,0.9937748908996582],"EasingStyle":"Linear","EasingDirection":"In"},"HumanoidRootPart":{"Weight":1,"CFrame":[0,0,0,1,0,0,0,1,0,0,0,1],"EasingStyle":"Linear","EasingDirection":"In"},"Left Arm":{"Weight":1,"CFrame":[-0.35828641057014468,-0.47772565484046938,0.4119224548339844,-0.33774641156196597,0.38238051533699038,-0.8600654602050781,-0.9077180027961731,0.10935713350772858,0.4050791263580322,0.24894872307777406,0.9175108075141907,0.3101586401462555],"EasingStyle":"Linear","EasingDirection":"In"}}},{"Time":0.10000000149011612,"poses":{"Left Leg":{"Weight":1,"CFrame":[-0.3598519563674927,0.28853487968444826,0.24461066722869874,0.8911105990409851,0.06419042497873306,0.44922304153442385,-0.06870780140161514,0.997617244720459,-0.006257972680032253,-0.44855448603630068,-0.025288553908467294,0.8933976888656616],"EasingStyle":"Linear","EasingDirection":"In"},"Right Arm":{"Weight":1,"CFrame":[0.36895549297332766,-0.46963420510292055,0.4030318260192871,-0.25238916277885439,-0.40543803572654726,0.8785896897315979,0.9565814137458801,0.03224986419081688,0.28967565298080447,-0.14577984809875489,0.9135534763336182,0.3796948790550232],"EasingStyle":"Linear","EasingDirection":"In"},"Head":{"Weight":1,"CFrame":[6.705522537231445e-8,-1.4901161193847657e-8,-2.980232238769531e-7,0.9869012832641602,0.15996497869491578,-0.02090868167579174,-0.16046880185604096,0.986720085144043,-0.02516697160899639,0.016605179756879808,0.028192514553666116,0.9994645714759827],"EasingStyle":"Linear","EasingDirection":"In"},"Right Leg":{"Weight":1,"CFrame":[0.2859378457069397,0.1722344160079956,0.2562141418457031,0.7720251679420471,0.34213215112686159,-0.5356516242027283,-0.25450843572616579,0.9386520385742188,0.2327185422182083,0.5824111104011536,-0.04333684965968132,0.8117385506629944],"EasingStyle":"Linear","EasingDirection":"In"},"Torso":{"Weight":1,"CFrame":[-0.8587342500686646,-0.04595595598220825,-0.030907154083251954,0.9836699962615967,-0.1468331217765808,-0.10408451408147812,0.1414426565170288,0.988278329372406,-0.05744501203298569,0.1112993136048317,0.04178494215011597,0.9929081201553345],"EasingStyle":"Linear","EasingDirection":"In"},"HumanoidRootPart":{"Weight":1,"CFrame":[0,0,0,1,0,0,0,1,0,0,0,1],"EasingStyle":"Linear","EasingDirection":"In"},"Left Arm":{"Weight":1,"CFrame":[-0.3579770028591156,-0.4829871356487274,0.4121338129043579,-0.3712122440338135,0.38045406341552737,-0.8470279574394226,-0.8934386372566223,0.10212408006191254,0.4374222755432129,0.25292110443115237,0.9191438555717468,0.30200257897377016],"EasingStyle":"Linear","EasingDirection":"In"}}},{"Time":0.13333334028720857,"poses":{"Left Leg":{"Weight":1,"CFrame":[-0.43467095494270327,0.38504719734191897,0.2624002695083618,0.9192287921905518,0.02369423396885395,0.3930099904537201,-0.01456907857209444,0.999550998210907,-0.026185790076851846,-0.39345404505729678,0.018344998359680177,0.9191612005233765],"EasingStyle":"Linear","EasingDirection":"In"},"Right Arm":{"Weight":1,"CFrame":[0.3689553737640381,-0.46963390707969668,0.403031587600708,-0.29173728823661806,-0.39070597290992739,0.8730626702308655,0.9443261027336121,0.027505924925208093,0.32785946130752566,-0.1521109640598297,0.920104444026947,0.3609292209148407],"EasingStyle":"Linear","EasingDirection":"In"},"Head":{"Weight":1,"CFrame":[1.6763806343078614e-7,1.4901161193847657e-8,1.1920928955078126e-7,0.9879323244094849,0.15220536291599275,-0.02869313955307007,-0.1526867002248764,0.9881548285484314,-0.015392580069601536,0.026010451838374139,0.019587889313697816,0.9994697570800781],"EasingStyle":"Linear","EasingDirection":"In"},"Right Leg":{"Weight":1,"CFrame":[0.36727452278137209,0.2214760184288025,0.28537046909332278,0.7819082140922546,0.3603402376174927,-0.5086988210678101,-0.27781495451927187,0.9319217801094055,0.23311077058315278,0.5580666661262512,-0.04094718024134636,0.8287853002548218],"EasingStyle":"Linear","EasingDirection":"In"},"Torso":{"Weight":1,"CFrame":[-0.7861667275428772,-0.05652466416358948,0.012882471084594727,0.9879730343818665,-0.12611642479896546,-0.08946512639522553,0.12000954896211624,0.9902553558349609,-0.07065591216087342,0.09750418365001679,0.059069469571113589,0.9934806227684021],"EasingStyle":"Linear","EasingDirection":"In"},"HumanoidRootPart":{"Weight":1,"CFrame":[0,0,0,1,0,0,0,1,0,0,0,1],"EasingStyle":"Linear","EasingDirection":"In"},"Left Arm":{"Weight":1,"CFrame":[-0.35756540298461916,-0.4861343204975128,0.41225767135620119,-0.40499716997146609,0.3753032684326172,-0.8337414860725403,-0.8794136643409729,0.08965431898832321,0.4675401449203491,0.25021791458129885,0.9225560426712036,0.29373693466186526],"EasingStyle":"Linear","EasingDirection":"In"}}},{"Time":0.1666666716337204,"poses":{"Left Leg":{"Weight":1,"CFrame":[-0.4863917827606201,0.4479270577430725,0.24975717067718507,0.9421748518943787,-0.004042771644890308,0.3350973427295685,0.011355146765708924,0.9997382760047913,-0.019865453243255616,-0.33492937684059145,0.022521860897541047,0.9419740438461304],"EasingStyle":"Linear","EasingDirection":"In"},"Right Arm":{"Weight":1,"CFrame":[0.3689553737640381,-0.4696340262889862,0.403031587600708,-0.33010929822921755,-0.3748821020126343,0.8663090467453003,0.930852472782135,0.02302880398929119,0.3646690547466278,-0.156657874584198,0.926786482334137,0.34135785698890688],"EasingStyle":"Linear","EasingDirection":"In"},"Head":{"Weight":1,"CFrame":[1.0151416063308716e-7,5.21540641784668e-8,5.960464477539063e-7,0.9893242120742798,0.14239126443862916,-0.031024914234876634,-0.1426113396883011,0.9897662997245789,-0.00498905498534441,0.02999701350927353,0.009360294789075852,0.9995062351226807],"EasingStyle":"Linear","EasingDirection":"In"},"Right Leg":{"Weight":1,"CFrame":[0.4590733051300049,0.2756497859954834,0.31618738174438479,0.7880935072898865,0.38558632135391238,-0.47982484102249148,-0.32076340913772585,0.9225473999977112,0.21451608836650849,0.5253757238388062,-0.01514853723347187,0.8507355451583862],"EasingStyle":"Linear","EasingDirection":"In"},"Torso":{"Weight":1,"CFrame":[-0.6857300400733948,-0.06478704512119293,0.041860342025756839,0.9930938482284546,-0.10248655080795288,-0.05710812658071518,0.09770787507295609,0.9919148087501526,-0.08098386973142624,0.06494615972042084,0.07484467327594757,0.9950780272483826],"EasingStyle":"Linear","EasingDirection":"In"},"HumanoidRootPart":{"Weight":1,"CFrame":[0,0,0,1,0,0,0,1,0,0,0,1],"EasingStyle":"Linear","EasingDirection":"In"},"Left Arm":{"Weight":1,"CFrame":[-0.35706403851509097,-0.48808392882347109,0.4123345613479614,-0.43609046936035159,0.368203341960907,-0.8211281895637512,-0.8663666248321533,0.07499639689922333,0.49374526739120486,0.2433803677558899,0.9267156720161438,0.28629377484321597],"EasingStyle":"Linear","EasingDirection":"In"}}},{"Time":0.20000000298023225,"poses":{"Left Leg":{"Weight":1,"CFrame":[-0.5239478945732117,0.4301225543022156,0.22471356391906739,0.9573887586593628,-0.028066733852028848,0.28743526339530947,0.027956034988164903,0.9995991587638855,0.004490249790251255,-0.2874460220336914,0.003736653830856085,0.9577895402908325],"EasingStyle":"Linear","EasingDirection":"In"},"Right Arm":{"Weight":1,"CFrame":[0.36895543336868288,-0.4696339964866638,0.403031587600708,-0.36283087730407717,-0.3604249656200409,0.8593298196792603,0.9181207418441773,0.019474824890494348,0.39582207798957827,-0.15939940512180329,0.9325849413871765,0.3238474130630493],"EasingStyle":"Linear","EasingDirection":"In"},"Head":{"Weight":1,"CFrame":[-9.313225746154786e-10,7.450580596923828e-9,-1.7881393432617188e-7,0.9910762906074524,0.13032028079032899,-0.02800692617893219,-0.13021855056285859,0.9914703965187073,0.005434295628219843,0.028476230800151826,-0.0017387742409482599,0.9995929598808289],"EasingStyle":"Linear","EasingDirection":"In"},"Right Leg":{"Weight":1,"CFrame":[0.5242278575897217,0.32176584005355837,0.3435807228088379,0.7905299067497253,0.4028948247432709,-0.4612356722354889,-0.3602679669857025,0.9149702191352844,0.18175971508026124,0.49524688720703127,0.022481894120573999,0.8684614300727844],"EasingStyle":"Linear","EasingDirection":"In"},"Torso":{"Weight":1,"CFrame":[-0.5726049542427063,-0.07040776312351227,0.04946446418762207,0.996529757976532,-0.08010625094175339,-0.022615795955061914,0.07783114165067673,0.9930742979049683,-0.088009774684906,0.029509298503398896,0.08594414591789246,0.9958628416061401],"EasingStyle":"Linear","EasingDirection":"In"},"HumanoidRootPart":{"Weight":1,"CFrame":[0,0,0,1,0,0,0,1,0,0,0,1],"EasingStyle":"Linear","EasingDirection":"In"},"Left Arm":{"Weight":1,"CFrame":[-0.35648539662361147,-0.4897514879703522,0.41240525245666506,-0.4616239666938782,0.36075615882873537,-0.8104063868522644,-0.8553622961044312,0.06107088923454285,0.514417827129364,0.23507165908813477,0.9306585788726807,0.280385285615921],"EasingStyle":"Linear","EasingDirection":"In"}}},{"Time":0.23333333432674409,"poses":{"Left Leg":{"Weight":1,"CFrame":[-0.522526741027832,0.32221609354019167,0.20366716384887696,0.9675015807151794,-0.034560855478048328,0.2504923343658447,0.030216608196496965,0.9993192553520203,0.02116919867694378,-0.2510535717010498,-0.012912209145724774,0.9678871631622315],"EasingStyle":"Linear","EasingDirection":"In"},"Right Arm":{"Weight":1,"CFrame":[0.36895546317100527,-0.46963390707969668,0.4030313491821289,-0.38553541898727419,-0.34988173842430117,0.8537829518318176,0.9085935950279236,0.017184024676680566,0.417327880859375,-0.16068674623966218,0.936636209487915,0.3112752139568329],"EasingStyle":"Linear","EasingDirection":"In"},"Head":{"Weight":1,"CFrame":[9.685754776000977e-8,9.313225746154785e-9,2.384185791015625e-7,0.9930946826934815,0.11528516560792923,-0.021734194830060006,-0.11496692150831223,0.9932505488395691,0.015367814339697361,0.023359181359410287,-0.012762980535626412,0.9996457099914551],"EasingStyle":"Linear","EasingDirection":"In"},"Right Leg":{"Weight":1,"CFrame":[0.5327832698822022,0.3243141770362854,0.37619173526763918,0.7884663939476013,0.3995678722858429,-0.4676177203655243,-0.3833222985267639,0.913774311542511,0.13446493446826936,0.48102495074272158,0.07322712242603302,0.8736434578895569],"EasingStyle":"Linear","EasingDirection":"In"},"Torso":{"Weight":1,"CFrame":[-0.46198832988739016,-0.07238689064979553,0.05048823356628418,0.9979646801948547,-0.06374916434288025,-0.0016112460289150477,0.06334225088357926,0.9938815236091614,-0.09048369526863098,0.007369648199528456,0.09019746631383896,0.9958966374397278],"EasingStyle":"Linear","EasingDirection":"In"},"HumanoidRootPart":{"Weight":1,"CFrame":[0,0,0,1,0,0,0,1,0,0,0,1],"EasingStyle":"Linear","EasingDirection":"In"},"Left Arm":{"Weight":1,"CFrame":[-0.3558419942855835,-0.4920527935028076,0.4125109910964966,-0.47888585925102236,0.35483333468437197,-0.8029705882072449,-0.8477392792701721,0.050690118223428729,0.5279855728149414,0.22804957628250123,0.9335545301437378,0.2765311598777771],"EasingStyle":"Linear","EasingDirection":"In"}}},{"Time":0.2666666805744171,"poses":{"Left Leg":{"Weight":1,"CFrame":[-0.4973624050617218,0.221707284450531,0.18707537651062013,0.9757987260818481,-0.0419350229203701,0.21461230516433717,0.037141941487789157,0.9989633560180664,0.026319444179534913,-0.2154935747385025,-0.01771136373281479,0.976344645023346],"EasingStyle":"Linear","EasingDirection":"In"},"Right Arm":{"Weight":1,"CFrame":[0.36895543336868288,-0.4696343243122101,0.403031587600708,-0.3940410315990448,-0.3458065390586853,0.8515571355819702,0.9048774242401123,0.016360867768526079,0.4253578186035156,-0.16102361679077149,0.9381632208824158,0.30646562576293948],"EasingStyle":"Linear","EasingDirection":"In"},"Head":{"Weight":1,"CFrame":[9.96515154838562e-8,-3.91155481338501e-8,-2.980232238769531e-7,0.995235025882721,0.09649600088596344,-0.013997724279761315,-0.09613918513059616,0.9950724840164185,0.0242508202791214,0.016268858686089517,-0.022789526730775834,0.9996079802513123],"EasingStyle":"Linear","EasingDirection":"In"},"Right Leg":{"Weight":1,"CFrame":[0.4983943998813629,0.2637554407119751,0.39102792739868166,0.7881880402565002,0.38642072677612307,-0.47899746894836428,-0.39641737937927248,0.9141141772270203,0.08513900637626648,0.47075802087783816,0.12277728319168091,0.8736777305603027],"EasingStyle":"Linear","EasingDirection":"In"},"Torso":{"Weight":1,"CFrame":[-0.35834643244743349,-0.06211830675601959,-0.007487297058105469,0.9984539151191711,-0.055490076541900638,0.003265393665060401,0.05557599291205406,0.9954307079315186,-0.07764796167612076,0.0010582185350358487,0.0777093842625618,0.9969756007194519],"EasingStyle":"Linear","EasingDirection":"In"},"HumanoidRootPart":{"Weight":1,"CFrame":[0,0,0,1,0,0,0,1,0,0,0,1],"EasingStyle":"Linear","EasingDirection":"In"},"Left Arm":{"Weight":1,"CFrame":[-0.35514625906944277,-0.4959043860435486,0.41269195079803469,-0.4852379560470581,0.35242727398872378,-0.8002120852470398,-0.8449112772941589,0.046612102538347247,0.5328718423843384,0.2250981330871582,0.9346777200698853,0.27515164017677309],"EasingStyle":"Linear","EasingDirection":"In"}}},{"Time":0.30000001192092898,"poses":{"Left Leg":{"Weight":1,"CFrame":[-0.508806586265564,0.19738608598709107,0.18655943870544434,0.9796624183654785,-0.07422386109828949,0.18642041087150575,0.07194384932518006,0.99722820520401,0.018975453451275827,-0.18731217086315156,-0.00517773674800992,0.9822868704795837],"EasingStyle":"Linear","EasingDirection":"In"},"Right Arm":{"Weight":1,"CFrame":[0.36895549297332766,-0.46963393688201907,0.40303170680999758,-0.35830816626548769,-0.35364004969596865,0.8640336394309998,0.9173932671546936,0.03834555298089981,0.3961304724216461,-0.17321935296058656,0.9345952272415161,0.310687392950058],"EasingStyle":"Linear","EasingDirection":"In"},"Head":{"Weight":1,"CFrame":[8.405186235904694e-8,-1.862645149230957e-9,2.384185791015625e-7,0.997295081615448,0.07320839166641236,-0.006569568999111652,-0.07296735793352127,0.9968371391296387,0.03148818016052246,0.008853990584611893,-0.0309236329048872,0.9994825720787048],"EasingStyle":"Linear","EasingDirection":"In"},"Right Leg":{"Weight":1,"CFrame":[0.44042977690696719,0.20824790000915528,0.34913647174835207,0.8106741309165955,0.3529858887195587,-0.4671279191970825,-0.3703533411026001,0.9270890951156616,0.05782902613282204,0.45348209142684939,0.12612184882164002,0.8822966814041138],"EasingStyle":"Linear","EasingDirection":"In"},"Torso":{"Weight":1,"CFrame":[-0.2534981369972229,-0.05198337137699127,-0.12763071060180665,0.9988539814949036,-0.04773825407028198,0.0034604999236762525,0.04786226153373718,0.9967381358146668,-0.06497927755117417,-0.00034721579868346453,0.06507042795419693,0.9978806376457214],"EasingStyle":"Linear","EasingDirection":"In"},"HumanoidRootPart":{"Weight":1,"CFrame":[0,0,0,1,0,0,0,1,0,0,0,1],"EasingStyle":"Linear","EasingDirection":"In"},"Left Arm":{"Weight":1,"CFrame":[-0.3544104993343353,-0.5016114711761475,0.41316211223602297,-0.45288214087486269,0.3556472063064575,-0.8175652623176575,-0.8603036403656006,0.06639643013477326,0.5054396390914917,0.23404167592525483,0.9322588443756104,0.27589473128318789],"EasingStyle":"Linear","EasingDirection":"In"}}},{"Time":0.3333333432674408,"poses":{"Left Leg":{"Weight":1,"CFrame":[-0.5427479147911072,0.2362813949584961,0.20418334007263184,0.9811639785766602,-0.09051316976547241,0.17065924406051637,0.09423692524433136,0.9954537749290466,-0.013830131851136685,-0.16863158345222474,0.029652027413249017,0.9852331280708313],"EasingStyle":"Linear","EasingDirection":"In"},"Right Arm":{"Weight":1,"CFrame":[0.36895543336868288,-0.4696345627307892,0.403031587600708,-0.28883597254753115,-0.36363717913627627,0.8856307864189148,0.937758207321167,0.07886108011007309,0.3382166028022766,-0.19282987713813783,0.9281966686248779,0.3182257413864136],"EasingStyle":"Linear","EasingDirection":"In"},"Head":{"Weight":1,"CFrame":[7.520429790019989e-8,2.3283064365386964e-8,-4.172325134277344e-7,0.9989990592002869,0.044716816395521167,-0.001184029970318079,-0.04464409872889519,0.9983389973640442,0.03641832619905472,0.0028105739038437607,-0.03632901981472969,0.9993359446525574],"EasingStyle":"Linear","EasingDirection":"In"},"Right Leg":{"Weight":1,"CFrame":[0.37826186418533327,0.22394555807113648,0.2778736352920532,0.852405309677124,0.283245712518692,-0.4395189881324768,-0.28382498025894167,0.9566004276275635,0.06602449715137482,0.43914517760276797,0.06846682727336884,0.8958034515380859],"EasingStyle":"Linear","EasingDirection":"In"},"Torso":{"Weight":1,"CFrame":[-0.14492355287075044,-0.06647780537605286,-0.23527741432189942,0.9994756579399109,-0.03219584748148918,0.0034480446483939888,0.03237106278538704,0.9960155487060547,-0.08309731632471085,-0.0007589173037558794,0.08316536247730255,0.9965354800224304],"EasingStyle":"Linear","EasingDirection":"In"},"HumanoidRootPart":{"Weight":1,"CFrame":[0,0,0,1,0,0,0,1,0,0,0,1],"EasingStyle":"Linear","EasingDirection":"In"},"Left Arm":{"Weight":1,"CFrame":[-0.35364729166030886,-0.507045328617096,0.4148263931274414,-0.3902336061000824,0.361314594745636,-0.8468586802482605,-0.8864020109176636,0.10133271664381027,0.4516891837120056,0.24901644885540009,0.9269214272499085,0.2807264029979706],"EasingStyle":"Linear","EasingDirection":"In"}}},{"Time":0.36666667461395266,"poses":{"Left Leg":{"Weight":1,"CFrame":[-0.5460213422775269,0.26859068870544436,0.23268020153045655,0.983705997467041,-0.07100486010313034,0.16516894102096559,0.0831465944647789,0.9942288994789124,-0.06778968870639801,-0.15940238535404206,0.08041836321353913,0.9839327931404114],"EasingStyle":"Linear","EasingDirection":"In"},"Right Arm":{"Weight":1,"CFrame":[0.3689553439617157,-0.46963387727737429,0.403031587600708,-0.2466709464788437,-0.36098992824554446,0.8993552923202515,0.9491274952888489,0.09744484722614289,0.29943540692329409,-0.19573061168193818,0.9274647235870361,0.3185885548591614],"EasingStyle":"Linear","EasingDirection":"In"},"Head":{"Weight":1,"CFrame":[8.509960025548935e-8,8.817005436867476e-8,2.384185791015625e-7,0.9999464750289917,0.010339267551898957,0.00048823561519384384,-0.010350377298891545,0.9992139935493469,0.03826804831624031,-0.00009218811464961618,-0.03827105090022087,0.9992674589157105],"EasingStyle":"Linear","EasingDirection":"In"},"Right Leg":{"Weight":1,"CFrame":[0.3657490015029907,0.2967076301574707,0.2275388240814209,0.8839564919471741,0.22315573692321778,-0.4108799695968628,-0.19479094445705415,0.9746268391609192,0.11026813834905625,0.42506173253059389,-0.01743657886981964,0.9049964547157288],"EasingStyle":"Linear","EasingDirection":"In"},"Torso":{"Weight":1,"CFrame":[-0.03488694503903389,-0.09518247842788696,-0.28273677825927737,0.9999755024909973,-0.005852555390447378,0.0038629050832241775,0.0062706246972084049,0.9928770661354065,-0.11897813528776169,-0.0031390637159347536,0.1189994215965271,0.9928894639015198],"EasingStyle":"Linear","EasingDirection":"In"},"HumanoidRootPart":{"Weight":1,"CFrame":[0,0,0,1,0,0,0,1,0,0,0,1],"EasingStyle":"Linear","EasingDirection":"In"},"Left Arm":{"Weight":1,"CFrame":[-0.35286903381347659,-0.5094648599624634,0.4187641143798828,-0.3519083857536316,0.36832568049430849,-0.860521137714386,-0.9012925624847412,0.11480565369129181,0.4177216589450836,0.2526504099369049,0.9225810766220093,0.2915680408477783],"EasingStyle":"Linear","EasingDirection":"In"}}},{"Time":0.4000000059604645,"poses":{"Left Leg":{"Weight":1,"CFrame":[-0.5101114511489868,0.2596070170402527,0.27675890922546389,0.9782986640930176,-0.05298815667629242,0.20030948519706727,0.07744728028774262,0.990188717842102,-0.11631152033805847,-0.1921810805797577,0.12930087745189668,0.972804069519043],"EasingStyle":"Linear","EasingDirection":"In"},"Right Arm":{"Weight":1,"CFrame":[0.3689553737640381,-0.46911221742630007,0.3990356922149658,-0.2570400834083557,-0.342276930809021,0.9037571549415588,0.949911892414093,0.08253056555986405,0.301423579454422,-0.1777578592300415,0.9359675645828247,0.3039192259311676],"EasingStyle":"Linear","EasingDirection":"In"},"Head":{"Weight":1,"CFrame":[8.847564458847046e-8,1.0174699127674103e-7,-3.5762786865234377e-7,0.9995514154434204,-0.02970360592007637,-0.0038466716650873424,0.02982243523001671,0.9989139437675476,0.03579952195286751,0.0027791191823780538,-0.03589816763997078,0.9993515610694885],"EasingStyle":"Linear","EasingDirection":"In"},"Right Leg":{"Weight":1,"CFrame":[0.4066994786262512,0.3372814655303955,0.2264162302017212,0.8998519778251648,0.19838842749595643,-0.3884693384170532,-0.173743337392807,0.9799056053161621,0.09797105193138123,0.4000997543334961,-0.020665490999817849,0.9162386059761047],"EasingStyle":"Linear","EasingDirection":"In"},"Torso":{"Weight":1,"CFrame":[0.07426902651786804,-0.1196461021900177,-0.25439453125,0.9994965195655823,0.031278207898139957,0.005344630219042301,-0.030127905309200288,0.9882938861846924,-0.1495576649904251,-0.009959961287677288,0.1493213176727295,0.9887385368347168],"EasingStyle":"Linear","EasingDirection":"In"},"HumanoidRootPart":{"Weight":1,"CFrame":[0,0,0,1,0,0,0,1,0,0,0,1],"EasingStyle":"Linear","EasingDirection":"In"},"Left Arm":{"Weight":1,"CFrame":[-0.3520883023738861,-0.5082000494003296,0.42571449279785159,-0.35481297969818118,0.3778122365474701,-0.8551992177963257,-0.9044761061668396,0.09287776052951813,0.4162892699241638,0.23670825362205506,0.9212120175361633,0.3087678849697113],"EasingStyle":"Linear","EasingDirection":"In"}}},{"Time":0.4333333373069763,"poses":{"Left Leg":{"Weight":1,"CFrame":[-0.46100157499313357,0.24818962812423707,0.34398555755615237,0.9576700925827026,-0.0610857829451561,0.2813119888305664,0.10892494022846222,0.9814624786376953,-0.15769235789775849,-0.2664644718170166,0.18165919184684754,0.9465709924697876],"EasingStyle":"Linear","EasingDirection":"In"},"Right Arm":{"Weight":1,"CFrame":[0.36895552277565,-0.4676934480667114,0.3886936902999878,-0.29148057103157046,-0.31412267684936526,0.9035298824310303,0.9442727565765381,0.05652230232954025,0.3242749571800232,-0.1529316008090973,0.9476983547210693,0.28014224767684939],"EasingStyle":"Linear","EasingDirection":"In"},"Head":{"Weight":1,"CFrame":[7.82310962677002e-8,-4.936009645462036e-8,1.1920928955078126e-7,0.99733966588974,-0.07173170894384384,-0.012972461059689522,0.07208564877510071,0.9969692230224609,0.029259534552693368,0.010834312066435814,-0.030116811394691469,0.9994876980781555],"EasingStyle":"Linear","EasingDirection":"In"},"Right Leg":{"Weight":1,"CFrame":[0.5028029680252075,0.3733534812927246,0.2632867097854614,0.9038227796554565,0.22516238689422608,-0.3638765811920166,-0.22748348116874696,0.9730754494667053,0.03708750009536743,0.3624301254749298,0.04925528168678284,0.9307085275650024],"EasingStyle":"Linear","EasingDirection":"In"},"Torso":{"Weight":1,"CFrame":[0.1819491684436798,-0.13537943363189698,-0.18071746826171876,0.9973661303520203,0.07197391986846924,0.008988184854388237,-0.06942152231931687,0.9831296801567078,-0.16922436654567719,-0.02101629413664341,0.16815467178821565,0.9855365753173828],"EasingStyle":"Linear","EasingDirection":"In"},"HumanoidRootPart":{"Weight":1,"CFrame":[0,0,0,1,0,0,0,1,0,0,0,1],"EasingStyle":"Linear","EasingDirection":"In"},"Left Arm":{"Weight":1,"CFrame":[-0.3513175845146179,-0.5049023032188416,0.43506407737731936,-0.37209293246269228,0.3870641887187958,-0.8436398506164551,-0.9041828513145447,0.05425111576914787,0.4236864149570465,0.2097623348236084,0.9204553961753845,0.3297904431819916],"EasingStyle":"Linear","EasingDirection":"In"}}},{"Time":0.46666666865348818,"poses":{"Left Leg":{"Weight":1,"CFrame":[-0.4121728539466858,0.23557287454605103,0.4089871644973755,0.9244427680969238,-0.08811317384243012,0.37100091576576235,0.16453006863594056,0.9698795080184937,-0.1796208620071411,-0.3439992368221283,0.227089986205101,0.911095380783081],"EasingStyle":"Linear","EasingDirection":"In"},"Right Arm":{"Weight":1,"CFrame":[0.3689553737640381,-0.4656038284301758,0.37447428703308108,-0.33399322628974917,-0.2830604016780853,0.8990692496299744,0.9340647459030151,0.028495611622929574,0.3559650778770447,-0.12637902796268464,0.9586787223815918,0.2548792064189911],"EasingStyle":"Linear","EasingDirection":"In"},"Head":{"Weight":1,"CFrame":[6.705522537231445e-8,4.0978193283081057e-8,-4.172325134277344e-7,0.9935253262519836,-0.1111878901720047,-0.023341653868556024,0.11166514456272125,0.9935396909713745,0.02024438977241516,0.020939931273460389,-0.022719766944646837,0.9995226263999939],"EasingStyle":"Linear","EasingDirection":"In"},"Right Leg":{"Weight":1,"CFrame":[0.597068727016449,0.3796607255935669,0.3178948163986206,0.8989396691322327,0.2738165855407715,-0.3419530689716339,-0.3072539269924164,0.9504846334457398,-0.04662695899605751,0.3122538626194,0.14698120951652528,0.9385595917701721],"EasingStyle":"Linear","EasingDirection":"In"},"Torso":{"Weight":1,"CFrame":[0.28782814741134646,-0.14124947786331178,-0.08912420272827149,0.9941338300704956,0.10699769109487534,0.015793589875102044,-0.10255654156208039,0.9789320826530457,-0.1765618622303009,-0.034352563321590427,0.1739063709974289,0.9841629266738892],"EasingStyle":"Linear","EasingDirection":"In"},"HumanoidRootPart":{"Weight":1,"CFrame":[0,0,0,1,0,0,0,1,0,0,0,1],"EasingStyle":"Linear","EasingDirection":"In"},"Left Arm":{"Weight":1,"CFrame":[-0.350568950176239,-0.5003234148025513,0.44586050510406496,-0.39519762992858889,0.39418283104896548,-0.8297222256660461,-0.9006566405296326,0.01136473473161459,0.43438297510147097,0.18065592646598817,0.9189618229866028,0.3505319356918335],"EasingStyle":"Linear","EasingDirection":"In"}}},{"Time":0.5,"poses":{"Left Leg":{"Weight":1,"CFrame":[-0.3831518888473511,0.2264423966407776,0.4517538547515869,0.8893329501152039,-0.1311163455247879,0.43805885314941409,0.2264043688774109,0.9585976004600525,-0.17271892726421357,-0.39727598428726199,0.252782940864563,0.8821977376937866],"EasingStyle":"Linear","EasingDirection":"In"},"Right Arm":{"Weight":1,"CFrame":[0.36895546317100527,-0.4630659222602844,0.35884571075439455,-0.3695742189884186,-0.25732579827308657,0.8928596377372742,0.9232834577560425,0.006578222848474979,0.38406312465667727,-0.10470268130302429,0.9663023352622986,0.2351534366607666],"EasingStyle":"Linear","EasingDirection":"In"},"Head":{"Weight":1,"CFrame":[6.705522537231445e-8,-1.1175870895385743e-8,0,0.9891462326049805,-0.14349129796028138,-0.03162480145692825,0.1438906490802765,0.9895354509353638,0.010724527761340142,0.029754988849163057,-0.015158658847212792,0.9994423389434815],"EasingStyle":"Linear","EasingDirection":"In"},"Right Leg":{"Weight":1,"CFrame":[0.6714668273925781,0.35350966453552248,0.3702956438064575,0.8850827813148499,0.32777515053749087,-0.33044204115867617,-0.38220247626304629,0.917005181312561,-0.11411765962839127,0.2656121850013733,0.22729934751987458,0.9369019865989685],"EasingStyle":"Linear","EasingDirection":"In"},"Torso":{"Weight":1,"CFrame":[0.39064258337020876,-0.13718530535697938,-0.007567405700683594,0.9912052750587463,0.1296507567167282,0.026509899646043779,-0.12326467037200928,0.9774456024169922,-0.1714816838502884,-0.048144713044166568,0.16670583188533784,0.9848305583000183],"EasingStyle":"Linear","EasingDirection":"In"},"HumanoidRootPart":{"Weight":1,"CFrame":[0,0,0,1,0,0,0,1,0,0,0,1],"EasingStyle":"Linear","EasingDirection":"In"},"Left Arm":{"Weight":1,"CFrame":[-0.3498552739620209,-0.49521133303642275,0.4571518898010254,-0.41546353697776797,0.3984925448894501,-0.8176758289337158,-0.8958010077476502,-0.023207109421491624,0.4438492953777313,0.1578947901725769,0.9168779253959656,0.36661165952682497],"EasingStyle":"Linear","EasingDirection":"In"}}},{"Time":0.5333333611488342,"poses":{"Left Leg":{"Weight":1,"CFrame":[-0.3902774751186371,0.22171592712402345,0.4617583751678467,0.864041805267334,-0.1919449418783188,0.4653910994529724,0.2829529941082001,0.949783205986023,-0.1336020529270172,-0.4163764417171478,0.24712160229682923,0.8749638199806213],"EasingStyle":"Linear","EasingDirection":"In"},"Right Arm":{"Weight":1,"CFrame":[0.36895549297332766,-0.4603041708469391,0.34427714347839358,-0.3844243884086609,-0.24655693769454957,0.8896222114562988,0.9181824922561646,-0.002215705579146743,0.3961516320705414,-0.09570273011922836,0.9691257476806641,0.22723597288131715],"EasingStyle":"Linear","EasingDirection":"In"},"Head":{"Weight":1,"CFrame":[7.450580596923828e-8,-3.725290298461914e-8,-4.172325134277344e-7,0.985834002494812,-0.16409005224704743,-0.03472595289349556,0.16428905725479127,0.9864078760147095,0.0029371571727097036,0.03377199545502663,-0.008600655943155289,0.9993926286697388],"EasingStyle":"Linear","EasingDirection":"In"},"Right Leg":{"Weight":1,"CFrame":[0.7269419431686401,0.3311730623245239,0.38826847076416018,0.8673874139785767,0.373009592294693,-0.329397976398468,-0.42817366123199465,0.896724283695221,-0.11203962564468384,0.2535873353481293,0.23822125792503358,0.9375202059745789],"EasingStyle":"Linear","EasingDirection":"In"},"Torso":{"Weight":1,"CFrame":[0.4848896265029907,-0.12374016642570496,0.03551340103149414,0.9888676404953003,0.14324477314949037,0.04027372598648071,-0.13546296954154969,0.9786344170570374,-0.15467527508735658,-0.061569686979055408,0.14749775826931,0.9871441721916199],"EasingStyle":"Linear","EasingDirection":"In"},"HumanoidRootPart":{"Weight":1,"CFrame":[0,0,0,1,0,0,0,1,0,0,0,1],"EasingStyle":"Linear","EasingDirection":"In"},"Left Arm":{"Weight":1,"CFrame":[-0.3491888642311096,-0.49031713604927065,0.4679858684539795,-0.4244886636734009,0.40051665902137759,-0.8120319247245789,-0.8930092453956604,-0.037134598940610889,0.4485037326812744,0.14947879314422608,0.9155367612838745,0.3734282851219177],"EasingStyle":"Linear","EasingDirection":"In"}}},{"Time":0.5666666626930237,"poses":{"Left Leg":{"Weight":1,"CFrame":[-0.41210445761680605,0.20145976543426515,0.42059123516082766,0.8509783744812012,-0.25622984766960146,0.45845621824264529,0.3182477056980133,0.9459766745567322,-0.06202215328812599,-0.4177970588207245,0.19868215918540955,0.8865501284599304],"EasingStyle":"Linear","EasingDirection":"In"},"Right Arm":{"Weight":1,"CFrame":[0.36895549297332766,-0.4575428366661072,0.3325308561325073,-0.3772827684879303,-0.25045502185821535,0.891588568687439,0.920604407787323,0.0032818163745105268,0.39048293232917788,-0.10072439163923264,0.968122661113739,0.2293318212032318],"EasingStyle":"Linear","EasingDirection":"In"},"Head":{"Weight":1,"CFrame":[1.5273690223693848e-7,-5.21540641784668e-8,-4.76837158203125e-7,0.9840989112854004,-0.17431028187274934,-0.03413790091872215,0.17434853315353394,0.9846822619438171,-0.0018753688782453538,0.03394186496734619,-0.004106347914785147,0.999415397644043],"EasingStyle":"Linear","EasingDirection":"In"},"Right Leg":{"Weight":1,"CFrame":[0.6444437503814697,0.35193759202957156,0.3246443271636963,0.9203830361366272,0.20553189516067506,-0.3326435089111328,-0.23150277137756349,0.9720134139060974,-0.03995709493756294,0.3151216506958008,0.11378372460603714,0.9422057867050171],"EasingStyle":"Linear","EasingDirection":"In"},"Torso":{"Weight":1,"CFrame":[0.5655747652053833,-0.10183942317962647,0.04501461982727051,0.9867451786994934,0.15242624282836915,0.055679041892290118,-0.14440147578716279,0.9812966585159302,-0.12729935348033906,-0.07404140383005142,0.1175718829035759,0.9903004169464111],"EasingStyle":"Linear","EasingDirection":"In"},"HumanoidRootPart":{"Weight":1,"CFrame":[0,0,0,1,0,0,0,1,0,0,0,1],"EasingStyle":"Linear","EasingDirection":"In"},"Left Arm":{"Weight":1,"CFrame":[-0.34858208894729617,-0.4861960709095001,0.47758960723876955,-0.4252641499042511,0.4029220938682556,-0.8104345202445984,-0.8913213014602661,-0.030964769423007966,0.452313631772995,0.15715232491493226,0.9147103428840637,0.3723011910915375],"EasingStyle":"Linear","EasingDirection":"In"}}},{"Time":0.6000000238418579,"poses":{"Left Leg":{"Weight":1,"CFrame":[-0.40641283988952639,0.15407037734985352,0.3367495536804199,0.8504120111465454,-0.2975563108921051,0.4338889420032501,0.32056117057800295,0.9469918012619019,0.021144486963748933,-0.41718101501464846,0.12110638618469238,0.9007182121276856],"EasingStyle":"Linear","EasingDirection":"In"},"Right Arm":{"Weight":1,"CFrame":[0.36895546317100527,-0.45500504970550539,0.32254767417907717,-0.35837212204933169,-0.2598778307437897,0.8966789245605469,0.9265860915184021,0.01832624338567257,0.3756362795829773,-0.11405221372842789,0.9654675722122192,0.23423148691654206],"EasingStyle":"Linear","EasingDirection":"In"},"Head":{"Weight":1,"CFrame":[-2.2351741790771486e-8,7.450580596923828e-9,-1.7881393432617188e-7,0.9831711053848267,-0.17976394295692445,-0.032550256699323657,0.1796983778476715,0.9837093353271484,-0.004952896386384964,0.03291033208370209,-0.0009796929080039263,0.9994578957557678],"EasingStyle":"Linear","EasingDirection":"In"},"Right Leg":{"Weight":1,"CFrame":[0.3270622193813324,0.12153816223144531,0.18590283393859864,0.9194724559783936,-0.2036818116903305,-0.3362799286842346,0.2222527265548706,0.9748366475105286,0.017243999987840654,0.3243057131767273,-0.09059452265501023,0.9416042566299439],"EasingStyle":"Linear","EasingDirection":"In"},"Torso":{"Weight":1,"CFrame":[0.6341040134429932,-0.07736124098300934,0.047997474670410159,0.9848499894142151,0.1582416296005249,0.07092291116714478,-0.15110526978969575,0.9837765097618103,-0.09670159965753555,-0.08507449179887772,0.08451974391937256,0.9927834272384644],"EasingStyle":"Linear","EasingDirection":"In"},"HumanoidRootPart":{"Weight":1,"CFrame":[0,0,0,1,0,0,0,1,0,0,0,1],"EasingStyle":"Linear","EasingDirection":"In"},"Left Arm":{"Weight":1,"CFrame":[-0.3480474054813385,-0.482631117105484,0.4859086275100708,-0.42333707213401797,0.40818384289741518,-0.8088088631629944,-0.888701856136322,-0.013612902723252774,0.4582836925983429,0.17605377733707429,0.9127983450889587,0.3685164153575897],"EasingStyle":"Linear","EasingDirection":"In"}}},{"Time":0.6333333253860474,"poses":{"Left Leg":{"Weight":1,"CFrame":[-0.4369691014289856,0.1419190764427185,0.2679271697998047,0.8472442030906677,-0.35029587149620058,0.3993370831012726,0.34399646520614626,0.9346446990966797,0.09003196656703949,-0.40477609634399416,0.06109149008989334,0.9123728275299072],"EasingStyle":"Linear","EasingDirection":"In"},"Right Arm":{"Weight":1,"CFrame":[0.36895549297332766,-0.4529149532318115,0.3125619888305664,-0.33142831921577456,-0.2713184356689453,0.9036270380020142,0.9340466260910034,0.04074523225426674,0.3548194468021393,-0.13308744132518769,0.9616268873214722,0.23991985619068147],"EasingStyle":"Linear","EasingDirection":"In"},"Head":{"Weight":1,"CFrame":[6.705522537231445e-8,4.470348358154297e-8,-1.19209289