{"Sequence":[{"Time":0,"poses":{"Left Leg":{"Weight":1,"CFrame":[0.044614169746637347,-0.005062222480773926,-0.0059059858322143559,0.9967936873435974,0.05155211314558983,0.061194684356451038,-0.05113837867975235,0.9986571073532105,-0.008309395052492619,-0.06154089793562889,0.005153360310941935,0.9980912804603577],"EasingStyle":"Constant","EasingDirection":"In"},"Right Arm":{"Weight":1,"CFrame":[-0.35560691356658938,-0.16510093212127686,-0.19732242822647096,0.9228441119194031,0.1070181280374527,-0.3700081408023834,-0.17157311737537385,0.9742729663848877,-0.14613297581672669,0.34485000371932986,0.1983412504196167,0.9174635410308838],"EasingStyle":"Constant","EasingDirection":"In"},"Head":{"Weight":1,"CFrame":[8.88794176034935e-8,-1.1175870895385743e-8,0.016661763191223146,0.9999546408653259,-0.009493832476437092,-0.0007596167852170765,0.009303738363087178,0.9907523989677429,-0.13536334037780763,0.002037667203694582,0.13535010814666749,0.9907957315444946],"EasingStyle":"Constant","EasingDirection":"In"},"Left Arm":{"Weight":1,"CFrame":[-0.2570183575153351,-0.2746398448944092,-0.21922904253005982,0.8395754098892212,0.07805588096380234,-0.5376063585281372,-0.11238657683134079,0.9931710958480835,-0.031313467770814899,0.531490683555603,0.08670962601900101,0.8426142930984497],"EasingStyle":"Constant","EasingDirection":"In"},"Torso":{"Weight":1,"CFrame":[0,-0.023739606142044069,-0.0003426074981689453,1,2.3841860752327195e-7,-8.742278367890322e-8,-2.408423256383685e-7,0.9995835423469544,-0.028860652819275857,8.050544408888527e-8,0.028860652819275857,0.9995835423469544],"EasingStyle":"Constant","EasingDirection":"In"},"HumanoidRootPart":{"Weight":0,"CFrame":[0,0,0,1,0,0,0,1,0,0,0,1],"EasingStyle":"Linear","EasingDirection":"In"},"Right Leg":{"Weight":1,"CFrame":[-0.055241186171770099,-0.016413331031799318,-0.0056296586990356449,0.9844399690628052,0.021956704556941987,-0.17434391379356385,-0.028008781373500825,0.9990848302841187,-0.03232869505882263,0.17347456514835359,0.03670879080891609,0.9841540455818176],"EasingStyle":"Constant","EasingDirection":"In"}}},{"Time":0.0416666679084301,"poses":{"Left Leg":{"Weight":1,"CFrame":[0.044614169746637347,-0.005062222480773926,-0.0059059858322143559,0.9967936873435974,0.05155211314558983,0.061194684356451038,-0.05113837867975235,0.9986571073532105,-0.008309395052492619,-0.06154089793562889,0.005153360310941935,0.9980912804603577],"EasingStyle":"Constant","EasingDirection":"In"},"Right Arm":{"Weight":1,"CFrame":[-0.35560691356658938,-0.16510093212127686,-0.19732242822647096,0.9228441119194031,0.1070181280374527,-0.3700081408023834,-0.17157311737537385,0.9742729663848877,-0.14613297581672669,0.34485000371932986,0.1983412504196167,0.9174635410308838],"EasingStyle":"Constant","EasingDirection":"In"},"Head":{"Weight":1,"CFrame":[8.88794176034935e-8,-1.1175870895385743e-8,0.016661763191223146,0.9999546408653259,-0.009493832476437092,-0.0007596167852170765,0.009303738363087178,0.9907523989677429,-0.13536334037780763,0.002037667203694582,0.13535010814666749,0.9907957315444946],"EasingStyle":"Constant","EasingDirection":"In"},"Left Arm":{"Weight":1,"CFrame":[-0.2570183575153351,-0.2746398448944092,-0.21922904253005982,0.8395754098892212,0.07805588096380234,-0.5376063585281372,-0.11238657683134079,0.9931710958480835,-0.031313467770814899,0.531490683555603,0.08670962601900101,0.8426142930984497],"EasingStyle":"Constant","EasingDirection":"In"},"Torso":{"Weight":1,"CFrame":[0,-0.023739606142044069,-0.0003426074981689453,1,2.3841860752327195e-7,-8.742278367890322e-8,-2.408423256383685e-7,0.9995835423469544,-0.028860652819275857,8.050544408888527e-8,0.028860652819275857,0.9995835423469544],"EasingStyle":"Constant","EasingDirection":"In"},"HumanoidRootPart":{"Weight":0,"CFrame":[0,0,0,1,0,0,0,1,0,0,0,1],"EasingStyle":"Linear","EasingDirection":"In"},"Right Leg":{"Weight":1,"CFrame":[-0.055241186171770099,-0.016413331031799318,-0.0056296586990356449,0.9844399690628052,0.021956704556941987,-0.17434391379356385,-0.028008781373500825,0.9990848302841187,-0.03232869505882263,0.17347456514835359,0.03670879080891609,0.9841540455818176],"EasingStyle":"Constant","EasingDirection":"In"}}},{"Time":0.0833333358168602,"poses":{"Left Leg":{"Weight":1,"CFrame":[-0.0023024994879961015,0.00343245267868042,-0.021554172039031984,0.9983683228492737,0.023306839168071748,0.052129343152046207,-0.0238580834120512,0.9996656179428101,0.009976732544600964,-0.05187942087650299,-0.011204143986105919,0.9985905289649963],"EasingStyle":"Constant","EasingDirection":"In"},"Right Arm":{"Weight":1,"CFrame":[-0.0784967914223671,-0.6391745209693909,-0.23193788528442384,0.04735900089144707,-0.2446630299091339,-0.9684509038925171,0.9937306046485901,0.1098412498831749,0.020845651626586915,0.1012757271528244,-0.9633663892745972,0.24833104014396668],"EasingStyle":"Constant","EasingDirection":"In"},"Head":{"Weight":1,"CFrame":[8.887940339263878e-8,3.725290298461914e-9,0.016661643981933595,0.9999547004699707,-0.009493879042565823,-0.000759620510507375,0.009474145248532296,0.9996961951255798,-0.0227567907422781,0.000975442526396364,0.022748565301299096,0.9997407793998718],"EasingStyle":"Constant","EasingDirection":"In"},"Left Arm":{"Weight":1,"CFrame":[0.024798432365059854,-0.29403233528137209,0.1154090166091919,0.9924019575119019,0.011243108659982682,-0.12252332270145416,0.021119046956300737,0.9654713869094849,0.2596517503261566,0.12121200561523438,-0.2602667212486267,0.9578982591629028],"EasingStyle":"Constant","EasingDirection":"In"},"Torso":{"Weight":1,"CFrame":[0,0.015382666140794754,-0.0001437664031982422,1,2.384185791015625e-7,-8.742277657347586e-8,-2.3674199667311769e-7,0.999825119972229,0.018700966611504556,9.186614136069693e-8,-0.018700966611504556,0.999825119972229],"EasingStyle":"Constant","EasingDirection":"In"},"HumanoidRootPart":{"Weight":0,"CFrame":[0,0,0,1,0,0,0,1,0,0,0,1],"EasingStyle":"Linear","EasingDirection":"In"},"Right Leg":{"Weight":1,"CFrame":[-0.03590653836727142,-0.011884927749633789,-0.001375436782836914,0.9880463480949402,0.07362766563892365,-0.13543768227100373,-0.07783227413892746,0.9966272115707398,-0.026008402928709985,0.13306602835655213,0.0362388901412487,0.9904444813728333],"EasingStyle":"Constant","EasingDirection":"In"}}},{"Time":0.125,"poses":{"Left Leg":{"Weight":1,"CFrame":[-0.0023024994879961015,0.00343245267868042,-0.021554172039031984,0.9983683228492737,0.023306839168071748,0.052129343152046207,-0.0238580834120512,0.9996656179428101,0.009976732544600964,-0.05187942087650299,-0.011204143986105919,0.9985905289649963],"EasingStyle":"Constant","EasingDirection":"In"},"Right Arm":{"Weight":1,"CFrame":[-0.0784967914223671,-0.6391745209693909,-0.23193788528442384,0.04735900089144707,-0.2446630299091339,-0.9684509038925171,0.9937306046485901,0.1098412498831749,0.020845651626586915,0.1012757271528244,-0.9633663892745972,0.24833104014396668],"EasingStyle":"Constant","EasingDirection":"In"},"Head":{"Weight":1,"CFrame":[8.887940339263878e-8,3.725290298461914e-9,0.016661643981933595,0.9999547004699707,-0.009493879042565823,-0.000759620510507375,0.009474145248532296,0.9996961951255798,-0.0227567907422781,0.000975442526396364,0.022748565301299096,0.9997407793998718],"EasingStyle":"Constant","EasingDirection":"In"},"Left Arm":{"Weight":1,"CFrame":[0.024798432365059854,-0.29403233528137209,0.1154090166091919,0.9924019575119019,0.011243108659982682,-0.12252332270145416,0.021119046956300737,0.9654713869094849,0.2596517503261566,0.12121200561523438,-0.2602667212486267,0.9578982591629028],"EasingStyle":"Constant","EasingDirection":"In"},"Torso":{"Weight":1,"CFrame":[0,0.015382666140794754,-0.0001437664031982422,1,2.384185791015625e-7,-8.742277657347586e-8,-2.3674199667311769e-7,0.999825119972229,0.018700966611504556,9.186614136069693e-8,-0.018700966611504556,0.999825119972229],"EasingStyle":"Constant","EasingDirection":"In"},"HumanoidRootPart":{"Weight":0,"CFrame":[0,0,0,1,0,0,0,1,0,0,0,1],"EasingStyle":"Linear","EasingDirection":"In"},"Right Leg":{"Weight":1,"CFrame":[-0.03590653836727142,-0.011884927749633789,-0.001375436782836914,0.9880463480949402,0.07362766563892365,-0.13543768227100373,-0.07783227413892746,0.9966272115707398,-0.026008402928709985,0.13306602835655213,0.0362388901412487,0.9904444813728333],"EasingStyle":"Constant","EasingDirection":"In"}}},{"Time":0.1666666716337204,"poses":{"Left Leg":{"Weight":1,"CFrame":[-0.0023024994879961015,0.00343245267868042,-0.021554172039031984,0.9983683228492737,0.023306839168071748,0.052129343152046207,-0.0238580834120512,0.9996656179428101,0.009976732544600964,-0.05187942087650299,-0.011204143986105919,0.9985905289649963],"EasingStyle":"Constant","EasingDirection":"In"},"Right Arm":{"Weight":1,"CFrame":[-0.0784967914223671,-0.6391745209693909,-0.23193788528442384,0.04735900089144707,-0.2446630299091339,-0.9684509038925171,0.9937306046485901,0.1098412498831749,0.020845651626586915,0.1012757271528244,-0.9633663892745972,0.24833104014396668],"EasingStyle":"Constant","EasingDirection":"In"},"Head":{"Weight":1,"CFrame":[8.887940339263878e-8,3.725290298461914e-9,0.016661643981933595,0.9999547004699707,-0.009493879042565823,-0.000759620510507375,0.009474145248532296,0.9996961951255798,-0.0227567907422781,0.000975442526396364,0.022748565301299096,0.9997407793998718],"EasingStyle":"Constant","EasingDirection":"In"},"Left Arm":{"Weight":1,"CFrame":[0.024798432365059854,-0.29403233528137209,0.1154090166091919,0.9924019575119019,0.011243108659982682,-0.12252332270145416,0.021119046956300737,0.9654713869094849,0.2596517503261566,0.12121200561523438,-0.2602667212486267,0.9578982591629028],"EasingStyle":"Constant","EasingDirection":"In"},"Torso":{"Weight":1,"CFrame":[0,0.015382666140794754,-0.0001437664031982422,1,2.384185791015625e-7,-8.742277657347586e-8,-2.3674199667311769e-7,0.999825119972229,0.018700966611504556,9.186614136069693e-8,-0.018700966611504556,0.999825119972229],"EasingStyle":"Constant","EasingDirection":"In"},"HumanoidRootPart":{"Weight":0,"CFrame":[0,0,0,1,0,0,0,1,0,0,0,1],"EasingStyle":"Linear","EasingDirection":"In"},"Right Leg":{"Weight":1,"CFrame":[-0.03590653836727142,-0.011884927749633789,-0.001375436782836914,0.9880463480949402,0.07362766563892365,-0.13543768227100373,-0.07783227413892746,0.9966272115707398,-0.026008402928709985,0.13306602835655213,0.0362388901412487,0.9904444813728333],"EasingStyle":"Constant","EasingDirection":"In"}}},{"Time":0.2083333283662796,"poses":{"Left Leg":{"Weight":1,"CFrame":[-0.17648179829120637,0.009058892726898194,-0.040818989276885989,0.9926702380180359,0.07375927269458771,-0.09573597460985184,-0.07585109770298004,0.9969496130943298,-0.018392890691757203,0.09408723562955857,0.025519777089357377,0.995236873626709],"EasingStyle":"Constant","EasingDirection":"In"},"Right Arm":{"Weight":1,"CFrame":[0.6632587909698486,-0.5740114450454712,-0.0660279393196106,-0.9790886044502258,-0.05160220339894295,-0.19678080081939698,0.08377102762460709,-0.9837446212768555,-0.1588360071182251,-0.18538573384284974,-0.17199906706809998,0.9674960374832153],"EasingStyle":"Constant","EasingDirection":"In"},"Head":{"Weight":1,"CFrame":[9.07009791717428e-8,-1.1641532182693482e-9,0.016662001609802247,0.9999821782112122,0.005928541999310255,-0.0008221223251894116,-0.005945638753473759,0.9997236728668213,-0.022744562476873399,0.0006869974313303828,0.02274913527071476,0.9997410774230957],"EasingStyle":"Constant","EasingDirection":"In"},"Left Arm":{"Weight":1,"CFrame":[0.002819649875164032,-0.8067739009857178,-0.11033648252487183,-0.20173275470733643,0.32682421803474429,0.9233037233352661,-0.9706107378005981,-0.1930040568113327,-0.14375071227550507,0.13122008740901948,-0.9251677989959717,0.35615459084510805],"EasingStyle":"Constant","EasingDirection":"In"},"Torso":{"Weight":1,"CFrame":[0.022794371470808984,0.016660600900650026,-0.0004949569702148438,0.9998810887336731,-0.015419147908687592,-0.0002884951827581972,0.015421845018863678,0.9997063279151917,0.018698738887906076,9.187218097395089e-8,-0.018700966611504556,0.999825119972229],"EasingStyle":"Constant","EasingDirection":"In"},"HumanoidRootPart":{"Weight":0,"CFrame":[0,0,0,1,0,0,0,1,0,0,0,1],"EasingStyle":"Linear","EasingDirection":"In"},"Right Leg":{"Weight":1,"CFrame":[-0.04212779551744461,0.05165320634841919,-0.0027701258659362795,0.9858571887016296,0.07426775246858597,-0.1502332240343094,-0.0769842118024826,0.9969560503959656,-0.012338928878307343,0.14885957539081574,0.023729979991912843,0.9885736107826233],"EasingStyle":"Constant","EasingDirection":"In"}}},{"Time":0.25,"poses":{"Left Leg":{"Weight":1,"CFrame":[-0.17648179829120637,0.009058892726898194,-0.040818989276885989,0.9926702380180359,0.07375927269458771,-0.09573597460985184,-0.07585109770298004,0.9969496130943298,-0.018392890691757203,0.09408723562955857,0.025519777089357377,0.995236873626709],"EasingStyle":"Constant","EasingDirection":"In"},"Right Arm":{"Weight":1,"CFrame":[0.6632587909698486,-0.5740114450454712,-0.0660279393196106,-0.9790886044502258,-0.05160220339894295,-0.19678080081939698,0.08377102762460709,-0.9837446212768555,-0.1588360071182251,-0.18538573384284974,-0.17199906706809998,0.9674960374832153],"EasingStyle":"Constant","EasingDirection":"In"},"Head":{"Weight":1,"CFrame":[9.07009791717428e-8,-1.1641532182693482e-9,0.016662001609802247,0.9999821782112122,0.005928541999310255,-0.0008221223251894116,-0.005945638753473759,0.9997236728668213,-0.022744562476873399,0.0006869974313303828,0.02274913527071476,0.9997410774230957],"EasingStyle":"Constant","EasingDirection":"In"},"Left Arm":{"Weight":1,"CFrame":[0.002819649875164032,-0.8067739009857178,-0.11033648252487183,-0.20173275470733643,0.32682421803474429,0.9233037233352661,-0.9706107378005981,-0.1930040568113327,-0.14375071227550507,0.13122008740901948,-0.9251677989959717,0.35615459084510805],"EasingStyle":"Constant","EasingDirection":"In"},"Torso":{"Weight":1,"CFrame":[0.022794371470808984,0.016660600900650026,-0.0004949569702148438,0.9998810887336731,-0.015419147908687592,-0.0002884951827581972,0.015421845018863678,0.9997063279151917,0.018698738887906076,9.187218097395089e-8,-0.018700966611504556,0.999825119972229],"EasingStyle":"Constant","EasingDirection":"In"},"HumanoidRootPart":{"Weight":0,"CFrame":[0,0,0,1,0,0,0,1,0,0,0,1],"EasingStyle":"Linear","EasingDirection":"In"},"Right Leg":{"Weight":1,"CFrame":[-0.04212779551744461,0.05165320634841919,-0.0027701258659362795,0.9858571887016296,0.07426775246858597,-0.1502332240343094,-0.0769842118024826,0.9969560503959656,-0.012338928878307343,0.14885957539081574,0.023729979991912843,0.9885736107826233],"EasingStyle":"Constant","EasingDirection":"In"}}},{"Time":0.2916666567325592,"poses":{"Left Leg":{"Weight":1,"CFrame":[-0.17648179829120637,0.009058892726898194,-0.040818989276885989,0.9926702380180359,0.07375927269458771,-0.09573597460985184,-0.07585109770298004,0.9969496130943298,-0.018392890691757203,0.09408723562955857,0.025519777089357377,0.995236873626709],"EasingStyle":"Constant","EasingDirection":"In"},"Right Arm":{"Weight":1,"CFrame":[0.6632587909698486,-0.5740114450454712,-0.0660279393196106,-0.9790886044502258,-0.05160220339894295,-0.19678080081939698,0.08377102762460709,-0.9837446212768555,-0.1588360071182251,-0.18538573384284974,-0.17199906706809998,0.9674960374832153],"EasingStyle":"Constant","EasingDirection":"In"},"Head":{"Weight":1,"CFrame":[9.07009791717428e-8,-1.1641532182693482e-9,0.016662001609802247,0.9999821782112122,0.005928541999310255,-0.0008221223251894116,-0.005945638753473759,0.9997236728668213,-0.022744562476873399,0.0006869974313303828,0.02274913527071476,0.9997410774230957],"EasingStyle":"Constant","EasingDirection":"In"},"Left Arm":{"Weight":1,"CFrame":[0.002819649875164032,-0.8067739009857178,-0.11033648252487183,-0.20173275470733643,0.32682421803474429,0.9233037233352661,-0.9706107378005981,-0.1930040568113327,-0.14375071227550507,0.13122008740901948,-0.9251677989959717,0.35615459084510805],"EasingStyle":"Constant","EasingDirection":"In"},"Torso":{"Weight":1,"CFrame":[0.022794371470808984,0.016660600900650026,-0.0004949569702148438,0.9998810887336731,-0.015419147908687592,-0.0002884951827581972,0.015421845018863678,0.9997063279151917,0.018698738887906076,9.187218097395089e-8,-0.018700966611504556,0.999825119972229],"EasingStyle":"Constant","EasingDirection":"In"},"HumanoidRootPart":{"Weight":0,"CFrame":[0,0,0,1,0,0,0,1,0,0,0,1],"EasingStyle":"Linear","EasingDirection":"In"},"Right Leg":{"Weight":1,"CFrame":[-0.04212779551744461,0.05165320634841919,-0.0027701258659362795,0.9858571887016296,0.07426775246858597,-0.1502332240343094,-0.0769842118024826,0.9969560503959656,-0.012338928878307343,0.14885957539081574,0.023729979991912843,0.9885736107826233],"EasingStyle":"Constant","EasingDirection":"In"}}},{"Time":0.3333333432674408,"poses":{"Left Leg":{"Weight":1,"CFrame":[-0.17648179829120637,0.009058892726898194,-0.040818989276885989,0.9926702380180359,0.07375927269458771,-0.09573597460985184,-0.07585109770298004,0.9969496130943298,-0.018392890691757203,0.09408723562955857,0.025519777089357377,0.995236873626709],"EasingStyle":"Constant","EasingDirection":"In"},"Right Arm":{"Weight":1,"CFrame":[0.6632587909698486,-0.5740114450454712,-0.0660279393196106,-0.9790886044502258,-0.05160220339894295,-0.19678080081939698,0.08377102762460709,-0.9837446212768555,-0.1588360071182251,-0.18538573384284974,-0.17199906706809998,0.9674960374832153],"EasingStyle":"Constant","EasingDirection":"In"},"Head":{"Weight":1,"CFrame":[9.07009791717428e-8,-1.1641532182693482e-9,0.016662001609802247,0.9999821782112122,0.005928541999310255,-0.0008221223251894116,-0.005945638753473759,0.9997236728668213,-0.022744562476873399,0.0006869974313303828,0.02274913527071476,0.9997410774230957],"EasingStyle":"Constant","EasingDirection":"In"},"Left Arm":{"Weight":1,"CFrame":[0.002819649875164032,-0.8067739009857178,-0.11033648252487183,-0.20173275470733643,0.32682421803474429,0.9233037233352661,-0.9706107378005981,-0.1930040568113327,-0.14375071227550507,0.13122008740901948,-0.9251677989959717,0.35615459084510805],"EasingStyle":"Constant","EasingDirection":"In"},"Torso":{"Weight":1,"CFrame":[0.022794371470808984,0.016660600900650026,-0.0004949569702148438,0.9998810887336731,-0.015419147908687592,-0.0002884951827581972,0.015421845018863678,0.9997063279151917,0.018698738887906076,9.187218097395089e-8,-0.018700966611504556,0.999825119972229],"EasingStyle":"Constant","EasingDirection":"In"},"HumanoidRootPart":{"Weight":0,"CFrame":[0,0,0,1,0,0,0,1,0,0,0,1],"EasingStyle":"Linear","EasingDirection":"In"},"Right Leg":{"Weight":1,"CFrame":[-0.04212779551744461,0.05165320634841919,-0.0027701258659362795,0.9858571887016296,0.07426775246858597,-0.1502332240343094,-0.0769842118024826,0.9969560503959656,-0.012338928878307343,0.14885957539081574,0.023729979991912843,0.9885736107826233],"EasingStyle":"Constant","EasingDirection":"In"}}},{"Time":0.375,"poses":{"Left Leg":{"Weight":1,"CFrame":[-0.3650463819503784,-0.08169066905975342,-0.08242928981781006,0.9530001878738403,-0.1458822339773178,-0.2655353546142578,0.09868387877941132,0.9781120419502258,-0.1831897348165512,0.2864473760128021,0.14837580919265748,0.9465371966362],"EasingStyle":"Constant","EasingDirection":"In"},"Right Arm":{"Weight":1,"CFrame":[0.058492258191108707,-0.6789703369140625,-0.03233689069747925,-0.04715089127421379,-0.9791245460510254,0.19771714508533479,0.99835205078125,-0.052675433456897739,-0.022773077711462976,0.03271253779530525,0.19631750881671906,0.9799945950508118],"EasingStyle":"Constant","EasingDirection":"In"},"Head":{"Weight":1,"CFrame":[9.872019290924072e-8,-5.587935447692871e-8,0.016661882400512697,0.9834617376327515,-0.008696953766047955,-0.18090702593326569,-0.010523049160838128,0.994415283203125,-0.10501216351985932,0.18080992996692658,0.10517915338277817,0.9778778553009033],"EasingStyle":"Constant","EasingDirection":"In"},"Left Arm":{"Weight":1,"CFrame":[-0.06677645444869995,-0.5074064135551453,0.2679164409637451,-0.4514109492301941,0.2781433165073395,0.8478587865829468,-0.4582216739654541,-0.887583315372467,0.047212060540914538,0.7656769752502441,-0.3671952784061432,0.5281161665916443],"EasingStyle":"Constant","EasingDirection":"In"},"Torso":{"Weight":1,"CFrame":[0.06969273090362549,-0.028607308864593507,-0.08322691917419434,0.976128876209259,-0.21431761980056764,-0.035219088196754459,0.21709786355495454,0.9675692319869995,0.1291445940732956,0.006398946978151798,-0.13370774686336518,0.9910001754760742],"EasingStyle":"Constant","EasingDirection":"In"},"HumanoidRootPart":{"Weight":0,"CFrame":[0,0,0,1,0,0,0,1,0,0,0,1],"EasingStyle":"Linear","EasingDirection":"In"},"Right Leg":{"Weight":1,"CFrame":[0.6363020539283752,0.2620285153388977,0.09821796417236328,0.7548016905784607,0.6559528708457947,0.00043908110819756985,-0.6557157039642334,0.7545104026794434,0.02740485407412052,0.01764504797756672,-0.02097318321466446,0.9996243715286255],"EasingStyle":"Constant","EasingDirection":"In"}}},{"Time":0.4166666567325592,"poses":{"Left Leg":{"Weight":1,"CFrame":[-0.3650463819503784,-0.08169066905975342,-0.08242928981781006,0.9530001878738403,-0.1458822339773178,-0.2655353546142578,0.09868387877941132,0.9781120419502258,-0.1831897348165512,0.2864473760128021,0.14837580919265748,0.9465371966362],"EasingStyle":"Constant","EasingDirection":"In"},"Right Arm":{"Weight":1,"CFrame":[0.058492258191108707,-0.6789703369140625,-0.03233689069747925,-0.04715089127421379,-0.9791245460510254,0.19771714508533479,0.99835205078125,-0.052675433456897739,-0.022773077711462976,0.03271253779530525,0.19631750881671906,0.9799945950508118],"EasingStyle":"Constant","EasingDirection":"In"},"Head":{"Weight":1,"CFrame":[9.872019290924072e-8,-5.587935447692871e-8,0.016661882400512697,0.9834617376327515,-0.008696953766047955,-0.18090702593326569,-0.010523049160838128,0.994415283203125,-0.10501216351985932,0.18080992996692658,0.10517915338277817,0.9778778553009033],"EasingStyle":"Constant","EasingDirection":"In"},"Left Arm":{"Weight":1,"CFrame":[-0.06677645444869995,-0.5074064135551453,0.2679164409637451,-0.4514109492301941,0.2781433165073395,0.8478587865829468,-0.4582216739654541,-0.887583315372467,0.047212060540914538,0.7656769752502441,-0.3671952784061432,0.5281161665916443],"EasingStyle":"Constant","EasingDirection":"In"},"Torso":{"Weight":1,"CFrame":[0.06969273090362549,-0.028607308864593507,-0.08322691917419434,0.976128876209259,-0.21431761980056764,-0.035219088196754459,0.21709786355495454,0.9675692319869995,0.1291445940732956,0.006398946978151798,-0.13370774686336518,0.9910001754760742],"EasingStyle":"Constant","EasingDirection":"In"},"HumanoidRootPart":{"Weight":0,"CFrame":[0,0,0,1,0,0,0,1,0,0,0,1],"EasingStyle":"Linear","EasingDirection":"In"},"Right Leg":{"Weight":1,"CFrame":[0.6363020539283752,0.2620285153388977,0.09821796417236328,0.7548016905784607,0.6559528708457947,0.00043908110819756985,-0.6557157039642334,0.7545104026794434,0.02740485407412052,0.01764504797756672,-0.02097318321466446,0.9996243715286255],"EasingStyle":"Constant","EasingDirection":"In"}}},{"Time":0.4583333432674408,"poses":{"Left Leg":{"Weight":1,"CFrame":[0.09103390574455261,-0.335455060005188,-0.16411590576171876,0.9213675856590271,-0.14581765234470368,0.36030399799346926,0.2344827800989151,0.9478122591972351,-0.21603187918663026,-0.3099992275238037,0.2835298478603363,0.9074751734733582],"EasingStyle":"Constant","EasingDirection":"In"},"Right Arm":{"Weight":1,"CFrame":[-0.08933889865875244,-0.45554113388061526,0.4852248430252075,0.7479467988014221,0.2877368927001953,-0.5981497764587402,0.5708640217781067,0.18092724680900575,0.8008618354797363,0.33865904808044436,-0.9404641389846802,-0.028934702277183534],"EasingStyle":"Constant","EasingDirection":"In"},"Head":{"Weight":1,"CFrame":[7.398193702101708e-8,-4.330649971961975e-8,0.016661763191223146,0.9066195487976074,0.40414541959762576,-0.12127476930618286,-0.41122058033943179,0.910686731338501,-0.039338938891887668,0.09454473853111267,0.08553605526685715,0.9918392300605774],"EasingStyle":"Constant","EasingDirection":"In"},"Left Arm":{"Weight":1,"CFrame":[-0.21276968717575074,-0.9441661834716797,-0.031561315059661868,-0.6823145747184753,0.17327946424484254,-0.7102261185646057,-0.22220151126384736,-0.9746971130371094,-0.024335313588380815,-0.69647216796875,0.14120878279209138,0.7035529017448425],"EasingStyle":"Constant","EasingDirection":"In"},"Torso":{"Weight":1,"CFrame":[0.04970654845237732,-0.11748126149177551,0.08329391479492188,0.9891958236694336,0.04628841578960419,-0.1391010284423828,-0.028211843222379686,0.9912145733833313,0.12922057509422303,0.1438603699207306,-0.1239001601934433,0.9818110466003418],"EasingStyle":"Constant","EasingDirection":"In"},"HumanoidRootPart":{"Weight":0,"CFrame":[0,0,0,1,0,0,0,1,0,0,0,1],"EasingStyle":"Linear","EasingDirection":"In"},"Right Leg":{"Weight":1,"CFrame":[1.3418437242507935,-0.5166529417037964,-0.1897423267364502,0.061382900923490527,0.7508028149604797,0.6576680541038513,-0.9554302096366882,-0.14643104374408723,0.2563420534133911,0.28876540064811709,-0.6440908312797546,0.7083513140678406],"EasingStyle":"Constant","EasingDirection":"In"}}},{"Time":0.5,"poses":{"Left Leg":{"Weight":1,"CFrame":[0.09103390574455261,-0.335455060005188,-0.16411590576171876,0.9213675856590271,-0.14581765234470368,0.36030399799346926,0.2344827800989151,0.9478122591972351,-0.21603187918663026,-0.3099992275238037,0.2835298478603363,0.9074751734733582],"EasingStyle":"Constant","EasingDirection":"In"},"Right Arm":{"Weight":1,"CFrame":[-0.08933889865875244,-0.45554113388061526,0.4852248430252075,0.7479467988014221,0.2877368927001953,-0.5981497764587402,0.5708640217781067,0.18092724680900575,0.8008618354797363,0.33865904808044436,-0.9404641389846802,-0.028934702277183534],"EasingStyle":"Constant","EasingDirection":"In"},"Head":{"Weight":1,"CFrame":[7.398193702101708e-8,-4.330649971961975e-8,0.016661763191223146,0.9066195487976074,0.40414541959762576,-0.12127476930618286,-0.41122058033943179,0.910686731338501,-0.039338938891887668,0.09454473853111267,0.08553605526685715,0.9918392300605774],"EasingStyle":"Constant","EasingDirection":"In"},"Left Arm":{"Weight":1,"CFrame":[-0.21276968717575074,-0.9441661834716797,-0.031561315059661868,-0.6823145747184753,0.17327946424484254,-0.7102261185646057,-0.22220151126384736,-0.9746971130371094,-0.024335313588380815,-0.69647216796875,0.14120878279209138,0.7035529017448425],"EasingStyle":"Constant","EasingDirection":"In"},"Torso":{"Weight":1,"CFrame":[0.04970654845237732,-0.11748126149177551,0.08329391479492188,0.9891958236694336,0.04628841578960419,-0.1391010284423828,-0.028211843222379686,0.9912145733833313,0.12922057509422303,0.1438603699207306,-0.1239001601934433,0.9818110466003418],"EasingStyle":"Constant","EasingDirection":"In"},"HumanoidRootPart":{"Weight":0,"CFrame":[0,0,0,1,0,0,0,1,0,0,0,1],"EasingStyle":"Linear","EasingDirection":"In"},"Right Leg":{"Weight":1,"CFrame":[1.3418437242507935,-0.5166529417037964,-0.1897423267364502,0.061382900923490527,0.7508028149604797,0.6576680541038513,-0.9554302096366882,-0.14643104374408723,0.2563420534133911,0.28876540064811709,-0.6440908312797546,0.7083513140678406],"EasingStyle":"Constant","EasingDirection":"In"}}},{"Time":0.5416666865348816,"poses":{"Left Leg":{"Weight":1,"CFrame":[0.09103390574455261,-0.335455060005188,-0.16411590576171876,0.9213675856590271,-0.14581765234470368,0.36030399799346926,0.2344827800989151,0.9478122591972351,-0.21603187918663026,-0.3099992275238037,0.2835298478603363,0.9074751734733582],"EasingStyle":"Constant","EasingDirection":"In"},"Right Arm":{"Weight":1,"CFrame":[-0.08933889865875244,-0.45554113388061526,0.4852248430252075,0.7479467988014221,0.2877368927001953,-0.5981497764587402,0.5708640217781067,0.18092724680900575,0.8008618354797363,0.33865904808044436,-0.9404641389846802,-0.028934702277183534],"EasingStyle":"Constant","EasingDirection":"In"},"Head":{"Weight":1,"CFrame":[7.398193702101708e-8,-4.330649971961975e-8,0.016661763191223146,0.9066195487976074,0.40414541959762576,-0.12127476930618286,-0.41122058033943179,0.910686731338501,-0.039338938891887668,0.09454473853111267,0.08553605526685715,0.9918392300605774],"EasingStyle":"Constant","EasingDirection":"In"},"Left Arm":{"Weight":1,"CFrame":[-0.21276968717575074,-0.9441661834716797,-0.031561315059661868,-0.6823145747184753,0.17327946424484254,-0.7102261185646057,-0.22220151126384736,-0.9746971130371094,-0.024335313588380815,-0.69647216796875,0.14120878279209138,0.7035529017448425],"EasingStyle":"Constant","EasingDirection":"In"},"Torso":{"Weight":1,"CFrame":[0.04970654845237732,-0.11748126149177551,0.08329391479492188,0.9891958236694336,0.04628841578960419,-0.1391010284423828,-0.028211843222379686,0.9912145733833313,0.12922057509422303,0.1438603699207306,-0.1239001601934433,0.9818110466003418],"EasingStyle":"Constant","EasingDirection":"In"},"HumanoidRootPart":{"Weight":0,"CFrame":[0,0,0,1,0,0,0,1,0,0,0,1],"EasingStyle":"Linear","EasingDirection":"In"},"Right Leg":{"Weight":1,"CFrame":[1.3418437242507935,-0.5166529417037964,-0.1897423267364502,0.061382900923490527,0.7508028149604797,0.6576680541038513,-0.9554302096366882,-0.14643104374408723,0.2563420534133911,0.28876540064811709,-0.6440908312797546,0.7083513140678406],"EasingStyle":"Constant","EasingDirection":"In"}}},{"Time":0.5833333134651184,"poses":{"Left Leg":{"Weight":1,"CFrame":[-0.3258729875087738,-0.12256407737731934,0.0271914005279541,0.9065605401992798,-0.2718191146850586,0.3228970170021057,0.2970055937767029,0.9543901085853577,-0.03044957108795643,-0.29989296197891238,0.12350659817457199,0.9459441900253296],"EasingStyle":"Constant","EasingDirection":"In"},"Right Arm":{"Weight":1,"CFrame":[-0.07090072333812714,-0.8071895837783814,0.2678806781768799,-0.251473605632782,-0.3642427921295166,-0.8967096209526062,0.5784928202629089,-0.799345076084137,0.16246069967746736,-0.7759556174278259,-0.47788554430007937,0.4117261469364166],"EasingStyle":"Constant","EasingDirection":"In"},"Head":{"Weight":1,"CFrame":[6.05359673500061e-8,-7.450580596923828e-9,0.016661763191223146,0.9723019599914551,0.17238600552082063,-0.15783558785915376,-0.19498775899410249,0.9706054329872131,-0.1410844326019287,0.12887510657310487,0.16795265674591065,0.9773346781730652],"EasingStyle":"Constant","EasingDirection":"In"},"Left Arm":{"Weight":1,"CFrame":[-0.38489848375320437,-0.9775655269622803,-0.3780081272125244,0.08601471781730652,0.09574581682682038,-0.9916825294494629,-0.7720661163330078,-0.6227057576179504,-0.12708739936351777,-0.6296946406364441,0.7765759825706482,0.02036009170114994],"EasingStyle":"Constant","EasingDirection":"In"},"Torso":{"Weight":1,"CFrame":[-0.10277394205331803,-0.05424982309341431,-0.046645402908325198,0.9903854727745056,0.13372884690761567,-0.03540072590112686,-0.13028861582279206,0.9877229332923889,0.0861872136592865,0.046491824090480807,-0.08074625581502915,0.9956498146057129],"EasingStyle":"Constant","EasingDirection":"In"},"HumanoidRootPart":{"Weight":0,"CFrame":[0,0,0,1,0,0,0,1,0,0,0,1],"EasingStyle":"Linear","EasingDirection":"In"},"Right Leg":{"Weight":1,"CFrame":[1.3912346363067628,-0.10177731513977051,-0.3723105788230896,0.4035807251930237,0.7573176622390747,0.5134127140045166,-0.9145885109901428,0.3495648503303528,0.20330345630645753,-0.025505708530545236,-0.5516105890274048,0.8337116837501526],"EasingStyle":"Constant","EasingDirection":"In"}}},{"Time":0.625,"poses":{"Left Leg":{"Weight":1,"CFrame":[-0.3258729875087738,-0.12256407737731934,0.0271914005279541,0.9065605401992798,-0.2718191146850586,0.3228970170021057,0.2970055937767029,0.9543901085853577,-0.03044957108795643,-0.29989296197891238,0.12350659817457199,0.9459441900253296],"EasingStyle":"Constant","EasingDirection":"In"},"Right Arm":{"Weight":1,"CFrame":[-0.07090072333812714,-0.8071895837783814,0.2678806781768799,-0.251473605632782,-0.3642427921295166,-0.8967096209526062,0.5784928202629089,-0.799345076084137,0.16246069967746736,-0.7759556174278259,-0.47788554430007937,0.4117261469364166],"EasingStyle":"Constant","EasingDirection":"In"},"Head":{"Weight":1,"CFrame":[6.05359673500061e-8,-7.450580596923828e-9,0.016661763191223146,0.9723019599914551,0.17238600552082063,-0.15783558785915376,-0.19498775899410249,0.9706054329872131,-0.1410844326019287,0.12887510657310487,0.16795265674591065,0.9773346781730652],"EasingStyle":"Constant","EasingDirection":"In"},"Left Arm":{"Weight":1,"CFrame":[-0.38489848375320437,-0.9775655269622803,-0.3780081272125244,0.08601471781730652,0.09574581682682038,-0.9916825294494629,-0.7720661163330078,-0.6227057576179504,-0.12708739936351777,-0.6296946406364441,0.7765759825706482,0.02036009170114994],"EasingStyle":"Constant","EasingDirection":"In"},"Torso":{"Weight":1,"CFrame":[-0.10277394205331803,-0.05424982309341431,-0.046645402908325198,0.9903854727745056,0.13372884690761567,-0.03540072590112686,-0.13028861582279206,0.9877229332923889,0.0861872136592865,0.046491824090480807,-0.08074625581502915,0.9956498146057129],"EasingStyle":"Constant","EasingDirection":"In"},"HumanoidRootPart":{"Weight":0,"CFrame":[0,0,0,1,0,0,0,1,0,0,0,1],"EasingStyle":"Linear","EasingDirection":"In"},"Right Leg":{"Weight":1,"CFrame":[1.3912346363067628,-0.10177731513977051,-0.3723105788230896,0.4035807251930237,0.7573176622390747,0.5134127140045166,-0.9145885109901428,0.3495648503303528,0.20330345630645753,-0.025505708530545236,-0.5516105890274048,0.8337116837501526],"EasingStyle":"Constant","EasingDirection":"In"}}},{"Time":0.6666666865348816,"poses":{"Left Leg":{"Weight":1,"CFrame":[-0.3258729875087738,-0.12256407737731934,0.0271914005279541,0.9065605401992798,-0.2718191146850586,0.3228970170021057,0.2970055937767029,0.9543901085853577,-0.03044957108795643,-0.29989296197891238,0.12350659817457199,0.9459441900253296],"EasingStyle":"Constant","EasingDirection":"In"},"Right Arm":{"Weight":1,"CFrame":[-0.07090072333812714,-0.8071895837783814,0.2678806781768799,-0.251473605632782,-0.3642427921295166,-0.8967096209526062,0.5784928202629089,-0.799345076084137,0.16246069967746736,-0.7759556174278259,-0.47788554430007937,0.4117261469364166],"EasingStyle":"Constant","EasingDirection":"In"},"Head":{"Weight":1,"CFrame":[6.05359673500061e-8,-7.450580596923828e-9,0.016661763191223146,0.9723019599914551,0.17238600552082063,-0.15783558785915376,-0.19498775899410249,0.9706054329872131,-0.1410844326019287,0.12887510657310487,0.16795265674591065,0.9773346781730652],"EasingStyle":"Constant","EasingDirection":"In"},"Left Arm":{"Weight":1,"CFrame":[-0.38489848375320437,-0.9775655269622803,-0.3780081272125244,0.08601471781730652,0.09574581682682038,-0.9916825294494629,-0.7720661163330078,-0.6227057576179504,-0.12708739936351777,-0.6296946406364441,0.7765759825706482,0.02036009170114994],"EasingStyle":"Constant","EasingDirection":"In"},"Torso":{"Weight":1,"CFrame":[-0.10277394205331803,-0.05424982309341431,-0.046645402908325198,0.9903854727745056,0.13372884690761567,-0.03540072590112686,-0.13028861582279206,0.9877229332923889,0.0861872136592865,0.046491824090480807,-0.08074625581502915,0.9956498146057129],"EasingStyle":"Constant","EasingDirection":"In"},"HumanoidRootPart":{"Weight":0,"CFrame":[0,0,0,1,0,0,0,1,0,0,0,1],"EasingStyle":"Linear","EasingDirection":"In"},"Right Leg":{"Weight":1,"CFrame":[1.3912346363067628,-0.10177731513977051,-0.3723105788230896,0.4035807251930237,0.7573176622390747,0.5134127140045166,-0.9145885109901428,0.3495648503303528,0.20330345630645753,-0.025505708530545236,-0.5516105890274048,0.8337116837501526],"EasingStyle":"Constant","EasingDirection":"In"}}},{"Time":0.7083333134651184,"poses":{"Left Leg":{"Weight":1,"CFrame":[-0.3258729875087738,-0.12256407737731934,0.0271914005279541,0.9065605401992798,-0.2718191146850586,0.3228970170021057,0.2970055937767029,0.9543901085853577,-0.03044957108795643,-0.29989296197891238,0.12350659817457199,0.9459441900253296],"EasingStyle":"Constant","EasingDirection":"In"},"Right Arm":{"Weight":1,"CFrame":[-0.07090072333812714,-0.8071895837783814,0.2678806781768799,-0.251473605632782,-0.3642427921295166,-0.8967096209526062,0.5784928202629089,-0.799345076084137,0.16246069967746736,-0.7759556174278259,-0.47788554430007937,0.4117261469364166],"EasingStyle":"Constant","EasingDirection":"In"},"Head":{"Weight":1,"CFrame":[6.05359673500061e-8,-7.450580596923828e-9,0.016661763191223146,0.9723019599914551,0.17238600552082063,-0.15783558785915376,-0.19498775899410249,0.9706054329872131,-0.1410844326019287,0.12887510657310487,0.16795265674591065,0.9773346781730652],"EasingStyle":"Constant","EasingDirection":"In"},"Left Arm":{"Weight":1,"CFrame":[-0.38489848375320437,-0.9775655269622803,-0.3780081272125244,0.08601471781730652,0.09574581682682038,-0.9916825294494629,-0.7720661163330078,-0.6227057576179504,-0.12708739936351777,-0.6296946406364441,0.7765759825706482,0.02036009170114994],"EasingStyle":"Constant","EasingDirection":"In"},"Torso":{"Weight":1,"CFrame":[-0.10277394205331803,-0.05424982309341431,-0.046645402908325198,0.9903854727745056,0.13372884690761567,-0.03540072590112686,-0.13028861582279206,0.9877229332923889,0.0861872136592865,0.046491824090480807,-0.08074625581502915,0.9956498146057129],"EasingStyle":"Constant","EasingDirection":"In"},"HumanoidRootPart":{"Weight":0,"CFrame":[0,0,0,1,0,0,0,1,0,0,0,1],"EasingStyle":"Linear","EasingDirection":"In"},"Right Leg":{"Weight":1,"CFrame":[1.3912346363067628,-0.10177731513977051,-0.3723105788230896,0.4035807251930237,0.7573176622390747,0.5134127140045166,-0.9145885109901428,0.3495648503303528,0.20330345630645753,-0.025505708530545236,-0.5516105890274048,0.8337116837501526],"EasingStyle":"Constant","EasingDirection":"In"}}},{"Time":0.75,"poses":{"Left Leg":{"Weight":1,"CFrame":[-0.5577365159988403,0.28927743434906008,0.13497841358184815,0.8935746550559998,-0.2966441810131073,0.3369370996952057,0.30942848324775698,0.9507802128791809,0.016459498554468156,-0.3252357542514801,0.08955017477273941,0.9413833618164063],"EasingStyle":"Constant","EasingDirection":"In"},"Right Arm":{"Weight":1,"CFrame":[-0.5313557386398315,-0.049771666526794437,0.044888973236083987,0.9663925766944885,0.1309199333190918,0.22123628854751588,0.0036010616458952429,0.8536250591278076,-0.5208756923675537,-0.2570458650588989,0.5041669011116028,0.8244653940200806],"EasingStyle":"Constant","EasingDirection":"In"},"Head":{"Weight":1,"CFrame":[6.239861249923706e-8,-2.561137080192566e-8,0.016662001609802247,0.997123658657074,0.01681983470916748,-0.07390186935663223,-0.015109521336853505,0.9996063709259033,0.023641284555196763,0.07427039742469788,-0.022456588223576547,0.9969853758811951],"EasingStyle":"Constant","EasingDirection":"In"},"Left Arm":{"Weight":1,"CFrame":[-0.7928370833396912,-0.20340809226036073,-0.8932583332061768,0.932717502117157,0.3373427391052246,0.12742842733860017,-0.07478458434343338,0.5266404747962952,-0.8467922806739807,-0.352768212556839,0.7802882194519043,0.5164347887039185],"EasingStyle":"Constant","EasingDirection":"In"},"Torso":{"Weight":1,"CFrame":[0.005971267819404602,-0.22213751077651978,-0.3889913558959961,0.9973134994506836,-0.021253440529108049,0.07010182738304138,0.02283257432281971,0.999501645565033,-0.02180233784019947,-0.06960351765155792,0.0233443696051836,0.9973015785217285],"EasingStyle":"Constant","EasingDirection":"In"},"HumanoidRootPart":{"Weight":0,"CFrame":[0,0,0,1,0,0,0,1,0,0,0,1],"EasingStyle":"Linear","EasingDirection":"In"},"Right Leg":{"Weight":1,"CFrame":[1.0122672319412232,0.30900394916534426,-0.1352660059928894,0.667107880115509,0.7220225930213928,0.18344102799892426,-0.7430697679519653,0.6624605059623718,0.09483281522989273,-0.0530509389936924,-0.19957327842712403,0.9784457683563232],"EasingStyle":"Constant","EasingDirection":"In"}}},{"Time":0.7916666865348816,"poses":{"Left Leg":{"Weight":1,"CFrame":[-0.5577365159988403,0.28927743434906008,0.13497841358184815,0.8935746550559998,-0.2966441810131073,0.3369370996952057,0.30942848324775698,0.9507802128791809,0.016459498554468156,-0.3252357542514801,0.08955017477273941,0.9413833618164063],"EasingStyle":"Constant","EasingDirection":"In"},"Right Arm":{"Weight