{"Sequence":[{"Time":0,"poses":{"Left Leg":{"Weight":1,"CFrame":[-0.5268516540527344,0.04110825061798096,0.11749494075775147,0.9492835402488709,-0.2691263258457184,0.1625789850950241,0.30036255717277529,0.9290890693664551,-0.21581485867500306,-0.0929688960313797,0.2537020444869995,0.9628042578697205],"EasingStyle":"Constant","EasingDirection":"In"},"Right Leg":{"Weight":1,"CFrame":[0.3430352210998535,0.7578520774841309,-0.17288774251937867,0.9398908615112305,-0.10490970313549042,-0.3249601423740387,0.25044554471969607,0.8586785793304443,0.44715559482574465,0.23212535679340363,-0.5016622543334961,0.8333383202552795],"EasingStyle":"Constant","EasingDirection":"In"},"Left Arm":{"Weight":1,"CFrame":[-0.42460569739341738,-0.9122151136398315,-0.25780558586120608,-0.609176754951477,0.2882341146469116,-0.7387996315956116,-0.7826220989227295,-0.3689727187156677,0.5013601183891296,-0.12808772921562196,0.8836177587509155,0.450347900390625],"EasingStyle":"Constant","EasingDirection":"In"},"Head":{"Weight":1,"CFrame":[-2.2351741790771486e-8,0,4.76837158203125e-7,0.9088832139968872,-0.37585678696632388,0.18072906136512757,0.3434721827507019,0.9203969240188599,0.18680615723133088,-0.23655487596988679,-0.10770958662033081,0.9656295776367188],"EasingStyle":"Constant","EasingDirection":"In"},"Torso":{"Weight":1,"CFrame":[-0.13374876976013184,-0.10391318798065186,-0.42423295974731448,0.8944865465164185,0.3254433870315552,-0.3065623641014099,-0.3780204951763153,0.9166399240493774,-0.12989148497581483,0.23873499035835267,0.23207302391529084,0.9429463148117065],"EasingStyle":"Constant","EasingDirection":"In"},"HumanoidRootPart":{"Weight":0,"CFrame":[0,0,0,1,0,0,0,1,0,0,0,1],"EasingStyle":"Linear","EasingDirection":"In"},"Right Arm":{"Weight":1,"CFrame":[-0.0058005452156066898,0.4316166639328003,0.2964833974838257,0.5067254304885864,-0.31671637296676638,0.8018230199813843,-0.43756553530693056,0.7068847417831421,0.5557430982589722,-0.7428094148635864,-0.6324592232704163,0.2196122705936432],"EasingStyle":"Constant","EasingDirection":"In"}}},{"Time":0.10000000149011612,"poses":{"Left Leg":{"Weight":1,"CFrame":[-0.6435841917991638,0.10883045196533203,0.1528167724609375,0.9199850559234619,-0.35551780462265017,0.16502927243709565,0.3849816620349884,0.8986806869506836,-0.21014755964279176,-0.07359752058982849,0.25686579942703249,0.9636407494544983],"EasingStyle":"Constant","EasingDirection":"In"},"Right Leg":{"Weight":1,"CFrame":[0.35902929306030276,0.872783899307251,-0.24096310138702393,0.9387599229812622,-0.075246162712574,-0.33625534176826479,0.23613719642162324,0.8511678576469421,0.46877768635749819,0.2509361803531647,-0.5194721221923828,0.8168107867240906],"EasingStyle":"Constant","EasingDirection":"In"},"Left Arm":{"Weight":1,"CFrame":[-0.4245896339416504,-0.9602489471435547,-0.24126160144805909,-0.5601585507392883,0.3257877826690674,-0.761633038520813,-0.8283600211143494,-0.21308939158916474,0.5180855393409729,0.006490043364465237,0.921116292476654,0.389233261346817],"EasingStyle":"Constant","EasingDirection":"In"},"Head":{"Weight":1,"CFrame":[9.685754776000977e-8,0,2.384185791015625e-7,0.9088832139968872,-0.37585678696632388,0.18072906136512757,0.3434721827507019,0.9203969240188599,0.18680615723133088,-0.23655487596988679,-0.10770958662033081,0.9656295776367188],"EasingStyle":"Constant","EasingDirection":"In"},"Torso":{"Weight":1,"CFrame":[-0.13374876976013184,-0.10391318798065186,-0.5482540130615234,0.8944865465164185,0.3254433870315552,-0.3065623641014099,-0.3780204951763153,0.9166399240493774,-0.12989148497581483,0.23873499035835267,0.23207302391529084,0.9429463148117065],"EasingStyle":"Constant","EasingDirection":"In"},"HumanoidRootPart":{"Weight":0,"CFrame":[0,0,0,1,0,0,0,1,0,0,0,1],"EasingStyle":"Linear","EasingDirection":"In"},"Right Arm":{"Weight":1,"CFrame":[0.03230753540992737,0.2960173487663269,0.3422962427139282,0.46964359283447268,-0.28573110699653628,0.8353399038314819,-0.36006149649620058,0.8019229769706726,0.4767339527606964,-0.8060958385467529,-0.52466881275177,0.2737372815608978],"EasingStyle":"Constant","EasingDirection":"In"}}},{"Time":0.20000000298023225,"poses":{"Left Leg":{"Weight":1,"CFrame":[-0.5495919585227966,0.6029582619667053,-0.09411364793777466,0.9910522699356079,-0.04766421765089035,0.12467455863952637,0.007013501599431038,0.951371431350708,0.307966411113739,-0.1332908421754837,-0.30433639883995058,0.9431929588317871],"EasingStyle":"Constant","EasingDirection":"In"},"Right Leg":{"Weight":1,"CFrame":[0.5179412961006165,0.24892091751098634,-0.005581378936767578,0.9920197129249573,0.12269517779350281,-0.02902994304895401,-0.11956983059644699,0.988543689250946,0.09211093187332154,0.039998963475227359,-0.08790474385023117,0.9953255653381348],"EasingStyle":"Constant","EasingDirection":"In"},"Left Arm":{"Weight":1,"CFrame":[-0.32435429096221926,-0.37945979833602908,0.041387200355529788,-0.061553385108709338,0.17764529585838319,-0.9821677207946777,-0.8541916608810425,0.49964797496795657,0.14390461146831513,0.5163021683692932,0.8478173017501831,0.12098800390958786],"EasingStyle":"Constant","EasingDirection":"In"},"Head":{"Weight":1,"CFrame":[8.940696716308594e-8,4.842877388000488e-8,-2.980232238769531e-7,0.9807908535003662,0.15370185673236848,-0.12010420113801956,-0.12374477833509445,0.9662342667579651,0.2260059416294098,0.15078631043434144,-0.20680226385593415,0.9666935205459595],"EasingStyle":"Constant","EasingDirection":"In"},"Torso":{"Weight":1,"CFrame":[0.1617909073829651,-0.19834297895431519,-0.3541898727416992,0.9739833474159241,-0.12600529193878175,0.1883595734834671,0.17130418121814729,0.9535126686096191,-0.24792873859405518,-0.1483629047870636,0.27374523878097536,0.9502905011177063],"EasingStyle":"Constant","EasingDirection":"In"},"HumanoidRootPart":{"Weight":0,"CFrame":[0,0,0,1,0,0,0,1,0,0,0,1],"EasingStyle":"Linear","EasingDirection":"In"},"Right Arm":{"Weight":1,"CFrame":[0.2767579257488251,-0.47866493463516238,0.10283446311950684,0.2819024324417114,-0.7004019618034363,0.6557196974754334,0.7614197731018066,0.5791426301002502,0.2912624478340149,-0.5837560296058655,0.4171702265739441,0.6965615153312683],"EasingStyle":"Constant","EasingDirection":"In"}}},{"Time":0.30000001192092898,"poses":{"Left Leg":{"Weight":1,"CFrame":[-0.2983286380767822,0.554905116558075,-0.053221046924591067,0.9442993998527527,0.13822104036808015,0.29865309596061709,-0.24192722141742707,0.9067872166633606,0.34526553750038149,-0.22309182584285737,-0.3982863426208496,0.8897179365158081],"EasingStyle":"Constant","EasingDirection":"In"},"Right Leg":{"Weight":1,"CFrame":[0.09752008318901062,-0.04974699020385742,0.02029871940612793,0.9871430993080139,0.01662198267877102,-0.15897266566753388,-0.03889693692326546,0.9896607398986816,-0.13805338740348817,0.1550343632698059,0.14246197044849397,0.9775832295417786],"EasingStyle":"Constant","EasingDirection":"In"},"Left Arm":{"Weight":1,"CFrame":[0.0058004409074783329,0.4316166043281555,0.2964833974838257,0.5067253708839417,0.31671637296676638,-0.801823079586029,0.43756547570228579,0.7068849205970764,0.5557428598403931,0.7428094148635864,-0.6324592232704163,0.21961236000061036],"EasingStyle":"Constant","EasingDirection":"In"},"Head":{"Weight":1,"CFrame":[1.4901161193847657e-7,-1.043081283569336e-7,3.5762786865234377e-7,0.9088832139968872,0.37585678696632388,-0.1807290017604828,-0.3434721529483795,0.9203969240188599,0.18680621683597566,0.23655477166175843,-0.10770968347787857,0.9656296968460083],"EasingStyle":"Constant","EasingDirection":"In"},"Torso":{"Weight":1,"CFrame":[0.13374876976013184,-0.10391315817832947,-0.22423315048217774,0.8944865465164185,-0.32544344663619997,0.306562215089798,0.3780204951763153,0.9166399836540222,-0.1298915445804596,-0.23873478174209596,0.23207305371761323,0.9429464340209961],"EasingStyle":"Constant","EasingDirection":"In"},"HumanoidRootPart":{"Weight":0,"CFrame":[0,0,0,1,0,0,0,1,0,0,0,1],"EasingStyle":"Linear","EasingDirection":"In"},"Right Arm":{"Weight":1,"CFrame":[0.4246056079864502,-0.9122146964073181,-0.25780534744262698,-0.6091769933700562,-0.28823423385620119,0.7387994527816773,0.7826219797134399,-0.36897262930870058,0.5013604164123535,0.12808758020401,0.8836177587509155,0.45034798979759219],"EasingStyle":"Constant","EasingDirection":"In"}}},{"Time":0.4000000059604645,"poses":{"Left Leg":{"Weight":1,"CFrame":[-0.3676866292953491,0.6902414560317993,-0.08621692657470703,0.9489818215370178,0.07851947098970413,0.30539843440055849,-0.19087845087051392,0.9139452576637268,0.3581472933292389,-0.2509959042072296,-0.39816927909851076,0.8823051452636719],"EasingStyle":"Constant","EasingDirection":"In"},"Right Leg":{"Weight":1,"CFrame":[0.4031159281730652,0.027010679244995118,0.08195877075195313,0.9629037380218506,0.21469344198703767,-0.16347181797027589,-0.23638150095939637,0.9632934331893921,-0.12723802030086518,0.13015420734882356,0.16115958988666535,0.9783084988594055],"EasingStyle":"Constant","EasingDirection":"In"},"Left Arm":{"Weight":1,"CFrame":[0.053250908851623538,0.5378361940383911,0.21792185306549073,0.5216408967971802,0.326558381319046,-0.7881945371627808,0.46423447132110598,0.6664642095565796,0.5833625197410584,0.7158052325248718,-0.6702126860618591,0.19605538249015809],"EasingStyle":"Constant","EasingDirection":"In"},"Head":{"Weight":1,"CFrame":[5.960464477539063e-8,0,5.960464477539063e-7,0.9088833332061768,0.3758567273616791,-0.1807289570569992,-0.3434721529483795,0.9203968644142151,0.18680618703365327,0.23655474185943604,-0.10770966857671738,0.9656296372413635],"EasingStyle":"Constant","EasingDirection":"In"},"Torso":{"Weight":1,"CFrame":[0.1337488293647766,-0.10391315817832947,-0.3482539653778076,0.894486665725708,-0.32544344663619997,0.3065621852874756,0.3780205547809601,0.9166399836540222,-0.1298915445804596,-0.23873478174209596,0.23207305371761323,0.9429464340209961],"EasingStyle":"Constant","EasingDirection":"In"},"HumanoidRootPart":{"Weight":0,"CFrame":[0,0,0,1,0,0,0,1,0,0,0,1],"EasingStyle":"Linear","EasingDirection":"In"},"Right Arm":{"Weight":1,"CFrame":[0.4100807309150696,-0.8435783386230469,-0.24616897106170655,-0.6265630125999451,-0.2713317573070526,0.7306149005889893,0.7586591839790344,-0.42701494693756106,0.4920310080051422,0.1784798949956894,0.8625760674476624,0.47339996695518496],"EasingStyle":"Constant","EasingDirection":"In"}}},{"Time":0.5,"poses":{"Left Leg":{"Weight":1,"CFrame":[-0.35789763927459719,0.6652527451515198,-0.07876330614089966,0.9485989212989807,0.08796396851539612,0.30401068925857546,-0.1986231654882431,0.9133314490318298,0.35549214482307436,-0.24639196693897248,-0.39760300517082217,0.8838568329811096],"EasingStyle":"Constant","EasingDirection":"In"},"Right Leg":{"Weight":1,"CFrame":[0.3632356524467468,0.01339036226272583,0.07329130172729492,0.9686893224716187,0.1876697689294815,-0.16254588961601258,-0.20949387550354005,0.9692006707191467,-0.12946978211402894,0.13324208557605744,0.15946826338768006,0.9781700372695923],"EasingStyle":"Constant","EasingDirection":"In"},"Left Arm":{"Weight":1,"CFrame":[0.005800500512123108,0.4316166043281555,0.29648327827453616,0.5067253708839417,0.31671637296676638,-0.801823079586029,0.43756547570228579,0.7068849205970764,0.5557428598403931,0.7428094148635864,-0.6324592232704163,0.21961236000061036],"EasingStyle":"Constant","EasingDirection":"In"},"Head":{"Weight":1,"CFrame":[8.940696716308594e-8,1.4901161193847657e-8,3.5762786865234377e-7,0.9088832139968872,0.37585678696632388,-0.1807290017604828,-0.3434721529483795,0.9203969240188599,0.18680621683597566,0.23655477166175843,-0.10770968347787857,0.9656296968460083],"EasingStyle":"Constant","EasingDirection":"In"},"Torso":{"Weight":1,"CFrame":[0.13374876976013184,-0.10391315817832947,-0.3242330551147461,0.8944865465164185,-0.32544344663619997,0.306562215089798,0.3780204951763153,0.9166399836540222,-0.1298915445804596,-0.23873478174209596,0.23207305371761323,0.9429464340209961],"EasingStyle":"Constant","EasingDirection":"In"},"HumanoidRootPart":{"Weight":0,"CFrame":[0,0,0,1,0,0,0,1,0,0,0,1],"EasingStyle":"Linear","EasingDirection":"In"},"Right Arm":{"Weight":1,"CFrame":[0.4246055483818054,-0.9122146964073181,-0.2578052878379822,-0.6091769933700562,-0.28823423385620119,0.7387994527816773,0.7826219797134399,-0.36897262930870058,0.5013604164123535,0.12808758020401,0.8836177587509155,0.45034798979759219],"EasingStyle":"Constant","EasingDirection":"In"}}},{"Time":0.6000000238418579,"poses":{"Left Leg":{"Weight":1,"CFrame":[-0.39288854598999026,0.7899532318115234,-0.12286537885665894,0.9489713907241821,0.048202693462371829,0.31165647506713869,-0.16797290742397309,0.9136584997177124,0.37015318870544436,-0.26690515875816347,-0.4036145806312561,0.8751325607299805],"EasingStyle":"Constant","EasingDirection":"In"},"Right Leg":{"Weight":1,"CFrame":[0.5337252616882324,0.08220988512039185,0.1120448112487793,0.9370028376579285,0.3064621388912201,-0.1676502376794815,-0.3275918662548065,0.9375309348106384,-0.11712915450334549,0.121281698346138,0.1646711826324463,0.9788637161254883],"EasingStyle":"Constant","EasingDirection":"In"},"Left Arm":{"Weight":1,"CFrame":[0.05325093865394592,0.5378361940383911,0.21792185306549073,0.5216408967971802,0.326558381319046,-0.7881945371627808,0.46423447132110598,0.6664642095565796,0.5833625197410584,0.7158052325248718,-0.6702126860618591,0.19605538249015809],"EasingStyle":"Constant","EasingDirection":"In"},"Head":{"Weight":1,"CFrame":[1.1920928955078126e-7,2.9802322387695315e-8,5.960464477539063e-7,0.9088833332061768,0.3758567273616791,-0.1807289570569992,-0.3434721529483795,0.9203968644142151,0.18680618703365327,0.23655474185943604,-0.10770966857671738,0.9656296372413635],"EasingStyle":"Constant","EasingDirection":"In"},"Torso":{"Weight":1,"CFrame":[0.1337488293647766,-0.10391315817832947,-0.448253870010376,0.894486665725708,-0.32544344663619997,0.3065621852874756,0.3780205547809601,0.9166399836540222,-0.1298915445804596,-0.23873478174209596,0.23207305371761323,0.9429464340209961],"EasingStyle":"Constant","EasingDirection":"In"},"HumanoidRootPart":{"Weight":0,"CFrame":[0,0,0,1,0,0,0,1,0,0,0,1],"EasingStyle":"Linear","EasingDirection":"In"},"Right Arm":{"Weight":1,"CFrame":[0.41008076071739199,-0.8435783386230469,-0.2461690902709961,-0.6265630125999451,-0.2713317573070526,0.7306149005889893,0.7586591839790344,-0.42701494693756106,0.4920310080051422,0.1784798949956894,0.8625760674476624,0.47339996695518496],"EasingStyle":"Constant","EasingDirection":"In"}}},{"Time":0.699999988079071,"poses":{"Left Leg":{"Weight":1,"CFrame":[-0.38899940252304079,0.7665576934814453,-0.11321127414703369,0.949163019657135,0.054234255105257037,0.310077965259552,-0.1721637099981308,0.9141021966934204,0.36711975932121279,-0.263532429933548,-0.40184053778648379,0.8769691586494446],"EasingStyle":"Constant","EasingDirection":"In"},"Right Leg":{"Weight":1,"CFrame":[0.506332516670227,0.06905782222747803,0.10549461841583252,0.9434103965759277,0.2867445945739746,-0.16659590601921082,-0.3080061972141266,0.9438259601593018,-0.11968614906072617,0.12291818112134934,0.16422568261623383,0.9787344932556152],"EasingStyle":"Constant","EasingDirection":"In"},"Left Arm":{"Weight":1,"CFrame":[0.00580047070980072,0.4316161274909973,0.2964833974838257,0.5067253708839417,0.31671637296676638,-0.801823079586029,0.43756547570228579,0.7068849205970764,0.5557428598403931,0.7428094148635864,-0.6324592232704163,0.21961236000061036],"EasingStyle":"Constant","EasingDirection":"In"},"Head":{"Weight":1,"CFrame":[8.940696716308594e-8,-1.4901161193847657e-8,1.1920928955078126e-7,0.9088832139968872,0.37585678696632388,-0.1807290017604828,-0.3434721529483795,0.9203969240188599,0.18680621683597566,0.23655477166175843,-0.10770968347787857,0.9656296968460083],"EasingStyle":"Constant","EasingDirection":"In"},"Torso":{"Weight":1,"CFrame":[0.13374876976013184,-0.10391315817832947,-0.42423295974731448,0.8944865465164185,-0.32544344663619997,0.306562215089798,0.3780204951763153,0.9166399836540222,-0.1298915445804596,-0.23873478174209596,0.23207305371761323,0.9429464340209961],"EasingStyle":"Constant","EasingDirection":"In"},"HumanoidRootPart":{"Weight":0,"CFrame":[0,0,0,1,0,0,0,1,0,0,0,1],"EasingStyle":"Linear","EasingDirection":"In"},"Right Arm":{"Weight":1,"CFrame":[0.4246055781841278,-0.9122151732444763,-0.25780540704727175,-0.6091769933700562,-0.28823423385620119,0.7387994527816773,0.7826219797134399,-0.36897262930870058,0.5013604164123535,0.12808758020401,0.8836177587509155,0.45034798979759219],"EasingStyle":"Constant","EasingDirection":"In"}}},{"Time":0.800000011920929,"poses":{"Left Leg":{"Weight":1,"CFrame":[-0.3952614665031433,0.8841371536254883,-0.1693233847618103,0.9473103284835815,0.031047813594341279,0.3188091814517975,-0.15902303159236909,0.9095604419708252,0.3839421570301056,-0.2780556380748749,-0.41441023349761965,0.8665732741355896],"EasingStyle":"Constant","EasingDirection":"In"},"Right Leg":{"Weight":1,"CFrame":[0.6292563080787659,0.13719063997268678,0.1361069679260254,0.9096981287002564,0.3777775466442108,-0.1724339723587036,-0.39836981892585757,0.9111399054527283,-0.10547854751348496,0.11726409196853638,0.16464611887931825,0.9793573617935181],"EasingStyle":"Constant","EasingDirection":"In"},"Left Arm":{"Weight":1,"CFrame":[0.053250908851623538,0.537835955619812,0.21792185306549073,0.5216408967971802,0.326558381319046,-0.7881945371627808,0.46423447132110598,0.6664642095565796,0.5833625197410584,0.7158052325248718,-0.6702126860618591,0.19605538249015809],"EasingStyle":"Constant","EasingDirection":"In"},"Head":{"Weight":1,"CFrame":[1.1920928955078126e-7,0,3.5762786865234377e-7,0.9088833332061768,0.3758567273616791,-0.1807289570569992,-0.3434721529483795,0.9203968644142151,0.18680618703365327,0.23655474185943604,-0.10770966857671738,0.9656296372413635],"EasingStyle":"Constant","EasingDirection":"In"},"Torso":{"Weight":1,"CFrame":[0.1337488293647766,-0.10391315817832947,-0.5482540130615234,0.894486665725708,-0.32544344663619997,0.3065621852874756,0.3780205547809601,0.9166399836540222,-0.1298915445804596,-0.23873478174209596,0.23207305371761323,0.9429464340209961],"EasingStyle":"Constant","EasingDirection":"In"},"HumanoidRootPart":{"Weight":0,"CFrame":[0,0,0,1,0,0,0,1,0,0,0,1],"EasingStyle":"Linear","EasingDirection":"In"},"Right Arm":{"Weight":1,"CFrame":[0.4100807309150696,-0.8435783386230469,-0.24616897106170655,-0.6265630125999451,-0.2713317573070526,0.7306149005889893,0.7586591839790344,-0.42701494693756106,0.4920310080051422,0.1784798949956894,0.8625760674476624,0.47339996695518496],"EasingStyle":"Constant","EasingDirection":"In"}}},{"Time":0.8999999761581421,"poses":{"Left Leg":{"Weight":1,"CFrame":[-0.5560459494590759,0.23408007621765138,0.010851621627807618,0.9912482500076294,-0.13074840605258943,0.01821737550199032,0.13081857562065125,0.9914026856422424,-0.002714156871661544,-0.01770595647394657,0.005073564127087593,0.9998303651809692],"EasingStyle":"Constant","EasingDirection":"In"},"Right Leg":{"Weight":1,"CFrame":[0.5175520181655884,0.6148516535758972,-0.145804762840271,0.990576982498169,0.021238749846816064,-0.13530004024505616,0.03596292436122894,0.9128985404968262,0.4065991938114166,0.13215091824531556,-0.4076336920261383,0.9035325050354004],"EasingStyle":"Constant","EasingDirection":"In"},"Left Arm":{"Weight":1,"CFrame":[-0.2767578959465027,-0.4786648154258728,0.10283446311950684,0.2819024622440338,0.700402021408081,-0.655719518661499,-0.761419951915741,0.5791424512863159,0.29126232862472536,0.5837557315826416,0.4171702265739441,0.6965616941452026],"EasingStyle":"Constant","EasingDirection":"In"},"Head":{"Weight":1,"CFrame":[1.564621925354004e-7,6.705522537231445e-8,-1.7881393432617188e-7,0.980790913105011,-0.1537020355463028,0.12010437995195389,0.123744897544384,0.9662342667579651,0.22600586712360383,-0.15078653395175935,-0.2068021446466446,0.9666935205459595],"EasingStyle":"Constant","EasingDirection":"In"},"Torso":{"Weight":1,"CFrame":[-0.1617909073829651,-0.19834303855895997,-0.3541901111602783,0.9739832282066345,0.12600530683994294,-0.18835976719856263,-0.17130419611930848,0.9535126686096191,-0.24792875349521638,0.14836306869983674,0.2737452983856201,0.9502904415130615],"EasingStyle":"Constant","EasingDirection":"In"},"HumanoidRootPart":{"Weight":0,"CFrame":[0,0,0,1,0,0,0,1,0,0,0,1],"EasingStyle":"Linear","EasingDirection":"In"},"Right Arm":{"Weight":1,"CFrame":[0.32435423135757449,-0.3794592618942261,0.041387081146240237,-0.061553705483675,-0.17764489352703095,0.9821677803993225,0.8541916608810425,0.4996480941772461,0.1439046561717987,-0.5163021087646484,0.8478173017501831,0.12098748236894608],"EasingStyle":"Constant","EasingDirection":"In"}}},{"Time":1,"poses":{"Left Leg":{"Weight":1,"CFrame":[-0.16893014311790467,-0.07620549201965332,0.0302506685256958,0.9867492914199829,-0.030254606157541276,0.15940675139427186,0.06586379557847977,0.9725638031959534,-0.2231181561946869,-0.1482829451560974,0.23066076636314393,0.9616693258285523],"EasingStyle":"Constant","EasingDirection":"In"},"Right Leg":{"Weight":1,"CFrame":[0.23082879185676576,0.537495493888855,-0.09401309490203858,0.9289488792419434,-0.20264387130737306,-0.3098217248916626,0.32459205389022829,0.8482792973518372,0.41840454936027529,0.17802831530570985,-0.4892420768737793,0.8537846207618713],"EasingStyle":"Constant","EasingDirection":"In"},"Left Arm":{"Weight":1,"CFrame":[-0.4246056377887726,-0.9122151136398315,-0.2578054666519165,-0.609176754951477,0.2882341146469116,-0.7387996315956116,-0.7826220989227295,-0.3689727187156677,0.5013601183891296,-0.12808772921562196,0.8836177587509155,0.450347900390625],"EasingStyle":"Constant","EasingDirection":"In"},"Head":{"Weight":1,"CFrame":[3.725290298461914e-8,0,2.384185791015625e-7,0.9088832139968872,-0.37585678696632388,0.18072906136512757,0.3434721827507019,0.9203969240188599,0.18680615723133088,-0.23655487596988679,-0.10770958662033081,0.9656295776367188],"EasingStyle":"Constant","EasingDirection":"In"},"Torso":{"Weight":1,"CFrame":[-0.13374876976013184,-0.10391318798065186,-0.22423315048217774,0.8944865465164185,0.3254433870315552,-0.3065623641014099,-0.3780204951763153,0.9166399240493774,-0.12989148497581483,0.23873499035835267,0.23207302391529084,0.9429463148117065],"EasingStyle":"Constant","EasingDirection":"In"},"HumanoidRootPart":{"Weight":0,"CFrame":[0,0,0,1,0,0,0,1,0,0,0,1],"EasingStyle":"Linear","EasingDirection":"In"},"Right Arm":{"Weight":1,"CFrame":[-0.005800604820251465,0.4316166639328003,0.29648327827453616,0.5067254304885864,-0.31671637296676638,0.8018230199813843,-0.43756553530693056,0.7068847417831421,0.5557430982589722,-0.7428094148635864,-0.6324592232704163,0.2196122705936432],"EasingStyle":"Constant","EasingDirection":"In"}}},{"Time":1.100000023841858,"poses":{"Left Leg":{"Weight":1,"CFrame":[-0.4299956262111664,-0.000789642333984375,0.0914459228515625,0.9661505222320557,-0.2013539969921112,0.16127564013004304,0.23395289480686189,0.9473032355308533,-0.21882066130638123,-0.10871660709381104,0.24914461374282838,0.9623449444770813],"EasingStyle":"Constant","EasingDirection":"In"},"Right Leg":{"Weight":1,"CFrame":[0.3154550790786743,0.6806204319000244,-0.1386634111404419,0.9383975267410278,-0.13331159949302674,-0.318807452917099,0.26993733644485476,0.8587933778762817,0.4354398846626282,0.21574053168296815,-0.4946737587451935,0.8418752551078796],"EasingStyle":"Constant","EasingDirection":"In"},"Left Arm":{"Weight":1,"CFrame":[-0.41008079051971438,-0.8435789346694946,-0.2461690902709961,-0.6265629529953003,0.27133142948150637,-0.730614960193634,-0.7586591839790344,-0.4270150363445282,0.4920310378074646,-0.17848002910614015,0.8625760078430176,0.473399817943573],"EasingStyle":"Constant","EasingDirection":"In"},"Head":{"Weight":1,"CFrame":[2.0116567611694337e-7,2.9802322387695315e-8,2.384185791015625e-7,0.9088831543922424,-0.37585681676864626,0.1807292103767395,0.3434722125530243,0.9203968048095703,0.18680624663829804,-0.23655498027801515,-0.10770957171916962,0.9656296372413635],"EasingStyle":"Constant","EasingDirection":"In"},"Torso":{"Weight":1,"CFrame":[-0.13374876976013184,-0.10391318798065186,-0.3482539653778076,0.8944865465164185,0.32544347643852236,-0.3065623641014099,-0.3780205547809601,0.9166398644447327,-0.12989148497581483,0.23873496055603028,0.23207303881645204,0.9429463148117065],"EasingStyle":"Constant","EasingDirection":"In"},"HumanoidRootPart":{"Weight":0,"CFrame":[0,0,0,1,0,0,0,1,0,0,0,1],"EasingStyle":"Linear","EasingDirection":"In"},"Right Arm":{"Weight":1,"CFrame":[-0.0532509982585907,0.5378360748291016,0.21792161464691163,0.5216408967971802,-0.32655835151672366,0.7881945371627808,-0.4642346501350403,0.6664640307426453,0.5833625197410584,-0.715805172920227,-0.670212984085083,0.19605520367622376],"EasingStyle":"Constant","EasingDirection":"In"}}},{"Time":1.2000000476837159,"poses":{"Left Leg":{"Weight":1,"CFrame":[-0.39311960339546206,-0.0143660306930542,0.0820915699005127,0.9711065292358398,-0.17625704407691956,0.1608901023864746,0.20934225618839265,0.9528400897979736,-0.21970798075199128,-0.1145775243639946,0.24704088270664216,0.9622073173522949],"EasingStyle":"Constant","EasingDirection":"In"},"Right Leg":{"Weight":1,"CFrame":[0.3034064471721649,0.6548510789871216,-0.12894129753112794,0.9374068975448608,-0.1442166119813919,-0.3169698417186737,0.27805203199386599,0.8579668402671814,0.43194904923439028,0.20965544879436494,-0.4930460453033447,0.8443637490272522],"EasingStyle":"Constant","EasingDirection":"In"},"Left Arm":{"Weight":1,"CFrame":[-0.4246055781841278,-0.9122151136398315,-0.2578054666519165,-0.609176754951477,0.2882341146469116,-0.7387996315956116,-0.7826220989227295,-0.3689727187156677,0.5013601183891296,-0.12808772921562196,0.8836177587509155,0.450347900390625],"EasingStyle":"Constant","EasingDirection":"In"},"Head":{"Weight":1,"CFrame":[3.725290298461914e-8,0,2.384185791015625e-7,0.9088832139968872,-0.37585678696632388,0.18072906136512757,0.3434721827507019,0.9203969240188599,0.18680615723133088,-0.23655487596988679,-0.10770958662033081,0.9656295776367188],"EasingStyle":"Constant","EasingDirection":"In"},"Torso":{"Weight":1,"CFrame":[-0.13374876976013184,-0.10391318798065186,-0.3242330551147461,0.8944865465164185,0.3254433870315552,-0.3065623641014099,-0.3780204951763153,0.9166399240493774,-0.12989148497581483,0.23873499035835267,0.23207302391529084,0.9429463148117065],"EasingStyle":"Constant","EasingDirection":"In"},"HumanoidRootPart":{"Weight":0,"CFrame":[0,0,0,1,0,0,0,1,0,0,0,1],"EasingStyle":"Linear","EasingDirection":"In"},"Right Arm":{"Weight":1,"CFrame":[-0.00580066442489624,0.4316166639328003,0.29648327827453616,0.5067254304885864,-0.31671637296676638,0.8018230199813843,-0.43756553530693056,0.7068847417831421,0.5557430982589722,-0.7428094148635864,-0.6324592232704163,0.2196122705936432],"EasingStyle":"Constant","EasingDirection":"In"}}},{"Time":1.2999999523162842,"poses":{"Left Leg":{"Weight":1,"CFrame":[-0.552787184715271,0.05419814586639404,0.12490534782409668,0.9437119960784912,-0.2878055274486542,0.16302047669887544,0.31865811347961428,0.9232115149497986,-0.21479634940624238,-0.08868291229009628,0.254653662443161,0.9629573822021484],"EasingStyle":"Constant","EasingDirection":"In"},"Right Leg":{"Weight":1,"CFrame":[0.3487716019153595,0.7811087369918823,-0.18484532833099366,0.9399586915969849,-0.09765005856752396,-0.32702019810676577,0.24606162309646607,0.85788893699646,0.4510878622531891,0.23649828135967256,-0.5044710636138916,0.8304080963134766],"EasingStyle":"Constant","EasingDirection":"In"},"Left Arm":{"Weight":1,"CFrame":[-0.41008082032203677,-0.8435789346694946,-0.2461690902709961,-0.6265629529953003,0.27133142948150637,-0.730614960193634,-0.7586591839790344,-0.4270150363445282,0.4920310378074646,-0.17848002910614015,0.8625760078430176,0.473399817943573],"EasingStyle":"Constant","EasingDirection":"In"},"Head":{"Weight":1,"CFrame":[1.4156103134155274e-7,0,2.384185791015625e-7,0.9088831543922424,-0.37585681676864626,0.1807292103767395,0.3434722125530243,0.9203968048095703,0.18680624663829804,-0.23655498027801515,-0.10770957171916962,0.9656296372413635],"EasingStyle":"Constant","EasingDirection":"In"},"Torso":{"Weight":1,"CFrame":[-0.13374876976013184,-0.10391318798065186,-0.448253870010376,0.8944865465164185,0.32544347643852236,-0.3065623641014099,-0.3780205547809601,0.9166398644447327,-0.12989148497581483,0.23873496055603028,0.23207303881645204,0.9429463148117065],"EasingStyle":"Constant","EasingDirection":"In"},"HumanoidRootPart":{"Weight":0,"CFrame":[0,0,0,1,0,0,0,1,0,0,0,1],"EasingStyle":"Linear","EasingDirection":"In"},"Right Arm":{"Weight":1,"CFrame":[-0.05325096845626831,0.5378360748291016,0.21792161464691163,0.5216408967971802,-0.32655835151672366,0.7881945371627808,-0.4642346501350403,0.6664640307426453,0.5833625197410584,-0.715805172920227,-0.670212984085083,0.19605520367622376],"EasingStyle":"Constant","EasingDirection":"In"}}}],"Loop":true,"Name":"Mailbox_Loop","Priority":"Action"}