{"Sequence":[{"Time":0,"poses":{"Left Leg":{"Weight":1,"CFrame":[-0.714655876159668,0.2177807092666626,-0.13823825120925904,0.9137083888053894,-0.40550172328948977,0.026561150327324868,0.39030012488365176,0.8938971161842346,0.2204858660697937,-0.11315040290355683,-0.19109290838241578,0.9750284552574158],"EasingStyle":"Linear","EasingDirection":"In"},"Right Arm":{"Weight":1,"CFrame":[0.5980240702629089,0.05008339881896973,0.19377565383911134,-0.8239855766296387,-0.13987129926681519,-0.5490753650665283,0.027475927025079728,-0.9777756333351135,0.2078457772731781,-0.5659441351890564,0.15617558360099793,0.8095162510871887],"EasingStyle":"Linear","EasingDirection":"In"},"Head":{"Weight":1,"CFrame":[5.4016709327697757e-8,-2.2351741790771486e-8,0.016662240028381349,0.9782208800315857,0.12920476496219636,-0.16245053708553315,-0.14175871014595033,0.9875509142875671,-0.06817496567964554,0.15161961317062379,0.08971898257732392,0.9843587279319763],"EasingStyle":"Linear","EasingDirection":"In"},"Right Leg":{"Weight":1,"CFrame":[0.15785929560661317,0.09476172924041748,-0.03652942180633545,0.8406849503517151,0.32508575916290285,-0.4330913722515106,-0.278669148683548,0.9454476833343506,0.1687372624874115,0.4643193185329437,-0.021165670827031137,0.8854149580001831],"EasingStyle":"Linear","EasingDirection":"In"},"Torso":{"Weight":1,"CFrame":[0.43442502617836,0.07835720479488373,-0.23678874969482423,0.9770732522010803,-0.15107595920562745,0.15001314878463746,0.13781008124351502,0.9858670830726624,0.09526016563177109,-0.16228455305099488,-0.07240284234285355,0.9840841293334961],"EasingStyle":"Linear","EasingDirection":"In"},"HumanoidRootPart":{"Weight":0,"CFrame":[0,0,0,1,0,0,0,1,0,0,0,1],"EasingStyle":"Linear","EasingDirection":"In"},"Left Arm":{"Weight":1,"CFrame":[-0.45673292875289919,0.20794004201889039,0.08839142322540283,-0.9711809158325195,0.14147451519966126,0.19181393086910249,-0.11990989744663239,-0.9855336546897888,0.11977124959230423,0.20598365366458894,0.09331902861595154,0.9740955829620361],"EasingStyle":"Linear","EasingDirection":"In"}}},{"Time":0.03333333507180214,"poses":{"Left Leg":{"Weight":1,"CFrame":[-0.6253561973571777,0.16293996572494508,-0.09210282564163208,0.9160497784614563,-0.3947908282279968,0.07066181302070618,0.37407639622688296,0.9045798182487488,0.2044559270143509,-0.1446365863084793,-0.1608588844537735,0.9763220548629761],"EasingStyle":"Linear","EasingDirection":"In"},"Right Arm":{"Weight":1,"CFrame":[0.6929594874382019,0.0160520076751709,0.18111979961395265,-0.8510847687721252,-0.11946873366832733,-0.5112553238868713,0.0013333301758393646,-0.9742558002471924,0.22544178366661073,-0.5250266194343567,0.19118838012218476,0.829333484172821],"EasingStyle":"Linear","EasingDirection":"In"},"Head":{"Weight":1,"CFrame":[4.237517714500427e-8,4.470348358154297e-8,0.016662120819091798,0.9852175712585449,0.100021131336689,-0.1390760838985443,-0.11115789413452149,0.9909880757331848,-0.07474295794963837,0.13034687936306,0.08909749984741211,0.9874569773674011],"EasingStyle":"Linear","EasingDirection":"In"},"Right Leg":{"Weight":1,"CFrame":[0.12762223184108735,0.09693050384521485,-0.06145918369293213,0.8675956726074219,0.30605608224868777,-0.39192795753479006,-0.2502593696117401,0.9498072266578674,0.18771393597126008,0.42970699071884158,-0.064776211977005,0.9006420373916626],"EasingStyle":"Linear","EasingDirection":"In"},"Torso":{"Weight":1,"CFrame":[0.3998866379261017,0.05744732916355133,-0.17688941955566407,0.9836593866348267,-0.1259663850069046,0.12863396108150483,0.1141568273305893,0.9888706803321838,0.0954103022813797,-0.13922083377838136,-0.07916679233312607,0.9870917797088623],"EasingStyle":"Linear","EasingDirection":"In"},"HumanoidRootPart":{"Weight":0,"CFrame":[0,0,0,1,0,0,0,1,0,0,0,1],"EasingStyle":"Linear","EasingDirection":"In"},"Left Arm":{"Weight":1,"CFrame":[-0.5352751016616821,0.1729341745376587,0.07738566398620606,-0.971411406993866,0.13879384100437165,0.19260381162166596,-0.1122908741235733,-0.9834291934967041,0.1423303335905075,0.20916670560836793,0.11663346737623215,0.9708995819091797],"EasingStyle":"Linear","EasingDirection":"In"}}},{"Time":0.06666667014360428,"poses":{"Left Leg":{"Weight":1,"CFrame":[-0.5729373693466187,0.12579256296157838,-0.03332012891769409,0.9020360112190247,-0.41012224555015566,0.1346505582332611,0.3790227472782135,0.9017976522445679,0.20761170983314515,-0.2065737545490265,-0.13623759150505067,0.9688997268676758],"EasingStyle":"Linear","EasingDirection":"In"},"Right Arm":{"Weight":1,"CFrame":[0.7849148511886597,-0.06897905468940735,0.1655900478363037,-0.8841943144798279,-0.1031244769692421,-0.45559412240982058,-0.032540369778871539,-0.9593591690063477,0.28030526638031008,-0.46598467230796816,0.26266950368881228,0.8449041843414307],"EasingStyle":"Linear","EasingDirection":"In"},"Head":{"Weight":1,"CFrame":[5.4249539971351626e-8,4.842877388000488e-8,0.016662001609802247,0.9904462099075317,0.06926600635051727,-0.11924158036708832,-0.07973869889974594,0.9931493401527405,-0.08541777729988098,0.11250811815261841,0.09410984069108963,0.9891841411590576],"EasingStyle":"Linear","EasingDirection":"In"},"Right Leg":{"Weight":1,"CFrame":[0.2471163123846054,0.1095781922340393,-0.02937471866607666,0.8784538507461548,0.35729020833969118,-0.31727391481399538,-0.30225884914398196,0.9297707080841065,0.21015754342079163,0.3700792193412781,-0.08871487528085709,0.9247545599937439],"EasingStyle":"Linear","EasingDirection":"In"},"Torso":{"Weight":1,"CFrame":[0.34216266870498659,0.043501585721969607,-0.14613127708435059,0.9887473583221436,-0.09987355768680573,0.11137346923351288,0.08871949464082718,0.990925133228302,0.10097621381282807,-0.12044763565063477,-0.08995895832777024,0.9886353015899658],"EasingStyle":"Linear","EasingDirection":"In"},"HumanoidRootPart":{"Weight":0,"CFrame":[0,0,0,1,0,0,0,1,0,0,0,1],"EasingStyle":"Linear","EasingDirection":"In"},"Left Arm":{"Weight":1,"CFrame":[-0.6026390194892883,0.0836256742477417,0.06487429141998291,-0.970619261264801,0.1413547396659851,0.1947232335805893,-0.10198018699884415,-0.974640965461731,0.19918662309646607,0.21794119477272035,0.17347626388072968,0.9604206085205078],"EasingStyle":"Linear","EasingDirection":"In"}}},{"Time":0.10000000149011612,"poses":{"Left Leg":{"Weight":1,"CFrame":[-0.5372573137283325,0.10117363929748535,0.033118605613708499,0.8739172220230103,-0.43853113055229189,0.2096644788980484,0.3939865231513977,0.8916917443275452,0.22284632921218873,-0.2846812605857849,-0.11214420199394226,0.9520401358604431],"EasingStyle":"Linear","EasingDirection":"In"},"Right Arm":{"Weight":1,"CFrame":[0.8676691651344299,-0.1795017123222351,0.14800918102264405,-0.915665328502655,-0.08613915741443634,-0.39260298013687136,-0.06417055428028107,-0.9329085946083069,0.35434967279434206,-0.3967861235141754,0.3496592044830322,0.84870445728302],"EasingStyle":"Linear","EasingDirection":"In"},"Head":{"Weight":1,"CFrame":[1.1548399925231934e-7,5.587935447692871e-9,0.016661763191223146,0.994338870048523,0.036868974566459659,-0.09965416043996811,-0.046683456748723987,0.9940888285636902,-0.09802131354808808,0.09545110166072846,0.10211873799562454,0.9901822209358215],"EasingStyle":"Linear","EasingDirection":"In"},"Right Leg":{"Weight":1,"CFrame":[0.40191811323165896,0.12051308155059815,-0.007610440254211426,0.8805811405181885,0.41949141025543215,-0.22046267986297608,-0.3705000579357147,0.8994824886322022,0.2316484898328781,0.29547688364982607,-0.12230392545461655,0.9474889039993286],"EasingStyle":"Linear","EasingDirection":"In"},"Torso":{"Weight":1,"CFrame":[0.26999011635780337,0.034178972244262698,-0.13463044166564942,0.9928247928619385,-0.07198645919561386,0.09548307210206986,0.06141987815499306,0.9921063780784607,0.1093287542462349,-0.10259956121444702,-0.10267974436283112,0.9894090294837952],"EasingStyle":"Linear","EasingDirection":"In"},"HumanoidRootPart":{"Weight":0,"CFrame":[0,0,0,1,0,0,0,1,0,0,0,1],"EasingStyle":"Linear","EasingDirection":"In"},"Left Arm":{"Weight":1,"CFrame":[-0.6574327945709229,-0.03649723529815674,0.052410244941711429,-0.9688819050788879,0.14751383662223817,0.19876527786254884,-0.0900137647986412,-0.9580155611038208,0.27222028374671938,0.23057648539543153,0.24585746228694917,0.9414820671081543],"EasingStyle":"Linear","EasingDirection":"In"}}},{"Time":0.13333334028720857,"poses":{"Left Leg":{"Weight":1,"CFrame":[-0.49436211585998537,0.08484399318695069,0.09965944290161133,0.8376572132110596,-0.4645097851753235,0.28733447194099429,0.40635108947753909,0.8815127015113831,0.2404455840587616,-0.3649783432483673,-0.08465227484703064,0.9271595478057861],"EasingStyle":"Linear","EasingDirection":"In"},"Right Arm":{"Weight":1,"CFrame":[0.9348699450492859,-0.2901584208011627,0.12917327880859376,-0.9401316046714783,-0.06798798590898514,-0.3339613378047943,-0.08702117949724198,-0.8995320796966553,0.4280996322631836,-0.32951459288597109,0.43153175711631777,0.8397622108459473],"EasingStyle":"Linear","EasingDirection":"In"},"Head":{"Weight":1,"CFrame":[3.4458935260772708e-8,-2.421438694000244e-8,0.016662001609802247,0.9970223307609558,0.002669434528797865,-0.07706747949123383,-0.01117673423141241,0.9938499331474304,-0.110169917345047,0.07629935443401337,0.110703244805336,0.9909204244613648],"EasingStyle":"Linear","EasingDirection":"In"},"Right Leg":{"Weight":1,"CFrame":[0.5103145241737366,0.12133103609085083,-0.016225159168243409,0.8846411108970642,0.4519689977169037,-0.1146039068698883,-0.4150012135505676,0.8752627968788147,0.2483728975057602,0.21256545186042787,-0.17216013371944428,0.9618611335754395],"EasingStyle":"Linear","EasingDirection":"In"},"Torso":{"Weight":1,"CFrame":[0.19196461141109467,0.027265071868896486,-0.13263940811157227,0.9960863590240479,-0.04148918390274048,0.07804225385189057,0.03209502995014191,0.9924957752227783,0.1179925873875618,-0.08235201239585877,-0.11502605676651001,0.9899430274963379],"EasingStyle":"Linear","EasingDirection":"In"},"HumanoidRootPart":{"Weight":0,"CFrame":[0,0,0,1,0,0,0,1,0,0,0,1],"EasingStyle":"Linear","EasingDirection":"In"},"Left Arm":{"Weight":1,"CFrame":[-0.6982614398002625,-0.16405975818634034,0.041547417640686038,-0.966191828250885,0.15573839843273164,0.20547276735305787,-0.07767371088266373,-0.9357485771179199,0.34400826692581179,0.24584613740444184,0.31641802191734316,0.9162092208862305],"EasingStyle":"Linear","EasingDirection":"In"}}},{"Time":0.1666666716337204,"poses":{"Left Leg":{"Weight":1,"CFrame":[-0.4264560043811798,0.07284140586853028,0.15737664699554444,0.8020986914634705,-0.4755218029022217,0.36127129197120669,0.40909478068351748,0.8782314658164978,0.24769149720668794,-0.4350625276565552,-0.05087883770465851,0.89896160364151],"EasingStyle":"Linear","EasingDirection":"In"},"Right Arm":{"Weight":1,"CFrame":[0.9800161123275757,-0.3757947087287903,0.10993516445159912,-0.9552095532417297,-0.052607618272304538,-0.2912168800830841,-0.09949882328510285,-0.869688093662262,0.4834693968296051,-0.2787019908428192,0.49079033732414248,0.8254998922348023],"EasingStyle":"Linear","EasingDirection":"In"},"Head":{"Weight":1,"CFrame":[7.969356374815107e-8,8.847564458847046e-9,0.016661882400512697,0.9982678294181824,-0.03354573994874954,-0.04833392798900604,0.027577688917517663,0.9924816489219666,-0.11924652010202408,0.05197077989578247,0.11770695447921753,0.991687536239624],"EasingStyle":"Linear","EasingDirection":"In"},"Right Leg":{"Weight":1,"CFrame":[0.49515077471733096,0.1106840968132019,-0.038843512535095218,0.9082846641540527,0.4181230366230011,-0.013861192390322686,-0.400812029838562,0.8792177438735962,0.25753843784332278,0.11986981332302094,-0.22836250066757203,0.9661687016487122],"EasingStyle":"Linear","EasingDirection":"In"},"Torso":{"Weight":1,"CFrame":[0.11654698103666306,0.020713359117507936,-0.1328573226928711,0.9984040260314941,-0.00756083196029067,0.05596663057804108,0.0005238171434029937,0.9921948313713074,0.12469638884067536,-0.05647260695695877,-0.12446805834770203,0.9906152486801148],"EasingStyle":"Linear","EasingDirection":"In"},"HumanoidRootPart":{"Weight":0,"CFrame":[0,0,0,1,0,0,0,1,0,0,0,1],"EasingStyle":"Linear","EasingDirection":"In"},"Left Arm":{"Weight":1,"CFrame":[-0.7237322926521301,-0.2758471369743347,0.03387737274169922,-0.9624131917953491,0.16452156007289887,0.2160869687795639,-0.06672829389572144,-0.9144904017448425,0.3990676701068878,0.26326465606689455,0.3696485459804535,0.8910956978797913],"EasingStyle":"Linear","EasingDirection":"In"}}},{"Time":0.20000000298023225,"poses":{"Left Leg":{"Weight":1,"CFrame":[-0.2976508140563965,0.07384496927261353,0.2089313268661499,0.7828291654586792,-0.44939863681793215,0.43037134408950808,0.3919326364994049,0.893324613571167,0.2199091613292694,-0.48328813910484316,-0.003474700963124633,0.8754544854164124],"EasingStyle":"Linear","EasingDirection":"In"},"Right Arm":{"Weight":1,"CFrame":[0.9965251088142395,-0.41136860847473147,0.09123671054840088,-0.9604012966156006,-0.046195466071367267,-0.2747643291950226,-0.1032995730638504,-0.8568400740623474,0.5051281452178955,-0.2587636411190033,0.5135087370872498,0.8181382417678833],"EasingStyle":"Linear","EasingDirection":"In"},"Head":{"Weight":1,"CFrame":[9.499490261077881e-8,5.4016709327697757e-8,0.016662240028381349,0.9973445534706116,-0.07207294553518295,-0.010460915975272656,0.07025887817144394,0.9899983406066895,-0.1223398819565773,0.019173704087734224,0.12127996981143952,0.9924331903457642],"EasingStyle":"Linear","EasingDirection":"In"},"Right Leg":{"Weight":1,"CFrame":[0.38727933168411257,0.11320054531097412,-0.04998970031738281,0.940481424331665,0.3323974907398224,0.07075703144073487,-0.3388029634952545,0.9007580876350403,0.27174898982048037,0.026593754068017007,-0.2795476019382477,0.9597635269165039],"EasingStyle":"Linear","EasingDirection":"In"},"Torso":{"Weight":1,"CFrame":[0.04964469373226166,0.012681633234024048,-0.13751721382141114,0.9991954565048218,0.0305451862514019,0.025989888235926629,-0.033617421984672549,0.9912793040275574,0.12741750478744508,-0.02187124826014042,-0.12818869948387147,0.9915086030960083],"EasingStyle":"Linear","EasingDirection":"In"},"HumanoidRootPart":{"Weight":0,"CFrame":[0,0,0,1,0,0,0,1,0,0,0,1],"EasingStyle":"Linear","EasingDirection":"In"},"Left Arm":{"Weight":1,"CFrame":[-0.732464075088501,-0.3487510681152344,0.031032204627990724,-0.9572439789772034,0.17211292684078217,0.23251056671142579,-0.05957590788602829,-0.9038122892379761,0.42376214265823367,0.2830807566642761,0.39179155230522158,0.8754225373268127],"EasingStyle":"Linear","EasingDirection":"In"}}},{"Time":0.23333333432674409,"poses":{"Left Leg":{"Weight":1,"CFrame":[-0.18100634217262269,0.06715995073318482,0.23579108715057374,0.7744070887565613,-0.40633806586265566,0.4849568009376526,0.37169501185417178,0.9124700427055359,0.17100098729133607,-0.5119927525520325,0.04783164709806442,0.8576571345329285],"EasingStyle":"Linear","EasingDirection":"In"},"Right Arm":{"Weight":1,"CFrame":[0.9663209319114685,-0.41327333450317385,0.07331657409667969,-0.9549869894981384,-0.1385747641324997,-0.2622920274734497,-0.009266543202102185,-0.869819164276123,0.4932836592197418,-0.2965032756328583,0.47351008653640749,0.8293818235397339],"EasingStyle":"Linear","EasingDirection":"In"},"Head":{"Weight":1,"CFrame":[8.521601557731629e-8,4.1443854570388797e-8,0.016662240028381349,0.9929042458534241,-0.11299285292625427,0.0370643250644207,0.11630840599536896,0.9876717925071716,-0.10477117449045181,-0.024768950417637826,0.10833857953548432,0.993805468082428],"EasingStyle":"Linear","EasingDirection":"In"},"Right Leg":{"Weight":1,"CFrame":[0.39374208450317385,0.13555949926376344,-0.06658440828323364,0.9494096636772156,0.2884562611579895,0.12415413558483124,-0.3131374418735504,0.8995128870010376,0.30466634035110476,-0.023795248940587045,-0.3281305432319641,0.9443327188491821],"EasingStyle":"Linear","EasingDirection":"In"},"Torso":{"Weight":1,"CFrame":[-0.01151859387755394,-0.007915019989013672,-0.15051698684692384,0.9972684383392334,0.07251964509487152,-0.014022186398506165,-0.0704839676618576,0.9911036491394043,0.11289643496274948,0.022084644064307214,-0.11159969121217728,0.9935079216957092],"EasingStyle":"Linear","EasingDirection":"In"},"HumanoidRootPart":{"Weight":0,"CFrame":[0,0,0,1,0,0,0,1,0,0,0,1],"EasingStyle":"Linear","EasingDirection":"In"},"Left Arm":{"Weight":1,"CFrame":[-0.7066764831542969,-0.38342443108558657,0.03174233436584473,-0.9344155192375183,0.2597980201244354,0.2436649650335312,-0.14859382808208466,-0.9060550928115845,0.3962121903896332,0.32370901107788088,0.33401966094970705,0.885236382484436],"EasingStyle":"Linear","EasingDirection":"In"}}},{"Time":0.2666666805744171,"poses":{"Left Leg":{"Weight":1,"CFrame":[-0.14870920777320863,0.04870802164077759,0.2455817461013794,0.7658663392066956,-0.3692967891693115,0.5263731479644775,0.3622205853462219,0.924159049987793,0.12135197222232819,-0.5312674045562744,0.09772384166717529,0.841549277305603],"EasingStyle":"Linear","EasingDirection":"In"},"Right Arm":{"Weight":1,"CFrame":[0.8906181454658508,-0.4132155776023865,0.05548429489135742,-0.8957086801528931,-0.3763393461704254,-0.23680070042610169,0.2399323731660843,-0.8574625253677368,0.4551820755004883,-0.3743506669998169,0.35089418292045596,0.858332633972168],"EasingStyle":"Linear","EasingDirection":"In"},"Head":{"Weight":1,"CFrame":[9.243376553058624e-8,1.4901161193847657e-8,0.016661882400512697,0.9840527772903442,-0.15551941096782685,0.08633647114038468,0.1604238897562027,0.9856200814247131,-0.05307738110423088,-0.07684044539928436,0.06608133763074875,0.9948512315750122],"EasingStyle":"Linear","EasingDirection":"In"},"Right Leg":{"Weight":1,"CFrame":[0.5390045046806336,0.1848962903022766,-0.11601459980010987,0.9458523988723755,0.28844189643859866,0.14887751638889314,-0.32337141036987307,0.8771460056304932,0.3550296127796173,-0.028181826695799829,-0.38394835591316225,0.9229243993759155],"EasingStyle":"Linear","EasingDirection":"In"},"Torso":{"Weight":1,"CFrame":[-0.067315474152565,-0.05173555016517639,-0.1771233081817627,0.9916937947273254,0.11357918381690979,-0.060359228402376178,-0.10941048711538315,0.9916410446166992,0.06839174032211304,0.06762256473302841,-0.06121973320841789,0.9958309531211853],"EasingStyle":"Linear","EasingDirection":"In"},"HumanoidRootPart":{"Weight":0,"CFrame":[0,0,0,1,0,0,0,1,0,0,0,1],"EasingStyle":"Linear","EasingDirection":"In"},"Left Arm":{"Weight":1,"CFrame":[-0.6424435377120972,-0.3991015553474426,0.03269088268280029,-0.8458613753318787,0.4688977003097534,0.25427061319351199,-0.3871203064918518,-0.8675940036773682,0.3121195137500763,0.36695581674575808,0.1655765324831009,0.91538405418396],"EasingStyle":"Linear","EasingDirection":"In"}}},{"Time":0.30000001192092898,"poses":{"Left Leg":{"Weight":1,"CFrame":[-0.15155251324176789,0.043714046478271487,0.27707231044769289,0.7616135478019714,-0.3145672082901001,0.5665620565414429,0.3462143838405609,0.936565637588501,0.054594606161117557,-0.5477961301803589,0.154571995139122,0.82220858335495],"EasingStyle":"Linear","EasingDirection":"In"},"Right Arm":{"Weight":1,"CFrame":[0.7930910587310791,-0.40881627798080447,0.03783226013183594,-0.7160360813140869,-0.6618186235427856,-0.2220108062028885,0.55631422996521,-0.7331224083900452,0.39121079444885256,-0.42167162895202639,0.1566132754087448,0.8931211233139038],"EasingStyle":"Linear","EasingDirection":"In"},"Head":{"Weight":1,"CFrame":[9.685754776000977e-8,3.725290298461914e-9,0.016662001609802247,0.9718156456947327,-0.19834615290164948,0.12740957736968995,0.19570328295230866,0.9801055788993836,0.0330653041601181,-0.13143329322338105,-0.007198897656053305,0.9912989735603333],"EasingStyle":"Linear","EasingDirection":"In"},"Right Leg":{"Weight":1,"CFrame":[0.652576744556427,0.276675283908844,-0.1821414828300476,0.9563516974449158,0.24734628200531007,0.15559999644756318,-0.2904188632965088,0.8635144829750061,0.4123101234436035,-0.03237941116094589,-0.4395025968551636,0.897657573223114],"EasingStyle":"Linear","EasingDirection":"In"},"Torso":{"Weight":1,"CFrame":[-0.1164012998342514,-0.12018154561519623,-0.22547435760498048,0.9832352995872498,0.14748409390449525,-0.10722321271896362,-0.1491437554359436,0.988786518573761,-0.0075837792828679089,0.10490237176418305,0.023448312655091287,0.9942060708999634],"EasingStyle":"Linear","EasingDirection":"In"},"HumanoidRootPart":{"Weight":0,"CFrame":[0,0,0,1,0,0,0,1,0,0,0,1],"EasingStyle":"Linear","EasingDirection":"In"},"Left Arm":{"Weight":1,"CFrame":[-0.5603870749473572,-0.40043866634368899,0.03341078758239746,-0.6499152779579163,0.7013155817985535,0.29285967350006106,-0.6776688098907471,-0.7091960310935974,0.19443772733211518,0.3440571129322052,-0.07209396362304688,0.9361768960952759],"EasingStyle":"Linear","EasingDirection":"In"}}},{"Time":0.3333333432674408,"poses":{"Left Leg":{"Weight":1,"CFrame":[-0.18905505537986756,0.06991755962371826,0.33562684059143069,0.7615799307823181,-0.2510424554347992,0.5974728465080261,0.3257935345172882,0.9452676773071289,-0.01810220628976822,-0.5602273344993591,0.20843908190727235,0.8016849160194397],"EasingStyle":"Linear","EasingDirection":"In"},"Right Arm":{"Weight":1,"CFrame":[0.6984530687332153,-0.4008220434188843,0.022306442260742189,-0.44606679677963259,-0.8643284440040588,-0.2322946935892105,0.8033044338226318,-0.5010847449302673,0.3218945860862732,-0.3946220278739929,-0.043016914278268817,0.91783607006073],"EasingStyle":"Linear","EasingDirection":"In"},"Head":{"Weight":1,"CFrame":[3.3527612686157229e-8,-2.60770320892334e-8,0.016661763191223146,0.9593618512153626,-0.23808878660202027,0.15145541727542878,0.21679551899433137,0.9654670357704163,0.144475519657135,-0.18062318861484528,-0.10576943308115006,0.9778487682342529],"EasingStyle":"Linear","EasingDirection":"In"},"Right Leg":{"Weight":1,"CFrame":[0.7269992232322693,0.4084540605545044,-0.25987881422042849,0.9740159511566162,0.17830732464790345,0.13964024186134339,-0.2234736829996109,0.8567841649055481,0.4647369384765625,-0.036775413900613788,-0.4838671088218689,0.8743684887886047],"EasingStyle":"Linear","EasingDirection":"In"},"Torso":{"Weight":1,"CFrame":[-0.15596482157707215,-0.20838311314582826,-0.3047306537628174,0.9745078086853027,0.16945719718933106,-0.14703315496444703,-0.18622532486915589,0.9764540195465088,-0.10889293253421784,0.1251184195280075,0.13349831104278565,0.9831193089485169],"EasingStyle":"Linear","EasingDirection":"In"},"HumanoidRootPart":{"Weight":0,"CFrame":[0,0,0,1,0,0,0,1,0,0,0,1],"EasingStyle":"Linear","EasingDirection":"In"},"Left Arm":{"Weight":1,"CFrame":[-0.4814107418060303,-0.39552634954452517,0.035118699073791507,-0.393621563911438,0.8456636667251587,0.36043715476989748,-0.8878543376922607,-0.4513585567474365,0.08938854932785034,0.23827902972698213,-0.28483062982559206,0.9284905791282654],"EasingStyle":"Linear","EasingDirection":"In"}}},{"Time":0.36666667461395266,"poses":{"Left Leg":{"Weight":1,"CFrame":[-0.25244033336639407,0.14370280504226685,0.4171079397201538,0.7580233216285706,-0.21681982278823853,0.615134060382843,0.3238674998283386,0.9437664747238159,-0.06644388288259506,-0.5661364197731018,0.24958795309066773,0.7856178283691406],"EasingStyle":"Linear","EasingDirection":"In"},"Right Arm":{"Weight":1,"CFrame":[0.6282880306243897,-0.3938732147216797,0.010983705520629883,-0.21371547877788545,-0.9430644512176514,-0.2548629939556122,0.9194983839988709,-0.2823014259338379,0.27354860305786135,-0.3299221694469452,-0.17588454484939576,0.9274783134460449],"EasingStyle":"Linear","EasingDirection":"In"},"Head":{"Weight":1,"CFrame":[8.940696716308594e-8,1.4901161193847657e-8,0.0166623592376709,0.9510769248008728,-0.26717066764831545,0.15515300631523133,0.22570790350437165,0.943767249584198,0.24157722294330598,-0.21097074449062348,-0.19473935663700105,0.9578977227210999],"EasingStyle":"Linear","EasingDirection":"In"},"Right Leg":{"Weight":1,"CFrame":[0.7752355337142944,0.5529336929321289,-0.340117871761322,0.9853127598762512,0.1277429163455963,0.11331657320261002,-0.1676366925239563,0.8499535918235779,0.4994766116142273,-0.03250918164849281,-0.5111365914344788,0.8588845133781433],"EasingStyle":"Linear","EasingDirection":"In"},"Torso":{"Weight":1,"CFrame":[-0.17966121435165406,-0.2871541976928711,-0.4211111068725586,0.969068706035614,0.1805318146944046,-0.16826792061328889,-0.21287579834461213,0.9564252495765686,-0.19983693957328797,0.12485873699188233,0.22947588562965394,0.9652726650238037],"EasingStyle":"Linear","EasingDirection":"In"},"HumanoidRootPart":{"Weight":0,"CFrame":[0,0,0,1,0,0,0,1,0,0,0,1],"EasingStyle":"Linear","EasingDirection":"In"},"Left Arm":{"Weight":1,"CFrame":[-0.42306625843048098,-0.39593014121055605,0.03789377212524414,-0.18946439027786256,0.8858910799026489,0.4234384596347809,-0.9746080040931702,-0.22208932042121888,0.02856002375483513,0.11934218555688858,-0.4072757363319397,0.9054745435714722],"EasingStyle":"Linear","EasingDirection":"In"}}},{"Time":0.4000000059604645,"poses":{"Left Leg":{"Weight":1,"CFrame":[-0.2840500771999359,0.20848625898361207,0.45849156379699709,0.7532294988632202,-0.21218016743659974,0.6225951910018921,0.3240995705127716,0.9433851838111877,-0.07059767842292786,-0.5723676681518555,0.2549591064453125,0.7793530821800232],"EasingStyle":"Linear","EasingDirection":"In"},"Right Arm":{"Weight":1,"CFrame":[0.6008461713790894,-0.392342746257782,0.004179835319519043,-0.1219765767455101,-0.9561240077018738,-0.266361802816391,0.9471918940544128,-0.1923203021287918,0.25659406185150149,-0.2965625524520874,-0.22099725902080537,0.9290914535522461],"EasingStyle":"Linear","EasingDirection":"In"},"Head":{"Weight":1,"CFrame":[7.450580596923828e-8,-1.043081283569336e-7,0.016661643981933595,0.9492962956428528,-0.2782825827598572,0.14627206325531007,0.22954998910427094,0.9314513206481934,0.2823212146759033,-0.2148103415966034,-0.2344297468662262,0.9481030106544495],"EasingStyle":"Linear","EasingDirection":"In"},"Right Leg":{"Weight":1,"CFrame":[0.7901201248168945,0.6219870448112488,-0.37270188331604006,0.9886175394058228,0.1110120415687561,0.10154708474874497,-0.14722299575805665,0.8528755307197571,0.5009278655052185,-0.030997902154922487,-0.5101762413978577,0.859511137008667],"EasingStyle":"Linear","EasingDirection":"In"},"Torso":{"Weight":1,"CFrame":[-0.184835284948349,-0.32348787784576418,-0.4883456230163574,0.9687103629112244,0.1851251721382141,-0.16531451046466828,-0.22158749401569367,0.9451267123222351,-0.24007195234298707,0.11179979145526886,0.26919180154800417,0.9565754532814026],"EasingStyle":"Linear","EasingDirection":"In"},"HumanoidRootPart":{"Weight":0,"CFrame":[0,0,0,1,0,0,0,1,0,0,0,1],"EasingStyle":"Linear","EasingDirection":"In"},"Left Arm":{"Weight":1,"CFrame":[-0.4002491235733032,-0.4123893976211548,0.039415717124938968,-0.11192499846220017,0.8863579034805298,0.4492686986923218,-0.9914367198944092,-0.13021227717399598,0.009900729171931744,0.06727588176727295,-0.4443134367465973,0.8933417797088623],"EasingStyle":"Linear","EasingDirection":"In"}}},{"Time":0.4333333373069763,"poses":{"Left Leg":{"Weight":1,"CFrame":[-0.2582237720489502,0.19645071029663087,0.42358505725860598,0.7572213411331177,-0.20687144994735719,0.6195321083068848,0.29652494192123415,0.954017162322998,-0.04386555403470993,-0.5819698572158814,0.21692271530628205,0.783744752407074],"EasingStyle":"Linear","EasingDirection":"In"},"Right Arm":{"Weight":1,"CFrame":[0.601210355758667,-0.42726176977157595,0.0007725954055786133,-0.15675844252109528,-0.9549433588981628,-0.2520117461681366,0.945031464099884,-0.2191682606935501,0.2426539957523346,-0.28695380687713625,-0.2001209855079651,0.9368079900741577],"EasingStyle":"Linear","EasingDirection":"In"},"Head":{"Weight":1,"CFrame":[4.470348358154297e-8,7.078051567077637e-8,0.016662001609802247,0.9530494809150696,-0.2713038921356201,0.13450272381305695,0.2289941906929016,0.9363484382629395,0.26610782742500307,-0.1981375515460968,-0.22281362116336823,0.9545133113861084],"EasingStyle":"Linear","EasingDirection":"In"},"Right Leg":{"Weight":1,"CFrame":[0.7662523984909058,0.559629499912262,-0.3217700719833374,0.9879686832427979,0.10751523077487946,0.11116880923509598,-0.14720602333545686,0.8741452097892761,0.46281805634498598,-0.04741759970784187,-0.4736144542694092,0.8794548511505127],"EasingStyle":"Linear","EasingDirection":"In"},"Torso":{"Weight":1,"CFrame":[-0.17828750610351563,-0.31600481271743777,-0.42893004417419436,0.9725326895713806,0.1825530081987381,-0.1444111168384552,-0.2121967375278473,0.95032799243927,-0.22770434617996217,0.09566980600357056,0.25209349393844607,0.9629622101783752],"EasingStyle":"Linear","EasingDirection":"In"},"HumanoidRootPart":{"Weight":0,"CFrame":[0,0,0,1,0,0,0,1,0,0,0,1],"EasingStyle":"Linear","EasingDirection":"In"},"Left Arm":{"Weight":1,"CFrame":[-0.40097665786743166,-0.4480268955230713,0.03569388389587402,-0.1321428418159485,0.8938096761703491,0.42853501439094546,-0.9894686341285706,-0.1447107046842575,-0.003284130245447159,0.05907823145389557,-0.4244561195373535,0.9035192131996155],"EasingStyle":"Linear","EasingDirection":"In"}}},{"Time":0.46666666865348818,"poses":{"Left Leg":{"Weight":1,"CFrame":[-0.2004009336233139,0.15834581851959229,0.3507319688796997,0.7704052329063416,-0.1975121647119522,0.6061886548995972,0.24831652641296388,0.9686789512634277,0.00003549457323970273,-0.5872093439102173,0.1504993736743927,0.7953208684921265],"EasingStyle":"Linear","EasingDirection":"In"},"Right Arm":{"Weight":1,"CFrame":[0.6024118661880493,-0.5073964595794678,-0.0006801486015319824,-0.23876813054084779,-0.9472796320915222,-0.2136610448360443,0.9349607825279236,-0.2837018370628357,0.21298299729824067,-0.2623704671859741,-0.1489110291004181,0.9534083008766174],"EasingStyle":"Linear","EasingDirection":"In"},"Head":{"Weight":1,"CFrame":[9.685754776000977e-8,-2.2351741790771486e-8,0.016662001609802247,0.9605056643486023,-0.25132960081100466,0.11942479014396668,0.22049559652805329,0.9492480158805847,0.22429907321929933,-0.16973677277565003,-0.18910782039165498,0.9671751260757446],"EasingStyle":"Linear","EasingDirection":"In"},"Right Leg":{"Weight":1,"CFrame":[0.6992017030715942,0.43989676237106326,-0.23769426345825196,0.9869804382324219,0.10582667589187622,0.12112125754356384,-0.14644558727741242,0.9026660323143005,0.4046577215194702,-0.06650836020708084,-0.41712695360183718,0.9064114689826965],"EasingStyle":"Linear","EasingDirection":"In"},"Torso":{"Weight":1,"CFrame":[-0.1679573953151703,-0.2892596125602722,-0.3196980953216553,0.9788476228713989,0.1704336702823639,-0.11318066716194153,-0.18988090753555299,0.962770938873291,-0.19239941239356996,0.07617571949958801,0.20982056856155396,0.9747679829597473],"EasingStyle":"Linear","EasingDirection":"In"},"HumanoidRootPart":{"Weight":0,"CFrame":[0,0,0,1,0,0,0,1,0,0,0,1],"EasingStyle":"Linear","EasingDirection":"In"},"Left Arm":{"Weight":1,"CFrame":[-0.40268588066101076,-0.4931938946247101,0.026131510734558107,-0.17833687365055085,0.9110785722732544,0.37166067957878115,-0.982995867729187,-0.1817622184753418,-0.026111900806427003,0.04376385733485222,-0.3699977397918701,0.928001344203949],"EasingStyle":"Linear","EasingDirection":"In"}}},{"Time":0.5,"poses":{"Left Leg":{"Weight":1,"CFrame":[-0.1575588881969452,0.139174222946167,0.2871532440185547,0.7853456139564514,-0.21050556004047395,0.5821680426597595,0.21693840622901917,0.9743601083755493,0.059667713940143588,-0.5798017382621765,0.07943485677242279,0.8108761310577393],"EasingStyle":"Linear","EasingDirection":"In"},"Right Arm":{"Weight":1,"CFrame":[0.6045583486557007,-0.6023470163345337,-0.000920414924621582,-0.333793580532074,-0.9288997054100037,-0.16039669513702393,0.9140075445175171,-0.360556423664093,0.1859821081161499,-0.2305908054113388,-0.08452416211366654,0.9693728089332581],"EasingStyle":"Linear","EasingDirection":"In"},"Head":{"Weight":1,"CFrame":[7.078051567077637e-8,-3.725290298461914e-9,0.016662001609802247,0.9696131944656372,-0.2219962626695633,0.10280110687017441,0.203217014670372,0.9648245573043823,0.16678264737129212,-0.136210098862648,-0.14082376658916474,0.9806199669837952],"EasingStyle":"Linear","EasingDirection":"In"},"Right Leg":{"Weight":1,"CFrame":[0.6248313188552856,0.3273683786392212,-0.16588258743286134,0.9840840101242065,0.12937238812446595,0.12182614207267761,-0.164139524102211,0.9244490265846252,0.34416913986206057,-0.06809596717357636,-0.3586878776550293,0.9309704303741455],"EasingStyle":"Linear","EasingDirection":"In"},"Torso":{"Weight":1,"CFrame":[-0.1608598530292511,-0.2498188465833664,-0.23604369163513184,0.9858319163322449,0.14843367040157319,-0.07812198251485825,-0.1583782285451889,0.9771032333374023,-0.14207598567008973,0.05524437874555588,0.15243583917617799,0.9867682456970215],"EasingStyle":"Linear","EasingDirection":"In"},"HumanoidRootPart":{"Weight":0,"CFrame":[0,0,0,1,0,0,0,1,0,0,0,1],"EasingStyle":"Linear","EasingDirection":"In"},"Left Arm":{"Weight":1,"CFrame":[-0.40470272302627566,-0.5380913019180298,0.013167500495910645,-0.22979949414730073,0.9296584129333496,0.2879713773727417,-0.9725902080535889,-0.23015791177749635,-0.03310241550207138,0.03550490364432335,-0.2876851558685303,0.9570667147636414],"EasingStyle":"Linear","EasingDirection":"In"}}},{"Time":0.5333333611488342,"poses":{"Left Leg":{"Weight":1,"CFrame":[-0.1400614082813263,0.13810592889785767,0.24167382717132569,0.8018741011619568,-0.2399153709411621,0.5472097396850586,0.20519305765628816,0.9707181453704834,0.12490853667259217,-0.5611539483070374,0.012122726067900658,0.8276227116584778],"EasingStyle":"Linear","EasingDirection":"In"},"Right Arm":{"Weight":1,"CFrame":[0.6074524521827698,-0.6816589832305908,-0.0006461739540100098,-0.4100671708583832,-0.9057867527008057,-0.10674844682216644,0.8885801434516907,-0.42315053939819338,0.17711295187473298,-0.20559720695018769,-0.022226421162486078,0.9783843159675598],"EasingStyle":"Linear","EasingDirection":"In"},"Head":{"Weight":1,"CFrame":[8.940696716308594e-8,-5.587935447692871e-8,0.016662001609802247,0.978602409362793,-0.18648679554462434,0.08694835007190705,0.1772591769695282,0.9786565899848938,0.10397347062826157,-0.10448227822780609,-0.0863364115357399,0.9907721877098084],"EasingStyle":"Linear","EasingDirection":"In"},"Right Leg":{"Weight":1,"CFrame":[0.5595322847366333,0.23676258325576783,-0.1118173599243164,0.9782701730728149,0.17538605630397798,0.11057750880718231,-0.20035319030284882,0.9368958473205566,0.2865046262741089,-0.05335061252117157,-0.30243346095085146,0.9516763091087341],"EasingStyle":"Linear","EasingDirection":"In"},"Torso":{"Weight":1,"CFrame":[-0.16416624188423158,-0.20498956739902497,-0.1842947006225586,0.9920262098312378,0.11736708134412766,-0.04592403024435043,-0.12096631526947022,0.988960325717926,-0.08558402955532074,0.0353722907602787,0.09045685082674027,0.9952720999717712],"EasingStyle":"Linear","EasingDirection":"In"},"HumanoidRootPart":{"Weight":0,"CFrame":[0,0,0,1,0,0,0,1,0,0,0,1],"EasingStyle":"Linear","EasingDirection":"In"},"Left Arm":{"Weight":1,"CFrame":[-0.40627700090408327,-0.572762131690979,-0.0007342100143432617,-0.26950639486312868,0.9439764022827148,0.19045953452587129,-0.9616225361824036,-0.27437490224838259,-0.0008400349179282785,0.05146431177854538,-0.18337677419185639,0.981694757938385],"EasingStyle":"Linear","EasingDirection":"In"}}},{"Time":0.5666666626930237,"poses":{"Left Leg":{"Weight":1,"CFrame":[-0.14351411163806916,0.14607179164886475,0.21011245250701905,0.8203343749046326,-0.2707939147949219,0.5037083625793457,0.20427024364471436,0.9614295959472656,0.18419264256954194,-0.5341584086418152,-0.04820689186453819,0.8440088629722595],"EasingStyle":"Linear","EasingDirection":"In"},"Right Arm":{"Weight":1,"CFrame":[0.6105634570121765,-0.7148998975753784,-0.0004699230194091797,-0.44172197580337527,-0.8944226503372192,-0.06992661207914353,0.8728690147399902,-0.4464702904224396,0.19688595831394196,-0.20731934905052186,0.02593216300010681,0.9779295921325684],"EasingStyle":"Linear","EasingDirection":"In"},"Head":{"Weight":1,"CFrame":[8.568167686462403e-8,5.587935447692871e-9,0.016662001609802247,0.9862174987792969,-0.1473616361618042,0.07523044943809509,0.14414139091968537,0.9884589314460754,0.04660695046186447,-0.08123030513525009,-0.03512076288461685,0.9960764050483704],"EasingStyle":"Linear","EasingDirection":"In"},"Right Leg":{"Weight":1,"CFrame":[0.5133301615715027,0.17014455795288087,-0.07291203737258911,0.9683778285980225,0.2337232232093811,0.08728032559156418,-0.24806198477745057,0.9393548369407654,0.23680725693702699,-0.0266397837549448,-0.2509698271751404,0.9676283001899719],"EasingStyle":"Linear","EasingDirection":"In"},"Torso":{"Weight":1,"CFrame":[-0.18322406709194184,-0.16298571228981019,-0.1580822467803955,0.9965709447860718,0.0795414075255394,-0.022793853655457498,-0.08026622980833054,0.996231198310852,-0.03287576884031296,0.020092960447072984,0.034592609852552417,0.9991995096206665],"EasingStyle":"Linear","EasingDirection":"In"},"HumanoidRootPart":{"Weight":0,"CFrame":[0,0,0,1,0,0,0,1,0,0,0,1],"EasingStyle":"Linear","EasingDirection":"In"},"Left Arm":{"Weight":1,"CFrame":[-0.4064881205558777,-0.5870510339736939,-0.013113558292388916,-0.28539302945137026,0.9538454413414002,0.09343300759792328,-0.9517180323600769,-0.2935510575771332,0.08978141844272614,0.11306491494178772,-0.06329906731843949,0.9915693402290344],"EasingStyle":"Linear","EasingDirection":"In"}}},{"Time":0.6000000238418579,"poses":{"Left Leg":{"Weight":1,"CFrame":[-0.1563948690891266,0.1530313491821289,0.1863574981689453,0.8414233326911926,-0.2887863218784332,0.4567377269268036,0.20456655323505402,0.9525446891784668,0.2254132777452469,-0.5001593828201294,-0.0962347462773323,0.8605692982673645],"EasingStyle":"Linear","EasingDirection":"In"},"Right Arm":{"Weight":1,"CFrame":[0.613507866859436,-0.7067481875419617,-0.0011281967163085938,-0.41728392243385317,-0.9062099456787109,-0.06824726611375809,0.8715775012969971,-0.4203393757343292,0.25232449173927309,-0.2573460042476654,0.04580802470445633,0.9652329683303833],"EasingStyle":"Linear","EasingDirection":"In"},"Head":{"Weight":1,"CFrame":[7.962808012962341e-8,-7.450580596923828e-9,0.016662120819091798,0.991710901260376,-0.1062810942530632,0.07220752537250519,0.10635361075401306,0.9943243861198425,0.0028529034461826088,-0.07210095971822739,0.004850298166275024,0.997385561466217],"EasingStyle":"Linear","EasingDirection":"In"},"Right Leg":{"Weight":1,"CFrame":[0.4904190003871918,0.1266728639602661,-0.044520795345306399,0.9544443488121033,0.2934149503707886,0.05425602197647095,-0.29825446009635928,0.9326503276824951,0.202997088432312,0.008960551582276822,-0.2099316120147705,0.9776750206947327],"EasingStyle":"Linear","EasingDirection":"In"},"Torso":{"Weight":1,"CFrame":[-0.21675936877727509,-0.13073194026947022,-0.14905977249145509,0.9991796612739563,0.03806278109550476,-0.013829456642270089,-0.03795938193798065,0.9992499947547913,0.007663806900382042,0.014110788702964783,-0.00713256374001503,0.999875009059906],"EasingStyle":"Linear","EasingDirection":"In"},"HumanoidRootPart":{"Weight":0,"CFrame":[0,0,0,1,0,0,0,1,0,0,0,1],"EasingStyle":"Linear","EasingDirection":"In"},"Left Arm":{"Weight":1,"CFrame":[-0.4055943191051483,-0.5868257284164429,-0.022819936275482179,-0.2616959512233734,0.9647548198699951,0.027632396668195726,-0.931824266910553,-0.26001474261283877,0.2531718611717224,0.2514335513114929,0.040505338460206988,0.9670267105102539],"EasingStyle":"Linear","EasingDirection":"In"}}},{"Time":0.6333333253860474,"poses":{"Left Leg":{"Weight":1,"CFrame":[-0.17242448031902314,0.15685182809829713,0.16715514659881593,0.8636926412582398,-0.29323604702949526,0.4099361002445221,0.20293177664279939,0.9468148946762085,0.2497207075357437,-0.4613606929779053,-0.13249289989471436,0.8772639632225037],"EasingStyle":"Linear","EasingDirection":"In"},"Right Arm":{"Weight":1,"CFrame":[0.616239070892334,-0.6852705478668213,-0.003372371196746826,-0.3439796566963196,-0.9343385696411133,-0.09321719408035279,0.8764843344688416,-0.35511210560798647,0.3250703513622284,-0.3368282616138458,0.030114084482192994,0.9410844445228577],"EasingStyle":"Linear","EasingDirection":"In"},"Head":{"Weight":1,"CFrame":[9.522773325443268e