{"Sequence":[{"Time":0,"poses":{"Left Leg":{"Weight":1,"CFrame":[-0.39726492762565615,-0.7504816055297852,0.06864237785339356,-0.35618093609809878,-0.9343854784965515,-0.007683072239160538,0.9301735162734985,-0.35533422231674197,0.0922761857509613,-0.08895163983106613,0.02572043240070343,0.9957038760185242],"EasingStyle":"Linear","EasingDirection":"In"},"Right Leg":{"Weight":1,"CFrame":[0.5559235215187073,0.1406235694885254,0.1149207353591919,0.9044153690338135,0.3812715709209442,-0.19148069620132447,-0.3844603896141052,0.9228860139846802,0.021716944873332979,0.18499502539634705,0.05397552251815796,0.9812561273574829],"EasingStyle":"Linear","EasingDirection":"In"},"Left Arm":{"Weight":1,"CFrame":[-0.1646672785282135,-0.46112513542175295,-0.2049655318260193,-0.7736116051673889,0.6318846940994263,0.0474000908434391,-0.6310670375823975,-0.7615267038345337,-0.14775530993938447,-0.05726791173219681,-0.14421789348125459,0.9878875017166138],"EasingStyle":"Linear","EasingDirection":"In"},"Head":{"Weight":1,"CFrame":[8.591450750827789e-8,-4.336808689942018e-15,-5.960464477539063e-8,0.9998903870582581,-6.157632270742397e-8,0.014809103682637215,6.158330734251649e-8,1,-1.475935693107111e-11,-0.014809103682637215,9.267384637468012e-10,0.9998903870582581],"EasingStyle":"Linear","EasingDirection":"In"},"Torso":{"Weight":1,"CFrame":[-0.04493563249707222,3.416176141968208e-8,-0.25444746017456057,0.999881386756897,-2.070189353275964e-9,-0.015408006496727467,2.070189575320569e-9,1,-1.594978316088458e-11,0.015408006496727467,-1.5949599280196126e-11,0.999881386756897],"EasingStyle":"Linear","EasingDirection":"In"},"HumanoidRootPart":{"Weight":1,"CFrame":[0,0,0,1,0,0,0,1,0,0,0,1],"EasingStyle":"Linear","EasingDirection":"In"},"Right Arm":{"Weight":1,"CFrame":[0.16142573952674867,-0.43827468156814577,-0.07418888807296753,-0.7892634272575378,-0.6128882169723511,-0.037833284586668017,0.6135353446006775,-0.7845640182495117,-0.08963112533092499,0.025251224637031556,-0.09395469725131989,0.995256245136261],"EasingStyle":"Linear","EasingDirection":"In"}}},{"Time":0.03333333507180214,"poses":{"Left Leg":{"Weight":1,"CFrame":[-0.4294978678226471,-0.7259876728057861,0.06268823146820069,-0.30146273970603945,-0.9534533619880676,-0.006849019788205624,0.9496451020240784,-0.3008865714073181,0.08741571009159088,-0.08540762215852738,0.01984848640859127,0.996148407459259],"EasingStyle":"Linear","EasingDirection":"In"},"Right Leg":{"Weight":1,"CFrame":[0.5439608097076416,0.124927818775177,0.09068691730499268,0.9177981019020081,0.3643162250518799,-0.1578618288040161,-0.36560049653053286,0.9305146932601929,0.02188122645020485,0.15486451983451844,0.0376318022608757,0.9872187376022339],"EasingStyle":"Linear","EasingDirection":"In"},"Left Arm":{"Weight":1,"CFrame":[-0.16321797668933869,-0.40633833408355715,-0.32297492027282717,-0.48055288195610049,0.8525466918945313,-0.20550724864006043,-0.8657093644142151,-0.4986012578010559,-0.044094301760196689,-0.14005859196186067,0.15671980381011964,0.9776617288589478],"EasingStyle":"Linear","EasingDirection":"In"},"Head":{"Weight":1,"CFrame":[9.324867278337479e-8,-1.3877787807814457e-15,0,0.9999060034751892,-6.157731746725404e-8,0.013713889755308628,6.158328602623442e-8,1,-1.2580624909885874e-11,-0.013713889755308628,8.57112381069669e-10,0.9999060034751892],"EasingStyle":"Linear","EasingDirection":"In"},"Torso":{"Weight":1,"CFrame":[-0.04469408094882965,3.416176141968208e-8,-0.22562074661254884,0.999881386756897,-2.070189353275964e-9,-0.015408006496727467,2.070189575320569e-9,1,-1.594978316088458e-11,0.015408006496727467,-1.5949599280196126e-11,0.999881386756897],"EasingStyle":"Linear","EasingDirection":"In"},"HumanoidRootPart":{"Weight":1,"CFrame":[0,0,0,1,0,0,0,1,0,0,0,1],"EasingStyle":"Linear","EasingDirection":"In"},"Right Arm":{"Weight":1,"CFrame":[0.16142573952674867,-0.41921165585517886,-0.161659836769104,-0.5716412663459778,-0.8059031963348389,0.15409831702709199,0.8198164105415344,-0.5533135533332825,0.14746253192424775,-0.03357582166790962,0.21062788367271424,0.9769896268844605],"EasingStyle":"Linear","EasingDirection":"In"}}},{"Time":0.06666667014360428,"poses":{"Left Leg":{"Weight":1,"CFrame":[-0.4868755638599396,-0.653213381767273,0.048561811447143558,-0.1553613543510437,-0.9878518581390381,-0.0033984642941504719,0.9850703477859497,-0.15518032014369965,0.07453498244285584,-0.07415692508220673,0.008232134394347668,0.9972127079963684],"EasingStyle":"Linear","EasingDirection":"In"},"Right Leg":{"Weight":1,"CFrame":[0.4849965274333954,0.08778595924377442,0.04490935802459717,0.9462681412696838,0.3101079761981964,-0.09170343726873398,-0.30933916568756106,0.9506774544715881,0.022844307124614717,0.09426464885473252,0.006750623229891062,0.9955242872238159],"EasingStyle":"Linear","EasingDirection":"In"},"Left Arm":{"Weight":1,"CFrame":[-0.15959472954273225,-0.35155215859413149,-0.4409843683242798,-0.11367686837911606,0.8776359558105469,-0.46565306186676028,-0.9882453083992004,-0.14810723066329957,-0.037889882922172549,-0.1022200882434845,0.45587217807769778,0.8841559886932373],"EasingStyle":"Linear","EasingDirection":"In"},"Head":{"Weight":1,"CFrame":[8.189817890524864e-8,-2.060851489460447e-15,-2.980232238769531e-7,0.9999423623085022,-6.157960541486318e-8,0.010741028003394604,6.158324339367027e-8,1,-6.663691300146102e-12,-0.010741028934717179,6.681182829204602e-10,0.9999423623085022],"EasingStyle":"Linear","EasingDirection":"In"},"Torso":{"Weight":1,"CFrame":[-0.043003231287002566,3.416176141968208e-8,-0.15346837043762208,0.999881386756897,-2.070189353275964e-9,-0.015408006496727467,2.070189575320569e-9,1,-1.594978316088458e-11,0.015408006496727467,-1.5949599280196126e-11,0.999881386756897],"EasingStyle":"Linear","EasingDirection":"In"},"HumanoidRootPart":{"Weight":1,"CFrame":[0,0,0,1,0,0,0,1,0,0,0,1],"EasingStyle":"Linear","EasingDirection":"In"},"Right Arm":{"Weight":1,"CFrame":[0.16142576932907105,-0.38786444067955019,-0.2491307258605957,-0.32180529832839968,-0.8596487641334534,0.39679405093193056,0.9298529624938965,-0.20799918472766877,0.30349597334861758,-0.17836704850196839,0.46662670373916628,0.8662821054458618],"EasingStyle":"Linear","EasingDirection":"In"}}},{"Time":0.10000000149011612,"poses":{"Left Leg":{"Weight":1,"CFrame":[-0.5025027394294739,-0.5394465923309326,0.03371262550354004,0.05121175944805145,-0.998680055141449,0.003933284431695938,0.9970409870147705,0.05135297402739525,0.057203374803066257,-0.05732988193631172,0.0009922035969793797,0.9983548521995544],"EasingStyle":"Linear","EasingDirection":"In"},"Right Leg":{"Weight":1,"CFrame":[0.3262868821620941,0.04343056678771973,0.015502333641052246,0.9777736663818359,0.2039737105369568,-0.04851096495985985,-0.20294643938541413,0.9788633584976196,0.02528715319931507,0.052643582224845889,-0.014880008064210415,0.9985025525093079],"EasingStyle":"Linear","EasingDirection":"In"},"Left Arm":{"Weight":1,"CFrame":[-0.15488451719284059,-0.35185062885284426,-0.38459134101867678,-0.16710765659809113,0.9066964983940125,-0.3872680962085724,-0.9854615330696106,-0.1658211648464203,0.03699954226613045,-0.030669886618852617,0.38782063126564028,0.9212244749069214],"EasingStyle":"Linear","EasingDirection":"In"},"Head":{"Weight":1,"CFrame":[8.89413058757782e-8,-2.949029909160572e-15,-4.172325134277344e-7,0.9999798536300659,-6.158195731131855e-8,0.00635968241840601,6.158320076110613e-8,1,2.0589591229885906e-12,-0.00635968241840601,3.895823108557295e-10,0.9999798536300659],"EasingStyle":"Linear","EasingDirection":"In"},"Torso":{"Weight":1,"CFrame":[-0.03841377794742584,1.8388904621247094e-8,-0.05948185920715332,0.999881386756897,-2.070189353275964e-9,-0.015408006496727467,2.070189575320569e-9,1,-1.594978316088458e-11,0.015408006496727467,-1.5949599280196126e-11,0.999881386756897],"EasingStyle":"Linear","EasingDirection":"In"},"HumanoidRootPart":{"Weight":1,"CFrame":[0,0,0,1,0,0,0,1,0,0,0,1],"EasingStyle":"Linear","EasingDirection":"In"},"Right Arm":{"Weight":1,"CFrame":[0.16142576932907105,-0.36892634630203249,-0.2331470251083374,-0.3552725911140442,-0.8756133317947388,0.32723501324653628,0.9097231030464172,-0.24339339137077332,0.33639806509017947,-0.2149076908826828,0.4172060787677765,0.8830366730690002],"EasingStyle":"Linear","EasingDirection":"In"}}},{"Time":0.13333334028720857,"poses":{"Left Leg":{"Weight":1,"CFrame":[-0.5896289944648743,-0.426455020904541,0.023913860321044923,0.2715616226196289,-0.9622913002967835,0.015804819762706758,0.9617316126823425,0.27195194363594057,0.033385470509529117,-0.036424752324819568,0.006133808754384518,0.9993175864219666],"EasingStyle":"Linear","EasingDirection":"In"},"Right Leg":{"Weight":1,"CFrame":[0.3179946839809418,-0.000819087028503418,0.012236356735229493,0.9414727687835693,0.3351566195487976,-0.03604349121451378,-0.3337500989437103,0.9418156147003174,0.03992976248264313,0.0473291240632534,-0.02556326612830162,0.9985522031784058],"EasingStyle":"Linear","EasingDirection":"In"},"Left Arm":{"Weight":1,"CFrame":[-0.15017428994178773,-0.3539384603500366,-0.26052695512771609,-0.2755688726902008,0.9435230493545532,-0.1839187890291214,-0.9519733190536499,-0.24129854142665864,0.1884724348783493,0.13344871997833253,0.2270229160785675,0.9647030830383301],"EasingStyle":"Linear","EasingDirection":"In"},"Head":{"Weight":1,"CFrame":[8.195638656616211e-8,-1.609823385706477e-15,-1.7881393432617188e-7,0.9999995231628418,-6.158313681225991e-8,0.0010391810210421682,6.15831723393967e-8,1,1.2647395283837959e-11,-0.0010391810210421682,5.134444258647619e-11,0.9999995231628418],"EasingStyle":"Linear","EasingDirection":"In"},"Torso":{"Weight":1,"CFrame":[-0.023341039195656778,1.8388904621247094e-8,0.03477120399475098,0.999881386756897,-2.070189353275964e-9,-0.015408006496727467,2.070189575320569e-9,1,-1.594978316088458e-11,0.015408006496727467,-1.5949599280196126e-11,0.999881386756897],"EasingStyle":"Linear","EasingDirection":"In"},"HumanoidRootPart":{"Weight":1,"CFrame":[0,0,0,1,0,0,0,1,0,0,0,1],"EasingStyle":"Linear","EasingDirection":"In"},"Right Arm":{"Weight":1,"CFrame":[0.16142576932907105,-0.3592008352279663,-0.1947486400604248,-0.426921546459198,-0.8906288146972656,0.15658420324325562,0.8557308316230774,-0.34191566705703738,0.38835352659225466,-0.2923401892185211,0.29979029297828677,0.9081096053123474],"EasingStyle":"Linear","EasingDirection":"In"}}},{"Time":0.1666666716337204,"poses":{"Left Leg":{"Weight":1,"CFrame":[-0.7236475348472595,-0.23089838027954102,0.02668476104736328,0.5393399000167847,-0.841433584690094,0.03319891169667244,0.8416723012924194,0.5398933291435242,0.010147756896913052,-0.026462554931640626,0.022469492629170419,0.9993972778320313],"EasingStyle":"Linear","EasingDirection":"In"},"Right Leg":{"Weight":1,"CFrame":[0.4040081799030304,-0.10967826843261719,0.017965316772460939,0.7662640810012817,0.6420630216598511,-0.02438206411898136,-0.6397907137870789,0.7659503221511841,0.06315115839242935,0.059222519397735599,-0.03279110789299011,0.9977061152458191],"EasingStyle":"Linear","EasingDirection":"In"},"Left Arm":{"Weight":1,"CFrame":[-0.1465510129928589,-0.35960590839385989,-0.13646245002746583,-0.3781115710735321,0.9239067435264587,0.05855002999305725,-0.8783147931098938,-0.37800249457359316,0.29270705580711367,0.29256606101989748,0.05925050005316734,0.9544079303741455],"EasingStyle":"Linear","EasingDirection":"In"},"Head":{"Weight":1,"CFrame":[9.12696123123169e-8,-1.97758476261356e-15,-5.960464477539063e-8,0.9999887943267822,-6.158234810982322e-8,-0.004750895779579878,6.158316523396934e-8,1,2.4168370429955567e-11,0.004750895779579878,-3.1674984857232859e-10,0.9999887943267822],"EasingStyle":"Linear","EasingDirection":"In"},"Torso":{"Weight":1,"CFrame":[-0.00218123197555542,1.8388904621247094e-8,0.10741853713989258,0.999881386756897,-2.070189353275964e-9,-0.015408006496727467,2.070189575320569e-9,1,-1.594978316088458e-11,0.015408006496727467,-1.5949599280196126e-11,0.999881386756897],"EasingStyle":"Linear","EasingDirection":"In"},"HumanoidRootPart":{"Weight":1,"CFrame":[0,0,0,1,0,0,0,1,0,0,0,1],"EasingStyle":"Linear","EasingDirection":"In"},"Right Arm":{"Weight":1,"CFrame":[0.16142575442790986,-0.3556181490421295,-0.1482638716697693,-0.5039324760437012,-0.8626943826675415,-0.042548928409814838,0.7856644988059998,-0.4782894253730774,0.39239099621772768,-0.3588641285896301,0.1643093079328537,0.9188138842582703],"EasingStyle":"Linear","EasingDirection":"In"}}},{"Time":0.20000000298023225,"poses":{"Left Leg":{"Weight":1,"CFrame":[-0.6698228716850281,-0.025450944900512697,0.04025745391845703,0.797550618648529,-0.6003726124763489,0.05887066572904587,0.6016281247138977,0.798762857913971,-0.004645445384085178,-0.044234711676836017,0.03912326321005821,0.9982548952102661],"EasingStyle":"Linear","EasingDirection":"In"},"Right Leg":{"Weight":1,"CFrame":[0.5310346484184265,-0.2506142854690552,0.029539823532104493,0.5200009346008301,0.8540449738502502,-0.014366615563631058,-0.8507686853408814,0.519358217716217,0.0803728774189949,0.07610353082418442,-0.029571281746029855,0.996661365032196],"EasingStyle":"Linear","EasingDirection":"In"},"Left Arm":{"Weight":1,"CFrame":[-0.14510172605514527,-0.3706425428390503,-0.08006960153579712,-0.485876202583313,0.8473280072212219,0.21438172459602357,-0.8063788414001465,-0.5291945934295654,0.26401984691619875,0.33716103434562685,-0.044591959565877917,0.9403903484344482],"EasingStyle":"Linear","EasingDirection":"In"},"Head":{"Weight":1,"CFrame":[8.800998330116272e-8,-1.2437967322753707e-15,1.1920928955078126e-7,0.9999445080757141,-6.15793851466151e-8,-0.010540814138948918,6.158320076110613e-8,1,3.5692039601631367e-11,0.010540814138948918,-6.848382971824663e-10,0.9999445080757141],"EasingStyle":"Linear","EasingDirection":"In"},"Torso":{"Weight":1,"CFrame":[0.008543603122234345,1.3131288056911217e-8,0.13651180267333985,0.999881386756897,-2.070189353275964e-9,-0.015408006496727467,2.070189575320569e-9,1,-1.594978316088458e-11,0.015408006496727467,-1.5949599280196126e-11,0.999881386756897],"EasingStyle":"Linear","EasingDirection":"In"},"HumanoidRootPart":{"Weight":1,"CFrame":[0,0,0,1,0,0,0,1,0,0,0,1],"EasingStyle":"Linear","EasingDirection":"In"},"Right Arm":{"Weight":1,"CFrame":[0.16142575442790986,-0.35510605573654177,-0.10802173614501953,-0.5867393016815186,-0.7894431948661804,-0.18032319843769074,0.7272067666053772,-0.6116456389427185,0.3115447461605072,-0.35624071955680849,0.051663149148225787,0.9329648613929749],"EasingStyle":"Linear","EasingDirection":"In"}}},{"Time":0.23333333432674409,"poses":{"Left Leg":{"Weight":1,"CFrame":[-0.5007871985435486,0.0488431453704834,0.04868745803833008,0.9270743131637573,-0.3634333312511444,0.0919206514954567,0.3655337691307068,0.930774986743927,-0.00655268644914031,-0.08317600935697556,0.039674922823905948,0.9957447648048401],"EasingStyle":"Linear","EasingDirection":"In"},"Right Leg":{"Weight":1,"CFrame":[0.7292959690093994,-0.39791929721832278,0.040546536445617679,0.24618348479270936,0.9691963195800781,-0.007234267890453339,-0.9656612873077393,0.24591132998466493,0.0838208794593811,0.08301793783903122,-0.01364949718117714,0.996454656124115],"EasingStyle":"Linear","EasingDirection":"In"},"Left Arm":{"Weight":1,"CFrame":[-0.15017427504062653,-0.4004642963409424,-0.08469527959823609,-0.6155452728271484,0.7453224062919617,0.2561221420764923,-0.7432451844215393,-0.6570760011672974,0.12584815919399262,0.2620891034603119,-0.11289633065462113,0.9584172964096069],"EasingStyle":"Linear","EasingDirection":"In"},"Head":{"Weight":1,"CFrame":[8.568167686462403e-8,-2.888314587501384e-16,-2.980232238769531e-7,0.9998742341995239,-6.157486609481566e-8,-0.01586088165640831,6.158325049909763e-8,1,4.0242954801872346e-11,0.01586088165640831,-1.0170082553884186e-9,0.9998742341995239],"EasingStyle":"Linear","EasingDirection":"In"},"Torso":{"Weight":1,"CFrame":[0.013602275401353836,1.3136524756873769e-8,0.07615494728088379,0.9999587535858154,-2.0702854985898968e-9,-0.009084665216505528,2.0702854985898968e-9,1,-9.404210049579476e-12,0.009084665216505528,-9.40402703625276e-12,0.9999587535858154],"EasingStyle":"Linear","EasingDirection":"In"},"HumanoidRootPart":{"Weight":1,"CFrame":[0,0,0,1,0,0,0,1,0,0,0,1],"EasingStyle":"Linear","EasingDirection":"In"},"Right Arm":{"Weight":1,"CFrame":[0.16142575442790986,-0.3766685128211975,-0.08487486839294434,-0.682878315448761,-0.7019607424736023,-0.2023077756166458,0.6850503087043762,-0.7115063071250916,0.15641234815120698,-0.2537386417388916,-0.031780485063791278,0.9667506217956543],"EasingStyle":"Linear","EasingDirection":"In"}}},{"Time":0.2666666805744171,"poses":{"Left Leg":{"Weight":1,"CFrame":[-0.4248817563056946,0.07961595058441162,0.05540597438812256,0.9601515531539917,-0.25197386741638186,0.12090595066547394,0.25377774238586428,0.9672624468803406,0.0004945318796671927,-0.1170724406838417,0.030208373442292215,0.9926639199256897],"EasingStyle":"Linear","EasingDirection":"In"},"Right Leg":{"Weight":1,"CFrame":[0.7825031280517578,-0.5531802177429199,0.04965472221374512,-0.02369200438261032,0.9997163414955139,-0.002440362935885787,-0.9962838888168335,-0.023408276960253717,0.08288883417844773,0.08280827105045319,0.004395080264657736,0.9965558052062988],"EasingStyle":"Linear","EasingDirection":"In"},"Left Arm":{"Weight":1,"CFrame":[-0.15959471464157105,-0.44084805250167849,-0.11707574129104614,-0.7251120209693909,0.6563628911972046,0.2083272635936737,-0.675764262676239,-0.7364282608032227,-0.03187596797943115,0.13249583542346955,-0.1638938933610916,0.977539598941803],"EasingStyle":"Linear","EasingDirection":"In"},"Head":{"Weight":1,"CFrame":[8.475035429000855e-8,7.147060721024445e-16,-5.960464477539063e-8,0.9997951984405518,-6.156997045536628e-8,-0.02024167776107788,6.15833215533712e-8,1,3.5673870107943986e-11,0.02024167776107788,-1.282225325915931e-9,0.9997951984405518],"EasingStyle":"Linear","EasingDirection":"In"},"Torso":{"Weight":1,"CFrame":[0.02473273128271103,1.3148046207334119e-8,-0.05674266815185547,0.9999884366989136,-2.0703507797037447e-9,0.004828405100852251,2.0703510017483497e-9,1,4.998183724541638e-12,-0.004828405100852251,4.998365870506616e-12,0.9999884366989136],"EasingStyle":"Linear","EasingDirection":"In"},"HumanoidRootPart":{"Weight":1,"CFrame":[0,0,0,1,0,0,0,1,0,0,0,1],"EasingStyle":"Linear","EasingDirection":"In"},"Right Arm":{"Weight":1,"CFrame":[0.16142575442790986,-0.41671252250671389,-0.07577264308929444,-0.7604346871376038,-0.6348459720611572,-0.1367836892604828,0.6410384178161621,-0.7675071954727173,-0.0016012133564800025,-0.10396593809127808,-0.08890125900506973,0.9905996918678284],"EasingStyle":"Linear","EasingDirection":"In"}}},{"Time":0.30000001192092898,"poses":{"Left Leg":{"Weight":1,"CFrame":[-0.5112260580062866,0.1373710036277771,0.07159769535064697,0.9491349458694458,-0.28526052832603457,0.13330182433128358,0.28621798753738406,0.9580851197242737,0.012334927916526795,-0.13123317062854768,0.026445921510457994,0.9909988045692444],"EasingStyle":"Linear","EasingDirection":"In"},"Right Leg":{"Weight":1,"CFrame":[0.7475316524505615,-0.6684058904647827,0.05876266956329346,-0.20545269548892976,0.9786668419837952,0.0007711214129813016,-0.9750528335571289,-0.20476144552230836,0.0857018232345581,0.08403148502111435,0.016855739057064058,0.9963206052780151],"EasingStyle":"Linear","EasingDirection":"In"},"Left Arm":{"Weight":1,"CFrame":[-0.1646672785282135,-0.4611247181892395,-0.2049655318260193,-0.7736116051673889,0.6318848133087158,0.04739997908473015,-0.6310669779777527,-0.7615265846252441,-0.1477552205324173,-0.05726796016097069,-0.14421778917312623,0.9878875613212586],"EasingStyle":"Linear","EasingDirection":"In"},"Head":{"Weight":1,"CFrame":[7.636845111846924e-8,1.547373340571312e-15,2.384185791015625e-7,0.9997305274009705,-6.15661122083111e-8,-0.023214051499962808,6.158337839679007e-8,1,2.830441783729931e-11,0.023214051499962808,-1.4579026874628199e-9,0.9997305274009705],"EasingStyle":"Linear","EasingDirection":"In"},"Torso":{"Weight":1,"CFrame":[0.03586243838071823,1.3159567657794469e-8,-0.18979525566101075,0.9998244047164917,-2.07021622067316e-9,0.018740542232990266,2.07021622067316e-9,1,1.940009611289817e-11,-0.018740542232990266,1.9400278258863147e-11,0.9998244047164917],"EasingStyle":"Linear","EasingDirection":"In"},"HumanoidRootPart":{"Weight":1,"CFrame":[0,0,0,1,0,0,0,1,0,0,0,1],"EasingStyle":"Linear","EasingDirection":"In"},"Right Arm":{"Weight":1,"CFrame":[0.16142573952674867,-0.43827423453330996,-0.07418900728225708,-0.7892634868621826,-0.6128883957862854,-0.037833280861377719,0.6135354042053223,-0.7845638394355774,-0.08963106572628021,0.025251219049096109,-0.09395471215248108,0.995256245136261],"EasingStyle":"Linear","EasingDirection":"In"}}},{"Time":0.3333333432674408,"poses":{"Left Leg":{"Weight":1,"CFrame":[-0.5897397398948669,0.18097209930419923,0.07435286045074463,0.9361485242843628,-0.32886120676994326,0.1244041696190834,0.32902392745018008,0.9441133737564087,0.019830871373414995,-0.1239733025431633,0.02236727997660637,0.9920334219932556],"EasingStyle":"Linear","EasingDirection":"In"},"Right Leg":{"Weight":1,"CFrame":[0.6790971159934998,-0.7167487144470215,0.06383848190307617,-0.2667798697948456,0.9637557864189148,0.0018216338939964772,-0.9599964618682861,-0.26590511202812197,0.08775635808706284,0.08506012707948685,0.021662810817360879,0.9961403012275696],"EasingStyle":"Linear","EasingDirection":"In"},"Left Arm":{"Weight":1,"CFrame":[-0.16213099658489228,-0.4063386023044586,-0.3541988134384155,-0.4696395993232727,0.8535011410713196,-0.2257753610610962,-0.8545543551445007,-0.5037018656730652,-0.1265753209590912,-0.22175566852092744,0.13349243998527528,0.9659214019775391],"EasingStyle":"Linear","EasingDirection":"In"},"Head":{"Weight":1,"CFrame":[9.313225746154785e-8,-3.885780586188048e-16,-1.7881393432617188e-7,0.9997045993804932,-6.682039099814574e-8,-0.024309083819389344,6.68391848535066e-8,1,-3.974098133907589e-11,0.024309083819389344,-1.5850791790228414e-9,0.9997045993804932],"EasingStyle":"Linear","EasingDirection":"In"},"Torso":{"Weight":1,"CFrame":[0.04092027619481087,1.3110283525463729e-8,-0.2503242492675781,0.9996858835220337,3.36742456141792e-9,0.025062838569283487,-3.36742456141792e-9,1,-4.2205093586655809e-11,-0.025062838569283487,-4.2205378081305869e-11,0.9996858835220337],"EasingStyle":"Linear","EasingDirection":"In"},"HumanoidRootPart":{"Weight":1,"CFrame":[0,0,0,1,0,0,0,1,0,0,0,1],"EasingStyle":"Linear","EasingDirection":"In"},"Right Arm":{"Weight":1,"CFrame":[0.16142573952674867,-0.42117178440093996,-0.13255953788757325,-0.6080291271209717,-0.7784823775291443,0.15577474236488343,0.7935352921485901,-0.5898597240447998,0.1495569795370102,-0.02454224042594433,0.21454766392707826,0.976405143737793],"EasingStyle":"Linear","EasingDirection":"In"}}},{"Time":0.36666667461395266,"poses":{"Left Leg":{"Weight":1,"CFrame":[-0.5708056688308716,0.16158807277679444,0.0585399866104126,0.9448015093803406,-0.31123027205467226,0.10240138322114945,0.31104347109794619,0.9502214193344116,0.01819709502160549,-0.1029675230383873,0.014658649452030659,0.9945767521858215],"EasingStyle":"Linear","EasingDirection":"In"},"Right Leg":{"Weight":1,"CFrame":[0.5982903838157654,-0.7063754796981812,0.05924367904663086,-0.23240108788013459,0.972619891166687,0.000684523256495595,-0.9693478941917419,-0.23167677223682404,0.08179615437984467,0.07971520721912384,0.018346000462770463,0.996648907661438],"EasingStyle":"Linear","EasingDirection":"In"},"Left Arm":{"Weight":1,"CFrame":[-0.15959472954273225,-0.3515520691871643,-0.44098424911499026,-0.11367678642272949,0.8776360750198364,-0.4656530022621155,-0.9882453083992004,-0.1481071263551712,-0.03788987174630165,-0.10222001373767853,0.4558720290660858,0.8841559290885925],"EasingStyle":"Linear","EasingDirection":"In"},"Head":{"Weight":1,"CFrame":[7.82310962677002e-8,2.914335439641036e-16,-5.960464477539063e-8,0.9998289346694946,-6.682832065507682e-8,-0.01850145310163498,6.683931985662639e-8,1,-2.3852570960047893e-11,0.01850145310163498,-1.2127849835508187e-9,0.9998289346694946],"EasingStyle":"Linear","EasingDirection":"In"},"Torso":{"Weight":1,"CFrame":[0.040713753551244739,1.3112908980872362e-8,-0.22233200073242188,0.9997328519821167,3.367474743498633e-9,0.023113826289772989,-3.367474743498633e-9,1,-3.89226637032003e-11,-0.023113826289772989,-3.892294819785036e-11,0.9997328519821167],"EasingStyle":"Linear","EasingDirection":"In"},"HumanoidRootPart":{"Weight":1,"CFrame":[0,0,0,1,0,0,0,1,0,0,0,1],"EasingStyle":"Linear","EasingDirection":"In"},"Right Arm":{"Weight":1,"CFrame":[0.16142576932907105,-0.3878641724586487,-0.24913060665130616,-0.32180529832839968,-0.8596487641334534,0.39679399132728579,0.9298530220985413,-0.20799915492534638,0.3034959137439728,-0.17836706340312959,0.4666266441345215,0.8662821650505066],"EasingStyle":"Linear","EasingDirection":"In"}}},{"Time":0.4000000059604645,"poses":{"Left Leg":{"Weight":1,"CFrame":[-0.4916165769100189,0.11467498540878296,0.03717374801635742,0.9635257720947266,-0.2567167580127716,0.07559457421302796,0.2564210295677185,0.9664673209190369,0.013758503831923008,-0.07659174501895905,0.006127413362264633,0.997043788433075],"EasingStyle":"Linear","EasingDirection":"In"},"Right Leg":{"Weight":1,"CFrame":[0.5359036326408386,-0.6420007944107056,0.04803121089935303,-0.12253307551145554,0.9924634695053101,-0.001428709365427494,-0.9899410605430603,-0.1221187636256218,0.07143999636173248,0.07072716951370239,0.010168086737394333,0.9974438548088074],"EasingStyle":"Linear","EasingDirection":"In"},"Left Arm":{"Weight":1,"CFrame":[-0.16051024198532105,-0.3602392375469208,-0.3667035698890686,-0.213017076253891,0.8511171936988831,-0.47981590032577517,-0.9752748608589172,-0.15564776957035066,0.15688474476337434,0.05884502828121185,0.501371443271637,0.8632287383079529],"EasingStyle":"Linear","EasingDirection":"In"},"Head":{"Weight":1,"CFrame":[7.82310962677002e-8,1.0408340855860843e-15,0,0.9999702572822571,-6.683740139123984e-8,-0.007714196108281612,6.683943354346411e-8,1,4.903823874746749e-12,0.007714196108281612,-5.205224029580791e-10,0.9999702572822571],"EasingStyle":"Linear","EasingDirection":"In"},"Torso":{"Weight":1,"CFrame":[0.03995013236999512,1.311842545703712e-8,-0.1519331932067871,0.9998190999031067,3.3675537913779864e-9,0.019019130617380143,-3.3675537913779864e-9,1,-3.202672155255826e-11,-0.019019130617380143,-3.202700604720832e-11,0.9998190999031067],"EasingStyle":"Linear","EasingDirection":"In"},"HumanoidRootPart":{"Weight":1,"CFrame":[0,0,0,1,0,0,0,1,0,0,0,1],"EasingStyle":"Linear","EasingDirection":"In"},"Right Arm":{"Weight":1,"CFrame":[0.15938016772270204,-0.3617551326751709,-0.34596115350723269,-0.20620626211166383,-0.8804970979690552,0.4268534779548645,0.9747924208641052,-0.14686518907546998,0.16795895993709565,-0.08519742637872696,0.4507276713848114,0.8885864019393921],"EasingStyle":"Linear","EasingDirection":"In"}}},{"Time":0.4333333373069763,"poses":{"Left Leg":{"Weight":1,"CFrame":[-0.3270731568336487,0.05611056089401245,0.01737499237060547,0.98680579662323,-0.1531146615743637,0.05263470113277435,0.15277495980262757,0.9882058501243591,0.010441484861075879,-0.05361270532011986,-0.002262452384456992,0.9985592365264893],"EasingStyle":"Linear","EasingDirection":"In"},"Right Leg":{"Weight":1,"CFrame":[0.5025027990341187,-0.5394464731216431,0.03371262550354004,0.05097071826457977,0.9986923933029175,-0.003932537045329809,-0.997053325176239,0.05111236870288849,0.05720299854874611,0.05732926353812218,0.0010052378056570888,0.9983548521995544],"EasingStyle":"Linear","EasingDirection":"In"},"Left Arm":{"Weight":1,"CFrame":[-0.16142576932907105,-0.3689262568950653,-0.2331470251083374,-0.35527268052101138,0.875613272190094,-0.3272349536418915,-0.9097231030464172,-0.243393674492836,0.33639782667160036,0.21490752696990968,0.4172060489654541,0.8830367922782898],"EasingStyle":"Linear","EasingDirection":"In"},"Head":{"Weight":1,"CFrame":[8.987262845039368e-8,-1.1518563880486e-15,-1.7881393432617188e-7,0.9999982118606567,-6.43921609366771e-8,-0.0019053092692047358,6.439228172894218e-8,1,-4.8845567347799435e-12,0.0019053092692047358,-1.1781038644631537e-10,0.9999982118606567],"EasingStyle":"Linear","EasingDirection":"In"},"Torso":{"Weight":1,"CFrame":[0.03841377794742584,1.8388904621247094e-8,-0.05948185920715332,0.999881386756897,2.070189131231359e-9,0.015407831408083439,-2.070189353275964e-9,1,-1.5949422338401577e-11,-0.015407831408083439,-1.594959754547265e-11,0.999881386756897],"EasingStyle":"Linear","EasingDirection":"In"},"HumanoidRootPart":{"Weight":1,"CFrame":[0,0,0,1,0,0,0,1,0,0,0,1],"EasingStyle":"Linear","EasingDirection":"In"},"Right Arm":{"Weight":1,"CFrame":[0.15488450229167939,-0.351850301027298,-0.38459140062332156,-0.16710785031318665,-0.9066963195800781,0.3872682750225067,0.9854615330696106,-0.1658211052417755,0.0369998961687088,0.03066961094737053,0.38782089948654177,0.9212243556976318],"EasingStyle":"Linear","EasingDirection":"In"}}},{"Time":0.46666666865348818,"poses":{"Left Leg":{"Weight":1,"CFrame":[-0.4519020915031433,0.02950996160507202,0.016860365867614747,0.9352744817733765,-0.35190603137016299,0.03773511201143265,0.3512043356895447,0.9359896183013916,0.024060776457190515,-0.04378684237599373,-0.00925067625939846,0.9989981055259705],"EasingStyle":"Linear","EasingDirection":"In"},"Right Leg":{"Weight":1,"CFrame":[0.6479566693305969,-0.40205562114715578,0.01946842670440674,0.3056967258453369,0.9520783424377441,-0.009815598838031292,-0.951544463634491,0.30585402250289919,0.03188394382596016,0.03335821256041527,-0.0004068521084263921,0.9994434118270874],"EasingStyle":"Linear","EasingDirection":"In"},"Left Arm":{"Weight":1,"CFrame":[-0.16142575442790986,-0.3653431832790375,-0.14801734685897828,-0.45422691106796267,0.8814479112625122,-0.12933500111103059,-0.8279105424880981,-0.36403346061706545,0.4266660213470459,0.3290015757083893,0.30088093876838686,0.8951137661933899],"EasingStyle":"Linear","EasingDirection":"In"},"Head":{"Weight":1,"CFrame":[8.847564458847046e-8,5.689893001203927e-16,3.5762786865234377e-7,0.999996542930603,-6.439205435526674e-8,-0.002649535657837987,6.439228172894218e-8,1,-5.186068154777734e-12,0.002649535657837987,-1.654370251902293e-10,0.999996542930603],"EasingStyle":"Linear","EasingDirection":"In"},"Torso":{"Weight":1,"CFrame":[0.027686579152941705,1.8390107214827368e-8,0.03431272506713867,0.9999027252197266,2.070183358071631e-9,0.013955572620034218,-2.070183580116236e-9,1,-1.4445910613558599e-11,-0.013955572620034218,-1.444608668799141e-11,0.9999027252197266],"EasingStyle":"Linear","EasingDirection":"In"},"HumanoidRootPart":{"Weight":1,"CFrame":[0,0,0,1,0,0,0,1,0,0,0,1],"EasingStyle":"Linear","EasingDirection":"In"},"Right Arm":{"Weight":1,"CFrame":[0.15017038583755494,-0.35254621505737307,-0.3069480061531067,-0.23273488879203797,-0.9457418918609619,0.22673124074935914,0.9719851016998291,-0.2183166891336441,0.08707940578460694,-0.03285541012883186,0.24064570665359498,0.9700568318367004],"EasingStyle":"Linear","EasingDirection":"In"}}},{"Time":0.5,"poses":{"Left Leg":{"Weight":1,"CFrame":[-0.6520881652832031,-0.12673413753509522,0.02456510066986084,0.6791618466377258,-0.7335422039031982,0.025594772771000863,0.7317373156547546,0.6793959736824036,0.054605621844530109,-0.057444535195827487,-0.018357383087277414,0.9981799125671387],"EasingStyle":"Linear","EasingDirection":"In"},"Right Leg":{"Weight":1,"CFrame":[0.7244998216629028,-0.11751818656921387,0.0199124813079834,0.6785535216331482,0.734096884727478,-0.025825144723057748,-0.7341641783714294,0.6789178252220154,0.008588206022977829,0.02383779175579548,0.01313233282417059,0.9996296763420105],"EasingStyle":"Linear","EasingDirection":"In"},"Left Arm":{"Weight":1,"CFrame":[-0.16142575442790986,-0.35868924856185915,-0.11411678791046143,-0.5205144882202148,0.852204442024231,0.05303124338388443,-0.764681875705719,-0.49288904666900637,0.41511720418930056,0.37990322709083559,0.17552237212657929,0.9082210659980774],"EasingStyle":"Linear","EasingDirection":"In"},"Head":{"Weight":1,"CFrame":[8.754432201385498e-8,-2.078198724220215e-15,2.384185791015625e-7,0.9999918937683106,-6.439177013817243e-8,-0.00403166376054287,6.439226751808747e-8,1,-6.003893562867013e-12,0.00403166376054287,-2.536128529406767e-10,0.9999918937683106],"EasingStyle":"Linear","EasingDirection":"In"},"Torso":{"Weight":1,"CFrame":[0.006539134308695793,1.8391295597552927e-8,0.10721302032470703,0.9999216198921204,2.070189797365174e-9,0.012521715834736824,-2.070189797365174e-9,1,-1.2961581460912975e-11,-0.012521715834736824,-1.2961759270069262e-11,0.9999216198921204],"EasingStyle":"Linear","EasingDirection":"In"},"HumanoidRootPart":{"Weight":1,"CFrame":[0,0,0,1,0,0,0,1,0,0,0,1],"EasingStyle":"Linear","EasingDirection":"In"},"Right Arm":{"Weight":1,"CFrame":[0.1465490758419037,-0.35741811990737917,-0.16163331270217896,-0.35833972692489626,-0.9327678680419922,-0.03920179232954979,0.9034684896469116,-0.357052206993103,0.23718854784965516,-0.2352389395236969,0.04957643151283264,0.9706724286079407],"EasingStyle":"Linear","EasingDirection":"In"}}},{"Time":0.5333333611488342,"poses":{"Left Leg":{"Weight":1,"CFrame":[-0.6295471787452698,-0.35157155990600588,0.038879990577697757,0.3459503948688507,-0.9381712079048157,0.012378065846860409,0.9346484541893005,0.3457466661930084,0.08301559090614319,-0.0821625292301178,-0.017150117084383966,0.9964714050292969],"EasingStyle":"Linear","EasingDirection":"In"},"Right Leg":{"Weight":1,"CFrame":[0.464819997549057,0.006663799285888672,0.02926337718963623,0.9186611175537109,0.3903399109840393,-0.060799192637205127,-0.3912370204925537,0.9202847480773926,-0.003129651304334402,0.05473100766539574,0.02666197158396244,0.9981451034545898],"EasingStyle":"Linear","EasingDirection":"In"},"Left Arm":{"Weight":1,"CFrame":[-0.16142575442790986,-0.3551061153411865,-0.10802167654037476,-0.5867393016815186,0.7894432544708252,0.18032324314117433,-0.727206826210022,-0.6116456389427185,0.3115445077419281,0.3562406003475189,0.051663003861904147,0.9329649806022644],"EasingStyle":"Linear","EasingDirection":"In"},"Head":{"Weight":1,"CFrame":[8.475035429000855e-8,-4.705437428587089e-16,3.5762786865234377e-7,0.9999886155128479,-6.590367718217749e-8,-0.0047758896835148338,6.590444456833211e-8,1,3.2316183149611044e-12,0.0047758896835148338,-3.1799493593887009e-10,0.9999886155128479],"EasingStyle":"Linear","EasingDirection":"In"},"Torso":{"Weight":1,"CFrame":[-0.014460861682891846,1.3140597943106514e-8,0.1365809440612793,0.9999679327011108,1.0763937519087108e-9,0.00801125355064869,-1.0763937519087108e-9,1,-4.311653898497747e-12,-0.00801125355064869,-4.311748007246319e-12,0.9999679327011108],"EasingStyle":"Linear","EasingDirection":"In"},"HumanoidRootPart":{"Weight":1,"CFrame":[0,0,0,1,0,0,0,1,0,0,0,1],"EasingStyle":"Linear","EasingDirection":"In"},"Right Arm":{"Weight":1,"CFrame":[0.14510172605514527,-0.3706417679786682,-0.08006954193115235,-0.4858763813972473,-0.8473279476165772,-0.2143818736076355,0.8063786625862122,-0.529194712638855,0.26402002573013308,-0.33716124296188357,-0.044591907411813739,0.9403903484344482],"EasingStyle":"Linear","EasingDirection":"In"}}},{"Time":0.5666666626930237,"poses":{"Left Leg":{"Weight":1,"CFrame":[-0.5742439031600952,-0.5411299467086792,0.05267226696014404,0.03033701330423355,-0.9995390176773071,0.0011899805394932628,0.9953190088272095,0.03031815215945244,0.09176553040742874,-0.0917593464255333,-0.0015994427958503366,0.9957799315452576],"EasingStyle":"Linear","EasingDirection":"In"},"Right Leg":{"Weight":1,"CFrame":[0.32056212425231936,0.025113999843597413,0.04074132442474365,0.9611734747886658,0.25042685866355898,-0.11589636653661728,-0.251872718334198,0.9677578210830689,0.002236980479210615,0.11271987110376358,0.027040937915444375,0.9932588338851929],"EasingStyle":"Linear","EasingDirection":"In"},"Left Arm":{"Weight":1,"CFrame":[-0.16226613521575929,-0.3825922906398773,-0.11161220073699951,-0.6656948328018189,0.7081809639930725,0.2352237105369568,-0.6967997550964356,-0.7027248740196228,0.14369450509548188,0.2670592665672302,-0.06824721395969391,0.9612604975700378],"EasingStyle":"Linear","EasingDirection":"In"},"Head":{"Weight":1,"CFrame":[8.42846930027008e-8,4.826868071905466e-16,-1.1920928955078126e-7,0.9999999403953552,-6.590443746290475e-8,0.0003017988638021052,6.590444456833211e-8,1,-1.4584199733297387e-12,-0.0003017988638021052,2.1344075812335107e-11,0.9999999403953552],"EasingStyle":"Linear","EasingDirection":"In"},"Torso":{"Weight":1,"CFrame":[-0.03009694628417492,1.3144567212464154e-8,0.03524637222290039,0.9999992847442627,1.0764169555699255e-9,-0.001207559136673808,-1.0764169555699255e-9,1,6.499657582981211e-13,0.001207559136673808,6.498716495495493e-13,0.9999992847442627],"EasingStyle":"Linear","EasingDirection":"In"},"HumanoidRootPart":{"Weight":1,"CFrame":[0,0,0,1,0,0,0,1,0,0,0,1],"EasingStyle":"Linear","EasingDirection":"In"},"Right Arm":{"Weight":1,"CFrame":[0.1493338644504547,-0.3965281546115875,-0.07593131065368653,-0.6333869695663452,-0.7400651574134827,-0.2261076271533966,0.7294658422470093,-0.6685319542884827,0.14472323656082154,-0.2582647502422333,-0.07327208667993546,0.963291585445404],"EasingStyle":"Linear","EasingDirection":"In"}}},{"Time":0.6000000238418579,"poses":{"Left Leg":{"Weight":1,"CFrame":[-0.46580660343170168,-0.694031834602356,0.06413078308105469,-0.24306729435920716,-0.9699939489364624,-0.005478999577462673,0.96571946144104,-0.2425190955400467,0.09257730096578598,-0.09112819284200669,0.01721135340631008,0.9956904649734497],"EasingStyle":"Linear","EasingDirection":"In"},"Right Leg":{"Weight":1,"CFrame":[0.47476670145988467,0.09263861179351807,0.08711040019989014,0.9286726713180542,0.33044588565826418,-0.1684415191411972,-0.33292755484580996,0.9428467154502869,0.014124331064522267,0.1634819358587265,0.042961880564689639,0.9856104254722595],"EasingStyle":"Linear","EasingDirection":"In"},"Left Arm":{"Weight":1,"CFrame":[-0.1638268679380417,-0.4336385130882263,-0.1367458701133728,-0.7387120723724365,0.643754243850708,0.19971194863319398,-0.6610597968101502,-0.7498006820678711,-0.02826847694814205,0.13154610991477967,-0.15290389955043794,0.9794468879699707],"EasingStyle":"Linear","EasingDirection":"In"},"Head":{"Weight":1,"CFrame":[8.847564458847046e-8,2.255140518769849e-16,-2.384185791015625e-7,0.9999526739120483,-6.59012613368759e-8,0.009731744416058064,6.590437351405854e-8,1,3.1219755513428593e-12,-0.009731744416058064,6.382252504266717e-10,0.9999526739120483],"EasingStyle":"Linear","EasingDirection":"In"},"Torso":{"Weight":1,"CFrame":[-0.040902551263570788,1.3148745203750423e-8,-0.15304040908813477,0.9999405741691589,1.0763966384885749e-9,-0.010910139419138432,-1.0763967495108773e-9,1,5.872039399862361e-12,0.010910139419138432,5.871944423752051e-12,0.9999405741691589],"EasingStyle":"Linear","EasingDirection":"In"},"HumanoidRootPart":{"Weight":1,"CFrame":[0,0,0,1,0,0,0,1,0,0,0,1],"EasingStyle":"Linear","EasingDirection":"In"},"Right Arm":{"Weight":1,"CFrame":[0.15719358623027802,-0.42491620779037478,-0.0744066834449768,-0.7465961575508118,-0.6470694541931152,-0.1545814871788025,0.6548990607261658,-0.7557164430618286,0.0003619529015850276,-0.11705400794744492,-0.10096514225006104,0.9879799485206604],"EasingStyle":"Linear","EasingDirection":"In"}}},{"Time":0.6333333253860474,"poses":{"Left Leg":{"Weight":1,"CFrame":[-0.39726492762565615,-0.7504816055297852,0.06864237785339356,-0.35618093609809878,-0.9343854784965515,-0.007683072239160538,0.9301735162734985,-0.35533422231674197,0.0922761857509613,-0.08895163983106613,0.02572043240070343,0.9957038760185242],"EasingStyle":"Linear","EasingDirection":"In"},"Right Leg":{"Weight":1,"CFrame":[0.5559235215187073,0.1406235694885254,0.1149207353591919,0.9044153690338135,0.3812715709209442,-0.19148069620132447,-0.3844603896141052,0.9228860139846802,0.021716944873332979,0.18499502539634705,0.05397552251815796,0.9812561273574829],"EasingStyle":"Linear","EasingDirection":"In"},"Left Arm":{"Weight":1,"CFrame":[-0.1646672785282135,-0.46112513542175295,-0.2049655318260193,-0.7736116051673889,0.6318846940994263,0.047400090843439