{"Sequence":[{"Time":0,"poses":{"Left Leg":{"Weight":1,"CFrame":[-0.4297837018966675,-0.08498167991638184,0.03475296497344971,0.8930118083953857,-0.44309210777282717,0.07873573154211045,0.43136078119277956,0.8926309943199158,0.13091176748275758,-0.1282879114151001,-0.08294224739074707,0.9882625937461853],"EasingStyle":"Linear","EasingDirection":"In"},"Right Arm":{"Weight":1,"CFrame":[-0.5219168663024902,0.02465265989303589,0.8039664030075073,-0.43427279591560366,-0.13119931519031526,0.8911755681037903,0.3238782286643982,0.9004316926002502,0.290388822555542,-0.8405415415763855,0.41474035382270815,-0.34854039549827578],"EasingStyle":"Linear","EasingDirection":"In"},"Head":{"Weight":1,"CFrame":[8.102506399154663e-8,-1.210719347000122e-8,0.0166623592376709,0.8694193959236145,-0.48768070340156557,0.07922942191362381,0.4860425591468811,0.873014509677887,0.04010540992021561,-0.08872714638710022,0.0036405245773494245,0.9960494041442871],"EasingStyle":"Linear","EasingDirection":"In"},"Right Leg":{"Weight":1,"CFrame":[0.12867611646652223,0.2514076232910156,0.0519864559173584,0.6887126564979553,-0.08584070950746536,-0.7199349403381348,0.24428507685661317,0.9623812437057495,0.11894244700670243,0.6826416254043579,-0.2577865719795227,0.6837737560272217],"EasingStyle":"Linear","EasingDirection":"In"},"Torso":{"Weight":1,"CFrame":[-0.07363085448741913,0.005718856118619442,-0.14883804321289063,0.8739497065544128,0.47770193219184878,-0.0895143449306488,-0.4790673553943634,0.8777506947517395,0.006952553056180477,0.08189252763986588,0.03680722415447235,0.9959612488746643],"EasingStyle":"Linear","EasingDirection":"In"},"HumanoidRootPart":{"Weight":1,"CFrame":[0,0,0,1,0,0,0,1,0,0,0,1],"EasingStyle":"Linear","EasingDirection":"In"},"Left Arm":{"Weight":1,"CFrame":[0.5219178199768066,0.024652302265167238,0.8039662837982178,-0.43427249789237978,0.13119959831237794,-0.8911757469177246,-0.3238782584667206,0.9004316329956055,0.290388822555542,0.8405417203903198,0.4147403836250305,-0.3485400080680847],"EasingStyle":"Linear","EasingDirection":"In"}}},{"Time":0.01666666753590107,"poses":{"Left Leg":{"Weight":1,"CFrame":[-0.4532034993171692,-0.08588671684265137,0.03342092037200928,0.8904959559440613,-0.4491631090641022,0.0725908949971199,0.4385806620121002,0.8898449540138245,0.12578894197940827,-0.12109434604644776,-0.0801776647567749,0.9893976449966431],"EasingStyle":"Linear","EasingDirection":"In"},"Right Arm":{"Weight":1,"CFrame":[-0.5221062898635864,0.024677515029907228,0.8035471439361572,-0.4217730164527893,-0.13969317078590394,0.8958757519721985,0.3202730417251587,0.9014136791229248,0.29133927822113039,-0.8482527732849121,0.40980401635169985,-0.33545204997062685],"EasingStyle":"Linear","EasingDirection":"In"},"Head":{"Weight":1,"CFrame":[8.89413058757782e-8,4.6566128730773929e-9,0.016661763191223146,0.8721211552619934,-0.48198893666267397,0.0842103585600853,0.48020145297050478,0.8761678338050842,0.04167286679148674,-0.09386825561523438,0.004094183910638094,0.9955762624740601],"EasingStyle":"Linear","EasingDirection":"In"},"Right Leg":{"Weight":1,"CFrame":[0.14884398877620698,0.27575230598449709,0.06268012523651123,0.6856580376625061,-0.07207471132278443,-0.7243466973304749,0.23524126410484315,0.963631272315979,0.12679241597652436,0.6888647079467773,-0.25733259320259097,0.6776764988899231],"EasingStyle":"Linear","EasingDirection":"In"},"Torso":{"Weight":1,"CFrame":[-0.0767788290977478,0.0060502272099256519,-0.16044926643371583,0.8765934705734253,0.47182998061180117,-0.09465920925140381,-0.4733293950557709,0.8808548450469971,0.007355404086410999,0.08685152977705002,0.03835727646946907,0.9954825639724731],"EasingStyle":"Linear","EasingDirection":"In"},"HumanoidRootPart":{"Weight":1,"CFrame":[0,0,0,1,0,0,0,1,0,0,0,1],"EasingStyle":"Linear","EasingDirection":"In"},"Left Arm":{"Weight":1,"CFrame":[0.5220717191696167,0.024588704109191896,0.8063631057739258,-0.43567317724227908,0.13168048858642579,-0.8904208540916443,-0.32482263445854189,0.8995805978775024,0.29196712374687197,0.8394516706466675,0.4164312481880188,-0.34915053844451907],"EasingStyle":"Linear","EasingDirection":"In"}}},{"Time":0.03333333507180214,"poses":{"Left Leg":{"Weight":1,"CFrame":[-0.48641371726989748,-0.08455324172973633,0.027604103088378907,0.889630913734436,-0.4530140161514282,0.05774959176778793,0.4443301856517792,0.8878337740898132,0.11967487633228302,-0.10548639297485352,-0.08080654591321945,0.9911321997642517],"EasingStyle":"Linear","EasingDirection":"In"},"Right Arm":{"Weight":1,"CFrame":[-0.5220887064933777,0.02466660737991333,0.8028348684310913,-0.4058813154697418,-0.1483781784772873,0.9018006324768066,0.3196626603603363,0.9013586044311523,0.2921787202358246,-0.8561987280845642,0.4068618714809418,-0.31841373443603518],"EasingStyle":"Linear","EasingDirection":"In"},"Head":{"Weight":1,"CFrame":[1.1874362826347351e-7,-4.6566128730773929e-9,0.016662120819091798,0.8789551854133606,-0.4684101343154907,0.08960980176925659,0.4663673937320709,0.8835051655769348,0.04382094740867615,-0.09969692677259445,0.0032744600903242828,0.9950125217437744],"EasingStyle":"Linear","EasingDirection":"In"},"Right Leg":{"Weight":1,"CFrame":[0.16245606541633607,0.30195552110671999,0.07141637802124024,0.6760336756706238,-0.0560777448117733,-0.7347338199615479,0.22810937464237214,0.9640472531318665,0.13630518317222596,0.7006744742393494,-0.25974661111831667,0.664520263671875],"EasingStyle":"Linear","EasingDirection":"In"},"Torso":{"Weight":1,"CFrame":[-0.07869581878185272,0.0053285397589206699,-0.17363405227661134,0.8832940459251404,0.4579252004623413,-0.1004793792963028,-0.45966392755508425,0.8880693316459656,0.006478036753833294,0.09219911694526673,0.04046473652124405,0.9949180483818054],"EasingStyle":"Linear","EasingDirection":"In"},"HumanoidRootPart":{"Weight":1,"CFrame":[0,0,0,1,0,0,0,1,0,0,0,1],"EasingStyle":"Linear","EasingDirection":"In"},"Left Arm":{"Weight":1,"CFrame":[0.5224648714065552,0.024472713470458986,0.809166431427002,-0.4391711950302124,0.1312943547964096,-0.8887578248977661,-0.3258783519268036,0.898608386516571,0.29377904534339907,0.8372167944908142,0.4186463952064514,-0.3518570065498352],"EasingStyle":"Linear","EasingDirection":"In"}}},{"Time":0.05000000074505806,"poses":{"Left Leg":{"Weight":1,"CFrame":[-0.5194223523139954,-0.08184432983398438,0.019182205200195314,0.8901515603065491,-0.45390650629997256,0.03998962417244911,0.44735077023506167,0.8872264623641968,0.11272374540567398,-0.08664587140083313,-0.08245183527469635,0.9928213953971863],"EasingStyle":"Linear","EasingDirection":"In"},"Right Arm":{"Weight":1,"CFrame":[-0.5218737721443176,0.024628281593322755,0.8018617630004883,-0.38806912302970889,-0.15694141387939454,0.9081694483757019,0.321321964263916,0.900526225566864,0.29292434453964236,-0.863802433013916,0.4054897129535675,-0.2990376949310303],"EasingStyle":"Linear","EasingDirection":"In"},"Head":{"Weight":1,"CFrame":[4.7497451305389407e-8,-2.60770320892334e-8,0.016662120819091798,0.8868714570999146,-0.45208030939102175,0.09530182927846909,0.44969868659973147,0.8919756412506104,0.046376124024391177,-0.10597272217273712,0.0017275088466703892,0.9943675398826599],"EasingStyle":"Linear","EasingDirection":"In"},"Right Leg":{"Weight":1,"CFrame":[0.17070358991622926,0.32665127515792849,0.07713627815246582,0.6636669039726257,-0.041254185140132907,-0.7468897104263306,0.224343404173851,0.9634919762611389,0.14612765610218049,0.7135940194129944,-0.2645398676395416,0.6486928462982178],"EasingStyle":"Linear","EasingDirection":"In"},"Torso":{"Weight":1,"CFrame":[-0.07976038753986359,0.004004872404038906,-0.18609094619750977,0.8910506963729858,0.4411749541759491,-0.10673969984054566,-0.4432360827922821,0.8963918089866638,0.004868830554187298,0.09782860428094864,0.04297250509262085,0.9942750930786133],"EasingStyle":"Linear","EasingDirection":"In"},"HumanoidRootPart":{"Weight":1,"CFrame":[0,0,0,1,0,0,0,1,0,0,0,1],"EasingStyle":"Linear","EasingDirection":"In"},"Left Arm":{"Weight":1,"CFrame":[0.5230850577354431,0.024310767650604249,0.8123469352722168,-0.44441086053848269,0.13018476963043214,-0.8863131403923035,-0.3270290493965149,0.8975239992141724,0.29580873250961306,0.8339969515800476,0.42131081223487856,-0.3562951683998108],"EasingStyle":"Linear","EasingDirection":"In"}}},{"Time":0.06666667014360428,"poses":{"Left Leg":{"Weight":1,"CFrame":[-0.5437980890274048,-0.07939469814300537,0.011277437210083008,0.8917266130447388,-0.4518760144710541,0.025135362520813943,0.4471670687198639,0.8882719278335571,0.10495119541883469,-0.06975194811820984,-0.08234802633523941,0.9941596984863281],"EasingStyle":"Linear","EasingDirection":"In"},"Right Arm":{"Weight":1,"CFrame":[-0.5214711427688599,0.02457118034362793,0.8006622791290283,-0.36985886096954348,-0.16505905985832215,0.914308488368988,0.32453522086143496,0.8991513848304749,0.29360464215278628,-0.870563805103302,0.40531763434410097,-0.2789917290210724],"EasingStyle":"Linear","EasingDirection":"In"},"Head":{"Weight":1,"CFrame":[1.2363307178020478e-7,2.7939677238464357e-9,0.0166623592376709,0.8931211829185486,-0.4383005201816559,0.10113010555505753,0.43552669882774355,0.8988285660743713,0.049232080578804019,-0.11247707903385163,0.0000746687946957536,0.9936543703079224],"EasingStyle":"Linear","EasingDirection":"In"},"Right Leg":{"Weight":1,"CFrame":[0.1754385083913803,0.34648048877716067,0.07916843891143799,0.6527838110923767,-0.030835803598165513,-0.756916344165802,0.22494524717330934,0.9619948863983154,0.15480807423591615,0.7233760356903076,-0.27132096886634829,0.6349111795425415],"EasingStyle":"Linear","EasingDirection":"In"},"Torso":{"Weight":1,"CFrame":[-0.08036980032920838,0.0025921654887497427,-0.19551610946655274,0.8971648812294006,0.42693638801574709,-0.11322755366563797,-0.42937329411506655,0.9031215906143189,0.003151377197355032,0.10360369086265564,0.04578958451747894,0.9935640692710877],"EasingStyle":"Linear","EasingDirection":"In"},"HumanoidRootPart":{"Weight":1,"CFrame":[0,0,0,1,0,0,0,1,0,0,0,1],"EasingStyle":"Linear","EasingDirection":"In"},"Left Arm":{"Weight":1,"CFrame":[0.5239200592041016,0.024109303951263429,0.8158752918243408,-0.451035737991333,0.12849482893943788,-0.8832077980041504,-0.3282584249973297,0.8963363766670227,0.2980394959449768,0.8299477100372315,0.4243469536304474,-0.362100213766098],"EasingStyle":"Linear","EasingDirection":"In"}}},{"Time":0.0833333358168602,"poses":{"Left Leg":{"Weight":1,"CFrame":[-0.5522677898406982,-0.07941591739654541,0.007845163345336914,0.8940938711166382,-0.4474743604660034,0.01905183680355549,0.44383853673934939,0.8909260630607605,0.09621918946504593,-0.06002940610051155,-0.07757305353879929,0.9951779246330261],"EasingStyle":"Linear","EasingDirection":"In"},"Right Arm":{"Weight":1,"CFrame":[-0.5208908319473267,0.02450186014175415,0.7992739677429199,-0.35284465551376345,-0.17237968742847444,0.9196662902832031,0.3285848796367645,0.8974570035934448,0.2942834496498108,-0.8760893940925598,0.4060247838497162,-0.2600216567516327],"EasingStyle":"Linear","EasingDirection":"In"},"Head":{"Weight":1,"CFrame":[1.0279472917318344e-7,5.122274160385132e-9,0.016661882400512697,0.8952649235725403,-0.432519793510437,0.10689929872751236,0.4293403625488281,0.9016239047050476,0.052357353270053866,-0.11902859061956406,-0.0009774714708328248,0.9928904175758362],"EasingStyle":"Linear","EasingDirection":"In"},"Right Leg":{"Weight":1,"CFrame":[0.17913734912872315,0.35852521657943728,0.07753288745880127,0.6478738784790039,-0.02789170667529106,-0.7612369656562805,0.23032017052173615,0.959727942943573,0.16085655987262727,0.7260938286781311,-0.27954304218292239,0.6282066702842712],"EasingStyle":"Linear","EasingDirection":"In"},"Torso":{"Weight":1,"CFrame":[-0.08095237612724304,0.0016729463823139668,-0.1996011734008789,0.8992493152618408,0.4207213521003723,-0.11976819485425949,-0.4235486090183258,0.9058712124824524,0.0020338662434369327,0.10935024917125702,0.04889869689941406,0.9927998185157776],"EasingStyle":"Linear","EasingDirection":"In"},"HumanoidRootPart":{"Weight":1,"CFrame":[0,0,0,1,0,0,0,1,0,0,0,1],"EasingStyle":"Linear","EasingDirection":"In"},"Left Arm":{"Weight":1,"CFrame":[0.5249578356742859,0.02387547492980957,0.819722056388855,-0.4586893618106842,0.12636907398700715,-0.8795652985572815,-0.32955121994018557,0.8950549364089966,0.3004538416862488,0.8252273201942444,0.4276769459247589,-0.3689071834087372],"EasingStyle":"Linear","EasingDirection":"In"}}},{"Time":0.10000000149011612,"poses":{"Left Leg":{"Weight":1,"CFrame":[-0.54490727186203,-0.08223843574523926,0.00835716724395752,0.8977944254875183,-0.4399568736553192,0.020079856738448144,0.4368223249912262,0.8953567147254944,0.08673304319381714,-0.05613742768764496,-0.06909714639186859,0.996029257774353],"EasingStyle":"Linear","EasingDirection":"In"},"Right Arm":{"Weight":1,"CFrame":[-0.5201417803764343,0.02442878484725952,0.7977346181869507,-0.3386867642402649,-0.17851875722408296,0.9238086938858032,0.3327465057373047,0.8956632614135742,0.29507124423980715,-0.8800972104072571,0.40733084082603457,-0.243947833776474],"EasingStyle":"Linear","EasingDirection":"In"},"Head":{"Weight":1,"CFrame":[8.89413058757782e-8,1.0943040251731873e-8,0.016662001609802247,0.8941917419433594,-0.4333012104034424,0.11256691813468933,0.4297417998313904,0.9012483954429627,0.05543730407953262,-0.1254717856645584,-0.001196867204271257,0.9920965433120728],"EasingStyle":"Linear","EasingDirection":"In"},"Right Leg":{"Weight":1,"CFrame":[0.18112921714782716,0.36229097843170168,0.07247495651245117,0.6479672789573669,-0.03124833106994629,-0.7610268592834473,0.23964238166809083,0.9567797780036926,0.16475459933280946,0.7229868173599243,-0.28912997245788576,0.6274504661560059],"EasingStyle":"Linear","EasingDirection":"In"},"Torso":{"Weight":1,"CFrame":[-0.08186653256416321,0.001439449144527316,-0.197706937789917,0.8981793522834778,0.42112404108047488,-0.12620842456817628,-0.42431640625,0.9055123329162598,0.0017500000540167094,0.1150202602148056,0.051980480551719668,0.9920023083686829],"EasingStyle":"Linear","EasingDirection":"In"},"HumanoidRootPart":{"Weight":1,"CFrame":[0,0,0,1,0,0,0,1,0,0,0,1],"EasingStyle":"Linear","EasingDirection":"In"},"Left Arm":{"Weight":1,"CFrame":[0.5261863470077515,0.02361774444580078,0.8238584995269775,-0.46701720356941225,0.12395496666431427,-0.8755170702934265,-0.3308936059474945,0.8936893939971924,0.30303245782852175,0.8200026750564575,0.4312244951725006,-0.3763525187969208],"EasingStyle":"Linear","EasingDirection":"In"}}},{"Time":0.11666666716337204,"poses":{"Left Leg":{"Weight":1,"CFrame":[-0.5294452905654907,-0.08615481853485108,0.009409666061401368,0.9028122425079346,-0.42945611476898196,0.02230755239725113,0.42672428488731387,0.9010798931121826,0.07721031457185745,-0.053259383887052539,-0.06018725782632828,0.9967652559280396],"EasingStyle":"Linear","EasingDirection":"In"},"Right Arm":{"Weight":1,"CFrame":[-0.5192326903343201,0.024359047412872316,0.7960847616195679,-0.3290909230709076,-0.18305914103984834,0.9263847470283508,0.33628684282302859,0.8939927816390991,0.2961215674877167,-0.8823890686035156,0.4089820086956024,-0.23264455795288087],"EasingStyle":"Linear","EasingDirection":"In"},"Head":{"Weight":1,"CFrame":[6.961636245250702e-8,1.3504177331924439e-8,0.016661882400512697,0.8925372958183289,-0.4352445900440216,0.11806569248437882,0.43134626746177676,0.9003118872642517,0.058130718767642978,-0.13159705698490144,-0.0009565780637785792,0.9913029074668884],"EasingStyle":"Linear","EasingDirection":"In"},"Right Leg":{"Weight":1,"CFrame":[0.17986831068992616,0.36038464307785036,0.0649789571762085,0.6488820314407349,-0.03691951185464859,-0.759992778301239,0.2509930431842804,0.953300952911377,0.16798774898052216,0.7182997465133667,-0.2997572124004364,0.6278464198112488],"EasingStyle":"Linear","EasingDirection":"In"},"Torso":{"Weight":1,"CFrame":[-0.08307063579559326,0.0015864940360188485,-0.1917870044708252,0.8965392112731934,0.4227352738380432,-0.13233506679534913,-0.42625248432159426,0.9046022891998291,0.0019287652103230358,0.12052596360445023,0.054678935557603839,0.9912031888961792],"EasingStyle":"Linear","EasingDirection":"In"},"HumanoidRootPart":{"Weight":1,"CFrame":[0,0,0,1,0,0,0,1,0,0,0,1],"EasingStyle":"Linear","EasingDirection":"In"},"Left Arm":{"Weight":1,"CFrame":[0.5275939702987671,0.0233423113822937,0.8282556533813477,-0.4756687879562378,0.12140451371669769,-0.8712062835693359,-0.33227354288101199,0.8922491073608398,0.3057546019554138,0.8144528865814209,0.43491676449775698,-0.38407546281814577],"EasingStyle":"Linear","EasingDirection":"In"}}},{"Time":0.13333334028720857,"poses":{"Left Leg":{"Weight":1,"CFrame":[-0.5085272192955017,-0.09059011936187744,0.010647058486938477,0.9085162281990051,-0.4170866906642914,0.02524273842573166,0.41468125581741335,0.9074058532714844,0.06822177767753601,-0.051359809935092929,-0.05151284858584404,0.997350811958313],"EasingStyle":"Linear","EasingDirection":"In"},"Right Arm":{"Weight":1,"CFrame":[-0.5181723833084106,0.024300098419189454,0.7943637371063232,-0.3257700800895691,-0.1855599731206894,0.9270606637001038,0.33846336603164675,0.89267498254776,0.2976135015487671,-0.8827890157699585,0.4107297360897064,-0.22800153493881226],"EasingStyle":"Linear","EasingDirection":"In"},"Head":{"Weight":1,"CFrame":[1.1757947504520416e-7,-2.0954757928848268e-8,0.01666247844696045,0.8905624151229858,-0.43787696957588198,0.12313533574342728,0.4336892366409302,0.8990349173545837,0.06041576340794563,-0.1371576488018036,-0.0004015527665615082,0.9905491471290588],"EasingStyle":"Linear","EasingDirection":"In"},"Right Leg":{"Weight":1,"CFrame":[0.1763283908367157,0.35449063777923586,0.05616044998168945,0.6502585411071777,-0.04395369440317154,-0.7584404945373535,0.2631830871105194,0.9495394825935364,0.17061488330364228,0.712670087814331,-0.31055256724357607,0.6290140151977539],"EasingStyle":"Linear","EasingDirection":"In"},"Torso":{"Weight":1,"CFrame":[-0.0844067931175232,0.0019970382563769819,-0.18341875076293946,0.8945855498313904,0.425088495016098,-0.13790011405944825,-0.42888230085372927,0.9033570885658264,0.002427870873361826,0.12560512125492097,0.056970980018377307,0.9904431700706482],"EasingStyle":"Linear","EasingDirection":"In"},"HumanoidRootPart":{"Weight":1,"CFrame":[0,0,0,1,0,0,0,1,0,0,0,1],"EasingStyle":"Linear","EasingDirection":"In"},"Left Arm":{"Weight":1,"CFrame":[0.5291691422462463,0.023057103157043458,0.8328843116760254,-0.4842977821826935,0.1188751831650734,-0.866789698600769,-0.3336813449859619,0.8907439708709717,0.3085966408252716,0.8087722063064575,0.4386844038963318,-0.39171889424324038],"EasingStyle":"Linear","EasingDirection":"In"}}},{"Time":0.15000000596046449,"poses":{"Left Leg":{"Weight":1,"CFrame":[-0.48516756296157839,-0.09493470191955567,0.011777162551879883,0.9142435789108276,-0.40416914224624636,0.028392154723405839,0.4020281434059143,0.9136382341384888,0.060320399701595309,-0.05031983554363251,-0.043733157217502597,0.9977752566337586],"EasingStyle":"Linear","EasingDirection":"In"},"Right Arm":{"Weight":1,"CFrame":[-0.51697838306427,0.024253785610198976,0.7926098108291626,-0.3266257643699646,-0.18569256365299226,0.9267330169677734,0.34034425020217898,0.8916258215904236,0.2986118197441101,-0.881749153137207,0.4129425883293152,-0.22802862524986268],"EasingStyle":"Linear","EasingDirection":"In"},"Head":{"Weight":1,"CFrame":[3.096647560596466e-8,2.3283064365386964e-9,0.016662240028381349,0.8885364532470703,-0.4407287836074829,0.12751904129981996,0.4363088607788086,0.8976402878761292,0.062262650579214099,-0.1419072300195694,0.0003151197743136436,0.9898799657821655],"EasingStyle":"Linear","EasingDirection":"In"},"Right Leg":{"Weight":1,"CFrame":[0.1715305745601654,0.34638822078704836,0.047093868255615237,0.6517696380615234,-0.05135076120495796,-0.7566765546798706,0.2750096917152405,0.945804238319397,0.1726963371038437,0.7067998051643372,-0.32065171003341677,0.6305685639381409],"EasingStyle":"Linear","EasingDirection":"In"},"Torso":{"Weight":1,"CFrame":[-0.08571732044219971,0.002547086216509342,-0.17417550086975099,0.8925833702087402,0.4277198612689972,-0.14265578985214234,-0.43173497915267947,0.9019952416419983,0.003096573753282428,0.1299992948770523,0.05882556363940239,0.9897675514221191],"EasingStyle":"Linear","EasingDirection":"In"},"HumanoidRootPart":{"Weight":1,"CFrame":[0,0,0,1,0,0,0,1,0,0,0,1],"EasingStyle":"Linear","EasingDirection":"In"},"Left Arm":{"Weight":1,"CFrame":[0.5309002995491028,0.02276712656021118,0.8377153873443604,-0.4925641715526581,0.11652959883213043,-0.8624392151832581,-0.3351101577281952,0.8891835808753967,0.31153422594070437,0.803169846534729,0.4424629509449005,-0.3989298343658447],"EasingStyle":"Linear","EasingDirection":"In"}}},{"Time":0.1666666716337204,"poses":{"Left Leg":{"Weight":1,"CFrame":[-0.4632275700569153,-0.09859108924865723,0.012629389762878418,0.9192367196083069,-0.39246219396591189,0.031260501593351367,0.3905254602432251,0.9190047979354858,0.0540388822555542,-0.04993673413991928,-0.03746642544865608,0.9980493783950806],"EasingStyle":"Linear","EasingDirection":"In"},"Right Arm":{"Weight":1,"CFrame":[-0.5156880617141724,0.024215221405029298,0.7908577919006348,-0.3283664584159851,-0.18362779915332795,0.9265291690826416,0.34341877698898318,0.8905801177024841,0.29821234941482546,-0.8799085021018982,0.41611045598983767,-0.22937536239624024],"EasingStyle":"Linear","EasingDirection":"In"},"Head":{"Weight":1,"CFrame":[1.0174699127674103e-7,-9.313225746154786e-10,0.0166623592376709,0.8867368102073669,-0.4433356821537018,0.13096323609352113,0.43874627351760867,0.8963550329208374,0.0636344850063324,-0.1456010341644287,0.0010326229967176915,0.9893428683280945],"EasingStyle":"Linear","EasingDirection":"In"},"Right Leg":{"Weight":1,"CFrame":[0.1666373312473297,0.3379719853401184,0.0389101505279541,0.6531382203102112,-0.05802127346396446,-0.755012571811676,0.2851943075656891,0.9424909949302673,0.1742841899394989,0.7014804482460022,-0.3291569650173187,0.6321241855621338],"EasingStyle":"Linear","EasingDirection":"In"},"Torso":{"Weight":1,"CFrame":[-0.08684563636779785,0.0031065484508872034,-0.16562867164611817,0.8908059000968933,0.4301683306694031,-0.14635580778121949,-0.43434447050094607,0.9007389545440674,0.0037767216563224794,0.13345301151275636,0.060204505920410159,0.9892247915267944],"EasingStyle":"Linear","EasingDirection":"In"},"HumanoidRootPart":{"Weight":1,"CFrame":[0,0,0,1,0,0,0,1,0,0,0,1],"EasingStyle":"Linear","EasingDirection":"In"},"Left Arm":{"Weight":1,"CFrame":[0.5327770113945007,0.022481918334960939,0.8427214622497559,-0.5001335144042969,0.11453546583652497,-0.858340322971344,-0.3365558981895447,0.8875781297683716,0.31453943252563479,0.7978699803352356,0.44619131088256838,-0.4053601026535034],"EasingStyle":"Linear","EasingDirection":"In"}}},{"Time":0.18333333730697633,"poses":{"Left Leg":{"Weight":1,"CFrame":[-0.44664859771728518,-0.10109353065490723,0.013137221336364746,0.9228059649467468,-0.3838190734386444,0.033349908888339999,0.3820166289806366,0.9228076338768005,0.049893561750650409,-0.04992567002773285,-0.033301837742328647,0.998197615146637],"EasingStyle":"Linear","EasingDirection":"In"},"Right Arm":{"Weight":1,"CFrame":[-0.5143350958824158,0.024177491664886476,0.7891412973403931,-0.33088254928588869,-0.17965739965438844,0.9264125227928162,0.3475722074508667,0.8894937634468079,0.2966386377811432,-0.8773313760757446,0.42014768719673159,-0.23187404870986939],"EasingStyle":"Linear","EasingDirection":"In"},"Head":{"Weight":1,"CFrame":[1.0477378964424133e-7,1.0244548320770264e-8,0.01666247844696045,0.8854480981826782,-0.4452365040779114,0.13321523368358613,0.44054415822029116,0.8954117298126221,0.06448927521705628,-0.1479954570531845,0.0015852802898734809,0.9889868497848511],"EasingStyle":"Linear","EasingDirection":"In"},"Right Leg":{"Weight":1,"CFrame":[0.16317220032215119,0.33148711919784548,0.033002614974975589,0.6541470289230347,-0.0626668706536293,-0.7537668943405151,0.29220032691955569,0.9401309490203857,0.17542150616645814,0.6976465582847595,-0.33500242233276369,0.6332951784133911],"EasingStyle":"Linear","EasingDirection":"In"},"Torso":{"Weight":1,"CFrame":[-0.08763635158538819,0.00354121346026659,-0.1593472957611084,0.8895335793495178,0.4319744408130646,-0.14875511825084687,-0.43624791502952578,0.8998162150382996,0.00430515268817544,0.13571198284626008,0.061064526438713077,0.9888647198677063],"EasingStyle":"Linear","EasingDirection":"In"},"HumanoidRootPart":{"Weight":1,"CFrame":[0,0,0,1,0,0,0,1,0,0,0,1],"EasingStyle":"Linear","EasingDirection":"In"},"Left Arm":{"Weight":1,"CFrame":[0.5347882509231567,0.022207200527191163,0.8478732109069824,-0.5066774487495422,0.11306549608707428,-0.8546895980834961,-0.33801764249801638,0.885937511920929,0.31758272647857668,0.793109118938446,0.4498123228549957,-0.41066649556159975],"EasingStyle":"Linear","EasingDirection":"In"}}},{"Time":0.20000000298023225,"poses":{"Left Leg":{"Weight":1,"CFrame":[-0.44010505080223086,-0.10201883316040039,0.013307809829711914,0.9241675138473511,-0.3804571330547333,0.0341583788394928,0.3787029981613159,0.9242519736289978,0.048397116363048556,-0.04998399689793587,-0.03179118409752846,0.9982439875602722],"EasingStyle":"Linear","EasingDirection":"In"},"Right Arm":{"Weight":1,"CFrame":[-0.5129534602165222,0.024134933948516847,0.7874935865402222,-0.3340621888637543,-0.17406785488128663,0.9263385534286499,0.35269173979759219,0.8883163928985596,0.294112890958786,-0.8740772604942322,0.42496395111083987,-0.23536069691181184],"EasingStyle":"Linear","EasingDirection":"In"},"Head":{"Weight":1,"CFrame":[1.4062970876693726e-7,2.0954757928848268e-8,0.016661882400512697,0.884955883026123,-0.445972204208374,0.13402239978313447,0.4412453770637512,0.8950451016426086,0.06478354334831238,-0.14884771406650544,0.0018062267918139697,0.9888585209846497],"EasingStyle":"Linear","EasingDirection":"In"},"Right Leg":{"Weight":1,"CFrame":[0.16267332434654237,0.32909536361694338,0.03076171875,0.6546018123626709,-0.0639873817563057,-0.7532610297203064,0.2945084869861603,0.9392749071121216,0.1761462539434433,0.696247935295105,-0.33714744448661806,0.6336959004402161],"EasingStyle":"Linear","EasingDirection":"In"},"Torso":{"Weight":1,"CFrame":[-0.08793449401855469,0.0037158187478780748,-0.15690398216247559,0.8890479207038879,0.4326789081096649,-0.14960935711860658,-0.43698492646217348,0.8994575142860413,0.004517422057688236,0.13652187585830689,0.06136081740260124,0.9887349009513855],"EasingStyle":"Linear","EasingDirection":"In"},"HumanoidRootPart":{"Weight":1,"CFrame":[0,0,0,1,0,0,0,1,0,0,0,1],"EasingStyle":"Linear","EasingDirection":"In"},"Left Arm":{"Weight":1,"CFrame":[0.5369234681129456,0.021950364112854005,0.8531428575515747,-0.5118724703788757,0.11229623854160309,-0.8516902923583984,-0.3394975960254669,0.8842713832855225,0.32063278555870058,0.7891311645507813,0.4532700181007385,-0.4145098626613617],"EasingStyle":"Linear","EasingDirection":"In"}}},{"Time":0.21666666865348817,"poses":{"Left Leg":{"Weight":1,"CFrame":[-0.4424285590648651,-0.10120010375976563,0.013364553451538086,0.9230489134788513,-0.3831700384616852,0.034081678837537768,0.38127297163009646,0.9230396151542664,0.05127273127436638,-0.051104892045259479,-0.034332867711782458,0.9981030821800232],"EasingStyle":"Linear","EasingDirection":"In"},"Right Arm":{"Weight":1,"CFrame":[-0.5115764737129211,0.024082541465759279,0.7859477996826172,-0.33779177069664,-0.16714400053024293,0.9262611269950867,0.35866495966911318,0.8869957327842712,0.29085755348205569,-0.870204746723175,0.4304667115211487,-0.23967111110687257],"EasingStyle":"Linear","EasingDirection":"In"},"Head":{"Weight":1,"CFrame":[8.521601557731629e-8,-4.190951585769653e-8,0.016662001609802247,0.8851748704910278,-0.44588953256607058,0.13284583389759065,0.44128578901290896,0.8950858116149902,0.06394097954034805,-0.1474190205335617,0.0020240433514118196,0.9890720844268799],"EasingStyle":"Linear","EasingDirection":"In"},"Right Leg":{"Weight":1,"CFrame":[0.1663539707660675,0.3305758237838745,0.033415794372558597,0.6550273895263672,-0.06063280254602432,-0.753168523311615,0.2895834743976593,0.9408116340637207,0.17611080408096314,0.6979116201400757,-0.33346259593963625,0.6338156461715698],"EasingStyle":"Linear","EasingDirection":"In"},"Torso":{"Weight":1,"CFrame":[-0.08934098482131958,0.003906900994479656,-0.15795326232910157,0.8892669081687927,0.43271949887275698,-0.1481829434633255,-0.4369050860404968,0.8994950652122498,0.004749724175781012,0.13534513115882874,0.06051810458302498,0.9889485836029053],"EasingStyle":"Linear","EasingDirection":"In"},"HumanoidRootPart":{"Weight":1,"CFrame":[0,0,0,1,0,0,0,1,0,0,0,1],"EasingStyle":"Linear","EasingDirection":"In"},"Left Arm":{"Weight":1,"CFrame":[0.5391720533370972,0.021719634532928468,0.8585015535354614,-0.5153980851173401,0.11240643262863159,-0.8495467901229858,-0.3410012722015381,0.8825902342796326,0.32365500926971438,0.7861826419830322,0.4565078020095825,-0.4165545701980591],"EasingStyle":"Linear","EasingDirection":"In"}}},{"Time":0.23333333432674409,"poses":{"Left Leg":{"Weight":1,"CFrame":[-0.44884541630744936,-0.09888756275177002,0.01337432861328125,0.9200875759124756,-0.39027124643325808,0.03357420861721039,0.38798069953918459,0.9197711944580078,0.05909168720245361,-0.05394241586327553,-0.04134342074394226,0.9976878762245178],"EasingStyle":"Linear","EasingDirection":"In"},"Right Arm":{"Weight":1,"CFrame":[-0.5102381706237793,0.02401256561279297,0.7845382690429688,-0.3419589400291443,-0.15917418897151948,0.9261359572410584,0.3653774857521057,0.8854803442955017,0.2870955169200897,-0.8657733201980591,0.436564177274704,-0.2446393370628357],"EasingStyle":"Linear","EasingDirection":"In"},"Head":{"Weight":1,"CFrame":[7.729977369308472e-8,-1.7695128917694093e-8,0.016661882400512697,0.8859082460403442,-0.44541770219802859,0.12949827313423158,0.44113415479660036,0.8953195214271545,0.06167466193437576,-0.14341334998607636,0.002488046884536743,0.98965984582901],"EasingStyle":"Linear","EasingDirection":"In"},"Right Leg":{"Weight":1,"CFrame":[0.1730566769838333,0.33319902420043948,0.0400848388671875,0.6556994318962097,-0.05312881991267204,-0.753150463104248,0.27759385108947756,0.9446176886558533,0.1750403195619583,0.7021395564079285,-0.32384374737739565,0.6341335773468018],"EasingStyle":"Linear","EasingDirection":"In"},"Torso":{"Weight":1,"CFrame":[-0.09270349144935608,0.004321838729083538,-0.1606290340423584,0.8899982571601868,0.43256744742393496,-0.1441822648048401,-0.43644028902053835,0.8997178673744202,0.005254169926047325,0.13199615478515626,0.058250755071640018,0.9895371794700623],"EasingStyle":"Linear","EasingDirection":"In"},"HumanoidRootPart":{"Weight":1,"CFrame":[0,0,0,1,0,0,0,1,0,0,0,1],"EasingStyle":"Linear","EasingDirection":"In"},"Left Arm":{"Weight":1,"CFrame":[0.5415235161781311,0.021520793437957765,0.8639209270477295,-0.5169332027435303,0.11357603967189789,-0.8484578132629395,-0.3425365388393402,0.8809041976928711,0.3266138434410095,0.7845055460929871,0.4594654440879822,-0.4164646863937378],"EasingStyle":"Linear","EasingDirection":"In"}}},{"Time":0.25,"poses":{"Left Leg":{"Weight":1,"CFrame":[-0.45847171545028689,-0.09530842304229737,0.013070106506347657,0.9158780574798584,-0.40016213059425356,0.032212745398283008,0.3972821831703186,0.9149733781814575,0.07064514607191086,-0.05774334445595741,-0.051904670894145969,0.9969812631607056],"EasingStyle":"Linear","EasingDirection":"In"},"Right Arm":{"Weight":1,"CFrame":[-0.5089722871780396,0.02392059564590454,0.7832975387573242,-0.3464536964893341,-0.15044879913330079,0.9259239435195923,0.37271222472190859,0.8837240934371948,0.2830497622489929,-0.8608458638191223,0.4431668519973755,-0.25009551644325259],"EasingStyle":"Linear","EasingDirection":"In"},"Head":{"Weight":1,"CFrame":[1.3317912817001344e-7,9.313225746154786e-10,0.016661882400512697,0.8872600793838501,-0.44422048330307009,0.12424927204847336,0.4403771162033081,0.8959128260612488,0.05838020518422127,-0.13725018501281739,0.0029181151185184719,0.9905321002006531],"EasingStyle":"Linear","EasingDirection":"In"},"Right Leg":{"Weight":1,"CFrame":[0.18080168962478639,0.33539289236068728,0.04906189441680908,0.6560276746749878,-0.04297581687569618,-0.7535122036933899,0.2610221803188324,0.9496883749961853,0.17308832705020905,0.7081632018089294,-0.3102341890335083,0.6342395544052124],"EasingStyle":"Linear","EasingDirection":"In"},"Torso":{"Weight":1,"CFrame":[-0.09673544764518738,0.00472671166062355,-0.1642298698425293,0.8913427591323853,0.43180733919143679,-0.13802418112754823,-0.43525218963623049,0.9002902507781982,0.00574638182297349,0.1267431527376175,0.05495331436395645,0.9904122948646545],"EasingStyle":"Linear","EasingDirection":"In"},"HumanoidRootPart":{"Weight":1,"CFrame":[0,0,0,1,0,0,0,1,0,0,0,1],"EasingStyle":"Linear","EasingDirection":"In"},"Left Arm":{"Weight":1,"CFrame":[0.5439562201499939,0.021348953247070314,0.869368314743042,-0.5160799026489258,0.11578270047903061,-0.8486789464950562,-0.3444511890411377,0.8791199326515198,0.32939568161964419,0.7842289209365845,0.46232300996780398,-0.4138146638870239],"EasingStyle":"Linear","EasingDirection":"In"}}},{"Time":0.2666666805744171,"poses":{"Left Leg":{"Weight":1,"CFrame":[-0.47048917412757876,-0.09066963195800781,0.012156963348388672,0.9110350012779236,-0.4112662971019745,0.029584694653749467,0.40768060088157656,0.9091864228248596,0.08471444249153137,-0.06173817813396454,-0.06511674076318741,0.9959659576416016],"EasingStyle":"Linear","EasingDirection":"In"},"Right Arm":{"Weight":1,"CFrame":[-0.5078132748603821,0.023800671100616456,0.7822595834732056,-0.3511715233325958,-0.14126558601856233,0.9255931377410889,0.38054731488227847,0.8816878795623779,0.2789447009563446,-0.8554896116256714,0.4501895606517792,-0.2558654546737671],"EasingStyle":"Linear","EasingDirection":"In"},"Head":{"Weight":1,"CFrame":[9.080395102500916e-8,-5.587935447692871e-9,0.016662001609802247,0.889325737953186,-0.44195637106895449,0.11736451834440232,0.4385986328125,0.8970314264297485,0.05446118116378784,-0.12934914231300355,0.0030422513373196127,0.9915945529937744],"EasingStyle":"Linear","EasingDirection":"In"},"Right Leg":{"Weight":1,"CFrame":[0.18785502016544343,0.33597904443740847,0.058841705322265628,0.6554739475250244,-0.03154755011200905,-0.7545586228370667,0.2421521693468094,0.9551542401313782,0.17041969299316407,0.7153434753417969,-0.29442375898361208,0.633717954158783],"EasingStyle":"Linear","EasingDirection":"In"},"Torso":{"Weight":1,"CFrame":[-0.10015031695365906,0.0048941681161522869,-0.1680588722229004,0.893392026424408,0.430021196603775,-0.13012544810771943,-0.43299737572669985,0.9013756513595581,0.005949960555881262,0.1198505237698555,0.05102834105491638,0.9914796948432922],"EasingStyle":"Linear","EasingDirection":"In"},"HumanoidRootPart":{"Weight":1,"CFrame":[0,0,0,1,0,0,0,1,0,0,0,1],"EasingStyle":"Linear","EasingDirection":"In"},"Left Arm":{"Weight":1,"CFrame":[0.5464223623275757,0.021159648895263673,0.8747608661651611,-0.5127716660499573,0.11883796751499176,-0.8502604365348816,-0.3470171391963959,0.8771752715110779,0.33187732100486758,0.7852670550346375,0.4652324914932251,-0.4085518419742584],"EasingStyle":"Linear","EasingDirection":"In"}}},{"Time":0.28333333134651186,"poses":{"Left Leg":{"Weight":1,"CFrame":[-0.4841780960559845,-0.08514976501464844,0.010318756103515625,0.9062141180038452,-0.4220612943172455,0.025305120274424554,0.4177801311016083,0.9030213356018066,0.10006188601255417,-0.06508329510688782,-0.08010558038949967,0.994659423828125],"EasingStyle":"Linear","EasingDirection":"In"},"Right Arm":{"Weight":1,"CFrame":[-0.5067951679229736,0.02364671230316162,0.7814582586288452,-0.35601282119750979,-0.13192859292030335,0.925121545791626,0.38875657320022585,0.879341185092926,0.27500447630882265,-0.849778413772583,0.4575521647930145,-0.2617686688899994],"EasingStyle":"Linear","EasingDirection":"In"},"Head":{"Weight":1,"CFrame":[4.7031790018081668e-8,-7.450580596923828e-9,0.016661643981933595,0.8921932578086853,-0.4382767081260681,0.10910870134830475,0.43538475036621096,0.8988363742828369,0.05033237859606743,-0.12013042718172074,0.0025980796199291946,0.9927548170089722],"EasingStyle":"Linear","EasingDirection":"In"},"Right Leg":{"Weight":1,"CFrame":[0.19230638444423676,0.33370155096054079,0.06771540641784668,0.6535799503326416,-0.020342040807008745,-0.7565840482711792,0.2234582155942917,0.9602627754211426,0.16721759736537934,0.7231180667877197,-0.2783550024032593,0.6321542263031006],"EasingStyle":"Linear","EasingDirection":"In"},"Torso":{"Weight":1,"CFrame":[-0.10166230797767639,0.00460483692586422,-0.1714181900024414,0.8962308764457703,0.42679354548454287,-0.12090380489826203,-0.4293251037597656,0.9031327962875366,0.005598217248916626,0.1115814745426178,0.04688974469900131,0.9926484227180481],"EasingStyle":"Linear","EasingDirection":"In"},"HumanoidRootPart":{"Weight":1,"CFrame":[0,0,0,1,0,0,0,1,0,0,0,1],"EasingStyle":"Linear","EasingDirection":"In"},"Left Arm":{"Weight":1,"CFrame":[0.5488717555999756,0.02089989185333252,0.8799974918365479,-0.5071730613708496,0.12267237901687622,-0.8530691862106323,-0.3501279950141907,0.8751290440559387,0.334005206823349,0.7875187993049622,0.4680819511413574,-0.4008908271789551],"EasingStyle":"Linear","EasingDirection":"In"}}},{"Time":0.30000001192092898,"poses":{"Left Leg":{"Weight":1,"CFrame":[-0.4992470443248749,-0.07886004447937012,0.007233381271362305,0.9020350575447083,-0.4312434196472168,0.01902751997113228,0.4264552593231201,0.8971128463745117,0.1154317557811737,-0.06684903055429459,-0.09600913524627686,0.9931331872940064],"EasingStyle":"Linear","EasingDirection":"In"},"Right Arm":{"Weight":1,"CFrame":[-0.5059530138969421,0.023455262184143068,0.780927300453186,-0.3608875572681427,-0.12274941802024842,0.924496054649353,0.39720848202705386,0.876663327217102,0.27145305275917055,-0.8437924385070801,0.46518179774284365,-0.26761993765830996],"EasingStyle":"Linear","EasingDirection":"In"},"Head":{"Weight":1,"CFrame":[1.0640360414981842e-7,9.778887033462525e-9,0.016662120819091798,0.8959440588951111,-0.4328216314315796,0.0997486263513565,0.43032705783843996,0.9014785885810852,0.046421512961387637,-0.11001352220773697,0.0013334992108866573,0.9939292669296265],"EasingStyle":"Linear","EasingDirection":"In"},"Right Leg":{"Weight":1,"CFrame":[0.1925797462463379,0.327880859375,0.0741502046585083,0.6499906778335571,-0.010675502009689808,-0.759867250919342,0.2071901559829712,0.9645107984542847,0.16368000209331513,0.7311528325080872,-0.26382750272750857,0.6291348934173584],"EasingStyle":"Linear","EasingDirection":"In"},"Torso":{"Weight":1,"CFrame":[-0.09998510777950287,0.0036477362737059595,-0.17360162734985352,0.8999367356300354,0.4217139780521393,-0.11077626049518585,-0.4238737225532532,0.9057105779647827,0.004434652626514435,0.10220138728618622,0.04296424239873886,0.9938355088233948],"EasingStyle":"Linear","EasingDirection":"In"},"HumanoidRootPart":{"Weight":1,"CFrame":[0,0,0,1,0,0,0,1,0,0,0,1],"EasingStyle":"Linear","EasingDirection":"In"},"Left Arm":{"Weight":1,"CFrame":[0.5512545108795166,0.02052062749862671,0.8849763870239258,-0.4994361996650696,0.12721498310565949,-0.8569597005844116,-0.35367393493652346,0.8730431795120239,0.33572375774383547,0.790871798992157,0.4707569479942322,-0.3910367488861084],"EasingStyle":"Linear","EasingDirection":"In"}}},{"Time":0.3166666626930237,"poses":{"Left Leg":{"Weight":1,"CFrame":[-0.5150284767150879,-0.07191228866577149,0.002564072608947754,0.8992154002189636,-0.437381774187088,0.010439416393637658,0.4325020909309387,0.8922756910324097,0.12956075370311738,-0.065982386469841,-0.11198797076940537,0.9915165305137634],"EasingStyle":"Linear","EasingDirection":"In"},"Right Arm":{"Weight":1,"CFrame":[-0.5053216218948364,0.023220300674438478,0.7807010412216187,-0.3657104969024658,-0.1140458732843399,0.9237150549888611,0.4057675004005432,0.8736440539360046,0.26851239800453188,-0.8376207947731018,0.473011314868927,-0.27322468161582949],"EasingStyle":"Linear","EasingDirection":"In"},"Head":{"Weight":1,"CFrame":[4.9476511776447299e-8,-9.313225746154786e-10,0.0166623592376709,0.90