{"Sequence":[{"Time":0,"poses":{"Left Leg":{"Weight":1,"CFrame":[-0.36632204055786135,0.08395707607269287,0.053070664405822757,0.9567286372184753,-0.25454163551330569,0.14099255204200746,0.24815881252288819,0.9667690992355347,0.06143825873732567,-0.15194588899612428,-0.02379118651151657,0.9881024360656738],"EasingStyle":"Linear","EasingDirection":"In"},"Right Arm":{"Weight":1,"CFrame":[-1.9311245935682565e-8,-0.14372888207435609,0.008983016014099121,0.9619932770729065,0.0816456526517868,-0.26058200001716616,-0.041014790534973147,0.986632227897644,0.15771684050559998,0.2699755132198334,-0.14103493094444276,0.9524822235107422],"EasingStyle":"Linear","EasingDirection":"In"},"Left Arm":{"Weight":1,"CFrame":[1.2069528487756998e-8,-0.08983072638511658,0.017966151237487794,0.9756799936294556,-0.06396076083183289,0.20966072380542756,0.014946880750358105,0.9736683964729309,0.22747820615768434,-0.2186897099018097,-0.21881228685379029,0.9509448409080505],"EasingStyle":"Linear","EasingDirection":"In"},"Head":{"Weight":1,"CFrame":[8.742279078433057e-8,0,0,1,-6.357302595461079e-8,8.742277657347586e-8,6.357302595461079e-8,1,0,-8.742277657347586e-8,-2.0850114102149814e-15,1],"EasingStyle":"Linear","EasingDirection":"In"},"Torso":{"Weight":1,"CFrame":[0,0,-0.11079859733581543,1,0,-8.742277657347586e-8,0,1,0,8.742277657347586e-8,0,1],"EasingStyle":"Linear","EasingDirection":"In"},"HumanoidRootPart":{"Weight":0,"CFrame":[0,0,0,1,0,0,0,1,0,0,0,1],"EasingStyle":"Linear","EasingDirection":"In"},"Right Leg":{"Weight":1,"CFrame":[0.3638717830181122,0.08405649662017822,0.05467069149017334,0.9560598134994507,0.2546105980873108,-0.14533771574497224,-0.24813145399093629,0.9667786359786987,0.061399348080158237,0.15614236891269685,-0.02263866364955902,0.9874750971794128],"EasingStyle":"Linear","EasingDirection":"In"}}},{"Time":0.01666666753590107,"poses":{"Left Leg":{"Weight":1,"CFrame":[-0.3681548237800598,0.09172844886779785,0.05376458168029785,0.9606443047523499,-0.23837684094905854,0.1426149308681488,0.23225656151771546,0.9709015488624573,0.05837048590183258,-0.15237928926944734,-0.022950047627091409,0.9880555868148804],"EasingStyle":"Linear","EasingDirection":"In"},"Right Arm":{"Weight":1,"CFrame":[-7.365597411990166e-7,-0.1437334418296814,0.00897681713104248,0.95718914270401,0.13993780314922334,-0.25338974595069888,-0.09551693499088288,0.9790420532226563,0.17986975610256196,0.2732498347759247,-0.14796645939350129,0.9504948854446411],"EasingStyle":"Linear","EasingDirection":"In"},"Left Arm":{"Weight":1,"CFrame":[-0.040547795593738559,-0.09531944990158081,0.0022569894790649416,0.975953996181488,-0.04036814346909523,0.2142060399055481,-0.00760580413043499,0.9757968187332153,0.21854686737060548,-0.2178439199924469,-0.2149210125207901,0.9520257711410523],"EasingStyle":"Linear","EasingDirection":"In"},"Head":{"Weight":1,"CFrame":[8.749157132115215e-8,-2.78583911494934e-9,0,0.9999955296516419,-0.00010837759327841923,-0.002989751286804676,0.00012312221224419773,0.9999878406524658,0.00493195466697216,0.0029891803860664369,-0.004932302050292492,0.9999833703041077],"EasingStyle":"Linear","EasingDirection":"In"},"Torso":{"Weight":1,"CFrame":[0.000013336772099137307,-0.006506960839033127,-0.1130058765411377,0.9999995231628418,0.0009193116566166282,-0.00028187758289277554,-0.0009232661686837673,0.9998964071273804,-0.014365537092089653,0.00026864197570830584,0.014365790411829949,0.999896764755249],"EasingStyle":"Linear","EasingDirection":"In"},"HumanoidRootPart":{"Weight":0,"CFrame":[0,0,0,1,0,0,0,1,0,0,0,1],"EasingStyle":"Linear","EasingDirection":"In"},"Right Leg":{"Weight":1,"CFrame":[0.3670857846736908,0.09263956546783447,0.054683685302734378,0.9603278040885925,0.23809242248535157,-0.14519792795181275,-0.2317953109741211,0.9709678888320923,0.05909642577171326,0.1550530195236206,-0.023095816373825074,0.987636148929596],"EasingStyle":"Linear","EasingDirection":"In"}}},{"Time":0.03333333507180214,"poses":{"Left Leg":{"Weight":1,"CFrame":[-0.37562599778175356,0.1024547815322876,0.0560535192489624,0.9637115001678467,-0.22351625561714173,0.14594732224941255,0.21781790256500245,0.9744871854782105,0.054130103439092639,-0.1543227881193161,-0.020375840365886689,0.9878103733062744],"EasingStyle":"Linear","EasingDirection":"In"},"Right Arm":{"Weight":1,"CFrame":[-0.0000029050279408693315,-0.1437472105026245,0.008958697319030762,0.9517555236816406,0.18480220437049867,-0.24496859312057496,-0.13784627616405488,0.9707174897193909,0.19673825800418855,0.274152934551239,-0.153478741645813,0.9493600130081177],"EasingStyle":"Linear","EasingDirection":"In"},"Left Arm":{"Weight":1,"CFrame":[-0.08243253082036972,-0.11002963781356812,-0.01577538251876831,0.9740396738052368,0.0284513458609581,0.22458235919475556,-0.07278028130531311,0.978758692741394,0.19166214764118195,-0.21435889601707459,-0.2030317783355713,0.9554205536842346],"EasingStyle":"Linear","EasingDirection":"In"},"Head":{"Weight":1,"CFrame":[8.722417987883091e-8,7.254584488691762e-9,-2.384185791015625e-7,0.9999846816062927,-0.0003941479662898928,-0.005524673964828253,0.0004816229047719389,0.9998744130134583,0.0158411655575037,0.005517736542969942,-0.015843583270907403,0.9998592734336853],"EasingStyle":"Linear","EasingDirection":"In"},"Torso":{"Weight":1,"CFrame":[0.00004217028617858887,-0.015265069901943207,-0.1195518970489502,0.9999932646751404,0.0034966771490871908,-0.0011140861315652729,-0.0035302520263940098,0.9994907379150391,-0.031713806092739108,0.0010026259114965797,0.03171752765774727,0.999496340751648],"EasingStyle":"Linear","EasingDirection":"In"},"HumanoidRootPart":{"Weight":0,"CFrame":[0,0,0,1,0,0,0,1,0,0,0,1],"EasingStyle":"Linear","EasingDirection":"In"},"Right Leg":{"Weight":1,"CFrame":[0.37824827432632449,0.10583484172821045,0.0549393892288208,0.9643776416778565,0.22214315831661225,-0.14362497627735139,-0.21599672734737397,0.9747138023376465,0.05725758150219917,0.15271268784999848,-0.02419547736644745,0.9879744052886963],"EasingStyle":"Linear","EasingDirection":"In"}}},{"Time":0.05000000074505806,"poses":{"Left Leg":{"Weight":1,"CFrame":[-0.387772798538208,0.11626070737838745,0.05980098247528076,0.9660013318061829,-0.2101135551929474,0.15064451098442079,0.2050057053565979,0.9775410294532776,0.04884905368089676,-0.15752503275871278,-0.01630527339875698,0.9873803853988648],"EasingStyle":"Linear","EasingDirection":"In"},"Right Arm":{"Weight":1,"CFrame":[-0.000006464775651693344,-0.1437700092792511,0.008928656578063965,0.9469479918479919,0.2181399166584015,-0.23601803183555604,-0.16974031925201417,0.963055431842804,0.20907504856586457,0.27290600538253786,-0.15792155265808106,0.9489905834197998],"EasingStyle":"Linear","EasingDirection":"In"},"Left Arm":{"Weight":1,"CFrame":[-0.12536552548408509,-0.1313263177871704,-0.03520995378494263,0.9618025422096252,0.14173740148544312,0.23419302701950074,-0.17881527543067933,0.9730714559555054,0.14545445144176484,-0.20727020502090455,-0.18177585303783418,0.961247444152832],"EasingStyle":"Linear","EasingDirection":"In"},"Head":{"Weight":1,"CFrame":[8.742790669202805e-8,1.002263161353767e-8,-2.980232238769531e-7,0.9999704360961914,-0.0008083352586254478,-0.00764787383377552,0.0010498053161427379,0.9994993209838867,0.031622447073459628,0.007618483155965805,-0.0316295400261879,0.9994706511497498],"EasingStyle":"Linear","EasingDirection":"In"},"Torso":{"Weight":1,"CFrame":[0.00006853509694337845,-0.025707527995109559,-0.1303102970123291,0.9999691247940064,0.007459256798028946,-0.0024784705601632597,-0.007576629053801298,0.9986538290977478,-0.05131344497203827,0.0020923742558807136,0.05133063718676567,0.998679518699646],"EasingStyle":"Linear","EasingDirection":"In"},"HumanoidRootPart":{"Weight":0,"CFrame":[0,0,0,1,0,0,0,1,0,0,0,1],"EasingStyle":"Linear","EasingDirection":"In"},"Right Leg":{"Weight":1,"CFrame":[0.39568430185317995,0.12371319532394409,0.05522012710571289,0.9681802988052368,0.20685777068138123,-0.14084315299987794,-0.20082156360149384,0.9780282974243164,0.055958058685064319,0.1493239551782608,-0.025893162935972215,0.988449215888977],"EasingStyle":"Linear","EasingDirection":"In"}}},{"Time":0.06666667014360428,"poses":{"Left Leg":{"Weight":1,"CFrame":[-0.40344297885894778,0.1332148313522339,0.06487035751342774,0.9676035046577454,-0.19822409749031068,0.15636701881885529,0.19388778507709504,0.9800953269004822,0.04266883805394173,-0.1617126315832138,-0.010968855582177639,0.9867769479751587],"EasingStyle":"Linear","EasingDirection":"In"},"Right Arm":{"Weight":1,"CFrame":[-0.000011404044926166535,-0.14380121231079102,0.00888681411743164,0.9434078335762024,0.24179214239120484,-0.22697634994983674,-0.19286319613456727,0.9567884802818298,0.21762247383594514,0.2697877883911133,-0.1615314781665802,0.9492745399475098],"EasingStyle":"Linear","EasingDirection":"In"},"Left Arm":{"Weight":1,"CFrame":[-0.16905806958675385,-0.1565747857093811,-0.055125415325164798,0.925589919090271,0.29817792773246767,0.23318073153495789,-0.3235848844051361,0.94292151927948,0.07868815958499909,-0.19640809297561646,-0.14828680455684663,0.9692445397377014],"EasingStyle":"Linear","EasingDirection":"In"},"Head":{"Weight":1,"CFrame":[8.638016879558563e-8,9.822542779147625e-11,0,0.9999549388885498,-0.0013119971845299006,-0.009402071125805378,0.0017914054915308953,0.9986886382102966,0.05116412416100502,0.009322612546384335,-0.051178667694330218,0.9986460208892822],"EasingStyle":"Linear","EasingDirection":"In"},"Torso":{"Weight":1,"CFrame":[0.0000785505399107933,-0.037262216210365298,-0.1451246738433838,0.9999119639396668,0.012533135712146759,-0.004351684357970953,-0.012815493158996106,0.9972914457321167,-0.07242637872695923,0.003432167461141944,0.07247576862573624,0.9973642826080322],"EasingStyle":"Linear","EasingDirection":"In"},"HumanoidRootPart":{"Weight":0,"CFrame":[0,0,0,1,0,0,0,1,0,0,0,1],"EasingStyle":"Linear","EasingDirection":"In"},"Right Leg":{"Weight":1,"CFrame":[0.4175550639629364,0.14627838134765626,0.055255889892578128,0.9717235565185547,0.1922498196363449,-0.13708874583244325,-0.1862754225730896,0.9809414148330689,0.05527549609541893,0.14510281383991242,-0.028176262974739076,0.9890153408050537],"EasingStyle":"Linear","EasingDirection":"In"}}},{"Time":0.0833333358168602,"poses":{"Left Leg":{"Weight":1,"CFrame":[-0.4214800000190735,0.15327292680740357,0.0711207389831543,0.9686047434806824,-0.18789702653884889,0.16278691589832307,0.18452242016792298,0.9821780323982239,0.03574596345424652,-0.16660235822200776,-0.004585847724229097,0.9860135316848755],"EasingStyle":"Linear","EasingDirection":"In"},"Right Arm":{"Weight":1,"CFrame":[-0.00001769140362739563,-0.14384204149246217,0.008833646774291993,0.9413433074951172,0.25749677419662478,-0.2181013822555542,-0.2087738960981369,0.9521797895431519,0.22308526933193208,0.26511549949645998,-0.16446611285209657,0.9500867128372192],"EasingStyle":"Linear","EasingDirection":"In"},"Left Arm":{"Weight":1,"CFrame":[-0.21322140097618104,-0.1831410825252533,-0.07460033893585205,0.846778392791748,0.48971936106681826,0.20770488679409028,-0.4994514286518097,0.8663182854652405,-0.0063942368142306808,-0.18306995928287507,-0.09832414984703064,0.97817063331604],"EasingStyle":"Linear","EasingDirection":"In"},"Head":{"Weight":1,"CFrame":[8.777715265750885e-8,9.022187441587448e-10,-4.172325134277344e-7,0.9999396204948425,-0.0018731893505901099,-0.010828487575054169,0.002662512008100748,0.9973030686378479,0.07334490865468979,0.010661894455552102,-0.07336930930614472,0.9972478747367859],"EasingStyle":"Linear","EasingDirection":"In"},"Torso":{"Weight":1,"CFrame":[0.00006812997162342072,-0.049354493618011478,-0.16379737854003907,0.9998074173927307,0.018445633351802827,-0.006698130164295435,-0.018995441496372224,0.9953615069389343,-0.0943114161491394,0.004927427042275667,0.09442049264907837,0.9955202341079712],"EasingStyle":"Linear","EasingDirection":"In"},"HumanoidRootPart":{"Weight":0,"CFrame":[0,0,0,1,0,0,0,1,0,0,0,1],"EasingStyle":"Linear","EasingDirection":"In"},"Right Leg":{"Weight":1,"CFrame":[0.44210317730903628,0.1733872890472412,0.05479729175567627,0.9749855399131775,0.1783767193555832,-0.13260821998119355,-0.17241068184375764,0.9834727048873901,0.05528125539422035,0.14027751982212068,-0.031035393476486207,0.9896256923675537],"EasingStyle":"Linear","EasingDirection":"In"}}},{"Time":0.10000000149011612,"poses":{"Left Leg":{"Weight":1,"CFrame":[-0.4402759075164795,0.1759427785873413,0.0783078670501709,0.969147801399231,-0.17886319756507874,0.1695890575647354,0.17663830518722535,0.9838705658912659,0.028242185711860658,-0.17190518975257874,0.0025850979145616295,0.9851101040840149],"EasingStyle":"Linear","EasingDirection":"In"},"Right Arm":{"Weight":1,"CFrame":[-0.00002547726035118103,-0.14389055967330934,0.008768916130065918,0.940670907497406,0.2668956518173218,-0.20953519642353059,-0.2189389169216156,0.9491750001907349,0.22612492740154267,0.2592373192310333,-0.16683371365070344,0.9512951970100403],"EasingStyle":"Linear","EasingDirection":"In"},"Left Arm":{"Weight":1,"CFrame":[-0.2575666308403015,-0.20838937163352967,-0.09271359443664551,0.7062785625457764,0.6935786604881287,0.14184309542179109,-0.6869794130325317,0.7198625802993774,-0.0992824137210846,-0.1709676831960678,-0.027322355657815934,0.9848977327346802],"EasingStyle":"Linear","EasingDirection":"In"},"Head":{"Weight":1,"CFrame":[9.033828973770142e-8,1.0272196959704161e-7,1.1920928955078126e-7,0.9999253749847412,-0.0024644299410283567,-0.011966289021074772,0.00361420214176178,0.9952743649482727,0.09703540802001953,0.011670602485537529,-0.09707140922546387,0.9952089786529541],"EasingStyle":"Linear","EasingDirection":"In"},"Torso":{"Weight":1,"CFrame":[0.00004698894917964935,-0.061411499977111819,-0.1856544017791748,0.9996444582939148,0.024928009137511255,-0.009464971721172333,-0.02585996687412262,0.9928856492042542,-0.1162295714020729,0.006500262767076492,0.11643300950527191,0.9931772947311401],"EasingStyle":"Linear","EasingDirection":"In"},"HumanoidRootPart":{"Weight":0,"CFrame":[0,0,0,1,0,0,0,1,0,0,0,1],"EasingStyle":"Linear","EasingDirection":"In"},"Right Leg":{"Weight":1,"CFrame":[0.46724140644073489,0.20438933372497559,0.053598761558532718,0.9779913425445557,0.16504189372062684,-0.1276485025882721,-0.15902867913246156,0.9856835603713989,0.056016258895397189,0.13506607711315156,-0.034483715891838077,0.9902363419532776],"EasingStyle":"Linear","EasingDirection":"In"}}},{"Time":0.11666666716337204,"poses":{"Left Leg":{"Weight":1,"CFrame":[-0.45652902126312258,0.1992412805557251,0.08583307266235352,0.9695778489112854,-0.16964854300022126,0.1764601767063141,0.1687343418598175,0.9854528307914734,0.02028528042137623,-0.17733456194400788,0.010106737725436688,0.9840987324714661],"EasingStyle":"Linear","EasingDirection":"In"},"Right Arm":{"Weight":1,"CFrame":[-0.00003429129719734192,-0.14394769072532655,0.00869297981262207,0.94112229347229,0.27156198024749758,-0.2013528048992157,-0.22476260364055634,0.9475165605545044,0.2273631989955902,0.2525283694267273,-0.16872012615203858,0.9527660012245178],"EasingStyle":"Linear","EasingDirection":"In"},"Left Arm":{"Weight":1,"CFrame":[-0.3018055856227875,-0.2296857237815857,-0.10854369401931763,0.4959838390350342,0.8679775595664978,0.024801716208457948,-0.8522313237190247,0.4920634627342224,-0.17769406735897065,-0.1664385050535202,0.0669964998960495,0.9837731719017029],"EasingStyle":"Linear","EasingDirection":"In"},"Head":{"Weight":1,"CFrame":[8.754432201385498e-8,-2.482556737959385e-8,1.1920928955078126e-7,0.9999127388000488,-0.003060669172555208,-0.012852255254983902,0.004594982601702213,0.9926290512084961,0.12110502272844315,0.012386859394609928,-0.12115351855754852,0.9925565123558044],"EasingStyle":"Linear","EasingDirection":"In"},"Torso":{"Weight":1,"CFrame":[0.000040903687477111819,-0.07286682724952698,-0.20825624465942384,0.9994176626205444,0.031718187034130099,-0.012579288333654404,-0.033147867769002917,0.989953875541687,-0.13745002448558808,0.008093249052762986,0.13778696954250337,0.9904288053512573],"EasingStyle":"Linear","EasingDirection":"In"},"HumanoidRootPart":{"Weight":0,"CFrame":[0,0,0,1,0,0,0,1,0,0,0,1],"EasingStyle":"Linear","EasingDirection":"In"},"Right Leg":{"Weight":1,"CFrame":[0.48936814069747927,0.2370145320892334,0.05136680603027344,0.9809324145317078,0.15093787014484406,-0.12243115901947022,-0.1448247730731964,0.9877890944480896,0.05743200331926346,0.12960489094257356,-0.038605935871601108,0.9908139109611511],"EasingStyle":"Linear","EasingDirection":"In"}}},{"Time":0.13333334028720857,"poses":{"Left Leg":{"Weight":1,"CFrame":[-0.4675998091697693,0.22056329250335694,0.09303855895996094,0.9701545238494873,-0.15897434949874879,0.1831047683954239,0.15948709845542909,0.9871268272399902,0.012018417939543724,-0.18265824019908906,0.017543146386742593,0.9830199480056763],"EasingStyle":"Linear","EasingDirection":"In"},"Right Arm":{"Weight":1,"CFrame":[-0.000044640153646469119,-0.14401373267173768,0.00860595703125,0.9423235654830933,0.2730322778224945,-0.19359707832336427,-0.22762049734592439,0.9468275308609009,0.22739039361476899,0.24538791179656983,-0.17020870745182038,0.9543656706809998],"EasingStyle":"Linear","EasingDirection":"In"},"Left Arm":{"Weight":1,"CFrame":[-0.345648854970932,-0.24439600110054017,-0.12116950750350952,0.2328174114227295,0.9626645445823669,-0.13810530304908753,-0.9564110636711121,0.20090027153491975,-0.21193602681159974,-0.17627793550491334,0.1814277470111847,0.9674761295318604],"EasingStyle":"Linear","EasingDirection":"In"},"Head":{"Weight":1,"CFrame":[8.288770914077759e-8,4.807952791452408e-8,1.1920928955078126e-7,0.9999019503593445,-0.0036377792712301018,-0.013520678505301476,0.005552923772484064,0.9894993901252747,0.14443030953407288,0.012853293679654599,-0.14449122548103333,0.989422619342804],"EasingStyle":"Linear","EasingDirection":"In"},"Torso":{"Weight":1,"CFrame":[0.00009229034185409546,-0.08316540718078613,-0.22868704795837403,0.9991288781166077,0.0385633260011673,-0.015947360545396806,-0.04059451073408127,0.9867231845855713,-0.15725590288639069,0.009671319276094437,0.15776629745960236,0.987429141998291],"EasingStyle":"Linear","EasingDirection":"In"},"HumanoidRootPart":{"Weight":0,"CFrame":[0,0,0,1,0,0,0,1,0,0,0,1],"EasingStyle":"Linear","EasingDirection":"In"},"Right Leg":{"Weight":1,"CFrame":[0.5057080984115601,0.26825302839279177,0.04805326461791992,0.9838911890983582,0.13502943515777589,-0.11715421825647354,-0.12877652049064637,0.9898912906646729,0.05942945554852486,0.12399467080831528,-0.04338543117046356,0.9913339614868164],"EasingStyle":"Linear","EasingDirection":"In"}}},{"Time":0.15000000596046449,"poses":{"Left Leg":{"Weight":1,"CFrame":[-0.4717753231525421,0.23708891868591309,0.09926152229309082,0.9710211157798767,-0.14594793319702149,0.1892542988061905,0.14794358611106873,0.9889891743659973,0.0036169132217764856,-0.1876983791589737,0.024486880749464036,0.9819214344024658],"EasingStyle":"Linear","EasingDirection":"In"},"Right Arm":{"Weight":1,"CFrame":[-0.0000561736524105072,-0.14408788084983827,0.008507966995239258,0.9438509345054627,0.27283114194869997,-0.18630267679691316,-0.22888480126857758,0.946671187877655,0.22677157819271089,0.23823772370815278,-0.17139677703380586,0.9559633731842041],"EasingStyle":"Linear","EasingDirection":"In"},"Left Arm":{"Weight":1,"CFrame":[-0.38880807161331179,-0.24988484382629395,-0.1296696662902832,-0.040533293038606647,0.9461028575897217,-0.3213198482990265,-0.9782710671424866,-0.10301844775676727,-0.1799248903989792,-0.20332932472229005,0.3070448637008667,0.9297206997871399],"EasingStyle":"Linear","EasingDirection":"In"},"Head":{"Weight":1,"CFrame":[8.754432201385498e-8,4.848698154091835e-8,-3.5762786865234377e-7,0.9998932480812073,-0.004171375650912523,-0.01400346215814352,0.006437406409531832,0.9861208200454712,0.16590458154678346,0.013117052614688874,-0.16597698628902436,0.9860423803329468],"EasingStyle":"Linear","EasingDirection":"In"},"Torso":{"Weight":1,"CFrame":[0.0002592727541923523,-0.09176585078239441,-0.2439887523651123,0.998787522315979,0.04522149637341499,-0.01945583149790764,-0.047933150082826617,0.9834102392196655,-0.17494769394397736,0.011221668682992459,0.1756681501865387,0.9843854904174805],"EasingStyle":"Linear","EasingDirection":"In"},"HumanoidRootPart":{"Weight":0,"CFrame":[0,0,0,1,0,0,0,1,0,0,0,1],"EasingStyle":"Linear","EasingDirection":"In"},"Right Leg":{"Weight":1,"CFrame":[0.5145717859268189,0.2947899103164673,0.04385638236999512,0.9868285655975342,0.11673764139413834,-0.11198974400758743,-0.11032376438379288,0.9919677972793579,0.0618748739361763,0.11831339448690415,-0.04870476946234703,0.9917811155319214],"EasingStyle":"Linear","EasingDirection":"In"}}},{"Time":0.1666666716337204,"poses":{"Left Leg":{"Weight":1,"CFrame":[-0.4677039086818695,0.24588066339492799,0.10376572608947754,0.972244918346405,-0.1297769844532013,0.19467326998710633,0.1332334280014038,0.991073489189148,-0.004710241220891476,-0.19232425093650819,0.030516518279910089,0.9808568358421326],"EasingStyle":"Linear","EasingDirection":"In"},"Right Arm":{"Weight":1,"CFrame":[-0.00006896257400512695,-0.1441696286201477,0.008399367332458496,0.9467632174491882,0.2667340636253357,-0.18025656044483186,-0.2241620123386383,0.9480888843536377,0.22556327283382417,0.23106461763381959,-0.17314840853214265,0.9574072957038879],"EasingStyle":"Linear","EasingDirection":"In"},"Left Arm":{"Weight":1,"CFrame":[-0.43087339401245119,-0.2162269949913025,-0.1342151165008545,-0.27798792719841006,0.8254096508026123,-0.49134671688079836,-0.9292007684707642,-0.3607458174228668,-0.08030255883932114,-0.24353374540805818,0.4342365264892578,0.8672542572021484],"EasingStyle":"Linear","EasingDirection":"In"},"Head":{"Weight":1,"CFrame":[8.568167686462403e-8,3.003515303134918e-8,0,0.9998865723609924,-0.004636015743017197,-0.014330346137285233,0.007200305815786123,0.9828168153762817,0.18444304168224336,0.013229024596512318,-0.1845252960920334,0.982738733291626],"EasingStyle":"Linear","EasingDirection":"In"},"Torso":{"Weight":1,"CFrame":[0.0006133690476417542,-0.09814143180847168,-0.25117015838623049,0.9984106421470642,0.051462333649396899,-0.02297460101544857,-0.05489625036716461,0.9802783727645874,-0.18984408676624299,0.012751685455441475,0.19080355763435365,0.9815453886985779],"EasingStyle":"Linear","EasingDirection":"In"},"HumanoidRootPart":{"Weight":0,"CFrame":[0,0,0,1,0,0,0,1,0,0,0,1],"EasingStyle":"Linear","EasingDirection":"In"},"Right Leg":{"Weight":1,"CFrame":[0.5147876739501953,0.3131313920021057,0.03912806510925293,0.9896384477615356,0.09565121680498123,-0.10708174854516983,-0.08907559514045716,0.9939275979995728,0.06460285186767578,0.11261095851659775,-0.0543951541185379,0.9921491742134094],"EasingStyle":"Linear","EasingDirection":"In"}}},{"Time":0.18333333730697633,"poses":{"Left Leg":{"Weight":1,"CFrame":[-0.4482874572277069,0.23972511291503907,0.1044929027557373,0.9742672443389893,-0.1056368350982666,0.1991083025932312,0.11038193851709366,0.9938061833381653,-0.012851836159825325,-0.1965174823999405,0.03449910134077072,0.9798932075500488],"EasingStyle":"Linear","EasingDirection":"In"},"Right Arm":{"Weight":1,"CFrame":[-0.00008293986320495605,-0.14425963163375855,0.008280158042907715,0.9519643187522888,0.2505437731742859,-0.1760449856519699,-0.20919352769851685,0.9519660472869873,0.22360379993915559,0.22361136972904206,-0.17603543400764466,0.9586498141288757],"EasingStyle":"Linear","EasingDirection":"In"},"Left Arm":{"Weight":1,"CFrame":[-0.470949649810791,-0.12942633032798768,-0.13625848293304444,-0.45419591665267947,0.6406925320625305,-0.6190469264984131,-0.8406320214271545,-0.5383133888244629,0.059637416154146197,-0.29503190517425539,0.547477662563324,0.783086359500885],"EasingStyle":"Linear","EasingDirection":"In"},"Head":{"Weight":1,"CFrame":[8.568167686462403e-8,9.313225746154786e-10,0,0.9998819231987,-0.005004702601581812,-0.0145295150578022,0.0077965171076357368,0.9799718856811523,0.1989830583333969,0.013242668472230435,-0.19907286763191224,0.9798952341079712],"EasingStyle":"Linear","EasingDirection":"In"},"Torso":{"Weight":1,"CFrame":[0.001236051321029663,-0.10177773237228394,-0.24222445487976075,0.9980223178863525,0.05706625431776047,-0.0263611301779747,-0.0612160786986351,0.9776192307472229,-0.20127907395362855,0.01428490225225687,0.20249472558498383,0.9791791439056397],"EasingStyle":"Linear","EasingDirection":"In"},"HumanoidRootPart":{"Weight":0,"CFrame":[0,0,0,1,0,0,0,1,0,0,0,1],"EasingStyle":"Linear","EasingDirection":"In"},"Right Leg":{"Weight":1,"CFrame":[0.49991580843925478,0.31508833169937136,0.03406858444213867,0.9924399256706238,0.06757034361362457,-0.10245578736066818,-0.06086694821715355,0.9958810210227966,0.0672026127576828,0.10657472908496857,-0.06045841425657272,0.9924649000167847],"EasingStyle":"Linear","EasingDirection":"In"}}},{"Time":0.20000000298023225,"poses":{"Left Leg":{"Weight":1,"CFrame":[-0.4135968089103699,0.21870583295822144,0.1007615327835083,0.9764895439147949,-0.07403907924890518,0.20245082676410676,0.0797928124666214,0.9966027736663818,-0.020396722480654718,-0.20025290548801423,0.03607134521007538,0.9790800213813782],"EasingStyle":"Linear","EasingDirection":"In"},"Right Arm":{"Weight":1,"CFrame":[-0.00009810179471969604,-0.14435726404190064,0.008150815963745118,0.9586191773414612,0.22579129040241242,-0.17340005934238435,-0.1855279505252838,0.957449197769165,0.22106637060642243,0.2159365713596344,-0.17974798381328584,0.9597197771072388],"EasingStyle":"Linear","EasingDirection":"In"},"Left Arm":{"Weight":1,"CFrame":[-0.5080206394195557,-0.01073920726776123,-0.13680052757263184,-0.5658518671989441,0.44068750739097597,-0.6968544721603394,-0.7448825836181641,-0.6355941891670227,0.20290428400039674,-0.353499174118042,0.6338884830474854,0.6879125237464905],"EasingStyle":"Linear","EasingDirection":"In"},"Head":{"Weight":1,"CFrame":[1.0244548320770264e-7,-1.885928213596344e-8,2.384185791015625e-7,0.9998792409896851,-0.005248625297099352,-0.014628402888774872,0.008183789439499379,0.9779930114746094,0.20847710967063905,0.013212261721491814,-0.2085716277360916,0.9779178500175476],"EasingStyle":"Linear","EasingDirection":"In"},"Torso":{"Weight":1,"CFrame":[0.0022143274545669557,-0.10216677188873291,-0.21822166442871095,0.9976521730422974,0.06182197853922844,-0.029465965926647188,-0.06662444025278092,0.9757301211357117,-0.20859497785568238,0.015855077654123308,0.21006837487220765,0.9775581359863281],"EasingStyle":"Linear","EasingDirection":"In"},"HumanoidRootPart":{"Weight":0,"CFrame":[0,0,0,1,0,0,0,1,0,0,0,1],"EasingStyle":"Linear","EasingDirection":"In"},"Right Leg":{"Weight":1,"CFrame":[0.4703191816806793,0.30031073093414309,0.029158949851989747,0.9945966005325317,0.0334116593003273,-0.0982917845249176,-0.026614027097821237,0.997214674949646,0.06967467814683914,0.10034601390361786,-0.06668227910995484,0.9927155375480652],"EasingStyle":"Linear","EasingDirection":"In"}}},{"Time":0.21666666865348817,"poses":{"Left Leg":{"Weight":1,"CFrame":[-0.37310484051704409,0.19147002696990968,0.09429681301116944,0.9779012203216553,-0.042524419724941257,0.2046969085931778,0.04901725798845291,0.998439610004425,-0.02675151266157627,-0.20323997735977174,0.036194026470184329,0.9784597754478455],"EasingStyle":"Linear","EasingDirection":"In"},"Right Arm":{"Weight":1,"CFrame":[-0.00011450797319412231,-0.14446300268173219,0.00801098346710205,0.9657918214797974,0.1940194070339203,-0.1720542013645172,-0.1547258198261261,0.9635874629020691,0.2180805504322052,0.2081010937690735,-0.1839992254972458,0.9606447219848633],"EasingStyle":"Linear","EasingDirection":"In"},"Left Arm":{"Weight":1,"CFrame":[-0.5410701036453247,0.11857616901397705,-0.1368422508239746,-0.6237789988517761,0.2608666718006134,-0.7367823719978333,-0.663891613483429,-0.6743262410163879,0.3233144283294678,-0.41248971223831179,0.6908202767372131,0.5938177704811096],"EasingStyle":"Linear","EasingDirection":"In"},"Head":{"Weight":1,"CFrame":[8.195638656616211e-8,-5.238689482212067e-9,1.1920928955078126e-7,0.9998783469200134,-0.005337041802704334,-0.014654882252216339,0.008321736007928849,0.9772608876228333,0.21187707781791688,0.013190839439630509,-0.21197326481342317,0.9771864414215088],"EasingStyle":"Linear","EasingDirection":"In"},"Torso":{"Weight":1,"CFrame":[0.003635510802268982,-0.09879899024963379,-0.1897892951965332,0.9973334074020386,0.06552231311798096,-0.03213927894830704,-0.07085136324167252,0.974886417388916,-0.21113169193267823,0.017498312518000604,0.2128457874059677,0.9769291281700134],"EasingStyle":"Linear","EasingDirection":"In"},"HumanoidRootPart":{"Weight":0,"CFrame":[0,0,0,1,0,0,0,1,0,0,0,1],"EasingStyle":"Linear","EasingDirection":"In"},"Right Leg":{"Weight":1,"CFrame":[0.43503785133361819,0.27795273065567019,0.02493119239807129,0.995480477809906,0.0007174906204454601,-0.09496387094259262,0.006193327251821756,0.9973521828651428,0.07245898991823197,0.09476452320814133,-0.07271967828273773,0.9928401708602905],"EasingStyle":"Linear","EasingDirection":"In"}}},{"Time":0.23333333432674409,"poses":{"Left Leg":{"Weight":1,"CFrame":[-0.3372243642807007,0.16673117876052857,0.0875546932220459,0.9784477949142456,-0.017595451325178148,0.20574314892292024,0.024652279913425447,0.999190628528595,-0.03178619220852852,-0.20501740276813508,0.03617316111922264,0.9780896902084351],"EasingStyle":"Linear","EasingDirection":"In"},"Right Arm":{"Weight":1,"CFrame":[-0.00013208389282226563,-0.14457598328590394,0.00786125659942627,0.9725764393806458,0.1568382978439331,-0.17174652218818665,-0.11841262131929398,0.9694629907608032,0.21475546061992646,0.20018376410007478,-0.18852917850017548,0.9614484906196594],"EasingStyle":"Linear","EasingDirection":"In"},"Left Arm":{"Weight":1,"CFrame":[-0.5690820813179016,0.23726296424865724,-0.137384295463562,-0.6421810388565064,0.1188620775938034,-0.757281482219696,-0.6074868440628052,-0.6814201474189758,0.40819910168647768,-0.46750742197036745,0.722176194190979,0.5098022222518921],"EasingStyle":"Linear","EasingDirection":"In"},"Head":{"Weight":1,"CFrame":[9.313225746154785e-8,1.8975697457790376e-8,4.76837158203125e-7,0.9998783469200134,-0.005337040405720472,-0.014654884114861489,0.008321733213961125,0.9772608876228333,0.2118770182132721,0.01319084782153368,-0.21197322010993958,0.9771864414215088],"EasingStyle":"Linear","EasingDirection":"In"},"Torso":{"Weight":1,"CFrame":[0.005540736019611359,-0.09237384796142578,-0.1659395694732666,0.9971009492874146,0.06792618334293366,-0.0342889167368412,-0.07363195717334748,0.9749805927276611,-0.20974086225032807,0.019184136763215066,0.2116575688123703,0.9771555662155151],"EasingStyle":"Linear","EasingDirection":"In"},"HumanoidRootPart":{"Weight":0,"CFrame":[0,0,0,1,0,0,0,1,0,0,0,1],"EasingStyle":"Linear","EasingDirection":"In"},"Right Leg":{"Weight":1,"CFrame":[0.40365859866142275,0.2574230432510376,0.02177572250366211,0.99538254737854,-0.024172388017177583,-0.09289374947547913,0.03126534819602966,0.9966421723365784,0.0756755918264389,0.09075263887643814,-0.0782305896282196,0.992796003818512],"EasingStyle":"Linear","EasingDirection":"In"}}},{"Time":0.25,"poses":{"Left Leg":{"Weight":1,"CFrame":[-0.3092345595359802,0.14692407846450807,0.08151531219482422,0.978688657283783,0.000014537341485265643,0.2053496092557907,0.007472450844943523,0.9993351697921753,-0.03568423166871071,-0.20521366596221925,0.03645823150873184,0.9780378937721252],"EasingStyle":"Linear","EasingDirection":"In"},"Right Arm":{"Weight":1,"CFrame":[-0.0001508668065071106,-0.14469680190086366,0.0077016353607177738,0.978208601474762,0.11595318466424942,-0.17222900688648225,-0.07830514013767243,0.9743015170097351,0.21119852364063264,0.19229213893413545,-0.1931098848581314,0.9621498584747315],"EasingStyle":"Linear","EasingDirection":"In"},"Left Arm":{"Weight":1,"CFrame":[-0.5910397171974182,0.3240641951560974,-0.1394277811050415,-0.6318532824516296,0.020591873675584794,-0.7748143672943115,-0.5774843096733093,-0.6792729496955872,0.45287999510765078,-0.516984760761261,0.7335968017578125,0.441092312335968],"EasingStyle":"Linear","EasingDirection":"In"},"Head":{"Weight":1,"CFrame":[8.381903171539307e-8,1.4994293451309205e-7,2.384185791015625e-7,0.9998783469200134,-0.005337031092494726,-0.014654881320893765,0.008321726694703102,0.9772608876228333,0.2118770331144333,0.01319084595888853,-0.21197322010993958,0.9771864414215088],"EasingStyle":"Linear","EasingDirection":"In"},"Torso":{"Weight":1,"CFrame":[0.007942572236061097,-0.08397495746612549,-0.14812231063842774,0.9969879388809204,0.06876903027296066,-0.035858504474163058,-0.07470429688692093,0.9757482409477234,-0.20575395226478578,0.020839374512434007,0.20781299471855164,0.9779465794563294],"EasingStyle":"Linear","EasingDirection":"In"},"HumanoidRootPart":{"Weight":0,"CFrame":[0,0,0,1,0,0,0,1,0,0,0,1],"EasingStyle":"Linear","EasingDirection":"In"},"Right Leg":{"Weight":1,"CFrame":[0.37887313961982729,0.24130964279174806,0.01978468894958496,0.9948979616165161,-0.040521807968616489,-0.09239057451486588,0.04789659380912781,0.9957189559936523,0.07905508577823639,0.08879170566797257,-0.08307702839374542,0.9925795793533325],"EasingStyle":"Linear","EasingDirection":"In"}}},{"Time":0.2666666805744171,"poses":{"Left Leg":{"Weight":1,"CFrame":[-0.2902601957321167,0.1320750117301941,0.0765601396560669,0.9790670871734619,0.009835801087319851,0.20330002903938294,-0.0020601723808795215,0.9992594122886658,-0.038423459976911548,-0.20352740585803986,0.03720031678676605,0.9783622622489929],"EasingStyle":"Linear","EasingDirection":"In"},"Right Arm":{"Weight":1,"CFrame":[-0.00017064064741134644,-0.1448245644569397,0.007532358169555664,0.9821531176567078,0.07316017150878906,-0.1732710301876068,-0.03620606288313866,0.977558970451355,0.20752713084220887,0.18456533551216126,-0.1975499987602234,0.9627614617347717],"EasingStyle":"Linear","EasingDirection":"In"},"Left Arm":{"Weight":1,"CFrame":[-0.6059273481369019,0.35772138833999636,-0.14397317171096803,-0.5978317260742188,-0.03185238316655159,-0.800988495349884,-0.5718187093734741,-0.6833325028419495,0.4539605677127838,-0.5618012547492981,0.7294121384620667,0.39030396938323977],"EasingStyle":"Linear","EasingDirection":"In"},"Head":{"Weight":1,"CFrame":[1.0803341865539551e-7,3.306195139884949e-8,0,0.9998783469200134,-0.0053370497189462189,-0.014654877595603466,0.008321722969412804,0.9772608876228333,0.21187713742256165,0.013190841302275658,-0.21197326481342317,0.9771864414215088],"EasingStyle":"Linear","EasingDirection":"In"},"Torso":{"Weight":1,"CFrame":[0.01087138056755066,-0.07365506887435913,-0.1356639862060547,0.9970191121101379,0.067830391228199,-0.03676937520503998,-0.07382694631814957,0.9771710634231567,-0.1992141455411911,0.02241719700396061,0.2013348639011383,0.9792659282684326],"EasingStyle":"Linear","EasingDirection":"In"},"HumanoidRootPart":{"Weight":0,"CFrame":[0,0,0,1,0,0,0,1,0,0,0,1],"EasingStyle":"Linear","EasingDirection":"In"},"Right Leg":{"Weight":1,"CFrame":[0.36145082116127016,0.22959351539611817,0.0189666748046875,0.9944585561752319,-0.0477977953851223,-0.09363552182912827,0.0555904246866703,0.9950423240661621,0.0824650228023529,0.08922971040010452,-0.08721330016851425,0.9921854138374329],"EasingStyle":"Linear","EasingDirection":"In"}}},{"Time":0.28333333134651186,"poses":{"Left Leg":{"Weight":1,"CFrame":[-0.28081583976745608,0.1219601035118103,0.07295787334442139,0.9797924757003784,0.01160599384456873,0.1996798813343048,-0.0036844657734036447,0.999193012714386,-0.03999719023704529,-0.19998295605182649,0.038453247398138049,0.979044497013092],"EasingStyle":"Linear","EasingDirection":"In"},"Right Arm":{"Weight":1,"CFrame":[-0.00019158795475959778,-0.14496001601219178,0.00735318660736084,0.9841613173484802,0.030316084623336793,-0.17466388642787934,0.006026491988450289,0.978978157043457,0.2038758397102356,0.17717280983924867,-0.2016994059085846,0.963289737701416],"EasingStyle":"Linear","EasingDirection":"In"},"Left Arm":{"Weight":1,"CFrame":[-0.615941047668457,0.3560484051704407,-0.15215057134628297,-0.5513409972190857,-0.058612607419490817,-0.8322184681892395,-0.5770670771598816,-0.6936129927635193,0.43115514516830447,-0.6025086045265198,0.7179593443870544,0.3485937714576721],"EasingStyle":"Linear","EasingDirection":"In"},"Head":{"Weight":1,"CFrame":[8.568167686462403e-8,4.7963112592697146e-8,-5.960464477539063e-8,0.9998783469200134,-0.00533705297857523,-0.014654879458248616,0.008321722038090229,0.9772608876228333,0.2118770331144333,0.013190843164920807,-0.21197320520877839,0.9771864414215088],"EasingStyle":"Linear","EasingDirection":"In"},"Torso":{"Weight":1,"CFrame":[0.014321133494377137,-0.0614551305770874,-0.12790441513061524,0.9971869587898254,0.06519259512424469,-0.03698837012052536,-0.07106849551200867,0.9791794419288635,-0.19014962017536164,0.023821905255317689,0.19224342703819276,0.9810581207275391],"EasingStyle":"Linear","EasingDirection":"In"},"HumanoidRootPart":{"Weight":0,"CFrame":[0,0,0,1,0,0,0,1,0,0,0,1],"EasingStyle":"Linear","EasingDirection":"In"},"Right Leg":{"Weight":1,"CFrame":[0.3516785800457001,0.22194236516952516,0.019237995147705079,0.994269609451294,-0.0459924153983593,-0.09650218486785889,0.054348114877939227,0.9948268532752991,0.08582436293363571,0.09205573797225952,-0.09057734906673432,0.9916256666183472],"EasingStyle":"Linear","EasingDirection":"In"}}},{"Time":0.30000001192092898,"poses":{"Left Leg":{"Weight":1,"CFrame":[-0.2807055413722992,0.11607909202575684,0.07073831558227539,0.980849027633667,0.0054386574774980549,0.1946936696767807,0.002479590242728591,0.9991803765296936,-0.04040371626615524,-0.19475381076335908,0.04011272266507149,0.9800316095352173],"EasingStyle":"Linear","EasingDirection":"In"},"Right Arm":{"Weight":1,"CFrame":[-0.00021357834339141846,-0.14510202407836915,0.007165193557739258,0.9842919111251831,-0.0107074910774827,-0.1762237846851349,0.04652447998523712,0.9786089658737183,0.2003992646932602,0.17030835151672364,-0.20545019209384919,0.9637351036071777],"EasingStyle":"Linear","EasingDirection":"In"},"Left Arm":{"Weight":1,"CFrame":[-0.6240997314453125,0.3511991500854492,-0.16392821073532105,-0.5036343336105347,-0.08204381912946701,-0.8600123524665833,-0.5820410251617432,-0.7034202814102173,0.4079560339450836,-0.6384204626083374,0.7060232162475586,0.3065136671066284],"EasingStyle":"Linear","EasingDirection":"In"},"Head":{"Weight":1,"CFrame":[1.0617077350616455e-7,5.855690687894821e-8,2.384185791015625e-7,0.9998783469200134,-0.005337041337043047,-0.014654877595603466,0.008321728557348252,0.9772608876228333,0.2118770331144333,0.013190831057727337,-0.2119731903076172,0.9771864414215088],"EasingStyle":"Linear","EasingDirection":"In"},"Torso":{"Weight":1,"CFrame":[0.018267706036567689,-0.047407835721969607,-0.12420010566711426,0.9974663853645325,0.06105869635939598,-0.036504924297332767,-0.0666271224617958,0.9816672205924988,-0.1785784363746643,0.024931924417614938,0.1805582046508789,0.983248233795166],"EasingStyle":"Linear","EasingDirection":"In"},"HumanoidRootPart":{"Weight":0,"CFrame":[0,0,0,1,0,0,0,1,0,0,0,1],"EasingStyle":"Linear","EasingDirection":"In"},"Right Leg":{"Weight":1,"CFrame":[0.34919118881225588,0.2176576852798462,0.020516514778137208,0.9942758679389954,-0.035595718771219257,-0.10073932260274887,0.044647909700870517,0.9950233101844788,0.08907951414585114,0.09706718474626541,-0.09306745231151581,0.9909169673919678],"EasingStyle":"Linear","EasingDirection":"In"}}},{"Time":0.3166666626930237,"poses":{"Left Leg":{"Weight":1,"CFrame":[-0.2884403467178345,0.11386984586715698,0.06949365139007569,0.9820204377174377,-0.007699571084231138,0.18861748278141023,0.015302897430956364,0.9991263747215271,-0.03888770565390587,-0.18815332651138307,0.04107493534684181,0.9812803864479065],"EasingStyle":"Linear","EasingDirection":"In"},"Right Arm":{"Weight":1,"CFrame":[-0.00023659877479076385,-0.14525079727172852,0.006967663764953613,0.9828931093215942,-0.04807136207818985,-0.1777927726507187,0.08345670253038407,0.9767902493476868,0.19727067649364472,0.1641831398010254,-0.20873406529426576,0.9640923142433167],"EasingStyle":"Linear","EasingDirection":"In"},"Left Arm":{"Weight":1,"CFrame":[-0.6306