{"Sequence":[{"Time":0,"poses":{"Left Leg":{"Weight":1,"CFrame":[-0.36523306369781496,0.11491841077804566,0.016449570655822755,0.0006633354933001101,0.9995101690292358,0.03129095956683159,-0.9979239106178284,0.0026768320240080358,-0.06434881687164307,-0.06440109014511109,-0.0311832707375288,0.9974367618560791],"EasingStyle":"Linear","EasingDirection":"In"},"Right Arm":{"Weight":1,"CFrame":[0.9580561518669128,-0.5248212218284607,-0.0951540470123291,-0.963046133518219,0.008146206848323346,0.26921334862709048,0.26914799213409426,-0.00828211847692728,0.9630632400512695,0.010075056925415993,0.999932587146759,0.005783431697636843],"EasingStyle":"Linear","EasingDirection":"In"},"Head":{"Weight":1,"CFrame":[7.450580596923828e-8,1.862645149230957e-9,-2.384185791015625e-7,0.9975040555000305,-0.06653432548046112,0.023640315979719163,0.06721249222755432,0.9973127245903015,-0.029153820127248765,-0.02163705788552761,0.03066997602581978,0.9992953538894653],"EasingStyle":"Linear","EasingDirection":"In"},"Right Leg":{"Weight":1,"CFrame":[1.2013274431228638,0.20201194286346436,0.06675386428833008,0.5461468696594238,0.8362461924552918,-0.04915105924010277,-0.8346606492996216,0.5482196807861328,0.05288545787334442,0.07117094099521637,0.01214125007390976,0.9973902702331543],"EasingStyle":"Linear","EasingDirection":"In"},"Torso":{"Weight":1,"CFrame":[0.1274203509092331,0.06384414434432984,-0.9306955337524414,0.9987425208091736,0.04034353792667389,-0.029761089012026788,-0.040237896144390109,0.9991815686225891,0.004140408243983984,0.029903769493103029,-0.002937678014859557,0.9995484948158264],"EasingStyle":"Linear","EasingDirection":"In"},"HumanoidRootPart":{"Weight":1,"CFrame":[0,0,0,1,0,0,0,1,0,0,0,1],"EasingStyle":"Linear","EasingDirection":"In"},"Left Arm":{"Weight":1,"CFrame":[-0.7971808910369873,-0.6132194399833679,-0.1030692458152771,-0.9483511447906494,0.0187156293541193,-0.31666988134384158,-0.3170597553253174,-0.023955894634127618,0.9481029510498047,0.010158262215554715,0.9995378851890564,0.028652504086494447],"EasingStyle":"Linear","EasingDirection":"In"}}},{"Time":0.03333333507180214,"poses":{"Left Leg":{"Weight":1,"CFrame":[-0.4179856479167938,0.5041857361793518,0.04107558727264404,0.37259548902511599,0.9273926019668579,0.033400263637304309,-0.9255337715148926,0.3739860951900482,-0.0593438521027565,-0.06752631068229675,-0.008801796473562718,0.9976786971092224],"EasingStyle":"Linear","EasingDirection":"In"},"Right Arm":{"Weight":1,"CFrame":[0.9579784870147705,-0.5451605916023254,-0.09472101926803589,-0.9630641937255859,0.008160069584846497,0.26914843916893008,0.26911643147468569,-0.00481692748144269,0.9630956649780273,0.009155476465821267,0.9999551177024841,0.0024429222103208305],"EasingStyle":"Linear","EasingDirection":"In"},"Head":{"Weight":1,"CFrame":[6.007030606269837e-8,-3.4924596548080446e-9,-2.384185791015625e-7,0.9977079629898071,-0.0633644312620163,0.023746712133288385,0.06466788798570633,0.9961689114570618,-0.05887050926685333,-0.019925439730286599,0.06027122959494591,0.9979831576347351],"EasingStyle":"Linear","EasingDirection":"In"},"Right Leg":{"Weight":1,"CFrame":[1.165602445602417,0.17570245265960694,0.06297719478607178,0.58046954870224,0.8130089044570923,-0.04551396518945694,-0.8120446801185608,0.5821103453636169,0.041608549654483798,0.06032233685255051,0.012806828133761883,0.9980968236923218],"EasingStyle":"Linear","EasingDirection":"In"},"Torso":{"Weight":1,"CFrame":[0.12245647609233856,0.06701071560382843,-0.8530914783477783,0.9988394975662231,0.03875789791345596,-0.028590796515345575,-0.0386558435857296,0.999244213104248,0.004113736096769571,0.02872862108051777,-0.0030037611722946169,0.999582827091217],"EasingStyle":"Linear","EasingDirection":"In"},"HumanoidRootPart":{"Weight":1,"CFrame":[0,0,0,1,0,0,0,1,0,0,0,1],"EasingStyle":"Linear","EasingDirection":"In"},"Left Arm":{"Weight":1,"CFrame":[-0.797103226184845,-0.6335587501525879,-0.10350239276885987,-0.9481853246688843,0.01854478009045124,-0.3171761631965637,-0.317427396774292,-0.012618287466466427,0.948198676109314,0.013581985607743264,0.9997484087944031,0.017850961536169053],"EasingStyle":"Linear","EasingDirection":"In"}}},{"Time":0.06666667014360428,"poses":{"Left Leg":{"Weight":1,"CFrame":[-0.7227428555488586,0.6961941123008728,0.05718278884887695,0.8258415460586548,0.5626389384269714,0.03772570565342903,-0.5607773661613464,0.8264585733413696,-0.04995136335492134,-0.05928335711359978,0.020096207037568094,0.9980388879776001],"EasingStyle":"Linear","EasingDirection":"In"},"Right Arm":{"Weight":1,"CFrame":[0.9577916860580444,-0.5950911641120911,-0.09376811981201172,-0.9631036520004273,0.008189734071493149,0.2690061926841736,0.26903629302978518,0.0028069254476577045,0.9631259441375732,0.007132737897336483,0.9999625086784363,-0.004906829912215471],"EasingStyle":"Linear","EasingDirection":"In"},"Head":{"Weight":1,"CFrame":[8.055940270423889e-8,-7.2177499532699589e-9,-2.980232238769531e-7,0.9982276558876038,-0.05498184263706207,0.022774359211325647,0.05723019316792488,0.991832435131073,-0.11398737132549286,-0.016321109607815744,0.11508873105049133,0.9932211637496948],"EasingStyle":"Linear","EasingDirection":"In"},"Right Leg":{"Weight":1,"CFrame":[1.0071892738342286,0.11184936761856079,0.05290699005126953,0.6975817084312439,0.7153969407081604,-0.039836715906858447,-0.7153023481369019,0.698553740978241,0.01911199279129505,0.04150081053376198,0.015163065865635872,0.9990234375],"EasingStyle":"Linear","EasingDirection":"In"},"Torso":{"Weight":1,"CFrame":[0.10870444774627686,0.07492507249116898,-0.6041660308837891,0.9990875124931336,0.03437284380197525,-0.02535475231707096,-0.03428110107779503,0.9994040727615356,0.004044465254992247,0.02547866478562355,-0.0031715859659016134,0.9996703267097473],"EasingStyle":"Linear","EasingDirection":"In"},"HumanoidRootPart":{"Weight":1,"CFrame":[0,0,0,1,0,0,0,1,0,0,0,1],"EasingStyle":"Linear","EasingDirection":"In"},"Left Arm":{"Weight":1,"CFrame":[-0.7969163656234741,-0.6834893822669983,-0.10445511341094971,-0.9478700757026672,0.018216872587800027,-0.3181362748146057,-0.31793978810310366,0.012898973189294339,0.9480231404304504,0.02137371525168419,0.9997509121894836,-0.006434738170355558],"EasingStyle":"Linear","EasingDirection":"In"}}},{"Time":0.10000000149011612,"poses":{"Left Leg":{"Weight":1,"CFrame":[-1.013993740081787,0.5442453026771545,0.057222604751586917,0.9861679077148438,0.16073651611804963,0.04045687988400459,-0.15904884040355683,0.9863780736923218,-0.041973695158958438,-0.046652525663375857,0.034958478063344958,0.998299241065979],"EasingStyle":"Linear","EasingDirection":"In"},"Right Arm":{"Weight":1,"CFrame":[0.9575638175010681,-0.6579822301864624,-0.09281539916992188,-0.9631431698799133,0.008218344300985337,0.2688637971878052,0.2689407765865326,0.010430607944726944,0.9631003141403198,0.0051107644103467468,0.999911904335022,-0.012256483547389508],"EasingStyle":"Linear","EasingDirection":"In"},"Head":{"Weight":1,"CFrame":[8.12578946352005e-8,-1.548323780298233e-8,-1.1920928955078126e-7,0.9988831281661987,-0.04316094145178795,0.01922645978629589,0.0454811230301857,0.9885798692703247,-0.14367137849330903,-0.012805895879864693,0.14438536763191224,0.9894387125968933],"EasingStyle":"Linear","EasingDirection":"In"},"Right Leg":{"Weight":1,"CFrame":[0.8344748020172119,0.07586449384689331,0.04289519786834717,0.7921527028083801,0.6092535257339478,-0.036116261035203937,-0.6097935438156128,0.7925428748130798,-0.005264118779450655,0.025416618213057519,0.02619340643286705,0.9993337988853455],"EasingStyle":"Linear","EasingDirection":"In"},"Torso":{"Weight":1,"CFrame":[0.08787379413843155,0.08521533012390137,-0.42314624786376955,0.9994055032730103,0.027745675295591356,-0.020464953035116197,-0.027670318260788919,0.9996092915534973,0.003956406842917204,0.020566729828715326,-0.003387783421203494,0.9997827410697937],"EasingStyle":"Linear","EasingDirection":"In"},"HumanoidRootPart":{"Weight":1,"CFrame":[0,0,0,1,0,0,0,1,0,0,0,1],"EasingStyle":"Linear","EasingDirection":"In"},"Left Arm":{"Weight":1,"CFrame":[-0.7966886162757874,-0.746380627155304,-0.1054079532623291,-0.9476765394210815,0.018041396513581277,-0.3187221884727478,-0.31784015893936159,0.03981971740722656,0.9473078846931458,0.029782220721244813,0.9990440607070923,-0.03200199827551842],"EasingStyle":"Linear","EasingDirection":"In"}}},{"Time":0.13333334028720857,"poses":{"Left Leg":{"Weight":1,"CFrame":[-1.1377859115600587,0.4001041054725647,0.054985761642456058,0.989880383014679,-0.13565850257873536,0.04163605719804764,0.13714656233787538,0.989923894405365,-0.03523601219058037,-0.03643648698925972,0.040589697659015658,0.9985113739967346],"EasingStyle":"Linear","EasingDirection":"In"},"Right Arm":{"Weight":1,"CFrame":[0.9573640823364258,-0.7172040939331055,-0.09238237142562866,-0.9631612300872803,0.008231007494032383,0.26879891753196719,0.2688922584056854,0.013895770534873009,0.9630700945854187,0.004191968124359846,0.9998696446418762,-0.015597198158502579],"EasingStyle":"Linear","EasingDirection":"In"},"Head":{"Weight":1,"CFrame":[8.812639862298966e-8,-8.265487849712372e-9,1.1920928955078126e-7,0.9994867444038391,-0.029130375012755395,0.013337132520973683,0.030541611835360528,0.9920637011528015,-0.12197060883045197,-0.009678238071501255,0.12231533974409104,0.9924440979957581],"EasingStyle":"Linear","EasingDirection":"In"},"Right Leg":{"Weight":1,"CFrame":[0.8071838021278381,0.1278204321861267,0.04177296161651611,0.8578370809555054,0.5127071142196655,-0.035312753170728686,-0.5134997367858887,0.8578909039497376,-0.018474124372005464,0.020822739228606225,0.0339808389544487,0.9992055296897888],"EasingStyle":"Linear","EasingDirection":"In"},"Torso":{"Weight":1,"CFrame":[0.061673860996961597,0.09551139175891876,-0.3328089714050293,0.9997084140777588,0.019434351474046708,-0.014333671890199185,-0.019380655139684678,0.999804675579071,0.003875616705045104,0.014406190253794194,-0.0035966902505606415,0.9998898506164551],"EasingStyle":"Linear","EasingDirection":"In"},"HumanoidRootPart":{"Weight":1,"CFrame":[0,0,0,1,0,0,0,1,0,0,0,1],"EasingStyle":"Linear","EasingDirection":"In"},"Left Arm":{"Weight":1,"CFrame":[-0.796488881111145,-0.8056021928787231,-0.10584104061126709,-0.9478704333305359,0.01838410273194313,-0.3181252181529999,-0.3167252242565155,0.05537844076752663,0.9468993544578552,0.0350252166390419,0.9982962608337402,-0.04666892811655998],"EasingStyle":"Linear","EasingDirection":"In"}}},{"Time":0.1666666716337204,"poses":{"Left Leg":{"Weight":1,"CFrame":[-1.1745784282684327,0.24182963371276856,0.05164945125579834,0.9274145364761353,-0.37177205085754397,0.04108355939388275,0.3731636703014374,0.9271489977836609,-0.03381671756505966,-0.025518514215946199,0.04669298231601715,0.9985832571983337],"EasingStyle":"Linear","EasingDirection":"In"},"Right Arm":{"Weight":1,"CFrame":[0.9572316408157349,-0.7595594525337219,-0.09304946660995484,-0.9631436467170715,0.008242851123213768,0.26886117458343508,0.2689528465270996,0.01346887182444334,0.9630591869354248,0.004317177925258875,0.9998753070831299,-0.015189564786851406],"EasingStyle":"Linear","EasingDirection":"In"},"Head":{"Weight":1,"CFrame":[8.498318493366242e-8,-2.5902409106492997e-8,1.1920928955078126e-7,0.9998877048492432,-0.013362783938646317,0.006783579476177692,0.013820914551615715,0.9972575306892395,-0.07270852476358414,-0.00579338613897562,0.0727941021323204,0.9973302483558655],"EasingStyle":"Linear","EasingDirection":"In"},"Right Leg":{"Weight":1,"CFrame":[0.8870933055877686,0.31667548418045046,0.047922730445861819,0.9305250644683838,0.36430519819259646,-0.03748127073049545,-0.36501452326774599,0.9308966398239136,-0.01399727538228035,0.029791951179504396,0.02670598216354847,0.999199390411377],"EasingStyle":"Linear","EasingDirection":"In"},"Torso":{"Weight":1,"CFrame":[0.031813282519578937,0.10343853384256363,-0.29175519943237307,0.9999228119850159,0.009998590685427189,-0.007374053820967674,-0.009970603510737419,0.9999430775642395,0.0038223150186240675,0.007411850616335869,-0.003748496063053608,0.9999656081199646],"EasingStyle":"Linear","EasingDirection":"In"},"HumanoidRootPart":{"Weight":1,"CFrame":[0,0,0,1,0,0,0,1,0,0,0,1],"EasingStyle":"Linear","EasingDirection":"In"},"Left Arm":{"Weight":1,"CFrame":[-0.7963564395904541,-0.8479574918746948,-0.10517382621765137,-0.9482612609863281,0.018976444378495218,-0.3169235289096832,-0.3153305947780609,0.05996304377913475,0.9470856189727783,0.03697606548666954,0.9980202913284302,-0.05087675154209137],"EasingStyle":"Linear","EasingDirection":"In"}}},{"Time":0.20000000298023225,"poses":{"Left Leg":{"Weight":1,"CFrame":[-1.0792919397354127,0.06796026229858399,0.04224503040313721,0.8520563840866089,-0.5220286250114441,0.03855034336447716,0.523324191570282,0.8511530160903931,-0.04086930304765701,-0.011477334424853325,0.05499730259180069,0.9984205365180969],"EasingStyle":"Linear","EasingDirection":"In"},"Right Arm":{"Weight":1,"CFrame":[0.9571512341499329,-0.7855880856513977,-0.09464043378829956,-0.9631008505821228,0.00826500728726387,0.2690139710903168,0.26910004019737246,0.012164072133600712,0.9630354046821594,0.004687279928475618,0.9998918771743774,-0.013939369469881058],"EasingStyle":"Linear","EasingDirection":"In"},"Head":{"Weight":1,"CFrame":[8.824741115631696e-8,-5.029141902923584e-8,-1.7881393432617188e-7,0.999994158744812,0.0033622493501752617,0.0006469068466685712,-0.0033480406273156406,0.9997773170471191,-0.020837048068642618,-0.0007168221054598689,0.02083475887775421,0.9997827410697937],"EasingStyle":"Linear","EasingDirection":"In"},"Right Leg":{"Weight":1,"CFrame":[0.8710386753082275,0.5668132305145264,0.04526710510253906,0.9940983653068543,0.10045056790113449,-0.040966831147670749,-0.10058727115392685,0.9949274659156799,-0.001282710232771933,0.040630239993333819,0.00539586553350091,0.9991596937179565],"EasingStyle":"Linear","EasingDirection":"In"},"Torso":{"Weight":1,"CFrame":[1.490467305131915e-9,0.10661265254020691,-0.2805323600769043,1,-3.5446175074976827e-12,-8.555969088774873e-8,3.2910710268119205e-10,0.9999927878379822,0.0038050920702517034,8.55590585047139e-8,-0.0038050920702517034,0.9999927878379822],"EasingStyle":"Linear","EasingDirection":"In"},"HumanoidRootPart":{"Weight":1,"CFrame":[0,0,0,1,0,0,0,1,0,0,0,1],"EasingStyle":"Linear","EasingDirection":"In"},"Left Arm":{"Weight":1,"CFrame":[-0.7962759137153626,-0.8739861845970154,-0.10358291864395142,-0.9485245943069458,0.019288640469312669,-0.31611576676368716,-0.3144034445285797,0.06273384392261505,0.9472143650054932,0.03810170665383339,0.9978439807891846,-0.053440291434526446],"EasingStyle":"Linear","EasingDirection":"In"}}},{"Time":0.23333333432674409,"poses":{"Left Leg":{"Weight":1,"CFrame":[-0.8966291546821594,-0.021282315254211427,0.03231644630432129,0.8168505430221558,-0.5756996273994446,0.03640206903219223,0.5768304467201233,0.8157051205635071,-0.04349233955144882,-0.004654867108911276,0.05652456358075142,0.9983904361724854],"EasingStyle":"Linear","EasingDirection":"In"},"Right Arm":{"Weight":1,"CFrame":[0.9571098685264587,-0.7992609739303589,-0.09653925895690918,-0.9630470275878906,0.00827689841389656,0.26920628547668459,0.2692814767360687,0.009944871068000794,0.9630102515220642,0.005293597001582384,0.9999163150787354,-0.011806289665400982],"EasingStyle":"Linear","EasingDirection":"In"},"Head":{"Weight":1,"CFrame":[8.812639862298966e-8,-4.575122147798538e-8,1.1920928955078126e-7,0.9997897744178772,0.019930876791477205,-0.004829839337617159,-0.019864877685904504,0.999713659286499,0.013347863219678402,0.005094490479677916,-0.013249111361801625,0.9998993277549744],"EasingStyle":"Linear","EasingDirection":"In"},"Right Leg":{"Weight":1,"CFrame":[0.7479424476623535,0.7102917432785034,0.034332275390625,0.9721044301986694,-0.23041990399360658,-0.04381542652845383,0.23090189695358277,0.972957193851471,0.006208731792867184,0.041199974715709689,-0.016152607277035714,0.9990203976631165],"EasingStyle":"Linear","EasingDirection":"In"},"Torso":{"Weight":1,"CFrame":[-0.032012589275836948,0.10343852639198303,-0.29175519943237307,0.9999228119850159,-0.009998591616749764,0.007373883854597807,0.009970604442059994,0.9999430775642395,0.0038223136216402055,-0.0074116806499660019,-0.0037484965287148954,0.9999656081199646],"EasingStyle":"Linear","EasingDirection":"In"},"HumanoidRootPart":{"Weight":1,"CFrame":[0,0,0,1,0,0,0,1,0,0,0,1],"EasingStyle":"Linear","EasingDirection":"In"},"Left Arm":{"Weight":1,"CFrame":[-0.796234667301178,-0.887658953666687,-0.10168403387069702,-0.9487192630767822,0.019306806847453119,-0.31552985310554507,-0.31376364827156069,0.06413145363330841,0.9473328590393066,0.03852540999650955,0.9977547526359558,-0.05478508397936821],"EasingStyle":"Linear","EasingDirection":"In"}}},{"Time":0.2666666805744171,"poses":{"Left Leg":{"Weight":1,"CFrame":[-0.8270710706710815,-0.021182894706726075,0.033774614334106448,0.7977354526519775,-0.6018707752227783,0.03701053932309151,0.602872371673584,0.7973530292510986,-0.02780522033572197,-0.012775341048836708,0.044493842869997028,0.9989280700683594],"EasingStyle":"Linear","EasingDirection":"In"},"Right Arm":{"Weight":1,"CFrame":[0.9570947885513306,-0.8045517206192017,-0.0981302261352539,-0.962996780872345,0.00825805775821209,0.26938650012016299,0.2694433927536011,0.0067743947729468349,0.9629924297332764,0.006127615924924612,0.99994295835495,-0.008748840540647507],"EasingStyle":"Linear","EasingDirection":"In"},"Head":{"Weight":1,"CFrame":[8.684583008289337e-8,-3.6612618714571e-8,1.1920928955078126e-7,0.9993297457695007,0.03526805713772774,-0.009805889800190926,-0.03495960310101509,0.9989376068115234,0.030024437233805658,0.01085437647998333,-0.0296615082770586,0.99950110912323],"EasingStyle":"Linear","EasingDirection":"In"},"Right Leg":{"Weight":1,"CFrame":[0.6246413588523865,0.7074471116065979,0.03014850616455078,0.8522337675094605,-0.5212635397911072,-0.044519342482089999,0.5217470526695252,0.8530998826026917,-0.0008830514270812273,0.03843981772661209,-0.02247530408203602,0.9990081191062927],"EasingStyle":"Linear","EasingDirection":"In"},"Torso":{"Weight":1,"CFrame":[-0.06225588917732239,0.09551139175891876,-0.3328089714050293,0.9997084140777588,-0.019434355199337007,0.014333500526845456,0.019380658864974977,0.999804675579071,0.003875613445416093,-0.014406018890440464,-0.0035966902505606415,0.9998898506164551],"EasingStyle":"Linear","EasingDirection":"In"},"HumanoidRootPart":{"Weight":1,"CFrame":[0,0,0,1,0,0,0,1,0,0,0,1],"EasingStyle":"Linear","EasingDirection":"In"},"Left Arm":{"Weight":1,"CFrame":[-0.7962194681167603,-0.8929497003555298,-0.10009318590164185,-0.9489030241966248,0.01901913248002529,-0.3149941861629486,-0.31322675943374636,0.06459590792655945,0.9474789500236511,0.03836760297417641,0.9977303147315979,-0.05533795803785324],"EasingStyle":"Linear","EasingDirection":"In"}}},{"Time":0.30000001192092898,"poses":{"Left Leg":{"Weight":1,"CFrame":[-0.9080073237419128,0.016568243503570558,0.04394114017486572,0.7559904456138611,-0.6533898115158081,0.03949993476271629,0.6539203524589539,0.756563127040863,-0.0006794693181291223,-0.029440272599458696,0.026343490928411485,0.9992194175720215],"EasingStyle":"Linear","EasingDirection":"In"},"Right Arm":{"Weight":1,"CFrame":[0.9570925831794739,-0.8054326772689819,-0.09879732131958008,-0.9629644751548767,0.00818847306072712,0.2695039212703705,0.26953262090682986,0.002616842743009329,0.9629877805709839,0.007180230692028999,0.999963104724884,-0.004727017600089312],"EasingStyle":"Linear","EasingDirection":"In"},"Head":{"Weight":1,"CFrame":[8.987262845039368e-8,-4.6100467443466189e-8,-1.7881393432617188e-7,0.9987255930900574,0.048403188586235049,-0.014302210882306099,-0.04788602516055107,0.9982560276985169,0.03452443331480026,0.015948360785841943,-0.0337955616414547,0.9993014931678772],"EasingStyle":"Linear","EasingDirection":"In"},"Right Leg":{"Weight":1,"CFrame":[0.5297365784645081,0.6144895553588867,0.031101107597351075,0.6661906242370606,-0.7445139288902283,-0.04346564784646034,0.7446378469467163,0.6672647595405579,-0.01650075428187847,0.04128819704055786,-0.02137352153658867,0.9989187121391296],"EasingStyle":"Linear","EasingDirection":"In"},"Torso":{"Weight":1,"CFrame":[-0.08869526535272598,0.08521533012390137,-0.42314624786376955,0.9994056224822998,-0.027745675295591356,0.020464777946472169,0.027670321986079217,0.9996092915534973,0.003956402186304331,-0.020566556602716447,-0.003387783421203494,0.9997827410697937],"EasingStyle":"Linear","EasingDirection":"In"},"HumanoidRootPart":{"Weight":1,"CFrame":[0,0,0,1,0,0,0,1,0,0,0,1],"EasingStyle":"Linear","EasingDirection":"In"},"Left Arm":{"Weight":1,"CFrame":[-0.7962173223495483,-0.8938305974006653,-0.09942591190338135,-0.94913250207901,0.018414977937936784,-0.3143381178379059,-0.3126063346862793,0.06456632167100907,0.947685956954956,0.037747323513031009,0.9977436065673828,-0.05552540346980095],"EasingStyle":"Linear","EasingDirection":"In"}}},{"Time":0.3333333432674408,"poses":{"Left Leg":{"Weight":1,"CFrame":[-1.044008493423462,0.07320767641067505,0.05482053756713867,0.6739668250083923,-0.7375670671463013,0.041995879262685779,0.7373995184898377,0.6750867366790772,0.022357933223247529,-0.04484137147665024,0.015899164602160455,0.9988675713539124],"EasingStyle":"Linear","EasingDirection":"In"},"Right Arm":{"Weight":1,"CFrame":[0.9573424458503723,-0.7326818704605103,-0.09818309545516968,-0.9629775881767273,0.008131922222673893,0.2694588601589203,0.26944923400878909,-0.0022819838486611845,0.9630118608474731,0.008446103893220425,0.9999643564224243,0.000006217506324901478],"EasingStyle":"Linear","EasingDirection":"In"},"Head":{"Weight":1,"CFrame":[9.709037840366364e-8,-4.353933036327362e-8,-4.172325134277344e-7,0.9981241226196289,0.0584450326859951,-0.018235083669424058,-0.05792183801531792,0.9979281425476074,0.028009772300720216,0.019834334030747415,-0.026901021599769594,0.9994413256645203],"EasingStyle":"Linear","EasingDirection":"In"},"Right Leg":{"Weight":1,"CFrame":[0.44877272844314577,0.4652629494667053,0.03152728080749512,0.42052510380744936,-0.9063993692398071,-0.03998608514666557,0.9058736562728882,0.4219186305999756,-0.03711600601673126,0.05051286518573761,-0.020614156499505044,0.9985106587409973],"EasingStyle":"Linear","EasingDirection":"In"},"Torso":{"Weight":1,"CFrame":[-0.10941418260335922,0.07492507249116898,-0.6041660308837891,0.9990875124931336,-0.03437284380197525,0.025354579091072084,0.03428110107779503,0.9994040727615356,0.004044459667056799,-0.025478491559624673,-0.0031715859659016134,0.9996703267097473],"EasingStyle":"Linear","EasingDirection":"In"},"HumanoidRootPart":{"Weight":1,"CFrame":[0,0,0,1,0,0,0,1,0,0,0,1],"EasingStyle":"Linear","EasingDirection":"In"},"Left Arm":{"Weight":1,"CFrame":[-0.796467125415802,-0.8210799694061279,-0.10004007816314697,-0.9490495920181274,0.018127327784895898,-0.314605176448822,-0.3136691153049469,0.04158078506588936,0.9486215710639954,0.030277572572231294,0.9989707469940186,-0.03377630189061165],"EasingStyle":"Linear","EasingDirection":"In"}}},{"Time":0.36666667461395266,"poses":{"Left Leg":{"Weight":1,"CFrame":[-1.1761090755462647,0.16097313165664674,0.06418204307556153,0.5714914798736572,-0.8192962408065796,0.04638179391622543,0.8182735443115234,0.5732150077819824,0.04304763674736023,-0.06185554340481758,0.013351657427847386,0.9979958534240723],"EasingStyle":"Linear","EasingDirection":"In"},"Right Arm":{"Weight":1,"CFrame":[0.9578062891960144,-0.5975723266601563,-0.09675931930541992,-0.9630210399627686,0.0081342663615942,0.26930367946624758,0.269256055355072,-0.006493157707154751,0.9630468487739563,0.009582399390637875,0.9999458193778992,0.004062736872583628],"EasingStyle":"Linear","EasingDirection":"In"},"Head":{"Weight":1,"CFrame":[8.707866072654724e-8,-4.912726581096649e-8,-1.7881393432617188e-7,0.9976744055747986,0.06469222903251648,-0.02146458439528942,-0.0645507350564003,0.9978883266448975,0.007221581880003214,0.021886439993977548,-0.005819234065711498,0.9997435212135315],"EasingStyle":"Linear","EasingDirection":"In"},"Right Leg":{"Weight":1,"CFrame":[0.3848566710948944,0.10437589883804321,0.016219496726989747,0.04231961816549301,-0.998525857925415,-0.03398860618472099,0.9974095821380615,0.04420384019613266,-0.056746385991573337,0.05816521495580673,-0.03149911388754845,0.9978099465370178],"EasingStyle":"Linear","EasingDirection":"In"},"Torso":{"Weight":1,"CFrame":[-0.12275442481040955,0.06701071560382843,-0.8530914783477783,0.9988394975662231,-0.038757894188165668,0.028590615838766099,0.0386558398604393,0.999244213104248,0.004113729111850262,-0.028728440403938295,-0.0030037611722946169,0.999582827091217],"EasingStyle":"Linear","EasingDirection":"In"},"HumanoidRootPart":{"Weight":1,"CFrame":[0,0,0,1,0,0,0,1,0,0,0,1],"EasingStyle":"Linear","EasingDirection":"In"},"Left Arm":{"Weight":1,"CFrame":[-0.7969310283660889,-0.6859704256057739,-0.10146409273147583,-0.9486126899719238,0.018440669402480127,-0.31590187549591067,-0.3159734904766083,-0.001028565689921379,0.9487674832344055,0.017171014100313188,0.9998295307159424,0.006802347954362631],"EasingStyle":"Linear","EasingDirection":"In"}}},{"Time":0.4000000059604645,"poses":{"Left Leg":{"Weight":1,"CFrame":[-1.2013384103775025,0.20205706357955934,0.06675231456756592,0.5463665723800659,-0.8361027240753174,0.04915177822113037,0.8345165252685547,0.5484390258789063,0.052885595709085467,-0.07117459177970886,0.012123080901801587,0.9973902106285095],"EasingStyle":"Linear","EasingDirection":"In"},"Right Arm":{"Weight":1,"CFrame":[0.9580560922622681,-0.5248215198516846,-0.09515410661697388,-0.9630461931228638,0.008146223612129689,0.26921311020851138,0.2691478133201599,-0.008282124996185303,0.9630632400512695,0.010075069963932038,0.999932587146759,0.005783452186733484],"EasingStyle":"Linear","EasingDirection":"In"},"Head":{"Weight":1,"CFrame":[8.940696716308594e-8,2.7939677238464357e-9,-1.7881393432617188e-7,0.9975040555000305,0.06653422117233277,-0.023640142753720285,-0.06721238046884537,0.9973127245903015,-0.029153820127248765,0.02163689024746418,0.030669961124658586,0.9992953538894653],"EasingStyle":"Linear","EasingDirection":"In"},"Right Leg":{"Weight":1,"CFrame":[0.3652333915233612,0.1148633360862732,0.016446471214294435,0.0008721061749383807,-0.999509871006012,-0.03129458799958229,0.9979233741760254,0.0028854042757302524,-0.06434804946184159,0.0644068717956543,-0.03117348812520504,0.9974367022514343],"EasingStyle":"Linear","EasingDirection":"In"},"Torso":{"Weight":1,"CFrame":[-0.1274203509092331,0.06384414434432984,-0.9306955337524414,0.9987425208091736,-0.04034353792667389,0.02976091392338276,0.040237896144390109,0.9991815686225891,0.004140400793403387,-0.029903594404459,-0.002937678014859557,0.9995484948158264],"EasingStyle":"Linear","EasingDirection":"In"},"HumanoidRootPart":{"Weight":1,"CFrame":[0,0,0,1,0,0,0,1,0,0,0,1],"EasingStyle":"Linear","EasingDirection":"In"},"Left Arm":{"Weight":1,"CFrame":[-0.7971808910369873,-0.6132193803787231,-0.10306912660598755,-0.9483512043952942,0.01871570385992527,-0.31666988134384158,-0.31705978512763979,-0.023955926299095155,0.9481030106544495,0.010158346965909005,0.9995378255844116,0.028652580454945566],"EasingStyle":"Linear","EasingDirection":"In"}}},{"Time":0.4333333373069763,"poses":{"Left Leg":{"Weight":1,"CFrame":[-1.1655193567276,0.17598670721054078,0.06314730644226074,0.5806828737258911,-0.8128457069396973,0.045708347111940387,0.8118598461151123,0.5823401808738709,0.04199450463056564,-0.06075289100408554,0.012723279185593129,0.9980718493461609],"EasingStyle":"Linear","EasingDirection":"In"},"Right Arm":{"Weight":1,"CFrame":[0.9579784870147705,-0.5451605319976807,-0.09388494491577149,-0.9630641341209412,0.008160036988556385,0.26914873719215395,0.26911672949790957,-0.004816960543394089,0.9630956053733826,0.009155460633337498,0.9999551773071289,0.002442890778183937],"EasingStyle":"Linear","EasingDirection":"In"},"Head":{"Weight":1,"CFrame":[1.1129304766654968e-7,-4.423782229423523e-9,-1.7881393432617188e-7,0.9977095723152161,0.0631038174033165,-0.024365471675992013,-0.06483986228704453,0.9947919845581055,-0.07864309102296829,0.01927589438855648,0.08004280924797058,0.9966050982475281],"EasingStyle":"Linear","EasingDirection":"In"},"Right Leg":{"Weight":1,"CFrame":[0.41806262731552126,0.5040577054023743,0.04116475582122803,0.37281596660614016,-0.9273095726966858,-0.03324546292424202,0.9254334568977356,0.37419751286506655,-0.05957525596022606,0.06768511980772019,-0.008555865846574307,0.9976701140403748],"EasingStyle":"Linear","EasingDirection":"In"},"Torso":{"Weight":1,"CFrame":[-0.12275443971157074,0.06701071560382843,-0.8530914783477783,0.9988394975662231,-0.03875789791345596,0.028590621426701547,0.0386558435857296,0.999244213104248,0.004113729577511549,-0.02872844599187374,-0.0030037611722946169,0.999582827091217],"EasingStyle":"Linear","EasingDirection":"In"},"HumanoidRootPart":{"Weight":1,"CFrame":[0,0,0,1,0,0,0,1,0,0,0,1],"EasingStyle":"Linear","EasingDirection":"In"},"Left Arm":{"Weight":1,"CFrame":[-0.797103226184845,-0.6335583925247192,-0.10433840751647949,-0.948185384273529,0.018544813618063928,-0.31717613339424136,-0.3174274265766144,-0.012618289329111576,0.948198676109314,0.013582000508904457,0.9997484683990479,0.01785096526145935],"EasingStyle":"Linear","EasingDirection":"In"}}},{"Time":0.46666666865348818,"poses":{"Left Leg":{"Weight":1,"CFrame":[-1.0070210695266724,0.11224287748336792,0.05320453643798828,0.6977462768554688,-0.7152170538902283,0.040184859186410907,0.7150983810424805,0.6987432241439819,0.019804880023002626,-0.042243726551532748,0.014917340129613877,0.9989960193634033],"EasingStyle":"Linear","EasingDirection":"In"},"Right Arm":{"Weight":1,"CFrame":[0.9577916860580444,-0.5950913429260254,-0.09302496910095215,-0.963103711605072,0.008189712651073933,0.26900607347488406,0.269036203622818,0.0028069699183106424,0.9631259441375732,0.0071327099576592449,0.999962568283081,-0.004906808491796255],"EasingStyle":"Linear","EasingDirection":"In"},"Head":{"Weight":1,"CFrame":[9.825453162193299e-8,-7.683411240577698e-9,-1.7881393432617188e-7,0.9982286691665649,0.05485184118151665,-0.023039160296320916,-0.05729309096932411,0.9906497001647949,-0.12381777167320252,0.016032101586461068,0.12491842359304428,0.9920375347137451],"EasingStyle":"Linear","EasingDirection":"In"},"Right Leg":{"Weight":1,"CFrame":[0.7228982448577881,0.6959546804428101,0.057378172874450687,0.8259811997413635,-0.5624547600746155,-0.037412937730550769,0.5605735778808594,0.8265702724456787,-0.050386540591716769,0.059264618903398517,0.02064559794962406,0.9980288743972778],"EasingStyle":"Linear","EasingDirection":"In"},"Torso":{"Weight":1,"CFrame":[-0.10941416025161743,0.07492507249116898,-0.6041660308837891,0.9990875124931336,-0.03437284380197525,0.025354577228426935,0.03428110107779503,0.9994040727615356,0.004044459667056799,-0.025478489696979524,-0.0031715859659016134,0.9996703267097473],"EasingStyle":"Linear","EasingDirection":"In"},"HumanoidRootPart":{"Weight":1,"CFrame":[0,0,0,1,0,0,0,1,0,0,0,1],"EasingStyle":"Linear","EasingDirection":"In"},"Left Arm":{"Weight":1,"CFrame":[-0.7969163656234741,-0.6834894418716431,-0.10519826412200928,-0.9478700757026672,0.018216827884316446,-0.3181362748146057,-0.3179398477077484,0.012898939661681652,0.94802325963974,0.021373653784394265,0.9997508525848389,-0.006434787530452013],"EasingStyle":"Linear","EasingDirection":"In"}}},{"Time":0.5,"poses":{"Left Leg":{"Weight":1,"CFrame":[-0.8343373537063599,0.07623171806335449,0.04315292835235596,0.7922797203063965,-0.609067976474762,0.03645693138241768,0.6095994114875794,0.792696475982666,-0.004585564136505127,-0.026106413453817369,0.025857191532850267,0.9993246793746948],"EasingStyle":"Linear","EasingDirection":"In"},"Right Arm":{"Weight":1,"CFrame":[0.9575639367103577,-0.6579827070236206,-0.09253668785095215,-0.9631432294845581,0.008218357339501381,0.26886361837387087,0.26894062757492068,0.01043061912059784,0.9631003141403198,0.005110784899443388,0.999911904335022,-0.01225645374506712],"EasingStyle":"Linear","EasingDirection":"In"},"Head":{"Weight":1,"CFrame":[1.0547228157520294e-7,-2.3283064365386964e-8,-1.7881393432617188e-7,0.9988831281661987,0.04316084086894989,-0.019226286560297014,-0.04548099637031555,0.9885798096656799,-0.14367137849330903,0.012805740348994732,0.14438535273075105,0.9894387722015381],"EasingStyle":"Linear","EasingDirection":"In"},"Right Leg":{"Weight":1,"CFrame":[1.014161229133606,0.5439869165420532,0.05729246139526367,0.9862181544303894,-0.1605125367641449,-0.04011920839548111,0.15881435573101045,0.9863954186439514,-0.042452599853277209,0.04638763889670372,0.03549596667289734,0.9982926845550537],"EasingStyle":"Linear","EasingDirection":"In"},"Torso":{"Weight":1,"CFrame":[-0.08869529515504837,0.08521533012390137,-0.42314624786376955,0.9994056224822998,-0.027745675295591356,0.020464777946472169,0.027670321986079217,0.9996092915534973,0.003956402186304331,-0.020566556602716447,-0.003387783421203494,0.9997827410697937],"EasingStyle":"Linear","EasingDirection":"In"},"HumanoidRootPart":{"Weight":1,"CFrame":[0,0,0,1,0,0,0,1,0,0,0,1],"EasingStyle":"Linear","EasingDirection":"In"},"Left Arm":{"Weight":1,"CFrame":[-0.7966886758804321,-0.746380627155304,-0.10568660497665405,-0.9476764798164368,0.0180413406342268,-0.3187221586704254,-0.3178400993347168,0.03981949761509895,0.9473078846931458,0.029782136902213098,0.9990440011024475,-0.03200187906622887],"EasingStyle":"Linear","EasingDirection":"In"}}},{"Time":0.5333333611488342,"poses":{"Left Leg":{"Weight":1,"CFrame":[-0.8070977926254273,0.12805688381195069,0.041912078857421878,0.8579469323158264,-0.512507975101471,0.03553484007716179,0.5132988691329956,0.8580204248428345,-0.018036847934126855,-0.021245626732707025,0.0337146557867527,0.9992056488990784],"EasingStyle":"Linear","EasingDirection":"In"},"Right Arm":{"Weight":1,"CFrame":[0.9573641419410706,-0.7172040939331055,-0.09238225221633911,-0.9631612300872803,0.008230907842516899,0.2687987983226776,0.2688921093940735,0.013895699754357338,0.9630700349807739,0.004191860090941191,0.9998695850372315,-0.015597127377986908],"EasingStyle":"Linear","EasingDirection":"In"},"Head":{"Weight":1,"CFrame":[9.452924132347107e-8,-6.868503987789154e-9,1.1920928955078126e-7,0.9994872212409973,0.029115671291947366,-0.013330304063856602,-0.030525650829076768,0.9920709133148193,-0.121916763484478,0.009674918837845326,0.122261181473732,0.9924508333206177],"EasingStyle":"Linear","EasingDirection":"In"},"Right Leg":{"Weight":1,"CFrame":[1.1379023790359498,0.3999074697494507,0.05496478080749512,0.9898585081100464,0.13589009642601014,-0.041400790214538577,-0.13738194108009339,0.9898781776428223,-0.035603273659944537,0.03614366054534912,0.04092991352081299,0.998508095741272],"EasingStyle":"Linear","EasingDirection":"In"},"Torso":{"Weight":1,"CFrame":[-0.062255892902612689,0.09551139175891876,-0.3328089714050293,0.9997084140777588,-0.019434351474046708,0.014333496801555157,0.019380655139684678,0.999804675579071,0.003875613445416093,-0.014406015165150166,-0.0035966902505606415,0.9998898506164551],"EasingStyle":"Linear","EasingDirection":"In"},"HumanoidRootPart":{"Weight":1,"CFrame":[0,0,0,1,0,0,0,1,0,0,0,1],"EasingStyle":"Linear","EasingDirection":"In"},"Left Arm":{"Weight":1,"CFrame":[-0.7964888215065002,-0.8056023120880127,-0.10584110021591187,-0.9478704333305359,0.01838405430316925,-0.3181252181529999,-0.3167252242565155,0.05537843704223633,0.9468993544578552,0.03502518683671951,0.9982962012290955,-0.046668894588947299],"EasingStyle":"Linear","EasingDirection":"In"}}},{"Time":0.5666666626930237,"poses":{"Left Leg":{"Weight":1,"CFrame":[-0.8870577216148377,0.3167520761489868,0.04794645309448242,0.9306102395057678,-0.364080011844635,0.03755456581711769,0.3647870123386383,0.9309878945350647,-0.01385793648660183,-0.029917506501078607,0.026595747098326684,0.9991985559463501],"EasingStyle":"Linear","EasingDirection":"In"},"Right Arm":{"Weight":1,"CFrame":[0.9572316408157349,-0.7595595121383667,-0.09304946660995484,-0.9631437659263611,0.00824281107634306,0.2688611149787903,0.26895278692245486,0.013468872755765915,0.9630592465400696,0.004317146725952625,0.9998753666877747,-0.01518949680030346],"EasingStyle":"Linear","EasingDirection":"In"},"Head":{"Weight":1,"CFrame":[9.39471647143364e-8,-1.4057150110602379e-8,1.1920928955078126e-7,0.9998880624771118,0.013343543745577336,-0.00677535030990839,-0.01380069274455309,0.9972631931304932,-0.07263392955064774,0.005787613335996866,0.07271929830312729,0.9973357319831848],"EasingStyle":"Linear","EasingDirection":"In"},"Right Leg":{"Weight":1,"CFrame":[1.1746165752410889,0.24175477027893067,0.051618218421936038,0.9273292422294617,0.3719935417175293,-0.04100223630666733,-0.37338489294052126,0.9270549416542053,-0.03395640850067139,0.025379810482263566,0.04679837077856064,0.9985819458961487],"EasingStyle":"Linear","EasingDirection":"In"},"Torso":{"Weight":1,"CFrame":[-0.03201259300112724,0.10343853384256363,-0.29175519943237307,0.9999228119850159,-0.009998590685427189,0.0073738787323236469,0.009970603510737419,0.9999430775642395,0.003822313155978918,-0.007411675527691841,-0.003748496063053608,0.9999656081199646],"EasingStyle":"Linear","EasingDirection":"In"},"HumanoidRootPart":{"Weight":1,"CFrame":[0,0,0,1,0,0,0,1,0,0,0,1],"EasingStyle":"Linear","EasingDirection":"In"},"Left Arm":{"Weight":1,"CFrame":[-0.7963563799858093,-0.8479576706886292,-0.10517388582229614,-0.9482613801956177,0.018976466730237008,-0.3169233500957489,-0.31533047556877139,0.05996302142739296,0.9470856189727783,0.03697607293725014,0.9980202913284302,-0.05087677761912346],"EasingStyle":"Linear","EasingDirection":"In"}}},{"Time":0.6000000238418579,"poses":{"Left Leg":{"Weight":1,"CFrame":[-0.8710384368896484,0.5668133497238159,0.045267462730407718,0.9941225051879883,-0.10021065920591355,0.040967464447021487,0.10034710168838501,0.9949516654014587,-0.0012830912601202727,-0.040632106363773349,0.0053865029476583,0.9991597533226013],"EasingStyle":"Linear","EasingDirection":"In"},"Right Arm":{"Weight":1,"CFrame":[0.9571512341499329,-0.7855880856513977,-0.09464043378829956,-0.9631008505821228,0.00826500728726387,0.2690139710903168,0.26910004019737246,0.01216407585889101,0.9630354046821594,0.0046872785314917568,0.9998918771743774,-0.013939373195171357],"EasingStyle":"Linear","EasingDirection":"In"},"Head":{"Weight":1,"CFrame":[8.65981348852074e-8,-5.029141902923584e-8,-1.7881393432617188e-7,0.999994158744812,-0.003362373448908329,-0.0006467319908551872,0.0033481684513390066,0.9997773170471191,-0.020837048068642618,0.0007166499854065478,0.02083476074039936,0.9997827410697937],"EasingStyle":"Linear","EasingDirection":"In"},"Right Leg":{"Weight":1,"CFrame":[1.0792922973632813,0.06796032190322876,0.042244911193847659,0.8519304990768433,0.5222341418266296,-0.03854971006512642,-0.5235295295715332,0.8510268330574036,-0.04086931794881821,0.011463535949587822,0.0549996942281723,0.9984206557273865],"EasingStyle":"Linear","EasingDirection":"In"},"Torso":{"Weight":1,"CFrame":[-1.490467305131915e-9,0.10661265254020691,-0.2805323600769043,1,3.5446175074976827e-12,-8.928586225920299e-8,3.361963207826335e-10,0.9999927878379822,0.0038050920702517034,8.928522987616816e-8,-0.0038050920702517034,0.9999927878379822],"EasingStyle":"Linear","EasingDirection":"In"},"HumanoidRootPart":{"Weight":1,"CFrame":[0,0,0,1,0,0,0,1,0,0,0,1],"EasingStyle":"Linear","EasingDirection":"In"},"Left Arm":{"Weight":1,"CFrame":[-0.7962759137153626,-0.8739861845970154,-0.10358291864395142,-0.9485245943069458,0.019288640469312669,-0.31611576676368716,-0.3144034445285797,0.06273384392261505,0.9472143650054932,0.03810170292854309,0.9978439807891846,-0.053440287709236148],"EasingStyle":"Linear","EasingDirection":"In"}}},{"Time":0.6333333253860474,"poses":{"Left Leg":{"Weight":1,"CFrame":[-0.7479040622711182,0.7103504538536072,0.034288763999938968,0.972045361995697,0.23065461218357087,0.04388837143778801,-0.23114334046840669,0.9728991389274597,0.006336596328765154,-0.04123743250966072,-0.016303936019539834,0.9990164041519165],"EasingStyle":"Linear","EasingDirection":"In"},"Right Arm":{"Weig