{"Sequence":[{"Time":0,"poses":{"Left Leg":{"Weight":1,"CFrame":[-0.27809521555900576,-0.10899925231933594,0.295428991317749,0.45887136459350588,-0.7063441872596741,0.5389944314956665,0.8078271150588989,0.5842481255531311,0.0779070258140564,-0.36993566155433657,0.3996650278568268,0.83869868516922],"EasingStyle":"Linear","EasingDirection":"In"},"Right Arm":{"Weight":1,"CFrame":[-0.06263461709022522,0.46933674812316897,0.2118304967880249,-0.5702496767044067,0.012313826009631157,-0.8213791847229004,0.3180505931377411,-0.918594479560852,-0.23458059132099152,-0.7574029564857483,-0.39500972628593447,0.5199117660522461],"EasingStyle":"Linear","EasingDirection":"In"},"Head":{"Weight":1,"CFrame":[9.685754776000977e-8,-7.450580596923828e-9,0,0.9252671003341675,0.36197465658187868,0.11338049173355103,-0.36177411675453188,0.9319803714752197,-0.023069167509675027,-0.11401882767677307,-0.019672967493534089,0.993283748626709],"EasingStyle":"Linear","EasingDirection":"In"},"Left Arm":{"Weight":1,"CFrame":[-0.1950373649597168,-0.02785053849220276,0.43596160411834719,0.1337641328573227,0.3724728226661682,0.9183524250984192,-0.9594352841377258,-0.18339164555072785,0.21412955224514008,0.2481755167245865,-0.9097425937652588,0.3328324556350708],"EasingStyle":"Linear","EasingDirection":"In"},"Torso":{"Weight":1,"CFrame":[0.011326014995574952,-0.1252036988735199,-0.41018247604370119,0.8946079015731812,-0.43537625670433047,0.10062018781900406,0.4456257224082947,0.8859125375747681,-0.12875063717365266,-0.03308572247624397,0.16002026200294496,0.9865590929985046],"EasingStyle":"Linear","EasingDirection":"In"},"HumanoidRootPart":{"Weight":0,"CFrame":[0,0,0,1,0,0,0,1,0,0,0,1],"EasingStyle":"Linear","EasingDirection":"In"},"Right Leg":{"Weight":1,"CFrame":[0.6303324103355408,0.39293575286865237,0.03707122802734375,0.9969017505645752,0.07855105400085449,-0.004070383962243795,-0.07861733436584473,0.9934371709823608,-0.0830778107047081,-0.0024821641854941847,0.08314035087823868,0.9965348243713379],"EasingStyle":"Linear","EasingDirection":"In"}}},{"Time":0.03333333507180214,"poses":{"Left Leg":{"Weight":1,"CFrame":[-0.33490270376205447,-0.3248610496520996,0.27041423320770266,0.26084741950035097,-0.8342742919921875,0.48574182391166689,0.9510272741317749,0.30851221084594729,0.01916820928454399,-0.16584886610507966,0.45695367455482485,0.8738922476768494],"EasingStyle":"Linear","EasingDirection":"In"},"Right Arm":{"Weight":1,"CFrame":[-0.04463547468185425,0.5861024856567383,0.1705636978149414,-0.5766922831535339,0.007056347094476223,-0.8169309496879578,0.21230004727840424,-0.9643144011497498,-0.1581973284482956,-0.7888946533203125,-0.26466578245162966,0.5546146631240845],"EasingStyle":"Linear","EasingDirection":"In"},"Head":{"Weight":1,"CFrame":[8.568167686462403e-8,-1.1175870895385743e-8,4.76837158203125e-7,0.912693977355957,0.40775740146636965,0.026902029290795327,-0.40780311822891238,0.9130611419677734,-0.004013005644083023,-0.026199528947472574,-0.0073080724105238918,0.9996300339698792],"EasingStyle":"Linear","EasingDirection":"In"},"Left Arm":{"Weight":1,"CFrame":[-0.15957963466644288,0.16831207275390626,0.38512229919433596,-0.11521781235933304,0.4110737144947052,0.9042916297912598,-0.9205716252326965,-0.38620299100875857,0.0582684762775898,0.3731926679611206,-0.8257516026496887,0.4229204058647156],"EasingStyle":"Linear","EasingDirection":"In"},"Torso":{"Weight":1,"CFrame":[0.033585891127586368,-0.07912538945674896,-0.3372306823730469,0.8934179544448853,-0.4466547966003418,0.047999948263168338,0.44909265637397768,0.8906475901603699,-0.07115273177623749,-0.010970323346555233,0.08512553572654724,0.9963099360466003],"EasingStyle":"Linear","EasingDirection":"In"},"HumanoidRootPart":{"Weight":0,"CFrame":[0,0,0,1,0,0,0,1,0,0,0,1],"EasingStyle":"Linear","EasingDirection":"In"},"Right Leg":{"Weight":1,"CFrame":[0.6325280666351318,0.32040995359420779,0.02414882183074951,0.9853820204734802,0.16779479384422303,-0.029448090121150018,-0.1683189421892166,0.9855977296829224,-0.016306985169649125,0.026287734508514406,0.02102523297071457,0.9994333386421204],"EasingStyle":"Linear","EasingDirection":"In"}}},{"Time":0.06666667014360428,"poses":{"Left Leg":{"Weight":1,"CFrame":[-0.30228185653686526,-0.4722280502319336,0.21803998947143556,0.11720733344554901,-0.8703231811523438,0.4783303737640381,0.9926960468292236,0.1165374219417572,-0.031204454600811006,-0.028585467487573625,0.47849416732788088,0.8776254653930664],"EasingStyle":"Linear","EasingDirection":"In"},"Right Arm":{"Weight":1,"CFrame":[-0.025911062955856324,0.7075742483139038,0.1276334524154663,-0.5839269161224365,0.002771711442619562,-0.8118014931678772,0.0983419120311737,-0.9923881888389587,-0.07412534952163696,-0.8058276176452637,-0.12311804294586182,0.5792096853256226],"EasingStyle":"Linear","EasingDirection":"In"},"Head":{"Weight":1,"CFrame":[9.499490261077881e-8,7.450580596923828e-9,3.5762786865234377e-7,0.9068719744682312,0.42140594124794009,0.0005532000795938075,-0.42140573263168337,0.9068682193756104,0.002673838520422578,0.0006250899750739336,-0.0026579475961625578,0.9999963641166687],"EasingStyle":"Linear","EasingDirection":"In"},"Left Arm":{"Weight":1,"CFrame":[-0.12268839776515961,0.37237995862960818,0.3319416046142578,-0.3757772445678711,0.391687273979187,0.8398646116256714,-0.7993940114974976,-0.5954619646072388,-0.07996426522731781,0.46878644824028017,-0.7014315724372864,0.5368736386299133],"EasingStyle":"Linear","EasingDirection":"In"},"Torso":{"Weight":1,"CFrame":[0.03033776953816414,-0.05892226845026016,-0.19217276573181153,0.8926820158958435,-0.450369656085968,0.016916625201702119,0.4506526291370392,0.8915186524391174,-0.04589882493019104,0.005589950829744339,0.0485965721309185,0.9988028407096863],"EasingStyle":"Linear","EasingDirection":"In"},"HumanoidRootPart":{"Weight":0,"CFrame":[0,0,0,1,0,0,0,1,0,0,0,1],"EasingStyle":"Linear","EasingDirection":"In"},"Right Leg":{"Weight":1,"CFrame":[0.511221170425415,0.19867128133773805,0.01586472988128662,0.9902635812759399,0.13433226943016053,-0.03651048615574837,-0.1338191032409668,0.9908739924430847,0.016166770830750467,0.03834910690784454,-0.011123564094305039,0.99920254945755],"EasingStyle":"Linear","EasingDirection":"In"}}},{"Time":0.10000000149011612,"poses":{"Left Leg":{"Weight":1,"CFrame":[-0.273270845413208,-0.5176645517349243,0.19298744201660157,0.06981955468654633,-0.8728833198547363,0.48290789127349856,0.9974241852760315,0.05310530960559845,-0.04821823909878731,0.016443876549601556,0.4850306808948517,0.8743425607681274],"EasingStyle":"Linear","EasingDirection":"In"},"Right Arm":{"Weight":1,"CFrame":[-0.016026198863983156,0.771699070930481,0.10497045516967774,-0.5878899097442627,0.0010435133008286358,-0.8089402914047241,0.03774779289960861,-0.9988745450973511,-0.028721364215016366,-0.8080597519874573,-0.04742077365517616,0.5871887803077698],"EasingStyle":"Linear","EasingDirection":"In"},"Head":{"Weight":1,"CFrame":[9.12696123123169e-8,2.2351741790771486e-8,-1.7881393432617188e-7,0.9059650301933289,0.42334046959877016,-0.003201812971383333,-0.4233292043209076,0.9059685468673706,0.003660722402855754,0.004450472071766853,-0.0019610626623034479,0.9999882578849793],"EasingStyle":"Linear","EasingDirection":"In"},"Left Arm":{"Weight":1,"CFrame":[-0.10320396721363068,0.4801085591316223,0.30340850353240969,-0.5053505301475525,0.35521063208580019,0.7864134907722473,-0.7001588940620422,-0.7014755010604858,-0.13307759165763856,0.5043792128562927,-0.617865264415741,0.6031949520111084],"EasingStyle":"Linear","EasingDirection":"In"},"Torso":{"Weight":1,"CFrame":[0.02955731749534607,-0.05560740828514099,-0.08961033821105957,0.8925190567970276,-0.4508519172668457,0.011938241310417652,0.4509357511997223,0.8915793299674988,-0.041755229234695438,0.008181535638868809,0.04265071079134941,0.9990566372871399],"EasingStyle":"Linear","EasingDirection":"In"},"HumanoidRootPart":{"Weight":0,"CFrame":[0,0,0,1,0,0,0,1,0,0,0,1],"EasingStyle":"Linear","EasingDirection":"In"},"Right Leg":{"Weight":1,"CFrame":[0.3449538052082062,0.1122211217880249,0.011012077331542969,0.9984641671180725,0.04105851426720619,-0.037195079028606418,-0.04032383859157562,0.9989805817604065,0.020292863249778749,0.03799041733145714,-0.018761873245239259,0.999101996421814],"EasingStyle":"Linear","EasingDirection":"In"}}},{"Time":0.13333334028720857,"poses":{"Left Leg":{"Weight":1,"CFrame":[-0.260429322719574,-0.5412584543228149,0.18146121501922608,0.043163273483514789,-0.8730592727661133,0.4856998920440674,0.998267412185669,0.018229441717267038,-0.05594625324010849,0.039990317076444629,0.4872732162475586,0.8723334670066834],"EasingStyle":"Linear","EasingDirection":"In"},"Right Arm":{"Weight":1,"CFrame":[-0.012162361294031144,0.7967642545700073,0.09611177444458008,-0.5894557237625122,0.0004718645941466093,-0.8078005909919739,0.014138403348624707,-0.9998406767845154,-0.01090086530894041,-0.8076770305633545,-0.01784670725464821,0.5893551111221314],"EasingStyle":"Linear","EasingDirection":"In"},"Head":{"Weight":1,"CFrame":[9.313225746154785e-8,1.30385160446167e-8,-5.960464477539063e-8,0.9059634208679199,0.4233556389808655,0.0005938392132520676,-0.42335572838783266,0.9059635400772095,0.0000726119615137577,-0.000507253804244101,-0.0003171787247993052,0.9999998807907105],"EasingStyle":"Linear","EasingDirection":"In"},"Left Arm":{"Weight":1,"CFrame":[-0.09557150304317475,0.5222179889678955,0.29165053367614748,-0.5574756264686585,0.3331108093261719,0.7604328989982605,-0.6467423439025879,-0.7485617995262146,-0.14621806144714356,0.5205242037773132,-0.5733170509338379,0.6327418088912964],"EasingStyle":"Linear","EasingDirection":"In"},"Torso":{"Weight":1,"CFrame":[0.027447879314422609,-0.05037781596183777,-0.058638811111450198,0.8924114108085632,-0.4511451721191406,0.008364823646843434,0.4511163830757141,0.8916453719139099,-0.03824364393949509,0.009794977493584156,0.03790257126092911,0.9992334246635437],"EasingStyle":"Linear","EasingDirection":"In"},"HumanoidRootPart":{"Weight":0,"CFrame":[0,0,0,1,0,0,0,1,0,0,0,1],"EasingStyle":"Linear","EasingDirection":"In"},"Right Leg":{"Weight":1,"CFrame":[0.26941055059432986,0.08383375406265259,0.00869762897491455,0.9992923140525818,0.00009128075907938182,-0.03761439397931099,0.0007759186555631459,0.9997342824935913,0.023041773587465287,0.03760651871562004,-0.023054666817188264,0.9990266561508179],"EasingStyle":"Linear","EasingDirection":"In"}}},{"Time":0.1666666716337204,"poses":{"Left Leg":{"Weight":1,"CFrame":[-0.2570047378540039,-0.5550097227096558,0.17385447025299073,0.03186216950416565,-0.8730645775794983,0.4865624010562897,0.9979507923126221,0.000761957373470068,-0.06398280709981919,0.05549035593867302,0.48760390281677248,0.8712998628616333],"EasingStyle":"Linear","EasingDirection":"In"},"Right Arm":{"Weight":1,"CFrame":[-0.011500831693410874,0.8010560274124146,0.09459507465362549,-0.5897242426872253,0.00037980685010552406,-0.8076046705245972,0.010104232467710972,-0.9999182224273682,-0.007848528213799,-0.80754154920578,-0.012788779102265835,0.5896721482276917],"EasingStyle":"Linear","EasingDirection":"In"},"Head":{"Weight":1,"CFrame":[8.754432201385498e-8,-1.862645149230957e-9,-2.384185791015625e-7,0.9058917164802551,0.4233895540237427,0.010083748959004879,-0.42331305146217348,0.9059398770332336,-0.00889878161251545,-0.012902920134365559,0.0037927483208477499,0.9999095797538757],"EasingStyle":"Linear","EasingDirection":"In"},"Left Arm":{"Weight":1,"CFrame":[-0.09423652291297913,0.5294277667999268,0.28879427909851076,-0.5736603140830994,0.322795033454895,0.7528063058853149,-0.6238843202590942,-0.7677140831947327,-0.14623068273067475,0.5307374596595764,-0.5535508990287781,0.6417938470840454],"EasingStyle":"Linear","EasingDirection":"In"},"Torso":{"Weight":1,"CFrame":[0.023529499769210817,-0.03969689831137657,-0.05874323844909668,0.8922128081321716,-0.4516112804412842,0.001893520005978644,0.45142897963523867,0.8917165994644165,-0.032455991953611377,0.012969006784260273,0.029812442138791086,0.9994713664054871],"EasingStyle":"Linear","EasingDirection":"In"},"HumanoidRootPart":{"Weight":0,"CFrame":[0,0,0,1,0,0,0,1,0,0,0,1],"EasingStyle":"Linear","EasingDirection":"In"},"Right Leg":{"Weight":1,"CFrame":[0.27348873019218447,0.08650827407836914,0.00861203670501709,0.9992191195487976,0.00877520814538002,-0.03852660581469536,-0.007655821740627289,0.9995469450950623,0.02910773642361164,0.03876468539237976,-0.028790103271603586,0.9988335371017456],"EasingStyle":"Linear","EasingDirection":"In"}}},{"Time":0.20000000298023225,"poses":{"Left Leg":{"Weight":1,"CFrame":[-0.2558242380619049,-0.5640548467636108,0.16627466678619386,0.02941467985510826,-0.8728716373443604,0.48706260323524477,0.9972519278526306,-0.007519958540797234,-0.07370264828205109,0.0679955929517746,0.4878920316696167,0.8702517747879028],"EasingStyle":"Linear","EasingDirection":"In"},"Right Arm":{"Weight":1,"CFrame":[-0.0156309362500906,0.8003778457641602,0.10302305221557617,-0.5859993100166321,0.006211122032254934,-0.8102877736091614,0.016536762937903405,-0.999670684337616,-0.019622137770056726,-0.8101427555084229,-0.02489817701280117,0.5857036113739014],"EasingStyle":"Linear","EasingDirection":"In"},"Head":{"Weight":1,"CFrame":[7.35744833946228e-8,-1.0244548320770264e-8,-2.384185791015625e-7,0.9056387543678284,0.4234570562839508,0.02241913601756096,-0.4230562746524811,0.9058701992034912,-0.02055986598134041,-0.02901504747569561,0.009135250933468342,0.9995372891426086],"EasingStyle":"Linear","EasingDirection":"In"},"Left Arm":{"Weight":1,"CFrame":[-0.09420742094516754,0.5285956859588623,0.28818392753601076,-0.5807523131370544,0.3135665953159332,0.7512674331665039,-0.6104884147644043,-0.7782456278800964,-0.14709888398647309,0.5385451316833496,-0.544067919254303,0.6433966159820557],"EasingStyle":"Linear","EasingDirection":"In"},"Torso":{"Weight":1,"CFrame":[0.018164092674851419,-0.026566412299871446,-0.06176018714904785,0.8919410109519959,-0.45210278034210207,-0.006663399748504162,0.45180758833885195,0.8917402029037476,-0.025875426828861238,0.017640370875597,0.020068781450390817,0.9996429681777954],"EasingStyle":"Linear","EasingDirection":"In"},"HumanoidRootPart":{"Weight":0,"CFrame":[0,0,0,1,0,0,0,1,0,0,0,1],"EasingStyle":"Linear","EasingDirection":"In"},"Right Leg":{"Weight":1,"CFrame":[0.28687506914138796,0.09322434663772583,0.008616089820861817,0.9989292621612549,0.023928694427013398,-0.03959624841809273,-0.022442754358053209,0.9990425109863281,0.037557199597358707,0.040457163006067279,-0.036628350615501407,0.9985097050666809],"EasingStyle":"Linear","EasingDirection":"In"}}},{"Time":0.23333333432674409,"poses":{"Left Leg":{"Weight":1,"CFrame":[-0.2555740773677826,-0.5679720640182495,0.15869200229644776,0.03519578278064728,-0.8726475238800049,0.48708075284957888,0.9964245557785034,-0.006816029082983732,-0.08421175926923752,0.07680708169937134,0.48830318450927737,0.8692874908447266],"EasingStyle":"Linear","EasingDirection":"In"},"Right Arm":{"Weight":1,"CFrame":[-0.024717243388295175,0.7956269979476929,0.12156462669372559,-0.5773585438728333,0.017724601551890374,-0.8162984251976013,0.03234398365020752,-0.9984831809997559,-0.044556986540555957,-0.8158499002456665,-0.052127763628959659,0.5759094953536987],"EasingStyle":"Linear","EasingDirection":"In"},"Head":{"Weight":1,"CFrame":[9.266659617424011e-8,-3.026798367500305e-9,0,0.9052138328552246,0.42353326082229617,0.03474900498986244,-0.42255452275276186,0.9057648181915283,-0.03221333399415016,-0.04511784762144089,0.01447660569101572,0.9988768100738525],"EasingStyle":"Linear","EasingDirection":"In"},"Left Arm":{"Weight":1,"CFrame":[-0.09419242292642594,0.5227711200714111,0.2880288362503052,-0.5838345885276794,0.3061530888080597,0.7519359588623047,-0.600614607334137,-0.7860389947891235,-0.14630410075187684,0.546259343624115,-0.5370410680770874,0.6427966952323914],"EasingStyle":"Linear","EasingDirection":"In"},"Torso":{"Weight":1,"CFrame":[0.011716891080141068,-0.013988971710205078,-0.07617425918579102,0.8916115760803223,-0.45250073075294497,-0.01648951880633831,0.45217791199684145,0.8917038440704346,-0.01998617686331272,0.0237475223839283,0.010363711044192315,0.9996643662452698],"EasingStyle":"Linear","EasingDirection":"In"},"HumanoidRootPart":{"Weight":0,"CFrame":[0,0,0,1,0,0,0,1,0,0,0,1],"EasingStyle":"Linear","EasingDirection":"In"},"Right Leg":{"Weight":1,"CFrame":[0.32911446690559389,0.11109387874603272,0.009059429168701172,0.9976036548614502,0.05601063743233681,-0.040616776794195178,-0.054052598774433139,0.9973932504653931,0.047803256660699847,0.043188486248254779,-0.045493271201848987,0.9980306625366211],"EasingStyle":"Linear","EasingDirection":"In"}}},{"Time":0.2666666805744171,"poses":{"Left Leg":{"Weight":1,"CFrame":[-0.2568661868572235,-0.5625298023223877,0.15247201919555665,0.053565140813589099,-0.8725098371505737,0.4856514036655426,0.995538592338562,0.008829307742416859,-0.09394089877605438,0.07767631858587265,0.48851674795150759,0.8690902590751648],"EasingStyle":"Linear","EasingDirection":"In"},"Right Arm":{"Weight":1,"CFrame":[-0.03380350396037102,0.7827324867248535,0.14010632038116456,-0.5674163103103638,0.02587665058672428,-0.8230243921279907,0.05217605456709862,-0.9963677525520325,-0.06729844957590103,-0.8217764496803284,-0.08112844824790955,0.5640051364898682],"EasingStyle":"Linear","EasingDirection":"In"},"Head":{"Weight":1,"CFrame":[6.984919309616089e-8,1.862645149230957e-9,-1.1920928955078126e-7,0.9047988653182983,0.4235362708568573,0.0442289263010025,-0.4219403564929962,0.905688464641571,-0.04116739332675934,-0.05749351531267166,0.018586238846182824,0.9981729388237],"EasingStyle":"Linear","EasingDirection":"In"},"Left Arm":{"Weight":1,"CFrame":[-0.094186931848526,0.5069608688354492,0.28775453567504885,-0.5838394165039063,0.30492082238197329,0.7524325847625732,-0.5923134684562683,-0.7938180565834045,-0.13790495693683625,0.5552443861961365,-0.5261902809143066,0.6440710425376892],"EasingStyle":"Linear","EasingDirection":"In"},"Torso":{"Weight":1,"CFrame":[0.004556015133857727,-0.004966404289007187,-0.11818289756774903,0.8912449479103088,-0.4527318775653839,-0.026764798909425737,0.45244571566581728,0.8916435241699219,-0.016271445900201799,0.031231261789798738,0.0023922277614474298,0.999509334564209],"EasingStyle":"Linear","EasingDirection":"In"},"HumanoidRootPart":{"Weight":0,"CFrame":[0,0,0,1,0,0,0,1,0,0,0,1],"EasingStyle":"Linear","EasingDirection":"In"},"Right Leg":{"Weight":1,"CFrame":[0.41998058557510378,0.15171903371810914,0.00974571704864502,0.9924383759498596,0.1155189797282219,-0.04148970544338226,-0.11296124756336212,0.9918188452720642,0.05945751070976257,0.04801883175969124,-0.054321225732564929,0.9973682165145874],"EasingStyle":"Linear","EasingDirection":"In"}}},{"Time":0.30000001192092898,"poses":{"Left Leg":{"Weight":1,"CFrame":[-0.2566393315792084,-0.533967137336731,0.1490415334701538,0.10085344314575196,-0.8703871965408325,0.48192816972732546,0.993195652961731,0.05972806364297867,-0.09997475892305374,0.05823206529021263,0.4887318015098572,0.8704886436462402],"EasingStyle":"Constant","EasingDirection":"In"},"Right Arm":{"Weight":1,"CFrame":[-0.037933599203825,0.7576228380203247,0.14853417873382569,-0.5593623518943787,0.021228550001978875,-0.8286514282226563,0.0704205185174942,-0.9948410987854004,-0.07302173227071762,-0.8259266018867493,-0.09919977933168411,0.5549817085266113],"EasingStyle":"Constant","EasingDirection":"In"},"Head":{"Weight":1,"CFrame":[9.499490261077881e-8,9.313225746154786e-10,-1.7881393432617188e-7,0.9046953320503235,0.4233439266681671,0.04802503436803818,-0.4214591085910797,0.9057431221008301,-0.04474196210503578,-0.06243957206606865,0.02023725025355816,0.9978435635566711],"EasingStyle":"Constant","EasingDirection":"In"},"Left Arm":{"Weight":1,"CFrame":[-0.09418612718582154,0.4761720895767212,0.2867870330810547,-0.5817687511444092,0.3141789436340332,0.7502244710922241,-0.5833859443664551,-0.8039073348045349,-0.1157318651676178,0.5667503476142883,-0.504999577999115,0.6509757041931152],"EasingStyle":"Constant","EasingDirection":"In"},"Torso":{"Weight":1,"CFrame":[-0.0029496997594833376,-0.002497933804988861,-0.1883995532989502,0.8908717632293701,-0.45277249813079836,-0.03666830435395241,0.4524872899055481,0.8916234970092773,-0.01621125265955925,0.040034327656030658,-0.0021497942507267,0.9991959929466248],"EasingStyle":"Constant","EasingDirection":"In"},"HumanoidRootPart":{"Weight":0,"CFrame":[0,0,0,1,0,0,0,1,0,0,0,1],"EasingStyle":"Linear","EasingDirection":"In"},"Right Leg":{"Weight":1,"CFrame":[0.5298389792442322,0.2134532332420349,0.00874626636505127,0.9820430874824524,0.18388836085796357,-0.042148739099502566,-0.1805906891822815,0.9809232354164124,0.07194893062114716,0.054575297981500629,-0.06304527819156647,0.9965174198150635],"EasingStyle":"Constant","EasingDirection":"In"}}},{"Time":0.3333333432674408,"poses":{"Left Leg":{"Weight":1,"CFrame":[-0.7970519065856934,0.5784817934036255,-0.34628528356552126,0.9635198712348938,-0.19155585765838624,-0.18691107630729676,0.24908052384853364,0.8973208665847778,0.3643818199634552,0.09791971743106842,-0.3976450562477112,0.9122994542121887],"EasingStyle":"Linear","EasingDirection":"In"},"Right Arm":{"Weight":1,"CFrame":[0.3023602366447449,-0.9507331848144531,-0.07855546474456787,-0.7570298910140991,-0.5153619647026062,0.40163174271583559,0.6516186594963074,-0.5503968596458435,0.5219736099243164,-0.04794835299253464,0.6568601727485657,0.7524861693382263],"EasingStyle":"Linear","EasingDirection":"In"},"Head":{"Weight":1,"CFrame":[9.12696123123169e-8,5.21540641784668e-8,1.1920928955078126e-7,0.9276103377342224,-0.3728504776954651,-0.022840574383735658,0.3732104003429413,0.927638828754425,0.01415279135107994,0.01591094210743904,-0.021652594208717347,0.9996389746665955],"EasingStyle":"Linear","EasingDirection":"In"},"Left Arm":{"Weight":1,"CFrame":[-0.3839912712574005,-0.8436199426651001,0.052011728286743167,-0.7553899884223938,0.3878597617149353,-0.5281579494476318,-0.6542925834655762,-0.4905780255794525,0.5755298733711243,-0.035877712070941928,0.7803192734718323,0.6243513226509094],"EasingStyle":"Linear","EasingDirection":"In"},"Torso":{"Weight":1,"CFrame":[-0.06860269606113434,-0.12021860480308533,-0.5471930503845215,0.9046829342842102,0.4184238612651825,-0.0804382786154747,-0.42599278688430788,0.8921592235565186,-0.15027324855327607,0.008885854855179787,0.17021575570106507,0.9853667616844177],"EasingStyle":"Linear","EasingDirection":"In"},"HumanoidRootPart":{"Weight":0,"CFrame":[0,0,0,1,0,0,0,1,0,0,0,1],"EasingStyle":"Linear","EasingDirection":"In"},"Right Leg":{"Weight":1,"CFrame":[0.8431238532066345,0.5094940662384033,-0.2760542035102844,0.9355711936950684,0.32617172598838808,0.1353462189435959,-0.3531228005886078,0.8676588535308838,0.3499605059623718,-0.003287165192887187,-0.3752068877220154,0.9269353151321411],"EasingStyle":"Linear","EasingDirection":"In"}}},{"Time":0.36666667461395266,"poses":{"Left Leg":{"Weight":1,"CFrame":[-0.7616674900054932,0.484468936920166,-0.24282711744308473,0.9680773615837097,-0.20304064452648164,-0.1469717174768448,0.23928984999656678,0.9231826663017273,0.3007892370223999,0.07460924237966538,-0.32635602355003359,0.9422978758811951],"EasingStyle":"Linear","EasingDirection":"In"},"Right Arm":{"Weight":1,"CFrame":[0.31392693519592287,-0.9412040114402771,-0.2557939291000366,-0.7585552930831909,-0.5204905867576599,0.392024964094162,0.6505997776985169,-0.5715104341506958,0.5000958442687988,-0.036248814314603809,0.6344015598297119,0.7721531987190247],"EasingStyle":"Linear","EasingDirection":"In"},"Head":{"Weight":1,"CFrame":[6.426125764846802e-8,7.450580596923828e-9,1.1920928955078126e-7,0.9232940077781677,-0.38342204689979555,-0.022711696103215219,0.38367512822151186,0.9234341979026794,0.007922117598354817,0.0179352518171072,-0.016028370708227159,0.999710738658905],"EasingStyle":"Linear","EasingDirection":"In"},"Left Arm":{"Weight":1,"CFrame":[-0.45129096508026125,-0.8406082391738892,-0.09181922674179077,-0.765720784664154,0.38586655259132388,-0.5145664811134338,-0.6414423584938049,-0.5168069005012512,0.5669767260551453,-0.04715418815612793,0.7642104625701904,0.6432409286499023],"EasingStyle":"Linear","EasingDirection":"In"},"Torso":{"Weight":1,"CFrame":[-0.05657477676868439,-0.09450477361679077,-0.4479351043701172,0.9044124484062195,0.4216165542602539,-0.06540339440107346,-0.4265676438808441,0.8967079520225525,-0.11813096702098847,0.008841760456562043,0.13473808765411378,0.990841805934906],"EasingStyle":"Linear","EasingDirection":"In"},"HumanoidRootPart":{"Weight":0,"CFrame":[0,0,0,1,0,0,0,1,0,0,0,1],"EasingStyle":"Linear","EasingDirection":"In"},"Right Leg":{"Weight":1,"CFrame":[0.8054330945014954,0.42696821689605715,-0.2079870104789734,0.9402781128883362,0.316427618265152,0.12550154328346253,-0.33965736627578738,0.8965752124786377,0.28422850370407107,-0.022583702579140664,-0.309881329536438,0.9505069851875305],"EasingStyle":"Linear","EasingDirection":"In"}}},{"Time":0.4000000059604645,"poses":{"Left Leg":{"Weight":1,"CFrame":[-0.6584939360618591,0.32669955492019656,-0.12692302465438844,0.9753812551498413,-0.19625478982925416,-0.10057555884122849,0.21415235102176667,0.9517979621887207,0.21958912909030915,0.052632130682468417,-0.23572155833244325,0.9703943729400635],"EasingStyle":"Linear","EasingDirection":"In"},"Right Arm":{"Weight":1,"CFrame":[0.320942759513855,-0.9184814691543579,-0.3632991909980774,-0.763043224811554,-0.5320239067077637,0.3670365810394287,0.6462695598602295,-0.6191768646240234,0.4460446536540985,-0.010045950300991536,0.5775558352470398,0.8162893056869507],"EasingStyle":"Linear","EasingDirection":"In"},"Head":{"Weight":1,"CFrame":[8.195638656616211e-8,0,-1.1920928955078126e-7,0.9224252700805664,-0.3856026828289032,-0.021033072844147683,0.38565921783447268,0.9226402044296265,-0.0014614519895985723,0.01996949501335621,-0.0067635164596140389,0.9997777938842773],"EasingStyle":"Linear","EasingDirection":"In"},"Left Arm":{"Weight":1,"CFrame":[-0.4921121597290039,-0.8334273099899292,-0.1790609359741211,-0.7900168895721436,0.37909141182899477,-0.48183315992355349,-0.6088240146636963,-0.5775986313819885,0.5437952876091003,-0.07215800881385803,0.7229588627815247,0.6871124505996704],"EasingStyle":"Linear","EasingDirection":"In"},"Torso":{"Weight":1,"CFrame":[-0.03735220432281494,-0.05365949869155884,-0.2930722236633301,0.9046829342842102,0.424071729183197,-0.041375160217285159,-0.4259926974773407,0.902236819267273,-0.06707437336444855,0.008885842747986317,0.07830655574798584,0.9968898296356201],"EasingStyle":"Linear","EasingDirection":"In"},"HumanoidRootPart":{"Weight":0,"CFrame":[0,0,0,1,0,0,0,1,0,0,0,1],"EasingStyle":"Linear","EasingDirection":"In"},"Right Leg":{"Weight":1,"CFrame":[0.7168655395507813,0.28407490253448489,-0.14105236530303956,0.9488404989242554,0.2859986126422882,0.13381586968898774,-0.30813348293304446,0.9312300682067871,0.19458802044391633,-0.06896131485700607,-0.22586612403392793,0.971714437007904],"EasingStyle":"Linear","EasingDirection":"In"}}},{"Time":0.4333333373069763,"poses":{"Left Leg":{"Weight":1,"CFrame":[-0.5673890113830566,0.24670112133026124,-0.07420897483825684,0.981853187084198,-0.17796215415000916,-0.06552759557962418,0.18714609742164613,0.9651312232017517,0.18302449584007264,0.030671296641230584,-0.19196642935276032,0.9809221029281616],"EasingStyle":"Linear","EasingDirection":"In"},"Right Arm":{"Weight":1,"CFrame":[0.32454559206962588,-0.8913610577583313,-0.418504536151886,-0.7700679898262024,-0.5442830324172974,0.3327934741973877,0.6377349495887756,-0.6706699132919312,0.3788086473941803,0.017015483230352403,0.5039424300193787,0.8635696768760681],"EasingStyle":"Linear","EasingDirection":"In"},"Head":{"Weight":1,"CFrame":[8.754432201385498e-8,-1.4901161193847657e-8,-4.172325134277344e-7,0.9215654134750366,-0.38769498467445376,-0.02024226263165474,0.38764816522598269,0.9217855930328369,-0.0063475994393229488,0.02111995778977871,-0.001997139770537615,0.9997750520706177],"EasingStyle":"Linear","EasingDirection":"In"},"Left Arm":{"Weight":1,"CFrame":[-0.5130743384361267,-0.824856698513031,-0.22386068105697633,-0.8181779384613037,0.3673221468925476,-0.44233420491218569,-0.5665311217308044,-0.6463210582733154,0.511186420917511,-0.09811979532241821,0.6688374876976013,0.7369049787521362],"EasingStyle":"Linear","EasingDirection":"In"},"Torso":{"Weight":1,"CFrame":[-0.02737453579902649,-0.03244870901107788,-0.21396303176879884,0.9047795534133911,0.42489853501319888,-0.028903072699904443,-0.42578768730163576,0.9039135575294495,-0.040560878813266757,0.00889162253588438,0.04900521785020828,0.9987589716911316],"EasingStyle":"Linear","EasingDirection":"In"},"HumanoidRootPart":{"Weight":0,"CFrame":[0,0,0,1,0,0,0,1,0,0,0,1],"EasingStyle":"Linear","EasingDirection":"In"},"Right Leg":{"Weight":1,"CFrame":[0.6415713429450989,0.2114013433456421,-0.10786318778991699,0.9570168852806091,0.25915300846099856,0.1302245855331421,-0.2776259779930115,0.9484632611274719,0.15277864038944245,-0.08392015099525452,-0.18236546218395234,0.979642927646637],"EasingStyle":"Linear","EasingDirection":"In"}}},{"Time":0.46666666865348818,"poses":{"Left Leg":{"Weight":1,"CFrame":[-0.5234465599060059,0.21790897846221925,-0.05485659837722778,0.9847421646118164,-0.16746070981025697,-0.04732761159539223,0.17314650118350984,0.9700838923454285,0.17016977071762086,0.017415035516023637,-0.1757679283618927,0.9842776656150818],"EasingStyle":"Linear","EasingDirection":"In"},"Right Arm":{"Weight":1,"CFrame":[0.32587289810180666,-0.8686376810073853,-0.438843309879303,-0.7781074643135071,-0.5537662506103516,0.2964654266834259,0.6273310780525208,-0.7089270949363709,0.32230138778686526,0.03169280290603638,0.43676701188087466,0.899016261100769],"EasingStyle":"Linear","EasingDirection":"In"},"Head":{"Weight":1,"CFrame":[9.592622518539429e-8,-1.862645149230957e-9,-1.1920928955078126e-7,0.9205366373062134,-0.39013901352882388,-0.020096834748983384,0.39005303382873537,0.9207558631896973,-0.008196831680834294,0.02170218713581562,-0.0002933474606834352,0.9997645020484924],"EasingStyle":"Linear","EasingDirection":"In"},"Left Arm":{"Weight":1,"CFrame":[-0.5207973122596741,-0.8176754713058472,-0.2403658628463745,-0.8410396575927734,0.3546644449234009,-0.40849176049232485,-0.5284557938575745,-0.7001298666000366,0.480159193277359,-0.11570195108652115,0.6197025775909424,0.7762614488601685],"EasingStyle":"Linear","EasingDirection":"In"},"Torso":{"Weight":1,"CFrame":[-0.02369796112179756,-0.024626709520816804,-0.18499112129211427,0.904731273651123,0.4252889156341553,-0.024307355284690858,-0.4258902966976166,0.9042510390281677,-0.030783381313085557,0.008888119831681252,0.03820294514298439,0.9992305636405945],"EasingStyle":"Linear","EasingDirection":"In"},"HumanoidRootPart":{"Weight":0,"CFrame":[0,0,0,1,0,0,0,1,0,0,0,1],"EasingStyle":"Linear","EasingDirection":"In"},"Right Leg":{"Weight":1,"CFrame":[0.605111837387085,0.18537825345993043,-0.0932738184928894,0.9612870812416077,0.24631749093532563,0.12351074814796448,-0.2624378800392151,0.9550416469573975,0.13792003691196443,-0.08398569375276566,-0.16499459743499757,0.9827121496200562],"EasingStyle":"Linear","EasingDirection":"In"}}},{"Time":0.5,"poses":{"Left Leg":{"Weight":1,"CFrame":[-0.5159008502960205,0.21384942531585694,-0.05131155252456665,0.9852217435836792,-0.16581176221370698,-0.04294848069548607,0.1707260012626648,0.9708593487739563,0.1681806743144989,0.013810629956424237,-0.17302773892879487,0.9848201870918274],"EasingStyle":"Linear","EasingDirection":"In"},"Right Arm":{"Weight":1,"CFrame":[0.32606253027915957,-0.8591088056564331,-0.44174903631210329,-0.7846043109893799,-0.5601866841316223,0.2656824588775635,0.6196044087409973,-0.723710834980011,0.303863525390625,0.022056996822357179,0.4030306041240692,0.9149206280708313],"EasingStyle":"Linear","EasingDirection":"In"},"Head":{"Weight":1,"CFrame":[8.754432201385498e-8,-3.725290298461914e-9,-1.7881393432617188e-7,0.920037031173706,-0.39131325483322146,-0.020148932933807374,0.3912213146686554,0.9202576279640198,-0.00848519429564476,0.021862581372261049,-0.00007599819946335629,0.9997609853744507],"EasingStyle":"Linear","EasingDirection":"In"},"Left Arm":{"Weight":1,"CFrame":[-0.5219005942344666,-0.814664363861084,-0.24272370338439942,-0.8510744571685791,0.3493858277797699,-0.3919210135936737,-0.5112194418907166,-0.7215963006019592,0.4668550491333008,-0.11969618499279022,0.5976858735084534,0.7927449345588684],"EasingStyle":"Linear","EasingDirection":"In"},"Torso":{"Weight":1,"CFrame":[-0.023173514753580095,-0.023508116602897645,-0.18086004257202149,0.9046829342842102,0.4254285991191864,-0.023651791736483575,-0.42599284648895266,0.9042493104934692,-0.029385138303041459,0.008885840885341168,0.03665972873568535,0.9992883205413818],"EasingStyle":"Linear","EasingDirection":"In"},"HumanoidRootPart":{"Weight":0,"CFrame":[0,0,0,1,0,0,0,1,0,0,0,1],"EasingStyle":"Linear","EasingDirection":"In"},"Right Leg":{"Weight":1,"CFrame":[0.5983999967575073,0.18181931972503663,-0.08963453769683838,0.9622405767440796,0.2443702667951584,0.1199011281132698,-0.2597184181213379,0.9561058878898621,0.13567578792572022,-0.08148299902677536,-0.1616932898759842,0.9834713339805603],"EasingStyle":"Linear","EasingDirection":"In"}}},{"Time":0.5333333611488342,"poses":{"Left Leg":{"Weight":1,"CFrame":[-0.5317183136940002,0.2199499011039734,-0.061981201171875,0.9832082390785217,-0.17322170734405518,-0.05740969255566597,0.18081429600715638,0.9672318696975708,0.1782376915216446,0.024653861299157144,-0.18562522530555726,0.9823113679885864],"EasingStyle":"Linear","EasingDirection":"In"},"Right Arm":{"Weight":1,"CFrame":[0.3252882659435272,-0.8668254613876343,-0.4393852949142456,-0.7916423678398132,-0.5720497965812683,0.2146194726228714,0.6102039813995361,-0.7224960327148438,0.3250393271446228,-0.030876878648996354,0.38827645778656008,0.9210255146026611],"EasingStyle":"Linear","EasingDirection":"In"},"Head":{"Weight":1,"CFrame":[9.12696123123169e-8,-1.1175870895385743e-8,1.1920928955078126e-7,0.920037031173706,-0.39131325483322146,-0.020148932933807374,0.3912213146686554,0.9202576279640198,-0.00848519429564476,0.021862581372261049,-0.00007599819946335629,0.9997609853744507],"EasingStyle":"Linear","EasingDirection":"In"},"Left Arm":{"Weight":1,"CFrame":[-0.5219970941543579,-0.841262698173523,-0.24238210916519166,-0.8509821891784668,0.3577083349227905,-0.38454416394233706,-0.5139267444610596,-0.7180209159851074,0.4693881571292877,-0.10820665955543518,0.5970684289932251,0.7948588132858276],"EasingStyle":"Linear","EasingDirection":"In"},"Torso":{"Weight":1,"CFrame":[-0.023173514753580095,-0.023508116602897645,-0.18839001655578614,0.9046829342842102,0.4254285991191864,-0.023651791736483575,-0.42599284648895266,0.9042493104934692,-0.029385138303041459,0.008885840885341168,0.03665972873568535,0.9992883205413818],"EasingStyle":"Linear","EasingDirection":"In"},"HumanoidRootPart":{"Weight":0,"CFrame":[0,0,0,1,0,0,0,1,0,0,0,1],"EasingStyle":"Linear","EasingDirection":"In"},"Right Leg":{"Weight":1,"CFrame":[0.6088735461235046,0.18740856647491456,-0.09482616186141968,0.9599513411521912,0.25144022703170779,0.1235765814781189,-0.2680206298828125,0.9526397585868836,0.14367468655109406,-0.08159833401441574,-0.1710418462753296,0.9818789958953857],"EasingStyle":"Linear","EasingDirection":"In"}}},{"Time":0.5666666626930237,"poses":{"Left Leg":{"Weight":1,"CFrame":[-0.6058686375617981,0.25853586196899416,-0.08379966020584107,0.9737700819969177,-0.2163812518119812,-0.07036427408456803,0.22613154351711274,0.9546165466308594,0.19383478164672852,0.025228675454854966,-0.2046620398759842,0.9785075783729553],"EasingStyle":"Constant","EasingDirection":"In"},"Right Arm":{"Weight":1,"CFrame":[0.32451409101486208,-0.8745424747467041,-0.42283904552459719,-0.7952373623847961,-0.5790685415267944,0.17965905368328095,0.6016363501548767,-0.7170058488845825,0.3520459830760956,-0.0750420019030571,0.38804933428764346,0.9185784459114075],"EasingStyle":"Constant","EasingDirection":"In"},"Head":{"Weight":1,"CFrame":[8.940696716308594e-8,-1.1175870895385743e-8,1.1920928955078126e-7,0.920037031173706,-0.39131325483322146,-0.020148932933807374,0.3912213146686554,0.9202576279640198,-0.00848519429564476,0.021862581372261049,-0.00007599819946335629,0.9997609853744507],"EasingStyle":"Constant","EasingDirection":"In"},"Left Arm":{"Weight":1,"CFrame":[-0.5226724147796631,-0.8678616285324097,-0.23999029397964478,-0.8621474504470825,0.38129574060440066,-0.3336397409439087,-0.5043964982032776,-0.7080729603767395,0.4941830039024353,-0.04781140014529228,0.5943452715873718,0.8027874827384949],"EasingStyle":"Constant","EasingDirection":"In"},"Torso":{"Weight":1,"CFrame":[-0.023173514753580095,-0.023508116602897645,-0.24109864234924317,0.9046829342842102,0.4254285991191864,-0.023651791736483575,-0.42599284648895266,0.9042493104934692,-0.029385138303041459,0.008885840885341168,0.03665972873568535,0.9992883205413818],"EasingStyle":"Constant","EasingDirection":"In"},"HumanoidRootPart":{"Weight":0,"CFrame":[0,0,0,1,0,0,0,1,0,0,0,1],"EasingStyle":"Linear","EasingDirection":"In"},"Right Leg":{"Weight":1,"CFrame":[0.6841075420379639,0.21928048133850099,-0.12798678874969483,0.9449381232261658,0.29101070761680605,0.1496819257736206,-0.3133189380168915,0.9365599751472473,0.15712013840675355,-0.09446236491203308,-0.1953670084476471,0.9761703610420227],"EasingStyle":"Constant","EasingDirection":"In"}}},{"Time":0.6000000238418579,"poses":{"Left Leg":{"Weight":1,"CFrame":[-1.0279680490493775,-0.07962620258331299,-0.2571271061897278,0.6168814301490784,-0.747810423374176,-0.24543213844299317,0.6934894919395447,0.6639079451560974,-0.27981868386268618,0.37219563126564028,0.0024102949537336828,0.9281512498855591],"EasingStyle":"Linear","EasingDirection":"In"},"Right Arm":{"Weight":1,"CFrame":[0.34863558411598208,-0.6296567916870117,0.2892833948135376,-0.34381961822509768,-0.46794289350509646,0.8141360878944397,0.8488053679466248,0.2159591019153595,0.48258817195892336,-0.4016435444355011,0.8569663166999817,0.32294130325317385],"EasingStyle":"Linear","EasingDirection":"In"},"Head":{"Weight":1,"CFrame":[1.0617077350616455e-7,-1.4901161193847657e-8,-5.960464477539063e-8,0.9608927369117737,0.27253860235214236,0.049070410430431369,-0.2613169550895691,0.9510414004325867,-0.1650267392396927,-0.09164414554834366,0.14575007557868958,0.9850677251815796],"EasingStyle":"Linear","EasingDirection":"In"},"Left Arm":{"Weight":1,"CFrame":[-0.8619913458824158,0.0859341025352478,-0.042252302169799808,-0.9359887838363648,0.30978068709373476,-0.16721485555171967,-0.31554335355758669,-0.527700662612915,0.7886473536491394,0.15606841444969178,0.7909286022186279,0.5916709899902344],"EasingStyle":"Linear","EasingDirection":"In"},"Torso":{"Weight":1,"CFrame":[0.07564947754144669,0.04014178365468979,-0.6122641563415527,0.9292980432510376,-0.36818981170654299,0.029007920995354654,0.36652666330337527,0.929053544998169,0.05017717555165291,-0.04542463272809982,-0.03599737212061882,0.9983190894126892],"EasingStyle":"Linear","EasingDirection":"In"},"HumanoidRootPart":{"Weight":0,"CFrame":[0,0,0,1,0,0,0,1,0,0,0,1],"EasingStyle":"Linear","EasingDirection":"In"},"Right Leg":{"Weight":1,"CFrame":[0.6028175354003906,0.2161509394645691,0.262676477432251,0.9702907800674439,0.16513267159461976,-0.17682503163814546,-0.2227952778339386,0.8947962522506714,-0.3869132399559021,0.09433040767908097,0.4148141145706177,0.9050033688545227],"EasingStyle":"Linear","EasingDirection":"In"}}},{"Time":0.6333333253860474,"poses":{"Left Leg":{"Weight":1,"CFrame":[-0.8768969178199768,-0.07131898403167725,-0.22371208667755128,0.746525228023529,-0.614303708076477,-0.25559958815574648,0.5652140974998474,0.7881870269775391,-0.2435043454170227,0.3510458767414093,0.03731360659003258,0.9356145262718201],"EasingStyle":"Linear","EasingDirection":"In"},"Right Arm":{"Weight":1,"CFrame":[0.34620383381843569,-0.6539536714553833,0.2933006286621094,-0.4707714021205902,-0.4826432466506958,0.738532304763794,0.8263141512870789,0.05212577432394028,0.5607922077178955,-0.3091590702533722