{"Sequence":[{"Time":0,"poses":{"Left Leg":{"Weight":1,"CFrame":[-0.31341925263404848,0.018216729164123536,0.009731173515319825,0.9680795073509216,-0.24867233633995057,0.03137227147817612,0.24792148172855378,0.9684320688247681,0.02596520259976387,-0.036838777363300326,-0.017358573153614999,0.9991704821586609],"EasingStyle":"Constant","EasingDirection":"In"},"Right Arm":{"Weight":1,"CFrame":[-0.7722358703613281,-0.6696959137916565,-0.03543448448181152,0.2740310728549957,-0.8544672727584839,0.4413532316684723,0.9450572729110718,0.32431143522262576,0.041097093373537067,-0.17825202643871308,0.4058420956134796,0.8963918089866638],"EasingStyle":"Constant","EasingDirection":"In"},"Head":{"Weight":1,"CFrame":[8.742275525719379e-8,-1.862645149230957e-9,0,1,-6.211033110048447e-8,8.741054102756607e-8,6.356412995955907e-8,0.9998600482940674,-0.016731254756450654,-8.635912251975242e-8,0.016731254756450654,0.9998600482940674],"EasingStyle":"Constant","EasingDirection":"In"},"Left Arm":{"Weight":1,"CFrame":[0.7722358703613281,-0.6696960926055908,-0.03543448448181152,0.2740311920642853,0.8544673919677734,-0.44135308265686037,-0.9450572729110718,0.3243113160133362,0.04109695553779602,0.17825181782245637,0.4058420658111572,0.8963919878005981],"EasingStyle":"Constant","EasingDirection":"In"},"Torso":{"Weight":1,"CFrame":[-1.5868626253772384e-17,-0.003704487346112728,-0.06044435501098633,1,3.9605720506708089e-19,-8.742277657347586e-8,-4.048207047357977e-10,0.9999892711639404,-0.0046306089498102669,8.742183865706466e-8,0.0046306089498102669,0.9999892711639404],"EasingStyle":"Constant","EasingDirection":"In"},"HumanoidRootPart":{"Weight":0,"CFrame":[0,0,0,1,0,0,0,1,0,0,0,1],"EasingStyle":"Linear","EasingDirection":"In"},"Right Leg":{"Weight":1,"CFrame":[0.8984454274177551,0.7454359531402588,0.041512489318847659,0.9975876808166504,0.0032181423157453539,-0.06934380531311035,-0.0033307643607258798,0.9999933838844299,-0.0015077906427904964,0.06933856010437012,0.0017351260175928474,0.9975917339324951],"EasingStyle":"Constant","EasingDirection":"In"}}},{"Time":0.03333333507180214,"poses":{"Left Leg":{"Weight":1,"CFrame":[-0.31341925263404848,0.018216729164123536,0.009731173515319825,0.9680795073509216,-0.24867233633995057,0.03137227147817612,0.24792148172855378,0.9684320688247681,0.02596520259976387,-0.036838777363300326,-0.017358573153614999,0.9991704821586609],"EasingStyle":"Constant","EasingDirection":"In"},"Right Arm":{"Weight":1,"CFrame":[-0.7722358703613281,-0.6696959137916565,-0.03543448448181152,0.2740310728549957,-0.8544672727584839,0.4413532316684723,0.9450572729110718,0.32431143522262576,0.041097093373537067,-0.17825202643871308,0.4058420956134796,0.8963918089866638],"EasingStyle":"Constant","EasingDirection":"In"},"Head":{"Weight":1,"CFrame":[8.742275525719379e-8,-1.862645149230957e-9,0,1,-6.211033110048447e-8,8.741054102756607e-8,6.356412995955907e-8,0.9998600482940674,-0.016731254756450654,-8.635912251975242e-8,0.016731254756450654,0.9998600482940674],"EasingStyle":"Constant","EasingDirection":"In"},"Left Arm":{"Weight":1,"CFrame":[0.7722358703613281,-0.6696960926055908,-0.03543448448181152,0.2740311920642853,0.8544673919677734,-0.44135308265686037,-0.9450572729110718,0.3243113160133362,0.04109695553779602,0.17825181782245637,0.4058420658111572,0.8963919878005981],"EasingStyle":"Constant","EasingDirection":"In"},"Torso":{"Weight":1,"CFrame":[-1.5868626253772384e-17,-0.003704487346112728,-0.06044435501098633,1,3.9605720506708089e-19,-8.742277657347586e-8,-4.048207047357977e-10,0.9999892711639404,-0.0046306089498102669,8.742183865706466e-8,0.0046306089498102669,0.9999892711639404],"EasingStyle":"Constant","EasingDirection":"In"},"HumanoidRootPart":{"Weight":0,"CFrame":[0,0,0,1,0,0,0,1,0,0,0,1],"EasingStyle":"Linear","EasingDirection":"In"},"Right Leg":{"Weight":1,"CFrame":[0.8984454274177551,0.7454359531402588,0.041512489318847659,0.9975876808166504,0.0032181423157453539,-0.06934380531311035,-0.0033307643607258798,0.9999933838844299,-0.0015077906427904964,0.06933856010437012,0.0017351260175928474,0.9975917339324951],"EasingStyle":"Constant","EasingDirection":"In"}}},{"Time":0.06666667014360428,"poses":{"Left Leg":{"Weight":1,"CFrame":[-0.09212152659893036,-0.0011273622512817383,0.0030481815338134767,0.9917675852775574,-0.12422149628400803,0.03108193725347519,0.12345980107784271,0.9920260906219482,0.02533595822751522,-0.03398140147328377,-0.021290035918354989,0.9991957545280457],"EasingStyle":"Constant","EasingDirection":"In"},"Right Arm":{"Weight":1,"CFrame":[-0.7651053071022034,-0.6130059361457825,-0.03543448448181152,0.14771459996700288,-0.8896211981773377,0.4321509599685669,0.9728342890739441,0.2094421237707138,0.09862814098596573,-0.17825230956077577,0.4058424234390259,0.8963916897773743],"EasingStyle":"Constant","EasingDirection":"In"},"Head":{"Weight":1,"CFrame":[8.74227694680485e-8,-1.862645149230957e-9,1.1920928955078126e-7,1,-6.164361820992781e-8,8.740148160768513e-8,6.355754322839857e-8,0.9997564554214478,-0.022069886326789857,-8.601971757116189e-8,0.022069886326789857,0.9997564554214478],"EasingStyle":"Constant","EasingDirection":"In"},"Left Arm":{"Weight":1,"CFrame":[0.7651053071022034,-0.6130061149597168,-0.03543448448181152,0.14771468937397004,0.8896212577819824,-0.4321509897708893,-0.9728342890739441,0.20944195985794068,0.098627969622612,0.17825208604335786,0.4058423936367035,0.896391749382019],"EasingStyle":"Constant","EasingDirection":"In"},"Torso":{"Weight":1,"CFrame":[-1.4909639373692706e-17,0.0006144209764897823,-0.00020837783813476563,1,3.983723802040402e-19,-8.742277657347586e-8,6.714299255472511e-11,0.9999997019767761,0.0007680263370275497,8.742274815176643e-8,-0.0007680263370275497,0.9999997019767761],"EasingStyle":"Constant","EasingDirection":"In"},"HumanoidRootPart":{"Weight":0,"CFrame":[0,0,0,1,0,0,0,1,0,0,0,1],"EasingStyle":"Linear","EasingDirection":"In"},"Right Leg":{"Weight":1,"CFrame":[0.8783730864524841,0.7568967938423157,0.04238402843475342,0.997230052947998,-0.02497938461601734,-0.07005897164344788,0.024759218096733094,0.9996854066848755,-0.004008613061159849,0.07013711333274842,0.002262865426018834,0.9975348711013794],"EasingStyle":"Constant","EasingDirection":"In"}}},{"Time":0.10000000149011612,"poses":{"Left Leg":{"Weight":1,"CFrame":[-0.09212152659893036,-0.0011273622512817383,0.0030481815338134767,0.9917675852775574,-0.12422149628400803,0.03108193725347519,0.12345980107784271,0.9920260906219482,0.02533595822751522,-0.03398140147328377,-0.021290035918354989,0.9991957545280457],"EasingStyle":"Constant","EasingDirection":"In"},"Right Arm":{"Weight":1,"CFrame":[-0.7651053071022034,-0.6130059361457825,-0.03543448448181152,0.14771459996700288,-0.8896211981773377,0.4321509599685669,0.9728342890739441,0.2094421237707138,0.09862814098596573,-0.17825230956077577,0.4058424234390259,0.8963916897773743],"EasingStyle":"Constant","EasingDirection":"In"},"Head":{"Weight":1,"CFrame":[8.74227694680485e-8,-1.862645149230957e-9,1.1920928955078126e-7,1,-6.164361820992781e-8,8.740148160768513e-8,6.355754322839857e-8,0.9997564554214478,-0.022069886326789857,-8.601971757116189e-8,0.022069886326789857,0.9997564554214478],"EasingStyle":"Constant","EasingDirection":"In"},"Left Arm":{"Weight":1,"CFrame":[0.7651053071022034,-0.6130061149597168,-0.03543448448181152,0.14771468937397004,0.8896212577819824,-0.4321509897708893,-0.9728342890739441,0.20944195985794068,0.098627969622612,0.17825208604335786,0.4058423936367035,0.896391749382019],"EasingStyle":"Constant","EasingDirection":"In"},"Torso":{"Weight":1,"CFrame":[-1.4909639373692706e-17,0.0006144209764897823,-0.00020837783813476563,1,3.983723802040402e-19,-8.742277657347586e-8,6.714299255472511e-11,0.9999997019767761,0.0007680263370275497,8.742274815176643e-8,-0.0007680263370275497,0.9999997019767761],"EasingStyle":"Constant","EasingDirection":"In"},"HumanoidRootPart":{"Weight":0,"CFrame":[0,0,0,1,0,0,0,1,0,0,0,1],"EasingStyle":"Linear","EasingDirection":"In"},"Right Leg":{"Weight":1,"CFrame":[0.8783730864524841,0.7568967938423157,0.04238402843475342,0.997230052947998,-0.02497938461601734,-0.07005897164344788,0.024759218096733094,0.9996854066848755,-0.004008613061159849,0.07013711333274842,0.002262865426018834,0.9975348711013794],"EasingStyle":"Constant","EasingDirection":"In"}}},{"Time":0.13333334028720857,"poses":{"Left Leg":{"Weight":1,"CFrame":[-0.09212152659893036,-0.0011273622512817383,0.0030481815338134767,0.9917675852775574,-0.12422149628400803,0.03108193725347519,0.12345980107784271,0.9920260906219482,0.02533595822751522,-0.03398140147328377,-0.021290035918354989,0.9991957545280457],"EasingStyle":"Constant","EasingDirection":"In"},"Right Arm":{"Weight":1,"CFrame":[-0.7651053071022034,-0.6130059361457825,-0.03543448448181152,0.14771459996700288,-0.8896211981773377,0.4321509599685669,0.9728342890739441,0.2094421237707138,0.09862814098596573,-0.17825230956077577,0.4058424234390259,0.8963916897773743],"EasingStyle":"Constant","EasingDirection":"In"},"Head":{"Weight":1,"CFrame":[8.74227694680485e-8,-1.862645149230957e-9,1.1920928955078126e-7,1,-6.164361820992781e-8,8.740148160768513e-8,6.355754322839857e-8,0.9997564554214478,-0.022069886326789857,-8.601971757116189e-8,0.022069886326789857,0.9997564554214478],"EasingStyle":"Constant","EasingDirection":"In"},"Left Arm":{"Weight":1,"CFrame":[0.7651053071022034,-0.6130061149597168,-0.03543448448181152,0.14771468937397004,0.8896212577819824,-0.4321509897708893,-0.9728342890739441,0.20944195985794068,0.098627969622612,0.17825208604335786,0.4058423936367035,0.896391749382019],"EasingStyle":"Constant","EasingDirection":"In"},"Torso":{"Weight":1,"CFrame":[-1.4909639373692706e-17,0.0006144209764897823,-0.00020837783813476563,1,3.983723802040402e-19,-8.742277657347586e-8,6.714299255472511e-11,0.9999997019767761,0.0007680263370275497,8.742274815176643e-8,-0.0007680263370275497,0.9999997019767761],"EasingStyle":"Constant","EasingDirection":"In"},"HumanoidRootPart":{"Weight":0,"CFrame":[0,0,0,1,0,0,0,1,0,0,0,1],"EasingStyle":"Linear","EasingDirection":"In"},"Right Leg":{"Weight":1,"CFrame":[0.8783730864524841,0.7568967938423157,0.04238402843475342,0.997230052947998,-0.02497938461601734,-0.07005897164344788,0.024759218096733094,0.9996854066848755,-0.004008613061159849,0.07013711333274842,0.002262865426018834,0.9975348711013794],"EasingStyle":"Constant","EasingDirection":"In"}}},{"Time":0.1666666716337204,"poses":{"Left Leg":{"Weight":1,"CFrame":[0.03161505237221718,0.030055522918701173,-0.0012094974517822266,0.9943031072616577,-0.07764483243227005,0.07302523404359818,0.07571078836917877,0.9967111349105835,0.02889375016093254,-0.07502853870391846,-0.02320033311843872,0.9969115257263184],"EasingStyle":"Constant","EasingDirection":"In"},"Right Arm":{"Weight":1,"CFrame":[-0.7640507221221924,-0.5492326021194458,-0.03543448448181152,0.11014309525489807,-0.897026538848877,0.4280327260494232,0.9778009653091431,0.17502915859222413,0.11519607156515122,-0.17825213074684144,0.40584269165992739,0.8963916897773743],"EasingStyle":"Constant","EasingDirection":"In"},"Head":{"Weight":1,"CFrame":[8.742278367890322e-8,-5.587935447692871e-9,0,1,-6.190098389424748e-8,8.740679646734861e-8,6.356139437002639e-8,0.9998171329498291,-0.019125983119010927,-8.620688163318846e-8,0.019125983119010927,0.9998171329498291],"EasingStyle":"Constant","EasingDirection":"In"},"Left Arm":{"Weight":1,"CFrame":[0.7640507221221924,-0.5492327809333801,-0.03543448448181152,0.11014337837696076,0.8970265984535217,-0.42803260684013369,-0.9778010249137878,0.17502917349338532,0.1151958554983139,0.1782519668340683,0.4058426022529602,0.8963916897773743],"EasingStyle":"Constant","EasingDirection":"In"},"Torso":{"Weight":1,"CFrame":[-1.210889846381676e-17,0.013227827847003937,0.047136783599853519,1,3.6808244788902619e-19,-8.742278367890322e-8,1.4455168173554967e-9,0.9998633861541748,0.01653478667140007,8.741082524466037e-8,-0.01653478667140007,0.9998633861541748],"EasingStyle":"Constant","EasingDirection":"In"},"HumanoidRootPart":{"Weight":0,"CFrame":[0,0,0,1,0,0,0,1,0,0,0,1],"EasingStyle":"Linear","EasingDirection":"In"},"Right Leg":{"Weight":1,"CFrame":[0.8696932792663574,0.7599940299987793,0.04993152618408203,0.9959027171134949,-0.023037848994135858,-0.08744748681783676,0.023006796836853029,0.9997344613075256,-0.0013625393621623517,0.08745572715997696,-0.0006549002719111741,0.9961682558059692],"EasingStyle":"Constant","EasingDirection":"In"}}},{"Time":0.20000000298023225,"poses":{"Left Leg":{"Weight":1,"CFrame":[0.03161505237221718,0.030055522918701173,-0.0012094974517822266,0.9943031072616577,-0.07764483243227005,0.07302523404359818,0.07571078836917877,0.9967111349105835,0.02889375016093254,-0.07502853870391846,-0.02320033311843872,0.9969115257263184],"EasingStyle":"Constant","EasingDirection":"In"},"Right Arm":{"Weight":1,"CFrame":[-0.7640507221221924,-0.5492326021194458,-0.03543448448181152,0.11014309525489807,-0.897026538848877,0.4280327260494232,0.9778009653091431,0.17502915859222413,0.11519607156515122,-0.17825213074684144,0.40584269165992739,0.8963916897773743],"EasingStyle":"Constant","EasingDirection":"In"},"Head":{"Weight":1,"CFrame":[8.742278367890322e-8,-5.587935447692871e-9,0,1,-6.190098389424748e-8,8.740679646734861e-8,6.356139437002639e-8,0.9998171329498291,-0.019125983119010927,-8.620688163318846e-8,0.019125983119010927,0.9998171329498291],"EasingStyle":"Constant","EasingDirection":"In"},"Left Arm":{"Weight":1,"CFrame":[0.7640507221221924,-0.5492327809333801,-0.03543448448181152,0.11014337837696076,0.8970265984535217,-0.42803260684013369,-0.9778010249137878,0.17502917349338532,0.1151958554983139,0.1782519668340683,0.4058426022529602,0.8963916897773743],"EasingStyle":"Constant","EasingDirection":"In"},"Torso":{"Weight":1,"CFrame":[-1.210889846381676e-17,0.013227827847003937,0.047136783599853519,1,3.6808244788902619e-19,-8.742278367890322e-8,1.4455168173554967e-9,0.9998633861541748,0.01653478667140007,8.741082524466037e-8,-0.01653478667140007,0.9998633861541748],"EasingStyle":"Constant","EasingDirection":"In"},"HumanoidRootPart":{"Weight":0,"CFrame":[0,0,0,1,0,0,0,1,0,0,0,1],"EasingStyle":"Linear","EasingDirection":"In"},"Right Leg":{"Weight":1,"CFrame":[0.8696932792663574,0.7599940299987793,0.04993152618408203,0.9959027171134949,-0.023037848994135858,-0.08744748681783676,0.023006796836853029,0.9997344613075256,-0.0013625393621623517,0.08745572715997696,-0.0006549002719111741,0.9961682558059692],"EasingStyle":"Constant","EasingDirection":"In"}}},{"Time":0.23333333432674409,"poses":{"Left Leg":{"Weight":1,"CFrame":[0.03161505237221718,0.030055522918701173,-0.0012094974517822266,0.9943031072616577,-0.07764483243227005,0.07302523404359818,0.07571078836917877,0.9967111349105835,0.02889375016093254,-0.07502853870391846,-0.02320033311843872,0.9969115257263184],"EasingStyle":"Constant","EasingDirection":"In"},"Right Arm":{"Weight":1,"CFrame":[-0.7640507221221924,-0.5492326021194458,-0.03543448448181152,0.11014309525489807,-0.897026538848877,0.4280327260494232,0.9778009653091431,0.17502915859222413,0.11519607156515122,-0.17825213074684144,0.40584269165992739,0.8963916897773743],"EasingStyle":"Constant","EasingDirection":"In"},"Head":{"Weight":1,"CFrame":[8.742278367890322e-8,-5.587935447692871e-9,0,1,-6.190098389424748e-8,8.740679646734861e-8,6.356139437002639e-8,0.9998171329498291,-0.019125983119010927,-8.620688163318846e-8,0.019125983119010927,0.9998171329498291],"EasingStyle":"Constant","EasingDirection":"In"},"Left Arm":{"Weight":1,"CFrame":[0.7640507221221924,-0.5492327809333801,-0.03543448448181152,0.11014337837696076,0.8970265984535217,-0.42803260684013369,-0.9778010249137878,0.17502917349338532,0.1151958554983139,0.1782519668340683,0.4058426022529602,0.8963916897773743],"EasingStyle":"Constant","EasingDirection":"In"},"Torso":{"Weight":1,"CFrame":[-1.210889846381676e-17,0.013227827847003937,0.047136783599853519,1,3.6808244788902619e-19,-8.742278367890322e-8,1.4455168173554967e-9,0.9998633861541748,0.01653478667140007,8.741082524466037e-8,-0.01653478667140007,0.9998633861541748],"EasingStyle":"Constant","EasingDirection":"In"},"HumanoidRootPart":{"Weight":0,"CFrame":[0,0,0,1,0,0,0,1,0,0,0,1],"EasingStyle":"Linear","EasingDirection":"In"},"Right Leg":{"Weight":1,"CFrame":[0.8696932792663574,0.7599940299987793,0.04993152618408203,0.9959027171134949,-0.023037848994135858,-0.08744748681783676,0.023006796836853029,0.9997344613075256,-0.0013625393621623517,0.08745572715997696,-0.0006549002719111741,0.9961682558059692],"EasingStyle":"Constant","EasingDirection":"In"}}},{"Time":0.2666666805744171,"poses":{"Left Leg":{"Weight":1,"CFrame":[0.03161505237221718,0.030055522918701173,-0.0012094974517822266,0.9943031072616577,-0.07764483243227005,0.07302523404359818,0.07571078836917877,0.9967111349105835,0.02889375016093254,-0.07502853870391846,-0.02320033311843872,0.9969115257263184],"EasingStyle":"Constant","EasingDirection":"In"},"Right Arm":{"Weight":1,"CFrame":[-0.7640507221221924,-0.5492326021194458,-0.03543448448181152,0.11014309525489807,-0.897026538848877,0.4280327260494232,0.9778009653091431,0.17502915859222413,0.11519607156515122,-0.17825213074684144,0.40584269165992739,0.8963916897773743],"EasingStyle":"Constant","EasingDirection":"In"},"Head":{"Weight":1,"CFrame":[8.742278367890322e-8,-5.587935447692871e-9,0,1,-6.190098389424748e-8,8.740679646734861e-8,6.356139437002639e-8,0.9998171329498291,-0.019125983119010927,-8.620688163318846e-8,0.019125983119010927,0.9998171329498291],"EasingStyle":"Constant","EasingDirection":"In"},"Left Arm":{"Weight":1,"CFrame":[0.7640507221221924,-0.5492327809333801,-0.03543448448181152,0.11014337837696076,0.8970265984535217,-0.42803260684013369,-0.9778010249137878,0.17502917349338532,0.1151958554983139,0.1782519668340683,0.4058426022529602,0.8963916897773743],"EasingStyle":"Constant","EasingDirection":"In"},"Torso":{"Weight":1,"CFrame":[-1.210889846381676e-17,0.013227827847003937,0.047136783599853519,1,3.6808244788902619e-19,-8.742278367890322e-8,1.4455168173554967e-9,0.9998633861541748,0.01653478667140007,8.741082524466037e-8,-0.01653478667140007,0.9998633861541748],"EasingStyle":"Constant","EasingDirection":"In"},"HumanoidRootPart":{"Weight":0,"CFrame":[0,0,0,1,0,0,0,1,0,0,0,1],"EasingStyle":"Linear","EasingDirection":"In"},"Right Leg":{"Weight":1,"CFrame":[0.8696932792663574,0.7599940299987793,0.04993152618408203,0.9959027171134949,-0.023037848994135858,-0.08744748681783676,0.023006796836853029,0.9997344613075256,-0.0013625393621623517,0.08745572715997696,-0.0006549002719111741,0.9961682558059692],"EasingStyle":"Constant","EasingDirection":"In"}}},{"Time":0.30000001192092898,"poses":{"Left Leg":{"Weight":1,"CFrame":[-0.6299853324890137,0.05265212059020996,0.04570972919464111,0.8468624353408814,-0.5269179344177246,0.0719841718673706,0.5254597663879395,0.8499046564102173,0.03942202031612396,-0.08195188641548157,0.0044397893361747269,0.9966264367103577],"EasingStyle":"Constant","EasingDirection":"In"},"Right Arm":{"Weight":1,"CFrame":[-0.7643383741378784,-0.6342747807502747,-0.03543448448181152,-0.033611975610256198,-0.9129608869552612,0.4066605269908905,0.983410656452179,0.04235864803195,0.1763783097267151,-0.17825210094451905,0.40584251284599306,0.8963916301727295],"EasingStyle":"Constant","EasingDirection":"In"},"Head":{"Weight":1,"CFrame":[8.74227694680485e-8,-3.259629011154175e-9,1.1920928955078126e-7,1,-6.33605594657638e-8,8.742252077809099e-8,6.357283410807213e-8,0.999997079372406,-0.0024304373655468227,-8.726827616101218e-8,0.0024304373655468227,0.999997079372406],"EasingStyle":"Constant","EasingDirection":"In"},"Left Arm":{"Weight":1,"CFrame":[0.7643383741378784,-0.634274959564209,-0.03543448448181152,-0.03361188620328903,0.912960946559906,-0.40666040778160097,-0.983410656452179,0.042358480393886569,0.17637811601161958,0.17825187742710114,0.40584251284599306,0.896391749382019],"EasingStyle":"Constant","EasingDirection":"In"},"Torso":{"Weight":1,"CFrame":[-1.444518407718908e-17,0.002706141211092472,-0.07579493522644043,1,3.9716748824428019e-19,-8.742277657347586e-8,2.9572300164204537e-10,0.9999942779541016,0.0033826769795268776,8.742227919356083e-8,-0.0033826769795268776,0.9999942779541016],"EasingStyle":"Constant","EasingDirection":"In"},"HumanoidRootPart":{"Weight":0,"CFrame":[0,0,0,1,0,0,0,1,0,0,0,1],"EasingStyle":"Linear","EasingDirection":"In"},"Right Leg":{"Weight":1,"CFrame":[1.0335571765899659,0.4722021818161011,0.04690289497375488,0.9639732241630554,0.2533293664455414,-0.08111676573753357,-0.2519840896129608,0.9673661589622498,0.02658458985388279,0.08520433306694031,-0.005186697002500296,0.9963499903678894],"EasingStyle":"Constant","EasingDirection":"In"}}},{"Time":0.3333333432674408,"poses":{"Left Leg":{"Weight":1,"CFrame":[-0.6299853324890137,0.05265212059020996,0.04570972919464111,0.8468624353408814,-0.5269179344177246,0.0719841718673706,0.5254597663879395,0.8499046564102173,0.03942202031612396,-0.08195188641548157,0.0044397893361747269,0.9966264367103577],"EasingStyle":"Constant","EasingDirection":"In"},"Right Arm":{"Weight":1,"CFrame":[-0.7643383741378784,-0.6342747807502747,-0.03543448448181152,-0.033611975610256198,-0.9129608869552612,0.4066605269908905,0.983410656452179,0.04235864803195,0.1763783097267151,-0.17825210094451905,0.40584251284599306,0.8963916301727295],"EasingStyle":"Constant","EasingDirection":"In"},"Head":{"Weight":1,"CFrame":[8.74227694680485e-8,-3.259629011154175e-9,1.1920928955078126e-7,1,-6.33605594657638e-8,8.742252077809099e-8,6.357283410807213e-8,0.999997079372406,-0.0024304373655468227,-8.726827616101218e-8,0.0024304373655468227,0.999997079372406],"EasingStyle":"Constant","EasingDirection":"In"},"Left Arm":{"Weight":1,"CFrame":[0.7643383741378784,-0.634274959564209,-0.03543448448181152,-0.03361188620328903,0.912960946559906,-0.40666040778160097,-0.983410656452179,0.042358480393886569,0.17637811601161958,0.17825187742710114,0.40584251284599306,0.896391749382019],"EasingStyle":"Constant","EasingDirection":"In"},"Torso":{"Weight":1,"CFrame":[-1.444518407718908e-17,0.002706141211092472,-0.07579493522644043,1,3.9716748824428019e-19,-8.742277657347586e-8,2.9572300164204537e-10,0.9999942779541016,0.0033826769795268776,8.742227919356083e-8,-0.0033826769795268776,0.9999942779541016],"EasingStyle":"Constant","EasingDirection":"In"},"HumanoidRootPart":{"Weight":0,"CFrame":[0,0,0,1,0,0,0,1,0,0,0,1],"EasingStyle":"Linear","EasingDirection":"In"},"Right Leg":{"Weight":1,"CFrame":[1.0335571765899659,0.4722021818161011,0.04690289497375488,0.9639732241630554,0.2533293664455414,-0.08111676573753357,-0.2519840896129608,0.9673661589622498,0.02658458985388279,0.08520433306694031,-0.005186697002500296,0.9963499903678894],"EasingStyle":"Constant","EasingDirection":"In"}}},{"Time":0.36666667461395266,"poses":{"Left Leg":{"Weight":1,"CFrame":[-0.6299853324890137,0.05265212059020996,0.04570972919464111,0.8468624353408814,-0.5269179344177246,0.0719841718673706,0.5254597663879395,0.8499046564102173,0.03942202031612396,-0.08195188641548157,0.0044397893361747269,0.9966264367103577],"EasingStyle":"Constant","EasingDirection":"In"},"Right Arm":{"Weight":1,"CFrame":[-0.7643383741378784,-0.6342747807502747,-0.03543448448181152,-0.033611975610256198,-0.9129608869552612,0.4066605269908905,0.983410656452179,0.04235864803195,0.1763783097267151,-0.17825210094451905,0.40584251284599306,0.8963916301727295],"EasingStyle":"Constant","EasingDirection":"In"},"Head":{"Weight":1,"CFrame":[8.74227694680485e-8,-3.259629011154175e-9,1.1920928955078126e-7,1,-6.33605594657638e-8,8.742252077809099e-8,6.357283410807213e-8,0.999997079372406,-0.0024304373655468227,-8.726827616101218e-8,0.0024304373655468227,0.999997079372406],"EasingStyle":"Constant","EasingDirection":"In"},"Left Arm":{"Weight":1,"CFrame":[0.7643383741378784,-0.634274959564209,-0.03543448448181152,-0.03361188620328903,0.912960946559906,-0.40666040778160097,-0.983410656452179,0.042358480393886569,0.17637811601161958,0.17825187742710114,0.40584251284599306,0.896391749382019],"EasingStyle":"Constant","EasingDirection":"In"},"Torso":{"Weight":1,"CFrame":[-1.444518407718908e-17,0.002706141211092472,-0.07579493522644043,1,3.9716748824428019e-19,-8.742277657347586e-8,2.9572300164204537e-10,0.9999942779541016,0.0033826769795268776,8.742227919356083e-8,-0.0033826769795268776,0.9999942779541016],"EasingStyle":"Constant","EasingDirection":"In"},"HumanoidRootPart":{"Weight":0,"CFrame":[0,0,0,1,0,0,0,1,0,0,0,1],"EasingStyle":"Linear","EasingDirection":"In"},"Right Leg":{"Weight":1,"CFrame":[1.0335571765899659,0.4722021818161011,0.04690289497375488,0.9639732241630554,0.2533293664455414,-0.08111676573753357,-0.2519840896129608,0.9673661589622498,0.02658458985388279,0.08520433306694031,-0.005186697002500296,0.9963499903678894],"EasingStyle":"Constant","EasingDirection":"In"}}},{"Time":0.4000000059604645,"poses":{"Left Leg":{"Weight":1,"CFrame":[-1.0501084327697755,0.5129227638244629,0.05511164665222168,0.8256459832191467,-0.5590900182723999,0.07567735016345978,0.5578205585479736,0.8290463089942932,0.03896990045905113,-0.08452772349119187,0.010039079003036023,0.9963706135749817],"EasingStyle":"Constant","EasingDirection":"In"},"Right Arm":{"Weight":1,"CFrame":[-0.7722357511520386,-0.6696956753730774,-0.03543448448181152,0.13278426229953767,-0.8927274942398071,0.43058815598487856,0.9749844670295715,0.19578003883361817,0.10524103790521622,-0.17825210094451905,0.40584227442741396,0.8963918089866638],"EasingStyle":"Constant","EasingDirection":"In"},"Head":{"Weight":1,"CFrame":[8.742276236262114e-8,-7.450580596923828e-9,-5.960464477539063e-8,1,-6.188695067521621e-8,8.740651935568167e-8,6.356119541806038e-8,0.9998140335083008,-0.01928655616939068,-8.619667113407559e-8,0.01928655616939068,0.9998140335083008],"EasingStyle":"Constant","EasingDirection":"In"},"Left Arm":{"Weight":1,"CFrame":[0.7722357511520386,-0.6696958541870117,-0.03543448448181152,0.13278432190418244,0.8927274346351624,-0.43058818578720095,-0.9749844670295715,0.19577988982200623,0.1052408441901207,0.17825190722942353,0.4058424234390259,0.8963918685913086],"EasingStyle":"Constant","EasingDirection":"In"},"Torso":{"Weight":1,"CFrame":[-2.1891460642668987e-17,-0.03082890808582306,-0.16497111320495606,1,2.335045307742586e-19,-8.742277657347586e-8,-3.3689366851774595e-9,0.9992572069168091,-0.03853614255785942,8.735784007285474e-8,0.03853614255785942,0.9992572069168091],"EasingStyle":"Constant","EasingDirection":"In"},"HumanoidRootPart":{"Weight":0,"CFrame":[0,0,0,1,0,0,0,1,0,0,0,1],"EasingStyle":"Linear","EasingDirection":"In"},"Right Leg":{"Weight":1,"CFrame":[0.93824303150177,0.12906068563461305,0.04821610450744629,0.9037966132164002,0.4201129078865051,-0.08158989250659943,-0.4190019369125366,0.9074516892433167,0.031127560883760454,0.08711604028940201,0.006053372286260128,0.9961798191070557],"EasingStyle":"Constant","EasingDirection":"In"}}},{"Time":0.4333333373069763,"poses":{"Left Leg":{"Weight":1,"CFrame":[-0.8984432816505432,0.7454422116279602,0.04151284694671631,0.9975883364677429,-0.0029760203324258329,0.06934429705142975,0.003088007215410471,0.9999940991401672,-0.0015082057798281313,-0.06933943182229996,0.0017187009798362852,0.9975916743278503],"EasingStyle":"Constant","EasingDirection":"In"},"Right Arm":{"Weight":1,"CFrame":[-0.7722358703613281,-0.6696959137916565,-0.03543448448181152,0.27403104305267336,-0.8544670939445496,0.44135355949401858,0.9450572729110718,0.32431137561798098,0.041097063571214679,-0.17825208604335786,0.40584245324134829,0.8963916897773743],"EasingStyle":"Constant","EasingDirection":"In"},"Head":{"Weight":1,"CFrame":[8.742275525719379e-8,-1.862645149230957e-9,0,1,-6.211033110048447e-8,8.741054102756607e-8,6.356412995955907e-8,0.9998600482940674,-0.016731254756450654,-8.635912251975242e-8,0.016731254756450654,0.9998600482940674],"EasingStyle":"Constant","EasingDirection":"In"},"Left Arm":{"Weight":1,"CFrame":[0.7722358703613281,-0.6696960926055908,-0.03543448448181152,0.2740311920642853,0.8544673323631287,-0.4413532316684723,-0.9450572729110718,0.3243112862110138,0.04109694063663483,0.17825184762477876,0.4058421850204468,0.8963919281959534],"EasingStyle":"Constant","EasingDirection":"In"},"Torso":{"Weight":1,"CFrame":[1.5868626253772384e-17,-0.003704487346112728,-0.06044435501098633,1,-3.9605720506708089e-19,-8.742277657347586e-8,-4.048207047357977e-10,0.9999892711639404,-0.0046306089498102669,8.742183865706466e-8,0.0046306089498102669,0.9999892711639404],"EasingStyle":"Constant","EasingDirection":"In"},"HumanoidRootPart":{"Weight":0,"CFrame":[0,0,0,1,0,0,0,1,0,0,0,1],"EasingStyle":"Linear","EasingDirection":"In"},"Right Leg":{"Weight":1,"CFrame":[0.31340864300727847,0.01821577548980713,0.009730935096740723,0.9680210947990418,0.2488996982574463,-0.0313715934753418,-0.24814899265766145,0.9683739542961121,0.025965381413698198,0.03684227168560028,-0.017350221052765847,0.9991704821586609],"EasingStyle":"Constant","EasingDirection":"In"}}},{"Time":0.46666666865348818,"poses":{"Left Leg":{"Weight":1,"CFrame":[-0.8984432816505432,0.7454422116279602,0.04151284694671631,0.9975883364677429,-0.0029760203324258329,0.06934429705142975,0.003088007215410471,0.9999940991401672,-0.0015082057798281313,-0.06933943182229996,0.0017187009798362852,0.9975916743278503],"EasingStyle":"Constant","EasingDirection":"In"},"Right Arm":{"Weight":1,"CFrame":[-0.7722358703613281,-0.6696959137916565,-0.03543448448181152,0.27403104305267336,-0.8544670939445496,0.44135355949401858,0.9450572729110718,0.32431137561798098,0.041097063571214679,-0.17825208604335786,0.40584245324134829,0.8963916897773743],"EasingStyle":"Constant","EasingDirection":"In"},"Head":{"Weight":1,"CFrame":[8.742275525719379e-8,-1.862645149230957e-9,0,1,-6.211033110048447e-8,8.741054102756607e-8,6.356412995955907e-8,0.9998600482940674,-0.016731254756450654,-8.635912251975242e-8,0.016731254756450654,0.9998600482940674],"EasingStyle":"Constant","EasingDirection":"In"},"Left Arm":{"Weight":1,"CFrame":[0.7722358703613281,-0.6696960926055908,-0.03543448448181152,0.2740311920642853,0.8544673323631287,-0.4413532316684723,-0.9450572729110718,0.3243112862110138,0.04109694063663483,0.17825184762477876,0.4058421850204468,0.8963919281959534],"EasingStyle":"Constant","EasingDirection":"In"},"Torso":{"Weight":1,"CFrame":[1.5868626253772384e-17,-0.003704487346112728,-0.06044435501098633,1,-3.9605720506708089e-19,-8.742277657347586e-8,-4.048207047357977e-10,0.9999892711639404,-0.0046306089498102669,8.742183865706466e-8,0.0046306089498102669,0.9999892711639404],"EasingStyle":"Constant","EasingDirection":"In"},"HumanoidRootPart":{"Weight":0,"CFrame":[0,0,0,1,0,0,0,1,0,0,0,1],"EasingStyle":"Linear","EasingDirection":"In"},"Right Leg":{"Weight":1,"CFrame":[0.31340864300727847,0.01821577548980713,0.009730935096740723,0.9680210947990418,0.2488996982574463,-0.0313715934753418,-0.24814899265766145,0.9683739542961121,0.025965381413698198,0.03684227168560028,-0.017350221052765847,0.9991704821586609],"EasingStyle":"Constant","EasingDirection":"In"}}},{"Time":0.5,"poses":{"Left Leg":{"Weight":1,"CFrame":[-0.8783708810806274,0.7569025754928589,0.04238438606262207,0.9972240328788757,0.025221172720193864,0.07005956023931503,-0.025001659989356996,0.999679446220398,-0.004008935298770666,-0.07013825327157974,0.002246231772005558,0.9975347518920898],"EasingStyle":"Constant","EasingDirection":"In"},"Right Arm":{"Weight":1,"CFrame":[-0.7651053071022034,-0.6130059361457825,-0.03543448448181152,0.14771459996700288,-0.8896213173866272,0.4321509003639221,0.9728342890739441,0.20944209396839143,0.09862817823886872,-0.17825230956077577,0.40584224462509158,0.896391749382019],"EasingStyle":"Constant","EasingDirection":"In"},"Head":{"Weight":1,"CFrame":[8.74227694680485e-8,-1.862645149230957e-9,1.1920928955078126e-7,1,-6.164361820992781e-8,8.740148160768513e-8,6.355754322839857e-8,0.9997564554214478,-0.022069886326789857,-8.601971757116189e-8,0.022069886326789857,0.9997564554214478],"EasingStyle":"Constant","EasingDirection":"In"},"Left Arm":{"Weight":1,"CFrame":[0.7651053071022034,-0.6130061149597168,-0.03543448448181152,0.14771468937397004,0.889621376991272,-0.43215087056159975,-0.9728342890739441,0.20944194495677949,0.0986279770731926,0.17825208604335786,0.40584227442741396,0.896391749382019],"EasingStyle":"Constant","EasingDirection":"In"},"Torso":{"Weight":1,"CFrame":[1.4909636064970256e-17,0.0006144209764897823,-0.00020837783813476563,1,-3.9837240605343438e-19,-8.742277657347586e-8,6.714299255472511e-11,0.9999997019767761,0.0007680263370275497,8.742274815176643e-8,-0.0007680263370275497,0.9999997019767761],"EasingStyle":"Constant","EasingDirection":"In"},"HumanoidRootPart":{"Weight":0,"CFrame":[0,0,0,1,0,0,0,1,0,0,0,1],"EasingStyle":"Linear","EasingDirection":"In"},"Right Leg":{"Weight":1,"CFrame":[0.09211814403533936,-0.0011272430419921876,0.0030481815338134767,0.9917379021644592,0.1244586631655693,-0.03108127787709236,-0.12369714677333832,0.9919965267181397,0.02533598430454731,0.03398587182164192,-0.021282043308019639,0.9991957545280457],"EasingStyle":"Constant","EasingDirection":"In"}}},{"Time":0.5333333611488342,"poses":{"Left Leg":{"Weight":1,"CFrame":[-0.8783708810806274,0.7569025754928589,0.04238438606262207,0.9972240328788757,0.025221172720193864,0.07005956023931503,-0.025001659989356996,0.999679446220398,-0.004008935298770666,-0.07013825327157974,0.002246231772005558,0.9975347518920898],"EasingStyle":"Constant","EasingDirection":"In"},"Right Arm":{"Weight":1,"CFrame":[-0.7651053071022034,-0.6130059361457825,-0.03543448448181152,0.14771459996700288,-0.8896213173866272,0.4321509003639221,0.9728342890739441,0.20944209396839143,0.09862817823886872,-0.17825230956077577,0.40584224462509158,0.896391749382019],"EasingStyle":"Constant","EasingDirection":"In"},"Head":{"Weight":1,"CFrame":[8.74227694680485e-8,-1.862645149230957e-9,1.1920928955078126e-7,1,-6.164361820992781e-8,8.740148160768513e-8,6.355754322839857e-8,0.9997564554214478,-0.022069886326789857,-8.601971757116189e-8,0.022069886326789857,0.9997564554214478],"EasingStyle":"Constant","EasingDirection":"In"},"Left Arm":{"Weight":1,"CFrame":[0.7651053071022034,-0.6130061149597168,-0.03543448448181152,0.14771468937397004,0.889621376991272,-0.43215087056159975,-0.9728342890739441,0.20944194495677949,0.0986279770731926,0.17825208604335786,0.40584227442741396,0.896391749382019],"EasingStyle":"Constant","EasingDirection":"In"},"Torso":{"Weight":1,"CFrame":[1.4909636064970256e-17,0.0006144209764897823,-0.00020837783813476563,1,-3.9837240605343438e-19,-8.742277657347586e-8,6.714299255472511e-11,0.9999997019767761,0.0007680263370275497,8.742274815176643e-8,-0.0007680263370275497,0.9999997019767761],"EasingStyle":"Constant","EasingDirection":"In"},"HumanoidRootPart":{"Weight":0,"CFrame":[0,0,0,1,0,0,0,1,0,0,0,1],"EasingStyle":"Linear","EasingDirection":"In"},"Right Leg":{"Weight":1,"CFrame":[0.09211814403533936,-0.0011272430419921876,0.0030481815338134767,0.9917379021644592,0.1244586631655693,-0.03108127787709236,-0.12369714677333832,0.9919965267181397,0.02533598430454731,0.03398587182164192,-0.021282043308019639,0.9991957545280457],"EasingStyle":"Constant","EasingDirection":"In"}}},{"Time":0.5666666626930237,"poses":{"Left Leg":{"Weight":1,"CFrame":[-0.8783708810806274,0.7569025754928589,0.04238438606262207,0.9972240328788757,0.025221172720193864,0.07005956023931503,-0.025001659989356996,0.999679446220398,-0.004008935298770666,-0.07013825327157974,0.002246231772005558,0.9975347518920898],"EasingStyle":"Constant","EasingDirection":"In"},"Right Arm":{"Weight":1,"CFrame":[-0.7651053071022034,-0.6130059361457825,-0.03543448448181152,0.14771459996700288,-0.8896213173866272,0.4321509003639221,0.9728342890739441,0.20944209396839143,0.09862817823886872,-0.17825230956077577,0.40584224462509158,0.896391749382019],"EasingStyle":"Constant","EasingDirection":"In"},"Head":{"Weight":1,"CFrame":[8.74227694680485e-8,-1.862645149230957e-9,1.1920928955078126e-7,1,-6.164361820992781e-8,8.740148160768513e-8,6.355754322839857e-8,0.9997564554214478,-0.022069886326789857,-8.601971757116189e-8,0.022069886326789857,0.9997564554214478],"EasingStyle":"Constant","EasingDirection":"In"},"Left Arm":{"Weight":1,"CFrame":[0.7651053071022034,-0.6130061149597168,-0.03543448448181152,0.14771468937397004,0.889621376991272,-0.43215087056159975,-0.9728342890739441,0.20944194495677949,0.0986279770731926,0.17825208604335786,0.40584227442741396,0.896391749382019],"EasingStyle":"Constant","EasingDirection":"In"},"Torso":{"Weight":1,"CFrame":[1.4909636064970256e-17,0.0006144209764897823,-0.00020837783813476563,1,-3.9837240605343438e-19,-8.742277657347586e-8,6.714299255472511e-11,0.9999997019767761,0.0007680263370275497,8.742274815176643e-8,-0.0007680263370275497,0.9999997019767761],"EasingStyle":"Constant","EasingDirection":"In"},"HumanoidRootPart":{"Weight":0,"CFrame":[0,0,0,1,0,0,0,1,0,0,0,1],"EasingStyle":"Linear","EasingDirection":"In"},"Right Leg":{"Weight":1,"CFrame":[0.09211814403533936,-0.0011272430419921876,0.0030481815338134767,0.9917379021644592,0.1244586631655693,-0.03108127787709236,-0.12369714677333832,0.9919965267181397,0.02533598430454731,0.03398587182164192,-0.021282043308019639,0.9991957545280457],"EasingStyle":"Constant","EasingDirection":"In"}}},{"Time":0.6000000238418579,"poses":{"Left Leg":{"Weight":1,"CFrame":[-0.8783708810806274,0.7569025754928589,0.04238438606262207,0.9972240328788757,0.025221172720193864,0.07005956023931503,-0.025001659989356996,0.999679446220398,-0.004008935298770666,-0.07013825327157974,0.002246231772005558,0.9975347518920898],"EasingStyle":"Constant","EasingDirection":"In"},"Right Arm":{"Weight":1,"CFrame":[-0.7651053071022034,-0.6130059361457825,-0.03543448448181152,0.14771459996700288,-0.8896213173866272,0.4321509003639221,0.9728342890739441,0.20944209396839143,0.09862817823886872,-0.17825230956077577,0.40584224462509158,0.896391749382019],"EasingStyle":"Constant","EasingDirection":"In"},"Head":{"Weight":1,"CFrame":[8.74227694680485e-8,-1.862645149230957e-9,1.1920928955078126e-7,1,-6.164361820992781e-8,8.740148160768513e-8,6.355754322839857e-8,0.9997564554214478,-0.022069886326789857,-8.601971757116189e-8,0.022069886326789857,0.9997564554214478],"EasingStyle":"Constant","EasingDirection":"In"},"Left Arm":{"Weight":1,"CFrame":[0.7651053071022034,-0.6130061149597168,-0.03543448448181152,0.14771468937397004,0.889621376991272,-0.43215087056159975,-0.9728342890739441,0.20944194495677949,0.0986279770731926,0.17825208604335786,0.40584227442741396,0.896391749382019],"EasingStyle":"Constant","EasingDirection":"In"},"Torso":{"Weight":1,"CFrame":[1.4909636064970256e-17,0.0006144209764897823,-0.00020837783813476563,1,-3.9837240605343438e-19,-8.742277657347586e-8,6.714299255472511e-11,0.9999997019767761,0.0007680263370275497,8.742274815176643e-8,-0.0007680263370275497,0.9999997019767761],"EasingStyle":"Constant","EasingDirection":"In"},"HumanoidRootPart":{"Weight":0,"CFrame":[0,0,0,1,0,0,0,1,0,0,0,1],"EasingStyle":"Linear","EasingDirection":"In"},"Right Leg":{"Weight":1,"CFrame":[0.09211814403533936,-0.0011272430419921876,0.0030481815338134767,0.9917379021644592,0.1244586631655693,-0.03108127787709236,-0.12369714677333832,0.9919965267181397,0.02533598430454731,0.03398587182164192,-0.021282043308019639,0.9991957545280457],"EasingStyle":"Constant","EasingDirection":"In"}}},{"Time":0.6333333253860474,"poses":{"Left Leg":{"Weight":1,"CFrame":[-0.8696908354759216,0.7600000500679016,0.04993176460266113,0.9958970546722412,0.023279348388314248,0.08744797855615616,-0.02324926294386387,0.9997288584709168,-0.0013629732420668007,-0.08745601028203964,-0.0006757361115887761,0.9961681962013245],"EasingStyle":"Constant","EasingDirection":"In"},"Right Arm":{"Weight":1,"CFrame":[-0.7640507221221924,-0.5492326021194458,-0.03543448448181152,0.1101432666182518,-0.8970265984535217,0.4280327260494232,0.9778009057044983,0.17502930760383607,0.11519603431224823,-0.178252175450325,0.40584254264831545,0.8963916301727295],"EasingStyle":"Constant","EasingDirection":"In"},"Head":{"Weight":1,"CFrame":[8.742278367890322e