{"Sequence":[{"Time":0,"poses":{"Left Leg":{"Weight":1,"CFrame":[0.009547356516122818,0.4981532096862793,-0.016228199005126954,0.9612603783607483,-0.16606755554676057,0.2200000286102295,0.0016270903870463372,0.8015419840812683,0.5979364514350891,-0.27563703060150149,-0.5744144916534424,0.7707607746124268],"EasingStyle":"Linear","EasingDirection":"In"},"Right Arm":{"Weight":1,"CFrame":[0.8747771382331848,-0.010992288589477539,-0.04518479108810425,0.8755713105201721,-0.08677954971790314,-0.4752308428287506,-0.08625537902116776,0.939842939376831,-0.33053815364837649,0.47532621026039126,0.3304007649421692,0.8154140710830689],"EasingStyle":"Linear","EasingDirection":"In"},"Head":{"Weight":1,"CFrame":[1.8801074475049973e-7,3.725290298461914e-9,0.016661882400512697,0.6193411350250244,-0.7840193510055542,-0.04159614443778992,0.7825354337692261,0.6207309365272522,-0.048288680613040927,0.06367925554513931,-0.002643306041136384,0.9979669451713562],"EasingStyle":"Linear","EasingDirection":"In"},"Right Leg":{"Weight":1,"CFrame":[0.5927498936653137,-0.008589506149291993,0.006387233734130859,0.9536200761795044,0.2936919331550598,-0.06598448008298874,-0.29999807476997378,0.9452759027481079,-0.12827575206756593,0.024699989706277849,0.14212152361869813,0.9895410537719727],"EasingStyle":"Linear","EasingDirection":"In"},"Torso":{"Weight":1,"CFrame":[-0.4345890283584595,-0.010169094428420067,-0.2812683582305908,0.975304901599884,0.09510394930839539,0.19933806359767915,-0.09500153362751007,0.9954258799552918,-0.01010079588741064,-0.19938689470291139,-0.009086067788302899,0.9798787236213684],"EasingStyle":"Linear","EasingDirection":"In"},"HumanoidRootPart":{"Weight":1,"CFrame":[0,0,0,1,0,0,0,1,0,0,0,1],"EasingStyle":"Linear","EasingDirection":"In"},"Left Arm":{"Weight":1,"CFrame":[-0.006166096776723862,-0.00676843523979187,0.545899510383606,0.23289844393730164,0.05687196925282478,0.9708367586135864,-0.9402367472648621,-0.24184085428714753,0.23972484469413758,0.24842149019241334,-0.9686478972434998,-0.0028512177523225548],"EasingStyle":"Linear","EasingDirection":"In"}}},{"Time":0.03333333507180214,"poses":{"Left Leg":{"Weight":1,"CFrame":[-0.21731790900230409,0.45318758487701418,0.052904605865478519,0.9436972737312317,-0.26029863953590395,0.20415693521499635,0.10171136260032654,0.8155535459518433,0.5696730017662048,-0.31478601694107058,-0.5168337821960449,0.7961109280586243],"EasingStyle":"Linear","EasingDirection":"In"},"Right Arm":{"Weight":1,"CFrame":[0.874271810054779,0.003354310989379883,0.022385478019714357,0.769616425037384,-0.07554001361131668,-0.6340223550796509,-0.014806073158979416,0.990598738193512,-0.1359965056180954,0.6383348703384399,0.11405252665281296,0.7612625360488892],"EasingStyle":"Linear","EasingDirection":"In"},"Head":{"Weight":1,"CFrame":[1.487787812948227e-7,1.862645149230957e-9,0.016661524772644044,0.658342182636261,-0.7513508200645447,-0.0453607477247715,0.7493264079093933,0.6598989367485046,-0.055168021470308307,0.07138406485319138,0.00232938164845109,0.9974462985992432],"EasingStyle":"Linear","EasingDirection":"In"},"Right Leg":{"Weight":1,"CFrame":[0.6076223850250244,0.018023312091827394,0.019441843032836915,0.9463915824890137,0.31139037013053896,-0.08590150624513626,-0.3182704448699951,0.9443384408950806,-0.08324054628610611,0.05519989877939224,0.10611803829669953,0.9928202629089356],"EasingStyle":"Linear","EasingDirection":"In"},"Torso":{"Weight":1,"CFrame":[-0.4212925434112549,-0.006812656298279762,-0.2832162380218506,0.9820125102996826,0.0689590573310852,0.1757728010416031,-0.06897606700658798,0.9976001381874085,-0.006020320113748312,-0.17576612532138825,-0.006212088745087385,0.984412431716919],"EasingStyle":"Linear","EasingDirection":"In"},"HumanoidRootPart":{"Weight":1,"CFrame":[0,0,0,1,0,0,0,1,0,0,0,1],"EasingStyle":"Linear","EasingDirection":"In"},"Left Arm":{"Weight":1,"CFrame":[-0.007074365392327309,-0.02455928921699524,0.5418875217437744,0.23438814282417298,0.041326895356178287,0.9712643027305603,-0.9446123838424683,-0.22640372812747956,0.23758985102176667,0.22971662878990174,-0.9731564521789551,-0.01402825303375721],"EasingStyle":"Linear","EasingDirection":"In"}}},{"Time":0.06666667014360428,"poses":{"Left Leg":{"Weight":1,"CFrame":[-0.4564827084541321,0.3905925750732422,0.11852800846099854,0.9265586733818054,-0.33252203464508059,0.1758355051279068,0.21252097189426423,0.8484787940979004,0.48468419909477236,-0.3103608787059784,-0.41171956062316897,0.856833279132843],"EasingStyle":"Linear","EasingDirection":"In"},"Right Arm":{"Weight":1,"CFrame":[0.8721078634262085,0.03198647499084473,0.1306673288345337,0.6311073303222656,-0.013891967944800854,-0.7755711078643799,0.2228611558675766,0.9609327912330627,0.1641371101140976,0.7429916262626648,-0.2764327824115753,0.6095478534698486],"EasingStyle":"Linear","EasingDirection":"In"},"Head":{"Weight":1,"CFrame":[3.903187462128699e-8,1.1641532182693482e-10,0.0166623592376709,0.7184145450592041,-0.6949751973152161,-0.029835375025868417,0.693002462387085,0.7187713384628296,-0.05581450089812279,0.06023450568318367,0.019421981647610666,0.9979953765869141],"EasingStyle":"Linear","EasingDirection":"In"},"Right Leg":{"Weight":1,"CFrame":[0.6284741759300232,0.07829481363296509,0.04216182231903076,0.927398681640625,0.3515809178352356,-0.12775933742523194,-0.3509634733200073,0.9359685182571411,0.02806605026125908,0.12944625318050385,0.018810369074344636,0.9914080500602722],"EasingStyle":"Linear","EasingDirection":"In"},"Torso":{"Weight":1,"CFrame":[-0.3737461566925049,0.00025187619030475616,-0.2900815010070801,0.992199182510376,0.00769795523956418,0.12442537397146225,-0.00808025524020195,0.9999640583992004,0.002568148775026202,-0.12440113723278046,-0.003553503192961216,0.992225706577301],"EasingStyle":"Linear","EasingDirection":"In"},"HumanoidRootPart":{"Weight":1,"CFrame":[0,0,0,1,0,0,0,1,0,0,0,1],"EasingStyle":"Linear","EasingDirection":"In"},"Left Arm":{"Weight":1,"CFrame":[-0.010521996766328812,-0.06723538041114807,0.5284074544906616,0.22876311838626862,0.020276712253689767,0.9732708930969238,-0.9550637602806091,-0.1888868361711502,0.22841885685920716,0.18846957385540009,-0.9817895889282227,-0.023844677954912187],"EasingStyle":"Linear","EasingDirection":"In"}}},{"Time":0.10000000149011612,"poses":{"Left Leg":{"Weight":1,"CFrame":[-0.6175418496131897,0.29533785581588747,0.1774827241897583,0.9141975045204163,-0.3735405206680298,0.15719535946846009,0.30547067523002627,0.8900272250175476,0.3384365141391754,-0.2663279175758362,-0.26137930154800417,0.9277663826942444],"EasingStyle":"Linear","EasingDirection":"In"},"Right Arm":{"Weight":1,"CFrame":[0.8674048185348511,0.07740497589111328,0.25117027759552,0.5178608894348145,0.06554049253463745,-0.8529505133628845,0.5293523669242859,0.758697509765625,0.37968942523002627,0.6720165014266968,-0.6481378078460693,0.3582059442996979],"EasingStyle":"Linear","EasingDirection":"In"},"Head":{"Weight":1,"CFrame":[1.019798219203949e-7,3.4924596548080446e-9,0.016661882400512697,0.778880774974823,-0.6271206736564636,0.00803324207663536,0.6265273094177246,0.7774356007575989,-0.055293794721364978,0.02843056246638298,0.048100296407938007,0.9984378814697266],"EasingStyle":"Linear","EasingDirection":"In"},"Right Leg":{"Weight":1,"CFrame":[0.6462632417678833,0.16012263298034669,0.05164361000061035,0.8964349031448364,0.41090843081474306,-0.1660080999135971,-0.37792453169822695,0.9044352769851685,0.19791407883167268,0.23146826028823853,-0.11467865109443665,0.9660597443580627],"EasingStyle":"Linear","EasingDirection":"In"},"Torso":{"Weight":1,"CFrame":[-0.3069084882736206,0.008873708546161652,-0.3017690181732178,0.9967256188392639,-0.06714998930692673,0.045045092701911929,0.06662538647651673,0.9976928234100342,0.013049854896962643,-0.045817457139492038,-0.01000597607344389,0.9988998174667358],"EasingStyle":"Linear","EasingDirection":"In"},"HumanoidRootPart":{"Weight":1,"CFrame":[0,0,0,1,0,0,0,1,0,0,0,1],"EasingStyle":"Linear","EasingDirection":"In"},"Left Arm":{"Weight":1,"CFrame":[-0.017678050324320794,-0.11927056312561035,0.5053970813751221,0.22951610386371613,0.013518938794732094,0.9732109904289246,-0.9655956625938416,-0.12243854254484177,0.22942094504833222,0.12225998193025589,-0.9923840761184692,-0.015047636814415455],"EasingStyle":"Linear","EasingDirection":"In"}}},{"Time":0.13333334028720857,"poses":{"Left Leg":{"Weight":1,"CFrame":[-0.7115936875343323,0.15430933237075807,0.23836994171142579,0.8984091877937317,-0.41101858019828799,0.154676154255867,0.3908401131629944,0.9089372754096985,0.14517909288406373,-0.20026224851608277,-0.06997659057378769,0.9772402048110962],"EasingStyle":"Linear","EasingDirection":"In"},"Right Arm":{"Weight":1,"CFrame":[0.8586804866790772,0.15157055854797364,0.3641946315765381,0.4577900171279907,0.10666152834892273,-0.8826391100883484,0.756197988986969,0.47536805272102358,0.44965535402297976,0.46753931045532229,-0.8732975721359253,0.13696163892745973],"EasingStyle":"Linear","EasingDirection":"In"},"Head":{"Weight":1,"CFrame":[1.3317912817001344e-7,0,0.016661882400512697,0.8350580334663391,-0.5456310510635376,0.07046317309141159,0.5498234033584595,0.8321636319160461,-0.07209634780883789,-0.019298866391181947,0.09894689917564392,0.9949055910110474],"EasingStyle":"Linear","EasingDirection":"In"},"Right Leg":{"Weight":1,"CFrame":[0.6613140106201172,0.23330748081207276,0.04595160484313965,0.8471826910972595,0.4988889992237091,-0.18273213505744935,-0.3997534215450287,0.8250865340232849,0.3992859721183777,0.3499693274497986,-0.2652204930782318,0.8984318375587463],"EasingStyle":"Linear","EasingDirection":"In"},"Torso":{"Weight":1,"CFrame":[-0.2415546178817749,0.022566787898540498,-0.3274683952331543,0.9870178699493408,-0.14969782531261445,-0.058191634714603427,0.1515970230102539,0.9879962205886841,0.02969675324857235,0.05304757133126259,-0.03813290596008301,0.9978636503219605],"EasingStyle":"Linear","EasingDirection":"In"},"HumanoidRootPart":{"Weight":1,"CFrame":[0,0,0,1,0,0,0,1,0,0,0,1],"EasingStyle":"Linear","EasingDirection":"In"},"Left Arm":{"Weight":1,"CFrame":[-0.02594660595059395,-0.16973024606704713,0.481677770614624,0.23674409091472627,0.024541782215237619,0.9712620377540588,-0.9707646369934082,-0.034773536026477817,0.23750153183937074,0.039602842181921008,-0.9990938901901245,0.015591924078762532],"EasingStyle":"Linear","EasingDirection":"In"}}},{"Time":0.1666666716337204,"poses":{"Left Leg":{"Weight":1,"CFrame":[-0.7292806506156921,-0.022064924240112306,0.28164613246917727,0.8724841475486755,-0.45430418848991396,0.1799418032169342,0.4695376753807068,0.8814207911491394,-0.051300231367349628,-0.13529857993125916,0.12924808263778687,0.9823386669158936],"EasingStyle":"Linear","EasingDirection":"In"},"Right Arm":{"Weight":1,"CFrame":[0.8446431756019592,0.25248783826828005,0.44761037826538088,0.4457026422023773,0.0586252361536026,-0.8932593464851379,0.8704856038093567,0.20438170433044434,0.4477532207965851,0.20881547033786775,-0.9771341681480408,0.04006120190024376],"EasingStyle":"Linear","EasingDirection":"In"},"Head":{"Weight":1,"CFrame":[2.60770320892334e-8,0,0.016661643981933595,0.8819642066955566,-0.44701290130615237,0.14939388632774354,0.4650816023349762,0.8768069744110107,-0.12210185825824738,-0.07640852779150009,0.1771697998046875,0.9812098145484924],"EasingStyle":"Linear","EasingDirection":"In"},"Right Leg":{"Weight":1,"CFrame":[0.6727575659751892,0.2706056237220764,0.0412898063659668,0.7740386128425598,0.6126616597175598,-0.1597176492214203,-0.4205867052078247,0.6861166954040527,0.5935914516448975,0.4732557237148285,-0.39228761196136477,0.7887582182884216],"EasingStyle":"Linear","EasingDirection":"In"},"Torso":{"Weight":1,"CFrame":[-0.18616196513175965,0.043890997767448428,-0.37541985511779787,0.9571349620819092,-0.23066610097885133,-0.17517386376857758,0.24353551864624024,0.9682958126068115,0.0556209571659565,0.15679024159908296,-0.09589782357215882,0.9829651117324829],"EasingStyle":"Linear","EasingDirection":"In"},"HumanoidRootPart":{"Weight":1,"CFrame":[0,0,0,1,0,0,0,1,0,0,0,1],"EasingStyle":"Linear","EasingDirection":"In"},"Left Arm":{"Weight":1,"CFrame":[-0.03223863244056702,-0.21062585711479188,0.46520280838012698,0.2449708729982376,0.04870859533548355,0.9683060646057129,-0.968595564365387,0.05614590644836426,0.2422197461128235,-0.04256829246878624,-0.9972337484359741,0.060933154076337817],"EasingStyle":"Linear","EasingDirection":"In"}}},{"Time":0.20000000298023225,"poses":{"Left Leg":{"Weight":1,"CFrame":[-0.6574844121932983,-0.17154908180236817,0.29581737518310549,0.8390825390815735,-0.4868726432323456,0.2426840215921402,0.5337029695510864,0.8231451511383057,-0.19388985633850099,-0.10536448657512665,0.29221075773239138,0.9505321383476257],"EasingStyle":"Linear","EasingDirection":"In"},"Right Arm":{"Weight":1,"CFrame":[0.8251439929008484,0.3747137784957886,0.4801393747329712,0.42311054468154909,-0.0922069251537323,-0.9013742208480835,0.9018487930297852,-0.053148508071899417,0.42877036333084109,-0.08744228631258011,-0.9943204522132874,0.06066901981830597],"EasingStyle":"Linear","EasingDirection":"In"},"Head":{"Weight":1,"CFrame":[-8.940696716308594e-8,5.960464477539063e-8,0.016661882400512697,0.9080951809883118,-0.35311219096183779,0.22511108219623567,0.3965511620044708,0.8978630900382996,-0.19128280878067017,-0.13457460701465608,0.2629711329936981,0.955372154712677],"EasingStyle":"Linear","EasingDirection":"In"},"Right Leg":{"Weight":1,"CFrame":[0.6667308211326599,0.27618157863616946,0.0514068603515625,0.6915690898895264,0.7150000929832459,-0.10250397771596909,-0.4300112724304199,0.5215666890144348,0.736924946308136,0.5803641080856323,-0.4655568599700928,0.6681576371192932],"EasingStyle":"Linear","EasingDirection":"In"},"Torso":{"Weight":1,"CFrame":[-0.13641107082366944,0.06643953919410706,-0.43784165382385256,0.9136626720428467,-0.2915797531604767,-0.28319939970970156,0.3262428641319275,0.941632091999054,0.08303356915712357,0.2424587607383728,-0.16825644671916963,0.9554598927497864],"EasingStyle":"Linear","EasingDirection":"In"},"HumanoidRootPart":{"Weight":1,"CFrame":[0,0,0,1,0,0,0,1,0,0,0,1],"EasingStyle":"Linear","EasingDirection":"In"},"Left Arm":{"Weight":1,"CFrame":[-0.036868780851364139,-0.24021100997924806,0.45150327682495119,0.2594674825668335,0.08599182218313217,0.9619157910346985,-0.9592862725257874,0.13801053166389466,0.2464205026626587,-0.11156442761421204,-0.9866907596588135,0.11829997599124909],"EasingStyle":"Linear","EasingDirection":"In"}}},{"Time":0.23333333432674409,"poses":{"Left Leg":{"Weight":1,"CFrame":[-0.5206660628318787,-0.2368016242980957,0.29619431495666506,0.8032058477401733,-0.493467777967453,0.33369138836860659,0.5807294249534607,0.7734370231628418,-0.25406408309936526,-0.13271689414978028,0.3978501260280609,0.9078003764152527],"EasingStyle":"Linear","EasingDirection":"In"},"Right Arm":{"Weight":1,"CFrame":[0.8012588024139404,0.4993334412574768,0.4041023254394531,0.3144371807575226,-0.3186461329460144,-0.8942000865936279,0.8793559074401856,-0.2570558190345764,0.40081867575645449,-0.3575786352157593,-0.912352442741394,0.199375718832016],"EasingStyle":"Linear","EasingDirection":"In"},"Head":{"Weight":1,"CFrame":[2.2351741790771486e-8,8.940696716308594e-8,0.016662001609802247,0.9083133339881897,-0.28718164563179018,0.3041282594203949,0.3696352541446686,0.8914093971252441,-0.2622193396091461,-0.19579829275608064,0.35059380531311037,0.9158313274383545],"EasingStyle":"Linear","EasingDirection":"In"},"Right Leg":{"Weight":1,"CFrame":[0.6609967947006226,0.26720690727233889,0.07782840728759766,0.6191312074661255,0.7843864560127258,-0.03760935366153717,-0.43646010756492617,0.38353002071380618,0.8138840198516846,0.6528239250183106,-0.4874860644340515,0.5798088908195496],"EasingStyle":"Linear","EasingDirection":"In"},"Torso":{"Weight":1,"CFrame":[-0.09516036510467529,0.08598101139068604,-0.4971146583557129,0.8746699690818787,-0.322621613740921,-0.36175665259361269,0.38265979290008547,0.9176967740058899,0.10679048299789429,0.29753002524375918,-0.23183612525463105,0.9261360764503479],"EasingStyle":"Linear","EasingDirection":"In"},"HumanoidRootPart":{"Weight":1,"CFrame":[0,0,0,1,0,0,0,1,0,0,0,1],"EasingStyle":"Linear","EasingDirection":"In"},"Left Arm":{"Weight":1,"CFrame":[-0.04215055704116821,-0.2579704523086548,0.43528735637664797,0.27922388911247256,0.13050584495067597,0.9513161778450012,-0.9460678100585938,0.20689336955547334,0.24930088222026826,-0.1642857939004898,-0.9696202278137207,0.18123699724674226],"EasingStyle":"Linear","EasingDirection":"In"}}},{"Time":0.2666666805744171,"poses":{"Left Leg":{"Weight":1,"CFrame":[-0.3607715368270874,-0.21597754955291749,0.2837405204772949,0.7666243314743042,-0.47111693024635317,0.43627509474754336,0.6050581932067871,0.7574675679206848,-0.245249941945076,-0.21492280066013337,0.4519864022731781,0.8657462000846863],"EasingStyle":"Linear","EasingDirection":"In"},"Right Arm":{"Weight":1,"CFrame":[0.77452152967453,0.6109204292297363,0.21865594387054444,0.08690588176250458,-0.5772483348846436,-0.8119308352470398,0.847557783126831,-0.3854700028896332,0.3647719919681549,-0.5235390067100525,-0.7198593020439148,0.4557517468929291],"EasingStyle":"Linear","EasingDirection":"In"},"Head":{"Weight":1,"CFrame":[2.2351741790771486e-8,1.1920928955078126e-7,0.016661882400512697,0.8835111856460571,-0.2517835199832916,0.394985169172287,0.388275682926178,0.8653461337089539,-0.31688815355300906,-0.26201170682907107,0.43333742022514346,0.8623043298721314],"EasingStyle":"Linear","EasingDirection":"In"},"Right Leg":{"Weight":1,"CFrame":[0.6835521459579468,0.24634617567062379,0.11063671112060547,0.5687514543533325,0.822216272354126,0.02195921540260315,-0.45270785689353945,0.290638267993927,0.8429619669914246,0.6867148876190186,-0.4893771708011627,0.5375248193740845],"EasingStyle":"Linear","EasingDirection":"In"},"Torso":{"Weight":1,"CFrame":[-0.06779932975769043,0.09743788838386536,-0.5385658740997315,0.851726233959198,-0.327663391828537,-0.40890002250671389,0.40638041496276858,0.9056941866874695,0.1207188293337822,0.33078327775001528,-0.26898834109306338,0.9045594334602356],"EasingStyle":"Linear","EasingDirection":"In"},"HumanoidRootPart":{"Weight":1,"CFrame":[0,0,0,1,0,0,0,1,0,0,0,1],"EasingStyle":"Linear","EasingDirection":"In"},"Left Arm":{"Weight":1,"CFrame":[-0.047850966453552249,-0.26300930976867678,0.4204035997390747,0.29466500878334048,0.17446966469287873,0.9395387172698975,-0.9337062835693359,0.26182296872138979,0.24421603977680207,-0.2033846229314804,-0.9492150545120239,0.2400534301996231],"EasingStyle":"Linear","EasingDirection":"In"}}},{"Time":0.30000001192092898,"poses":{"Left Leg":{"Weight":1,"CFrame":[-0.2768086791038513,-0.17476403713226319,0.28134679794311526,0.7038533091545105,-0.46057969331741335,0.5407928824424744,0.6310508251190186,0.7549626231193543,-0.1783432811498642,-0.32613712549209597,0.46679529547691347,0.8220320343971252],"EasingStyle":"Linear","EasingDirection":"In"},"Right Arm":{"Weight":1,"CFrame":[0.7484470009803772,0.6957542896270752,-0.012725889682769776,-0.24786780774593354,-0.8019335865974426,-0.5435659885406494,0.850629985332489,-0.4486847519874573,0.2740633487701416,-0.46367043256759646,-0.39444196224212649,0.7933632731437683],"EasingStyle":"Linear","EasingDirection":"In"},"Head":{"Weight":1,"CFrame":[1.2665987014770509e-7,-4.470348358154297e-8,0.016662120819091798,0.8417279720306397,-0.2612258195877075,0.47249889373779299,0.4445873498916626,0.8319050669670105,-0.3320784568786621,-0.3063267171382904,0.4895867705345154,0.8163753747940064],"EasingStyle":"Linear","EasingDirection":"In"},"Right Leg":{"Weight":1,"CFrame":[0.7468980550765991,0.2023128867149353,0.13812255859375,0.5522200465202332,0.8304726481437683,0.07326856255531311,-0.49686622619628909,0.2572670876979828,0.8288168907165527,0.6694602370262146,-0.49409398436546328,0.5547019839286804],"EasingStyle":"Linear","EasingDirection":"In"},"Torso":{"Weight":1,"CFrame":[-0.04522073268890381,0.10176852345466614,-0.5511724948883057,0.8559702038764954,-0.3097561001777649,-0.4139641225337982,0.3908802568912506,0.9117789268493652,0.12598364055156709,0.3384195864200592,-0.26964861154556277,0.9015330672264099],"EasingStyle":"Linear","EasingDirection":"In"},"HumanoidRootPart":{"Weight":1,"CFrame":[0,0,0,1,0,0,0,1,0,0,0,1],"EasingStyle":"Linear","EasingDirection":"In"},"Left Arm":{"Weight":1,"CFrame":[-0.0516965389251709,-0.25698620080947878,0.41168296337127688,0.30303478240966799,0.21357429027557374,0.9287388920783997,-0.9251925945281982,0.2995557188987732,0.23299136757850648,-0.22844812273979188,-0.9298669099807739,0.288373202085495],"EasingStyle":"Linear","EasingDirection":"In"}}},{"Time":0.3333333432674408,"poses":{"Left Leg":{"Weight":1,"CFrame":[-0.2780775725841522,-0.1607896089553833,0.3176689147949219,0.6122751832008362,-0.4748942255973816,0.6321350336074829,0.6625158190727234,0.7445029020309448,-0.08239053189754486,-0.43149954080581667,0.46924513578414919,0.770465612411499],"EasingStyle":"Linear","EasingDirection":"In"},"Right Arm":{"Weight":1,"CFrame":[0.7273240089416504,0.7237566709518433,-0.23794376850128175,-0.4936932921409607,-0.8686707019805908,-0.04096987843513489,0.8554540872573853,-0.4935762584209442,0.1567821353673935,-0.156413733959198,0.042354319244623187,0.9867831468582153],"EasingStyle":"Linear","EasingDirection":"In"},"Head":{"Weight":1,"CFrame":[5.960464477539063e-8,8.195638656616211e-8,0.016661882400512697,0.7973222732543945,-0.31395673751831057,0.5154690742492676,0.5167533159255981,0.7963694930076599,-0.31426382064819338,-0.3118385374546051,0.5169399380683899,0.79720139503479],"EasingStyle":"Linear","EasingDirection":"In"},"Right Leg":{"Weight":1,"CFrame":[0.8209229111671448,0.1511552333831787,0.1450939178466797,0.5707672834396362,0.8135073184967041,0.11149324476718903,-0.5551965236663818,0.2823113203048706,0.7823407649993897,0.6049641370773315,-0.5084351301193237,0.6127904653549194],"EasingStyle":"Linear","EasingDirection":"In"},"Torso":{"Weight":1,"CFrame":[-0.013776540756225586,0.10394573211669922,-0.5355851650238037,0.8824008703231812,-0.27620556950569155,-0.3808928430080414,0.3463880717754364,0.9292306900024414,0.12863050401210786,0.3184088468551636,-0.24544042348861695,0.9156281352043152],"EasingStyle":"Linear","EasingDirection":"In"},"HumanoidRootPart":{"Weight":1,"CFrame":[0,0,0,1,0,0,0,1,0,0,0,1],"EasingStyle":"Linear","EasingDirection":"In"},"Left Arm":{"Weight":1,"CFrame":[-0.052676618099212649,-0.24189743399620057,0.4089096784591675,0.30521291494369509,0.24136486649513246,0.9211883544921875,-0.9224683046340942,0.3151027262210846,0.22307534515857697,-0.23642650246620179,-0.917852520942688,0.3188249170780182],"EasingStyle":"Linear","EasingDirection":"In"}}},{"Time":0.36666667461395266,"poses":{"Left Leg":{"Weight":1,"CFrame":[-0.29578033089637759,-0.14121663570404054,0.36894917488098147,0.5341968536376953,-0.479829877614975,0.6959863305091858,0.663892388343811,0.7478041052818298,0.005990834441035986,-0.5233360528945923,0.45885980129241946,0.7180300951004028],"EasingStyle":"Linear","EasingDirection":"In"},"Right Arm":{"Weight":1,"CFrame":[0.7133455872535706,0.7145814895629883,-0.420764684677124,-0.5086856484413147,-0.7466949820518494,0.42858555912971499,0.8424718976020813,-0.5342960357666016,0.06905795633792877,0.1774263232946396,0.39619994163513186,0.9008582234382629],"EasingStyle":"Linear","EasingDirection":"In"},"Head":{"Weight":1,"CFrame":[5.960464477539063e-8,1.1175870895385742e-7,0.016661882400512697,0.7537001371383667,-0.38934335112571719,0.5294788479804993,0.5870150327682495,0.7610979676246643,-0.27594083547592165,-0.29554951190948489,0.5187886357307434,0.8021900057792664],"EasingStyle":"Linear","EasingDirection":"In"},"Right Leg":{"Weight":1,"CFrame":[0.8813824653625488,0.11499643325805664,0.12330842018127442,0.613874077796936,0.77887362241745,0.128509059548378,-0.594211220741272,0.34874966740608218,0.7247664928436279,0.5196840763092041,-0.5212768912315369,0.6769039630889893],"EasingStyle":"Linear","EasingDirection":"In"},"Torso":{"Weight":1,"CFrame":[0.009380102157592774,0.09861871600151062,-0.500823974609375,0.9138193130493164,-0.2389354407787323,-0.32839635014533999,0.29192954301834109,0.9486072063446045,0.1221543699502945,0.28233209252357485,-0.20749562978744508,0.936607837677002],"EasingStyle":"Linear","EasingDirection":"In"},"HumanoidRootPart":{"Weight":1,"CFrame":[0,0,0,1,0,0,0,1,0,0,0,1],"EasingStyle":"Linear","EasingDirection":"In"},"Left Arm":{"Weight":1,"CFrame":[-0.04994538426399231,-0.21806460618972779,0.4087045192718506,0.3042130768299103,0.2587350308895111,0.9167935848236084,-0.9249041080474854,0.3106214702129364,0.21924138069152833,-0.22805047035217286,-0.914642333984375,0.33380046486854555],"EasingStyle":"Linear","EasingDirection":"In"}}},{"Time":0.4000000059604645,"poses":{"Left Leg":{"Weight":1,"CFrame":[-0.3240886330604553,-0.09761464595794678,0.42607998847961428,0.4859413504600525,-0.47496265172958376,0.7336698770523071,0.631072998046875,0.7714381217956543,0.08142600208520889,-0.6046551465988159,0.4234308898448944,0.6746097803115845],"EasingStyle":"Linear","EasingDirection":"In"},"Right Arm":{"Weight":1,"CFrame":[0.703822910785675,0.6788309812545776,-0.550683856010437,-0.3879746198654175,-0.5878064036369324,0.7099011540412903,0.8254035115242004,-0.5643121004104614,-0.016157984733581544,0.4101034700870514,0.5796858668327332,0.7041159868240356],"EasingStyle":"Linear","EasingDirection":"In"},"Head":{"Weight":1,"CFrame":[2.9802322387695315e-8,-3.725290298461914e-9,0.016661763191223146,0.7104945778846741,-0.4815753400325775,0.5131107568740845,0.6515683531761169,0.7256290316581726,-0.22118182480335236,-0.26581236720085146,0.4914751946926117,0.8293347358703613],"EasingStyle":"Linear","EasingDirection":"In"},"Right Leg":{"Weight":1,"CFrame":[0.9391494393348694,0.08569580316543579,0.06878161430358887,0.6683170795440674,0.7285077571868897,0.15042869746685029,-0.6269218325614929,0.4427562355995178,0.6410428285598755,0.40040141344070437,-0.5227268934249878,0.7526190876960754],"EasingStyle":"Linear","EasingDirection":"In"},"Torso":{"Weight":1,"CFrame":[0.00026237964630126953,0.08516709506511688,-0.4578089714050293,0.9435585737228394,-0.19827155768871308,-0.2653031349182129,0.23288920521736146,0.9667310118675232,0.10580097883939743,0.23549944162368775,-0.16161562502384187,0.9583425521850586],"EasingStyle":"Linear","EasingDirection":"In"},"HumanoidRootPart":{"Weight":1,"CFrame":[0,0,0,1,0,0,0,1,0,0,0,1],"EasingStyle":"Linear","EasingDirection":"In"},"Left Arm":{"Weight":1,"CFrame":[-0.043053045868873599,-0.18929430842399598,0.40858542919158938,0.29882311820983889,0.27081039547920229,0.9150773882865906,-0.9305020570755005,0.29552754759788515,0.21640099585056306,-0.21182695031166078,-0.9161469340324402,0.3402999937534332],"EasingStyle":"Linear","EasingDirection":"In"}}},{"Time":0.4333333373069763,"poses":{"Left Leg":{"Weight":1,"CFrame":[-0.3424200415611267,-0.010107278823852539,0.4540947675704956,0.48707494139671328,-0.45923131704330447,0.7428759932518005,0.5559447407722473,0.819034993648529,0.1417998969554901,-0.673560380935669,0.34393084049224856,0.6542385816574097],"EasingStyle":"Linear","EasingDirection":"In"},"Right Arm":{"Weight":1,"CFrame":[0.6958822011947632,0.6138066053390503,-0.6220580339431763,-0.2395315170288086,-0.48510417342185976,0.8410106301307678,0.8145414590835571,-0.5717973709106445,-0.09782617539167404,0.5283435583114624,0.6616055369377136,0.5321007966995239],"EasingStyle":"Linear","EasingDirection":"In"},"Head":{"Weight":1,"CFrame":[1.4901161193847657e-8,-1.862645149230957e-8,0.016661882400512697,0.6665396094322205,-0.5833761692047119,0.4641091823577881,0.7117125391960144,0.683213472366333,-0.16335418820381165,-0.22178871929645539,0.4391942620277405,0.8705849051475525],"EasingStyle":"Linear","EasingDirection":"In"},"Right Leg":{"Weight":1,"CFrame":[0.9703550338745117,0.09261363744735718,-0.000527501106262207,0.7321335077285767,0.6619580388069153,0.1605997085571289,-0.6255313754081726,0.5600640177726746,0.5431746244430542,0.26961275935173037,-0.4981364905834198,0.824117124080658],"EasingStyle":"Linear","EasingDirection":"In"},"Torso":{"Weight":1,"CFrame":[-0.047907352447509769,0.068422332406044,-0.4142112731933594,0.9681438207626343,-0.1511024534702301,-0.19966372847557069,0.17082250118255616,0.9815900325775147,0.08544410765171051,0.1830771118402481,-0.11682924628257752,0.9761320352554321],"EasingStyle":"Linear","EasingDirection":"In"},"HumanoidRootPart":{"Weight":1,"CFrame":[0,0,0,1,0,0,0,1,0,0,0,1],"EasingStyle":"Linear","EasingDirection":"In"},"Left Arm":{"Weight":1,"CFrame":[-0.03233619034290314,-0.16006764769554139,0.41094470024108889,0.286873459815979,0.2723214626312256,0.9184468388557434,-0.9396160840988159,0.2667538821697235,0.21439233422279359,-0.1866157054901123,-0.9244909286499023,0.3324025571346283],"EasingStyle":"Linear","EasingDirection":"In"}}},{"Time":0.46666666865348818,"poses":{"Left Leg":{"Weight":1,"CFrame":[-0.3469303846359253,0.10556495189666748,0.4441882371902466,0.5300577878952026,-0.43641382455825808,0.72703617811203,0.444661408662796,0.8731057643890381,0.19990631937980653,-0.7220214009284973,0.21732309460639954,0.6568530201911926],"EasingStyle":"Linear","EasingDirection":"In"},"Right Arm":{"Weight":1,"CFrame":[0.6932514309883118,0.5348881483078003,-0.6413193941116333,-0.07994794845581055,-0.43959808349609377,0.8946295380592346,0.8322296738624573,-0.5234206318855286,-0.1828237920999527,0.5486366748809815,0.7299208641052246,0.4076928496360779],"EasingStyle":"Linear","EasingDirection":"In"},"Head":{"Weight":1,"CFrame":[1.3969838619232178e-8,3.5390257835388186e-8,0.016661882400512697,0.6195797920227051,-0.6801270842552185,0.39185208082199099,0.766088604927063,0.6326965093612671,-0.11315244436264038,-0.17096540331840516,0.3703004717826843,0.9130434989929199],"EasingStyle":"Linear","EasingDirection":"In"},"Right Leg":{"Weight":1,"CFrame":[0.9738452434539795,0.1171727180480957,-0.05886495113372803,0.7941442131996155,0.5879983901977539,0.1535997837781906,-0.5889466404914856,0.6822637915611267,0.43319499492645266,0.14992240071296693,-0.43448135256767275,0.8881155848503113],"EasingStyle":"Linear","EasingDirection":"In"},"Torso":{"Weight":1,"CFrame":[-0.1312519907951355,0.04938231408596039,-0.3736703395843506,0.9861557483673096,-0.0994504988193512,-0.13268911838531495,0.10843708366155625,0.9921495318412781,0.062296848744153979,0.1254519820213318,-0.07582283020019531,0.9891980290412903],"EasingStyle":"Linear","EasingDirection":"In"},"HumanoidRootPart":{"Weight":1,"CFrame":[0,0,0,1,0,0,0,1,0,0,0,1],"EasingStyle":"Linear","EasingDirection":"In"},"Left Arm":{"Weight":1,"CFrame":[-0.019250482320785524,-0.13198459148406983,0.4201359748840332,0.26976683735847475,0.25810596346855166,0.9276891946792603,-0.9510380625724793,0.22233177721500398,0.21469825506210328,-0.15083996951580048,-0.9401862025260925,0.30544647574424746],"EasingStyle":"Linear","EasingDirection":"In"}}},{"Time":0.5,"poses":{"Left Leg":{"Weight":1,"CFrame":[-0.3393423557281494,0.2205919623374939,0.4056910276412964,0.5905401706695557,-0.41260525584220889,0.6935555338859558,0.3150666356086731,0.9090896248817444,0.2725602388381958,-0.7429638504981995,0.05755842104554176,0.6668521165847778],"EasingStyle":"Linear","EasingDirection":"In"},"Right Arm":{"Weight":1,"CFrame":[0.6951771378517151,0.4506499767303467,-0.6338188648223877,0.13079063594341279,-0.42084410786628725,0.8976547718048096,0.855135440826416,-0.41024377942085268,-0.3169284462928772,0.5016345977783203,0.8090676069259644,0.30622267723083498],"EasingStyle":"Linear","EasingDirection":"In"},"Head":{"Weight":1,"CFrame":[7.334165275096893e-8,-1.0244548320770264e-8,0.016662001609802247,0.5713693499565125,-0.7650644779205322,0.29700767993927,0.812042236328125,0.5794334411621094,-0.06960130482912064,-0.11884673684835434,0.28095078468322756,0.9523351192474365],"EasingStyle":"Linear","EasingDirection":"In"},"Right Leg":{"Weight":1,"CFrame":[0.9626995325088501,0.13013488054275514,-0.09597790241241455,0.8442350029945374,0.5141078233718872,0.15152715146541596,-0.5349236130714417,0.7905221581459045,0.2982138693332672,0.03352856636047363,-0.33281806111335757,0.9423949122428894],"EasingStyle":"Linear","EasingDirection":"In"},"Torso":{"Weight":1,"CFrame":[-0.24059247970581056,0.028064467012882234,-0.33945298194885256,0.9968136548995972,-0.045823629945516589,-0.0652896836400032,0.048268914222717288,0.9981716275215149,0.03638038411736488,0.0635032206773758,-0.03941591829061508,0.9972030520439148],"EasingStyle":"Linear","EasingDirection":"In"},"HumanoidRootPart":{"Weight":1,"CFrame":[0,0,0,1,0,0,0,1,0,0,0,1],"EasingStyle":"Linear","EasingDirection":"In"},"Left Arm":{"Weight":1,"CFrame":[-0.005142081528902054,-0.10562953352928162,0.43750178813934328,0.2460605949163437,0.22786831855773927,0.94208824634552,-0.9629387855529785,0.16824820637702943,0.2108113318681717,-0.11046750098466873,-0.9590456485748291,0.2608226537704468],"EasingStyle":"Linear","EasingDirection":"In"}}},{"Time":0.5333333611488342,"poses":{"Left Leg":{"Weight":1,"CFrame":[-0.3241504728794098,0.3069763779640198,0.34637129306793215,0.6643301248550415,-0.39136093854904177,0.6367905139923096,0.19782504439353944,0.9136451482772827,0.3551308214664459,-0.7207847237586975,-0.10995090752840042,0.6843830347061157],"EasingStyle":"Linear","EasingDirection":"In"},"Right Arm":{"Weight":1,"CFrame":[0.7042489647865295,0.3586652874946594,-0.6009131669998169,0.3708999752998352,-0.4039584696292877,0.8362122774124146,0.8422774076461792,-0.23293572664260865,-0.48611709475517275,0.39115479588508608,0.8846233487129211,0.25384920835494997],"EasingStyle":"Linear","EasingDirection":"In"},"Head":{"Weight":1,"CFrame":[6.920163286849857e-8,5.3551048040390018e-9,0.016661763191223146,0.5188755989074707,-0.8325716853141785,0.1938875913619995,0.8511383533477783,0.5242714285850525,-0.026516981422901155,-0.07957244664430618,0.17878422141075135,0.980665385723114],"EasingStyle":"Linear","EasingDirection":"In"},"Right Leg":{"Weight":1,"CFrame":[0.93114173412323,0.13330358266830445,-0.10917031764984131,0.884797990322113,0.4431059658527374,0.1441856026649475,-0.4629476070404053,0.8711217045783997,0.1637878119945526,-0.05302777886390686,-0.21166950464248658,0.97590172290802],"EasingStyle":"Linear","EasingDirection":"In"},"Torso":{"Weight":1,"CFrame":[-0.35688433051109316,0.0047312453389167789,-0.31546831130981448,0.999945878982544,0.009208358824253083,-0.004848499316722155,-0.009169317781925202,0.9999258518218994,0.00801379606127739,0.004921933636069298,-0.007968904450535775,0.9999561309814453],"EasingStyle":"Linear","EasingDirection":"In"},"HumanoidRootPart":{"Weight":1,"CFrame":[0,0,0,1,0,0,0,1,0,0,0,1],"EasingStyle":"Linear","EasingDirection":"In"},"Left Arm":{"Weight":1,"CFrame":[0.009669081307947636,-0.0816834568977356,0.45849788188934328,0.2211841195821762,0.18479229509830476,0.9575643539428711,-0.9729015231132507,0.10965150594711304,0.2035660743713379,-0.06738097965717316,-0.9766414165496826,0.20403817296028138],"EasingStyle":"Linear","EasingDirection":"In"}}},{"Time":0.5666666626930237,"poses":{"Left Leg":{"Weight":1,"CFrame":[-0.32479554414749148,0.3514845371246338,0.29023873805999758,0.7416523694992065,-0.3816280663013458,0.551644504070282,0.1322992742061615,0.889454185962677,0.43745651841163638,-0.657608151435852,-0.2514585554599762,0.7101550102233887],"EasingStyle":"Linear","EasingDirection":"In"},"Right Arm":{"Weight":1,"CFrame":[0.7254449129104614,0.2604144215583801,-0.5104656219482422,0.5940182209014893,-0.3858577013015747,0.705872654914856,0.7697522640228272,0.01770487241446972,-0.6380972266197205,0.2337173968553543,0.9223884344100952,0.3075316846370697],"EasingStyle":"Linear","EasingDirection":"In"},"Head":{"Weight":1,"CFrame":[6.635673344135285e-8,0,0.01666247844696045,0.4657430648803711,-0.8793542981147766,0.0990934669971466,0.8827950954437256,0.46945783495903017,0.016792966052889825,-0.06128712743520737,0.07965802401304245,0.994936466217041],"EasingStyle":"Linear","EasingDirection":"In"},"Right Leg":{"Weight":1,"CFrame":[0.8909216523170471,0.12996041774749757,-0.12202048301696778,0.9144589900970459,0.37808454036712649,0.14428044855594636,-0.3888738453388214,0.9196630120277405,0.05474647879600525,-0.11199051886796951,-0.10617032647132874,0.9880213141441345],"EasingStyle":"Linear","EasingDirection":"In"},"Torso":{"Weight":1,"CFrame":[-0.4587171673774719,-0.01956390216946602,-0.30319929122924807,0.9971068501472473,0.0631762444972992,0.04227161034941673,-0.06230933219194412,0.9978248476982117,-0.021522222086787225,-0.04353935644030571,0.018826037645339967,0.9988743662834168],"EasingStyle":"Linear","EasingDirection":"In"},"HumanoidRootPart":{"Weight":1,"CFrame":[0,0,0,1,0,0,0,1,0,0,0,1],"EasingStyle":"Linear","EasingDirection":"In"},"Left Arm":{"Weight":1,"CFrame":[0.025272704660892488,-0.06113806366920471,0.478169322013855,0.20233938097953797,0.13545984029769898,0.9699018001556397,-0.9790815711021423,0.04962581768631935,0.1973235011100769,-0.02140282467007637,-0.9895393252372742,0.14266759157180787],"EasingStyle":"Linear","EasingDirection":"In"}}},{"Time":0.6000000238418579,"poses":{"Left Leg":{"Weight":1,"CFrame":[-0.3609985411167145,0.37686604261398318,0.24679112434387208,0.7976605892181397,-0.38972559571266177,0.46027320623397829,0.11738864332437515,0.8489013314247131,0.5153509378433228,-0.5915719270706177,-0.3570442795753479,0.7228845953941345],"EasingStyle":"Linear","EasingDirection":"In"},"Right Arm":{"Weight":1,"CFrame":[0.7582059502601624,0.15697872638702393,-0.3716493844985962,0.8023533225059509,-0.3612407147884369,0.4751151502132416,0.5869104266166687,0.33286571502685549,-0.7380627989768982,0.10846874117851258,0.8710370659828186,0.47909173369407656],"EasingStyle":"Linear","EasingDirection":"In"},"Head":{"Weight":1,"CFrame":[1.4528632164001466e-7,2.60770320892334e-8,0.016662240028381349,0.4297388792037964,-0.9029478430747986,0.003146392060443759,0.9014604687690735,0.42922618985176089,0.05598174035549164,-0.05189908295869827,-0.021221213042736055,0.9984268546104431],"EasingStyle":"Linear","EasingDirection":"In"},"Right Leg":{"Weight":1,"CFrame":[0.8371405601501465,0.11893349885940552,-0.12097382545471192,0.937829852104187,0.32118815183639529,0.1315802037715912,-0.3201526403427124,0.9469055533409119,-0.02953493222594261,-0.1340802162885666,-0.014426985755562783,0.9908655285835266],"EasingStyle":"Linear","EasingDirection":"In"},"Torso":{"Weight":1,"CFrame":[-0.5198206901550293,-0.04337555915117264,-0.29930639266967776,0.990475058555603,0.10674454271793366,0.08697594702243805,-0.10263195633888245,0.993438184261322,-0.05047045275568962,-0.09179268032312393,0.041063208132982257,0.9949311017990112],"EasingStyle":"Linear","EasingDirection":"In"},"HumanoidRootPart":{"Weight":1,"CFrame":[0,0,0,1,0,0,0,1,0,0,0,1],"EasingStyle":"Linear","EasingDirection":"In"},"Left Arm":{"Weight":1,"CFrame":[0.04189708083868027,-0.04590165615081787,0.4959254264831543,0.18906018137931825,0.082402803003788,0.9785019755363464,-0.9815956354141235,-0.011490763165056706,0.1906256079673767,0.026951774954795839,-0.9965328574180603,0.07871392369270325],"EasingStyle":"Linear","EasingDirection":"In"}}},{"Time":0.6333333253860474,"poses":{"Left Leg":{"Weight":1,"CFrame":[-0.41445404291152956,0.3912619948387146,0.2119349241256714,0.8256902098655701,-0.40541109442710879,0.3922722637653351,0.1292390674352646,0.8128147125244141,0.5680050253868103,-0.5491201281547546,-0.41829922795295718,0.7235280871391296],"EasingStyle":"Linear","EasingDirection":"In"},"Right Arm":{"Weight":1,"CFrame":[0.8014161586761475,0.0604669451713562,-0.21628844738006593,0.9482467770576477,-0.2715272009372711,0.16462425887584687,0.3087145686149597,0.6669901609420776,-0.6780999302864075,0.07431977987289429,0.6938279867172241,0.7162955403327942],"EasingStyle":"Linear","EasingDirection":"In"},"Head":{"Weight":1,"CFrame":[2.4400651454925539e-7,-1.4901161193847657e-8,0.016661882400512697,0.4164503216743469,-0.9053202867507935,-0.08345287293195725,0.9082601070404053,0.4102025330066681,0.08244846016168595,-0.04040970280766487,-0.1101326048374176,