{"Sequence":[{"Time":0,"poses":{"Left Leg":{"Weight":1,"CFrame":[-0.11777545511722565,-0.04068708419799805,-0.018992066383361818,0.9566858410835266,0.012243504635989666,-0.2908645272254944,-0.03698786348104477,0.9961303472518921,-0.07972658425569534,0.2887628376483917,0.08703170716762543,0.9534367322921753],"EasingStyle":"Linear","EasingDirection":"In"},"Right Arm":{"Weight":1,"CFrame":[0.010395944118499756,-0.4755324125289917,-0.005182385444641113,-0.973553478717804,-0.1950182318687439,0.11900311708450318,0.12321203202009201,-0.8868426084518433,-0.44534143805503847,0.19238658249378205,-0.4189009964466095,0.8874172568321228],"EasingStyle":"Linear","EasingDirection":"In"},"Left Arm":{"Weight":1,"CFrame":[0.019131094217300416,0.7318931818008423,-0.04081004858016968,-0.9917817711830139,0.024149877950549127,-0.12564131617546082,-0.016059942543506624,-0.9977555274963379,-0.065008245408535,-0.12692929804325105,-0.0624563992023468,0.9899435639381409],"EasingStyle":"Linear","EasingDirection":"In"},"Head":{"Weight":1,"CFrame":[7.264316082000733e-8,1.4901161193847657e-8,0.016662240028381349,0.9274210929870606,0.3732287287712097,0.02430354803800583,-0.37106189131736758,0.9262987375259399,-0.065449558198452,-0.04694002866744995,0.051681097596883777,0.9975599050521851],"EasingStyle":"Linear","EasingDirection":"In"},"Torso":{"Weight":1,"CFrame":[-0.0676010400056839,0.020049206912517549,-0.010084867477416993,0.8839088678359985,-0.4605938792228699,-0.08098425716161728,0.4636533856391907,0.8857149481773377,0.02312142588198185,0.06107938662171364,-0.057985853403806689,0.9964471459388733],"EasingStyle":"Linear","EasingDirection":"In"},"HumanoidRootPart":{"Weight":1,"CFrame":[0,0,0,1,0,0,0,1,0,0,0,1],"EasingStyle":"Linear","EasingDirection":"In"},"Right Leg":{"Weight":1,"CFrame":[-0.13773754239082337,0.11478465795516968,-0.037252843379974368,0.97444087266922,-0.031931065022945407,-0.22236353158950807,0.08556726574897766,0.9679854512214661,0.23597143590450288,0.20770995318889619,-0.248967245221138,0.945976734161377],"EasingStyle":"Linear","EasingDirection":"In"}}},{"Time":0.03333333507180214,"poses":{"Left Leg":{"Weight":1,"CFrame":[-0.11671142280101776,-0.05377197265625,-0.01996147632598877,0.9574027061462402,0.002991837216541171,-0.2887405455112457,-0.03512009233236313,0.9937293529510498,-0.10615403205156326,0.28661230206489565,0.11177271604537964,0.9515042901039124],"EasingStyle":"Linear","EasingDirection":"In"},"Right Arm":{"Weight":1,"CFrame":[0.011331632733345032,-0.48988425731658938,-0.009192585945129395,-0.9734393358230591,-0.19574210047721864,0.1187480092048645,0.12430614978075028,-0.8874418139457703,-0.4438411593437195,0.19226032495498658,-0.41729143261909487,0.8882026672363281],"EasingStyle":"Linear","EasingDirection":"In"},"Left Arm":{"Weight":1,"CFrame":[0.017930924892425538,0.7404255867004395,-0.03910267353057861,-0.9917400479316711,0.035041626542806628,-0.12338464707136154,-0.0237524826079607,-0.9954935908317566,-0.09180597215890885,-0.1260456144809723,-0.0881170853972435,0.9881032705307007],"EasingStyle":"Linear","EasingDirection":"In"},"Head":{"Weight":1,"CFrame":[8.568167686462403e-8,-1.1175870895385743e-8,0.016662240028381349,0.9245665073394775,0.3781339228153229,0.046816375106573108,-0.37423011660575869,0.9243016242980957,-0.07495516538619995,-0.07161558419466019,0.05178094655275345,0.9960873126983643],"EasingStyle":"Linear","EasingDirection":"In"},"Torso":{"Weight":1,"CFrame":[-0.08726902306079865,0.018131788820028306,-0.08663439750671387,0.8822669386863709,-0.45880207419395449,-0.10538366436958313,0.4632680118083954,0.8859622478485107,0.021300744265317918,0.08359312266111374,-0.06761381775140763,0.994203507900238],"EasingStyle":"Linear","EasingDirection":"In"},"HumanoidRootPart":{"Weight":1,"CFrame":[0,0,0,1,0,0,0,1,0,0,0,1],"EasingStyle":"Linear","EasingDirection":"In"},"Right Leg":{"Weight":1,"CFrame":[-0.13508886098861695,0.13142240047454835,-0.041058361530303958,0.9758099317550659,-0.024243293330073358,-0.21727219223976136,0.08380227535963059,0.9593971371650696,0.2693219482898712,0.20192112028598786,-0.281015008687973,0.9382209777832031],"EasingStyle":"Linear","EasingDirection":"In"}}},{"Time":0.06666667014360428,"poses":{"Left Leg":{"Weight":1,"CFrame":[-0.3672924041748047,-0.04752683639526367,-0.09453636407852173,0.9481678605079651,-0.1377914547920227,-0.28634124994277956,0.10324706882238388,0.9857920408248901,-0.13249269127845765,0.3005291819572449,0.09606140106916428,0.9489228129386902],"EasingStyle":"Linear","EasingDirection":"In"},"Right Arm":{"Weight":1,"CFrame":[0.012228667736053467,-0.5042847990989685,-0.013118982315063477,-0.973125159740448,-0.19770894944667817,0.11806173622608185,0.12727515399456025,-0.8890513777732849,-0.4397597014904022,0.1919073909521103,-0.41291502118110659,0.8903217911720276],"EasingStyle":"Linear","EasingDirection":"In"},"Left Arm":{"Weight":1,"CFrame":[0.01672692596912384,0.7489825487136841,-0.03738963603973389,-0.9916122555732727,0.045868031680583957,-0.12083565443754196,-0.031464263796806338,-0.9924529790878296,-0.11852078884840012,-0.12536002695560456,-0.11372493207454682,0.9855716824531555],"EasingStyle":"Linear","EasingDirection":"In"},"Head":{"Weight":1,"CFrame":[1.0058283805847168e-7,2.9802322387695315e-8,0.016662120819091798,0.9200285077095032,0.38567912578582766,0.06927702575922013,-0.3798242211341858,0.92120760679245,-0.08432069420814514,-0.09633929282426834,0.051264382898807529,0.9940275549888611],"EasingStyle":"Linear","EasingDirection":"In"},"Torso":{"Weight":1,"CFrame":[-0.1068861186504364,0.016223952174186708,-0.16367745399475099,0.8800734877586365,-0.4567747116088867,-0.12972120940685273,0.4628413915634155,0.8862268924713135,0.019491713494062425,0.10605908930301666,-0.07719450443983078,0.9913589358329773],"EasingStyle":"Linear","EasingDirection":"In"},"HumanoidRootPart":{"Weight":1,"CFrame":[0,0,0,1,0,0,0,1,0,0,0,1],"EasingStyle":"Linear","EasingDirection":"In"},"Right Leg":{"Weight":1,"CFrame":[0.25873228907585146,0.20696526765823365,0.02429342269897461,0.9591050148010254,0.18805372714996339,-0.21154989302158357,-0.11846589297056198,0.9454777240753174,0.3033771812915802,0.25706690549850466,-0.26590919494628909,0.9290903806686401],"EasingStyle":"Linear","EasingDirection":"In"}}},{"Time":0.10000000149011612,"poses":{"Left Leg":{"Weight":1,"CFrame":[-0.46198397874832156,-0.0395503044128418,-0.12133926153182984,0.9391857981681824,-0.19134685397148133,-0.2851603627204895,0.1552521139383316,0.977260172367096,-0.14442773163318635,0.30631163716316225,0.09137270599603653,0.9475359320640564],"EasingStyle":"Linear","EasingDirection":"In"},"Right Arm":{"Weight":1,"CFrame":[0.01254454255104065,-0.5109424591064453,-0.014704346656799317,-0.9724957346916199,-0.2015475481748581,0.11675044894218445,0.1330534964799881,-0.8921149969100952,-0.43177276849746706,0.19117753207683564,-0.40436309576034548,0.8943945169448853],"EasingStyle":"Linear","EasingDirection":"In"},"Left Arm":{"Weight":1,"CFrame":[0.016178280115127565,0.7528811693191528,-0.03660881519317627,-0.9915257692337036,0.05076412856578827,-0.11958140134811402,-0.03497350960969925,-0.9908143281936646,-0.13062812387943269,-0.12511423230171204,-0.12533922493457795,0.9841933846473694],"EasingStyle":"Linear","EasingDirection":"In"},"Head":{"Weight":1,"CFrame":[1.0617077350616455e-7,7.450580596923828e-9,0.01666247844696045,0.9150935411453247,0.39534327387809756,0.07941990345716477,-0.3885762691497803,0.9171735644340515,-0.08832472562789917,-0.10776042938232422,0.049964651465415958,0.9929206371307373],"EasingStyle":"Linear","EasingDirection":"In"},"Torso":{"Weight":1,"CFrame":[-0.11578124761581421,0.015360288321971894,-0.19886016845703126,0.8788946866989136,-0.45577579736709597,-0.14075732231140138,0.46263399720191958,0.8863527178764343,0.0186737272888422,0.11624959856271744,-0.08153136074542999,0.9898680448532105],"EasingStyle":"Linear","EasingDirection":"In"},"HumanoidRootPart":{"Weight":1,"CFrame":[0,0,0,1,0,0,0,1,0,0,0,1],"EasingStyle":"Linear","EasingDirection":"In"},"Right Leg":{"Weight":1,"CFrame":[0.3472491204738617,0.23588675260543824,0.03242135047912598,0.9488949179649353,0.2367192804813385,-0.2087157964706421,-0.16271260380744935,0.9336318373680115,0.31914931535720827,0.27041253447532656,-0.2688784599304199,0.9244357347488403],"EasingStyle":"Linear","EasingDirection":"In"}}},{"Time":0.13333334028720857,"poses":{"Left Leg":{"Weight":1,"CFrame":[-0.43679311871528628,-0.041164278984069827,-0.1142587661743164,0.9419701099395752,-0.17636942863464356,-0.2856331765651703,0.14116251468658448,0.9800882935523987,-0.139643132686615,0.3045744299888611,0.09121893346309662,0.9481105208396912],"EasingStyle":"Linear","EasingDirection":"In"},"Right Arm":{"Weight":1,"CFrame":[0.01222391426563263,-0.5014927983283997,-0.012550532817840577,-0.971598744392395,-0.20750200748443604,0.11374928057193756,0.14362290501594544,-0.8991337418556213,-0.41343796253204348,0.18806497752666474,-0.3853588104248047,0.9033993482589722],"EasingStyle":"Linear","EasingDirection":"In"},"Left Arm":{"Weight":1,"CFrame":[0.016178295016288759,0.7528799772262573,-0.03660881519317627,-0.9915257692337036,0.05076415464282036,-0.11958152055740357,-0.034973494708538058,-0.9908143281936646,-0.13062819838523866,-0.12511426210403443,-0.12533928453922273,0.9841933250427246],"EasingStyle":"Linear","EasingDirection":"In"},"Head":{"Weight":1,"CFrame":[8.381903171539307e-8,5.587935447692871e-9,0.016661882400512697,0.9104406237602234,0.40675199031829836,0.07517224550247193,-0.4004570245742798,0.912261962890625,-0.0860956534743309,-0.10359637439250946,0.0482817105948925,0.993446946144104],"EasingStyle":"Linear","EasingDirection":"In"},"Torso":{"Weight":1,"CFrame":[-0.11208581924438477,0.015889476984739305,-0.18763065338134767,0.8793908953666687,-0.4561842978000641,-0.13626298308372498,0.4627136290073395,0.8863043785095215,0.018992729485034944,0.1121063083410263,-0.07975276559591294,0.9904906153678894],"EasingStyle":"Linear","EasingDirection":"In"},"HumanoidRootPart":{"Weight":1,"CFrame":[0,0,0,1,0,0,0,1,0,0,0,1],"EasingStyle":"Linear","EasingDirection":"In"},"Right Leg":{"Weight":1,"CFrame":[0.32038480043411257,0.226246178150177,0.03028273582458496,0.9523251056671143,0.2215094119310379,-0.20978662371635438,-0.1491548866033554,0.9378954768180847,0.3132171928882599,0.2661385238170624,-0.26699385046958926,0.9262206554412842],"EasingStyle":"Linear","EasingDirection":"In"}}},{"Time":0.1666666716337204,"poses":{"Left Leg":{"Weight":1,"CFrame":[-0.37239885330200198,-0.04497718811035156,-0.09583956003189087,0.9479600787162781,-0.13865098357200623,-0.2866140902042389,0.10519234091043472,0.9860386252403259,-0.12908323109149934,0.3005100190639496,0.0922161117196083,0.9493102431297302],"EasingStyle":"Linear","EasingDirection":"In"},"Right Arm":{"Weight":1,"CFrame":[0.011629998683929444,-0.48047056794166567,-0.00815039873123169,-0.97007155418396,-0.216873899102211,0.10921049118041992,0.16010303795337678,-0.9094194769859314,-0.3838271498680115,0.18256014585494996,-0.35485485196113589,0.9169241189956665],"EasingStyle":"Linear","EasingDirection":"In"},"Left Arm":{"Weight":1,"CFrame":[0.016178250312805177,0.7528804540634155,-0.036608755588531497,-0.9915257692337036,0.05076410248875618,-0.1195814311504364,-0.03497350960969925,-0.9908143877983093,-0.13062822818756104,-0.12511421740055085,-0.12533925473690034,0.9841934442520142],"EasingStyle":"Linear","EasingDirection":"In"},"Head":{"Weight":1,"CFrame":[7.636845111846924e-8,-7.450580596923828e-9,0.016662001609802247,0.9053040742874146,0.41961827874183657,0.06591638922691345,-0.41422978043556216,0.9065034985542297,-0.08164138346910477,-0.09401164203882218,0.04660576581954956,0.9944797158241272],"EasingStyle":"Linear","EasingDirection":"In"},"Torso":{"Weight":1,"CFrame":[-0.10394474864006043,0.01705567166209221,-0.16298437118530274,0.8804315328598023,-0.45702865719795229,-0.1263538897037506,0.4628572165966034,0.886214017868042,0.019696960225701333,0.10297451913356781,-0.07582562416791916,0.9917897582054138],"EasingStyle":"Linear","EasingDirection":"In"},"HumanoidRootPart":{"Weight":1,"CFrame":[0,0,0,1,0,0,0,1,0,0,0,1],"EasingStyle":"Linear","EasingDirection":"In"},"Right Leg":{"Weight":1,"CFrame":[0.25401103496551516,0.20450544357299806,0.023723602294921876,0.959757924079895,0.1840982884168625,-0.21206757426261903,-0.1153237447142601,0.946910560131073,0.3001014292240143,0.2560572326183319,-0.26356837153434756,0.9300357699394226],"EasingStyle":"Linear","EasingDirection":"In"}}},{"Time":0.20000000298023225,"poses":{"Left Leg":{"Weight":1,"CFrame":[-0.2842634916305542,-0.04950082302093506,-0.07008278369903565,0.9536972045898438,-0.08840491622686386,-0.28748252987861636,0.05618511512875557,0.9913668036460877,-0.11847013980150223,0.2954739034175873,0.09683234989643097,0.9504308700561523],"EasingStyle":"Linear","EasingDirection":"In"},"Right Arm":{"Weight":1,"CFrame":[0.010851472616195679,-0.4594429135322571,-0.003589153289794922,-0.9670965671539307,-0.23179000616073609,0.10486933588981629,0.18226414918899537,-0.9188308715820313,-0.35004258155822756,0.17749354243278504,-0.31941094994544985,0.9308451414108276],"EasingStyle":"Linear","EasingDirection":"In"},"Left Arm":{"Weight":1,"CFrame":[0.016178280115127565,0.7528806924819946,-0.03660881519317627,-0.9915257692337036,0.05076414346694946,-0.11958139389753342,-0.03497351333498955,-0.9908143281936646,-0.13062824308872224,-0.12511420249938966,-0.12533937394618989,0.9841933846473694],"EasingStyle":"Linear","EasingDirection":"In"},"Head":{"Weight":1,"CFrame":[5.587935447692871e-8,3.725290298461914e-9,0.016662240028381349,0.8993342518806458,0.43357834219932558,0.05663830041885376,-0.4290374517440796,0.8999890089035034,-0.0771147608757019,-0.084409199655056,0.045051999390125278,0.9954122304916382],"EasingStyle":"Linear","EasingDirection":"In"},"Torso":{"Weight":1,"CFrame":[-0.09579187631607056,0.018224496394395829,-0.13841795921325684,0.8814172744750977,-0.45776888728141787,-0.1164100170135498,0.46292755007743838,0.8861612677574158,0.020404381677508355,0.0938175618648529,-0.07187417149543762,0.9929916262626648],"EasingStyle":"Linear","EasingDirection":"In"},"HumanoidRootPart":{"Weight":1,"CFrame":[0,0,0,1,0,0,0,1,0,0,0,1],"EasingStyle":"Linear","EasingDirection":"In"},"Right Leg":{"Weight":1,"CFrame":[0.1724465936422348,0.18151897192001344,0.013187527656555176,0.9669241309165955,0.1384991705417633,-0.21418634057044984,-0.07322362065315247,0.9551146030426025,0.2870441973209381,0.24432793259620667,-0.26186642050743105,0.933664858341217],"EasingStyle":"Linear","EasingDirection":"In"}}},{"Time":0.23333333432674409,"poses":{"Left Leg":{"Weight":1,"CFrame":[-0.22262878715991975,-0.05215656757354736,-0.05181431770324707,0.9561831951141357,-0.05425891652703285,-0.2876972258090973,0.022188249975442888,0.9932804703712463,-0.11358562111854553,0.2919270098209381,0.102225162088871,0.9509620070457459],"EasingStyle":"Linear","EasingDirection":"In"},"Right Arm":{"Weight":1,"CFrame":[0.009983211755752564,-0.4500006437301636,-0.0009641647338867188,-0.9617134928703308,-0.2541864514350891,0.10245208442211151,0.21016475558280946,-0.923962414264679,-0.3195686638355255,0.17589189112186433,-0.28580179810523989,0.9420081973075867],"EasingStyle":"Linear","EasingDirection":"In"},"Left Arm":{"Weight":1,"CFrame":[0.01617826521396637,0.7528795003890991,-0.036608874797821048,-0.9915257692337036,0.05076409876346588,-0.11958149075508118,-0.03497350215911865,-0.9908143877983093,-0.13062822818756104,-0.12511424720287324,-0.12533926963806153,0.9841933250427246],"EasingStyle":"Linear","EasingDirection":"In"},"Head":{"Weight":1,"CFrame":[6.51925802230835e-8,7.450580596923828e-9,0.016661882400512697,0.8923771977424622,0.44824448227882388,0.05234544351696968,-0.4441043734550476,0.8928567171096802,-0.07468737661838532,-0.08021518588066101,0.04340242221951485,0.9958322048187256],"EasingStyle":"Linear","EasingDirection":"In"},"Torso":{"Weight":1,"CFrame":[-0.09208767116069794,0.01875804364681244,-0.1272745132446289,0.8819206953048706,-0.45793768763542178,-0.11184382438659668,0.4627992808818817,0.8862207531929016,0.020728688687086107,0.08962586522102356,-0.07004229724407196,0.9935095906257629],"EasingStyle":"Linear","EasingDirection":"In"},"HumanoidRootPart":{"Weight":1,"CFrame":[0,0,0,1,0,0,0,1,0,0,0,1],"EasingStyle":"Linear","EasingDirection":"In"},"Right Leg":{"Weight":1,"CFrame":[0.12664061784744264,0.17035502195358277,0.0060662031173706059,0.9700697660446167,0.11297252029180527,-0.21494615077972413,-0.049314048141241077,0.9583933353424072,0.2811591327190399,0.23776625096797944,-0.26214414834976199,0.9352795481681824],"EasingStyle":"Linear","EasingDirection":"In"}}},{"Time":0.2666666805744171,"poses":{"Left Leg":{"Weight":1,"CFrame":[-0.3096066117286682,-0.04563343524932861,-0.07161855697631836,0.95904141664505,-0.11571063846349716,-0.2585549056529999,0.08858688920736313,0.9894959926605225,-0.11423756927251816,0.2690575420856476,0.08665398508310318,0.9592180252075195],"EasingStyle":"Linear","EasingDirection":"In"},"Right Arm":{"Weight":1,"CFrame":[0.008597061038017273,-0.4500581622123718,0.00009083747863769531,-0.9467784762382507,-0.289440393447876,0.14083647727966309,0.23701848089694978,-0.922921359539032,-0.30337825417518618,0.21779091656208039,-0.25385138392448428,0.9424048066139221],"EasingStyle":"Linear","EasingDirection":"In"},"Left Arm":{"Weight":1,"CFrame":[0.016178295016288759,0.7528804540634155,-0.03660881519317627,-0.9915257692337036,0.0507640577852726,-0.11958137154579163,-0.03497350588440895,-0.9908143281936646,-0.13062810897827149,-0.12511421740055085,-0.12533918023109437,0.9841934442520142],"EasingStyle":"Linear","EasingDirection":"In"},"Head":{"Weight":1,"CFrame":[4.842877388000488e-8,1.4901161193847657e-8,0.0166623592376709,0.8979943990707398,0.4368123412132263,0.05292657017707825,-0.43250367045402529,0.8983913660049439,-0.0763777568936348,-0.08091147243976593,0.04569585621356964,0.9956732392311096],"EasingStyle":"Linear","EasingDirection":"In"},"Torso":{"Weight":1,"CFrame":[-0.0942791998386383,0.021116457879543306,-0.14264941215515138,0.8953840732574463,-0.4309375286102295,-0.1121617779135704,0.43607255816459658,0.8995662927627564,0.024924324825406076,0.09015612304210663,-0.07122751325368881,0.9933773279190064],"EasingStyle":"Linear","EasingDirection":"In"},"HumanoidRootPart":{"Weight":1,"CFrame":[0,0,0,1,0,0,0,1,0,0,0,1],"EasingStyle":"Linear","EasingDirection":"In"},"Right Leg":{"Weight":1,"CFrame":[0.19565092027187348,0.18025720119476319,0.009308099746704102,0.9740515351295471,0.12891754508018495,-0.18602098524570466,-0.07340014725923538,0.9574285745620728,0.2791827917098999,0.21409344673156739,-0.25828447937965395,0.9420474171638489],"EasingStyle":"Linear","EasingDirection":"In"}}},{"Time":0.30000001192092898,"poses":{"Left Leg":{"Weight":1,"CFrame":[-0.3913039267063141,-0.04076564311981201,-0.0724865198135376,0.9621507525444031,-0.19444957375526429,-0.19093309342861176,0.1748170405626297,0.9778690338134766,-0.11494005471467972,0.2090575397014618,0.07721126079559326,0.9748504757881165],"EasingStyle":"Linear","EasingDirection":"In"},"Right Arm":{"Weight":1,"CFrame":[0.006854385137557983,-0.44987383484840395,0.001170516014099121,-0.9200387001037598,-0.3298906087875366,0.21142616868019105,0.2593553066253662,-0.9171877503395081,-0.30249202251434328,0.2937067151069641,-0.22346998751163484,0.9294071197509766],"EasingStyle":"Linear","EasingDirection":"In"},"Left Arm":{"Weight":1,"CFrame":[0.01617830991744995,0.7528805732727051,-0.03660881519317627,-0.9915257692337036,0.05076410993933678,-0.11958149820566178,-0.034973498433828357,-0.9908143877983093,-0.1306280642747879,-0.1251142919063568,-0.12533921003341676,0.9841933250427246],"EasingStyle":"Linear","EasingDirection":"In"},"Head":{"Weight":1,"CFrame":[7.264316082000733e-8,1.4901161193847657e-8,0.016662240028381349,0.9191552400588989,0.3900580108165741,0.05484945327043533,-0.3853515684604645,0.9193026423454285,-0.07991820573806763,-0.08159594982862473,0.05232083424925804,0.9952912330627441],"EasingStyle":"Linear","EasingDirection":"In"},"Torso":{"Weight":1,"CFrame":[-0.09788393974304199,0.026138819754123689,-0.1712188720703125,0.9231835007667542,-0.36759647727012637,-0.11227215826511383,0.3732413649559021,0.927129328250885,0.03349726274609566,0.09177733957767487,-0.0728287324309349,0.9931127429008484],"EasingStyle":"Linear","EasingDirection":"In"},"HumanoidRootPart":{"Weight":1,"CFrame":[0,0,0,1,0,0,0,1,0,0,0,1],"EasingStyle":"Linear","EasingDirection":"In"},"Right Leg":{"Weight":1,"CFrame":[0.30958354473114016,0.19517499208450318,0.011646509170532227,0.977591335773468,0.15099656581878663,-0.14668036997318269,-0.10963989049196243,0.9600246548652649,0.2575494050979614,0.1797059327363968,-0.23569609224796296,0.9550670981407166],"EasingStyle":"Linear","EasingDirection":"In"}}},{"Time":0.3333333432674408,"poses":{"Left Leg":{"Weight":1,"CFrame":[-0.4664730429649353,-0.03727614879608154,-0.05578893423080444,0.9554865956306458,-0.2717854082584381,-0.1147962138056755,0.259016215801239,0.9590392112731934,-0.11469323188066483,0.14126598834991456,0.07985374331474304,0.9867458939552307],"EasingStyle":"Linear","EasingDirection":"In"},"Right Arm":{"Weight":1,"CFrame":[0.005585432052612305,-0.44957277178764346,0.0017852783203125,-0.8989238142967224,-0.36217042803764346,0.2465132176876068,0.281944215297699,-0.9089120626449585,-0.3072236478328705,0.33532610535621645,-0.20666766166687013,0.9191545248031616],"EasingStyle":"Linear","EasingDirection":"In"},"Left Arm":{"Weight":1,"CFrame":[0.016178295016288759,0.7528805732727051,-0.036608874797821048,-0.9915258288383484,0.050764087587594989,-0.11958135664463043,-0.03497351333498955,-0.9908143877983093,-0.13062827289104463,-0.12511420249938966,-0.12533918023109437,0.9841934442520142],"EasingStyle":"Linear","EasingDirection":"In"},"Head":{"Weight":1,"CFrame":[3.91155481338501e-8,7.450580596923828e-9,0.016662240028381349,0.9405788779258728,0.33464714884757998,0.057643380016088489,-0.32968923449516299,0.9406043291091919,-0.08104676753282547,-0.08134166896343231,0.05722643807530403,0.9950421452522278],"EasingStyle":"Linear","EasingDirection":"In"},"Torso":{"Weight":1,"CFrame":[-0.09892752766609192,0.03065091371536255,-0.186598539352417,0.9489420652389526,-0.2951824367046356,-0.11124895513057709,0.30109065771102908,0.9527431130409241,0.04031117260456085,0.09409253299236298,-0.07174898684024811,0.9929746985435486],"EasingStyle":"Linear","EasingDirection":"In"},"HumanoidRootPart":{"Weight":1,"CFrame":[0,0,0,1,0,0,0,1,0,0,0,1],"EasingStyle":"Linear","EasingDirection":"In"},"Right Leg":{"Weight":1,"CFrame":[0.373257577419281,0.19390732049942017,0.0211181640625,0.9770383238792419,0.16161982715129853,-0.13883501291275025,-0.13059940934181214,0.9691338539123535,0.20910176634788514,0.16834478080272675,-0.18616865575313569,0.9679882526397705],"EasingStyle":"Linear","EasingDirection":"In"}}},{"Time":0.36666667461395266,"poses":{"Left Leg":{"Weight":1,"CFrame":[-0.5001044869422913,-0.028134703636169435,-0.030737996101379396,0.9526906609535217,-0.29895085096359255,-0.054852526634931567,0.291501522064209,0.9497987031936646,-0.11361940950155258,0.08606544882059097,0.09225452691316605,0.9920089840888977],"EasingStyle":"Linear","EasingDirection":"In"},"Right Arm":{"Weight":1,"CFrame":[0.005073517560958862,-0.44913235306739809,0.0013480186462402344,-0.8995492458343506,-0.3843826651573181,0.2075122445821762,0.3106452524662018,-0.8969032168388367,-0.3147445321083069,0.30710065364837649,-0.21866567432880402,0.9262152910232544],"EasingStyle":"Linear","EasingDirection":"In"},"Left Arm":{"Weight":1,"CFrame":[0.01617830991744995,0.752880334854126,-0.03660893440246582,-0.9915258288383484,0.050764087587594989,-0.1195814460515976,-0.034973494708538058,-0.9908143877983093,-0.13062800467014314,-0.12511427700519563,-0.12533921003341676,0.9841933846473694],"EasingStyle":"Linear","EasingDirection":"In"},"Head":{"Weight":1,"CFrame":[4.470348358154297e-8,1.862645149230957e-8,0.016662120819091798,0.9547399282455444,0.2914493680000305,0.05940517038106918,-0.28795209527015688,0.9557041525840759,-0.06093640998005867,-0.0745336189866066,0.041072502732276919,0.996372401714325],"EasingStyle":"Linear","EasingDirection":"In"},"Torso":{"Weight":1,"CFrame":[-0.09027828276157379,0.020084507763385774,-0.15924549102783204,0.9657440781593323,-0.23747333884239198,-0.1046174168586731,0.24132439494132996,0.9701054692268372,0.025650035589933397,0.09539872407913208,-0.050018101930618289,0.9941818118095398],"EasingStyle":"Linear","EasingDirection":"In"},"HumanoidRootPart":{"Weight":1,"CFrame":[0,0,0,1,0,0,0,1,0,0,0,1],"EasingStyle":"Linear","EasingDirection":"In"},"Right Leg":{"Weight":1,"CFrame":[0.32828396558761599,0.160203218460083,0.03497743606567383,0.9784552454948425,0.12803898751735688,-0.16196119785308839,-0.1040143296122551,0.9833499789237976,0.14900976419448853,0.17834366858005525,-0.12895311415195466,0.9754817485809326],"EasingStyle":"Linear","EasingDirection":"In"}}},{"Time":0.4000000059604645,"poses":{"Left Leg":{"Weight":1,"CFrame":[-0.4884408414363861,-0.013599753379821778,-0.004034638404846191,0.9600015878677368,-0.27997294068336489,-0.0034967558458447458,0.27788621187210085,0.9542276859283447,-0.11058434098958969,0.034297261387109759,0.10518944263458252,0.99386066198349],"EasingStyle":"Linear","EasingDirection":"In"},"Right Arm":{"Weight":1,"CFrame":[0.004315722733736038,-0.448289692401886,0.0004011392593383789,-0.8975851535797119,-0.42000916600227358,0.1339157670736313,0.3599480092525482,-0.8736287951469421,-0.32742980122566225,0.2545160949230194,-0.2456934154033661,0.9353375434875488],"EasingStyle":"Linear","EasingDirection":"In"},"Left Arm":{"Weight":1,"CFrame":[0.016178304329514505,0.7528810501098633,-0.03660881519317627,-0.9915257692337036,0.05076409503817558,-0.11958138644695282,-0.03497350215911865,-0.9908143877983093,-0.13062818348407746,-0.12511420249938966,-0.1253390908241272,0.9841933846473694],"EasingStyle":"Linear","EasingDirection":"In"},"Head":{"Weight":1,"CFrame":[4.0978193283081057e-8,6.51925802230835e-9,0.01666247844696045,0.9657840132713318,0.2531469762325287,0.056373000144958499,-0.2522693872451782,0.9674001932144165,-0.022293003275990487,-0.06017865985631943,0.007309010252356529,0.9981608986854553],"EasingStyle":"Linear","EasingDirection":"In"},"Torso":{"Weight":1,"CFrame":[-0.07351537048816681,-0.004312457516789436,-0.10902929306030274,0.9780081510543823,-0.1870972365140915,-0.09216691553592682,0.18722081184387208,0.9822901487350464,-0.007381204981356859,0.09191565215587616,-0.010036682710051537,0.9957162141799927],"EasingStyle":"Linear","EasingDirection":"In"},"HumanoidRootPart":{"Weight":1,"CFrame":[0,0,0,1,0,0,0,1,0,0,0,1],"EasingStyle":"Linear","EasingDirection":"In"},"Right Leg":{"Weight":1,"CFrame":[0.21022310853004456,0.10404413938522339,0.03045511245727539,0.982245683670044,0.05876798927783966,-0.17815648019313813,-0.04247439652681351,0.9946721196174622,0.0939321294426918,0.18272753059864045,-0.08469736576080322,0.979508638381958],"EasingStyle":"Linear","EasingDirection":"In"}}},{"Time":0.4333333373069763,"poses":{"Left Leg":{"Weight":1,"CFrame":[-0.46205174922943118,-0.003579258918762207,0.025646567344665529,0.9620830416679382,-0.26675793528556826,0.056890904903411868,0.27139967679977419,0.9570228457450867,-0.10222333669662476,-0.027177009731531144,0.11378747969865799,0.9931333661079407],"EasingStyle":"Linear","EasingDirection":"In"},"Right Arm":{"Weight":1,"CFrame":[0.0020320601761341097,-0.44666674733161929,-0.00006967782974243164,-0.8632840514183044,-0.49832046031951907,0.08010900020599365,0.44570663571357729,-0.8271598815917969,-0.342274934053421,0.23682548105716706,-0.2597752809524536,0.9361786246299744],"EasingStyle":"Linear","EasingDirection":"In"},"Left Arm":{"Weight":1,"CFrame":[0.016178295016288759,0.7528809309005737,-0.03660863637924194,-0.9915257692337036,0.05076410248875618,-0.11958146095275879,-0.03497350215911865,-0.9908143877983093,-0.13062816858291627,-0.12511426210403443,-0.12533928453922273,0.9841934442520142],"EasingStyle":"Linear","EasingDirection":"In"},"Head":{"Weight":1,"CFrame":[1.19674950838089e-7,-1.862645149230957e-9,0.016662240028381349,0.9775580763816834,0.20542946457862855,0.04667910560965538,-0.20594939589500428,0.9785406589508057,0.006566012743860483,-0.04432855173945427,-0.016032157465815545,0.998888373374939],"EasingStyle":"Linear","EasingDirection":"In"},"Torso":{"Weight":1,"CFrame":[-0.056908175349235538,-0.02192053198814392,-0.082061767578125,0.9888186454772949,-0.1268710047006607,-0.07836775481700897,0.12481628358364105,0.9917078614234924,-0.030603019520640374,0.08160054683685303,0.020479263737797738,0.9964547157287598],"EasingStyle":"Linear","EasingDirection":"In"},"HumanoidRootPart":{"Weight":1,"CFrame":[0,0,0,1,0,0,0,1,0,0,0,1],"EasingStyle":"Linear","EasingDirection":"In"},"Right Leg":{"Weight":1,"CFrame":[0.13659921288490296,0.0613672137260437,0.013968348503112793,0.9890189170837402,0.029542282223701478,-0.1448061615228653,-0.02065933868288994,0.9978331923484802,0.0624685138463974,0.14633788168430329,-0.05879098176956177,0.9874862432479858],"EasingStyle":"Linear","EasingDirection":"In"}}},{"Time":0.46666666865348818,"poses":{"Left Leg":{"Weight":1,"CFrame":[-0.40308308601379397,-0.002504706382751465,0.04162442684173584,0.9623462557792664,-0.25190499424934389,0.10214512795209885,0.26035594940185549,0.962192952632904,-0.0799977257847786,-0.0781315490603447,0.10357964038848877,0.9915476441383362],"EasingStyle":"Linear","EasingDirection":"In"},"Right Arm":{"Weight":1,"CFrame":[-0.004378668963909149,-0.41817545890808108,-0.002614259719848633,-0.7699292898178101,-0.6359220147132874,0.05302909389138222,0.5786417722702026,-0.7307762503623962,-0.3621320426464081,0.26904019713401797,-0.24813130497932435,0.9306172132492065],"EasingStyle":"Linear","EasingDirection":"In"},"Left Arm":{"Weight":1,"CFrame":[0.015189798548817635,0.7195212841033936,-0.03352200984954834,-0.9921672940254211,0.06133946403861046,-0.10881911218166352,-0.044215623289346698,-0.9871866703033447,-0.15332093834877015,-0.11682943999767304,-0.14730879664421082,0.9821665287017822],"EasingStyle":"Linear","EasingDirection":"In"},"Head":{"Weight":1,"CFrame":[1.0617077350616455e-7,-1.4435499906539917e-8,0.016662240028381349,0.9900556802749634,0.13699908554553986,0.031953100115060809,-0.1376219093799591,0.990318238735199,0.018169835209846498,-0.029154470190405847,-0.02238660864531994,0.9993242621421814],"EasingStyle":"Linear","EasingDirection":"In"},"Torso":{"Weight":1,"CFrame":[-0.04321415722370148,-0.028218194842338563,-0.09746122360229492,0.9968904852867127,-0.04562400281429291,-0.06424982845783234,0.043284833431243899,0.9983646869659424,-0.037341173738241199,0.06584841758012772,0.034444015473127368,0.9972350001335144],"EasingStyle":"Linear","EasingDirection":"In"},"HumanoidRootPart":{"Weight":1,"CFrame":[0,0,0,1,0,0,0,1,0,0,0,1],"EasingStyle":"Linear","EasingDirection":"In"},"Right Leg":{"Weight":1,"CFrame":[0.10297559201717377,0.036251723766326907,-0.0018627047538757325,0.9972216486930847,0.03927650302648544,-0.06329523772001267,-0.036061711609363559,0.9980393648147583,0.05115722864866257,0.06518048048019409,-0.04873261600732803,0.99668288230896],"EasingStyle":"Linear","EasingDirection":"In"}}},{"Time":0.5,"poses":{"Left Leg":{"Weight":1,"CFrame":[-0.29455554485321047,-0.005689144134521484,0.0334620475769043,0.971161961555481,-0.20932435989379884,0.11413884907960892,0.21585185825824738,0.9752429127693176,-0.04805543273687363,-0.1012539193034172,0.07130669802427292,0.9923019409179688],"EasingStyle":"Linear","EasingDirection":"In"},"Right Arm":{"Weight":1,"CFrame":[-0.014513662084937096,-0.3496217429637909,-0.008929610252380371,-0.6054961085319519,-0.7955439686775208,0.0220060832798481,0.7295450568199158,-0.5658887028694153,-0.3841017186641693,0.3180227279663086,-0.2165175825357437,0.9230284690856934],"EasingStyle":"Linear","EasingDirection":"In"},"Left Arm":{"Weight":1,"CFrame":[0.012636397033929825,0.6302273273468018,-0.025804340839385988,-0.992339551448822,0.09424428641796112,-0.07987700402736664,-0.07563904672861099,-0.9747003316879273,-0.2103283703327179,-0.09767840802669525,-0.20267531275749207,0.9743622541427612],"EasingStyle":"Linear","EasingDirection":"In"},"Head":{"Weight":1,"CFrame":[8.35862010717392e-8,-2.3748725652694703e-8,0.0166623592376709,0.9982722997665405,0.05662316083908081,0.015696706250309945,-0.056995391845703128,0.9980769157409668,0.024374181404709817,-0.01428636722266674,-0.02522672526538372,0.999579668045044],"EasingStyle":"Linear","EasingDirection":"In"},"Torso":{"Weight":1,"CFrame":[-0.030965864658355714,-0.03316378593444824,-0.13516664505004884,0.9976986050605774,0.04562647268176079,-0.05015765130519867,-0.04770253598690033,0.9980196356773377,-0.04100349545478821,0.04818746820092201,0.043301772326231,0.9978993535041809],"EasingStyle":"Linear","EasingDirection":"In"},"HumanoidRootPart":{"Weight":1,"CFrame":[0,0,0,1,0,0,0,1,0,0,0,1],"EasingStyle":"Linear","EasingDirection":"In"},"Right Leg":{"Weight":1,"CFrame":[-0.001477513462305069,0.025754809379577638,-0.008018076419830323,0.9995423555374146,0.009962789714336396,0.028561726212501527,-0.011261890642344952,0.9988923072814941,0.0456879548728466,-0.02807484194636345,-0.04598872363567352,0.998547375202179],"EasingStyle":"Linear","EasingDirection":"In"}}},{"Time":0.5333333611488342,"poses":{"Left Leg":{"Weight":1,"CFrame":[-0.16865958273410798,-0.0062226057052612309,0.01981186866760254,0.9795808792114258,-0.1616588979959488,0.1195313036441803,0.1650245636701584,0.9861112833023071,-0.018751004710793496,-0.11483994126319885,0.038093771785497668,0.9926533699035645],"EasingStyle":"Linear","EasingDirection":"In"},"Right Arm":{"Weight":1,"CFrame":[-0.025080278515815736,-0.2604452967643738,-0.016782641410827638,-0.3846607208251953,-0.9229897856712341,-0.011220572516322136,0.8467813730239868,-0.3480096757411957,-0.40230658650398257,0.3674199879169464,-0.16425307095050813,0.9154362678527832],"EasingStyle":"Linear","EasingDirection":"In"},"Left Arm":{"Weight":1,"CFrame":[0.009127601981163025,0.5012285709381104,-0.015772461891174318,-0.9878286123275757,0.1512121856212616,-0.036464810371398929,-0.1348210573196411,-0.9492638111114502,-0.28411558270454409,-0.07757648825645447,-0.275741308927536,0.958096444606781],"EasingStyle":"Linear","EasingDirection":"In"},"Head":{"Weight":1,"CFrame":[9.12696123123169e-8,2.6542693376541139e-8,0.016662001609802247,0.9998003244400024,-0.019966814666986467,0.0008699768222868443,0.01993729919195175,0.999457836151123,0.026201242581009866,-0.0013927017571404577,-0.026178617030382158,0.9996563196182251],"EasingStyle":"Linear","EasingDirection":"In"},"Torso":{"Weight":1,"CFrame":[-0.020655624568462373,-0.03737042099237442,-0.18044090270996095,0.9907764196395874,0.13013333082199098,-0.03778330236673355,-0.1317158192396164,0.9903571009635925,-0.04294118657708168,0.03183088079094887,0.04752177745103836,0.9983628988265991],"EasingStyle":"Linear","EasingDirection":"In"},"HumanoidRootPart":{"Weight":1,"CFrame":[0,0,0,1,0,0,0,1,0,0,0,1],"EasingStyle":"Linear","EasingDirection":"In"},"Right Leg":{"Weight":1,"CFrame":[0.04264014959335327,0.02593696117401123,-0.009144306182861328,0.992509663105011,0.04459506645798683,0.11373584717512131,-0.049784187227487567,0.9978253841400147,0.043198034167289737,-0.11156202852725983,-0.048536717891693118,0.9925715327262878],"EasingStyle":"Linear","EasingDirection":"In"}}},{"Time":0.5666666626930237,"poses":{"Left Leg":{"Weight":1,"CFrame":[-0.15879428386688233,-0.0011677742004394532,0.024599075317382814,0.9727785587310791,-0.18038393557071687,0.14547725021839143,0.18255624175071717,0.98319411277771,-0.0016112093580886722,-0.14274179935455323,0.028125157579779626,0.9893603324890137],"EasingStyle":"Linear","EasingDirection":"In"},"Right Arm":{"Weight":1,"CFrame":[-0.03356003761291504,-0.17120596766471864,-0.024302244186401368,-0.157798632979393,-0.9866507053375244,-0.040249526500701907,0.9010753035545349,-0.1271994411945343,-0.41458860039711,0.40393444895744326,-0.1016894206404686,0.9091184735298157],"EasingStyle":"Linear","EasingDirection":"In"},"Left Arm":{"Weight":1,"CFrame":[0.00529751181602478,0.34874314069747927,-0.005734741687774658,-0.9718988537788391,0.23472890257835389,0.01774885691702366,-0.2255280762910843,-0.9068884253501892,-0.3559361696243286,-0.0674523189663887,-0.34993690252304079,0.9343417286872864],"EasingStyle":"Linear","EasingDirection":"In"},"Head":{"Weight":1,"CFrame":[8.568167686462403e-8,-4.6566128730773929e-9,0.016661763191223146,0.9969906210899353,-0.07690892368555069,-0.00973786972463131,0.07713577151298523,0.9966920614242554,0.025596056133508683,0.007737128064036369,-0.026270190253853799,0.999625027179718],"EasingStyle":"Linear","EasingDirection":"In"},"Torso":{"Weight":1,"CFrame":[-0.0128803551197052,-0.040904074907302859,-0.21848177909851075,0.9810275435447693,0.19169582426548005,-0.02894597500562668,-0.1928376406431198,0.9802508354187012,-0.043840356171131137,0.019970305263996125,0.048590466380119327,0.9986191391944885],"EasingStyle":"Linear","EasingDirection":"In"},"HumanoidRootPart":{"Weight":1,"CFrame":[0,0,0,1,0,0,0,1,0,0,0,1],"EasingStyle":"Linear","EasingDirection":"In"},"Right Leg":{"Weight":1,"CFrame":[0.07533832639455795,0.025095760822296144,-0.012386798858642578,0.9830544590950012,0.0521482490003109,0.1757401078939438,-0.060094203799963,0.9973831176757813,0.04019588232040405,-0.17318400740623475,-0.050075713545084,0.9836156964302063],"EasingStyle":"Linear","EasingDirection":"In"}}},{"Time":0.6000000238418579,"poses":{"Left Leg":{"Weight":1,"CFrame":[-0.20655423402786256,0.0016360878944396973,0.03868222236633301,0.960707426071167,-0.21988941729068757,0.1693812608718872,0.2227218598127365,0.9748793244361877,0.0023326859809458257,-0.165639266371727,0.035483863204717639,0.9855479001998901],"EasingStyle":"Linear","EasingDirection":"In"},"Right Arm":{"Weight":1,"CFrame":[-0.03887775540351868,-0.10277938842773438,-0.029844164848327638,0.012936899438500405,-0.9982772469520569,-0.05722884088754654,0.9049524068832398,0.03603346645832062,-0.4239843487739563,0.42531612515449526,-0.046304263174533847,0.903859555721283],"EasingStyle":"Linear","EasingDirection":"In"},"Left Arm":{"Weight":1,"CFrame":[0.0018223226070404053,0.18896186351776124,0.002018570899963379,-0.9342842698097229,0.34815675020217898,0.07680993527173996,-0.348145455121994,-0.8444467782974243,-0.4070681631565094,-0.07686170190572739,-0.40705856680870058,0.9101625084877014],"EasingStyle":"Linear","EasingDirection":"In"},"Head":{"Weight":1,"CFrame":[8.381903171539307e-8,-6.51925802230835e-9,0.016661882400512697,0.9949830174446106,-0.09909361600875855,-0.01376346591860056,0.09941408783197403,0.9947332739830017,0.02495403401553631,0.011218142695724965,-0.026197142899036409,0.9995939135551453],"EasingStyle":"Linear","EasingDirection":"In"},"Torso":{"Weight":1,"CFrame":[-0.008313782513141632,-0.04354874789714813,-0.23445415496826173,0.9761846661567688,0.2154303640127182,-0.02555827982723713,-0.21639107167720796,0.9753128886222839,-0.04404427483677864,0.01543884351849556,0.04852593317627907,0.9987027049064636],"EasingStyle":"Linear","EasingDirection":"In"},"HumanoidRootPart":{"Weight":1,"CFrame":[0,0,0,1,0,0,0,1,0,0,0,1],"EasingStyle":"Linear","EasingDirection":"In"},"Right Leg":{"Weight":1,"CFrame":[0.08901537209749222,0.02458631992340088,-0.014486491680145264,0.9786842465400696,0.04820111021399498,0.19963456690311433,-0.05700264498591423,0.9976285696029663,0.038574062287807468,-0.19730181992053986,-0.04913156107068062,0.979110836982727],"EasingStyle":"Linear","EasingDirection":"In"}}},{"Time":0.6333333253860474,"poses":{"Left Leg":{"Weight":1,"CFrame":[-0.16158738732337953,-0.001275777816772461,0.030980706214904786,0.9657770395278931,-0.19636282324790955,0.1694587767124176,0.19908128678798676,0.9799824953079224,0.0009678254136815667,-0.16625672578811646,0.032801348716020587,0.9855368733406067],"EasingStyle":"Linear","EasingDirection":"In"},"Right Arm":{"Weight":1,"CFrame":[-0.040801957