{"Sequence":[{"Time":0,"poses":{"Left Leg":{"Weight":1,"CFrame":[-0.3516075015068054,0.041609108448028567,0.0841292142868042,0.975121259689331,-0.16458351910114289,0.14849528670310975,0.15781307220458985,0.9858592748641968,0.05636070668697357,-0.15567153692245484,-0.03152403607964516,0.9873058199882507],"EasingStyle":"Linear","EasingDirection":"In"},"Right Arm":{"Weight":1,"CFrame":[0.2130054235458374,-0.17710334062576295,0.08454692363739014,0.5196338295936585,-0.6689211130142212,-0.5315310955047607,0.8293808698654175,0.5443423390388489,0.12577314674854279,0.20520257949829102,-0.5061977505683899,0.8376490473747253],"EasingStyle":"Linear","EasingDirection":"In"},"Head":{"Weight":1,"CFrame":[8.591450750827789e-8,-2.444721758365631e-8,0.016661643981933595,0.9992948174476624,-0.037515170872211459,-0.0016401410102844239,0.03748039901256561,0.9937862157821655,0.1048058271408081,-0.0023018692154437305,-0.10479337722063065,0.994491457939148],"EasingStyle":"Linear","EasingDirection":"In"},"Right Leg":{"Weight":1,"CFrame":[0.37564122676849368,0.09036880731582642,0.1570274829864502,0.9495193362236023,0.12126839905977249,-0.28932154178619387,-0.0958373099565506,0.9903048276901245,0.10055693984031677,0.2987109422683716,-0.06775301694869995,0.9519356489181519],"EasingStyle":"Linear","EasingDirection":"In"},"Torso":{"Weight":1,"CFrame":[-0.040997765958309177,-0.08279985189437866,-0.05002784729003906,0.9996067881584168,0.02796441875398159,-0.0020624122116714718,-0.02802996337413788,0.9945258498191834,-0.10066120326519013,-0.0007638095412403345,0.1006794273853302,0.9949186444282532],"EasingStyle":"Linear","EasingDirection":"In"},"HumanoidRootPart":{"Weight":1,"CFrame":[0,0,0,1,0,0,0,1,0,0,0,1],"EasingStyle":"Linear","EasingDirection":"In"},"Left Arm":{"Weight":1,"CFrame":[0.008125808089971543,-0.3519398272037506,0.17373907566070558,0.0808349996805191,0.9277339577674866,-0.36438390612602236,-0.914560854434967,-0.07631361484527588,-0.39718350768089297,-0.39628803730010989,0.36535733938217165,0.842300295829773],"EasingStyle":"Linear","EasingDirection":"In"}}},{"Time":0.03333333507180214,"poses":{"Left Leg":{"Weight":1,"CFrame":[-0.4343146085739136,0.024352431297302247,0.05527937412261963,0.972252607345581,-0.21216347813606263,0.0985470712184906,0.20680001378059388,0.9764235615730286,0.061893947422504428,-0.10935535281896591,-0.03979701176285744,0.9932057857513428],"EasingStyle":"Linear","EasingDirection":"In"},"Right Arm":{"Weight":1,"CFrame":[0.17616333067417146,-0.18860548734664918,0.08245253562927246,0.3315039873123169,-0.6907375454902649,-0.6426404118537903,0.9026293754577637,0.4304082989692688,0.0029969497118145229,0.2745276689529419,-0.5810596942901611,0.7661621570587158],"EasingStyle":"Linear","EasingDirection":"In"},"Head":{"Weight":1,"CFrame":[8.66129994392395e-8,3.725290298461914e-9,0.016661882400512697,0.9999279379844666,0.01118540670722723,0.004362217616289854,-0.011435646563768387,0.9979889988899231,0.06234831362962723,-0.003656035056337714,-0.062393661588430408,0.9980449676513672],"EasingStyle":"Linear","EasingDirection":"In"},"Right Leg":{"Weight":1,"CFrame":[0.43252402544021609,0.10005462169647217,0.16745281219482423,0.9279348254203796,0.21925708651542664,-0.30143535137176516,-0.1870359182357788,0.9734081625938416,0.1322655826807022,0.3224198520183563,-0.06635461747646332,0.9442682862281799],"EasingStyle":"Linear","EasingDirection":"In"},"Torso":{"Weight":1,"CFrame":[-0.02365882322192192,-0.05710276961326599,-0.047936201095581058,0.9997891187667847,-0.020535225048661233,0.00009189189586322755,0.020492060109972955,0.9973769783973694,-0.06942081451416016,0.0013339212164282799,0.06940805912017822,0.9975874423980713],"EasingStyle":"Linear","EasingDirection":"In"},"HumanoidRootPart":{"Weight":1,"CFrame":[0,0,0,1,0,0,0,1,0,0,0,1],"EasingStyle":"Linear","EasingDirection":"In"},"Left Arm":{"Weight":1,"CFrame":[-0.21856234967708589,-0.36080342531204226,0.16736531257629395,-0.07169321179389954,0.7589155435562134,-0.6472305655479431,-0.9841018915176392,-0.15953388810157777,-0.0780545100569725,-0.16249199211597444,0.6313446760177612,0.7582875490188599],"EasingStyle":"Linear","EasingDirection":"In"}}},{"Time":0.06666667014360428,"poses":{"Left Leg":{"Weight":1,"CFrame":[-0.5038254857063294,-0.004215121269226074,0.030815482139587404,0.9613335132598877,-0.2696005702018738,0.056153811514377597,0.26623299717903139,0.9619892835617065,0.06079966202378273,-0.07041099667549133,-0.04349873587489128,0.9965692758560181],"EasingStyle":"Linear","EasingDirection":"In"},"Right Arm":{"Weight":1,"CFrame":[0.11764566600322724,-0.20319393277168275,0.08163607120513916,0.1183086484670639,-0.7661372423171997,-0.6316935420036316,0.971143901348114,0.22194340825080872,-0.08729611337184906,0.20708101987838746,-0.6031374931335449,0.7702873349189758],"EasingStyle":"Linear","EasingDirection":"In"},"Head":{"Weight":1,"CFrame":[8.985807653516531e-8,6.373738870024681e-9,0.016662240028381349,0.9985710978507996,0.051623936742544177,0.013816846534609795,-0.05177972838282585,0.9985960125923157,0.011172757484018803,-0.013220739550888539,-0.0118722477927804,0.9998421669006348],"EasingStyle":"Linear","EasingDirection":"In"},"Right Leg":{"Weight":1,"CFrame":[0.577667236328125,0.112876296043396,0.16116225719451905,0.8927996158599854,0.3688133656978607,-0.25862225890159609,-0.3331370949745178,0.9270555973052979,0.17201058566570283,0.30319705605506899,-0.06741437315940857,0.9505403637886047],"EasingStyle":"Linear","EasingDirection":"In"},"Torso":{"Weight":1,"CFrame":[-0.0021220447961241009,-0.02289498969912529,-0.04699563980102539,0.9981744289398193,-0.06039554625749588,0.00041942147072404623,0.06038379669189453,0.9977871775627136,-0.027833828702569009,0.0012625459348782898,0.02780834585428238,0.9996124505996704],"EasingStyle":"Linear","EasingDirection":"In"},"HumanoidRootPart":{"Weight":1,"CFrame":[0,0,0,1,0,0,0,1,0,0,0,1],"EasingStyle":"Linear","EasingDirection":"In"},"Left Arm":{"Weight":1,"CFrame":[-0.5477290153503418,-0.37078815698623659,0.13929212093353272,-0.39648908376693728,0.5033031105995178,-0.7677774429321289,-0.9079551100730896,-0.3386017680168152,0.2469138652086258,-0.13569827377796174,0.7950062155723572,0.5912286043167114],"EasingStyle":"Linear","EasingDirection":"In"}}},{"Time":0.10000000149011612,"poses":{"Left Leg":{"Weight":1,"CFrame":[-0.5546722412109375,-0.035443663597106937,0.011769294738769532,0.9457793831825256,-0.32394343614578249,0.023706458508968355,0.3222755491733551,0.9449971318244934,0.055848099291324618,-0.04049418121576309,-0.04517996311187744,0.998157799243927],"EasingStyle":"Linear","EasingDirection":"In"},"Right Arm":{"Weight":1,"CFrame":[0.04063449800014496,-0.2269715964794159,0.08309376239776612,-0.1208505779504776,-0.8365449905395508,-0.5344038009643555,0.9839535355567932,-0.029760273173451425,-0.17592589557170869,0.13126596808433534,-0.5470895171165466,0.8267180323600769],"EasingStyle":"Linear","EasingDirection":"In"},"Head":{"Weight":1,"CFrame":[9.12696123123169e-8,5.820766091346741e-10,0.016661524772644044,0.9962687492370606,0.0825609341263771,0.025147151201963426,-0.08150714635848999,0.995854377746582,-0.04038262739777565,-0.02837696485221386,0.03818228840827942,0.9988678693771362],"EasingStyle":"Linear","EasingDirection":"In"},"Right Leg":{"Weight":1,"CFrame":[0.734176516532898,0.09652060270309448,0.13174521923065186,0.8368049263954163,0.51365727186203,-0.18950936198234559,-0.47964155673980715,0.8546814322471619,0.1986546814441681,0.26401057839393618,-0.07533866912126541,0.9615730047225952],"EasingStyle":"Linear","EasingDirection":"In"},"Torso":{"Weight":1,"CFrame":[0.018811507150530816,0.011559572070837021,-0.04872608184814453,0.9958944916725159,-0.09051989018917084,-0.0005194520344957709,0.09051822125911713,0.995795726776123,0.014053162187337876,-0.0007548222783952951,-0.014042488299310208,0.9999011158943176],"EasingStyle":"Linear","EasingDirection":"In"},"HumanoidRootPart":{"Weight":1,"CFrame":[0,0,0,1,0,0,0,1,0,0,0,1],"EasingStyle":"Linear","EasingDirection":"In"},"Left Arm":{"Weight":1,"CFrame":[-0.8463810086250305,-0.37814489006996157,0.10704576969146729,-0.663815975189209,0.22009044885635377,-0.7147786617279053,-0.708397626876831,-0.49151110649108889,0.5065467357635498,-0.23983554542064668,0.8426012992858887,0.48218458890914919],"EasingStyle":"Linear","EasingDirection":"In"}}},{"Time":0.13333334028720857,"poses":{"Left Leg":{"Weight":1,"CFrame":[-0.5855928659439087,-0.05839097499847412,-0.0008238554000854492,0.9314332604408264,-0.3639014661312103,0.002796174492686987,0.36329758167266848,0.9302791953086853,0.05094730854034424,-0.021141095086932184,-0.04643813893198967,0.9986974596977234],"EasingStyle":"Linear","EasingDirection":"In"},"Right Arm":{"Weight":1,"CFrame":[-0.029684174805879594,-0.2563208341598511,0.08831286430358887,-0.31103041768074038,-0.8932211399078369,-0.3246783912181854,0.9449900984764099,-0.25425535440444949,-0.20578649640083314,0.10126164555549622,-0.37082380056381228,0.9231662750244141],"EasingStyle":"Linear","EasingDirection":"In"},"Head":{"Weight":1,"CFrame":[8.475035429000855e-8,-1.280568540096283e-8,0.016662240028381349,0.9939832091331482,0.10296037048101425,0.03737175092101097,-0.09956298768520355,0.9915162920951843,-0.08356236666440964,-0.04565834626555443,0.07933879643678665,0.995801568031311],"EasingStyle":"Linear","EasingDirection":"In"},"Right Leg":{"Weight":1,"CFrame":[0.848932683467865,0.06218290328979492,0.09388089179992676,0.7776481509208679,0.6159314513206482,-0.12606261670589448,-0.5868358016014099,0.7830700278282166,0.20597371459007264,0.2255816012620926,-0.08619708567857743,0.9704035520553589],"EasingStyle":"Linear","EasingDirection":"In"},"Torso":{"Weight":1,"CFrame":[0.03497820720076561,0.03810519725084305,-0.053360939025878909,0.9939311146736145,-0.1099962368607521,-0.0013894892763346434,0.1099422350525856,0.9928579330444336,0.046325113624334338,-0.0037160227075219156,-0.04619673639535904,0.9989254474639893],"EasingStyle":"Linear","EasingDirection":"In"},"HumanoidRootPart":{"Weight":1,"CFrame":[0,0,0,1,0,0,0,1,0,0,0,1],"EasingStyle":"Linear","EasingDirection":"In"},"Left Arm":{"Weight":1,"CFrame":[-0.9763323068618774,-0.38133859634399416,0.09046781063079834,-0.7666569352149963,0.0981716588139534,-0.6345072984695435,-0.5663227438926697,-0.5690221786499023,0.5962317585945129,-0.3025156259536743,0.8164411783218384,0.491841584444046],"EasingStyle":"Linear","EasingDirection":"In"}}},{"Time":0.1666666716337204,"poses":{"Left Leg":{"Weight":1,"CFrame":[-0.5990659594535828,-0.06232178211212158,-0.006372511386871338,0.9249125719070435,-0.3801361918449402,-0.00575492437928915,0.37992942333221438,0.9236485362052918,0.050270091742277148,-0.013793999329209328,-0.048681922256946567,0.9987190961837769],"EasingStyle":"Linear","EasingDirection":"In"},"Right Arm":{"Weight":1,"CFrame":[-0.06157074123620987,-0.2864498496055603,0.09963524341583252,-0.41421884298324587,-0.9096941947937012,0.02965223789215088,0.9040501117706299,-0.4149857461452484,-0.10237278044223786,0.10543319582939148,-0.015597705729305745,0.9943041205406189],"EasingStyle":"Linear","EasingDirection":"In"},"Head":{"Weight":1,"CFrame":[8.009374141693115e-8,4.6566128730773929e-9,0.016662240028381349,0.9924622774124146,0.1120084822177887,0.04972759634256363,-0.1060493215918541,0.9883056879043579,-0.10957009345293045,-0.06141885742545128,0.10347068309783936,0.9927343726158142],"EasingStyle":"Linear","EasingDirection":"In"},"Right Leg":{"Weight":1,"CFrame":[0.8887608051300049,0.04885435104370117,0.07413589954376221,0.75108402967453,0.6526473164558411,-0.09962169080972672,-0.6264740228652954,0.7521634697914124,0.204402357339859,0.20833449065685273,-0.09111296385526657,0.9738045930862427],"EasingStyle":"Linear","EasingDirection":"In"},"Torso":{"Weight":1,"CFrame":[0.042409010231494907,0.048778414726257327,-0.06024312973022461,0.9930073022842407,-0.11805211752653122,-0.0006187649560160935,0.11788082867860794,0.9912556409835815,0.059300728142261508,-0.006387222558259964,-0.058958999812603,0.9982399940490723],"EasingStyle":"Linear","EasingDirection":"In"},"HumanoidRootPart":{"Weight":1,"CFrame":[0,0,0,1,0,0,0,1,0,0,0,1],"EasingStyle":"Linear","EasingDirection":"In"},"Left Arm":{"Weight":1,"CFrame":[-0.8291520476341248,-0.3090458810329437,0.11776649951934815,-0.84621262550354,0.20120690762996674,-0.49339646100997927,-0.4911017417907715,-0.6537800431251526,0.5756655931472778,-0.20674481987953187,0.7294433116912842,0.6520498991012573],"EasingStyle":"Linear","EasingDirection":"In"}}},{"Time":0.20000000298023225,"poses":{"Left Leg":{"Weight":1,"CFrame":[-0.6103918552398682,-0.04361259937286377,-0.009714126586914063,0.9235560894012451,-0.3833778500556946,-0.008093748241662979,0.3830634355545044,0.9214246273040772,0.0651082918047905,-0.017503313720226289,-0.06323161721229553,0.9978453516960144],"EasingStyle":"Linear","EasingDirection":"In"},"Right Arm":{"Weight":1,"CFrame":[0.20926056802272798,-0.31059813499450686,0.14944100379943849,-0.4668828845024109,-0.7362151145935059,0.4899058938026428,0.876933217048645,-0.45689529180526736,0.1491139829158783,0.11405574530363083,0.4992333948612213,0.8589279651641846],"EasingStyle":"Linear","EasingDirection":"In"},"Head":{"Weight":1,"CFrame":[9.19681042432785e-8,-4.190951585769653e-9,0.01666247844696045,0.9920265674591065,0.1141660287976265,0.05338108167052269,-0.10675925016403198,0.9863359332084656,-0.12547515332698823,-0.06697668135166168,0.1187758594751358,0.9906596541404724],"EasingStyle":"Linear","EasingDirection":"In"},"Right Leg":{"Weight":1,"CFrame":[0.8586462140083313,0.04349273443222046,0.07530319690704346,0.7634240984916687,0.6377058625221252,-0.10254211723804474,-0.6149048209190369,0.7661622762680054,0.18678128719329835,0.1976754516363144,-0.0795397162437439,0.9770353436470032],"EasingStyle":"Linear","EasingDirection":"In"},"Torso":{"Weight":1,"CFrame":[0.043017804622650149,0.04905754327774048,-0.07067322731018067,0.9927444458007813,-0.11995681375265122,0.008307630196213723,0.11925549805164337,0.9910708069801331,0.05964009091258049,-0.015387683175504208,-0.058216642588377,0.998185396194458],"EasingStyle":"Linear","EasingDirection":"In"},"HumanoidRootPart":{"Weight":1,"CFrame":[0,0,0,1,0,0,0,1,0,0,0,1],"EasingStyle":"Linear","EasingDirection":"In"},"Left Arm":{"Weight":1,"CFrame":[-0.5282288789749146,-0.1733577847480774,0.17282402515411378,-0.9115674495697022,0.3724000155925751,-0.1742497980594635,-0.4090536832809448,-0.7786932587623596,0.47572267055511477,0.041471999138593677,0.504930853843689,0.8621629476547241],"EasingStyle":"Linear","EasingDirection":"In"}}},{"Time":0.23333333432674409,"poses":{"Left Leg":{"Weight":1,"CFrame":[-0.6283122897148132,-0.009953141212463379,-0.015312910079956055,0.9218018651008606,-0.3875187933444977,-0.010518865659832955,0.3866438567638397,0.9170787930488586,0.09732945263385773,-0.02807037904858589,-0.09378550946712494,0.9951967000961304],"EasingStyle":"Linear","EasingDirection":"In"},"Right Arm":{"Weight":1,"CFrame":[0.4818611741065979,-0.31822267174720766,0.19051754474639893,-0.46017956733703616,-0.5535418391227722,0.6941370368003845,0.8808798789978027,-0.38227614760398867,0.27913355827331545,0.11083992570638657,0.7399029731750488,0.6635197401046753],"EasingStyle":"Linear","EasingDirection":"In"},"Head":{"Weight":1,"CFrame":[8.102506399154663e-8,-1.862645149230957e-9,0.016662001609802247,0.9925159215927124,0.11431114375591278,0.042956385761499408,-0.1070428267121315,0.9837012887001038,-0.14447739720344544,-0.05877167358994484,0.13879798352718354,0.9885753393173218],"EasingStyle":"Linear","EasingDirection":"In"},"Right Leg":{"Weight":1,"CFrame":[0.7890850305557251,0.01769310235977173,0.07670092582702637,0.792273223400116,0.6007713079452515,-0.10666313022375107,-0.5850928425788879,0.7976155281066895,0.1465461552143097,0.17311695218086244,-0.053696777671575549,0.9834364652633667],"EasingStyle":"Linear","EasingDirection":"In"},"Torso":{"Weight":1,"CFrame":[0.040322769433259967,0.048841774463653567,-0.08534073829650879,0.99223792552948,-0.12146104872226715,0.02666940726339817,0.11971733719110489,0.9910308718681336,0.059377770870923999,-0.03364229202270508,-0.055724091827869418,0.9978792667388916],"EasingStyle":"Linear","EasingDirection":"In"},"HumanoidRootPart":{"Weight":1,"CFrame":[0,0,0,1,0,0,0,1,0,0,0,1],"EasingStyle":"Linear","EasingDirection":"In"},"Left Arm":{"Weight":1,"CFrame":[-0.28195708990097048,-0.09994453191757202,0.21312105655670167,-0.8529098629951477,0.48570430278778078,0.19140595197677613,-0.42320218682289126,-0.8579391837120056,0.2912735641002655,0.30568748712539675,0.1674266904592514,0.9372959136962891],"EasingStyle":"Linear","EasingDirection":"In"}}},{"Time":0.2666666805744171,"poses":{"Left Leg":{"Weight":1,"CFrame":[-0.6462794542312622,0.031490445137023929,-0.022570490837097169,0.9212380051612854,-0.3887995183467865,-0.012469029054045678,0.38674449920654299,0.9119811654090881,0.1368177831172943,-0.041823212057352069,-0.13086403906345368,0.9905177354812622],"EasingStyle":"Linear","EasingDirection":"In"},"Right Arm":{"Weight":1,"CFrame":[0.43127119541168215,-0.28436073660850527,0.1758127212524414,-0.26741084456443789,-0.6313385963439941,0.7279444336891174,0.9630252122879028,-0.20080064237117768,0.17961566150188447,0.03277340903878212,0.7490599155426025,0.6616911292076111],"EasingStyle":"Linear","EasingDirection":"In"},"Head":{"Weight":1,"CFrame":[1.2665987014770509e-7,1.1175870895385743e-8,0.016661882400512697,0.9934055805206299,0.11237025260925293,0.022767001762986184,-0.10703998804092407,0.9801243543624878,-0.16702911257743836,-0.04108351841568947,0.1634906828403473,0.985689103603363],"EasingStyle":"Linear","EasingDirection":"In"},"Right Leg":{"Weight":1,"CFrame":[0.6890982985496521,-0.013319015502929688,0.07265293598175049,0.830983579158783,0.5451297760009766,-0.11090397834777832,-0.5366030931472778,0.8380511403083801,0.09862776100635529,0.1467081904411316,-0.022446680814027787,0.9889250993728638],"EasingStyle":"Linear","EasingDirection":"In"},"Torso":{"Weight":1,"CFrame":[0.032616354525089267,0.04683800786733627,-0.1025240421295166,0.9913122057914734,-0.12245548516511917,0.048009928315877917,0.1196812242269516,0.9911780953407288,0.056941743940114978,-0.05455922707915306,-0.05070115253329277,0.9972224831581116],"EasingStyle":"Linear","EasingDirection":"In"},"HumanoidRootPart":{"Weight":1,"CFrame":[0,0,0,1,0,0,0,1,0,0,0,1],"EasingStyle":"Linear","EasingDirection":"In"},"Left Arm":{"Weight":1,"CFrame":[-0.17462080717086793,-0.13726961612701417,0.22596681118011475,-0.6974619030952454,0.5541221499443054,0.4544176757335663,-0.5716008543968201,-0.8126287460327148,0.1136089637875557,0.43222612142562868,-0.18050776422023774,0.8835144639015198],"EasingStyle":"Linear","EasingDirection":"In"}}},{"Time":0.30000001192092898,"poses":{"Left Leg":{"Weight":1,"CFrame":[-0.6582826375961304,0.07397568225860596,-0.030179858207702638,0.9233066439628601,-0.3838321268558502,-0.013332161121070385,0.38017553091049197,0.9084814190864563,0.17357444763183595,-0.054511480033397678,-0.16533096134662629,0.9847305417060852],"EasingStyle":"Linear","EasingDirection":"In"},"Right Arm":{"Weight":1,"CFrame":[0.3144226670265198,-0.20448052883148194,0.13634014129638673,0.18015262484550477,-0.7273774743080139,0.6621685028076172,0.9771547913551331,0.20950739085674287,-0.03571006655693054,-0.11275453865528107,0.6534743309020996,0.7485036253929138],"EasingStyle":"Linear","EasingDirection":"In"},"Head":{"Weight":1,"CFrame":[4.842877388000488e-8,-9.313225746154785e-9,0.01666247844696045,0.994070827960968,0.10873425751924515,0.000360215111868456,-0.10662130266427994,0.975393533706665,-0.19297532737255097,-0.021334413439035417,0.19179271161556245,0.981203556060791],"EasingStyle":"Linear","EasingDirection":"In"},"Right Leg":{"Weight":1,"CFrame":[0.5758767127990723,-0.03831040859222412,0.06318902969360352,0.8707330822944641,0.47824472188949587,-0.11448078602552414,-0.4750805199146271,0.878204345703125,0.0552789606153965,0.12697447836399079,0.006254289299249649,0.99188631772995],"EasingStyle":"Linear","EasingDirection":"In"},"Torso":{"Weight":1,"CFrame":[0.018200144171714784,0.04175768047571182,-0.12015652656555176,0.9902383685112,-0.12283089011907578,0.06588376313447952,0.11961252242326737,0.9915220141410828,0.05076553300023079,-0.07156077027320862,-0.04238945618271828,0.9965351819992065],"EasingStyle":"Linear","EasingDirection":"In"},"HumanoidRootPart":{"Weight":1,"CFrame":[0,0,0,1,0,0,0,1,0,0,0,1],"EasingStyle":"Linear","EasingDirection":"In"},"Left Arm":{"Weight":1,"CFrame":[-0.1294560581445694,-0.21763396263122559,0.22836768627166749,-0.4603656828403473,0.6141273975372315,0.6410232782363892,-0.7925942540168762,-0.6095705032348633,0.014774525538086892,0.3998222053050995,-0.5012698769569397,0.7673793435096741],"EasingStyle":"Linear","EasingDirection":"In"}}},{"Time":0.3333333432674408,"poses":{"Left Leg":{"Weight":1,"CFrame":[-0.6591876149177551,0.1109687089920044,-0.03578001260757446,0.9290868639945984,-0.3696465492248535,-0.01261307206004858,0.3646904528141022,0.9098815321922302,0.19777902960777284,-0.06163197383284569,-0.1883537471294403,0.9801654815673828],"EasingStyle":"Linear","EasingDirection":"In"},"Right Arm":{"Weight":1,"CFrame":[0.18362191319465638,-0.11068052053451538,0.08515286445617676,0.6689884066581726,-0.6060042977333069,0.4303642511367798,0.7191098928451538,0.6741424202919006,-0.16856184601783753,-0.18797755241394044,0.42224493622779848,0.8867771029472351],"EasingStyle":"Linear","EasingDirection":"In"},"Head":{"Weight":1,"CFrame":[7.264316082000733e-8,-3.725290298461914e-9,0.0166623592376709,0.9943476319313049,0.10519013553857804,-0.01442284882068634,-0.10579360276460648,0.9701059460639954,-0.21840858459472657,-0.008982725441455841,0.21869991719722749,0.9757508635520935],"EasingStyle":"Linear","EasingDirection":"In"},"Right Leg":{"Weight":1,"CFrame":[0.4859582483768463,-0.05128276348114014,0.054102540016174319,0.9008024334907532,0.41815808415412905,-0.11704202741384506,-0.4181004762649536,0.908021867275238,0.02623714879155159,0.1172480583190918,0.025300756096839906,0.992780327796936],"EasingStyle":"Linear","EasingDirection":"In"},"Torso":{"Weight":1,"CFrame":[-0.004600852727890015,0.03232090175151825,-0.135878324508667,0.9897063374519348,-0.12257309257984162,0.07387401163578034,0.1199248731136322,0.9920051693916321,0.039293065667152408,-0.07809966802597046,-0.030029263347387315,0.9964932799339294],"EasingStyle":"Linear","EasingDirection":"In"},"HumanoidRootPart":{"Weight":1,"CFrame":[0,0,0,1,0,0,0,1,0,0,0,1],"EasingStyle":"Linear","EasingDirection":"In"},"Left Arm":{"Weight":1,"CFrame":[-0.11065420508384705,-0.29360276460647585,0.22599351406097413,-0.1325192153453827,0.633547306060791,0.7622706294059753,-0.9668445587158203,-0.25199487805366518,0.0413568876683712,0.21828974783420564,-0.7315165996551514,0.6459358930587769],"EasingStyle":"Linear","EasingDirection":"In"}}},{"Time":0.36666667461395266,"poses":{"Left Leg":{"Weight":1,"CFrame":[-0.6488017439842224,0.1416725516319275,-0.038467586040496829,0.9385117888450623,-0.345100462436676,-0.010066560469567776,0.3395075500011444,0.9172225594520569,0.20841659605503083,-0.06269142031669617,-0.19901911914348603,0.9779883027076721],"EasingStyle":"Linear","EasingDirection":"In"},"Right Arm":{"Weight":1,"CFrame":[0.0790969505906105,-0.03788939118385315,0.04029667377471924,0.9129345417022705,-0.35622885823249819,0.19912725687026978,0.3800872564315796,0.9198489785194397,-0.09701374918222428,-0.14860799908638,0.16425275802612306,0.9751598238945007],"EasingStyle":"Linear","EasingDirection":"In"},"Head":{"Weight":1,"CFrame":[7.310882210731507e-8,9.313225746154786e-10,0.016662240028381349,0.9944617748260498,0.10300475358963013,-0.020879140123724939,-0.10501080751419068,0.9656564593315125,-0.23765592277050019,-0.004317642189562321,0.23853230476379395,0.9711250066757202],"EasingStyle":"Linear","EasingDirection":"In"},"Right Leg":{"Weight":1,"CFrame":[0.4686475992202759,-0.04962444305419922,0.0539172887802124,0.9132991433143616,0.3896029591560364,-0.11871939897537232,-0.39108389616012576,0.9202829003334045,0.011525442823767662,0.11374585330486298,0.035902999341487887,0.9928610324859619],"EasingStyle":"Linear","EasingDirection":"In"},"Torso":{"Weight":1,"CFrame":[-0.032111525535583499,0.017468415200710298,-0.14817547798156739,0.9898968935012817,-0.12178658694028855,0.07261054217815399,0.12054670602083206,0.9924805760383606,0.021236635744571687,-0.07465089112520218,-0.012269120663404465,0.997134268283844],"EasingStyle":"Linear","EasingDirection":"In"},"HumanoidRootPart":{"Weight":1,"CFrame":[0,0,0,1,0,0,0,1,0,0,0,1],"EasingStyle":"Linear","EasingDirection":"In"},"Left Arm":{"Weight":1,"CFrame":[-0.08232395350933075,-0.3205399513244629,0.22458410263061524,0.25428512692451479,0.5739079713821411,0.7784398198127747,-0.9669922590255737,0.16442708671092988,0.1946529597043991,-0.016283757984638215,-0.8022427558898926,0.5967760682106018],"EasingStyle":"Linear","EasingDirection":"In"}}},{"Time":0.4000000059604645,"poses":{"Left Leg":{"Weight":1,"CFrame":[-0.6321263313293457,0.1675671935081482,-0.039106667041778567,0.9490433931350708,-0.3150925636291504,-0.005769142881035805,0.30909937620162966,0.927111804485321,0.21194618940353394,-0.061434056609869,-0.20292937755584718,0.9772642850875855],"EasingStyle":"Linear","EasingDirection":"In"},"Right Arm":{"Weight":1,"CFrame":[0.03547445684671402,-0.010042279958724976,0.017789363861083986,0.9648136496543884,-0.24186216294765473,0.10313770174980164,0.2335430234670639,0.9684953093528748,0.08645545691251755,-0.12079868465662003,-0.059326499700546268,0.9909027218818665],"EasingStyle":"Linear","EasingDirection":"In"},"Head":{"Weight":1,"CFrame":[5.718902684748173e-8,-4.656612873077393e-10,0.016661882400512697,0.9945732355117798,0.10134294629096985,-0.02353290468454361,-0.10400916635990143,0.9630624651908875,-0.24838043749332429,-0.0025079709012061359,0.24948018789291383,0.9683766961097717],"EasingStyle":"Linear","EasingDirection":"In"},"Right Leg":{"Weight":1,"CFrame":[0.49786221981048586,-0.037371039390563968,0.060669660568237308,0.9165854454040527,0.38165518641471865,-0.11920813471078873,-0.38402611017227175,0.9233162999153137,0.003319225274026394,0.11133366823196411,0.04273660108447075,0.9928638339042664],"EasingStyle":"Linear","EasingDirection":"In"},"Torso":{"Weight":1,"CFrame":[-0.058306217193603519,-0.0005743751535192132,-0.1574711799621582,0.9904307723045349,-0.12023616582155228,0.06775198131799698,0.12056014686822891,0.992705762386322,-0.0006982880877330899,-0.06717383116483689,0.008859792724251747,0.9977019429206848],"EasingStyle":"Linear","EasingDirection":"In"},"HumanoidRootPart":{"Weight":1,"CFrame":[0,0,0,1,0,0,0,1,0,0,0,1],"EasingStyle":"Linear","EasingDirection":"In"},"Left Arm":{"Weight":1,"CFrame":[-0.015431078150868416,-0.2611447870731354,0.21379709243774415,0.6587364673614502,0.5659517049789429,0.4957468807697296,-0.751274585723877,0.5303956270217896,0.39276835322380068,-0.04065415635704994,-0.6311728954315186,0.7745761871337891],"EasingStyle":"Linear","EasingDirection":"In"}}},{"Time":0.4333333373069763,"poses":{"Left Leg":{"Weight":1,"CFrame":[-0.6125548481941223,0.1859341263771057,-0.03761398792266846,0.9582735300064087,-0.2858527600765228,-0.00007586834544781595,0.2794977128505707,0.9369139075279236,0.2099364697933197,-0.05993986502289772,-0.2011977583169937,0.9777150750160217],"EasingStyle":"Linear","EasingDirection":"In"},"Right Arm":{"Weight":1,"CFrame":[0.035157300531864169,-0.012778520584106446,0.04114270210266113,0.9648755788803101,-0.2519308626651764,0.07447152584791184,0.21767432987689973,0.9253922700881958,0.3102690279483795,-0.14708177745342256,-0.2831607162952423,0.9477273225784302],"EasingStyle":"Linear","EasingDirection":"In"},"Head":{"Weight":1,"CFrame":[8.521601557731629e-8,2.0954757928848268e-9,0.016662120819091798,0.9947611689567566,0.09970308095216751,-0.022575950250029565,-0.10217583179473877,0.9627277255058289,-0.25043052434921267,-0.0032342150807380678,0.25142529606819155,0.967871367931366],"EasingStyle":"Linear","EasingDirection":"In"},"Right Leg":{"Weight":1,"CFrame":[0.5224435329437256,-0.022462844848632814,0.06769406795501709,0.9207679033279419,0.3718678951263428,-0.11790105700492859,-0.37453344464302065,0.9272132515907288,-0.0004880300257354975,0.10913798958063126,0.04460721090435982,0.9930252432823181],"EasingStyle":"Linear","EasingDirection":"In"},"Torso":{"Weight":1,"CFrame":[-0.08133564889431,-0.01814977452158928,-0.1641073226928711,0.9912315607070923,-0.11751209944486618,0.06042259931564331,0.11902479827404022,0.9926461577415466,-0.02206500619649887,-0.05738535150885582,0.02906332165002823,0.9979289770126343],"EasingStyle":"Linear","EasingDirection":"In"},"HumanoidRootPart":{"Weight":1,"CFrame":[0,0,0,1,0,0,0,1,0,0,0,1],"EasingStyle":"Linear","EasingDirection":"In"},"Left Arm":{"Weight":1,"CFrame":[0.055337920784950259,-0.14880263805389405,0.18645977973937989,0.8833191394805908,0.46414291858673098,-0.06571682542562485,-0.41393008828163149,0.8380750417709351,0.3553759455680847,0.22002080082893372,-0.28670841455459597,0.932410478591919],"EasingStyle":"Linear","EasingDirection":"In"}}},{"Time":0.46666666865348818,"poses":{"Left Leg":{"Weight":1,"CFrame":[-0.5939127802848816,0.19474440813064576,-0.03415024280548096,0.9645544290542603,-0.263799786567688,0.006659247446805239,0.25695016980171206,0.9446582794189453,0.2039545774459839,-0.060093946754932407,-0.19501414895057679,0.9789577722549439],"EasingStyle":"Linear","EasingDirection":"In"},"Right Arm":{"Weight":1,"CFrame":[0.03491829335689545,-0.017692506313323976,0.11479020118713379,0.9643182754516602,-0.261112242937088,0.04371270164847374,0.19830511510372163,0.8217892050743103,0.5341699123382568,-0.1754009872674942,-0.5064415335655212,0.8442463278770447],"EasingStyle":"Linear","EasingDirection":"In"},"Head":{"Weight":1,"CFrame":[8.66129994392395e-8,-1.257285475730896e-8,0.016662120819091798,0.9950811862945557,0.09737928956747055,-0.018188422545790674,-0.09887083619832993,0.9648240208625794,-0.2435963749885559,-0.006172635592520237,0.24419651925563813,0.9697061777114868],"EasingStyle":"Linear","EasingDirection":"In"},"Right Leg":{"Weight":1,"CFrame":[0.5423274636268616,-0.00852656364440918,0.07415437698364258,0.9242892861366272,0.36419662833213808,-0.11423661559820175,-0.36664116382598879,0.930362343788147,-0.0004177256196271628,0.10612934827804566,0.04226992651820183,0.9934535622596741],"EasingStyle":"Linear","EasingDirection":"In"},"Torso":{"Weight":1,"CFrame":[-0.09934824705123902,-0.03159221261739731,-0.16811752319335938,0.9922349452972412,-0.1131015345454216,0.05174950137734413,0.11514691263437271,0.9926058053970337,-0.03840720281004906,-0.047022946178913119,0.04406776279211044,0.9979212880134583],"EasingStyle":"Linear","EasingDirection":"In"},"HumanoidRootPart":{"Weight":1,"CFrame":[0,0,0,1,0,0,0,1,0,0,0,1],"EasingStyle":"Linear","EasingDirection":"In"},"Left Arm":{"Weight":1,"CFrame":[0.08203750848770142,-0.05252167582511902,0.14649128913879395,0.9141080975532532,0.21958905458450318,-0.34086236357688906,-0.1846134066581726,0.9738668203353882,0.13229304552078248,0.36100462079048159,-0.05800250917673111,0.930758535861969],"EasingStyle":"Linear","EasingDirection":"In"}}},{"Time":0.5,"poses":{"Left Leg":{"Weight":1,"CFrame":[-0.5804329514503479,0.19258606433868409,-0.028973877429962159,0.9666767716407776,-0.25560373067855837,0.014233296737074852,0.2479993999004364,0.9488097429275513,0.19559246301651,-0.06349889189004898,-0.18554481863975526,0.980582058429718],"EasingStyle":"Linear","EasingDirection":"In"},"Right Arm":{"Weight":1,"CFrame":[0.03471318632364273,-0.024700164794921876,0.22302281856536866,0.9627100825309753,-0.2702266275882721,0.012918679043650628,0.17563311755657197,0.6606048941612244,0.7298998236656189,-0.2057724893093109,-0.7004132270812988,0.6834320425987244],"EasingStyle":"Linear","EasingDirection":"In"},"Head":{"Weight":1,"CFrame":[5.122274160385132e-8,2.2351741790771486e-8,0.016662240028381349,0.9955610632896423,0.09348884224891663,-0.010859150439500809,-0.09349871426820755,0.9692044258117676,-0.22781726717948914,-0.0107736736536026,0.22782135009765626,0.97364342212677],"EasingStyle":"Linear","EasingDirection":"In"},"Right Leg":{"Weight":1,"CFrame":[0.5578472018241882,0.0004584193229675293,0.07931602001190186,0.9256559610366821,0.3627285957336426,-0.1076519712805748,-0.3645467162132263,0.9311804175376892,0.002979791024699807,0.10132429748773575,0.03648587688803673,0.9941842555999756],"EasingStyle":"Linear","EasingDirection":"In"},"Torso":{"Weight":1,"CFrame":[-0.11046120524406433,-0.037241898477077487,-0.16931700706481934,0.993401825428009,-0.10636182874441147,0.042897455394268039,0.10828340798616409,0.9930886030197144,-0.04527561366558075,-0.037785377353429797,0.04962196201086044,0.9980530738830566],"EasingStyle":"Linear","EasingDirection":"In"},"HumanoidRootPart":{"Weight":1,"CFrame":[0,0,0,1,0,0,0,1,0,0,0,1],"EasingStyle":"Linear","EasingDirection":"In"},"Left Arm":{"Weight":1,"CFrame":[0.06782586872577667,-0.014601707458496094,0.10270297527313233,0.949243426322937,0.02369646169245243,-0.313648521900177,-0.02856726199388504,0.9995319843292236,-0.010942268185317517,0.3132423758506775,0.019346807152032853,0.9494761228561401],"EasingStyle":"Linear","EasingDirection":"In"}}},{"Time":0.5333333611488342,"poses":{"Left Leg":{"Weight":1,"CFrame":[-0.6037605404853821,0.2043359875679016,-0.006799221038818359,0.9555157423019409,-0.2897980213165283,0.0548330619931221,0.27467337250709536,0.9420706629753113,0.19250310957431794,-0.10744369029998779,-0.16887855529785157,0.9797632098197937],"EasingStyle":"Linear","EasingDirection":"In"},"Right Arm":{"Weight":1,"CFrame":[0.03444492071866989,-0.03325170278549194,0.3498544692993164,0.9593299031257629,-0.28180554509162905,-0.01649024710059166,0.1501501500606537,0.4599335193634033,0.8751663565635681,-0.2390422523021698,-0.8420491814613342,0.4835412800312042],"EasingStyle":"Linear","EasingDirection":"In"},"Head":{"Weight":1,"CFrame":[8.847564458847046e-8,6.05359673500061e-9,0.016661763191223146,0.9970531463623047,0.076713427901268,0.0003527403750922531,-0.0750732421875,0.9766597747802734,-0.20124541223049165,-0.015782689675688745,0.20062579214572907,0.9795408844947815],"EasingStyle":"Linear","EasingDirection":"In"},"Right Leg":{"Weight":1,"CFrame":[0.5748763680458069,0.008024394512176514,0.07657825946807862,0.9285118579864502,0.36088594794273379,-0.08733329176902771,-0.36155495047569277,0.9323113560676575,0.00858753826469183,0.08452099561691284,0.02360212430357933,0.9961421489715576],"EasingStyle":"Linear","EasingDirection":"In"},"Torso":{"Weight":1,"CFrame":[-0.1133144348859787,-0.03788605332374573,-0.16766810417175294,0.9956690669059753,-0.08611380308866501,0.03503831475973129,0.08768396824598313,0.9950829744338989,-0.04605872929096222,-0.030899737030267717,0.0489315427839756,0.9983241558074951],"EasingStyle":"Linear","EasingDirection":"In"},"HumanoidRootPart":{"Weight":1,"CFrame":[0,0,0,1,0,0,0,1,0,0,0,1],"EasingStyle":"Linear","EasingDirection":"In"},"Left Arm":{"Weight":1,"CFrame":[0.04496399313211441,-0.008710086345672608,0.062278032302856448,0.9644670486450195,-0.10882023721933365,-0.24075201153755189,0.09869811683893204,0.9936649203300476,-0.053747810423374179,0.24507565796375276,0.028075963258743287,0.9690973162651062],"EasingStyle":"Linear","EasingDirection":"In"}}},{"Time":0.5666666626930237,"poses":{"Left Leg":{"Weight":1,"CFrame":[-0.6473057866096497,0.24261736869812013,0.047681331634521487,0.9220390319824219,-0.3600173592567444,0.14223726093769074,0.3290784955024719,0.922502875328064,0.20173214375972749,-0.2038414031267166,-0.1391977220773697,0.9690577387809753],"EasingStyle":"Linear","EasingDirection":"In"},"Right Arm":{"Weight":1,"CFrame":[0.03398123383522034,-0.042601972818374637,0.47880685329437258,0.9530074596405029,-0.2996707260608673,-0.04443303123116493,0.12220251560211182,0.24605873227119447,0.9615204930305481,-0.2772063910961151,-0.9217660427093506,0.2711164951324463],"EasingStyle":"Linear","EasingDirection":"In"},"Head":{"Weight":1,"CFrame":[9.313225746154785e-8,1.7462298274040223e-8,0.016662120819091798,0.9990715384483337,0.04068449139595032,0.014171634800732136,-0.037861358374357226,0.9860997200012207,-0.16178390383720399,-0.020556781440973283,0.1610972136259079,0.9867244362831116],"EasingStyle":"Linear","EasingDirection":"In"},"Right Leg":{"Weight":1,"CFrame":[0.5941837430000305,0.018775105476379396,0.06179237365722656,0.9358397126197815,0.3491767942905426,-0.04774424806237221,-0.3488636612892151,0.9370533227920532,0.015014071017503739,0.04998152330517769,0.0026054419577121736,0.9987467527389526],"EasingStyle":"Linear","EasingDirection":"In"},"Torso":{"Weight":1,"CFrame":[-0.11005919426679611,-0.03842993825674057,-0.16245245933532716,0.998509407043457,-0.04653165861964226,0.02852630987763405,0.04783157631754875,0.9977622032165527,-0.046719931066036227,-0.02628851681947708,0.048014748841524127,0.998500645160675],"EasingStyle":"Linear","EasingDirection":"In"},"HumanoidRootPart":{"Weight":1,"CFrame":[0,0,0,1,0,0,0,1,0,0,0,1],"EasingStyle":"Linear","EasingDirection":"In"},"Left Arm":{"Weight":1,"CFrame":[0.01986558735370636,-0.005200505256652832,0.029323458671569825,0.969730019569397,-0.19879375398159028,-0.14179164171218873,0.1949612945318222,0.9799715280532837,-0.04057037830352783,0.14701688289642335,0.011698327958583832,0.9890648126602173],"EasingStyle":"Linear","EasingDirection":"In"}}},{"Time":0.6000000238418579,"poses":{"Left Leg":{"Weight":1,"CFrame":[-0.6617716550827026,0.2884952425956726,0.12252211570739746,0.8679327368736267,-0.43057429790496828,0.2475854903459549,0.3809303045272827,0.8969402313232422,0.22447773814201356,-0.31872373819351199,-0.10051876306533814,0.9425025582313538],"EasingStyle":"Linear","EasingDirection":"In"},"Right Arm":{"Weight":1,"CFrame":[0.03317379578948021,-0.0521431565284729,0.5929620265960693,0.9417757391929627,-0.3283829987049103,-0.07227134704589844,0.09158200025558472,0.043703220784664157,0.9948380589485169,-0.32352933287620547,-0.9435330629348755,0.07123272120952606],"EasingStyle":"Linear","EasingDirection":"In"},"Head":{"Weight":1,"CFrame":[8.111237548291683e-8,-2.5029294192790987e-9,0.016661763191223146,0.9996360540390015,-0.008032226003706456,0.02575293928384781,0.010915081016719342,0.9934402108192444,-0.11383084952831269,-0.02466973476111889,0.11407055705785752,0.9931663274765015],"EasingStyle":"Linear","EasingDirection":"In"},"Right Leg":{"Weight":1,"CFrame":[0.6079816222190857,0.02959805727005005,0.039043426513671878,0.9448896050453186,0.3273679316043854,0.003703135997056961,-0.32737091183662417,0.9446592330932617,0.021151769906282426,0.003426269395276904,-0.02119840681552887,0.999769389629364],"EasingStyle":"Linear","EasingDirection":"In"},"Torso":{"Weight":1,"CFrame":[-0.1039767637848854,-0.03849884122610092,-0.15244317054748536,0.9997134208679199,0.004935217555612326,0.02342507243156433,-0.00383449112996459,0.9988968372344971,-0.046803705394268039,-0.023630214855074884,0.04670047014951706,0.9986293911933899],"EasingStyle":"Linear","EasingDirection":"In"},"HumanoidRootPart":{"Weight":1,"CFrame":[0,0,0,1,0,0,0,1,0,0,0,1],"EasingStyle":"Linear","EasingDirection":"In"},"Left Arm":{"Weight":1,"CFrame":[-0.0006602238863706589,-0.000835418701171875,0.007047295570373535,0.9666768908500671,-0.25413671135902407,-0.03082921914756298,0.2544720768928528,0.9670516848564148,0.00742699857801199,0.027925914153456689,-0.015024838969111443,0.99949711561203],"EasingStyle":"Linear","EasingDirection":"In"}}},{"Time":0.6333333253860474,"poses":{"Left Leg":{"Weight":1,"CFrame":[-0.6358836889266968,0.3200837969779968,0.1913132667541504,0.8042313456535339,-0.4858577847480774,0.34227800369262698,0.41589823365211489,0.8714941740036011,0.2598583400249481,-0.42454758286476138,-0.06663335114717484,0.9029504656791687],"EasingStyle":"Linear","EasingDirection":"In"},"Right Arm":{"Weight":1,"CFrame":[0.031857676804065707,-0.06156077980995178,0.6752007007598877,0.9220939874649048,-0.37317585945129397,-0.10238437354564667,0.05736839026212692,-0