{"Sequence":[{"Time":0,"poses":{"Left Leg":{"Weight":1,"CFrame":[-0.21960845589637757,0.015468895435333252,0.00505828857421875,0.9947123527526856,-0.10270015150308609,-0.0000061052237469994,0.1027001217007637,0.9947122931480408,0.0003071834216825664,-0.000025515962988720277,-0.0003061681054532528,0.9999999403953552],"EasingStyle":"Linear","EasingDirection":"Out"},"Right Arm":{"Weight":1,"CFrame":[0.32730087637901308,-0.6073704957962036,0.021735548973083497,-0.6028685569763184,-0.47239938378334048,0.6429529786109924,0.7404916882514954,-0.6313077807426453,0.2304830700159073,0.2970212399959564,0.6150522828102112,0.7304033041000366],"EasingStyle":"Linear","EasingDirection":"Out"},"Left Arm":{"Weight":1,"CFrame":[-0.19292080402374268,0.24068129062652589,0.23560643196105958,-0.5420633554458618,-0.2605741024017334,0.7989169955253601,0.6498397588729858,-0.7327600717544556,0.20191839337348939,0.5327997803688049,0.6286205649375916,0.5665338635444641],"EasingStyle":"Linear","EasingDirection":"Out"},"Right Leg":{"Weight":1,"CFrame":[0.21958863735198975,0.015464365482330323,0.00505828857421875,0.9947122931480408,0.1027006283402443,0.000006589511031052098,-0.10270067304372788,0.9947122931480408,0.00030729867285117507,0.000025065424779313618,-0.00030636219889856875,0.9999999403953552],"EasingStyle":"Linear","EasingDirection":"Out"},"Torso":{"Weight":1,"CFrame":[0,0,-0.02832794189453125,1,2.384185791015625e-7,-8.742277657347586e-8,-2.384185791015625e-7,1,2.084321417176148e-14,8.742277657347586e-8,0,1],"EasingStyle":"Linear","EasingDirection":"Out"},"HumanoidRootPart":{"Weight":0,"CFrame":[0,0,0,1,0,0,0,1,0,0,0,1],"EasingStyle":"Linear","EasingDirection":"In"},"Head":{"Weight":1,"CFrame":[8.887943181434821e-8,0,0.016662120819091798,0.9999546408653259,-0.009493879973888398,-0.0007596268551424146,0.009496974758803845,0.9999461770057678,0.0041713714599609379,0.0007199738756753504,-0.004178403876721859,0.9999909996986389],"EasingStyle":"Linear","EasingDirection":"Out"}}},{"Time":0.017083333805203439,"poses":{"Left Leg":{"Weight":1,"CFrame":[-0.3359307050704956,0.02998340129852295,-0.0009350776672363281,0.9885645508766174,-0.14865851402282716,-0.02531374804675579,0.1486331820487976,0.9888882040977478,-0.0028885581996291878,0.02546183206140995,-0.0009069503867067397,0.9996753931045532],"EasingStyle":"Linear","EasingDirection":"Out"},"Right Arm":{"Weight":1,"CFrame":[0.32743871212005618,-0.6487148404121399,0.02267289161682129,-0.6008633375167847,-0.46763455867767336,0.6482911109924316,0.7505273818969727,-0.6091458797454834,0.2562224566936493,0.27508533000946047,0.6405148506164551,0.716985821723938],"EasingStyle":"Linear","EasingDirection":"Out"},"Left Arm":{"Weight":1,"CFrame":[-0.1928550899028778,0.24154424667358399,0.2295844554901123,-0.5398238301277161,-0.26030048727989199,0.8005210161209106,0.6595373749732971,-0.7217192053794861,0.2100760042667389,0.5230684876441956,0.6413774490356445,0.5612790584564209],"EasingStyle":"Linear","EasingDirection":"Out"},"Right Leg":{"Weight":1,"CFrame":[0.3216799795627594,0.02799665927886963,0.011483907699584961,0.985471785068512,0.1679438054561615,-0.025303224101662637,-0.16791093349456788,0.9857962131500244,0.0034359523560851814,0.02552092634141445,0.0008626138442195952,0.9996739029884338],"EasingStyle":"Linear","EasingDirection":"Out"},"Torso":{"Weight":1,"CFrame":[0.00048654573038220406,-0.001412031939253211,-0.05726003646850586,0.9996781349182129,-0.02534346468746662,-0.0011721155606210232,0.02534143440425396,0.9996773600578308,-0.001716633327305317,0.0012152428971603513,0.0016863776836544276,0.9999978542327881],"EasingStyle":"Linear","EasingDirection":"Out"},"HumanoidRootPart":{"Weight":0,"CFrame":[0,0,0,1,0,0,0,1,0,0,0,1],"EasingStyle":"Linear","EasingDirection":"In"},"Head":{"Weight":1,"CFrame":[8.91159288585186e-8,-7.112248567864299e-10,0.016661405563354493,0.9998741745948792,0.015860697254538537,0.00019922430510632694,-0.01585843786597252,0.9998388290405273,-0.008412446826696396,-0.00033262590295635164,0.008408264257013798,0.9999645948410034],"EasingStyle":"Linear","EasingDirection":"Out"}}},{"Time":0.03375000134110451,"poses":{"Left Leg":{"Weight":1,"CFrame":[-0.4119548797607422,0.03951835632324219,-0.008042693138122559,0.9833092093467712,-0.17567375302314759,-0.04734720662236214,0.17538009583950044,0.9844467043876648,-0.010319611988961697,0.048423655331134799,0.0018436204409226776,0.998825192451477],"EasingStyle":"Linear","EasingDirection":"Out"},"Right Arm":{"Weight":1,"CFrame":[0.3276488482952118,-0.6851375102996826,0.02369999885559082,-0.6031429767608643,-0.46180015802383425,0.6503531336784363,0.7577083706855774,-0.5864469408988953,0.2862831950187683,0.24919195473194123,0.6654476523399353,0.7036212086677551],"EasingStyle":"Linear","EasingDirection":"Out"},"Left Arm":{"Weight":1,"CFrame":[-0.19267518818378449,0.24225175380706788,0.22602975368499757,-0.537528932094574,-0.25997933745384219,0.8021678924560547,0.6675329804420471,-0.7124361991882324,0.21641311049461366,0.5152304172515869,0.6518016457557678,0.5564998388290405],"EasingStyle":"Linear","EasingDirection":"Out"},"Right Leg":{"Weight":1,"CFrame":[0.396384596824646,0.03770643472671509,0.019538044929504396,0.974888801574707,0.21760345995426179,-0.04733383283019066,-0.21732190251350404,0.9760371446609497,0.011079355143010617,0.04861054942011833,-0.0005144417518749833,0.9988176822662354],"EasingStyle":"Linear","EasingDirection":"Out"},"Torso":{"Weight":1,"CFrame":[0.0018613161519169808,-0.0026745880022644998,-0.0812375545501709,0.9988638758659363,-0.0474415086209774,-0.004503452684730291,0.047427110373973849,0.9988694190979004,-0.0032515458296984436,0.004652618896216154,0.0030342659447342159,0.9999845623970032],"EasingStyle":"Linear","EasingDirection":"Out"},"HumanoidRootPart":{"Weight":0,"CFrame":[0,0,0,1,0,0,0,1,0,0,0,1],"EasingStyle":"Linear","EasingDirection":"In"},"Head":{"Weight":1,"CFrame":[8.803908713161946e-8,1.5133991837501526e-9,0.0166623592376709,0.9992724061012268,0.038044512271881106,0.0026941667310893537,-0.03797554224729538,0.9990328550338745,-0.022163741290569307,-0.00353484065271914,0.02204539254307747,0.9997507333755493],"EasingStyle":"Linear","EasingDirection":"Out"}}},{"Time":0.050833333283662799,"poses":{"Left Leg":{"Weight":1,"CFrame":[-0.45839786529541018,0.04265493154525757,-0.013937890529632569,0.9796758890151978,-0.18928572535514832,-0.0663783997297287,0.1882578581571579,0.9818849563598633,-0.021469807252287866,0.06923984736204148,0.008537158370018006,0.9975634813308716],"EasingStyle":"Linear","EasingDirection":"Out"},"Right Arm":{"Weight":1,"CFrame":[0.32789504528045657,-0.7166197299957275,0.024915695190429689,-0.6087238192558289,-0.4557879567146301,0.6493940353393555,0.7623103857040405,-0.5628320574760437,0.31953534483909609,0.21985942125320435,0.689548671245575,0.6900612711906433],"EasingStyle":"Linear","EasingDirection":"Out"},"Left Arm":{"Weight":1,"CFrame":[-0.19241005182266236,0.2428167462348938,0.22431516647338868,-0.5352635383605957,-0.2596435248851776,0.8037899136543274,0.6740507483482361,-0.7047867774963379,0.22120395302772523,0.5090662837028503,0.6601975560188294,0.5522595643997192],"EasingStyle":"Linear","EasingDirection":"Out"},"Right Leg":{"Weight":1,"CFrame":[0.45102447271347048,0.0440288782119751,0.027173519134521486,0.9644734859466553,0.2557099163532257,-0.0663570761680603,-0.25474581122398379,0.9667404294013977,0.022750139236450197,0.06996757537126541,-0.005037703551352024,0.9975365400314331],"EasingStyle":"Linear","EasingDirection":"Out"},"Torso":{"Weight":1,"CFrame":[0.004000380635261536,-0.0038470160216093065,-0.09760808944702149,0.9977351427078247,-0.06656045466661453,-0.00971287302672863,0.06651753932237625,0.9977743029594421,-0.004676888696849346,0.010002550669014454,0.004020219668745995,0.999941885471344],"EasingStyle":"Linear","EasingDirection":"Out"},"HumanoidRootPart":{"Weight":0,"CFrame":[0,0,0,1,0,0,0,1,0,0,0,1],"EasingStyle":"Linear","EasingDirection":"In"},"Head":{"Weight":1,"CFrame":[8.85920599102974e-8,1.4842953532934189e-9,0.0166623592376709,0.9983302354812622,0.05739333853125572,0.006537620909512043,-0.057118870317935947,0.9977030754089356,-0.03641391545534134,-0.008612495847046376,0.035979751497507098,0.9993153810501099],"EasingStyle":"Linear","EasingDirection":"Out"}}},{"Time":0.06791666895151138,"poses":{"Left Leg":{"Weight":1,"CFrame":[-0.47718724608421328,0.03788095712661743,-0.017169833183288575,0.9782276749610901,-0.19035466015338899,-0.0826784074306488,0.18797530233860017,0.9815232753753662,-0.03573944792151451,0.08795391023159027,0.019419806078076364,0.9959352016448975],"EasingStyle":"Linear","EasingDirection":"Out"},"Right Arm":{"Weight":1,"CFrame":[0.3281433880329132,-0.7431424856185913,0.02641916275024414,-0.6166117787361145,-0.4504204988479614,0.645686686038971,0.7646112442016602,-0.5379739999771118,0.35489946603775027,0.1875087171792984,0.7125344276428223,0.6761175990104675],"EasingStyle":"Linear","EasingDirection":"Out"},"Left Arm":{"Weight":1,"CFrame":[-0.19208860397338868,0.24325543642044068,0.22381281852722169,-0.5331137180328369,-0.25932663679122927,0.8053195476531982,0.679277241230011,-0.6986352801322937,0.2247026264667511,0.5043532252311707,0.6668271422386169,0.5486065745353699],"EasingStyle":"Linear","EasingDirection":"Out"},"Right Leg":{"Weight":1,"CFrame":[0.48674875497817995,0.04614293575286865,0.03300619125366211,0.9555549025535584,0.2829929292201996,-0.08264276385307312,-0.2807459831237793,0.9590337872505188,0.037893638014793399,0.08998093008995056,-0.013007855974137783,0.9958585500717163],"EasingStyle":"Linear","EasingDirection":"Out"},"Torso":{"Weight":1,"CFrame":[0.00678282231092453,-0.004967011511325836,-0.10372567176818848,0.9964150786399841,-0.08297155052423477,-0.016515497118234636,0.08288195729255676,0.9965410828590393,-0.006038487423211336,0.01695939153432846,0.00464800326153636,0.9998453855514526],"EasingStyle":"Linear","EasingDirection":"Out"},"HumanoidRootPart":{"Weight":0,"CFrame":[0,0,0,1,0,0,0,1,0,0,0,1],"EasingStyle":"Linear","EasingDirection":"In"},"Head":{"Weight":1,"CFrame":[9.901123121380806e-8,2.9685907065868379e-9,0.016662001609802247,0.9971737861633301,0.07423039525747299,0.011587012559175492,-0.07355745136737824,0.9960127472877502,-0.05047719553112984,-0.0152877327054739,0.04948221892118454,0.9986580014228821],"EasingStyle":"Linear","EasingDirection":"Out"}}},{"Time":0.0845833346247673,"poses":{"Left Leg":{"Weight":1,"CFrame":[-0.47859761118888857,0.026934325695037843,-0.017719626426696779,0.9781556725502014,-0.18410976231098176,-0.09651496261358261,0.17971085011959077,0.9823165535926819,-0.05251868814229965,0.1044774055480957,0.03402665629982948,0.9939450025558472],"EasingStyle":"Linear","EasingDirection":"Out"},"Right Arm":{"Weight":1,"CFrame":[0.3283615708351135,-0.7646893262863159,0.02830946445465088,-0.6258159875869751,-0.4464609920978546,0.6395522952079773,0.7649240493774414,-0.5115946531295776,0.3913593292236328,0.1524648368358612,0.7341277003288269,0.6616726517677307],"EasingStyle":"Linear","EasingDirection":"Out"},"Left Arm":{"Weight":1,"CFrame":[-0.1917397379875183,0.2435828447341919,0.2238924503326416,-0.5311683416366577,-0.25906267762184145,0.8066888451576233,0.6833705902099609,-0.693835973739624,0.22714827954769135,0.5008640885353088,0.6719212532043457,0.5455793142318726],"EasingStyle":"Linear","EasingDirection":"Out"},"Right Leg":{"Weight":1,"CFrame":[0.5128099918365479,0.0455893874168396,0.036902785301208499,0.9476392269134522,0.30442768335342409,-0.09645552188158035,-0.30020809173583987,0.9522314667701721,0.05594976246356964,0.10888069123029709,-0.02406351827085018,0.9937635064125061],"EasingStyle":"Linear","EasingDirection":"Out"},"Torso":{"Weight":1,"CFrame":[0.010089561343193055,-0.006055779755115509,-0.10291743278503418,0.9949848651885986,-0.09694726020097733,-0.024624206125736238,0.09679354727268219,0.9952772259712219,-0.007362122647464275,0.025221649557352067,0.004941736813634634,0.9996696710586548],"EasingStyle":"Linear","EasingDirection":"Out"},"HumanoidRootPart":{"Weight":0,"CFrame":[0,0,0,1,0,0,0,1,0,0,0,1],"EasingStyle":"Linear","EasingDirection":"In"},"Head":{"Weight":1,"CFrame":[8.742790669202805e-8,-5.820766091346741e-10,0.016661763191223146,0.995887041091919,0.08885236084461212,0.017728138715028764,-0.0875617191195488,0.9941230416297913,-0.06365759670734406,-0.02328014001250267,0.06184342876076698,0.9978142976760864],"EasingStyle":"Linear","EasingDirection":"Out"}}},{"Time":0.10166666656732559,"poses":{"Left Leg":{"Weight":1,"CFrame":[-0.47433197498321535,0.012945115566253662,-0.01646566390991211,0.9783387184143066,-0.17651179432868958,-0.10815264284610748,0.16946738958358766,0.9829562306404114,-0.07125899940729141,0.11888735741376877,0.05138712003827095,0.9915770888328552],"EasingStyle":"Linear","EasingDirection":"Out"},"Right Arm":{"Weight":1,"CFrame":[0.32851865887641909,-0.7812445163726807,0.030684947967529298,-0.6353545188903809,-0.444623202085495,0.6313753724098206,0.7636162638664246,-0.4834563434123993,0.42797231674194338,0.1149560734629631,0.7540425658226013,0.6466875672340393],"EasingStyle":"Linear","EasingDirection":"Out"},"Left Arm":{"Weight":1,"CFrame":[-0.19139239192008973,0.24381577968597413,0.22392451763153077,-0.5295183658599854,-0.2588844895362854,0.8078299164772034,0.6864686012268066,-0.6902359127998352,0.22876912355422975,0.498368501663208,0.6756872534751892,0.5432085394859314],"EasingStyle":"Linear","EasingDirection":"Out"},"Right Leg":{"Weight":1,"CFrame":[0.5387216210365295,0.04462987184524536,0.039423584938049319,0.9394848942756653,0.32510289549827578,-0.10805609822273255,-0.31820058822631838,0.9449383616447449,0.07641980051994324,0.1269507259130478,-0.037411775439977649,0.991203248500824],"EasingStyle":"Linear","EasingDirection":"Out"},"Torso":{"Weight":1,"CFrame":[0.013802759349346161,-0.0071226488798856739,-0.1004936695098877,0.993494987487793,-0.10875952988862992,-0.033750373870134357,0.10852676630020142,0.9940558075904846,-0.008659135550260544,0.03449152037501335,0.0049399882555007938,0.9993928074836731],"EasingStyle":"Linear","EasingDirection":"Out"},"HumanoidRootPart":{"Weight":0,"CFrame":[0,0,0,1,0,0,0,1,0,0,0,1],"EasingStyle":"Linear","EasingDirection":"In"},"Head":{"Weight":1,"CFrame":[8.85920599102974e-8,6.984919309616089e-10,0.0166623592376709,0.994522750377655,0.10152024030685425,0.024861589074134828,-0.09940168261528015,0.992197573184967,-0.07525459676980972,-0.032307449728250507,0.07237111777067185,0.9968543648719788],"EasingStyle":"Linear","EasingDirection":"Out"}}},{"Time":0.11874999850988388,"poses":{"Left Leg":{"Weight":1,"CFrame":[-0.4653625786304474,-0.0034903287887573244,-0.013731002807617188,0.9787423610687256,-0.1678488701581955,-0.11785634607076645,0.15762174129486085,0.983263373374939,-0.0913698822259903,0.13122013211250306,0.07085082679986954,0.9888181686401367],"EasingStyle":"Linear","EasingDirection":"Out"},"Right Arm":{"Weight":1,"CFrame":[0.3285846710205078,-0.7927964925765991,0.03364253044128418,-0.6442488431930542,-0.44557857513427737,0.6216133832931519,0.7611188292503357,-0.45334112644195559,0.4638746678829193,0.0751102939248085,0.7719724774360657,0.6312029361724854],"EasingStyle":"Linear","EasingDirection":"Out"},"Left Arm":{"Weight":1,"CFrame":[-0.19107550382614137,0.24396908283233643,0.22327804565429688,-0.5282593965530396,-0.2588248550891876,0.8086729645729065,0.6886942386627197,-0.6876762509346008,0.22978591918945313,0.4966309070587158,0.6783148646354675,0.5415223836898804],"EasingStyle":"Linear","EasingDirection":"Out"},"Right Leg":{"Weight":1,"CFrame":[0.5637806057929993,0.04330819845199585,0.04054069519042969,0.9312971234321594,0.34471920132637026,-0.11770405620336533,-0.33443644642829897,0.9372314810752869,0.09873917698860169,0.14435328543186189,-0.052590977400541309,0.9881277084350586],"EasingStyle":"Linear","EasingDirection":"Out"},"Torso":{"Weight":1,"CFrame":[0.017805427312850953,-0.008169077336788178,-0.09677529335021973,0.9919747710227966,-0.11867914348840714,-0.04360433667898178,0.11835587024688721,0.9929215908050537,-0.009931297041475773,0.04447432607412338,0.004690767265856266,0.9989995360374451],"EasingStyle":"Linear","EasingDirection":"Out"},"HumanoidRootPart":{"Weight":0,"CFrame":[0,0,0,1,0,0,0,1,0,0,0,1],"EasingStyle":"Linear","EasingDirection":"In"},"Head":{"Weight":1,"CFrame":[9.336508810520172e-8,-3.259629011154175e-9,0.016662120819091798,0.9931123852729797,0.11245381087064743,0.03289259970188141,-0.10934579372406006,0.9904000163078308,-0.0845651850104332,-0.042086537927389148,0.08038614690303803,0.9958748817443848],"EasingStyle":"Linear","EasingDirection":"Out"}}},{"Time":0.1354166716337204,"poses":{"Left Leg":{"Weight":1,"CFrame":[-0.45220187306404116,-0.021852850914001466,-0.009848535060882569,0.9793552160263062,-0.15815919637680055,-0.12589314579963685,0.14434053003787995,0.9831402897834778,-0.1122540757060051,0.14152458310127259,0.09176509082317352,0.9856723546981812],"EasingStyle":"Linear","EasingDirection":"Out"},"Right Arm":{"Weight":1,"CFrame":[0.32853031158447268,-0.7993310689926148,0.037277936935424808,-0.6515078544616699,-0.44996410608291628,0.6107944250106812,0.7579259872436523,-0.4210259020328522,0.4982825517654419,0.03295094892382622,0.787571907043457,0.615341067314148],"EasingStyle":"Linear","EasingDirection":"Out"},"Left Arm":{"Weight":1,"CFrame":[-0.19081781804561616,0.24405938386917115,0.22132229804992677,-0.5274882912635803,-0.25891339778900149,0.8091476559638977,0.6901617050170898,-0.6859927177429199,0.23041485249996186,0.49541187286376955,0.6799837350845337,0.5405451655387878],"EasingStyle":"Linear","EasingDirection":"Out"},"Right Leg":{"Weight":1,"CFrame":[0.5874803066253662,0.04168516397476196,0.04030954837799072,0.9232537746429443,0.36305874586105349,-0.12566111981868745,-0.3487505316734314,0.9292007684707642,0.12230733036994934,0.16116921603679658,-0.06909632682800293,0.9845050573348999],"EasingStyle":"Linear","EasingDirection":"Out"},"Torso":{"Weight":1,"CFrame":[0.021981284022331239,-0.009192019701004029,-0.09207606315612793,0.9904405474662781,-0.12697556614875794,-0.05389557406306267,0.12655416131019593,0.9918967485427856,-0.01117490604519844,0.05487778037786484,0.004247370176017284,0.9984840750694275],"EasingStyle":"Linear","EasingDirection":"Out"},"HumanoidRootPart":{"Weight":0,"CFrame":[0,0,0,1,0,0,0,1,0,0,0,1],"EasingStyle":"Linear","EasingDirection":"In"},"Head":{"Weight":1,"CFrame":[7.962808012962341e-8,-8.731149137020111e-10,0.016662001609802247,0.9916738271713257,0.12182831019163132,0.04172426834702492,-0.11766181141138077,0.9888859987258911,-0.09088578820228577,-0.05233302339911461,0.08521968871355057,0.994986891746521],"EasingStyle":"Linear","EasingDirection":"Out"}}},{"Time":0.1525000035762787,"poses":{"Left Leg":{"Weight":1,"CFrame":[-0.4354802668094635,-0.04154825210571289,-0.0051805973052978519,0.9801363348960877,-0.14753904938697816,-0.1325330138206482,0.12987269461154939,0.9825278520584106,-0.13331201672554017,0.14988604187965394,0.11345149576663971,0.9821725487709045],"EasingStyle":"Linear","EasingDirection":"Out"},"Right Arm":{"Weight":1,"CFrame":[0.3283267319202423,-0.8008334040641785,0.04168403148651123,-0.6560959219932556,-0.4583885073661804,0.5995147824287415,0.75458824634552,-0.38624438643455508,0.5304827094078064,-0.011607975699007512,0.800434410572052,0.5993080139160156],"EasingStyle":"Linear","EasingDirection":"Out"},"Left Arm":{"Weight":1,"CFrame":[-0.1906481385231018,0.2441025972366333,0.21742594242095948,-0.5273045301437378,-0.25917941331863406,0.809182345867157,0.6909793615341187,-0.6850162744522095,0.230868399143219,0.4944668114185333,0.6808661222457886,0.540299654006958],"EasingStyle":"Linear","EasingDirection":"Out"},"Right Leg":{"Weight":1,"CFrame":[0.6096274256706238,0.0398867130279541,0.03889131546020508,0.9154717922210693,0.3800477087497711,-0.132193461060524,-0.3611600399017334,0.920926570892334,0.1464843451976776,0.17741157114505769,-0.08635938912630081,0.9803403615951538],"EasingStyle":"Linear","EasingDirection":"Out"},"Torso":{"Weight":1,"CFrame":[0.02621455490589142,-0.010186679661273957,-0.0867009162902832,0.9889020919799805,-0.133917436003685,-0.064332976937294,0.13339395821094514,0.9909856915473938,-0.012384132482111454,0.0654115155339241,0.003665063763037324,0.9978516697883606],"EasingStyle":"Linear","EasingDirection":"Out"},"HumanoidRootPart":{"Weight":0,"CFrame":[0,0,0,1,0,0,0,1,0,0,0,1],"EasingStyle":"Linear","EasingDirection":"In"},"Head":{"Weight":1,"CFrame":[9.499490261077881e-8,5.122274160385132e-9,0.016661882400512697,0.9902179837226868,0.12977482378482819,0.05125253647565842,-0.12461638450622559,0.9877886772155762,-0.09351079165935517,-0.06276202946901322,0.08620909601449967,0.9942982196807861],"EasingStyle":"Linear","EasingDirection":"Out"}}},{"Time":0.16958333551883698,"poses":{"Left Leg":{"Weight":1,"CFrame":[-0.4158652126789093,-0.061936259269714358,-0.00008553266525268555,0.9810288548469544,-0.1361035853624344,-0.13805150985717774,0.1144946813583374,0.9814230799674988,-0.1539468914270401,0.1564396321773529,0.1352202296257019,0.9783875346183777],"EasingStyle":"Linear","EasingDirection":"Out"},"Right Arm":{"Weight":1,"CFrame":[0.3271217942237854,-0.7944638133049011,0.04709219932556152,-0.6574983596801758,-0.47122254967689516,0.5879158973693848,0.751189649105072,-0.34949710965156557,0.5599695444107056,-0.0583953857421875,0.8098154664039612,0.5837714076042175],"EasingStyle":"Linear","EasingDirection":"Out"},"Left Arm":{"Weight":1,"CFrame":[-0.19059503078460694,0.24411678314208985,0.21095752716064454,-0.5278065800666809,-0.2596476674079895,0.808704674243927,0.6912535429000855,-0.6845744252204895,0.2313576489686966,0.49354711174964907,0.6811320781707764,0.5408052802085877],"EasingStyle":"Linear","EasingDirection":"Out"},"Right Leg":{"Weight":1,"CFrame":[0.6295767426490784,0.03787243366241455,0.03649401664733887,0.908139169216156,0.39541956782341006,-0.13757388293743134,-0.3715253472328186,0.9126152992248535,0.17059363424777986,0.1930081695318222,-0.1038106232881546,0.9756901264190674],"EasingStyle":"Linear","EasingDirection":"Out"},"Torso":{"Weight":1,"CFrame":[0.030389636754989625,-0.01114862784743309,-0.08094406127929688,0.9873675107955933,-0.13977284729480744,-0.0746251717209816,0.13914647698402406,0.9901790618896484,-0.013553589582443238,0.07578670978546143,0.0029985459987074138,0.9971195459365845],"EasingStyle":"Linear","EasingDirection":"Out"},"HumanoidRootPart":{"Weight":0,"CFrame":[0,0,0,1,0,0,0,1,0,0,0,1],"EasingStyle":"Linear","EasingDirection":"In"},"Head":{"Weight":1,"CFrame":[5.9371814131736758e-8,3.725290298461914e-9,0.016661643981933595,0.988754391670227,0.13646088540554048,0.06118200346827507,-0.13047835230827332,0.9870837926864624,-0.09295669943094254,-0.07307673245668411,0.08392839133739472,0.9937885999679565],"EasingStyle":"Linear","EasingDirection":"Out"}}},{"Time":0.1862500011920929,"poses":{"Left Leg":{"Weight":1,"CFrame":[-0.39452624320983889,-0.08221542835235596,0.005056262016296387,0.981934666633606,-0.12422925978899002,-0.14272870123386384,0.09873770922422409,0.9798595905303955,-0.17356868088245393,0.16141633689403535,0.1563403159379959,0.9744241833686829],"EasingStyle":"Linear","EasingDirection":"Out"},"Right Arm":{"Weight":1,"CFrame":[0.32420384883880618,-0.7781135439872742,0.05353856086730957,-0.6575698852539063,-0.4879748225212097,0.5740056037902832,0.7459537386894226,-0.314895898103714,0.5868505239486694,-0.10561632364988327,0.814076840877533,0.5710726976394653],"EasingStyle":"Linear","EasingDirection":"Out"},"Left Arm":{"Weight":1,"CFrame":[-0.1923431009054184,0.23701167106628419,0.2003459930419922,-0.5384548902511597,-0.26339030265808108,0.8004323244094849,0.6830116510391235,-0.6927468180656433,0.23151002824306489,0.4935193955898285,0.6713622808456421,0.5529115796089172],"EasingStyle":"Linear","EasingDirection":"Out"},"Right Leg":{"Weight":1,"CFrame":[0.6471430659294128,0.0357399582862854,0.03344762325286865,0.9013500809669495,0.40912097692489626,-0.1420842856168747,-0.3799571692943573,0.9044473171234131,0.19392704963684083,0.20784741640090943,-0.12081023305654526,0.9706721305847168],"EasingStyle":"Linear","EasingDirection":"Out"},"Torso":{"Weight":1,"CFrame":[0.03439107537269592,-0.0120752714574337,-0.07509088516235352,0.9858464002609253,-0.1448098123073578,-0.0844806358218193,0.14408214390277863,0.989456832408905,-0.014680126681923867,0.08571576327085495,0.0023002000525593759,0.9963169693946838],"EasingStyle":"Linear","EasingDirection":"Out"},"HumanoidRootPart":{"Weight":0,"CFrame":[0,0,0,1,0,0,0,1,0,0,0,1],"EasingStyle":"Linear","EasingDirection":"In"},"Head":{"Weight":1,"CFrame":[8.218921720981598e-8,-2.3283064365386964e-9,0.016661882400512697,0.9872943758964539,0.14211784303188325,0.07107941061258316,-0.13551776111125947,0.9866443872451782,-0.0903756320476532,-0.08297409117221832,0.07959479838609696,0.9933679699897766],"EasingStyle":"Linear","EasingDirection":"Out"}}},{"Time":0.20333333313465119,"poses":{"Left Leg":{"Weight":1,"CFrame":[-0.3722010850906372,-0.10169720649719238,0.009948968887329102,0.9827887415885925,-0.11207786202430725,-0.14684969186782838,0.08289911597967148,0.97796630859375,-0.19159753620624543,0.16508784890174867,0.17612619698047639,0.9704254269599915],"EasingStyle":"Linear","EasingDirection":"Out"},"Right Arm":{"Weight":1,"CFrame":[0.3197593092918396,-0.7528852224349976,0.060831308364868167,-0.6588331460952759,-0.5078874230384827,0.5549677610397339,0.7370687127113342,-0.2881515622138977,0.611308753490448,-0.15056118369102479,0.8117998838424683,0.5641917586326599],"EasingStyle":"Linear","EasingDirection":"Out"},"Left Arm":{"Weight":1,"CFrame":[-0.19731688499450684,0.21684008836746217,0.18514955043792725,-0.5676591992378235,-0.2717725932598114,0.777111828327179,0.6589123606681824,-0.7158864736557007,0.23095689713954926,0.4935559928417206,0.6431533098220825,0.5854538083076477],"EasingStyle":"Linear","EasingDirection":"Out"},"Right Leg":{"Weight":1,"CFrame":[0.6620102524757385,0.033548951148986819,0.03014695644378662,0.8952059745788574,0.42105355858802798,-0.14601396024227143,-0.38655364513397219,0.896675169467926,0.2157544195652008,0.22177132964134217,-0.13670241832733155,0.9654687643051148],"EasingStyle":"Linear","EasingDirection":"Out"},"Torso":{"Weight":1,"CFrame":[0.03810328245162964,-0.012966673821210862,-0.06941699981689453,0.984351634979248,-0.1492963284254074,-0.09360801428556442,0.14847058057785035,0.9887911677360535,-0.015763822942972184,0.09491224586963654,0.0016191074391826988,0.9954843521118164],"EasingStyle":"Linear","EasingDirection":"Out"},"HumanoidRootPart":{"Weight":0,"CFrame":[0,0,0,1,0,0,0,1,0,0,0,1],"EasingStyle":"Linear","EasingDirection":"In"},"Head":{"Weight":1,"CFrame":[6.658956408500672e-8,-9.313225746154786e-10,0.016662240028381349,0.9858527183532715,0.14695414900779725,0.08061565458774567,-0.14000339806079865,0.986407995223999,-0.08601310849189758,-0.09215991944074631,0.07350977510213852,0.9930270910263062],"EasingStyle":"Linear","EasingDirection":"Out"}}},{"Time":0.22041666507720948,"poses":{"Left Leg":{"Weight":1,"CFrame":[-0.3501770794391632,-0.11954987049102783,0.014287829399108887,0.9834978580474854,-0.10010314732789993,-0.1507028490304947,0.0675402283668518,0.9759078025817871,-0.207466259598732,0.16784006357192994,0.193864107131958,0.9665642380714417],"EasingStyle":"Linear","EasingDirection":"Out"},"Right Arm":{"Weight":1,"CFrame":[0.3139864504337311,-0.7198991179466248,0.06879472732543946,-0.6638979911804199,-0.5298858880996704,0.5276937484741211,0.7232478260993958,-0.27554821968078616,0.633234441280365,-0.1901368796825409,0.8020561933517456,0.5661744475364685],"EasingStyle":"Linear","EasingDirection":"Out"},"Left Arm":{"Weight":1,"CFrame":[-0.2051161825656891,0.18533635139465333,0.1663978099822998,-0.6139710545539856,-0.2812909483909607,0.7375059723854065,0.6191587448120117,-0.7511476278305054,0.228953555226326,0.48957327008247378,0.5972040295600891,0.635346531867981],"EasingStyle":"Linear","EasingDirection":"Out"},"Right Leg":{"Weight":1,"CFrame":[0.674160361289978,0.03147578239440918,0.02706766128540039,0.8897289633750916,0.43125835061073305,-0.14966167509555818,-0.39158135652542117,0.8895403742790222,0.23533383011817933,0.23461982607841493,-0.150778666138649,0.9603225588798523],"EasingStyle":"Linear","EasingDirection":"Out"},"Torso":{"Weight":1,"CFrame":[0.04141053557395935,-0.013825777918100357,-0.06419014930725098,0.9828994274139404,-0.15350094437599183,-0.10171612352132797,0.15258120000362397,0.9881479740142822,-0.016808247193694116,0.10309065878391266,0.0010008495301008225,0.9946714639663696],"EasingStyle":"Linear","EasingDirection":"Out"},"HumanoidRootPart":{"Weight":0,"CFrame":[0,0,0,1,0,0,0,1,0,0,0,1],"EasingStyle":"Linear","EasingDirection":"In"},"Head":{"Weight":1,"CFrame":[2.2817403078079225e-8,-5.122274160385132e-9,0.016661524772644044,0.9844474792480469,0.15120019018650056,0.08945205062627793,-0.1442047506570816,0.9862992763519287,-0.08011680841445923,-0.10034015029668808,0.06597136706113816,0.9927636384963989],"EasingStyle":"Linear","EasingDirection":"Out"}}},{"Time":0.2370833307504654,"poses":{"Left Leg":{"Weight":1,"CFrame":[-0.3300941288471222,-0.13486647605895997,0.01777517795562744,0.983968198299408,-0.08894814550876618,-0.15457971394062043,0.05337909236550331,0.9738984704017639,-0.22061830759048463,0.17016848921775819,0.2088300585746765,0.9630330801010132],"EasingStyle":"Linear","EasingDirection":"Out"},"Right Arm":{"Weight":1,"CFrame":[0.3070650100708008,-0.6809934973716736,0.07678306102752686,-0.6790598034858704,-0.5549485087394714,0.48053091764450076,0.704107940196991,-0.30724242329597475,0.6401830315589905,-0.20762909948825837,0.7730680704116821,0.5993794798851013],"EasingStyle":"Linear","EasingDirection":"Out"},"Left Arm":{"Weight":1,"CFrame":[-0.2152942568063736,0.14425790309906007,0.14511489868164063,-0.6752716898918152,-0.2872057259082794,0.6793534159660339,0.5634207725524902,-0.7952738404273987,0.22382289171218873,0.4759886562824249,0.5339030027389526,0.6988435387611389],"EasingStyle":"Linear","EasingDirection":"Out"},"Right Leg":{"Weight":1,"CFrame":[0.6831023097038269,0.029535651206970216,0.024695277214050294,0.8850138783454895,0.4395905137062073,-0.1533316671848297,-0.3951430320739746,0.8834009170532227,0.25192219018936159,0.24619600176811219,-0.16236671805381776,0.9555231928825378],"EasingStyle":"Linear","EasingDirection":"Out"},"Torso":{"Weight":1,"CFrame":[0.04419705271720886,-0.014657877385616303,-0.05967259407043457,0.9815080165863037,-0.15769200026988984,-0.10851375013589859,0.15668265521526338,0.9874882102012634,-0.01781984232366085,0.10996609181165695,0.00048809804138727486,0.993935227394104],"EasingStyle":"Linear","EasingDirection":"Out"},"HumanoidRootPart":{"Weight":0,"CFrame":[0,0,0,1,0,0,0,1,0,0,0,1],"EasingStyle":"Linear","EasingDirection":"In"},"Head":{"Weight":1,"CFrame":[1.3969838619232178e-9,5.587935447692871e-9,0.016662001609802247,0.9830990433692932,0.15511101484298707,0.09724614024162293,-0.14839120209217072,0.9862354397773743,-0.07293619960546494,-0.10722079873085022,0.057273007929325107,0.992584228515625],"EasingStyle":"Linear","EasingDirection":"Out"}}},{"Time":0.2541666626930237,"poses":{"Left Leg":{"Weight":1,"CFrame":[-0.3136356472969055,-0.14675915241241456,0.02012944221496582,0.9841267466545105,-0.0792834609746933,-0.15877260267734528,0.041134562343358996,0.9722013473510742,-0.2305048406124115,0.17263413965702058,0.22031491994857789,0.9600306153297424],"EasingStyle":"Linear","EasingDirection":"Out"},"Right Arm":{"Weight":1,"CFrame":[0.2993629276752472,-0.6374867558479309,0.08420813083648682,-0.7089310884475708,-0.5779373049736023,0.40423399209976199,0.6772225499153137,-0.397773802280426,0.6189875602722168,-0.1969423145055771,0.7125759720802307,0.6733863949775696],"EasingStyle":"Linear","EasingDirection":"Out"},"Left Arm":{"Weight":1,"CFrame":[-0.22736993432044984,0.09538650512695313,0.12236630916595459,-0.7477973699569702,-0.2837686240673065,0.6002287268638611,0.49163907766342165,-0.844252347946167,0.21337541937828065,0.44619515538215639,0.4546573758125305,0.7708413600921631],"EasingStyle":"Linear","EasingDirection":"Out"},"Right Leg":{"Weight":1,"CFrame":[0.6887292265892029,0.027904927730560304,0.02355778217315674,0.8810627460479736,0.4460658133029938,-0.1573329120874405,-0.397516667842865,0.8785614371299744,0.2647835314273834,0.25633755326271059,-0.1707485020160675,0.9513863921165466],"EasingStyle":"Linear","EasingDirection":"Out"},"Torso":{"Weight":1,"CFrame":[0.046347469091415408,-0.015469536185264588,-0.05612373352050781,0.980194628238678,-0.16213785111904145,-0.11370941251516342,0.16104350984096528,0.9867681264877319,-0.018806597217917444,0.11525408178567887,0.00012196224270155653,0.993336021900177],"EasingStyle":"Linear","EasingDirection":"Out"},"HumanoidRootPart":{"Weight":0,"CFrame":[0,0,0,1,0,0,0,1,0,0,0,1],"EasingStyle":"Linear","EasingDirection":"In"},"Head":{"Weight":1,"CFrame":[8.987262845039368e-8,-2.7066562324762346e-9,0.016662120819091798,0.9818270802497864,0.15896843373775483,0.10365626215934754,-0.15283194184303285,0.98613041639328,-0.06472370773553848,-0.11250761896371842,0.04770546033978462,0.9925050139427185],"EasingStyle":"Linear","EasingDirection":"Out"}}},{"Time":0.27125000953674319,"poses":{"Left Leg":{"Weight":1,"CFrame":[-0.30306577682495119,-0.15420401096343995,0.02100217342376709,0.9838943481445313,-0.07208138704299927,-0.16357338428497315,0.03181189298629761,0.9710912704467773,-0.23657916486263276,0.17589759826660157,0.22756531834602357,0.9577442407608032],"EasingStyle":"Linear","EasingDirection":"Out"},"Right Arm":{"Weight":1,"CFrame":[0.2914658486843109,-0.5895983576774597,0.0909116268157959,-0.7529081106185913,-0.5851132869720459,0.3012837767601013,0.6354299187660217,-0.527111291885376,0.5642538666725159,-0.17134234309196473,0.6162760257720947,0.7686648368835449],"EasingStyle":"Linear","EasingDirection":"Out"},"Left Arm":{"Weight":1,"CFrame":[-0.2408580780029297,0.04053276777267456,0.09930562973022461,-0.8253008723258972,-0.2649490535259247,0.4986788332462311,0.40489205718040469,-0.8932159543037415,0.19551925361156465,0.39362525939941409,0.36327293515205386,0.8444475531578064],"EasingStyle":"Linear","EasingDirection":"Out"},"Right Leg":{"Weight":1,"CFrame":[0.6907880902290344,0.02672022581100464,0.02416515350341797,0.8778907060623169,0.45063498616218569,-0.16197524964809419,-0.39892154932022097,0.875343382358551,0.2731949985027313,0.2648952305316925,-0.17521996796131135,0.948223888874054],"EasingStyle":"Linear","EasingDirection":"Out"},"Torso":{"Weight":1,"CFrame":[0.047747015953063968,-0.016266800463199617,-0.053803205490112308,0.9789708852767944,-0.1671062707901001,-0.11701057106256485,0.16593196988105775,0.9859389066696167,-0.019775841385126115,0.11866994202136994,-0.000055825348681537437,0.9929337501525879],"EasingStyle":"Linear","EasingDirection":"Out"},"HumanoidRootPart":{"Weight":0,"CFrame":[0,0,0,1,0,0,0,1,0,0,0,1],"EasingStyle":"Linear","EasingDirection":"In"},"Head":{"Weight":1,"CFrame":[1.1734664440155029e-7,1.6443664208054543e-9,0.016662001609802247,0.9806458950042725,0.16308008134365083,0.10834427922964096,-0.1577959656715393,0.9858977198600769,-0.055732421576976779,-0.11590524017810822,0.0375574454665184,0.9925499558448792],"EasingStyle":"Linear","EasingDirection":"Out"}}},{"Time":0.28833332657814028,"poses":{"Left Leg":{"Weight":1,"CFrame":[-0.3002937138080597,-0.15626919269561768,0.020024418830871583,0.9832122921943665,-0.06812125444412232,-0.16927212476730348,0.02624005638062954,0.970840334892273,-0.23828665912151338,0.18056856095790864,0.22984470427036286,0.9563296437263489],"EasingStyle":"Linear","EasingDirection":"Out"},"Right Arm":{"Weight":1,"CFrame":[0.28394296765327456,-0.5373785495758057,0.09693408012390137,-0.8071807026863098,-0.5622583031654358,0.17979173362255097,0.5719650387763977,-0.6696152091026306,0.4737839996814728,-0.14599770307540894,0.4852639138698578,0.8620926141738892],"EasingStyle":"Linear","EasingDirection":"Out"},"Left Arm":{"Weight":1,"CFrame":[-0.2553260028362274,-0.01848214864730835,0.07721138000488281,-0.8988645672798157,-0.22590157389640809,0.37551435828208926,0.30611616373062136,-0.9368444085121155,0.16916124522686006,0.31358474493026736,0.26700377464294436,0.9112482666969299],"EasingStyle":"Linear","EasingDirection":"Out"},"Right Leg":{"Weight":1,"CFrame":[0.6889543533325195,0.026102066040039064,0.026982545852661134,0.8755160570144653,0.4532029926776886,-0.16756676137447358,-0.3995298743247986,0.8740427494049072,0.27645111083984377,0.2717490494251251,-0.175089493393898,0.946306586265564],"EasingStyle":"Linear","EasingDirection":"Out"},"Torso":{"Weight":1,"CFrame":[0.04828259348869324,-0.01705273613333702,-0.05297493934631348,0.9778369069099426,-0.17286379635334016,-0.11812302470207215,0.17161615192890168,0.9849457144737244,-0.02073131501674652,0.11992846429347992,2.880825178408486e-8,0.9927825331687927],"EasingStyle":"Linear","EasingDirection":"Out"},"HumanoidRootPart":{"Weight":0,"CFrame":[0,0,0,1,0,0,0,1,0,0,0,1],"EasingStyle":"Linear","EasingDirection":"In"},"Head":{"Weight":1,"CFrame":[7.962808012962341e-8,5.299661154367641e-9,0.016662001609802247,0.9795584678649902,0.16777712106704713,0.11097756028175354,-0.16355077922344209,0.985451877117157,-0.046213895082473758,-0.11711670458316803,0.02711869589984417,0.9927478432655335],"EasingStyle":"Linear","EasingDirection":"Out"}}},{"Time":0.3050000071525574,"poses":{"Left Leg":{"Weight":1,"CFrame":[-0.30465173721313479,-0.15381669998168946,0.017671823501586915,0.9821298122406006,-0.06703643500804901,-0.17586129903793336,0.024050500243902208,0.97145676612854,-0.2359943836927414,0.18666180968284608,0.2275475263595581,0.9557088613510132],"EasingStyle":"Linear","EasingDirection":"Out"},"Right Arm":{"Weight":1,"CFrame":[0.27712368965148928,-0.48089179396629336,0.10275912284851074,-0.8635473847389221,-0.5014089941978455,0.05361856147646904,0.4855174422264099,-0.7979990839958191,0.3570300042629242,-0.13623046875,0.3343449532985687,0.9325527548789978],"EasingStyle":"Linear","EasingDirection":"Out"},"Left Arm":{"Weight":1,"CFrame":[-0.27046459913253786,-0.07986956834793091,0.05747628211975098,-0.9579563140869141,-0.16496528685092927,0.2347472757101059,0.20024316012859345,-0.9703672528266907,0.13524073362350465,0.20548097789287568,0.17656104266643525,0.9626025557518005],"EasingStyle":"Linear","EasingDirection":"Out"},"Right Leg":{"Weight":1,"CFrame":[0.6835773587226868,0.025203704833984376,0.03174924850463867,0.8738582730293274,0.4539361000061035,-0.1741083562374115,-0.3995342552661896,0.8745476603507996,0.2748432159423828,0.27702733874320986,-0.17061178386211396,0.9455937147140503],"EasingStyle":"Linear","EasingDirection":"Out"},"Torso":{"Weight":1,"CFrame":[0.0482630729675293,-0.01780693233013153,-0.05290102958679199,0.9767925143241882,-0.17941226065158845,-0.11699414998292923,0.17810168862342835,0.983773946762085,-0.021648205816745759,0.11897975951433182,0.00030895083909854293,0.9928966164588928],"EasingStyle":"Linear","EasingDirection":"Out"},"HumanoidRootPart":{"Weight":0,"CFrame":[0,0,0,1,0,0,0,1,0,0,0,1],"EasingStyle":"Linear","EasingDirection":"In"},"Head":{"Weight":1,"CFrame":[-4.190951585769653e-9,8.96397978067398e-9,0.016662001609802247,0.9785654544830322,0.17315618693828584,0.11147455871105194,-0.17009875178337098,0.9847526550292969,-0.03644958510994911,-0.11608636379241944,0.016706598922610284,0.9930986166000366],"EasingStyle":"Linear","EasingDirection":"Out"}}},{"Time":0.32208332419395449,"poses":{"Left Leg":{"Weight":1,"CFrame":[-0.3136255443096161,-0.1486496925354004,0.014942646026611328,0.9808893799781799,-0.06807954609394074,-0.1822669804096222,0.024625979363918306,0.9726923108100891,-0.23078829050064088,0.19300158321857453,0.2218892127275467,0.955780029296875],"EasingStyle":"Linear","EasingDirection":"Out"},"Right Arm":{"Weight":1,"CFrame":[0.2709476053714752,-0.4205557703971863,0.10924923419952393,-0.9115370512008667,-0.4063403010368347,-0.06314854323863983,0.38185691833496096,-0.8933982253074646,0.23669566214084626,-0.15259575843811036,0.19164323806