{"Sequence":[{"Time":0,"poses":{"Left Leg":{"Weight":1,"CFrame":[-0.26988181471824648,0.004432618618011475,-5.960464477539063e-8,0.9905706644058228,-0.1370028704404831,1.3346834748517723e-10,0.1370028406381607,0.9905707240104675,-7.555394176961272e-8,1.2699469031929312e-8,8.659843331315642e-8,1],"EasingStyle":"Linear","EasingDirection":"In"},"Right Arm":{"Weight":1,"CFrame":[-2.4690944400163063e-8,-1.070960283279419,-0.4849400520324707,-0.9331162571907044,-0.3595751225948334,-4.819604271233402e-8,0.2930814027786255,-0.7605618834495544,0.5793520212173462,-0.20832054316997529,0.5406028628349304,0.8150774836540222],"EasingStyle":"Linear","EasingDirection":"In"},"Left Arm":{"Weight":1,"CFrame":[-7.326387674311263e-8,-1.212203025817871,-0.7184186577796936,-0.9331161975860596,0.35957518219947817,5.829719498251507e-7,-0.34416574239730837,-0.8931286334991455,0.2896050214767456,0.10413526743650437,0.27023497223854067,0.9571463465690613],"EasingStyle":"Linear","EasingDirection":"In"},"Head":{"Weight":1,"CFrame":[8.742279078433057e-8,0,0,1,0,8.742277657347586e-8,0,1,0,-8.742277657347586e-8,0,1],"EasingStyle":"Linear","EasingDirection":"In"},"Torso":{"Weight":1,"CFrame":[0,0,-0.02301502227783203,1,0,-8.742277657347586e-8,0,1,0,8.742277657347586e-8,0,1],"EasingStyle":"Linear","EasingDirection":"In"},"HumanoidRootPart":{"Weight":0,"CFrame":[0,0,0,1,0,0,0,1,0,0,0,1],"EasingStyle":"Linear","EasingDirection":"In"},"Right Leg":{"Weight":1,"CFrame":[0.26988178491592409,0.004432737827301025,1.1920928955078126e-7,0.9905706644058228,0.1370028704404831,-1.3346834748517723e-10,-0.1370028406381607,0.9905707240104675,9.9291611377339e-8,1.2079190092606496e-8,-8.659844752401114e-8,1],"EasingStyle":"Linear","EasingDirection":"In"}}},{"Time":0.03333333507180214,"poses":{"Left Leg":{"Weight":1,"CFrame":[-0.26988181471824648,0.004432618618011475,-5.960464477539063e-8,0.9905706644058228,-0.1370028704404831,1.3346834748517723e-10,0.1370028406381607,0.9905707240104675,-7.555394176961272e-8,1.2699469031929312e-8,8.659843331315642e-8,1],"EasingStyle":"Linear","EasingDirection":"In"},"Right Arm":{"Weight":1,"CFrame":[-2.4690944400163063e-8,-1.070960283279419,-0.4849400520324707,-0.9331162571907044,-0.3595751225948334,-4.819604271233402e-8,0.2930814027786255,-0.7605618834495544,0.5793520212173462,-0.20832054316997529,0.5406028628349304,0.8150774836540222],"EasingStyle":"Linear","EasingDirection":"In"},"Left Arm":{"Weight":1,"CFrame":[-7.326387674311263e-8,-1.212203025817871,-0.7184186577796936,-0.9331161975860596,0.35957518219947817,5.829719498251507e-7,-0.34416574239730837,-0.8931286334991455,0.2896050214767456,0.10413526743650437,0.27023497223854067,0.9571463465690613],"EasingStyle":"Linear","EasingDirection":"In"},"Head":{"Weight":1,"CFrame":[8.742279078433057e-8,0,0,1,0,8.742277657347586e-8,0,1,0,-8.742277657347586e-8,0,1],"EasingStyle":"Linear","EasingDirection":"In"},"Torso":{"Weight":1,"CFrame":[0,0,-0.02301502227783203,1,0,-8.742277657347586e-8,0,1,0,8.742277657347586e-8,0,1],"EasingStyle":"Linear","EasingDirection":"In"},"HumanoidRootPart":{"Weight":0,"CFrame":[0,0,0,1,0,0,0,1,0,0,0,1],"EasingStyle":"Linear","EasingDirection":"In"},"Right Leg":{"Weight":1,"CFrame":[0.26988178491592409,0.004432737827301025,1.1920928955078126e-7,0.9905706644058228,0.1370028704404831,-1.3346834748517723e-10,-0.1370028406381607,0.9905707240104675,9.9291611377339e-8,1.2079190092606496e-8,-8.659844752401114e-8,1],"EasingStyle":"Linear","EasingDirection":"In"}}},{"Time":0.06666667014360428,"poses":{"Left Leg":{"Weight":1,"CFrame":[-0.26988181471824648,0.004432618618011475,-5.960464477539063e-8,0.9905706644058228,-0.1370028704404831,1.3346834748517723e-10,0.1370028406381607,0.9905707240104675,-7.555394176961272e-8,1.2699469031929312e-8,8.659843331315642e-8,1],"EasingStyle":"Linear","EasingDirection":"In"},"Right Arm":{"Weight":1,"CFrame":[-2.4690944400163063e-8,-1.070960283279419,-0.4849400520324707,-0.9331162571907044,-0.3595751225948334,-4.819604271233402e-8,0.2930814027786255,-0.7605618834495544,0.5793520212173462,-0.20832054316997529,0.5406028628349304,0.8150774836540222],"EasingStyle":"Linear","EasingDirection":"In"},"Left Arm":{"Weight":1,"CFrame":[-7.326387674311263e-8,-1.212203025817871,-0.7184186577796936,-0.9331161975860596,0.35957518219947817,5.829719498251507e-7,-0.34416574239730837,-0.8931286334991455,0.2896050214767456,0.10413526743650437,0.27023497223854067,0.9571463465690613],"EasingStyle":"Linear","EasingDirection":"In"},"Head":{"Weight":1,"CFrame":[8.742279078433057e-8,0,0,1,0,8.742277657347586e-8,0,1,0,-8.742277657347586e-8,0,1],"EasingStyle":"Linear","EasingDirection":"In"},"Torso":{"Weight":1,"CFrame":[0,0,-0.02301502227783203,1,0,-8.742277657347586e-8,0,1,0,8.742277657347586e-8,0,1],"EasingStyle":"Linear","EasingDirection":"In"},"HumanoidRootPart":{"Weight":0,"CFrame":[0,0,0,1,0,0,0,1,0,0,0,1],"EasingStyle":"Linear","EasingDirection":"In"},"Right Leg":{"Weight":1,"CFrame":[0.26988178491592409,0.004432737827301025,1.1920928955078126e-7,0.9905706644058228,0.1370028704404831,-1.3346834748517723e-10,-0.1370028406381607,0.9905707240104675,9.9291611377339e-8,1.2079190092606496e-8,-8.659844752401114e-8,1],"EasingStyle":"Linear","EasingDirection":"In"}}},{"Time":0.10000000149011612,"poses":{"Left Leg":{"Weight":1,"CFrame":[-0.26988181471824648,0.004432618618011475,-5.960464477539063e-8,0.9905706644058228,-0.1370028704404831,1.3346834748517723e-10,0.1370028406381607,0.9905707240104675,-7.555394176961272e-8,1.2699469031929312e-8,8.659843331315642e-8,1],"EasingStyle":"Linear","EasingDirection":"In"},"Right Arm":{"Weight":1,"CFrame":[-2.4690944400163063e-8,-1.070960283279419,-0.4849400520324707,-0.9331162571907044,-0.3595751225948334,-4.819604271233402e-8,0.2930814027786255,-0.7605618834495544,0.5793520212173462,-0.20832054316997529,0.5406028628349304,0.8150774836540222],"EasingStyle":"Linear","EasingDirection":"In"},"Left Arm":{"Weight":1,"CFrame":[-7.326387674311263e-8,-1.212203025817871,-0.7184186577796936,-0.9331161975860596,0.35957518219947817,5.829719498251507e-7,-0.34416574239730837,-0.8931286334991455,0.2896050214767456,0.10413526743650437,0.27023497223854067,0.9571463465690613],"EasingStyle":"Linear","EasingDirection":"In"},"Head":{"Weight":1,"CFrame":[8.742279078433057e-8,0,0,1,0,8.742277657347586e-8,0,1,0,-8.742277657347586e-8,0,1],"EasingStyle":"Linear","EasingDirection":"In"},"Torso":{"Weight":1,"CFrame":[0,0,-0.02301502227783203,1,0,-8.742277657347586e-8,0,1,0,8.742277657347586e-8,0,1],"EasingStyle":"Linear","EasingDirection":"In"},"HumanoidRootPart":{"Weight":0,"CFrame":[0,0,0,1,0,0,0,1,0,0,0,1],"EasingStyle":"Linear","EasingDirection":"In"},"Right Leg":{"Weight":1,"CFrame":[0.26988178491592409,0.004432737827301025,1.1920928955078126e-7,0.9905706644058228,0.1370028704404831,-1.3346834748517723e-10,-0.1370028406381607,0.9905707240104675,9.9291611377339e-8,1.2079190092606496e-8,-8.659844752401114e-8,1],"EasingStyle":"Linear","EasingDirection":"In"}}},{"Time":0.13333334028720857,"poses":{"Left Leg":{"Weight":1,"CFrame":[-0.26988181471824648,0.004432618618011475,-5.960464477539063e-8,0.9905706644058228,-0.1370028704404831,1.3346834748517723e-10,0.1370028406381607,0.9905707240104675,-7.555394176961272e-8,1.2699469031929312e-8,8.659843331315642e-8,1],"EasingStyle":"Linear","EasingDirection":"In"},"Right Arm":{"Weight":1,"CFrame":[-2.4690944400163063e-8,-1.070960283279419,-0.4849400520324707,-0.9331162571907044,-0.3595751225948334,-4.819604271233402e-8,0.2930814027786255,-0.7605618834495544,0.5793520212173462,-0.20832054316997529,0.5406028628349304,0.8150774836540222],"EasingStyle":"Linear","EasingDirection":"In"},"Left Arm":{"Weight":1,"CFrame":[-7.326387674311263e-8,-1.212203025817871,-0.7184186577796936,-0.9331161975860596,0.35957518219947817,5.829719498251507e-7,-0.34416574239730837,-0.8931286334991455,0.2896050214767456,0.10413526743650437,0.27023497223854067,0.9571463465690613],"EasingStyle":"Linear","EasingDirection":"In"},"Head":{"Weight":1,"CFrame":[8.742279078433057e-8,0,0,1,0,8.742277657347586e-8,0,1,0,-8.742277657347586e-8,0,1],"EasingStyle":"Linear","EasingDirection":"In"},"Torso":{"Weight":1,"CFrame":[0,0,-0.02301502227783203,1,0,-8.742277657347586e-8,0,1,0,8.742277657347586e-8,0,1],"EasingStyle":"Linear","EasingDirection":"In"},"HumanoidRootPart":{"Weight":0,"CFrame":[0,0,0,1,0,0,0,1,0,0,0,1],"EasingStyle":"Linear","EasingDirection":"In"},"Right Leg":{"Weight":1,"CFrame":[0.26988178491592409,0.004432737827301025,1.1920928955078126e-7,0.9905706644058228,0.1370028704404831,-1.3346834748517723e-10,-0.1370028406381607,0.9905707240104675,9.9291611377339e-8,1.2079190092606496e-8,-8.659844752401114e-8,1],"EasingStyle":"Linear","EasingDirection":"In"}}},{"Time":0.1666666716337204,"poses":{"Left Leg":{"Weight":1,"CFrame":[-0.26988181471824648,0.004432618618011475,-5.960464477539063e-8,0.9905706644058228,-0.1370028704404831,1.3346834748517723e-10,0.1370028406381607,0.9905707240104675,-7.555394176961272e-8,1.2699469031929312e-8,8.659843331315642e-8,1],"EasingStyle":"Constant","EasingDirection":"In"},"Right Arm":{"Weight":1,"CFrame":[-2.4690944400163063e-8,-1.070960283279419,-0.4849400520324707,-0.9331162571907044,-0.3595751225948334,-4.819604271233402e-8,0.2930814027786255,-0.7605618834495544,0.5793520212173462,-0.20832054316997529,0.5406028628349304,0.8150774836540222],"EasingStyle":"Constant","EasingDirection":"In"},"Left Arm":{"Weight":1,"CFrame":[-7.326387674311263e-8,-1.212203025817871,-0.7184186577796936,-0.9331161975860596,0.35957518219947817,5.829719498251507e-7,-0.34416574239730837,-0.8931286334991455,0.2896050214767456,0.10413526743650437,0.27023497223854067,0.9571463465690613],"EasingStyle":"Constant","EasingDirection":"In"},"Head":{"Weight":1,"CFrame":[8.742279078433057e-8,0,0,1,0,8.742277657347586e-8,0,1,0,-8.742277657347586e-8,0,1],"EasingStyle":"Constant","EasingDirection":"In"},"Torso":{"Weight":1,"CFrame":[0,0,-0.02301502227783203,1,0,-8.742277657347586e-8,0,1,0,8.742277657347586e-8,0,1],"EasingStyle":"Constant","EasingDirection":"In"},"HumanoidRootPart":{"Weight":0,"CFrame":[0,0,0,1,0,0,0,1,0,0,0,1],"EasingStyle":"Linear","EasingDirection":"In"},"Right Leg":{"Weight":1,"CFrame":[0.26988178491592409,0.004432737827301025,1.1920928955078126e-7,0.9905706644058228,0.1370028704404831,-1.3346834748517723e-10,-0.1370028406381607,0.9905707240104675,9.9291611377339e-8,1.2079190092606496e-8,-8.659844752401114e-8,1],"EasingStyle":"Constant","EasingDirection":"In"}}},{"Time":0.20000000298023225,"poses":{"Left Leg":{"Weight":1,"CFrame":[-0.9372622966766357,0.05648595094680786,0,0.8795549869537354,-0.4757973551750183,1.6918164646995138e-9,0.47579726576805117,0.8795550465583801,-1.3561046330323735e-7,5.072486075619054e-8,1.0669546668395924e-7,1],"EasingStyle":"Linear","EasingDirection":"In"},"Right Arm":{"Weight":1,"CFrame":[-2.4690944400163063e-8,-1.070960283279419,-0.4849400520324707,-0.9331162571907044,-0.3595751225948334,-4.819604271233402e-8,0.2930814027786255,-0.7605618834495544,0.5793520212173462,-0.20832054316997529,0.5406028628349304,0.8150774836540222],"EasingStyle":"Linear","EasingDirection":"In"},"Left Arm":{"Weight":1,"CFrame":[-7.326387674311263e-8,-1.212203025817871,-0.7184186577796936,-0.9331161975860596,0.35957518219947817,5.829719498251507e-7,-0.34416574239730837,-0.8931286334991455,0.2896050214767456,0.10413526743650437,0.27023497223854067,0.9571463465690613],"EasingStyle":"Linear","EasingDirection":"In"},"Head":{"Weight":1,"CFrame":[8.742276236262114e-8,0,0,1,0,8.742277657347586e-8,0,1,0,-8.742277657347586e-8,0,1],"EasingStyle":"Linear","EasingDirection":"In"},"Torso":{"Weight":1,"CFrame":[0,0,-0.2938106060028076,1,0,-8.742277657347586e-8,0,1,0,8.742277657347586e-8,0,1],"EasingStyle":"Linear","EasingDirection":"In"},"HumanoidRootPart":{"Weight":0,"CFrame":[0,0,0,1,0,0,0,1,0,0,0,1],"EasingStyle":"Linear","EasingDirection":"In"},"Right Leg":{"Weight":1,"CFrame":[0.937262237071991,0.05648607015609741,1.1920928955078126e-7,0.8795549869537354,0.4757973551750183,1.3209344729148143e-8,-0.47579726576805117,0.8795550465583801,9.8839734619105e-8,4.29958397774044e-8,-7.689315140169129e-8,1],"EasingStyle":"Linear","EasingDirection":"In"}}},{"Time":0.23333333432674409,"poses":{"Left Leg":{"Weight":1,"CFrame":[-0.8663530349731445,0.04709094762802124,-5.960464477539063e-8,0.8980949521064758,-0.43980172276496889,3.297984108030505e-9,0.4398016035556793,0.8980949521064758,-1.0892651403082709e-7,4.6175550494353959e-8,1.0831626440221953e-7,1],"EasingStyle":"Linear","EasingDirection":"In"},"Right Arm":{"Weight":1,"CFrame":[-2.4690944400163063e-8,-1.070960283279419,-0.4849400520324707,-0.9331162571907044,-0.3595751225948334,-4.819604271233402e-8,0.2930814027786255,-0.7605618834495544,0.5793520212173462,-0.20832054316997529,0.5406028628349304,0.8150774836540222],"EasingStyle":"Linear","EasingDirection":"In"},"Left Arm":{"Weight":1,"CFrame":[-7.326387674311263e-8,-1.212203025817871,-0.7184186577796936,-0.9331161975860596,0.35957518219947817,5.829719498251507e-7,-0.34416574239730837,-0.8931286334991455,0.2896050214767456,0.10413526743650437,0.27023497223854067,0.9571463465690613],"EasingStyle":"Linear","EasingDirection":"In"},"Head":{"Weight":1,"CFrame":[8.742276236262114e-8,0,0,1,0,8.742277657347586e-8,0,1,0,-8.742277657347586e-8,0,1],"EasingStyle":"Linear","EasingDirection":"In"},"Torso":{"Weight":1,"CFrame":[0,0,-0.24790263175964356,1,0,-8.742277657347586e-8,0,1,0,8.742277657347586e-8,0,1],"EasingStyle":"Linear","EasingDirection":"In"},"HumanoidRootPart":{"Weight":0,"CFrame":[0,0,0,1,0,0,0,1,0,0,0,1],"EasingStyle":"Linear","EasingDirection":"In"},"Right Leg":{"Weight":1,"CFrame":[0.8663530349731445,0.04709106683731079,1.1920928955078126e-7,0.8980949521064758,0.43980172276496889,1.1603177085817152e-8,-0.4398016035556793,0.8980949521064758,9.572136150381994e-8,3.9630648984712027e-8,-7.851396333080629e-8,1],"EasingStyle":"Linear","EasingDirection":"In"}}},{"Time":0.2666666805744171,"poses":{"Left Leg":{"Weight":1,"CFrame":[-0.6756763458251953,0.027357518672943116,-5.960464477539063e-8,0.9393342733383179,-0.34300297498703005,6.870628510569077e-9,0.34300312399864199,0.9393343925476074,-1.1731236781997723e-7,3.459238229197581e-8,1.119215369271842e-7,1],"EasingStyle":"Linear","EasingDirection":"In"},"Right Arm":{"Weight":1,"CFrame":[-2.4690944400163063e-8,-1.070960283279419,-0.4849400520324707,-0.9331162571907044,-0.3595751225948334,-4.819604271233402e-8,0.2930814027786255,-0.7605618834495544,0.5793520212173462,-0.20832054316997529,0.5406028628349304,0.8150774836540222],"EasingStyle":"Linear","EasingDirection":"In"},"Left Arm":{"Weight":1,"CFrame":[-7.326387674311263e-8,-1.212203025817871,-0.7184186577796936,-0.9331161975860596,0.35957518219947817,5.829719498251507e-7,-0.34416574239730837,-0.8931286334991455,0.2896050214767456,0.10413526743650437,0.27023497223854067,0.9571463465690613],"EasingStyle":"Linear","EasingDirection":"In"},"Head":{"Weight":1,"CFrame":[8.742276236262114e-8,0,0,1,0,8.742277657347586e-8,0,1,0,-8.742277657347586e-8,0,1],"EasingStyle":"Linear","EasingDirection":"In"},"Torso":{"Weight":1,"CFrame":[0,0,-0.14690518379211427,1,0,-8.742277657347586e-8,0,1,0,8.742277657347586e-8,0,1],"EasingStyle":"Linear","EasingDirection":"In"},"HumanoidRootPart":{"Weight":0,"CFrame":[0,0,0,1,0,0,0,1,0,0,0,1],"EasingStyle":"Linear","EasingDirection":"In"},"Right Leg":{"Weight":1,"CFrame":[0.6756763458251953,0.027357637882232667,1.1920928955078126e-7,0.9393342733383179,0.34300297498703005,-6.870628510569077e-9,-0.34300312399864199,0.9393343329429627,8.73355077146698e-8,3.068377196768779e-8,-8.211922164491625e-8,1],"EasingStyle":"Linear","EasingDirection":"In"}}},{"Time":0.30000001192092898,"poses":{"Left Leg":{"Weight":1,"CFrame":[-0.381430983543396,0.008616149425506592,-5.960464477539063e-8,0.9810746908187866,-0.19362986087799073,3.0360922664840474e-9,0.19362978637218476,0.9810747504234314,-7.064824103508727e-8,1.837116769820568e-8,8.576827070783111e-8,1],"EasingStyle":"Linear","EasingDirection":"In"},"Right Arm":{"Weight":1,"CFrame":[-2.4690944400163063e-8,-1.070960283279419,-0.4849400520324707,-0.9331162571907044,-0.3595751225948334,-4.819604271233402e-8,0.2930814027786255,-0.7605618834495544,0.5793520212173462,-0.20832054316997529,0.5406028628349304,0.8150774836540222],"EasingStyle":"Linear","EasingDirection":"In"},"Left Arm":{"Weight":1,"CFrame":[-7.326387674311263e-8,-1.212203025817871,-0.7184186577796936,-0.9331161975860596,0.35957518219947817,5.829719498251507e-7,-0.34416574239730837,-0.8931286334991455,0.2896050214767456,0.10413526743650437,0.27023497223854067,0.9571463465690613],"EasingStyle":"Linear","EasingDirection":"In"},"Head":{"Weight":1,"CFrame":[8.742279078433057e-8,0,0,1,0,8.742277657347586e-8,0,1,0,-8.742277657347586e-8,0,1],"EasingStyle":"Linear","EasingDirection":"In"},"Torso":{"Weight":1,"CFrame":[0,0,-0.04590797424316406,1,0,-8.742277657347586e-8,0,1,0,8.742277657347586e-8,0,1],"EasingStyle":"Linear","EasingDirection":"In"},"HumanoidRootPart":{"Weight":0,"CFrame":[0,0,0,1,0,0,0,1,0,0,0,1],"EasingStyle":"Linear","EasingDirection":"In"},"Right Leg":{"Weight":1,"CFrame":[0.381430983543396,0.008616268634796143,1.1920928955078126e-7,0.9810746908187866,0.19362986087799073,-3.0360922664840474e-9,-0.19362978637218476,0.9810747504234314,1.0419731211186445e-7,1.7138642505187819e-8,-8.576828491868582e-8,1],"EasingStyle":"Linear","EasingDirection":"In"}}},{"Time":0.3333333432674408,"poses":{"Left Leg":{"Weight":1,"CFrame":[-1.1641532182693482e-10,-2.384185791015625e-7,-5.960464477539063e-8,1,-1.1641319158650632e-10,-4.263950303950992e-15,1.1641176911325602e-10,1,-8.742277657347586e-8,-8.871607096139992e-15,8.74227694680485e-8,1],"EasingStyle":"Linear","EasingDirection":"In"},"Right Arm":{"Weight":1,"CFrame":[-2.4690944400163063e-8,-1.070960283279419,-0.4849400520324707,-0.9331162571907044,-0.3595751225948334,-4.819604271233402e-8,0.2930814027786255,-0.7605618834495544,0.5793520212173462,-0.20832054316997529,0.5406028628349304,0.8150774836540222],"EasingStyle":"Linear","EasingDirection":"In"},"Left Arm":{"Weight":1,"CFrame":[-7.326387674311263e-8,-1.212203025817871,-0.7184186577796936,-0.9331161975860596,0.35957518219947817,5.829719498251507e-7,-0.34416574239730837,-0.8931286334991455,0.2896050214767456,0.10413526743650437,0.27023497223854067,0.9571463465690613],"EasingStyle":"Linear","EasingDirection":"In"},"Head":{"Weight":1,"CFrame":[8.742279078433057e-8,0,0,1,0,8.742277657347586e-8,0,1,0,-8.742277657347586e-8,0,1],"EasingStyle":"Linear","EasingDirection":"In"},"Torso":{"Weight":1,"CFrame":[0,0,0,1,0,-8.742277657347586e-8,0,1,0,8.742277657347586e-8,0,1],"EasingStyle":"Linear","EasingDirection":"In"},"HumanoidRootPart":{"Weight":0,"CFrame":[0,0,0,1,0,0,0,1,0,0,0,1],"EasingStyle":"Linear","EasingDirection":"In"},"Right Leg":{"Weight":1,"CFrame":[1.1640817476621379e-10,0,1.1920928955078126e-7,1,1.164138854758967e-10,-4.270889197854899e-15,-1.1641176911325602e-10,1,8.742277657347586e-8,8.891961297862513e-15,-8.742278367890322e-8,1],"EasingStyle":"Linear","EasingDirection":"In"}}},{"Time":0.36666667461395266,"poses":{"Left Leg":{"Weight":1,"CFrame":[-0.4315284490585327,0.010978877544403077,-5.960464477539063e-8,0.9757111072540283,-0.21906135976314546,1.0022027652212273e-8,0.21906130015850068,0.9757111072540283,-6.844505406888857e-8,2.100133400517734e-8,8.52993693456483e-8,1],"EasingStyle":"Linear","EasingDirection":"In"},"Right Arm":{"Weight":1,"CFrame":[-2.4690944400163063e-8,-1.070960283279419,-0.4849400520324707,-0.9331162571907044,-0.3595751225948334,-4.819604271233402e-8,0.2930814027786255,-0.7605618834495544,0.5793520212173462,-0.20832054316997529,0.5406028628349304,0.8150774836540222],"EasingStyle":"Linear","EasingDirection":"In"},"Left Arm":{"Weight":1,"CFrame":[-7.326387674311263e-8,-1.212203025817871,-0.7184186577796936,-0.9331161975860596,0.35957518219947817,5.829719498251507e-7,-0.34416574239730837,-0.8931286334991455,0.2896050214767456,0.10413526743650437,0.27023497223854067,0.9571463465690613],"EasingStyle":"Linear","EasingDirection":"In"},"Head":{"Weight":1,"CFrame":[8.742276236262114e-8,0,0,1,0,8.742277657347586e-8,0,1,0,-8.742277657347586e-8,0,1],"EasingStyle":"Linear","EasingDirection":"In"},"Torso":{"Weight":1,"CFrame":[0,0,-0.058838605880737308,1,0,-8.742277657347586e-8,0,1,0,8.742277657347586e-8,0,1],"EasingStyle":"Linear","EasingDirection":"In"},"HumanoidRootPart":{"Weight":0,"CFrame":[0,0,0,1,0,0,0,1,0,0,0,1],"EasingStyle":"Linear","EasingDirection":"In"},"Right Leg":{"Weight":1,"CFrame":[0.4315284490585327,0.010978996753692627,1.1920928955078126e-7,0.9757111072540283,0.21906135976314546,-2.571447055288445e-9,-0.21906130015850068,0.9757111072540283,1.0640049907806315e-7,1.9423968211640387e-8,-8.529938355650302e-8,1],"EasingStyle":"Linear","EasingDirection":"In"}}},{"Time":0.4000000059604645,"poses":{"Left Leg":{"Weight":1,"CFrame":[-0.4315284490585327,0.010978877544403077,-5.960464477539063e-8,0.9757111072540283,-0.21906135976314546,1.0022027652212273e-8,0.21906130015850068,0.9757111072540283,-6.844505406888857e-8,2.100133400517734e-8,8.52993693456483e-8,1],"EasingStyle":"Linear","EasingDirection":"In"},"Right Arm":{"Weight":1,"CFrame":[-2.4690944400163063e-8,-1.070960283279419,-0.4849400520324707,-0.9331162571907044,-0.3595751225948334,-4.819604271233402e-8,0.2930814027786255,-0.7605618834495544,0.5793520212173462,-0.20832054316997529,0.5406028628349304,0.8150774836540222],"EasingStyle":"Linear","EasingDirection":"In"},"Left Arm":{"Weight":1,"CFrame":[-7.326387674311263e-8,-1.212203025817871,-0.7184186577796936,-0.9331161975860596,0.35957518219947817,5.829719498251507e-7,-0.34416574239730837,-0.8931286334991455,0.2896050214767456,0.10413526743650437,0.27023497223854067,0.9571463465690613],"EasingStyle":"Linear","EasingDirection":"In"},"Head":{"Weight":1,"CFrame":[8.742276236262114e-8,0,0,1,0,8.742277657347586e-8,0,1,0,-8.742277657347586e-8,0,1],"EasingStyle":"Linear","EasingDirection":"In"},"Torso":{"Weight":1,"CFrame":[0,0,-0.058838605880737308,1,0,-8.742277657347586e-8,0,1,0,8.742277657347586e-8,0,1],"EasingStyle":"Linear","EasingDirection":"In"},"HumanoidRootPart":{"Weight":0,"CFrame":[0,0,0,1,0,0,0,1,0,0,0,1],"EasingStyle":"Linear","EasingDirection":"In"},"Right Leg":{"Weight":1,"CFrame":[0.4315284490585327,0.010978996753692627,1.1920928955078126e-7,0.9757111072540283,0.21906135976314546,-2.571447055288445e-9,-0.21906130015850068,0.9757111072540283,1.0640049907806315e-7,1.9423968211640387e-8,-8.529938355650302e-8,1],"EasingStyle":"Linear","EasingDirection":"In"}}},{"Time":0.4333333373069763,"poses":{"Left Leg":{"Weight":1,"CFrame":[-0.4315284490585327,0.010978877544403077,-5.960464477539063e-8,0.9757111072540283,-0.21906135976314546,1.0022027652212273e-8,0.21906130015850068,0.9757111072540283,-6.844505406888857e-8,2.100133400517734e-8,8.52993693456483e-8,1],"EasingStyle":"Linear","EasingDirection":"In"},"Right Arm":{"Weight":1,"CFrame":[-2.4690944400163063e-8,-1.070960283279419,-0.4849400520324707,-0.9331162571907044,-0.3595751225948334,-4.819604271233402e-8,0.2930814027786255,-0.7605618834495544,0.5793520212173462,-0.20832054316997529,0.5406028628349304,0.8150774836540222],"EasingStyle":"Linear","EasingDirection":"In"},"Left Arm":{"Weight":1,"CFrame":[-7.326387674311263e-8,-1.212203025817871,-0.7184186577796936,-0.9331161975860596,0.35957518219947817,5.829719498251507e-7,-0.34416574239730837,-0.8931286334991455,0.2896050214767456,0.10413526743650437,0.27023497223854067,0.9571463465690613],"EasingStyle":"Linear","EasingDirection":"In"},"Head":{"Weight":1,"CFrame":[8.742276236262114e-8,0,0,1,0,8.742277657347586e-8,0,1,0,-8.742277657347586e-8,0,1],"EasingStyle":"Linear","EasingDirection":"In"},"Torso":{"Weight":1,"CFrame":[0,0,-0.058838605880737308,1,0,-8.742277657347586e-8,0,1,0,8.742277657347586e-8,0,1],"EasingStyle":"Linear","EasingDirection":"In"},"HumanoidRootPart":{"Weight":0,"CFrame":[0,0,0,1,0,0,0,1,0,0,0,1],"EasingStyle":"Linear","EasingDirection":"In"},"Right Leg":{"Weight":1,"CFrame":[0.4315284490585327,0.010978996753692627,1.1920928955078126e-7,0.9757111072540283,0.21906135976314546,-2.571447055288445e-9,-0.21906130015850068,0.9757111072540283,1.0640049907806315e-7,1.9423968211640387e-8,-8.529938355650302e-8,1],"EasingStyle":"Linear","EasingDirection":"In"}}},{"Time":0.46666666865348818,"poses":{"Left Leg":{"Weight":1,"CFrame":[-0.4315284490585327,0.010978877544403077,-5.960464477539063e-8,0.9757111072540283,-0.21906135976314546,1.0022027652212273e-8,0.21906130015850068,0.9757111072540283,-6.844505406888857e-8,2.100133400517734e-8,8.52993693456483e-8,1],"EasingStyle":"Linear","EasingDirection":"In"},"Right Arm":{"Weight":1,"CFrame":[-2.4690944400163063e-8,-1.070960283279419,-0.4849400520324707,-0.9331162571907044,-0.3595751225948334,-4.819604271233402e-8,0.2930814027786255,-0.7605618834495544,0.5793520212173462,-0.20832054316997529,0.5406028628349304,0.8150774836540222],"EasingStyle":"Linear","EasingDirection":"In"},"Left Arm":{"Weight":1,"CFrame":[-7.326387674311263e-8,-1.212203025817871,-0.7184186577796936,-0.9331161975860596,0.35957518219947817,5.829719498251507e-7,-0.34416574239730837,-0.8931286334991455,0.2896050214767456,0.10413526743650437,0.27023497223854067,0.9571463465690613],"EasingStyle":"Linear","EasingDirection":"In"},"Head":{"Weight":1,"CFrame":[8.742276236262114e-8,0,0,1,0,8.742277657347586e-8,0,1,0,-8.742277657347586e-8,0,1],"EasingStyle":"Linear","EasingDirection":"In"},"Torso":{"Weight":1,"CFrame":[0,0,-0.058838605880737308,1,0,-8.742277657347586e-8,0,1,0,8.742277657347586e-8,0,1],"EasingStyle":"Linear","EasingDirection":"In"},"HumanoidRootPart":{"Weight":0,"CFrame":[0,0,0,1,0,0,0,1,0,0,0,1],"EasingStyle":"Linear","EasingDirection":"In"},"Right Leg":{"Weight":1,"CFrame":[0.4315284490585327,0.010978996753692627,1.1920928955078126e-7,0.9757111072540283,0.21906135976314546,-2.571447055288445e-9,-0.21906130015850068,0.9757111072540283,1.0640049907806315e-7,1.9423968211640387e-8,-8.529938355650302e-8,1],"EasingStyle":"Linear","EasingDirection":"In"}}},{"Time":0.5,"poses":{"Left Leg":{"Weight":1,"CFrame":[-0.4315284490585327,0.010978877544403077,-5.960464477539063e-8,0.9757111072540283,-0.21906135976314546,1.0022027652212273e-8,0.21906130015850068,0.9757111072540283,-6.844505406888857e-8,2.100133400517734e-8,8.52993693456483e-8,1],"EasingStyle":"Linear","EasingDirection":"In"},"Right Arm":{"Weight":1,"CFrame":[-2.4690944400163063e-8,-1.070960283279419,-0.4849400520324707,-0.9331162571907044,-0.3595751225948334,-4.819604271233402e-8,0.2930814027786255,-0.7605618834495544,0.5793520212173462,-0.20832054316997529,0.5406028628349304,0.8150774836540222],"EasingStyle":"Linear","EasingDirection":"In"},"Left Arm":{"Weight":1,"CFrame":[-7.326387674311263e-8,-1.212203025817871,-0.7184186577796936,-0.9331161975860596,0.35957518219947817,5.829719498251507e-7,-0.34416574239730837,-0.8931286334991455,0.2896050214767456,0.10413526743650437,0.27023497223854067,0.9571463465690613],"EasingStyle":"Linear","EasingDirection":"In"},"Head":{"Weight":1,"CFrame":[8.742276236262114e-8,0,0,1,0,8.742277657347586e-8,0,1,0,-8.742277657347586e-8,0,1],"EasingStyle":"Linear","EasingDirection":"In"},"Torso":{"Weight":1,"CFrame":[0,0,-0.058838605880737308,1,0,-8.742277657347586e-8,0,1,0,8.742277657347586e-8,0,1],"EasingStyle":"Linear","EasingDirection":"In"},"HumanoidRootPart":{"Weight":0,"CFrame":[0,0,0,1,0,0,0,1,0,0,0,1],"EasingStyle":"Linear","EasingDirection":"In"},"Right Leg":{"Weight":1,"CFrame":[0.4315284490585327,0.010978996753692627,1.1920928955078126e-7,0.9757111072540283,0.21906135976314546,-2.571447055288445e-9,-0.21906130015850068,0.9757111072540283,1.0640049907806315e-7,1.9423968211640387e-8,-8.529938355650302e-8,1],"EasingStyle":"Linear","EasingDirection":"In"}}},{"Time":0.5333333611488342,"poses":{"Left Leg":{"Weight":1,"CFrame":[-0.4315284490585327,0.010978877544403077,-5.960464477539063e-8,0.9757111072540283,-0.21906135976314546,1.0022027652212273e-8,0.21906130015850068,0.9757111072540283,-6.844505406888857e-8,2.100133400517734e-8,8.52993693456483e-8,1],"EasingStyle":"Linear","EasingDirection":"In"},"Right Arm":{"Weight":1,"CFrame":[-2.4690944400163063e-8,-1.070960283279419,-0.4849400520324707,-0.9331162571907044,-0.3595751225948334,-4.819604271233402e-8,0.2930814027786255,-0.7605618834495544,0.5793520212173462,-0.20832054316997529,0.5406028628349304,0.8150774836540222],"EasingStyle":"Linear","EasingDirection":"In"},"Left Arm":{"Weight":1,"CFrame":[-7.326387674311263e-8,-1.212203025817871,-0.7184186577796936,-0.9331161975860596,0.35957518219947817,5.829719498251507e-7,-0.34416574239730837,-0.8931286334991455,0.2896050214767456,0.10413526743650437,0.27023497223854067,0.9571463465690613],"EasingStyle":"Linear","EasingDirection":"In"},"Head":{"Weight":1,"CFrame":[8.742276236262114e-8,0,0,1,0,8.742277657347586e-8,0,1,0,-8.742277657347586e-8,0,1],"EasingStyle":"Linear","EasingDirection":"In"},"Torso":{"Weight":1,"CFrame":[0,0,-0.058838605880737308,1,0,-8.742277657347586e-8,0,1,0,8.742277657347586e-8,0,1],"EasingStyle":"Linear","EasingDirection":"In"},"HumanoidRootPart":{"Weight":0,"CFrame":[0,0,0,1,0,0,0,1,0,0,0,1],"EasingStyle":"Linear","EasingDirection":"In"},"Right Leg":{"Weight":1,"CFrame":[0.4315284490585327,0.010978996753692627,1.1920928955078126e-7,0.9757111072540283,0.21906135976314546,-2.571447055288445e-9,-0.21906130015850068,0.9757111072540283,1.0640049907806315e-7,1.9423968211640387e-8,-8.529938355650302e-8,1],"EasingStyle":"Linear","EasingDirection":"In"}}},{"Time":0.5666666626930237,"poses":{"Left Leg":{"Weight":1,"CFrame":[-0.4315284490585327,0.010978877544403077,-5.960464477539063e-8,0.9757111072540283,-0.21906135976314546,1.0022027652212273e-8,0.21906130015850068,0.9757111072540283,-6.844505406888857e-8,2.100133400517734e-8,8.52993693456483e-8,1],"EasingStyle":"Linear","EasingDirection":"In"},"Right Arm":{"Weight":1,"CFrame":[0.011605960316956044,-1.0605816841125489,-0.4773916006088257,-0.9331162571907044,-0.3595751225948334,-5.179740014682466e-8,0.2982654869556427,-0.7740147113800049,0.5585147738456726,-0.20082803070545197,0.5211593508720398,0.8294946551322937],"EasingStyle":"Linear","EasingDirection":"In"},"Left Arm":{"Weight":1,"CFrame":[-7.406381286045871e-8,-1.1961748600006104,-0.7015310525894165,-0.9331161975860596,0.3595752716064453,5.831624889651721e-7,-0.34546226263046267,-0.8964930176734924,0.27740955352783205,0.09975011646747589,0.25885528326034548,0.9607518315315247],"EasingStyle":"Linear","EasingDirection":"In"},"Head":{"Weight":1,"CFrame":[8.742276236262114e-8,0,0,1,0,8.742277657347586e-8,0,1,0,-8.742277657347586e-8,0,1],"EasingStyle":"Linear","EasingDirection":"In"},"Torso":{"Weight":1,"CFrame":[0,0,-0.058838605880737308,1,0,-8.742277657347586e-8,0,1,0,8.742277657347586e-8,0,1],"EasingStyle":"Linear","EasingDirection":"In"},"HumanoidRootPart":{"Weight":0,"CFrame":[0,0,0,1,0,0,0,1,0,0,0,1],"EasingStyle":"Linear","EasingDirection":"In"},"Right Leg":{"Weight":1,"CFrame":[0.4315284490585327,0.010978996753692627,1.1920928955078126e-7,0.9757111072540283,0.21906135976314546,-2.571447055288445e-9,-0.21906130015850068,0.9757111072540283,1.0640049907806315e-7,1.9423968211640387e-8,-8.529938355650302e-8,1],"EasingStyle":"Linear","EasingDirection":"In"}}},{"Time":0.6000000238418579,"poses":{"Left Leg":{"Weight":1,"CFrame":[-0.4315284490585327,0.010978877544403077,-5.960464477539063e-8,0.9757111072540283,-0.21906135976314546,1.0022027652212273e-8,0.21906130015850068,0.9757111072540283,-6.844505406888857e-8,2.100133400517734e-8,8.52993693456483e-8,1],"EasingStyle":"Linear","EasingDirection":"In"},"Right Arm":{"Weight":1,"CFrame":[0.04642391577363014,-1.0294456481933594,-0.45474618673324587,-0.9331162571907044,-0.35957515239715578,-4.4829462808593237e-8,0.31275275349617007,-0.8116101026535034,0.49343156814575198,-0.17742569744586945,0.4604290723800659,0.8697846531867981],"EasingStyle":"Linear","EasingDirection":"In"},"Left Arm":{"Weight":1,"CFrame":[-7.646362121249695e-8,-1.14808988571167,-0.6508682370185852,-0.9331161379814148,0.3595752716064453,5.931340183451539e-7,-0.34902137517929079,-0.9057292342185974,0.24049663543701173,0.0864771381020546,0.2244112342596054,0.9706500768661499],"EasingStyle":"Linear","EasingDirection":"In"},"Head":{"Weight":1,"CFrame":[8.742276236262114e-8,0,0,1,0,8.742277657347586e-8,0,1,0,-8.742277657347586e-8,0,1],"EasingStyle":"Linear","EasingDirection":"In"},"Torso":{"Weight":1,"CFrame":[0,0,-0.058838605880737308,1,0,-8.742277657347586e-8,0,1,0,8.742277657347586e-8,0,1],"EasingStyle":"Linear","EasingDirection":"In"},"HumanoidRootPart":{"Weight":0,"CFrame":[0,0,0,1,0,0,0,1,0,0,0,1],"EasingStyle":"Linear","EasingDirection":"In"},"Right Leg":{"Weight":1,"CFrame":[0.4315284490585327,0.010978996753692627,1.1920928955078126e-7,0.9757111072540283,0.21906135976314546,-2.571447055288445e-9,-0.21906130015850068,0.9757111072540283,1.0640049907806315e-7,1.9423968211640387e-8,-8.529938355650302e-8,1],"EasingStyle":"Linear","EasingDirection":"In"}}},{"Time":0.6333333253860474,"poses":{"Left Leg":{"Weight":1,"CFrame":[-0.4315284490585327,0.010978877544403077,-5.960464477539063e-8,0.9757111072540283,-0.21906135976314546,1.0022027652212273e-8,0.21906130015850068,0.9757111072540283,-6.844505406888857e-8,2.100133400517734e-8,8.52993693456483e-8,1],"EasingStyle":"Linear","EasingDirection":"In"},"Right Arm":{"Weight":1,"CFrame":[0.10445383936166763,-0.977552592754364,-0.41700392961502077,-0.9331161975860596,-0.35957515239715578,-3.656981206745513e-8,0.33297106623649599,-0.8640774488449097,0.3774920105934143,-0.13573674857616425,0.3522440493106842,0.9260128736495972],"EasingStyle":"Linear","EasingDirection":"In"},"Left Arm":{"Weight":1,"CFrame":[-8.046329469379998e-8,-1.0679481029510499,-0.5664302706718445,-0.9331161975860596,0.3595752716064453,5.87469742185931e-7,-0.35382869839668276,-0.9182044863700867,0.17806093394756318,0.06402682512998581,0.16615141928195954,0.9840194582939148],"EasingStyle":"Linear","EasingDirection":"In"},"Head":{"Weight":1,"CFrame":[8.742276236262114e-8,0,0,1,0,8.742277657347586e-8,0,1,0,-8.742277657347586e-8,0,1],"EasingStyle":"Linear","EasingDirection":"In"},"Torso":{"Weight":1,"CFrame":[0,0,-0.058838605880737308,1,0,-8.742277657347586e-8,0,1,0,8.742277657347586e-8,0,1],"EasingStyle":"Linear","EasingDirection":"In"},"HumanoidRootPart":{"Weight":0,"CFrame":[0,0,0,1,0,0,0,1,0,0,0,1],"EasingStyle":"Linear","EasingDirection":"In"},"Right Leg":{"Weight":1,"CFrame":[0.4315284490585327,0.010978996753692627,1.1920928955078126e-7,0.9757111072540283,0.21906135976314546,-2.571447055288445e-9,-0.21906130015850068,0.9757111072540283,1.0640049907806315e-7,1.9423968211640387e-8,-8.529938355650302e-8,1],"EasingStyle":"Linear","EasingDirection":"In"}}},{"Time":0.6666666865348816,"poses":{"Left Leg":{"Weight":1,"CFrame":[-0.4315284490585327,0.010978877544403077,-5.960464477539063e-8,0.9757111072540283,-0.21906135976314546,1.0022027652212273e-8,0.21906130015850068,0.9757111072540283,-6.844505406888857e-8,2.100133400517734e-8,8.52993693456483e-8,1],"EasingStyle":"Linear","EasingDirection":"In"},"Right Arm":{"Weight":1,"CFrame":[0.18569572269916535,-0.9049021601676941,-0.3641647696495056,-0.9331162571907044,-0.35957518219947817,-2.0905810416138594e-8,0.35200679302215578,-0.9134761691093445,0.20408910512924195,-0.07338537275791168,0.19043894112110139,0.9789524078369141],"EasingStyle":"Linear","EasingDirection":"In"},"Left Arm":{"Weight":1,"CFrame":[-8.606284040979517e-8,-0.9557498097419739,-0.44821709394454958,-0.9331161975860596,0.35957518219947817,5.940148071204021e-7,-0.35813629627227785,-0.9293826222419739,0.08936517685651779,0.032134052366018298,0.08338791877031326,0.9959989190101624],"EasingStyle":"Linear","EasingDirection":"In"},"Head":{"Weight":1,"CFrame":[8.742276236262114e-8,0,0,1,0,8.742277657347586e-8,0,1,0,-8.742277657347586e-8,0,1],"EasingStyle":"Linear","EasingDirection":"In"},"Torso":{"Weight":1,"CFrame":[0,0,-0.058838605880737308,1,0,-8.742277657347586e-8,0,1,0,8.742277657347586e-8,0,1],"EasingStyle":"Linear","EasingDirection":"In"},"HumanoidRootPart":{"Weight":0,"CFrame":[0,0,0,1,0,0,0,1,0,0,0,1],"EasingStyle":"Linear","EasingDirection":"In"},"Right Leg":{"Weight":1,"CFrame":[0.4315284490585327,0.010978996753692627,1.1920928955078126e-7,0.9757111072540283,0.21906135976314546,-2.571447055288445e-9,-0.21906130015850068,0.9757111072540283,1.0640049907806315e-7,1.9423968211640387e-8,-8.529938355650302e-8,1],"EasingStyle":"Linear","EasingDirection":"In"}}},{"Time":0.699999988079071,"poses":{"Left Leg":{"Weight":1,"CFrame":[-0.4315284490585327,0.010978877544403077,-5.960464477539063e-8,0.9757111072540283,-0.21906135976314546,1.0022027652212273e-8,0.21906130015850068,0.9757111072540283,-6.844505406888857e-8,2.100133400517734e-8,8.52993693456483e-8,1],"EasingStyle":"Constant","EasingDirection":"In"},"Right Arm":{"Weight":1,"CFrame":[0.2901495695114136,-0.811494767665863,-0.29622864723205569,-0.9331161975860596,-0.35957515239715578,-1.0601362454565333e-8,0.359459787607193,-0.9328171610832214,-0.025311177596449853,0.009101259522140026,-0.023618288338184358,0.9996796250343323],"EasingStyle":"Constant","EasingDirection":"In"},"Left Arm":{"Weight":1,"CFrame":[-9.32622441496278e-8,-0.8114948868751526,-0.29622864723205569,-0.9331161975860596,0.35957521200180056,5.952545052423375e-7,-0.35945984721183779,-0.9328171610832214,-0.025311248376965524,-0.00910074170678854,-0.023618564009666444,0.9996796250343323],"EasingStyle":"Constant","EasingDirection":"In"},"Head":{"Weight":1,"CFrame":[8.742276236262114e-8,0,0,1,0,8.742277657347586e-8,0,1,0,-8.742277657347586e-8,0,1],"EasingStyle":"Constant","EasingDirection":"In"},"Torso":{"Weight":1,"CFrame":[0,0,-0.058838605880737308,1,0,-8.742277657347586e-8,0,1,0,8.742277657347586e-8,0,1],"EasingStyle":"Constant","EasingDirection":"In"},"HumanoidRootPart":{"Weight":0,"CFrame":[0,0,0,1,0,0,0,1,0,0,0,1],"EasingStyle":"Linear","EasingDirection":"In"},"Right Leg":{"Weight":1,"CFrame":[0.4315284490585327,0.010978996753692627,1.1920928955078126e-7,0.9757111072540283,0.21906135976314546,-2.571447055288445e-9,-0.21906130015850068,0.9757111072540283,1.0640049907806315e-7,1.9423968211640387e-8,-8.529938355650302e-8,1],"EasingStyle":"Constant","EasingDirection":"In"}}},{"Time":0.7333333492279053,"poses":{"Left Leg":{"Weight":1,"CFrame":[-0.6888474822044373,0.028498470783233644,-5.960464477539063e-8,0.9368651509284973,-0.34969082474708559,6.656719619968499e-9,0.34969088435173037,0.9368652105331421,-1.1673299127323844e-7,3.536394643788299e-8,1.1170567404406029e-7,1],"EasingStyle":"Linear","EasingDirection":"In"},"Right Arm":{"Weight":1,"CFrame":[0.4178154766559601,0.31610310077667239,0.17537403106689454,-0.7337866425514221,-0.34445899724960329,-0.5855813026428223,0.6754177212715149,-0.27691850066185,-0.6834667325019836,0.07326792925596237,-0.8970308303833008,0.4358527958393097],"EasingStyle":"Linear","EasingDirection":"In"},"Left Arm":{"Weight":1,"CFrame":[-0.4178154170513153,0.31610286235809328,0.17537438869476319,-0.733786404132843,0.344458669424057,0.5855817198753357,-0.6754180192947388,-0.2769181728363037,-0.6834666728973389,-0.07326769083738327,-0.8970310091972351,0.4358524978160858],"EasingStyle":"Linear","EasingDirection":"In"},"Head":{"Weight":1,"CFrame":[8.742279078433057e-8,0,0,1,0,8.742277657347586e-8,0,1,0,-8.742277657347586e-8,0,1],"EasingStyle":"Linear","EasingDirection":"In"},"Torso":{"Weight":1,"CFrame":[0,0,-0.1529405117034912,1,0,-8.742277657347586e-8,0,1,0,8.742277657347586e-8,0,1],"EasingStyle":"Linear","EasingDirection":"In"},"HumanoidRootPart":{"Weight":0,"CFrame":[0,0,0,1,0,0,0,1,0,0,0,1],"EasingStyle":"Linear","EasingDirection":"In"},"Right Leg":{"Weight":1,"CFrame":[0.6888474822044373,0.028498589992523195,1.1920928955078126e-7,0.9368651509284973,0.34969082474708559,-6.656719619968499e-9,-0.34969088435173037,0.9368652105331421,8.791488426140859e-8,3.129737535800814e-8,-8.190336586721969e-8,1],"EasingStyle":"Linear","EasingDirection":"In"}}},{"Time":0.7666666507720947,"poses":{"Left Leg":{"Weight":1,"CFrame":[-0.6209316253662109,0.022918641567230226,