{"Sequence":[{"Time":0,"poses":{"Left Leg":{"Weight":1,"CFrame":[-1.1447428464889527,0.42146193981170657,0.1769390106201172,0.8433510065078735,-0.503470778465271,0.18782064318656922,0.4903264045715332,0.8640015125274658,0.11437681317329407,-0.21986281871795655,-0.004366384353488684,0.9755212068557739],"EasingStyle":"Linear","EasingDirection":"In"},"Right Arm":{"Weight":1,"CFrame":[0.023232802748680116,-0.8269386887550354,0.2266674041748047,-0.5723612308502197,-0.6973259449005127,-0.43143922090530398,0.6869590878486633,-0.6950629949569702,0.21207326650619508,-0.4477614462375641,-0.17499855160713197,0.8768612146377564],"EasingStyle":"Linear","EasingDirection":"In"},"Head":{"Weight":1,"CFrame":[0.000004973262548446655,-7.450580596923828e-9,0,0.998469352722168,2.8030253673705376e-9,0.05531079322099686,-0.01110435463488102,0.9796404242515564,0.2004547268152237,-0.054184652864933017,-0.200762078166008,0.9781405329704285],"EasingStyle":"Linear","EasingDirection":"In"},"Right Leg":{"Weight":1,"CFrame":[1.006286859512329,0.6011943817138672,0.1185770034790039,0.8657882213592529,0.448000967502594,-0.22294914722442628,-0.41093289852142336,0.8907582759857178,0.19412380456924439,0.28556156158447268,-0.07645304501056671,0.9553061127662659],"EasingStyle":"Linear","EasingDirection":"In"},"Torso":{"Weight":1,"CFrame":[-0.094879150390625,-0.14449691772460938,-0.5490283966064453,0.9980552792549133,-0.012514747679233551,-0.06106691062450409,7.450580596923828e-9,0.9796401858329773,-0.20076203346252442,0.06233608350157738,0.2003716081380844,0.9777349233627319],"EasingStyle":"Linear","EasingDirection":"In"},"HumanoidRootPart":{"Weight":0,"CFrame":[0,0,0,1,0,0,0,1,0,0,0,1],"EasingStyle":"Linear","EasingDirection":"In"},"Left Arm":{"Weight":1,"CFrame":[0.27212730050086977,-0.2019508183002472,-0.03274315595626831,0.8778433799743652,0.3277677297592163,0.34922748804092409,-0.42364999651908877,0.8715112805366516,0.24695998430252076,-0.22341017425060273,-0.364742249250412,0.9039088487625122],"EasingStyle":"Linear","EasingDirection":"In"}}},{"Time":0.03333333507180214,"poses":{"Left Leg":{"Weight":1,"CFrame":[-0.9926171898841858,0.3767957091331482,0.12605297565460206,0.91788649559021,-0.3652753531932831,0.15510699152946473,0.35761821269989016,0.9307939410209656,0.07571011036634445,-0.1720278561115265,-0.01402408629655838,0.9849923253059387],"EasingStyle":"Linear","EasingDirection":"In"},"Right Arm":{"Weight":1,"CFrame":[0.13212144374847413,-0.7985671758651733,0.28177428245544436,-0.6579005718231201,-0.6198220252990723,-0.4277706742286682,0.5887694358825684,-0.7774908542633057,0.22103989124298097,-0.4695932865142822,-0.10643596947193146,0.8764438629150391],"EasingStyle":"Linear","EasingDirection":"In"},"Head":{"Weight":1,"CFrame":[-0.0000015348196029663086,9.909272193908692e-7,0,0.9928622841835022,0.028851918876171113,0.11572572588920593,-0.0497269332408905,0.9820804595947266,0.18178360164165498,-0.10840711742639542,-0.18624061346054078,0.9765051007270813],"EasingStyle":"Linear","EasingDirection":"In"},"Right Leg":{"Weight":1,"CFrame":[0.801909327507019,0.533259391784668,0.11783337593078613,0.9126484990119934,0.3216250240802765,-0.25224974751472475,-0.2815205454826355,0.942028820514679,0.18255889415740968,0.29634201526641848,-0.09559869021177292,0.9502856135368347],"EasingStyle":"Linear","EasingDirection":"In"},"Torso":{"Weight":1,"CFrame":[-0.06524658203125,-0.15990924835205079,-0.38707876205444338,0.9975938200950623,-0.04156842827796936,-0.05548687279224396,0.02828463912010193,0.9747084975242615,-0.22168287634849549,0.06329856067895889,0.21958006918430329,0.9735388159751892],"EasingStyle":"Linear","EasingDirection":"In"},"HumanoidRootPart":{"Weight":0,"CFrame":[0,0,0,1,0,0,0,1,0,0,0,1],"EasingStyle":"Linear","EasingDirection":"In"},"Left Arm":{"Weight":1,"CFrame":[0.32381945848464968,-0.23643696308135987,-0.05341780185699463,0.818979024887085,0.44107162952423098,0.3670549690723419,-0.5405815839767456,0.8075982928276062,0.23570430278778077,-0.19247056543827058,-0.391460120677948,0.89984130859375],"EasingStyle":"Linear","EasingDirection":"In"}}},{"Time":0.06666667014360428,"poses":{"Left Leg":{"Weight":1,"CFrame":[-0.9383708238601685,0.3910559415817261,0.028450369834899904,0.9693955779075623,-0.2359953373670578,0.06766566634178162,0.23064155876636506,0.9698770046234131,0.07838217914104462,-0.08412519097328186,-0.060376763343811038,0.9946243166923523],"EasingStyle":"Linear","EasingDirection":"In"},"Right Arm":{"Weight":1,"CFrame":[0.3998679518699646,-0.6466072201728821,0.4018155336380005,-0.827250063419342,-0.3712158203125,-0.4217303991317749,0.28462526202201846,-0.924078643321991,0.25508326292037966,-0.4844028353691101,0.09098249673843384,0.8701012134552002],"EasingStyle":"Linear","EasingDirection":"In"},"Head":{"Weight":1,"CFrame":[8.940696716308594e-8,-9.723007678985596e-7,0,0.9619402289390564,0.11040916293859482,0.24996167421340943,-0.14059489965438844,0.9843477010726929,0.10626796633005142,-0.23431622982025147,-0.1373666524887085,0.9624066948890686],"EasingStyle":"Linear","EasingDirection":"In"},"Right Leg":{"Weight":1,"CFrame":[0.5819758772850037,0.48845386505126955,0.1664135456085205,0.9129282832145691,0.20835237205028535,-0.3509294390678406,-0.16814681887626649,0.9755168557167053,0.14175258576869965,0.3718719780445099,-0.07040226459503174,0.9256105422973633],"EasingStyle":"Linear","EasingDirection":"In"},"Torso":{"Weight":1,"CFrame":[-0.004932403564453125,-0.1910114288330078,-0.19683074951171876,0.9932135939598084,-0.1101980060338974,-0.03719180077314377,0.09658123552799225,0.9596349000930786,-0.26414573192596438,0.06479889899492264,0.25876110792160036,0.9637655019760132],"EasingStyle":"Linear","EasingDirection":"In"},"HumanoidRootPart":{"Weight":0,"CFrame":[0,0,0,1,0,0,0,1,0,0,0,1],"EasingStyle":"Linear","EasingDirection":"In"},"Left Arm":{"Weight":1,"CFrame":[0.4307672381401062,-0.3568592667579651,-0.0996556282043457,0.6073116064071655,0.6801531910896301,0.4105662405490875,-0.7887018322944641,0.5782865285873413,0.20864978432655335,-0.09551111608743668,-0.4505296051502228,0.8876378536224365],"EasingStyle":"Linear","EasingDirection":"In"}}},{"Time":0.10000000149011612,"poses":{"Left Leg":{"Weight":1,"CFrame":[-1.1220295429229737,0.49250710010528567,-0.1485968828201294,0.9688039422035217,-0.23343905806541444,-0.08322092890739441,0.2443028688430786,0.9560098648071289,0.16236189007759095,0.04165834188461304,-0.17762775719165803,0.9832159280776978],"EasingStyle":"Linear","EasingDirection":"In"},"Right Arm":{"Weight":1,"CFrame":[0.6616155505180359,-0.3061695694923401,0.4767637252807617,-0.9021174907684326,0.008824452757835389,-0.43140077590942385,-0.16098304092884065,-0.9344861507415772,0.31752175092697146,-0.4003360867500305,0.3558903932571411,0.8444371223449707],"EasingStyle":"Linear","EasingDirection":"In"},"Head":{"Weight":1,"CFrame":[0.000005513429641723633,-7.450580596923828e-7,0,0.8973393440246582,0.23109394311904908,0.3760036826133728,-0.23246201872825623,0.9716800451278687,-0.042425572872161868,-0.37515902519226076,-0.049336642026901248,0.9256465435028076],"EasingStyle":"Linear","EasingDirection":"In"},"Right Leg":{"Weight":1,"CFrame":[0.45964059233665469,0.48595893383026125,0.3295445442199707,0.8339635729789734,0.19145920872688294,-0.5175411701202393,-0.19750182330608369,0.9793131351470947,0.04403243958950043,0.5152654051780701,0.0654938817024231,0.8545249700546265],"EasingStyle":"Linear","EasingDirection":"In"},"Torso":{"Weight":1,"CFrame":[0.07448196411132813,-0.21437358856201173,-0.0575871467590332,0.9817305207252502,-0.19016948342323304,-0.006421398371458054,0.17968766391277314,0.9376645088195801,-0.29748594760894778,0.06259392201900482,0.29089704155921938,0.9547045826911926],"EasingStyle":"Linear","EasingDirection":"In"},"HumanoidRootPart":{"Weight":0,"CFrame":[0,0,0,1,0,0,0,1,0,0,0,1],"EasingStyle":"Linear","EasingDirection":"In"},"Left Arm":{"Weight":1,"CFrame":[0.4981189966201782,-0.5555630922317505,-0.13910239934921266,0.2546931505203247,0.8480677604675293,0.4646648168563843,-0.9651788473129273,0.19328226149082185,0.17627249658107758,0.05967938154935837,-0.4933801591396332,0.8677647113800049],"EasingStyle":"Linear","EasingDirection":"In"}}},{"Time":0.13333334028720857,"poses":{"Left Leg":{"Weight":1,"CFrame":[-1.2103769779205323,0.5206453800201416,-0.3888958692550659,0.9431438446044922,-0.19019129872322083,-0.27259361743927,0.26669350266456606,0.9224834442138672,0.27910494804382326,0.19837962090969087,-0.33593475818634035,0.9207571744918823],"EasingStyle":"Linear","EasingDirection":"In"},"Right Arm":{"Weight":1,"CFrame":[0.7552029490470886,0.06501901149749756,0.4464719295501709,-0.8247345089912415,0.31590473651885989,-0.4690602123737335,-0.5148745775222778,-0.762525200843811,0.39173978567123415,-0.23391753435134889,0.5645884871482849,0.7915319800376892],"EasingStyle":"Linear","EasingDirection":"In"},"Head":{"Weight":1,"CFrame":[8.791685104370117e-7,-0.0000023245811462402345,0,0.833040714263916,0.3531705439090729,0.4258100092411041,-0.27550414204597475,0.9323140382766724,-0.23428261280059815,-0.4797302782535553,0.07785463333129883,0.873955488204956],"EasingStyle":"Linear","EasingDirection":"In"},"Right Leg":{"Weight":1,"CFrame":[0.22915196418762208,0.36859387159347536,0.4827308654785156,0.7166857123374939,0.12686285376548768,-0.685760498046875,-0.2526535391807556,0.9637491703033447,-0.08575786650180817,0.6500214338302612,0.2347211241722107,0.7227576375007629],"EasingStyle":"Linear","EasingDirection":"In"},"Torso":{"Weight":1,"CFrame":[0.16588973999023438,-0.20806312561035157,0.047074317932128909,0.9664199948310852,-0.25516968965530398,0.03034919872879982,0.2526746094226837,0.9221225380897522,-0.29299426078796389,0.046777620911598209,0.29082396626472475,0.9556325078010559],"EasingStyle":"Linear","EasingDirection":"In"},"HumanoidRootPart":{"Weight":0,"CFrame":[0,0,0,1,0,0,0,1,0,0,0,1],"EasingStyle":"Linear","EasingDirection":"In"},"Left Arm":{"Weight":1,"CFrame":[0.48627787828445437,-0.739013671875,-0.15024155378341676,-0.06544536352157593,0.8546028137207031,0.5151420831680298,-0.9746406078338623,-0.1654571145772934,0.1506660133600235,0.2139933705329895,-0.49221816658973696,0.8437585830688477],"EasingStyle":"Linear","EasingDirection":"In"}}},{"Time":0.1666666716337204,"poses":{"Left Leg":{"Weight":1,"CFrame":[-1.0369462966918946,0.4055607318878174,-0.49706894159317019,0.8679134845733643,-0.033336341381073,-0.4955958425998688,0.236173614859581,0.9054442644119263,0.3526943624019623,0.4369767904281616,-0.42315465211868288,0.7937202453613281],"EasingStyle":"Linear","EasingDirection":"In"},"Right Arm":{"Weight":1,"CFrame":[0.730404257774353,0.2682957649230957,0.39563918113708498,-0.7502697706222534,0.4099075198173523,-0.5187208652496338,-0.6513264775276184,-0.5929027199745178,0.4735403060913086,-0.11344313621520996,0.6931397318840027,0.711820662021637],"EasingStyle":"Linear","EasingDirection":"In"},"Head":{"Weight":1,"CFrame":[0.0000022649765014648439,-3.427267074584961e-7,0,0.815070629119873,0.4291308522224426,0.3892395496368408,-0.26063671708106997,0.8716119527816773,-0.4151642620563507,-0.5174253582954407,0.23693792521953584,0.8222724795341492],"EasingStyle":"Linear","EasingDirection":"In"},"Right Leg":{"Weight":1,"CFrame":[-0.13380780816078187,0.11228549480438233,0.4344801902770996,0.5435315370559692,-0.001431494951248169,-0.8393877148628235,-0.2768813371658325,0.9437225461006165,-0.1808996945619583,0.7924081087112427,0.3307359218597412,0.5125465393066406],"EasingStyle":"Linear","EasingDirection":"In"},"Torso":{"Weight":1,"CFrame":[0.25978851318359377,-0.16019630432128907,0.08783864974975586,0.9553957581520081,-0.2883639335632324,0.06376109272241593,0.2952057421207428,0.926237165927887,-0.234389528632164,0.008531635627150536,0.24275732040405274,0.9700496196746826],"EasingStyle":"Linear","EasingDirection":"In"},"HumanoidRootPart":{"Weight":0,"CFrame":[0,0,0,1,0,0,0,1,0,0,0,1],"EasingStyle":"Linear","EasingDirection":"In"},"Left Arm":{"Weight":1,"CFrame":[0.4576165974140167,-0.825614333152771,-0.14350169897079469,-0.20795157551765443,0.8091038465499878,0.5496430993080139,-0.9299601316452026,-0.33772674202919009,0.14531098306179048,0.3032006323337555,-0.48092854022979739,0.8226649761199951],"EasingStyle":"Linear","EasingDirection":"In"}}},{"Time":0.20000000298023225,"poses":{"Left Leg":{"Weight":1,"CFrame":[-0.7920492887496948,0.3137686252593994,-0.3880314826965332,0.7300307154655457,0.09290573000907898,-0.6770704984664917,0.20322826504707337,0.9163863062858582,0.34486883878707888,0.6524983644485474,-0.3893645405769348,0.6501088738441467],"EasingStyle":"Linear","EasingDirection":"In"},"Right Arm":{"Weight":1,"CFrame":[0.6870085000991821,0.27963435649871828,0.41552674770355227,-0.7850667238235474,0.2908884882926941,-0.546859085559845,-0.6067450642585754,-0.5387754440307617,0.5844500064849854,-0.12462449073791504,0.790635883808136,0.5994693040847778],"EasingStyle":"Linear","EasingDirection":"In"},"Head":{"Weight":1,"CFrame":[-0.0000010579824447631836,6.854534149169922e-7,0,0.839483916759491,0.44637155532836916,0.3098699748516083,-0.22527480125427247,0.8048390746116638,-0.5490774512290955,-0.4944877624511719,0.39113563299179079,0.7762055397033691],"EasingStyle":"Linear","EasingDirection":"In"},"Right Leg":{"Weight":1,"CFrame":[-0.42475438117980959,-0.05409860610961914,0.25324058532714846,0.32205283641815188,-0.06852391362190247,-0.9442387223243713,-0.3190898597240448,0.931161642074585,-0.1764075756072998,0.8913271427154541,0.35810983180999758,0.27801787853240969],"EasingStyle":"Linear","EasingDirection":"In"},"Torso":{"Weight":1,"CFrame":[0.349273681640625,-0.09191703796386719,0.0121612548828125,0.9516800045967102,-0.2942942678928375,0.08772772550582886,0.3045521080493927,0.941141664981842,-0.14663106203079225,-0.03941147029399872,0.16626347601413728,0.985293447971344],"EasingStyle":"Linear","EasingDirection":"In"},"HumanoidRootPart":{"Weight":0,"CFrame":[0,0,0,1,0,0,0,1,0,0,0,1],"EasingStyle":"Linear","EasingDirection":"In"},"Left Arm":{"Weight":1,"CFrame":[0.47023454308509829,-0.7975457906723023,-0.1349436640739441,-0.15031798183918,0.8163753151893616,0.5576169490814209,-0.9418609142303467,-0.28969281911849978,0.1702231466770172,0.30050337314605715,-0.49960988759994509,0.8124577403068543],"EasingStyle":"Linear","EasingDirection":"In"}}},{"Time":0.23333333432674409,"poses":{"Left Leg":{"Weight":1,"CFrame":[-1.0094647407531739,0.1746523380279541,-0.6271872520446777,0.6736644506454468,-0.10263332724571228,-0.7318761944770813,0.45232462882995608,0.8404194712638855,0.29849275946617129,0.5844476222991943,-0.5321294069290161,0.6125842332839966],"EasingStyle":"Linear","EasingDirection":"In"},"Right Arm":{"Weight":1,"CFrame":[0.6207431554794312,0.17816543579101563,0.5021176338195801,-0.8580052256584168,0.016845449805259706,-0.5133653879165649,-0.440151572227478,-0.5392794609069824,0.7179445624351502,-0.2647530138492584,0.8419586420059204,0.47011902928352358],"EasingStyle":"Linear","EasingDirection":"In"},"Head":{"Weight":1,"CFrame":[-0.0000017881393432617188,6.556510925292969e-7,0,0.8822512626647949,0.41708889603614809,0.21833395957946778,-0.20479053258895875,0.7576071619987488,-0.6197522878646851,-0.4239029884338379,0.5020642876625061,0.7538155913352966],"EasingStyle":"Linear","EasingDirection":"In"},"Right Leg":{"Weight":1,"CFrame":[-0.4780130386352539,-0.06152784824371338,0.30905747413635256,0.2222180813550949,-0.00842905044555664,-0.9749607443809509,-0.4161970615386963,0.903458833694458,-0.10267284512519837,0.8817026019096375,0.42859208583831789,0.1972568929195404],"EasingStyle":"Linear","EasingDirection":"In"},"Torso":{"Weight":1,"CFrame":[0.4298286437988281,-0.03296375274658203,-0.11922168731689453,0.9551403522491455,-0.27916622161865237,0.09885995090007782,0.2862238883972168,0.9558802247047424,-0.06609955430030823,-0.07604546844959259,0.09143039584159851,0.9929036498069763],"EasingStyle":"Linear","EasingDirection":"In"},"HumanoidRootPart":{"Weight":0,"CFrame":[0,0,0,1,0,0,0,1,0,0,0,1],"EasingStyle":"Linear","EasingDirection":"In"},"Left Arm":{"Weight":1,"CFrame":[0.5047605037689209,-0.6831081509590149,-0.11594486236572266,0.051490552723407748,0.8462343215942383,0.5303177237510681,-0.9721477031707764,-0.079104483127594,0.2206171452999115,0.2286442518234253,-0.5269066691398621,0.8185911178588867],"EasingStyle":"Linear","EasingDirection":"In"}}},{"Time":0.2666666805744171,"poses":{"Left Leg":{"Weight":1,"CFrame":[-0.9790750741958618,0.12811684608459474,-0.48967790603637698,0.7615209817886353,-0.18506759405136109,-0.6211568713188171,0.42743009328842165,0.8638303279876709,0.2666476368904114,0.48722636699676516,-0.4685589671134949,0.7369282841682434],"EasingStyle":"Linear","EasingDirection":"In"},"Right Arm":{"Weight":1,"CFrame":[0.49385419487953188,0.024785935878753663,0.6054980754852295,-0.8538087606430054,-0.33257225155830386,-0.40050777792930605,-0.18935255706310273,-0.5182478427886963,0.8340054750442505,-0.4849294126033783,0.7879183888435364,0.3795110285282135],"EasingStyle":"Linear","EasingDirection":"In"},"Head":{"Weight":1,"CFrame":[-0.000003419816493988037,0.0000012516975402832032,0,0.9237412810325623,0.36189866065979006,0.12542645633220673,-0.21464315056800843,0.760339081287384,-0.6130357980728149,-0.317223459482193,0.5393645167350769,0.7800354957580566],"EasingStyle":"Linear","EasingDirection":"In"},"Right Leg":{"Weight":1,"CFrame":[-0.2979990541934967,-0.02038121223449707,0.27259349822998049,0.3954738974571228,0.11401809751987457,-0.9113728404045105,-0.33882832527160647,0.9403893947601318,-0.029380427673459054,0.8536953926086426,0.3204185962677002,0.41053199768066409],"EasingStyle":"Linear","EasingDirection":"In"},"Torso":{"Weight":1,"CFrame":[0.4964103698730469,-0.010931968688964844,-0.010664224624633789,0.9646105766296387,-0.24703019857406617,0.0922095999121666,0.25057485699653628,0.9676659107208252,-0.028895501047372819,-0.08209003508090973,0.05097832530736923,0.9953203201293945],"EasingStyle":"Linear","EasingDirection":"In"},"HumanoidRootPart":{"Weight":0,"CFrame":[0,0,0,1,0,0,0,1,0,0,0,1],"EasingStyle":"Linear","EasingDirection":"In"},"Left Arm":{"Weight":1,"CFrame":[0.5169486403465271,-0.522036075592041,-0.06739258766174317,0.3292405903339386,0.8266748189926148,0.4562999904155731,-0.9336440563201904,0.21279692649841309,0.2881430983543396,0.1411014199256897,-0.5208902359008789,0.841881275177002],"EasingStyle":"Linear","EasingDirection":"In"}}},{"Time":0.30000001192092898,"poses":{"Left Leg":{"Weight":1,"CFrame":[-1.0654171705245972,0.12945938110351563,-0.3173038959503174,0.8872824311256409,-0.32597804069519045,-0.32629501819610598,0.4135538935661316,0.8755137324333191,0.2498985081911087,0.2042141556739807,-0.35667094588279726,0.9116373062133789],"EasingStyle":"Linear","EasingDirection":"In"},"Right Arm":{"Weight":1,"CFrame":[0.3180393874645233,-0.1346123218536377,0.6618884801864624,-0.7270872592926025,-0.6359845995903015,-0.2585885524749756,0.08665037900209427,-0.45864906907081606,0.8843828439712524,-0.6810550093650818,0.620616614818573,0.3885859549045563],"EasingStyle":"Linear","EasingDirection":"In"},"Head":{"Weight":1,"CFrame":[-0.000001773238182067871,-2.980232238769531e-7,0,0.952852725982666,0.3012782335281372,0.036098212003707889,-0.2402324229478836,0.8217049837112427,-0.516806960105896,-0.1853647381067276,0.48376893997192385,0.8553407192230225],"EasingStyle":"Linear","EasingDirection":"In"},"Right Leg":{"Weight":1,"CFrame":[0.17563903331756593,0.07091951370239258,0.29790735244750979,0.7314707636833191,0.27102595567703249,-0.6256963610649109,-0.30995410680770876,0.9494917988777161,0.048928581178188327,0.6073541641235352,0.15814732015132905,0.7785309553146362],"EasingStyle":"Linear","EasingDirection":"In"},"Torso":{"Weight":1,"CFrame":[0.5430908203125,-0.04317665100097656,0.019231319427490236,0.9771907329559326,-0.20325222611427308,0.061536844819784167,0.2068379819393158,0.9766014218330383,-0.05888808146119118,-0.04812781512737274,0.0702730268239975,0.9963661432266235],"EasingStyle":"Linear","EasingDirection":"In"},"HumanoidRootPart":{"Weight":0,"CFrame":[0,0,0,1,0,0,0,1,0,0,0,1],"EasingStyle":"Linear","EasingDirection":"In"},"Left Arm":{"Weight":1,"CFrame":[0.4907740652561188,-0.37014445662498476,0.016690850257873536,0.584796667098999,0.7461901307106018,0.31814104318618777,-0.8021152019500732,0.47346311807632449,0.36392873525619509,0.12093187868595123,-0.4680098295211792,0.875409722328186],"EasingStyle":"Linear","EasingDirection":"In"}}},{"Time":0.3333333432674408,"poses":{"Left Leg":{"Weight":1,"CFrame":[-1.021742343902588,0.15018677711486817,-0.05298858880996704,0.9340922236442566,-0.3567987382411957,0.012911304831504822,0.3504899740219116,0.9232675433158875,0.15726973116397859,-0.06803439557552338,-0.14237910509109498,0.9874716997146606],"EasingStyle":"Linear","EasingDirection":"In"},"Right Arm":{"Weight":1,"CFrame":[0.16174191236495973,-0.286271333694458,0.6348062753677368,-0.554345965385437,-0.8123942613601685,-0.18087808787822724,0.3406173586845398,-0.41973960399627688,0.841307520866394,-0.7593951225280762,0.4047653377056122,0.5093966722488403],"EasingStyle":"Linear","EasingDirection":"In"},"Head":{"Weight":1,"CFrame":[-0.0000026244670152664186,0.0000011920928955078126,0,0.9701856970787048,0.23673975467681886,-0.05191278085112572,-0.23998014628887177,0.9083718061447144,-0.34244775772094729,-0.03391488641500473,0.34469568729400637,0.9381017088890076],"EasingStyle":"Linear","EasingDirection":"In"},"Right Leg":{"Weight":1,"CFrame":[0.5940773487091065,0.18175435066223145,0.08974575996398926,0.9290851354598999,0.30880358815193179,-0.20357300341129304,-0.276231050491333,0.9453362822532654,0.17330722510814668,0.24596275389194489,-0.10478388518095017,0.9635992050170898],"EasingStyle":"Linear","EasingDirection":"In"},"Torso":{"Weight":1,"CFrame":[0.5722999572753906,-0.11291122436523438,-0.04694509506225586,0.9872756600379944,-0.158625528216362,0.011184249073266983,0.1586514711380005,0.9777715802192688,-0.1370861679315567,0.010809715837240219,0.1371162086725235,0.9904959797859192],"EasingStyle":"Linear","EasingDirection":"In"},"HumanoidRootPart":{"Weight":0,"CFrame":[0,0,0,1,0,0,0,1,0,0,0,1],"EasingStyle":"Linear","EasingDirection":"In"},"Left Arm":{"Weight":1,"CFrame":[0.44599491357803347,-0.26107925176620486,0.12436294555664063,0.7376986145973206,0.6675923466682434,0.10060565173625946,-0.6360973119735718,0.6373529434204102,0.4349271357059479,0.22623273730278016,-0.3848402798175812,0.894828200340271],"EasingStyle":"Linear","EasingDirection":"In"}}},{"Time":0.36666667461395266,"poses":{"Left Leg":{"Weight":1,"CFrame":[-0.976524293422699,0.13417601585388184,0.09189414978027344,0.9341333508491516,-0.3089480996131897,0.17873552441596986,0.310264527797699,0.9504126310348511,0.02125757932662964,-0.17644017934799195,0.035597991198301318,0.9836677312850952],"EasingStyle":"Linear","EasingDirection":"In"},"Right Arm":{"Weight":1,"CFrame":[0.09271565079689026,-0.4348655343055725,0.5212134122848511,-0.4522588849067688,-0.8658132553100586,-0.21407774090766908,0.5606479048728943,-0.4626578092575073,0.6867473125457764,-0.6936399340629578,0.1905655860900879,0.6946576237678528],"EasingStyle":"Linear","EasingDirection":"In"},"Head":{"Weight":1,"CFrame":[0.000002339482307434082,0.000001125037670135498,0,0.9755270481109619,0.16972991824150086,-0.13978281617164613,-0.1876157969236374,0.9740471839904785,-0.12661968171596528,0.11466390639543534,0.1497463434934616,0.9820533394813538],"EasingStyle":"Linear","EasingDirection":"In"},"Right Leg":{"Weight":1,"CFrame":[0.7589358687400818,0.2984858751296997,-0.06902420520782471,0.9686285853385925,0.24845033884048463,-0.005605712532997131,-0.23534497618675233,0.9243146777153015,0.3004247546195984,0.07982202619314194,-0.28968068957328799,0.9537891745567322],"EasingStyle":"Linear","EasingDirection":"In"},"Torso":{"Weight":1,"CFrame":[0.5920143127441406,-0.19491004943847657,-0.12151098251342774,0.9909874200820923,-0.12527808547019959,-0.047429852187633517,0.11093498021364212,0.9659780859947205,-0.23362316191196443,0.07508406043052674,0.22625590860843659,0.9711698293685913],"EasingStyle":"Linear","EasingDirection":"In"},"HumanoidRootPart":{"Weight":0,"CFrame":[0,0,0,1,0,0,0,1,0,0,0,1],"EasingStyle":"Linear","EasingDirection":"In"},"Left Arm":{"Weight":1,"CFrame":[0.3929217457771301,-0.1855083703994751,0.23346078395843507,0.7688983678817749,0.6171291470527649,-0.16717354953289033,-0.4830627739429474,0.7320060133934021,0.48043525218963625,0.4188627302646637,-0.28865066170692446,0.8609502911567688],"EasingStyle":"Linear","EasingDirection":"In"}}},{"Time":0.4000000059604645,"poses":{"Left Leg":{"Weight":1,"CFrame":[-1.0623294115066529,0.15290343761444093,0.13361215591430665,0.9369773864746094,-0.2947160601615906,0.18765835464000703,0.31510239839553835,0.944832980632782,-0.08945099264383316,-0.15094339847564698,0.14294514060020448,0.9781531095504761],"EasingStyle":"Linear","EasingDirection":"In"},"Right Arm":{"Weight":1,"CFrame":[0.11081922054290772,-0.540806233882904,0.35559141635894778,-0.4470928907394409,-0.8445194959640503,-0.2947796881198883,0.7186004519462586,-0.5353579521179199,0.44385308027267458,-0.5326553583145142,-0.01338532567024231,0.8462269306182861],"EasingStyle":"Linear","EasingDirection":"In"},"Head":{"Weight":1,"CFrame":[-0.0000051781535148620609,-0.0000012665987014770508,0,0.9681696891784668,0.11244957149028778,-0.22361482679843903,-0.09696324914693833,0.992139458656311,0.07910409569740296,0.23075224459171296,-0.05490380525588989,0.9714625477790833],"EasingStyle":"Linear","EasingDirection":"In"},"Right Leg":{"Weight":1,"CFrame":[0.8819104433059692,0.44855713844299319,-0.10817193984985352,0.9690766334533691,0.24555526673793794,-0.024359852075576783,-0.21567779779434205,0.8908352255821228,0.3998699188232422,0.11989054828882218,-0.3822508156299591,0.9162485003471375],"EasingStyle":"Linear","EasingDirection":"In"},"Torso":{"Weight":1,"CFrame":[0.6140823364257813,-0.26550960540771487,-0.20856547355651856,0.9889183044433594,-0.11150655150413513,-0.09801677614450455,0.0747465267777443,0.9443885087966919,-0.3202238976955414,0.12827296555042268,0.3093487322330475,0.9422577023506165],"EasingStyle":"Linear","EasingDirection":"In"},"HumanoidRootPart":{"Weight":0,"CFrame":[0,0,0,1,0,0,0,1,0,0,0,1],"EasingStyle":"Linear","EasingDirection":"In"},"Left Arm":{"Weight":1,"CFrame":[0.3395122289657593,-0.13462954759597779,0.3314671516418457,0.6899598836898804,0.5877007246017456,-0.42256760597229006,-0.3763221800327301,0.7899200320243836,0.48415759205818179,0.6183344721794128,-0.1750277280807495,0.7661780714988709],"EasingStyle":"Linear","EasingDirection":"In"}}},{"Time":0.4333333373069763,"poses":{"Left Leg":{"Weight":1,"CFrame":[-1.1172237396240235,0.17710697650909425,0.1544051170349121,0.946195125579834,-0.2788085639476776,0.16425830125808717,0.3057840168476105,0.9364480972290039,-0.17193390429019929,-0.10588279366493225,0.21291059255599976,0.9713175892829895],"EasingStyle":"Linear","EasingDirection":"In"},"Right Arm":{"Weight":1,"CFrame":[0.17150074243545533,-0.5672895908355713,0.20563173294067384,-0.49269747734069826,-0.7984215021133423,-0.34608137607574465,0.7909113764762878,-0.5767290592193604,0.2045556604862213,-0.3629167973995209,-0.1729356348514557,0.9156335592269898],"EasingStyle":"Linear","EasingDirection":"In"},"Head":{"Weight":1,"CFrame":[0.000007465481758117676,9.164214134216309e-7,0,0.9524310827255249,0.0853043720126152,-0.29257169365882876,-0.014765944331884385,0.9718150496482849,0.2352810651063919,0.3043961226940155,-0.2197689265012741,0.9268468618392944],"EasingStyle":"Linear","EasingDirection":"In"},"Right Leg":{"Weight":1,"CFrame":[0.9499540328979492,0.5441639423370361,-0.1366802453994751,0.9631996154785156,0.26100122928619387,-0.06422419846057892,-0.20118188858032227,0.8585096001625061,0.47168540954589846,0.17824748158454896,-0.4414065182209015,0.8794248700141907],"EasingStyle":"Linear","EasingDirection":"In"},"Torso":{"Weight":1,"CFrame":[0.6513595581054688,-0.30515575408935549,-0.279022216796875,0.9851259589195252,-0.12001362442970276,-0.12297803163528443,0.06610214710235596,0.9252861142158508,-0.373464971780777,0.1586107313632965,0.3597809076309204,0.9194566011428833],"EasingStyle":"Linear","EasingDirection":"In"},"HumanoidRootPart":{"Weight":0,"CFrame":[0,0,0,1,0,0,0,1,0,0,0,1],"EasingStyle":"Linear","EasingDirection":"In"},"Left Arm":{"Weight":1,"CFrame":[0.3010835349559784,-0.10738527774810791,0.4176909923553467,0.5546746253967285,0.5655379295349121,-0.61033034324646,-0.34667688608169558,0.8238875269889832,0.44835808873176577,0.7564069032669067,-0.03710538148880005,0.6530482769012451],"EasingStyle":"Linear","EasingDirection":"In"}}},{"Time":0.46666666865348818,"poses":{"Left Leg":{"Weight":1,"CFrame":[-1.0143954753875733,0.11821252107620239,0.11527824401855469,0.9768721461296082,-0.17945978045463563,0.11625421047210694,0.20083141326904298,0.9566897749900818,-0.21074031293392182,-0.07339992374181748,0.2292138636112213,0.9706047773361206],"EasingStyle":"Linear","EasingDirection":"In"},"Right Arm":{"Weight":1,"CFrame":[0.22120261192321778,-0.5323596000671387,0.1274501085281372,-0.5247856378555298,-0.7772231698036194,-0.34716588258743288,0.811466634273529,-0.5799728631973267,0.07178857177495957,-0.2571425437927246,-0.24403992295265199,0.935052216053009],"EasingStyle":"Linear","EasingDirection":"In"},"Head":{"Weight":1,"CFrame":[2.5331974029541018e-7,1.6391277313232423e-7,0,0.938676118850708,0.10263491421937943,-0.32917073369026186,0.012710865586996079,0.943721354007721,0.3304974138736725,0.34456589818000796,-0.3144140839576721,0.8845440745353699],"EasingStyle":"Linear","EasingDirection":"In"},"Right Leg":{"Weight":1,"CFrame":[0.8020480871200562,0.4735370874404907,-0.10863995552062988,0.9774209260940552,0.18427255749702454,-0.10340295732021332,-0.11290356516838074,0.8691000938415527,0.48157843947410586,0.17860890924930573,-0.4590303301811218,0.8702817559242249],"EasingStyle":"Linear","EasingDirection":"In"},"Torso":{"Weight":1,"CFrame":[0.7128105163574219,-0.30237293243408205,-0.17763805389404298,0.9827066659927368,-0.14813947677612306,-0.11109621077775955,0.09581062197685242,0.9202035069465637,-0.37953370809555056,0.158455029129982,0.36232608556747439,0.9184834361076355],"EasingStyle":"Linear","EasingDirection":"In"},"HumanoidRootPart":{"Weight":0,"CFrame":[0,0,0,1,0,0,0,1,0,0,0,1],"EasingStyle":"Linear","EasingDirection":"In"},"Left Arm":{"Weight":1,"CFrame":[0.29916197061538699,-0.1079217791557312,0.49527204036712649,0.4368545413017273,0.5513070821762085,-0.710787296295166,-0.40845632553100588,0.8255905508995056,0.38931187987327578,0.801449716091156,0.12025289982557297,0.5858478546142578],"EasingStyle":"Linear","EasingDirection":"In"}}},{"Time":0.5,"poses":{"Left Leg":{"Weight":1,"CFrame":[-0.749625563621521,0.00032258033752441406,0.053852081298828128,0.9976261258125305,-0.011428773403167725,0.06791122257709503,0.025095045566558839,0.9786596298217773,-0.20394876599311829,-0.06413102149963379,0.20516884326934815,0.9766232967376709],"EasingStyle":"Linear","EasingDirection":"In"},"Right Arm":{"Weight":1,"CFrame":[0.25015294551849368,-0.4715684950351715,0.11406373977661133,-0.531575083732605,-0.7848851084709168,-0.3184078335762024,0.8163707256317139,-0.5749618411064148,0.05438476800918579,-0.22575823962688447,-0.23102939128875733,0.9463925957679749],"EasingStyle":"Linear","EasingDirection":"In"},"Head":{"Weight":1,"CFrame":[0.0000014156103134155274,-4.470348358154297e-8,0,0.9374904036521912,0.14796365797519685,-0.31499001383781435,-0.019842997193336488,0.9263685941696167,0.37609490752220156,0.3474452495574951,-0.34633496403694155,0.8713976740837097],"EasingStyle":"Linear","EasingDirection":"In"},"Right Leg":{"Weight":1,"CFrame":[0.46156564354896548,0.2740950584411621,-0.07354795932769776,0.9906942248344421,0.025205612182617189,-0.1337522715330124,0.038281023502349856,0.8914323449134827,0.4515340328216553,0.13061223924160005,-0.45245251059532168,0.8821721076965332],"EasingStyle":"Linear","EasingDirection":"In"},"Torso":{"Weight":1,"CFrame":[0.7977638244628906,-0.26660633087158205,0.007738590240478516,0.9807291030883789,-0.1825595647096634,-0.06958834081888199,0.14745476841926576,0.9253125190734863,-0.34936198592185976,0.12817038595676423,0.33236831426620486,0.9344001412391663],"EasingStyle":"Linear","EasingDirection":"In"},"HumanoidRootPart":{"Weight":0,"CFrame":[0,0,0,1,0,0,0,1,0,0,0,1],"EasingStyle":"Linear","EasingDirection":"In"},"Left Arm":{"Weight":1,"CFrame":[0.3567727208137512,-0.1433897614479065,0.5559293031692505,0.38016951084136965,0.5726953744888306,-0.7262858152389526,-0.5464478135108948,0.7726187109947205,0.3231954574584961,0.7462345957756043,0.2740083336830139,0.6066741943359375],"EasingStyle":"Linear","EasingDirection":"In"}}},{"Time":0.5333333611488342,"poses":{"Left Leg":{"Weight":1,"CFrame":[-0.8242814540863037,0.08298403024673462,0.04283928871154785,0.9972237348556519,-0.07327829301357269,0.013257592916488648,0.07438567280769348,0.9885772466659546,-0.13107936084270478,-0.0035007447004318239,0.13170155882835389,0.9912832975387573],"EasingStyle":"Linear","EasingDirection":"In"},"Right Arm":{"Weight":1,"CFrame":[0.26677390933036806,-0.40107768774032595,0.14409804344177247,-0.5268493890762329,-0.8044812679290772,-0.2742987275123596,0.8057131171226502,-0.5754678845405579,0.1402263343334198,-0.27065950632095339,-0.1471279114484787,0.9513660073280335],"EasingStyle":"Linear","EasingDirection":"In"},"Head":{"Weight":1,"CFrame":[6.556510925292969e-7,0.000001087784767150879,0,0.945952832698822,0.19356831908226014,-0.2602018117904663,-0.08392380177974701,0.9211169481277466,0.38013240694999697,0.3132578134536743,-0.337750107049942,0.887578010559082],"EasingStyle":"Linear","EasingDirection":"In"},"Right Leg":{"Weight":1,"CFrame":[0.5558990240097046,0.22613310813903809,-0.05558598041534424,0.9722903370857239,0.14564362168312074,-0.18286485970020295,-0.0627104640007019,0.9160404801368713,0.3961532413959503,0.22520875930786134,-0.37370842695236208,0.8997906446456909],"EasingStyle":"Linear","EasingDirection":"In"},"Torso":{"Weight":1,"CFrame":[0.9030303955078125,-0.21215438842773438,0.14236211776733399,0.9780043959617615,-0.2083999514579773,-0.00877524446696043,0.1962544322013855,0.9336264729499817,-0.299709677696228,0.07065228372812271,0.2913951873779297,0.9539901614189148],"EasingStyle":"Linear","EasingDirection":"In"},"HumanoidRootPart":{"Weight":0,"CFrame":[0,0,0,1,0,0,0,1,0,0,0,1],"EasingStyle":"Linear","EasingDirection":"In"},"Left Arm":{"Weight":1,"CFrame":[0.4692551791667938,-0.2151421308517456,0.5765169858932495,0.3518342673778534,0.6559931039810181,-0.6677469611167908,-0.711773157119751,0.6507874727249146,0.26430070400238039,0.607940673828125,0.38229429721832278,0.6958876252174377],"EasingStyle":"Linear","EasingDirection":"In"}}},{"Time":0.5666666626930237,"poses":{"Left Leg":{"Weight":1,"CFrame":[-1.1443487405776978,0.35509777069091799,-0.02820497751235962,0.9589941501617432,-0.27972328662872317,-0.04565930366516113,0.2809984087944031,0.9594012498855591,0.024287257343530656,0.03701184689998627,-0.0361214280128479,0.9986618757247925],"EasingStyle":"Linear","EasingDirection":"In"},"Right Arm":{"Weight":1,"CFrame":[0.2809082567691803,-0.32686305046081545,0.1998673677444458,-0.5316450595855713,-0.8174415230751038,-0.22168196737766267,0.7536211013793945,-0.5760104060173035,0.31665077805519106,-0.38653457164764407,0.0012816041707992554,0.9222739934921265],"EasingStyle":"Linear","EasingDirection":"In"},"Head":{"Weight":1,"CFrame":[0.0000013783574104309083,-1.4901161193847657e-7,0,0.9596928954124451,0.21470411121845246,-0.1813610941171646,-0.14037327468395234,0.9252175688743591,0.3525164723396301,0.24348537623882295,-0.31284934282302859,0.9180637001991272],"EasingStyle":"Linear","EasingDirection":"In"},"Right Leg":{"Weight":1,"CFrame":[0.8477301001548767,0.303989052772522,0.03363919258117676,0.8914942145347595,0.37036463618278506,-0.260898619890213,-0.29355376958847048,0.9108929634094238,0.29000160098075869,0.34505701065063479,-0.18194696307182313,0.9207773804664612],"EasingStyle":"Linear","EasingDirection":"In"},"Torso":{"Weight":1,"CFrame":[1.0219841003417969,-0.15721416473388673,0.20446538925170899,0.9757769703865051,-0.2093053162097931,0.06364418566226959,0.21864226460456849,0.9428858757019043,-0.25132012367248537,-0.007406528107821941,0.25914767384529116,0.9658094644546509],"EasingStyle":"Linear","EasingDirection":"In"},"HumanoidRootPart":{"Weight":0,"CFrame":[0,0,0,1,0,0,0,1,0,0,0,1],"EasingStyle":"Linear","EasingDirection":"In"},"Left Arm":{"Weight":1,"CFrame":[0.6043716669082642,-0.31606847047805788,0.530795693397522,0.2934138774871826,0.7886521816253662,-0.540311336517334,-0.853357195854187,0.47083306312561037,0.22382742166519166,0.4309181571006775,0.3954043686389923,0.8111505508422852],"EasingStyle":"Linear","EasingDirection":"In"}}},{"Time":0.6000000238418579,"poses":{"Left Leg":{"Weight":1,"CFrame":[-1.2262970209121705,0.5791667699813843,-0.15796971321105958,0.9370460510253906,-0.3445287048816681,-0.05696415901184082,0.3479245901107788,0.9071385860443115,0.2367459237575531,-0.029891401529312135,-0.24166102707386018,0.969900369644165],"EasingStyle":"Linear","EasingDirection":"In"},"Right Arm":{"Weight":1,"CFrame":[0.29908788204193118,-0.24962639808654786,0.26825976371765139,-0.5611348748207092,-0.8116246461868286,-0.16246071457862855,0.6307640671730042,-0.5463849306106567,0.5509994029998779,-0.5359706282615662,0.20671048760414124,0.8185392618179321],"EasingStyle":"Linear","EasingDirection":"In"},"Head":{"Weight":1,"CFrame":[-0.0000032633543014526369,1.7881393432617188e-7,0,0.9762424230575562,0.19700974225997926,-0.09021106362342835,-0.1598423272371292,0.9358612298965454,0.314029335975647,0.14629192650318147,-0.29214921593666079,0.9451177716255188],"EasingStyle":"Linear","EasingDirection":"In"},"Right Leg":{"Weight":1,"CFrame":[0.9219304323196411,0.31273573637008669,0.1489553451538086,0.8653391599655151,0.40800899267196658,-0.2910615801811218,-0.40077710151672366,0.9120391011238098,0.08696482330560684,0.3009420335292816,0.04139667749404907,0.952743649482727],"EasingStyle":"Linear","EasingDirection":"In"},"Torso":{"Weight":1,"CFrame":[1.1465034484863282,-0.11883068084716797,0.20495271682739259,0.9750372171401978,-0.17247892916202546,0.13983386754989625,0.20073570311069489,0.9539042711257935,-0.22309623658657075,-0.0949086919426918,0.2455967217683792,0.964714765548706],"EasingStyle":"Linear","EasingDirection":"In"},"HumanoidRootPart":{"Weight":0,"CFrame":[0,0,0,1,0,0,0,1,0,0,0,1],"EasingStyle":"Linear","EasingDirection":"In"},"Left Arm":{"Weight":1,"CFrame":[0.7101280093193054,-0.4334804117679596,0.42213010787963869,0.17524121701717378,0.9169195890426636,-0.3585376739501953,-0.9418215155601502,0.26222047209739687,0.21026907861232758,0.2868157923221588,0.3008306324481964,0.9095262289047241],"EasingStyle":"Linear","EasingDirection":"In"}}},{"Time":0.6333333253860474,"poses":{"Left Leg":{"Weight":1,"CFrame":[-1.0709247589111329,0.5731796026229858,-0.2218378782272339,0.9632238149642944,-0.26271170377731326,-0.05641654133796692,0.26235783100128176,0.8741685152053833,0.40865424275398257,-0.058040693402290347,-0.40842682123184206,0.9109441637992859],"EasingStyle":"Linear","EasingDirection":"In"},"Right Arm":{"Weight":1,"CFrame":[0.3236183524131775,-0.1686718463897705,0.33835840225219729,-0.614740788936615,-0.7832615971565247,-0.09271350502967835,0.4450376033782959,-0.4415086507797241,0.7791096568107605,-0.6511803865432739,0.4376893639564514,0.6199941039085388],"EasingStyle":"Linear","EasingDirection":"In"},"Head":{"Weight":1,"CFrame":[0.0000011757947504520417,8.642673492431641e-7,0,0.9885028600692749,0.15080684423446656,0.010961088351905346,-0.14804856479167939,0.9505900740623474,0.27287501096725466,0.03073202818632126,-0.2713603377342224,0.9619871377944946],"EasingStyle":"Linear","EasingDirection":"In"},"Right Leg":{"Weight":1,"CFrame":[0.8713021874427795,0.081778883934021,0.19425249099731446,0.9187463521957398,0.3169069290161133,-0.23553262650966645,-0.3599284291267395,0.9174405336380005,-0.1