{"Sequence":[{"Time":0,"poses":{"Left Leg":{"Weight":1,"CFrame":[-0.5033794045448303,-0.6146905422210693,-0.2304437756538391,0.9292464256286621,-0.2272079437971115,-0.29133763909339907,-0.07462247461080551,0.6568751335144043,-0.7502977252006531,0.361845999956131,0.7189518213272095,0.5934440493583679],"EasingStyle":"Constant","EasingDirection":"In"},"Right Arm":{"Weight":1,"CFrame":[-0.04603961110115051,-0.43520587682724,0.45651721954345705,0.9865997433662415,0.11857224255800247,-0.11207851767539978,0.11782476305961609,-0.04259391874074936,0.9921205639839172,0.11286409199237824,-0.992031455039978,-0.05599387362599373],"EasingStyle":"Constant","EasingDirection":"In"},"Head":{"Weight":1,"CFrame":[2.0442530512809754e-7,1.1548399925231934e-7,0.0166628360748291,0.9457142353057861,-0.2774992287158966,0.1691708266735077,0.25779297947883608,0.9574859142303467,0.12947377562522889,-0.19790756702423097,-0.07883421331644058,0.977045476436615],"EasingStyle":"Constant","EasingDirection":"In"},"Right Leg":{"Weight":1,"CFrame":[0.5180743336677551,0.5706777572631836,0.09959816932678223,0.9720983505249023,-0.2334846407175064,-0.02257915958762169,0.2276802957057953,0.9623135924339294,-0.14870841801166535,0.05644942447543144,0.1394183486700058,0.9886233806610107],"EasingStyle":"Constant","EasingDirection":"In"},"Torso":{"Weight":1,"CFrame":[-0.1352616846561432,-0.4080088138580322,-0.5177950859069824,0.984499454498291,-0.06099412962794304,-0.16444000601768495,-0.0064770919270813469,0.9242970943450928,-0.38161879777908327,0.17526791989803315,0.3767685890197754,0.9095749855041504],"EasingStyle":"Constant","EasingDirection":"In"},"HumanoidRootPart":{"Weight":0,"CFrame":[0,0,0,1,0,0,0,1,0,0,0,1],"EasingStyle":"Linear","EasingDirection":"In"},"Left Arm":{"Weight":1,"CFrame":[0.04604044556617737,-0.43520599603652956,0.4565173387527466,0.9865997433662415,-0.11857280135154724,0.11207843571901322,-0.11782465875148773,-0.04259375110268593,0.9921205639839172,-0.11286468803882599,-0.9920313954353333,-0.05599353462457657],"EasingStyle":"Constant","EasingDirection":"In"}}},{"Time":0.03333333507180214,"poses":{"Left Leg":{"Weight":1,"CFrame":[-0.5033794045448303,-0.6146905422210693,-0.2304437756538391,0.9292464256286621,-0.2272079437971115,-0.29133763909339907,-0.07462247461080551,0.6568751335144043,-0.7502977252006531,0.361845999956131,0.7189518213272095,0.5934440493583679],"EasingStyle":"Constant","EasingDirection":"In"},"Right Arm":{"Weight":1,"CFrame":[-0.04603961110115051,-0.43520587682724,0.45651721954345705,0.9865997433662415,0.11857224255800247,-0.11207851767539978,0.11782476305961609,-0.04259391874074936,0.9921205639839172,0.11286409199237824,-0.992031455039978,-0.05599387362599373],"EasingStyle":"Constant","EasingDirection":"In"},"Head":{"Weight":1,"CFrame":[2.0442530512809754e-7,1.1548399925231934e-7,0.0166628360748291,0.9457142353057861,-0.2774992287158966,0.1691708266735077,0.25779297947883608,0.9574859142303467,0.12947377562522889,-0.19790756702423097,-0.07883421331644058,0.977045476436615],"EasingStyle":"Constant","EasingDirection":"In"},"Right Leg":{"Weight":1,"CFrame":[0.5180743336677551,0.5706777572631836,0.09959816932678223,0.9720983505249023,-0.2334846407175064,-0.02257915958762169,0.2276802957057953,0.9623135924339294,-0.14870841801166535,0.05644942447543144,0.1394183486700058,0.9886233806610107],"EasingStyle":"Constant","EasingDirection":"In"},"Torso":{"Weight":1,"CFrame":[-0.1352616846561432,-0.4080088138580322,-0.5177950859069824,0.984499454498291,-0.06099412962794304,-0.16444000601768495,-0.0064770919270813469,0.9242970943450928,-0.38161879777908327,0.17526791989803315,0.3767685890197754,0.9095749855041504],"EasingStyle":"Constant","EasingDirection":"In"},"HumanoidRootPart":{"Weight":0,"CFrame":[0,0,0,1,0,0,0,1,0,0,0,1],"EasingStyle":"Linear","EasingDirection":"In"},"Left Arm":{"Weight":1,"CFrame":[0.04604044556617737,-0.43520599603652956,0.4565173387527466,0.9865997433662415,-0.11857280135154724,0.11207843571901322,-0.11782465875148773,-0.04259375110268593,0.9921205639839172,-0.11286468803882599,-0.9920313954353333,-0.05599353462457657],"EasingStyle":"Constant","EasingDirection":"In"}}},{"Time":0.06666667014360428,"poses":{"Left Leg":{"Weight":1,"CFrame":[-0.3609771430492401,-0.6312261819839478,-0.2029152512550354,0.945691704750061,-0.11473804712295532,-0.3041418492794037,-0.16258294880390168,0.6432469487190247,-0.7481980323791504,0.28148502111434939,0.7570129632949829,0.5896588563919067],"EasingStyle":"Constant","EasingDirection":"In"},"Right Arm":{"Weight":1,"CFrame":[-0.006910756230354309,-0.5312333106994629,0.4016900062561035,0.9938480257987976,0.03181562200188637,-0.10608471184968949,0.0998024120926857,0.15800908207893372,0.9823811054229736,0.048017438501119617,-0.986924946308136,0.15386180579662324],"EasingStyle":"Constant","EasingDirection":"In"},"Head":{"Weight":1,"CFrame":[1.3783574104309083e-7,-9.872019290924072e-8,0.016662120819091798,0.9415358901023865,-0.2759800851345062,0.19324901700019837,0.2500501573085785,0.9568280577659607,0.14817260205745698,-0.22579872608184815,-0.09118784219026566,0.9698967337608337],"EasingStyle":"Constant","EasingDirection":"In"},"Right Leg":{"Weight":1,"CFrame":[0.48077261447906496,0.5817722082138062,0.08277595043182373,0.9584264159202576,-0.2841637134552002,-0.02587948739528656,0.279228538274765,0.9527046084403992,-0.11993910372257233,0.05873792618513107,0.10772643238306046,0.9924439191818237],"EasingStyle":"Constant","EasingDirection":"In"},"Torso":{"Weight":1,"CFrame":[-0.15375828742980958,-0.395915150642395,-0.5001835823059082,0.9800064563751221,-0.06816133856773377,-0.18692664802074433,-0.01249236986041069,0.9165568351745606,-0.3997093141078949,0.19857363402843476,0.3940528333187103,0.897379994392395],"EasingStyle":"Constant","EasingDirection":"In"},"HumanoidRootPart":{"Weight":0,"CFrame":[0,0,0,1,0,0,0,1,0,0,0,1],"EasingStyle":"Linear","EasingDirection":"In"},"Left Arm":{"Weight":1,"CFrame":[0.006912127137184143,-0.5312325358390808,0.40169012546539309,0.9938488006591797,-0.03180044889450073,0.10608222335577011,-0.09980117529630661,0.15803320705890656,0.9823773503303528,-0.04800457879900932,-0.9869216084480286,0.1538878083229065],"EasingStyle":"Constant","EasingDirection":"In"}}},{"Time":0.10000000149011612,"poses":{"Left Leg":{"Weight":1,"CFrame":[-0.3609771430492401,-0.6312261819839478,-0.2029152512550354,0.945691704750061,-0.11473804712295532,-0.3041418492794037,-0.16258294880390168,0.6432469487190247,-0.7481980323791504,0.28148502111434939,0.7570129632949829,0.5896588563919067],"EasingStyle":"Constant","EasingDirection":"In"},"Right Arm":{"Weight":1,"CFrame":[-0.006910756230354309,-0.5312333106994629,0.4016900062561035,0.9938480257987976,0.03181562200188637,-0.10608471184968949,0.0998024120926857,0.15800908207893372,0.9823811054229736,0.048017438501119617,-0.986924946308136,0.15386180579662324],"EasingStyle":"Constant","EasingDirection":"In"},"Head":{"Weight":1,"CFrame":[1.3783574104309083e-7,-9.872019290924072e-8,0.016662120819091798,0.9415358901023865,-0.2759800851345062,0.19324901700019837,0.2500501573085785,0.9568280577659607,0.14817260205745698,-0.22579872608184815,-0.09118784219026566,0.9698967337608337],"EasingStyle":"Constant","EasingDirection":"In"},"Right Leg":{"Weight":1,"CFrame":[0.48077261447906496,0.5817722082138062,0.08277595043182373,0.9584264159202576,-0.2841637134552002,-0.02587948739528656,0.279228538274765,0.9527046084403992,-0.11993910372257233,0.05873792618513107,0.10772643238306046,0.9924439191818237],"EasingStyle":"Constant","EasingDirection":"In"},"Torso":{"Weight":1,"CFrame":[-0.15375828742980958,-0.395915150642395,-0.5001835823059082,0.9800064563751221,-0.06816133856773377,-0.18692664802074433,-0.01249236986041069,0.9165568351745606,-0.3997093141078949,0.19857363402843476,0.3940528333187103,0.897379994392395],"EasingStyle":"Constant","EasingDirection":"In"},"HumanoidRootPart":{"Weight":0,"CFrame":[0,0,0,1,0,0,0,1,0,0,0,1],"EasingStyle":"Linear","EasingDirection":"In"},"Left Arm":{"Weight":1,"CFrame":[0.006912127137184143,-0.5312325358390808,0.40169012546539309,0.9938488006591797,-0.03180044889450073,0.10608222335577011,-0.09980117529630661,0.15803320705890656,0.9823773503303528,-0.04800457879900932,-0.9869216084480286,0.1538878083229065],"EasingStyle":"Constant","EasingDirection":"In"}}},{"Time":0.13333334028720857,"poses":{"Left Leg":{"Weight":1,"CFrame":[-0.3609771430492401,-0.6312261819839478,-0.2029152512550354,0.945691704750061,-0.11473804712295532,-0.3041418492794037,-0.16258294880390168,0.6432469487190247,-0.7481980323791504,0.28148502111434939,0.7570129632949829,0.5896588563919067],"EasingStyle":"Constant","EasingDirection":"In"},"Right Arm":{"Weight":1,"CFrame":[-0.006910756230354309,-0.5312333106994629,0.4016900062561035,0.9938480257987976,0.03181562200188637,-0.10608471184968949,0.0998024120926857,0.15800908207893372,0.9823811054229736,0.048017438501119617,-0.986924946308136,0.15386180579662324],"EasingStyle":"Constant","EasingDirection":"In"},"Head":{"Weight":1,"CFrame":[1.3783574104309083e-7,-9.872019290924072e-8,0.016662120819091798,0.9415358901023865,-0.2759800851345062,0.19324901700019837,0.2500501573085785,0.9568280577659607,0.14817260205745698,-0.22579872608184815,-0.09118784219026566,0.9698967337608337],"EasingStyle":"Constant","EasingDirection":"In"},"Right Leg":{"Weight":1,"CFrame":[0.48077261447906496,0.5817722082138062,0.08277595043182373,0.9584264159202576,-0.2841637134552002,-0.02587948739528656,0.279228538274765,0.9527046084403992,-0.11993910372257233,0.05873792618513107,0.10772643238306046,0.9924439191818237],"EasingStyle":"Constant","EasingDirection":"In"},"Torso":{"Weight":1,"CFrame":[-0.15375828742980958,-0.395915150642395,-0.5001835823059082,0.9800064563751221,-0.06816133856773377,-0.18692664802074433,-0.01249236986041069,0.9165568351745606,-0.3997093141078949,0.19857363402843476,0.3940528333187103,0.897379994392395],"EasingStyle":"Constant","EasingDirection":"In"},"HumanoidRootPart":{"Weight":0,"CFrame":[0,0,0,1,0,0,0,1,0,0,0,1],"EasingStyle":"Linear","EasingDirection":"In"},"Left Arm":{"Weight":1,"CFrame":[0.006912127137184143,-0.5312325358390808,0.40169012546539309,0.9938488006591797,-0.03180044889450073,0.10608222335577011,-0.09980117529630661,0.15803320705890656,0.9823773503303528,-0.04800457879900932,-0.9869216084480286,0.1538878083229065],"EasingStyle":"Constant","EasingDirection":"In"}}},{"Time":0.1666666716337204,"poses":{"Left Leg":{"Weight":1,"CFrame":[-0.3248426914215088,-0.6243869066238403,-0.24913877248764039,0.943943440914154,-0.02040388621389866,-0.3294762670993805,-0.24332459270954133,0.6314770579338074,-0.7362268567085266,0.22307851910591126,0.7751261591911316,0.5911137461662293],"EasingStyle":"Constant","EasingDirection":"In"},"Right Arm":{"Weight":1,"CFrame":[-0.00803770124912262,-0.5294976830482483,0.40167784690856936,0.9949994087219238,-0.0011583343148231507,-0.09987399727106095,0.0979125127196312,0.2088419646024704,0.9730355739593506,0.019730787724256517,-0.977948784828186,0.20791110396385194],"EasingStyle":"Constant","EasingDirection":"In"},"Head":{"Weight":1,"CFrame":[5.587935447692871e-9,1.0058283805847168e-7,0.016661882400512697,0.943111777305603,-0.23998409509658814,0.23010414838790894,0.23074667155742646,0.9707276821136475,0.0666622743010521,-0.2393663227558136,-0.009774156846106053,0.9708802103996277],"EasingStyle":"Constant","EasingDirection":"In"},"Right Leg":{"Weight":1,"CFrame":[0.39786842465400698,0.5836365222930908,0.05473971366882324,0.919877290725708,-0.3899550437927246,-0.04196368530392647,0.38670775294303896,0.9196276664733887,-0.0688626691699028,0.06544437259435654,0.04711758717894554,0.9967432618141174],"EasingStyle":"Constant","EasingDirection":"In"},"Torso":{"Weight":1,"CFrame":[-0.18567654490470887,-0.35632437467575076,-0.46460962295532229,0.9699563384056091,-0.09072346985340119,-0.22573025524616242,-0.016524886712431909,0.9011513590812683,-0.4331895411014557,0.24271760880947114,0.42390507459640505,0.8725782036781311],"EasingStyle":"Constant","EasingDirection":"In"},"HumanoidRootPart":{"Weight":0,"CFrame":[0,0,0,1,0,0,0,1,0,0,0,1],"EasingStyle":"Linear","EasingDirection":"In"},"Left Arm":{"Weight":1,"CFrame":[0.008038833737373352,-0.5294973850250244,0.40167760848999026,0.9949997663497925,0.001173472497612238,0.09987077862024307,-0.09791193157434464,0.20886577665805818,0.9730304479598999,-0.01971786841750145,-0.9779436588287354,0.20793645083904267],"EasingStyle":"Constant","EasingDirection":"In"}}},{"Time":0.20000000298023225,"poses":{"Left Leg":{"Weight":1,"CFrame":[-0.2454831600189209,-0.6381094455718994,-0.23435717821121217,0.9442849159240723,0.020943351089954377,-0.32846227288246157,-0.26917901635169985,0.6234049201011658,-0.7341041564941406,0.1893904209136963,0.7816186547279358,0.5943093299865723],"EasingStyle":"Constant","EasingDirection":"In"},"Right Arm":{"Weight":1,"CFrame":[-0.00803770124912262,-0.5294976830482483,0.40167784690856936,0.9949994087219238,-0.0011583343148231507,-0.09987399727106095,0.0979125127196312,0.2088419646024704,0.9730355739593506,0.019730787724256517,-0.977948784828186,0.20791110396385194],"EasingStyle":"Constant","EasingDirection":"In"},"Head":{"Weight":1,"CFrame":[5.587935447692871e-9,1.0058283805847168e-7,0.016661882400512697,0.943111777305603,-0.23998409509658814,0.23010414838790894,0.23074667155742646,0.9707276821136475,0.0666622743010521,-0.2393663227558136,-0.009774156846106053,0.9708802103996277],"EasingStyle":"Constant","EasingDirection":"In"},"Right Leg":{"Weight":1,"CFrame":[0.39786842465400698,0.5836365222930908,0.05473971366882324,0.919877290725708,-0.3899550437927246,-0.04196368530392647,0.38670775294303896,0.9196276664733887,-0.0688626691699028,0.06544437259435654,0.04711758717894554,0.9967432618141174],"EasingStyle":"Constant","EasingDirection":"In"},"Torso":{"Weight":1,"CFrame":[-0.18567654490470887,-0.35632437467575076,-0.46460962295532229,0.9699563384056091,-0.09072346985340119,-0.22573025524616242,-0.016524886712431909,0.9011513590812683,-0.4331895411014557,0.24271760880947114,0.42390507459640505,0.8725782036781311],"EasingStyle":"Constant","EasingDirection":"In"},"HumanoidRootPart":{"Weight":0,"CFrame":[0,0,0,1,0,0,0,1,0,0,0,1],"EasingStyle":"Linear","EasingDirection":"In"},"Left Arm":{"Weight":1,"CFrame":[0.008038833737373352,-0.5294973850250244,0.40167760848999026,0.9949997663497925,0.001173472497612238,0.09987077862024307,-0.09791193157434464,0.20886577665805818,0.9730304479598999,-0.01971786841750145,-0.9779436588287354,0.20793645083904267],"EasingStyle":"Constant","EasingDirection":"In"}}},{"Time":0.23333333432674409,"poses":{"Left Leg":{"Weight":1,"CFrame":[-0.18595969676971436,-0.582992434501648,-0.20007258653640748,0.9552336931228638,-0.01616368442773819,-0.29541054368019106,-0.19971531629562379,0.7014397382736206,-0.6841756105422974,0.2182713896036148,0.7125455737113953,0.6668107509613037],"EasingStyle":"Constant","EasingDirection":"In"},"Right Arm":{"Weight":1,"CFrame":[-0.008407950401306153,-0.5289268493652344,0.4017016887664795,0.9951702952384949,-0.01192731224000454,-0.09743677824735642,0.09761101752519608,0.22544625401496888,0.9693533778190613,0.010404974222183228,-0.974182665348053,0.22552168369293214],"EasingStyle":"Constant","EasingDirection":"In"},"Head":{"Weight":1,"CFrame":[7.450580596923828e-8,6.51925802230835e-8,0.0166623592376709,0.9695988297462463,-0.20099930465221406,0.13956166803836823,0.21509340405464173,0.9720168113708496,-0.09443558007478714,-0.11667482554912567,0.12158342450857163,0.9856999516487122],"EasingStyle":"Constant","EasingDirection":"In"},"Right Leg":{"Weight":1,"CFrame":[0.40324467420578005,0.43508005142211916,0.09825754165649414,0.9387800097465515,-0.3360183537006378,-0.07605122774839401,0.32294830679893496,0.9351778030395508,-0.14541995525360108,0.11998522281646729,0.11195667833089829,0.9864427447319031],"EasingStyle":"Constant","EasingDirection":"In"},"Torso":{"Weight":1,"CFrame":[-0.12446892261505127,-0.3095451593399048,-0.3903534412384033,0.9828231930732727,-0.10564708709716797,-0.15131910145282746,0.041551925241947177,0.9255579113960266,-0.3763192296028137,0.17981159687042237,0.36356765031814577,0.9140494465827942],"EasingStyle":"Constant","EasingDirection":"In"},"HumanoidRootPart":{"Weight":0,"CFrame":[0,0,0,1,0,0,0,1,0,0,0,1],"EasingStyle":"Linear","EasingDirection":"In"},"Left Arm":{"Weight":1,"CFrame":[0.008408665657043457,-0.5289269685745239,0.4017016887664795,0.9951702952384949,0.011926813051104546,0.09743684530258179,-0.09761109948158264,0.22544628381729127,0.969353437423706,-0.010405533947050572,-0.974182665348053,0.22552183270454408],"EasingStyle":"Constant","EasingDirection":"In"}}},{"Time":0.2666666805744171,"poses":{"Left Leg":{"Weight":1,"CFrame":[-0.18595969676971436,-0.582992434501648,-0.20007258653640748,0.9552336931228638,-0.01616368442773819,-0.29541054368019106,-0.19971531629562379,0.7014397382736206,-0.6841756105422974,0.2182713896036148,0.7125455737113953,0.6668107509613037],"EasingStyle":"Constant","EasingDirection":"In"},"Right Arm":{"Weight":1,"CFrame":[-0.008407950401306153,-0.5289268493652344,0.4017016887664795,0.9951702952384949,-0.01192731224000454,-0.09743677824735642,0.09761101752519608,0.22544625401496888,0.9693533778190613,0.010404974222183228,-0.974182665348053,0.22552168369293214],"EasingStyle":"Constant","EasingDirection":"In"},"Head":{"Weight":1,"CFrame":[7.450580596923828e-8,6.51925802230835e-8,0.0166623592376709,0.9695988297462463,-0.20099930465221406,0.13956166803836823,0.21509340405464173,0.9720168113708496,-0.09443558007478714,-0.11667482554912567,0.12158342450857163,0.9856999516487122],"EasingStyle":"Constant","EasingDirection":"In"},"Right Leg":{"Weight":1,"CFrame":[0.40324467420578005,0.43508005142211916,0.09825754165649414,0.9387800097465515,-0.3360183537006378,-0.07605122774839401,0.32294830679893496,0.9351778030395508,-0.14541995525360108,0.11998522281646729,0.11195667833089829,0.9864427447319031],"EasingStyle":"Constant","EasingDirection":"In"},"Torso":{"Weight":1,"CFrame":[-0.12446892261505127,-0.3095451593399048,-0.3903534412384033,0.9828231930732727,-0.10564708709716797,-0.15131910145282746,0.041551925241947177,0.9255579113960266,-0.3763192296028137,0.17981159687042237,0.36356765031814577,0.9140494465827942],"EasingStyle":"Constant","EasingDirection":"In"},"HumanoidRootPart":{"Weight":0,"CFrame":[0,0,0,1,0,0,0,1,0,0,0,1],"EasingStyle":"Linear","EasingDirection":"In"},"Left Arm":{"Weight":1,"CFrame":[0.008408665657043457,-0.5289269685745239,0.4017016887664795,0.9951702952384949,0.011926813051104546,0.09743684530258179,-0.09761109948158264,0.22544628381729127,0.969353437423706,-0.010405533947050572,-0.974182665348053,0.22552183270454408],"EasingStyle":"Constant","EasingDirection":"In"}}},{"Time":0.30000001192092898,"poses":{"Left Leg":{"Weight":1,"CFrame":[-0.18595969676971436,-0.582992434501648,-0.20007258653640748,0.9552336931228638,-0.01616368442773819,-0.29541054368019106,-0.19971531629562379,0.7014397382736206,-0.6841756105422974,0.2182713896036148,0.7125455737113953,0.6668107509613037],"EasingStyle":"Constant","EasingDirection":"In"},"Right Arm":{"Weight":1,"CFrame":[-0.008407950401306153,-0.5289268493652344,0.4017016887664795,0.9951702952384949,-0.01192731224000454,-0.09743677824735642,0.09761101752519608,0.22544625401496888,0.9693533778190613,0.010404974222183228,-0.974182665348053,0.22552168369293214],"EasingStyle":"Constant","EasingDirection":"In"},"Head":{"Weight":1,"CFrame":[7.450580596923828e-8,6.51925802230835e-8,0.0166623592376709,0.9695988297462463,-0.20099930465221406,0.13956166803836823,0.21509340405464173,0.9720168113708496,-0.09443558007478714,-0.11667482554912567,0.12158342450857163,0.9856999516487122],"EasingStyle":"Constant","EasingDirection":"In"},"Right Leg":{"Weight":1,"CFrame":[0.40324467420578005,0.43508005142211916,0.09825754165649414,0.9387800097465515,-0.3360183537006378,-0.07605122774839401,0.32294830679893496,0.9351778030395508,-0.14541995525360108,0.11998522281646729,0.11195667833089829,0.9864427447319031],"EasingStyle":"Constant","EasingDirection":"In"},"Torso":{"Weight":1,"CFrame":[-0.12446892261505127,-0.3095451593399048,-0.3903534412384033,0.9828231930732727,-0.10564708709716797,-0.15131910145282746,0.041551925241947177,0.9255579113960266,-0.3763192296028137,0.17981159687042237,0.36356765031814577,0.9140494465827942],"EasingStyle":"Constant","EasingDirection":"In"},"HumanoidRootPart":{"Weight":0,"CFrame":[0,0,0,1,0,0,0,1,0,0,0,1],"EasingStyle":"Linear","EasingDirection":"In"},"Left Arm":{"Weight":1,"CFrame":[0.008408665657043457,-0.5289269685745239,0.4017016887664795,0.9951702952384949,0.011926813051104546,0.09743684530258179,-0.09761109948158264,0.22544628381729127,0.969353437423706,-0.010405533947050572,-0.974182665348053,0.22552183270454408],"EasingStyle":"Constant","EasingDirection":"In"}}},{"Time":0.3333333432674408,"poses":{"Left Leg":{"Weight":1,"CFrame":[-0.25810864567756655,-0.5238467454910278,-0.0998070240020752,0.9553231596946716,-0.1633322685956955,-0.2463337481021881,-0.02890642359852791,0.77781081199646,-0.6278334856033325,0.29414641857147219,0.6069044470787048,0.7383392453193665],"EasingStyle":"Constant","EasingDirection":"In"},"Right Arm":{"Weight":1,"CFrame":[-0.007391184568405151,-0.5320795774459839,0.4016902446746826,0.9947876334190369,0.01829848811030388,-0.10031406581401825,0.09701340645551682,0.1331266164779663,0.9863396286964417,0.03140299767255783,-0.9909301400184631,0.13065756857395173],"EasingStyle":"Constant","EasingDirection":"In"},"Head":{"Weight":1,"CFrame":[8.568167686462403e-8,-3.166496753692627e-8,0.016662120819091798,0.9820321202278137,-0.1886831670999527,-0.00341598829254508,0.18628530204296113,0.9721284508705139,-0.14235253632068635,0.030180277302861215,0.13915838301181794,0.9898101687431336],"EasingStyle":"Constant","EasingDirection":"In"},"Right Leg":{"Weight":1,"CFrame":[0.3458596169948578,0.1841941475868225,0.12674665451049806,0.9501957297325134,-0.27940717339515688,-0.1380571871995926,0.2334001064300537,0.9315321445465088,-0.278876930475235,0.20652492344379426,0.23276497423648835,0.9503514766693115],"EasingStyle":"Constant","EasingDirection":"In"},"Torso":{"Weight":1,"CFrame":[-0.014581479132175446,-0.14785248041152955,-0.31534719467163088,0.9909719228744507,-0.13289274275302888,-0.017727043479681016,0.12430553138256073,0.9602683186531067,-0.24986600875854493,0.05022808909416199,0.2454066276550293,0.9681182503700256],"EasingStyle":"Constant","EasingDirection":"In"},"HumanoidRootPart":{"Weight":0,"CFrame":[0,0,0,1,0,0,0,1,0,0,0,1],"EasingStyle":"Linear","EasingDirection":"In"},"Left Arm":{"Weight":1,"CFrame":[0.007392760366201401,-0.532076895236969,0.4016900062561035,0.9947881698608398,-0.018271636217832567,0.10031285881996155,-0.09701307117938996,0.13321015238761903,0.9863283038139343,-0.03138457238674164,-0.9909194111824036,0.13074350357055665],"EasingStyle":"Constant","EasingDirection":"In"}}},{"Time":0.36666667461395266,"poses":{"Left Leg":{"Weight":1,"CFrame":[-0.25810864567756655,-0.5238467454910278,-0.0998070240020752,0.9553231596946716,-0.1633322685956955,-0.2463337481021881,-0.02890642359852791,0.77781081199646,-0.6278334856033325,0.29414641857147219,0.6069044470787048,0.7383392453193665],"EasingStyle":"Constant","EasingDirection":"In"},"Right Arm":{"Weight":1,"CFrame":[-0.007391184568405151,-0.5320795774459839,0.4016902446746826,0.9947876334190369,0.01829848811030388,-0.10031406581401825,0.09701340645551682,0.1331266164779663,0.9863396286964417,0.03140299767255783,-0.9909301400184631,0.13065756857395173],"EasingStyle":"Constant","EasingDirection":"In"},"Head":{"Weight":1,"CFrame":[8.568167686462403e-8,-3.166496753692627e-8,0.016662120819091798,0.9820321202278137,-0.1886831670999527,-0.00341598829254508,0.18628530204296113,0.9721284508705139,-0.14235253632068635,0.030180277302861215,0.13915838301181794,0.9898101687431336],"EasingStyle":"Constant","EasingDirection":"In"},"Right Leg":{"Weight":1,"CFrame":[0.3458596169948578,0.1841941475868225,0.12674665451049806,0.9501957297325134,-0.27940717339515688,-0.1380571871995926,0.2334001064300537,0.9315321445465088,-0.278876930475235,0.20652492344379426,0.23276497423648835,0.9503514766693115],"EasingStyle":"Constant","EasingDirection":"In"},"Torso":{"Weight":1,"CFrame":[-0.014581479132175446,-0.14785248041152955,-0.31534719467163088,0.9909719228744507,-0.13289274275302888,-0.017727043479681016,0.12430553138256073,0.9602683186531067,-0.24986600875854493,0.05022808909416199,0.2454066276550293,0.9681182503700256],"EasingStyle":"Constant","EasingDirection":"In"},"HumanoidRootPart":{"Weight":0,"CFrame":[0,0,0,1,0,0,0,1,0,0,0,1],"EasingStyle":"Linear","EasingDirection":"In"},"Left Arm":{"Weight":1,"CFrame":[0.007392760366201401,-0.532076895236969,0.4016900062561035,0.9947881698608398,-0.018271636217832567,0.10031285881996155,-0.09701307117938996,0.13321015238761903,0.9863283038139343,-0.03138457238674164,-0.9909194111824036,0.13074350357055665],"EasingStyle":"Constant","EasingDirection":"In"}}},{"Time":0.4000000059604645,"poses":{"Left Leg":{"Weight":1,"CFrame":[-0.25810864567756655,-0.5238467454910278,-0.0998070240020752,0.9553231596946716,-0.1633322685956955,-0.2463337481021881,-0.02890642359852791,0.77781081199646,-0.6278334856033325,0.29414641857147219,0.6069044470787048,0.7383392453193665],"EasingStyle":"Constant","EasingDirection":"In"},"Right Arm":{"Weight":1,"CFrame":[-0.007391184568405151,-0.5320795774459839,0.4016902446746826,0.9947876334190369,0.01829848811030388,-0.10031406581401825,0.09701340645551682,0.1331266164779663,0.9863396286964417,0.03140299767255783,-0.9909301400184631,0.13065756857395173],"EasingStyle":"Constant","EasingDirection":"In"},"Head":{"Weight":1,"CFrame":[8.568167686462403e-8,-3.166496753692627e-8,0.016662120819091798,0.9820321202278137,-0.1886831670999527,-0.00341598829254508,0.18628530204296113,0.9721284508705139,-0.14235253632068635,0.030180277302861215,0.13915838301181794,0.9898101687431336],"EasingStyle":"Constant","EasingDirection":"In"},"Right Leg":{"Weight":1,"CFrame":[0.3458596169948578,0.1841941475868225,0.12674665451049806,0.9501957297325134,-0.27940717339515688,-0.1380571871995926,0.2334001064300537,0.9315321445465088,-0.278876930475235,0.20652492344379426,0.23276497423648835,0.9503514766693115],"EasingStyle":"Constant","EasingDirection":"In"},"Torso":{"Weight":1,"CFrame":[-0.014581479132175446,-0.14785248041152955,-0.31534719467163088,0.9909719228744507,-0.13289274275302888,-0.017727043479681016,0.12430553138256073,0.9602683186531067,-0.24986600875854493,0.05022808909416199,0.2454066276550293,0.9681182503700256],"EasingStyle":"Constant","EasingDirection":"In"},"HumanoidRootPart":{"Weight":0,"CFrame":[0,0,0,1,0,0,0,1,0,0,0,1],"EasingStyle":"Linear","EasingDirection":"In"},"Left Arm":{"Weight":1,"CFrame":[0.007392760366201401,-0.532076895236969,0.4016900062561035,0.9947881698608398,-0.018271636217832567,0.10031285881996155,-0.09701307117938996,0.13321015238761903,0.9863283038139343,-0.03138457238674164,-0.9909194111824036,0.13074350357055665],"EasingStyle":"Constant","EasingDirection":"In"}}},{"Time":0.4333333373069763,"poses":{"Left Leg":{"Weight":1,"CFrame":[-0.3398510813713074,-0.6109668016433716,-0.12611794471740724,0.9189767837524414,-0.3474423289299011,-0.1864548921585083,0.14456705749034882,0.7368124127388,-0.660460352897644,0.36685407161712649,0.5799924731254578,0.7273421883583069],"EasingStyle":"Constant","EasingDirection":"In"},"Right Arm":{"Weight":1,"CFrame":[-0.006389036774635315,-0.5352144241333008,0.4020043611526489,0.9937729835510254,0.04859163984656334,-0.10026980191469193,0.09838339686393738,0.03977697715163231,0.9943532943725586,0.0523056797683239,-0.998026430606842,0.03474883362650871],"EasingStyle":"Constant","EasingDirection":"In"},"Head":{"Weight":1,"CFrame":[8.195638656616211e-8,5.634501576423645e-8,0.016662240028381349,0.9817575216293335,-0.1894170343875885,-0.01653362810611725,0.18015311658382417,0.9544891715049744,-0.23768778145313264,0.06080327183008194,0.23037318885326386,0.9712008833885193],"EasingStyle":"Constant","EasingDirection":"In"},"Right Leg":{"Weight":1,"CFrame":[0.39665132761001589,0.14241814613342286,0.13506793975830079,0.9772597551345825,-0.130017951130867,-0.16750764846801759,0.08088039606809616,0.9587952494621277,-0.2723420560359955,0.19601494073867799,0.252600759267807,0.9475078582763672],"EasingStyle":"Constant","EasingDirection":"In"},"Torso":{"Weight":1,"CFrame":[-0.014581479132175446,-0.12658238410949708,-0.29905128479003909,0.9909719228744507,-0.13289274275302888,-0.017727037891745569,0.12862567603588105,0.9796804785728455,-0.15388837456703187,0.03781747817993164,0.1502189040184021,0.9879292249679565],"EasingStyle":"Constant","EasingDirection":"In"},"HumanoidRootPart":{"Weight":0,"CFrame":[0,0,0,1,0,0,0,1,0,0,0,1],"EasingStyle":"Linear","EasingDirection":"In"},"Left Arm":{"Weight":1,"CFrame":[0.00638975203037262,-0.5352144241333008,0.4020043611526489,0.9937730431556702,-0.048592232167720798,0.1002698466181755,-0.09838340431451798,0.03977709636092186,0.9943533539772034,-0.05230635404586792,-0.9980263710021973,0.03474893420934677],"EasingStyle":"Constant","EasingDirection":"In"}}},{"Time":0.46666666865348818,"poses":{"Left Leg":{"Weight":1,"CFrame":[-0.24804174900054933,-0.6716737747192383,-0.1210218071937561,0.9507102966308594,-0.2552748918533325,-0.1760246455669403,0.04979585111141205,0.6859961152076721,-0.7258992195129395,0.30605602264404299,0.6813546419143677,0.6648951768875122],"EasingStyle":"Constant","EasingDirection":"In"},"Right Arm":{"Weight":1,"CFrame":[-0.0063890814781188969,-0.5352143049240112,0.4020041227340698,0.9937729835510254,0.04859165847301483,-0.10026977956295014,0.09838337451219559,0.0397769920527935,0.9943532943725586,0.0523056760430336,-0.9980263710021973,0.03474880009889603],"EasingStyle":"Constant","EasingDirection":"In"},"Head":{"Weight":1,"CFrame":[8.009374141693115e-8,-1.3969838619232178e-8,0.016662001609802247,0.9716249704360962,-0.22391760349273683,0.07619670778512955,0.23275084793567658,0.9624767899513245,-0.1395193189382553,-0.042096808552742007,0.1532953679561615,0.9872833490371704],"EasingStyle":"Constant","EasingDirection":"In"},"Right Leg":{"Weight":1,"CFrame":[0.4677945077419281,0.2693120241165161,0.12178945541381836,0.9838559627532959,-0.1401735246181488,-0.111259825527668,0.11493094265460968,0.9714433550834656,-0.20757798850536347,0.13717959821224214,0.19143962860107423,0.9718707203865051],"EasingStyle":"Constant","EasingDirection":"In"},"Torso":{"Weight":1,"CFrame":[-0.07463578879833222,-0.15942785143852235,-0.3367605209350586,0.9921737909317017,-0.08577954024076462,-0.09073609113693237,0.06689420342445374,0.9787540435791016,-0.19381916522979737,0.10543402284383774,0.18623259663581849,0.9768322110176086],"EasingStyle":"Constant","EasingDirection":"In"},"HumanoidRootPart":{"Weight":0,"CFrame":[0,0,0,1,0,0,0,1,0,0,0,1],"EasingStyle":"Linear","EasingDirection":"In"},"Left Arm":{"Weight":1,"CFrame":[0.00638960674405098,-0.5352149605751038,0.4020041227340698,0.9937730431556702,-0.04859215393662453,0.10026978701353073,-0.09838338941335678,0.039777159690856937,0.9943532943725586,-0.052306272089481357,-0.9980263710021973,0.03474894165992737],"EasingStyle":"Constant","EasingDirection":"In"}}},{"Time":0.5,"poses":{"Left Leg":{"Weight":1,"CFrame":[-0.507256269454956,-0.3508434295654297,0.08902359008789063,0.6740748286247253,-0.6841859817504883,0.2784110903739929,0.7044654488563538,0.7088112831115723,0.036264095455408099,-0.22215232253074647,0.17168621718883515,0.9597771763801575],"EasingStyle":"Constant","EasingDirection":"In"},"Right Arm":{"Weight":1,"CFrame":[0.13395321369171143,-0.07473501563072205,0.8394448757171631,0.7956885099411011,-0.5285767912864685,0.2957812547683716,0.11691799014806748,-0.34510892629623415,-0.9312518239021301,0.5943148136138916,0.7755685448646545,-0.212799072265625],"EasingStyle":"Constant","EasingDirection":"In"},"Head":{"Weight":1,"CFrame":[5.960464477539063e-8,-3.3527612686157229e-8,0.016662120819091798,0.9435816407203674,0.3305548131465912,0.019677765667438508,-0.31001242995262148,0.9027037620544434,-0.29835936427116396,-0.11638738960027695,0.2754260301589966,0.9542507529258728],"EasingStyle":"Constant","EasingDirection":"In"},"Right Leg":{"Weight":1,"CFrame":[0.22025293111801148,0.1445765495300293,0.14897429943084718,0.6536139845848084,0.6430112719535828,-0.39915573596954348,-0.4701015055179596,0.7582598328590393,0.4517153799533844,0.5931217670440674,-0.10760381817817688,0.7978897094726563],"EasingStyle":"Constant","EasingDirection":"In"},"Torso":{"Weight":1,"CFrame":[0.1268554925918579,0.0411808043718338,-0.18629002571105958,0.5254583358764648,-0.7890890836715698,-0.31816986203193667,0.8404941558837891,0.5395027995109558,0.05006410926580429,0.13214850425720216,-0.29372650384902956,0.9467108845710754],"EasingStyle":"Constant","EasingDirection":"In"},"HumanoidRootPart":{"Weight":0,"CFrame":[0,0,0,1,0,0,0,1,0,0,0,1],"EasingStyle":"Linear","EasingDirection":"In"},"Left Arm":{"Weight":1,"CFrame":[-0.13391441106796266,-0.07664385437965393,0.8389126062393189,0.7884199023246765,0.5256021022796631,-0.319588303565979,-0.10309389233589173,-0.39928868412971499,-0.9110105633735657,-0.6064369678497315,0.7512063384056091,-0.2606208026409149],"EasingStyle":"Constant","EasingDirection":"In"}}},{"Time":0.5333333611488342,"poses":{"Left Leg":{"Weight":1,"CFrame":[-0.507256269454956,-0.3508434295654297,0.08902359008789063,0.6740748286247253,-0.6841859817504883,0.2784110903739929,0.7044654488563538,0.7088112831115723,0.036264095455408099,-0.22215232253074647,0.17168621718883515,0.9597771763801575],"EasingStyle":"Constant","EasingDirection":"In"},"Right Arm":{"Weight":1,"CFrame":[0.13395321369171143,-0.07473501563072205,0.8394448757171631,0.7956885099411011,-0.5285767912864685,0.2957812547683716,0.11691799014806748,-0.34510892629623415,-0.9312518239021301,0.5943148136138916,0.7755685448646545,-0.212799072265625],"EasingStyle":"Constant","EasingDirection":"In"},"Head":{"Weight":1,"CFrame":[5.960464477539063e-8,-3.3527612686157229e-8,0.016662120819091798,0.9435816407203674,0.3305548131465912,0.019677765667438508,-0.31001242995262148,0.9027037620544434,-0.29835936427116396,-0.11638738960027695,0.2754260301589966,0.9542507529258728],"EasingStyle":"Constant","EasingDirection":"In"},"Right Leg":{"Weight":1,"CFrame":[0.22025293111801148,0.1445765495300293,0.14897429943084718,0.6536139845848084,0.6430112719535828,-0.39915573596954348,-0.4701015055179596,0.7582598328590393,0.4517153799533844,0.5931217670440674,-0.10760381817817688,0.7978897094726563],"EasingStyle":"Constant","EasingDirection":"In"},"Torso":{"Weight":1,"CFrame":[0.1268554925918579,0.0411808043718338,-0.18629002571105958,0.5254583358764648,-0.7890890836715698,-0.31816986203193667,0.8404941558837891,0.5395027995109558,0.05006410926580429,0.13214850425720216,-0.29372650384902956,0.9467108845710754],"EasingStyle":"Constant","EasingDirection":"In"},"HumanoidRootPart":{"Weight":0,"CFrame":[0,0,0,1,0,0,0,1,0,0,0,1],"EasingStyle":"Linear","EasingDirection":"In"},"Left Arm":{"Weight":1,"CFrame":[-0.13391441106796266,-0.07664385437965393,0.8389126062393189,0.7884199023246765,0.5256021022796631,-0.319588303565979,-0.10309389233589173,-0.39928868412971499,-0.9110105633735657,-0.6064369678497315,0.7512063384056091,-0.2606208026409149],"EasingStyle":"Constant","EasingDirection":"In"}}},{"Time":0.5666666626930237,"poses":{"Left Leg":{"Weight":1,"CFrame":[-0.45898687839508059,-0.02592611312866211,0.09828650951385498,0.7854147553443909,-0.538408637046814,0.3053519129753113,0.5575041770935059,0.8296703696250916,0.028916142880916597,-0.26891013979911806,0.14752385020256043,0.9518004655838013],"EasingStyle":"Constant","EasingDirection":"In"},"Right Arm":{"Weight":1,"CFrame":[0.13385385274887086,-0.07399830222129822,0.8395308256149292,0.7981969118118286,-0.5347809791564941,0.2772924304008484,0.10914723575115204,-0.32430553436279299,-0.939634382724762,0.5924260020256043,0.7802789807319641,-0.20048995316028596],"EasingStyle":"Constant","EasingDirection":"In"},"Head":{"Weight":1,"CFrame":[1.471489667892456e-7,-1.816079020500183e-7,0.01666271686553955,0.9529388546943665,0.2908945679664612,-0.08536890894174576,-0.2970055043697357,0.9522701501846314,-0.07049307227134705,0.06078819930553436,0.09253061562776566,0.9938525557518005],"EasingStyle":"Constant","EasingDirection":"In"},"Right Leg":{"Weight":1,"CFrame":[0.46265968680381777,0.18542522192001344,0.25579023361206057,0.6392197012901306,0.6422178149223328,-0.42303019762039187,-0.5135713815689087,0.765936017036438,0.3867640793323517,0.5724008083343506,-0.029971078038215638,0.8194261193275452],"EasingStyle":"Constant","EasingDirection":"In"},"Torso":{"Weight":1,"CFrame":[0.15999317169189454,0.008789077401161194,-0.3246426582336426,0.5511325597763062,-0.8017102479934692,-0.2313300371170044,0.8254522681236267,0.5643708109855652,0.01068495586514473,0.1219896525144577,-0.19684071838855744,0.9728167653083801],"EasingStyle":"Constant","EasingDirection":"In"},"HumanoidRootPart":{"Weight":0,"CFrame":[0,0,0,1,0,0,0,1,0,0,0,1],"EasingStyle":"Linear","EasingDirection":"In"},"Left Arm":{"Weight":1,"CFrame":[-0.13380640745162965,-0.07504606246948242,0.8392677307128906,0.7941184639930725,0.5339433550834656,-0.29031139612197878,-0.10166462510824204,-0.3542385399341583,-0.929612398147583,-0.5991997718811035,0.7677366733551025,-0.2270243763923645],"EasingStyle":"Constant","EasingDirection":"In"}}},{"Time":0.6000000238418579,"poses":{"Left Leg":{"Weight":1,"CFrame":[-0.45898687839508059,-0.02592611312866211,0.09828650951385498,0.7854147553443909,-0.538408637046814,0.3053519129753113,0.5575041770935059,0.8296703696250916,0.028916142880916597,-0.26891013979911806,0.14752385020256043,0.9518004655838013],"EasingStyle":"Constant","EasingDirection":"In"},"Right Arm":{"Weight":1,"CFrame":[0.13385385274887086,-0.07399830222129822,0.8395308256149292,0.7981969118118286,-0.5347809791564941,0.2772924304008484,0.10914723575115204,-0.32430553436279299,-0.939634382724762,0.5924260020256043,0.7802789807319641,-0.20048995316028596],"EasingStyle":"Constant","EasingDirection":"In"},"Head":{"Weight":1,"CFrame":[1.471489667892456e-7,-1.816079020500183e-7,0.01666271686553955,0.9529388546943665,0.2908945679664612,-0.08536890894174576,-0.2970055043697357,0.9522701501846314,-0.07049307227134705,0.06078819930553436,0.09253061562776566,0.9938525557518005],"EasingStyle":"Constant","EasingDirection":"In"},"Right Leg":{"Weight":1,"CFrame":[0.46265968680381777,0.18542522192001344,0.25579023361206057,0.6392197012901306,0.6422178149223328,-0.42303019762039187,-0.5135713815689087,0.765936017036438,0.3867640793323517,0.5724008083343506,-0.029971078038215638,0.8194261193275452],"EasingStyle":"Constant","EasingDirection":"In"},"Torso":{"Weight":1,"CFrame":[0.15999317169189454,0.008789077401161194,-0.3246426582336426,0.5511325597763062,-0.8017102479934692,-0.2313300371170044,0.8254522681236267,0.5643708109855652,0.01068495586514473,0.1219896525144577,-0.19684071838855744,0.9728167653083801],"EasingStyle":"Constant","EasingDirection":"In"},"HumanoidRootPart":{"Weight":0,"CFrame":[0,0,0,1,0,0,0,1,0,0,0,1],"EasingStyle":"Linear","EasingDirection":"In"},"Left Arm":{"Weight":1,"CFrame":[-0.13380640745162965,-0.07504606246948242,0.8392677307128906,0.7941184639930725,0.5339433550834656,-0.29031139612197878,-0.10166462510824204,-0.3542385399341583,-0.929612398147583,-0.5991997718811035,0.7677366733551025,-0.2270243763923645],"EasingStyle":"Constant","EasingDirection":"In"}}},{"Time":0.6333333253860474,"poses":{"Left Leg":{"Weight":1,"CFrame":[-0.45898687839508059,-0.02592611312866211,0.09828650951385498,0.7854147553443909,-0.538408637046814,0.3053519129753113,0.5575041770935059,0.8296703696250916,0.028916142880916597,-0.26891013979911806,0.14752385020256043,0.9518004655838013],"EasingStyle":"Constant","EasingDirection":"In"},"Right Arm":{"Weight":1,"CFrame":[0.13389474153518678,-0.07332518696784973,0.8396847248077393,0.8028807044029236,-0.5365782380104065,0.2597428858