{"Sequence":[{"Time":0,"poses":{"Left Leg":{"Weight":1,"CFrame":[-0.9079473614692688,0.44419264793395998,0.06293165683746338,0.8133401274681091,-0.5753321051597595,0.0864340290427208,0.574118971824646,0.8177546858787537,0.04079968109726906,-0.0941552221775055,0.016439393162727357,0.9954217672348023],"EasingStyle":"Linear","EasingDirection":"Out"},"Right Arm":{"Weight":1,"CFrame":[0.29571333527565,-0.016774147748947145,0.0023833513259887697,-0.6461827754974365,-0.7591084837913513,-0.07875298708677292,0.7600814700126648,-0.6308282613754273,-0.15598708391189576,0.06873148679733277,-0.1606549471616745,0.9846146702766419],"EasingStyle":"Linear","EasingDirection":"Out"},"Left Arm":{"Weight":1,"CFrame":[-0.234661266207695,-0.20120462775230409,0.3146249055862427,-0.2202688455581665,0.6210371255874634,0.752193033695221,-0.4116693139076233,-0.7582792639732361,0.5055107474327087,0.8843132853507996,-0.19830645620822907,0.42268720269203188],"EasingStyle":"Linear","EasingDirection":"Out"},"Head":{"Weight":1,"CFrame":[8.681672625243664e-8,2.0081643015146257e-9,1.1920928955078126e-7,0.9615407586097717,0.23253726959228517,0.14617030322551728,-0.22657543420791627,0.9723577499389648,-0.0564267672598362,-0.1552511602640152,0.021138040348887445,0.9876488447189331],"EasingStyle":"Linear","EasingDirection":"Out"},"Torso":{"Weight":1,"CFrame":[0.012391574680805207,7.450580596923828e-9,-0.20418119430541993,0.9998000264167786,0.01999833434820175,0.00009991112892748788,-0.01999833434820175,0.999750018119812,0.009999169036746025,0.00010008057142840698,-0.009999167174100876,0.9999499917030335],"EasingStyle":"Linear","EasingDirection":"Out"},"HumanoidRootPart":{"Weight":1,"CFrame":[0,0,0,1,0,0,0,1,0,0,0,1],"EasingStyle":"Linear","EasingDirection":"In"},"Right Leg":{"Weight":1,"CFrame":[0.5764766335487366,0.12143325805664063,0.04626107215881348,0.9255686402320862,0.3691757321357727,-0.08385645598173142,-0.36743563413619997,0.9293565154075623,0.035883113741874698,0.09117978811264038,-0.0024004389997571708,0.9958315491676331],"EasingStyle":"Linear","EasingDirection":"Out"}}},{"Time":0.03333333507180214,"poses":{"Left Leg":{"Weight":1,"CFrame":[-0.8779211640357971,0.45661890506744387,0.05809986591339111,0.8428865075111389,-0.5306659936904907,0.08908414095640183,0.5282807350158691,0.847568929195404,0.05046112835407257,-0.10228297859430313,0.004528399091213942,0.9947450160980225],"EasingStyle":"Linear","EasingDirection":"Out"},"Right Arm":{"Weight":1,"CFrame":[0.30945295095443728,-0.08439263701438904,-0.0024402737617492677,-0.6035512685775757,-0.7913457751274109,-0.09745674580335617,0.7947672009468079,-0.5873233675956726,-0.15295836329460145,0.06380428373813629,-0.16977375745773316,0.983415424823761],"EasingStyle":"Linear","EasingDirection":"Out"},"Left Arm":{"Weight":1,"CFrame":[-0.2504742741584778,-0.26061636209487917,0.2923569679260254,-0.17789003252983094,0.6583712697029114,0.731370210647583,-0.47609254717826846,-0.7080313563346863,0.5215625762939453,0.861214816570282,-0.2554191052913666,0.4393973648548126],"EasingStyle":"Linear","EasingDirection":"Out"},"Head":{"Weight":1,"CFrame":[8.765346137806773e-8,-2.764863893389702e-9,-1.1920928955078126e-7,0.9666752815246582,0.21599677205085755,0.13742035627365113,-0.2067728191614151,0.9752461910247803,-0.07835710793733597,-0.1509435474872589,0.047331083565950397,0.9874086380004883],"EasingStyle":"Linear","EasingDirection":"Out"},"Torso":{"Weight":1,"CFrame":[0.015604203566908837,-0.004259450361132622,-0.21550416946411134,0.9998468160629273,0.017397960647940637,0.0019024474313482643,-0.017414525151252748,0.9998072385787964,0.009067237377166748,-0.0017443293472751976,-0.009098978713154793,0.9999570846557617],"EasingStyle":"Linear","EasingDirection":"Out"},"HumanoidRootPart":{"Weight":1,"CFrame":[0,0,0,1,0,0,0,1,0,0,0,1],"EasingStyle":"Linear","EasingDirection":"In"},"Right Leg":{"Weight":1,"CFrame":[0.6258474588394165,0.1386670470237732,0.06267750263214112,0.892745316028595,0.43755120038986208,-0.10749288648366928,-0.4327990412712097,0.8991153240203857,0.06539596617221832,0.12526266276836396,-0.01185915619134903,0.9920527338981628],"EasingStyle":"Linear","EasingDirection":"Out"}}},{"Time":0.06666667014360428,"poses":{"Left Leg":{"Weight":1,"CFrame":[-0.8009247183799744,0.4655243158340454,0.04723536968231201,0.9023711085319519,-0.4203451871871948,0.09505941718816757,0.41511455178260805,0.9070467352867127,0.07032851874828339,-0.11578559875488281,-0.02400190569460392,0.9929841756820679],"EasingStyle":"Linear","EasingDirection":"Out"},"Right Arm":{"Weight":1,"CFrame":[0.33595871925354006,-0.23572850227355958,-0.01198655366897583,-0.5025418996810913,-0.8529651165008545,-0.14107513427734376,0.8630092740058899,-0.4851745665073395,-0.14078541100025178,0.051638927310705188,-0.1924997717142105,0.9799373745918274],"EasingStyle":"Linear","EasingDirection":"Out"},"Left Arm":{"Weight":1,"CFrame":[-0.2778142988681793,-0.3894694447517395,0.22592878341674806,-0.1423991620540619,0.7218108177185059,0.6772825121879578,-0.6116456985473633,-0.6021468043327332,0.5131363272666931,0.7782107591629028,-0.34118667244911196,0.5272376537322998],"EasingStyle":"Linear","EasingDirection":"Out"},"Head":{"Weight":1,"CFrame":[8.816277841106057e-8,-1.3096723705530167e-9,0,0.9787161350250244,0.16998176276683808,0.11498231440782547,-0.15533262491226197,0.9797629117965698,-0.12623950839042664,-0.1341138482093811,0.10569213330745697,0.9853134751319885],"EasingStyle":"Linear","EasingDirection":"Out"},"Torso":{"Weight":1,"CFrame":[0.021570516750216485,-0.015244362875819207,-0.242584228515625,0.9999033808708191,0.012574412859976292,0.005927438382059336,-0.012609495781362057,0.9999029636383057,0.005919045768678188,-0.0058524347841739658,-0.005993216298520565,0.9999648928642273],"EasingStyle":"Linear","EasingDirection":"Out"},"HumanoidRootPart":{"Weight":1,"CFrame":[0,0,0,1,0,0,0,1,0,0,0,1],"EasingStyle":"Linear","EasingDirection":"In"},"Right Leg":{"Weight":1,"CFrame":[0.6507565975189209,0.14455097913742066,0.10079312324523926,0.8255385160446167,0.5399587750434876,-0.16410551965236665,-0.5226926803588867,0.8412090539932251,0.1384187638759613,0.21278750896453858,-0.028493288904428483,0.9766829609870911],"EasingStyle":"Linear","EasingDirection":"Out"}}},{"Time":0.10000000149011612,"poses":{"Left Leg":{"Weight":1,"CFrame":[-0.6921646595001221,0.44325727224349978,0.036898136138916019,0.9549891352653503,-0.2779339849948883,0.10367489606142044,0.26926901936531069,0.9588378667831421,0.09013376384973526,-0.1244586855173111,-0.05816027894616127,0.9905187487602234],"EasingStyle":"Linear","EasingDirection":"Out"},"Right Arm":{"Weight":1,"CFrame":[0.35649973154067995,-0.389729768037796,-0.019131898880004884,-0.3929804265499115,-0.8996722102165222,-0.1901480257511139,0.9188843369483948,-0.3763617277145386,-0.11833597719669342,0.034899111837148669,-0.22122786939144135,0.9745975136756897],"EasingStyle":"Linear","EasingDirection":"Out"},"Left Arm":{"Weight":1,"CFrame":[-0.3032051920890808,-0.5235413908958435,0.14386415481567384,-0.11385545134544373,0.7801928520202637,0.6150901317596436,-0.7340073585510254,-0.4832874834537506,0.4771442115306854,0.6695297956466675,-0.397155225276947,0.6276922225952148],"EasingStyle":"Linear","EasingDirection":"Out"},"Head":{"Weight":1,"CFrame":[8.923234418034554e-8,2.9103830456733705e-9,1.1920928955078126e-7,0.9913383722305298,0.10052412003278732,0.08451706171035767,-0.08469774574041367,0.981176495552063,-0.17354817688465119,-0.10037196427583695,0.16488657891750337,0.9811920523643494],"EasingStyle":"Linear","EasingDirection":"Out"},"Torso":{"Weight":1,"CFrame":[0.024783145636320115,-0.03026454709470272,-0.2750873565673828,0.9998990893363953,0.009999158792197705,0.01009361632168293,-0.009999668225646019,0.9999499917030335,4.728565317080324e-10,-0.010093111544847489,-0.00010093327728100121,0.999949038028717],"EasingStyle":"Linear","EasingDirection":"Out"},"HumanoidRootPart":{"Weight":1,"CFrame":[0,0,0,1,0,0,0,1,0,0,0,1],"EasingStyle":"Linear","EasingDirection":"In"},"Right Leg":{"Weight":1,"CFrame":[0.5690157413482666,0.11920970678329468,0.12826800346374513,0.7871353030204773,0.5770737528800964,-0.21772414445877076,-0.5399727821350098,0.8153460025787354,0.20890255272388459,0.2980727255344391,-0.046869467943906787,0.9533917903900147],"EasingStyle":"Linear","EasingDirection":"Out"}}},{"Time":0.13333334028720857,"poses":{"Left Leg":{"Weight":1,"CFrame":[-0.5762398838996887,0.3979582190513611,0.031380295753479007,0.9829044342041016,-0.14374101161956788,0.11505391448736191,0.13200287520885468,0.9857907295227051,0.10388399660587311,-0.12835147976875306,-0.08692055195569992,0.9879122972488403],"EasingStyle":"Linear","EasingDirection":"Out"},"Right Arm":{"Weight":1,"CFrame":[0.36249542236328127,-0.45996928215026858,-0.01748138666152954,-0.3393858075141907,-0.9125497937202454,-0.22818903625011445,0.9405791759490967,-0.32630500197410586,-0.09399879723787308,0.011319291777908802,-0.24653176963329316,0.9690686464309692],"EasingStyle":"Linear","EasingDirection":"Out"},"Left Arm":{"Weight":1,"CFrame":[-0.3188859820365906,-0.5891339778900147,0.08800363540649414,-0.11760155111551285,0.8166421055793762,0.565035879611969,-0.7958696484565735,-0.4178082048892975,0.43820980191230776,0.5939372181892395,-0.3981607258319855,0.6990755796432495],"EasingStyle":"Linear","EasingDirection":"Out"},"Head":{"Weight":1,"CFrame":[8.277129381895065e-8,-2.735760062932968e-9,-1.7881393432617188e-7,0.9986879825592041,0.017979633063077928,0.047948457300662997,-0.00827550794929266,0.9806939363479614,-0.1953738033771515,-0.05053550750017166,0.19472062587738038,0.9795560240745544],"EasingStyle":"Linear","EasingDirection":"Out"},"Torso":{"Weight":1,"CFrame":[0.02386525087058544,-0.04662983492016792,-0.30268001556396487,0.999839723110199,0.012608558870851994,0.012711904011666775,-0.012500558979809285,0.9998853802680969,-0.008539901115000248,-0.012818122282624245,0.008379626087844372,0.9998827576637268],"EasingStyle":"Linear","EasingDirection":"Out"},"HumanoidRootPart":{"Weight":1,"CFrame":[0,0,0,1,0,0,0,1,0,0,0,1],"EasingStyle":"Linear","EasingDirection":"In"},"Right Leg":{"Weight":1,"CFrame":[0.5112336874008179,0.10966253280639649,0.1323033571243286,0.7818118333816528,0.5763324499130249,-0.23793113231658936,-0.5291857123374939,0.8151324987411499,0.23562973737716676,0.3297464847564697,-0.058308400213718417,0.9422671794891357],"EasingStyle":"Linear","EasingDirection":"Out"}}},{"Time":0.1666666716337204,"poses":{"Left Leg":{"Weight":1,"CFrame":[-0.5171571969985962,0.3730045557022095,0.03073716163635254,0.9887796640396118,-0.08258549124002457,0.1244763657450676,0.0689762756228447,0.9915422201156616,0.10993745923042298,-0.13250283896923066,-0.10011795163154602,0.9861132502555847],"EasingStyle":"Linear","EasingDirection":"Out"},"Right Arm":{"Weight":1,"CFrame":[0.35910138487815859,-0.4504844546318054,-0.01537942886352539,-0.35137051343917849,-0.9040661454200745,-0.24331699311733247,0.9359309673309326,-0.34582531452178957,-0.06661881506443024,-0.023917408660054208,-0.251135915517807,0.9676563143730164],"EasingStyle":"Linear","EasingDirection":"Out"},"Left Arm":{"Weight":1,"CFrame":[-0.32305625081062319,-0.5848101377487183,0.06254422664642334,-0.1677539050579071,0.8264672160148621,0.5374107956886292,-0.806032121181488,-0.42885443568229678,0.4079170227050781,0.5676009654998779,-0.3647407591342926,0.7381011843681336],"EasingStyle":"Linear","EasingDirection":"Out"},"Head":{"Weight":1,"CFrame":[8.731149137020111e-8,-5.005858838558197e-9,2.384185791015625e-7,0.9984410405158997,-0.05569399148225784,0.0037041897885501386,0.055451273918151858,0.9821268916130066,-0.17986631393432618,0.006379487458616495,0.17979130148887635,0.9836840629577637],"EasingStyle":"Linear","EasingDirection":"Out"},"Torso":{"Weight":1,"CFrame":[0.021570513024926187,-0.06165001168847084,-0.31502866744995119,0.9997525215148926,0.017414411529898645,0.013844417408108712,-0.01718449592590332,0.999715268611908,-0.016556166112422944,-0.0141287911683321,0.016314160078763963,0.9997670650482178],"EasingStyle":"Linear","EasingDirection":"Out"},"HumanoidRootPart":{"Weight":1,"CFrame":[0,0,0,1,0,0,0,1,0,0,0,1],"EasingStyle":"Linear","EasingDirection":"In"},"Right Leg":{"Weight":1,"CFrame":[0.5246553421020508,0.11321735382080078,0.13324964046478272,0.7802650928497315,0.5792452096939087,-0.23592637479305268,-0.5330844521522522,0.8131971955299377,0.2335195392370224,0.32711976766586306,-0.05643846467137337,0.9432960152626038],"EasingStyle":"Linear","EasingDirection":"Out"}}},{"Time":0.20000000298023225,"poses":{"Left Leg":{"Weight":1,"CFrame":[-0.5065943598747253,0.3622381091117859,0.03247570991516113,0.9884828329086304,-0.0799655094742775,0.1284802407026291,0.06573177874088288,0.9915942549705505,0.11144562065601349,-0.1363120973110199,-0.1017167940735817,0.9854301810264587],"EasingStyle":"Linear","EasingDirection":"Out"},"Right Arm":{"Weight":1,"CFrame":[0.35386329889297488,-0.42771783471107485,-0.022788405418395997,-0.3864501118659973,-0.8909750580787659,-0.23836906254291535,0.9198828935623169,-0.39107656478881838,-0.029573122039437295,-0.06687167286872864,-0.23070020973682404,0.9707242846488953],"EasingStyle":"Linear","EasingDirection":"Out"},"Left Arm":{"Weight":1,"CFrame":[-0.31861674785614016,-0.5650572776794434,0.040108561515808108,-0.2417035847902298,0.8150038719177246,0.5266384482383728,-0.7935222387313843,-0.4783806800842285,0.3761308193206787,0.5584816932678223,-0.3269871473312378,0.7623500227928162],"EasingStyle":"Linear","EasingDirection":"Out"},"Head":{"Weight":1,"CFrame":[7.962808012962341e-8,-3.841705620288849e-9,4.76837158203125e-7,0.9959972500801086,-0.08372050523757935,-0.03131110593676567,0.07811117172241211,0.9855285286903381,-0.15044009685516358,0.0434529110789299,0.147392138838768,0.9881231784820557],"EasingStyle":"Linear","EasingDirection":"Out"},"Torso":{"Weight":1,"CFrame":[0.01858735829591751,-0.07263492047786713,-0.30179905891418459,0.9997009038925171,0.019996846094727517,0.014079559594392777,-0.019711263477802278,0.9996028542518616,-0.02013811469078064,-0.014476667158305645,0.01985456421971321,0.9996980428695679],"EasingStyle":"Linear","EasingDirection":"Out"},"HumanoidRootPart":{"Weight":1,"CFrame":[0,0,0,1,0,0,0,1,0,0,0,1],"EasingStyle":"Linear","EasingDirection":"In"},"Right Leg":{"Weight":1,"CFrame":[0.5099560022354126,0.10685038566589356,0.12799513339996339,0.7886025905609131,0.5695444941520691,-0.2317865639925003,-0.5248605012893677,0.8198550939559937,0.22882091999053956,0.3203551471233368,-0.05879316106438637,0.9454712867736816],"EasingStyle":"Linear","EasingDirection":"Out"}}},{"Time":0.23333333432674409,"poses":{"Left Leg":{"Weight":1,"CFrame":[-0.4672798812389374,0.31942617893218996,0.0322721004486084,0.990088164806366,-0.058541640639305118,0.12766456604003907,0.04459972679615021,0.9929906129837036,0.1094556599855423,-0.13317745923995973,-0.10267693549394608,0.9857591986656189],"EasingStyle":"Linear","EasingDirection":"Out"},"Right Arm":{"Weight":1,"CFrame":[0.34677985310554507,-0.39826786518096926,-0.036198198795318606,-0.4333532154560089,-0.8732723593711853,-0.22271119058132173,0.8944951295852661,-0.446919322013855,0.011898500844836235,-0.10992457717657089,-0.19405795633792878,0.974811851978302],"EasingStyle":"Linear","EasingDirection":"Out"},"Left Arm":{"Weight":1,"CFrame":[-0.308550089597702,-0.5404819250106812,0.022145628929138185,-0.31832998991012576,0.7896499633789063,0.5245177149772644,-0.7666472792625427,-0.539892315864563,0.3475175201892853,0.557600200176239,-0.29149481654167178,0.77724689245224],"EasingStyle":"Linear","EasingDirection":"Out"},"Head":{"Weight":1,"CFrame":[8.509960025548935e-8,2.6775524020195009e-9,4.76837158203125e-7,0.9984105229377747,-0.043870776891708377,-0.03537984937429428,0.03902542218565941,0.9910557270050049,-0.12761476635932923,0.040661972016096118,0.12603123486042024,0.9911925792694092],"EasingStyle":"Linear","EasingDirection":"Out"},"Torso":{"Weight":1,"CFrame":[0.015604199841618538,-0.07689438760280609,-0.25818800926208498,0.9997139573097229,0.019975313916802408,0.013153234496712685,-0.019707676023244859,0.9996022582054138,-0.020172256976366044,-0.013550950214266777,0.019907265901565553,0.9997100234031677],"EasingStyle":"Linear","EasingDirection":"Out"},"HumanoidRootPart":{"Weight":1,"CFrame":[0,0,0,1,0,0,0,1,0,0,0,1],"EasingStyle":"Linear","EasingDirection":"In"},"Right Leg":{"Weight":1,"CFrame":[0.45828714966773989,0.09290510416030884,0.11438560485839844,0.8113128542900086,0.5392726063728333,-0.22573523223400117,-0.49646085500717165,0.8394392132759094,0.22106227278709413,0.30870386958122256,-0.0672820582985878,0.948775589466095],"EasingStyle":"Linear","EasingDirection":"Out"}}},{"Time":0.2666666805744171,"poses":{"Left Leg":{"Weight":1,"CFrame":[-0.3981207609176636,0.2613512873649597,0.029766321182250978,0.9920424818992615,-0.013484550639986992,0.12517954409122468,0.0004254216910339892,0.9946013689041138,0.10376846045255661,-0.12590305507183076,-0.10288943350315094,0.9866925477981567],"EasingStyle":"Linear","EasingDirection":"Out"},"Right Arm":{"Weight":1,"CFrame":[0.3386114239692688,-0.3682194948196411,-0.051285505294799808,-0.48041144013404848,-0.8528594374656677,-0.20453783869743348,0.8647722005844116,-0.49950331449508669,0.051627062261104587,-0.14619798958301545,-0.15207646787166596,0.9774962663650513],"EasingStyle":"Linear","EasingDirection":"Out"},"Left Arm":{"Weight":1,"CFrame":[-0.2980062663555145,-0.5205454230308533,0.009743452072143555,-0.37821340560913088,0.763221263885498,0.5238775610923767,-0.7389891743659973,-0.5897620320320129,0.3256932199001312,0.5575389266014099,-0.2639583349227905,0.7870681285858154],"EasingStyle":"Linear","EasingDirection":"Out"},"Head":{"Weight":1,"CFrame":[8.416827768087387e-8,-6.05359673500061e-9,1.1920928955078126e-7,0.999130368232727,0.03923533484339714,-0.014108777046203614,-0.04058070853352547,0.9927703738212586,-0.11296092718839646,0.009574715048074723,0.11343523859977722,0.9934992790222168],"EasingStyle":"Linear","EasingDirection":"Out"},"Torso":{"Weight":1,"CFrame":[0.013309463858604432,-0.07191909849643707,-0.20151090621948243,0.9997426271438599,0.019926002249121667,0.010847697034478188,-0.01970440335571766,0.9996024966239929,-0.02016538195312023,-0.011245200410485268,0.019946444779634477,0.9997377991676331],"EasingStyle":"Linear","EasingDirection":"Out"},"HumanoidRootPart":{"Weight":1,"CFrame":[0,0,0,1,0,0,0,1,0,0,0,1],"EasingStyle":"Linear","EasingDirection":"In"},"Right Leg":{"Weight":1,"CFrame":[0.38338279724121096,0.08262550830841065,0.09449911117553711,0.8442569971084595,0.48938995599746706,-0.21846629679203034,-0.44819849729537966,0.8682205080986023,0.2128644585609436,0.29385069012641909,-0.08179604262113571,0.9523451328277588],"EasingStyle":"Linear","EasingDirection":"Out"}}},{"Time":0.30000001192092898,"poses":{"Left Leg":{"Weight":1,"CFrame":[-0.31827881932258608,0.20796579122543336,0.025177597999572755,0.991598904132843,0.04270775616168976,0.1220967248082161,-0.05469647794961929,0.9938204288482666,0.09658820182085037,-0.11721719801425934,-0.10245504230260849,0.9878072142601013],"EasingStyle":"Linear","EasingDirection":"Out"},"Right Arm":{"Weight":1,"CFrame":[0.33145150542259219,-0.34261053800582888,-0.0629415512084961,-0.5162306427955627,-0.8349682688713074,-0.1906145066022873,0.8392014503479004,-0.5375887155532837,0.08209271728992462,-0.17101703584194184,-0.11758527159690857,0.9782264232635498],"EasingStyle":"Linear","EasingDirection":"Out"},"Left Arm":{"Weight":1,"CFrame":[-0.29378899931907656,-0.5128260850906372,0.003988385200500488,-0.4057055413722992,0.7526683807373047,0.5185493230819702,-0.728173017501831,-0.609062671661377,0.3143354654312134,0.5524193048477173,-0.25006598234176638,0.7951728105545044],"EasingStyle":"Linear","EasingDirection":"Out"},"Head":{"Weight":1,"CFrame":[9.068753570318222e-8,-3.987224772572517e-9,3.5762786865234377e-7,0.9910821318626404,0.13224229216575623,0.016375940293073655,-0.12975138425827027,0.9857134222984314,-0.10739494115114212,-0.030344130471348764,0.10431239753961563,0.9940815567970276],"EasingStyle":"Linear","EasingDirection":"Out"},"Torso":{"Weight":1,"CFrame":[0.012391570955514908,-0.05880241468548775,-0.15461492538452149,0.9997715353965759,0.01987316645681858,0.007871312089264393,-0.019711265340447427,0.9996028542518616,-0.02013811282813549,-0.008268394507467747,0.0199783593416214,0.9997662305831909],"EasingStyle":"Linear","EasingDirection":"Out"},"HumanoidRootPart":{"Weight":1,"CFrame":[0,0,0,1,0,0,0,1,0,0,0,1],"EasingStyle":"Linear","EasingDirection":"In"},"Right Leg":{"Weight":1,"CFrame":[0.3114146888256073,0.07956951856613159,0.07583367824554444,0.8738744854927063,0.4370611608028412,-0.21288715302944184,-0.3965884745121002,0.8941683769226074,0.20779898762702943,0.2811778783798218,-0.0971616730093956,0.9547243714332581],"EasingStyle":"Linear","EasingDirection":"Out"}}},{"Time":0.3333333432674408,"poses":{"Left Leg":{"Weight":1,"CFrame":[-0.2707425355911255,0.1779901385307312,0.02198958396911621,0.9900447130203247,0.07499504089355469,0.11911017447710037,-0.08606483787298203,0.9921538829803467,0.09068392217159271,-0.11137484014034271,-0.10003229230642319,0.9887310862541199],"EasingStyle":"Linear","EasingDirection":"Out"},"Right Arm":{"Weight":1,"CFrame":[0.3283090889453888,-0.32554155588150027,-0.0657646656036377,-0.5301381349563599,-0.827122151851654,-0.18660779297351838,0.8282139897346497,-0.5522881150245667,0.09507573395967484,-0.18170057237148286,-0.1041480004787445,0.9778231382369995],"EasingStyle":"Linear","EasingDirection":"Out"},"Left Arm":{"Weight":1,"CFrame":[-0.29682058095932009,-0.512641966342926,0.004187464714050293,-0.40891140699386599,0.7602434754371643,0.504798173904419,-0.7363548278808594,-0.6016187071800232,0.30957478284835818,0.5390482544898987,-0.2451220154762268,0.805817723274231],"EasingStyle":"Linear","EasingDirection":"Out"},"Head":{"Weight":1,"CFrame":[8.638016879558563e-8,-2.0372681319713594e-9,-1.7881393432617188e-7,0.9785760641098023,0.2021128088235855,0.03923388198018074,-0.19659380614757539,0.9738911390304565,-0.11352068185806275,-0.06115350127220154,0.10337549448013306,0.9927606582641602],"EasingStyle":"Linear","EasingDirection":"Out"},"Torso":{"Weight":1,"CFrame":[0.012694667093455792,-0.04025813937187195,-0.1344621181488037,0.9997918009757996,0.019819343462586404,0.004853956867009401,-0.01974482089281082,0.9996933341026306,-0.01494741253554821,-0.0051487162709236149,0.014848459511995316,0.9998764991760254],"EasingStyle":"Linear","EasingDirection":"Out"},"HumanoidRootPart":{"Weight":1,"CFrame":[0,0,0,1,0,0,0,1,0,0,0,1],"EasingStyle":"Linear","EasingDirection":"In"},"Right Leg":{"Weight":1,"CFrame":[0.27972012758255007,0.08075743913650513,0.06730139255523682,0.88570636510849,0.41409194469451907,-0.20988573133945466,-0.37300464510917666,0.9039128422737122,0.20930616557598115,0.27639055252075198,-0.10709549486637116,0.9550596475601196],"EasingStyle":"Linear","EasingDirection":"Out"}}},{"Time":0.36666667461395266,"poses":{"Left Leg":{"Weight":1,"CFrame":[-0.2630768120288849,0.1696825623512268,0.021496057510375978,0.9901046752929688,0.07846382260322571,0.11634492874145508,-0.08875127136707306,0.9923302531242371,0.0860457643866539,-0.1087011769413948,-0.09552005678415299,0.9894745945930481],"EasingStyle":"Linear","EasingDirection":"Out"},"Right Arm":{"Weight":1,"CFrame":[0.32911622524261477,-0.3155740797519684,-0.061401307582855228,-0.525593638420105,-0.8291499018669128,-0.19042515754699708,0.8305862545967102,-0.5485525727272034,0.09600333124399185,-0.18405936658382417,-0.10770585387945175,0.9769962430000305],"EasingStyle":"Linear","EasingDirection":"Out"},"Left Arm":{"Weight":1,"CFrame":[-0.3026139736175537,-0.5110211968421936,0.008061766624450684,-0.40621450543403628,0.7746982574462891,0.4845949709415436,-0.7517127394676209,-0.5848261713981628,0.30480554699897768,0.5195360779762268,-0.2404598742723465,0.8199154138565064],"EasingStyle":"Linear","EasingDirection":"Out"},"Head":{"Weight":1,"CFrame":[8.739880286157131e-8,-6.111804395914078e-10,1.1920928955078126e-7,0.9751085042953491,0.218266099691391,0.03903009369969368,-0.21194611489772798,0.969242513179779,-0.12509088218212129,-0.06513272970914841,0.11370493471622467,0.9913772940635681],"EasingStyle":"Linear","EasingDirection":"Out"},"Torso":{"Weight":1,"CFrame":[0.013452397659420967,-0.019000064581632615,-0.13448238372802735,0.9998029470443726,0.01976410113275051,0.001846678787842393,-0.019754009321331979,0.9997906684875488,-0.005332235246896744,-0.0019516790052875877,0.0052947052754461769,0.999984085559845],"EasingStyle":"Linear","EasingDirection":"Out"},"HumanoidRootPart":{"Weight":1,"CFrame":[0,0,0,1,0,0,0,1,0,0,0,1],"EasingStyle":"Linear","EasingDirection":"In"},"Right Leg":{"Weight":1,"CFrame":[0.28714630007743838,0.08368051052093506,0.06793522834777832,0.8833179473876953,0.4198940396308899,-0.20841854810714723,-0.3773081600666046,0.9006756544113159,0.215457484126091,0.27818694710731509,-0.11167945712804795,0.9540124535560608],"EasingStyle":"Linear","EasingDirection":"Out"}}},{"Time":0.4000000059604645,"poses":{"Left Leg":{"Weight":1,"CFrame":[-0.2679457366466522,0.17074739933013917,0.021845102310180665,0.9901739358901978,0.08112765848636627,0.1139029935002327,-0.0906146913766861,0.992607831954956,0.08073808997869492,-0.1065109446644783,-0.09026597440242768,0.9902057647705078],"EasingStyle":"Linear","EasingDirection":"Out"},"Right Arm":{"Weight":1,"CFrame":[0.3313498795032501,-0.3083589971065521,-0.05540114641189575,-0.5146734714508057,-0.8347436785697937,-0.1957399845123291,0.8370665907859802,-0.5386144518852234,0.0959896370768547,-0.18555517494678498,-0.11444415897130966,0.9759466648101807],"EasingStyle":"Linear","EasingDirection":"Out"},"Left Arm":{"Weight":1,"CFrame":[-0.3100205957889557,-0.5085293650627136,0.01427316665649414,-0.39866572618484499,0.7931369543075562,0.4604337811470032,-0.7712897062301636,-0.5615845918655396,0.299558162689209,0.4961630702018738,-0.23570431768894196,0.8356229066848755],"EasingStyle":"Linear","EasingDirection":"Out"},"Head":{"Weight":1,"CFrame":[8.693677955307067e-8,1.1641532182693482e-10,1.1920928955078126e-7,0.98667311668396,0.16255415976047517,0.007230517920106649,-0.16023457050323487,0.978402316570282,-0.13059000670909882,-0.028302310034632684,0.1276911199092865,0.9914100766181946],"EasingStyle":"Linear","EasingDirection":"Out"},"Torso":{"Weight":1,"CFrame":[0.014437449164688588,0.0022580139338970186,-0.14222335815429688,0.9998052716255188,0.01968887634575367,-0.0013094807509332896,-0.019689075648784639,0.9998061656951904,-0.00013948965352028608,0.0013064804952591658,0.00016524495731573552,0.9999991059303284],"EasingStyle":"Linear","EasingDirection":"Out"},"HumanoidRootPart":{"Weight":1,"CFrame":[0,0,0,1,0,0,0,1,0,0,0,1],"EasingStyle":"Linear","EasingDirection":"In"},"Right Leg":{"Weight":1,"CFrame":[0.3109748661518097,0.0902259349822998,0.07188951969146729,0.8788896799087524,0.42911699414253237,-0.20835426449775697,-0.38496094942092898,0.8959727883338928,0.22144478559494019,0.2817055284976959,-0.11441726982593537,0.9526545405387878],"EasingStyle":"Linear","EasingDirection":"Out"}}},{"Time":0.4333333373069763,"poses":{"Left Leg":{"Weight":1,"CFrame":[-0.264555424451828,0.169009268283844,0.020719289779663087,0.9893490076065064,0.09682919830083847,0.10868601500988007,-0.10522584617137909,0.9916635155677795,0.07437104731798172,-0.10057870298624039,-0.08501545339822769,0.9912902116775513],"EasingStyle":"Linear","EasingDirection":"Out"},"Right Arm":{"Weight":1,"CFrame":[0.33435845375061037,-0.30349957942962649,-0.048331379890441897,-0.49985361099243166,-0.8422737121582031,-0.20179539918899537,0.8458448648452759,-0.5248289704322815,0.09539899230003357,-0.18626010417938233,-0.12300211191177368,0.9747705459594727],"EasingStyle":"Linear","EasingDirection":"Out"},"Left Arm":{"Weight":1,"CFrame":[-0.31793564558029177,-0.5056740641593933,0.021586060523986818,-0.38761773705482485,0.812772810459137,0.4349169135093689,-0.7922226786613464,-0.534941554069519,0.29363393783569338,0.4713127017021179,-0.23073337972164155,0.8512499332427979],"EasingStyle":"Linear","EasingDirection":"Out"},"Head":{"Weight":1,"CFrame":[8.844654075801373e-8,-5.820766091346741e-10,-2.384185791015625e-7,0.9967939257621765,0.06938021630048752,-0.039852943271398547,-0.07411263883113861,0.9883267879486084,-0.13310694694519044,0.03015274368226528,0.13563381135463715,0.9903001189231873],"EasingStyle":"Linear","EasingDirection":"Out"},"Torso":{"Weight":1,"CFrame":[0.015422498807311058,0.020802274346351625,-0.14743614196777345,0.9998505115509033,0.016656914725899698,-0.004640707280486822,-0.01665763184428215,0.9998612403869629,-0.00011581082071643323,0.004638134501874447,0.00019309668277855963,0.9999892115592957],"EasingStyle":"Linear","EasingDirection":"Out"},"HumanoidRootPart":{"Weight":1,"CFrame":[0,0,0,1,0,0,0,1,0,0,0,1],"EasingStyle":"Linear","EasingDirection":"In"},"Right Leg":{"Weight":1,"CFrame":[0.3267701268196106,0.09873354434967041,0.0752331018447876,0.8776580691337586,0.4298960268497467,-0.2119096964597702,-0.3839634954929352,0.8952711224555969,0.2259681522846222,0.28685951232910159,-0.11695723980665207,0.9508063197135925],"EasingStyle":"Linear","EasingDirection":"Out"}}},{"Time":0.46666666865348818,"poses":{"Left Leg":{"Weight":1,"CFrame":[-0.25637203454971316,0.16258901357650758,0.018106460571289064,0.9883843064308167,0.11513321101665497,0.09920088946819306,-0.1221887543797493,0.9901582598686218,0.06823859363794327,-0.09036808460950852,-0.07956719398498535,0.9927248954772949],"EasingStyle":"Linear","EasingDirection":"Out"},"Right Arm":{"Weight":1,"CFrame":[0.33753299713134768,-0.30057093501091006,-0.04076409339904785,-0.4836671054363251,-0.8502177596092224,-0.20783621072769166,0.8551938533782959,-0.5096110701560974,0.0945517048239708,-0.18630515038967133,-0.13200879096984864,0.9735831022262573],"EasingStyle":"Linear","EasingDirection":"Out"},"Left Arm":{"Weight":1,"CFrame":[-0.3253801465034485,-0.5028740167617798,0.028917908668518068,-0.3748629689216614,0.8311342597007752,0.4107230305671692,-0.8119519948959351,-0.5081588625907898,0.28724342584609988,0.44745028018951418,-0.22581051290035249,0.8653310537338257],"EasingStyle":"Linear","EasingDirection":"Out"},"Head":{"Weight":1,"CFrame":[9.452924132347107e-8,-1.6298145055770875e-9,-5.960464477539063e-8,0.9968023896217346,-0.012203185819089413,-0.07896878570318222,0.0012203635415062309,0.9904793500900269,-0.13765615224838258,0.07989681512117386,0.13711963593959809,0.9873270392417908],"EasingStyle":"Linear","EasingDirection":"Out"},"Torso":{"Weight":1,"CFrame":[0.016180234029889108,0.03391896188259125,-0.1486964225769043,0.9999260902404785,0.009236585348844529,-0.007907025516033173,-0.009237921796739102,0.9999573230743408,-0.00013252327335067093,0.007905463688075543,0.00020555795344989747,0.9999687075614929],"EasingStyle":"Linear","EasingDirection":"Out"},"HumanoidRootPart":{"Weight":1,"CFrame":[0,0,0,1,0,0,0,1,0,0,0,1],"EasingStyle":"Linear","EasingDirection":"In"},"Right Leg":{"Weight":1,"CFrame":[0.328723281621933,0.10494548082351685,0.07820630073547363,0.8761098384857178,0.42906758189201357,-0.21984659135341645,-0.38063696026802065,0.8954652547836304,0.2307758927345276,0.2958834171295166,-0.11850328743457794,0.947844922542572],"EasingStyle":"Linear","EasingDirection":"Out"}}},{"Time":0.5,"poses":{"Left Leg":{"Weight":1,"CFrame":[-0.24675661325454713,0.1536574363708496,0.015034317970275879,0.9874957203865051,0.13083875179290772,0.0879397764801979,-0.13660313189029694,0.9886166453361511,0.06306127458810806,-0.07868792861700058,-0.0742855817079544,0.9941276907920837],"EasingStyle":"Linear","EasingDirection":"Out"},"Right Arm":{"Weight":1,"CFrame":[0.3403417468070984,-0.2991105914115906,-0.03326839208602905,-0.4687395691871643,-0.8572461009025574,-0.21310187876224519,0.8635494709014893,-0.4954807460308075,0.09370716661214829,-0.18591804802417756,-0.14009989798069,0.9725258946418762],"EasingStyle":"Linear","EasingDirection":"Out"},"Left Arm":{"Weight":1,"CFrame":[-0.3315391540527344,-0.5004787445068359,0.03534424304962158,-0.36262136697769167,0.8461592197418213,0.39053836464881899,-0.8283238410949707,-0.48467710614204409,0.2810121774673462,0.42706599831581118,-0.22159121930599214,0.8766481280326843],"EasingStyle":"Linear","EasingDirection":"Out"},"Head":{"Weight":1,"CFrame":[8.984989108284936e-8,-2.3176198737928645e-9,-2.980232238769531e-7,0.995510458946228,-0.0360461063683033,-0.08751935511827469,0.023705027997493745,0.9901263117790222,-0.1381591260433197,0.09163530170917511,0.13546419143676759,0.9865355491638184],"EasingStyle":"Linear","EasingDirection":"Out"},"Torso":{"Weight":1,"CFrame":[0.016483325511217119,0.03889425843954086,-0.14678525924682618,0.9999408721923828,-0.0003719799278769642,-0.010866881348192692,0.00036971279769204557,0.9999998807907105,-0.00021063387976028025,0.010866958647966385,0.00020660381414927542,0.9999409317970276],"EasingStyle":"Linear","EasingDirection":"Out"},"HumanoidRootPart":{"Weight":1,"CFrame":[0,0,0,1,0,0,0,1,0,0,0,1],"EasingStyle":"Linear","EasingDirection":"In"},"Right Leg":{"Weight":1,"CFrame":[0.31969040632247927,0.10797327756881714,0.08050775527954102,0.8738633394241333,0.4282730221748352,-0.23009812831878663,-0.37693357467651369,0.895747184753418,0.23570752143859864,0.3070569634437561,-0.11924447119235993,0.9441910982131958],"EasingStyle":"Linear","EasingDirection":"Out"}}},{"Time":0.5333333611488342,"poses":{"Left Leg":{"Weight":1,"CFrame":[-0.23971618711948396,0.14538830518722535,0.012409329414367676,0.9873818159103394,0.1378220170736313,0.07798884063959122,-0.14267070591449738,0.987923800945282,0.0604291632771492,-0.06871858239173889,-0.07079340517520905,0.9951211214065552],"EasingStyle":"Linear","EasingDirection":"Out"},"Right Arm":{"Weight":1,"CFrame":[0.3423307538032532,-0.29861491918563845,-0.02640587091445923,-0.4577759802341461,-0.8622224926948547,-0.21682609617710114,0.8695176839828491,-0.48505356907844546,0.09306934475898743,-0.18541878461837769,-0.14592933654785157,0.9717636108398438],"EasingStyle":"Linear","EasingDirection":"Out"},"Left Arm":{"Weight":1,"CFrame":[-0.3357410430908203,-0.4988012909889221,0.0400545597076416,-0.35339972376823428,0.8561437129974365,0.3769967257976532,-0.8395542502403259,-0.4680261015892029,0.27586278319358828,0.41262245178222659,-0.21901939809322358,0.8841793537139893],"EasingStyle":"Linear","EasingDirection":"Out"},"Head":{"Weight":1,"CFrame":[8.949427865445614e-8,-2.6921043172478677e-9,5.960464477539063e-7,0.998360812664032,0.02558460645377636,-0.051196251064538959,-0.032164961099624637,0.9907083511352539,-0.13214540481567384,0.04733966290950775,0.13357554376125337,0.9899073243141174],"EasingStyle":"Linear","EasingDirection":"Out"},"Torso":{"Weight":1,"CFrame":[0.014418061822652817,0.03227551281452179,-0.14248347282409669,0.9998621344566345,-0.009967063553631306,-0.013278372585773468,0.009963269345462323,0.9999502897262573,-0.0003518512239679694,0.013281219638884068,0.00021950674999970943,0.9999117851257324],"EasingStyle":"Linear","EasingDirection":"Out"},"HumanoidRootPart":{"Weight":1,"CFrame":[0,0,0,1,0,0,0,1,0,0,0,1],"EasingStyle":"Linear","EasingDirection":"In"},"Right Leg":{"Weight":1,"CFrame":[0.30228185653686526,0.10653901100158692,0.08146977424621582,0.8707378506660461,0.4292161762714386,-0.23997706174850465,-0.3753218650817871,0.8953829407691956,0.239630788564682,0.3177248239517212,-0.11858702450990677,0.9407380819320679],"EasingStyle":"Linear","EasingDirection":"Out"}}},{"Time":0.5666666626930237,"poses":{"Left Leg":{"Weight":1,"CFrame":[-0.23669026792049409,0.13961607217788697,0.010750651359558106,0.988349974155426,0.13421040773391725,0.07177625596523285,-0.13865093886852265,0.9884652495384216,0.06092949956655502,-0.06277098506689072,-0.07017150521278382,0.9955580234527588],"EasingStyle":"Linear","EasingDirection":"Out"},"Right Arm":{"Weight":1,"CFrame":[0.3430873453617096,-0.2985641658306122,-0.020731866359710695,-0.4535156786441803,-0.8641153573989868,-0.2182386964559555,0.8717994093894959,-0.4809896647930145,0.09281531721353531,-0.18517369031906129,-0.14816728234291078,0.9714716672897339],"EasingStyle":"Linear","EasingDirection":"Out"},"Left Arm":{"Weight":1,"CFrame":[-0.33737075328826907,-0.4981546401977539,0.042273521423339847,-0.3497668504714966,0.8595258593559265,0.37266379594802859,-0.8440284729003906,-0.46173548698425295,0.27279379963874819,0.40654534101486208,-0.21912463009357453,0.8869640827178955],"EasingStyle":"Linear","EasingDirection":"Out"},"Head":{"Weight":1,"CFrame":[8.032657206058502e-8,9.604264050722123e-10,4.76837158203125e-7,0.991232693195343,0.13155889511108399,0.012246374040842057,-0.12884937226772309,0.9829961657524109,-0.1308295726776123,-0.02924993447959423,0.12810459733009339,0.9913292527198792],"EasingStyle":"Linear","EasingDirection":"Out"},"Torso":{"Weight":1,"CFrame":[0.009599119424819947,0.01482609286904335,-0.13657212257385255,0.9997385144233704,-0.017347212880849839,-0.014900242909789086,0.017341062426567079,0.9998494982719421,-0.0005419772933237255,0.014907401986420155,0.0002834495680872351,0.9998888373374939],"EasingStyle":"Linear","EasingDirection":"Out"},"HumanoidRootPart":{"Weight":1,"CFrame":[0,0,0,1,0,0,0,1,0,0,0,1],"EasingStyle":"Linear","EasingDirection":"In"},"Right Leg":{"Weight":1,"CFrame":[0.27921366691589358,0.10122960805892945,0.08026707172393799,0.8677674531936646,0.4312221109867096,-0.24703654646873475,-0.3757602274417877,0.8946362733840942,0.24172335863113404,0.32524436712265017,-0.11693320423364639,0.9383723735809326],"EasingStyle":"Linear","EasingDirection":"Out"}}},{"Time":0.6000000238418579,"poses":{"Left Leg":{"Weight":1,"CFrame":[-0.2372458577156067,0.13650304079055787,0.010416746139526368,0.9901063442230225,0.12114372104406357,0.07080668956041336,-0.1256932020187378,0.9900175929069519,0.0637679249048233,-0.062374819070100787,-0.07203695178031922,0.9954496622085571],"EasingStyle":"Linear","EasingDirection":"Out"},"Right Arm":{"Weight":1,"CFrame":[0.34145012497901919,-0.31639087200164797,-0.01650691032409668,-0.4643494486808777,-0.858345627784729,-0.21822583675384522,0.8658736944198608,-0.4917649030685425,0.09181474894285202,-0.18612462282180787,-0.14632192254066468,0.9715695977210999],"EasingStyle":"Linear","EasingDirection":"Out"},"Left Arm":{"Weight":1,"CFrame":[-0.3345395624637604,-0.5057708024978638,0.0407867431640625,-0.36305490136146548,0.8508879542350769,0.37971147894859316,-0.8369736671447754,-0.47689706087112429,0.26841065287590029,0.40947070717811587,-0.22036072611808778,0.8853106498718262],"EasingStyle":"Linear","EasingDirection":"Out"},"Head":{"Weight":1,"CFrame":[8.36735125631094e-8,0,3.5762786865234377e-7,0.972112238407135,0.2225174605846405,0.07405222207307816,-0.21059741079807282,0.9672318696975708,-0.14181411266326905,-0.10318176448345185,0.12226399779319763,0.9871195554733276],"EasingStyle":"Linear","EasingDirection":"Out"},"Torso":{"Weight":1,"CFrame":[0.0040917545557022099,-0.009843764826655388,-0.12983202934265138,0.99967360496521,-0.02031278982758522,-0.015492584556341172,0.020303454250097276,0.9997935891151428,-0.0007596352370455861,0.015504816547036171,0.00044483435340225697,0.9998797178268433],"EasingStyle":"Linear","EasingDirection":"Out"},"HumanoidRootPart":{"Weight":1,"CFrame":[0,0,0,1,0,0,0,1,0,0,0,1],"EasingStyle":"Linear","EasingDirection":"In"},"Right Leg":{"Weight":1,"CFrame":[0.2527766525745392,0.09429401159286499,0.0762178897857666,0.8666739463806152,0.43196433782577517,-0.24956588447093965,-0.37601152062416079,0.8943830132484436,0.24226915836334229,0.32785919308662417,-0.11612880229949951,0.9375619888305664],"EasingStyle":"Linear","EasingDirection":"Out"}}},{"Time":0.6333333253860474,"poses":{"Left Leg":{"Weight":1,"CFrame":[-0.24010568857192994,0.1402692198753357,0.010632038116455078,0.9907258749008179,0.11395816504955292,0.0739986002445221,-0.11913236975669861,0.9904263615608215,0.06973595172166825,-0.06534319370985031,-0.07790482044219971,0.9948171377182007],"EasingStyle":"Linear","EasingDirection":"Out"},"Right Arm":{"Weight":1,"CFrame":[0.336