{"Sequence":[{"Time":0,"poses":{"Left Leg":{"Weight":1,"CFrame":[-0.5060709714889526,0.3336665630340576,0.4703384041786194,0.8356081247329712,-0.1199466660618782,0.5360707640647888,0.11714183539152146,0.9923317432403565,0.03943931311368942,-0.5366906523704529,0.029840566217899324,0.8432512283325195],"EasingStyle":"Constant","EasingDirection":"In"},"Right Arm":{"Weight":1,"CFrame":[0.23739507794380189,-0.9102151393890381,0.24098020792007447,-0.7547677755355835,-0.5737219452857971,0.31807053089141848,0.2540905177593231,0.1913338154554367,0.9480660557746887,-0.6047838926315308,0.7963883876800537,0.001364588737487793],"EasingStyle":"Constant","EasingDirection":"In"},"Head":{"Weight":1,"CFrame":[-0.07681523263454437,0.025037474930286409,0.027763336896896364,0.9872837662696838,-0.14412060379981996,-0.06708230823278427,0.13061338663101197,0.9759618043899536,-0.17446701228618623,0.09061408042907715,0.1634865701198578,0.9823753237724304],"EasingStyle":"Constant","EasingDirection":"In"},"Left Arm":{"Weight":1,"CFrame":[-0.37500619888305666,-0.13718067109584809,-0.09156885743141175,-0.09756680577993393,0.6947335004806519,-0.7126191258430481,-0.8121906518936157,-0.4694022536277771,-0.3464214503765106,-0.5751756429672241,0.5449833869934082,0.6100541949272156],"EasingStyle":"Constant","EasingDirection":"In"},"Torso":{"Weight":1,"CFrame":[-0.5157275199890137,-0.1272810995578766,0.6315069198608398,0.961320161819458,-0.2642146050930023,0.07780839502811432,0.2735947072505951,0.9485951066017151,-0.15910138189792634,-0.03177176043391228,0.17423532903194428,0.984191358089447],"EasingStyle":"Constant","EasingDirection":"In"},"HumanoidRootPart":{"Weight":0,"CFrame":[0,0,0,1,0,0,0,1,0,0,0,1],"EasingStyle":"Linear","EasingDirection":"In"},"Right Leg":{"Weight":1,"CFrame":[0.31485095620155337,0.2759559750556946,0.3617534637451172,0.8108039498329163,0.10663952678442002,-0.5755214095115662,-0.20346170663833619,0.9732956886291504,-0.10629624128341675,0.5488171577453613,0.20328190922737122,0.8108490705490112],"EasingStyle":"Constant","EasingDirection":"In"}}},{"Time":0.01666666753590107,"poses":{"Left Leg":{"Weight":1,"CFrame":[-0.5060709714889526,0.3336665630340576,0.4703384041786194,0.8356081247329712,-0.1199466660618782,0.5360707640647888,0.11714183539152146,0.9923317432403565,0.03943931311368942,-0.5366906523704529,0.029840566217899324,0.8432512283325195],"EasingStyle":"Constant","EasingDirection":"In"},"Right Arm":{"Weight":1,"CFrame":[0.23739507794380189,-0.9102151393890381,0.24098020792007447,-0.7547677755355835,-0.5737219452857971,0.31807053089141848,0.2540905177593231,0.1913338154554367,0.9480660557746887,-0.6047838926315308,0.7963883876800537,0.001364588737487793],"EasingStyle":"Constant","EasingDirection":"In"},"Head":{"Weight":1,"CFrame":[-0.07681523263454437,0.025037474930286409,0.027763336896896364,0.9872837662696838,-0.14412060379981996,-0.06708230823278427,0.13061338663101197,0.9759618043899536,-0.17446701228618623,0.09061408042907715,0.1634865701198578,0.9823753237724304],"EasingStyle":"Constant","EasingDirection":"In"},"Left Arm":{"Weight":1,"CFrame":[-0.37500619888305666,-0.13718067109584809,-0.09156885743141175,-0.09756680577993393,0.6947335004806519,-0.7126191258430481,-0.8121906518936157,-0.4694022536277771,-0.3464214503765106,-0.5751756429672241,0.5449833869934082,0.6100541949272156],"EasingStyle":"Constant","EasingDirection":"In"},"Torso":{"Weight":1,"CFrame":[-0.5157275199890137,-0.1272810995578766,0.6315069198608398,0.961320161819458,-0.2642146050930023,0.07780839502811432,0.2735947072505951,0.9485951066017151,-0.15910138189792634,-0.03177176043391228,0.17423532903194428,0.984191358089447],"EasingStyle":"Constant","EasingDirection":"In"},"HumanoidRootPart":{"Weight":0,"CFrame":[0,0,0,1,0,0,0,1,0,0,0,1],"EasingStyle":"Linear","EasingDirection":"In"},"Right Leg":{"Weight":1,"CFrame":[0.31485095620155337,0.2759559750556946,0.3617534637451172,0.8108039498329163,0.10663952678442002,-0.5755214095115662,-0.20346170663833619,0.9732956886291504,-0.10629624128341675,0.5488171577453613,0.20328190922737122,0.8108490705490112],"EasingStyle":"Constant","EasingDirection":"In"}}},{"Time":0.03333333507180214,"poses":{"Left Leg":{"Weight":1,"CFrame":[-0.5060709714889526,0.3336665630340576,0.4703384041786194,0.8356081247329712,-0.1199466660618782,0.5360707640647888,0.11714183539152146,0.9923317432403565,0.03943931311368942,-0.5366906523704529,0.029840566217899324,0.8432512283325195],"EasingStyle":"Constant","EasingDirection":"In"},"Right Arm":{"Weight":1,"CFrame":[0.23739507794380189,-0.9102151393890381,0.24098020792007447,-0.7547677755355835,-0.5737219452857971,0.31807053089141848,0.2540905177593231,0.1913338154554367,0.9480660557746887,-0.6047838926315308,0.7963883876800537,0.001364588737487793],"EasingStyle":"Constant","EasingDirection":"In"},"Head":{"Weight":1,"CFrame":[-0.07681523263454437,0.025037474930286409,0.027763336896896364,0.9872837662696838,-0.14412060379981996,-0.06708230823278427,0.13061338663101197,0.9759618043899536,-0.17446701228618623,0.09061408042907715,0.1634865701198578,0.9823753237724304],"EasingStyle":"Constant","EasingDirection":"In"},"Left Arm":{"Weight":1,"CFrame":[-0.37500619888305666,-0.13718067109584809,-0.09156885743141175,-0.09756680577993393,0.6947335004806519,-0.7126191258430481,-0.8121906518936157,-0.4694022536277771,-0.3464214503765106,-0.5751756429672241,0.5449833869934082,0.6100541949272156],"EasingStyle":"Constant","EasingDirection":"In"},"Torso":{"Weight":1,"CFrame":[-0.5157275199890137,-0.1272810995578766,0.6315069198608398,0.961320161819458,-0.2642146050930023,0.07780839502811432,0.2735947072505951,0.9485951066017151,-0.15910138189792634,-0.03177176043391228,0.17423532903194428,0.984191358089447],"EasingStyle":"Constant","EasingDirection":"In"},"HumanoidRootPart":{"Weight":0,"CFrame":[0,0,0,1,0,0,0,1,0,0,0,1],"EasingStyle":"Linear","EasingDirection":"In"},"Right Leg":{"Weight":1,"CFrame":[0.31485095620155337,0.2759559750556946,0.3617534637451172,0.8108039498329163,0.10663952678442002,-0.5755214095115662,-0.20346170663833619,0.9732956886291504,-0.10629624128341675,0.5488171577453613,0.20328190922737122,0.8108490705490112],"EasingStyle":"Constant","EasingDirection":"In"}}},{"Time":0.05000000074505806,"poses":{"Left Leg":{"Weight":1,"CFrame":[-0.5060709714889526,0.3336665630340576,0.4703384041786194,0.8356081247329712,-0.1199466660618782,0.5360707640647888,0.11714183539152146,0.9923317432403565,0.03943931311368942,-0.5366906523704529,0.029840566217899324,0.8432512283325195],"EasingStyle":"Constant","EasingDirection":"In"},"Right Arm":{"Weight":1,"CFrame":[0.23739507794380189,-0.9102151393890381,0.24098020792007447,-0.7547677755355835,-0.5737219452857971,0.31807053089141848,0.2540905177593231,0.1913338154554367,0.9480660557746887,-0.6047838926315308,0.7963883876800537,0.001364588737487793],"EasingStyle":"Constant","EasingDirection":"In"},"Head":{"Weight":1,"CFrame":[-0.07681523263454437,0.025037474930286409,0.027763336896896364,0.9872837662696838,-0.14412060379981996,-0.06708230823278427,0.13061338663101197,0.9759618043899536,-0.17446701228618623,0.09061408042907715,0.1634865701198578,0.9823753237724304],"EasingStyle":"Constant","EasingDirection":"In"},"Left Arm":{"Weight":1,"CFrame":[-0.37500619888305666,-0.13718067109584809,-0.09156885743141175,-0.09756680577993393,0.6947335004806519,-0.7126191258430481,-0.8121906518936157,-0.4694022536277771,-0.3464214503765106,-0.5751756429672241,0.5449833869934082,0.6100541949272156],"EasingStyle":"Constant","EasingDirection":"In"},"Torso":{"Weight":1,"CFrame":[-0.5157275199890137,-0.1272810995578766,0.6315069198608398,0.961320161819458,-0.2642146050930023,0.07780839502811432,0.2735947072505951,0.9485951066017151,-0.15910138189792634,-0.03177176043391228,0.17423532903194428,0.984191358089447],"EasingStyle":"Constant","EasingDirection":"In"},"HumanoidRootPart":{"Weight":0,"CFrame":[0,0,0,1,0,0,0,1,0,0,0,1],"EasingStyle":"Linear","EasingDirection":"In"},"Right Leg":{"Weight":1,"CFrame":[0.31485095620155337,0.2759559750556946,0.3617534637451172,0.8108039498329163,0.10663952678442002,-0.5755214095115662,-0.20346170663833619,0.9732956886291504,-0.10629624128341675,0.5488171577453613,0.20328190922737122,0.8108490705490112],"EasingStyle":"Constant","EasingDirection":"In"}}},{"Time":0.06666667014360428,"poses":{"Left Leg":{"Weight":1,"CFrame":[-0.5060709714889526,0.3336665630340576,0.4703384041786194,0.8356081247329712,-0.1199466660618782,0.5360707640647888,0.11714183539152146,0.9923317432403565,0.03943931311368942,-0.5366906523704529,0.029840566217899324,0.8432512283325195],"EasingStyle":"Constant","EasingDirection":"In"},"Right Arm":{"Weight":1,"CFrame":[0.23739507794380189,-0.9102151393890381,0.24098020792007447,-0.7547677755355835,-0.5737219452857971,0.31807053089141848,0.2540905177593231,0.1913338154554367,0.9480660557746887,-0.6047838926315308,0.7963883876800537,0.001364588737487793],"EasingStyle":"Constant","EasingDirection":"In"},"Head":{"Weight":1,"CFrame":[-0.07681523263454437,0.025037474930286409,0.027763336896896364,0.9872837662696838,-0.14412060379981996,-0.06708230823278427,0.13061338663101197,0.9759618043899536,-0.17446701228618623,0.09061408042907715,0.1634865701198578,0.9823753237724304],"EasingStyle":"Constant","EasingDirection":"In"},"Left Arm":{"Weight":1,"CFrame":[-0.37500619888305666,-0.13718067109584809,-0.09156885743141175,-0.09756680577993393,0.6947335004806519,-0.7126191258430481,-0.8121906518936157,-0.4694022536277771,-0.3464214503765106,-0.5751756429672241,0.5449833869934082,0.6100541949272156],"EasingStyle":"Constant","EasingDirection":"In"},"Torso":{"Weight":1,"CFrame":[-0.5157275199890137,-0.1272810995578766,0.6315069198608398,0.961320161819458,-0.2642146050930023,0.07780839502811432,0.2735947072505951,0.9485951066017151,-0.15910138189792634,-0.03177176043391228,0.17423532903194428,0.984191358089447],"EasingStyle":"Constant","EasingDirection":"In"},"HumanoidRootPart":{"Weight":0,"CFrame":[0,0,0,1,0,0,0,1,0,0,0,1],"EasingStyle":"Linear","EasingDirection":"In"},"Right Leg":{"Weight":1,"CFrame":[0.31485095620155337,0.2759559750556946,0.3617534637451172,0.8108039498329163,0.10663952678442002,-0.5755214095115662,-0.20346170663833619,0.9732956886291504,-0.10629624128341675,0.5488171577453613,0.20328190922737122,0.8108490705490112],"EasingStyle":"Constant","EasingDirection":"In"}}},{"Time":0.0833333358168602,"poses":{"Left Leg":{"Weight":1,"CFrame":[-0.5060709714889526,0.3336665630340576,0.4703384041786194,0.8356081247329712,-0.1199466660618782,0.5360707640647888,0.11714183539152146,0.9923317432403565,0.03943931311368942,-0.5366906523704529,0.029840566217899324,0.8432512283325195],"EasingStyle":"Constant","EasingDirection":"In"},"Right Arm":{"Weight":1,"CFrame":[0.23739507794380189,-0.9102151393890381,0.24098020792007447,-0.7547677755355835,-0.5737219452857971,0.31807053089141848,0.2540905177593231,0.1913338154554367,0.9480660557746887,-0.6047838926315308,0.7963883876800537,0.001364588737487793],"EasingStyle":"Constant","EasingDirection":"In"},"Head":{"Weight":1,"CFrame":[-0.07681523263454437,0.025037474930286409,0.027763336896896364,0.9872837662696838,-0.14412060379981996,-0.06708230823278427,0.13061338663101197,0.9759618043899536,-0.17446701228618623,0.09061408042907715,0.1634865701198578,0.9823753237724304],"EasingStyle":"Constant","EasingDirection":"In"},"Left Arm":{"Weight":1,"CFrame":[-0.37500619888305666,-0.13718067109584809,-0.09156885743141175,-0.09756680577993393,0.6947335004806519,-0.7126191258430481,-0.8121906518936157,-0.4694022536277771,-0.3464214503765106,-0.5751756429672241,0.5449833869934082,0.6100541949272156],"EasingStyle":"Constant","EasingDirection":"In"},"Torso":{"Weight":1,"CFrame":[-0.5157275199890137,-0.1272810995578766,0.6315069198608398,0.961320161819458,-0.2642146050930023,0.07780839502811432,0.2735947072505951,0.9485951066017151,-0.15910138189792634,-0.03177176043391228,0.17423532903194428,0.984191358089447],"EasingStyle":"Constant","EasingDirection":"In"},"HumanoidRootPart":{"Weight":0,"CFrame":[0,0,0,1,0,0,0,1,0,0,0,1],"EasingStyle":"Linear","EasingDirection":"In"},"Right Leg":{"Weight":1,"CFrame":[0.31485095620155337,0.2759559750556946,0.3617534637451172,0.8108039498329163,0.10663952678442002,-0.5755214095115662,-0.20346170663833619,0.9732956886291504,-0.10629624128341675,0.5488171577453613,0.20328190922737122,0.8108490705490112],"EasingStyle":"Constant","EasingDirection":"In"}}},{"Time":0.10000000149011612,"poses":{"Left Leg":{"Weight":1,"CFrame":[-0.4656725525856018,0.38477325439453127,0.4294606149196625,0.8242613673210144,-0.28736796975135805,0.48786577582359316,0.2609780728816986,0.9574701189994812,0.12305042147636414,-0.5024775266647339,0.025896595790982248,0.8642022609710693],"EasingStyle":"Constant","EasingDirection":"In"},"Right Arm":{"Weight":1,"CFrame":[0.1845264434814453,-0.7331602573394775,0.2252362072467804,-0.4293903112411499,-0.7941755652427673,0.4300106465816498,0.28912854194641116,0.3301953077316284,0.8985408544540405,-0.8555867075920105,0.5101531147956848,0.0878361389040947],"EasingStyle":"Constant","EasingDirection":"In"},"Head":{"Weight":1,"CFrame":[-0.0768151506781578,0.025037549436092378,0.027763277292251588,0.9692565202713013,-0.15888068079948426,0.1878795623779297,0.15603984892368318,0.9872977137565613,0.02991231344640255,-0.19024556875228883,0.00032401829957962036,0.9817364811897278],"EasingStyle":"Constant","EasingDirection":"In"},"Left Arm":{"Weight":1,"CFrame":[-0.38851964473724368,-0.12663501501083375,-0.03356333076953888,0.233406201004982,0.9642308354377747,-0.12562023103237153,-0.6678701043128967,0.0650743693113327,-0.7414276003837586,-0.7067326903343201,0.2569517195224762,0.6591697335243225],"EasingStyle":"Constant","EasingDirection":"In"},"Torso":{"Weight":1,"CFrame":[-0.792596161365509,0.059385769069194797,0.8124632835388184,0.9720079302787781,-0.21911479532718659,-0.08478976041078568,0.2254578173160553,0.9714207649230957,0.07423219084739685,0.06610117852687836,-0.0912707969546318,0.9936298727989197],"EasingStyle":"Constant","EasingDirection":"In"},"HumanoidRootPart":{"Weight":0,"CFrame":[0,0,0,1,0,0,0,1,0,0,0,1],"EasingStyle":"Linear","EasingDirection":"In"},"Right Leg":{"Weight":1,"CFrame":[0.33943596482276919,0.3727419376373291,0.26297420263290408,0.801737368106842,0.3093010187149048,-0.5114195942878723,-0.3034920394420624,0.9478359818458557,0.09746541827917099,0.5148881673812866,0.07707006484270096,0.8537859916687012],"EasingStyle":"Constant","EasingDirection":"In"}}},{"Time":0.11666666716337204,"poses":{"Left Leg":{"Weight":1,"CFrame":[-0.4656725525856018,0.38477325439453127,0.4294606149196625,0.8242613673210144,-0.28736796975135805,0.48786577582359316,0.2609780728816986,0.9574701189994812,0.12305042147636414,-0.5024775266647339,0.025896595790982248,0.8642022609710693],"EasingStyle":"Constant","EasingDirection":"In"},"Right Arm":{"Weight":1,"CFrame":[0.1845264434814453,-0.7331602573394775,0.2252362072467804,-0.4293903112411499,-0.7941755652427673,0.4300106465816498,0.28912854194641116,0.3301953077316284,0.8985408544540405,-0.8555867075920105,0.5101531147956848,0.0878361389040947],"EasingStyle":"Constant","EasingDirection":"In"},"Head":{"Weight":1,"CFrame":[-0.0768151506781578,0.025037549436092378,0.027763277292251588,0.9692565202713013,-0.15888068079948426,0.1878795623779297,0.15603984892368318,0.9872977137565613,0.02991231344640255,-0.19024556875228883,0.00032401829957962036,0.9817364811897278],"EasingStyle":"Constant","EasingDirection":"In"},"Left Arm":{"Weight":1,"CFrame":[-0.38851964473724368,-0.12663501501083375,-0.03356333076953888,0.233406201004982,0.9642308354377747,-0.12562023103237153,-0.6678701043128967,0.0650743693113327,-0.7414276003837586,-0.7067326903343201,0.2569517195224762,0.6591697335243225],"EasingStyle":"Constant","EasingDirection":"In"},"Torso":{"Weight":1,"CFrame":[-0.792596161365509,0.059385769069194797,0.8124632835388184,0.9720079302787781,-0.21911479532718659,-0.08478976041078568,0.2254578173160553,0.9714207649230957,0.07423219084739685,0.06610117852687836,-0.0912707969546318,0.9936298727989197],"EasingStyle":"Constant","EasingDirection":"In"},"HumanoidRootPart":{"Weight":0,"CFrame":[0,0,0,1,0,0,0,1,0,0,0,1],"EasingStyle":"Linear","EasingDirection":"In"},"Right Leg":{"Weight":1,"CFrame":[0.33943596482276919,0.3727419376373291,0.26297420263290408,0.801737368106842,0.3093010187149048,-0.5114195942878723,-0.3034920394420624,0.9478359818458557,0.09746541827917099,0.5148881673812866,0.07707006484270096,0.8537859916687012],"EasingStyle":"Constant","EasingDirection":"In"}}},{"Time":0.13333334028720857,"poses":{"Left Leg":{"Weight":1,"CFrame":[-0.4656725525856018,0.38477325439453127,0.4294606149196625,0.8242613673210144,-0.28736796975135805,0.48786577582359316,0.2609780728816986,0.9574701189994812,0.12305042147636414,-0.5024775266647339,0.025896595790982248,0.8642022609710693],"EasingStyle":"Constant","EasingDirection":"In"},"Right Arm":{"Weight":1,"CFrame":[0.1845264434814453,-0.7331602573394775,0.2252362072467804,-0.4293903112411499,-0.7941755652427673,0.4300106465816498,0.28912854194641116,0.3301953077316284,0.8985408544540405,-0.8555867075920105,0.5101531147956848,0.0878361389040947],"EasingStyle":"Constant","EasingDirection":"In"},"Head":{"Weight":1,"CFrame":[-0.0768151506781578,0.025037549436092378,0.027763277292251588,0.9692565202713013,-0.15888068079948426,0.1878795623779297,0.15603984892368318,0.9872977137565613,0.02991231344640255,-0.19024556875228883,0.00032401829957962036,0.9817364811897278],"EasingStyle":"Constant","EasingDirection":"In"},"Left Arm":{"Weight":1,"CFrame":[-0.38851964473724368,-0.12663501501083375,-0.03356333076953888,0.233406201004982,0.9642308354377747,-0.12562023103237153,-0.6678701043128967,0.0650743693113327,-0.7414276003837586,-0.7067326903343201,0.2569517195224762,0.6591697335243225],"EasingStyle":"Constant","EasingDirection":"In"},"Torso":{"Weight":1,"CFrame":[-0.792596161365509,0.059385769069194797,0.8124632835388184,0.9720079302787781,-0.21911479532718659,-0.08478976041078568,0.2254578173160553,0.9714207649230957,0.07423219084739685,0.06610117852687836,-0.0912707969546318,0.9936298727989197],"EasingStyle":"Constant","EasingDirection":"In"},"HumanoidRootPart":{"Weight":0,"CFrame":[0,0,0,1,0,0,0,1,0,0,0,1],"EasingStyle":"Linear","EasingDirection":"In"},"Right Leg":{"Weight":1,"CFrame":[0.33943596482276919,0.3727419376373291,0.26297420263290408,0.801737368106842,0.3093010187149048,-0.5114195942878723,-0.3034920394420624,0.9478359818458557,0.09746541827917099,0.5148881673812866,0.07707006484270096,0.8537859916687012],"EasingStyle":"Constant","EasingDirection":"In"}}},{"Time":0.15000000596046449,"poses":{"Left Leg":{"Weight":1,"CFrame":[-0.4656725525856018,0.38477325439453127,0.4294606149196625,0.8242613673210144,-0.28736796975135805,0.48786577582359316,0.2609780728816986,0.9574701189994812,0.12305042147636414,-0.5024775266647339,0.025896595790982248,0.8642022609710693],"EasingStyle":"Constant","EasingDirection":"In"},"Right Arm":{"Weight":1,"CFrame":[0.1845264434814453,-0.7331602573394775,0.2252362072467804,-0.4293903112411499,-0.7941755652427673,0.4300106465816498,0.28912854194641116,0.3301953077316284,0.8985408544540405,-0.8555867075920105,0.5101531147956848,0.0878361389040947],"EasingStyle":"Constant","EasingDirection":"In"},"Head":{"Weight":1,"CFrame":[-0.0768151506781578,0.025037549436092378,0.027763277292251588,0.9692565202713013,-0.15888068079948426,0.1878795623779297,0.15603984892368318,0.9872977137565613,0.02991231344640255,-0.19024556875228883,0.00032401829957962036,0.9817364811897278],"EasingStyle":"Constant","EasingDirection":"In"},"Left Arm":{"Weight":1,"CFrame":[-0.38851964473724368,-0.12663501501083375,-0.03356333076953888,0.233406201004982,0.9642308354377747,-0.12562023103237153,-0.6678701043128967,0.0650743693113327,-0.7414276003837586,-0.7067326903343201,0.2569517195224762,0.6591697335243225],"EasingStyle":"Constant","EasingDirection":"In"},"Torso":{"Weight":1,"CFrame":[-0.792596161365509,0.059385769069194797,0.8124632835388184,0.9720079302787781,-0.21911479532718659,-0.08478976041078568,0.2254578173160553,0.9714207649230957,0.07423219084739685,0.06610117852687836,-0.0912707969546318,0.9936298727989197],"EasingStyle":"Constant","EasingDirection":"In"},"HumanoidRootPart":{"Weight":0,"CFrame":[0,0,0,1,0,0,0,1,0,0,0,1],"EasingStyle":"Linear","EasingDirection":"In"},"Right Leg":{"Weight":1,"CFrame":[0.33943596482276919,0.3727419376373291,0.26297420263290408,0.801737368106842,0.3093010187149048,-0.5114195942878723,-0.3034920394420624,0.9478359818458557,0.09746541827917099,0.5148881673812866,0.07707006484270096,0.8537859916687012],"EasingStyle":"Constant","EasingDirection":"In"}}},{"Time":0.1666666716337204,"poses":{"Left Leg":{"Weight":1,"CFrame":[-0.4656725525856018,0.38477325439453127,0.4294606149196625,0.8242613673210144,-0.28736796975135805,0.48786577582359316,0.2609780728816986,0.9574701189994812,0.12305042147636414,-0.5024775266647339,0.025896595790982248,0.8642022609710693],"EasingStyle":"Constant","EasingDirection":"In"},"Right Arm":{"Weight":1,"CFrame":[0.1845264434814453,-0.7331602573394775,0.2252362072467804,-0.4293903112411499,-0.7941755652427673,0.4300106465816498,0.28912854194641116,0.3301953077316284,0.8985408544540405,-0.8555867075920105,0.5101531147956848,0.0878361389040947],"EasingStyle":"Constant","EasingDirection":"In"},"Head":{"Weight":1,"CFrame":[-0.0768151506781578,0.025037549436092378,0.027763277292251588,0.9692565202713013,-0.15888068079948426,0.1878795623779297,0.15603984892368318,0.9872977137565613,0.02991231344640255,-0.19024556875228883,0.00032401829957962036,0.9817364811897278],"EasingStyle":"Constant","EasingDirection":"In"},"Left Arm":{"Weight":1,"CFrame":[-0.38851964473724368,-0.12663501501083375,-0.03356333076953888,0.233406201004982,0.9642308354377747,-0.12562023103237153,-0.6678701043128967,0.0650743693113327,-0.7414276003837586,-0.7067326903343201,0.2569517195224762,0.6591697335243225],"EasingStyle":"Constant","EasingDirection":"In"},"Torso":{"Weight":1,"CFrame":[-0.792596161365509,0.059385769069194797,0.8124632835388184,0.9720079302787781,-0.21911479532718659,-0.08478976041078568,0.2254578173160553,0.9714207649230957,0.07423219084739685,0.06610117852687836,-0.0912707969546318,0.9936298727989197],"EasingStyle":"Constant","EasingDirection":"In"},"HumanoidRootPart":{"Weight":0,"CFrame":[0,0,0,1,0,0,0,1,0,0,0,1],"EasingStyle":"Linear","EasingDirection":"In"},"Right Leg":{"Weight":1,"CFrame":[0.33943596482276919,0.3727419376373291,0.26297420263290408,0.801737368106842,0.3093010187149048,-0.5114195942878723,-0.3034920394420624,0.9478359818458557,0.09746541827917099,0.5148881673812866,0.07707006484270096,0.8537859916687012],"EasingStyle":"Constant","EasingDirection":"In"}}},{"Time":0.18333333730697633,"poses":{"Left Leg":{"Weight":1,"CFrame":[-0.35687410831451418,0.2860233783721924,0.11264404654502869,0.7993393540382385,0.4433780908584595,0.405551940202713,-0.5237656831741333,0.844908595085144,0.10862356424331665,-0.29449304938316347,-0.29924121499061587,0.9075949192047119],"EasingStyle":"Constant","EasingDirection":"In"},"Right Arm":{"Weight":1,"CFrame":[-0.6728209257125855,-0.2929651141166687,0.689342737197876,-0.09924305975437164,-0.8579001426696777,0.504141092300415,-0.18753424286842347,0.513688862323761,0.837230384349823,-0.9772316813468933,-0.011454422026872635,-0.21186554431915284],"EasingStyle":"Constant","EasingDirection":"In"},"Head":{"Weight":1,"CFrame":[0.008073050528764725,-0.09070152044296265,0.048635244369506839,0.9859692454338074,0.1316925585269928,0.1025753766298294,-0.0538703016936779,0.832641065120697,-0.551186740398407,-0.15799576044082642,0.5379273891448975,0.828052818775177],"EasingStyle":"Constant","EasingDirection":"In"},"Left Arm":{"Weight":1,"CFrame":[-0.46423569321632388,-0.23355138301849366,0.061963796615600589,0.5375544428825378,0.8095515966415405,0.2359268218278885,-0.8427546620368958,0.525178849697113,0.11811746656894684,-0.02828158065676689,-0.2623230218887329,0.9645655751228333],"EasingStyle":"Constant","EasingDirection":"In"},"Torso":{"Weight":1,"CFrame":[-1.3747857809066773,0.14813780784606934,-0.8525019288063049,0.6357731223106384,-0.7555372714996338,-0.15797457098960877,0.7641571760177612,0.5872208476066589,0.26689979434013369,-0.1088867262005806,-0.2904050946235657,0.9506884813308716],"EasingStyle":"Constant","EasingDirection":"In"},"HumanoidRootPart":{"Weight":0,"CFrame":[0,0,0,1,0,0,0,1,0,0,0,1],"EasingStyle":"Linear","EasingDirection":"In"},"Right Leg":{"Weight":1,"CFrame":[0.557519793510437,0.26100248098373415,0.00879928469657898,0.5652214288711548,0.8249359130859375,0.0023119968827813865,-0.8058900833129883,0.5515687465667725,0.21520517766475678,0.17625516653060914,-0.12350178509950638,0.9765661358833313],"EasingStyle":"Constant","EasingDirection":"In"}}},{"Time":0.20000000298023225,"poses":{"Left Leg":{"Weight":1,"CFrame":[-0.35687410831451418,0.2860233783721924,0.11264404654502869,0.7993393540382385,0.4433780908584595,0.405551940202713,-0.5237656831741333,0.844908595085144,0.10862356424331665,-0.29449304938316347,-0.29924121499061587,0.9075949192047119],"EasingStyle":"Constant","EasingDirection":"In"},"Right Arm":{"Weight":1,"CFrame":[-0.6728209257125855,-0.2929651141166687,0.689342737197876,-0.09924305975437164,-0.8579001426696777,0.504141092300415,-0.18753424286842347,0.513688862323761,0.837230384349823,-0.9772316813468933,-0.011454422026872635,-0.21186554431915284],"EasingStyle":"Constant","EasingDirection":"In"},"Head":{"Weight":1,"CFrame":[0.008073050528764725,-0.09070152044296265,0.048635244369506839,0.9859692454338074,0.1316925585269928,0.1025753766298294,-0.0538703016936779,0.832641065120697,-0.551186740398407,-0.15799576044082642,0.5379273891448975,0.828052818775177],"EasingStyle":"Constant","EasingDirection":"In"},"Left Arm":{"Weight":1,"CFrame":[-0.46423569321632388,-0.23355138301849366,0.061963796615600589,0.5375544428825378,0.8095515966415405,0.2359268218278885,-0.8427546620368958,0.525178849697113,0.11811746656894684,-0.02828158065676689,-0.2623230218887329,0.9645655751228333],"EasingStyle":"Constant","EasingDirection":"In"},"Torso":{"Weight":1,"CFrame":[-1.3747857809066773,0.14813780784606934,-0.8525019288063049,0.6357731223106384,-0.7555372714996338,-0.15797457098960877,0.7641571760177612,0.5872208476066589,0.26689979434013369,-0.1088867262005806,-0.2904050946235657,0.9506884813308716],"EasingStyle":"Constant","EasingDirection":"In"},"HumanoidRootPart":{"Weight":0,"CFrame":[0,0,0,1,0,0,0,1,0,0,0,1],"EasingStyle":"Linear","EasingDirection":"In"},"Right Leg":{"Weight":1,"CFrame":[0.557519793510437,0.26100248098373415,0.00879928469657898,0.5652214288711548,0.8249359130859375,0.0023119968827813865,-0.8058900833129883,0.5515687465667725,0.21520517766475678,0.17625516653060914,-0.12350178509950638,0.9765661358833313],"EasingStyle":"Constant","EasingDirection":"In"}}},{"Time":0.21666666865348817,"poses":{"Left Leg":{"Weight":1,"CFrame":[-0.35687410831451418,0.2860233783721924,0.11264404654502869,0.7993393540382385,0.4433780908584595,0.405551940202713,-0.5237656831741333,0.844908595085144,0.10862356424331665,-0.29449304938316347,-0.29924121499061587,0.9075949192047119],"EasingStyle":"Constant","EasingDirection":"In"},"Right Arm":{"Weight":1,"CFrame":[-0.6728209257125855,-0.2929651141166687,0.689342737197876,-0.09924305975437164,-0.8579001426696777,0.504141092300415,-0.18753424286842347,0.513688862323761,0.837230384349823,-0.9772316813468933,-0.011454422026872635,-0.21186554431915284],"EasingStyle":"Constant","EasingDirection":"In"},"Head":{"Weight":1,"CFrame":[0.008073050528764725,-0.09070152044296265,0.048635244369506839,0.9859692454338074,0.1316925585269928,0.1025753766298294,-0.0538703016936779,0.832641065120697,-0.551186740398407,-0.15799576044082642,0.5379273891448975,0.828052818775177],"EasingStyle":"Constant","EasingDirection":"In"},"Left Arm":{"Weight":1,"CFrame":[-0.46423569321632388,-0.23355138301849366,0.061963796615600589,0.5375544428825378,0.8095515966415405,0.2359268218278885,-0.8427546620368958,0.525178849697113,0.11811746656894684,-0.02828158065676689,-0.2623230218887329,0.9645655751228333],"EasingStyle":"Constant","EasingDirection":"In"},"Torso":{"Weight":1,"CFrame":[-1.3747857809066773,0.14813780784606934,-0.8525019288063049,0.6357731223106384,-0.7555372714996338,-0.15797457098960877,0.7641571760177612,0.5872208476066589,0.26689979434013369,-0.1088867262005806,-0.2904050946235657,0.9506884813308716],"EasingStyle":"Constant","EasingDirection":"In"},"HumanoidRootPart":{"Weight":0,"CFrame":[0,0,0,1,0,0,0,1,0,0,0,1],"EasingStyle":"Linear","EasingDirection":"In"},"Right Leg":{"Weight":1,"CFrame":[0.557519793510437,0.26100248098373415,0.00879928469657898,0.5652214288711548,0.8249359130859375,0.0023119968827813865,-0.8058900833129883,0.5515687465667725,0.21520517766475678,0.17625516653060914,-0.12350178509950638,0.9765661358833313],"EasingStyle":"Constant","EasingDirection":"In"}}},{"Time":0.23333333432674409,"poses":{"Left Leg":{"Weight":1,"CFrame":[-0.35687410831451418,0.2860233783721924,0.11264404654502869,0.7993393540382385,0.4433780908584595,0.405551940202713,-0.5237656831741333,0.844908595085144,0.10862356424331665,-0.29449304938316347,-0.29924121499061587,0.9075949192047119],"EasingStyle":"Constant","EasingDirection":"In"},"Right Arm":{"Weight":1,"CFrame":[-0.6728209257125855,-0.2929651141166687,0.689342737197876,-0.09924305975437164,-0.8579001426696777,0.504141092300415,-0.18753424286842347,0.513688862323761,0.837230384349823,-0.9772316813468933,-0.011454422026872635,-0.21186554431915284],"EasingStyle":"Constant","EasingDirection":"In"},"Head":{"Weight":1,"CFrame":[0.008073050528764725,-0.09070152044296265,0.048635244369506839,0.9859692454338074,0.1316925585269928,0.1025753766298294,-0.0538703016936779,0.832641065120697,-0.551186740398407,-0.15799576044082642,0.5379273891448975,0.828052818775177],"EasingStyle":"Constant","EasingDirection":"In"},"Left Arm":{"Weight":1,"CFrame":[-0.46423569321632388,-0.23355138301849366,0.061963796615600589,0.5375544428825378,0.8095515966415405,0.2359268218278885,-0.8427546620368958,0.525178849697113,0.11811746656894684,-0.02828158065676689,-0.2623230218887329,0.9645655751228333],"EasingStyle":"Constant","EasingDirection":"In"},"Torso":{"Weight":1,"CFrame":[-1.3747857809066773,0.14813780784606934,-0.8525019288063049,0.6357731223106384,-0.7555372714996338,-0.15797457098960877,0.7641571760177612,0.5872208476066589,0.26689979434013369,-0.1088867262005806,-0.2904050946235657,0.9506884813308716],"EasingStyle":"Constant","EasingDirection":"In"},"HumanoidRootPart":{"Weight":0,"CFrame":[0,0,0,1,0,0,0,1,0,0,0,1],"EasingStyle":"Linear","EasingDirection":"In"},"Right Leg":{"Weight":1,"CFrame":[0.557519793510437,0.26100248098373415,0.00879928469657898,0.5652214288711548,0.8249359130859375,0.0023119968827813865,-0.8058900833129883,0.5515687465667725,0.21520517766475678,0.17625516653060914,-0.12350178509950638,0.9765661358833313],"EasingStyle":"Constant","EasingDirection":"In"}}},{"Time":0.25,"poses":{"Left Leg":{"Weight":1,"CFrame":[-0.35687410831451418,0.2860233783721924,0.11264404654502869,0.7993393540382385,0.4433780908584595,0.405551940202713,-0.5237656831741333,0.844908595085144,0.10862356424331665,-0.29449304938316347,-0.29924121499061587,0.9075949192047119],"EasingStyle":"Constant","EasingDirection":"In"},"Right Arm":{"Weight":1,"CFrame":[-0.6728209257125855,-0.2929651141166687,0.689342737197876,-0.09924305975437164,-0.8579001426696777,0.504141092300415,-0.18753424286842347,0.513688862323761,0.837230384349823,-0.9772316813468933,-0.011454422026872635,-0.21186554431915284],"EasingStyle":"Constant","EasingDirection":"In"},"Head":{"Weight":1,"CFrame":[0.008073050528764725,-0.09070152044296265,0.048635244369506839,0.9859692454338074,0.1316925585269928,0.1025753766298294,-0.0538703016936779,0.832641065120697,-0.551186740398407,-0.15799576044082642,0.5379273891448975,0.828052818775177],"EasingStyle":"Constant","EasingDirection":"In"},"Left Arm":{"Weight":1,"CFrame":[-0.46423569321632388,-0.23355138301849366,0.061963796615600589,0.5375544428825378,0.8095515966415405,0.2359268218278885,-0.8427546620368958,0.525178849697113,0.11811746656894684,-0.02828158065676689,-0.2623230218887329,0.9645655751228333],"EasingStyle":"Constant","EasingDirection":"In"},"Torso":{"Weight":1,"CFrame":[-1.3747857809066773,0.14813780784606934,-0.8525019288063049,0.6357731223106384,-0.7555372714996338,-0.15797457098960877,0.7641571760177612,0.5872208476066589,0.26689979434013369,-0.1088867262005806,-0.2904050946235657,0.9506884813308716],"EasingStyle":"Constant","EasingDirection":"In"},"HumanoidRootPart":{"Weight":0,"CFrame":[0,0,0,1,0,0,0,1,0,0,0,1],"EasingStyle":"Linear","EasingDirection":"In"},"Right Leg":{"Weight":1,"CFrame":[0.557519793510437,0.26100248098373415,0.00879928469657898,0.5652214288711548,0.8249359130859375,0.0023119968827813865,-0.8058900833129883,0.5515687465667725,0.21520517766475678,0.17625516653060914,-0.12350178509950638,0.9765661358833313],"EasingStyle":"Constant","EasingDirection":"In"}}},{"Time":0.2666666805744171,"poses":{"Left Leg":{"Weight":1,"CFrame":[-0.4602401852607727,0.3419322967529297,0.1493566781282425,0.8509916663169861,0.4279981851577759,0.30435290932655337,-0.4444994330406189,0.8956248164176941,-0.016627132892608644,-0.2797023355960846,-0.12113513052463532,0.9524142146110535],"EasingStyle":"Constant","EasingDirection":"In"},"Right Arm":{"Weight":1,"CFrame":[-0.16711461544036866,-0.5339391827583313,0.6199039220809937,-0.15278077125549317,-0.831721305847168,0.5337581634521484,-0.1419488936662674,0.5529671311378479,0.8210225105285645,-0.9780125021934509,0.04966996610164642,-0.20254456996917725],"EasingStyle":"Constant","EasingDirection":"In"},"Head":{"Weight":1,"CFrame":[0.008072987198829651,-0.09070149064064026,0.04863542318344116,0.9422242641448975,0.29988428950309756,0.1492742896080017,-0.24969305098056794,0.9257993102073669,-0.28381139039993288,-0.22330868244171143,0.23014125227928163,0.9471896886825562],"EasingStyle":"Constant","EasingDirection":"In"},"Left Arm":{"Weight":1,"CFrame":[-0.2940634489059448,-0.1952943503856659,0.11510002613067627,0.4418296813964844,0.889514148235321,0.11640926450490952,-0.8970809578895569,0.43726325035095217,0.06361286342144013,0.0056830719113349918,-0.13253460824489594,0.9911620616912842],"EasingStyle":"Constant","EasingDirection":"In"},"Torso":{"Weight":1,"CFrame":[-1.2951552867889405,-0.14784091711044312,-0.4825916588306427,0.6081802845001221,-0.7819046974182129,-0.13690054416656495,0.7925453782081604,0.5884329080581665,0.1600579470396042,-0.04459325596690178,-0.2058439701795578,0.9775682687759399],"EasingStyle":"Constant","EasingDirection":"In"},"HumanoidRootPart":{"Weight":0,"CFrame":[0,0,0,1,0,0,0,1,0,0,0,1],"EasingStyle":"Linear","EasingDirection":"In"},"Right Leg":{"Weight":1,"CFrame":[0.15716230869293214,0.16640633344650269,0.03067907691001892,0.6791451573371887,0.7257875800132752,-0.10951784998178482,-0.7009432315826416,0.6855709552764893,0.1966497153043747,0.21780827641487122,-0.05678778886795044,0.9743381142616272],"EasingStyle":"Constant","EasingDirection":"In"}}},{"Time":0.28333333134651186,"poses":{"Left Leg":{"Weight":1,"CFrame":[-0.4602401852607727,0.3419322967529297,0.1493566781282425,0.8509916663169861,0.4279981851577759,0.30435290932655337,-0.4444994330406189,0.8956248164176941,-0.016627132892608644,-0.2797023355960846,-0.12113513052463532,0.9524142146110535],"EasingStyle":"Constant","EasingDirection":"In"},"Right Arm":{"Weight":1,"CFrame":[-0.16711461544036866,-0.5339391827583313,0.6199039220809937,-0.15278077125549317,-0.831721305847168,0.5337581634521484,-0.1419488936662674,0.5529671311378479,0.8210225105285645,-0.9780125021934509,0.04966996610164642,-0.20254456996917725],"EasingStyle":"Constant","EasingDirection":"In"},"Head":{"Weight":1,"CFrame":[0.008072987198829651,-0.09070149064064026,0.04863542318344116,0.9422242641448975,0.29988428950309756,0.1492742896080017,-0.24969305098056794,0.9257993102073669,-0.28381139039993288,-0.22330868244171143,0.23014125227928163,0.9471896886825562],"EasingStyle":"Constant","EasingDirection":"In"},"Left Arm":{"Weight":1,"CFrame":[-0.2940634489059448,-0.1952943503856659,0.11510002613067627,0.4418296813964844,0.889514148235321,0.11640926450490952,-0.8970809578895569,0.43726325035095217,0.06361286342144013,0.0056830719113349918,-0.13253460824489594,0.9911620616912842],"EasingStyle":"Constant","EasingDirection":"In"},"Torso":{"Weight":1,"CFrame":[-1.2951552867889405,-0.14784091711044312,-0.4825916588306427,0.6081802845001221,-0.7819046974182129,-0.13690054416656495,0.7925453782081604,0.5884329080581665,0.1600579470396042,-0.04459325596690178,-0.2058439701795578,0.9775682687759399],"EasingStyle":"Constant","EasingDirection":"In"},"HumanoidRootPart":{"Weight":0,"CFrame":[0,0,0,1,0,0,0,1,0,0,0,1],"EasingStyle":"Linear","EasingDirection":"In"},"Right Leg":{"Weight":1,"CFrame":[0.15716230869293214,0.16640633344650269,0.03067907691001892,0.6791451573371887,0.7257875800132752,-0.10951784998178482,-0.7009432315826416,0.6855709552764893,0.1966497153043747,0.21780827641487122,-0.05678778886795044,0.9743381142616272],"EasingStyle":"Constant","EasingDirection":"In"}}},{"Time":0.30000001192092898,"poses":{"Left Leg":{"Weight":1,"CFrame":[-0.4602401852607727,0.3419322967529297,0.1493566781282425,0.8509916663169861,0.4279981851577759,0.30435290932655337,-0.4444994330406189,0.8956248164176941,-0.016627132892608644,-0.2797023355960846,-0.12113513052463532,0.9524142146110535],"EasingStyle":"Constant","EasingDirection":"In"},"Right Arm":{"Weight":1,"CFrame":[-0.16711461544036866,-0.5339391827583313,0.6199039220809937,-0.15278077125549317,-0.831721305847168,0.5337581634521484,-0.1419488936662674,0.5529671311378479,0.8210225105285645,-0.9780125021934509,0.04966996610164642,-0.20254456996917725],"EasingStyle":"Constant","EasingDirection":"In"},"Head":{"Weight":1,"CFrame":[0.008072987198829651,-0.09070149064064026,0.04863542318344116,0.9422242641448975,0.29988428950309756,0.1492742896080017,-0.24969305098056794,0.9257993102073669,-0.28381139039993288,-0.22330868244171143,0.23014125227928163,0.9471896886825562],"EasingStyle":"Constant","EasingDirection":"In"},"Left Arm":{"Weight":1,"CFrame":[-0.2940634489059448,-0.1952943503856659,0.11510002613067627,0.4418296813964844,0.889514148235321,0.11640926450490952,-0.8970809578895569,0.43726325035095217,0.06361286342144013,0.0056830719113349918,-0.13253460824489594,0.9911620616912842],"EasingStyle":"Constant","EasingDirection":"In"},"Torso":{"Weight":1,"CFrame":[-1.2951552867889405,-0.14784091711044312,-0.4825916588306427,0.6081802845001221,-0.7819046974182129,-0.13690054416656495,0.7925453782081604,0.5884329080581665,0.1600579470396042,-0.04459325596690178,-0.2058439701795578,0.9775682687759399],"EasingStyle":"Constant","EasingDirection":"In"},"HumanoidRootPart":{"Weight":0,"CFrame":[0,0,0,1,0,0,0,1,0,0,0,1],"EasingStyle":"Linear","EasingDirection":"In"},"Right Leg":{"Weight":1,"CFrame":[0.15716230869293214,0.16640633344650269,0.03067907691001892,0.6791451573371887,0.7257875800132752,-0.10951784998178482,-0.7009432315826416,0.6855709552764893,0.1966497153043747,0.21780827641487122,-0.05678778886795044,0.9743381142616272],"EasingStyle":"Constant","EasingDirection":"In"}}},{"Time":0.3166666626930237,"poses":{"Left Leg":{"Weight":1,"CFrame":[-0.4602401852607727,0.3419322967529297,0.1493566781282425,0.8509916663169861,0.4279981851577759,0.30435290932655337,-0.4444994330406189,0.8956248164176941,-0.016627132892608644,-0.2797023355960846,-0.12113513052463532,0.9524142146110535],"EasingStyle":"Constant","EasingDirection":"In"},"Right Arm":{"Weight":1,"CFrame":[-0.16711461544036866,-0.5339391827583313,0.6199039220809937,-0.15278077125549317,-0.831721305847168,0.5337581634521484,-0.1419488936662674,0.5529671311378479,0.8210225105285645,-0.9780125021934509,0.04966996610164642,-0.20254456996917725],"EasingStyle":"Constant","EasingDirection":"In"},"Head":{"Weight":1,"CFrame":[0.0080729871988