{"Sequence":[{"Time":0,"poses":{"Left Leg":{"Weight":1,"CFrame":[-0.3893822133541107,0.2488430142402649,-0.0443422794342041,0.943058431148529,0.3132886588573456,-0.11176258325576782,-0.31543785333633425,0.9489448070526123,-0.0016338006826117635,0.10554464161396027,0.03679489344358444,0.9937335848808289],"EasingStyle":"Constant","EasingDirection":"In"},"Right Arm":{"Weight":1,"CFrame":[-0.9451452493667603,-0.07470366358757019,0.08705389499664307,0.9102421402931213,-0.3778811991214752,0.16930773854255677,0.3750554621219635,0.9256727695465088,0.04963206872344017,-0.17547859251499177,0.018322370946407319,0.9843127727508545],"EasingStyle":"Constant","EasingDirection":"In"},"Left Arm":{"Weight":1,"CFrame":[-0.1762426793575287,-0.3040907680988312,0.07615768909454346,-0.5949823260307312,0.7898303866386414,-0.14887556433677674,-0.8023324012756348,-0.5727105736732483,0.16812346875667573,0.04752638563513756,0.21947811543941499,0.9744591116905212],"EasingStyle":"Constant","EasingDirection":"In"},"Right Leg":{"Weight":1,"CFrame":[-0.09653094410896301,-0.05694746971130371,-0.009946048259735108,0.8666048645973206,0.48646754026412966,-0.11110986769199372,-0.4890490174293518,0.8722444772720337,0.004557465668767691,0.09913210570812226,0.05038861557841301,0.993797779083252],"EasingStyle":"Constant","EasingDirection":"In"},"Torso":{"Weight":1,"CFrame":[-1.2194154262542725,0.04267081618309021,-0.054413795471191409,-0.07336407899856568,-0.9848401546478272,-0.15718679130077363,0.9972054958343506,-0.07466889172792435,0.0024038979317992927,-0.014104414731264115,-0.1565711498260498,0.9875659942626953],"EasingStyle":"Constant","EasingDirection":"In"},"HumanoidRootPart":{"Weight":0,"CFrame":[0,0,0,1,0,0,0,1,0,0,0,1],"EasingStyle":"Linear","EasingDirection":"In"},"Head":{"Weight":1,"CFrame":[9.313225746154785e-8,-5.98374754190445e-8,0.016662240028381349,0.9947903752326965,0.10179879516363144,0.0054045612923800949,-0.10189991444349289,0.9945056438446045,0.02398020401597023,-0.002933763200417161,-0.02440604381263256,0.9996978640556336],"EasingStyle":"Constant","EasingDirection":"In"}}},{"Time":0.034583333879709247,"poses":{"Left Leg":{"Weight":1,"CFrame":[-0.389382541179657,0.2488434910774231,-0.04434245824813843,0.9430584907531738,0.31328850984573367,-0.11176272481679917,-0.3154376447200775,0.9489449858665466,-0.0016336700646206737,0.10554482042789459,0.03679482266306877,0.9937336444854736],"EasingStyle":"Constant","EasingDirection":"In"},"Right Arm":{"Weight":1,"CFrame":[-0.9451448917388916,-0.07470390200614929,0.08705401420593262,0.9102421402931213,-0.3778811991214752,0.16930773854255677,0.3750554621219635,0.9256727695465088,0.04963206872344017,-0.17547859251499177,0.018322370946407319,0.9843127727508545],"EasingStyle":"Constant","EasingDirection":"In"},"Left Arm":{"Weight":1,"CFrame":[-0.1762426793575287,-0.3040909767150879,0.07615768909454346,-0.5949823260307312,0.7898303866386414,-0.14887556433677674,-0.8023324012756348,-0.5727105736732483,0.16812346875667573,0.04752638563513756,0.21947811543941499,0.9744591116905212],"EasingStyle":"Constant","EasingDirection":"In"},"Right Leg":{"Weight":1,"CFrame":[-0.09653058648109436,-0.05694758892059326,-0.009946107864379883,0.8666049242019653,0.4864673912525177,-0.11110977083444596,-0.48904892802238467,0.8722445964813232,0.0045574200339615349,0.0991319790482521,0.050388604402542117,0.993797779083252],"EasingStyle":"Constant","EasingDirection":"In"},"Torso":{"Weight":1,"CFrame":[-1.171173095703125,0.04086995869874954,-0.054413795471191409,-0.07336407899856568,-0.9848401546478272,-0.15718679130077363,0.9972054958343506,-0.07466889172792435,0.0024038979317992927,-0.014104414731264115,-0.1565711498260498,0.9875659942626953],"EasingStyle":"Constant","EasingDirection":"In"},"HumanoidRootPart":{"Weight":0,"CFrame":[0,0,0,1,0,0,0,1,0,0,0,1],"EasingStyle":"Linear","EasingDirection":"In"},"Head":{"Weight":1,"CFrame":[8.195638656616211e-8,-1.7904676496982575e-7,0.016662001609802247,0.9947903752326965,0.10179879516363144,0.0054045612923800949,-0.10189991444349289,0.9945056438446045,0.02398020401597023,-0.002933763200417161,-0.02440604381263256,0.9996978640556336],"EasingStyle":"Constant","EasingDirection":"In"}}},{"Time":0.06916666775941849,"poses":{"Left Leg":{"Weight":1,"CFrame":[-0.38938263058662417,0.248843252658844,-0.0443422794342041,0.9430584907531738,0.31328850984573367,-0.11176258325576782,-0.3154376745223999,0.9489449858665466,-0.0016338006826117635,0.10554466396570206,0.03679485619068146,0.9937335848808289],"EasingStyle":"Constant","EasingDirection":"In"},"Right Arm":{"Weight":1,"CFrame":[-0.9451451897621155,-0.07470336556434632,0.08705389499664307,0.9102421402931213,-0.3778811991214752,0.16930773854255677,0.3750554621219635,0.9256727695465088,0.04963206872344017,-0.17547859251499177,0.018322370946407319,0.9843127727508545],"EasingStyle":"Constant","EasingDirection":"In"},"Left Arm":{"Weight":1,"CFrame":[-0.1762426346540451,-0.3040904700756073,0.07615768909454346,-0.5949823260307312,0.7898303866386414,-0.14887556433677674,-0.8023324012756348,-0.5727105736732483,0.16812346875667573,0.04752638563513756,0.21947811543941499,0.9744591116905212],"EasingStyle":"Constant","EasingDirection":"In"},"Right Leg":{"Weight":1,"CFrame":[-0.09653043001890183,-0.05694699287414551,-0.009946167469024659,0.8666049242019653,0.4864673614501953,-0.11110976338386536,-0.48904892802238467,0.8722445368766785,0.004557449836283922,0.0991319790482521,0.050388604402542117,0.993797779083252],"EasingStyle":"Constant","EasingDirection":"In"},"Torso":{"Weight":1,"CFrame":[-1.1229305267333985,0.039069101214408877,-0.054413795471191409,-0.07336407899856568,-0.9848401546478272,-0.15718679130077363,0.9972054958343506,-0.07466889172792435,0.0024038979317992927,-0.014104414731264115,-0.1565711498260498,0.9875659942626953],"EasingStyle":"Constant","EasingDirection":"In"},"HumanoidRootPart":{"Weight":0,"CFrame":[0,0,0,1,0,0,0,1,0,0,0,1],"EasingStyle":"Linear","EasingDirection":"In"},"Head":{"Weight":1,"CFrame":[8.568167686462403e-8,-1.19674950838089e-7,0.01666247844696045,0.9947903752326965,0.10179879516363144,0.0054045612923800949,-0.10189991444349289,0.9945056438446045,0.02398020401597023,-0.002933763200417161,-0.02440604381263256,0.9996978640556336],"EasingStyle":"Constant","EasingDirection":"In"}}},{"Time":0.10333333164453507,"poses":{"Left Leg":{"Weight":1,"CFrame":[-0.5920742154121399,0.010078966617584229,-0.009127020835876465,0.9450475573539734,-0.3268115520477295,-0.008909734897315503,0.3268168270587921,0.9450872540473938,-0.0008911911281757057,0.00871168915182352,-0.002069630892947316,0.9999599456787109],"EasingStyle":"Constant","EasingDirection":"In"},"Right Arm":{"Weight":1,"CFrame":[-0.18176695704460145,-0.2976607084274292,0.016493797302246095,-0.06368589401245117,-0.986578106880188,0.1503589153289795,0.9963734745979309,-0.0543392039835453,0.06547679752111435,-0.05642759054899216,0.15398353338241578,0.9864608645439148],"EasingStyle":"Constant","EasingDirection":"In"},"Left Arm":{"Weight":1,"CFrame":[0.13671523332595826,-0.675817608833313,0.09702110290527344,0.020570293068885804,0.9876986145973206,-0.15501129627227784,-0.9899988770484924,0.04176628962159157,0.13475146889686585,0.13956806063652039,0.15068893134593965,0.9786795377731323],"EasingStyle":"Constant","EasingDirection":"In"},"Right Leg":{"Weight":1,"CFrame":[1.0911939144134522,0.08682668209075928,0.00559389591217041,0.7021051645278931,0.7120174169540405,-0.008924080990254879,-0.712040364742279,0.7021380066871643,0.0008230763487517834,0.00685203168541193,0.005776378326117992,0.9999599456787109],"EasingStyle":"Constant","EasingDirection":"In"},"Torso":{"Weight":1,"CFrame":[-1.058333396911621,0.03892058879137039,-0.15583491325378419,0.028357988223433496,-0.987209141254425,-0.15688841044902802,0.9995976090431213,0.027896400541067125,0.005143751855939627,-0.0007013376452960074,-0.15697114169597627,0.987602949142456],"EasingStyle":"Constant","EasingDirection":"In"},"HumanoidRootPart":{"Weight":0,"CFrame":[0,0,0,1,0,0,0,1,0,0,0,1],"EasingStyle":"Linear","EasingDirection":"In"},"Head":{"Weight":1,"CFrame":[9.243376553058624e-8,1.3818498700857163e-7,0.016661763191223146,0.9999998211860657,-0.0005644498742185533,0.00017279865278396755,0.0005600421573035419,0.9996964335441589,0.024631628766655923,-0.00018670098506845534,-0.024631502106785775,0.9996965527534485],"EasingStyle":"Constant","EasingDirection":"In"}}},{"Time":0.1379166692495346,"poses":{"Left Leg":{"Weight":1,"CFrame":[-0.5920740962028503,0.01007843017578125,-0.00912696123123169,0.9450474977493286,-0.32681164145469668,-0.008909615688025952,0.3268168866634369,0.9450872540473938,-0.000891172036062926,0.008711576461791993,-0.0020696287974715235,0.9999599456787109],"EasingStyle":"Constant","EasingDirection":"In"},"Right Arm":{"Weight":1,"CFrame":[-0.18176685273647309,-0.29766055941581728,0.016493797302246095,-0.06368589401245117,-0.986578106880188,0.1503589153289795,0.9963734745979309,-0.0543392039835453,0.06547679752111435,-0.05642759054899216,0.15398353338241578,0.9864608645439148],"EasingStyle":"Constant","EasingDirection":"In"},"Left Arm":{"Weight":1,"CFrame":[0.13671524822711945,-0.6758173704147339,0.09702122211456299,0.020570293068885804,0.9876986145973206,-0.15501129627227784,-0.9899988770484924,0.04176628962159157,0.13475146889686585,0.13956806063652039,0.15068893134593965,0.9786795377731323],"EasingStyle":"Constant","EasingDirection":"In"},"Right Leg":{"Weight":1,"CFrame":[1.0911939144134522,0.0868268609046936,0.00559389591217041,0.7021051049232483,0.7120173573493958,-0.008924203924834729,-0.7120404243469238,0.7021379470825195,0.0008230659295804799,0.00685211643576622,0.005776499398052692,0.9999598264694214],"EasingStyle":"Constant","EasingDirection":"In"},"Torso":{"Weight":1,"CFrame":[-1.0100908279418946,0.037119731307029727,-0.15583491325378419,0.028357988223433496,-0.987209141254425,-0.15688841044902802,0.9995976090431213,0.027896400541067125,0.005143751855939627,-0.0007013376452960074,-0.15697114169597627,0.987602949142456],"EasingStyle":"Constant","EasingDirection":"In"},"HumanoidRootPart":{"Weight":0,"CFrame":[0,0,0,1,0,0,0,1,0,0,0,1],"EasingStyle":"Linear","EasingDirection":"In"},"Head":{"Weight":1,"CFrame":[8.12578946352005e-8,1.4738179743289948e-7,0.016661882400512697,0.9999998211860657,-0.0005644498742185533,0.00017279865278396755,0.0005600421573035419,0.9996964335441589,0.024631628766655923,-0.00018670098506845534,-0.024631502106785775,0.9996965527534485],"EasingStyle":"Constant","EasingDirection":"In"}}},{"Time":0.17249999940395356,"poses":{"Left Leg":{"Weight":1,"CFrame":[-0.5920743346214294,0.010078907012939453,-0.009127140045166016,0.9450474977493286,-0.32681164145469668,-0.00890975259244442,0.3268169164657593,0.945087194442749,-0.0008911037584766746,0.008711675181984902,-0.0020697172731161119,0.9999599456787109],"EasingStyle":"Constant","EasingDirection":"In"},"Right Arm":{"Weight":1,"CFrame":[-0.18176710605621339,-0.29766035079956057,0.016493797302246095,-0.06368589401245117,-0.986578106880188,0.1503589153289795,0.9963734745979309,-0.0543392039835453,0.06547679752111435,-0.05642759054899216,0.15398353338241578,0.9864608645439148],"EasingStyle":"Constant","EasingDirection":"In"},"Left Arm":{"Weight":1,"CFrame":[0.136715367436409,-0.6758171916007996,0.09702110290527344,0.020570293068885804,0.9876986145973206,-0.15501129627227784,-0.9899988770484924,0.04176628962159157,0.13475146889686585,0.13956806063652039,0.15068893134593965,0.9786795377731323],"EasingStyle":"Constant","EasingDirection":"In"},"Right Leg":{"Weight":1,"CFrame":[1.0911937952041627,0.08682680130004883,0.005594015121459961,0.7021051049232483,0.7120173573493958,-0.008924208581447602,-0.7120404243469238,0.7021379470825195,0.0008230364765040576,0.006852101534605026,0.005776499398052692,0.9999598264694214],"EasingStyle":"Constant","EasingDirection":"In"},"Torso":{"Weight":1,"CFrame":[-0.9618484377861023,0.035318873822689059,-0.15583491325378419,0.028357988223433496,-0.987209141254425,-0.15688841044902802,0.9995976090431213,0.027896400541067125,0.005143751855939627,-0.0007013376452960074,-0.15697114169597627,0.987602949142456],"EasingStyle":"Constant","EasingDirection":"In"},"HumanoidRootPart":{"Weight":0,"CFrame":[0,0,0,1,0,0,0,1,0,0,0,1],"EasingStyle":"Linear","EasingDirection":"In"},"Head":{"Weight":1,"CFrame":[8.777715265750885e-8,1.5669502317905427e-7,0.016662120819091798,0.9999998211860657,-0.0005644498742185533,0.00017279865278396755,0.0005600421573035419,0.9996964335441589,0.024631628766655923,-0.00018670098506845534,-0.024631502106785775,0.9996965527534485],"EasingStyle":"Constant","EasingDirection":"In"}}},{"Time":0.2070833295583725,"poses":{"Left Leg":{"Weight":1,"CFrame":[-0.5920740962028503,0.010078668594360352,-0.009127199649810791,0.9450474977493286,-0.32681164145469668,-0.008909867145121098,0.3268168866634369,0.9450872540473938,-0.0008911517797969282,0.008711799047887326,-0.0020697172731161119,0.9999599456787109],"EasingStyle":"Constant","EasingDirection":"In"},"Right Arm":{"Weight":1,"CFrame":[-0.18176695704460145,-0.2976604104042053,0.016493797302246095,-0.06368589401245117,-0.986578106880188,0.1503589153289795,0.9963734745979309,-0.0543392039835453,0.06547679752111435,-0.05642759054899216,0.15398353338241578,0.9864608645439148],"EasingStyle":"Constant","EasingDirection":"In"},"Left Arm":{"Weight":1,"CFrame":[0.13671523332595826,-0.6758172512054443,0.09702110290527344,0.020570293068885804,0.9876986145973206,-0.15501129627227784,-0.9899988770484924,0.04176628962159157,0.13475146889686585,0.13956806063652039,0.15068893134593965,0.9786795377731323],"EasingStyle":"Constant","EasingDirection":"In"},"Right Leg":{"Weight":1,"CFrame":[1.0911939144134522,0.08682650327682495,0.00559389591217041,0.7021052241325378,0.7120173573493958,-0.008924055844545365,-0.7120403051376343,0.7021380662918091,0.000823042297270149,0.006852017715573311,0.0057763829827308659,0.9999599456787109],"EasingStyle":"Constant","EasingDirection":"In"},"Torso":{"Weight":1,"CFrame":[-0.9136059284210205,0.03351801633834839,-0.15583491325378419,0.028357988223433496,-0.987209141254425,-0.15688841044902802,0.9995976090431213,0.027896400541067125,0.005143751855939627,-0.0007013376452960074,-0.15697114169597627,0.987602949142456],"EasingStyle":"Constant","EasingDirection":"In"},"HumanoidRootPart":{"Weight":0,"CFrame":[0,0,0,1,0,0,0,1,0,0,0,1],"EasingStyle":"Linear","EasingDirection":"In"},"Head":{"Weight":1,"CFrame":[9.383074939250946e-8,1.3632234185934068e-7,0.016662001609802247,0.9999998211860657,-0.0005644498742185533,0.00017279865278396755,0.0005600421573035419,0.9996964335441589,0.024631628766655923,-0.00018670098506845534,-0.024631502106785775,0.9996965527534485],"EasingStyle":"Constant","EasingDirection":"In"}}},{"Time":0.24124999344348908,"poses":{"Left Leg":{"Weight":1,"CFrame":[0.11018583178520203,-0.04301619529724121,-0.008834004402160645,0.8568919897079468,-0.5113127827644348,0.06553853303194046,0.5123750567436218,0.8587615489959717,0.0006953506381250918,-0.056637540459632876,0.03298448026180267,0.9978498220443726],"EasingStyle":"Constant","EasingDirection":"In"},"Right Arm":{"Weight":1,"CFrame":[0.2608993649482727,-0.36697572469711306,0.06586277484893799,-0.4811197817325592,-0.8759275674819946,0.035702936351299289,0.8646740913391113,-0.4674406945705414,0.18395069241523744,-0.1444384604692459,0.11937359720468521,0.9822868704795837],"EasingStyle":"Constant","EasingDirection":"In"},"Left Arm":{"Weight":1,"CFrame":[0.5692903399467468,-0.1794826090335846,-0.018888652324676515,0.8974053859710693,0.4246799051761627,-0.11962690949440003,-0.41565194725990298,0.9046946167945862,0.09360065311193466,0.14797614514827729,-0.03427460789680481,0.9883968830108643],"EasingStyle":"Constant","EasingDirection":"In"},"Right Leg":{"Weight":1,"CFrame":[0.6631342172622681,0.5362164974212647,-0.04883277416229248,0.9963198900222778,-0.05472584068775177,0.06596801429986954,0.054770730435848239,0.9984983801841736,0.0011276069562882186,-0.06593062728643418,0.002489679027348757,0.9978210926055908],"EasingStyle":"Constant","EasingDirection":"In"},"Torso":{"Weight":1,"CFrame":[-0.8841623067855835,0.033655814826488498,-0.0957329273223877,0.10189633816480637,-0.9805318713188171,-0.1678520292043686,0.9947424530982971,0.10216507315635681,0.007056739646941423,0.010229257866740227,-0.16768857836723329,0.9857869744300842],"EasingStyle":"Constant","EasingDirection":"In"},"HumanoidRootPart":{"Weight":0,"CFrame":[0,0,0,1,0,0,0,1,0,0,0,1],"EasingStyle":"Linear","EasingDirection":"In"},"Head":{"Weight":1,"CFrame":[9.12696123123169e-8,-8.847564458847046e-9,0.016662120819091798,0.9971829056739807,-0.07497040182352066,-0.002428410341963172,0.07499616593122482,0.9970947504043579,0.01332779973745346,0.0014221700839698315,-0.013472398743033409,0.9999083280563355],"EasingStyle":"Constant","EasingDirection":"In"}}},{"Time":0.2758333384990692,"poses":{"Left Leg":{"Weight":1,"CFrame":[0.11018606275320053,-0.04301643371582031,-0.008833885192871094,0.8568919897079468,-0.5113127827644348,0.06553852558135987,0.5123750567436218,0.8587615489959717,0.0006953800329938531,-0.05663754418492317,0.03298448026180267,0.9978498220443726],"EasingStyle":"Constant","EasingDirection":"In"},"Right Arm":{"Weight":1,"CFrame":[0.2608993947505951,-0.3669757843017578,0.06586277484893799,-0.4811197817325592,-0.8759275674819946,0.035702936351299289,0.8646740913391113,-0.4674406945705414,0.18395069241523744,-0.1444384604692459,0.11937359720468521,0.9822868704795837],"EasingStyle":"Constant","EasingDirection":"In"},"Left Arm":{"Weight":1,"CFrame":[0.5692904591560364,-0.1794826090335846,-0.018888533115386964,0.8974053859710693,0.4246799051761627,-0.11962690949440003,-0.41565194725990298,0.9046946167945862,0.09360065311193466,0.14797614514827729,-0.03427460789680481,0.9883968830108643],"EasingStyle":"Constant","EasingDirection":"In"},"Right Leg":{"Weight":1,"CFrame":[0.6631343364715576,0.5362164974212647,-0.048832714557647708,0.9963198900222778,-0.05472584441304207,0.06596802175045014,0.054770730435848239,0.9984983801841736,0.001127546769566834,-0.06593061238527298,0.002489709062501788,0.9978211522102356],"EasingStyle":"Constant","EasingDirection":"In"},"Torso":{"Weight":1,"CFrame":[-0.8359198570251465,0.03185495734214783,-0.0957329273223877,0.10189633816480637,-0.9805318713188171,-0.1678520292043686,0.9947424530982971,0.10216507315635681,0.007056739646941423,0.010229257866740227,-0.16768857836723329,0.9857869744300842],"EasingStyle":"Constant","EasingDirection":"In"},"HumanoidRootPart":{"Weight":0,"CFrame":[0,0,0,1,0,0,0,1,0,0,0,1],"EasingStyle":"Linear","EasingDirection":"In"},"Head":{"Weight":1,"CFrame":[9.499490261077881e-8,6.05359673500061e-9,0.016662120819091798,0.9971829056739807,-0.07497040182352066,-0.002428410341963172,0.07499616593122482,0.9970947504043579,0.01332779973745346,0.0014221700839698315,-0.013472398743033409,0.9999083280563355],"EasingStyle":"Constant","EasingDirection":"In"}}},{"Time":0.31041666865348818,"poses":{"Left Leg":{"Weight":1,"CFrame":[0.12580561637878419,-0.07227492332458496,-0.010089218616485596,0.8173513412475586,-0.5719970464706421,0.06896547228097916,0.57331782579422,0.8193326592445374,0.0007791136158630252,-0.056951336562633517,0.03890230879187584,0.9976187944412231],"EasingStyle":"Constant","EasingDirection":"In"},"Right Arm":{"Weight":1,"CFrame":[0.5737361907958984,-0.5738405585289002,0.12694764137268067,-0.8216947913169861,-0.5699211955070496,0.0027579106390476228,0.5570347905158997,-0.8020731806755066,0.21538540720939637,-0.12054070085287094,0.17851735651493073,0.9765252470970154],"EasingStyle":"Constant","EasingDirection":"In"},"Left Arm":{"Weight":1,"CFrame":[0.6481965780258179,-0.013859301805496216,-0.05816996097564697,0.959846556186676,0.25785109400749209,-0.11048822849988938,-0.2484971582889557,0.9642890691757202,0.09162813425064087,0.13016895949840547,-0.060492973774671558,0.9896447062492371],"EasingStyle":"Constant","EasingDirection":"In"},"Right Leg":{"Weight":1,"CFrame":[0.5028652548789978,0.39627575874328616,-0.039797186851501468,0.9667288661003113,-0.24619923532009126,0.06943536549806595,0.24671624600887299,0.9690871238708496,0.0011636140989139677,-0.06757532805204392,0.016005923971533777,0.9975857734680176],"EasingStyle":"Constant","EasingDirection":"In"},"Torso":{"Weight":1,"CFrame":[-0.7989501953125,0.030516112223267556,-0.05673623085021973,0.10521242022514343,-0.9791334271430969,-0.17386265099048615,0.9943870306015015,0.10554970800876618,0.0073312087915837769,0.011172914877533913,-0.173658087849617,0.9847426414489746],"EasingStyle":"Constant","EasingDirection":"In"},"HumanoidRootPart":{"Weight":0,"CFrame":[0,0,0,1,0,0,0,1,0,0,0,1],"EasingStyle":"Linear","EasingDirection":"In"},"Head":{"Weight":1,"CFrame":[1.0617077350616455e-7,-2.1420419216156007e-8,0.016662120819091798,0.9969189763069153,-0.07841094583272934,-0.002103263745084405,0.07842425256967545,0.9968938827514648,0.007224210072308779,0.0015302288811653853,-0.007366887293756008,0.9999717473983765],"EasingStyle":"Constant","EasingDirection":"In"}}},{"Time":0.3449999988079071,"poses":{"Left Leg":{"Weight":1,"CFrame":[0.12580542266368867,-0.07227480411529541,-0.010089337825775147,0.8173513412475586,-0.5719970464706421,0.06896533817052841,0.57331782579422,0.8193326592445374,0.0007790903327986598,-0.05695123225450516,0.03890227898955345,0.9976187944412231],"EasingStyle":"Constant","EasingDirection":"In"},"Right Arm":{"Weight":1,"CFrame":[0.5737361907958984,-0.5738406181335449,0.12694764137268067,-0.8216947913169861,-0.5699211955070496,0.0027579106390476228,0.5570347905158997,-0.8020731806755066,0.21538540720939637,-0.12054070085287094,0.17851735651493073,0.9765252470970154],"EasingStyle":"Constant","EasingDirection":"In"},"Left Arm":{"Weight":1,"CFrame":[0.6481965184211731,-0.013859391212463379,-0.05816996097564697,0.959846556186676,0.25785109400749209,-0.11048822849988938,-0.2484971582889557,0.9642890691757202,0.09162813425064087,0.13016895949840547,-0.060492973774671558,0.9896447062492371],"EasingStyle":"Constant","EasingDirection":"In"},"Right Leg":{"Weight":1,"CFrame":[0.5028653144836426,0.3962754011154175,-0.039797067642211917,0.9667288064956665,-0.24619925022125245,0.06943521648645401,0.2467162162065506,0.9690870642662048,0.0011634596157819033,-0.06757515668869019,0.016006018966436387,0.9975858330726624],"EasingStyle":"Constant","EasingDirection":"In"},"Torso":{"Weight":1,"CFrame":[-0.750707745552063,0.028715254738926889,-0.05673623085021973,0.10521242022514343,-0.9791334271430969,-0.17386265099048615,0.9943870306015015,0.10554970800876618,0.0073312087915837769,0.011172914877533913,-0.173658087849617,0.9847426414489746],"EasingStyle":"Constant","EasingDirection":"In"},"HumanoidRootPart":{"Weight":0,"CFrame":[0,0,0,1,0,0,0,1,0,0,0,1],"EasingStyle":"Linear","EasingDirection":"In"},"Head":{"Weight":1,"CFrame":[1.0058283805847168e-7,-2.2118911147117616e-8,0.016662001609802247,0.9969189763069153,-0.07841094583272934,-0.002103263745084405,0.07842425256967545,0.9968938827514648,0.007224210072308779,0.0015302288811653853,-0.007366887293756008,0.9999717473983765],"EasingStyle":"Constant","EasingDirection":"In"}}},{"Time":0.3791666626930237,"poses":{"Left Leg":{"Weight":1,"CFrame":[0.12580575048923493,-0.07227468490600586,-0.01008915901184082,0.8173512816429138,-0.5719971060752869,0.06896545737981796,0.57331782579422,0.8193327188491821,0.000779172289185226,-0.056951358914375308,0.03890227898955345,0.9976187944412231],"EasingStyle":"Constant","EasingDirection":"In"},"Right Arm":{"Weight":1,"CFrame":[0.5737361311912537,-0.5738404989242554,0.12694764137268067,-0.8216947913169861,-0.5699211955070496,0.0027579106390476228,0.5570347905158997,-0.8020731806755066,0.21538540720939637,-0.12054070085287094,0.17851735651493073,0.9765252470970154],"EasingStyle":"Constant","EasingDirection":"In"},"Left Arm":{"Weight":1,"CFrame":[0.6481966972351074,-0.01385924220085144,-0.05817002058029175,0.959846556186676,0.25785109400749209,-0.11048822849988938,-0.2484971582889557,0.9642890691757202,0.09162813425064087,0.13016895949840547,-0.060492973774671558,0.9896447062492371],"EasingStyle":"Constant","EasingDirection":"In"},"Right Leg":{"Weight":1,"CFrame":[0.5028653144836426,0.39627575874328616,-0.039797186851501468,0.9667288661003113,-0.24619923532009126,0.06943536549806595,0.24671624600887299,0.9690871238708496,0.0011636140989139677,-0.06757532805204392,0.016005923971533777,0.9975857734680176],"EasingStyle":"Constant","EasingDirection":"In"},"Torso":{"Weight":1,"CFrame":[-0.7024651765823364,0.02691439725458622,-0.05673623085021973,0.10521242022514343,-0.9791334271430969,-0.17386265099048615,0.9943870306015015,0.10554970800876618,0.0073312087915837769,0.011172914877533913,-0.173658087849617,0.9847426414489746],"EasingStyle":"Constant","EasingDirection":"In"},"HumanoidRootPart":{"Weight":0,"CFrame":[0,0,0,1,0,0,0,1,0,0,0,1],"EasingStyle":"Linear","EasingDirection":"In"},"Head":{"Weight":1,"CFrame":[9.499490261077881e-8,8.149072527885437e-8,0.016662120819091798,0.9969189763069153,-0.07841094583272934,-0.002103263745084405,0.07842425256967545,0.9968938827514648,0.007224210072308779,0.0015302288811653853,-0.007366887293756008,0.9999717473983765],"EasingStyle":"Constant","EasingDirection":"In"}}},{"Time":0.4137499928474426,"poses":{"Left Leg":{"Weight":1,"CFrame":[0.12580552697181703,-0.07227456569671631,-0.01008915901184082,0.8173512816429138,-0.5719970464706421,0.06896545737981796,0.57331782579422,0.8193326592445374,0.000779172289185226,-0.0569513663649559,0.03890227898955345,0.9976187944412231],"EasingStyle":"Constant","EasingDirection":"In"},"Right Arm":{"Weight":1,"CFrame":[0.5737362504005432,-0.5738403797149658,0.12694776058197022,-0.8216947913169861,-0.5699211955070496,0.0027579106390476228,0.5570347905158997,-0.8020731806755066,0.21538540720939637,-0.12054070085287094,0.17851735651493073,0.9765252470970154],"EasingStyle":"Constant","EasingDirection":"In"},"Left Arm":{"Weight":1,"CFrame":[0.6481965184211731,-0.013859093189239502,-0.05816984176635742,0.959846556186676,0.25785109400749209,-0.11048822849988938,-0.2484971582889557,0.9642890691757202,0.09162813425064087,0.13016895949840547,-0.060492973774671558,0.9896447062492371],"EasingStyle":"Constant","EasingDirection":"In"},"Right Leg":{"Weight":1,"CFrame":[0.5028652548789978,0.39627569913864138,-0.039797306060791019,0.9667288661003113,-0.24619920551776887,0.06943535059690476,0.2467162311077118,0.9690870642662048,0.0011635554255917669,-0.06757531315088272,0.016005951911211015,0.9975857734680176],"EasingStyle":"Constant","EasingDirection":"In"},"Torso":{"Weight":1,"CFrame":[-0.6542227268218994,0.02511354349553585,-0.05673623085021973,0.10521242022514343,-0.9791334271430969,-0.17386265099048615,0.9943870306015015,0.10554970800876618,0.0073312087915837769,0.011172914877533913,-0.173658087849617,0.9847426414489746],"EasingStyle":"Constant","EasingDirection":"In"},"HumanoidRootPart":{"Weight":0,"CFrame":[0,0,0,1,0,0,0,1,0,0,0,1],"EasingStyle":"Linear","EasingDirection":"In"},"Head":{"Weight":1,"CFrame":[1.0617077350616455e-7,-2.3283064365386964e-8,0.0166623592376709,0.9969189763069153,-0.07841094583272934,-0.002103263745084405,0.07842425256967545,0.9968938827514648,0.007224210072308779,0.0015302288811653853,-0.007366887293756008,0.9999717473983765],"EasingStyle":"Constant","EasingDirection":"In"}}},{"Time":0.44833332300186159,"poses":{"Left Leg":{"Weight":1,"CFrame":[0.12580560147762299,-0.07227480411529541,-0.010089278221130371,0.8173514008522034,-0.5719969868659973,0.06896533817052841,0.5733177065849304,0.8193327784538269,0.0007791509851813316,-0.05695125460624695,0.03890223801136017,0.9976187944412231],"EasingStyle":"Constant","EasingDirection":"In"},"Right Arm":{"Weight":1,"CFrame":[0.5737361907958984,-0.5738406777381897,0.12694776058197022,-0.8216947913169861,-0.5699211955070496,0.0027579106390476228,0.5570347905158997,-0.8020731806755066,0.21538540720939637,-0.12054070085287094,0.17851735651493073,0.9765252470970154],"EasingStyle":"Constant","EasingDirection":"In"},"Left Arm":{"Weight":1,"CFrame":[0.6481966376304627,-0.013859391212463379,-0.05817002058029175,0.959846556186676,0.25785109400749209,-0.11048822849988938,-0.2484971582889557,0.9642890691757202,0.09162813425064087,0.13016895949840547,-0.060492973774671558,0.9896447062492371],"EasingStyle":"Constant","EasingDirection":"In"},"Right Leg":{"Weight":1,"CFrame":[0.5028650164604187,0.39627522230148318,-0.03979700803756714,0.9667288064956665,-0.24619925022125245,0.06943520903587342,0.2467162162065506,0.9690870642662048,0.0011634003603830934,-0.0675751343369484,0.016006048768758775,0.9975857734680176],"EasingStyle":"Constant","EasingDirection":"In"},"Torso":{"Weight":1,"CFrame":[-0.6059803366661072,0.023312686011195184,-0.05673623085021973,0.10521242022514343,-0.9791334271430969,-0.17386265099048615,0.9943870306015015,0.10554970800876618,0.0073312087915837769,0.011172914877533913,-0.173658087849617,0.9847426414489746],"EasingStyle":"Constant","EasingDirection":"In"},"HumanoidRootPart":{"Weight":0,"CFrame":[0,0,0,1,0,0,0,1,0,0,0,1],"EasingStyle":"Linear","EasingDirection":"In"},"Head":{"Weight":1,"CFrame":[1.0244548320770264e-7,2.8172507882118226e-8,0.016662001609802247,0.9969189763069153,-0.07841094583272934,-0.002103263745084405,0.07842425256967545,0.9968938827514648,0.007224210072308779,0.0015302288811653853,-0.007366887293756008,0.9999717473983765],"EasingStyle":"Constant","EasingDirection":"In"}}},{"Time":0.4829166531562805,"poses":{"Left Leg":{"Weight":1,"CFrame":[-0.9066197872161865,0.1281437873840332,0.03743886947631836,0.8208554983139038,-0.5692963600158691,0.045801419764757159,0.5697880983352661,0.8217869997024536,0.0027665128000080587,-0.03921401873230934,0.023826222866773607,0.9989467263221741],"EasingStyle":"Constant","EasingDirection":"In"},"Right Arm":{"Weight":1,"CFrame":[-0.18176695704460145,-0.29766079783439639,0.016493797302246095,-0.06368595361709595,-0.9865780472755432,0.15035909414291383,0.9963734149932861,-0.054339293390512469,0.06547685712575913,-0.056427597999572757,0.15398365259170533,0.9864608645439148],"EasingStyle":"Constant","EasingDirection":"In"},"Left Arm":{"Weight":1,"CFrame":[0.13671521842479707,-0.6758175492286682,0.09702110290527344,0.020570306107401849,0.9876985549926758,-0.15501147508621217,-0.9899988770484924,0.04176630452275276,0.13475143909454347,0.1395680457353592,0.15068911015987397,0.9786794781684876],"EasingStyle":"Constant","EasingDirection":"In"},"Right Leg":{"Weight":1,"CFrame":[0.6183255910873413,0.03362381458282471,-0.032873332500457767,0.954307496547699,0.29524868726730349,0.046100158244371417,-0.2954983115196228,0.955342173576355,-0.0014606681652367116,-0.04447263106703758,-0.012228617444634438,0.9989358186721802],"EasingStyle":"Constant","EasingDirection":"In"},"Torso":{"Weight":1,"CFrame":[-0.5308306217193604,0.021407082676887513,-0.15766263008117677,0.08293049037456513,-0.9834702610969544,-0.1609622836112976,0.9965404868125916,0.08272276818752289,0.008003192022442818,0.005444344133138657,-0.1610691398382187,0.9869281053543091],"EasingStyle":"Constant","EasingDirection":"In"},"HumanoidRootPart":{"Weight":0,"CFrame":[0,0,0,1,0,0,0,1,0,0,0,1],"EasingStyle":"Linear","EasingDirection":"In"},"Head":{"Weight":1,"CFrame":[7.869675755500794e-8,8.754432201385498e-8,0.016661405563354493,0.9984568953514099,-0.05540961027145386,-0.0036876071244478227,0.0554732009768486,0.9982548356056213,0.02025325782597065,0.002558891661465168,-0.020426545292139055,0.9997881650924683],"EasingStyle":"Constant","EasingDirection":"In"}}},{"Time":0.5170833468437195,"poses":{"Left Leg":{"Weight":1,"CFrame":[-0.906619668006897,0.1281437873840332,0.03743898868560791,0.8208555579185486,-0.5692964196205139,0.04580143839120865,0.5697880983352661,0.8217869997024536,0.0027663949877023699,-0.03921400010585785,0.02382625639438629,0.9989467263221741],"EasingStyle":"Constant","EasingDirection":"In"},"Right Arm":{"Weight":1,"CFrame":[-0.18176697194576264,-0.29766082763671877,0.016493797302246095,-0.06368595361709595,-0.9865780472755432,0.15035909414291383,0.9963734149932861,-0.054339293390512469,0.06547685712575913,-0.056427597999572757,0.15398365259170533,0.9864608645439148],"EasingStyle":"Constant","EasingDirection":"In"},"Left Arm":{"Weight":1,"CFrame":[0.13671517372131349,-0.675817608833313,0.09702122211456299,0.020570306107401849,0.9876985549926758,-0.15501147508621217,-0.9899988770484924,0.04176630452275276,0.13475143909454347,0.1395680457353592,0.15068911015987397,0.9786794781684876],"EasingStyle":"Constant","EasingDirection":"In"},"Right Leg":{"Weight":1,"CFrame":[0.6183256506919861,0.03362351655960083,-0.032873451709747317,0.954307496547699,0.29524871706962588,0.04610016196966171,-0.2954983115196228,0.955342173576355,-0.0014606387121602893,-0.044472623616456988,-0.012228649109601975,0.9989358186721802],"EasingStyle":"Constant","EasingDirection":"In"},"Torso":{"Weight":1,"CFrame":[-0.4825882017612457,0.019606228917837144,-0.15766263008117677,0.08293049037456513,-0.9834702610969544,-0.1609622836112976,0.9965404868125916,0.08272276818752289,0.008003192022442818,0.005444344133138657,-0.1610691398382187,0.9869281053543091],"EasingStyle":"Constant","EasingDirection":"In"},"HumanoidRootPart":{"Weight":0,"CFrame":[0,0,0,1,0,0,0,1,0,0,0,1],"EasingStyle":"Linear","EasingDirection":"In"},"Head":{"Weight":1,"CFrame":[7.962808012962341e-8,1.0128132998943329e-7,0.016661405563354493,0.9984568953514099,-0.05540961027145386,-0.0036876071244478227,0.0554732009768486,0.9982548356056213,0.02025325782597065,0.002558891661465168,-0.020426545292139055,0.9997881650924683],"EasingStyle":"Constant","EasingDirection":"In"}}},{"Time":0.5516666769981384,"poses":{"Left Leg":{"Weight":1,"CFrame":[-0.9066197276115418,0.1281440258026123,0.03743898868560791,0.8208555579185486,-0.5692964196205139,0.04580143839120865,0.5697880983352661,0.8217869997024536,0.0027663949877023699,-0.03921399638056755,0.02382625639438629,0.9989467263221741],"EasingStyle":"Constant","EasingDirection":"In"},"Right Arm":{"Weight":1,"CFrame":[-0.18176698684692384,-0.29766061902046206,0.016493797302246095,-0.06368595361709595,-0.9865780472755432,0.15035909414291383,0.9963734149932861,-0.054339293390512469,0.06547685712575913,-0.056427597999572757,0.15398365259170533,0.9864608645439148],"EasingStyle":"Constant","EasingDirection":"In"},"Left Arm":{"Weight":1,"CFrame":[0.13671515882015229,-0.6758173704147339,0.09702122211456299,0.020570306107401849,0.9876985549926758,-0.15501147508621217,-0.9899988770484924,0.04176630452275276,0.13475143909454347,0.1395680457353592,0.15068911015987397,0.9786794781684876],"EasingStyle":"Constant","EasingDirection":"In"},"Right Leg":{"Weight":1,"CFrame":[0.6183254718780518,0.03362375497817993,-0.032873451709747317,0.9543075561523438,0.2952486276626587,0.04610016942024231,-0.29549819231033327,0.9553422927856445,-0.0014606401091441513,-0.04447261989116669,-0.012228639796376229,0.9989358186721802],"EasingStyle":"Constant","EasingDirection":"In"},"Torso":{"Weight":1,"CFrame":[-0.4343457520008087,0.017805371433496476,-0.15766263008117677,0.08293049037456513,-0.9834702610969544,-0.1609622836112976,0.9965404868125916,0.08272276818752289,0.008003192022442818,0.005444344133138657,-0.1610691398382187,0.9869281053543091],"EasingStyle":"Constant","EasingDirection":"In"},"HumanoidRootPart":{"Weight":0,"CFrame":[0,0,0,1,0,0,0,1,0,0,0,1],"EasingStyle":"Linear","EasingDirection":"In"},"Head":{"Weight":1,"CFrame":[7.89295881986618e-8,5.541369318962097e-8,0.016661524772644044,0.9984568953514099,-0.05540961027145386,-0.0036876071244478227,0.0554732009768486,0.9982548356056213,0.02025325782597065,0.002558891661465168,-0.020426545292139055,0.9997881650924683],"EasingStyle":"Constant","EasingDirection":"In"}}},{"Time":0.5862500071525574,"poses":{"Left Leg":{"Weight":1,"CFrame":[-0.47332343459129336,0.3330395817756653,-0.04674285650253296,0.9648430943489075,0.24527576565742494,-0.09443377703428269,-0.24647407233715058,0.9691488742828369,-0.0010592250619083644,0.09126053750514984,0.024297436699271203,0.9955306649208069],"EasingStyle":"Constant","EasingDirection":"In"},"Right Arm":{"Weight":1,"CFrame":[-0.828281819820404,-0.11265906691551209,0.06875646114349365,0.8204807639122009,-0.5467828512191773,0.16685281693935395,0.5474290251731873,0.8355717062950134,0.04627647623419762,-0.16472075879573823,0.05337115377187729,0.9848952293395996],"EasingStyle":"Constant","EasingDirection":"In"},"Left Arm":{"Weight":1,"CFrame":[-0.16358087956905366,-0.4051835834980011,0.08212137222290039,-0.5770352482795715,0.8029313087463379,-0.14943726360797883,-0.815108060836792,-0.5546875,0.16709491610527039,0.051274772733449939,0.21822719275951386,0.9745501279830933],"EasingStyle":"Constant","EasingDirection":"In"},"Right Leg":{"Weight":1,"CFrame":[0.09067228436470032,-0.14927887916564942,0.008524537086486817,0.818416178226471,0.5668973922729492,-0.09392689168453217,-0.5691534876823425,0.8222246766090393,0.003327080048620701,0.07911515235900879,0.05073589086532593,0.9955735802650452],"EasingStyle":"Constant","EasingDirection":"In"},"Torso":{"Weight":1,"CFrame":[-0.39347872138023379,0.012495656497776509,-0.09035134315490723,-0.056123316287994388,-0.9859944581985474,-0.15705154836177827,0.998349666595459,-0.05733910948038101,0.003217852208763361,-0.012177981436252594,-0.15661174058914185,0.987585186958313],"EasingStyle":"Constant","EasingDirection":"In"},"HumanoidRootPart":{"Weight":0,"CFrame":[0,0,0,1,0,0,0,1,0,0,0,1],"EasingStyle":"Linear","EasingDirection":"In"},"Head":{"Weight":1,"CFrame":[9.080395102500916e-8,-9.778887033462525e-9,0.016662120819091798,0.9964119791984558,0.08453194051980972,0.004182765260338783,-0.08460897952318192,0.9961190223693848,0.02425343170762062,-0.002116368617862463,-0.024520309641957284,0.9996970891952515],"EasingStyle":"Constant","EasingDirection":"In"}}},{"Time":0.6208333373069763,"poses":{"Left Leg":{"Weight":1,"CFrame":[-0.4733235538005829,0.33303916454315188,-0.046743035316467288,0.9648430943489075,0.24527572095394135,-0.09443379938602448,-0.24647407233715058,0.9691488146781921,-0.0010591979371383787,0.09126055240631104,0.024297431111335756,0.9955306649208069],"EasingStyle":"Constant","EasingDirection":"In"},"Right Arm":{"Weight":1,"CFrame":[-0.828281819820404,-0.11265945434570313,0.0687565803527832,0.8204807639122009,-0.5467828512191773,0.16685281693935395,0.5474290251731873,0.8355717062950134,0.04627647623419762,-0.16472075879573823,0.05337115377187729,0.9848952293395996],"EasingStyle":"Constant","EasingDirection":"In"},"Left Arm":{"Weight":1,"CFrame":[-0.16358086466789246,-0.40518397092819216,0.08212125301361084,-0.5770352482795715,0.8029313087463379,-0.14943726360797883,-0.815108060836792,-0.5546875,0.16709491610527039,0.051274772733449939,0.21822719275951386,0.9745501279830933],"EasingStyle":"Constant","EasingDirection":"In"},"Right Leg":{"Weight":1,"CFrame":[0.09067276865243912,-0.14927947521209718,0.008524537086486817,0.8184159994125366,0.5668976902961731,-0.09392701089382172,-0.5691538453102112,0.8222243785858154,0.0033270991407334806,0.07911525666713715,0.05073593929409981,0.9955735802650452],"EasingStyle":"Constant","EasingDirection":"In"},"Torso":{"Weight":1,"CFrame":[-0.34523627161979678,0.01069480087608099,-0.09035134315490723,-0.056123316287994388,-0.9859944581985474,-0.15705154836177827,0.998349666595459,-0.05733910948038101,0.003217852208763361,-0.012177981436252594,-0.15661174058914185,0.987585186958313],"EasingStyle":"Constant","EasingDirection":"In"},"HumanoidRootPart":{"Weight":0,"CFrame":[0,0,0,1,0,0,0,1,0,0,0,1],"EasingStyle":"Linear","EasingDirection":"In"},"Head":{"Weight":1,"CFrame":[9.220093488693237e-8,2.1886080503463746e-8,0.016661643981933595,0.9964119791984558,0.08453194051980972,0.004182765260338783,-0.08460897952318192,0.9961190223693848,0.02425343170762062,-0.002116368617862463,-0.024520309641957284,0.9996970891952515],"EasingStyle":"Constant","EasingDirection":"In"}}},{"Time":0.6549999713897705,"poses":{"Left Leg":{"Weight":1,"CFrame":[-0.3893824815750122,0.2488430142