{"Sequence":[{"Time":0,"poses":{"Left Leg":{"Weight":1,"CFrame":[-0.1348399817943573,0.19760078191757203,0.2906069755554199,0.8392720222473145,-0.21866817772388459,0.497801810503006,0.19988471269607545,0.9755354523658752,0.09152413159608841,-0.5056368112564087,0.022689320147037507,0.8624480962753296],"EasingStyle":"Linear","EasingDirection":"Out"},"Right Arm":{"Weight":1,"CFrame":[-0.1478642225265503,-0.09946796298027039,-0.22177422046661378,0.8414099216461182,0.3214721381664276,-0.4343789219856262,-0.3260359466075897,0.9430252313613892,0.0663621723651886,0.4309638738632202,0.08578532189130783,0.8982822299003601],"EasingStyle":"Linear","EasingDirection":"Out"},"Left Arm":{"Weight":1,"CFrame":[-0.0434957779943943,-0.065256267786026,-0.1571548581123352,0.8454146385192871,0.17770452797412873,-0.5036816596984863,-0.3406006097793579,0.9057738780975342,-0.25212088227272036,0.41141870617866518,0.38470083475112917,0.8262807130813599],"EasingStyle":"Linear","EasingDirection":"Out"},"Head":{"Weight":1,"CFrame":[1.3282988220453263e-7,-7.916241884231568e-9,1.1920928955078126e-7,0.9724343419075012,-0.222249835729599,0.0705437958240509,0.22912636399269105,0.9669083952903748,-0.11220163106918335,-0.04327259957790375,0.12527216970920564,0.9911782741546631],"EasingStyle":"Linear","EasingDirection":"Out"},"Torso":{"Weight":1,"CFrame":[-0.1369168758392334,-0.03031400591135025,-0.3453059196472168,0.9541130661964417,0.2895625829696655,-0.07630050182342529,-0.2875306308269501,0.9570706486701965,0.0366327203810215,0.0836324393749237,-0.013013024814426899,0.9964116811752319],"EasingStyle":"Linear","EasingDirection":"Out"},"HumanoidRootPart":{"Weight":1,"CFrame":[0,0,0,1,0,0,0,1,0,0,0,1],"EasingStyle":"Linear","EasingDirection":"In"},"Right Leg":{"Weight":1,"CFrame":[0.3263085186481476,0.39147883653640749,-0.14121770858764649,0.9682426452636719,0.2499043494462967,0.007344658486545086,-0.24652814865112306,0.9494500160217285,0.19434109330177308,0.04159332439303398,-0.18998007476329804,0.9809065461158752],"EasingStyle":"Linear","EasingDirection":"Out"}}},{"Time":0.03448275849223137,"poses":{"Left Leg":{"Weight":1,"CFrame":[-0.14035195112228394,0.1890673041343689,0.28973090648651125,0.8442663550376892,-0.22033007442951203,0.48853757977485659,0.20674748718738557,0.9749186038970947,0.0823967382311821,-0.49443888664245608,0.03143913671374321,0.8686436414718628],"EasingStyle":"Linear","EasingDirection":"Out"},"Right Arm":{"Weight":1,"CFrame":[-0.18225924670696259,-0.08284381031990051,-0.2458890676498413,0.8054270148277283,0.40745973587036135,-0.43042293190956118,-0.43012571334838869,0.9014651775360107,0.0485006719827652,0.4077734053134918,0.1460721641778946,0.9013233780860901],"EasingStyle":"Linear","EasingDirection":"Out"},"Left Arm":{"Weight":1,"CFrame":[-0.04349575936794281,-0.06525591015815735,-0.15715497732162476,0.8454145789146423,0.17770464718341828,-0.5036816596984863,-0.3406006395816803,0.9057738780975342,-0.2521207630634308,0.41141876578330996,0.3847008943557739,0.8262807726860046],"EasingStyle":"Linear","EasingDirection":"Out"},"Head":{"Weight":1,"CFrame":[1.1292286217212677e-7,-8.381903171539307e-9,3.5762786865234377e-7,0.9724138379096985,-0.22232003509998322,0.07060549408197403,0.22936280071735383,0.9664193987846375,-0.1158718466758728,-0.04247387871146202,0.1288696527481079,0.9907515048980713],"EasingStyle":"Linear","EasingDirection":"Out"},"Torso":{"Weight":1,"CFrame":[-0.11858519911766052,-0.030313998460769655,-0.3413410186767578,0.9552288055419922,0.28608235716819765,-0.07546371221542359,-0.28370970487594607,0.9580456018447876,0.04071152210235596,0.08394452929496765,-0.017479034140706064,0.9963171482086182],"EasingStyle":"Linear","EasingDirection":"Out"},"HumanoidRootPart":{"Weight":1,"CFrame":[0,0,0,1,0,0,0,1,0,0,0,1],"EasingStyle":"Linear","EasingDirection":"In"},"Right Leg":{"Weight":1,"CFrame":[0.31692105531692507,0.3915039300918579,-0.13694602251052857,0.9678307771682739,0.25158676505088808,-0.0027665558736771347,-0.24570195376873017,0.9474451541900635,0.2048860490322113,0.05416782572865486,-0.19761531054973603,0.9787819385528565],"EasingStyle":"Linear","EasingDirection":"Out"}}},{"Time":0.06896551698446274,"poses":{"Left Leg":{"Weight":1,"CFrame":[-0.14117668569087983,0.17450058460235597,0.28230249881744387,0.853006899356842,-0.22356069087982179,0.4715927839279175,0.21397201716899873,0.9739800691604614,0.07469149678945542,-0.47602012753486636,0.03719532862305641,0.87864750623703],"EasingStyle":"Linear","EasingDirection":"Out"},"Right Arm":{"Weight":1,"CFrame":[-0.18429598212242127,-0.08058655261993408,-0.2535574436187744,0.7906014919281006,0.41255149245262148,-0.4524938464164734,-0.44222143292427065,0.8958214521408081,0.04409221187233925,0.42354393005371096,0.165242999792099,0.8906767964363098],"EasingStyle":"Linear","EasingDirection":"Out"},"Left Arm":{"Weight":1,"CFrame":[-0.043495796620845798,-0.06525620818138123,-0.15715497732162476,0.8454146385192871,0.1777045577764511,-0.5036817789077759,-0.3406005799770355,0.9057738780975342,-0.2521207630634308,0.41141873598098757,0.38470083475112917,0.8262806534767151],"EasingStyle":"Linear","EasingDirection":"Out"},"Head":{"Weight":1,"CFrame":[5.681067705154419e-8,1.6763806343078614e-8,-2.384185791015625e-7,0.9725512266159058,-0.22186022996902467,0.07015781104564667,0.22921444475650788,0.9653545022010803,-0.12470513582229614,-0.04006006568670273,0.13736331462860108,0.9897103309631348],"EasingStyle":"Linear","EasingDirection":"Out"},"Torso":{"Weight":1,"CFrame":[-0.09839293360710144,-0.030314013361930848,-0.33133506774902346,0.9583534598350525,0.2760615348815918,-0.07313444465398789,-0.2728089690208435,0.9606916308403015,0.05144742503762245,0.08446230739355087,-0.02935309335589409,0.9959942102432251],"EasingStyle":"Linear","EasingDirection":"Out"},"HumanoidRootPart":{"Weight":1,"CFrame":[0,0,0,1,0,0,0,1,0,0,0,1],"EasingStyle":"Linear","EasingDirection":"In"},"Right Leg":{"Weight":1,"CFrame":[0.3031662106513977,0.3822658061981201,-0.1274733543395996,0.964160680770874,0.2646804749965668,-0.018396340310573579,-0.2546525001525879,0.9426341652870178,0.2158540040254593,0.07447338849306107,-0.2034333199262619,0.9762523174285889],"EasingStyle":"Linear","EasingDirection":"Out"}}},{"Time":0.1034482792019844,"poses":{"Left Leg":{"Weight":1,"CFrame":[-0.13948073983192445,0.15743541717529298,0.27062487602233889,0.8644476532936096,-0.22769026458263398,0.4482046663761139,0.2209371030330658,0.9729060530662537,0.0681220218539238,-0.4515717327594757,0.0401371568441391,0.8913315534591675],"EasingStyle":"Linear","EasingDirection":"Out"},"Right Arm":{"Weight":1,"CFrame":[-0.1654745638370514,-0.08985033631324768,-0.24663478136062623,0.7886802554130554,0.3654975891113281,-0.4943632483482361,-0.39016157388687136,0.91898113489151,0.0569876991212368,0.475139319896698,0.14793644845485688,0.8673853874206543],"EasingStyle":"Linear","EasingDirection":"Out"},"Left Arm":{"Weight":1,"CFrame":[-0.04381765425205231,-0.06515896320343018,-0.15723562240600587,0.8431848883628845,0.17850947380065919,-0.5071230530738831,-0.34240078926086428,0.9055299162864685,-0.25055381655693056,0.414488822221756,0.3849024772644043,0.8246508240699768],"EasingStyle":"Linear","EasingDirection":"Out"},"Head":{"Weight":1,"CFrame":[7.82310962677002e-8,4.0978193283081057e-8,-3.5762786865234377e-7,0.9731392860412598,-0.21987028419971467,0.06824234873056412,0.2273794710636139,0.9643449783325195,-0.13541537523269654,-0.03603534772992134,0.14729490876197816,0.9884359836578369],"EasingStyle":"Linear","EasingDirection":"Out"},"Torso":{"Weight":1,"CFrame":[-0.07723987102508545,-0.030314013361930848,-0.31811952590942385,0.9630675315856934,0.26009806990623476,-0.06964138150215149,-0.2556604743003845,0.9644696116447449,0.06660386174917221,0.08449053764343262,-0.04633946344256401,0.995346188545227],"EasingStyle":"Linear","EasingDirection":"Out"},"HumanoidRootPart":{"Weight":1,"CFrame":[0,0,0,1,0,0,0,1,0,0,0,1],"EasingStyle":"Linear","EasingDirection":"In"},"Right Leg":{"Weight":1,"CFrame":[0.28566038608551028,0.3670453429222107,-0.11392313241958618,0.957336962223053,0.2863779366016388,-0.03864723816514015,-0.27072644233703616,0.9355993866920471,0.2266295701265335,0.10106008499860764,-0.20649805665016175,0.9732139706611633],"EasingStyle":"Linear","EasingDirection":"Out"}}},{"Time":0.13793103396892548,"poses":{"Left Leg":{"Weight":1,"CFrame":[-0.1386735439300537,0.1409454345703125,0.2574453353881836,0.8775657415390015,-0.23246461153030396,0.4193311333656311,0.22773736715316773,0.9717403054237366,0.06210047006607056,-0.4219171404838562,0.0410001240670681,0.9057068824768066],"EasingStyle":"Linear","EasingDirection":"Out"},"Right Arm":{"Weight":1,"CFrame":[-0.13165491819381715,-0.10456153750419617,-0.2223144769668579,0.7864357233047485,0.28094878792762759,-0.5500789284706116,-0.2813090682029724,0.9557589292526245,0.08596522361040116,0.5498945713043213,0.08713604509830475,0.8306763172149658],"EasingStyle":"Linear","EasingDirection":"Out"},"Left Arm":{"Weight":1,"CFrame":[-0.04473726451396942,-0.06487458944320679,-0.1574731469154358,0.836714506149292,0.18080845475196839,-0.5169305801391602,-0.34752175211906435,0.9048209190368652,-0.2460239827632904,0.4232464134693146,0.3854963481426239,0.8199115991592407],"EasingStyle":"Linear","EasingDirection":"Out"},"Head":{"Weight":1,"CFrame":[5.587935447692871e-8,1.6763806343078614e-8,0,0.9744448661804199,-0.21531522274017335,0.06400439143180847,0.2225392609834671,0.9641261696815491,-0.1446961909532547,-0.030553024262189866,0.155241921544075,0.9874038696289063],"EasingStyle":"Linear","EasingDirection":"Out"},"Torso":{"Weight":1,"CFrame":[-0.05540923774242401,-0.03031402826309204,-0.30452632904052737,0.968877911567688,0.23876678943634034,-0.06531497091054917,-0.23309226334095,0.9688223004341126,0.08397231996059418,0.08332840353250504,-0.0661345049738884,0.9943252205848694],"EasingStyle":"Linear","EasingDirection":"Out"},"HumanoidRootPart":{"Weight":1,"CFrame":[0,0,0,1,0,0,0,1,0,0,0,1],"EasingStyle":"Linear","EasingDirection":"In"},"Right Leg":{"Weight":1,"CFrame":[0.2650303542613983,0.34913450479507449,-0.09741926193237305,0.9474054574966431,0.3137715458869934,-0.06300979852676392,-0.29120731353759768,0.9268547892570496,0.2369357943534851,0.132744699716568,-0.20612530410289765,0.9694798588752747],"EasingStyle":"Linear","EasingDirection":"Out"}}},{"Time":0.17241379618644715,"poses":{"Left Leg":{"Weight":1,"CFrame":[-0.14443595707416535,0.12742149829864503,0.24585676193237306,0.8911725878715515,-0.2386658936738968,0.3858107626438141,0.23555271327495576,0.9702408909797669,0.05610327050089836,-0.38771936297416689,0.04088107496500015,0.9208704829216003],"EasingStyle":"Linear","EasingDirection":"Out"},"Right Arm":{"Weight":1,"CFrame":[-0.08712160587310791,-0.11630815267562866,-0.1764577031135559,0.7730962038040161,0.1696154922246933,-0.6111897230148315,-0.11569578945636749,0.9851263761520386,0.12704502046108247,0.623647928237915,-0.027505913749337198,0.7812212705612183],"EasingStyle":"Linear","EasingDirection":"Out"},"Left Arm":{"Weight":1,"CFrame":[-0.04618269205093384,-0.06441420316696167,-0.15786802768707276,0.8262360095977783,0.18442188203334809,-0.5322806239128113,-0.3555065393447876,0.9036697149276733,-0.23873868584632874,0.4369772672653198,0.38648369908332827,0.8122075796127319],"EasingStyle":"Linear","EasingDirection":"Out"},"Head":{"Weight":1,"CFrame":[9.499490261077881e-8,-3.3527612686157229e-8,3.5762786865234377e-7,0.9766786694526672,-0.2070518136024475,0.056818265467882159,0.21336470544338227,0.9655107855796814,-0.1492128074169159,-0.02396388351917267,0.15785598754882813,0.9871713519096375],"EasingStyle":"Linear","EasingDirection":"Out"},"Torso":{"Weight":1,"CFrame":[-0.03301766514778137,-0.030313998460769655,-0.29338741302490237,0.9752627611160278,0.21263422071933747,-0.06040918827056885,-0.2059270292520523,0.9733017086982727,0.10137983411550522,0.08035319298505783,-0.0864320918917656,0.993012011051178],"EasingStyle":"Linear","EasingDirection":"Out"},"HumanoidRootPart":{"Weight":1,"CFrame":[0,0,0,1,0,0,0,1,0,0,0,1],"EasingStyle":"Linear","EasingDirection":"In"},"Right Leg":{"Weight":1,"CFrame":[0.2427436113357544,0.33155357837677,-0.07897502183914185,0.9344313740730286,0.3442799746990204,-0.09115495532751084,-0.3137919306755066,0.9169420599937439,0.24647903442382813,0.16844169795513154,-0.20171412825584413,0.9648517370223999],"EasingStyle":"Linear","EasingDirection":"Out"}}},{"Time":0.2068965584039688,"poses":{"Left Leg":{"Weight":1,"CFrame":[-0.1633361428976059,0.11821633577346802,0.23808610439300538,0.9040288329124451,-0.2477334886789322,0.3483676016330719,0.24603603780269624,0.9679763913154602,0.049879688769578937,-0.3495684862136841,0.040618326514959338,0.9360299110412598],"EasingStyle":"Linear","EasingDirection":"Out"},"Right Arm":{"Weight":1,"CFrame":[-0.03572726249694824,-0.11385869979858399,-0.10759758949279785,0.7426387071609497,0.04112936928868294,-0.6684281229972839,0.10372866690158844,0.9790024161338806,0.17548413574695588,0.6616102457046509,-0.19965645670890809,0.7227787375450134],"EasingStyle":"Linear","EasingDirection":"Out"},"Left Arm":{"Weight":1,"CFrame":[-0.04807877540588379,-0.06378230452537537,-0.15842705965042115,0.8119034767150879,0.18916240334510804,-0.5522956252098084,-0.36586081981658938,0.9020895957946777,-0.22886711359024049,0.4549270570278168,0.387881338596344,0.8016167283058167],"EasingStyle":"Linear","EasingDirection":"Out"},"Head":{"Weight":1,"CFrame":[9.033828973770142e-8,6.426125764846802e-8,3.5762786865234377e-7,0.9799594283103943,-0.19371502101421357,0.04641113430261612,0.19849343597888947,0.9691902995109558,-0.14584429562091828,-0.016728989779949189,0.1521337777376175,0.9882183074951172],"EasingStyle":"Linear","EasingDirection":"Out"},"Torso":{"Weight":1,"CFrame":[-0.010106593370437622,-0.03031405806541443,-0.28695034980773928,0.9817116260528565,0.18225276470184327,-0.05501071363687515,-0.17493696510791779,0.9776079058647156,0.11696064472198487,0.07509531080722809,-0.1051982194185257,0.9916118383407593],"EasingStyle":"Linear","EasingDirection":"Out"},"HumanoidRootPart":{"Weight":1,"CFrame":[0,0,0,1,0,0,0,1,0,0,0,1],"EasingStyle":"Linear","EasingDirection":"In"},"Right Leg":{"Weight":1,"CFrame":[0.22072657942771913,0.31639808416366579,-0.059232234954833987,0.9185129404067993,0.3758300840854645,-0.1228237897157669,-0.3368053734302521,0.9064270853996277,0.2548568844795227,0.20711372792720796,-0.1927216500043869,0.9591466188430786],"EasingStyle":"Linear","EasingDirection":"Out"}}},{"Time":0.24137930572032929,"poses":{"Left Leg":{"Weight":1,"CFrame":[-0.1965346336364746,0.11327344179153443,0.23313403129577638,0.9154810309410095,-0.2594314515590668,0.3075545132160187,0.2587633728981018,0.9649509191513062,0.04371790960431099,-0.3081168830394745,0.03956090286374092,0.9505256414413452],"EasingStyle":"Linear","EasingDirection":"Out"},"Right Arm":{"Weight":1,"CFrame":[0.019290760159492494,-0.08415502309799195,-0.021498441696166993,0.6913899779319763,-0.09641551971435547,-0.7160195112228394,0.36074376106262209,0.9047423601150513,0.22650673985481263,0.6259743571281433,-0.41490402817726138,0.6603111028671265],"EasingStyle":"Linear","EasingDirection":"Out"},"Left Arm":{"Weight":1,"CFrame":[-0.05034817010164261,-0.06298324465751648,-0.15915900468826295,0.7938494682312012,0.19483573734760285,-0.5760574340820313,-0.3780650198459625,0.9000911712646484,-0.216570183634758,0.4763086140155792,0.38971129059791567,0.78819739818573],"EasingStyle":"Linear","EasingDirection":"Out"},"Head":{"Weight":1,"CFrame":[6.05359673500061e-8,1.7695128917694093e-8,-4.172325134277344e-7,0.9841684699058533,-0.1740940809249878,0.03322216868400574,0.17699836194515229,0.975125253200531,-0.13342539966106416,-0.009167201817035675,0.13719333708286286,0.990501880645752],"EasingStyle":"Linear","EasingDirection":"Out"},"Torso":{"Weight":1,"CFrame":[0.01333242654800415,-0.03031402826309204,-0.2851285934448242,0.9877541661262512,0.1481425017118454,-0.04894428700208664,-0.1407623142004013,0.9814785122871399,0.12994587421417237,0.06728827208280564,-0.12146506458520889,0.9903123378753662],"EasingStyle":"Linear","EasingDirection":"Out"},"HumanoidRootPart":{"Weight":1,"CFrame":[0,0,0,1,0,0,0,1,0,0,0,1],"EasingStyle":"Linear","EasingDirection":"In"},"Right Leg":{"Weight":1,"CFrame":[0.198918417096138,0.303561806678772,-0.03845244646072388,0.8998671770095825,0.4066941738128662,-0.15760351717472077,-0.35907840728759768,0.895891547203064,0.2616124153137207,0.24759197235107423,-0.17882440984249116,0.9522185325622559],"EasingStyle":"Linear","EasingDirection":"Out"}}},{"Time":0.27586206793785097,"poses":{"Left Leg":{"Weight":1,"CFrame":[-0.24209760129451753,0.11278378963470459,0.228715181350708,0.9253633618354797,-0.2721036374568939,0.26393604278564455,0.27187973260879519,0.961575984954834,0.03811828792095184,-0.2641667127609253,0.036485619843006137,0.9637866616249085],"EasingStyle":"Linear","EasingDirection":"Out"},"Right Arm":{"Weight":1,"CFrame":[0.07024867087602616,-0.009724199771881104,0.0654369592666626,0.6145898103713989,-0.2353179156780243,-0.7529308795928955,0.6175322532653809,0.737427294254303,0.27359622716903689,0.4908495843410492,-0.6331085562705994,0.5985317230224609],"EasingStyle":"Linear","EasingDirection":"Out"},"Left Arm":{"Weight":1,"CFrame":[-0.052910320460796359,-0.06202152371406555,-0.16007155179977418,0.7722346186637878,0.20124086737632752,-0.6026241779327393,-0.39158812165260317,0.8976880311965942,-0.2020271271467209,0.5003123879432678,0.3919926881790161,0.7720292210578919],"EasingStyle":"Linear","EasingDirection":"Out"},"Head":{"Weight":1,"CFrame":[8.335337042808533e-8,-6.012851372361183e-8,3.5762786865234377e-7,0.9886717796325684,-0.1489112675189972,0.01880422607064247,0.1500878483057022,0.9819650650024414,-0.11497054249048233,-0.0013446775265038014,0.11649040132761002,0.9931908845901489],"EasingStyle":"Linear","EasingDirection":"Out"},"Torso":{"Weight":1,"CFrame":[0.03735807538032532,-0.03031402826309204,-0.28725266456604006,0.9929519295692444,0.11085822433233261,-0.04191622510552406,-0.10403314977884293,0.9846940040588379,0.13983872532844544,0.056776925921440127,-0.1344924420118332,0.9892867207527161],"EasingStyle":"Linear","EasingDirection":"Out"},"HumanoidRootPart":{"Weight":1,"CFrame":[0,0,0,1,0,0,0,1,0,0,0,1],"EasingStyle":"Linear","EasingDirection":"In"},"Right Leg":{"Weight":1,"CFrame":[0.1766090989112854,0.29253774881362917,-0.01692032814025879,0.8789969682693481,0.43512123823165896,-0.19502286612987519,-0.3795521557331085,0.8860486745834351,0.26619142293930056,0.2886252701282501,-0.15996015071868897,0.9439852833747864],"EasingStyle":"Linear","EasingDirection":"Out"}}},{"Time":0.3103448152542114,"poses":{"Left Leg":{"Weight":1,"CFrame":[-0.29676538705825808,0.11753761768341065,0.22251152992248536,0.9338833093643189,-0.2833370268344879,0.21813315153121949,0.2829531133174896,0.9585424065589905,0.0336737185716629,-0.21863093972206117,0.030274154618382455,0.9753379225730896],"EasingStyle":"Linear","EasingDirection":"Out"},"Right Arm":{"Weight":1,"CFrame":[0.11321467161178589,0.10758692026138306,0.13345587253570558,0.5084778070449829,-0.3663036823272705,-0.7792764902114868,0.8204469084739685,0.48081183433532717,0.309332937002182,0.2613754868507385,-0.7966439723968506,0.5450149774551392],"EasingStyle":"Linear","EasingDirection":"Out"},"Left Arm":{"Weight":1,"CFrame":[-0.05568305030465126,-0.060907453298568729,-0.16116780042648316,0.7472901940345764,0.20817288756370545,-0.6310479044914246,-0.4059014618396759,0.8949021697044373,-0.18545645475387574,0.5261191129684448,0.3947330713272095,0.7532492876052856],"EasingStyle":"Linear","EasingDirection":"Out"},"Head":{"Weight":1,"CFrame":[8.381903171539307e-8,1.885928213596344e-8,0,0.9928041100502014,-0.11966618150472641,0.004476648289710283,0.11955071985721588,0.9883050918579102,-0.09466107189655304,0.006903429515659809,0.0945151075720787,0.9954994916915894],"EasingStyle":"Linear","EasingDirection":"Out"},"Torso":{"Weight":1,"CFrame":[0.06210308521986008,-0.03031402826309204,-0.2926514148712158,0.996910572052002,0.07101758569478989,-0.03355326130986214,-0.0653996542096138,0.9870985746383667,0.14614814519882203,0.04349946603178978,-0.14350226521492005,0.9886935353279114],"EasingStyle":"Linear","EasingDirection":"Out"},"HumanoidRootPart":{"Weight":1,"CFrame":[0,0,0,1,0,0,0,1,0,0,0,1],"EasingStyle":"Linear","EasingDirection":"In"},"Right Leg":{"Weight":1,"CFrame":[0.15310361981391908,0.2829326391220093,0.0049593448638916019,0.8567194938659668,0.45934057235717776,-0.23460157215595246,-0.3972363770008087,0.8777323961257935,0.26793497800827029,0.3289908766746521,-0.13635285198688508,0.9344372153282166],"EasingStyle":"Linear","EasingDirection":"Out"}}},{"Time":0.3448275923728943,"poses":{"Left Leg":{"Weight":1,"CFrame":[-0.3566495180130005,0.12876105308532716,0.21272623538970948,0.9415019154548645,-0.2904508411884308,0.17091640830039979,0.2894778251647949,0.9566777348518372,0.031149202957749368,-0.1725592464208603,0.020149510353803636,0.9847930073738098],"EasingStyle":"Linear","EasingDirection":"Out"},"Right Arm":{"Weight":1,"CFrame":[0.15145675837993623,0.23986631631851197,0.16940534114837647,0.3756398856639862,-0.48111316561698916,-0.7921014428138733,0.9265193343162537,0.17524896562099458,0.3329409956932068,-0.02136744186282158,-0.8589633107185364,0.5115912556648254],"EasingStyle":"Linear","EasingDirection":"Out"},"Left Arm":{"Weight":1,"CFrame":[-0.05858436971902847,-0.05965360999107361,-0.16244328022003175,0.7193491458892822,0.2154262363910675,-0.6604001522064209,-0.42049640417099,0.8917677998542786,-0.1671314835548401,0.5529190897941589,0.39792168140411379,0.7320783734321594],"EasingStyle":"Linear","EasingDirection":"Out"},"Head":{"Weight":1,"CFrame":[1.1734664440155029e-7,3.259629011154175e-8,2.384185791015625e-7,0.9960559010505676,-0.08825306594371796,-0.009169736877083779,0.08729343116283417,0.9932122826576233,-0.07687141001224518,0.01589163951575756,0.07576776295900345,0.9969988465309143],"EasingStyle":"Linear","EasingDirection":"Out"},"Torso":{"Weight":1,"CFrame":[0.08763642609119415,-0.03031405806541443,-0.30065441131591799,0.9992949962615967,0.029355023056268693,-0.023404382169246675,-0.02556518279016018,0.9885973930358887,0.14839699864387513,0.027493705973029138,-0.14769405126571656,0.9886508584022522],"EasingStyle":"Linear","EasingDirection":"Out"},"HumanoidRootPart":{"Weight":1,"CFrame":[0,0,0,1,0,0,0,1,0,0,0,1],"EasingStyle":"Linear","EasingDirection":"In"},"Right Leg":{"Weight":1,"CFrame":[0.1278771311044693,0.27437829971313479,0.026636838912963868,0.8341584801673889,0.47763508558273318,-0.275761216878891,-0.4112738370895386,0.8718363642692566,0.26599860191345217,0.36746901273727419,-0.10847164690494538,0.923688530921936],"EasingStyle":"Linear","EasingDirection":"Out"}}},{"Time":0.37931033968925478,"poses":{"Left Leg":{"Weight":1,"CFrame":[-0.41754043102264407,0.14800739288330079,0.19842803478240968,0.9487376809120178,-0.2909224033355713,0.12353531271219254,0.2892225384712219,0.9567309021949768,0.03187854215502739,-0.12746430933475495,0.005484812427312136,0.9918280243873596],"EasingStyle":"Linear","EasingDirection":"Out"},"Right Arm":{"Weight":1,"CFrame":[0.18986107409000398,0.3528686761856079,0.17411017417907716,0.22401311993598939,-0.5755316019058228,-0.7864993810653687,0.9270673394203186,-0.12307941913604737,0.35411524772644045,-0.30060648918151858,-0.8084644675254822,0.5059853196144104],"EasingStyle":"Linear","EasingDirection":"Out"},"Left Arm":{"Weight":1,"CFrame":[-0.06153394654393196,-0.05828002095222473,-0.16388535499572755,0.6888659000396729,0.22279992699623109,-0.6897999048233032,-0.4349023699760437,0.8883335590362549,-0.14738881587982179,0.5799341797828674,0.40152665972709658,0.708838939666748],"EasingStyle":"Linear","EasingDirection":"Out"},"Head":{"Weight":1,"CFrame":[8.440110832452774e-8,-8.731149137020111e-9,-1.7881393432617188e-7,0.9981195330619812,-0.05707306042313576,-0.0223618745803833,0.05548512563109398,0.9962660670280457,-0.06614625453948975,0.026053544133901597,0.06478113681077957,0.9975593090057373],"EasingStyle":"Linear","EasingDirection":"Out"},"Torso":{"Weight":1,"CFrame":[0.11334510147571564,-0.03031402826309204,-0.3105919361114502,0.9998537302017212,-0.013145123608410359,-0.010942362248897553,0.01460422482341528,0.9891496896743774,0.14618362486362458,0.008902031928300858,-0.14632205665111543,0.9891969561576843],"EasingStyle":"Linear","EasingDirection":"Out"},"HumanoidRootPart":{"Weight":1,"CFrame":[0,0,0,1,0,0,0,1,0,0,0,1],"EasingStyle":"Linear","EasingDirection":"In"},"Right Leg":{"Weight":1,"CFrame":[0.10097527503967285,0.26619958877563479,0.04744434356689453,0.8127220869064331,0.4885208308696747,-0.3175375461578369,-0.42125770449638369,0.8691717982292175,0.2590026259422302,0.4025229215621948,-0.0767320767045021,0.9121883511543274],"EasingStyle":"Linear","EasingDirection":"Out"}}},{"Time":0.4137931168079376,"poses":{"Left Leg":{"Weight":1,"CFrame":[-0.4752731919288635,0.176410973072052,0.1795029640197754,0.9560991525650024,-0.28262925148010256,0.07742862403392792,0.2805168032646179,0.9591299891471863,0.03714765980839729,-0.08476313948631287,-0.013796818442642689,0.9963055849075317],"EasingStyle":"Linear","EasingDirection":"Out"},"Right Arm":{"Weight":1,"CFrame":[0.23489709198474885,0.4170929193496704,0.16079413890838624,0.06350880861282349,-0.6493051648139954,-0.7578715682029724,0.8443711400032044,-0.3698461353778839,0.38762256503105166,-0.5319812297821045,-0.6645423769950867,0.5247660875320435],"EasingStyle":"Linear","EasingDirection":"Out"},"Left Arm":{"Weight":1,"CFrame":[-0.06445523351430893,-0.056811898946762088,-0.16547077894210816,0.6564240455627441,0.2301032692193985,-0.7184427976608276,-0.44870370626449587,0.8846637606620789,-0.12662936747074128,0.6064424514770508,0.4054904282093048,0.6839626431465149],"EasingStyle":"Linear","EasingDirection":"Out"},"Head":{"Weight":1,"CFrame":[1.0477378964424133e-7,-4.6566128730773929e-9,2.384185791015625e-7,0.9989981055259705,-0.028338858857750894,-0.03463657200336456,0.026292821392416955,0.9979607462882996,-0.05816400796175003,0.03621423617005348,0.057195041328668597,0.9977059960365295],"EasingStyle":"Linear","EasingDirection":"Out"},"Torso":{"Weight":1,"CFrame":[0.138429656624794,-0.03031402826309204,-0.3217930793762207,0.9984571933746338,-0.055364467203617099,0.004248057026416063,0.054234009236097339,0.9887604713439941,0.13932472467422486,-0.011913949623703957,-0.13887937366962434,0.9902376532554627],"EasingStyle":"Linear","EasingDirection":"Out"},"HumanoidRootPart":{"Weight":1,"CFrame":[0,0,0,1,0,0,0,1,0,0,0,1],"EasingStyle":"Linear","EasingDirection":"In"},"Right Leg":{"Weight":1,"CFrame":[0.07273827493190766,0.25766128301620486,0.06668567657470703,0.793907105922699,0.49086320400238039,-0.3588379919528961,-0.42701002955436709,0.8702324628829956,0.2456786036491394,0.4328671097755432,-0.04181855171918869,0.9004872441291809],"EasingStyle":"Linear","EasingDirection":"Out"}}},{"Time":0.4482758641242981,"poses":{"Left Leg":{"Weight":1,"CFrame":[-0.5255997776985169,0.21384477615356446,0.15653634071350099,0.964056134223938,-0.2635125517845154,0.03401292487978935,0.2618215084075928,0.9639616012573242,0.04719671607017517,-0.045224111527204517,-0.03659497946500778,0.9983063340187073],"EasingStyle":"Linear","EasingDirection":"Out"},"Right Arm":{"Weight":1,"CFrame":[0.29133129119873049,0.41636186838150027,0.1442474126815796,-0.09650010615587235,-0.7037826776504517,-0.7038305997848511,0.7121284008026123,-0.542853057384491,0.4451783299446106,-0.6953854560852051,-0.45825812220573428,0.5535691380500794],"EasingStyle":"Linear","EasingDirection":"Out"},"Left Arm":{"Weight":1,"CFrame":[-0.06727834045886994,-0.055281996726989749,-0.16716647148132325,0.6227312088012695,0.2371610701084137,-0.7456276416778565,-0.46155521273612978,0.8808382153511047,-0.10531314462423325,0.6318011283874512,0.4097300171852112,0.6579883098602295],"EasingStyle":"Linear","EasingDirection":"Out"},"Head":{"Weight":1,"CFrame":[9.033828973770142e-8,1.30385160446167e-8,-5.960464477539063e-8,0.9989702701568604,-0.0022577971685677768,-0.04531390964984894,0.00016563934332225472,0.998935878276825,-0.04612071439623833,0.045369818806648257,0.04606573283672333,0.9979075789451599],"EasingStyle":"Linear","EasingDirection":"Out"},"Torso":{"Weight":1,"CFrame":[0.1620907187461853,-0.03031402826309204,-0.333587646484375,0.9951314330101013,-0.09607695043087006,0.0219705943018198,0.09252127259969711,0.987494170665741,0.1276523470878601,-0.03396028280258179,-0.12499812245368958,0.9915755987167358],"EasingStyle":"Linear","EasingDirection":"Out"},"HumanoidRootPart":{"Weight":1,"CFrame":[0,0,0,1,0,0,0,1,0,0,0,1],"EasingStyle":"Linear","EasingDirection":"In"},"Right Leg":{"Weight":1,"CFrame":[0.04369353502988815,0.2487102746963501,0.0836186408996582,0.7792133092880249,0.4836859405040741,-0.39859050512313845,-0.42785269021987917,0.8752256035804749,0.2256595641374588,0.45800507068634035,-0.005298950243741274,0.8889338374137878],"EasingStyle":"Linear","EasingDirection":"Out"}}},{"Time":0.48275861144065859,"poses":{"Left Leg":{"Weight":1,"CFrame":[-0.5647688508033752,0.2592613101005554,0.13077819347381593,0.9727301597595215,-0.2318800836801529,-0.005259990692138672,0.23175588250160218,0.9708064794540405,0.06183840334415436,-0.009232715703547001,-0.06137105077505112,0.9980723261833191],"EasingStyle":"Linear","EasingDirection":"Out"},"Right Arm":{"Weight":1,"CFrame":[0.35402020812034609,0.3595030903816223,0.1255866289138794,-0.2493392378091812,-0.738990306854248,-0.625877857208252,0.5587579607963562,-0.6376438736915588,0.5302829146385193,-0.7909610867500305,-0.21749399602413178,0.5719064474105835],"EasingStyle":"Linear","EasingDirection":"Out"},"Left Arm":{"Weight":1,"CFrame":[-0.06994156539440155,-0.05372616648674011,-0.16893017292022706,0.5886038541793823,0.24381917715072633,-0.7707773447036743,-0.4731927514076233,0.8769499063491821,-0.08394896984100342,0.655464768409729,0.41413888335227969,0.631549596786499],"EasingStyle":"Linear","EasingDirection":"Out"},"Head":{"Weight":1,"CFrame":[8.009374141693115e-8,1.6763806343078614e-8,2.384185791015625e-7,0.9982557892799377,0.021454855799674989,-0.05500101298093796,-0.02318185195326805,0.9992519021034241,-0.030956270173192025,0.054295703768730167,0.03217729926109314,0.998006284236908],"EasingStyle":"Linear","EasingDirection":"Out"},"Torso":{"Weight":1,"CFrame":[0.18352878093719483,-0.03031402826309204,-0.3453056812286377,0.9900952577590942,-0.13401633501052857,0.04184427112340927,0.12870079278945924,0.9854599237442017,0.11092743277549744,-0.05610194057226181,-0.10444334149360657,0.9929472208023071],"EasingStyle":"Linear","EasingDirection":"Out"},"HumanoidRootPart":{"Weight":1,"CFrame":[0,0,0,1,0,0,0,1,0,0,0,1],"EasingStyle":"Linear","EasingDirection":"In"},"Right Leg":{"Weight":1,"CFrame":[0.014439314603805542,0.23952072858810426,0.09753549098968506,0.7700819373130798,0.4660632610321045,-0.43561291694641116,-0.42267870903015139,0.8842069506645203,0.19879841804504395,0.47782471776008608,0.031033210456371309,0.8779069185256958],"EasingStyle":"Linear","EasingDirection":"Out"}}},{"Time":0.517241358757019,"poses":{"Left Leg":{"Weight":1,"CFrame":[-0.5900498628616333,0.31021809577941897,0.10397648811340332,0.981467068195343,-0.18763291835784913,-0.03893955424427986,0.1902502179145813,0.9784152507781982,0.08067461848258972,0.022961823269724847,-0.08658771961927414,0.9959795475006104],"EasingStyle":"Linear","EasingDirection":"Out"},"Right Arm":{"Weight":1,"CFrame":[0.4154617488384247,0.2617833614349365,0.09936380386352539,-0.39144426584243777,-0.7549212574958801,-0.5261799097061157,0.4026833772659302,-0.6546826362609863,0.6397160291671753,-0.827416181564331,0.038529135286808017,0.5602660775184631],"EasingStyle":"Linear","EasingDirection":"Out"},"Left Arm":{"Weight":1,"CFrame":[-0.07239290326833725,-0.05218842625617981,-0.17071056365966798,0.554942786693573,0.24994762241840363,-0.793451189994812,-0.48343801498413088,0.8731029033660889,-0.06307953596115112,0.6769979596138,0.4185899496078491,0.6053562760353088],"EasingStyle":"Linear","EasingDirection":"Out"},"Head":{"Weight":1,"CFrame":[1.0710209608078003e-7,1.1175870895385743e-8,-3.5762786865234377e-7,0.9969908595085144,0.043007105588912967,-0.06449524313211441,-0.04400746151804924,0.9989306926727295,-0.014170185662806034,0.0638168528676033,0.01696580834686756,0.9978173971176148],"EasingStyle":"Linear","EasingDirection":"Out"},"Torso":{"Weight":1,"CFrame":[0.20194442570209504,-0.030313998460769655,-0.356281042098999,0.9837568402290344,-0.16794727742671967,0.06337384134531021,0.1620052009820938,0.9827228784561157,0.08949917554855347,-0.07731006294488907,-0.07777853310108185,0.993968665599823],"EasingStyle":"Linear","EasingDirection":"Out"},"HumanoidRootPart":{"Weight":1,"CFrame":[0,0,0,1,0,0,0,1,0,0,0,1],"EasingStyle":"Linear","EasingDirection":"In"},"Right Leg":{"Weight":1,"CFrame":[-0.014376848936080933,0.2300083041191101,0.1078495979309082,0.7672349214553833,0.438009113073349,-0.4685066342353821,-0.4108194410800934,0.8965787887573242,0.16545052826404572,0.4925220012664795,0.0655321404337883,0.8678292632102966],"EasingStyle":"Linear","EasingDirection":"Out"}}},{"Time":0.5517241358757019,"poses":{"Left Leg":{"Weight":1,"CFrame":[-0.6016917824745178,0.3615957498550415,0.07809770107269287,0.988507866859436,-0.1360800713300705,-0.0658368170261383,0.14237940311431886,0.9844393730163574,0.10299161821603775,0.0507972352206707,-0.11118180304765701,0.9925010204315186],"EasingStyle":"Linear","EasingDirection":"Out"},"Right Arm":{"Weight":1,"CFrame":[0.46757152676582339,0.13718736171722413,0.05784451961517334,-0.5219730138778687,-0.7501118779182434,-0.40604978799819949,0.2541928291320801,-0.5912137031555176,0.7654100060462952,-0.8142052292823792,0.2963082492351532,0.4992705285549164],"EasingStyle":"Linear","EasingDirection":"Out"},"Left Arm":{"Weight":1,"CFrame":[-0.07459073513746262,-0.05070990324020386,-0.17245060205459596,0.522706151008606,0.25544193387031557,-0.8133436441421509,-0.49219611287117007,0.8694084286689758,-0.04326670989394188,0.6960756182670593,0.4229402244091034,0.5801724791526794],"EasingStyle":"Linear","EasingDirection":"Out"},"Head":{"Weight":1,"CFrame":[3.585591912269592e-8,-4.470348358154297e-8,3.5762786865234377e-7,0.9952268600463867,0.0624077171087265,-0.07502477616071701,-0.06257061660289765,0.998040497303009,0.00017941904661711305,0.07488897442817688,0.004515781067311764,0.9971816539764404],"EasingStyle":"Linear","EasingDirection":"Out"},"Torso":{"Weight":1,"CFrame":[0.2166840136051178,-0.030313998460769655,-0.36587023735046389,0.9766852855682373,-0.19683603942394257,0.08568212389945984,0.19153651595115663,0.9792444109916687,0.06628795713186264,-0.09695159643888474,-0.04833121597766876,0.9941149353981018],"EasingStyle":"Linear","EasingDirection":"Out"},"HumanoidRootPart":{"Weight":1,"CFrame":[0,0,0,1,0,0,0,1,0,0,0,1],"EasingStyle":"Linear","EasingDirection":"In"},"Right Leg":{"Weight":1,"CFrame":[-0.04175005108118057,0.21915769577026368,0.11437749862670899,0.7690656781196594,0.40348121523857119,-0.49572256207466128,-0.39477649331092837,0.9098089933395386,0.12805908918380738,0.5026823282241821,0.09721368551254273,0.8589877486228943],"EasingStyle":"Linear","EasingDirection":"Out"}}},{"Time":0.5862069129943848,"poses":{"Left Leg":{"Weight":1,"CFrame":[-0.602852463722229,0.40803956985473635,0.054883360862731937,0.9927319288253784,-0.0848270058631897,-0.08536802232265473,0.09530754387378693,0.987274706363678,0.1272994875907898,0.07348325848579407,-0.13451047241687776,0.9881837368011475],"EasingStyle":"Linear","EasingDirection":"Out"},"Right Arm":{"Weight":1,"CFrame":[0.5006136298179627,-0.003428339958190918,-0.00606536865234375,-0.6420319080352783,-0.7189708352088928,-0.26622524857521059,0.11926069110631943,-0.4366753399372101,0.8916791677474976,-0.7573452591896057,0.540736198425293,0.3661043643951416],"EasingStyle":"Linear","EasingDirection":"Out"},"Left Arm":{"Weight":1,"CFrame":[-0.07650270313024521,-0.04933866858482361,-0.1740889549255371,0.492880254983902,0.26022210717201235,-0.8302732110023499,-0.4994460642337799,0.8659819960594177,-0.02507554367184639,0.7124764323234558,0.4270358383655548,0.5567922592163086],"EasingStyle":"Linear","EasingDirection":"Out"},"Head":{"Weight":1,"CFrame":[5.774199962615967e-8,-1.0244548320770264e-8,7.152557373046875e-7,0.9929327964782715,0.0794423446059227,-0.08816682547330857,-0.07909076660871506,0.9968393445014954,0.0074794539250433449,0.08848235011100769,-0.0004534190520644188,0.9960776567459106],"EasingStyle":"Linear","EasingDirection":"Out"},"Torso":{"Weight":1,"CFrame":[0.2276768833398819,-0.030313998460769655,-0.37343263626098635,0.9695625901222229,-0.21994197368621827,0.10758198797702789,0.21627604961395265,0.975304901599884,0.0447780080139637,-0.11477379500865936,-0.020147675648331643,0.9931873083114624],"EasingStyle":"Linear","EasingDirection":"Out"},"HumanoidRootPart":{"Weight":1,"CFrame":[0,0,0,1,0,0,0,1,0,0,0,1],"EasingStyle":"Linear","EasingDirection":"In"},"Right Leg":{"Weight":1,"CFrame":[-0.06666593253612519,0.20633000135421754,0.11714339256286621,0.7734761834144592,0.36769431829452517,-0.5162705779075623,-0.3778582811355591,0.9214621782302856,0.09016989916563034,0.5088788270950317,0.1253328025341034,0.8516654372215271],"EasingStyle":"Linear","EasingDirection":"Out"}}},{"Time":0.6206896305084229,"poses":{"Left Leg":{"Weight":1,"CFrame":[-0.5985167026519775,0.44553142786026,0.03565561771392822,0.9943457245826721,-0.042155858129262927,-0.09746520966291428,0.05671914294362068,0.986774742603302,0.1518503725528717,0.08977481722831726,-0.15651991963386537,0.983586311340332],"EasingStyle":"Linear","EasingDirection":"Out"},"Right Arm":{"Weight":1,"CFrame":[0.501834511756897,-0.1524188220500946,-0.09339255094528198,-0.7533671259880066,-0.64836186170578,-0.10984040051698685,0.004818824119865894,-0.1724708378314972,0.985002875328064,-0.6575825214385986,0.7415394186973572,0.13305817544460298],"EasingStyle":"Linear","EasingDirection":"Out"},"Left Arm":{"Weight":1,"CFrame":[-0.07810506224632263,-0.04812237620353699,-0.17556190490722657,0.4664548635482788,0.264227956533432,-0.8441584706306458,-0.5052251219749451,0.8629400134086609,-0.00906453374773264,0.7260629534721375,0.43071818351745608,0.536017119884491],"EasingStyle":"Linear","EasingDirection":"Out"},"Head":{"Weight":1,"CFrame":[1.1539668776094914e-7,-2.7939677238464357e-9,0,0.9899802803993225,0.0936681255698204,-0.10566610842943192,-0.09385612607002258,0.9955806136131287,0.003203262807801366,0.10549917817115784,0.006746236700564623,0.9943965077400208],"EasingStyle":"Linear","EasingDirection":"Out"},"Torso":{"Weight":1,"CFrame":[0.23499825596809388,-0.03031400591135025,-0.3783283233642578,0.9631214141845703,-0.23681887984275819,0.12772613763809205,0.23513385653495789,0.971549928188324,0.028333397582173349,-0.1308021992444992,0.002744245808571577,0.9914047122001648],"EasingStyle":"Linear","EasingDirection":"Out"},"HumanoidRootPart":{"Weight":1,"CFrame":[0,0,0,1,0,0,0,1,0,0,0,1],"EasingStyle":"Linear","EasingDirection":"In"},"Right Leg":{"Weight":1,"CFrame":[-0.087989941239357,0.1913774609565735,0.11644244194030762,0.7786290645599365,0.3362424075603485,-0.5297903418540955,-0.36378151178359988,0.9298300743103027,0.05548882111907005,0.5112727284431458,0.14952270686626435,0.8463115096092224],"EasingStyle":"Linear","EasingDirection":"Out"}}},{"Time":0.6551724076271057,"poses":{"Left Leg":{"Weight":1,"CFrame":[-0.5943523049354553,0.4714931845664978,0.021341919898986818,0.9946022033691406,-0.01645597256720066,-0.10244829207658768,0.03430895879864693,0.9839648008346558,0.1750318557024002,0.09792521595954895,-0.17760194838047028,0.9792181849479675],"EasingStyle":"Linear","EasingDirection":"Out"},"Right Arm":{"Weight":1,"CFrame":[0.46041226387023928,-0.2972257733345032,-0.18018794059753419,-0.8528134822845459,-0.5208460092544556,0.03779888153076172,-0.07043122500181198,0.18643756210803986,0.9799389839172363,-0.5174442529678345,0.8330429196357727,-0.19568032026290894],"EasingStyle":"Linear","Easi