{"Sequence":[{"Time":0,"poses":{"Left Leg":{"Weight":1,"CFrame":[-0.6017387509346008,0.26470452547073367,0.0703725814819336,0.9649181365966797,-0.23820868134498597,0.11040627956390381,0.23985636234283448,0.9708069562911987,-0.0016952063888311387,-0.10677938908338547,0.028117423877120019,0.9938850998878479],"EasingStyle":"Linear","EasingDirection":"In"},"Right Arm":{"Weight":1,"CFrame":[-0.00020446628332138062,-0.2622145414352417,0.10772156715393067,0.7017019987106323,-0.6012275218963623,-0.38228246569633486,0.7103808522224426,0.5493382215499878,0.43998488783836367,-0.054528649896383288,-0.5803043842315674,0.812572181224823],"EasingStyle":"Linear","EasingDirection":"In"},"Head":{"Weight":1,"CFrame":[8.777715265750885e-8,-1.5970329059200595e-8,-5.364418029785156e-7,0.9999629259109497,-0.008605295792222023,0.00037696343497373164,0.00857569556683302,0.9987130761146545,0.049987632781267169,-0.00080663658445701,-0.04998255521059036,0.9987497925758362],"EasingStyle":"Linear","EasingDirection":"In"},"Right Leg":{"Weight":1,"CFrame":[0.6034515500068665,0.26588279008865359,0.06647443771362305,0.9667501449584961,0.23376330733299256,-0.10367675870656967,-0.23535427451133729,0.9719043970108032,-0.0032135210931301119,0.10001276433467865,0.02750740945339203,0.9946058988571167],"EasingStyle":"Linear","EasingDirection":"In"},"Torso":{"Weight":1,"CFrame":[0.00003408252086956054,-0.06871473789215088,-0.30344104766845705,0.9999819397926331,0.0060098180547356609,0.00004251573045621626,-0.005983954761177301,0.9962864518165588,-0.0858934223651886,-0.000558561529032886,0.08589161932468414,0.9963043332099915],"EasingStyle":"Linear","EasingDirection":"In"},"HumanoidRootPart":{"Weight":1,"CFrame":[0,0,0,1,0,0,0,1,0,0,0,1],"EasingStyle":"Linear","EasingDirection":"In"},"Left Arm":{"Weight":1,"CFrame":[3.3527612686157229e-8,-0.22678154706954957,0.04252147674560547,0.7759089469909668,0.5376530885696411,0.32999178767204287,-0.62858647108078,0.6146968007087708,0.4764731824398041,0.053332313895225528,-0.5771282315254211,0.8149102926254273],"EasingStyle":"Linear","EasingDirection":"In"}}},{"Time":0.03999999910593033,"poses":{"Left Leg":{"Weight":1,"CFrame":[-0.6674832701683044,0.32002758979797366,0.07737421989440918,0.9506655931472778,-0.2898406386375427,0.11057718098163605,0.2916374206542969,0.9565290212631226,-0.00007878945325501263,-0.10574745386838913,0.032323360443115237,0.9938675761222839],"EasingStyle":"Linear","EasingDirection":"In"},"Right Arm":{"Weight":1,"CFrame":[0.003342762589454651,-0.19163188338279725,0.11651325225830078,0.6871424913406372,-0.6138598322868347,-0.38860180974006655,0.7261858582496643,0.5640316009521484,0.3930935263633728,-0.02212069183588028,-0.5523084998130798,0.8333463668823242],"EasingStyle":"Linear","EasingDirection":"In"},"Head":{"Weight":1,"CFrame":[8.751521818339825e-8,2.87328987269575e-8,0,0.9999862909317017,-0.005238646175712347,0.0002691077534109354,0.005220197141170502,0.9988802671432495,0.0470222570002079,-0.0005151392542757094,-0.04702020809054375,0.9988938570022583],"EasingStyle":"Linear","EasingDirection":"In"},"Right Leg":{"Weight":1,"CFrame":[0.6691579222679138,0.3216991424560547,0.07311272621154785,0.9527727961540222,0.2853720188140869,-0.10385899990797043,-0.28708335757255556,0.9579042792320252,-0.0015991985565051437,0.09903064370155335,0.03133980557322502,0.9945908188819885],"EasingStyle":"Linear","EasingDirection":"In"},"Torso":{"Weight":1,"CFrame":[0.00003408250631764531,-0.06082913279533386,-0.38445091247558596,0.9999819397926331,0.006009816192090511,0.000042515712266322228,-0.005989185068756342,0.9970870614051819,-0.07603642344474793,-0.0004993567708879709,0.0760347917675972,0.997105062007904],"EasingStyle":"Linear","EasingDirection":"In"},"HumanoidRootPart":{"Weight":1,"CFrame":[0,0,0,1,0,0,0,1,0,0,0,1],"EasingStyle":"Linear","EasingDirection":"In"},"Left Arm":{"Weight":1,"CFrame":[-0.002361093182116747,-0.16166633367538453,0.0412064790725708,0.7626555562019348,0.5600309371948242,0.32360774278640749,-0.6458861231803894,0.632744312286377,0.42715999484062197,0.034461818635463718,-0.5347898006439209,0.8442822694778442],"EasingStyle":"Linear","EasingDirection":"In"}}},{"Time":0.07999999821186066,"poses":{"Left Leg":{"Weight":1,"CFrame":[-0.7251553535461426,0.3645029067993164,0.08269178867340088,0.9309791326522827,-0.3478618860244751,0.11077071726322174,0.3496634364128113,0.9368694424629211,0.0033569480292499067,-0.10494548827409744,0.035607222467660907,0.9938403367996216],"EasingStyle":"Linear","EasingDirection":"In"},"Right Arm":{"Weight":1,"CFrame":[0.011489532887935639,-0.029963910579681398,0.13284063339233399,0.6162819862365723,-0.6665158271789551,-0.4194677472114563,0.7870094776153565,0.5405246615409851,0.2974042296409607,0.028507990762591363,-0.5134100317955017,0.8576698899269104],"EasingStyle":"Linear","EasingDirection":"In"},"Head":{"Weight":1,"CFrame":[8.747883839532733e-8,-1.069594190994394e-9,-5.960464477539063e-8,0.9999998211860657,0.0005636009736917913,0.0002000418317038566,-0.0005686527001671493,0.9996560215950012,0.02622278407216072,-0.00018519374134484679,-0.02622288651764393,0.9996561408042908],"EasingStyle":"Linear","EasingDirection":"In"},"Right Leg":{"Weight":1,"CFrame":[0.7267638444900513,0.3668113350868225,0.07809066772460938,0.9334173798561096,0.3433607816696167,-0.10409253090620041,-0.3450477123260498,0.938583254814148,0.0019135900074616075,0.09835662692785263,0.03413071110844612,0.9945657849311829],"EasingStyle":"Linear","EasingDirection":"In"},"Torso":{"Weight":1,"CFrame":[0.00003408248448977247,-0.04147161543369293,-0.4648606777191162,0.9999819397926331,0.006009817589074373,0.00004251569407642819,-0.00599953206256032,0.9986374974250794,-0.051839519292116168,-0.0003540037723723799,0.051838334649801257,0.9986554384231567],"EasingStyle":"Linear","EasingDirection":"In"},"HumanoidRootPart":{"Weight":1,"CFrame":[0,0,0,1,0,0,0,1,0,0,0,1],"EasingStyle":"Linear","EasingDirection":"In"},"Left Arm":{"Weight":1,"CFrame":[-0.007778295781463385,-0.012383788824081421,0.03809523582458496,0.6907751560211182,0.6439916491508484,0.32879236340522768,-0.7229945659637451,0.6086152195930481,0.3269040286540985,0.010415353812277317,-0.46353238821029665,0.8860187530517578],"EasingStyle":"Linear","EasingDirection":"In"}}},{"Time":0.11999999731779099,"poses":{"Left Leg":{"Weight":1,"CFrame":[-0.7023756504058838,0.2943413257598877,0.07932734489440918,0.9266295433044434,-0.3593277931213379,0.11064024269580841,0.36085063219070437,0.9326000213623047,0.006636179983615875,-0.10556769371032715,0.033775296062231067,0.9938384294509888],"EasingStyle":"Linear","EasingDirection":"In"},"Right Arm":{"Weight":1,"CFrame":[0.020493268966674806,0.14767372608184815,0.14163243770599366,0.3997609317302704,-0.767561137676239,-0.5010398626327515,0.9165816307067871,0.33970513939857485,0.21089962124824525,0.008327451534569264,-0.5435534715652466,0.8393332958221436],"EasingStyle":"Linear","EasingDirection":"In"},"Head":{"Weight":1,"CFrame":[8.733331924304366e-8,1.0106219860972488e-8,3.5762786865234377e-7,0.9999922513961792,0.0037804851308465006,0.0011780791683122516,-0.003602242562919855,0.9920483231544495,-0.12580592930316926,-0.0016443191561847926,0.12580068409442902,0.9920542240142822],"EasingStyle":"Linear","EasingDirection":"In"},"Right Leg":{"Weight":1,"CFrame":[0.7043598890304565,0.29673558473587038,0.0747840404510498,0.9290369153022766,0.3550638258457184,-0.10402003675699234,-0.35646501183509829,0.9342929124832153,0.005427118390798569,0.09911224246025086,0.03203745558857918,0.9945604801177979],"EasingStyle":"Linear","EasingDirection":"In"},"Torso":{"Weight":1,"CFrame":[0.00003408248448977247,-0.017119694501161577,-0.40453195571899416,0.9999820590019226,0.006009817123413086,0.000042515675886534157,-0.006007532123476267,0.999752938747406,-0.021399619057774545,-0.00017111297347582877,0.02139897644519806,0.999770998954773],"EasingStyle":"Linear","EasingDirection":"In"},"HumanoidRootPart":{"Weight":1,"CFrame":[0,0,0,1,0,0,0,1,0,0,0,1],"EasingStyle":"Linear","EasingDirection":"In"},"Left Arm":{"Weight":1,"CFrame":[-0.013752205297350884,0.15197545289993287,0.03443729877471924,0.44366466999053957,0.8049309253692627,0.3940148651599884,-0.8947936296463013,0.3733034133911133,0.24492651224136353,0.05006181821227074,-0.46122732758522036,0.8858687281608582],"EasingStyle":"Linear","EasingDirection":"In"}}},{"Time":0.1599999964237213,"poses":{"Left Leg":{"Weight":1,"CFrame":[-0.5903428792953491,0.1755715012550354,0.06700670719146729,0.9413245916366577,-0.318960964679718,0.11032669246196747,0.3199425935745239,0.9473925828933716,0.009166927076876164,-0.10744663327932358,0.02666914463043213,0.9938530921936035],"EasingStyle":"Linear","EasingDirection":"In"},"Right Arm":{"Weight":1,"CFrame":[0.027367694303393365,0.28191548585891726,0.14161217212677003,-0.294007271528244,-0.7794173359870911,-0.553234338760376,0.8860583305358887,-0.4393044710159302,0.1480276733636856,-0.3584137260913849,-0.4466768205165863,0.8197680115699768],"EasingStyle":"Linear","EasingDirection":"In"},"Head":{"Weight":1,"CFrame":[8.731171874387656e-8,2.5007409476529575e-8,0,0.9999870657920837,0.004676861222833395,0.002035547746345401,-0.003995714243501425,0.966327428817749,-0.2572847306728363,-0.003170290496200323,0.25727325677871706,0.9663335680961609],"EasingStyle":"Linear","EasingDirection":"In"},"Right Leg":{"Weight":1,"CFrame":[0.5928505659103394,0.17752230167388917,0.06310653686523438,0.9433962106704712,0.31502243876457217,-0.1037515178322792,-0.3159065842628479,0.9487546682357788,0.00823094230145216,0.1010277271270752,0.025010693818330766,0.9945691823959351],"EasingStyle":"Linear","EasingDirection":"In"},"Torso":{"Weight":1,"CFrame":[0.00003408246993785724,0.005690155550837517,-0.26256418228149416,0.9999819397926331,0.006009816192090511,0.00004251566861057654,-0.006009966600686312,0.9999566674232483,0.007112695835530758,2.321710326214088e-7,-0.007112822961062193,0.9999747276306152],"EasingStyle":"Linear","EasingDirection":"In"},"HumanoidRootPart":{"Weight":1,"CFrame":[0,0,0,1,0,0,0,1,0,0,0,1],"EasingStyle":"Linear","EasingDirection":"In"},"Left Arm":{"Weight":1,"CFrame":[-0.018298137933015825,0.27666133642196658,0.0313262939453125,-0.328578382730484,0.8231471180915833,0.46310383081436159,-0.8729041218757629,-0.45190471410751345,0.18390388786792756,0.3606586158275604,-0.34381839632987978,0.8670146465301514],"EasingStyle":"Linear","EasingDirection":"In"}}},{"Time":0.20000000298023225,"poses":{"Left Leg":{"Weight":1,"CFrame":[-0.34398019313812258,0.06275659799575806,0.04050612449645996,0.9747782349586487,-0.19416376948356629,0.11003506183624268,0.19420497119426728,0.9809053540229797,0.010446540080010891,-0.10996238142251969,0.011186297051608563,0.9938728213310242],"EasingStyle":"Linear","EasingDirection":"In"},"Right Arm":{"Weight":1,"CFrame":[0.032150980085134509,0.3764147162437439,0.14157450199127198,-0.8142032623291016,-0.2606745660305023,-0.5187696218490601,0.1972782462835312,-0.964589536190033,0.17506669461727143,-0.5460350513458252,0.040197767317295077,0.836797297000885],"EasingStyle":"Linear","EasingDirection":"In"},"Head":{"Weight":1,"CFrame":[8.726055966690183e-8,2.128223286490538e-8,1.1920928955078126e-7,0.9999877214431763,0.004617883823812008,0.00180172233376652,-0.004062000662088394,0.9717241525650024,-0.23608429729938508,-0.0028409864753484728,0.23607409000396729,0.9717309474945068],"EasingStyle":"Linear","EasingDirection":"In"},"Right Leg":{"Weight":1,"CFrame":[0.3466819226741791,0.06372815370559693,0.038170456886291507,0.9762461185455322,0.19035540521144868,-0.10348084568977356,-0.19038154184818269,0.9816620945930481,0.009716411121189595,0.10343284159898758,0.01021517813205719,0.9945840835571289],"EasingStyle":"Linear","EasingDirection":"In"},"Torso":{"Weight":1,"CFrame":[0.000034082477213814858,0.020415570586919786,-0.09339094161987305,0.9999819397926331,0.006009816657751799,0.00004251567952451296,-0.006008944474160671,0.9996562600135803,0.025519471615552903,0.00011086628364864737,-0.025519266724586488,0.9996743202209473],"EasingStyle":"Linear","EasingDirection":"In"},"HumanoidRootPart":{"Weight":1,"CFrame":[0,0,0,1,0,0,0,1,0,0,0,1],"EasingStyle":"Linear","EasingDirection":"In"},"Left Arm":{"Weight":1,"CFrame":[-0.021489636972546579,0.36430293321609499,0.029230952262878419,-0.8549546599388123,0.26670730113983157,0.4448818266391754,-0.20275522768497468,-0.9612780213356018,0.18664158880710603,0.47743380069732668,0.06936794519424439,0.8759253025054932],"EasingStyle":"Linear","EasingDirection":"In"}}},{"Time":0.23999999463558198,"poses":{"Left Leg":{"Weight":1,"CFrame":[-0.15015065670013429,0.022028028964996339,0.0194089412689209,0.9899383783340454,-0.08929521590471268,0.10976559668779373,0.08862090855836868,0.996004581451416,0.011015977710485459,-0.11031072586774826,-0.0011775953462347389,0.993896484375],"EasingStyle":"Linear","EasingDirection":"In"},"Right Arm":{"Weight":1,"CFrame":[0.035637497901916507,0.4505733847618103,0.1415541172027588,-0.8599281907081604,-0.015381043776869774,-0.5101833939552307,-0.12119290232658386,-0.9648082852363586,0.23336105048656465,-0.4958184063434601,0.2625041902065277,0.8278017044067383],"EasingStyle":"Linear","EasingDirection":"In"},"Head":{"Weight":1,"CFrame":[8.723145583644509e-8,2.1282659190546839e-8,-4.172325134277344e-7,0.9999892115592957,0.004497675225138664,0.0012378705432638527,-0.004191248677670956,0.9827483296394348,-0.18490052223205567,-0.002048138063400984,0.18489329516887666,0.9827565550804138],"EasingStyle":"Linear","EasingDirection":"In"},"Right Leg":{"Weight":1,"CFrame":[0.15244857966899873,0.022303342819213868,0.018304109573364259,0.9909963011741638,0.08525991439819336,-0.1032334566116333,-0.0846417248249054,0.9963576197624207,0.010362550616264344,0.10374101996421814,-0.001531378598883748,0.994603157043457],"EasingStyle":"Linear","EasingDirection":"In"},"Torso":{"Weight":1,"CFrame":[0.00003408250631764531,0.026404239237308503,0.05473184585571289,0.9999819397926331,0.006009818520396948,0.00004251571590430103,-0.006007946562021971,0.9994372129440308,0.033005304634571078,0.00015586402150802314,-0.033004965633153918,0.9994552731513977],"EasingStyle":"Linear","EasingDirection":"In"},"HumanoidRootPart":{"Weight":1,"CFrame":[0,0,0,1,0,0,0,1,0,0,0,1],"EasingStyle":"Linear","EasingDirection":"In"},"Left Arm":{"Weight":1,"CFrame":[-0.023914916440844537,0.4318693280220032,0.028463006019592286,-0.8988274931907654,0.015962179750204088,0.43801194429397585,0.09768153727054596,-0.9669079184532166,0.23568516969680787,0.42727920413017275,0.25462594628334048,0.8675240874290466],"EasingStyle":"Linear","EasingDirection":"In"}}},{"Time":0.2800000011920929,"poses":{"Left Leg":{"Weight":1,"CFrame":[-0.30457374453544619,0.0489504337310791,0.03603339195251465,0.9771682620048523,-0.18209420144557954,0.10947131365537644,0.18192991614341737,0.9832434058189392,0.011571815237402916,-0.10974414646625519,0.008608491159975529,0.9939226508140564],"EasingStyle":"Linear","EasingDirection":"In"},"Right Arm":{"Weight":1,"CFrame":[0.03846648707985878,0.5191751718521118,0.14532554149627686,-0.8601586818695068,-0.0147552490234375,-0.509813129901886,-0.14424553513526917,-0.9517338871955872,0.2709170877933502,-0.4892038404941559,0.3065697252750397,0.8165135979652405],"EasingStyle":"Linear","EasingDirection":"In"},"Head":{"Weight":1,"CFrame":[8.73624230735004e-8,-1.0687699614209123e-9,-5.960464477539063e-8,0.9999902844429016,0.004392749629914761,0.0005555347306653857,-0.004291259218007326,0.9924193024635315,-0.12282337248325348,-0.0010908558033406735,0.12281978130340576,0.9924284219741821],"EasingStyle":"Linear","EasingDirection":"In"},"Right Leg":{"Weight":1,"CFrame":[0.3073652386665344,0.0498431921005249,0.03397715091705322,0.9785631895065308,0.17835529148578645,-0.10297305136919022,-0.17818628251552583,0.9839363098144531,0.01091279461979866,0.10326530784368515,0.007669569458812475,0.9946243762969971],"EasingStyle":"Linear","EasingDirection":"In"},"Torso":{"Weight":1,"CFrame":[0.00003408252086956054,0.028609924018383027,0.15724539756774903,0.9999820590019226,0.006009817589074373,0.000042515737732173878,-0.006007494404911995,0.9993422627449036,0.03576240316033363,0.00017243770707864314,-0.035762012004852298,0.9993603229522705],"EasingStyle":"Linear","EasingDirection":"In"},"HumanoidRootPart":{"Weight":1,"CFrame":[0,0,0,1,0,0,0,1,0,0,0,1],"EasingStyle":"Linear","EasingDirection":"In"},"Left Arm":{"Weight":1,"CFrame":[-0.02603229694068432,0.4924459457397461,0.033510565757751468,-0.8990829586982727,0.015886183828115464,0.43748998641967776,0.11842812597751618,-0.9532539248466492,0.2779959440231323,0.42145535349845889,0.3017524480819702,0.8551730513572693],"EasingStyle":"Linear","EasingDirection":"In"}}},{"Time":0.3199999928474426,"poses":{"Left Leg":{"Weight":1,"CFrame":[-0.3956182301044464,0.07270652055740357,0.04569816589355469,0.9657945036888123,-0.2351379096508026,0.10932175815105438,0.23527416586875916,0.971856951713562,0.011835671961307526,-0.109028160572052,0.014289744198322297,0.9939360022544861],"EasingStyle":"Linear","EasingDirection":"In"},"Right Arm":{"Weight":1,"CFrame":[0.04065636545419693,0.5785015821456909,0.15475797653198243,-0.8604431748390198,-0.014388772659003735,-0.5093432664871216,-0.15583476424217225,-0.9442754983901978,0.2899300754070282,-0.485132098197937,0.32884153723716738,0.8102530241012573],"EasingStyle":"Linear","EasingDirection":"In"},"Head":{"Weight":1,"CFrame":[8.737697498872876e-8,-1.0689120699680644e-9,1.1920928955078126e-7,0.999990701675415,0.004337758291512728,-0.000023253480321727694,-0.004328772891312838,0.9975444078445435,-0.06990338116884232,-0.00028002765611745417,0.06990282237529755,0.9975537657737732],"EasingStyle":"Linear","EasingDirection":"In"},"Right Leg":{"Weight":1,"CFrame":[0.39847859740257265,0.07397294044494629,0.043068766593933108,0.9673975110054016,0.23144203424453736,-0.10284259170293808,-0.23153920471668244,0.9727616310119629,0.011158044449985028,0.10262380540370941,0.013017830438911915,0.9946350455284119],"EasingStyle":"Linear","EasingDirection":"In"},"Torso":{"Weight":1,"CFrame":[0.00003408252086956054,0.028924979269504548,0.1955547332763672,0.9999819397926331,0.006009817123413086,0.00004251573409419507,-0.006007424555718899,0.999328076839447,0.03615622967481613,0.0001748051290633157,-0.0361558273434639,0.9993462562561035],"EasingStyle":"Linear","EasingDirection":"In"},"HumanoidRootPart":{"Weight":1,"CFrame":[0,0,0,1,0,0,0,1,0,0,0,1],"EasingStyle":"Linear","EasingDirection":"In"},"Left Arm":{"Weight":1,"CFrame":[-0.027780862525105478,0.543572187423706,0.04612469673156738,-0.8993781805038452,0.01578957587480545,0.436886191368103,0.12883305549621583,-0.9453945159912109,0.2993848919868469,0.41775697469711306,0.3255454897880554,0.8482330441474915],"EasingStyle":"Linear","EasingDirection":"In"}}},{"Time":0.36000001430511477,"poses":{"Left Leg":{"Weight":1,"CFrame":[-0.3983672559261322,0.0735623836517334,0.046066999435424808,0.9653762578964233,-0.23677220940589906,0.10948840528726578,0.23692092299461366,0.9714568257331848,0.011838424019515515,-0.10916628688573837,0.01451156847178936,0.9939175844192505],"EasingStyle":"Linear","EasingDirection":"In"},"Right Arm":{"Weight":1,"CFrame":[0.042070526629686359,0.6202137470245361,0.16702938079833985,-0.8607506155967712,-0.01419653370976448,-0.5088289976119995,-0.16022615134716035,-0.9412427544593811,0.2973044216632843,-0.48315221071243288,0.33743250370025637,0.8079004883766174],"EasingStyle":"Linear","EasingDirection":"In"},"Head":{"Weight":1,"CFrame":[8.739880286157131e-8,-2.342085281270556e-8,1.1920928955078126e-7,0.9999906420707703,0.004323587752878666,-0.00027372874319553375,-0.004331635776907206,0.9989113211631775,-0.04644817113876343,0.00007260797428898513,0.04644891992211342,0.9989206790924072],"EasingStyle":"Linear","EasingDirection":"In"},"Right Leg":{"Weight":1,"CFrame":[0.4012385904788971,0.074840247631073,0.043413400650024417,0.966988742351532,0.23307770490646363,-0.1029927134513855,-0.2331857681274414,0.9723681807518005,0.011159924790263176,0.10274799168109894,0.013224889524281025,0.9946195483207703],"EasingStyle":"Linear","EasingDirection":"In"},"Torso":{"Weight":1,"CFrame":[0.00003408252086956054,0.028924979269504548,0.11243414878845215,0.9999819397926331,0.006009817123413086,0.00004251573409419507,-0.006007424555718899,0.999328076839447,0.03615622967481613,0.0001748051290633157,-0.0361558273434639,0.9993462562561035],"EasingStyle":"Linear","EasingDirection":"In"},"HumanoidRootPart":{"Weight":1,"CFrame":[0,0,0,1,0,0,0,1,0,0,0,1],"EasingStyle":"Linear","EasingDirection":"In"},"Left Arm":{"Weight":1,"CFrame":[-0.028969885781407357,0.5789018869400024,0.06251382827758789,-0.8996821641921997,0.015691550448536874,0.43626338243484499,0.13275335729122163,-0.9421903491020203,0.3076590895652771,0.41587069630622866,0.3347107470035553,0.8455886244773865],"EasingStyle":"Linear","EasingDirection":"In"}}},{"Time":0.4000000059604645,"poses":{"Left Leg":{"Weight":1,"CFrame":[-0.40341368317604067,0.07515203952789307,0.04674792289733887,0.9646003246307373,-0.23977257311344148,0.10979750007390976,0.23994426429271699,0.9707144498825073,0.01184341125190258,-0.10942177474498749,0.014921124093234539,0.993883490562439],"EasingStyle":"Linear","EasingDirection":"In"},"Right Arm":{"Weight":1,"CFrame":[0.04257228225469589,0.635970950126648,0.17931783199310304,-0.8610406517982483,-0.014091718941926957,-0.5083408951759338,-0.1614156812429428,-0.9403502345085144,0.29947733879089358,-0.4822385013103485,0.3399161994457245,0.8074050545692444],"EasingStyle":"Linear","EasingDirection":"In"},"Head":{"Weight":1,"CFrame":[8.751521818339825e-8,-3.087143340962939e-8,3.5762786865234377e-7,0.9999906420707703,0.004323257599025965,-0.00028228326118551195,-0.004331584088504314,0.9989764094352722,-0.0450253002345562,0.00008733838330954313,0.04502609744668007,0.9989858269691467],"EasingStyle":"Linear","EasingDirection":"In"},"Right Leg":{"Weight":1,"CFrame":[0.40630412101745608,0.07645165920257569,0.04404914379119873,0.9662303924560547,0.23608016967773438,-0.10327118635177612,-0.23620836436748506,0.9716383218765259,0.011163344606757164,0.10297771543264389,0.013607127591967583,0.9945905804634094],"EasingStyle":"Linear","EasingDirection":"In"},"Torso":{"Weight":1,"CFrame":[0.00003408252086956054,0.028924979269504548,-0.04193258285522461,0.9999819397926331,0.006009817123413086,0.00004251573409419507,-0.006007424555718899,0.999328076839447,0.03615622967481613,0.0001748051290633157,-0.0361558273434639,0.9993462562561035],"EasingStyle":"Linear","EasingDirection":"In"},"HumanoidRootPart":{"Weight":1,"CFrame":[0,0,0,1,0,0,0,1,0,0,0,1],"EasingStyle":"Linear","EasingDirection":"In"},"Left Arm":{"Weight":1,"CFrame":[-0.029408607631921769,0.5920884609222412,0.07888603210449219,-0.8999629616737366,0.015604241751134396,0.4356871545314789,0.1337939351797104,-0.9412494897842407,0.3100784122943878,0.4149288237094879,0.3373512923717499,0.8450019359588623],"EasingStyle":"Linear","EasingDirection":"In"}}},{"Time":0.4399999976158142,"poses":{"Left Leg":{"Weight":1,"CFrame":[-0.4061000347137451,0.07600909471511841,0.047112464904785159,0.9641827940940857,-0.2413700371980667,0.10996375232934952,0.2415541261434555,0.9703150391578674,0.011845999397337437,-0.10955879092216492,0.015140494331717492,0.9938650727272034],"EasingStyle":"Linear","EasingDirection":"In"},"Right Arm":{"Weight":1,"CFrame":[0.038182053714990619,0.5135258436203003,0.18879270553588868,-0.8612648844718933,-0.014005607925355435,-0.507963240146637,-0.16247577965259553,-0.9395569562911987,0.30138731002807619,-0.4814814627170563,0.342105895280838,0.8069318532943726],"EasingStyle":"Linear","EasingDirection":"In"},"Head":{"Weight":1,"CFrame":[8.745701052248478e-8,-1.5970272215781735e-8,1.1920928955078126e-7,0.9999906420707703,0.004323136992752552,-0.00028543503140099347,-0.004331557545810938,0.9989999532699585,-0.04450105130672455,0.00009276534547097981,0.04450186342000961,0.999009370803833],"EasingStyle":"Linear","EasingDirection":"In"},"Right Leg":{"Weight":1,"CFrame":[0.4090007543563843,0.07732051610946655,0.04438912868499756,0.9658223986625671,0.23767860233783723,-0.10342090576887131,-0.2378176897764206,0.9712456464767456,0.011165090836584568,0.10310082137584686,0.01381178479641676,0.9945750832557678],"EasingStyle":"Linear","EasingDirection":"In"},"Torso":{"Weight":1,"CFrame":[0.00003408252086956054,0.028924979269504548,-0.12505316734313966,0.9999819397926331,0.006009817123413086,0.00004251573409419507,-0.006007424555718899,0.999328076839447,0.03615622967481613,0.0001748051290633157,-0.0361558273434639,0.9993462562561035],"EasingStyle":"Linear","EasingDirection":"In"},"HumanoidRootPart":{"Weight":1,"CFrame":[0,0,0,1,0,0,0,1,0,0,0,1],"EasingStyle":"Linear","EasingDirection":"In"},"Left Arm":{"Weight":1,"CFrame":[-0.024766182526946069,0.4652376174926758,0.09145784378051758,-0.9001801013946533,0.015534928068518639,0.435240775346756,0.1347244828939438,-0.9404124021530151,0.312207967042923,0.4141559302806854,0.33968088030815127,0.8444476127624512],"EasingStyle":"Linear","EasingDirection":"In"}}},{"Time":0.47999998927116396,"poses":{"Left Leg":{"Weight":1,"CFrame":[-0.3626915514469147,0.0633726716041565,0.04245901107788086,0.9701166152954102,-0.21630005538463593,0.10994613915681839,0.21633753180503846,0.9762480854988098,0.011732185259461403,-0.10987241566181183,0.012403936125338078,0.993868350982666],"EasingStyle":"Linear","EasingDirection":"In"},"Right Arm":{"Weight":1,"CFrame":[0.03379182517528534,0.3910810947418213,0.19258928298950196,-0.8613556623458862,-0.013965221121907235,-0.5078105330467224,-0.1630878448486328,-0.9391068816184998,0.3024580478668213,-0.48111221194267275,0.34334152936935427,0.8066273331642151],"EasingStyle":"Linear","EasingDirection":"In"},"Head":{"Weight":1,"CFrame":[8.745701052248478e-8,-2.342085281270556e-8,-1.1920928955078126e-7,0.9999906420707703,0.004323122091591358,-0.0002858851512428373,-0.004331554751843214,0.9990032315254211,-0.04442613571882248,0.00009354061330668628,0.04442695528268814,0.9990126490592957],"EasingStyle":"Linear","EasingDirection":"In"},"Right Leg":{"Weight":1,"CFrame":[0.36557242274284365,0.064503014087677,0.04001569747924805,0.9716531038284302,0.21259866654872895,-0.10340283811092377,-0.21260777115821839,0.9770750403404236,0.011062565259635449,0.10338427126407623,0.011235232464969159,0.9945781230926514],"EasingStyle":"Linear","EasingDirection":"In"},"Torso":{"Weight":1,"CFrame":[0.00003408252086956054,0.028924979269504548,-0.1022646427154541,0.9999819397926331,0.006009817123413086,0.00004251573409419507,-0.006007424555718899,0.999328076839447,0.03615622967481613,0.0001748051290633157,-0.0361558273434639,0.9993462562561035],"EasingStyle":"Linear","EasingDirection":"In"},"HumanoidRootPart":{"Weight":1,"CFrame":[0,0,0,1,0,0,0,1,0,0,0,1],"EasingStyle":"Linear","EasingDirection":"In"},"Left Arm":{"Weight":1,"CFrame":[-0.020123770460486413,0.3383868336677551,0.09647977352142334,-0.9002683758735657,0.015505537390708924,0.43505921959877016,0.13526560366153718,-0.9399365782737732,0.3134048283100128,0.4137875437736511,0.3409968316555023,0.8440976738929749],"EasingStyle":"Linear","EasingDirection":"In"}}},{"Time":0.5199999809265137,"poses":{"Left Leg":{"Weight":1,"CFrame":[-0.26324284076690676,0.04004257917404175,0.031729936599731448,0.9811955094337463,-0.15866389870643617,0.10991472005844116,0.15836173295974732,0.9873138070106506,0.011529088951647282,-0.1103496178984642,0.006094004027545452,0.993874192237854],"EasingStyle":"Linear","EasingDirection":"In"},"Right Arm":{"Weight":1,"CFrame":[0.03379181772470474,0.3910813331604004,0.19258928298950196,-0.8613556623458862,-0.013965221121907235,-0.5078105330467224,-0.1630878448486328,-0.9391068816184998,0.3024580478668213,-0.48111221194267275,0.34334152936935427,0.8066273331642151],"EasingStyle":"Linear","EasingDirection":"In"},"Head":{"Weight":1,"CFrame":[8.742790669202805e-8,-1.5970272215781735e-8,1.1920928955078126e-7,0.9999906420707703,0.004323122091591358,-0.0002858851512428373,-0.004331554751843214,0.9990032315254211,-0.04442613571882248,0.00009354061330668628,0.04442695528268814,0.9990126490592957],"EasingStyle":"Linear","EasingDirection":"In"},"Right Leg":{"Weight":1,"CFrame":[0.2659941017627716,0.04077523946762085,0.0299227237701416,0.9825090169906616,0.15488885343074799,-0.10337067395448685,-0.15459689497947694,0.9879177808761597,0.01087978295981884,0.10380692780017853,0.005291264969855547,0.9945834875106812],"EasingStyle":"Linear","EasingDirection":"In"},"Torso":{"Weight":1,"CFrame":[0.00003408252086956054,0.028924979269504548,-0.05994296073913574,0.9999819397926331,0.006009817123413086,0.00004251573409419507,-0.006007424555718899,0.999328076839447,0.03615622967481613,0.0001748051290633157,-0.0361558273434639,0.9993462562561035],"EasingStyle":"Linear","EasingDirection":"In"},"HumanoidRootPart":{"Weight":1,"CFrame":[0,0,0,1,0,0,0,1,0,0,0,1],"EasingStyle":"Linear","EasingDirection":"In"},"Left Arm":{"Weight":1,"CFrame":[-0.020123763009905816,0.33838707208633425,0.09647977352142334,-0.9002683758735657,0.015505537390708924,0.43505921959877016,0.13526560366153718,-0.9399365782737732,0.3134048283100128,0.4137875437736511,0.3409968316555023,0.8440976738929749],"EasingStyle":"Linear","EasingDirection":"In"}}},{"Time":0.5600000023841858,"poses":{"Left Leg":{"Weight":1,"CFrame":[-0.19125571846961976,0.0273435115814209,0.023913979530334474,0.9870582222938538,-0.1167837455868721,0.10989844799041748,0.11623324453830719,0.9931563138961792,0.011424030177295208,-0.11048047989606857,0.0014976670499891043,0.9938772320747376],"EasingStyle":"Linear","EasingDirection":"In"},"Right Arm":{"Weight":1,"CFrame":[0.03379182517528534,0.3910806179046631,0.19258928298950196,-0.8613556623458862,-0.013965221121907235,-0.5078105330467224,-0.1630878448486328,-0.9391068816184998,0.3024580478668213,-0.48111221194267275,0.34334152936935427,0.8066273331642151],"EasingStyle":"Linear","EasingDirection":"In"},"Head":{"Weight":1,"CFrame":[8.751521818339825e-8,-3.832201400655322e-8,1.1920928955078126e-7,0.9999906420707703,0.004323122091591358,-0.0002858851512428373,-0.004331554751843214,0.9990032315254211,-0.04442613571882248,0.00009354061330668628,0.04442695528268814,0.9990126490592957],"EasingStyle":"Linear","EasingDirection":"In"},"Right Leg":{"Weight":1,"CFrame":[0.19377152621746064,0.027792811393737794,0.022556424140930177,0.9882195591926575,0.1128716766834259,-0.10335400700569153,-0.11235931515693665,0.9936091303825378,0.01078511867672205,0.10391086339950562,0.0009546859073452652,0.9945862293243408],"EasingStyle":"Linear","EasingDirection":"In"},"Torso":{"Weight":1,"CFrame":[0.00003408252086956054,0.028924979269504548,-0.037154197692871097,0.9999819397926331,0.006009817123413086,0.00004251573409419507,-0.006007424555718899,0.999328076839447,0.03615622967481613,0.0001748051290633157,-0.0361558273434639,0.9993462562561035],"EasingStyle":"Linear","EasingDirection":"In"},"HumanoidRootPart":{"Weight":1,"CFrame":[0,0,0,1,0,0,0,1,0,0,0,1],"EasingStyle":"Linear","EasingDirection":"In"},"Left Arm":{"Weight":1,"CFrame":[-0.020123770460486413,0.3383863568305969,0.09647977352142334,-0.9002683758735657,0.015505537390708924,0.43505921959877016,0.13526560366153718,-0.9399365782737732,0.3134048283100128,0.4137875437736511,0.3409968316555023,0.8440976738929749],"EasingStyle":"Linear","EasingDirection":"In"}}},{"Time":0.6000000238418579,"poses":{"Left Leg":{"Weight":1,"CFrame":[-0.21669363975524903,0.029357850551605226,0.026440143585205079,0.9861818552017212,-0.1253471076488495,0.10832199454307556,0.1255861520767212,0.9920718669891357,0.004639620427042246,-0.10804483294487,0.009028224274516106,0.9941050410270691],"EasingStyle":"Linear","EasingDirection":"In"},"Right Arm":{"Weight":1,"CFrame":[0.03609618917107582,0.37185317277908327,0.17376506328582765,-0.8814939856529236,-0.015125524252653122,-0.47195297479629519,-0.14885063469409944,-0.9396271109580994,0.3081308603286743,-0.4481204152107239,0.3418658673763275,0.8260241150856018],"EasingStyle":"Linear","EasingDirection":"In"},"Head":{"Weight":1,"CFrame":[8.738425094634295e-8,2.5938788894563915e-9,-5.960464477539063e-8,0.9999210834503174,0.012456865049898625,0.0016963824164122344,-0.01236296258866787,0.9988095164299011,-0.04718894883990288,-0.002282189205288887,0.047164250165224078,0.9988845586776733],"EasingStyle":"Linear","EasingDirection":"In"},"Right Leg":{"Weight":1,"CFrame":[0.26319167017936709,0.05501168966293335,0.034920692443847659,0.9797013401985169,0.15821899473667146,-0.12309353053569794,-0.1552221179008484,0.987307071685791,0.03362858667969704,0.1268518567085266,-0.013839179649949074,0.9918251633644104],"EasingStyle":"Linear","EasingDirection":"In"},"Torso":{"Weight":1,"CFrame":[-0.002744419500231743,0.026502318680286409,-0.046708106994628909,0.9999868273735046,-0.0018979836022481323,-0.004768525715917349,0.002054936019703746,0.9994490146636963,0.03312790021300316,0.0047030216082930569,-0.033137258142232898,0.9994398355484009],"EasingStyle":"Linear","EasingDirection":"In"},"HumanoidRootPart":{"Weight":1,"CFrame":[0,0,0,1,0,0,0,1,0,0,0,1],"EasingStyle":"Linear","EasingDirection":"In"},"Left Arm":{"Weight":1,"CFrame":[-0.015909282490611078,0.3126227855682373,0.0801703929901123,-0.9206535816192627,0.04024885222315788,0.3883003294467926,0.09501030296087265,-0.9416607618331909,0.3228747844696045,0.37864258885383608,0.3341483175754547,0.8631191849708557],"EasingStyle":"Linear","EasingDirection":"In"}}},{"Time":0.6399999856948853,"poses":{"Left Leg":{"Weight":1,"CFrame":[-0.2727101445198059,0.03575783967971802,0.03268766403198242,0.9837751388549805,-0.14404621720314027,0.10694510489702225,0.14614418148994447,0.9891904592514038,-0.012005208060145378,-0.10405977815389633,0.027439836412668229,0.9941925406455994],"EasingStyle":"Linear","EasingDirection":"In"},"Right Arm":{"Weight":1,"CFrame":[0.04116583615541458,0.3295528292655945,0.13235175609588624,-0.921640932559967,-0.025581466034054757,-0.3871995508670807,-0.10363176465034485,-0.9453567266464233,0.3091296851634979,-0.37394967675209048,0.32503265142440798,0.8686285018920898],"EasingStyle":"Linear","EasingDirection":"In"},"Head":{"Weight":1,"CFrame":[7.881317287683487e-8,2.1245796233415605e-8,-2.384185791015625e-7,0.9994720220565796,0.03187001869082451,0.006331859156489372,-0.03148368000984192,0.9980530738830566,-0.05384114012122154,-0.008035450242459774,0.05361335352063179,0.9985294342041016],"EasingStyle":"Linear","EasingDirection":"In"},"Right Leg":{"Weight":1,"CFrame":[0.36555880308151247,0.1264895796775818,0.06296288967132569,0.9568533301353455,0.23224422335624696,-0.17462635040283204,-0.21814149618148805,0.9711547493934631,0.09629534929990769,0.19195330142974854,-0.054047320038080218,0.9799147844314575],"EasingStyle":"Linear","EasingDirection":"In"},"Torso":{"Weight":1,"CFrame":[-0.008932508528232575,0.020600203424692155,-0.07161450386047363,0.999653160572052,-0.020812610164284707,-0.016143232583999635,0.021224074065685273,0.9994431734085083,0.02575025148689747,0.015598313882946968,-0.026083946228027345,0.9995380640029907],"EasingStyle":"Linear","EasingDirection":"In"},"HumanoidRootPart":{"Weight":1,"CFrame":[0,0,0,1,0,0,0,1,0,0,0,1],"EasingStyle":"Linear","EasingDirection":"In"},"Left Arm":{"Weight":1,"CFrame":[-0.0060854945331811909,0.25594276189804079,0.04429006576538086,-0.9548928737640381,0.09517411887645722,0.28128552436828616,0.0012991215335205198,-0.9458988308906555,0.3244592845439911,0.29694774746894839,0.3101891279220581,0.9031082987785339],"EasingStyle":"Linear","EasingDirection":"In"}}},{"Time":0.6800000071525574,"poses":{"Left Leg":{"Weight":1,"CFrame":[-0.3343222439289093,0.0466577410697937,0.042208075523376468,0.9799683690071106,-0.1655121147632599,0.11076010763645172,0.1700807511806488,0.984874427318573,-0.033090412616729739,-0.10360795259475708,0.051265787333250049,0.9932961463928223],"EasingStyle":"Linear","EasingDirection":"In"},"Right Arm":{"Weight":1,"CFrame":[0.04623547941446304,0.28725242614746096,0.09093821048736572,-0.9540245532989502,-0.05949226766824722,-0.29376497864723208,-0.026019860059022905,-0.9599646925926209,0.2789100408554077,-0.2985970079898834,0.27373063564300539,0.9142818450927734],"EasingStyle":"Linear","EasingDirection":"In"},"Head":{"Weight":1,"CFrame":[7.718335837125778e-8,6.05359673500061e-9,1.1920928955078126e-7,0.9984144568443298,0.05506282299757004,0.01169337797909975,-0.05423825979232788,0.9966078400611877,-0.06189597398042679,-0.015061876736581326,0.061163607984781268,0.9980142116546631],"EasingStyle":"Linear","EasingDirection":"In"},"Right Leg":{"Weight":1,"CFrame":[0.4262109696865082,0.22734063863754273,0.09119927883148194,0.9243662357330322,0.291326105594635,-0.24632543325424195,-0.24890124797821046,0.9498424530029297,0.1893349438905716,0.2891286015510559,-0.11370415985584259,0.9505136609077454],"EasingStyle":"Linear","EasingDirection":"In"},"Torso":{"Weight":1,"CFrame":[-0.015338413417339325,0.013330001384019852,-0.10619640350341797,0.9986177682876587,-0.043480049818754199,-0.029530692845582963,0.043984778225421908,0.9988932609558106,0.01666249893605709,0.02877352386713028,-0.017938368022441865,0.9994249939918518],"EasingStyle":"Linear","EasingDirection":"In"},"HumanoidRootPart":{"Weight":1,"CFrame":[0,0,0,1,0,0,0,1,0,0,0,1],"EasingStyle":"Linear","EasingDirection":"In"},"Left Arm":{"Weight":1,"CFrame":[0.0051181986927986149,0.19926369190216065,0.008409738540649414,-0.973235547542572,0.15197253227233888,0.17238585650920869,-0.09874262660741806,-0.9538864493370056,0.2834617793560028,0.20751500129699708,0.2588531970977783,0.9433624148368836],"EasingStyle":"Linear","EasingDirection":"In"}}},{"Time":0.7200000286102295,"poses":{"Left Leg":{"Weight":1,"CFrame":[-0.3874683976173401,0.06086462736129761,0.05676472187042236,0.9741599559783936,-0.18820522725582124,0.1248645931482315,0.19598282873630525,0.9791668653488159,-0.05313172936439514,-0.11226364225149155,0.07623013108968735,0.9907501935958862],"EasingStyle":"Linear","EasingDirection":"In"},"Right Arm":{"Weight":1,"CFrame":[0.04853988066315651,0.26802492141723635,0.07211410999298096,-0.95991051197052,-0.13067856431007386,-0.24798166751861573,0.08299890160560608,-0.9775159358978272,0.19383996725082398,-0.2677368223667145,0.16548673808574677,0.9491739273071289],"EasingStyle":"Linear","EasingDirection":"In"},"Head":{"Weight":1,"CFrame":[1.00000761449337e-7,0,0,0.9970911741256714,0.07451153546571732,0.016041133552789689,-0.07324495166540146,0.9949418306350708,-0.06874524801969528,-0.021082306280732156,0.06737034767866135,0.9975053071975708],"EasingStyle":"Linear","EasingDirection":"In"},"Right Leg":{"Weight":1,"CFrame":[0.43128275871276858,0.33526575565338137,0.10095787048339844,0.8889808058738709,0.32402878999710085,-0.3236022889614105,-0.2293693870306015,0.9266695380210877,0.2977808117866516,0.3963620662689209,-0.1904970407485962,0.8981137275695801],"EasingStyle":"Linear","EasingDirection":"In"},"Torso":{"Weight":1,"CFrame":[-0.018933333456516267,0.007054770365357399,-0.14457321166992188,0.997217059135437,-0.06253886222839356,-0.04058367386460304,0.06294547021389008,0.9979780316352844,0.008818460628390313,0.039950113743543628,-0.011348477564752102,0.9991373419761658],"EasingStyle":"Linear","EasingDirection":"In"},"HumanoidRootPart":{"Weight":1,"CFrame":[0,0,0,1,0,0,0,1,0,0,0,1],"EasingStyle":"Linear","EasingDirection":"In"},"Left Arm":{"Weight":1,"CFrame":[0.013472456485033036,0.17350006103515626,-0.00789940357208252,-0.9752488136291504,0.17790161073207856,0.13130401074886323,-0.1527896672487259,-0.9714685678482056,0.18139545619487763,0.15982821583747865,0.15684372186660767,0.9746050834655762],"EasingStyle":"Linear","EasingDirection":"In"}}},{"Time":0.7599999904632568,"poses":{"Left Leg":{"Weight":1,"CFrame":[-0.42459964752197268,0.07639199495315552,0.07888591289520264,0.9646095037460327,-0.21368184685707093,0.15449503064155579,0.22589261829853059,0.9719036221504211,-0.06615103036165238,-0.1360190063714981,0.09870919585227967,0.9857765436172485],"EasingStyle":"Linear","EasingDirection":"In"},"Right Arm":{"Weight":1,