{"Sequence":[{"Time":0,"poses":{"Left Leg":{"Weight":1,"CFrame":[0.03915435075759888,-0.0550997257232666,0.13962161540985108,0.6279969215393066,-0.6111521124839783,0.4817809760570526,0.5302385091781616,0.7891724705696106,0.3099258244037628,-0.5696200728416443,0.06082633137702942,0.8196542263031006],"EasingStyle":"Linear","EasingDirection":"In"},"Right Arm":{"Weight":1,"CFrame":[0.39074403047561648,-0.400332510471344,0.5954873561859131,-0.8577480912208557,-0.4540887773036957,-0.24098052084445954,0.21352478861808778,-0.7411245703697205,0.6365071535110474,-0.4676274359226227,0.4945076107978821,0.7326575517654419],"EasingStyle":"Linear","EasingDirection":"In"},"Left Arm":{"Weight":1,"CFrame":[0.38445478677749636,-0.09275346994400025,0.25912749767303469,0.7429624199867249,0.39565935730934145,-0.5398709774017334,-0.4872085154056549,0.8727396726608276,-0.030877741053700448,0.45894956588745119,0.2859705686569214,0.8411812782287598],"EasingStyle":"Linear","EasingDirection":"In"},"Head":{"Weight":1,"CFrame":[2.4959444999694826e-7,-0.00029937922954559326,0,0.9053089618682861,-0.3781796097755432,-0.19338008761405946,0.3179692327976227,0.9052600860595703,-0.28177958726882937,0.2816225588321686,0.19360868632793427,0.9397895336151123],"EasingStyle":"Linear","EasingDirection":"In"},"Torso":{"Weight":1,"CFrame":[0.3572704493999481,-0.7238063812255859,-0.044564247131347659,0.9189484715461731,0.3819904029369354,0.09806670993566513,-0.39422497153282168,0.8966593146324158,0.20146659016609193,-0.010974117554724217,-0.2237977534532547,0.9745737910270691],"EasingStyle":"Linear","EasingDirection":"In"},"HumanoidRootPart":{"Weight":0,"CFrame":[0,0,0,1,0,0,0,1,0,0,0,1],"EasingStyle":"Linear","EasingDirection":"In"},"Right Leg":{"Weight":1,"CFrame":[0.2120879888534546,0.030091166496276857,-0.027263522148132325,0.9721664786338806,0.22516639530658723,-0.06474865972995758,-0.1971558779478073,0.9355226755142212,0.29313284158706667,0.1265774518251419,-0.2722083330154419,0.9538766741752625],"EasingStyle":"Linear","EasingDirection":"In"}}},{"Time":0.03333333507180214,"poses":{"Left Leg":{"Weight":1,"CFrame":[0.010626912117004395,-0.05484366416931152,0.14583969116210938,0.6161219477653503,-0.657063901424408,0.4343511164188385,0.5702246427536011,0.7525105476379395,0.3295021951198578,-0.543357789516449,0.0446641631424427,0.8383122086524963],"EasingStyle":"Linear","EasingDirection":"In"},"Right Arm":{"Weight":1,"CFrame":[0.39695966243743899,-0.3909766972064972,0.6228020191192627,-0.8593778610229492,-0.4507870078086853,-0.2413727343082428,0.2079445868730545,-0.7393365502357483,0.6404219269752502,-0.46714964509010317,0.5001724362373352,0.7291083335876465],"EasingStyle":"Linear","EasingDirection":"In"},"Left Arm":{"Weight":1,"CFrame":[0.38425523042678835,-0.08231297135353089,0.2591085433959961,0.7332099080085754,0.39197447896003725,-0.5556612014770508,-0.4909680485725403,0.8705230951309204,-0.03376125544309616,0.4704822897911072,0.2975659668445587,0.8307230472564697],"EasingStyle":"Linear","EasingDirection":"In"},"Head":{"Weight":1,"CFrame":[1.9371509552001954e-7,-0.00029906630516052246,-5.960464477539063e-8,0.9112878441810608,-0.34106767177581789,-0.23071041703224183,0.26389119029045107,0.9138455390930176,-0.3086223900318146,0.3160947859287262,0.2203613668680191,0.9227810502052307],"EasingStyle":"Linear","EasingDirection":"In"},"Torso":{"Weight":1,"CFrame":[0.37035003304481509,-0.7282819747924805,-0.06420135498046875,0.9329003095626831,0.3416006863117218,0.11404398083686829,-0.3595144748687744,0.9019433856010437,0.2392643392086029,-0.021128349006175996,-0.26421022415161135,0.9642336368560791],"EasingStyle":"Linear","EasingDirection":"In"},"HumanoidRootPart":{"Weight":0,"CFrame":[0,0,0,1,0,0,0,1,0,0,0,1],"EasingStyle":"Linear","EasingDirection":"In"},"Right Leg":{"Weight":1,"CFrame":[0.23270155489444734,0.013233304023742676,-0.024945974349975587,0.9497019052505493,0.31018221378326418,-0.043050333857536319,-0.28408315777778628,0.9112006425857544,0.298345685005188,0.13176895678043366,-0.2711096405982971,0.9534865021705627],"EasingStyle":"Linear","EasingDirection":"In"}}},{"Time":0.06666667014360428,"poses":{"Left Leg":{"Weight":1,"CFrame":[-0.0807729959487915,-0.05170917510986328,0.16532135009765626,0.5880273580551148,-0.7412325143814087,0.32372575998306277,0.6482230424880981,0.6712465882301331,0.35949236154556277,-0.4837672710418701,-0.0015447961632162333,0.875195324420929],"EasingStyle":"Linear","EasingDirection":"In"},"Right Arm":{"Weight":1,"CFrame":[0.3983098268508911,-0.38162094354629519,0.6349602937698364,-0.8589267134666443,-0.4520909786224365,-0.2405383288860321,0.20612399280071259,-0.7351943254470825,0.6457571387290955,-0.46878331899642947,0.5050773024559021,0.7246648073196411],"EasingStyle":"Linear","EasingDirection":"In"},"Left Arm":{"Weight":1,"CFrame":[0.38364577293395998,-0.07090231776237488,0.2589757442474365,0.7222502827644348,0.3935679495334625,-0.5687344670295715,-0.4989330768585205,0.8659591674804688,-0.034358371049165729,0.4789784252643585,0.30857574939727785,0.8218032717704773],"EasingStyle":"Linear","EasingDirection":"In"},"Head":{"Weight":1,"CFrame":[2.5331974029541018e-7,-0.00029921531677246094,-3.5762786865234377e-7,0.9268220663070679,-0.25342318415641787,-0.2770876884460449,0.15264026820659638,0.9284642338752747,-0.3386076092720032,0.34307700395584109,0.2715342342853546,0.8992037177085877],"EasingStyle":"Linear","EasingDirection":"In"},"Torso":{"Weight":1,"CFrame":[0.37706655263900759,-0.7331333160400391,-0.12562942504882813,0.9596487879753113,0.24598026275634767,0.13626396656036378,-0.27720707654953005,0.9089109301567078,0.31150779128074648,-0.047227051109075549,-0.33671146631240847,0.940422773361206],"EasingStyle":"Linear","EasingDirection":"In"},"HumanoidRootPart":{"Weight":0,"CFrame":[0,0,0,1,0,0,0,1,0,0,0,1],"EasingStyle":"Linear","EasingDirection":"In"},"Right Leg":{"Weight":1,"CFrame":[0.27685976028442385,-0.029089808464050294,-0.015243291854858399,0.8803318738937378,0.474353551864624,0.0021385177969932558,-0.45549219846725466,0.8440519571304321,0.28302496671676638,0.13244889676570893,-0.2501300573348999,0.9591101408004761],"EasingStyle":"Linear","EasingDirection":"In"}}},{"Time":0.10000000149011612,"poses":{"Left Leg":{"Weight":1,"CFrame":[-0.2446601539850235,-0.04238724708557129,0.19247984886169434,0.5650316476821899,-0.7960901856422424,0.2167477011680603,0.7156237959861755,0.6036137342453003,0.3514727056026459,-0.4106358587741852,-0.04348339885473251,0.9107619524002075],"EasingStyle":"Linear","EasingDirection":"In"},"Right Arm":{"Weight":1,"CFrame":[0.39230793714523318,-0.417921245098114,0.6027648448944092,-0.8475708365440369,-0.4567800462245941,-0.27014026045799258,0.21183384954929353,-0.7579413056373596,0.6169695854187012,-0.48656973242759707,0.46570050716400149,0.7391703128814697],"EasingStyle":"Linear","EasingDirection":"In"},"Left Arm":{"Weight":1,"CFrame":[0.3826117217540741,-0.058936506509780887,0.25861525535583498,0.7104833126068115,0.39935365319252016,-0.5794221758842468,-0.5100476145744324,0.8595122694969177,-0.033017247915267947,0.4848349094390869,0.318991094827652,0.8143585324287415],"EasingStyle":"Linear","EasingDirection":"In"},"Head":{"Weight":1,"CFrame":[2.5331974029541018e-7,-0.00029922276735305786,-1.1920928955078126e-7,0.9384313225746155,-0.14936013519763947,-0.3115096390247345,0.041487470269203189,0.9439070224761963,-0.3275948464870453,0.3429657220840454,0.29450148344039919,0.8919884562492371],"EasingStyle":"Linear","EasingDirection":"In"},"Torso":{"Weight":1,"CFrame":[0.3795410990715027,-0.7382768392562866,-0.23262405395507813,0.9809316992759705,0.13958507776260377,0.13523675501346589,-0.17951397597789765,0.9173886775970459,0.35520800948143008,-0.07448294013738632,-0.372711718082428,0.9249531626701355],"EasingStyle":"Linear","EasingDirection":"In"},"HumanoidRootPart":{"Weight":0,"CFrame":[0,0,0,1,0,0,0,1,0,0,0,1],"EasingStyle":"Linear","EasingDirection":"In"},"Right Leg":{"Weight":1,"CFrame":[0.35531046986579897,-0.05473482608795166,-0.008665323257446289,0.7992376685142517,0.5991190075874329,0.04770354926586151,-0.5903763175010681,0.7677450776100159,0.24904468655586244,0.11258319765329361,-0.22720900177955628,0.9673164486885071],"EasingStyle":"Linear","EasingDirection":"In"}}},{"Time":0.13333334028720857,"poses":{"Left Leg":{"Weight":1,"CFrame":[-0.41435664892196658,0.0011410713195800782,0.18964862823486329,0.5678548216819763,-0.8096679449081421,0.14825230836868287,0.752578854560852,0.5836484432220459,0.30492547154426577,-0.3334156572818756,-0.061581842601299289,0.9407665729522705],"EasingStyle":"Linear","EasingDirection":"In"},"Right Arm":{"Weight":1,"CFrame":[0.38116154074668887,-0.48533567786216738,0.5275484323501587,-0.8174511194229126,-0.45912688970565798,-0.3478161096572876,0.23015686869621278,-0.813909649848938,0.5334594249725342,-0.5280165672302246,0.35602477192878725,0.7710025906562805],"EasingStyle":"Linear","EasingDirection":"In"},"Left Arm":{"Weight":1,"CFrame":[0.38113802671432497,-0.046827852725982669,0.2579132318496704,0.6982731223106384,0.4082578718662262,-0.5879968404769898,-0.5232890844345093,0.8516222834587097,-0.03013155236840248,0.48844975233078005,0.3287324011325836,0.8083018064498901],"EasingStyle":"Linear","EasingDirection":"In"},"Head":{"Weight":1,"CFrame":[2.4959444999694826e-7,-0.00029908306896686554,2.384185791015625e-7,0.9479663968086243,-0.05856729671359062,-0.31293708086013796,-0.0381401926279068,0.9549636840820313,-0.29426121711730959,0.3160776197910309,0.2908852994441986,0.9030396938323975],"EasingStyle":"Linear","EasingDirection":"In"},"Torso":{"Weight":1,"CFrame":[0.3798946440219879,-0.7436290383338928,-0.3691887855529785,0.9927516579627991,0.05607184022665024,0.10630202293395996,-0.09117303043603897,0.9276509284973145,0.3621481657028198,-0.07830484956502915,-0.3692150413990021,0.9260392189025879],"EasingStyle":"Linear","EasingDirection":"In"},"HumanoidRootPart":{"Weight":0,"CFrame":[0,0,0,1,0,0,0,1,0,0,0,1],"EasingStyle":"Linear","EasingDirection":"In"},"Right Leg":{"Weight":1,"CFrame":[0.4748222827911377,-0.030570030212402345,-0.02761894464492798,0.7376128435134888,0.6675784587860107,0.10132304579019547,-0.6696044206619263,0.7038722038269043,0.23705244064331056,0.08693264424800873,-0.24269935488700868,0.9661986231803894],"EasingStyle":"Linear","EasingDirection":"In"}}},{"Time":0.1666666716337204,"poses":{"Left Leg":{"Weight":1,"CFrame":[-0.49798765778541567,0.010150432586669922,0.1829289197921753,0.5854325294494629,-0.8040396571159363,0.10387054085731507,0.7729040384292603,0.5921984910964966,0.22786004841327668,-0.2447204291820526,-0.05311471223831177,0.9681377410888672],"EasingStyle":"Linear","EasingDirection":"In"},"Right Arm":{"Weight":1,"CFrame":[0.37515977025032046,-0.5216365456581116,0.44136905670166018,-0.7719835042953491,-0.4444427788257599,-0.4544360041618347,0.26357975602149966,-0.8743873834609985,0.4073970317840576,-0.5784178376197815,0.19472374022006989,0.7921587824821472],"EasingStyle":"Linear","EasingDirection":"In"},"Left Arm":{"Weight":1,"CFrame":[0.37920933961868288,-0.034992337226867679,0.2567559480667114,0.6859939694404602,0.41922181844711306,-0.5946977734565735,-0.5376690030097961,0.8427510857582092,-0.026127640157938005,0.49022889137268069,0.33767393231391909,0.8035246729850769],"EasingStyle":"Linear","EasingDirection":"In"},"Head":{"Weight":1,"CFrame":[2.2980384528636933e-7,-0.0002991645596921444,-2.980232238769531e-7,0.9575861692428589,0.01205509528517723,-0.28789469599723818,-0.09641566127538681,0.9549381136894226,-0.28070831298828127,0.2715376615524292,0.29655998945236208,0.9155979156494141],"EasingStyle":"Linear","EasingDirection":"In"},"Torso":{"Weight":1,"CFrame":[0.3754253089427948,-0.7491064667701721,-0.4402346611022949,0.9982559680938721,-0.013140623457729817,0.05755306035280228,-0.00889764167368412,0.9302834868431091,0.36673346161842348,-0.058359768241643909,-0.3666059374809265,0.9285441040992737],"EasingStyle":"Linear","EasingDirection":"In"},"HumanoidRootPart":{"Weight":0,"CFrame":[0,0,0,1,0,0,0,1,0,0,0,1],"EasingStyle":"Linear","EasingDirection":"In"},"Right Leg":{"Weight":1,"CFrame":[0.5306657552719116,-0.022710204124450685,-0.049050211906433108,0.6869961023330689,0.7128108143806458,0.1411983072757721,-0.7206875085830689,0.6434982419013977,0.2579140067100525,0.09298302233219147,-0.2789457142353058,0.955794632434845],"EasingStyle":"Linear","EasingDirection":"In"}}},{"Time":0.20000000298023225,"poses":{"Left Leg":{"Weight":1,"CFrame":[-0.4695377051830292,-0.06667804718017578,0.18837249279022218,0.6251997351646423,-0.7773154973983765,0.07004184275865555,0.7673591375350952,0.6285982131958008,0.12658710777759553,-0.14242632687091828,-0.02539498172700405,0.9894796013832092],"EasingStyle":"Linear","EasingDirection":"In"},"Right Arm":{"Weight":1,"CFrame":[0.39627936482429507,-0.49134546518325808,0.3708699941635132,-0.7183085680007935,-0.40513676404953005,-0.5655943751335144,0.30978158116340639,-0.9141699075698853,0.2613978087902069,-0.6229511499404907,0.012553559616208077,0.7821599245071411],"EasingStyle":"Linear","EasingDirection":"In"},"Left Arm":{"Weight":1,"CFrame":[0.3768109381198883,-0.023841381072998048,0.25502943992614748,0.6740601658821106,0.43120548129081728,-0.5997538566589356,-0.5522342324256897,0.8334129452705383,-0.02145363949239254,0.4905916750431061,0.3456656038761139,0.7998968958854675],"EasingStyle":"Linear","EasingDirection":"In"},"Head":{"Weight":1,"CFrame":[2.738088369369507e-7,-0.0002992674708366394,0,0.9661771059036255,0.06884255260229111,-0.24852074682712556,-0.14011377096176148,0.9491912722587586,-0.2817871868610382,0.21649478375911714,0.3070774972438812,0.9267326593399048],"EasingStyle":"Linear","EasingDirection":"In"},"Torso":{"Weight":1,"CFrame":[0.3622862994670868,-0.7546256184577942,-0.37537670135498049,0.9968664646148682,-0.0789307951927185,-0.00521458312869072,0.0752420723438263,0.9258065223693848,0.3704334795475006,-0.02441091649234295,-0.3696650564670563,0.9288443326950073],"EasingStyle":"Linear","EasingDirection":"In"},"HumanoidRootPart":{"Weight":0,"CFrame":[0,0,0,1,0,0,0,1,0,0,0,1],"EasingStyle":"Linear","EasingDirection":"In"},"Right Leg":{"Weight":1,"CFrame":[0.4542369842529297,-0.052187204360961917,-0.031290411949157718,0.665962278842926,0.7353277206420898,0.12564754486083985,-0.7298659086227417,0.6074382066726685,0.3135518729686737,0.15424029529094697,-0.30051958560943606,0.9412214756011963],"EasingStyle":"Linear","EasingDirection":"In"}}},{"Time":0.23333333432674409,"poses":{"Left Leg":{"Weight":1,"CFrame":[-0.3819303512573242,-0.1788036823272705,0.186853289604187,0.669827401638031,-0.741600513458252,0.036877769976854327,0.7410017251968384,0.6708067655563355,0.03057168424129486,-0.04740980267524719,0.006848749704658985,0.998852014541626],"EasingStyle":"Linear","EasingDirection":"In"},"Right Arm":{"Weight":1,"CFrame":[0.4427427351474762,-0.42470476031303408,0.3210397958755493,-0.6668985486030579,-0.34928908944129946,-0.658212423324585,0.3590015769004822,-0.9246635437011719,0.12694576382637025,-0.6529656648635864,-0.15163935720920564,0.7420520186424255],"EasingStyle":"Linear","EasingDirection":"In"},"Left Arm":{"Weight":1,"CFrame":[0.3739277124404907,-0.013789892196655274,0.25261998176574709,0.6629437804222107,0.4431895315647125,-0.6033974885940552,-0.5660679936408997,0.8241919875144959,-0.016569683328270913,0.48997196555137637,0.3525488078594208,0.7972683906555176],"EasingStyle":"Linear","EasingDirection":"In"},"Head":{"Weight":1,"CFrame":[2.980232238769531e-7,-0.0002992600202560425,2.384185791015625e-7,0.971929132938385,0.11159765720367432,-0.2071225494146347,-0.170724019408226,0.9402759075164795,-0.2945072650909424,0.16188600659370423,0.321601003408432,0.9329339265823364],"EasingStyle":"Linear","EasingDirection":"In"},"Torso":{"Weight":1,"CFrame":[0.34088134765625,-0.7601029872894287,-0.249603271484375,0.9883201122283936,-0.13592693209648133,-0.06890032440423966,0.15187986195087434,0.9156157374382019,0.37226375937461855,0.012485549785196782,-0.37838032841682436,0.9255660176277161],"EasingStyle":"Linear","EasingDirection":"In"},"HumanoidRootPart":{"Weight":0,"CFrame":[0,0,0,1,0,0,0,1,0,0,0,1],"EasingStyle":"Linear","EasingDirection":"In"},"Right Leg":{"Weight":1,"CFrame":[0.2716502547264099,-0.04404497146606445,-0.02954035997390747,0.6821420192718506,0.7281368374824524,0.06707505136728287,-0.6846818923950195,0.6038325428962708,0.4081628918647766,0.2566963732242584,-0.32435017824172976,0.9104416370391846],"EasingStyle":"Linear","EasingDirection":"In"}}},{"Time":0.2666666805744171,"poses":{"Left Leg":{"Weight":1,"CFrame":[-0.2844202518463135,-0.24888527393341065,0.18166685104370118,0.7103173732757568,-0.7038338780403137,0.008186695165932179,0.7036200165748596,0.7096884846687317,-0.035513028502464297,0.01918531395494938,0.030985809862613679,0.9993357062339783],"EasingStyle":"Linear","EasingDirection":"In"},"Right Arm":{"Weight":1,"CFrame":[0.48920589685440066,-0.3580645024776459,0.29145336151123049,-0.6275969743728638,-0.29782038927078249,-0.7193226218223572,0.3974963128566742,-0.9170151352882385,0.0328618548810482,-0.6694167256355286,-0.2653040885925293,0.6938984394073486],"EasingStyle":"Linear","EasingDirection":"In"},"Left Arm":{"Weight":1,"CFrame":[0.37054458260536196,-0.00525134801864624,0.24941349029541017,0.6531770825386047,0.45417511463165285,-0.6058751940727234,-0.5782883167266846,0.8157451152801514,-0.011938908137381077,0.4888173043727875,0.3581687808036804,0.795470118522644],"EasingStyle":"Linear","EasingDirection":"In"},"Head":{"Weight":1,"CFrame":[2.3096799850463868e-7,-0.0002992972731590271,5.960464477539063e-7,0.9752107262611389,0.13495232164859773,-0.1753622442483902,-0.18503804504871369,0.9319466948509216,-0.3118272125720978,0.12134645134210587,0.3365459740161896,0.9338157773017883],"EasingStyle":"Linear","EasingDirection":"In"},"Torso":{"Weight":1,"CFrame":[0.31161418557167055,-0.7654549479484558,-0.14792871475219727,0.9773690700531006,-0.1754707247018814,-0.11815113574266434,0.20739786326885224,0.9048374891281128,0.3718268871307373,0.04166284203529358,-0.38791635632514956,0.9207524657249451],"EasingStyle":"Linear","EasingDirection":"In"},"HumanoidRootPart":{"Weight":0,"CFrame":[0,0,0,1,0,0,0,1,0,0,0,1],"EasingStyle":"Linear","EasingDirection":"In"},"Right Leg":{"Weight":1,"CFrame":[0.1064116433262825,-0.022672057151794435,-0.053282856941223147,0.6954400539398193,0.7185712456703186,-0.004297908861190081,-0.6205086708068848,0.6035290956497192,0.5007210969924927,0.362397700548172,-0.3455545902252197,0.8655980229377747],"EasingStyle":"Linear","EasingDirection":"In"}}},{"Time":0.30000001192092898,"poses":{"Left Leg":{"Weight":1,"CFrame":[-0.2059764564037323,-0.26761865615844729,0.18413925170898438,0.7387474775314331,-0.6739726662635803,-0.0036046099849045278,0.673089325428009,0.7380334138870239,-0.04751283675432205,0.03468265011906624,0.03267374634742737,0.9988641142845154],"EasingStyle":"Linear","EasingDirection":"In"},"Right Arm":{"Weight":1,"CFrame":[0.5103253722190857,-0.32777416706085207,0.2816857099533081,-0.6074553728103638,-0.27435019612312319,-0.7454729676246643,0.4122227728366852,-0.9110828638076782,-0.0006052181124687195,-0.6790215969085693,-0.3076685965061188,0.6665356159210205],"EasingStyle":"Linear","EasingDirection":"In"},"Left Arm":{"Weight":1,"CFrame":[0.3666466176509857,0.001359105110168457,0.24529635906219483,0.645344078540802,0.46318164467811587,-0.6074486970901489,-0.5880416631698608,0.8087908625602722,-0.008020743727684021,0.48758378624916079,0.3623811900615692,0.794318437576294],"EasingStyle":"Linear","EasingDirection":"In"},"Head":{"Weight":1,"CFrame":[1.862645149230957e-7,-0.00029912590980529785,-1.7881393432617188e-7,0.9776484966278076,0.13248427212238313,-0.16325217485427857,-0.18016114830970765,0.9281560182571411,-0.32568129897117617,0.10837584733963013,0.34781354665756228,0.9312789440155029],"EasingStyle":"Linear","EasingDirection":"In"},"Torso":{"Weight":1,"CFrame":[0.2748885154724121,-0.7705981731414795,-0.0826253890991211,0.9720137119293213,-0.19021016359329225,-0.13787458837032319,0.22875948250293733,0.8999199271202087,0.3712320625782013,0.053463976830244067,-0.39238277077674868,0.918246865272522],"EasingStyle":"Linear","EasingDirection":"In"},"HumanoidRootPart":{"Weight":0,"CFrame":[0,0,0,1,0,0,0,1,0,0,0,1],"EasingStyle":"Linear","EasingDirection":"In"},"Right Leg":{"Weight":1,"CFrame":[0.018567346036434175,-0.022185564041137697,-0.06143921613693237,0.6900514960289002,0.7194599509239197,-0.07878012955188751,-0.5695111155509949,0.6069314479827881,0.5543386340141296,0.4466385543346405,-0.33765605092048647,0.8285543918609619],"EasingStyle":"Linear","EasingDirection":"In"}}},{"Time":0.3333333432674408,"poses":{"Left Leg":{"Weight":1,"CFrame":[-0.18092292547225953,-0.24795949459075929,0.1910865306854248,0.7675959467887878,-0.6409255266189575,0.0033022132702171804,0.6409074664115906,0.7675068974494934,-0.013072123751044274,0.005843799561262131,0.01215052418410778,0.9999091029167175],"EasingStyle":"Linear","EasingDirection":"In"},"Right Arm":{"Weight":1,"CFrame":[0.5100007057189941,-0.3391188383102417,0.28169775009155276,-0.600332498550415,-0.2769063711166382,-0.750282347202301,0.4062598645687103,-0.913676917552948,0.012144721113145352,-0.6888786554336548,-0.2975187599658966,0.661005973815918],"EasingStyle":"Linear","EasingDirection":"In"},"Left Arm":{"Weight":1,"CFrame":[0.36221885681152346,0.005629360675811768,0.24015486240386964,0.6400600671768189,0.46923670172691347,-0.6083913445472717,-0.5944908261299133,0.8040852546691895,-0.005265481770038605,0.48672765493392947,0.3650532364845276,0.7936197519302368],"EasingStyle":"Linear","EasingDirection":"In"},"Head":{"Weight":1,"CFrame":[2.7567148208618166e-7,-0.0002991091459989548,4.76837158203125e-7,0.9793292880058289,0.1156909391283989,-0.16592109203338624,-0.1634366512298584,0.9358834028244019,-0.31210675835609438,0.11917490512132645,0.3327729105949402,0.9354462027549744],"EasingStyle":"Linear","EasingDirection":"In"},"Torso":{"Weight":1,"CFrame":[0.2311079353094101,-0.7754489779472351,-0.04778003692626953,0.9737935662269592,-0.18700440227985383,-0.12944264709949494,0.2215002030134201,0.9089555740356445,0.3531818389892578,0.051611050963401797,-0.3725977838039398,0.9265566468238831],"EasingStyle":"Linear","EasingDirection":"In"},"HumanoidRootPart":{"Weight":0,"CFrame":[0,0,0,1,0,0,0,1,0,0,0,1],"EasingStyle":"Linear","EasingDirection":"In"},"Right Leg":{"Weight":1,"CFrame":[-0.017188996076583864,-0.009562849998474121,-0.07581484317779541,0.6981663703918457,0.6970385909080505,-0.16340383887290955,-0.508320689201355,0.6433441638946533,0.572467029094696,0.5041564702987671,-0.31661564111709597,0.8034803867340088],"EasingStyle":"Linear","EasingDirection":"In"}}},{"Time":0.36666667461395266,"poses":{"Left Leg":{"Weight":1,"CFrame":[-0.20700210332870484,-0.20024526119232179,0.19978058338165284,0.8098928928375244,-0.586108922958374,0.023449918255209924,0.5851601362228394,0.8100672960281372,0.037128232419490817,-0.04075723886489868,-0.01634795404970646,0.9990353584289551],"EasingStyle":"Linear","EasingDirection":"In"},"Right Arm":{"Weight":1,"CFrame":[0.5091182589530945,-0.36952388286590578,0.28178179264068606,-0.5964821577072144,-0.2858569622039795,-0.7499966025352478,0.3909418284893036,-0.9195646047592163,0.03956570476293564,-0.7009803652763367,-0.26960477232933047,0.6602572798728943],"EasingStyle":"Linear","EasingDirection":"In"},"Left Arm":{"Weight":1,"CFrame":[0.35724571347236636,0.007144153118133545,0.23387491703033448,0.6379373073577881,0.47136205434799197,-0.6089777946472168,-0.5967946648597717,0.8023833632469177,-0.004112660884857178,0.4866950809955597,0.3660584092140198,0.7931766510009766],"EasingStyle":"Linear","EasingDirection":"In"},"Head":{"Weight":1,"CFrame":[2.4586915969848635e-7,-0.0002992069348692894,1.1920928955078126e-7,0.9800261855125427,0.09750421345233917,-0.1733253002166748,-0.14132629334926606,0.9546478390693665,-0.2620580494403839,0.13991287350654603,0.28131917119026186,0.9493597745895386],"EasingStyle":"Linear","EasingDirection":"In"},"Torso":{"Weight":1,"CFrame":[0.18067623674869538,-0.7799239754676819,-0.03747892379760742,0.9784864187240601,-0.17626787722110749,-0.10720966011285782,0.20108120143413545,0.9310692548751831,0.30442801117897036,0.046158742159605029,-0.31943655014038088,0.94648277759552],"EasingStyle":"Linear","EasingDirection":"In"},"HumanoidRootPart":{"Weight":0,"CFrame":[0,0,0,1,0,0,0,1,0,0,0,1],"EasingStyle":"Linear","EasingDirection":"In"},"Right Leg":{"Weight":1,"CFrame":[-0.009718246757984162,0.020786285400390626,-0.08664751052856446,0.7215515375137329,0.6411994099617004,-0.26120254397392275,-0.4303770065307617,0.7109004259109497,0.5562338829040527,0.5423458814620972,-0.28893589973449709,0.7889087796211243],"EasingStyle":"Linear","EasingDirection":"In"}}},{"Time":0.4000000059604645,"poses":{"Left Leg":{"Weight":1,"CFrame":[-0.23780040442943574,-0.12304425239562988,0.20763123035430909,0.861880898475647,-0.5039481520652771,0.0565471313893795,0.4978928864002228,0.862101137638092,0.09425636380910874,-0.09624966979026795,-0.05308334529399872,0.9939407110214233],"EasingStyle":"Linear","EasingDirection":"In"},"Right Arm":{"Weight":1,"CFrame":[0.5078151822090149,-0.4135426878929138,0.28200995922088625,-0.5965858697891235,-0.2951289117336273,-0.7463138699531555,0.3671400845050812,-0.9272802472114563,0.07320868968963623,-0.7136479616165161,-0.23032641410827638,0.661555826663971],"EasingStyle":"Linear","EasingDirection":"In"},"Left Arm":{"Weight":1,"CFrame":[0.35177725553512576,-0.006435215473175049,0.22587084770202638,0.6416082978248596,0.46776121854782107,-0.6078965663909912,-0.5893566012382507,0.8078729510307312,-0.0004021227068733424,0.4909150302410126,0.3585258424282074,0.7940161228179932],"EasingStyle":"Linear","EasingDirection":"In"},"Head":{"Weight":1,"CFrame":[2.421438694000244e-7,-0.00029923999682068825,-1.7881393432617188e-7,0.979721188545227,0.07239791005849838,-0.18682847917079926,-0.10833811014890671,0.9757898449897766,-0.189992293715477,0.1685502827167511,0.20638009905815125,0.963845431804657],"EasingStyle":"Linear","EasingDirection":"In"},"Torso":{"Weight":1,"CFrame":[0.12438178062438965,-0.7839395403862,-0.0390315055847168,0.9848223328590393,-0.1559140533208847,-0.0762614756822586,0.16963496804237367,0.9576104879379273,0.23282217979431153,0.03672853112220764,-0.24222511053085328,0.969524621963501],"EasingStyle":"Linear","EasingDirection":"In"},"HumanoidRootPart":{"Weight":0,"CFrame":[0,0,0,1,0,0,0,1,0,0,0,1],"EasingStyle":"Linear","EasingDirection":"In"},"Right Leg":{"Weight":1,"CFrame":[0.03442618250846863,0.048850059509277347,-0.05493968725204468,0.7488577365875244,0.5603614449501038,-0.35384631156921389,-0.3627279996871948,0.7934070229530335,0.4888083338737488,0.5546534657478333,-0.23769794404506684,0.7974078059196472],"EasingStyle":"Linear","EasingDirection":"In"}}},{"Time":0.4333333373069763,"poses":{"Left Leg":{"Weight":1,"CFrame":[-0.24314896762371064,-0.02405869960784912,0.20761442184448243,0.9123793840408325,-0.397114634513855,0.09931670129299164,0.3806651532649994,0.9123207926750183,0.15088000893592835,-0.15052530169487,-0.09985340386629105,0.9835504293441773],"EasingStyle":"Linear","EasingDirection":"In"},"Right Arm":{"Weight":1,"CFrame":[0.5062282681465149,-0.4657297432422638,0.2824544906616211,-0.6010331511497498,-0.2985597252845764,-0.7413644790649414,0.33598172664642336,-0.9360449314117432,0.10457629710435868,-0.7251726984977722,-0.1862310767173767,0.6629045605659485],"EasingStyle":"Linear","EasingDirection":"In"},"Left Arm":{"Weight":1,"CFrame":[0.34612342715263369,-0.041456639766693118,0.2163097858428955,0.6516444683074951,0.4582873582839966,-0.60442715883255,-0.5697599649429321,0.8217639923095703,0.008806813508272171,0.5007324814796448,0.33863943815231326,0.7966117262840271],"EasingStyle":"Linear","EasingDirection":"In"},"Head":{"Weight":1,"CFrame":[2.7008354663848879e-7,-0.000299298670142889,2.384185791015625e-7,0.9775784015655518,0.04166354238986969,-0.20640873908996583,-0.06491248309612274,0.9921188950538635,-0.10717504471540451,0.20031671226024629,0.11817050725221634,0.9725785255432129],"EasingStyle":"Linear","EasingDirection":"In"},"Torso":{"Weight":1,"CFrame":[0.06455224007368088,-0.7874124050140381,-0.04990053176879883,0.9913168549537659,-0.12451335787773133,-0.04227735847234726,0.12945276498794557,0.9805489778518677,0.14753195643424989,0.023085322231054307,-0.15172383189201356,0.9881532788276672],"EasingStyle":"Linear","EasingDirection":"In"},"HumanoidRootPart":{"Weight":0,"CFrame":[0,0,0,1,0,0,0,1,0,0,0,1],"EasingStyle":"Linear","EasingDirection":"In"},"Right Leg":{"Weight":1,"CFrame":[0.07331734150648117,0.08056855201721192,-0.012960612773895264,0.7950569987297058,0.4441656768321991,-0.413038969039917,-0.2941572964191437,0.8779009580612183,0.37783774733543398,0.5304298996925354,-0.17890414595603944,0.8286359310150147],"EasingStyle":"Linear","EasingDirection":"In"}}},{"Time":0.46666666865348818,"poses":{"Left Leg":{"Weight":1,"CFrame":[-0.2239675372838974,0.08418118953704834,0.1937861442565918,0.9480392336845398,-0.2840336263179779,0.1433407962322235,0.2526567280292511,0.9459419846534729,0.2033674418926239,-0.19335517287254334,-0.156584233045578,0.9685530662536621],"EasingStyle":"Linear","EasingDirection":"In"},"Right Arm":{"Weight":1,"CFrame":[0.5044946074485779,-0.5206394195556641,0.28318703174591067,-0.6096752882003784,-0.29005950689315798,-0.7376731634140015,0.29880088567733767,-0.9460862874984741,0.12505507469177247,-0.7341758012771606,-0.14417444169521333,0.6634753942489624],"EasingStyle":"Linear","EasingDirection":"In"},"Left Arm":{"Weight":1,"CFrame":[0.34065812826156618,-0.08934277296066284,0.20620834827423097,0.6654690504074097,0.44436395168304446,-0.5997428297996521,-0.541869044303894,0.8401938676834106,0.021267106756567956,0.5133506655693054,0.31082937121391299,0.7999101281166077],"EasingStyle":"Linear","EasingDirection":"In"},"Head":{"Weight":1,"CFrame":[2.50060111284256e-7,-0.00029925245326012373,4.76837158203125e-7,0.9729153513908386,0.006471931468695402,-0.23107101023197175,-0.012897402048110962,0.9995706677436829,-0.02630765177309513,0.2308015674352646,0.028575332835316659,0.972581148147583],"EasingStyle":"Linear","EasingDirection":"In"},"Torso":{"Weight":1,"CFrame":[0.00389987719245255,-0.7902588844299316,-0.07940196990966797,0.9965488314628601,-0.08228423446416855,-0.010944273322820664,0.08279374986886978,0.9947750568389893,0.059730906039476398,0.005972178652882576,-0.06043088063597679,0.9981545209884644],"EasingStyle":"Linear","EasingDirection":"In"},"HumanoidRootPart":{"Weight":0,"CFrame":[0,0,0,1,0,0,0,1,0,0,0,1],"EasingStyle":"Linear","EasingDirection":"In"},"Right Leg":{"Weight":1,"CFrame":[0.09204714000225067,0.11878645420074463,0.017124056816101075,0.8554782271385193,0.3013468086719513,-0.4211260676383972,-0.21111024916172028,0.9455422163009644,0.24775469303131104,0.4728524684906006,-0.12304464727640152,0.87250816822052],"EasingStyle":"Linear","EasingDirection":"In"}}},{"Time":0.5,"poses":{"Left Leg":{"Weight":1,"CFrame":[-0.1908717304468155,0.19599789381027223,0.1626121997833252,0.9647194147109985,-0.18965373933315278,0.1826142966747284,0.14002679288387299,0.9569793343544006,0.25413185358047488,-0.2229551076889038,-0.2195950299501419,0.9497731328010559],"EasingStyle":"Linear","EasingDirection":"In"},"Right Arm":{"Weight":1,"CFrame":[0.5027512907981873,-0.5728267431259155,0.28428006172180178,-0.624542772769928,-0.26601654291152956,-0.7342895269393921,0.2574823498725891,-0.9577703475952148,0.12797941267490388,-0.7373256683349609,-0.10913800448179245,0.666663408279419],"EasingStyle":"Linear","EasingDirection":"In"},"Left Arm":{"Weight":1,"CFrame":[0.33575567603111269,-0.1415177285671234,0.19658279418945313,0.6805838942527771,0.42759230732917788,-0.5949541330337524,-0.5097823143005371,0.859605610370636,0.03464321419596672,0.5262390971183777,0.2797194719314575,0.8030127286911011],"EasingStyle":"Linear","EasingDirection":"In"},"Head":{"Weight":1,"CFrame":[2.551823854446411e-7,-0.00029912160243839025,2.384185791015625e-7,0.9654712080955505,-0.032591499388217929,-0.25846296548843386,0.04433571547269821,0.99822598695755,0.03973942622542381,0.2567092776298523,-0.04982641339302063,0.9652034640312195],"EasingStyle":"Linear","EasingDirection":"In"},"Torso":{"Weight":1,"CFrame":[-0.054862890392541888,-0.7923954725265503,-0.13685226440429688,0.9994277954101563,-0.031217966228723527,0.013021085411310196,0.03145206347107887,0.9993399381637573,-0.01817900314927101,-0.012444979511201382,0.018578140065073968,0.9997499585151672],"EasingStyle":"Linear","EasingDirection":"In"},"HumanoidRootPart":{"Weight":0,"CFrame":[0,0,0,1,0,0,0,1,0,0,0,1],"EasingStyle":"Linear","EasingDirection":"In"},"Right Leg":{"Weight":1,"CFrame":[0.09404022246599198,0.1674250364303589,0.036540865898132327,0.9100441932678223,0.1580263376235962,-0.38320645689964297,-0.11742348223924637,0.9848904609680176,0.1272893100976944,0.3975314497947693,-0.07084145396947861,0.9148498773574829],"EasingStyle":"Linear","EasingDirection":"In"}}},{"Time":0.5333333611488342,"poses":{"Left Leg":{"Weight":1,"CFrame":[-0.1627863049507141,0.3153482675552368,0.11124646663665772,0.9672035574913025,-0.1404181569814682,0.2116602063179016,0.07045037299394608,0.9489081501960754,0.30758753418922427,-0.24403703212738038,-0.2825881540775299,0.9276798367500305],"EasingStyle":"Linear","EasingDirection":"In"},"Right Arm":{"Weight":1,"CFrame":[0.5011357069015503,-0.6168452501296997,0.285805344581604,-0.6451723575592041,-0.23053869605064393,-0.7284258604049683,0.21406705677509309,-0.9697487950325012,0.11731380969285965,-0.7334356904029846,-0.08024434745311737,0.6750061511993408],"EasingStyle":"Linear","EasingDirection":"In"},"Left Arm":{"Weight":1,"CFrame":[0.3317902684211731,-0.18940404057502747,0.18844902515411378,0.694737434387207,0.409907728433609,-0.5910293459892273,-0.4779954254627228,0.8771324753761292,0.04646475613117218,0.5374572277069092,0.25022849440574648,0.8053107261657715],"EasingStyle":"Linear","EasingDirection":"In"},"Head":{"Weight":1,"CFrame":[2.682209014892578e-7,-0.0002992735244333744,1.1920928955078126e-7,0.9555646181106567,-0.07588568329811096,-0.28484660387039187,0.10240300744771958,0.9915719628334045,0.07936399430036545,0.2764233946800232,-0.10500657558441162,0.9552820324897766],"EasingStyle":"Linear","EasingDirection":"In"},"Torso":{"Weight":1,"CFrame":[-0.10902377218008042,-0.793738603591919,-0.2319035530090332,0.9993143677711487,0.025659581646323205,0.026691092178225519,-0.02362765744328499,0.9969900846481323,-0.07384084910154343,-0.028505481779575349,0.07315957546234131,0.9969127774238586],"EasingStyle":"Linear","EasingDirection":"In"},"HumanoidRootPart":{"Weight":0,"CFrame":[0,0,0,1,0,0,0,1,0,0,0,1],"EasingStyle":"Linear","EasingDirection":"In"},"Right Leg":{"Weight":1,"CFrame":[0.09021033346652985,0.24185746908187867,0.048822760581970218,0.9494227766990662,0.043617501854896548,-0.3109564781188965,-0.03320172801613808,0.9986985921859741,0.038713522255420688,0.312240332365036,-0.026431214064359666,0.94963538646698],"EasingStyle":"Linear","EasingDirection":"In"}}},{"Time":0.5666666626930237,"poses":{"Left Leg":{"Weight":1,"CFrame":[-0.16141659021377564,0.4080073833465576,0.0572054386138916,0.9623544216156006,-0.15570543706417085,0.22277741134166718,0.06772404164075852,0.9311618804931641,0.3582611680030823,-0.26322507858276369,-0.3296867609024048,0.9066527485847473],"EasingStyle":"Linear","EasingDirection":"In"},"Right Arm":{"Weight":1,"CFrame":[0.49978455901145937,-0.6472506523132324,0.28783535957336428,-0.6676211357116699,-0.18954730033874513,-0.7199679613113403,0.17027895152568818,-0.980289876461029,0.10018430650234223,-0.7247669100761414,-0.055710263550281528,0.6867380738258362],"EasingStyle":"Linear","EasingDirection":"In"},"Left Arm":{"Weight":1,"CFrame":[0.32913661003112795,-0.2244257926940918,0.18282341957092286,0.7060139775276184,0.3935661017894745,-0.588769793510437,-0.4513548016548157,0.8906996250152588,0.0541575588285923,0.5457316637039185,0.2275080382823944,0.8064844012260437],"EasingStyle":"Linear","EasingDirection":"In"},"Head":{"Weight":1,"CFrame":[2.4586915969848635e-7,-0.0002992013469338417,-5.960464477539063e-8,0.9441155195236206,-0.1246136799454689,-0.3051513135433197,0.15661539137363435,0.9841959476470947,0.08264343440532685,0.29003021121025088,-0.12581636011600495,0.948711097240448],"EasingStyle":"Linear","EasingDirection":"In"},"Torso":{"Weight":1,"CFrame":[-0.15587037801742555,-0.7942049503326416,-0.33034801483154299,0.9959163665771484,0.0854373425245285,0.02917327545583248,-0.08230604231357575,0.9920217990875244,-0.09549035876989365,-0.0370989665389061,0.09269927442073822,0.9950027465820313],"EasingStyle":"Linear","EasingDirection":"In"},"HumanoidRootPart":{"Weight":0,"CFrame":[0,0,0,1,0,0,0,1,0,0,0,1],"EasingStyle":"Linear","EasingDirection":"In"},"Right Leg":{"Weight":1,"CFrame":[0.08492173254489899,0.32330381870269778,0.051935791969299319,0.9744098782539368,-0.02196798473596573,-0.22370237112045289,0.021046465262770654,0.9997573494911194,-0.006502985954284668,0.2237909734249115,0.00162843381986022,0.9746357798576355],"EasingStyle":"Linear","EasingDirection":"In"}}},{"Time":0.6000000238418579,"poses":{"Left Leg":{"Weight":1,"CFrame":[-0.1994025707244873,0.4190722107887268,0.05485987663269043,0.9500443935394287,-0.22633956372737885,0.21490950882434846,0.13360199332237245,0.9171966314315796,0.3753676414489746,-0.28207483887672427,-0.3279035985469818,0.9016169309616089],"EasingStyle":"Linear","EasingDirection":"In"},"Right Arm":{"Weight":1,"CFrame":[0.49883508682250979,-0.6585957407951355,0.290441632270813,-0.6887009739875794,-0.149372398853302,-0.709492027759552,0.12825308740139008,-0.9882151484489441,0.08355844765901566,-0.7136120200157166,-0.033447764813899997,0.6997421383857727],"EasingStyle":"Linear","EasingDirection":"In"},"Left Arm":{"Weight":1,"CFrame":[0.32816916704177859,-0.2380053997039795,0.18072247505187989,0.7127972841262817,0.38100841641426089,-0.5888570547103882,-0.4349033832550049,0.8987895250320435,0.055104054510593417,0.550253689289093,0.2168179452419281,0.8063565492630005],"EasingStyle":"Linear","EasingDirection":"In"},"Head":{"Weight":1,"CFrame":[2.905726432800293e-7,-0.0002991240471601486,-4.172325134277344e-7,0.9330572485923767,-0.17964531481266023,-0.31165963411331179,0.20633815228939057,0.9769555926322937,0.05461027845740318,0.29466715455055239,-0.11526181548833847,0.9486231803894043],"EasingStyle":"Linear","EasingDirection":"In"},"Torso":{"Weight":1,"CFrame":[-0.19269035756587983,-0.7942049503326416,-0.37571239471435549,0.9891021251678467,0.14612087607383729,0.01804812066257,-0.14407673478126527,0.9858493208885193,-0.085691437125206,-0.03031403385102749,0.08215726912021637,0.996158242225647],"EasingStyle":"Linear","EasingDirection":"In"},"HumanoidRootPart":{"Weight":0,"CFrame":[0,0,0,1,0,0,0,1,0,0,0,1],"EasingStyle":"Linear","EasingDirection":"In"},"Right Leg":{"Weight":1,"CFrame":[0.10558336973190308,0.37348711490631106,0.042569875717163089,0.9897076487541199,-0.03426782414317131,-0.13894064724445344,0.033668152987957,0.99941086769104,-0.006664857733994722,0.13908711075782777,0.0019183879485353828,0.9902783036231995],"EasingStyle":"Linear","EasingDirection":"In"}}},{"Time":0.6333333253860474,"poses":{"Left Leg":{"Weight":1,"CFrame":[-0.23292496800422669,0.3028695583343506,0.13301301002502442,0.9288449287414551,-0.3090991973876953,0.2042175829410553,0.23095937073230744,0.9141467213630676,0.33315688371658327,-0.28966331481933596,-0.2622849941253662,0.9204899072647095],"EasingStyle":"Linear","EasingDirection":"In"},"Right Arm":{"Weight":1,"CFrame":[0.49833595752716067,-0.6435734033584595,0.30759620666503909,-0.7060770988464356,-0.11657658219337464,-0.6984735727310181,0.0905928760766983,-0.993121862411499,0.07417495548725128,-0.7023162245750427,-0.010903492569923401,0.7117814421653748],"EasingStyle":"Linear","EasingDirection":"In"},"Left Arm":{"Weight":1,"CFrame":[0.330923467874527,-0.22738638520240785,0.1911313533782959,0.7162029743194