{"Sequence":[{"Time":0,"poses":{"Left Leg":{"Weight":1,"CFrame":[-0.6692126989364624,0.31232255697250368,-0.0011001825332641602,0.962945282459259,-0.26782655715942385,0.03170692175626755,0.26481109857559206,0.9612203240394592,0.07701005041599274,-0.05110275745391846,-0.06576011329889298,0.9965260028839111],"EasingStyle":"Linear","EasingDirection":"In"},"Right Leg":{"Weight":1,"CFrame":[0.7550393342971802,0.20020467042922975,0.021877050399780275,0.7339858412742615,0.6749852895736694,-0.0752299576997757,-0.5981650352478027,0.6949306726455689,0.39908650517463686,0.3216571807861328,-0.24792392551898957,0.9138218760490418],"EasingStyle":"Linear","EasingDirection":"In"},"Left Arm":{"Weight":1,"CFrame":[-0.09307070821523667,-0.42748701572418215,0.2533518075942993,0.36343416571617129,0.6373058557510376,-0.6795269846916199,-0.40319815278053286,0.7651532292366028,0.5019678473472595,0.8398492932319641,0.09155171364545822,0.5350433588027954],"EasingStyle":"Linear","EasingDirection":"In"},"Head":{"Weight":1,"CFrame":[8.568167686462403e-8,3.026798367500305e-9,2.384185791015625e-7,0.9404885768890381,0.3390862047672272,-0.02240012213587761,-0.3394586443901062,0.9404918551445007,-0.015586751513183117,0.01578187197446823,0.022263074293732644,0.9996275901794434],"EasingStyle":"Linear","EasingDirection":"In"},"Torso":{"Weight":1,"CFrame":[-0.08453907072544098,-0.0010516976471990347,-0.42303895950317385,0.9340750575065613,-0.3410818576812744,-0.1056739091873169,0.3428708612918854,0.9393816590309143,-0.0013146521523594857,0.09971653670072556,-0.03500451520085335,0.9943999648094177],"EasingStyle":"Linear","EasingDirection":"In"},"HumanoidRootPart":{"Weight":0,"CFrame":[0,0,0,1,0,0,0,1,0,0,0,1],"EasingStyle":"Linear","EasingDirection":"In"},"Right Arm":{"Weight":1,"CFrame":[0.6113195419311523,-0.8536832928657532,-0.0034627914428710939,-0.6905427575111389,-0.48148977756500246,0.5397392511367798,0.6167974472045898,-0.0022557273041456939,0.787118673324585,-0.3777720034122467,0.8764488101005554,0.29853928089141848],"EasingStyle":"Linear","EasingDirection":"In"}}},{"Time":0.03333333507180214,"poses":{"Left Leg":{"Weight":1,"CFrame":[-0.6613946557044983,0.3016524314880371,-0.028455495834350587,0.9712189435958862,-0.23805515468120576,-0.007967987097799778,0.23789313435554505,0.9678066968917847,0.08220115303993225,-0.011856995522975922,-0.08173085749149323,0.996583878993988],"EasingStyle":"Linear","EasingDirection":"In"},"Right Leg":{"Weight":1,"CFrame":[0.7280706763267517,0.237124502658844,0.017861485481262208,0.7741478681564331,0.6262661218643189,-0.09211839735507965,-0.5473844408988953,0.7353958487510681,0.39945366978645327,0.31790781021118166,-0.25881215929985049,0.9121134877204895],"EasingStyle":"Linear","EasingDirection":"In"},"Left Arm":{"Weight":1,"CFrame":[-0.24050509929656983,-0.5175007581710815,0.2008763551712036,0.2682991027832031,0.7482126355171204,-0.6067894101142883,-0.5364861488342285,0.63921719789505,0.5509845614433289,0.8001238703727722,0.17770542204380036,0.5729072093963623],"EasingStyle":"Linear","EasingDirection":"In"},"Head":{"Weight":1,"CFrame":[5.494803190231323e-8,4.6566128730773929e-9,2.384185791015625e-7,0.9490501284599304,0.3144838511943817,-0.02009432204067707,-0.3148159682750702,0.9490134716033936,-0.016259005293250085,0.013956566341221333,0.02175661362707615,0.9996658563613892],"EasingStyle":"Linear","EasingDirection":"In"},"Torso":{"Weight":1,"CFrame":[-0.08368101716041565,-0.021390847861766816,-0.3950080871582031,0.9430199265480042,-0.3169773817062378,-0.1011868268251419,0.31591978669166567,0.9484090805053711,-0.026738589629530908,0.1044420376420021,-0.00675189308822155,0.9945080280303955],"EasingStyle":"Linear","EasingDirection":"In"},"HumanoidRootPart":{"Weight":0,"CFrame":[0,0,0,1,0,0,0,1,0,0,0,1],"EasingStyle":"Linear","EasingDirection":"In"},"Right Arm":{"Weight":1,"CFrame":[0.5650827884674072,-0.8231956958770752,0.028650999069213868,-0.5276317596435547,-0.6505371928215027,0.5462656021118164,0.5802149176597595,0.19369874894618989,0.7910951375961304,-0.6204477548599243,0.7343583106994629,0.27524974942207339],"EasingStyle":"Linear","EasingDirection":"In"}}},{"Time":0.06666667014360428,"poses":{"Left Leg":{"Weight":1,"CFrame":[-0.6129870414733887,0.2534034252166748,-0.041192054748535159,0.9783826470375061,-0.20409171283245088,-0.03337616100907326,0.20632107555866242,0.9743165373802185,0.09021559357643128,0.014106668531894684,-0.09515154361724854,0.9953628182411194],"EasingStyle":"Linear","EasingDirection":"In"},"Right Leg":{"Weight":1,"CFrame":[0.6553805470466614,0.2811008095741272,0.016724348068237306,0.8397086262702942,0.5287187099456787,-0.12387829273939133,-0.44831621646881106,0.8036891222000122,0.3912753760814667,0.3064343333244324,-0.2730206549167633,0.9118978977203369],"EasingStyle":"Linear","EasingDirection":"In"},"Left Arm":{"Weight":1,"CFrame":[-0.38788989186286929,-0.5962260961532593,0.06253230571746826,0.17562511563301087,0.8461499810218811,-0.5031760334968567,-0.6713305711746216,0.47678059339523318,0.5674464106559753,0.7200493812561035,0.23813964426517487,0.6517809629440308],"EasingStyle":"Linear","EasingDirection":"In"},"Head":{"Weight":1,"CFrame":[1.3224780559539796e-7,-3.725290298461914e-9,4.76837158203125e-7,0.9684002995491028,0.24900676310062409,-0.014017940498888493,-0.24923335015773774,0.9682800769805908,-0.017788803204894067,0.009143752045929432,0.020720425993204118,0.9997435212135315],"EasingStyle":"Linear","EasingDirection":"In"},"Torso":{"Weight":1,"CFrame":[-0.0884062647819519,-0.04033508896827698,-0.3290228843688965,0.9628833532333374,-0.2513865828514099,-0.09828745573759079,0.24746714532375337,0.9675835371017456,-0.05041889846324921,0.1077759712934494,0.024224596098065378,0.993880033493042],"EasingStyle":"Linear","EasingDirection":"In"},"HumanoidRootPart":{"Weight":0,"CFrame":[0,0,0,1,0,0,0,1,0,0,0,1],"EasingStyle":"Linear","EasingDirection":"In"},"Right Arm":{"Weight":1,"CFrame":[0.4413670599460602,-0.7440245151519775,0.10753405094146729,-0.26742860674858096,-0.7593980431556702,0.593124508857727,0.485896497964859,0.42527416348457339,0.7635747790336609,-0.8320976495742798,0.492398738861084,0.2552584707736969],"EasingStyle":"Linear","EasingDirection":"In"}}},{"Time":0.10000000149011612,"poses":{"Left Leg":{"Weight":1,"CFrame":[-0.5323522090911865,0.18962550163269044,-0.044903457164764407,0.9843710064888,-0.16742630302906037,-0.05460929870605469,0.17218218743801118,0.9800935983657837,0.09884269535541535,0.03697330877184868,-0.10670056194067002,0.993603527545929],"EasingStyle":"Linear","EasingDirection":"In"},"Right Leg":{"Weight":1,"CFrame":[0.5490108132362366,0.3089178204536438,0.02213287353515625,0.9000239372253418,0.4026728868484497,-0.16676780581474305,-0.32122787833213808,0.8714718818664551,0.37060657143592837,0.29456672072410586,-0.27998441457748415,0.9136953949928284],"EasingStyle":"Linear","EasingDirection":"In"},"Left Arm":{"Weight":1,"CFrame":[-0.5291813611984253,-0.6634438037872315,-0.1330578327178955,0.037159718573093417,0.9217858910560608,-0.3859145939350128,-0.7927299737930298,0.2623212933540344,0.5502424240112305,0.6084392666816711,0.2854791581630707,0.7404749989509583],"EasingStyle":"Linear","EasingDirection":"In"},"Head":{"Weight":1,"CFrame":[1.043081283569336e-7,-2.2351741790771486e-8,0,0.9878398180007935,0.15537939965724946,-0.005447852425277233,-0.15545673668384553,0.9876531958580017,-0.019347645342350007,0.002374364295974374,0.019959256052970887,0.9997979998588562],"EasingStyle":"Linear","EasingDirection":"In"},"Torso":{"Weight":1,"CFrame":[-0.09826655685901642,-0.053505972027778628,-0.250809907913208,0.9823522567749023,-0.15895791351795197,-0.09857209026813507,0.1528347134590149,0.9859859347343445,-0.06688249856233597,0.10782219469547272,0.050636935979127887,0.9928798079490662],"EasingStyle":"Linear","EasingDirection":"In"},"HumanoidRootPart":{"Weight":0,"CFrame":[0,0,0,1,0,0,0,1,0,0,0,1],"EasingStyle":"Linear","EasingDirection":"In"},"Right Arm":{"Weight":1,"CFrame":[0.2626628875732422,-0.6346100568771362,0.20699775218963624,0.03677394613623619,-0.7553896903991699,0.6542433500289917,0.3268016576766968,0.6277794241905212,0.706465482711792,-0.9443772435188294,0.18782812356948853,0.2699485123157501],"EasingStyle":"Linear","EasingDirection":"In"}}},{"Time":0.13333334028720857,"poses":{"Left Leg":{"Weight":1,"CFrame":[-0.43985703587532046,0.13096773624420167,-0.04431259632110596,0.9870864748954773,-0.1397327035665512,-0.07832688093185425,0.14757882058620454,0.9834151864051819,0.10542769730091095,0.06229611486196518,-0.11562562733888626,0.9913374185562134],"EasingStyle":"Linear","EasingDirection":"In"},"Right Leg":{"Weight":1,"CFrame":[0.43772807717323305,0.3126314878463745,0.0312042236328125,0.9359219074249268,0.28095319867134097,-0.21240387856960298,-0.1986791342496872,0.9190977811813355,0.34027332067489626,0.2908209562301636,-0.2762691080570221,0.916023313999176],"EasingStyle":"Linear","EasingDirection":"In"},"Left Arm":{"Weight":1,"CFrame":[-0.6583356857299805,-0.7189334034919739,-0.3572707176208496,-0.18636320531368257,0.9407879710197449,-0.2831728160381317,-0.8593459725379944,-0.016381816938519479,0.5111322402954102,0.47622817754745486,0.3385995328426361,0.8115152716636658],"EasingStyle":"Linear","EasingDirection":"In"},"Head":{"Weight":1,"CFrame":[5.3551048040390017e-8,1.210719347000122e-8,-2.980232238769531e-7,0.9988220930099487,0.04834143444895744,0.004185593221336603,-0.04824688658118248,0.9986286163330078,-0.020325832068920137,-0.005162411835044622,0.020099949091672899,0.9997846484184265],"EasingStyle":"Linear","EasingDirection":"In"},"Torso":{"Weight":1,"CFrame":[-0.11116854846477509,-0.05621090531349182,-0.18571853637695313,0.9932345151901245,-0.056272778660058978,-0.10158055275678635,0.04926106333732605,0.996311366558075,-0.07026364654302597,0.10515978932380676,0.06478431075811386,0.9923428893089294],"EasingStyle":"Linear","EasingDirection":"In"},"HumanoidRootPart":{"Weight":0,"CFrame":[0,0,0,1,0,0,0,1,0,0,0,1],"EasingStyle":"Linear","EasingDirection":"In"},"Right Arm":{"Weight":1,"CFrame":[0.05146133154630661,-0.5133917927742004,0.3008546829223633,0.2867346405982971,-0.6620368361473084,0.692452609539032,0.1698085069656372,0.7464800477027893,0.643375813961029,-0.942840576171875,-0.06689390540122986,0.3264612555503845],"EasingStyle":"Linear","EasingDirection":"In"}}},{"Time":0.1666666716337204,"poses":{"Left Leg":{"Weight":1,"CFrame":[-0.37019646167755129,0.08048081398010254,-0.04330253601074219,0.9820095300674439,-0.15431496500968934,-0.1088307648897171,0.16521544754505158,0.9812291264533997,0.09946469962596894,0.09143898636102677,-0.1156558096408844,0.9890716075897217],"EasingStyle":"Linear","EasingDirection":"In"},"Right Leg":{"Weight":1,"CFrame":[0.3670863211154938,0.30474746227264407,0.03896975517272949,0.9448104500770569,0.21568015217781068,-0.24660736322402955,-0.13074183464050294,0.9384132027626038,0.31982380151748659,0.3003993034362793,-0.26993101835250857,0.9148210287094116],"EasingStyle":"Linear","EasingDirection":"In"},"Left Arm":{"Weight":1,"CFrame":[-0.7693095207214356,-0.7624742984771729,-0.581483781337738,-0.4975259006023407,0.8375324606895447,-0.22584815323352815,-0.8017532229423523,-0.34459468722343447,0.4883098602294922,0.3311491906642914,0.4240211546421051,0.8429389595985413],"EasingStyle":"Linear","EasingDirection":"In"},"Head":{"Weight":1,"CFrame":[4.586763679981232e-8,5.587935447692871e-9,1.1920928955078126e-7,0.9983684420585632,-0.05552325025200844,0.013325871899724007,0.05579094588756561,0.9982292056083679,-0.02063623256981373,-0.012156480923295021,0.021346041932702066,0.9996982216835022],"EasingStyle":"Linear","EasingDirection":"In"},"Torso":{"Weight":1,"CFrame":[-0.12686392664909364,-0.03472462296485901,-0.14987444877624513,0.9931609034538269,0.04142075031995773,-0.10915902256965637,-0.04639248549938202,0.9979798197746277,-0.04340577870607376,0.10714059323072434,0.04817308112978935,0.9930761456489563],"EasingStyle":"Linear","EasingDirection":"In"},"HumanoidRootPart":{"Weight":0,"CFrame":[0,0,0,1,0,0,0,1,0,0,0,1],"EasingStyle":"Linear","EasingDirection":"In"},"Right Arm":{"Weight":1,"CFrame":[-0.16974672675132752,-0.3988083004951477,0.36291635036468508,0.4220355451107025,-0.5870136618614197,0.6908696889877319,0.11467599123716355,0.7905075550079346,0.6016205549240112,-0.8992971777915955,-0.1746792197227478,0.4009386897087097],"EasingStyle":"Linear","EasingDirection":"In"}}},{"Time":0.20000000298023225,"poses":{"Left Leg":{"Weight":1,"CFrame":[-0.31652265787124636,0.03217506408691406,-0.04108750820159912,0.9685759544372559,-0.20508335530757905,-0.14071765542030335,0.2165975123643875,0.9736082553863525,0.07191960513591767,0.12225434184074402,-0.10013870149850846,0.9874340891838074],"EasingStyle":"Linear","EasingDirection":"In"},"Right Leg":{"Weight":1,"CFrame":[0.3479907512664795,0.3007746934890747,0.042140841484069827,0.9415565729141235,0.21412815153598786,-0.26003891229629519,-0.12413826584815979,0.9381973147392273,0.3230718672275543,0.3131467401981354,-0.2719097137451172,0.9099474549293518],"EasingStyle":"Linear","EasingDirection":"In"},"Left Arm":{"Weight":1,"CFrame":[-0.8560590147972107,-0.793847918510437,-0.7770739793777466,-0.8025866746902466,0.5537464618682861,-0.22185474634170533,-0.5688191056251526,-0.5983571410179138,0.5642814040184021,0.17972040176391602,0.5790798664093018,0.7952150702476502],"EasingStyle":"Linear","EasingDirection":"In"},"Head":{"Weight":1,"CFrame":[6.845220923423767e-8,4.656612873077393e-10,-1.7881393432617188e-7,0.9898356795310974,-0.14034336805343629,0.02300131879746914,0.14141705632209779,0.9884347915649414,-0.0547524094581604,-0.015051169320940972,0.05744866281747818,0.9982349872589111],"EasingStyle":"Linear","EasingDirection":"In"},"Torso":{"Weight":1,"CFrame":[-0.14144836366176606,0.011000735685229302,-0.13706707954406739,0.9848049283027649,0.12687455117702485,-0.11858367174863816,-0.12613512575626374,0.9919177889823914,0.013750930316746235,0.11936988681554795,0.001415580976754427,0.992848813533783],"EasingStyle":"Linear","EasingDirection":"In"},"HumanoidRootPart":{"Weight":0,"CFrame":[0,0,0,1,0,0,0,1,0,0,0,1],"EasingStyle":"Linear","EasingDirection":"In"},"Right Arm":{"Weight":1,"CFrame":[-0.380191832780838,-0.30595681071281435,0.39336276054382326,0.47517403960227969,-0.5493184328079224,0.6873564720153809,0.15925422310829163,0.8219731450080872,0.5468073487281799,-0.865359902381897,-0.15036433935165406,0.4780614972114563],"EasingStyle":"Linear","EasingDirection":"In"}}},{"Time":0.23333333432674409,"poses":{"Left Leg":{"Weight":1,"CFrame":[-0.2632264792919159,-0.007540225982666016,-0.03770476579666138,0.9509235620498657,-0.2581552267074585,-0.17058807611465455,0.2667762041091919,0.9633127450942993,0.029307812452316285,0.15676364302635194,-0.07337836921215058,0.9849064946174622],"EasingStyle":"Linear","EasingDirection":"In"},"Right Leg":{"Weight":1,"CFrame":[0.35647052526474,0.3030599355697632,0.04273557662963867,0.9333921074867249,0.24500396847724915,-0.2622063159942627,-0.14726485311985017,0.9278219938278198,0.3427234888076782,0.32724952697753909,-0.2812816798686981,0.9021022319793701],"EasingStyle":"Linear","EasingDirection":"In"},"Left Arm":{"Weight":1,"CFrame":[-0.9125407338142395,-0.8128325939178467,-0.9154179692268372,-0.9472036957740784,0.24353545904159547,-0.20855610072612763,-0.319295197725296,-0.6571007966995239,0.682839035987854,0.029253153130412103,0.7133786082267761,0.7001680135726929],"EasingStyle":"Linear","EasingDirection":"In"},"Head":{"Weight":1,"CFrame":[1.1362135410308838e-7,-7.450580596923828e-9,2.384185791015625e-7,0.9800362586975098,-0.19573089480400086,0.034905239939689639,0.19851389527320863,0.9730557203292847,-0.11728079617023468,-0.011009270325303078,0.12186860293149948,0.9924851655960083],"EasingStyle":"Linear","EasingDirection":"In"},"Torso":{"Weight":1,"CFrame":[-0.14926281571388246,0.06421302258968353,-0.13836050033569337,0.9729326963424683,0.19440339505672456,-0.12493715435266495,-0.18538488447666169,0.979382336139679,0.08026628941297531,0.13796529173851014,-0.05493224039673805,0.9889125227928162],"EasingStyle":"Linear","EasingDirection":"In"},"HumanoidRootPart":{"Weight":0,"CFrame":[0,0,0,1,0,0,0,1,0,0,0,1],"EasingStyle":"Linear","EasingDirection":"In"},"Right Arm":{"Weight":1,"CFrame":[-0.565991222858429,-0.23655962944030763,0.4118306636810303,0.5017809867858887,-0.49845221638679507,0.7069380283355713,0.23372133076190949,0.8650036454200745,0.44400790333747866,-0.8328206539154053,-0.05756835266947746,0.5505412220954895],"EasingStyle":"Linear","EasingDirection":"In"}}},{"Time":0.2666666805744171,"poses":{"Left Leg":{"Weight":1,"CFrame":[-0.20264363288879395,-0.029121756553649904,-0.03145885467529297,0.9374802112579346,-0.2846665382385254,-0.20023933053016663,0.28769391775131228,0.9576134085655212,-0.014448357746005059,0.19586479663848878,-0.0440625436604023,0.9796404838562012],"EasingStyle":"Linear","EasingDirection":"In"},"Right Leg":{"Weight":1,"CFrame":[0.3659229278564453,0.30742090940475466,0.04383718967437744,0.9229342937469482,0.2781257927417755,-0.266154408454895,-0.17056411504745484,0.9152619242668152,0.3649704158306122,0.34510886669158938,-0.2914474904537201,0.8921650052070618],"EasingStyle":"Linear","EasingDirection":"In"},"Left Arm":{"Weight":1,"CFrame":[-0.9327110648155212,-0.8192101120948792,-0.9678933620452881,-0.9720799326896668,0.10618873685598374,-0.20924760401248933,-0.22775542736053468,-0.6415581703186035,0.732482373714447,-0.05646311491727829,0.7596887946128845,0.6478310227394104],"EasingStyle":"Linear","EasingDirection":"In"},"Head":{"Weight":1,"CFrame":[8.195638656616211e-8,0,-2.980232238769531e-7,0.9756779074668884,-0.2152949571609497,0.04124036803841591,0.21908588707447053,0.9640263319015503,-0.15051431953907014,-0.007351812906563282,0.15588869154453278,0.9877472519874573],"EasingStyle":"Linear","EasingDirection":"In"},"Torso":{"Weight":1,"CFrame":[-0.15021362900733949,0.10794574022293091,-0.1445000171661377,0.9626950025558472,0.2385985255241394,-0.12762868404388429,-0.22147592902183534,0.965785562992096,0.13493221998214723,0.1554565578699112,-0.10163189470767975,0.982600748538971],"EasingStyle":"Linear","EasingDirection":"In"},"HumanoidRootPart":{"Weight":0,"CFrame":[0,0,0,1,0,0,0,1,0,0,0,1],"EasingStyle":"Linear","EasingDirection":"In"},"Right Arm":{"Weight":1,"CFrame":[-0.7149842977523804,-0.18899700045585633,0.4213138818740845,0.5152865052223206,-0.43809548020362856,0.7365813851356506,0.31935885548591616,0.895723819732666,0.30933618545532229,-0.7952922582626343,0.07583681493997574,0.6014640927314758],"EasingStyle":"Linear","EasingDirection":"In"}}},{"Time":0.30000001192092898,"poses":{"Left Leg":{"Weight":1,"CFrame":[-0.23637329041957856,-0.048537611961364749,-0.044476449489593509,0.917127788066864,-0.32140660285949709,-0.23574243485927583,0.32108190655708315,0.9461696147918701,-0.040857985615730289,0.23618432879447938,-0.03822070360183716,0.9709562659263611],"EasingStyle":"Linear","EasingDirection":"In"},"Right Leg":{"Weight":1,"CFrame":[0.3676840364933014,0.31744396686553957,0.05116069316864014,0.9113191962242127,0.29631784558296206,-0.2858198583126068,-0.17818239331245423,0.909730851650238,0.3750210702419281,0.3711445927619934,-0.2908359169960022,0.8818538784980774],"EasingStyle":"Linear","EasingDirection":"In"},"Left Arm":{"Weight":1,"CFrame":[-0.8627490997314453,-0.8066689968109131,-0.8980404138565064,-0.9349443912506104,0.2093048393726349,-0.28647926449775698,-0.35419976711273196,-0.5973520874977112,0.7195227146148682,-0.020529353991150857,0.7741847038269043,0.6326267719268799],"EasingStyle":"Linear","EasingDirection":"In"},"Head":{"Weight":1,"CFrame":[8.195638656616211e-8,4.470348358154297e-8,-2.384185791015625e-7,0.9763601422309876,-0.21225495636463166,0.040849074721336368,0.21601441502571107,0.9648571014404297,-0.1496279239654541,-0.007654222194105387,0.1549147367477417,0.9878981709480286],"EasingStyle":"Linear","EasingDirection":"In"},"Torso":{"Weight":1,"CFrame":[-0.14805641770362855,0.1260196566581726,-0.15488982200622559,0.9585462808609009,0.25444817543029787,-0.1282387673854828,-0.23362232744693757,0.9594824910163879,0.15752460062503816,0.1631246954202652,-0.12103519588708878,0.9791530966758728],"EasingStyle":"Linear","EasingDirection":"In"},"HumanoidRootPart":{"Weight":0,"CFrame":[0,0,0,1,0,0,0,1,0,0,0,1],"EasingStyle":"Linear","EasingDirection":"In"},"Right Arm":{"Weight":1,"CFrame":[-0.8150100708007813,-0.16164755821228028,0.4248077869415283,0.5235602855682373,-0.3731937110424042,0.765905499458313,0.3994863033294678,0.9015470147132874,0.16620388627052308,-0.7525259852409363,0.2189507931470871,0.6210998892784119],"EasingStyle":"Linear","EasingDirection":"In"}}},{"Time":0.3333333432674408,"poses":{"Left Leg":{"Weight":1,"CFrame":[-0.37393221259117129,-0.06469011306762696,-0.09037661552429199,0.8858574032783508,-0.3704945743083954,-0.27926772832870486,0.37477460503578188,0.9262520670890808,-0.04001341387629509,0.273497074842453,-0.06921625137329102,0.9593791961669922],"EasingStyle":"Linear","EasingDirection":"In"},"Right Leg":{"Weight":1,"CFrame":[0.3654850721359253,0.3372511863708496,0.06785333156585694,0.8973490595817566,0.29869481921195986,-0.324878454208374,-0.17145860195159913,0.9142800569534302,0.367006778717041,0.40665295720100405,-0.2736300230026245,0.8716421127319336],"EasingStyle":"Linear","EasingDirection":"In"},"Left Arm":{"Weight":1,"CFrame":[-0.6878443956375122,-0.7753164172172546,-0.7234083414077759,-0.7727978229522705,0.46745795011520388,-0.4292629361152649,-0.6231797337532044,-0.43089574575424197,0.652668297290802,0.12012741714715958,0.7718885540962219,0.6243055462837219],"EasingStyle":"Linear","EasingDirection":"In"},"Head":{"Weight":1,"CFrame":[9.685754776000977e-8,1.4901161193847657e-8,4.76837158203125e-7,0.9783849716186523,-0.20302625000476838,0.03928390517830849,0.2066127210855484,0.9676429629325867,-0.14483900368213654,-0.008606643415987492,0.1498248428106308,0.9886751174926758],"EasingStyle":"Linear","EasingDirection":"In"},"Torso":{"Weight":1,"CFrame":[-0.14473530650138856,0.11509901285171509,-0.17383718490600587,0.9615587592124939,0.24326016008853913,-0.12739400565624238,-0.22474966943264008,0.9637364149093628,0.14387378096580506,0.1577730029821396,-0.10971134155988693,0.9813618659973145],"EasingStyle":"Linear","EasingDirection":"In"},"HumanoidRootPart":{"Weight":0,"CFrame":[0,0,0,1,0,0,0,1,0,0,0,1],"EasingStyle":"Linear","EasingDirection":"In"},"Right Arm":{"Weight":1,"CFrame":[-0.8539071679115295,-0.1528911292552948,0.42530691623687746,0.529635488986969,-0.3118715286254883,0.7888107299804688,0.4605475962162018,0.8866721391677856,0.041334979236125949,-0.7123076319694519,0.3413921892642975,0.6132447123527527],"EasingStyle":"Linear","EasingDirection":"In"}}},{"Time":0.36666667461395266,"poses":{"Left Leg":{"Weight":1,"CFrame":[-0.5276023149490356,-0.05001842975616455,-0.15268361568450929,0.8571102619171143,-0.4010055661201477,-0.323352187871933,0.41885092854499819,0.9079191088676453,-0.01570795103907585,0.29987651109695437,-0.12197289615869522,0.9461483359336853],"EasingStyle":"Linear","EasingDirection":"In"},"Right Leg":{"Weight":1,"CFrame":[0.3720812499523163,0.3708614706993103,0.0927283763885498,0.8783600926399231,0.2989307940006256,-0.37299302220344546,-0.16654759645462037,0.9228165745735169,0.34737804532051089,0.4480462372303009,-0.24300195276737214,0.8603515028953552],"EasingStyle":"Linear","EasingDirection":"In"},"Left Arm":{"Weight":1,"CFrame":[-0.4604683518409729,-0.7345589399337769,-0.49638670682907107,-0.4412325620651245,0.7047419548034668,-0.5555651187896729,-0.8553040623664856,-0.14288519322872163,0.4980350136756897,0.27160415053367617,0.6949263215065002,0.6658141613006592],"EasingStyle":"Linear","EasingDirection":"In"},"Head":{"Weight":1,"CFrame":[1.043081283569336e-7,7.450580596923828e-9,-1.1920928955078126e-7,0.9816220998764038,-0.18739713728427888,0.03606089577078819,0.19056421518325807,0.9726353287696838,-0.13291294872760774,-0.010166614316403866,0.1373421847820282,0.9904714822769165],"EasingStyle":"Linear","EasingDirection":"In"},"Torso":{"Weight":1,"CFrame":[-0.14119383692741395,0.08682867884635925,-0.2102491855621338,0.9688093662261963,0.21427923440933228,-0.12447018921375275,-0.20136868953704835,0.9734837412834168,0.10853587090969086,0.14442670345306397,-0.08008616417646408,0.9862692952156067],"EasingStyle":"Linear","EasingDirection":"In"},"HumanoidRootPart":{"Weight":0,"CFrame":[0,0,0,1,0,0,0,1,0,0,0,1],"EasingStyle":"Linear","EasingDirection":"In"},"Right Arm":{"Weight":1,"CFrame":[-0.8573877811431885,-0.1529099941253662,0.41473889350891116,0.5351368188858032,-0.2617487609386444,0.8031912446022034,0.49508193135261538,0.867567241191864,-0.04712694510817528,-0.684486985206604,0.4228648245334625,0.5938543081283569],"EasingStyle":"Linear","EasingDirection":"In"}}},{"Time":0.4000000059604645,"poses":{"Left Leg":{"Weight":1,"CFrame":[-0.6860153079032898,0.005313098430633545,-0.2284010648727417,0.8326829671859741,-0.4213066101074219,-0.3593601882457733,0.46247127652168276,0.8860256671905518,0.03284585475921631,0.3045642673969269,-0.19354400038719178,0.9326207041740418],"EasingStyle":"Linear","EasingDirection":"In"},"Right Leg":{"Weight":1,"CFrame":[0.3982234001159668,0.42943382263183596,0.12641775608062745,0.8527650237083435,0.3066900074481964,-0.42276817560195925,-0.1766786426305771,0.9311130046844482,0.31908199191093447,0.4915042519569397,-0.19740787148475648,0.8482062220573425],"EasingStyle":"Linear","EasingDirection":"In"},"Left Arm":{"Weight":1,"CFrame":[-0.23309218883514405,-0.693800687789917,-0.2693650722503662,-0.10292783379554749,0.8055020570755005,-0.5835858583450317,-0.9447687268257141,0.1043621152639389,0.31067755818367007,0.3111557066440582,0.5833309888839722,0.7502713203430176],"EasingStyle":"Linear","EasingDirection":"In"},"Head":{"Weight":1,"CFrame":[1.4528632164001466e-7,-1.862645149230957e-8,2.384185791015625e-7,0.9858003258705139,-0.16505058109760285,0.03091995231807232,0.1674889177083969,0.9796598553657532,-0.1105170026421547,-0.012050163932144642,0.11412643641233444,0.9933931231498718],"EasingStyle":"Linear","EasingDirection":"In"},"Torso":{"Weight":1,"CFrame":[-0.1436416506767273,0.04804624617099762,-0.27965211868286135,0.9774757027626038,0.17447875440120698,-0.11873695254325867,-0.16832998394966126,0.9838994145393372,0.06005782261490822,0.1273040473461151,-0.03871806710958481,0.9911077618598938],"EasingStyle":"Linear","EasingDirection":"In"},"HumanoidRootPart":{"Weight":0,"CFrame":[0,0,0,1,0,0,0,1,0,0,0,1],"EasingStyle":"Linear","EasingDirection":"In"},"Right Arm":{"Weight":1,"CFrame":[-0.8594988584518433,-0.15295392274856568,0.3895379304885864,0.5400398969650269,-0.22332462668418885,0.8114696741104126,0.5088803172111511,0.8545963168144226,-0.103470578789711,-0.6703713536262512,0.46881893277168276,0.5751615762710571],"EasingStyle":"Linear","EasingDirection":"In"}}},{"Time":0.4333333373069763,"poses":{"Left Leg":{"Weight":1,"CFrame":[-0.7934780716896057,0.09404903650283814,-0.2805866003036499,0.8325084447860718,-0.41940242052078249,-0.3619825839996338,0.48206430673599245,0.8703837394714356,0.10023031383752823,0.2730269134044647,-0.25794148445129397,0.9267807006835938],"EasingStyle":"Linear","EasingDirection":"In"},"Right Leg":{"Weight":1,"CFrame":[0.42954021692276,0.4918949604034424,0.15351247787475587,0.8358644843101502,0.31276240944862368,-0.45112118124961855,-0.19518163800239564,0.9374414086341858,0.2882840633392334,0.5130640268325806,-0.15291588008403779,0.8446193933486939],"EasingStyle":"Linear","EasingDirection":"In"},"Left Arm":{"Weight":1,"CFrame":[-0.058187492191791537,-0.6624480485916138,-0.09473299980163574,0.07856161892414093,0.8258028626441956,-0.5584602355957031,-0.9735215902328491,0.18418070673942567,0.13540008664131165,0.21467140316963197,0.5330356955528259,0.8184064030647278],"EasingStyle":"Linear","EasingDirection":"In"},"Head":{"Weight":1,"CFrame":[1.514563336968422e-7,2.3283064365386964e-9,2.384185791015625e-7,0.9904844760894775,-0.13552509248256684,0.023945897817611696,0.13695061206817628,0.9877967238426209,-0.07417690753936768,-0.013600833714008332,0.07675047963857651,0.996957540512085],"EasingStyle":"Linear","EasingDirection":"In"},"Torso":{"Weight":1,"CFrame":[-0.15374977886676789,0.005849650129675865,-0.3586921691894531,0.9852193593978882,0.131117582321167,-0.11023154109716416,-0.13111406564712525,0.9913403391838074,0.0073120747692883019,0.11023570597171784,0.007248907350003719,0.9938790202140808],"EasingStyle":"Linear","EasingDirection":"In"},"HumanoidRootPart":{"Weight":0,"CFrame":[0,0,0,1,0,0,0,1,0,0,0,1],"EasingStyle":"Linear","EasingDirection":"In"},"Right Arm":{"Weight":1,"CFrame":[-0.8605831265449524,-0.15300631523132325,0.3594592809677124,0.5431117415428162,-0.1952352225780487,0.8166473507881165,0.5097041130065918,0.84955233335495,-0.13587720692157746,-0.6672566533088684,0.4900449216365814,0.5609139204025269],"EasingStyle":"Linear","EasingDirection":"In"}}},{"Time":0.46666666865348818,"poses":{"Left Leg":{"Weight":1,"CFrame":[-0.8177527189254761,0.1789296269416809,-0.2785482406616211,0.8631777763366699,-0.38788947463035586,-0.3232118785381317,0.4547007977962494,0.8754770755767822,0.16366760432720185,0.21947960555553437,-0.28823891282081606,0.9320659637451172],"EasingStyle":"Linear","EasingDirection":"In"},"Right Leg":{"Weight":1,"CFrame":[0.45234599709510805,0.5152050256729126,0.162040114402771,0.841132640838623,0.30709728598594668,-0.4451821744441986,-0.20648685097694398,0.9431443810462952,0.26046475768089297,0.499859094619751,-0.12716111540794373,0.856721043586731],"EasingStyle":"Linear","EasingDirection":"In"},"Left Arm":{"Weight":1,"CFrame":[0.011774435639381409,-0.6499068737030029,-0.024880290031433107,0.16671335697174073,0.8221117258071899,-0.5443704724311829,-0.9744740128517151,0.22156614065170289,0.036178234964609149,0.15035660564899445,0.5244432687759399,0.8380643725395203],"EasingStyle":"Linear","EasingDirection":"In"},"Head":{"Weight":1,"CFrame":[9.033828973770142e-8,-1.1175870895385743e-8,4.76837158203125e-7,0.994821310043335,-0.10034044831991196,0.01619681529700756,0.10071759670972824,0.9946147203445435,-0.024444580078125,-0.0136567996814847,0.02594929002225399,0.9995699524879456],"EasingStyle":"Linear","EasingDirection":"In"},"Torso":{"Weight":1,"CFrame":[-0.1663874387741089,-0.03259739279747009,-0.39689159393310549,0.9907257556915283,0.09155704826116562,-0.10039789229631424,-0.09603901207447052,0.994543194770813,-0.04074673727154732,0.09611938893795014,0.050010956823825839,0.9941126704216003],"EasingStyle":"Linear","EasingDirection":"In"},"HumanoidRootPart":{"Weight":0,"CFrame":[0,0,0,1,0,0,0,1,0,0,0,1],"EasingStyle":"Linear","EasingDirection":"In"},"Right Arm":{"Weight":1,"CFrame":[-0.860982358455658,-0.15304991602897645,0.3342583179473877,0.5441718697547913,-0.17615190148353578,0.8202728629112244,0.5036824941635132,0.8505006432533264,-0.15150156617164613,-0.670955240726471,0.4955998361110687,0.5515430569648743],"EasingStyle":"Linear","EasingDirection":"In"}}},{"Time":0.5,"poses":{"Left Leg":{"Weight":1,"CFrame":[-0.7684727907180786,0.22072231769561768,-0.2322961688041687,0.905254065990448,-0.3323765695095062,-0.2646525204181671,0.38862091302871706,0.8995217680931091,0.19958539307117463,0.1717231720685959,-0.2835250198841095,0.9434642195701599],"EasingStyle":"Linear","EasingDirection":"In"},"Right Leg":{"Weight":1,"CFrame":[0.4601011872291565,0.4840586185455322,0.15383219718933106,0.8641852736473084,0.28734835982322695,-0.41305527091026308,-0.20197926461696626,0.94996178150177,0.23827917873859406,0.4608559310436249,-0.12248879671096802,0.8789814710617065],"EasingStyle":"Linear","EasingDirection":"In"},"Left Arm":{"Weight":1,"CFrame":[-0.04566343128681183,-0.6535411477088928,-0.09683811664581299,0.24272091686725617,0.8146770000457764,-0.52667635679245,-0.9394883513450623,0.3327038586139679,0.08166834712028504,0.24176062643527986,0.47498366236686709,0.8461337685585022],"EasingStyle":"Linear","EasingDirection":"In"},"Head":{"Weight":1,"CFrame":[8.381903171539307e-8,-1.4901161193847657e-8,1.1920928955078126e-7,0.9975085854530335,-0.06975097954273224,0.010554736480116845,0.0695141926407814,0.9973525404930115,0.02134687639772892,-0.012015767395496369,-0.020559992641210557,0.9997164011001587],"EasingStyle":"Linear","EasingDirection":"In"},"Torso":{"Weight":1,"CFrame":[-0.17749175429344178,-0.0604211688041687,-0.3726181983947754,0.9937692880630493,0.06289567053318024,-0.09201496839523316,-0.06994692236185074,0.9946874976158142,-0.07552645355463028,0.08677585422992706,0.08149203658103943,0.9928892254829407],"EasingStyle":"Linear","EasingDirection":"In"},"HumanoidRootPart":{"Weight":0,"CFrame":[0,0,0,1,0,0,0,1,0,0,0,1],"EasingStyle":"Linear","EasingDirection":"In"},"Right Arm":{"Weight":1,"CFrame":[-0.8610394597053528,-0.1530689001083374,0.3236900568008423,0.5436213612556458,-0.16487503051757813,0.822977602481842,0.4963909387588501,0.8538133502006531,-0.15684063732624055,-0.676810085773468,0.4937802851200104,0.5459935069084168],"EasingStyle":"Linear","EasingDirection":"In"}}},{"Time":0.5333333611488342,"poses":{"Left Leg":{"Weight":1,"CFrame":[-0.6841514110565186,0.21354073286056519,-0.17376554012298585,0.9368942379951477,-0.2786306142807007,-0.21117359399795533,0.32113492488861086,0.9246346354484558,0.20475105941295625,0.13820846378803254,-0.25964537262916567,0.9557629227638245],"EasingStyle":"Linear","EasingDirection":"In"},"Right Leg":{"Weight":1,"CFrame":[0.45441734790802,0.4300156831741333,0.1326282024383545,0.8911700248718262,0.26257196068763735,-0.3699621558189392,-0.1863679438829422,0.9553863406181336,0.22913722693920136,0.41362178325653078,-0.13525116443634034,0.9003466963768005],"EasingStyle":"Linear","EasingDirection":"In"},"Left Arm":{"Weight":1,"CFrame":[-0.19379264116287232,-0.6629136204719544,-0.2824135422706604,0.2696439027786255,0.7997294068336487,-0.5364002585411072,-0.8987230062484741,0.4090389311313629,0.15806357562541963,0.34581664204597475,0.4394543170928955,0.8290299773216248],"EasingStyle":"Linear","EasingDirection":"In"},"Head":{"Weight":1,"CFrame":[1.2200325727462769e-7,1.7695128917694093e-8,-1.7881393432617188e-7,0.9983564615249634,-0.05667465552687645,0.008504679426550866,0.0562763437628746,0.997555673122406,0.041420936584472659,-0.01083141565322876,-0.04087424278259277,0.9991055727005005],"EasingStyle":"Linear","EasingDirection":"In"},"Torso":{"Weight":1,"CFrame":[-0.18502475321292878,-0.07112346589565277,-0.3165397644042969,0.9947249293327332,0.05186392366886139,-0.0885012224316597,-0.05974884331226349,0.9942464828491211,-0.08890433609485626,0.08338110148906708,0.09372320771217346,0.9921005964279175],"EasingStyle":"Linear","EasingDirection":"In"},"HumanoidRootPart":{"Weight":0,"CFrame":[0,0,0,1,0,0,0,1,0,0,0,1],"EasingStyle":"Linear","EasingDirection":"In"},"Right Arm":{"Weight":1,"CFrame":[-0.8610395193099976,-0.15306925773620606,0.3236900568008423,0.5399389863014221,-0.17532263696193696,0.8232423663139343,0.48025500774383547,0.8674032092094421,-0.13025695085525514,-0.691245973110199,0.4656969904899597,0.5525442361831665],"EasingStyle":"Linear","EasingDirection":"In"}}},{"Time":0.5666666626930237,"poses":{"Left Leg":{"Weight":1,"CFrame":[-0.5891255736351013,0.16136705875396729,-0.12249821424484253,0.9500640034675598,-0.25535672903060915,-0.17936375737190247,0.28712230920791628,0.9404577016830444,0.1819341480731964,0.12222591042518616,-0.22434842586517335,0.9668136239051819],"EasingStyle":"Linear","EasingDirection":"In"},"Right Leg":{"Weight":1,"CFrame":[0.4423765540122986,0.3785557746887207,0.10644900798797608,0.9104929566383362,0.25171682238578799,-0.32808706164360049,-0.1770053505897522,0.9542673826217651,0.24092082679271699,0.3737266957759857,-0.16128359735012055,0.9134089946746826],"EasingStyle":"Linear","EasingDirection":"In"},"Left Arm":{"Weight":1,"CFrame":[-0.3963369131088257,-0.6757284998893738,-0.5361597537994385,0.07621978968381882,0.7811152338981628,-0.6197172999382019,-0.9447243213653565,0.2553463280200958,0.20565542578697205,0.31888318061828616,0.5697870254516602,0.7574009895324707],"EasingStyle":"Linear","EasingDirection":"In"},"Head":{"Weight":1,"CFrame":[5.122274160385132e-8,-2.60770320892334e-8,-2.384185791015625e-7,0.9973433017730713,-0.07061705738306046,0.017875002697110177,0.07013658434152603,0.997192919254303,0.026214001700282098,-0.01967598684132099,-0.024890661239624025,0.9994965195655823],"EasingStyle":"Linear","EasingDirection":"In"},"Torso":{"Weight":1,"CFrame":[-0.19494777917861939,-0.05454055964946747,-0.2561674118041992,0.993186354637146,0.0664898008108139,-0.09570787101984024,-0.07317999005317688,0.994985818862915,-0.06817569583654404,0.09069498628377915,0.07471507042646408,0.9930720329284668],"EasingStyle":"Linear","EasingDirection":"In"},"HumanoidRootPart":{"Weight":0,"CFrame":[0,0,0,1,0,0,0,1,0,0,0,1],"EasingStyle":"Linear","EasingDirection":"In"},"Right Arm":{"Weight":1,"CFrame":[-0.861039400100708,-0.15306928753852845,0.3236900568008423,0.5342075824737549,-0.20752984285354615,0.8194836974143982,0.45051297545433047,0.8901569843292236,-0.06825432926416397,-0.7153043150901794,0.40564996004104617,0.5690235495567322],"EasingStyle":"Linear","EasingDirection":"In"}}},{"Time":0.6000000238418579,"poses":{"Left Leg":{"Weight":1,"CFrame":[-0.4987480938434601,0.09429609775543213,-0.08166110515594483,0.9493195414543152,-0.27305781841278078,-0.1556655317544937,0.29514333605766299,0.9447311162948608,0.14273607730865479,0.10808686912059784,-0.18144585192203523,0.9774429202079773],"EasingStyle":"Linear","EasingDirection":"In"},"Right Leg":{"Weight":1,"CFrame":[0.4492463767528534,0.3462405800819397,0.0786980390548706,0.92088383436203,0.269162118434906,-0.28200119733810427,-0.19213159382343293,0.9427903890609741,0.2724548876285553,0.3392026722431183,-0.1967180073261261,0.9199150204658508],"EasingStyle":"Linear","EasingDirection":"In"},"Left Arm":{"Weight":1,"CFrame":[-0.6170192956924439,-0.689690887928009,-0.8126294612884522,-0.3262737989425659,0.6374949216842651,-0.6979581713676453,-0.9376535415649414,-0.12469103932380676,0.32443490624427798,0.11979653686285019,0.7602975368499756,0.6384328007698059],"EasingStyle":"Linear","EasingDirection":"In"},"Head":{"Weight":1,"CFrame":[8.684583008289337e-8,3.725290298461914e-9,-1.7881393432617188e-7,0.9935934543609619,-0.10481273382902146,0.04226444289088249,0.10537613928318024,0.9943679571151733,-0.011324374005198479,-0.04083947464823723,0.015705490484833719,0.999042272567749],"EasingStyle":"Linear","EasingDirection":"In"},"Torso":{"Weight":1,"CFrame":[-0.20796433091163636,-0.013926029205322266,-0.21607565879821778,0.9884471893310547,0.1031804010272026,-0.11102220416069031,-0.10574044287204743,0.9942414164543152,-0.017407532781362535,0.10858675092458725,0.028945963829755784,0.9936654567718506],"EasingStyle":"Linear","EasingDirection":"In"},"HumanoidRootPart":{"Weight":0,"CFrame":[0,0,0,1,0,0,0,1,0,0,0,1],"EasingStyle":"Linear","EasingDirection":"In"},"Right Arm":{"Weight":1,"CFrame":[-0.861039400100708,-0.15306934714317323,0.3236900568008423,0.5300000309944153,-0.23919810354709626,0.8135626316070557,0.4186670184135437,0.9081217050552368,-0.005743296351283789,-0.7374401092529297,0.34365570545196535,0.5814489126205444],"EasingStyle":"Linear","EasingDirection":"In"}}},{"Time":0.6333333253860474,"poses":{"Left Leg":{"Weight":1,"CFrame":[-0.42943504452705386,0.03341329097747803,-0.06220090389251709,0.9368403553962708,-0.31383490562438967,-0.15439485013484956,0.3305246829986572,0.9387616515159607,0.09736528247594834,0.1143832877278328,-0.1422470211982727,0.9832000136375427],"EasingStyle":"Linear","EasingDirection":"In"},"Right Leg":{"Weight":1,"CFrame":[0.4617649018764496,0.33147960901260378,0.061252713203430179,0.9193016290664673,0.3014536499977112,-0.25300222635269167,-0.21886684000492097,0.9258903861045837,0.3079356253147125,0.32708069682121279,-0.22771194577217103,0.9171507358551025],"EasingStyle":"Linear","EasingDirection":"In"},"Left Arm":{"Weight":1,"CFrame":[-0.8195633888244629,-0.7025058269500732,-1.066375494003296,-0.6444936990737915,0.36744