{"Sequence":[{"Time":0,"poses":{"Left Leg":{"Weight":1,"CFrame":[-0.11694348603487015,0.011938750743865967,0.01714828610420227,0.986657977104187,-0.08512213826179505,0.13878221809864045,0.0859539657831192,0.9962990880012512,-4.0695303482607417e-7,-0.1382685899734497,0.011929331347346306,0.990323007106781],"EasingStyle":"Constant","EasingDirection":"In"},"Right Arm":{"Weight":1,"CFrame":[-0.00436006486415863,-0.001802980899810791,-0.011660218238830567,0.9908908605575562,-0.12184209376573563,0.057357050478458408,0.09239890426397324,0.9249732494354248,0.3686283826828003,-0.097968190908432,-0.3599707782268524,0.9278057217597961],"EasingStyle":"Constant","EasingDirection":"In"},"Head":{"Weight":1,"CFrame":[7.89295881986618e-8,-6.984919309616089e-9,0.0166623592376709,0.9999547004699707,-0.009493880905210972,-0.0007596269133500755,0.009496975690126419,0.9999462962150574,0.0041713714599609379,0.0007199739338830113,-0.004178404342383146,0.9999910593032837],"EasingStyle":"Constant","EasingDirection":"In"},"Right Leg":{"Weight":1,"CFrame":[0.12376146018505097,0.01193457841873169,0.01555544137954712,0.9883990287780762,0.08527331799268723,-0.12568159401416779,-0.08595497161149979,0.9962990880012512,-3.230534275644459e-7,0.1252165138721466,0.010803218930959702,0.9920706748962402],"EasingStyle":"Constant","EasingDirection":"In"},"Torso":{"Weight":1,"CFrame":[0,0,-0.021513938903808595,1,2.384185791015625e-7,-8.742277657347586e-8,-2.384185791015625e-7,1,2.084321417176148e-14,8.742277657347586e-8,0,1],"EasingStyle":"Constant","EasingDirection":"In"},"HumanoidRootPart":{"Weight":0,"CFrame":[0,0,0,1,0,0,0,1,0,0,0,1],"EasingStyle":"Linear","EasingDirection":"In"},"Left Arm":{"Weight":1,"CFrame":[0.003843069076538086,0.0003567039966583252,-0.007593631744384766,0.9931829571723938,0.10896594822406769,-0.041402749717235568,-0.09630671888589859,0.9671647548675537,0.2351965606212616,0.06567166745662689,-0.22960588335990907,0.9710656404495239],"EasingStyle":"Constant","EasingDirection":"In"}}},{"Time":0.1666666716337204,"poses":{"Left Leg":{"Weight":1,"CFrame":[-0.11694348603487015,0.011938750743865967,0.01714828610420227,0.986657977104187,-0.08512213826179505,0.13878221809864045,0.0859539657831192,0.9962990880012512,-4.0695303482607417e-7,-0.1382685899734497,0.011929331347346306,0.990323007106781],"EasingStyle":"Constant","EasingDirection":"In"},"Right Arm":{"Weight":1,"CFrame":[-0.00436006486415863,-0.001802980899810791,-0.011660218238830567,0.9908908605575562,-0.12184209376573563,0.057357050478458408,0.09239890426397324,0.9249732494354248,0.3686283826828003,-0.097968190908432,-0.3599707782268524,0.9278057217597961],"EasingStyle":"Constant","EasingDirection":"In"},"Head":{"Weight":1,"CFrame":[7.89295881986618e-8,-6.984919309616089e-9,0.0166623592376709,0.9999547004699707,-0.009493880905210972,-0.0007596269133500755,0.009496975690126419,0.9999462962150574,0.0041713714599609379,0.0007199739338830113,-0.004178404342383146,0.9999910593032837],"EasingStyle":"Constant","EasingDirection":"In"},"Right Leg":{"Weight":1,"CFrame":[0.12376146018505097,0.01193457841873169,0.01555544137954712,0.9883990287780762,0.08527331799268723,-0.12568159401416779,-0.08595497161149979,0.9962990880012512,-3.230534275644459e-7,0.1252165138721466,0.010803218930959702,0.9920706748962402],"EasingStyle":"Constant","EasingDirection":"In"},"Torso":{"Weight":1,"CFrame":[0,0,-0.021513938903808595,1,2.384185791015625e-7,-8.742277657347586e-8,-2.384185791015625e-7,1,2.084321417176148e-14,8.742277657347586e-8,0,1],"EasingStyle":"Constant","EasingDirection":"In"},"HumanoidRootPart":{"Weight":0,"CFrame":[0,0,0,1,0,0,0,1,0,0,0,1],"EasingStyle":"Linear","EasingDirection":"In"},"Left Arm":{"Weight":1,"CFrame":[0.003843069076538086,0.0003567039966583252,-0.007593631744384766,0.9931829571723938,0.10896594822406769,-0.041402749717235568,-0.09630671888589859,0.9671647548675537,0.2351965606212616,0.06567166745662689,-0.22960588335990907,0.9710656404495239],"EasingStyle":"Constant","EasingDirection":"In"}}},{"Time":0.20000000298023225,"poses":{"Left Leg":{"Weight":1,"CFrame":[-0.06254898011684418,0.007047832012176514,0.00952562689781189,0.9887065887451172,-0.05655866861343384,0.13878220319747926,0.057111382484436038,0.9983678460121155,-3.7965031651765459e-7,-0.13855567574501038,0.007926487363874913,0.9903229475021362],"EasingStyle":"Constant","EasingDirection":"In"},"Right Arm":{"Weight":1,"CFrame":[0.011004768311977387,0.0000950247049331665,-0.013701319694519043,0.9750547409057617,-0.2217997908592224,0.008551012724637986,0.19627219438552857,0.8795436024665833,0.433451384305954,-0.10366041213274002,-0.42096075415611269,0.9011363387107849],"EasingStyle":"Constant","EasingDirection":"In"},"Head":{"Weight":1,"CFrame":[7.89295881986618e-8,-6.984919309616089e-9,0.0166623592376709,0.9999547004699707,-0.009493880905210972,-0.0007596269133500755,0.009496975690126419,0.9999462962150574,0.0041713714599609379,0.0007199739338830113,-0.004178404342383146,0.9999910593032837],"EasingStyle":"Constant","EasingDirection":"In"},"Right Leg":{"Weight":1,"CFrame":[0.06927203387022019,0.0070452094078063969,0.008652418851852417,0.9904512763023377,0.05666074901819229,-0.12568159401416779,-0.057113707065582278,0.9983676671981812,-2.6594835844662159e-7,0.12547649443149568,0.007178384345024824,0.9920706152915955],"EasingStyle":"Constant","EasingDirection":"In"},"Torso":{"Weight":1,"CFrame":[0,0,-0.011994361877441407,1,2.384185791015625e-7,-8.742277657347586e-8,-2.384185791015625e-7,1,2.084321417176148e-14,8.742277657347586e-8,0,1],"EasingStyle":"Constant","EasingDirection":"In"},"HumanoidRootPart":{"Weight":0,"CFrame":[0,0,0,1,0,0,0,1,0,0,0,1],"EasingStyle":"Linear","EasingDirection":"In"},"Left Arm":{"Weight":1,"CFrame":[0.025075167417526246,-0.004491984844207764,-0.009036660194396973,0.9786241054534912,0.2049178183078766,0.017425891011953355,-0.201869934797287,0.9409605264663696,0.2717384397983551,0.03928695246577263,-0.2694476544857025,0.962213397026062],"EasingStyle":"Constant","EasingDirection":"In"}}},{"Time":0.4000000059604645,"poses":{"Left Leg":{"Weight":1,"CFrame":[-0.06254898011684418,0.007047832012176514,0.00952562689781189,0.9887065887451172,-0.05655866861343384,0.13878220319747926,0.057111382484436038,0.9983678460121155,-3.7965031651765459e-7,-0.13855567574501038,0.007926487363874913,0.9903229475021362],"EasingStyle":"Constant","EasingDirection":"In"},"Right Arm":{"Weight":1,"CFrame":[0.011004768311977387,0.0000950247049331665,-0.013701319694519043,0.9750547409057617,-0.2217997908592224,0.008551012724637986,0.19627219438552857,0.8795436024665833,0.433451384305954,-0.10366041213274002,-0.42096075415611269,0.9011363387107849],"EasingStyle":"Constant","EasingDirection":"In"},"Head":{"Weight":1,"CFrame":[7.89295881986618e-8,-6.984919309616089e-9,0.0166623592376709,0.9999547004699707,-0.009493880905210972,-0.0007596269133500755,0.009496975690126419,0.9999462962150574,0.0041713714599609379,0.0007199739338830113,-0.004178404342383146,0.9999910593032837],"EasingStyle":"Constant","EasingDirection":"In"},"Right Leg":{"Weight":1,"CFrame":[0.06927203387022019,0.0070452094078063969,0.008652418851852417,0.9904512763023377,0.05666074901819229,-0.12568159401416779,-0.057113707065582278,0.9983676671981812,-2.6594835844662159e-7,0.12547649443149568,0.007178384345024824,0.9920706152915955],"EasingStyle":"Constant","EasingDirection":"In"},"Torso":{"Weight":1,"CFrame":[0,0,-0.011994361877441407,1,2.384185791015625e-7,-8.742277657347586e-8,-2.384185791015625e-7,1,2.084321417176148e-14,8.742277657347586e-8,0,1],"EasingStyle":"Constant","EasingDirection":"In"},"HumanoidRootPart":{"Weight":0,"CFrame":[0,0,0,1,0,0,0,1,0,0,0,1],"EasingStyle":"Linear","EasingDirection":"In"},"Left Arm":{"Weight":1,"CFrame":[0.025075167417526246,-0.004491984844207764,-0.009036660194396973,0.9786241054534912,0.2049178183078766,0.017425891011953355,-0.201869934797287,0.9409605264663696,0.2717384397983551,0.03928695246577263,-0.2694476544857025,0.962213397026062],"EasingStyle":"Constant","EasingDirection":"In"}}},{"Time":0.4333333373069763,"poses":{"Left Leg":{"Weight":1,"CFrame":[0.09668844193220139,-0.0007928609848022461,-0.012789607048034668,0.9899545311927795,0.027008799836039544,0.13878221809864045,-0.027272678911685945,0.9996281266212463,-4.167660563325626e-7,-0.13873061537742616,-0.0037845526821911337,0.990323007106781],"EasingStyle":"Constant","EasingDirection":"In"},"Right Arm":{"Weight":1,"CFrame":[0.04850694537162781,-0.2578658163547516,-0.04343909025192261,0.6867825388908386,-0.6928662657737732,-0.21969567239284516,0.605711042881012,0.37846189737319949,0.6999147534370422,-0.4018009901046753,-0.6137614250183106,0.6795978546142578],"EasingStyle":"Constant","EasingDirection":"In"},"Head":{"Weight":1,"CFrame":[7.89295881986618e-8,-6.984919309616089e-9,0.016662120819091798,0.9999547004699707,-0.009493880905210972,-0.0007596269133500755,0.009496975690126419,0.9999462962150574,0.0041713714599609379,0.0007199739338830113,-0.004178404342383146,0.9999910593032837],"EasingStyle":"Constant","EasingDirection":"In"},"Right Leg":{"Weight":1,"CFrame":[-0.09022866934537888,-0.0007911324501037598,-0.011554151773452759,0.9917019605636597,-0.027044491842389108,-0.12568159401416779,0.02726057916879654,0.9996283650398254,-2.434585439914372e-7,0.12563496828079225,-0.003425950650125742,0.9920706152915955],"EasingStyle":"Constant","EasingDirection":"In"},"Torso":{"Weight":1,"CFrame":[0,0,0.005547285079956055,1,2.384185791015625e-7,-8.742277657347586e-8,-2.384185791015625e-7,1,2.084321417176148e-14,8.742277657347586e-8,0,1],"EasingStyle":"Constant","EasingDirection":"In"},"HumanoidRootPart":{"Weight":0,"CFrame":[0,0,0,1,0,0,0,1,0,0,0,1],"EasingStyle":"Linear","EasingDirection":"In"},"Left Arm":{"Weight":1,"CFrame":[0.00428125262260437,-0.2433636486530304,-0.06349509954452515,0.6232333779335022,0.7636180520057678,0.16872382164001466,-0.6339315176010132,0.36696726083755495,0.6807833909988403,0.45794224739074709,-0.5312463045120239,0.7127878069877625],"EasingStyle":"Constant","EasingDirection":"In"}}},{"Time":0.6666666865348816,"poses":{"Left Leg":{"Weight":1,"CFrame":[0.09668844193220139,-0.0007928609848022461,-0.012789607048034668,0.9899545311927795,0.027008799836039544,0.13878221809864045,-0.027272678911685945,0.9996281266212463,-4.167660563325626e-7,-0.13873061537742616,-0.0037845526821911337,0.990323007106781],"EasingStyle":"Constant","EasingDirection":"In"},"Right Arm":{"Weight":1,"CFrame":[0.04850694537162781,-0.2578658163547516,-0.04343909025192261,0.6867825388908386,-0.6928662657737732,-0.21969567239284516,0.605711042881012,0.37846189737319949,0.6999147534370422,-0.4018009901046753,-0.6137614250183106,0.6795978546142578],"EasingStyle":"Constant","EasingDirection":"In"},"Head":{"Weight":1,"CFrame":[7.89295881986618e-8,-6.984919309616089e-9,0.016662120819091798,0.9999547004699707,-0.009493880905210972,-0.0007596269133500755,0.009496975690126419,0.9999462962150574,0.0041713714599609379,0.0007199739338830113,-0.004178404342383146,0.9999910593032837],"EasingStyle":"Constant","EasingDirection":"In"},"Right Leg":{"Weight":1,"CFrame":[-0.09022866934537888,-0.0007911324501037598,-0.011554151773452759,0.9917019605636597,-0.027044491842389108,-0.12568159401416779,0.02726057916879654,0.9996283650398254,-2.434585439914372e-7,0.12563496828079225,-0.003425950650125742,0.9920706152915955],"EasingStyle":"Constant","EasingDirection":"In"},"Torso":{"Weight":1,"CFrame":[0,0,0.005547285079956055,1,2.384185791015625e-7,-8.742277657347586e-8,-2.384185791015625e-7,1,2.084321417176148e-14,8.742277657347586e-8,0,1],"EasingStyle":"Constant","EasingDirection":"In"},"HumanoidRootPart":{"Weight":0,"CFrame":[0,0,0,1,0,0,0,1,0,0,0,1],"EasingStyle":"Linear","EasingDirection":"In"},"Left Arm":{"Weight":1,"CFrame":[0.00428125262260437,-0.2433636486530304,-0.06349509954452515,0.6232333779335022,0.7636180520057678,0.16872382164001466,-0.6339315176010132,0.36696726083755495,0.6807833909988403,0.45794224739074709,-0.5312463045120239,0.7127878069877625],"EasingStyle":"Constant","EasingDirection":"In"}}},{"Time":0.699999988079071,"poses":{"Left Leg":{"Weight":1,"CFrame":[0.07689842581748963,-0.000333249568939209,-0.010016202926635743,0.9901832938194275,0.01662599667906761,0.13878220319747926,-0.016788430511951448,0.999859094619751,-4.158573574386537e-7,-0.1387626677751541,-0.0023295311257243158,0.9903229475021362],"EasingStyle":"Constant","EasingDirection":"In"},"Right Arm":{"Weight":1,"CFrame":[0.09838424623012543,-0.5811790227890015,-0.07211476564407349,-0.514014720916748,-0.4605877101421356,-0.7236351370811462,0.7340448498725891,-0.672666609287262,-0.0932621955871582,-0.44380983710289,-0.5791189074516296,0.6838526129722595],"EasingStyle":"Constant","EasingDirection":"In"},"Head":{"Weight":1,"CFrame":[7.89295881986618e-8,-6.984919309616089e-9,0.0166623592376709,0.9999547004699707,-0.009493880905210972,-0.0007596269133500755,0.009496975690126419,0.9999462962150574,0.0041713714599609379,0.0007199739338830113,-0.004178404342383146,0.9999910593032837],"EasingStyle":"Constant","EasingDirection":"In"},"Right Leg":{"Weight":1,"CFrame":[-0.07039453089237213,-0.000331878662109375,-0.009041398763656617,0.991931140422821,-0.016638534143567086,-0.12568159401416779,0.016771439462900163,0.9998593330383301,-2.127471674384651e-7,0.12566399574279786,-0.0021076698321849109,0.9920706152915955],"EasingStyle":"Constant","EasingDirection":"In"},"Torso":{"Weight":1,"CFrame":[0,0,0,1,2.384185791015625e-7,-8.742277657347586e-8,-2.384185791015625e-7,1,2.084321417176148e-14,8.742277657347586e-8,0,1],"EasingStyle":"Constant","EasingDirection":"In"},"HumanoidRootPart":{"Weight":0,"CFrame":[0,0,0,1,0,0,0,1,0,0,0,1],"EasingStyle":"Linear","EasingDirection":"In"},"Left Arm":{"Weight":1,"CFrame":[-0.05390721559524536,-0.5315126180648804,-0.12254226207733154,-0.5666508674621582,0.5068759322166443,0.6496025919914246,-0.7510742545127869,-0.6419419050216675,-0.154266357421875,0.3388132154941559,-0.5753151774406433,0.7444584369659424],"EasingStyle":"Constant","EasingDirection":"In"}}},{"Time":0.7333333492279053,"poses":{"Left Leg":{"Weight":1,"CFrame":[0.07689842581748963,-0.000333249568939209,-0.010016202926635743,0.9901832938194275,0.01662599667906761,0.13878220319747926,-0.016788430511951448,0.999859094619751,-4.158573574386537e-7,-0.1387626677751541,-0.0023295311257243158,0.9903229475021362],"EasingStyle":"Constant","EasingDirection":"In"},"Right Arm":{"Weight":1,"CFrame":[0.09838424623012543,-0.5811790227890015,-0.07211476564407349,-0.514014720916748,-0.4605877101421356,-0.7236351370811462,0.7340448498725891,-0.672666609287262,-0.0932621955871582,-0.44380983710289,-0.5791189074516296,0.6838526129722595],"EasingStyle":"Constant","EasingDirection":"In"},"Head":{"Weight":1,"CFrame":[7.89295881986618e-8,-6.984919309616089e-9,0.0166623592376709,0.9999547004699707,-0.009493880905210972,-0.0007596269133500755,0.009496975690126419,0.9999462962150574,0.0041713714599609379,0.0007199739338830113,-0.004178404342383146,0.9999910593032837],"EasingStyle":"Constant","EasingDirection":"In"},"Right Leg":{"Weight":1,"CFrame":[-0.07039453089237213,-0.000331878662109375,-0.009041398763656617,0.991931140422821,-0.016638534143567086,-0.12568159401416779,0.016771439462900163,0.9998593330383301,-2.127471674384651e-7,0.12566399574279786,-0.0021076698321849109,0.9920706152915955],"EasingStyle":"Constant","EasingDirection":"In"},"Torso":{"Weight":1,"CFrame":[0,0,0,1,2.384185791015625e-7,-8.742277657347586e-8,-2.384185791015625e-7,1,2.084321417176148e-14,8.742277657347586e-8,0,1],"EasingStyle":"Constant","EasingDirection":"In"},"HumanoidRootPart":{"Weight":0,"CFrame":[0,0,0,1,0,0,0,1,0,0,0,1],"EasingStyle":"Linear","EasingDirection":"In"},"Left Arm":{"Weight":1,"CFrame":[-0.05390721559524536,-0.5315126180648804,-0.12254226207733154,-0.5666508674621582,0.5068759322166443,0.6496025919914246,-0.7510742545127869,-0.6419419050216675,-0.154266357421875,0.3388132154941559,-0.5753151774406433,0.7444584369659424],"EasingStyle":"Constant","EasingDirection":"In"}}},{"Time":0.7666666507720947,"poses":{"Left Leg":{"Weight":1,"CFrame":[0.07689842581748963,-0.000333249568939209,-0.010016202926635743,0.9901832938194275,0.01662599667906761,0.13878220319747926,-0.016788430511951448,0.999859094619751,-4.158573574386537e-7,-0.1387626677751541,-0.0023295311257243158,0.9903229475021362],"EasingStyle":"Constant","EasingDirection":"In"},"Right Arm":{"Weight":1,"CFrame":[0.0940602719783783,-0.5820950269699097,-0.06845968961715698,-0.4995414912700653,-0.5777377486228943,-0.6455055475234985,0.7344156503677368,-0.6776273846626282,0.03814045339822769,-0.4594475030899048,-0.45501667261123659,0.7628026604652405],"EasingStyle":"Constant","EasingDirection":"In"},"Head":{"Weight":1,"CFrame":[7.89295881986618e-8,-6.984919309616089e-9,0.0166623592376709,0.9999547004699707,-0.009493880905210972,-0.0007596269133500755,0.009496975690126419,0.9999462962150574,0.0041713714599609379,0.0007199739338830113,-0.004178404342383146,0.9999910593032837],"EasingStyle":"Constant","EasingDirection":"In"},"Right Leg":{"Weight":1,"CFrame":[-0.07039453089237213,-0.000331878662109375,-0.009041398763656617,0.991931140422821,-0.016638534143567086,-0.12568159401416779,0.016771439462900163,0.9998593330383301,-2.127471674384651e-7,0.12566399574279786,-0.0021076698321849109,0.9920706152915955],"EasingStyle":"Constant","EasingDirection":"In"},"Torso":{"Weight":1,"CFrame":[0,0,0,1,2.384185791015625e-7,-8.742277657347586e-8,-2.384185791015625e-7,1,2.084321417176148e-14,8.742277657347586e-8,0,1],"EasingStyle":"Constant","EasingDirection":"In"},"HumanoidRootPart":{"Weight":0,"CFrame":[0,0,0,1,0,0,0,1,0,0,0,1],"EasingStyle":"Linear","EasingDirection":"In"},"Left Arm":{"Weight":1,"CFrame":[-0.052560269832611087,-0.53374183177948,-0.11949455738067627,-0.5854268670082092,0.539836049079895,0.604857325553894,-0.7153228521347046,-0.6950764060020447,-0.07198697328567505,0.3815608024597168,-0.4748115539550781,0.7930734753608704],"EasingStyle":"Constant","EasingDirection":"In"}}},{"Time":0.800000011920929,"poses":{"Left Leg":{"Weight":1,"CFrame":[0.07689842581748963,-0.000333249568939209,-0.010016202926635743,0.9901832938194275,0.01662599667906761,0.13878220319747926,-0.016788430511951448,0.999859094619751,-4.158573574386537e-7,-0.1387626677751541,-0.0023295311257243158,0.9903229475021362],"EasingStyle":"Constant","EasingDirection":"In"},"Right Arm":{"Weight":1,"CFrame":[0.0940602719783783,-0.5820950269699097,-0.06845968961715698,-0.4995414912700653,-0.5777377486228943,-0.6455055475234985,0.7344156503677368,-0.6776273846626282,0.03814045339822769,-0.4594475030899048,-0.45501667261123659,0.7628026604652405],"EasingStyle":"Constant","EasingDirection":"In"},"Head":{"Weight":1,"CFrame":[7.89295881986618e-8,-6.984919309616089e-9,0.0166623592376709,0.9999547004699707,-0.009493880905210972,-0.0007596269133500755,0.009496975690126419,0.9999462962150574,0.0041713714599609379,0.0007199739338830113,-0.004178404342383146,0.9999910593032837],"EasingStyle":"Constant","EasingDirection":"In"},"Right Leg":{"Weight":1,"CFrame":[-0.07039453089237213,-0.000331878662109375,-0.009041398763656617,0.991931140422821,-0.016638534143567086,-0.12568159401416779,0.016771439462900163,0.9998593330383301,-2.127471674384651e-7,0.12566399574279786,-0.0021076698321849109,0.9920706152915955],"EasingStyle":"Constant","EasingDirection":"In"},"Torso":{"Weight":1,"CFrame":[0,0,0,1,2.384185791015625e-7,-8.742277657347586e-8,-2.384185791015625e-7,1,2.084321417176148e-14,8.742277657347586e-8,0,1],"EasingStyle":"Constant","EasingDirection":"In"},"HumanoidRootPart":{"Weight":0,"CFrame":[0,0,0,1,0,0,0,1,0,0,0,1],"EasingStyle":"Linear","EasingDirection":"In"},"Left Arm":{"Weight":1,"CFrame":[-0.052560269832611087,-0.53374183177948,-0.11949455738067627,-0.5854268670082092,0.539836049079895,0.604857325553894,-0.7153228521347046,-0.6950764060020447,-0.07198697328567505,0.3815608024597168,-0.4748115539550781,0.7930734753608704],"EasingStyle":"Constant","EasingDirection":"In"}}},{"Time":0.8333333134651184,"poses":{"Left Leg":{"Weight":1,"CFrame":[-0.10602392256259918,0.01086348295211792,0.015618205070495606,0.9871358275413513,-0.07938776165246964,0.13878220319747926,0.08016353845596314,0.9967817068099976,-4.074547916843585e-7,-0.13833555579185487,0.011125669814646244,0.9903229475021362],"EasingStyle":"Constant","EasingDirection":"In"},"Right Arm":{"Weight":1,"CFrame":[0.41446852684020998,-1.0452959537506104,-0.6490209102630615,-0.9272783398628235,-0.37250518798828127,0.037346504628658298,0.36539387702941897,-0.8788074851036072,0.30689531564712527,-0.08149970322847367,0.2982235550880432,0.9510102868080139],"EasingStyle":"Constant","EasingDirection":"In"},"Head":{"Weight":1,"CFrame":[7.89295881986618e-8,-6.984919309616089e-9,0.0166623592376709,0.9999547004699707,-0.009493880905210972,-0.0007596269133500755,0.009496975690126419,0.9999462962150574,0.0041713714599609379,0.0007199739338830113,-0.004178404342383146,0.9999910593032837],"EasingStyle":"Constant","EasingDirection":"In"},"Right Leg":{"Weight":1,"CFrame":[0.11282297223806381,0.010859549045562745,0.014169901609420777,0.9888777732849121,0.07952917367219925,-0.12568159401416779,-0.08016490936279297,0.9967817068099976,-2.9375289045674437e-7,0.12527717649936677,0.010075492784380913,0.9920706152915955],"EasingStyle":"Constant","EasingDirection":"In"},"Torso":{"Weight":1,"CFrame":[0,0,-0.019392728805541993,1,2.384185791015625e-7,-8.742277657347586e-8,-2.384185791015625e-7,1,2.084321417176148e-14,8.742277657347586e-8,0,1],"EasingStyle":"Constant","EasingDirection":"In"},"HumanoidRootPart":{"Weight":0,"CFrame":[0,0,0,1,0,0,0,1,0,0,0,1],"EasingStyle":"Linear","EasingDirection":"In"},"Left Arm":{"Weight":1,"CFrame":[-0.3993343412876129,-1.0044071674346924,-0.6971333026885986,-0.9223403334617615,0.36949387192726138,-0.11297228187322617,-0.38618433475494387,-0.8723164796829224,0.29987627267837527,0.01225486770272255,0.32021602988243105,0.9472653269767761],"EasingStyle":"Constant","EasingDirection":"In"}}},{"Time":0.8999999761581421,"poses":{"Left Leg":{"Weight":1,"CFrame":[-0.10602392256259918,0.01086348295211792,0.015618205070495606,0.9871358275413513,-0.07938776165246964,0.13878220319747926,0.08016353845596314,0.9967817068099976,-4.074547916843585e-7,-0.13833555579185487,0.011125669814646244,0.9903229475021362],"EasingStyle":"Constant","EasingDirection":"In"},"Right Arm":{"Weight":1,"CFrame":[0.41446852684020998,-1.0452959537506104,-0.6490209102630615,-0.9272783398628235,-0.37250518798828127,0.037346504628658298,0.36539387702941897,-0.8788074851036072,0.30689531564712527,-0.08149970322847367,0.2982235550880432,0.9510102868080139],"EasingStyle":"Constant","EasingDirection":"In"},"Head":{"Weight":1,"CFrame":[7.89295881986618e-8,-6.984919309616089e-9,0.0166623592376709,0.9999547004699707,-0.009493880905210972,-0.0007596269133500755,0.009496975690126419,0.9999462962150574,0.0041713714599609379,0.0007199739338830113,-0.004178404342383146,0.9999910593032837],"EasingStyle":"Constant","EasingDirection":"In"},"Right Leg":{"Weight":1,"CFrame":[0.11282297223806381,0.010859549045562745,0.014169901609420777,0.9888777732849121,0.07952917367219925,-0.12568159401416779,-0.08016490936279297,0.9967817068099976,-2.9375289045674437e-7,0.12527717649936677,0.010075492784380913,0.9920706152915955],"EasingStyle":"Constant","EasingDirection":"In"},"Torso":{"Weight":1,"CFrame":[0,0,-0.019392728805541993,1,2.384185791015625e-7,-8.742277657347586e-8,-2.384185791015625e-7,1,2.084321417176148e-14,8.742277657347586e-8,0,1],"EasingStyle":"Constant","EasingDirection":"In"},"HumanoidRootPart":{"Weight":0,"CFrame":[0,0,0,1,0,0,0,1,0,0,0,1],"EasingStyle":"Linear","EasingDirection":"In"},"Left Arm":{"Weight":1,"CFrame":[-0.3993343412876129,-1.0044071674346924,-0.6971333026885986,-0.9223403334617615,0.36949387192726138,-0.11297228187322617,-0.38618433475494387,-0.8723164796829224,0.29987627267837527,0.01225486770272255,0.32021602988243105,0.9472653269767761],"EasingStyle":"Constant","EasingDirection":"In"}}},{"Time":0.9333333373069763,"poses":{"Left Leg":{"Weight":1,"CFrame":[-0.06254898011684418,0.007047832012176514,0.00952562689781189,0.9887065887451172,-0.05655866861343384,0.13878220319747926,0.057111382484436038,0.9983678460121155,-3.7965031651765459e-7,-0.13855567574501038,0.007926487363874913,0.9903229475021362],"EasingStyle":"Constant","EasingDirection":"In"},"Right Arm":{"Weight":1,"CFrame":[0.41446447372436526,-1.0442984104156495,-0.5346680879592896,-0.9272783398628235,-0.363832950592041,0.08820734918117523,0.3653939366340637,-0.8282667994499207,0.42480742931365969,-0.08149970322847367,0.42614513635635378,0.9009762406349182],"EasingStyle":"Constant","EasingDirection":"In"},"Head":{"Weight":1,"CFrame":[7.89295881986618e-8,-6.984919309616089e-9,0.0166623592376709,0.9999547004699707,-0.009493880905210972,-0.0007596269133500755,0.009496975690126419,0.9999462962150574,0.0041713714599609379,0.0007199739338830113,-0.004178404342383146,0.9999910593032837],"EasingStyle":"Constant","EasingDirection":"In"},"Right Leg":{"Weight":1,"CFrame":[0.06927203387022019,0.0070452094078063969,0.008652418851852417,0.9904512763023377,0.05666074901819229,-0.12568159401416779,-0.057113707065582278,0.9983676671981812,-2.6594835844662159e-7,0.12547649443149568,0.007178384345024824,0.9920706152915955],"EasingStyle":"Constant","EasingDirection":"In"},"Torso":{"Weight":1,"CFrame":[0,0,-0.011994361877441407,1,2.384185791015625e-7,-8.742277657347586e-8,-2.384185791015625e-7,1,2.084321417176148e-14,8.742277657347586e-8,0,1],"EasingStyle":"Constant","EasingDirection":"In"},"HumanoidRootPart":{"Weight":0,"CFrame":[0,0,0,1,0,0,0,1,0,0,0,1],"EasingStyle":"Linear","EasingDirection":"In"},"Left Arm":{"Weight":1,"CFrame":[-0.3997533619403839,-1.0032421350479127,-0.4809251129627228,-0.9223403334617615,0.3469696640968323,-0.17000140249729157,-0.38618430495262148,-0.8138937950134277,0.43409544229507449,0.012254878878593445,0.46603548526763918,0.884681224822998],"EasingStyle":"Constant","EasingDirection":"In"}}},{"Time":1,"poses":{"Left Leg":{"Weight":1,"CFrame":[-0.06254898011684418,0.007047832012176514,0.00952562689781189,0.9887065887451172,-0.05655866861343384,0.13878220319747926,0.057111382484436038,0.9983678460121155,-3.7965031651765459e-7,-0.13855567574501038,0.007926487363874913,0.9903229475021362],"EasingStyle":"Constant","EasingDirection":"In"},"Right Arm":{"Weight":1,"CFrame":[0.41446447372436526,-1.0442984104156495,-0.5346680879592896,-0.9272783398628235,-0.363832950592041,0.08820734918117523,0.3653939366340637,-0.8282667994499207,0.42480742931365969,-0.08149970322847367,0.42614513635635378,0.9009762406349182],"EasingStyle":"Constant","EasingDirection":"In"},"Head":{"Weight":1,"CFrame":[7.89295881986618e-8,-6.984919309616089e-9,0.0166623592376709,0.9999547004699707,-0.009493880905210972,-0.0007596269133500755,0.009496975690126419,0.9999462962150574,0.0041713714599609379,0.0007199739338830113,-0.004178404342383146,0.9999910593032837],"EasingStyle":"Constant","EasingDirection":"In"},"Right Leg":{"Weight":1,"CFrame":[0.06927203387022019,0.0070452094078063969,0.008652418851852417,0.9904512763023377,0.05666074901819229,-0.12568159401416779,-0.057113707065582278,0.9983676671981812,-2.6594835844662159e-7,0.12547649443149568,0.007178384345024824,0.9920706152915955],"EasingStyle":"Constant","EasingDirection":"In"},"Torso":{"Weight":1,"CFrame":[0,0,-0.011994361877441407,1,2.384185791015625e-7,-8.742277657347586e-8,-2.384185791015625e-7,1,2.084321417176148e-14,8.742277657347586e-8,0,1],"EasingStyle":"Constant","EasingDirection":"In"},"HumanoidRootPart":{"Weight":0,"CFrame":[0,0,0,1,0,0,0,1,0,0,0,1],"EasingStyle":"Linear","EasingDirection":"In"},"Left Arm":{"Weight":1,"CFrame":[-0.3997533619403839,-1.0032421350479127,-0.4809251129627228,-0.9223403334617615,0.3469696640968323,-0.17000140249729157,-0.38618430495262148,-0.8138937950134277,0.43409544229507449,0.012254878878593445,0.46603548526763918,0.884681224822998],"EasingStyle":"Constant","EasingDirection":"In"}}},{"Time":1.0333333015441895,"poses":{"Left Leg":{"Weight":1,"CFrame":[0.09668844193220139,-0.0007928609848022461,-0.012789607048034668,0.9899545311927795,0.027008799836039544,0.13878221809864045,-0.027272678911685945,0.9996281266212463,-4.167660563325626e-7,-0.13873061537742616,-0.0037845526821911337,0.990323007106781],"EasingStyle":"Constant","EasingDirection":"In"},"Right Arm":{"Weight":1,"CFrame":[0.31171372532844546,-0.9005968570709229,-0.31195905804634097,-0.8609534502029419,-0.4781315326690674,-0.17363615334033967,0.43521952629089358,-0.8690759539604187,0.23514030873775483,-0.26333099603652956,0.12687496840953828,0.9563261270523071],"EasingStyle":"Constant","EasingDirection":"In"},"Head":{"Weight":1,"CFrame":[7.89295881986618e-8,-6.984919309616089e-9,0.016662120819091798,0.9999547004699707,-0.009493880905210972,-0.0007596269133500755,0.009496975690126419,0.9999462962150574,0.0041713714599609379,0.0007199739338830113,-0.004178404342383146,0.9999910593032837],"EasingStyle":"Constant","EasingDirection":"In"},"Right Leg":{"Weight":1,"CFrame":[-0.09022866934537888,-0.0007911324501037598,-0.011554151773452759,0.9917019605636597,-0.027044491842389108,-0.12568159401416779,0.02726057916879654,0.9996283650398254,-2.434585439914372e-7,0.12563496828079225,-0.003425950650125742,0.9920706152915955],"EasingStyle":"Constant","EasingDirection":"In"},"Torso":{"Weight":1,"CFrame":[0,0,0.005547285079956055,1,2.384185791015625e-7,-8.742277657347586e-8,-2.384185791015625e-7,1,2.084321417176148e-14,8.742277657347586e-8,0,1],"EasingStyle":"Constant","EasingDirection":"In"},"HumanoidRootPart":{"Weight":0,"CFrame":[0,0,0,1,0,0,0,1,0,0,0,1],"EasingStyle":"Linear","EasingDirection":"In"},"Left Arm":{"Weight":1,"CFrame":[-0.28644052147865298,-0.8566631078720093,-0.25420963764190676,-0.8555097579956055,0.5123922824859619,0.07454629242420197,-0.4861356019973755,-0.8444108366966248,0.22503924369812013,0.17825601994991303,0.15628349781036378,0.9714938402175903],"EasingStyle":"Constant","EasingDirection":"In"}}},{"Time":1.100000023841858,"poses":{"Left Leg":{"Weight":1,"CFrame":[0.09668844193220139,-0.0007928609848022461,-0.012789607048034668,0.9899545311927795,0.027008799836039544,0.13878221809864045,-0.027272678911685945,0.9996281266212463,-4.167660563325626e-7,-0.13873061537742616,-0.0037845526821911337,0.990323007106781],"EasingStyle":"Constant","EasingDirection":"In"},"Right Arm":{"Weight":1,"CFrame":[0.31171372532844546,-0.9005968570709229,-0.31195905804634097,-0.8609534502029419,-0.4781315326690674,-0.17363615334033967,0.43521952629089358,-0.8690759539604187,0.23514030873775483,-0.26333099603652956,0.12687496840953828,0.9563261270523071],"EasingStyle":"Constant","EasingDirection":"In"},"Head":{"Weight":1,"CFrame":[7.89295881986618e-8,-6.984919309616089e-9,0.016662120819091798,0.9999547004699707,-0.009493880905210972,-0.0007596269133500755,0.009496975690126419,0.9999462962150574,0.0041713714599609379,0.0007199739338830113,-0.004178404342383146,0.9999910593032837],"EasingStyle":"Constant","EasingDirection":"In"},"Right Leg":{"Weight":1,"CFrame":[-0.09022866934537888,-0.0007911324501037598,-0.011554151773452759,0.9917019605636597,-0.027044491842389108,-0.12568159401416779,0.02726057916879654,0.9996283650398254,-2.434585439914372e-7,0.12563496828079225,-0.003425950650125742,0.9920706152915955],"EasingStyle":"Constant","EasingDirection":"In"},"Torso":{"Weight":1,"CFrame":[0,0,0.005547285079956055,1,2.384185791015625e-7,-8.742277657347586e-8,-2.384185791015625e-7,1,2.084321417176148e-14,8.742277657347586e-8,0,1],"EasingStyle":"Constant","EasingDirection":"In"},"HumanoidRootPart":{"Weight":0,"CFrame":[0,0,0,1,0,0,0,1,0,0,0,1],"EasingStyle":"Linear","EasingDirection":"In"},"Left Arm":{"Weight":1,"CFrame":[-0.28644052147865298,-0.8566631078720093,-0.25420963764190676,-0.8555097579956055,0.5123922824859619,0.07454629242420197,-0.4861356019973755,-0.8444108366966248,0.22503924369812013,0.17825601994991303,0.15628349781036378,0.9714938402175903],"EasingStyle":"Constant","EasingDirection":"In"}}},{"Time":1.1333333253860474,"poses":{"Left Leg":{"Weight":1,"CFrame":[0.0966888815164566,-0.0007932782173156738,-0.012789785861968995,0.9899545907974243,0.02700725756585598,0.13878221809864045,-0.027271129190921785,0.9996281862258911,-4.1676591422401545e-7,-0.13873061537742616,-0.003784283995628357,0.990323007106781],"EasingStyle":"Constant","EasingDirection":"In"},"Right Arm":{"Weight":1,"CFrame":[0.14704903960227967,-0.6556578278541565,-0.12061864137649536,-0.6255847811698914,-0.4715813100337982,-0.6214938163757324,0.636894166469574,-0.768785834312439,-0.057741906493902209,-0.4505656957626343,-0.4319484233856201,0.781288206577301],"EasingStyle":"Constant","EasingDirection":"In"},"Head":{"Weight":1,"CFrame":[7.89295881986618e-8,-6.984919309616089e-9,0.0166623592376709,0.9999547004699707,-0.009493880905210972,-0.0007596269133500755,0.009496975690126419,0.9999462962150574,0.0041713714599609379,0.0007199739338830113,-0.004178404342383146,0.9999910593032837],"EasingStyle":"Constant","EasingDirection":"In"},"Right Leg":{"Weight":1,"CFrame":[-0.09022906422615051,-0.0007917284965515137,-0.011554300785064698,0.9917020201683044,-0.027042964473366739,-0.12568159401416779,0.02725902758538723,0.999628484249115,-2.4345840188289005e-7,0.12563496828079225,-0.003425771836191416,0.9920706748962402],"EasingStyle":"Constant","EasingDirection":"In"},"Torso":{"Weight":1,"CFrame":[0,0,0.0019526481628417969,1,2.384185791015625e-7,-8.742277657347586e-8,-2.384185791015625e-7,1,2.084321417176148e-14,8.742277657347586e-8,0,1],"EasingStyle":"Constant","EasingDirection":"In"},"HumanoidRootPart":{"Weight":0,"CFrame":[0,0,0,1,0,0,0,1,0,0,0,1],"EasingStyle":"Linear","EasingDirection":"In"},"Left Arm":{"Weight":1,"CFrame":[-0.10572256147861481,-0.6065723299980164,-0.1432417631149292,-0.6396963000297546,0.551473081111908,0.5354120135307312,-0.6932459473609924,-0.7148014307022095,-0.09202790260314942,0.33196234703063967,-0.43004244565963747,0.8395622372627258],"EasingStyle":"Constant","EasingDirection":"In"}}},{"Time":1.1666666269302369,"poses":{"Left Leg":{"Weight":1,"CFrame":[0.0966888815164566,-0.0007932782173156738,-0.012789785861968995,0.9899545907974243,0.02700725756585598,0.13878221809864045,-0.027271129190921785,0.9996281862258911,-4.1676591422401545e-7,-0.13873061537742616,-0.003784283995628357,0.990323007106781],"EasingStyle":"Constant","EasingDirection":"In"},"Right Arm":{"Weight":1,"CFrame":[0.14704903960227967,-0.6556578278541565,-0.12061864137649536,-0.6255847811698914,-0.4715813100337982,-0.6214938163757324,0.636894166469574,-0.768785834312439,-0.057741906493902209,-0.4505656957626343,-0.4319484233856201,0.781288206577301],"EasingStyle":"Constant","EasingDirection":"In"},"Head":{"Weight":1,"CFrame":[7.89295881986618e-8,-6.984919309616089e-9,0.0166623592376709,0.9999547004699707,-0.009493880905210972,-0.0007596269133500755,0.009496975690126419,0.9999462962150574,0.0041713714599609379,0.0007199739338830113,-0.004178404342383146,0.9999910593032837],"EasingStyle":"Constant","EasingDirection":"In"},"Right Leg":{"Weight":1,"CFrame":[-0.09022906422615051,-0.0007917284965515137,-0.011554300785064698,0.9917020201683044,-0.027042964473366739,-0.12568159401416779,0.02725902758538723,0.999628484249115,-2.4345840188289005e-7,0.12563496828079225,-0.003425771836191416,0.9920706748962402],"EasingStyle":"Constant","EasingDirection":"In"},"Torso":{"Weight":1,"CFrame":[0,0,0.0019526481628417969,1,2.384185791015625e-7,-8.742277657347586e-8,-2.384185791015625e-7,1,2.084321417176148e-14,8.742277657347586e-8,0,1],"EasingStyle":"Constant","EasingDirection":"In"},"HumanoidRootPart":{"Weight":0,"CFrame":[0,0,0,1,0,0,0,1,0,0,0,1],"EasingStyle":"Linear","EasingDirection":"In"},"Left Arm":{"Weight":1,"CFrame":[-0.10572256147861481,-0.6065723299980164,-0.1432417631149292,-0.6396963000297546,0.551473081111908,0.5354120135307312,-0.6932459473609924,-0.7148014307022095,-0.09202790260314942,0.33196234703063967,-0.43004244565963747,0.8395622372627258],"EasingStyle":"Constant","EasingDirection":"In"}}},{"Time":1.2000000476837159,"poses":{"Left Leg":{"Weight":1,"CFrame":[0.07689842581748963,-0.000333249568939209,-0.010016202926635743,0.9901832938194275,0.01662599667906761,0.13878220319747926,-0.016788430511951448,0.999859094619751,-4.158573574386537e-7,-0.1387626677751541,-0.0023295311257243158,0.9903229475021362],"EasingStyle":"Constant","EasingDirection":"In"},"Right Arm":{"Weight":1,"CFrame":[0.09838424623012543,-0.5811790227890015,-0.07211476564407349,-0.514014720916748,-0.4605877101421356,-0.7236351370811462,0.7340448498725891,-0.672666609287262,-0.0932621955871582,-0.44380983710289,-0.5791189074516296,0.6838526129722595],"EasingStyle":"Constant","EasingDirection":"In"},"Head":{"Weight":1,"CFrame":[7.89295881986618e-8,-6.984919309616089e-9,0.0166623592376709,0.9999547004699707,-0.009493880905210972,-0.0007596269133500755,0.009496975690126419,0.9999462962150574,0.0041713714599609379,0.0007199739338830113,-0.004178404342383146,0.9999910593032837],"EasingStyle":"Constant","EasingDirection":"In"},"Right Leg":{"Weight":1,"CFrame":[-0.07039453089237213,-0.000331878662109375,-0.009041398763656617,0.991931140422821,-0.016638534143567086,-0.12568159401416779,0.016771439462900163,0.9998593330383301,-2.127471674384651e-7,0.12566399574279786,-0.0021076698321849109,0.9920706152915955],"EasingStyle":"Constant","EasingDirection":"In"},"Torso":{"Weight":1,"CFrame":[0,0,0,1,2.384185791015625e-7,-8.742277657347586e-8,-2.384185791015625e-7,1,2.084321417176148e-14,8.742277657347586e-8,0,1],"EasingStyle":"Constant","EasingDirection":"In"},"HumanoidRootPart":{"Weight":0,"CFrame":[0,0,0,1,0,0,0,1,0,0,0,1],"EasingStyle":"Linear","EasingDirection":"In"},"Left Arm":{"Weight":1,"CFrame":[-0.05390721559524536,-0.5315126180648804,-0.12254226207733154,-0.5666508674621582,0.5068759322166443,0.6496025919914246,-0.7510742545127869,-0.6419419050216675,-0.154266357421875,0.3388132154941559,-0.5753151774406433,0.7444584369659424],"EasingStyle":"Constant","EasingDirection":"In"}}},{"Time":1.4333332777023316,"poses":{"Left Leg":{"Weight":1,"CFrame":[0.07689842581748963,-0.000333249568939209,-0.010016202926635743,0.9901832938194275,0.01662599667906761,0.13878220319747926,-0.016788430511951448,0.999859094619751,-4.158573574386537e-7,-0.1387626677751541,-0.0023295311257243158,0.9903229475021362],"EasingStyle":"Constant","EasingDirection":"In"},"Right Arm":{"Weight":1,"CFrame":[0.09838424623012543,-0.5811790227890015,-0.07211476564407349,-0.514014720916748,-0.4605877101421356,-0.7236351370811462,0.7340448498725891,-0.672666609287262,-0.0932621955871582,-0.44380983710289,-0.5791189074516296,0.6838526129722595],"EasingStyle":"Constant","EasingDirection":"In"},"Head":{"Weight":1,"CFrame":[7.89295881986618e-8,-6.984919309616089e-9,0.0166623592376709,0.9999547004699707,-0.009493880905210972,-0.0007596269133500755,0.009496975690126419,0.9999462962150574,0.0041713714599609379,0.0007199739338830113,-0.004178404342383146,0.9999910593032837],"EasingStyle":"Constant","EasingDirection":"In"},"Right Leg":{"Weight":1,"CFrame":[-0.07039453089237213,-0.000331878662109375,-0.009041398763656617,0.991931140422821,-0.016638534143567086,-0.12568159401416779,0.016771439462900163,0.9998593330383301,-2.127471674384651e-7,0.12566399574279786,-0.0021076698321849109,0.9920706152915955],"EasingStyle":"Constant","EasingDirection":"In"},"Torso":{"Weight":1,"CFrame":[0,0,0,1,2.384185791015625e-7,-8.742277657347586e-8,-2.384185791015625e-7,1,2.084321417176148e-14,8.742277657347586e-8,0,1],"EasingStyle":"Constant","EasingDirection":"In"},"HumanoidRootPart":{"Weight":0,"CFrame":[0,0,0,1,0,0,0,1,0,0,0,1],"EasingStyle":"Linear","EasingDirection":"In"},"Left Arm":{"Weight":1,"CFrame":[-0.05390721559524536,-0.5315126180648804,-0.12254226207733154,-0.5666508674621582,0.5068759322166443,0.6496025919914246,-0.7510742545127869,-0.6419419050216675,-0.154266357421875,0.3388132154941559,-0.5753151774406433,0.7444584369659424],"EasingStyle":"C