{"Sequence":[{"Time":0,"poses":{"Left Leg":{"Weight":1,"CFrame":[-0.05043330788612366,-0.0067141056060791019,0.01698124408721924,0.9720878005027771,-0.15481863915920258,0.17628511786460877,0.15744687616825105,0.9875270128250122,-0.0009337827796116471,-0.17394185066223145,0.028663212433457376,0.9843387007713318],"EasingStyle":"Linear","EasingDirection":"In"},"Right Arm":{"Weight":1,"CFrame":[0.4452202320098877,0.6963515281677246,-0.012240886688232422,-0.8134036064147949,-0.11608392000198364,-0.5699992775917053,0.05312769114971161,-0.9906154870986939,0.12593042850494386,-0.5792686343193054,0.07214940339326859,0.8119375109672546],"EasingStyle":"Linear","EasingDirection":"In"},"Head":{"Weight":1,"CFrame":[1.1734664440155029e-7,2.2351741790771486e-8,-2.384185791015625e-7,0.999941349029541,0.0017420940566807986,0.010690744034945965,-0.0027207897510379555,0.995734453201294,0.09222599118947983,-0.01048448495566845,-0.09224969148635864,0.9956807494163513],"EasingStyle":"Linear","EasingDirection":"In"},"Right Leg":{"Weight":1,"CFrame":[0.13977238535881043,-0.05740618705749512,0.012042045593261719,0.9371922612190247,0.3379562795162201,-0.08634953200817108,-0.342313677072525,0.9386680722236633,-0.04151596501469612,0.06702305376529694,0.06846702098846436,0.9953995943069458],"EasingStyle":"Linear","EasingDirection":"In"},"Torso":{"Weight":1,"CFrame":[-0.06538738310337067,0.13752812147140504,-0.038007497787475589,0.9157091975212097,-0.3944908082485199,-0.07651040703058243,0.4017919600009918,0.9018461108207703,0.1588612049818039,0.006331328768283129,-0.1762119084596634,0.9843319058418274],"EasingStyle":"Linear","EasingDirection":"In"},"HumanoidRootPart":{"Weight":1,"CFrame":[0,0,0,1,0,0,0,1,0,0,0,1],"EasingStyle":"Linear","EasingDirection":"In"},"Left Arm":{"Weight":1,"CFrame":[-0.06842207908630371,-0.06149101257324219,0.13957250118255616,0.7165422439575195,0.168661966919899,0.6768458485603333,-0.17776691913604737,0.9824424982070923,-0.056620195508003238,-0.6745117902755737,-0.07975015044212342,0.7339441180229187],"EasingStyle":"Linear","EasingDirection":"In"}}},{"Time":0.03333333507180214,"poses":{"Left Leg":{"Weight":1,"CFrame":[-0.16134779155254365,-0.006929993629455566,0.03743302822113037,0.954698920249939,-0.23818090558052064,0.1783817708492279,0.24136623740196229,0.970426082611084,0.003951589576900005,-0.17404742538928986,0.03928274288773537,0.9839534759521484],"EasingStyle":"Linear","EasingDirection":"In"},"Right Arm":{"Weight":1,"CFrame":[0.47524702548980715,0.6613821983337402,0.004624843597412109,-0.8379570841789246,-0.04923948645591736,-0.5435102581977844,-0.024873487651348115,-0.99144047498703,0.12816853821277619,-0.5451690554618836,0.12091860920190811,0.8295597434043884],"EasingStyle":"Linear","EasingDirection":"In"},"Head":{"Weight":1,"CFrame":[9.313225746154785e-8,7.078051567077637e-8,0,0.9999496340751648,0.0013628043234348298,0.009952224791049958,-0.00293240649625659,0.987201452255249,0.1594516634941101,-0.009607531130313874,-0.15947288274765016,0.987155556678772],"EasingStyle":"Linear","EasingDirection":"In"},"Right Leg":{"Weight":1,"CFrame":[0.21193945407867433,-0.07259416580200196,0.017051100730895997,0.9143319725990295,0.39612752199172976,-0.08414305746555329,-0.40046820044517519,0.9153249859809876,-0.04249186813831329,0.06018613651394844,0.07254830002784729,0.9955472946166992],"EasingStyle":"Linear","EasingDirection":"In"},"Torso":{"Weight":1,"CFrame":[-0.050185203552246097,0.10153794288635254,-0.0580291748046875,0.9166055917739868,-0.39273837208747866,-0.07477305829524994,0.3997499346733093,0.9030784964561462,0.1570010483264923,0.005865609738975763,-0.1737985461950302,0.9847637414932251],"EasingStyle":"Linear","EasingDirection":"In"},"HumanoidRootPart":{"Weight":1,"CFrame":[0,0,0,1,0,0,0,1,0,0,0,1],"EasingStyle":"Linear","EasingDirection":"In"},"Left Arm":{"Weight":1,"CFrame":[-0.06949862837791443,-0.07839775085449219,0.1299043893814087,0.760368824005127,0.18225078284740449,0.6233970522880554,-0.17813579738140107,0.9815359115600586,-0.06967764347791672,-0.6245853900909424,-0.05806877836585045,0.7787946462631226],"EasingStyle":"Linear","EasingDirection":"In"}}},{"Time":0.06666667014360428,"poses":{"Left Leg":{"Weight":1,"CFrame":[-0.30405500531196597,0.006008327007293701,0.06552016735076904,0.9302685856819153,-0.3174816966056824,0.18386344611644746,0.3219611644744873,0.9467352628707886,0.005768979899585247,-0.1759015917778015,0.05383020266890526,0.9829348921775818],"EasingStyle":"Linear","EasingDirection":"In"},"Right Arm":{"Weight":1,"CFrame":[0.502463698387146,0.5596987009048462,0.041729092597961429,-0.8499411940574646,-0.011963019147515297,-0.5267417430877686,-0.0635133609175682,-0.9901254177093506,0.12497104704380036,-0.52303546667099,0.13967303931713105,0.8407886028289795],"EasingStyle":"Linear","EasingDirection":"In"},"Head":{"Weight":1,"CFrame":[6.426125764846802e-8,-1.862645149230957e-8,-1.7881393432617188e-7,0.999967634677887,0.001065270509570837,0.007976554334163666,-0.0027755536139011385,0.9760331511497498,0.2176043838262558,-0.0075535764917731289,-0.21761949360370637,0.9760045409202576],"EasingStyle":"Linear","EasingDirection":"In"},"Right Leg":{"Weight":1,"CFrame":[0.3490789532661438,-0.08730363845825196,0.025220274925231935,0.8813595175743103,0.4659816324710846,-0.07788902521133423,-0.47016066312789919,0.8812911510467529,-0.04769591614603996,0.04641759395599365,0.07865758240222931,0.9958204627037048],"EasingStyle":"Linear","EasingDirection":"In"},"Torso":{"Weight":1,"CFrame":[-0.033980026841163638,0.06636404991149903,-0.10608315467834473,0.9188920855522156,-0.38889119029045107,-0.06634137034416199,0.39448031783103945,0.9077768921852112,0.14257104694843293,0.004778540227562189,-0.15717774629592896,0.9875587821006775],"EasingStyle":"Linear","EasingDirection":"In"},"HumanoidRootPart":{"Weight":1,"CFrame":[0,0,0,1,0,0,0,1,0,0,0,1],"EasingStyle":"Linear","EasingDirection":"In"},"Left Arm":{"Weight":1,"CFrame":[-0.07703477144241333,-0.11871480941772461,0.1021186113357544,0.8500641584396362,0.21109938621520997,0.482522577047348,-0.20531205832958222,0.9765016436576843,-0.06551090627908707,-0.4850134253501892,-0.04337935522198677,0.8734301924705505],"EasingStyle":"Linear","EasingDirection":"In"}}},{"Time":0.10000000149011612,"poses":{"Left Leg":{"Weight":1,"CFrame":[-0.42102882266044619,0.047252655029296878,0.09152448177337647,0.9192336201667786,-0.3440563976764679,0.19140231609344483,0.35054680705070498,0.936545193195343,-0.000052481889724731448,-0.17923885583877564,0.0671437457203865,0.981511652469635],"EasingStyle":"Linear","EasingDirection":"In"},"Right Arm":{"Weight":1,"CFrame":[0.537258505821228,0.3961418867111206,0.07883346080780029,-0.8546587824821472,-0.0006539146997965872,-0.5191898345947266,-0.08104401081800461,-0.9875729084014893,0.13465358316898347,-0.5128259062767029,0.1571599543094635,0.8439847826957703],"EasingStyle":"Linear","EasingDirection":"In"},"Head":{"Weight":1,"CFrame":[8.614733815193176e-8,-2.60770320892334e-8,-1.1920928955078126e-7,0.9999858140945435,0.0008831012528389692,0.005256060976535082,-0.002245688810944557,0.9641745090484619,0.26525968313217165,-0.004833505023270845,-0.2652677297592163,0.9641626477241516],"EasingStyle":"Linear","EasingDirection":"In"},"Right Leg":{"Weight":1,"CFrame":[0.48157113790512087,-0.07089531421661377,0.0306854248046875,0.8674134016036987,0.49295130372047427,-0.06777206808328629,-0.4966432750225067,0.8660883903503418,-0.05689014121890068,0.030652696266770364,0.08300583809614182,0.9960775375366211],"EasingStyle":"Linear","EasingDirection":"In"},"Torso":{"Weight":1,"CFrame":[-0.014494463801383973,0.02501019835472107,-0.16514968872070313,0.9219664335250855,-0.3844839930534363,-0.046370115131139758,0.3872556984424591,0.9163312911987305,0.10183382779359818,0.0033369127195328476,-0.11184447258710861,0.9937201142311096],"EasingStyle":"Linear","EasingDirection":"In"},"HumanoidRootPart":{"Weight":1,"CFrame":[0,0,0,1,0,0,0,1,0,0,0,1],"EasingStyle":"Linear","EasingDirection":"In"},"Left Arm":{"Weight":1,"CFrame":[-0.09749007225036621,-0.16683495044708253,0.05804264545440674,0.9186602830886841,0.27144765853881838,0.2870185971260071,-0.267840713262558,0.9620285034179688,-0.05255989357829094,-0.2903873026371002,-0.028590647503733636,0.9564820528030396],"EasingStyle":"Linear","EasingDirection":"In"}}},{"Time":0.13333334028720857,"poses":{"Left Leg":{"Weight":1,"CFrame":[-0.49200454354286196,0.13075315952301026,0.11229610443115235,0.9362123608589172,-0.29019856452941897,0.19822029769420625,0.2997194230556488,0.9538348913192749,-0.01916835457086563,-0.18350695073604585,0.07735610753297806,0.9799700975418091],"EasingStyle":"Linear","EasingDirection":"In"},"Right Arm":{"Weight":1,"CFrame":[0.5900194048881531,0.1755492091178894,0.09569907188415528,-0.8540505766868591,-0.010565868578851223,-0.5200826525688171,-0.09601160138845444,-0.9794148206710815,0.17756231129169465,-0.5112528204917908,0.20158113539218903,0.8354554176330566],"EasingStyle":"Linear","EasingDirection":"In"},"Head":{"Weight":1,"CFrame":[8.579809218645096e-8,-4.627509042620659e-9,-1.1920928955078126e-7,0.9999971389770508,0.0007676545646972954,0.0022795686963945629,-0.0014182748273015023,0.9536076784133911,0.3010488748550415,-0.001942716771736741,-0.30105122923851015,0.9536060094833374],"EasingStyle":"Linear","EasingDirection":"In"},"Right Leg":{"Weight":1,"CFrame":[0.5858500599861145,0.0016879439353942872,0.03335833549499512,0.8924063444137573,0.44807785749435427,-0.05326400697231293,-0.450934499502182,0.8898721933364868,-0.06917787343263626,0.01640118658542633,0.08575330674648285,0.9961814284324646],"EasingStyle":"Linear","EasingDirection":"In"},"Torso":{"Weight":1,"CFrame":[0.009206140413880349,-0.026709210127592088,-0.2218179702758789,0.9252317547798157,-0.37926939129829409,-0.010045663453638554,0.37939926981925967,0.9250069856643677,0.020451761782169343,0.0015355820069089532,-0.022733936086297036,0.9997403621673584],"EasingStyle":"Linear","EasingDirection":"In"},"HumanoidRootPart":{"Weight":1,"CFrame":[0,0,0,1,0,0,0,1,0,0,0,1],"EasingStyle":"Linear","EasingDirection":"In"},"Left Arm":{"Weight":1,"CFrame":[-0.13732397556304933,-0.2071516513824463,-0.0004962682723999023,0.9196671843528748,0.37844613194465639,0.10483800619840622,-0.37647199630737307,0.9256155490875244,-0.03878990560770035,-0.11171959340572357,-0.003794837975874543,0.9937325716018677],"EasingStyle":"Linear","EasingDirection":"In"}}},{"Time":0.1666666716337204,"poses":{"Left Leg":{"Weight":1,"CFrame":[-0.4969571530818939,0.24846422672271729,0.1252903938293457,0.9691956043243408,-0.14529670774936677,0.1988685131072998,0.15861289203166963,0.9859351515769959,-0.05266701057553291,-0.18841925263404847,0.08258772641420365,0.9786100387573242],"EasingStyle":"Linear","EasingDirection":"In"},"Right Arm":{"Weight":1,"CFrame":[0.6638379693031311,-0.08307969570159912,-0.007269084453582764,-0.8480745553970337,-0.211024671792984,-0.48604339361190798,-0.030445381999015809,-0.896354615688324,0.4422914385795593,-0.5290015935897827,0.3898937702178955,0.7537506818771362],"EasingStyle":"Linear","EasingDirection":"In"},"Head":{"Weight":1,"CFrame":[9.941868484020233e-8,-1.1175870895385743e-8,2.384185791015625e-7,0.9999997019767761,0.0006106219370849431,-0.0004659619298763573,-0.0004270202189218253,0.946192741394043,0.3236033320426941,0.000638487923424691,-0.3236030638217926,0.9461928009986877],"EasingStyle":"Linear","EasingDirection":"In"},"Right Leg":{"Weight":1,"CFrame":[0.6333813667297363,0.13301396369934083,0.03466939926147461,0.9480815529823303,0.31617438793182375,-0.03428122028708458,-0.31795960664749148,0.9445846080780029,-0.08162003755569458,0.0065754009410738949,0.08828242123126984,0.9960737824440002],"EasingStyle":"Linear","EasingDirection":"In"},"Torso":{"Weight":1,"CFrame":[0.03741738945245743,-0.09170345962047577,-0.2726476192474365,0.9280957579612732,-0.3699088394641876,0.04249398410320282,0.3723408877849579,0.9222570657730103,-0.10394406318664551,-0.0007405444048345089,0.11229229718446732,0.9936750531196594],"EasingStyle":"Linear","EasingDirection":"In"},"HumanoidRootPart":{"Weight":1,"CFrame":[0,0,0,1,0,0,0,1,0,0,0,1],"EasingStyle":"Linear","EasingDirection":"In"},"Left Arm":{"Weight":1,"CFrame":[-0.2029961496591568,-0.224058598279953,-0.07167059183120728,0.8405303955078125,0.541429340839386,0.019054872915148736,-0.5402252078056336,0.8402731418609619,-0.04580306634306908,-0.040810443460941318,0.028204942122101785,0.9987687468528748],"EasingStyle":"Linear","EasingDirection":"In"}}},{"Time":0.20000000298023225,"poses":{"Left Leg":{"Weight":1,"CFrame":[-0.453227162361145,0.3502713441848755,0.13117682933807374,0.9812060594558716,0.0237836055457592,0.19149138033390046,-0.0072670551016926769,0.9962257146835327,-0.08649645745754242,-0.19282588362693788,0.08347927778959274,0.9776756167411804],"EasingStyle":"Linear","EasingDirection":"In"},"Right Arm":{"Weight":1,"CFrame":[0.7326177954673767,-0.30410850048065188,-0.19849556684494019,-0.7922123670578003,-0.5424811840057373,-0.27948880195617678,0.1302076131105423,-0.5977105498313904,0.7910677194595337,-0.5961927175521851,0.5903019309043884,0.5441488027572632],"EasingStyle":"Linear","EasingDirection":"In"},"Head":{"Weight":1,"CFrame":[9.406358003616333e-8,4.0978193283081057e-8,2.384185791015625e-7,0.9999969005584717,0.0002739005722105503,-0.002490666462108493,0.0005670973332598805,0.9434657096862793,0.33146965503692629,0.0024406490847468378,-0.3314700722694397,0.9434626698493958],"EasingStyle":"Linear","EasingDirection":"In"},"Right Leg":{"Weight":1,"CFrame":[0.6221994161605835,0.26486116647720339,0.036151766777038577,0.9877665042877197,0.1550946980714798,-0.01622002199292183,-0.15592767298221589,0.9836670160293579,-0.0899210050702095,0.002008920768275857,0.09135005623102188,0.9958167672157288],"EasingStyle":"Linear","EasingDirection":"In"},"Torso":{"Weight":1,"CFrame":[0.05712100863456726,-0.1385592818260193,-0.32120227813720705,0.9300388693809509,-0.3560800552368164,0.0907452404499054,0.36744818091392519,0.9032780528068543,-0.22151900827884675,-0.003089679405093193,0.23936547338962556,0.9709246158599854],"EasingStyle":"Linear","EasingDirection":"In"},"HumanoidRootPart":{"Weight":1,"CFrame":[0,0,0,1,0,0,0,1,0,0,0,1],"EasingStyle":"Linear","EasingDirection":"In"},"Left Arm":{"Weight":1,"CFrame":[-0.44060900807380679,-0.07071071863174439,-0.14574939012527467,0.6533571481704712,0.7413848042488098,-0.15320877730846406,-0.7052561044692993,0.5224946141242981,-0.4791799783706665,-0.27520614862442019,0.4211270213127136,0.8642416000366211],"EasingStyle":"Linear","EasingDirection":"In"}}},{"Time":0.23333333432674409,"poses":{"Left Leg":{"Weight":1,"CFrame":[-0.4156472682952881,0.39894938468933108,0.13269591331481934,0.9751269817352295,0.12377698719501496,0.18386609852313996,-0.10570266842842102,0.9888301491737366,-0.10508127510547638,-0.19481901824474336,0.08303241431713104,0.9773184061050415],"EasingStyle":"Linear","EasingDirection":"In"},"Right Arm":{"Weight":1,"CFrame":[0.7629651427268982,-0.3977394700050354,-0.3014635443687439,-0.6853234767913818,-0.7276820540428162,-0.028474699705839158,0.29432550072669985,-0.31253400444984438,0.90315842628479,-0.6661112904548645,0.6105747222900391,0.4283621609210968],"EasingStyle":"Linear","EasingDirection":"In"},"Head":{"Weight":1,"CFrame":[1.0896474123001099e-7,4.842877388000488e-8,1.1920928955078126e-7,0.999994695186615,-0.0005295136943459511,-0.0032448540441691877,0.0007509654387831688,0.9976426362991333,0.06862039864063263,0.0032008704729378225,-0.06862245500087738,0.9976375699043274],"EasingStyle":"Linear","EasingDirection":"In"},"Right Leg":{"Weight":1,"CFrame":[0.5988274812698364,0.3372935652732849,0.038520216941833499,0.9982951879501343,0.057876087725162509,-0.007554643787443638,-0.05832984298467636,0.9938886165618897,-0.09371834993362427,0.002084494335576892,0.09399929642677307,0.9955701231956482],"EasingStyle":"Linear","EasingDirection":"In"},"Torso":{"Weight":1,"CFrame":[0.053120583295822147,-0.12815606594085694,-0.35130834579467776,0.93073970079422,-0.34827491641044619,0.11148182302713394,0.36565834283828738,0.8898718357086182,-0.2728042006492615,-0.004193670582026243,0.2946739196777344,0.9555887579917908],"EasingStyle":"Linear","EasingDirection":"In"},"HumanoidRootPart":{"Weight":1,"CFrame":[0,0,0,1,0,0,0,1,0,0,0,1],"EasingStyle":"Linear","EasingDirection":"In"},"Left Arm":{"Weight":1,"CFrame":[-0.6378496885299683,0.08263766765594483,-0.18138635158538819,0.45106375217437746,0.7966702580451965,-0.402316153049469,-0.703582763671875,0.04007219523191452,-0.7094826102256775,-0.5491018295288086,0.6030844449996948,0.5785984396934509],"EasingStyle":"Linear","EasingDirection":"In"}}},{"Time":0.2666666805744171,"poses":{"Left Leg":{"Weight":1,"CFrame":[-0.41236454248428347,0.4026795029640198,0.13249969482421876,0.9742391109466553,0.13309815526008607,0.18205222487449647,-0.11489526182413101,0.9875802397727966,-0.10716503858566284,-0.1940547376871109,0.08348744362592697,0.9774316549301148],"EasingStyle":"Linear","EasingDirection":"In"},"Right Arm":{"Weight":1,"CFrame":[0.6827602982521057,-0.23368912935256959,-0.15107649564743043,-0.6219601631164551,-0.7722978591918945,0.1293124258518219,0.42895933985710146,-0.19787923991680146,0.8813839554786682,-0.6551026105880737,0.6036554574966431,0.4543572664260864],"EasingStyle":"Linear","EasingDirection":"In"},"Head":{"Weight":1,"CFrame":[1.0058283805847168e-7,7.450580596923828e-9,1.1920928955078126e-7,0.9999958276748657,-0.0006636067409999669,-0.0028260424733161928,0.0002918122918345034,0.9915648698806763,-0.12961092591285706,0.002888250630348921,0.12960955500602723,0.9915609359741211],"EasingStyle":"Linear","EasingDirection":"In"},"Right Leg":{"Weight":1,"CFrame":[0.5976414084434509,0.3486098647117615,0.041425347328186038,0.9986773133277893,0.05046604573726654,-0.009844768792390824,-0.05117379501461983,0.9941733479499817,-0.09487127512693405,0.0049997721798717979,0.09524954855442047,0.9954409003257752],"EasingStyle":"Linear","EasingDirection":"In"},"Torso":{"Weight":1,"CFrame":[0.02770894765853882,-0.06515789031982422,-0.3546721935272217,0.930404543876648,-0.35166552662849429,0.10333894938230515,0.366517573595047,0.8953349590301514,-0.2530616223812103,-0.0035299332812428476,0.2733251750469208,0.9619151949882507],"EasingStyle":"Linear","EasingDirection":"In"},"HumanoidRootPart":{"Weight":1,"CFrame":[0,0,0,1,0,0,0,1,0,0,0,1],"EasingStyle":"Linear","EasingDirection":"In"},"Left Arm":{"Weight":1,"CFrame":[-0.6329269409179688,-0.08637702465057373,-0.17317306995391847,0.2534846067428589,0.797211766242981,-0.547904372215271,-0.7633814811706543,-0.18302345275878907,-0.6194766163825989,-0.5941333174705505,0.5752876996994019,0.5621829032897949],"EasingStyle":"Linear","EasingDirection":"In"}}},{"Time":0.30000001192092898,"poses":{"Left Leg":{"Weight":1,"CFrame":[-0.43023884296417239,0.3837798237800598,0.13160264492034913,0.9786967635154724,0.09180531650781632,0.18364235758781434,-0.0741989016532898,0.9921602606773377,-0.10056164115667343,-0.1914348304271698,0.08479326963424683,0.9778358936309815],"EasingStyle":"Linear","EasingDirection":"In"},"Right Arm":{"Weight":1,"CFrame":[0.5648413896560669,0.07470399141311646,-0.0006895661354064941,-0.615145742893219,-0.7630689740180969,0.1982961744070053,0.47968876361846926,-0.16263346374034882,0.8622350096702576,-0.6256952285766602,0.6255205273628235,0.4660789370536804],"EasingStyle":"Linear","EasingDirection":"In"},"Head":{"Weight":1,"CFrame":[9.546056389808655e-8,6.332993507385254e-8,-2.980232238769531e-7,0.9999982714653015,-0.00030033476650714874,-0.0018466543406248093,-0.00016660593973938376,0.9688159227371216,-0.24778150022029878,0.0018634800799190999,0.2477814257144928,0.9688141942024231],"EasingStyle":"Linear","EasingDirection":"In"},"Right Leg":{"Weight":1,"CFrame":[0.6114944815635681,0.32661354541778567,0.04414522647857666,0.9955190420150757,0.0928463414311409,-0.01793019473552704,-0.0941280648112297,0.9911170601844788,-0.0939522236585617,0.009047867730259896,0.0952189713716507,0.9954152703285217],"EasingStyle":"Linear","EasingDirection":"In"},"Torso":{"Weight":1,"CFrame":[-0.0036267489194869997,0.011583507061004639,-0.3452458381652832,0.9294493198394775,-0.35984814167022707,0.08144495636224747,0.3689451813697815,0.9076145887374878,-0.20028793811798097,-0.001847394509240985,0.21620617806911469,0.9763460755348206],"EasingStyle":"Linear","EasingDirection":"In"},"HumanoidRootPart":{"Weight":1,"CFrame":[0,0,0,1,0,0,0,1,0,0,0,1],"EasingStyle":"Linear","EasingDirection":"In"},"Left Arm":{"Weight":1,"CFrame":[-0.5984681844711304,-0.2553921639919281,-0.14886784553527833,0.15626473724842072,0.7739245295524597,-0.6136956810951233,-0.8058027029037476,-0.2594231367111206,-0.5323362350463867,-0.5711948275566101,0.5777029395103455,0.5830916166305542],"EasingStyle":"Linear","EasingDirection":"In"}}},{"Time":0.3333333432674408,"poses":{"Left Leg":{"Weight":1,"CFrame":[-0.4530584216117859,0.32791000604629519,0.1262803077697754,0.9821964502334595,0.013854872435331345,0.18734519183635713,0.00222487049177289,0.9963486790657044,-0.08534836024045944,-0.18784378468990327,0.08424568921327591,0.9785792827606201],"EasingStyle":"Linear","EasingDirection":"In"},"Right Arm":{"Weight":1,"CFrame":[0.5071754455566406,0.3034614324569702,-0.006218612194061279,-0.6333041191101074,-0.7633655071258545,0.12727530300617219,0.46354204416275027,-0.24246855080127717,0.8522546291351318,-0.619721531867981,0.5987337231636047,0.5074082612991333],"EasingStyle":"Linear","EasingDirection":"In"},"Head":{"Weight":1,"CFrame":[8.172355592250824e-8,4.1443854570388797e-8,0,0.9999998211860657,0.0004126679268665612,-0.00046801764983683825,-0.000536576728336513,0.9515314698219299,-0.30755114555358889,0.0003184282686561346,0.3075512647628784,0.9515315294265747],"EasingStyle":"Linear","EasingDirection":"In"},"Right Leg":{"Weight":1,"CFrame":[0.6210536956787109,0.26011544466018679,0.04452717304229736,0.985335648059845,0.16789381206035615,-0.030421309173107148,-0.1699780374765396,0.9814002513885498,-0.08922536671161652,0.014875175431370736,0.09308779984712601,0.9955467581748962],"EasingStyle":"Linear","EasingDirection":"In"},"Torso":{"Weight":1,"CFrame":[-0.03434756398200989,0.08545756340026856,-0.3116912841796875,0.92794269323349,-0.36938875913619997,0.04974259436130524,0.3727227747440338,0.9195288419723511,-0.12467816472053528,0.0003149623516947031,0.13423439860343934,0.9909495711326599],"EasingStyle":"Linear","EasingDirection":"In"},"HumanoidRootPart":{"Weight":1,"CFrame":[0,0,0,1,0,0,0,1,0,0,0,1],"EasingStyle":"Linear","EasingDirection":"In"},"Left Arm":{"Weight":1,"CFrame":[-0.4686896502971649,-0.2370654046535492,-0.10982286930084229,0.2426174134016037,0.8401020765304565,-0.4851446747779846,-0.8108932375907898,-0.09889675676822663,-0.5767768025398254,-0.532530665397644,0.5333365797996521,0.6572391390800476],"EasingStyle":"Linear","EasingDirection":"In"}}},{"Time":0.36666667461395266,"poses":{"Left Leg":{"Weight":1,"CFrame":[-0.4396529197692871,0.22209060192108155,0.11019468307495117,0.9791344404220581,-0.07041788101196289,0.19062310457229615,0.08376661688089371,0.9944989085197449,-0.06289003044366837,-0.18514597415924073,0.0775456354022026,0.9796468019485474],"EasingStyle":"Linear","EasingDirection":"In"},"Right Arm":{"Weight":1,"CFrame":[0.4781123995780945,0.43523335456848147,-0.018382549285888673,-0.6780096888542175,-0.733209490776062,-0.052026256918907168,0.41423529386520388,-0.4396001100540161,0.7969698905944824,-0.6072165966033936,0.5188022255897522,0.6017743349075317],"EasingStyle":"Linear","EasingDirection":"In"},"Head":{"Weight":1,"CFrame":[9.406358003616333e-8,3.725290298461914e-8,3.5762786865234377e-7,0.9999984502792358,0.0012787185842171312,0.001221254002302885,-0.0008042799890972674,0.9440249800682068,-0.3298730254173279,-0.0015747020952403546,0.3298715651035309,0.9440245628356934],"EasingStyle":"Linear","EasingDirection":"In"},"Right Leg":{"Weight":1,"CFrame":[0.5823966860771179,0.1460779309272766,0.04009389877319336,0.9690731763839722,0.2426203489303589,-0.04508456960320473,-0.24557287991046906,0.9661288261413574,-0.07930531352758408,0.024316465482115747,0.08792417496442795,0.9958303570747376],"EasingStyle":"Linear","EasingDirection":"In"},"Torso":{"Weight":1,"CFrame":[-0.060454897582530978,0.14633552730083466,-0.23775768280029298,0.92598557472229,-0.3773430287837982,0.012771735899150372,0.3775513172149658,0.9252189993858337,-0.03774791955947876,0.00242726132273674,0.03977601230144501,0.9992056488990784],"EasingStyle":"Linear","EasingDirection":"In"},"HumanoidRootPart":{"Weight":1,"CFrame":[0,0,0,1,0,0,0,1,0,0,0,1],"EasingStyle":"Linear","EasingDirection":"In"},"Left Arm":{"Weight":1,"CFrame":[-0.3070201575756073,-0.19315201044082642,-0.06079024076461792,0.4510876536369324,0.8694794178009033,-0.20130938291549684,-0.7308057546615601,0.23037874698638917,-0.6425331234931946,-0.5122918486595154,0.4369567334651947,0.7393414974212647],"EasingStyle":"Linear","EasingDirection":"In"}}},{"Time":0.4000000059604645,"poses":{"Left Leg":{"Weight":1,"CFrame":[-0.36735713481903078,0.1088133454322815,0.08549308776855469,0.9720415472984314,-0.1368255764245987,0.19082461297512055,0.1466936320066452,0.988431990146637,-0.03851480782032013,-0.18334746360778809,0.06543073803186417,0.9808683395385742],"EasingStyle":"Linear","EasingDirection":"In"},"Right Arm":{"Weight":1,"CFrame":[0.46727144718170168,0.504326343536377,-0.03054630756378174,-0.7293937802314758,-0.6275370717048645,-0.2723638117313385,0.33306369185447695,-0.6735230684280396,0.6598750948905945,-0.5975394248962402,0.3905942738056183,0.7002734541893005],"EasingStyle":"Linear","EasingDirection":"In"},"Head":{"Weight":1,"CFrame":[8.009374141693115e-8,-2.2351741790771486e-8,3.5762786865234377e-7,0.9999929666519165,0.002107829786837101,0.003128431737422943,-0.0009444543975405395,0.9428006410598755,-0.3333560526371002,-0.0036521439906209709,0.33335062861442568,0.9427958130836487],"EasingStyle":"Linear","EasingDirection":"In"},"Right Leg":{"Weight":1,"CFrame":[0.47912919521331789,0.03305387496948242,0.03250908851623535,0.9534384608268738,0.2957938313484192,-0.05883166193962097,-0.2994024157524109,0.9517865180969238,-0.06678899377584458,0.03623943403363228,0.08129347115755081,0.9960312247276306],"EasingStyle":"Linear","EasingDirection":"In"},"Torso":{"Weight":1,"CFrame":[-0.0807018131017685,0.1913718581199646,-0.15170741081237794,0.9237381219863892,-0.3822596073150635,-0.024200495332479478,0.38300299644470217,0.9225157499313355,0.04768218845129013,0.0040983641520142559,-0.05331471934914589,0.9985693693161011],"EasingStyle":"Linear","EasingDirection":"In"},"HumanoidRootPart":{"Weight":1,"CFrame":[0,0,0,1,0,0,0,1,0,0,0,1],"EasingStyle":"Linear","EasingDirection":"In"},"Left Arm":{"Weight":1,"CFrame":[-0.2008812129497528,-0.14025413990020753,-0.007580935955047607,0.5968206524848938,0.7947173118591309,0.11058838665485382,-0.6010473966598511,0.5341094732284546,-0.5945326089859009,-0.5315516591072083,0.2883603274822235,0.7964302897453308],"EasingStyle":"Linear","EasingDirection":"In"}}},{"Time":0.4333333373069763,"poses":{"Left Leg":{"Weight":1,"CFrame":[-0.2641489505767822,0.03247100114822388,0.06017327308654785,0.9646269083023071,-0.18507197499275208,0.18773242831230164,0.191541388630867,0.9813413619995117,-0.01676437444984913,-0.18112695217132569,0.052129898220300677,0.9820771217346191],"EasingStyle":"Linear","EasingDirection":"In"},"Right Arm":{"Weight":1,"CFrame":[0.4642711579799652,0.5450472831726074,-0.03607535362243652,-0.7703441381454468,-0.4514009356498718,-0.4503411054611206,0.23347273468971253,-0.8569126725196838,0.45955538749694826,-0.5933467745780945,0.24887341260910035,0.7655074596405029],"EasingStyle":"Linear","EasingDirection":"In"},"Head":{"Weight":1,"CFrame":[1.043081283569336e-7,0,-2.384185791015625e-7,0.9999830722808838,0.0027126867789775135,0.005161107983440161,-0.0010121979285031558,0.9525083899497986,-0.30451083183288576,-0.005742042791098356,0.30450037121772768,0.9524949789047241],"EasingStyle":"Linear","EasingDirection":"In"},"Right Leg":{"Weight":1,"CFrame":[0.34223368763923647,-0.036895751953125,0.024010658264160157,0.9419223070144653,0.32845327258110049,-0.07000663876533508,-0.33240118622779848,0.9415374994277954,-0.05492343381047249,0.04787420481443405,0.07500387728214264,0.9960333704948425],"EasingStyle":"Linear","EasingDirection":"In"},"Torso":{"Weight":1,"CFrame":[-0.09272699058055878,0.21537046134471894,-0.08773064613342285,0.921414852142334,-0.3844946324825287,-0.05620265007019043,0.3885459899902344,0.9135726094245911,0.12007185071706772,0.005178222432732582,-0.13247328996658326,0.9911731481552124],"EasingStyle":"Linear","EasingDirection":"In"},"HumanoidRootPart":{"Weight":1,"CFrame":[0,0,0,1,0,0,0,1,0,0,0,1],"EasingStyle":"Linear","EasingDirection":"In"},"Left Arm":{"Weight":1,"CFrame":[-0.12482872605323792,-0.09497404098510742,0.043160200119018558,0.666181206703186,0.6478103399276733,0.3695193827152252,-0.4743230938911438,0.7503798007965088,-0.46037793159484866,-0.5755174160003662,0.1314234435558319,0.8071601390838623],"EasingStyle":"Linear","EasingDirection":"In"}}},{"Time":0.46666666865348818,"poses":{"Left Leg":{"Weight":1,"CFrame":[-0.16672861576080323,-0.003000617027282715,0.03957557678222656,0.9576231837272644,-0.22256919741630555,0.18281352519989015,0.22624972462654115,0.9740690588951111,0.0007425847579725087,-0.17823833227157594,0.04065040871500969,0.9831473231315613],"EasingStyle":"Linear","EasingDirection":"In"},"Right Arm":{"Weight":1,"CFrame":[0.46066415309906008,0.5850850343704224,-0.03359663486480713,-0.794151246547699,-0.26095280051231387,-0.5488420128822327,0.13243570923805238,-0.9557235836982727,0.2627800703048706,-0.5931143760681152,0.13600072264671327,0.7935484051704407],"EasingStyle":"Linear","EasingDirection":"In"},"Head":{"Weight":1,"CFrame":[1.2014061212539674e-7,5.960464477539063e-8,0,0.9999699592590332,0.002940254518762231,0.007184656802564859,-0.0012164077488705516,0.9734112024307251,-0.22906158864498139,-0.00766711076721549,0.22904594242572785,0.9733855128288269],"EasingStyle":"Linear","EasingDirection":"In"},"Right Leg":{"Weight":1,"CFrame":[0.20055553317070008,-0.06020963191986084,0.015132665634155274,0.9359836578369141,0.34319061040878298,-0.0784526988863945,-0.34723085165023806,0.9366951584815979,-0.045089177787303928,0.05801215022802353,0.06944389641284943,0.9958977699279785],"EasingStyle":"Linear","EasingDirection":"In"},"Torso":{"Weight":1,"CFrame":[-0.09625497460365296,0.21840739250183106,-0.05131268501281738,0.9192513823509216,-0.38527530431747439,-0.0808706060051918,0.3936290442943573,0.9025610089302063,0.17447078227996827,0.005771369207650423,-0.19221551716327668,0.9813358783721924],"EasingStyle":"Linear","EasingDirection":"In"},"HumanoidRootPart":{"Weight":1,"CFrame":[0,0,0,1,0,0,0,1,0,0,0,1],"EasingStyle":"Linear","EasingDirection":"In"},"Left Arm":{"Weight":1,"CFrame":[-0.07384872436523438,-0.07391008734703064,0.08457982540130615,0.697699785232544,0.46109575033187868,0.5482750535011292,-0.3539943993091583,0.8872660994529724,-0.29571446776390078,-0.6228185296058655,0.012233491986989975,0.7822706699371338],"EasingStyle":"Linear","EasingDirection":"In"}}},{"Time":0.5,"poses":{"Left Leg":{"Weight":1,"CFrame":[-0.10286355018615723,-0.0131303071975708,0.026897668838500978,0.9501142501831055,-0.2563042640686035,0.1777389496564865,0.2580781877040863,0.9660301804542542,0.013468671590089798,-0.1751534342765808,0.0330737866461277,0.9839855432510376],"EasingStyle":"Linear","EasingDirection":"In"},"Right Arm":{"Weight":1,"CFrame":[0.4557364284992218,0.6256469488143921,-0.027685582637786866,-0.8012381196022034,-0.09429109841585159,-0.5908694863319397,0.04067414253950119,-0.9938040971755981,0.10343600064516068,-0.5969616174697876,0.058843594044446948,0.8001089692115784],"EasingStyle":"Linear","EasingDirection":"In"},"Head":{"Weight":1,"CFrame":[6.426125764846802e-8,1.4901161193847657e-8,3.5762786865234377e-7,0.9999561309814453,0.0027613560669124128,0.008954587392508984,-0.0016270270571112633,0.9922438859939575,-0.12429583072662354,-0.00922836922109127,0.1242758110165596,0.9922048449516296],"EasingStyle":"Linear","EasingDirection":"In"},"Right Leg":{"Weight":1,"CFrame":[0.05542945861816406,-0.04506421089172363,0.00512540340423584,0.9397799968719482,0.33122366666793826,-0.08428870886564255,-0.3351916968822479,0.9413862824440002,-0.037928592413663867,0.06678546220064163,0.06389740854501724,0.995719313621521],"EasingStyle":"Linear","EasingDirection":"In"},"Torso":{"Weight":1,"CFrame":[-0.09179097414016724,0.20253074169158936,-0.034890174865722659,0.9174649119377136,-0.3858559727668762,-0.09681612253189087,0.3977700471878052,0.8935049772262573,0.20839394629001618,0.006095636170357466,-0.22970467805862428,0.97324138879776],"EasingStyle":"Linear","EasingDirection":"In"},"HumanoidRootPart":{"Weight":1,"CFrame":[0,0,0,1,0,0,0,1,0,0,0,1],"EasingStyle":"Linear","EasingDirection":"In"},"Left Arm":{"Weight":1,"CFrame":[-0.04292634129524231,-0.07127326726913452,0.11159682273864746,0.7161666750907898,0.26582616567611697,0.6453230977058411,-0.22870522737503053,0.9629570841789246,-0.14285586774349214,-0.6593931913375855,-0.04528026655316353,0.7504334449768066],"EasingStyle":"Linear","EasingDirection":"In"}}},{"Time":0.5333333611488342,"poses":{"Left Leg":{"Weight":1,"CFrame":[-0.09674072265625,-0.0170137882232666,0.02532029151916504,0.9397343397140503,-0.29432082176208498,0.17399589717388154,0.2952722907066345,0.9551824331283569,0.02099217101931572,-0.172376349568367,0.03164907917380333,0.9845226407051086],"EasingStyle":"Linear","EasingDirection":"In"},"Right Arm":{"Weight":1,"CFrame":[0.4507068395614624,0.6613190174102783,-0.020630478858947755,-0.7985362410545349,0.03244997560977936,-0.6010714769363403,-0.03320398926734924,-0.9994001388549805,-0.009842361323535443,-0.6010303497314453,0.012098327279090882,0.7991346120834351],"EasingStyle":"Linear","EasingDirection":"In"},"Head":{"Weight":1,"CFrame":[2.514570951461792e-8,3.725290298461914e-8,3.5762786865234377e-7,0.9999454617500305,0.00228531239554286,0.0101996511220932,-0.002182253636419773,0.9999465346336365,-0.010105598717927933,-0.01022222638130188,0.010082770138978958,0.9998969435691834],"EasingStyle":"Linear","EasingDirection":"In"},"Right Leg":{"Weight":1,"CFrame":[-0.03959253430366516,-0.018413424491882325,-0.0018903613090515137,0.9445000886917114,0.31663697957992556,-0.08752560615539551,-0.3205047845840454,0.9466362595558167,-0.03400970995426178,0.07208620011806488,0.06017455458641052,0.9955815672874451],"EasingStyle":"Linear","EasingDirection":"In"},"Torso":{"Weight":1,"CFrame":[-0.07998134195804596,0.17011499404907227,-0.03069305419921875,0.9162561297416687,-0.38717105984687807,-0.10282731801271439,0.40054237842559817,0.8895333409309387,0.2197641134262085,0.0063820285722613338,-0.24254688620567323,0.9701187014579773],"EasingStyle":"Linear","EasingDirection":"In"},"HumanoidRootPart":{"Weight":1,"CFrame":[0,0,0,1,0,0,0,1,0,0,0,1],"EasingStyle":"Linear","EasingDirection":"In"},"Left Arm":{"Weight":1,"CFrame":[-0.027047038078308107,-0.06991934776306153,0.12621712684631349,0.7225781083106995,0.10501149296760559,0.6832667589187622,-0.11734103411436081,0.992683470249176,-0.028473656624555589,-0.6812576651573181,-0.05960094928741455,0.7296134829521179],"EasingStyle":"Linear","EasingDirection":"In"}}},{"Time":0.5666666626930237,"poses":{"Left Leg":{"Weight":1,"CFrame":[-0.1676042675971985,-0.02163553237915039,0.037671446800231937,0.9292668104171753,-0.3263077139854431,0.173166424036026,0.32801389694213869,0.9444717168807983,0.019495798274874688,-0.16991250216960908,0.0386841744184494,0.9846996068954468],"EasingStyle":"Linear","EasingDirection":"In"},"Right Arm":{"Weight":1,"CFrame":[0.4467950761318207,0.6866912841796875,-0.014719545841217041,-0.7931680679321289,0.11201011389493942,-0.5986136198043823,-0.08251603692770004,-0.9936421513557434,-0.0765918418765068,-0.6033867597579956,-0.011355092748999596,0.7973678112030029],"EasingStyle":"Linear","EasingDirection":"In"},"Head":{"Weight":1,"CFrame":[7.078051567077637e-8,-3.3527612686157229e-8,-1.1920928955078126e-7,0.999941349029541,0.0017421720549464226,0.010690749622881413,-0.0027208165265619756,0.9957343935966492,0.09222601354122162,-0.010484488680958748,-0.09224966168403626,0.9956807494163513],"EasingStyle":"Linear","EasingDirection":"In"},"Right Leg":{"Weight":1,"CFrame":[0.05648362636566162,-0.047805190086364749,0.005493283271789551,0.9277417659759522,0.36285924911499026,-0.08734159916639328,-0.36690592765808108,0.9295875430107117,-0.035316210240125659,0.06837698072195053,0.06481042504310608,0.9955522418022156],"EasingStyle":"Linear","EasingDirection":"In"},"Torso":{"Weight":1,"CFrame":[-0.056896552443504336,0.1124454140663147,-0.0373072624206543,0.9158276319503784,-0.39089757204055788,-0.09197244793176651,0.4015098512172699,0.8953651785850525,0.19264264404773713,0.00704538868740201,-0.21335531771183015,0.9769492745399475],"EasingStyle":"Linear","EasingDirection":"In"},"HumanoidRootPart":{"Weight":1,"CFrame":[0,0,0,1,0,0,0,1,0,0,0,1],"EasingStyle":"Linear","EasingDirection":"In"},"Left Arm":{"Weight":1,"CFrame":[-0.021197110414505006,-0.0694209635257721,0.13221871852874757,0.722196102142334,0.0018630551639944316,0.6916859149932861,-0.04001818969845772,0.9984338879585266,0.03909401223063469,-0.6905298233032227,-0.05591366067528725,0.7211395502090454],"EasingStyle":"Linear","EasingDirection":"In"}}},{"Time":0.6000000238418579,"poses":{"Left Leg":{"Weight":1,"CFrame":[-0.2840770483016968,-0.005044102668762207,0.0595705509185791,0.9268541932106018,-0.33054742217063906,0.17798765003681184,0.33427876234054568,0.9424264430999756,0.009489187970757485,-0.17087697982788087,0.05070238932967186,0.9839869737625122],"EasingStyle":"Linear","EasingDirection":"In"},"Right Arm":{"Weight":1,"CFrame":[0.44522038102149966,0.6963523626327515,-0.012240827083587647,-0.7906671166419983,0.13969382643699647,-0.5960966944694519,-0.10062052309513092,-0.9900321960449219,-0.09854800254106522,-0.6039214134216309,-0.017939133569598199,0.7968420386314392],"EasingStyle":"Linear","EasingDirection":"In"},"Head":{"Weight":1,"CFrame":[1.0710209608078003e-7,-1.4901161193847657e-8,3.5762786865234377e-7,0.9999523162841797,0.00120421196334064,0.009697934612631798,-0.0028035538271069528,0.9860146045684815,0.16663575172424317,-0.009361657314002514,-0.1666550189256668,0.9859708547592163],"EasingStyle":"Linear","EasingDirection":"In"},"Right Leg":{"Weight":1,"CFrame":[0.2373896837234497,-0.07280802726745606,0.01799941062927246,0.9142094254493713,0.39723050594329836,-0.0801810696721077,-0.4013741612434387,0.9148545265197754,-0.04404695704579353,0.05585729703307152,0.07245070487260819,0.9958066940307617],"EasingStyle":"Linear","EasingDirection":"In"},"Torso":{"Weight":1,"CFrame":[-0.021341711282730104,0.029947340488433839,-0.06235074996948242,0.9174901247024536,-0.3930507004261017,-0.06101686507463455,0.3976961672306061,0.9092065691947937,0.12321187555789948,0.007048414554446936,-0.13731183111667634,0.9905028939247131],"EasingStyle":"Linear","EasingDirection":"In"},"HumanoidRootPart":{"Weight":1,"CFrame":[0,0,0,1,0,0,0,1,0,0,0,1],"EasingStyle":"Linear","EasingDirection":"In"},"Left Arm":{"Weight":1,"CFrame":[-0.020361274480819703,-0.06934922933578491,0.13337957859039308,0.7214465141296387,-0.03454713895916939,0.6916078329086304,-0.01093151792883873,0.9980621337890625,0.0612582191824913,-0.6923839449882507,-0.0517548993229866,0.7196707129478455],"EasingStyle":"Linear","EasingDirection":"In"}}},{"Time":0.6333333253860474,"poses":{"Left Leg":{"Weight":1,"CFrame":[-0.39782771468162539,0.052895545959472659,0.08508646488189697,0.9348027110099793,-0.3018992245197296,0.18708503246307374,0.3084072470664978,0.9512355327606201,-0.006001390516757965,-0.17615026235580445,0.06330855190753937,0.9823254346847534],"EasingStyle":"Linear","EasingDirection":"In"},"Right Arm":{"Weight":1,"CFrame":[0.5131394863128662,0.5960119962692261,-0.013486623764038086,-0.8056266903877258,0.11176665872335434,-0.5817849636077881,-0.09793254733085633,-0.99