{"Sequence":[{"Time":0,"poses":{"Left Leg":{"Weight":1,"CFrame":[-0.38402798771858218,0.04446333646774292,0.0471268892288208,0.9261478185653687,-0.3552311956882477,0.12673218548297883,0.3441866934299469,0.9334373474121094,0.10114473104476929,-0.15422631800174714,-0.05005544424057007,0.9867668151855469],"EasingStyle":"Linear","EasingDirection":"In"},"Right Leg":{"Weight":1,"CFrame":[0.17912724614143372,0.09484308958053589,0.16644322872161866,0.7513211965560913,0.4434104859828949,-0.48877760767936709,-0.3831603527069092,0.896117091178894,0.22396954894065858,0.537312388420105,0.019007116556167604,0.843169093132019],"EasingStyle":"Linear","EasingDirection":"In"},"Head":{"Weight":1,"CFrame":[9.313225746154785e-8,5.587935447692871e-9,0.016662001609802247,0.9823648929595947,0.12560951709747315,-0.1384972482919693,-0.1508234143257141,0.9701443910598755,-0.18992680311203004,0.11050571501255036,0.2074660062789917,0.971980631351471],"EasingStyle":"Linear","EasingDirection":"In"},"Torso":{"Weight":1,"CFrame":[-0.037099242210388187,0.14294740557670594,-0.14281868934631349,0.9892942905426025,-0.1387895792722702,-0.04510226473212242,0.14458255469799043,0.9741125106811523,0.1737835556268692,0.019815338775515558,-0.17844408750534059,0.9837505221366882],"EasingStyle":"Linear","EasingDirection":"In"},"HumanoidRootPart":{"Weight":0,"CFrame":[0,0,0,1,0,0,0,1,0,0,0,1],"EasingStyle":"Linear","EasingDirection":"In"},"Right Arm":{"Weight":1,"CFrame":[0.05532171577215195,-0.1543210744857788,-0.12255781888961792,0.32199177145957949,0.20136694610118867,-0.9250798225402832,-0.06553463637828827,0.9795156121253967,0.19040559232234956,0.944471538066864,-0.0006842831498943269,0.3285925090312958],"EasingStyle":"Linear","EasingDirection":"In"},"Left Arm":{"Weight":1,"CFrame":[-0.3055448532104492,-0.5614368915557861,-0.16014331579208375,-0.6139496564865112,0.4376409947872162,0.656914234161377,-0.7400789856910706,-0.6085599064826965,-0.2862481474876404,0.2744975686073303,-0.6619102954864502,0.6975139379501343],"EasingStyle":"Linear","EasingDirection":"In"},"Knife":{"Weight":1,"CFrame":[0.002907305955886841,-0.5904961824417114,-0.17269861698150636,0.9444182515144348,-0.27467381954193118,-0.18063367903232575,0.1332053393125534,0.8220640420913696,-0.5535944700241089,0.3005503714084625,0.49876347184181216,0.8129603862762451],"EasingStyle":"Linear","EasingDirection":"In"},"Platter":{"Weight":1,"CFrame":[-0.2793830335140228,-0.347869873046875,-0.24751245975494386,0.9548184871673584,0.013662287034094334,-0.2968752980232239,-0.2136845588684082,0.7258179187774658,-0.6538556218147278,0.20654426515102387,0.6877511739730835,0.6959438920021057],"EasingStyle":"Linear","EasingDirection":"In"}}},{"Time":0.03333333507180214,"poses":{"Left Leg":{"Weight":1,"CFrame":[-0.3293413519859314,0.025781631469726564,0.047275662422180179,0.9311619400978088,-0.3363378047943115,0.14076317846775056,0.32848313450813296,0.9414108991622925,0.07644803822040558,-0.15822836756706239,-0.02494715340435505,0.9870873689651489],"EasingStyle":"Linear","EasingDirection":"In"},"Right Leg":{"Weight":1,"CFrame":[0.1951165646314621,0.11241680383682251,0.16433942317962647,0.7580013275146484,0.445130318403244,-0.4767524003982544,-0.3720687925815582,0.8954306840896606,0.24447648227214814,0.5357226729393005,-0.007928848266601563,0.8443567752838135],"EasingStyle":"Linear","EasingDirection":"In"},"Head":{"Weight":1,"CFrame":[7.078051567077637e-8,1.30385160446167e-8,0.016661882400512697,0.9861600995063782,0.11661854386329651,-0.1178487092256546,-0.13847658038139344,0.9702346920967102,-0.19866783916950227,0.09117260575294495,0.21223752200603486,0.9729557037353516],"EasingStyle":"Linear","EasingDirection":"In"},"Torso":{"Weight":1,"CFrame":[-0.055483654141426089,0.14110520482063294,-0.1352100372314453,0.9898248910903931,-0.1252790093421936,-0.06746745109558106,0.13520345091819764,0.9758548736572266,0.17154400050640107,0.04434756562113762,-0.17892035841941834,0.9828635454177856],"EasingStyle":"Linear","EasingDirection":"In"},"HumanoidRootPart":{"Weight":0,"CFrame":[0,0,0,1,0,0,0,1,0,0,0,1],"EasingStyle":"Linear","EasingDirection":"In"},"Right Arm":{"Weight":1,"CFrame":[0.0509212464094162,-0.1546037793159485,-0.12228250503540039,0.32610610127449038,0.26724496483802798,-0.906771719455719,0.003604146186262369,0.9588501453399658,0.28388965129852297,0.9453263282775879,-0.09584634006023407,0.3117237091064453],"EasingStyle":"Linear","EasingDirection":"In"},"Left Arm":{"Weight":1,"CFrame":[-0.3003014326095581,-0.5602117776870728,-0.156316876411438,-0.5740793943405151,0.4849175214767456,0.6597632169723511,-0.7805308103561401,-0.5675551891326904,-0.2620166838169098,0.2473955750465393,-0.6653841733932495,0.7043150663375855],"EasingStyle":"Linear","EasingDirection":"In"},"Knife":{"Weight":1,"CFrame":[0.023277640342712404,-0.6687405109405518,-0.27939778566360476,0.9472367167472839,-0.28496283292770388,-0.1467614322900772,0.11755437403917313,0.7348013520240784,-0.6680177450180054,0.2982005774974823,0.6155186295509338,0.7295295596122742],"EasingStyle":"Linear","EasingDirection":"In"},"Platter":{"Weight":1,"CFrame":[-0.29747283458709719,-0.3471125364303589,-0.24717724323272706,0.9571691751480103,0.014950995333492756,-0.2891429662704468,-0.20739318430423737,0.7322544455528259,-0.6486844420433044,0.20202776789665223,0.6808670163154602,0.7039920687675476],"EasingStyle":"Linear","EasingDirection":"In"}}},{"Time":0.06666667014360428,"poses":{"Left Leg":{"Weight":1,"CFrame":[-0.2612370252609253,0.011538147926330567,0.049741506576538089,0.9319855570793152,-0.3173423111438751,0.17520514130592347,0.31203365325927737,0.9483107328414917,0.057807717472314838,-0.18449373543262483,0.0007939538336358964,0.9828333854675293],"EasingStyle":"Linear","EasingDirection":"In"},"Right Leg":{"Weight":1,"CFrame":[0.22610843181610108,0.12933486700057984,0.1575390100479126,0.7793794274330139,0.4372763931751251,-0.4487283229827881,-0.35656657814979555,0.8984510898590088,0.2562147080898285,0.5151970386505127,-0.039687007665634158,0.856152355670929],"EasingStyle":"Linear","EasingDirection":"In"},"Head":{"Weight":1,"CFrame":[1.4156103134155274e-7,6.705522537231445e-8,0.016661882400512697,0.9915410876274109,0.08648691326379776,-0.09677949547767639,-0.10478079319000244,0.9734280705451965,-0.2036142498254776,0.07659789174795151,0.2120325118303299,0.9742560982704163],"EasingStyle":"Linear","EasingDirection":"In"},"Torso":{"Weight":1,"CFrame":[-0.06959690153598786,0.13671258091926576,-0.1280202865600586,0.9922178983688355,-0.0912652537226677,-0.0847012847661972,0.10438024252653122,0.9805514216423035,0.1662037968635559,0.06788534671068192,-0.17375154793262483,0.9824469685554504],"EasingStyle":"Linear","EasingDirection":"In"},"HumanoidRootPart":{"Weight":0,"CFrame":[0,0,0,1,0,0,0,1,0,0,0,1],"EasingStyle":"Linear","EasingDirection":"In"},"Right Arm":{"Weight":1,"CFrame":[0.008307471871376038,-0.1521017849445343,-0.11309957504272461,0.3246723711490631,0.3096691966056824,-0.8936962485313416,0.05303828418254852,0.9374361634254456,0.3440934419631958,0.9443382620811462,-0.15911777317523957,0.2879352569580078],"EasingStyle":"Linear","EasingDirection":"In"},"Left Arm":{"Weight":1,"CFrame":[-0.2909725308418274,-0.5592671036720276,-0.14762580394744874,-0.5381566286087036,0.5249170660972595,0.6594312191009522,-0.8110200762748718,-0.5354687571525574,-0.23562590777873994,0.22942061722278596,-0.6616157293319702,0.7138843536376953],"EasingStyle":"Linear","EasingDirection":"In"},"Knife":{"Weight":1,"CFrame":[0.06974571943283081,-0.7275394201278687,-0.3650304675102234,0.9553486108779907,-0.2793782949447632,-0.0962127223610878,0.11729103326797486,0.6574198603630066,-0.7443398237228394,0.27120447158813479,0.6998192071914673,0.6608338356018066],"EasingStyle":"Linear","EasingDirection":"In"},"Platter":{"Weight":1,"CFrame":[-0.31330418586730959,-0.3449437618255615,-0.24620655179023744,0.9631826281547546,0.018055852502584459,-0.26824092864990237,-0.19064989686012269,0.7493516206741333,-0.6341331601142883,0.18955697119235993,0.6619260907173157,0.7252047061920166],"EasingStyle":"Linear","EasingDirection":"In"}}},{"Time":0.10000000149011612,"poses":{"Left Leg":{"Weight":1,"CFrame":[-0.19189506769180299,0.003706037998199463,0.049671292304992679,0.9319371581077576,-0.2906460165977478,0.21683642268180848,0.2882798910140991,0.9565716981887817,0.043189045041799548,-0.21997231245040894,0.022260133177042009,0.975252091884613],"EasingStyle":"Linear","EasingDirection":"In"},"Right Leg":{"Weight":1,"CFrame":[0.25869473814964297,0.1462828516960144,0.14670240879058839,0.8085028529167175,0.41554147005081179,-0.41671133041381838,-0.3328699767589569,0.9068559408187866,0.2584761083126068,0.48530474305152895,-0.07026809453964234,0.8715169429779053],"EasingStyle":"Linear","EasingDirection":"In"},"Head":{"Weight":1,"CFrame":[1.2665987014770509e-7,1.862645149230957e-9,0.016662001609802247,0.9957767128944397,0.04801490157842636,-0.07825187593698502,-0.0626964122056961,0.9782835245132446,-0.19756148755550385,0.06706660240888596,0.2016332447528839,0.97716224193573],"EasingStyle":"Linear","EasingDirection":"In"},"Torso":{"Weight":1,"CFrame":[-0.0792199969291687,0.1253756880760193,-0.12053918838500977,0.9940333366394043,-0.05073666572570801,-0.09655842185020447,0.06514103710651398,0.9861664772033691,0.15242135524749757,0.08748932927846909,-0.1578018218278885,0.9835874438285828],"EasingStyle":"Linear","EasingDirection":"In"},"HumanoidRootPart":{"Weight":0,"CFrame":[0,0,0,1,0,0,0,1,0,0,0,1],"EasingStyle":"Linear","EasingDirection":"In"},"Right Arm":{"Weight":1,"CFrame":[-0.027638982981443406,-0.1452915072441101,-0.09371697902679444,0.3157278001308441,0.3306236267089844,-0.8893840909004211,0.08912613242864609,0.9228506684303284,0.37470394372940066,0.9446547031402588,-0.19757182896137238,0.261902391910553],"EasingStyle":"Linear","EasingDirection":"In"},"Left Arm":{"Weight":1,"CFrame":[-0.27968472242355349,-0.5586256980895996,-0.13641619682312013,-0.5078772902488709,0.5582106709480286,0.6560955047607422,-0.8326369524002075,-0.5133757591247559,-0.20775245130062104,0.2208538055419922,-0.6518022418022156,0.7255188822746277],"EasingStyle":"Linear","EasingDirection":"In"},"Knife":{"Weight":1,"CFrame":[0.1334308683872223,-0.769670844078064,-0.43170416355133059,0.9646738171577454,-0.26083430647850039,-0.037012986838817599,0.1307913362979889,0.5961307287216187,-0.7921625375747681,0.22868771851062776,0.7593376040458679,0.6091867685317993],"EasingStyle":"Linear","EasingDirection":"In"},"Platter":{"Weight":1,"CFrame":[-0.3270282745361328,-0.3415118455886841,-0.24465468525886537,0.9711318612098694,0.021614056080579759,-0.23756194114685059,-0.16676898300647736,0.7735862135887146,-0.6113529801368713,0.170560821890831,0.6333223581314087,0.7548587918281555],"EasingStyle":"Linear","EasingDirection":"In"}}},{"Time":0.13333334028720857,"poses":{"Left Leg":{"Weight":1,"CFrame":[-0.13761793076992036,0.0018437504768371583,0.04592716693878174,0.9359039068222046,-0.24955731630325318,0.24860604107379914,0.2504332363605499,0.9677104353904724,0.028630556538701059,-0.24772369861602784,0.03546372428536415,0.9681814312934876],"EasingStyle":"Linear","EasingDirection":"In"},"Right Leg":{"Weight":1,"CFrame":[0.27762383222579958,0.1638941764831543,0.13657641410827638,0.836181104183197,0.37857991456985476,-0.3968353271484375,-0.2976607382297516,0.9209755659103394,0.2514004409313202,0.46065089106559756,-0.0920940414071083,0.882790744304657],"EasingStyle":"Linear","EasingDirection":"In"},"Head":{"Weight":1,"CFrame":[1.0617077350616455e-7,-2.468004822731018e-8,0.016662001609802247,0.9976618885993958,0.018404968082904817,-0.06581832468509674,-0.029635731130838395,0.9843049645423889,-0.17396968603134156,0.06158339977264404,0.17551344633102418,0.9825489521026611],"EasingStyle":"Linear","EasingDirection":"In"},"Torso":{"Weight":1,"CFrame":[-0.08514304459095001,0.10226812958717346,-0.11252450942993164,0.9943328499794006,-0.022012025117874147,-0.10400810837745667,0.03495702147483826,0.9916250705718994,0.12432911992073059,0.10040031373500824,-0.12726032733917237,0.9867748618125916],"EasingStyle":"Linear","EasingDirection":"In"},"HumanoidRootPart":{"Weight":0,"CFrame":[0,0,0,1,0,0,0,1,0,0,0,1],"EasingStyle":"Linear","EasingDirection":"In"},"Right Arm":{"Weight":1,"CFrame":[-0.04356249049305916,-0.1329563558101654,-0.06386929750442505,0.3004617989063263,0.3338644504547119,-0.8934524059295654,0.12236420810222626,0.9155017137527466,0.3832540512084961,0.9459121227264404,-0.2244797646999359,0.23422028124332429],"EasingStyle":"Linear","EasingDirection":"In"},"Left Arm":{"Weight":1,"CFrame":[-0.26734164357185366,-0.5582678318023682,-0.12372547388076782,-0.48411330580711367,0.585490345954895,0.6502577066421509,-0.8467108011245728,-0.5009134411811829,-0.17935024201869965,0.2207149863243103,-0.6374062895774841,0.7382400631904602],"EasingStyle":"Linear","EasingDirection":"In"},"Knife":{"Weight":1,"CFrame":[0.2054518163204193,-0.79791259765625,-0.48152804374694826,0.9719024300575256,-0.23412656784057618,0.024300483986735345,0.1536087840795517,0.5526379942893982,-0.8191429972648621,0.17835374176502229,0.7998600006103516,0.5730743408203125],"EasingStyle":"Linear","EasingDirection":"In"},"Platter":{"Weight":1,"CFrame":[-0.33879488706588747,-0.336969256401062,-0.24257469177246095,0.9793565273284912,0.024351056665182115,-0.20066845417022706,-0.13912217319011689,0.8013941049575806,-0.5817325115203857,0.14664871990680695,0.5976408123970032,0.7882382273674011],"EasingStyle":"Linear","EasingDirection":"In"}}},{"Time":0.1666666716337204,"poses":{"Left Leg":{"Weight":1,"CFrame":[-0.10198043286800385,0.0037790536880493166,0.04171037673950195,0.943591833114624,-0.19323688745498658,0.2688753008842468,0.197282612323761,0.9802712202072144,0.012162729166448117,-0.2659209966659546,0.0415678396821022,0.9630982279777527],"EasingStyle":"Linear","EasingDirection":"In"},"Right Leg":{"Weight":1,"CFrame":[0.2815661132335663,0.18269962072372437,0.12900269031524659,0.8611388802528381,0.3251831829547882,-0.39076295495033266,-0.2484814077615738,0.9398207664489746,0.2345077097415924,0.4435051381587982,-0.10484640300273895,0.8901182413101196],"EasingStyle":"Linear","EasingDirection":"In"},"Head":{"Weight":1,"CFrame":[1.4132820069789887e-7,-1.9441358745098115e-8,0.0166623592376709,0.9982213973999023,-0.0006729084998369217,-0.05961179360747337,-0.007183615583926439,0.991292417049408,-0.1314830183982849,0.059181153774261478,0.13167737424373628,0.9895244836807251],"EasingStyle":"Linear","EasingDirection":"In"},"Torso":{"Weight":1,"CFrame":[-0.0879918783903122,0.06533806025981903,-0.10489964485168457,0.9941465258598328,-0.006954270415008068,-0.10781635344028473,0.01558681670576334,0.9967183470726013,0.07943258434534073,0.10691014677286148,-0.08064813911914826,0.9909924864768982],"EasingStyle":"Linear","EasingDirection":"In"},"HumanoidRootPart":{"Weight":0,"CFrame":[0,0,0,1,0,0,0,1,0,0,0,1],"EasingStyle":"Linear","EasingDirection":"In"},"Right Arm":{"Weight":1,"CFrame":[-0.05252407491207123,-0.11464911699295044,-0.024921655654907228,0.28260987997055056,0.32560813426971438,-0.9022811055183411,0.166269451379776,0.9097591042518616,0.38038498163223269,0.9447148442268372,-0.257522314786911,0.20296822488307954],"EasingStyle":"Linear","EasingDirection":"In"},"Left Arm":{"Weight":1,"CFrame":[-0.25442153215408327,-0.5581163763999939,-0.11014825105667114,-0.46661895513534548,0.6075911521911621,0.6427282691001892,-0.8549229502677918,-0.4960728883743286,-0.15171842277050019,0.22665713727474214,-0.6202779412269592,0.7509207129478455],"EasingStyle":"Linear","EasingDirection":"In"},"Knife":{"Weight":1,"CFrame":[0.2769275903701782,-0.8150432109832764,-0.5166094899177551,0.9753785729408264,-0.204768106341362,0.08189447969198227,0.18016597628593446,0.52569180727005,-0.8313772082328796,0.12718825042247773,0.8256622552871704,0.549640953540802],"EasingStyle":"Linear","EasingDirection":"In"},"Platter":{"Weight":1,"CFrame":[-0.34875553846359255,-0.3314652442932129,-0.24001994729042054,0.9865580797195435,0.025453245267271997,-0.16141657531261445,-0.11096688359975815,0.8294686079025269,-0.5474197268486023,0.1199563667178154,0.5579730868339539,0.8211433291435242],"EasingStyle":"Linear","EasingDirection":"In"}}},{"Time":0.20000000298023225,"poses":{"Left Leg":{"Weight":1,"CFrame":[-0.0781022310256958,0.007521629333496094,0.039168357849121097,0.9498962759971619,-0.12740880250930787,0.2854190766811371,0.13457082211971284,0.9908885359764099,-0.005537116900086403,-0.28211313486099245,0.04366876184940338,0.9583868384361267],"EasingStyle":"Linear","EasingDirection":"In"},"Right Leg":{"Weight":1,"CFrame":[0.2773354947566986,0.20189762115478517,0.12224197387695313,0.8846327066421509,0.2571121156215668,-0.3889963924884796,-0.18696071207523347,0.9598263502120972,0.2092345803976059,0.42716580629348757,-0.11236881464719773,0.8971636891365051],"EasingStyle":"Linear","EasingDirection":"In"},"Head":{"Weight":1,"CFrame":[7.632115739397705e-8,-7.043126970529556e-9,0.0166623592376709,0.998187780380249,-0.017421435564756395,-0.0575985461473465,0.013023929670453072,0.9970332980155945,-0.0758613795042038,0.058749306946992877,0.07497371733188629,0.995453417301178],"EasingStyle":"Linear","EasingDirection":"In"},"Torso":{"Weight":1,"CFrame":[-0.08842918276786804,0.018077019602060319,-0.09962224960327149,0.994057834148407,0.0036314893513917925,-0.10879267752170563,-0.0012471338268369437,0.999757707118988,0.0219765342772007,0.10884612798690796,-0.021710267290472986,0.9938215017318726],"EasingStyle":"Linear","EasingDirection":"In"},"HumanoidRootPart":{"Weight":0,"CFrame":[0,0,0,1,0,0,0,1,0,0,0,1],"EasingStyle":"Linear","EasingDirection":"In"},"Right Arm":{"Weight":1,"CFrame":[-0.05777307599782944,-0.09095019102096558,0.020368456840515138,0.2668980360031128,0.3140430152416229,-0.9111216068267822,0.23410654067993165,0.8959711790084839,0.3773984909057617,0.9348580241203308,-0.31402644515037539,0.16561345756053925],"EasingStyle":"Linear","EasingDirection":"In"},"Left Arm":{"Weight":1,"CFrame":[-0.2412068247795105,-0.558050274848938,-0.09608721733093262,-0.4540007412433624,0.6255459785461426,0.6344882845878601,-0.859362781047821,-0.49550125002861025,-0.126389279961586,0.23532734811306,-0.602636456489563,0.7625288963317871],"EasingStyle":"Linear","EasingDirection":"In"},"Knife":{"Weight":1,"CFrame":[0.338977187871933,-0.8238394260406494,-0.5390576720237732,0.9753492474555969,-0.1782049685716629,0.13014213740825654,0.2048649936914444,0.5121001601219177,-0.8341363072395325,0.08200137317180634,0.8402359485626221,0.5359847545623779],"EasingStyle":"Linear","EasingDirection":"In"},"Platter":{"Weight":1,"CFrame":[-0.35706037282943728,-0.32515227794647219,-0.23704418540000916,0.9919871687889099,0.024787437170743943,-0.1238832026720047,-0.08524417877197266,0.8550413846969605,-0.5115052461624146,0.0932464525103569,0.5179669260978699,0.850303053855896],"EasingStyle":"Linear","EasingDirection":"In"}}},{"Time":0.23333333432674409,"poses":{"Left Leg":{"Weight":1,"CFrame":[-0.07386341691017151,0.017129719257354738,0.04127025604248047,0.9528161287307739,-0.062409669160842898,0.2970629334449768,0.07112400233745575,0.9972939491271973,-0.018606532365083696,-0.2950979173183441,0.03885691240429878,0.954676628112793],"EasingStyle":"Linear","EasingDirection":"In"},"Right Leg":{"Weight":1,"CFrame":[0.2616259455680847,0.2140558958053589,0.11654889583587647,0.9032748937606812,0.17879563570022584,-0.39003393054008486,-0.11849086731672287,0.9776358604431152,0.1737469732761383,0.4123765230178833,-0.11072582006454468,0.9042596817016602],"EasingStyle":"Linear","EasingDirection":"In"},"Head":{"Weight":1,"CFrame":[9.580980986356735e-8,-3.259629011154175e-9,0.016662120819091798,0.9974868297576904,-0.030621493235230447,-0.06389281153678894,0.02979826182126999,0.9994606971740723,-0.013798443600535393,0.06428086012601853,0.011859884485602379,0.997861385345459],"EasingStyle":"Linear","EasingDirection":"In"},"Torso":{"Weight":1,"CFrame":[-0.08305402100086212,-0.03467659652233124,-0.09773540496826172,0.9946539998054504,0.00971136149019003,-0.10280600935220719,-0.014111184515058995,0.9990113377571106,-0.04215693101286888,0.10229497402906418,0.043382275849580768,0.9938076734542847],"EasingStyle":"Linear","EasingDirection":"In"},"HumanoidRootPart":{"Weight":0,"CFrame":[0,0,0,1,0,0,0,1,0,0,0,1],"EasingStyle":"Linear","EasingDirection":"In"},"Right Arm":{"Weight":1,"CFrame":[-0.060490284115076068,-0.06324434280395508,0.06893730163574219,0.25786226987838747,0.30689746141433718,-0.9161446690559387,0.33427250385284426,0.8613166809082031,0.3826165497303009,0.9065147042274475,-0.40490439534187319,0.11951367557048798],"EasingStyle":"Linear","EasingDirection":"In"},"Left Arm":{"Weight":1,"CFrame":[-0.2278747856616974,-0.5579339265823364,-0.08184242248535156,-0.4441053867340088,0.6405563950538635,0.6264645457267761,-0.862342119216919,-0.49535712599754336,-0.10482089221477509,0.24317990243434907,-0.5867783427238464,0.7723695635795593],"EasingStyle":"Linear","EasingDirection":"In"},"Knife":{"Weight":1,"CFrame":[0.382719486951828,-0.8270809650421143,-0.5509805083274841,0.9736136198043823,-0.15930913388729096,0.16339267790317536,0.22272878885269166,0.5074962377548218,-0.8323696255683899,0.049682822078466418,0.8467987775802612,0.5295881628990173],"EasingStyle":"Linear","EasingDirection":"In"},"Platter":{"Weight":1,"CFrame":[-0.3638593852519989,-0.3181800842285156,-0.2337011694908142,0.9954778552055359,0.022927850484848024,-0.09218522161245346,-0.0644325390458107,0.8760490417480469,-0.47789809107780459,0.06980153918266297,0.4816765785217285,0.8735647201538086],"EasingStyle":"Linear","EasingDirection":"In"}}},{"Time":0.2666666805744171,"poses":{"Left Leg":{"Weight":1,"CFrame":[-0.09337430447340012,0.039886534214019778,0.049919962882995608,0.9525309801101685,-0.009234427474439145,0.30430153012275698,0.01595534011721611,0.9996804594993591,-0.01960720680654049,-0.30402320623397829,0.02353171817958355,0.9523739814758301],"EasingStyle":"Linear","EasingDirection":"In"},"Right Leg":{"Weight":1,"CFrame":[0.23303234577178956,0.21001893281936646,0.11172962188720703,0.9150518178939819,0.09668947756290436,-0.3915754556655884,-0.050611987709999087,0.9906932711601257,0.12635371088981629,0.40014827251434328,-0.09580183029174805,0.9114292860031128],"EasingStyle":"Linear","EasingDirection":"In"},"Head":{"Weight":1,"CFrame":[8.242204785346985e-8,3.4924596548080446e-10,0.016662001609802247,0.9957959055900574,-0.039105482399463657,-0.08283285051584244,0.04303921386599541,0.998002290725708,0.04624941572546959,0.08085876703262329,-0.04961998388171196,0.9954896569252014],"EasingStyle":"Linear","EasingDirection":"In"},"Torso":{"Weight":1,"CFrame":[-0.06778638064861298,-0.08668914437294007,-0.09913444519042969,0.996309757232666,0.012605786323547364,-0.08489973098039627,-0.021559737622737886,0.9941973090171814,-0.10538947582244873,0.08307856321334839,0.10683097690343857,0.9908002018928528],"EasingStyle":"Linear","EasingDirection":"In"},"HumanoidRootPart":{"Weight":0,"CFrame":[0,0,0,1,0,0,0,1,0,0,0,1],"EasingStyle":"Linear","EasingDirection":"In"},"Right Arm":{"Weight":1,"CFrame":[-0.06126593053340912,-0.03323665261268616,0.11846721172332764,0.2598283588886261,0.3086612820625305,-0.9149959087371826,0.46598151326179507,0.7898402810096741,0.39876487851142886,0.8457839488983154,-0.5299816727638245,0.061392564326524737],"EasingStyle":"Linear","EasingDirection":"In"},"Left Arm":{"Weight":1,"CFrame":[-0.21454398334026338,-0.5576472282409668,-0.06764185428619385,-0.4346539378166199,0.6538259983062744,0.6193442940711975,-0.8659767508506775,-0.49226927757263186,-0.08806364238262177,0.24730581045150758,-0.5746150612831116,0.7801650166511536],"EasingStyle":"Linear","EasingDirection":"In"},"Knife":{"Weight":1,"CFrame":[0.39927393198013308,-0.8275439739227295,-0.5544861555099487,0.9725848436355591,-0.1522015631198883,0.17582234740257264,0.22953729331493379,0.507033109664917,-0.8308006525039673,0.03730133920907974,0.8483820557594299,0.5280689001083374],"EasingStyle":"Linear","EasingDirection":"In"},"Platter":{"Weight":1,"CFrame":[-0.369303822517395,-0.310699462890625,-0.23004481196403504,0.9973034262657166,0.020989317446947099,-0.07032310217618942,-0.050555262714624408,0.8910927772521973,-0.45099660754203799,0.05319831520318985,0.45333558320999148,0.8897508978843689],"EasingStyle":"Linear","EasingDirection":"In"}}},{"Time":0.30000001192092898,"poses":{"Left Leg":{"Weight":1,"CFrame":[-0.11923360824584961,0.07090455293655396,0.059642791748046878,0.9506350159645081,0.030591009184718133,0.3087996542453766,-0.028248058632016183,0.9995282292366028,-0.012056387029588223,-0.30902281403541567,0.0027382071129977705,0.9510506987571716],"EasingStyle":"Linear","EasingDirection":"In"},"Right Leg":{"Weight":1,"CFrame":[0.20041786134243012,0.19372177124023438,0.10695374011993408,0.9197999835014343,0.02376212179660797,-0.39166727662086489,0.00745187746360898,0.9969268441200256,0.07798299938440323,0.3923167586326599,-0.07464747875928879,0.9167962670326233],"EasingStyle":"Linear","EasingDirection":"In"},"Head":{"Weight":1,"CFrame":[1.1594966053962708e-7,6.170012056827545e-8,0.0166623592376709,0.9932973384857178,-0.042890291661024097,-0.10733526200056076,0.05314929038286209,0.994093656539917,0.09462030231952667,0.10264299809932709,-0.09969090670347214,0.9897101521492004],"EasingStyle":"Linear","EasingDirection":"In"},"Torso":{"Weight":1,"CFrame":[-0.04779177904129028,-0.13032719492912293,-0.10303258895874024,0.9980135560035706,0.01429151650518179,-0.06135723367333412,-0.023875795304775239,0.9870797395706177,-0.15844100713729859,0.058300118893384936,0.15959122776985169,0.9854601621627808],"EasingStyle":"Linear","EasingDirection":"In"},"HumanoidRootPart":{"Weight":0,"CFrame":[0,0,0,1,0,0,0,1,0,0,0,1],"EasingStyle":"Linear","EasingDirection":"In"},"Right Arm":{"Weight":1,"CFrame":[-0.06170458346605301,0.005564272403717041,0.1781078577041626,0.26544806361198428,0.3253491222858429,-0.9075711965560913,0.6345424652099609,0.6497654318809509,0.41852203011512759,0.725874125957489,-0.6869882345199585,-0.033968694508075717],"EasingStyle":"Linear","EasingDirection":"In"},"Left Arm":{"Weight":1,"CFrame":[-0.20130370557308198,-0.5571079850196838,-0.0536537766456604,-0.42375648021698,0.6663414835929871,0.613530158996582,-0.8717809915542603,-0.4838690757751465,-0.07660703361034394,0.2458217740058899,-0.5673268437385559,0.7859466671943665],"EasingStyle":"Linear","EasingDirection":"In"},"Knife":{"Weight":1,"CFrame":[0.3858467638492584,-0.7817032337188721,-0.5237706899642944,0.9740473031997681,-0.15039271116256715,0.16915659606456757,0.22454744577407838,0.5480702519416809,-0.8057276606559753,0.02846578136086464,0.8228006958961487,0.567616879940033],"EasingStyle":"Linear","EasingDirection":"In"},"Platter":{"Weight":1,"CFrame":[-0.37354394793510439,-0.30286169052124026,-0.2261275351047516,0.9978597164154053,0.020290901884436609,-0.06216302886605263,-0.04540041834115982,0.8991470336914063,-0.4352855980396271,0.04706134274601936,0.4371761083602905,0.8981437683105469],"EasingStyle":"Linear","EasingDirection":"In"}}},{"Time":0.3333333432674408,"poses":{"Left Leg":{"Weight":1,"CFrame":[-0.13803069293498994,0.09869402647018433,0.06621885299682617,0.9483380913734436,0.05969787761569023,0.3115942180156708,-0.061535853892564777,0.9980971217155457,-0.003939426504075527,-0.31123650074005129,-0.015438290312886238,0.9502071142196655],"EasingStyle":"Linear","EasingDirection":"In"},"Right Leg":{"Weight":1,"CFrame":[0.17319397628307343,0.1760970950126648,0.1023184061050415,0.9199974536895752,-0.03136574476957321,-0.39066728949546816,0.05099096521735191,0.9978992938995361,0.03996166214346886,0.3885931670665741,-0.05668516829609871,0.9196641445159912],"EasingStyle":"Linear","EasingDirection":"In"},"Head":{"Weight":1,"CFrame":[8.195638656616211e-8,4.260800778865814e-8,0.016661882400512697,0.9908133745193481,-0.043848052620887759,-0.12793053686618806,0.060252491384744647,0.99003005027771,0.12731905281543733,0.12107237428426743,-0.13385750353336335,0.9835769534111023],"EasingStyle":"Linear","EasingDirection":"In"},"Torso":{"Weight":1,"CFrame":[-0.03056976944208145,-0.1622188687324524,-0.10781693458557129,0.9990264773368836,0.015503608621656895,-0.04129984602332115,-0.02336239255964756,0.9800823926925659,-0.19721226394176484,0.03741975128650665,0.19798514246940614,0.9794905185699463],"EasingStyle":"Linear","EasingDirection":"In"},"HumanoidRootPart":{"Weight":0,"CFrame":[0,0,0,1,0,0,0,1,0,0,0,1],"EasingStyle":"Linear","EasingDirection":"In"},"Right Arm":{"Weight":1,"CFrame":[-0.06305459141731262,0.059298932552337649,0.25795698165893557,0.2647755742073059,0.3563825488090515,-0.8960387110710144,0.8142331838607788,0.4152069687843323,0.4057431221008301,0.5166413187980652,-0.8370153307914734,-0.18024180829524995],"EasingStyle":"Linear","EasingDirection":"In"},"Left Arm":{"Weight":1,"CFrame":[-0.18823105096817017,-0.5562697052955627,-0.039995670318603519,-0.4101094901561737,0.6787319779396057,0.6092069745063782,-0.8804931044578552,-0.46879687905311587,-0.0704377070069313,0.2377859205007553,-0.5652896761894226,0.7898768186569214],"EasingStyle":"Linear","EasingDirection":"In"},"Knife":{"Weight":1,"CFrame":[0.3490847647190094,-0.6634829044342041,-0.44455891847610476,0.9780637621879578,-0.14375796914100648,0.15074795484542848,0.20819120109081269,0.6506336331367493,-0.7302958965301514,0.006904107052832842,0.7456604838371277,0.6662904620170593],"EasingStyle":"Linear","EasingDirection":"In"},"Platter":{"Weight":1,"CFrame":[-0.37673044204711916,-0.2948174476623535,-0.2220032811164856,0.9973576664924622,0.020172366872429849,-0.06979110836982727,-0.04817289486527443,0.9027343392372131,-0.4274928569793701,0.05437920615077019,0.42972519993782046,0.9013206958770752],"EasingStyle":"Linear","EasingDirection":"In"}}},{"Time":0.36666667461395266,"poses":{"Left Leg":{"Weight":1,"CFrame":[-0.16347503662109376,0.1255403757095337,0.07330548763275147,0.9478641152381897,0.06674280762672425,0.3116070628166199,-0.07249876856803894,0.9973445534706116,0.006910583470016718,-0.31031841039657595,-0.029141416773200036,0.9501858949661255],"EasingStyle":"Linear","EasingDirection":"In"},"Right Leg":{"Weight":1,"CFrame":[0.1597912460565567,0.16260194778442384,0.10171711444854737,0.918523907661438,-0.05811735987663269,-0.39107051491737368,0.0691768079996109,0.9975028038024902,0.014238807372748852,0.3892665207386017,-0.04013172909617424,0.9202505350112915],"EasingStyle":"Linear","EasingDirection":"In"},"Head":{"Weight":1,"CFrame":[9.220093488693237e-8,3.259629011154175e-8,0.016662240028381349,0.9904448986053467,-0.040761612355709079,-0.13174745440483094,0.05953988805413246,0.9880889058113098,0.14189884066581727,0.12439418584108353,-0.14838719367980958,0.9810745716094971],"EasingStyle":"Linear","EasingDirection":"In"},"Torso":{"Weight":1,"CFrame":[-0.015811163932085038,-0.1786852777004242,-0.11454081535339356,0.9995947480201721,0.014735531993210316,-0.024355893954634668,-0.01967955194413662,0.9759218692779541,-0.21723076701164246,0.02056843787431717,0.2176220417022705,0.9758163690567017],"EasingStyle":"Linear","EasingDirection":"In"},"HumanoidRootPart":{"Weight":0,"CFrame":[0,0,0,1,0,0,0,1,0,0,0,1],"EasingStyle":"Linear","EasingDirection":"In"},"Right Arm":{"Weight":1,"CFrame":[-0.06528419256210327,0.12385809421539307,0.35366904735565188,0.2530877888202667,0.3852578103542328,-0.8874250650405884,0.9342537522315979,0.14087790250778199,0.32760223746299746,0.251229852437973,-0.9119922518730164,-0.32427385449409487],"EasingStyle":"Linear","EasingDirection":"In"},"Left Arm":{"Weight":1,"CFrame":[-0.17551657557487489,-0.5550776124000549,-0.026865482330322267,-0.39556607604026797,0.6880627870559692,0.6083559393882752,-0.8917052745819092,-0.4463667869567871,-0.07495604455471039,0.21997538208961488,-0.5721244215965271,0.7901168465614319],"EasingStyle":"Linear","EasingDirection":"In"},"Knife":{"Weight":1,"CFrame":[0.29426637291908266,-0.5018340349197388,-0.33624833822250368,0.983821451663971,-0.12949679791927339,0.12379807978868485,0.1782180815935135,0.777886152267456,-0.6026037931442261,-0.018265631049871446,0.6149176359176636,0.7883797883987427],"EasingStyle":"Linear","EasingDirection":"In"},"Platter":{"Weight":1,"CFrame":[-0.37901321053504946,-0.28671717643737795,-0.21772614121437074,0.9957141280174255,0.01925264671444893,-0.09045831859111786,-0.05577331781387329,0.9052239656448364,-0.421258807182312,0.07377474755048752,0.42449837923049929,0.9024180173873901],"EasingStyle":"Linear","EasingDirection":"In"}}},{"Time":0.4000000059604645,"poses":{"Left Leg":{"Weight":1,"CFrame":[-0.20952990651130677,0.1574990153312683,0.08334457874298096,0.9507877230644226,0.040053464472293857,0.30724310874938967,-0.05058131739497185,0.9983716011047363,0.02637597732245922,-0.30568644404411318,-0.04061868041753769,0.9512654542922974],"EasingStyle":"Linear","EasingDirection":"In"},"Right Leg":{"Weight":1,"CFrame":[0.16522972285747529,0.15392708778381349,0.10882067680358887,0.9173144698143005,-0.04709583893418312,-0.3953682780265808,0.0510646291077137,0.9986952543258667,-0.000485727476188913,0.3948754072189331,-0.01974383555352688,0.9185225367546082],"EasingStyle":"Linear","EasingDirection":"In"},"Head":{"Weight":1,"CFrame":[8.707866072654724e-8,-2.4789187591522933e-8,0.016662120819091798,0.9934945106506348,-0.031225545331835748,-0.10951542109251023,0.04600327089428902,0.9897600412368774,0.13512516021728517,0.1041746437549591,-0.1392841339111328,0.9847576022148132],"EasingStyle":"Linear","EasingDirection":"In"},"Torso":{"Weight":1,"CFrame":[-0.00038466043770313263,-0.17567771673202516,-0.12469601631164551,0.9999266266822815,0.010075287893414498,-0.006723291706293821,-0.011278912425041199,0.9768617153167725,-0.2135743945837021,0.004415902774780989,0.21363455057144166,0.9769036769866943],"EasingStyle":"Linear","EasingDirection":"In"},"HumanoidRootPart":{"Weight":0,"CFrame":[0,0,0,1,0,0,0,1,0,0,0,1],"EasingStyle":"Linear","EasingDirection":"In"},"Right Arm":{"Weight":1,"CFrame":[-0.06809722632169724,0.19058871269226075,0.45265424251556399,0.21939703822135926,0.3991805911064148,-0.8902358412742615,0.9755944609642029,-0.08137614279985428,0.2039446234703064,0.008966781198978424,-0.9132539629936218,-0.4072919189929962],"EasingStyle":"Linear","EasingDirection":"In"},"Left Arm":{"Weight":1,"CFrame":[-0.1633600890636444,-0.5534961223602295,-0.014429807662963868,-0.3830585777759552,0.6908563375473023,0.6131747961044312,-0.9040960669517517,-0.4165179431438446,-0.09551537036895752,0.18941086530685426,-0.5909571051597595,0.7841514348983765],"EasingStyle":"Linear","EasingDirection":"In"},"Knife":{"Weight":1,"CFrame":[0.22666996717453004,-0.32570958137512209,-0.21823835372924806,0.9900611639022827,-0.10575219243764878,0.09271145612001419,0.13574625551700593,0.890927255153656,-0.4333837330341339,-0.03676789626479149,0.4416617453098297,0.8964279890060425],"EasingStyle":"Linear","EasingDirection":"In"},"Platter":{"Weight":1,"CFrame":[-0.38054391741752627,-0.27871179580688479,-0.21334904432296754,0.9925345778465271,0.017563549801707269,-0.12069239467382431,-0.06665535271167755,0.9068328142166138,-0.4161866009235382,0.10213818401098252,0.4211243689060211,0.9012336134910584],"EasingStyle":"Linear","EasingDirection":"In"}}},{"Time":0.4333333373069763,"poses":{"Left Leg":{"Weight":1,"CFrame":[-0.2702181935310364,0.18964046239852906,0.09306836128234863,0.9543579816818237,-0.013941205106675625,0.2983395755290985,-0.0021239935886114837,0.9985679388046265,0.053456615656614307,-0.2986575961112976,-0.05165044218301773,0.9529616236686707],"EasingStyle":"Linear","EasingDirection":"In"},"Right Leg":{"Weight":1,"CFrame":[0.1854049116373062,0.14771324396133424,0.1225736141204834,0.914991557598114,-0.003696433501318097,-0.4034559726715088,0.001746700145304203,0.9999849796295166,-0.005200386047363281,0.4034692049026489,0.004053551238030195,0.9149842858314514],"EasingStyle":"Linear","EasingDirection":"In"},"Head":{"Weight":1,"CFrame":[9.173527359962464e-8,-5.19321474712342e-8,0.016661882400512697,0.9977611899375916,-0.016408760100603105,-0.0648331269621849,0.023364616557955743,0.993872880935669,0.10803161561489105,0.06266318261623383,-0.1093045175075531,0.9920311570167542],"EasingStyle":"Linear","EasingDirection":"In"},"Torso":{"Weight":1,"CFrame":[0.015493901446461678,-0.15518152713775636,-0.13791775703430177,0.999934732913971,0.0014598844572901726,0.011330419220030308,0.0007039384800009429,0.9820427894592285,-0.18865685164928437,-0.011402374133467675,0.18865251541137696,0.9819777011871338],"EasingStyle":"Linear","EasingDirection":"In"},"HumanoidRootPart":{"Weight":0,"CFrame":[0,0,0,1,0,0,0,1,0,0,0,1],"EasingStyle":"Linear","EasingDirection":"In"},"Right Arm":{"Weight":1,"CFrame":[-0.07089955359697342,0.246925950050354,0.5389165878295898,0.15730951726436616,0.3968808650970459,-0.9042894244194031,0.9725908637046814,-0.22103597223758698,0.0721813291311264,-0.17123307287693025,-0.8908584117889404,-0.4207737147808075],"EasingStyle":"Linear","EasingDirection":"In"},"Left Arm":{"Weight":1,"CFrame":[-0.15182305872440339,-0.5515719056129456,-0.002665579319000244,-0.37351593375205996,0.6871516108512878,0.6231439709663391,-0.9157599806785584,-0.3802427351474762,-0.12961126863956452,0.1478833109140396,-0.6190623044967651,0.7712927460670471],"EasingStyle":"Linear","EasingDirection":"In"},"Knife":{"Weight":1,"CFrame":[0.1515742540359497,-0.16406095027923585,-0.10992753505706787,0.9953855872154236,-0.07360875606536865,0.06155692785978317,0.08686845749616623,0.9637609720230103,-0.25222739577293398,-0.04076002910733223,0.2564109265804291,0.9657080769538879],"EasingStyle":"Linear","EasingDirection":"In"},"Platter":{"Weight":1,"CFrame":[-0.381472110748291,-0.2709527015686035,-0.20892563462257386,0.987488329410553,0.015066812746226788,-0.15697081387043,-0.07932659983634949,0.9077677130699158,-0.4119042456150055,0.13628694415092469,0.4192025661468506,0.8976051807403565],"EasingStyle":"Linear","EasingDirection":"In"}}},{"Time":0.46666666865348818,"poses":{"Left Leg":{"Weight":1,"CFrame":[-0.33773016929626467,0.21638727188110352,0.09982752799987793,0.9546329975128174,-0.08479861915111542,0.28545570373535159,0.0627250000834465,0.9943515658378601,0.08561840653419495,-0.2911037504673004,-0.06382894515991211,0.954559862613678],"EasingStyle":"Linear","EasingDirection":"In"},"Right Leg":{"Weight":1,"CFrame":[0.21246787905693055,0.13927555084228517,0.13984286785125733,0.908434271812439,0.060332752764225009,-0.41365092992782595,-0.06728865206241608,0.9977310299873352,-0.002251741709187627,0.4125765562057495,0.029879506677389146,0.910432755947113],"EasingStyle":"Linear","EasingDirection":"In"},"Head":{"Weight":1,"CFrame":[8.987262845039368e-8,1.3620592653751374e-8,0.016661763191223146,0.9999746680259705,0.0012205097591504455,-0.007014203350991011,-0.0007643310236744583,0.9979057908058167,0.06467966735363007,0.007078454829752445,-0.06467270851135254,0.9978814125061035],"EasingStyle":"Linear","EasingDirection":"In"},"Torso":{"Weight":1,"CFrame":[0.031349003314971927,-0.12183323502540589,-0.15371155738830567,0.9995215535163879,-0.01013914030045271,0.02922145463526249,0.014361250214278698,0.9888659119606018,-0.14811474084854127,-0.02739434503018856,0.14846353232860566,0.988538384437561],"EasingStyle":"Linear","EasingDirection":"In"},"HumanoidRootPart":{"Weight":0,"CFrame":[0,0,0,1,0,0,0,1,0,0,0,1],"EasingStyle":"Linear","EasingDirection":"In"},"Right Arm":{"Weight":1,"CFrame":[-0.07318729162216187,0.2822469472885132,0.6017013788223267,0.046820010989904407,0.38049986958503725,-0.9235950112342835,0.9427938461303711,-0.3223555088043213,-0.08500974625349045,-0.33007216453552248,-0.8667795062065125,-0.3738255500793457],"EasingStyle":"Linear","EasingDirection":"In"},"Left Arm":{"Weight":1,"CFrame":[-0.14091408252716065,-0.5494325160980225,0.00852954387664795,-0.3676844537258148,0.6782034039497376,0.6362766027450562,-0.9245105981826782,-0.3404785692691803,-0.17133161425590516,0.10044082999229431,-0.6512407064437866,0.7521951198577881],"EasingStyle":"Linear","EasingDirection":"In"},"Knife":