{"Sequence":[{"Time":0,"poses":{"Left Leg":{"Weight":1,"CFrame":[-0.4878165125846863,0.2682355046272278,0.13549089431762696,0.8164639472961426,-0.4839523136615753,0.3149237632751465,0.3892848491668701,0.8641958236694336,0.3187834620475769,-0.4264318645000458,-0.13768011331558228,0.8939799666404724],"EasingStyle":"Linear","EasingDirection":"In"},"Right Arm":{"Weight":1,"CFrame":[0.13566413521766663,-0.1818046271800995,-0.08191227912902832,0.8817949891090393,0.37973570823669436,-0.27971163392066958,-0.3823821246623993,0.9227921366691589,0.04731427878141403,0.2760825753211975,0.06523512303829193,0.9589175581932068],"EasingStyle":"Linear","EasingDirection":"In"},"Head":{"Weight":1,"CFrame":[1.3317912817001344e-7,-2.2351741790771486e-8,-1.1920928955078126e-7,0.9889028668403626,-0.14801090955734254,-0.012804935686290264,0.14596757292747498,0.9840487241744995,-0.10169431567192078,0.027652565389871599,0.09869669377803803,0.9947333335876465],"EasingStyle":"Linear","EasingDirection":"In"},"Right Leg":{"Weight":1,"CFrame":[0.3577888011932373,-0.47801339626312258,0.13326239585876466,0.05184948816895485,0.9488301277160645,-0.31150150299072268,-0.9986119270324707,0.04636629298329353,-0.024988243356347085,-0.009266359731554985,0.312364786863327,0.9499170184135437],"EasingStyle":"Linear","EasingDirection":"In"},"Torso":{"Weight":1,"CFrame":[0.13533058762550355,0.03139562904834747,-0.20624160766601563,0.9747592210769653,0.11871779710054398,0.18907812237739564,-0.1283031404018402,0.9909582138061523,0.039244528859853747,-0.1827094852924347,-0.06251327693462372,0.9811775088310242],"EasingStyle":"Linear","EasingDirection":"In"},"HumanoidRootPart":{"Weight":1,"CFrame":[0,0,0,1,0,0,0,1,0,0,0,1],"EasingStyle":"Linear","EasingDirection":"In"},"Left Arm":{"Weight":1,"CFrame":[-0.6102789640426636,-0.4057167172431946,-0.7060462832450867,-0.2153937816619873,0.05962790548801422,-0.974705159664154,-0.6615198850631714,0.7253136038780212,0.19055630266666413,0.7183293104171753,0.6858315467834473,-0.11678308993577957],"EasingStyle":"Linear","EasingDirection":"In"}}},{"Time":0.03333333507180214,"poses":{"Left Leg":{"Weight":1,"CFrame":[-0.5191718339920044,0.257484495639801,0.14745736122131349,0.7913984656333923,-0.526023805141449,0.311428040266037,0.43453124165534975,0.8424035906791687,0.3186517357826233,-0.429966539144516,-0.11685536801815033,0.8952506184577942],"EasingStyle":"Linear","EasingDirection":"In"},"Right Arm":{"Weight":1,"CFrame":[0.1285369098186493,-0.2155744731426239,-0.07383209466934204,0.8343920707702637,0.39795270562171938,-0.3813445270061493,-0.395769864320755,0.9141254425048828,0.08798208087682724,0.38360947370529177,0.07751304656267166,0.9202366471290588],"EasingStyle":"Linear","EasingDirection":"In"},"Head":{"Weight":1,"CFrame":[2.1886080503463746e-8,-4.0978193283081057e-8,1.1920928955078126e-7,0.9779143333435059,-0.20838628709316255,0.016088267788290979,0.20895634591579438,0.9730947017669678,-0.09707750380039215,0.004574187565594912,0.09829524159431458,0.9951468110084534],"EasingStyle":"Linear","EasingDirection":"In"},"Right Leg":{"Weight":1,"CFrame":[0.3812166452407837,-0.5321048498153687,0.15999972820281983,-0.08829573541879654,0.957146406173706,-0.2758164405822754,-0.9960857033729553,-0.08369215577840805,0.028440752997994424,0.004138312302529812,0.27724799513816836,0.9607895016670227],"EasingStyle":"Linear","EasingDirection":"In"},"Torso":{"Weight":1,"CFrame":[0.14021390676498414,0.00749361515045166,-0.23567461967468263,0.9709427952766419,0.14951129257678986,0.1868598908185959,-0.15892058610916139,0.9866220951080322,0.036346033215522769,-0.17892596125602723,-0.06498579680919647,0.9817140698432922],"EasingStyle":"Linear","EasingDirection":"In"},"HumanoidRootPart":{"Weight":1,"CFrame":[0,0,0,1,0,0,0,1,0,0,0,1],"EasingStyle":"Linear","EasingDirection":"In"},"Left Arm":{"Weight":1,"CFrame":[-0.6186254620552063,-0.4344923496246338,-0.8240153193473816,-0.23968976736068726,0.07291082292795181,-0.9681078791618347,-0.7059281468391419,0.6714786291122437,0.22534865140914918,0.6664940118789673,0.7374284267425537,-0.10947681963443756],"EasingStyle":"Linear","EasingDirection":"In"}}},{"Time":0.06666667014360428,"poses":{"Left Leg":{"Weight":1,"CFrame":[-0.5591487288475037,0.23753827810287476,0.16068994998931886,0.7649038434028626,-0.5687481164932251,0.30240315198898318,0.48789021372795107,0.8180680274963379,0.304512619972229,-0.42057740688323977,-0.0853833258152008,0.9032300114631653],"EasingStyle":"Linear","EasingDirection":"In"},"Right Arm":{"Weight":1,"CFrame":[0.10854969173669815,-0.2898678183555603,-0.05605602264404297,0.7991704344749451,0.40869852900505068,-0.4407859146595001,-0.39155635237693789,0.9103239178657532,0.13414178788661958,0.45608168840408327,0.06539032608270645,0.8875324130058289],"EasingStyle":"Linear","EasingDirection":"In"},"Head":{"Weight":1,"CFrame":[1.4272518455982209e-7,-2.60770320892334e-8,2.384185791015625e-7,0.9610052108764648,-0.2725822627544403,0.0465606190264225,0.2757359445095062,0.9573166966438294,-0.08668631315231323,-0.02094409614801407,0.09614443778991699,0.9951471090316773],"EasingStyle":"Linear","EasingDirection":"In"},"Right Leg":{"Weight":1,"CFrame":[0.4052741825580597,-0.5306367874145508,0.22498023509979249,-0.21239127218723298,0.9525991678237915,-0.21781854331493379,-0.972073495388031,-0.18319562077522279,0.14667192101478578,0.09981617331504822,0.242887482047081,0.9649054408073425],"EasingStyle":"Linear","EasingDirection":"In"},"Torso":{"Weight":1,"CFrame":[0.1456359326839447,-0.01575908064842224,-0.27406787872314455,0.9669399261474609,0.1829870045185089,0.1776033639907837,-0.1916668713092804,0.9809097051620483,0.032863229513168338,-0.1681993156671524,-0.0658174455165863,0.9835532903671265],"EasingStyle":"Linear","EasingDirection":"In"},"HumanoidRootPart":{"Weight":1,"CFrame":[0,0,0,1,0,0,0,1,0,0,0,1],"EasingStyle":"Linear","EasingDirection":"In"},"Left Arm":{"Weight":1,"CFrame":[-0.6216403245925903,-0.45166319608688357,-0.9397348165512085,-0.2558385133743286,0.1023985743522644,-0.9612810015678406,-0.7414093017578125,0.6173332929611206,0.2630813419818878,0.6203700304031372,0.7800090312957764,-0.08201851695775986],"EasingStyle":"Linear","EasingDirection":"In"}}},{"Time":0.10000000149011612,"poses":{"Left Leg":{"Weight":1,"CFrame":[-0.5717889666557312,0.19785743951797486,0.17081820964813233,0.747900664806366,-0.5949297547340393,0.2944541573524475,0.5291333198547363,0.802148163318634,0.27672427892684939,-0.4008273482322693,-0.05115677788853645,0.9147242307662964],"EasingStyle":"Linear","EasingDirection":"In"},"Right Arm":{"Weight":1,"CFrame":[0.07779434323310852,-0.3641619086265564,-0.038279950618743899,0.7726565599441528,0.4155373275279999,-0.47992783784866335,-0.38071465492248537,0.908272922039032,0.17348356544971467,0.5079942941665649,0.04867234826087952,0.8599841594696045],"EasingStyle":"Linear","EasingDirection":"In"},"Head":{"Weight":1,"CFrame":[1.4225952327251435e-7,-3.259629011154175e-8,0,0.9377468824386597,-0.33860647678375246,0.07730858772993088,0.3439364433288574,0.9363085031509399,-0.07095173746347428,-0.048359986394643787,0.09312399476766586,0.9944794774055481],"EasingStyle":"Linear","EasingDirection":"In"},"Right Leg":{"Weight":1,"CFrame":[0.4929268956184387,-0.4478236436843872,0.2976851463317871,-0.2458914965391159,0.9611796140670776,-0.1251850426197052,-0.932370662689209,-0.19923485815525056,0.301645964384079,0.2649947702884674,0.19089101254940034,0.9451658725738525],"EasingStyle":"Linear","EasingDirection":"In"},"Torso":{"Weight":1,"CFrame":[0.13872849941253663,-0.03803861141204834,-0.29126882553100588,0.9612945318222046,0.2253836840391159,0.15847766399383546,-0.23249763250350953,0.9722042679786682,0.0276359710842371,-0.14784397184848786,-0.06341198086738587,0.9869757294654846],"EasingStyle":"Linear","EasingDirection":"In"},"HumanoidRootPart":{"Weight":1,"CFrame":[0,0,0,1,0,0,0,1,0,0,0,1],"EasingStyle":"Linear","EasingDirection":"In"},"Left Arm":{"Weight":1,"CFrame":[-0.6222749948501587,-0.46109849214553835,-1.0445529222488404,-0.26495659351348879,0.12870164215564729,-0.9556326866149902,-0.7631796002388,0.5777543187141419,0.2894076108932495,0.5893682241439819,0.8059999346733093,-0.05485743656754494],"EasingStyle":"Linear","EasingDirection":"In"}}},{"Time":0.13333334028720857,"poses":{"Left Leg":{"Weight":1,"CFrame":[-0.5378824472427368,0.14132535457611085,0.17518258094787599,0.7464449405670166,-0.5966638922691345,0.2946391701698303,0.5469703078269959,0.8023058176040649,0.2390168160200119,-0.3790034353733063,-0.017254048958420755,0.9252343773841858],"EasingStyle":"Linear","EasingDirection":"In"},"Right Arm":{"Weight":1,"CFrame":[0.038362592458724979,-0.39793145656585696,-0.030199885368347169,0.747822105884552,0.4188814163208008,-0.5150733590126038,-0.3735654354095459,0.90684974193573,0.19512160122394563,0.5488269925117493,0.046497441828250888,0.8346418142318726],"EasingStyle":"Linear","EasingDirection":"In"},"Head":{"Weight":1,"CFrame":[7.264316082000733e-8,-4.470348358154297e-8,5.960464477539063e-7,0.9083254337310791,-0.4043344259262085,0.10704474151134491,0.4111189544200897,0.9101778268814087,-0.05057354271411896,-0.07698113471269608,0.08994535356760025,0.9929671883583069],"EasingStyle":"Linear","EasingDirection":"In"},"Right Leg":{"Weight":1,"CFrame":[0.7312161326408386,-0.283169150352478,0.2796717882156372,-0.05872303247451782,0.9968119263648987,-0.05401520058512688,-0.9241160154342651,-0.033815812319517139,0.380612850189209,0.3775728940963745,0.07226695865392685,0.923155665397644],"EasingStyle":"Linear","EasingDirection":"In"},"Torso":{"Weight":1,"CFrame":[0.10593122243881226,-0.05851684510707855,-0.27573466300964358,0.9509086012840271,0.28254351019859316,0.1262616515159607,-0.28722083568573,0.9576528668403626,0.0201344583183527,-0.11522596329450607,-0.05541101470589638,0.991792619228363],"EasingStyle":"Linear","EasingDirection":"In"},"HumanoidRootPart":{"Weight":1,"CFrame":[0,0,0,1,0,0,0,1,0,0,0,1],"EasingStyle":"Linear","EasingDirection":"In"},"Left Arm":{"Weight":1,"CFrame":[-0.6229097247123718,-0.46619611978530886,-1.1298584938049317,-0.2730095684528351,0.15488988161087037,-0.9494603276252747,-0.7616084218025208,0.5681615471839905,0.3116810917854309,0.5877230763435364,0.8082089424133301,-0.03714824095368385],"EasingStyle":"Linear","EasingDirection":"In"}}},{"Time":0.1666666716337204,"poses":{"Left Leg":{"Weight":1,"CFrame":[-0.5333228707313538,0.10450661182403565,0.18876302242279054,0.7332597374916077,-0.60801100730896,0.30438897013664248,0.5747043490409851,0.7934359908103943,0.2004351168870926,-0.36337992548942568,0.02796262875199318,0.9312214255332947],"EasingStyle":"Linear","EasingDirection":"In"},"Right Arm":{"Weight":1,"CFrame":[-0.007339455187320709,-0.35693779587745669,-0.03349578380584717,0.7156453132629395,0.41978615522384646,-0.5582395195960999,-0.3791780173778534,0.9047091007232666,0.19423086941242219,0.5865798592567444,0.0726718083024025,0.8066245317459106],"EasingStyle":"Linear","EasingDirection":"In"},"Head":{"Weight":1,"CFrame":[9.313225746154785e-8,-1.4901161193847657e-8,1.1920928955078126e-7,0.8736191391944885,-0.4676264822483063,0.1345929354429245,0.47493070363998415,0.8796225190162659,-0.026552405208349229,-0.10597437620162964,0.08711902052164078,0.9905451536178589],"EasingStyle":"Linear","EasingDirection":"In"},"Right Leg":{"Weight":1,"CFrame":[0.9431090354919434,0.049919307231903079,0.1522308588027954,0.35931986570358279,0.9324342012405396,-0.038155440241098407,-0.8486063480377197,0.3434807360172272,0.402353435754776,0.3882737457752228,-0.1121947392821312,0.9146889448165894],"EasingStyle":"Linear","EasingDirection":"In"},"Torso":{"Weight":1,"CFrame":[0.046197712421417239,-0.07858358323574066,-0.2496025562286377,0.9308599233627319,0.35701727867126467,0.07770878076553345,-0.3586047291755676,0.9334628582000732,0.00705646863207221,-0.07001897692680359,-0.03443531319499016,0.9969512224197388],"EasingStyle":"Linear","EasingDirection":"In"},"HumanoidRootPart":{"Weight":1,"CFrame":[0,0,0,1,0,0,0,1,0,0,0,1],"EasingStyle":"Linear","EasingDirection":"In"},"Left Arm":{"Weight":1,"CFrame":[-0.6236396431922913,-0.4684821665287018,-1.1872053146362305,-0.28677359223365786,0.20509864389896394,-0.9357860684394836,-0.753412127494812,0.5550561547279358,0.3525378406047821,0.5917189121246338,0.8061310052871704,-0.0046517690643668179],"EasingStyle":"Linear","EasingDirection":"In"}}},{"Time":0.20000000298023225,"poses":{"Left Leg":{"Weight":1,"CFrame":[-0.6003848314285278,0.10892277956008911,0.21476125717163087,0.6992151737213135,-0.6437178254127502,0.31100746989250185,0.6230564713478088,0.7620172500610352,0.1764380931854248,-0.3505694568157196,0.070406973361969,0.9338864684104919],"EasingStyle":"Linear","EasingDirection":"In"},"Right Arm":{"Weight":1,"CFrame":[-0.05564833804965019,-0.2667520046234131,-0.04074668884277344,0.6745294332504273,0.4181852638721466,-0.6083841323852539,-0.39809200167655947,0.9000498056411743,0.17729365825653077,0.6217176914215088,0.12260305881500244,0.7735862731933594],"EasingStyle":"Linear","EasingDirection":"In"},"Head":{"Weight":1,"CFrame":[8.009374141693115e-8,-1.7695128917694093e-8,-2.980232238769531e-7,0.8351944088935852,-0.5264729857444763,0.15898622572422028,0.5332788825035095,0.845939576625824,-0.00017157361435238272,-0.13440236449241639,0.08492730557918549,0.9872807860374451],"EasingStyle":"Linear","EasingDirection":"In"},"Right Leg":{"Weight":1,"CFrame":[0.7060712575912476,0.47755521535873415,0.18918025493621827,0.7214635014533997,0.6175781488418579,-0.31318923830986025,-0.4642771780490875,0.7669890522956848,0.4429161548614502,0.5137481689453125,-0.17414119839668275,0.840082049369812],"EasingStyle":"Linear","EasingDirection":"In"},"Torso":{"Weight":1,"CFrame":[-0.03047563135623932,-0.09508655965328217,-0.23873615264892579,0.8979942798614502,0.43977850675582888,0.014181755483150483,-0.4396865665912628,0.8981039524078369,-0.009222663938999176,-0.016792617738246919,0.002046372042968869,0.9998570084571838],"EasingStyle":"Linear","EasingDirection":"In"},"HumanoidRootPart":{"Weight":1,"CFrame":[0,0,0,1,0,0,0,1,0,0,0,1],"EasingStyle":"Linear","EasingDirection":"In"},"Left Arm":{"Weight":1,"CFrame":[-0.6239888668060303,-0.46901005506515505,-1.2081888914108277,-0.31098857522010805,0.2896746098995209,-0.9051932692527771,-0.7728219628334045,0.4772956967353821,0.4182524085044861,0.5532019734382629,0.8296249508857727,0.07543325424194336],"EasingStyle":"Linear","EasingDirection":"In"}}},{"Time":0.23333333432674409,"poses":{"Left Leg":{"Weight":1,"CFrame":[-0.6741746664047241,0.14988446235656739,0.2204134464263916,0.6771265864372253,-0.6720989942550659,0.2996375262737274,0.6491830348968506,0.7373310327529907,0.18682678043842317,-0.34649813175201418,0.06801427900791168,0.9355817437171936],"EasingStyle":"Linear","EasingDirection":"In"},"Right Arm":{"Weight":1,"CFrame":[-0.10258655250072479,-0.17656540870666505,-0.04799771308898926,0.6282682418823242,0.41225409507751467,-0.6597921848297119,-0.4273814558982849,0.891526460647583,0.15008544921875,0.6500954627990723,0.18768899142742158,0.7363073825836182],"EasingStyle":"Linear","EasingDirection":"In"},"Head":{"Weight":1,"CFrame":[1.0058283805847168e-7,-3.3527612686157229e-8,-1.7881393432617188e-7,0.7952174544334412,-0.5791317820549011,0.1795424371957779,0.5844818949699402,0.810955286026001,0.02706698700785637,-0.1612762212753296,0.08341517299413681,0.9833778142929077],"EasingStyle":"Linear","EasingDirection":"In"},"Right Leg":{"Weight":1,"CFrame":[0.32123634219169619,0.5582314729690552,0.18813538551330567,0.8255281448364258,0.181247740983963,-0.5344648361206055,-0.01158976461738348,0.9522712826728821,0.3050329387187958,0.5642420053482056,-0.24561893939971925,0.788227379322052],"EasingStyle":"Linear","EasingDirection":"In"},"Torso":{"Weight":1,"CFrame":[-0.12073668092489243,-0.10169938206672669,-0.24779081344604493,0.8526982069015503,0.5190281271934509,-0.059292737394571307,-0.520882248878479,0.8533770442008972,-0.020724045112729074,0.03984268754720688,0.0485558919608593,0.9980255961418152],"EasingStyle":"Linear","EasingDirection":"In"},"HumanoidRootPart":{"Weight":1,"CFrame":[0,0,0,1,0,0,0,1,0,0,0,1],"EasingStyle":"Linear","EasingDirection":"In"},"Left Arm":{"Weight":1,"CFrame":[-0.6208834648132324,-0.4196988046169281,-0.873304009437561,-0.39032477140426638,0.41798046231269839,-0.8203285932540894,-0.8236527442932129,0.23960301280021668,0.5139909982681274,0.41139134764671328,0.8762893080711365,0.2507476210594177],"EasingStyle":"Linear","EasingDirection":"In"}}},{"Time":0.2666666805744171,"poses":{"Left Leg":{"Weight":1,"CFrame":[-0.709043025970459,0.20112836360931397,0.18055319786071778,0.6936037540435791,-0.6715672016143799,0.26059821248054507,0.6258339285850525,0.7409201264381409,0.24365805089473725,-0.3567154109477997,-0.005910702981054783,0.9341945648193359],"EasingStyle":"Linear","EasingDirection":"In"},"Right Arm":{"Weight":1,"CFrame":[-0.14417631924152375,-0.13557130098342896,-0.05129355192184448,0.5820766091346741,0.4018914997577667,-0.7068735957145691,-0.46319225430488589,0.8783701062202454,0.11797848343849182,0.6683111786842346,0.25874581933021548,0.6974316835403442],"EasingStyle":"Linear","EasingDirection":"In"},"Head":{"Weight":1,"CFrame":[1.341104507446289e-7,-1.4901161193847657e-8,0,0.7562940120697022,-0.6242145895957947,0.19589704275131226,0.6273506879806519,0.7768945693969727,0.05353483557701111,-0.18560855090618134,0.08240805566310883,0.9791621565818787],"EasingStyle":"Linear","EasingDirection":"In"},"Right Leg":{"Weight":1,"CFrame":[0.18143205344676972,0.5082614421844482,0.11187493801116944,0.851996660232544,-0.13312698900699616,-0.5063387155532837,0.2941281199455261,0.9217930436134338,0.25255948305130007,0.4331170916557312,-0.3641083240509033,0.8245209455490112],"EasingStyle":"Linear","EasingDirection":"In"},"Torso":{"Weight":1,"CFrame":[-0.21954716742038728,-0.0954703837633133,-0.2829294204711914,0.7990651726722717,0.5857623815536499,-0.1355629861354828,-0.5935497283935547,0.8044829964637756,-0.022491931915283204,0.09588318318128586,0.0984358862042427,0.9905133843421936],"EasingStyle":"Linear","EasingDirection":"In"},"HumanoidRootPart":{"Weight":1,"CFrame":[0,0,0,1,0,0,0,1,0,0,0,1],"EasingStyle":"Linear","EasingDirection":"In"},"Left Arm":{"Weight":1,"CFrame":[-0.5991460680961609,-0.3703867197036743,-0.26497882604599,-0.4667569100856781,0.5441318154335022,-0.6971789598464966,-0.8332095146179199,-0.006286978255957365,0.552921712398529,0.2964792251586914,0.838976263999939,0.4563102424144745],"EasingStyle":"Linear","EasingDirection":"In"}}},{"Time":0.30000001192092898,"poses":{"Left Leg":{"Weight":1,"CFrame":[-0.5172557830810547,0.1700441837310791,0.11340618133544922,0.8132253289222717,-0.534318745136261,0.23058214783668519,0.47114959359169009,0.8370784521102905,0.2780607044696808,-0.34158846735954287,-0.1174873560667038,0.9324774742126465],"EasingStyle":"Linear","EasingDirection":"In"},"Right Arm":{"Weight":1,"CFrame":[-0.17709703743457795,-0.14288407564163209,-0.04938781261444092,0.5416804552078247,0.3890398144721985,-0.7451378107070923,-0.5005357265472412,0.861443817615509,0.08589736372232437,0.6753119230270386,0.32643917202949526,0.66135573387146],"EasingStyle":"Linear","EasingDirection":"In"},"Head":{"Weight":1,"CFrame":[1.2665987014770509e-7,-1.4901161193847657e-8,-3.5762786865234377e-7,0.721270740032196,-0.6606917381286621,0.20797857642173768,0.6611708998680115,0.7462138533592224,0.07757525891065598,-0.20644976198673249,0.08155660331249237,0.9750522971153259],"EasingStyle":"Linear","EasingDirection":"In"},"Right Leg":{"Weight":1,"CFrame":[0.18038247525691987,0.537426233291626,0.05397236347198486,0.8515779972076416,-0.2978735566139221,-0.4313771724700928,0.4439951777458191,0.8473232984542847,0.2913956046104431,0.278717041015625,-0.43967556953430178,0.8538164496421814],"EasingStyle":"Linear","EasingDirection":"In"},"Torso":{"Weight":1,"CFrame":[-0.3206777572631836,-0.07771354168653488,-0.34599924087524416,0.7433761954307556,0.6363749504089356,-0.20595842599868775,-0.652779757976532,0.7573800683021545,-0.015940869227051736,0.1458444446325302,0.14629554748535157,0.9784309267997742],"EasingStyle":"Linear","EasingDirection":"In"},"HumanoidRootPart":{"Weight":1,"CFrame":[0,0,0,1,0,0,0,1,0,0,0,1],"EasingStyle":"Linear","EasingDirection":"In"},"Left Arm":{"Weight":1,"CFrame":[-0.41170305013656618,-0.40210577845573428,0.13864374160766602,-0.437984824180603,0.6912059783935547,-0.574807345867157,-0.8368422389030457,-0.0798860415816307,0.5415841341018677,0.32842716574668887,0.7182286977767944,0.6134192943572998],"EasingStyle":"Linear","EasingDirection":"In"}}},{"Time":0.3333333432674408,"poses":{"Left Leg":{"Weight":1,"CFrame":[-0.18372854590415955,0.1247633695602417,0.044214725494384769,0.9140710830688477,-0.33324092626571658,0.2311377078294754,0.26982685923576357,0.925200879573822,0.26682713627815249,-0.3027665317058563,-0.1815318465232849,0.935616672039032],"EasingStyle":"Linear","EasingDirection":"In"},"Right Arm":{"Weight":1,"CFrame":[-0.20065590739250184,-0.16101807355880738,-0.04519498348236084,0.5105358958244324,0.37633681297302248,-0.7731260061264038,-0.5335639715194702,0.843743085861206,0.058370716869831088,0.6742867827415466,0.38271185755729678,0.631560742855072],"EasingStyle":"Linear","EasingDirection":"In"},"Head":{"Weight":1,"CFrame":[5.21540641784668e-8,-5.587935447692871e-8,-1.7881393432617188e-7,0.693035364151001,-0.687805712223053,0.21592916548252107,0.6855794191360474,0.7214277982711792,0.09758468717336655,-0.22289665043354035,0.08040694892406464,0.9715203642845154],"EasingStyle":"Linear","EasingDirection":"In"},"Right Leg":{"Weight":1,"CFrame":[0.26045477390289309,0.6685841083526611,-0.01126110553741455,0.869032621383667,-0.34266337752342226,-0.35688117146492007,0.463814914226532,0.8153276443481445,0.346578449010849,0.17221547663211823,-0.46671468019485476,0.8674786686897278],"EasingStyle":"Linear","EasingDirection":"In"},"Torso":{"Weight":1,"CFrame":[-0.4188450574874878,-0.05200318992137909,-0.42479920387268069,0.6936118602752686,0.6706423163414002,-0.2629477083683014,-0.6961329579353333,0.7178932428359985,-0.005310880020260811,0.18520669639110566,0.1867302656173706,0.9647954702377319],"EasingStyle":"Linear","EasingDirection":"In"},"HumanoidRootPart":{"Weight":1,"CFrame":[0,0,0,1,0,0,0,1,0,0,0,1],"EasingStyle":"Linear","EasingDirection":"In"},"Left Arm":{"Weight":1,"CFrame":[-0.08709141612052918,-0.4641057252883911,0.3248175382614136,-0.35274937748908999,0.8136918544769287,-0.4620319902896881,-0.8445757627487183,-0.0643065869808197,0.531560480594635,0.40281474590301516,0.5777286291122437,0.7099083662033081],"EasingStyle":"Linear","EasingDirection":"In"}}},{"Time":0.36666667461395266,"poses":{"Left Leg":{"Weight":1,"CFrame":[-0.20209045708179475,0.12328213453292847,0.051783084869384769,0.8992164731025696,-0.3674250543117523,0.23750463128089906,0.30076855421066286,0.9133973121643066,0.27430590987205508,-0.31772300601005556,-0.17522643506526948,0.9318518042564392],"EasingStyle":"Linear","EasingDirection":"In"},"Right Arm":{"Weight":1,"CFrame":[-0.21481752395629884,-0.18426916003227235,-0.04100215435028076,0.49075132608413699,0.3667660355567932,-0.7903454303741455,-0.5568755269050598,0.8296689391136169,0.03923209756612778,0.6701140999794006,0.4208708107471466,0.6114040613174439],"EasingStyle":"Linear","EasingDirection":"In"},"Head":{"Weight":1,"CFrame":[1.3690441846847535e-7,2.514570951461792e-8,0,0.6743395924568176,-0.704894483089447,0.21997717022895814,0.7003419399261475,0.7049559950828552,0.11206306517124176,-0.23406685888767243,0.07849067449569702,0.969046950340271],"EasingStyle":"Linear","EasingDirection":"In"},"Right Leg":{"Weight":1,"CFrame":[0.3165814280509949,0.8015447854995728,-0.07736939191818237,0.8876833319664002,-0.34184131026268008,-0.30848461389541628,0.44296061992645266,0.8168919682502747,0.36942318081855776,0.12571455538272859,-0.4645772874355316,0.8765637278556824],"EasingStyle":"Linear","EasingDirection":"In"},"Torso":{"Weight":1,"CFrame":[-0.5102109909057617,-0.02252630516886711,-0.5055058002471924,0.6582274436950684,0.6901351809501648,-0.30074939131736758,-0.7226735353469849,0.6911755800247192,0.004392239265143871,0.21090184152126313,0.2144525796175003,0.9536930918693543],"EasingStyle":"Linear","EasingDirection":"In"},"HumanoidRootPart":{"Weight":1,"CFrame":[0,0,0,1,0,0,0,1,0,0,0,1],"EasingStyle":"Linear","EasingDirection":"In"},"Left Arm":{"Weight":1,"CFrame":[0.12990650534629823,-0.5066543221473694,0.39714574813842776,-0.3015854060649872,0.8591798543930054,-0.41334763169288638,-0.8465529084205627,-0.041856639087200168,0.5306566953659058,0.43862807750701907,0.5099588632583618,0.7399643659591675],"EasingStyle":"Linear","EasingDirection":"In"}}},{"Time":0.4000000059604645,"poses":{"Left Leg":{"Weight":1,"CFrame":[-0.20206527411937715,0.13933342695236207,0.05196702480316162,0.884589672088623,-0.3959313631057739,0.24645397067070008,0.3133326768875122,0.8959671258926392,0.31474679708480837,-0.34543275833129885,-0.2011997103691101,0.9166215658187866],"EasingStyle":"Linear","EasingDirection":"In"},"Right Arm":{"Weight":1,"CFrame":[-0.21954597532749177,-0.206931471824646,-0.03909647464752197,0.48384881019592287,0.36309540271759035,-0.7962740659713745,-0.5656788349151611,0.8240041136741638,0.03201035037636757,0.6677559018135071,0.4349471926689148,0.604088544845581],"EasingStyle":"Linear","EasingDirection":"In"},"Head":{"Weight":1,"CFrame":[2.7939677238464357e-8,5.587935447692871e-9,-2.980232238769531e-7,0.6676421165466309,-0.7111493349075317,0.22027373313903809,0.7050603032112122,0.6989826560020447,0.11963807046413422,-0.2390480786561966,0.07543085515499115,0.9680734872817993],"EasingStyle":"Linear","EasingDirection":"In"},"Right Leg":{"Weight":1,"CFrame":[0.35082000494003298,0.8961305022239685,-0.12827283143997193,0.908524215221405,-0.321311891078949,-0.26710012555122378,0.4052865505218506,0.833145797252655,0.376312255859375,0.10161982476711273,-0.45014089345932009,0.8871564269065857],"EasingStyle":"Linear","EasingDirection":"In"},"Torso":{"Weight":1,"CFrame":[-0.5917198657989502,0.006788639351725578,-0.5738482475280762,0.644952118396759,0.6965159773826599,-0.3144874572753906,-0.7318056225776672,0.6814606189727783,0.008485793136060238,0.22022132575511933,0.22467072308063508,0.9492236971855164],"EasingStyle":"Linear","EasingDirection":"In"},"HumanoidRootPart":{"Weight":1,"CFrame":[0,0,0,1,0,0,0,1,0,0,0,1],"EasingStyle":"Linear","EasingDirection":"In"},"Left Arm":{"Weight":1,"CFrame":[0.19084356725215913,-0.5191763639450073,0.4417775869369507,-0.3096390962600708,0.851265549659729,-0.42363977432250979,-0.8426649570465088,-0.03926564380526543,0.5370047688484192,0.44049912691116335,0.5232639312744141,0.7294896841049194],"EasingStyle":"Linear","EasingDirection":"In"}}},{"Time":0.4333333373069763,"poses":{"Left Leg":{"Weight":1,"CFrame":[-0.1537034511566162,0.17069655656814576,0.032999277114868167,0.8883748054504395,-0.38624972105026247,0.2481963187456131,0.2806355357170105,0.8846781253814697,0.37227463722229006,-0.3633648753166199,-0.2610665559768677,0.8943211436271668],"EasingStyle":"Linear","EasingDirection":"In"},"Right Arm":{"Weight":1,"CFrame":[-0.2192499339580536,-0.22494527697563172,-0.03940737247467041,0.49062836170196535,0.36417368054389956,-0.7916195392608643,-0.5650075078010559,0.8245705962181091,0.02915319614112377,0.6633629202842712,0.4329674243927002,0.6103185415267944],"EasingStyle":"Linear","EasingDirection":"In"},"Head":{"Weight":1,"CFrame":[1.0058283805847168e-7,-2.2351741790771486e-8,2.384185791015625e-7,0.6783296465873718,-0.7031181454658508,0.21329286694526673,0.6962874531745911,0.707832932472229,0.11898083984851837,-0.23463335633277894,0.06780495494604111,0.9697163105010986],"EasingStyle":"Linear","EasingDirection":"In"},"Right Leg":{"Weight":1,"CFrame":[0.38035058975219729,0.9564279317855835,-0.15036332607269288,0.9310245513916016,-0.2773064970970154,-0.23726457357406617,0.35009875893592837,0.8622349500656128,0.36603519320487978,0.10307393968105316,-0.4238537847995758,0.8998465538024902],"EasingStyle":"Linear","EasingDirection":"In"},"Torso":{"Weight":1,"CFrame":[-0.6703326106071472,0.03501954302191734,-0.6200852394104004,0.655185341835022,0.6876009106636047,-0.31294938921928408,-0.7225500345230103,0.6912912130355835,0.006161574739962816,0.22057588398456574,0.22208458185195924,0.9497498273849487],"EasingStyle":"Linear","EasingDirection":"In"},"HumanoidRootPart":{"Weight":1,"CFrame":[0,0,0,1,0,0,0,1,0,0,0,1],"EasingStyle":"Linear","EasingDirection":"In"},"Left Arm":{"Weight":1,"CFrame":[0.219874769449234,-0.5256063938140869,0.47504591941833498,-0.3265378773212433,0.8332574367523193,-0.4461560547351837,-0.8340797424316406,-0.03198723867535591,0.5507158637046814,0.44461676478385928,0.5519591569900513,0.7054480314254761],"EasingStyle":"Linear","EasingDirection":"In"}}},{"Time":0.46666666865348818,"poses":{"Left Leg":{"Weight":1,"CFrame":[-0.16919223964214326,0.18883496522903443,0.03944694995880127,0.8829478025436401,-0.393748939037323,0.2556661069393158,0.2798722982406616,0.8786984086036682,0.38673049211502077,-0.3769281506538391,-0.2699090540409088,0.8860443234443665],"EasingStyle":"Linear","EasingDirection":"In"},"Right Arm":{"Weight":1,"CFrame":[-0.21846935153007508,-0.23848330974578858,-0.0402488112449646,0.5090532302856445,0.3670463263988495,-0.7785512804985046,-0.5630432367324829,0.8261517882347107,0.021343380212783815,0.6510355472564697,0.427493155002594,0.6272180080413818],"EasingStyle":"Linear","EasingDirection":"In"},"Head":{"Weight":1,"CFrame":[-7.450580596923828e-9,-3.725290298461914e-9,-1.1920928955078126e-7,0.7074661254882813,-0.6788252592086792,0.196692556142807,0.6718334555625916,0.7323393225669861,0.11099064350128174,-0.2193889170885086,0.053622543811798099,0.9741628766059876],"EasingStyle":"Linear","EasingDirection":"In"},"Right Leg":{"Weight":1,"CFrame":[0.41193270683288576,0.9826498627662659,-0.14409148693084718,0.9505460858345032,-0.2172410935163498,-0.2219652384519577,0.28482764959335329,0.8946879506111145,0.3441028296947479,0.1238364651799202,-0.3903074562549591,0.9123183488845825],"EasingStyle":"Linear","EasingDirection":"In"},"Torso":{"Weight":1,"CFrame":[-0.7516492605209351,0.06321316212415695,-0.6366267204284668,0.6833545565605164,0.661900520324707,-0.308081716299057,-0.6958487629890442,0.7181882858276367,-0.0004615983343683183,0.22095514833927155,0.21469368040561677,0.9513598084449768],"EasingStyle":"Linear","EasingDirection":"In"},"HumanoidRootPart":{"Weight":1,"CFrame":[0,0,0,1,0,0,0,1,0,0,0,1],"EasingStyle":"Linear","EasingDirection":"In"},"Left Arm":{"Weight":1,"CFrame":[0.231120765209198,-0.5279756188392639,0.4958292245864868,-0.3414559066295624,0.8144374489784241,-0.4691477119922638,-0.8254908919334412,-0.021194159984588624,0.5640174746513367,0.44941383600234988,0.5798642039299011,0.6795474290847778],"EasingStyle":"Linear","EasingDirection":"In"}}},{"Time":0.5,"poses":{"Left Leg":{"Weight":1,"CFrame":[-0.29160839319229128,0.18011999130249024,0.09834825992584229,0.8426157236099243,-0.455864816904068,0.28668132424354555,0.3579150140285492,0.8718370199203491,0.33436062932014468,-0.4023626744747162,-0.1791299283504486,0.897784411907196],"EasingStyle":"Linear","EasingDirection":"In"},"Right Arm":{"Weight":1,"CFrame":[-0.21736571192741395,-0.24818289279937745,-0.04148358106613159,0.5361056327819824,0.3711037039756775,-0.7582038044929504,-0.5597726702690125,0.8285887241363525,0.009753226302564145,0.6318586468696594,0.41919296979904177,0.6519447565078735],"EasingStyle":"Linear","EasingDirection":"In"},"Head":{"Weight":1,"CFrame":[5.960464477539063e-8,-1.862645149230957e-8,-1.1920928955078126e-7,0.7499674558639526,-0.6387404203414917,0.17192845046520234,0.6321544647216797,0.7686179280281067,0.09801746904850006,-0.19475500285625459,0.035175394266843799,0.9802210330963135],"EasingStyle":"Linear","EasingDirection":"In"},"Right Leg":{"Weight":1,"CFrame":[0.4524329602718353,0.9686596989631653,-0.10736024379730225,0.9648196697235107,-0.14411406219005586,-0.21989606320858003,0.2093263864517212,0.9271291494369507,0.3108280897140503,0.1590772271156311,-0.3459230661392212,0.9246792793273926],"EasingStyle":"Linear","EasingDirection":"In"},"Torso":{"Weight":1,"CFrame":[-0.8302739858627319,0.09118007123470307,-0.6204824447631836,0.7250038981437683,0.6203091740608215,-0.2993091940879822,-0.652620792388916,0.7576093077659607,-0.010693651624023915,0.22012601792812348,0.20308838784694673,0.954096257686615],"EasingStyle":"Linear","EasingDirection":"In"},"HumanoidRootPart":{"Weight":1,"CFrame":[0,0,0,1,0,0,0,1,0,0,0,1],"EasingStyle":"Linear","EasingDirection":"In"},"Left Arm":{"Weight":1,"CFrame":[0.23870214819908143,-0.5283139944076538,0.503006100654602,-0.3435465395450592,0.8056021928787231,-0.48268118500709536,-0.8216912746429443,-0.00897153839468956,0.5698623061180115,0.4547518491744995,0.5923890471458435,0.6650382280349731],"EasingStyle":"Linear","EasingDirection":"In"}}},{"Time":0.5333333611488342,"poses":{"Left Leg":{"Weight":1,"CFrame":[-0.37595292925834658,0.14538180828094483,0.16599905490875245,0.7973794341087341,-0.5016695857048035,0.33543089032173159,0.44461295008659365,0.8641934990882874,0.23556052148342133,-0.4080507457256317,-0.03869426250457764,0.9121389389038086],"EasingStyle":"Linear","EasingDirection":"In"},"Right Arm":{"Weight":1,"CFrame":[-0.21610066294670106,-0.25468552112579348,-0.042974233627319339,0.5686891674995422,0.37571799755096438,-0.731730043888092,-0.5551782250404358,0.8317195773124695,-0.0044167302548885349,0.6069348454475403,0.4087524116039276,0.6815801858901978],"EasingStyle":"Linear","EasingDirection":"In"},"Head":{"Weight":1,"CFrame":[6.705522537231445e-8,-4.842877388000488e-8,-4.76837158203125e-7,0.8000836372375488,-0.5832139253616333,0.1404554396867752,0.5775315761566162,0.8121795654296875,0.08259471505880356,-0.16224543750286103,0.01503473985940218,0.9866359233856201],"EasingStyle":"Linear","EasingDirection":"In"},"Right Leg":{"Weight":1,"CFrame":[0.4921504855155945,0.9172062873840332,-0.04966378211975098,0.9705783724784851,-0.06762347370386124,-0.23109455406665803,0.13078716397285462,0.9538894891738892,0.27016592025756838,0.20216913521289826,-0.29244139790534975,0.934668779373169],"EasingStyle":"Linear","EasingDirection":"In"},"Torso":{"Weight":1,"CFrame":[-0.9007094502449036,0.11891484260559082,-0.5804073810577393,0.7750469446182251,0.5635126829147339,-0.2859295606613159,-0.5935844779014587,0.8044252395629883,-0.023614512756466867,0.21670185029506684,0.18802574276924134,0.9579596519470215],"EasingStyle":"Linear","EasingDirection":"In"},"HumanoidRootPart":{"Weight":1,"CFrame":[0,0,0,1,0,0,0,1,0,0,0,1],"EasingStyle":"Linear","EasingDirection":"In"},"Left Arm":{"Weight":1,"CFrame":[0.2535494863986969,-0.5210539102554321,0.45747220516204836,-0.2753105163574219,0.8314481973648071,-0.48259520530700686,-0.8274547457695007,0.050613731145858768,0.559246838092804,0.4894108474254608,0.5532920956611633,0.6740511655807495],"EasingStyle":"Linear","EasingDirection":"In"}}},{"Time":0.5666666626930237,"poses":{"Left Leg":{"Weight":1,"CFrame":[-0.3817829191684723,0.08143413066864014,0.20971691608428956,0.7648307085037231,-0.5145037174224854,0.38771113753318789,0.5111360549926758,0.8509504199028015,0.12092654407024384,-0.3921402394771576,0.10568491369485855,0.9138144254684448],"EasingStyle":"Linear","EasingDirection":"In"},"Right Arm":{"Weight":1,"CFrame":[-0.21483561396598817,-0.25862911343574526,-0.04458332061767578,0.6037810444831848,0.3803211748600006,-0.7005743384361267,-0.5493488907814026,0.8353546857833862,-0.019959911704063417,0.5776368379592896,0.3969111144542694,0.7133002877235413],"EasingStyle":"Linear","EasingDirection":"In"},"Head":{"Weight":1,"CFrame":[1.601874828338623e-7,-5.960464477539063e-8,2.384185791015625e-7,0.8518829941749573,-0.5132805109024048,0.10410906374454498,0.5088822841644287,0.8582104444503784,0.06718477606773377,-0.12383214384317398,-0.004254322964698076,0.9922940731048584],"EasingStyle":"Linear","EasingDirection":"In"},"Right Leg":{"Weight":1,"CFrame":[0.5159310102462769,0.8346802592277527,0.015920400619506837,0.9671311378479004,-0.0002937799727078527,-0.25427818298339846,0.06006220728158951,0.9719660878181458,0.22732016444206239,0.24708296358585359,-0.2351209819316864,0.9400362372398377],"EasingStyle":"Linear","EasingDirection":"In"},"Torso":{"Weight":1,"CFrame":[-0.957489550113678,0.14658403396606446,-0.5237905979156494,0.8281238079071045,0.4927195906639099,-0.26727980375289919,-0.5200016498565674,0.8533157110214233,-0.038089074194431308,0.20930680632591248,0.17052841186523438,0.9628658890724182],"EasingStyle":"Linear","EasingDirection":"In"},"HumanoidRootPart":{"Weight":1,"CFrame":[0,0,0,1,0,0,0,1,0,0,0,1],"EasingStyle":"Linear","EasingDirection":"In"},"Left Arm":{"Weight":1,"CFrame":[0.273833692073822,-0.5006730556488037,0.34889090061187746,-0.08971502631902695,0.8781322836875916,-0.46993109583854678,-0.8258663415908814,0.1981341689825058,0.5279086828231812,0.5566830039024353,0.43546152114868166,0.7074441909790039],"EasingStyle":"Linear","EasingDirection":"In"}}},{"Time":0.6000000238418579,"poses":{"Left Leg":{"Weight":1,"CFrame":[-0.3159436583518982,0.02281773090362549,0.20185554027557374,0.7580463886260986,-0.49392181634902956,0.42591920495033266,0.5341166257858276,0.8449066877365112,0.02919018641114235,-0.3742797076702118,0.20536302030086518,0.9042902588844299],"EasingStyle":"Linear","EasingDirection":"In"},"Right Arm":{"Weight":1,"CFrame":[-0.21373210847377778,-0.26065465807914736,-0.046173691749572757,0.638588011264801,0.38446521759033205,-0.6666273474693298,-0.5425521731376648,0.8392631411552429,-0.03570197895169258,0.5457496047019959,0.384478896856308,0.7445356845855713],"EasingStyle":"Linear","EasingDirection":"In"},"Head":{"Weight":1,"CFrame":[7.450580596923828e-8,-3.725290298461914e-8,-2.980232238769531e-7,0.8999062180519104,-0.431168794631958,0.06528749316930771,0.4282812476158142,0.9020377397537231,0.05387994274497032,-0.08212313801050186,-0.02052546665072441,0.9964108467102051],"EasingStyle":"Linear","EasingDirection":"In"},"Right Leg":{"Weight":1,"CFrame":[0.5294995903968811,0.735835075378418,0.05765366554260254,0.9631051421165466,0.05157926306128502,-0.2641366720199585,0.0023246484342962505,0.9798313975334168,0.1998128890991211,0.2691154479980469,-0.1930548995733261,0.9435606002807617],"EasingStyle":"Linear","EasingDirection":"In"},"Torso":{"Weight":1,"CFrame":[-0.9952974319458008,0.17446917295455934,-0.4581136703491211,0.8790818452835083,0.4101496636867523,-0.24288351833820344,-0.4341718852519989,0.8992790579795837,-0.05283863842487335,0.19674833118915559,0.1519026756286621,0.9686153531074524],"EasingStyle":"Linear","EasingDirection":"In"},"HumanoidRootPart":{"Weight":1,"CFrame":[0,0,0,1,0,0,0,1,0,0,0,1],"EasingStyle":"Linear","EasingDirection":"In"},"Left Arm":{"Weight":1,"CFrame":[0.2945362329483032,-0.46927446126937868,0.21929383277893067,0.2025788128376007,0.8764442205429077,-0.43681538105010989,-0.7731423377990723,0.4169101417064667,0.4779507517814636,0.6010098457336426,0.24089768528938294,0.7620731592178345],"EasingStyle":"Linear","EasingDirection":"In"}}},{"Time":0.6333333253860474,"poses":{"Left Leg":{"Weight":1,"CFrame":[-0.2018936425447464,0.019967496395111085,0.14950776100158692,0.7834762930870056,-0.43796098232269289,0.4408571720123291,0.4947109818458557,0.8689106106758118,-0.015981405973434449,-0.37606629729270937,0.23061801493167878,0.8974349498748779],"EasingStyle":"Linear","EasingDirection":"In"},"Right Arm":{"Weight":1,"CFrame":[-0.21295146644115449,-0.2614004909992218,-0.047608137130737308,0.6706852316856384,0.387861430644989,-0.6322537064552307,-0.5352616906166077,0.8431726694107056,-0.05054595321416855,0.5134941935539246,0.3723215162754059,0.7731108069419861],"EasingStyle":"Linear","EasingDirection":"In"},"Head":{"Weight":1,"CFrame":[1.7881393432617188e-7,0,1.1920928955078126e-7,0.9398924708366394,-0.3404090702533722,0.026904862374067308,0.3390843868255615,0.9397213459014893,0.044109247624874118,-0.04029823839664459,-0.03233492001891136,0.9986644387245178],"EasingS