{"Sequence":[{"Time":0,"poses":{"Left Leg":{"Weight":1,"CFrame":[-0.469791054725647,0.19814616441726685,0.04866182804107666,0.8706957101821899,-0.46470287442207339,0.16105951368808747,0.3901236057281494,0.851982057094574,0.34918496012687685,-0.2994871437549591,-0.24120073020458222,0.923108696937561],"EasingStyle":"Linear","EasingDirection":"Out"},"Right Arm":{"Weight":1,"CFrame":[-4.470348358154297e-8,-0.3665086030960083,0.3126102685928345,0.8544734120368958,0.4238627851009369,-0.30035924911499026,0.209220752120018,0.24843280017375947,0.9457842111587524,0.47550168633461,-0.8709887862205505,0.12359841912984848],"EasingStyle":"Linear","EasingDirection":"Out"},"Left Arm":{"Weight":1,"CFrame":[-0.6211377382278442,-0.7403218150138855,0.14816749095916749,0.014586132951080799,0.9850549697875977,-0.171621635556221,-0.21754465997219087,0.17065460979938508,0.9610157608985901,0.9759413599967957,0.023317907005548478,0.2167825996875763],"EasingStyle":"Linear","EasingDirection":"Out"},"Head":{"Weight":1,"CFrame":[8.742281210061265e-8,-2.9802322387695315e-8,3.5762786865234377e-7,0.999687135219574,0.0065253074280917648,-0.02414601854979992,-0.007649065926671028,0.9988775849342346,-0.046744298189878467,0.023813897743821145,0.04691435769200325,0.998615026473999],"EasingStyle":"Linear","EasingDirection":"Out"},"Torso":{"Weight":1,"CFrame":[0,0.1186394989490509,-0.26755809783935549,1,0,-8.742277657347586e-8,1.2964741280541148e-8,0.9889425039291382,0.14829935133457185,8.645609739232896e-8,-0.14829935133457185,0.9889425039291382],"EasingStyle":"Linear","EasingDirection":"Out"},"HumanoidRootPart":{"Weight":0,"CFrame":[0,0,0,1,0,0,0,1,0,0,0,1],"EasingStyle":"Linear","EasingDirection":"In"},"Right Leg":{"Weight":1,"CFrame":[0.48820218443870547,0.18363624811172486,0.07215368747711182,0.8558333516120911,0.4829128384590149,-0.1853225827217102,-0.416267454624176,0.8556964993476868,0.30741649866104128,0.30703532695770266,-0.18595361709594727,0.9333544969558716],"EasingStyle":"Linear","EasingDirection":"Out"}}},{"Time":0.03333333507180214,"poses":{"Left Leg":{"Weight":1,"CFrame":[-0.496359646320343,0.2152445912361145,0.049562931060791019,0.8597885966300964,-0.4831467270851135,0.16532646119594575,0.4004650115966797,0.8388357162475586,0.3687579035758972,-0.31684598326683047,-0.25084635615348818,0.9147047400474548],"EasingStyle":"Linear","EasingDirection":"Out"},"Right Arm":{"Weight":1,"CFrame":[0.0003252178430557251,-0.3412167429924011,0.31242823600769045,0.8547483682632446,0.4229799807071686,-0.3008209466934204,0.2116643786430359,0.24513494968414308,0.9461009502410889,0.4739234447479248,-0.8723512887954712,0.11999896913766861],"EasingStyle":"Linear","EasingDirection":"Out"},"Left Arm":{"Weight":1,"CFrame":[-0.6211376190185547,-0.7403221130371094,0.14816749095916749,0.00771702453494072,0.9846386313438416,-0.17443400621414185,-0.22560551762580872,0.17165593802928925,0.9589767456054688,0.9741881489753723,0.0319528765976429,0.22346457839012147],"EasingStyle":"Linear","EasingDirection":"Out"},"Head":{"Weight":1,"CFrame":[9.12696123123169e-8,3.591412678360939e-8,-1.1920928955078126e-7,0.99989253282547,0.0005553283845074475,-0.014650718308985234,-0.001800763187929988,0.9963679909706116,-0.08513291925191879,0.014550228603184224,0.08515015244483948,0.9962618947029114],"EasingStyle":"Linear","EasingDirection":"Out"},"Torso":{"Weight":1,"CFrame":[0.014395110309123993,0.11859670281410217,-0.2820289134979248,0.9998703598976135,0.0047120023518800739,0.015395754016935826,-0.0069430796429514889,0.9889261722564697,0.1482459157705307,-0.01452672854065895,-0.1483335942029953,0.9888306856155396],"EasingStyle":"Linear","EasingDirection":"Out"},"HumanoidRootPart":{"Weight":0,"CFrame":[0,0,0,1,0,0,0,1,0,0,0,1],"EasingStyle":"Linear","EasingDirection":"In"},"Right Leg":{"Weight":1,"CFrame":[0.5007309317588806,0.17872333526611329,0.07328236103057862,0.855479896068573,0.48520711064338686,-0.1809094399213791,-0.42400458455085757,0.8568888902664185,0.29319193959236147,0.29727816581726076,-0.1741134077310562,0.9387812614440918],"EasingStyle":"Linear","EasingDirection":"Out"}}},{"Time":0.06666667014360428,"poses":{"Left Leg":{"Weight":1,"CFrame":[-0.5518968105316162,0.25209176540374758,0.052375078201293948,0.8332878351211548,-0.5237862467765808,0.17685990035533906,0.42256787419319155,0.8097350001335144,0.4071432948112488,-0.3564656972885132,-0.2645321786403656,0.8960775136947632],"EasingStyle":"Linear","EasingDirection":"Out"},"Right Arm":{"Weight":1,"CFrame":[0.0012244973331689835,-0.3201301395893097,0.31227636337280276,0.8554961681365967,0.42062219977378847,-0.30199894309043887,0.2186514139175415,0.23523490130901338,0.9470248222351074,0.46938028931617739,-0.8762086033821106,0.10927300155162811],"EasingStyle":"Linear","EasingDirection":"Out"},"Left Arm":{"Weight":1,"CFrame":[-0.6211376190185547,-0.7403221130371094,0.14816749095916749,0.00027741867233999074,0.9841160774230957,-0.17752587795257569,-0.23205719888210298,0.17274311184883119,0.9572404026985169,0.9727020859718323,0.040930651128292087,0.22841918468475343],"EasingStyle":"Linear","EasingDirection":"Out"},"Head":{"Weight":1,"CFrame":[8.568167686462403e-8,-3.0384398996829989e-8,-1.1920928955078126e-7,0.9999066591262817,-0.013654879294335842,-0.00041761607280932367,0.013499404303729535,0.992289662361145,-0.12320321053266525,0.00209673005156219,0.12318608164787293,0.9923813939094544],"EasingStyle":"Linear","EasingDirection":"Out"},"Torso":{"Weight":1,"CFrame":[0.043072208762168887,0.11821356415748596,-0.3205842971801758,0.9988631010055542,0.017660312354564668,0.044279348105192187,-0.024031631648540498,0.9887301921844482,0.14776699244976045,-0.041170716285705569,-0.14866310358047486,0.9880304932594299],"EasingStyle":"Linear","EasingDirection":"Out"},"HumanoidRootPart":{"Weight":0,"CFrame":[0,0,0,1,0,0,0,1,0,0,0,1],"EasingStyle":"Linear","EasingDirection":"In"},"Right Leg":{"Weight":1,"CFrame":[0.5389896035194397,0.17620092630386353,0.07316732406616211,0.8529253602027893,0.49403348565101626,-0.1686689853668213,-0.4422839879989624,0.8555063605308533,0.2692466974258423,0.27731430530548098,-0.15504778921604157,0.9481861591339111],"EasingStyle":"Linear","EasingDirection":"Out"}}},{"Time":0.10000000149011612,"poses":{"Left Leg":{"Weight":1,"CFrame":[-0.6067472100257874,0.2860720157623291,0.06090199947357178,0.7997645735740662,-0.568141758441925,0.19388508796691895,0.4493963420391083,0.7807573676109314,0.4341207444667816,-0.3980194628238678,-0.2600632309913635,0.8797429800033569],"EasingStyle":"Linear","EasingDirection":"Out"},"Right Arm":{"Weight":1,"CFrame":[0.0025830157101154329,-0.302864670753479,0.3121521472930908,0.8565910458564758,0.4172282814979553,-0.303599089384079,0.22962144017219544,0.21868127584457398,0.9483946561813355,0.46208852529525759,-0.8820992112159729,0.0915159210562706],"EasingStyle":"Linear","EasingDirection":"Out"},"Left Arm":{"Weight":1,"CFrame":[-0.6211377382278442,-0.7403215169906616,0.14816749095916749,-0.00858606118708849,0.9834502935409546,-0.18097470700740815,-0.23556163907051087,0.1738988161087036,0.9561746120452881,0.9718214869499207,0.05084052309393883,0.23017005622386933],"EasingStyle":"Linear","EasingDirection":"Out"},"Head":{"Weight":1,"CFrame":[8.102506399154663e-8,5.122274160385132e-9,2.384185791015625e-7,0.9993521571159363,-0.03156159445643425,0.01729678176343441,0.03389778733253479,0.9869073629379273,-0.1576857566833496,-0.01209350023418665,0.1581699252128601,0.9873378276824951],"EasingStyle":"Linear","EasingDirection":"Out"},"Torso":{"Weight":1,"CFrame":[0.06429076194763184,0.11752918362617493,-0.3747859001159668,0.997466504573822,0.03705883398652077,0.06072213128209114,-0.04565411061048508,0.9880955219268799,0.14691147208213807,-0.05455489456653595,-0.14931149780750276,0.9872840642929077],"EasingStyle":"Linear","EasingDirection":"Out"},"HumanoidRootPart":{"Weight":0,"CFrame":[0,0,0,1,0,0,0,1,0,0,0,1],"EasingStyle":"Linear","EasingDirection":"In"},"Right Leg":{"Weight":1,"CFrame":[0.6015307903289795,0.1956768035888672,0.06542587280273438,0.8466207981109619,0.5105493664741516,-0.15024150907993318,-0.46325016021728518,0.8459320664405823,0.26419368386268618,0.2619781494140625,-0.15407250821590424,0.9526957273483276],"EasingStyle":"Linear","EasingDirection":"Out"}}},{"Time":0.13333334028720857,"poses":{"Left Leg":{"Weight":1,"CFrame":[-0.6412863731384277,0.28793907165527346,0.08714854717254639,0.7678650617599487,-0.6031481623649597,0.215860053896904,0.4875166416168213,0.7687810659408569,0.4138878583908081,-0.4155848026275635,-0.21257464587688447,0.884364902973175],"EasingStyle":"Linear","EasingDirection":"Out"},"Right Arm":{"Weight":1,"CFrame":[0.004285819828510284,-0.28904056549072268,0.3120526075363159,0.8579072952270508,0.413235604763031,-0.30533838272094729,0.2439626306295395,0.1953914910554886,0.949897050857544,0.45219168066978457,-0.8894147276878357,0.06681382656097412],"EasingStyle":"Linear","EasingDirection":"Out"},"Left Arm":{"Weight":1,"CFrame":[-0.6211376786231995,-0.7403216361999512,0.14816737174987794,-0.019735779613256456,0.9825736880302429,-0.18482284247875215,-0.23478050529956819,0.1751350313425064,0.9561411142349243,0.9718480706214905,0.06226302310824394,0.2272326499223709],"EasingStyle":"Linear","EasingDirection":"Out"},"Head":{"Weight":1,"CFrame":[9.313225746154785e-8,1.6763806343078614e-8,3.5762786865234377e-7,0.998130202293396,-0.048830658197402957,0.03676578775048256,0.05483022332191467,0.9811185598373413,-0.18547235429286958,-0.02701486460864544,0.18714143335819245,0.9819614291191101],"EasingStyle":"Linear","EasingDirection":"Out"},"Torso":{"Weight":1,"CFrame":[0.052620332688093188,0.1177370548248291,-0.4352455139160156,0.9975199103355408,0.0615268237888813,0.034183066338300708,-0.06591581553220749,0.986912190914154,0.14717136323451997,-0.024680696427822114,-0.14905956387519837,0.9885201454162598],"EasingStyle":"Linear","EasingDirection":"Out"},"HumanoidRootPart":{"Weight":0,"CFrame":[0,0,0,1,0,0,0,1,0,0,0,1],"EasingStyle":"Linear","EasingDirection":"In"},"Right Leg":{"Weight":1,"CFrame":[0.6847636699676514,0.26208949089050295,0.03679955005645752,0.836219310760498,0.5333864092826843,-0.1274212896823883,-0.4763832092285156,0.8216303586959839,0.31302186846733096,0.2716548442840576,-0.20105360448360444,0.9411594867706299],"EasingStyle":"Linear","EasingDirection":"Out"}}},{"Time":0.1666666716337204,"poses":{"Left Leg":{"Weight":1,"CFrame":[-0.6598262786865234,0.26473039388656618,0.12350142002105713,0.7412704229354858,-0.6272549629211426,0.2388918548822403,0.5317136645317078,0.7659767270088196,0.36133119463920596,-0.40963244438171389,-0.14082199335098267,0.9013159275054932],"EasingStyle":"Linear","EasingDirection":"Out"},"Right Arm":{"Weight":1,"CFrame":[0.006218351423740387,-0.27827411890029909,0.31197500228881838,0.8593333959579468,0.4090731739997864,-0.3069287836551666,0.26102083921432497,0.16527538001537324,0.9510794878005981,0.439788818359375,-0.8974091410636902,0.03525010496377945],"EasingStyle":"Linear","EasingDirection":"Out"},"Left Arm":{"Weight":1,"CFrame":[-0.6211377382278442,-0.740321695804596,0.14816749095916749,-0.034040000289678577,0.9813783764839172,-0.18904437124729157,-0.22836773097515107,0.17651186883449555,0.957440197467804,0.9729796648025513,0.07576294243335724,0.21810664236545564],"EasingStyle":"Linear","EasingDirection":"Out"},"Head":{"Weight":1,"CFrame":[8.777715265750885e-8,8.585629984736443e-9,1.1920928955078126e-7,0.996548593044281,-0.06137613207101822,0.055891670286655429,0.07156246900558472,0.976405680179596,-0.20374171435832978,-0.04206806793808937,0.20703831315040589,0.9774279594421387],"EasingStyle":"Linear","EasingDirection":"Out"},"Torso":{"Weight":1,"CFrame":[0.019166558980941774,0.11930534243583679,-0.49662208557128909,0.9960762858390808,0.08616087585687638,-0.02020871452987194,-0.0822112187743187,0.9853938817977905,0.1491316854953766,0.032762859016656879,-0.14688515663146974,0.9886108040809631],"EasingStyle":"Linear","EasingDirection":"Out"},"HumanoidRootPart":{"Weight":0,"CFrame":[0,0,0,1,0,0,0,1,0,0,0,1],"EasingStyle":"Linear","EasingDirection":"In"},"Right Leg":{"Weight":1,"CFrame":[0.7620126605033875,0.3567606806755066,-0.0188065767288208,0.8278229832649231,0.5509840846061707,-0.1054776981472969,-0.4729065001010895,0.7865405678749085,0.3971315920352936,0.3017756938934326,-0.2788735032081604,0.911680281162262],"EasingStyle":"Linear","EasingDirection":"Out"}}},{"Time":0.20000000298023225,"poses":{"Left Leg":{"Weight":1,"CFrame":[-0.6780504584312439,0.2511477470397949,0.15004777908325196,0.7192865014076233,-0.6459043622016907,0.2558017671108246,0.565711498260498,0.7582915425300598,0.3239819407463074,-0.40323373675346377,-0.08832579851150513,0.9108244180679321],"EasingStyle":"Linear","EasingDirection":"Out"},"Right Arm":{"Weight":1,"CFrame":[0.008265674114227295,-0.27018290758132937,0.3119168281555176,0.8608318567276001,0.40504324436187746,-0.3080723285675049,0.2798748016357422,0.12878243625164033,0.9513596296310425,0.42501601576805117,-0.9051823616027832,-0.00250127911567688],"EasingStyle":"Linear","EasingDirection":"Out"},"Left Arm":{"Weight":1,"CFrame":[-0.6211376786231995,-0.7403215169906616,0.14816749095916749,-0.052367739379405978,0.9797016382217407,-0.19350025057792664,-0.21496519446372987,0.17816437780857087,0.9602329730987549,0.9752166867256165,0.09188108891248703,0.2012716680765152],"EasingStyle":"Linear","EasingDirection":"Out"},"Head":{"Weight":1,"CFrame":[9.685754776000977e-8,-1.4435499906539917e-8,3.5762786865234377e-7,0.9952311515808106,-0.06533075869083405,0.07243549823760987,0.07925016433000565,0.9744952917098999,-0.20994830131530763,-0.05687197670340538,0.21468761563301087,0.9750255346298218],"EasingStyle":"Linear","EasingDirection":"Out"},"Torso":{"Weight":1,"CFrame":[-0.002782851457595825,0.1208890974521637,-0.5517396926879883,0.9927883148193359,0.1040172278881073,-0.05959648638963699,-0.09402893483638764,0.9840344786643982,0.1511113941669464,0.07436319440603256,-0.14441783726215363,0.9867185950279236],"EasingStyle":"Linear","EasingDirection":"Out"},"HumanoidRootPart":{"Weight":0,"CFrame":[0,0,0,1,0,0,0,1,0,0,0,1],"EasingStyle":"Linear","EasingDirection":"In"},"Right Leg":{"Weight":1,"CFrame":[0.8117193579673767,0.43252575397491457,-0.07691222429275513,0.8245236277580261,0.5585629343986511,-0.090378038585186,-0.46168822050094607,0.7564757466316223,0.463236927986145,0.3271157741546631,-0.3402232825756073,0.881614089012146],"EasingStyle":"Linear","EasingDirection":"Out"}}},{"Time":0.23333333432674409,"poses":{"Left Leg":{"Weight":1,"CFrame":[-0.6986209750175476,0.25593745708465578,0.1606065034866333,0.7048682570457459,-0.6591205596923828,0.2621467709541321,0.5840815305709839,0.7490158081054688,0.31276819109916689,-0.402504026889801,-0.06734523177146912,0.9129376411437988],"EasingStyle":"Linear","EasingDirection":"Out"},"Right Arm":{"Weight":1,"CFrame":[0.010312944650650025,-0.2643857002258301,0.3118751049041748,0.8625084161758423,0.40106382966041567,-0.3085888624191284,0.29879775643348696,0.08852929621934891,0.9502012729644775,0.4084104597568512,-0.9117622375488281,-0.043479595333337787],"EasingStyle":"Linear","EasingDirection":"Out"},"Left Arm":{"Weight":1,"CFrame":[-0.6211377382278442,-0.7403217554092407,0.14816749095916749,-0.07353978604078293,0.9771005511283875,-0.1996658444404602,-0.18673308193683625,0.183176189661026,0.9651824831962586,0.9796543717384338,0.10826359689235687,0.1689862459897995],"EasingStyle":"Linear","EasingDirection":"Out"},"Head":{"Weight":1,"CFrame":[1.3224780559539796e-7,-5.587935447692871e-9,3.5762786865234377e-7,0.9951032400131226,-0.05190356448292732,0.0841163620352745,0.06831534951925278,0.9762035012245178,-0.20581483840942384,-0.07143214344978333,0.21055342257022859,0.9749690890312195],"EasingStyle":"Linear","EasingDirection":"Out"},"Torso":{"Weight":1,"CFrame":[-0.005789667367935181,0.12155118584632874,-0.590503454208374,0.9911258816719055,0.1108003705739975,-0.07343544065952301,-0.09868476539850235,0.9834510087966919,0.15193898975849152,0.08905505388975144,-0.1433437019586563,0.9856580495834351],"EasingStyle":"Linear","EasingDirection":"Out"},"HumanoidRootPart":{"Weight":0,"CFrame":[0,0,0,1,0,0,0,1,0,0,0,1],"EasingStyle":"Linear","EasingDirection":"In"},"Right Leg":{"Weight":1,"CFrame":[0.8355754017829895,0.47334253787994387,-0.11070317029953003,0.8223614692687988,0.5625823736190796,-0.08498553931713104,-0.45505836606025698,0.7400069236755371,0.4952894449234009,0.34153103828430178,-0.3686336576938629,0.8645610809326172],"EasingStyle":"Linear","EasingDirection":"Out"}}},{"Time":0.2666666805744171,"poses":{"Left Leg":{"Weight":1,"CFrame":[-0.7162711024284363,0.2595664858818054,0.15422332286834718,0.7097650766372681,-0.6580979228019714,0.25127822160720827,0.5887242555618286,0.7500338554382324,0.3014179468154907,-0.38682982325553896,-0.06600232422351837,0.9197860956192017],"EasingStyle":"Linear","EasingDirection":"Out"},"Right Arm":{"Weight":1,"CFrame":[0.012245357036590577,-0.2604997158050537,0.3118473291397095,0.8644905686378479,0.39696407318115237,-0.30834338068962099,0.31603023409843447,0.0477733351290226,0.94754558801651,0.3908720016479492,-0.9165899753570557,-0.08415298908948899],"EasingStyle":"Linear","EasingDirection":"Out"},"Left Arm":{"Weight":1,"CFrame":[-0.6211377382278442,-0.7403218746185303,0.14816737174987794,-0.09352672845125199,0.9738753437995911,-0.20692883431911469,-0.14704468846321107,0.19204890727996827,0.9703066945075989,0.9846982359886169,0.12117745727300644,0.1252414584159851],"EasingStyle":"Linear","EasingDirection":"Out"},"Head":{"Weight":1,"CFrame":[8.754432201385498e-8,8.475035429000855e-8,-1.7881393432617188e-7,0.9955418705940247,-0.024480288848280908,0.09108841419219971,0.042169004678726199,0.9793599843978882,-0.19767609238624574,-0.08436916768550873,0.20063592493534089,0.976026177406311],"EasingStyle":"Linear","EasingDirection":"Out"},"Torso":{"Weight":1,"CFrame":[-0.006894588470458984,0.12143957614898682,-0.6053934097290039,0.9917746782302856,0.0984637588262558,-0.0817793607711792,-0.08524716645479202,0.9847283363342285,0.15179948508739472,0.09547720104455948,-0.1435794234275818,0.9850223660469055],"EasingStyle":"Linear","EasingDirection":"Out"},"HumanoidRootPart":{"Weight":0,"CFrame":[0,0,0,1,0,0,0,1,0,0,0,1],"EasingStyle":"Linear","EasingDirection":"In"},"Right Leg":{"Weight":1,"CFrame":[0.8385846614837647,0.48711347579956057,-0.11221951246261597,0.8136080503463745,0.5733931064605713,-0.09624119848012924,-0.45303478837013247,0.7289646863937378,0.5131956934928894,0.3644193410873413,-0.37393954396247866,0.8528586030006409],"EasingStyle":"Linear","EasingDirection":"Out"}}},{"Time":0.30000001192092898,"poses":{"Left Leg":{"Weight":1,"CFrame":[-0.7278659343719482,0.2575053572654724,0.1310487985610962,0.7346875071525574,-0.6409134268760681,0.22240570187568665,0.5789461135864258,0.7632172703742981,0.28691574931144717,-0.3536320924758911,-0.08203256875276566,0.9317805767059326],"EasingStyle":"Linear","EasingDirection":"Out"},"Right Arm":{"Weight":1,"CFrame":[0.01394835114479065,-0.2581426203250885,0.3118302822113037,0.8669109344482422,0.3925587236881256,-0.3071858286857605,0.33002769947052,0.009818462654948235,0.9439201951026917,0.37356019020080569,-0.9196745157241821,-0.12104345858097077],"EasingStyle":"Linear","EasingDirection":"Out"},"Left Arm":{"Weight":1,"CFrame":[-0.6211377382278442,-0.7403219938278198,0.14816737174987794,-0.10856563597917557,0.9710798859596252,-0.21264377236366273,-0.11158006638288498,0.2006525695323944,0.9732874035835266,0.9878073930740356,0.12939241528511048,0.0865691527724266],"EasingStyle":"Linear","EasingDirection":"Out"},"Head":{"Weight":1,"CFrame":[1.257285475730896e-7,-6.007030606269837e-8,1.1920928955078126e-7,0.9955078363418579,0.0025141877122223379,0.09464555978775025,0.015561593696475029,0.9817072749137878,-0.18975946307182313,-0.09339132159948349,0.19037984311580659,0.9772582054138184],"EasingStyle":"Linear","EasingDirection":"Out"},"Torso":{"Weight":1,"CFrame":[-0.008988618850708008,0.12048235535621643,-0.5925049781799316,0.993990957736969,0.06643661856651306,-0.0869949534535408,-0.052800700068473819,0.9871832728385925,0.15060298144817353,0.0958855152130127,-0.14510461688041688,0.9847591519355774],"EasingStyle":"Linear","EasingDirection":"Out"},"HumanoidRootPart":{"Weight":0,"CFrame":[0,0,0,1,0,0,0,1,0,0,0,1],"EasingStyle":"Linear","EasingDirection":"In"},"Right Leg":{"Weight":1,"CFrame":[0.8202090859413147,0.4729694724082947,-0.07808095216751099,0.7966290712356567,0.5915403962135315,-0.12434650957584381,-0.45652562379837038,0.7236183881759644,0.5176493525505066,0.39618992805480959,-0.3556070923805237,0.8465087413787842],"EasingStyle":"Linear","EasingDirection":"Out"}}},{"Time":0.3333333432674408,"poses":{"Left Leg":{"Weight":1,"CFrame":[-0.7268157601356506,0.24895167350769044,0.09891664981842041,0.7704321146011353,-0.6104565262794495,0.18378587067127229,0.5563327670097351,0.7845556735992432,0.27379944920539858,-0.3113330006599426,-0.1086978018283844,0.9440639019012451],"EasingStyle":"Linear","EasingDirection":"Out"},"Right Arm":{"Weight":1,"CFrame":[0.015306785702705384,-0.2569323182106018,0.3118213415145874,0.8699012398719788,0.3876626491546631,-0.3049420416355133,0.33947035670280459,-0.022057967260479928,0.94035804271698,0.3578152358531952,-0.9215373396873474,-0.1507881134748459],"EasingStyle":"Linear","EasingDirection":"Out"},"Left Arm":{"Weight":1,"CFrame":[-0.6211375594139099,-0.7403221726417542,0.14816737174987794,-0.11451780796051026,0.9698909521102905,-0.21493537724018098,-0.09622657299041748,0.20451131463050843,0.974122941493988,0.9887498021125794,0.13223697245121003,0.06990905106067658],"EasingStyle":"Linear","EasingDirection":"Out"},"Head":{"Weight":1,"CFrame":[9.452924132347107e-8,-1.257285475730896e-8,-1.1920928955078126e-7,0.99530428647995,0.014701098203659058,0.09567269682884217,0.0033857112284749748,0.982507050037384,-0.18619464337825776,-0.0967363640666008,0.1856442540884018,0.977843701839447],"EasingStyle":"Linear","EasingDirection":"Out"},"Torso":{"Weight":1,"CFrame":[-0.017378687858581544,0.11902949213981629,-0.5574374198913574,0.9955882430076599,0.02444436587393284,-0.09058970957994461,-0.010739678516983986,0.9888109564781189,0.14878687262535096,0.09321310371160507,-0.14715756475925446,0.9847111105918884],"EasingStyle":"Linear","EasingDirection":"Out"},"HumanoidRootPart":{"Weight":0,"CFrame":[0,0,0,1,0,0,0,1,0,0,0,1],"EasingStyle":"Linear","EasingDirection":"In"},"Right Leg":{"Weight":1,"CFrame":[0.783185601234436,0.4395691752433777,-0.02423804998397827,0.7762042880058289,0.6095567345619202,-0.16108234226703645,-0.463373601436615,0.724793016910553,0.5098626613616943,0.427541583776474,-0.32111629843711855,0.845039963722229],"EasingStyle":"Linear","EasingDirection":"Out"}}},{"Time":0.36666667461395266,"poses":{"Left Leg":{"Weight":1,"CFrame":[-0.7176058292388916,0.256305992603302,0.057669758796691897,0.8061440587043762,-0.574246883392334,0.1427316516637802,0.5193800926208496,0.8022688031196594,0.2942941188812256,-0.28350672125816347,-0.16311144828796388,0.9449966549873352],"EasingStyle":"Linear","EasingDirection":"Out"},"Right Arm":{"Weight":1,"CFrame":[0.0162060484290123,-0.25648635625839236,0.3118182420730591,0.8735870718955994,0.38210904598236086,-0.30139395594596865,0.3432108759880066,-0.044640783220529559,0.9381969571113586,0.345039039850235,-0.9230383634567261,-0.17014150321483613],"EasingStyle":"Linear","EasingDirection":"Out"},"Left Arm":{"Weight":1,"CFrame":[-0.6211376190185547,-0.740321934223175,0.14816749095916749,-0.1207045167684555,0.968932032585144,-0.2158728837966919,-0.10679558664560318,0.20352579653263093,0.9732275605201721,0.9869270920753479,0.14052729308605195,0.07891115546226502],"EasingStyle":"Linear","EasingDirection":"Out"},"Head":{"Weight":1,"CFrame":[9.685754776000977e-8,4.6566128730773929e-9,0,0.9972119927406311,0.012801099568605423,0.07351412624120712,0.0014879576629027725,0.9815683364868164,-0.1911056786775589,-0.07460550218820572,0.19068224728107453,0.9788126945495606],"EasingStyle":"Linear","EasingDirection":"Out"},"Torso":{"Weight":1,"CFrame":[-0.014022201299667359,0.11782914400100708,-0.5050125122070313,0.9974519610404968,-0.019525201991200448,-0.06861785799264908,0.02948528528213501,0.9886543154716492,0.14728643000125886,0.06496354192495346,-0.14893434941768647,0.9867108464241028],"EasingStyle":"Linear","EasingDirection":"Out"},"HumanoidRootPart":{"Weight":0,"CFrame":[0,0,0,1,0,0,0,1,0,0,0,1],"EasingStyle":"Linear","EasingDirection":"In"},"Right Leg":{"Weight":1,"CFrame":[0.7227847576141357,0.37427157163619997,0.04608559608459473,0.7613568902015686,0.616571307182312,-0.2004382312297821,-0.48040932416915896,0.74412602186203,0.4642018675804138,0.43536490201950076,-0.25713086128234866,0.8627520799636841],"EasingStyle":"Linear","EasingDirection":"Out"}}},{"Time":0.4000000059604645,"poses":{"Left Leg":{"Weight":1,"CFrame":[-0.7005782127380371,0.2816801071166992,0.013231635093688965,0.8358709812164307,-0.5379819273948669,0.10906435549259186,0.47317034006118777,0.8068685531616211,0.35365670919418337,-0.27826157212257388,-0.24400535225868226,0.9289950728416443],"EasingStyle":"Linear","EasingDirection":"Out"},"Right Arm":{"Weight":1,"CFrame":[0.01653134450316429,-0.25642257928848269,0.3118177652359009,0.8780812621116638,0.37577539682388308,-0.2962535321712494,0.34015461802482607,-0.05473458766937256,0.9387752413749695,0.33655327558517458,-0.9250929355621338,-0.17588305473327638],"EasingStyle":"Linear","EasingDirection":"Out"},"Left Arm":{"Weight":1,"CFrame":[-0.6211376190185547,-0.7403219938278198,0.14816749095916749,-0.13502740859985352,0.9666438698768616,-0.21764007210731507,-0.13427215814590455,0.1997743546962738,0.9705983400344849,0.9817019104957581,0.16028043627738954,0.1028183177113533],"EasingStyle":"Linear","EasingDirection":"Out"},"Head":{"Weight":1,"CFrame":[8.66129994392395e-8,-2.7124769985675813e-8,2.384185791015625e-7,0.9997592568397522,0.007781610358506441,0.02051587775349617,-0.003463195404037833,0.9792432188987732,-0.20265914499759675,-0.021667050197720529,0.20253930985927583,0.979034423828125],"EasingStyle":"Linear","EasingDirection":"Out"},"Torso":{"Weight":1,"CFrame":[0.008940968662500382,0.11827847361564636,-0.44301533699035647,0.9983044266700745,-0.05607743188738823,-0.015607609413564206,0.0577719546854496,0.9873213171958923,0.14784811437129975,0.00711878202855587,-0.14849910140037538,0.9888868927955627],"EasingStyle":"Linear","EasingDirection":"Out"},"HumanoidRootPart":{"Weight":0,"CFrame":[0,0,0,1,0,0,0,1,0,0,0,1],"EasingStyle":"Linear","EasingDirection":"In"},"Right Leg":{"Weight":1,"CFrame":[0.6383283734321594,0.27809470891952517,0.10856020450592041,0.7630956768989563,0.6020103096961975,-0.23509249091148377,-0.49871593713760378,0.7798752188682556,0.37825530767440798,0.4110564589500427,-0.17140065133571626,0.8953515887260437],"EasingStyle":"Linear","EasingDirection":"Out"}}},{"Time":0.4333333373069763,"poses":{"Left Leg":{"Weight":1,"CFrame":[-0.6639316082000732,0.2989574670791626,-0.015485405921936036,0.857941210269928,-0.5050455331802368,0.09415882080793381,0.42732709646224978,0.8032712936401367,0.41490572690963747,-0.2851814031600952,-0.315728098154068,0.9049792289733887],"EasingStyle":"Linear","EasingDirection":"Out"},"Right Arm":{"Weight":1,"CFrame":[0.015393394976854325,-0.2625977396965027,0.3122553825378418,0.8833582401275635,0.37390264868736269,-0.2826218903064728,0.3231639862060547,-0.04913872852921486,0.9450663924217224,0.33947500586509707,-0.9261653423309326,-0.1642388552427292],"EasingStyle":"Linear","EasingDirection":"Out"},"Left Arm":{"Weight":1,"CFrame":[-0.6211376786231995,-0.7403221130371094,0.14816737174987794,-0.15118306875228883,0.9640249609947205,-0.2186310887336731,-0.1722143143415451,0.1921045482158661,0.9661459922790527,0.9733888506889343,0.18371637165546418,0.13697588443756104],"EasingStyle":"Linear","EasingDirection":"Out"},"Head":{"Weight":1,"CFrame":[8.940696716308594e-8,2.7939677238464357e-8,1.1920928955078126e-7,0.9990847706794739,0.0008969306945800781,-0.04276418313384056,-0.010126923210918904,0.9763154983520508,-0.21611447632312776,0.041557494550943378,0.216349795460701,0.9754310846328735],"EasingStyle":"Linear","EasingDirection":"Out"},"Torso":{"Weight":1,"CFrame":[0.031319111585617068,0.11967527866363526,-0.3803374767303467,0.9965668320655823,-0.07311226427555084,0.038848020136356357,0.06654269248247147,0.9865058064460754,0.14959409832954408,-0.04926095902919769,-0.14649546146392823,0.9879840016365051],"EasingStyle":"Linear","EasingDirection":"Out"},"HumanoidRootPart":{"Weight":0,"CFrame":[0,0,0,1,0,0,0,1,0,0,0,1],"EasingStyle":"Linear","EasingDirection":"In"},"Right Leg":{"Weight":1,"CFrame":[0.5480148792266846,0.18655681610107423,0.133203387260437,0.7844375371932983,0.5663228631019592,-0.25285589694976809,-0.497270792722702,0.8179490566253662,0.28927695751190188,0.3706474006175995,-0.10118186473846436,0.9232457876205444],"EasingStyle":"Linear","EasingDirection":"Out"}}},{"Time":0.46666666865348818,"poses":{"Left Leg":{"Weight":1,"CFrame":[-0.5965048670768738,0.288918137550354,-0.010640203952789307,0.8702576756477356,-0.48091843724250796,0.10662595182657242,0.39140522480010989,0.8065168261528015,0.4430941939353943,-0.29908785223960879,-0.34387215971946719,0.89011150598526],"EasingStyle":"Linear","EasingDirection":"Out"},"Right Arm":{"Weight":1,"CFrame":[0.012384079396724701,-0.27952903509140017,0.3133840560913086,0.8885484933853149,0.38005566596984866,-0.2569811940193176,0.28972193598747256,-0.03051547147333622,0.9566242694854736,0.35572850704193118,-0.9244601130485535,-0.13722480833530427],"EasingStyle":"Linear","EasingDirection":"Out"},"Left Arm":{"Weight":1,"CFrame":[-0.6211376190185547,-0.7403221130371094,0.14816737174987794,-0.1630755215883255,0.9624955654144287,-0.21681489050388337,-0.2141648828983307,0.17998306453227998,0.9600726366043091,0.9630886912345886,0.202998548746109,0.17678192257881165],"EasingStyle":"Linear","EasingDirection":"Out"},"Head":{"Weight":1,"CFrame":[7.078051567077637e-8,-2.7939677238464357e-8,-1.1920928955078126e-7,0.9954110383987427,-0.005665055476129055,-0.09552355110645294,-0.01625405251979828,0.973730206489563,-0.22712405025959016,0.09430083632469177,0.22763442993164063,0.9691696763038635],"EasingStyle":"Linear","EasingDirection":"Out"},"Torso":{"Weight":1,"CFrame":[0.03291122615337372,0.1199328601360321,-0.32122802734375,0.9960787892341614,-0.05986069515347481,0.06514442712068558,0.049537912011146548,0.9874569177627564,0.14991608262062074,-0.07330139726400376,-0.14610110223293305,0.9865502119064331],"EasingStyle":"Linear","EasingDirection":"Out"},"HumanoidRootPart":{"Weight":0,"CFrame":[0,0,0,1,0,0,0,1,0,0,0,1],"EasingStyle":"Linear","EasingDirection":"In"},"Right Leg":{"Weight":1,"CFrame":[0.48105162382125857,0.13381457328796388,0.1212235689163208,0.8188740611076355,0.5205609798431397,-0.24178799986839295,-0.4714221954345703,0.8502844572067261,0.23404614627361298,0.32742393016815188,-0.07767011225223541,0.941679835319519],"EasingStyle":"Linear","EasingDirection":"Out"}}},{"Time":0.5,"poses":{"Left Leg":{"Weight":1,"CFrame":[-0.5058294534683228,0.260489821434021,0.013910889625549317,0.874587893486023,-0.46439558267593386,0.13940154016017915,0.36533045768737795,0.8201801776885986,0.44027048349380495,-0.3187940716743469,-0.33412760496139529,0.88697749376297],"EasingStyle":"Linear","EasingDirection":"Out"},"Right Arm":{"Weight":1,"CFrame":[0.008109889924526215,-0.30482274293899538,0.3149271011352539,0.892399787902832,0.3915727734565735,-0.22426201403141023,0.24562014639377595,-0.004601486958563328,0.9693552255630493,0.37854108214378359,-0.9201356172561646,-0.1002843976020813],"EasingStyle":"Linear","EasingDirection":"Out"},"Left Arm":{"Weight":1,"CFrame":[-0.6211375594139099,-0.7403218150138855,0.14816725254058839,-0.16489307582378388,0.963801383972168,-0.2095164656639099,-0.25392159819602969,0.1637817919254303,0.9532572031021118,0.9530656337738037,0.21038633584976197,0.2177235186100006],"EasingStyle":"Linear","EasingDirection":"Out"},"Head":{"Weight":1,"CFrame":[1.0360963642597199e-7,-1.30385160446167e-8,1.1920928955078126e-7,0.9930331110954285,-0.008859839290380478,-0.1175023540854454,-0.01876184344291687,0.9725605845451355,-0.23189206421375276,0.11633267253637314,0.23248106241226197,0.9656186103820801],"EasingStyle":"Linear","EasingDirection":"Out"},"Torso":{"Weight":1,"CFrame":[0.018092960119247438,0.11899474263191223,-0.2702219486236572,0.9976455569267273,-0.02358524315059185,0.06439785659313202,0.01377428974956274,0.9887799024581909,0.1487434208393097,-0.06718345731496811,-0.14750617742538453,0.9867767095565796],"EasingStyle":"Linear","EasingDirection":"Out"},"HumanoidRootPart":{"Weight":0,"CFrame":[0,0,0,1,0,0,0,1,0,0,0,1],"EasingStyle":"Linear","EasingDirection":"In"},"Right Leg":{"Weight":1,"CFrame":[0.4451112151145935,0.11680638790130615,0.09468090534210205,0.8546735048294067,0.4756893813610077,-0.20797300338745118,-0.43458443880081179,0.8746736645698547,0.21466808021068574,0.28402388095855715,-0.09308935701847077,0.954287588596344],"EasingStyle":"Linear","EasingDirection":"Out"}}},{"Time":0.5333333611488342,"poses":{"Left Leg":{"Weight":1,"CFrame":[-0.41897818446159365,0.23384517431259156,0.03608560562133789,0.871825635433197,-0.4559517800807953,0.1789637804031372,0.34810546040534975,0.8337977528572083,0.4284902811050415,-0.34459054470062258,-0.31127047538757326,0.8856455683708191],"EasingStyle":"Linear","EasingDirection":"Out"},"Right Arm":{"Weight":1,"CFrame":[0.0031774044036865236,-0.33608824014663699,0.3166085481643677,0.8942776918411255,0.4054334759712219,-0.1894497573375702,0.19719728827476502,0.02301061525940895,0.9800937175750732,0.40172210335731509,-0.9138348698616028,-0.05937241017818451],"EasingStyle":"Linear","EasingDirection":"Out"},"Left Arm":{"Weight":1,"CFrame":[-0.6211377382278442,-0.740321934223175,0.14816737174987794,-0.1550450474023819,0.9679553508758545,-0.19754362106323243,-0.28921762108802798,0.14672666788101197,0.9459515810012817,0.9446238279342651,0.203798308968544,0.25720053911209109],"EasingStyle":"Linear","EasingDirection":"Out"},"Head":{"Weight":1,"CFrame":[9.313225746154785e-8,-4.016328603029251e-8,-1.1920928955078126e-7,0.9950222373008728,-0.00759001262485981,-0.09936346858739853,-0.015805860981345178,0.972453236579895,-0.23256146907806397,0.09839147329330445,0.23297439515590669,0.9674926400184631],"EasingStyle":"Linear","EasingDirection":"Out"},"Torso":{"Weight":1,"CFrame":[0.005979612469673157,0.1180005669593811,-0.23456382751464845,0.9982156157493591,0.02031840570271015,0.056149013340473178,-0.028420597314834596,0.9886535406112671,0.14750073850154878,-0.0525149405002594,-0.14883333444595338,0.9874668717384338],"EasingStyle":"Linear","EasingDirection":"Out"},"HumanoidRootPart":{"Weight":0,"CFrame":[0,0,0,1,0,0,0,1,0,0,0,1],"EasingStyle":"Linear","EasingDirection":"In"},"Right Leg":{"Weight":1,"CFrame":[0.43107953667640688,0.1161697506904602,0.06801831722259522,0.8841743469238281,0.4365937411785126,-0.16619712114334107,-0.4002416729927063,0.8914376497268677,0.21247504651546479,0.24091967940330506,-0.12134605646133423,0.9629293084144592],"EasingStyle":"Linear","EasingDirection":"Out"}}},{"Time":0.5666666626930237,"poses":{"Left Leg":{"Weight":1,"CFrame":[-0.3599931597709656,0.20968663692474366,0.053151726722717288,0.8643204569816589,-0.455581933259964,0.21306177973747254,0.34569016098976138,0.845837414264679,0.4062724709510803,-0.36530598998069765,-0.27749621868133547,0.8885647654533386],"EasingStyle":"Linear","EasingDirection":"Out"},"Right Arm":{"Weight":1,"CFrame":[-0.0018067657947540284,-0.37093234062194826,0.31815171241760256,0.8946520686149597,0.4181734323501587,-0.15725374221801759,0.1514451652765274,0.047279879450798038,0.9873342514038086,0.4203118681907654,-0.9071359038352966,-0.021031197160482408],"EasingStyle":"Linear","EasingDirection":"Out"},"Left Arm":{"Weight":1,"CFrame":[-0.6211376190185547,-0.7403220534324646,0.14816749095916749,-0.1400902420282364,0.9726507067680359,-0.18527112901210786,-0.31923195719718935,0.13275523483753205,0.9383320212364197,0.9372649788856506,0.19059564173221589,0.2919034957885742],"EasingStyle":"Linear","EasingDirection":"Out"},"Head":{"Weight":1,"CFrame":[9.872019290924072e-8,3.3993273973464969e-8,-5.960464477539063e-8,0.9985416531562805,-0.003712307894602418,-0.05385925620794296,-0.008971028961241246,0.9723533391952515,-0.2333420366048813,0.0532364659011364,0.2334849238395691,0.9709019660949707],"EasingStyle":"Linear","EasingDirection":"Out"},"Torso":{"Weight":1,"CFrame":[-0.006710678339004517,0.1176861822605133,-0.22072100639343263,0.9976028203964233,0.05793842300772667,0.03783780336380005,-0.0629090890288353,0.9871178865432739,0.14710773527622224,-0.028827182948589326,-0.14913544058799745,0.9883964657783508],"EasingStyle":"Linear","EasingDirection":"Out"},"HumanoidRootPart":{"Weight":0,"CFrame":[0,0,0,1,0,0,0,1,0,0,0,1],"EasingStyle":"Linear","EasingDirection":"In"},"Right Leg":{"Weight":1,"CFrame":[0.4480227828025818,0.13258230686187745,0.04730391502380371,0.8991525769233704,0.4178157150745392,-0.1302102506160736,-0.3823234736919403,0.8947219252586365,0.23087090253829957,0.21296349167823792,-0.15780578553676606,0.964232325553894],"EasingStyle":"Linear","EasingDirection":"Out"}}},{"Time":0.6000000238418579,"poses":{"Left Leg":{"Weight":1,"CFrame":[-0.3752724230289459,0.1927209496498108,0.07202756404876709,0.8488467335700989,-0.47631627321243288,0.22930754721164704,0.374338835477829,0.8478729724884033,0.37547552585601809,-0.37326884269714358,-0.23288245499134065,0.898017942905426],"EasingStyle":"Linear","EasingDirection":"Out"},"Right Arm":{"Weight":1,"CFrame":[-0.006236054003238678,-0.40696293115615847,0.3192802667617798,0.8950549364089966,0.4260009527206421,-0.13190846145153047,0.11568037420511246,0.06387635320425034,0.9912304878234863,0.4306909143924713,-0.9024649858474731,0.007893003523349762],"EasingStyle":"Linear","EasingDirection":"Out"},"Left Arm":{"Weight":1,"CFrame":[-0.6211376190185547,-0.7403214573860169,0.14816749095916749,-0.12645167112350465,0.9763301610946655,-0.17546923458576203,-0.34015074372291567,0.12348753958940506,0.932227611541748,0.9318301677703857,0.1775677353143692,0.3164842128753662],"EasingStyle":"Linear","EasingDirection":"Out"},"Head":{"Weight":1,"CFrame":[8.568167686462403e-8,6.600748747587204e-8,2.384185791015625e-7,0.9999836087226868,0.0015267647104337812,0.005520613864064217,-0.0001941588707268238,0.972302258014679,-0.23372700810432435,-0.0057245525531470779,0.23372212052345277,0.972286581993103],"EasingStyle":"Linear","EasingDirection":"Out"},"Torso":{"Weight":1,"CFrame":[-0.02600533701479435,0.11842888593673706,-0.2485663890838623,0.9971268773078919,0.07543004304170609,0.0069505092687904839,-0.07562673091888428,0.9860861301422119,0.14803612232208253,0.004312572535127401,-0.1481364369392395,0.9889575242996216],"EasingStyle":"Linear","EasingDirection":"Out"},"HumanoidRootPart":{"Weight":0,"CFrame":[0,0,0,1,0,0,0,1,0,0,0,1],"EasingStyle":"Linear","EasingDirection":"In"},"Right Leg":{"Weight":1,"CFrame":[0.519360363483429,0.17430806159973145,0.03552579879760742,0.8896461725234985,0.44221678376197817,-0.11390341073274613,-0.3998206555843353,0.8748173713684082,0.2735653817653656,0.22061996161937715,-0.1978355050086975,0.9550853371620178],"EasingStyle":"Linear","EasingDirection":"Out"}}},{"Time":0.6333333253860474,"poses":{"Left Leg":{"Weight":1,"CFrame":[-0.46095895767211916,0.18579530715942384,0.09048068523406983,0.8292659521102905,-0.5124793648719788,0.22289662063121797,0.4277098476886749,0.8387099504470825,0.33709022402763369,-0.3596974313259125,-0.18420235812664033,0.9147061109542847],"EasingStyle":"Linear","EasingDirection":"Out"},"Right Arm":{"Weight":1,"CFrame":[-0.009503811597824097,-0.4417882263660431,0.3197178840637207,0.8975796103477478,0.42495569586753847,-0.11731827259063721,0.09715314954519272,0.06890223920345307,0.9928815364837647,0.43001410365104678,-0.9025880098342896,0.020559530705213548],"EasingStyle":"Linear","EasingDirection":"Out"},"Left Arm":{"Weight":1,"CFrame":[-0.6