{"Sequence":[{"Time":0,"poses":{"Left Leg":{"Weight":1,"CFrame":[-0.4096773862838745,-0.313696026802063,0.009293913841247559,0.8529984354972839,-0.47962403297424319,0.2058020979166031,0.5166816711425781,0.720330536365509,-0.4627784788608551,0.07371402531862259,0.5010834336280823,0.8622538447380066],"EasingStyle":"Constant","EasingDirection":"In"},"Right Arm":{"Weight":1,"CFrame":[0.18450509011745454,0.25975501537323,0.012890458106994629,-0.8318163752555847,-0.3037737011909485,0.46454620361328127,0.3975037634372711,-0.9101619720458984,0.1166020855307579,0.3873916566371918,0.2816504240036011,0.877838671207428],"EasingStyle":"Constant","EasingDirection":"In"},"Head":{"Weight":1,"CFrame":[6.51925802230835e-8,-4.6566128730773929e-8,-5.960464477539063e-8,0.949116051197052,-0.012283689342439175,0.3146870732307434,0.10783450305461884,0.9515113234519959,-0.28809380531311037,-0.29588940739631655,0.30736851692199709,0.9044191837310791],"EasingStyle":"Constant","EasingDirection":"In"},"Right Leg":{"Weight":1,"CFrame":[0.49270567297935488,0.3794095516204834,-0.07478249073028565,0.8183469772338867,0.574256181716919,0.023195596411824228,-0.5116474628448486,0.7095555067062378,0.4845079183578491,0.2617732286453247,-0.4083636701107025,0.8744792938232422],"EasingStyle":"Constant","EasingDirection":"In"},"Torso":{"Weight":1,"CFrame":[0.374231219291687,-0.005061149597167969,-0.37256288528442385,0.947820246219635,-0.20031432807445527,-0.2480141818523407,0.230528324842453,0.9679991602897644,0.09916906803846359,0.22021250426769257,-0.15116876363754273,0.9636672139167786],"EasingStyle":"Constant","EasingDirection":"In"},"HumanoidRootPart":{"Weight":0,"CFrame":[0,0,0,1,0,0,0,1,0,0,0,1],"EasingStyle":"Linear","EasingDirection":"In"},"Left Arm":{"Weight":1,"CFrame":[0.0359121710062027,-0.25935399532318118,-0.08600300550460816,-0.8756882548332214,0.44408491253852847,0.18962816894054414,-0.4146842062473297,-0.892809271812439,0.17586581408977509,0.24740102887153626,0.07536771148443222,0.9659774303436279],"EasingStyle":"Constant","EasingDirection":"In"}}},{"Time":0.0416666679084301,"poses":{"Left Leg":{"Weight":1,"CFrame":[-0.480762779712677,-0.2106114625930786,0.03482687473297119,0.887824535369873,-0.43736180663108828,0.14311620593070985,0.4574451744556427,0.80491042137146,-0.37797248363494875,0.05011501535773277,0.4010410010814667,0.9146881699562073],"EasingStyle":"Constant","EasingDirection":"In"},"Right Arm":{"Weight":1,"CFrame":[0.2129257470369339,0.25933414697647097,0.017417311668395997,-0.9215818643569946,-0.23393389582633973,0.30977749824523928,0.3027185797691345,-0.9326509833335877,0.19627423584461213,0.2429991215467453,0.27465805411338808,0.930330216884613],"EasingStyle":"Constant","EasingDirection":"In"},"Head":{"Weight":1,"CFrame":[6.58910721540451e-8,2.2351741790771486e-8,-1.1920928955078126e-7,0.9722049236297607,0.019971495494246484,0.2332783192396164,0.025863394141197206,0.9810968637466431,-0.19178150594234467,-0.23269876837730409,0.1924842894077301,0.9533106088638306],"EasingStyle":"Constant","EasingDirection":"In"},"Right Leg":{"Weight":1,"CFrame":[0.4257413148880005,0.34272855520248415,-0.04292917251586914,0.8746412396430969,0.48468977212905886,-0.008866101503372193,-0.4485311210155487,0.8160592317581177,0.3645095229148865,0.18390941619873048,-0.3148384392261505,0.9311574697494507],"EasingStyle":"Constant","EasingDirection":"In"},"Torso":{"Weight":1,"CFrame":[0.3778030276298523,-0.04295411705970764,-0.31684255599975588,0.9625508189201355,-0.21109634637832642,-0.1701008379459381,0.22265642881393434,0.9735198020935059,0.05180288106203079,0.1546611189842224,-0.08773695677518845,0.9840641021728516],"EasingStyle":"Constant","EasingDirection":"In"},"HumanoidRootPart":{"Weight":0,"CFrame":[0,0,0,1,0,0,0,1,0,0,0,1],"EasingStyle":"Linear","EasingDirection":"In"},"Left Arm":{"Weight":1,"CFrame":[-0.032941922545433047,-0.03343126177787781,-0.056381821632385257,-0.909132719039917,0.35962456464767458,0.21011397242546082,-0.31726542115211489,-0.9247792363166809,0.21006236970424653,0.2698526084423065,0.12431267648935318,0.9548434019088745],"EasingStyle":"Constant","EasingDirection":"In"}}},{"Time":0.0833333358168602,"poses":{"Left Leg":{"Weight":1,"CFrame":[-0.480762779712677,-0.2106114625930786,0.03482687473297119,0.887824535369873,-0.43736180663108828,0.14311620593070985,0.4574451744556427,0.80491042137146,-0.37797248363494875,0.05011501535773277,0.4010410010814667,0.9146881699562073],"EasingStyle":"Constant","EasingDirection":"In"},"Right Arm":{"Weight":1,"CFrame":[0.2129257470369339,0.25933414697647097,0.017417311668395997,-0.9215818643569946,-0.23393389582633973,0.30977749824523928,0.3027185797691345,-0.9326509833335877,0.19627423584461213,0.2429991215467453,0.27465805411338808,0.930330216884613],"EasingStyle":"Constant","EasingDirection":"In"},"Head":{"Weight":1,"CFrame":[6.58910721540451e-8,2.2351741790771486e-8,-1.1920928955078126e-7,0.9722049236297607,0.019971495494246484,0.2332783192396164,0.025863394141197206,0.9810968637466431,-0.19178150594234467,-0.23269876837730409,0.1924842894077301,0.9533106088638306],"EasingStyle":"Constant","EasingDirection":"In"},"Right Leg":{"Weight":1,"CFrame":[0.4257413148880005,0.34272855520248415,-0.04292917251586914,0.8746412396430969,0.48468977212905886,-0.008866101503372193,-0.4485311210155487,0.8160592317581177,0.3645095229148865,0.18390941619873048,-0.3148384392261505,0.9311574697494507],"EasingStyle":"Constant","EasingDirection":"In"},"Torso":{"Weight":1,"CFrame":[0.3778030276298523,-0.04295411705970764,-0.31684255599975588,0.9625508189201355,-0.21109634637832642,-0.1701008379459381,0.22265642881393434,0.9735198020935059,0.05180288106203079,0.1546611189842224,-0.08773695677518845,0.9840641021728516],"EasingStyle":"Constant","EasingDirection":"In"},"HumanoidRootPart":{"Weight":0,"CFrame":[0,0,0,1,0,0,0,1,0,0,0,1],"EasingStyle":"Linear","EasingDirection":"In"},"Left Arm":{"Weight":1,"CFrame":[-0.032941922545433047,-0.03343126177787781,-0.056381821632385257,-0.909132719039917,0.35962456464767458,0.21011397242546082,-0.31726542115211489,-0.9247792363166809,0.21006236970424653,0.2698526084423065,0.12431267648935318,0.9548434019088745],"EasingStyle":"Constant","EasingDirection":"In"}}},{"Time":0.125,"poses":{"Left Leg":{"Weight":1,"CFrame":[-0.254694402217865,-0.15228092670440675,0.02802109718322754,0.9458765387535095,-0.3030467629432678,0.11610434204339981,0.3168838918209076,0.9396553635597229,-0.12896668910980225,-0.07001522928476334,0.15877819061279298,0.9848285913467407],"EasingStyle":"Constant","EasingDirection":"In"},"Right Arm":{"Weight":1,"CFrame":[0.43623125553131106,0.2560275197029114,0.052985191345214847,-0.7862862348556519,-0.341424822807312,-0.5149592757225037,0.1405782550573349,-0.9104514718055725,0.3889935612678528,-0.601657509803772,0.2334681898355484,0.7638722658157349],"EasingStyle":"Constant","EasingDirection":"In"},"Head":{"Weight":1,"CFrame":[4.0978193283081057e-8,7.310882210731507e-8,-5.960464477539063e-8,0.9955067038536072,0.022753998637199403,0.09191666543483734,-0.002287821378558874,0.976195752620697,-0.21687930822372437,-0.09466353058815003,0.21569450199604035,0.9718614816665649],"EasingStyle":"Constant","EasingDirection":"In"},"Right Leg":{"Weight":1,"CFrame":[0.4458703398704529,-0.0652761459350586,-0.027648448944091798,0.8947924375534058,0.44135740399360659,0.06745487451553345,-0.4462178945541382,0.889197051525116,0.10108548402786255,-0.015365801751613617,-0.12055019289255142,0.9925882816314697],"EasingStyle":"Constant","EasingDirection":"In"},"Torso":{"Weight":1,"CFrame":[0.10278734564781189,0.10265776515007019,-0.026278972625732423,0.9881332516670227,-0.14109933376312257,-0.06069324538111687,0.1479112207889557,0.9806404709815979,0.12832219898700715,0.04141207039356232,-0.13577662408351899,0.9898737072944641],"EasingStyle":"Constant","EasingDirection":"In"},"HumanoidRootPart":{"Weight":0,"CFrame":[0,0,0,1,0,0,0,1,0,0,0,1],"EasingStyle":"Linear","EasingDirection":"In"},"Left Arm":{"Weight":1,"CFrame":[-0.3193111717700958,0.25792407989501955,-0.0028096437454223634,-0.7458680868148804,0.36795300245285036,0.5552399754524231,-0.1659986674785614,-0.9099566340446472,0.38003087043762209,0.6450777649879456,0.19128377735614777,0.7397872805595398],"EasingStyle":"Constant","EasingDirection":"In"}}},{"Time":0.1666666716337204,"poses":{"Left Leg":{"Weight":1,"CFrame":[-0.12735223770141602,-0.10519587993621826,0.01648414134979248,0.9594957232475281,-0.26132750511169436,0.105242520570755,0.2655726373195648,0.9636747241020203,-0.02832593396306038,-0.09401725232601166,0.05512817203998566,0.9940431118011475],"EasingStyle":"Constant","EasingDirection":"In"},"Right Arm":{"Weight":1,"CFrame":[0.4443514943122864,0.25590699911117556,0.05427849292755127,-0.7389335632324219,-0.43064793944358828,-0.5181888341903687,0.20341646671295167,-0.8757795095443726,0.43775808811187746,-0.6423386931419373,0.21806587278842927,0.7347437143325806],"EasingStyle":"Constant","EasingDirection":"In"},"Head":{"Weight":1,"CFrame":[4.646155815635211e-8,0,-4.76837158203125e-7,1,-5.387560975123051e-8,8.688326857964057e-8,6.318069978306085e-8,0.9938287138938904,-0.11092552542686463,-8.03709028218691e-8,0.11092553287744522,0.9938287138938904],"EasingStyle":"Constant","EasingDirection":"In"},"Right Leg":{"Weight":1,"CFrame":[0.12935611605644227,-0.07149434089660645,0.019580602645874025,0.9574905633926392,0.2651824951171875,-0.11353519558906555,-0.2626318037509918,0.964181125164032,0.037138931453228,0.11931716650724411,-0.005742211360484362,0.9928396344184876],"EasingStyle":"Constant","EasingDirection":"In"},"Torso":{"Weight":1,"CFrame":[2.4490415805196296e-17,0.11029502749443054,0.03910326957702637,1,-2.12041380737252e-18,-8.742277657347586e-8,1.2052871589673942e-8,0.9904505014419556,0.13786877691745759,8.658793149152189e-8,-0.13786877691745759,0.9904505014419556],"EasingStyle":"Constant","EasingDirection":"In"},"HumanoidRootPart":{"Weight":0,"CFrame":[0,0,0,1,0,0,0,1,0,0,0,1],"EasingStyle":"Linear","EasingDirection":"In"},"Left Arm":{"Weight":1,"CFrame":[-0.4443514943122864,0.2559068202972412,0.05427873134613037,-0.7389335632324219,0.4306477904319763,0.5181887745857239,-0.2034166157245636,-0.8757795691490173,0.4377579092979431,0.6423386335372925,0.2180657833814621,0.7347437739372253],"EasingStyle":"Constant","EasingDirection":"In"}}},{"Time":0.2083333283662796,"poses":{"Left Leg":{"Weight":1,"CFrame":[-0.12735223770141602,-0.10519587993621826,0.01648414134979248,0.9594957232475281,-0.26132750511169436,0.105242520570755,0.2655726373195648,0.9636747241020203,-0.02832593396306038,-0.09401725232601166,0.05512817203998566,0.9940431118011475],"EasingStyle":"Constant","EasingDirection":"In"},"Right Arm":{"Weight":1,"CFrame":[0.4443514943122864,0.25590699911117556,0.05427849292755127,-0.7389335632324219,-0.43064793944358828,-0.5181888341903687,0.20341646671295167,-0.8757795095443726,0.43775808811187746,-0.6423386931419373,0.21806587278842927,0.7347437143325806],"EasingStyle":"Constant","EasingDirection":"In"},"Head":{"Weight":1,"CFrame":[4.646155815635211e-8,0,-4.76837158203125e-7,1,-5.387560975123051e-8,8.688326857964057e-8,6.318069978306085e-8,0.9938287138938904,-0.11092552542686463,-8.03709028218691e-8,0.11092553287744522,0.9938287138938904],"EasingStyle":"Constant","EasingDirection":"In"},"Right Leg":{"Weight":1,"CFrame":[0.12935611605644227,-0.07149434089660645,0.019580602645874025,0.9574905633926392,0.2651824951171875,-0.11353519558906555,-0.2626318037509918,0.964181125164032,0.037138931453228,0.11931716650724411,-0.005742211360484362,0.9928396344184876],"EasingStyle":"Constant","EasingDirection":"In"},"Torso":{"Weight":1,"CFrame":[2.4490415805196296e-17,0.11029502749443054,0.03910326957702637,1,-2.12041380737252e-18,-8.742277657347586e-8,1.2052871589673942e-8,0.9904505014419556,0.13786877691745759,8.658793149152189e-8,-0.13786877691745759,0.9904505014419556],"EasingStyle":"Constant","EasingDirection":"In"},"HumanoidRootPart":{"Weight":0,"CFrame":[0,0,0,1,0,0,0,1,0,0,0,1],"EasingStyle":"Linear","EasingDirection":"In"},"Left Arm":{"Weight":1,"CFrame":[-0.4443514943122864,0.2559068202972412,0.05427873134613037,-0.7389335632324219,0.4306477904319763,0.5181887745857239,-0.2034166157245636,-0.8757795691490173,0.4377579092979431,0.6423386335372925,0.2180657833814621,0.7347437739372253],"EasingStyle":"Constant","EasingDirection":"In"}}},{"Time":0.25,"poses":{"Left Leg":{"Weight":1,"CFrame":[-0.4458700716495514,-0.06527626514434815,-0.027648091316223146,0.8948988914489746,-0.44114166498184206,-0.0674542486667633,0.44600340723991396,0.8893046379089356,0.10108551383018494,0.015394311398267746,-0.1205461174249649,0.9925884008407593],"EasingStyle":"Constant","EasingDirection":"In"},"Right Arm":{"Weight":1,"CFrame":[0.3193111717700958,0.25792425870895388,-0.0028098225593566896,-0.7458680272102356,-0.3679531514644623,-0.5552399754524231,0.1659984588623047,-0.9099566340446472,0.38003095984458926,-0.6450778841972351,0.19128388166427613,0.739787220954895],"EasingStyle":"Constant","EasingDirection":"In"},"Head":{"Weight":1,"CFrame":[1.2293457984924317e-7,4.237517714500427e-8,-5.960464477539063e-8,0.9955067038536072,-0.022754043340682985,-0.09191647917032242,0.0022879131138324739,0.976195752620697,-0.21687929332256318,0.0946633517742157,0.21569448709487916,0.9718614816665649],"EasingStyle":"Constant","EasingDirection":"In"},"Right Leg":{"Weight":1,"CFrame":[0.25468194484710696,-0.15228140354156495,0.02801966667175293,0.9458059668540955,0.3032675087451935,-0.11610367149114609,-0.31710317730903628,0.9395814538002014,-0.1289665699005127,0.0699775218963623,0.1587940901517868,0.984828770160675],"EasingStyle":"Constant","EasingDirection":"In"},"Torso":{"Weight":1,"CFrame":[-0.10278734564781189,0.1026577353477478,-0.026278972625732423,0.9881332516670227,0.14109931886196137,0.06069306656718254,-0.1479111760854721,0.9806404709815979,0.12832221388816834,-0.04141189530491829,-0.1357766091823578,0.9898737072944641],"EasingStyle":"Constant","EasingDirection":"In"},"HumanoidRootPart":{"Weight":0,"CFrame":[0,0,0,1,0,0,0,1,0,0,0,1],"EasingStyle":"Linear","EasingDirection":"In"},"Left Arm":{"Weight":1,"CFrame":[-0.4362313747406006,0.25602710247039797,0.052985310554504397,-0.7862862348556519,0.3414246737957001,0.5149592757225037,-0.14057843387126923,-0.9104515910148621,0.3889934718608856,0.6016573905944824,0.2334679812192917,0.763872504234314],"EasingStyle":"Constant","EasingDirection":"In"}}},{"Time":0.2916666567325592,"poses":{"Left Leg":{"Weight":1,"CFrame":[-0.4458700716495514,-0.06527626514434815,-0.027648091316223146,0.8948988914489746,-0.44114166498184206,-0.0674542486667633,0.44600340723991396,0.8893046379089356,0.10108551383018494,0.015394311398267746,-0.1205461174249649,0.9925884008407593],"EasingStyle":"Constant","EasingDirection":"In"},"Right Arm":{"Weight":1,"CFrame":[0.3193111717700958,0.25792425870895388,-0.0028098225593566896,-0.7458680272102356,-0.3679531514644623,-0.5552399754524231,0.1659984588623047,-0.9099566340446472,0.38003095984458926,-0.6450778841972351,0.19128388166427613,0.739787220954895],"EasingStyle":"Constant","EasingDirection":"In"},"Head":{"Weight":1,"CFrame":[1.2293457984924317e-7,4.237517714500427e-8,-5.960464477539063e-8,0.9955067038536072,-0.022754043340682985,-0.09191647917032242,0.0022879131138324739,0.976195752620697,-0.21687929332256318,0.0946633517742157,0.21569448709487916,0.9718614816665649],"EasingStyle":"Constant","EasingDirection":"In"},"Right Leg":{"Weight":1,"CFrame":[0.25468194484710696,-0.15228140354156495,0.02801966667175293,0.9458059668540955,0.3032675087451935,-0.11610367149114609,-0.31710317730903628,0.9395814538002014,-0.1289665699005127,0.0699775218963623,0.1587940901517868,0.984828770160675],"EasingStyle":"Constant","EasingDirection":"In"},"Torso":{"Weight":1,"CFrame":[-0.10278734564781189,0.1026577353477478,-0.026278972625732423,0.9881332516670227,0.14109931886196137,0.06069306656718254,-0.1479111760854721,0.9806404709815979,0.12832221388816834,-0.04141189530491829,-0.1357766091823578,0.9898737072944641],"EasingStyle":"Constant","EasingDirection":"In"},"HumanoidRootPart":{"Weight":0,"CFrame":[0,0,0,1,0,0,0,1,0,0,0,1],"EasingStyle":"Linear","EasingDirection":"In"},"Left Arm":{"Weight":1,"CFrame":[-0.4362313747406006,0.25602710247039797,0.052985310554504397,-0.7862862348556519,0.3414246737957001,0.5149592757225037,-0.14057843387126923,-0.9104515910148621,0.3889934718608856,0.6016573905944824,0.2334679812192917,0.763872504234314],"EasingStyle":"Constant","EasingDirection":"In"}}},{"Time":0.3333333432674408,"poses":{"Left Leg":{"Weight":1,"CFrame":[-0.49270573258399966,0.3794093132019043,-0.0747823715209961,0.8184854388237,-0.5740588903427124,-0.023195158690214158,0.5114760398864746,0.7096790075302124,0.48450803756713869,-0.26167502999305727,-0.40842655301094057,0.8744792938232422],"EasingStyle":"Constant","EasingDirection":"In"},"Right Arm":{"Weight":1,"CFrame":[-0.035912200808525088,-0.25935402512550356,-0.08600300550460816,-0.8756882548332214,-0.4440849721431732,-0.18962819874286652,0.41468408703804018,-0.892809271812439,0.17586606740951539,-0.24740129709243775,0.07536785304546356,0.9659773707389832],"EasingStyle":"Constant","EasingDirection":"In"},"Head":{"Weight":1,"CFrame":[1.5832483768463136e-7,-1.6763806343078614e-8,0,0.949116051197052,0.012283655814826489,-0.3146868944168091,-0.10783439874649048,0.9515113830566406,-0.28809377551078799,0.2958892583847046,0.30736851692199709,0.9044192433357239],"EasingStyle":"Constant","EasingDirection":"In"},"Right Leg":{"Weight":1,"CFrame":[0.4096779227256775,-0.313696026802063,0.009293794631958008,0.8528827428817749,0.4798299968242645,-0.20580145716667176,-0.5168554186820984,0.720206081867218,-0.4627784788608551,-0.07383539527654648,0.5010652542114258,0.8622540235519409],"EasingStyle":"Constant","EasingDirection":"In"},"Torso":{"Weight":1,"CFrame":[-0.374231219291687,-0.005061149597167969,-0.37256288528442385,0.947820246219635,0.20031432807445527,0.24801403284072877,-0.23052829504013062,0.9679991602897644,0.09916912764310837,-0.22021232545375825,-0.15116876363754273,0.9636673331260681],"EasingStyle":"Constant","EasingDirection":"In"},"HumanoidRootPart":{"Weight":0,"CFrame":[0,0,0,1,0,0,0,1,0,0,0,1],"EasingStyle":"Linear","EasingDirection":"In"},"Left Arm":{"Weight":1,"CFrame":[-0.18450509011745454,0.25975459814071658,0.01289057731628418,-0.8318163752555847,0.30377358198165896,-0.4645462930202484,-0.3975037634372711,-0.9101619124412537,0.11660190671682358,-0.38739174604415896,0.28165021538734438,0.8778387308120728],"EasingStyle":"Constant","EasingDirection":"In"}}},{"Time":0.375,"poses":{"Left Leg":{"Weight":1,"CFrame":[-0.39590275287628176,0.3569842576980591,-0.06382179260253906,0.8854112029075623,-0.46480536460876467,0.0017471550963819028,0.4313082695007324,0.8229918479919434,0.3696722686290741,-0.1732635796070099,-0.326558381319046,0.9291605949401856],"EasingStyle":"Constant","EasingDirection":"In"},"Right Arm":{"Weight":1,"CFrame":[-0.03591214120388031,-0.25935420393943789,-0.08600306510925293,-0.8756882548332214,-0.4440850019454956,-0.18962809443473817,0.4146841764450073,-0.8928092122077942,0.17586606740951539,-0.24740128219127656,0.07536797225475311,0.9659774303436279],"EasingStyle":"Constant","EasingDirection":"In"},"Head":{"Weight":1,"CFrame":[1.725275069475174e-7,-7.450580596923828e-9,-2.384185791015625e-7,0.9491161108016968,0.012283647432923317,-0.3146868646144867,-0.10783437639474869,0.9515113234519959,-0.28809380531311037,0.295889288187027,0.30736851692199709,0.9044193029403687],"EasingStyle":"Constant","EasingDirection":"In"},"Right Leg":{"Weight":1,"CFrame":[0.4587542414665222,-0.21504342555999757,0.05211460590362549,0.8818950057029724,0.4355912208557129,-0.18033738434314729,-0.4711270034313202,0.8002024292945862,-0.3711004853248596,-0.017341606318950654,0.4122333824634552,0.9109132289886475],"EasingStyle":"Constant","EasingDirection":"In"},"Torso":{"Weight":1,"CFrame":[-0.3604753613471985,-0.04295411705970764,-0.31684255599975588,0.962550938129425,0.21109634637832642,0.17010067403316499,-0.22265645861625672,0.9735198020935059,0.051802925765514377,-0.15466095507144929,-0.08773695677518845,0.9840642213821411],"EasingStyle":"Constant","EasingDirection":"In"},"HumanoidRootPart":{"Weight":0,"CFrame":[0,0,0,1,0,0,0,1,0,0,0,1],"EasingStyle":"Linear","EasingDirection":"In"},"Left Arm":{"Weight":1,"CFrame":[-0.18450511991977693,0.2597547769546509,0.01289069652557373,-0.8318163752555847,0.303773432970047,-0.46454623341560366,-0.39750367403030398,-0.9101619720458984,0.11660195142030716,-0.38739171624183657,0.2816500961780548,0.8778387308120728],"EasingStyle":"Constant","EasingDirection":"In"}}},{"Time":0.4166666567325592,"poses":{"Left Leg":{"Weight":1,"CFrame":[-0.39590275287628176,0.3569842576980591,-0.06382179260253906,0.8854112029075623,-0.46480536460876467,0.0017471550963819028,0.4313082695007324,0.8229918479919434,0.3696722686290741,-0.1732635796070099,-0.326558381319046,0.9291605949401856],"EasingStyle":"Constant","EasingDirection":"In"},"Right Arm":{"Weight":1,"CFrame":[-0.03591214120388031,-0.25935420393943789,-0.08600306510925293,-0.8756882548332214,-0.4440850019454956,-0.18962809443473817,0.4146841764450073,-0.8928092122077942,0.17586606740951539,-0.24740128219127656,0.07536797225475311,0.9659774303436279],"EasingStyle":"Constant","EasingDirection":"In"},"Head":{"Weight":1,"CFrame":[1.725275069475174e-7,-7.450580596923828e-9,-2.384185791015625e-7,0.9491161108016968,0.012283647432923317,-0.3146868646144867,-0.10783437639474869,0.9515113234519959,-0.28809380531311037,0.295889288187027,0.30736851692199709,0.9044193029403687],"EasingStyle":"Constant","EasingDirection":"In"},"Right Leg":{"Weight":1,"CFrame":[0.4587542414665222,-0.21504342555999757,0.05211460590362549,0.8818950057029724,0.4355912208557129,-0.18033738434314729,-0.4711270034313202,0.8002024292945862,-0.3711004853248596,-0.017341606318950654,0.4122333824634552,0.9109132289886475],"EasingStyle":"Constant","EasingDirection":"In"},"Torso":{"Weight":1,"CFrame":[-0.3604753613471985,-0.04295411705970764,-0.31684255599975588,0.962550938129425,0.21109634637832642,0.17010067403316499,-0.22265645861625672,0.9735198020935059,0.051802925765514377,-0.15466095507144929,-0.08773695677518845,0.9840642213821411],"EasingStyle":"Constant","EasingDirection":"In"},"HumanoidRootPart":{"Weight":0,"CFrame":[0,0,0,1,0,0,0,1,0,0,0,1],"EasingStyle":"Linear","EasingDirection":"In"},"Left Arm":{"Weight":1,"CFrame":[-0.18450511991977693,0.2597547769546509,0.01289069652557373,-0.8318163752555847,0.303773432970047,-0.46454623341560366,-0.39750367403030398,-0.9101619720458984,0.11660195142030716,-0.38739171624183657,0.2816500961780548,0.8778387308120728],"EasingStyle":"Constant","EasingDirection":"In"}}},{"Time":0.4583333432674408,"poses":{"Left Leg":{"Weight":1,"CFrame":[-0.44586992263793948,-0.06527650356292725,-0.027648210525512697,0.8948989510536194,-0.44114166498184206,-0.06745424121618271,0.44600343704223635,0.8893045783042908,0.10108549147844315,0.015394307672977448,-0.1205461174249649,0.9925884008407593],"EasingStyle":"Constant","EasingDirection":"In"},"Right Arm":{"Weight":1,"CFrame":[0.3193112313747406,0.25792425870895388,-0.0028098225593566896,-0.7458680272102356,-0.3679530918598175,-0.5552399754524231,0.16599847376346589,-0.9099566340446472,0.3800309896469116,-0.6450778841972351,0.19128385186195374,0.739787220954895],"EasingStyle":"Constant","EasingDirection":"In"},"Head":{"Weight":1,"CFrame":[1.1548399925231934e-7,1.3969838619232178e-8,0,0.9955067038536072,-0.022754058241844178,-0.09191650152206421,0.002287923824042082,0.976195752620697,-0.21687932312488557,0.09466337412595749,0.21569450199604035,0.9718614816665649],"EasingStyle":"Constant","EasingDirection":"In"},"Right Leg":{"Weight":1,"CFrame":[0.25468188524246218,-0.15228140354156495,0.02801978588104248,0.9458059072494507,0.30326762795448305,-0.11610378324985504,-0.3171033263206482,0.9395814538002014,-0.1289665400981903,0.06997762620449066,0.15879414975643159,0.984828770160675],"EasingStyle":"Constant","EasingDirection":"In"},"Torso":{"Weight":1,"CFrame":[-0.10278734564781189,0.10265776515007019,-0.026278972625732423,0.9881332516670227,0.14109933376312257,0.06069307401776314,-0.1479111909866333,0.9806404709815979,0.12832222878932954,-0.04141189903020859,-0.13577662408351899,0.9898737072944641],"EasingStyle":"Constant","EasingDirection":"In"},"HumanoidRootPart":{"Weight":0,"CFrame":[0,0,0,1,0,0,0,1,0,0,0,1],"EasingStyle":"Linear","EasingDirection":"In"},"Left Arm":{"Weight":1,"CFrame":[-0.4362313449382782,0.25602734088897707,0.052985310554504397,-0.7862862944602966,0.34142470359802248,0.5149592757225037,-0.14057844877243043,-0.9104515910148621,0.3889934718608856,0.6016574501991272,0.23346799612045289,0.763872504234314],"EasingStyle":"Constant","EasingDirection":"In"}}},{"Time":0.5,"poses":{"Left Leg":{"Weight":1,"CFrame":[-0.12940217554569245,-0.07149708271026612,0.01958596706390381,0.9575470685958862,-0.2649778425693512,0.11353589594364166,0.26242560148239138,0.9642372131347656,0.03713888302445412,-0.11931657046079636,-0.005767523776739836,0.9928395748138428],"EasingStyle":"Constant","EasingDirection":"In"},"Right Arm":{"Weight":1,"CFrame":[0.4443514943122864,0.25590699911117556,0.05427849292755127,-0.7389336228370667,-0.4306478798389435,-0.5181888341903687,0.20341642200946809,-0.8757795095443726,0.43775811791419985,-0.6423386931419373,0.21806590259075166,0.7347436547279358],"EasingStyle":"Constant","EasingDirection":"In"},"Head":{"Weight":1,"CFrame":[1.2838393104175339e-7,0,-4.76837158203125e-7,1,-5.387560975123051e-8,8.688326857964057e-8,6.318069978306085e-8,0.9938287138938904,-0.11092552542686463,-8.03709028218691e-8,0.11092553287744522,0.9938287138938904],"EasingStyle":"Constant","EasingDirection":"In"},"Right Leg":{"Weight":1,"CFrame":[0.1272907704114914,-0.10519170761108399,0.01647770404815674,0.9594422578811646,0.261523962020874,-0.10524189472198487,-0.26576998829841616,0.9636202454566956,-0.02832588367164135,0.09400539100170136,0.055147163569927219,0.9940431714057922],"EasingStyle":"Constant","EasingDirection":"In"},"Torso":{"Weight":1,"CFrame":[-2.4490415805196296e-17,0.11029502749443054,0.03910326957702637,1,2.12041380737252e-18,-8.742277657347586e-8,1.2052871589673942e-8,0.9904505014419556,0.13786877691745759,8.658793149152189e-8,-0.13786877691745759,0.9904505014419556],"EasingStyle":"Constant","EasingDirection":"In"},"HumanoidRootPart":{"Weight":0,"CFrame":[0,0,0,1,0,0,0,1,0,0,0,1],"EasingStyle":"Linear","EasingDirection":"In"},"Left Arm":{"Weight":1,"CFrame":[-0.4443514943122864,0.2559068202972412,0.05427873134613037,-0.7389335632324219,0.4306478500366211,0.5181887745857239,-0.20341667532920838,-0.8757795691490173,0.4377578794956207,0.6423386931419373,0.2180657833814621,0.7347438335418701],"EasingStyle":"Constant","EasingDirection":"In"}}},{"Time":0.5416666865348816,"poses":{"Left Leg":{"Weight":1,"CFrame":[-0.12940217554569245,-0.07149708271026612,0.01958596706390381,0.9575470685958862,-0.2649778425693512,0.11353589594364166,0.26242560148239138,0.9642372131347656,0.03713888302445412,-0.11931657046079636,-0.005767523776739836,0.9928395748138428],"EasingStyle":"Constant","EasingDirection":"In"},"Right Arm":{"Weight":1,"CFrame":[0.4443514943122864,0.25590699911117556,0.05427849292755127,-0.7389336228370667,-0.4306478798389435,-0.5181888341903687,0.20341642200946809,-0.8757795095443726,0.43775811791419985,-0.6423386931419373,0.21806590259075166,0.7347436547279358],"EasingStyle":"Constant","EasingDirection":"In"},"Head":{"Weight":1,"CFrame":[1.2838393104175339e-7,0,-4.76837158203125e-7,1,-5.387560975123051e-8,8.688326857964057e-8,6.318069978306085e-8,0.9938287138938904,-0.11092552542686463,-8.03709028218691e-8,0.11092553287744522,0.9938287138938904],"EasingStyle":"Constant","EasingDirection":"In"},"Right Leg":{"Weight":1,"CFrame":[0.1272907704114914,-0.10519170761108399,0.01647770404815674,0.9594422578811646,0.261523962020874,-0.10524189472198487,-0.26576998829841616,0.9636202454566956,-0.02832588367164135,0.09400539100170136,0.055147163569927219,0.9940431714057922],"EasingStyle":"Constant","EasingDirection":"In"},"Torso":{"Weight":1,"CFrame":[-2.4490415805196296e-17,0.11029502749443054,0.03910326957702637,1,2.12041380737252e-18,-8.742277657347586e-8,1.2052871589673942e-8,0.9904505014419556,0.13786877691745759,8.658793149152189e-8,-0.13786877691745759,0.9904505014419556],"EasingStyle":"Constant","EasingDirection":"In"},"HumanoidRootPart":{"Weight":0,"CFrame":[0,0,0,1,0,0,0,1,0,0,0,1],"EasingStyle":"Linear","EasingDirection":"In"},"Left Arm":{"Weight":1,"CFrame":[-0.4443514943122864,0.2559068202972412,0.05427873134613037,-0.7389335632324219,0.4306478500366211,0.5181887745857239,-0.20341667532920838,-0.8757795691490173,0.4377578794956207,0.6423386931419373,0.2180657833814621,0.7347438335418701],"EasingStyle":"Constant","EasingDirection":"In"}}},{"Time":0.5833333134651184,"poses":{"Left Leg":{"Weight":1,"CFrame":[-0.25469428300857546,-0.1522810459136963,0.02802109718322754,0.9458766579627991,-0.30304667353630068,0.1161043718457222,0.3168838620185852,0.9396554231643677,-0.12896668910980225,-0.07001525908708573,0.1587781459093094,0.9848286509513855],"EasingStyle":"Constant","EasingDirection":"In"},"Right Arm":{"Weight":1,"CFrame":[0.4362313151359558,0.2560272216796875,0.052985191345214847,-0.7862862348556519,-0.3414247930049896,-0.5149592757225037,0.1405782699584961,-0.9104514718055725,0.3889935612678528,-0.601657509803772,0.2334681898355484,0.7638723254203796],"EasingStyle":"Constant","EasingDirection":"In"},"Head":{"Weight":1,"CFrame":[4.470348358154297e-8,7.171183824539185e-8,-5.960464477539063e-8,0.9955067038536072,0.022753968834877015,0.09191664308309555,-0.0022878097370266916,0.976195752620697,-0.21687929332256318,-0.09466350078582764,0.21569450199604035,0.9718614816665649],"EasingStyle":"Constant","EasingDirection":"In"},"Right Leg":{"Weight":1,"CFrame":[0.44587022066116335,-0.06527626514434815,-0.027648329734802247,0.8947925567626953,0.44135749340057375,0.06745480000972748,-0.44621795415878298,0.889197051525116,0.10108552873134613,-0.015365703962743283,-0.12055017054080963,0.9925883412361145],"EasingStyle":"Constant","EasingDirection":"In"},"Torso":{"Weight":1,"CFrame":[0.10278734564781189,0.1026577353477478,-0.026278972625732423,0.9881332516670227,-0.14109931886196137,-0.06069323793053627,0.1479112058877945,0.9806404709815979,0.12832218408584596,0.04141206666827202,-0.1357766091823578,0.9898737072944641],"EasingStyle":"Constant","EasingDirection":"In"},"HumanoidRootPart":{"Weight":0,"CFrame":[0,0,0,1,0,0,0,1,0,0,0,1],"EasingStyle":"Linear","EasingDirection":"In"},"Left Arm":{"Weight":1,"CFrame":[-0.3193111717700958,0.25792407989501955,-0.0028097033500671388,-0.7458680868148804,0.36795303225517275,0.5552399754524231,-0.1659986674785614,-0.9099566340446472,0.38003087043762209,0.6450777649879456,0.19128377735614777,0.7397872805595398],"EasingStyle":"Constant","EasingDirection":"In"}}},{"Time":0.625,"poses":{"Left Leg":{"Weight":1,"CFrame":[-0.25469428300857546,-0.1522810459136963,0.02802109718322754,0.9458766579627991,-0.30304667353630068,0.1161043718457222,0.3168838620185852,0.9396554231643677,-0.12896668910980225,-0.07001525908708573,0.1587781459093094,0.9848286509513855],"EasingStyle":"Constant","EasingDirection":"In"},"Right Arm":{"Weight":1,"CFrame":[0.4362313151359558,0.2560272216796875,0.052985191345214847,-0.7862862348556519,-0.3414247930049896,-0.5149592757225037,0.1405782699584961,-0.9104514718055725,0.3889935612678528,-0.601657509803772,0.2334681898355484,0.7638723254203796],"EasingStyle":"Constant","EasingDirection":"In"},"Head":{"Weight":1,"CFrame":[4.470348358154297e-8,7.171183824539185e-8,-5.960464477539063e-8,0.9955067038536072,0.022753968834877015,0.09191664308309555,-0.0022878097370266916,0.976195752620697,-0.21687929332256318,-0.09466350078582764,0.21569450199604035,0.9718614816665649],"EasingStyle":"Constant","EasingDirection":"In"},"Right Leg":{"Weight":1,"CFrame":[0.44587022066116335,-0.06527626514434815,-0.027648329734802247,0.8947925567626953,0.44135749340057375,0.06745480000972748,-0.44621795415878298,0.889197051525116,0.10108552873134613,-0.015365703962743283,-0.12055017054080963,0.9925883412361145],"EasingStyle":"Constant","EasingDirection":"In"},"Torso":{"Weight":1,"CFrame":[0.10278734564781189,0.1026577353477478,-0.026278972625732423,0.9881332516670227,-0.14109931886196137,-0.06069323793053627,0.1479112058877945,0.9806404709815979,0.12832218408584596,0.04141206666827202,-0.1357766091823578,0.9898737072944641],"EasingStyle":"Constant","EasingDirection":"In"},"HumanoidRootPart":{"Weight":0,"CFrame":[0,0,0,1,0,0,0,1,0,0,0,1],"EasingStyle":"Linear","EasingDirection":"In"},"Left Arm":{"Weight":1,"CFrame":[-0.3193111717700958,0.25792407989501955,-0.0028097033500671388,-0.7458680868148804,0.36795303225517275,0.5552399754524231,-0.1659986674785614,-0.9099566340446472,0.38003087043762209,0.6450777649879456,0.19128377735614777,0.7397872805595398],"EasingStyle":"Constant","EasingDirection":"In"}}},{"Time":0.6666666865348816,"poses":{"Left Leg":{"Weight":1,"CFrame":[-0.4096773862838745,-0.313696026802063,0.009293913841247559,0.8529984354972839,-0.47962403297424319,0.2058020979166031,0.5166816711425781,0.720330536365509,-0.4627784788608551,0.07371402531862259,0.5010834336280823,0.8622538447380066],"EasingStyle":"Constant","EasingDirection":"In"},"Right Arm":{"Weight":1,"CFrame":[0.18450509011745454,0.25975501537323,0.012890458106994629,-0.8318163752555847,-0.3037737011909485,0.46454620361328127,0.3975037634372711,-0.9101619720458984,0.1166020855307579,0.3873916566371918,0.2816504240036011,0.877838671207428],"EasingStyle":"Constant","EasingDirection":"In"},"Head":{"Weight":1,"CFrame":[6.51925802230835e-8,-4.6566128730773929e-8,-5.960464477539063e-8,0.949116051197052,-0.012283689342439175,0.3146870732307434,0.10783450305461884,0.9515113234519959,-0.28809380531311037,-0.29588940739631655,0.30736851692199709,0.9044191837310791],"EasingStyle":"Constant","EasingDirection":"In"},"Right Leg":{"Weight":1,"CFrame":[0.49270567297935488,0.3794095516204834,-0.07478249073028565,0.8183469772338867,0.574256181716919,0.023195596411824228,-0.5116474628448486,0.7095555067062378,0.4845079183578491,0.2617732286453247,-0.4083636701107025,0.8744792938232422],"EasingStyle":"Constant","EasingDirection":"In"},"Torso":{"Weight":1,"CFrame":[0.374231219291687,-0.005061149597167969,-0.37256288528442385,0.947820246219635,-0.20031432807445527,-0.2480141818523407,0.230528324842453,0.9679991602897644,0.09916906803846359,0.22021250426769257,-0.15116876363754273,0.9636672139167786],"EasingStyle":"Constant","EasingDirection":"In"},"HumanoidRootPart":{"Weight":0,"CFrame":[0,0,0,1,0,0,0,1,0,0,0,1],"EasingStyle":"Linear","EasingDirection":"In"},"Left Arm":{"Weight":1,"CFrame":[0.0359121710062027,-0.25935399532318118,-0.08600300550460816,-0.8756882548332214,0.44408491253852847,0.18962816894054414,-0.4146842062473297,-0.892809271812439,0.17586581408977509,0.24740102887153626,0.07536771148443222,0.9659774303436279],"EasingStyle":"Constant","EasingDirection":"In"}}}],"Loop":true,"Name":"Caramelldansen 2_Loop","Priority":"Action"}