{"Sequence":[{"Time":0,"poses":{"Left Leg":{"Weight":1,"CFrame":[-0.5161731839179993,-0.06644546985626221,0.2624826431274414,0.897488534450531,-0.29220151901245119,0.33035236597061159,0.41802749037742617,0.8023728132247925,-0.42597052454948428,-0.14059653878211976,0.5204000473022461,0.8422686457633972],"EasingStyle":"Linear","EasingDirection":"In"},"Right Arm":{"Weight":1,"CFrame":[0.6715022921562195,0.18737995624542237,0.07454264163970947,-0.7922736406326294,-0.3505716025829315,-0.4994017779827118,-0.05275404453277588,-0.7760478854179382,0.6284637451171875,-0.6078812479972839,0.5242606401443481,0.596348226070404],"EasingStyle":"Linear","EasingDirection":"In"},"Head":{"Weight":1,"CFrame":[9.499490261077881e-8,2.6542693376541139e-8,1.1920928955078126e-7,0.9716826677322388,-0.1030050590634346,0.2126564383506775,0.09114483743906021,0.993722677230835,0.0648680031299591,-0.2180032581090927,-0.04364856332540512,0.9749714732170105],"EasingStyle":"Linear","EasingDirection":"In"},"Right Leg":{"Weight":1,"CFrame":[0.8791624903678894,0.5478205680847168,-0.4837270975112915,0.9229626655578613,0.27707338333129885,0.2671521008014679,-0.37466639280319216,0.8056844472885132,0.45880019664764407,-0.08811885863542557,-0.5235484838485718,0.8474268317222595],"EasingStyle":"Linear","EasingDirection":"In"},"Torso":{"Weight":1,"CFrame":[0.10162609815597534,-0.023170650005340577,-0.5003187656402588,0.9803673028945923,0.09419915825128555,-0.1732238382101059,-0.11083795875310898,0.9898442029953003,-0.08901458233594895,0.16307950019836427,0.10646677017211914,0.9808516502380371],"EasingStyle":"Linear","EasingDirection":"In"},"HumanoidRootPart":{"Weight":1,"CFrame":[0,0,0,1,0,0,0,1,0,0,0,1],"EasingStyle":"Linear","EasingDirection":"In"},"Left Arm":{"Weight":1,"CFrame":[-0.48915401101112368,-0.1597503423690796,0.04698348045349121,-0.8006396889686585,0.4052804410457611,0.4412751793861389,-0.20732943713665009,-0.8784129619598389,0.43058720231056216,0.562130331993103,0.2532559037208557,0.7873188257217407],"EasingStyle":"Linear","EasingDirection":"In"}}},{"Time":0.01666666753590107,"poses":{"Left Leg":{"Weight":1,"CFrame":[-0.4924955666065216,-0.052817702293395999,0.24447476863861085,0.9003084301948547,-0.2835681140422821,0.3302028775215149,0.40217262506484988,0.8320781588554382,-0.3819728195667267,-0.16643932461738587,0.47669193148612978,0.8631702661514282],"EasingStyle":"Linear","EasingDirection":"In"},"Right Arm":{"Weight":1,"CFrame":[0.6651186347007752,0.1969534158706665,0.0723189115524292,-0.7921590805053711,-0.3460559844970703,-0.5027219653129578,-0.05418233200907707,-0.7805812358856201,0.6227016448974609,-0.607904851436615,0.5205173492431641,0.5995942950248718],"EasingStyle":"Linear","EasingDirection":"In"},"Head":{"Weight":1,"CFrame":[7.916241884231568e-8,-9.778887033462525e-9,1.1920928955078126e-7,0.9775615930557251,-0.09082493185997009,0.19006386399269105,0.08176934719085694,0.9951340556144714,0.05497312173247337,-0.19413194060325623,-0.038198214024305347,0.9802314639091492],"EasingStyle":"Linear","EasingDirection":"In"},"Right Leg":{"Weight":1,"CFrame":[0.8714743256568909,0.492026686668396,-0.4265170097351074,0.9199203252792358,0.28212451934814455,0.27230942249298098,-0.37529537081718447,0.834682822227478,0.4030607342720032,-0.11357858031988144,-0.472980260848999,0.873721718788147],"EasingStyle":"Linear","EasingDirection":"In"},"Torso":{"Weight":1,"CFrame":[0.08738994598388672,-0.018359243869781495,-0.4441413879394531,0.9844713807106018,0.08401559293270111,-0.1541346162557602,-0.09763223677873612,0.991755485534668,-0.08300033211708069,0.1458905190229416,0.09675996005535126,0.9845575094223023],"EasingStyle":"Linear","EasingDirection":"In"},"HumanoidRootPart":{"Weight":1,"CFrame":[0,0,0,1,0,0,0,1,0,0,0,1],"EasingStyle":"Linear","EasingDirection":"In"},"Left Arm":{"Weight":1,"CFrame":[-0.4886026084423065,-0.13917815685272218,0.04570186138153076,-0.8016180396080017,0.39847326278686526,0.44567665457725527,-0.19758984446525575,-0.8801785707473755,0.43155986070632937,0.5642400979995728,0.2578849494457245,0.7843012809753418],"EasingStyle":"Linear","EasingDirection":"In"}}},{"Time":0.03333333507180214,"poses":{"Left Leg":{"Weight":1,"CFrame":[-0.4672635793685913,-0.04138374328613281,0.22503840923309327,0.9045202732086182,-0.27324849367141726,0.32738131284713747,0.3823610544204712,0.8595952391624451,-0.33896324038505556,-0.18879424035549165,0.43177688121795657,0.8820008039474487],"EasingStyle":"Linear","EasingDirection":"In"},"Right Arm":{"Weight":1,"CFrame":[0.6478732824325562,0.22281575202941895,0.06631147861480713,-0.7918087840080261,-0.3337266445159912,-0.5115324854850769,-0.05804012343287468,-0.7926180958747864,0.6069498062133789,-0.6080050468444824,0.5102773904800415,0.6082323789596558],"EasingStyle":"Linear","EasingDirection":"In"},"Head":{"Weight":1,"CFrame":[6.705522537231445e-8,-1.5832483768463136e-8,2.384185791015625e-7,0.9827131628990173,-0.07888983935117722,0.16748501360416413,0.07224783301353455,0.9963530898094177,0.04539649188518524,-0.17045556008815766,-0.03251131251454353,0.9848288893699646],"EasingStyle":"Linear","EasingDirection":"In"},"Right Leg":{"Weight":1,"CFrame":[0.854800820350647,0.43520408868789675,-0.3732430934906006,0.9192813634872437,0.28314295411109927,0.2734077572822571,-0.3691944181919098,0.8610929250717163,0.3495919704437256,-0.13644488155841828,-0.42231395840644839,0.8961214423179627],"EasingStyle":"Linear","EasingDirection":"In"},"Torso":{"Weight":1,"CFrame":[0.0733298659324646,-0.01339520514011383,-0.388944149017334,0.988061249256134,0.07374773174524307,-0.13526378571987153,-0.0846627727150917,0.993445873260498,-0.07679528743028641,0.12871377170085908,0.08733025193214417,0.9878290295600891],"EasingStyle":"Linear","EasingDirection":"In"},"HumanoidRootPart":{"Weight":1,"CFrame":[0,0,0,1,0,0,0,1,0,0,0,1],"EasingStyle":"Linear","EasingDirection":"In"},"Left Arm":{"Weight":1,"CFrame":[-0.4871131479740143,-0.08360254764556885,0.04224038124084473,-0.8038573265075684,0.38001549243927,0.4576042890548706,-0.17114344239234925,-0.8845446705818176,0.43392476439476015,0.5696694850921631,0.270497590303421,0.776084840297699],"EasingStyle":"Linear","EasingDirection":"In"}}},{"Time":0.05000000074505806,"poses":{"Left Leg":{"Weight":1,"CFrame":[-0.44051435589790347,-0.03213930130004883,0.20445525646209718,0.9100707769393921,-0.26114895939826968,0.3218268156051636,0.3590324819087982,0.8846719861030579,-0.2974078059196472,-0.2070433795452118,0.38620835542678835,0.8988748788833618],"EasingStyle":"Linear","EasingDirection":"In"},"Right Arm":{"Weight":1,"CFrame":[0.6226242780685425,0.2606801986694336,0.057515859603881839,-0.7911904454231262,-0.3153437376022339,-0.5240000486373901,-0.06368163228034973,-0.809673547744751,0.5834155082702637,-0.6082453727722168,0.49496179819107058,0.6205242872238159],"EasingStyle":"Linear","EasingDirection":"In"},"Head":{"Weight":1,"CFrame":[2.7008354663848878e-8,1.1641532182693482e-8,2.384185791015625e-7,0.9871037602424622,-0.06734924018383026,0.1452251523733139,0.06271642446517945,0.9973728060722351,0.0362519696354866,-0.14728517830371858,-0.026676446199417115,0.988734245300293],"EasingStyle":"Linear","EasingDirection":"In"},"Right Leg":{"Weight":1,"CFrame":[0.8293792009353638,0.3786885738372803,-0.323616087436676,0.9210783243179321,0.28007522225379946,0.27050429582595827,-0.3569106459617615,0.8849995136260986,0.298983097076416,-0.1556582748889923,-0.371932715177536,0.9151155948638916],"EasingStyle":"Linear","EasingDirection":"In"},"Torso":{"Weight":1,"CFrame":[0.059600830078125,-0.008352130651473999,-0.3353688716888428,0.991115152835846,0.06353608518838883,-0.11685088276863098,-0.07208982110023499,0.9949040412902832,-0.07049143314361572,0.1117766797542572,0.07828887552022934,0.9906446933746338],"EasingStyle":"Linear","EasingDirection":"In"},"HumanoidRootPart":{"Weight":1,"CFrame":[0,0,0,1,0,0,0,1,0,0,0,1],"EasingStyle":"Linear","EasingDirection":"In"},"Left Arm":{"Weight":1,"CFrame":[-0.4849322736263275,-0.002235323190689087,0.03717184066772461,-0.8060637712478638,0.3528458774089813,0.4751429855823517,-0.13211612403392793,-0.8898590803146362,0.43668773770332339,0.5768938064575195,0.28922411799430849,0.7638998627662659],"EasingStyle":"Linear","EasingDirection":"In"}}},{"Time":0.06666667014360428,"poses":{"Left Leg":{"Weight":1,"CFrame":[-0.4123404324054718,-0.025031208992004396,0.18305611610412599,0.9168472290039063,-0.2472141981124878,0.3134908676147461,0.3327166438102722,0.9071242213249207,-0.25773102045059206,-0.22066044807434083,0.3406035602092743,0.9139464497566223],"EasingStyle":"Linear","EasingDirection":"In"},"Right Arm":{"Weight":1,"CFrame":[0.5922303199768066,0.3062605857849121,0.0469280481338501,-0.7902792692184448,-0.2927210330963135,-0.5383058190345764,-0.07045311480760575,-0.8292780518531799,0.554377555847168,-0.6086831092834473,0.4760383367538452,0.634738028049469],"EasingStyle":"Linear","EasingDirection":"In"},"Head":{"Weight":1,"CFrame":[7.217749953269959e-8,2.3283064365386964e-9,-1.1920928955078126e-7,0.9907325506210327,-0.05634244531393051,0.12359054386615753,0.05331886559724808,0.9981949329376221,0.027639813721179963,-0.12492475658655167,-0.02079395391047001,0.9919483661651611],"EasingStyle":"Linear","EasingDirection":"In"},"Right Leg":{"Weight":1,"CFrame":[0.7956113219261169,0.3235655426979065,-0.277355432510376,0.9251804351806641,0.2729490101337433,0.2637045383453369,-0.3391558825969696,0.9064388275146484,0.2516784965991974,-0.1703365296125412,-0.322284996509552,0.9311916828155518],"EasingStyle":"Linear","EasingDirection":"In"},"Torso":{"Weight":1,"CFrame":[0.046355754137039188,-0.0033110380172729494,-0.2840280532836914,0.9936341047286987,0.05352619290351868,-0.09912753105163574,-0.06006432697176933,0.9961285591125488,-0.0641900822520256,0.09530790895223618,0.06973548978567124,0.99300217628479],"EasingStyle":"Linear","EasingDirection":"In"},"HumanoidRootPart":{"Weight":1,"CFrame":[0,0,0,1,0,0,0,1,0,0,0,1],"EasingStyle":"Linear","EasingDirection":"In"},"Left Arm":{"Weight":1,"CFrame":[-0.48230692744255068,0.09571242332458496,0.031070828437805177,-0.8070124387741089,0.3199915289878845,0.4963229298591614,-0.08476753532886505,-0.894530713558197,0.438895583152771,0.5844190120697022,0.31212207674980166,0.7490222454071045],"EasingStyle":"Linear","EasingDirection":"In"}}},{"Time":0.0833333358168602,"poses":{"Left Leg":{"Weight":1,"CFrame":[-0.3829113245010376,-0.019948959350585939,0.16121172904968263,0.9246811866760254,-0.23144233226776124,0.30232319235801699,0.30401480197906496,0.9268423318862915,-0.22031448781490327,-0.22921587526798249,0.2956313490867615,0.9273954033851624],"EasingStyle":"Linear","EasingDirection":"In"},"Right Arm":{"Weight":1,"CFrame":[0.5595498085021973,0.3552703857421875,0.03554356098175049,-0.7890982627868652,-0.2678394019603729,-0.5527985095977783,-0.077695831656456,-0.8491840362548828,0.5223504304885864,-0.6093335151672363,0.45513588190078738,0.6492795348167419],"EasingStyle":"Linear","EasingDirection":"In"},"Head":{"Weight":1,"CFrame":[2.561137080192566e-8,-1.0011717677116394e-8,-1.7881393432617188e-7,0.9936296343803406,-0.04599570110440254,0.10288138687610626,0.04420237988233566,0.9988294243812561,0.01964459754526615,-0.10366452485322952,-0.014971853233873845,0.9944996237754822],"EasingStyle":"Linear","EasingDirection":"In"},"Right Leg":{"Weight":1,"CFrame":[0.754016101360321,0.2707149386405945,-0.23424702882766725,0.9313175678253174,0.26186448335647585,0.2531294822692871,-0.31674227118492129,0.9254234433174133,0.2080044448375702,-0.179782897233963,-0.27389493584632876,0.9448067545890808],"EasingStyle":"Linear","EasingDirection":"In"},"Torso":{"Weight":1,"CFrame":[0.03374472260475159,0.0016416311264038087,-0.23549652099609376,0.9956406354904175,0.04386529326438904,-0.08231374621391297,-0.048725806176662448,0.9971268177032471,-0.057999253273010257,0.07953307777643204,0.06175721064209938,0.9949174523353577],"EasingStyle":"Linear","EasingDirection":"In"},"HumanoidRootPart":{"Weight":1,"CFrame":[0,0,0,1,0,0,0,1,0,0,0,1],"EasingStyle":"Linear","EasingDirection":"In"},"Left Arm":{"Weight":1,"CFrame":[-0.4794842004776001,0.20102959871292115,0.024510741233825685,-0.8059381246566773,0.2846064865589142,0.5190982222557068,-0.03358213230967522,-0.8974225521087647,0.4398921728134155,0.5910466313362122,0.33709338307380679,0.7328246831893921],"EasingStyle":"Linear","EasingDirection":"In"}}},{"Time":0.10000000149011612,"poses":{"Left Leg":{"Weight":1,"CFrame":[-0.3524963855743408,-0.016727566719055177,0.1393270492553711,0.933356523513794,-0.21389740705490113,0.28825968503952029,0.2735785245895386,0.9437932372093201,-0.18549729883670808,-0.23238016664981843,0.251996785402298,0.9394132494926453],"EasingStyle":"Linear","EasingDirection":"In"},"Right Arm":{"Weight":1,"CFrame":[0.5274408459663391,0.4034227728843689,0.024358153343200685,-0.7877363562583923,-0.242882639169693,-0.5661091804504395,-0.08475816249847412,-0.8675146102905273,0.49013736844062807,-0.6101537942886353,0.43408122658729555,0.6627863645553589],"EasingStyle":"Linear","EasingDirection":"In"},"Head":{"Weight":1,"CFrame":[3.1548552215099338e-8,-4.423782229423523e-8,-3.5762786865234377e-7,0.9958515763282776,-0.03642116114497185,0.0833856388926506,0.035514090210199359,0.9992931485176086,0.012336000800132752,-0.08377598971128464,-0.009323462843894959,0.9964410066604614],"EasingStyle":"Linear","EasingDirection":"In"},"Right Leg":{"Weight":1,"CFrame":[0.7052108645439148,0.22086447477340699,-0.19417059421539308,0.939108669757843,0.24699443578720094,0.23889046907424928,-0.2905316650867462,0.9419670701026917,0.16819486021995545,-0.18348367512226106,-0.22735847532749177,0.956369161605835],"EasingStyle":"Linear","EasingDirection":"In"},"Torso":{"Weight":1,"CFrame":[0.021913781762123109,0.006416738033294678,-0.1903083324432373,0.9971752762794495,0.03469894453883171,-0.06661415845155716,-0.03820044547319412,0.9979146122932434,-0.05203036591410637,0.06466984748840332,0.054428085684776309,0.9964212775230408],"EasingStyle":"Linear","EasingDirection":"In"},"HumanoidRootPart":{"Weight":1,"CFrame":[0,0,0,1,0,0,0,1,0,0,0,1],"EasingStyle":"Linear","EasingDirection":"In"},"Left Arm":{"Weight":1,"CFrame":[-0.47671085596084597,0.3045042157173157,0.018065214157104493,-0.8027688264846802,0.24991463124752046,0.5413915514945984,0.016791803762316705,-0.8980981707572937,0.43947461247444155,0.596053957939148,0.36188748478889468,0.7167686223983765],"EasingStyle":"Linear","EasingDirection":"In"}}},{"Time":0.11666666716337204,"poses":{"Left Leg":{"Weight":1,"CFrame":[-0.3215084969997406,-0.015144586563110352,0.11783492565155029,0.9426156878471375,-0.19473277032375337,0.2712099254131317,0.2421022355556488,0.9580190777778626,-0.15357737243175507,-0.22991779446601869,0.21042495965957642,0.9501891136169434],"EasingStyle":"Linear","EasingDirection":"In"},"Right Arm":{"Weight":1,"CFrame":[0.4987618923187256,0.4464315176010132,0.014367938041687012,-0.7863539457321167,-0.22020795941352845,-0.5771966576576233,-0.09100865572690964,-0.8828270435333252,0.46079692244529726,-0.6110360026359558,0.41487935185432436,0.6741737127304077],"EasingStyle":"Linear","EasingDirection":"In"},"Head":{"Weight":1,"CFrame":[1.210719347000122e-8,-5.820766091346741e-10,2.384185791015625e-7,0.9974759817123413,-0.02771572396159172,0.06537315994501114,0.027396926656365396,0.9996079802513123,0.005768170580267906,-0.06550740450620651,-0.003962593153119087,0.9978442192077637],"EasingStyle":"Linear","EasingDirection":"In"},"Right Leg":{"Weight":1,"CFrame":[0.6499242782592773,0.174629807472229,-0.15711736679077149,0.9480867385864258,0.2286016196012497,0.22107234597206117,-0.2614104151725769,0.9561020731925964,0.1324145644903183,-0.18109750747680665,-0.18333108723163606,0.9662263989448547],"EasingStyle":"Linear","EasingDirection":"In"},"Torso":{"Weight":1,"CFrame":[0.011003509163856507,0.010924950242042542,-0.14895153045654298,0.9982930421829224,0.026167621836066247,-0.05221554636955261,-0.028600092977285386,0.9985137581825256,-0.04639509320259094,0.05092388391494751,0.04780926927924156,0.9975576400756836],"EasingStyle":"Linear","EasingDirection":"In"},"HumanoidRootPart":{"Weight":1,"CFrame":[0,0,0,1,0,0,0,1,0,0,0,1],"EasingStyle":"Linear","EasingDirection":"In"},"Left Arm":{"Weight":1,"CFrame":[-0.4742336869239807,0.396925687789917,0.012308478355407715,-0.7981798648834229,0.21910059452056886,0.5611629486083984,0.06169557198882103,-0.8968874216079712,0.4379348158836365,0.5992518067359924,0.3841719627380371,0.7023597955703735],"EasingStyle":"Linear","EasingDirection":"In"}}},{"Time":0.13333334028720857,"poses":{"Left Leg":{"Weight":1,"CFrame":[-0.29055503010749819,-0.014922022819519043,0.09718680381774903,0.9521672129631043,-0.17421889305114747,0.2510487139225006,0.21032312512397767,0.969631552696228,-0.12481508404016495,-0.22167964279651643,0.17164616286754609,0.9598936438560486],"EasingStyle":"Linear","EasingDirection":"In"},"Right Arm":{"Weight":1,"CFrame":[0.4763714075088501,0.48000913858413699,0.006567955017089844,-0.7851674556732178,-0.20227988064289094,-0.5853161215782166,-0.09584388881921768,-0.8940708637237549,0.4375515580177307,-0.6118218898773193,0.39965012669563296,0.6826080679893494],"EasingStyle":"Linear","EasingDirection":"In"},"Head":{"Weight":1,"CFrame":[3.637978807091713e-8,-1.7345882952213289e-8,-1.7881393432617188e-7,0.9985948801040649,-0.019961189478635789,0.04909081012010574,0.019986161962151529,0.9998003244400024,-0.000017917731383931824,-0.04908064752817154,0.0009990293765440584,0.9987943172454834],"EasingStyle":"Linear","EasingDirection":"In"},"Right Leg":{"Weight":1,"CFrame":[0.5890355110168457,0.132554292678833,-0.12319600582122803,0.9577240943908691,0.20706453919410706,0.199722021818161,-0.23027895390987397,0.9678924083709717,0.10077743977308274,-0.17244194447994233,-0.14250878989696504,0.9746564030647278],"EasingStyle":"Linear","EasingDirection":"In"},"Torso":{"Weight":1,"CFrame":[0.0011470764875411988,0.015079446136951447,-0.11186480522155762,0.9990586638450623,0.01840359717607498,-0.03928464278578758,-0.020021731033921243,0.9989503026008606,-0.041201990097761157,0.03848513588309288,0.04194974526762962,0.998378336429596],"EasingStyle":"Linear","EasingDirection":"In"},"HumanoidRootPart":{"Weight":1,"CFrame":[0,0,0,1,0,0,0,1,0,0,0,1],"EasingStyle":"Linear","EasingDirection":"In"},"Left Arm":{"Weight":1,"CFrame":[-0.4722997844219208,0.4690815210342407,0.00781393051147461,-0.793458104133606,0.19521890580654145,0.5764666795730591,0.09660264104604721,-0.8947597146034241,0.4359736144542694,0.6009095311164856,0.4016149938106537,0.6910956501960754],"EasingStyle":"Linear","EasingDirection":"In"}}},{"Time":0.15000000596046449,"poses":{"Left Leg":{"Weight":1,"CFrame":[-0.2605260908603668,-0.015730738639831544,0.07784450054168701,0.9616900682449341,-0.15279509127140046,0.22760945558547975,0.1790478527545929,0.9788026213645935,-0.09943486750125885,-0.20759162306785584,0.13637851178646089,0.9686623811721802],"EasingStyle":"Linear","EasingDirection":"In"},"Right Arm":{"Weight":1,"CFrame":[0.4631277024745941,0.4998708963394165,0.0019544363021850588,-0.7844221591949463,-0.1915912628173828,-0.5898938179016113,-0.09868322312831879,-0.9004234075546265,0.42367371916770937,-0.6123263835906982,0.3905515968799591,0.6874051690101624],"EasingStyle":"Linear","EasingDirection":"In"},"Head":{"Weight":1,"CFrame":[4.646426532417536e-8,-2.0780134946107866e-8,2.384185791015625e-7,0.9993082880973816,-0.013224613852798939,0.0347587876021862,0.01340611930936575,0.9998976588249207,-0.00499397236853838,-0.03468918427824974,0.005456501618027687,0.999383270740509],"EasingStyle":"Linear","EasingDirection":"In"},"Right Leg":{"Weight":1,"CFrame":[0.5236659049987793,0.09512996673583985,-0.09262740612030029,0.967451810836792,0.18293799459934236,0.17484495043754579,-0.19808407127857209,0.9774360060691834,0.07335948199033737,-0.15747947990894319,-0.10560575872659683,0.9818592667579651],"EasingStyle":"Linear","EasingDirection":"In"},"Torso":{"Weight":1,"CFrame":[-0.007531747221946716,0.018798470497131349,-0.0794363021850586,0.9995424747467041,0.011528082191944123,-0.027966899797320367,-0.012547492980957032,0.9992530345916748,-0.036553215235471728,0.027524622157216073,0.036887407302856448,0.9989402890205383],"EasingStyle":"Linear","EasingDirection":"In"},"HumanoidRootPart":{"Weight":1,"CFrame":[0,0,0,1,0,0,0,1,0,0,0,1],"EasingStyle":"Linear","EasingDirection":"In"},"Left Arm":{"Weight":1,"CFrame":[-0.4711558222770691,0.5117613077163696,0.005155444145202637,-0.7902015447616577,0.1811855137348175,0.5854514837265015,0.11715850979089737,-0.8930176496505737,0.43450361490249636,0.6015442609786987,0.4119360148906708,0.6844363808631897],"EasingStyle":"Linear","EasingDirection":"In"}}},{"Time":0.1666666716337204,"poses":{"Left Leg":{"Weight":1,"CFrame":[-0.2327212393283844,-0.017201781272888185,0.06025838851928711,0.97083979845047,-0.13113854825496674,0.20068110525608064,0.14919976890087129,0.9857551455497742,-0.07762862741947174,-0.18764236569404603,0.10530652850866318,0.9765760898590088],"EasingStyle":"Linear","EasingDirection":"In"},"Right Arm":{"Weight":1,"CFrame":[0.4607609808444977,0.5034198760986328,0.0011298656463623047,-0.7842855453491211,-0.18967494368553163,-0.5906943082809448,-0.0991889163851738,-0.901535153388977,0.42118412256240847,-0.6124197244644165,0.38891878724098208,0.6882472634315491],"EasingStyle":"Linear","EasingDirection":"In"},"Head":{"Weight":1,"CFrame":[4.102912498638034e-8,-1.340231392532587e-8,1.1920928955078126e-7,0.9997168183326721,-0.007559603080153465,0.02256796881556511,0.007767552509903908,0.9999281167984009,-0.009140949696302414,-0.02249724417924881,0.00931366067379713,0.999703586101532],"EasingStyle":"Linear","EasingDirection":"In"},"Right Leg":{"Weight":1,"CFrame":[0.4553416669368744,0.06281018257141113,-0.06572610139846802,0.9766790866851807,0.1570461094379425,0.14640527963638307,-0.16588877141475678,0.9848655462265015,0.05020838975906372,-0.13630439341068269,-0.07332451641559601,0.987949788570404],"EasingStyle":"Linear","EasingDirection":"In"},"Torso":{"Weight":1,"CFrame":[-0.014921065419912339,0.022007592022418977,-0.05199933052062988,0.9998151063919067,0.005648864433169365,-0.018386030569672586,-0.006245233118534088,0.9994508624076843,-0.032541800290346149,0.0181921124458313,0.03265060484409332,0.9993012547492981],"EasingStyle":"Linear","EasingDirection":"In"},"HumanoidRootPart":{"Weight":1,"CFrame":[0,0,0,1,0,0,0,1,0,0,0,1],"EasingStyle":"Linear","EasingDirection":"In"},"Left Arm":{"Weight":1,"CFrame":[-0.47095146775245669,0.5193881988525391,0.0046803951263427738,-0.7895836234092712,0.17868578433990479,0.587051272392273,0.12082350254058838,-0.8926687836647034,0.43421685695648196,0.6016306281089783,0.4137800931930542,0.6832470297813416],"EasingStyle":"Linear","EasingDirection":"In"}}},{"Time":0.18333333730697633,"poses":{"Left Leg":{"Weight":1,"CFrame":[-0.20906876027584077,-0.018921494483947755,0.044824957847595218,0.9792499542236328,-0.11029691249132157,0.17001233994960786,0.12193190306425095,0.9907500743865967,-0.05955535173416138,-0.1618710309267044,0.0790494978427887,0.9836406707763672],"EasingStyle":"Linear","EasingDirection":"In"},"Right Arm":{"Weight":1,"CFrame":[0.4607609212398529,0.5034196376800537,0.0011299848556518555,-0.7842854857444763,-0.18967485427856446,-0.5906942486763,-0.0991889089345932,-0.901535153388977,0.4211840033531189,-0.6124196648597717,0.3889186978340149,0.6882472634315491],"EasingStyle":"Linear","EasingDirection":"In"},"Head":{"Weight":1,"CFrame":[4.1728071664692837e-8,2.2100721253082158e-9,-1.1920928955078126e-7,0.9999151825904846,-0.0030074622482061388,0.012678027153015137,0.003165298607200384,0.9999175071716309,-0.012447942048311234,-0.0126395458355546,0.012487013824284077,0.9998421669006348],"EasingStyle":"Linear","EasingDirection":"In"},"Right Leg":{"Weight":1,"CFrame":[0.38631168007850649,0.036023855209350589,-0.04285550117492676,0.9848117232322693,0.13066604733467103,0.11433427035808563,-0.13503941893577577,0.9903442859649658,0.03134646266698837,-0.10913430899381638,-0.04631003364920616,0.9929476976394653],"EasingStyle":"Linear","EasingDirection":"In"},"Torso":{"Weight":1,"CFrame":[-0.020923320204019548,0.024641908705234529,-0.029834270477294923,0.9999430775642395,0.0008582019945606589,-0.010643751360476017,-0.0011692189145833254,0.9995715022087097,-0.02924889698624611,0.010614089667797089,0.02925967425107956,0.9995154738426209],"EasingStyle":"Linear","EasingDirection":"In"},"HumanoidRootPart":{"Weight":1,"CFrame":[0,0,0,1,0,0,0,1,0,0,0,1],"EasingStyle":"Linear","EasingDirection":"In"},"Left Arm":{"Weight":1,"CFrame":[-0.4709513783454895,0.51938796043396,0.004680275917053223,-0.7895835041999817,0.17868578433990479,0.587051272392273,0.12082350999116898,-0.8926687836647034,0.4342168867588043,0.6016308069229126,0.4137800633907318,0.6832469701766968],"EasingStyle":"Linear","EasingDirection":"In"}}},{"Time":0.20000000298023225,"poses":{"Left Leg":{"Weight":1,"CFrame":[-0.19230039417743684,-0.02045130729675293,0.031766533851623538,0.9865413308143616,-0.09178464859724045,0.13532117009162904,0.09870561957359314,0.9940832853317261,-0.04534110426902771,-0.13035894930362702,0.05808782950043678,0.9897637963294983],"EasingStyle":"Linear","EasingDirection":"In"},"Right Arm":{"Weight":1,"CFrame":[0.4607609212398529,0.5034195184707642,0.0011301040649414063,-0.7842855453491211,-0.18967485427856446,-0.5906941890716553,-0.09918888658285141,-0.901535153388977,0.4211840331554413,-0.6124195456504822,0.3889187276363373,0.6882474422454834],"EasingStyle":"Linear","EasingDirection":"In"},"Head":{"Weight":1,"CFrame":[3.160855044370692e-8,-2.9685907065868379e-9,-5.960464477539063e-8,0.9999863505363464,0.0004011888522654772,0.005216458812355995,-0.0003233764145988971,0.9998888969421387,-0.014909000135958195,-0.005221860948950052,0.014907116070389748,0.9998752474784851],"EasingStyle":"Linear","EasingDirection":"In"},"Right Leg":{"Weight":1,"CFrame":[0.32008635997772219,0.015190184116363526,-0.02430880069732666,0.9912765622138977,0.1058381199836731,0.07854371517896652,-0.10746484994888306,0.9940674304962158,0.01676921546459198,-0.07630284875631333,-0.02506362274289131,0.9967696666717529],"EasingStyle":"Linear","EasingDirection":"In"},"Torso":{"Weight":1,"CFrame":[-0.02545761689543724,0.02664773166179657,-0.013163328170776368,0.9999845623970032,-0.0027687777765095236,-0.0048201074823737148,0.0026389213744550945,0.9996389150619507,-0.026741622015833856,0.004892408382147551,0.026728486642241479,0.999630868434906],"EasingStyle":"Linear","EasingDirection":"In"},"HumanoidRootPart":{"Weight":1,"CFrame":[0,0,0,1,0,0,0,1,0,0,0,1],"EasingStyle":"Linear","EasingDirection":"In"},"Left Arm":{"Weight":1,"CFrame":[-0.4709514379501343,0.5193880796432495,0.0046803951263427738,-0.7895835638046265,0.17868581414222718,0.587051272392273,0.12082351744174957,-0.8926688432693481,0.43421685695648196,0.6016307473182678,0.4137800633907318,0.6832470297813416],"EasingStyle":"Linear","EasingDirection":"In"}}},{"Time":0.21666666865348817,"poses":{"Left Leg":{"Weight":1,"CFrame":[-0.18616998195648194,-0.021314024925231935,0.020939111709594728,0.9923112988471985,-0.07772435247898102,0.09631840884685517,0.08142247051000595,0.9960623979568481,-0.03507278114557266,-0.09321316331624985,0.04264561086893082,0.9947324395179749],"EasingStyle":"Linear","EasingDirection":"In"},"Right Arm":{"Weight":1,"CFrame":[0.4607609212398529,0.5034198760986328,0.0011301040649414063,-0.7842856645584106,-0.18967492878437043,-0.5906941890716553,-0.0991889163851738,-0.901535153388977,0.42118415236473086,-0.6124195456504822,0.38891881704330447,0.6882473230361939],"EasingStyle":"Linear","EasingDirection":"In"},"Head":{"Weight":1,"CFrame":[3.582954377634451e-8,-1.8248101696372033e-8,0,0.999996542930603,0.0026450036093592645,0.0002781439106911421,-0.0026400478091090919,0.9998600482940674,-0.016521982848644258,-0.000321805797284469,0.016521191224455835,0.9998635053634644],"EasingStyle":"Linear","EasingDirection":"In"},"Right Leg":{"Weight":1,"CFrame":[0.2621176838874817,0.0007327795028686523,-0.010023236274719239,0.9955540299415588,0.08576245605945587,0.03894907981157303,-0.08607595413923264,0.9962677359580994,0.006439494900405407,-0.03825138509273529,-0.009763439185917378,0.9992204904556274],"EasingStyle":"Linear","EasingDirection":"In"},"Torso":{"Weight":1,"CFrame":[-0.028461793437600137,0.02798391878604889,-0.0021538734436035158,0.9999862313270569,-0.005175235215574503,-0.0009740565437823534,0.005149190779775381,0.9996724128723145,-0.025071393698453904,0.0011034879134967924,0.025066031143069269,0.9996851682662964],"EasingStyle":"Linear","EasingDirection":"In"},"HumanoidRootPart":{"Weight":1,"CFrame":[0,0,0,1,0,0,0,1,0,0,0,1],"EasingStyle":"Linear","EasingDirection":"In"},"Left Arm":{"Weight":1,"CFrame":[-0.4709514379501343,0.5193883180618286,0.004680275917053223,-0.7895835041999817,0.17868578433990479,0.5870513319969177,0.12082350999116898,-0.8926688432693481,0.43421679735183718,0.6016308665275574,0.41378000378608706,0.6832469701766968],"EasingStyle":"Linear","EasingDirection":"In"}}},{"Time":0.23333333432674409,"poses":{"Left Leg":{"Weight":1,"CFrame":[-0.19485586881637574,-0.02102506160736084,0.011471033096313477,0.9961167573928833,-0.07049649953842163,0.05274248495697975,0.07208210974931717,0.9969831705093384,-0.028788767755031587,-0.050553906708955768,0.032478783279657367,0.998193085193634],"EasingStyle":"Linear","EasingDirection":"In"},"Right Arm":{"Weight":1,"CFrame":[0.4607609212398529,0.5034201145172119,0.0011299848556518555,-0.7842855453491211,-0.18967489898204804,-0.5906943082809448,-0.0991889089345932,-0.901535153388977,0.42118409276008608,-0.6124196648597717,0.38891875743865969,0.6882472634315491],"EasingStyle":"Linear","EasingDirection":"In"},"Head":{"Weight":1,"CFrame":[3.346940502524376e-8,-2.4534529075026513e-8,4.76837158203125e-7,0.9999909996986389,0.003710713004693389,-0.002074792981147766,-0.003746030619367957,0.9998436570167542,-0.017286011949181558,0.0020103249698877336,0.017293628305196763,0.999848484992981],"EasingStyle":"Linear","EasingDirection":"In"},"Right Leg":{"Weight":1,"CFrame":[0.21961219608783723,-0.006925463676452637,0.0009566545486450195,0.9971981644630432,0.07467006146907807,-0.004499039147049189,-0.07466962933540344,0.9972083568572998,0.00027456035604700446,0.004507042467594147,0.00006211636355146766,0.9999898672103882],"EasingStyle":"Linear","EasingDirection":"In"},"Torso":{"Weight":1,"CFrame":[-0.0298941470682621,0.028622984886169435,0.0030858516693115236,0.9999797344207764,-0.006323523819446564,0.0008561843424104154,0.006342445034533739,0.9996852874755859,-0.024272557348012925,-0.0007024268852546811,0.024277495220303537,0.9997050166130066],"EasingStyle":"Linear","EasingDirection":"In"},"HumanoidRootPart":{"Weight":1,"CFrame":[0,0,0,1,0,0,0,1,0,0,0,1],"EasingStyle":"Linear","EasingDirection":"In"},"Left Arm":{"Weight":1,"CFrame":[-0.4709514379501343,0.5193883180618286,0.0046803951263427738,-0.7895835638046265,0.1786857396364212,0.587051272392273,0.12082350999116898,-0.8926687836647034,0.43421676754951479,0.6016307473182678,0.41378000378608706,0.6832470297813416],"EasingStyle":"Linear","EasingDirection":"In"}}},{"Time":0.25,"poses":{"Left Leg":{"Weight":1,"CFrame":[-0.28972625732421877,0.012500405311584473,-0.0015835762023925782,0.9944730997085571,-0.10490220040082932,-0.004335169214755297,0.10493742674589157,0.994438886642456,0.008912647143006325,0.003376062959432602,-0.009318288415670395,0.9999508857727051],"EasingStyle":"Linear","EasingDirection":"In"},"Right Arm":{"Weight":1,"CFrame":[0.45689335465431216,0.49092191457748415,0.0014508962631225587,-0.7857760787010193,-0.195580393075943,-0.5867744088172913,-0.09087790548801422,-0.9018846154212952,0.4223097562789917,-0.6117983460426331,0.3851657211780548,0.6909054517745972],"EasingStyle":"Linear","EasingDirection":"In"},"Head":{"Weight":1,"CFrame":[3.362220013514161e-8,-5.73345459997654e-9,-2.384185791015625e-7,0.9995802640914917,0.013831127434968949,-0.025456782430410386,-0.0142352394759655,0.9997745156288147,-0.015762364491820337,0.025233028456568719,0.016118142753839494,0.9995516538619995],"EasingStyle":"Linear","EasingDirection":"In"},"Right Leg":{"Weight":1,"CFrame":[0.1918729543685913,-0.025751471519470216,0.012996315956115723,0.9952642321586609,0.0760994479060173,-0.060482125729322436,-0.07842809706926346,0.9962290525436401,-0.037103429436683658,0.05743057653307915,0.04167116805911064,0.9974794983863831],"EasingStyle":"Linear","EasingDirection":"In"},"Torso":{"Weight":1,"CFrame":[-0.038980066776275638,0.02764125168323517,-0.006928443908691406,0.9996742010116577,-0.01678513176739216,0.019227396696805955,0.017273088917136194,0.9995256066322327,-0.025499731302261354,-0.018790259957313539,0.02582353912293911,0.9994899034500122],"EasingStyle":"Linear","EasingDirection":"In"},"HumanoidRootPart":{"Weight":1,"CFrame":[0,0,0,1,0,0,0,1,0,0,0,1],"EasingStyle":"Linear","EasingDirection":"In"},"Left Arm":{"Weight":1,"CFrame":[-0.47072896361351015,0.5136188268661499,0.006320476531982422,-0.7898633480072022,0.18415436148643495,0.5849812030792236,0.11798568069934845,-0.8904049396514893,0.4396118223667145,0.6018266677856445,0.41625261306762698,0.6815706491470337],"EasingStyle":"Linear","EasingDirection":"In"}}},{"Time":0.2666666805744171,"poses":{"Left Leg":{"Weight":1,"CFrame":[-0.4783189296722412,0.09528863430023194,-0.04024553298950195,0.9807409048080444,-0.18220877647399903,-0.07033796608448029,0.1873026192188263,0.979491114616394,0.07426228374242783,0.05536414310336113,-0.08600656688213349,0.9947551488876343],"EasingStyle":"Linear","EasingDirection":"In"},"Right Arm":{"Weight":1,"CFrame":[0.43595457077026369,0.4232603907585144,0.0032843351364135744,-0.7928168177604675,-0.22775143384933473,-0.5653060078620911,-0.04564942046999931,-0.9027555584907532,0.4277249872684479,-0.6077480912208557,0.36491331458091738,0.7053230404853821],"EasingStyle":"Linear","EasingDirection":"In"},"Head":{"Weight":1,"CFrame":[3.041350282728672e-8,-6.177288014441729e-9,-2.980232238769531e-7,0.9973447918891907,0.03145236149430275,-0.06568331271409989,-0.03199494257569313,0.9994620084762573,-0.007224922999739647,0.0654207319021225,0.00930728018283844,0.997814416885376],"EasingStyle":"Linear","EasingDirection":"In"},"Right Leg":{"Weight":1,"CFrame":[0.27146846055984499,-0.03358638286590576,0.039960384368896487,0.9826493263244629,0.13748517632484437,-0.12449193000793457,-0.15027965605258943,0.9835767149925232,-0.09996527433395386,0.10870367288589478,0.11693937331438065,0.9871720671653748],"EasingStyle":"Linear","EasingDirection":"In"},"Torso":{"Weight":1,"CFrame":[-0.05364741384983063,0.02191559225320816,-0.0637967586517334,0.9980995059013367,-0.03446561470627785,0.051083169877529147,0.03616161271929741,0.9988122582435608,-0.032656800001859668,-0.049896951764822009,0.034441981464624408,0.9981604218482971],"EasingStyle":"Linear","EasingDirection":"In"},"HumanoidRootPart":{"Weight":1,"CFrame":[0,0,0,1,0,0,0,1,0,0,0,1],"EasingStyle":"Linear","EasingDirection":"In"},"Left Arm":{"Weight":1,"CFrame":[-0.4695247411727905,0.4823871850967407,0.015200376510620118,-0.7910903096199036,0.21359722316265107,0.5731947422027588,0.10258510708808899,-0.8774553537368774,0.4685601592063904,0.6030359864234924,0.4294746518135071,0.6722344160079956],"EasingStyle":"Linear","EasingDirection":"In"}}},{"Time":0.28333333134651186,"poses":{"Left Leg":{"Weight":1,"CFrame":[-0.6474106907844544,0.20106589794158936,-0.11075782775878906,0.9604923725128174,-0.24435849487781526,-0.1332041174173355,0.2627457082271576,0.9539781808853149,0.1445346176624298,0.09175553172826767,-0.17382323741912843,0.9804930090904236],"EasingStyle":"Linear","EasingDirection":"In"},"Right Arm":{"Weight":1,"CFrame":[0.4023767411708832,0.31475645303726199,0.006482481956481934,-0.8004011511802673,-0.2798468768596649,-0.5301355123519898,0.027425235137343408,-0.9005166292190552,0.43395596742630007,-0.5988370776176453,0.3327997624874115,0.7284494638442993],"EasingStyle":"Linear","EasingDirection":"In"},"Head":{"Weight":1,"CFrame":[3.725290298461914e-9,-3.934837877750397e-8,-5.960464477539063e-8,0.9931843280792236,0.049493853002786639,-0.10552426427602768,-0.04906672611832619,0.9987735152244568,0.0066415099427104,0.10572352260351181,-0.0014185174368321896,0.9943946003913879],"EasingStyle":"Linear","EasingDirection":"In"},"Right Leg":{"Weight":1,"CFrame":[0.37224629521369936,-0.02660393714904785,0.08637452125549317,0.9609505534172058,0.20544713735580445,-0.1853792667388916,-0.23645319044589997,0.9576335549354553,-0.16440188884735108,0.14374954998493195,0.20181560516357423,0.9688171744346619],"EasingStyle":"Linear","EasingDirection":"In"},"Torso":{"Weight":1,"CFrame":[-0.06736555695533753,0.012852981686592102,-0.15536069869995118,0.9952065944671631,-0.05150490254163742,0.0831339955329895,0.05529790371656418,0.9975005984306336,-0.04398507624864578,-0.08066077530384064,0.04837137088179588,0.9955672025680542],"EasingStyle":"Linear","EasingDirection":"In"},"HumanoidRootPart":{"Weight":1,"CFrame":[0,0,0,1,0,0,0,1,0,0,0,1],"EasingStyle":"Linear","EasingDirection":"In"},"Left Arm":{"Weight":1,"CFrame":[-0.46759358048439028,0.43230295181274416,0.02944040298461914,-0.7920339107513428,0.2601236402988434,0.552284300327301,0.07781454175710678,-0.854279637336731,0.513956606388092,0.6054975986480713,0.4500467777252197,0.6563770174980164],"EasingStyle":"Linear","EasingDirection":"In"}}},{"Time":0.30000001192092898,"poses":{"Left Leg":{"Weight":1,"CFrame":[-0.772331178188324,0.3165006637573242,-0.2038784623146057,0.9408359527587891,-0.282589852809906,-0.18700462579727174,0.3200804591178894,0.9222860336303711,0.2166498899459839,0.11124862730503082,-0.26368850469589236,0.9581713080406189],"EasingStyle":"Linear","EasingDirection":"In"},"Right Arm":{"Weight":1,"CFrame":[0.3624793291091919,0.18583202362060548,0.010747075080871582,-0.8033400177955627,-0.34203481674194338,-0.4875008165836334,0.11439256370067597,-0.8919969201087952,0.43732818961143496,-0.5844306945800781,0.2955566644668579,0.7557029724121094],"EasingStyle":"Linear","EasingDirection":"In"},"Head":{"Weight":1,"CFrame":[6.28642737865448e-8,-4.377216100692749e-8,-1.1920928955078126e-7,0.9875582456588745,0.06690952926874161,-0.14230947196483613,-0.06423335522413254,0.997662365436554,0.02332204207777977,0.1435372680425644,-0.01389086153358221,0.9895474910736084],"EasingStyle":"Linear","EasingDirection":"In"},"Right Leg":{"Weight":1,"CFrame":[0.4533647894859314,-0.013287067413330078,0.14433395862579347,0.9363304972648621,0.25788614153862,-0.23828540742397309,-0.31189727783203127,0.9225687384605408,-0.2271278351545334,0.16126155853271485,0.28698721528053286,0.944263219833374],"EasingStyle":"Linear","EasingDirection":"In"},"Torso":{"Weight":1,"CFrame":[-0.07950127124786377,0.0022640973329544069,-0.2646193504333496,0.9913138747215271,-0.06673847138881684,0.1133260726928711,0.07357165962457657,0.9956470131874085,-0.0572211891412735,-0.10901389271020889,0.06506173312664032,0.991908848285675],"EasingStyle":"Linear","EasingDirection":"In"},"HumanoidRootPart":{"Weight":1,"CFrame":[0,0,0,1,0,0,0,1,0,0,0,1],"EasingStyle":"Linear","EasingDirection":"In"},"Left Arm":{"Weight":1,"CFrame":[-0.46529901027679446,0.37279266119003298,0.04636037349700928,-0.7915009260177612,0.31402021646499636,0.5243259072303772,0.04841049388051033,-0.8229997158050537,0.5659753084182739,0.6092477440834045,0.4733528792858124,0.6362031102180481],"EasingStyle":"Linear","EasingDirection":"In"}}},{"Time":0.3166666626930237,"poses":{"Left Leg":{"Weight":1,"CFrame":[-0.8491714596748352,0.42726993560791018,-0.30417996644973757,0.9267072677612305,-0.2990435063838959,-0.2275671362876892,0.35707029700279238,0.8894572257995606,0.28524860739707949,0.11710947006940842,-0.34559935331344607,0.9310460090637207],"EasingStyle":"Linear","EasingDirection":"In"},"Right Arm":{"Weight":1,"CFrame":[0.32258179783821108,0.05690723657608032,0.01577925682067871,-0.7996258735656738,-0.4038439989089966,-0.44441935420036318,0.20054371654987336,-0.8771846890449524,0.4362676739692688,-0.56602