{"Sequence":[{"Time":0,"poses":{"Left Leg":{"Weight":1,"CFrame":[-0.3449263572692871,0.1953577995300293,-0.054805219173431399,0.9845235347747803,-0.16951999068260194,-0.044457320123910907,0.17444846034049989,0.9236767888069153,0.341158390045166,-0.01676902547478676,-0.3436340093612671,0.9389539361000061],"EasingStyle":"Linear","EasingDirection":"In"},"Right Leg":{"Weight":1,"CFrame":[0.4456532597541809,0.11258924007415772,0.024950265884399415,0.9833513498306274,0.17355012893676759,-0.05385742709040642,-0.17389000952243806,0.9847636818885803,-0.0016528135165572167,0.052750054746866229,0.010990527458488942,0.9985473155975342],"EasingStyle":"Linear","EasingDirection":"In"},"Left Arm":{"Weight":1,"CFrame":[-0.010323092341423035,-0.5812160968780518,-0.019570887088775636,-0.6075839400291443,0.508688747882843,-0.6099815368652344,-0.6931206583976746,-0.714605987071991,0.09445682168006897,-0.38784730434417727,0.4801812767982483,0.7867658734321594],"EasingStyle":"Linear","EasingDirection":"In"},"Head":{"Weight":1,"CFrame":[9.499490261077881e-8,-3.818422555923462e-8,-5.364418029785156e-7,0.9958716034889221,-0.09014542400836945,-0.010662936605513096,0.09064722806215286,0.993800163269043,0.06437613815069199,0.004793611355125904,-0.06507691740989685,0.9978687763214111],"EasingStyle":"Linear","EasingDirection":"In"},"Torso":{"Weight":1,"CFrame":[-0.11439527571201325,-0.11227694153785706,-0.14449214935302735,0.9957874417304993,0.09117560088634491,0.009713053703308106,-0.08987856656312943,0.9915673732757568,-0.09335934370756149,-0.018143238499760629,0.09209305793046951,0.9955852031707764],"EasingStyle":"Linear","EasingDirection":"In"},"HumanoidRootPart":{"Weight":1,"CFrame":[0,0,0,1,0,0,0,1,0,0,0,1],"EasingStyle":"Linear","EasingDirection":"In"},"Right Arm":{"Weight":1,"CFrame":[0.2819210886955261,-0.0845765471458435,0.21613943576812745,-0.1128959208726883,-0.16596534848213197,-0.9796478748321533,0.3318834900856018,-0.9356232285499573,0.12026039510965347,-0.936540424823761,-0.31155213713645937,0.16070924699306489],"EasingStyle":"Linear","EasingDirection":"In"}}},{"Time":0.0416666679084301,"poses":{"Left Leg":{"Weight":1,"CFrame":[-0.6862684488296509,0.26942509412765505,-0.17835932970046998,0.9256511926651001,-0.34877845644950869,-0.14670903980731965,0.377906858921051,0.8328346610069275,0.4044412672519684,-0.018876053392887117,-0.4298139810562134,0.9027201533317566],"EasingStyle":"Linear","EasingDirection":"In"},"Right Leg":{"Weight":1,"CFrame":[0.6033968329429627,0.17109262943267823,0.043678998947143558,0.9587908983230591,0.27777743339538576,-0.059664588421583179,-0.2802075147628784,0.959225058555603,-0.03702867031097412,0.04694608598947525,0.052221205085515979,0.997531533241272],"EasingStyle":"Linear","EasingDirection":"In"},"Left Arm":{"Weight":1,"CFrame":[-0.010322995483875275,-0.5812157392501831,-0.019570767879486085,-0.6257116198539734,0.5417255759239197,-0.5612649917602539,-0.6866924166679382,-0.7238655686378479,0.06687557697296143,-0.3700522482395172,0.42726123332977297,0.8249298930168152],"EasingStyle":"Linear","EasingDirection":"In"},"Head":{"Weight":1,"CFrame":[8.195638656616211e-8,3.91155481338501e-8,-2.384185791015625e-7,0.9961312413215637,-0.08474496006965637,-0.02325783483684063,0.08598492294549942,0.99455726146698,0.058843180537223819,0.01814458519220352,-0.06061536446213722,0.9979962706565857],"EasingStyle":"Linear","EasingDirection":"In"},"Torso":{"Weight":1,"CFrame":[-0.15134961903095246,-0.11040940880775452,-0.2678203582763672,0.9961254000663757,0.08635340631008148,0.016653267666697503,-0.08443734049797058,0.9920395016670227,-0.09342361241579056,-0.024588145315647126,0.09165547788143158,0.9954871535301209],"EasingStyle":"Linear","EasingDirection":"In"},"HumanoidRootPart":{"Weight":1,"CFrame":[0,0,0,1,0,0,0,1,0,0,0,1],"EasingStyle":"Linear","EasingDirection":"In"},"Right Arm":{"Weight":1,"CFrame":[0.23450340330600739,-0.06361860036849976,0.2441157102584839,-0.09413324296474457,-0.119062140583992,-0.9884144067764282,0.4959310293197632,-0.8664796352386475,0.05714346840977669,-0.8632446527481079,-0.4848064184188843,0.14061123132705689],"EasingStyle":"Linear","EasingDirection":"In"}}},{"Time":0.0833333358168602,"poses":{"Left Leg":{"Weight":1,"CFrame":[-0.9852945804595947,0.3647313714027405,-0.5127333998680115,0.8215723633766174,-0.46745458245277407,-0.3263513743877411,0.5691520571708679,0.6394481658935547,0.5168867707252502,-0.03293630853295326,-0.6104034185409546,0.7914056777954102],"EasingStyle":"Linear","EasingDirection":"In"},"Right Leg":{"Weight":1,"CFrame":[0.7614476680755615,0.2597501873970032,0.10804271697998047,0.9102069735527039,0.40358084440231326,-0.09298231452703476,-0.41251957416534426,0.9033951163291931,-0.11706745624542237,0.03675362095236778,0.14491261541843415,0.9887616634368897],"EasingStyle":"Linear","EasingDirection":"In"},"Left Arm":{"Weight":1,"CFrame":[-0.010323036462068558,-0.5812156200408936,-0.01957082748413086,-0.6530090570449829,0.6195040941238403,-0.435653418302536,-0.6949504613876343,-0.7187919616699219,0.019544024020433427,-0.301036536693573,0.3155198097229004,0.89990234375],"EasingStyle":"Linear","EasingDirection":"In"},"Head":{"Weight":1,"CFrame":[7.078051567077637e-8,-8.381903171539307e-9,-5.960464477539063e-8,0.9977353811264038,-0.04903800040483475,-0.04603750258684158,0.05120362341403961,0.997576892375946,0.047102611511945727,0.04361613094806671,-0.049353234469890597,0.9978286027908325],"EasingStyle":"Linear","EasingDirection":"In"},"Torso":{"Weight":1,"CFrame":[-0.21898499131202699,-0.1061926782131195,-0.49695563316345217,0.9982227683067322,0.05102536082267761,0.030784908682107927,-0.04796457663178444,0.9945024847984314,-0.0930817574262619,-0.03536520153284073,0.09143975377082825,0.995182454586029],"EasingStyle":"Linear","EasingDirection":"In"},"HumanoidRootPart":{"Weight":1,"CFrame":[0,0,0,1,0,0,0,1,0,0,0,1],"EasingStyle":"Linear","EasingDirection":"In"},"Right Arm":{"Weight":1,"CFrame":[0.14644217491149903,-0.024697065353393556,0.29607129096984866,-0.11183489859104157,-0.08105309307575226,-0.9904157519340515,0.7841713428497315,-0.6193885207176209,-0.03785721957683563,-0.6103836894035339,-0.7808893918991089,0.13282881677150727],"EasingStyle":"Linear","EasingDirection":"In"}}},{"Time":0.125,"poses":{"Left Leg":{"Weight":1,"CFrame":[-1.0038284063339234,0.5029511451721191,-0.8226057291030884,0.7990412712097168,-0.3873063623905182,-0.45992061495780947,0.5971969962120056,0.6001516580581665,0.5321405529975891,0.06992065161466599,-0.6998656392097473,0.7108442187309265],"EasingStyle":"Linear","EasingDirection":"In"},"Right Leg":{"Weight":1,"CFrame":[0.767206609249115,0.2720780372619629,0.21151554584503175,0.8678289651870728,0.4606778919696808,-0.18614180386066438,-0.4901368319988251,0.8551698327064514,-0.1686728149652481,0.08147908747196198,0.23761412501335145,0.9679363965988159],"EasingStyle":"Linear","EasingDirection":"In"},"Left Arm":{"Weight":1,"CFrame":[-0.010323062539100647,-0.5812154412269592,-0.019570767879486085,-0.6382347345352173,0.7183223962783814,-0.27689260244369509,-0.7513337135314941,-0.6595988869667053,0.02066744863986969,-0.16779211163520814,0.22122927010059358,0.9606786370277405],"EasingStyle":"Linear","EasingDirection":"In"},"Head":{"Weight":1,"CFrame":[4.7497451305389407e-8,-2.7008354663848878e-8,-1.1920928955078126e-7,0.9972801804542542,0.046736668795347217,-0.05699123814702034,-0.04469001665711403,0.9983275532722473,0.03667278587818146,0.05860988050699234,-0.034026097506284717,0.9977009296417236],"EasingStyle":"Linear","EasingDirection":"In"},"Torso":{"Weight":1,"CFrame":[-0.2525314688682556,-0.10135278105735779,-0.6203851699829102,0.9980456829071045,-0.046284496784210208,0.04198497161269188,0.04995611310005188,0.9945889115333557,-0.09109053015708924,-0.0375417061150074,0.09300991147756577,0.9949571490287781],"EasingStyle":"Linear","EasingDirection":"In"},"HumanoidRootPart":{"Weight":1,"CFrame":[0,0,0,1,0,0,0,1,0,0,0,1],"EasingStyle":"Linear","EasingDirection":"In"},"Right Arm":{"Weight":1,"CFrame":[0.09902460873126984,-0.00373917818069458,0.3240475654602051,-0.17688748240470887,-0.24227845668792725,-0.9539454579353333,0.9472599625587463,-0.3050595223903656,-0.09817017614841461,-0.2672257721424103,-0.9209993481636047,0.2834619879722595],"EasingStyle":"Linear","EasingDirection":"In"}}},{"Time":0.1666666716337204,"poses":{"Left Leg":{"Weight":1,"CFrame":[-0.9020667672157288,0.5950039625167847,-0.7333371043205261,0.7864213585853577,-0.19312763214111329,-0.5867225527763367,0.404297411441803,0.879069447517395,0.25254788994789126,0.46699586510658266,-0.43581947684288027,0.7693999409675598],"EasingStyle":"Linear","EasingDirection":"In"},"Right Leg":{"Weight":1,"CFrame":[0.628394603729248,0.22727566957473756,0.30745208263397219,0.7861997485160828,0.49128836393356326,-0.37486758828163149,-0.5469396710395813,0.8355533480644226,-0.05203505977988243,0.2876576781272888,0.24593989551067353,0.9256169199943543],"EasingStyle":"Linear","EasingDirection":"In"},"Left Arm":{"Weight":1,"CFrame":[-0.0073876529932022099,-0.4675978720188141,-0.009040772914886475,-0.27569231390953066,0.9477422833442688,-0.16055679321289063,-0.9603874683380127,-0.2645188570022583,0.087668776512146,0.04061713442206383,0.17836615443229676,0.9831255674362183],"EasingStyle":"Linear","EasingDirection":"In"},"Head":{"Weight":1,"CFrame":[4.470348358154297e-8,-1.4901161193847657e-8,-2.384185791015625e-7,0.9567451477050781,0.288516104221344,-0.03738056868314743,-0.2874344289302826,0.9572734832763672,0.031763553619384769,0.04494771361351013,-0.019645167514681817,0.9987961649894714],"EasingStyle":"Linear","EasingDirection":"In"},"Torso":{"Weight":1,"CFrame":[-0.23264509439468385,-0.10173958539962769,-0.5375854969024658,0.9584468603134155,-0.28520822525024416,0.005988338030874729,0.28451043367385867,0.9541488885879517,-0.09302643686532974,0.020818140357732774,0.0908646509051323,0.9956456422805786],"EasingStyle":"Linear","EasingDirection":"In"},"HumanoidRootPart":{"Weight":1,"CFrame":[0,0,0,1,0,0,0,1,0,0,0,1],"EasingStyle":"Linear","EasingDirection":"In"},"Right Arm":{"Weight":1,"CFrame":[0.1513252556324005,-0.13381388783454896,0.21335220336914063,-0.14650429785251618,-0.7278326749801636,-0.6699223518371582,0.9883546233177185,-0.13585880398750306,-0.06853874772787094,-0.041130173951387408,-0.6721621751785278,0.7392607927322388],"EasingStyle":"Linear","EasingDirection":"In"}}},{"Time":0.2083333283662796,"poses":{"Left Leg":{"Weight":1,"CFrame":[-0.8319347500801086,0.33479660749435427,-0.3942683935165405,0.8465253114700317,-0.16979126632213593,-0.5045453310012817,0.17774184048175813,0.9835314750671387,-0.03276629000902176,0.5017996430397034,-0.06194132938981056,0.8627632856369019],"EasingStyle":"Linear","EasingDirection":"In"},"Right Leg":{"Weight":1,"CFrame":[0.5025569200515747,0.1890297532081604,0.28407442569732668,0.7463252544403076,0.502608060836792,-0.43632999062538149,-0.5182750225067139,0.8501628637313843,0.09281264245510102,0.41760003566741946,0.15687046945095063,0.894987165927887],"EasingStyle":"Linear","EasingDirection":"In"},"Left Arm":{"Weight":1,"CFrame":[-0.001249954104423523,-0.2274620532989502,0.021010875701904298,0.4587060511112213,0.8780438303947449,-0.13648463785648347,-0.8486997485160828,0.4784191846847534,0.2254413515329361,0.26324421167373659,0.012422959320247174,0.9646493196487427],"EasingStyle":"Linear","EasingDirection":"In"},"Head":{"Weight":1,"CFrame":[6.705522537231445e-8,-1.4901161193847657e-8,-2.384185791015625e-7,0.8908160328865051,0.45432910323143008,-0.005655232816934586,-0.45407962799072268,0.8906295299530029,0.0243070088326931,0.016080087050795556,-0.01908513903617859,0.9996885657310486],"EasingStyle":"Linear","EasingDirection":"In"},"Torso":{"Weight":1,"CFrame":[-0.16384464502334596,-0.11064833402633667,-0.38129663467407229,0.8938833475112915,-0.44717058539390566,-0.031796686351299289,0.4419814348220825,0.8909317255020142,-0.10436990857124329,0.07499983161687851,0.07924097776412964,0.9940301179885864],"EasingStyle":"Linear","EasingDirection":"In"},"HumanoidRootPart":{"Weight":1,"CFrame":[0,0,0,1,0,0,0,1,0,0,0,1],"EasingStyle":"Linear","EasingDirection":"In"},"Right Arm":{"Weight":1,"CFrame":[0.2493535876274109,-0.3753815293312073,-0.0012586712837219239,-0.03417768329381943,-0.9981486797332764,0.0503106452524662,0.9993978142738342,-0.034435778856277469,-0.0042737810872495178,0.005998340435326099,0.05013425275683403,0.9987244606018066],"EasingStyle":"Linear","EasingDirection":"In"}}},{"Time":0.25,"poses":{"Left Leg":{"Weight":1,"CFrame":[-0.6959584951400757,0.1942540407180786,-0.11103111505508423,0.9613916873931885,-0.17582528293132783,-0.211687371134758,0.15171894431114198,0.9804485440254211,-0.12530863285064698,0.22958090901374818,0.08835367113351822,0.9692710041999817],"EasingStyle":"Linear","EasingDirection":"In"},"Right Leg":{"Weight":1,"CFrame":[0.4356008768081665,0.15599548816680909,0.20062291622161866,0.8040114045143127,0.46060138940811159,-0.37604793906211855,-0.44001489877700808,0.8862485289573669,0.1447426974773407,0.3999406397342682,0.04909191653132439,0.9152254462242127],"EasingStyle":"Linear","EasingDirection":"In"},"Left Arm":{"Weight":1,"CFrame":[0.004087269306182861,-0.011884629726409912,0.06827688217163086,0.7392347455024719,0.6516791582107544,-0.16984228789806367,-0.5539041757583618,0.7318045496940613,0.3970544934272766,0.38304340839385989,-0.1994401216506958,0.9019431471824646],"EasingStyle":"Linear","EasingDirection":"In"},"Head":{"Weight":1,"CFrame":[9.685754776000977e-8,6.332993507385254e-8,-1.7881393432617188e-7,0.8925315141677856,0.4507193863391876,0.015484213829040528,-0.450967013835907,0.8922785520553589,0.021632451564073564,-0.004066071938723326,-0.026290511712431909,0.9996460676193237],"EasingStyle":"Linear","EasingDirection":"In"},"Torso":{"Weight":1,"CFrame":[-0.07069721072912216,-0.1144743263721466,-0.25829315185546877,0.894754946231842,-0.445563405752182,-0.029779018834233285,0.4403376877307892,0.8914198279380798,-0.10711389034986496,0.07427164912223816,0.08272786438465119,0.993800699710846],"EasingStyle":"Linear","EasingDirection":"In"},"HumanoidRootPart":{"Weight":1,"CFrame":[0,0,0,1,0,0,0,1,0,0,0,1],"EasingStyle":"Linear","EasingDirection":"In"},"Right Arm":{"Weight":1,"CFrame":[0.3047989010810852,-0.505456268787384,-0.14357316493988038,0.0158368032425642,-0.8691226840019226,0.4943430423736572,0.9971829056739807,-0.022524749860167505,-0.07154757529497147,0.07331861555576325,0.49408355355262759,0.8663174510002136],"EasingStyle":"Linear","EasingDirection":"In"}}},{"Time":0.2916666567325592,"poses":{"Left Leg":{"Weight":1,"CFrame":[-0.5910812020301819,0.19422078132629395,0.030492067337036134,0.9879754185676575,-0.1544319987297058,0.0074486262165009979,0.1542488932609558,0.9812157154083252,-0.11585795879364014,0.010583409108221531,0.11561373621225357,0.9932378530502319],"EasingStyle":"Linear","EasingDirection":"In"},"Right Leg":{"Weight":1,"CFrame":[0.33249688148498537,0.14352375268936158,0.1580265760421753,0.8308886289596558,0.41170191764831545,-0.37433353066444399,-0.3683537542819977,0.9111878275871277,0.18453282117843629,0.4170607328414917,-0.015439102426171303,0.9087475538253784],"EasingStyle":"Linear","EasingDirection":"In"},"Left Arm":{"Weight":1,"CFrame":[0.006828427314758301,0.09532362222671509,0.12713730335235597,0.6930046081542969,0.705579936504364,-0.14799247682094575,-0.4982708692550659,0.6171256303787231,0.6090008020401001,0.5210286974906921,-0.3482999801635742,0.7792409062385559],"EasingStyle":"Linear","EasingDirection":"In"},"Head":{"Weight":1,"CFrame":[1.0058283805847168e-7,5.4016709327697757e-8,3.5762786865234377e-7,0.8960530161857605,0.44304606318473818,0.028272081166505815,-0.44371646642684939,0.895822286605835,0.02486472949385643,-0.014310547150671482,-0.03482489287853241,0.9992910623550415],"EasingStyle":"Linear","EasingDirection":"In"},"Torso":{"Weight":1,"CFrame":[0.009238287806510926,-0.12045130133628845,-0.18332457542419434,0.896640419960022,-0.4419909715652466,-0.02607697620987892,0.4368753433227539,0.8927586674690247,-0.11010046303272248,0.07194385677576065,0.08732814341783524,0.993578314781189],"EasingStyle":"Linear","EasingDirection":"In"},"HumanoidRootPart":{"Weight":1,"CFrame":[0,0,0,1,0,0,0,1,0,0,0,1],"EasingStyle":"Linear","EasingDirection":"In"},"Right Arm":{"Weight":1,"CFrame":[0.3080807328224182,-0.5019213557243347,-0.1767846941947937,0.022207334637641908,-0.8187094926834106,0.5737784504890442,0.9747987985610962,-0.10969709604978562,-0.19425241649150849,0.22197815775871278,0.5636323094367981,0.7956408858299255],"EasingStyle":"Linear","EasingDirection":"In"}}},{"Time":0.3333333432674408,"poses":{"Left Leg":{"Weight":1,"CFrame":[-0.5383747220039368,0.2669972777366638,0.08896756172180176,0.9842714071273804,-0.12472424656152725,0.12511514127254487,0.13294625282287599,0.9893271327018738,-0.05964197218418121,-0.1163409948348999,0.0753374993801117,0.9903480410575867],"EasingStyle":"Linear","EasingDirection":"In"},"Right Leg":{"Weight":1,"CFrame":[0.25765228271484377,0.14248663187026978,0.12573480606079102,0.8476132750511169,0.37876835465431216,-0.3715994954109192,-0.3167083263397217,0.9230300188064575,0.21842966973781587,0.42573174834251406,-0.06745526939630509,0.9023316502571106],"EasingStyle":"Linear","EasingDirection":"In"},"Left Arm":{"Weight":1,"CFrame":[0.014007769525051117,0.13455843925476075,0.17872095108032227,0.6070238947868347,0.7904771566390991,-0.0816577821969986,-0.4408405125141144,0.4204510450363159,0.7930198907852173,0.6611970663070679,-0.4453839659690857,0.6036981344223023],"EasingStyle":"Linear","EasingDirection":"In"},"Head":{"Weight":1,"CFrame":[5.587935447692871e-8,2.7939677238464357e-8,2.384185791015625e-7,0.899495542049408,0.4352988600730896,0.03771786391735077,-0.4364590644836426,0.8991786241531372,0.03132547065615654,-0.020279161632061006,-0.04463942348957062,0.9987973570823669],"EasingStyle":"Linear","EasingDirection":"In"},"Torso":{"Weight":1,"CFrame":[0.08012492209672928,-0.12596765160560609,-0.14599061012268067,0.8985005021095276,-0.4383942782878876,-0.022523727267980577,0.4334416687488556,0.8941305875778198,-0.11251126974821091,0.06946345418691635,0.0913287103176117,0.9933951497077942],"EasingStyle":"Linear","EasingDirection":"In"},"HumanoidRootPart":{"Weight":1,"CFrame":[0,0,0,1,0,0,0,1,0,0,0,1],"EasingStyle":"Linear","EasingDirection":"In"},"Right Arm":{"Weight":1,"CFrame":[0.3092661499977112,-0.49415266513824465,-0.18891668319702149,-0.020334502682089807,-0.8110798597335815,0.5845820903778076,0.9454421997070313,-0.20575764775276185,-0.25259217619895937,0.3251546323299408,0.547552227973938,0.7710129618644714],"EasingStyle":"Linear","EasingDirection":"In"}}},{"Time":0.375,"poses":{"Left Leg":{"Weight":1,"CFrame":[-0.512286365032196,0.33074820041656496,0.08455991744995117,0.9839543700218201,-0.08906596899032593,0.15459950268268586,0.08935941010713577,0.9959866404533386,0.005063751712441444,-0.1544300764799118,0.008832452818751336,0.9879643321037293],"EasingStyle":"Linear","EasingDirection":"In"},"Right Leg":{"Weight":1,"CFrame":[0.21348592638969422,0.15137726068496705,0.10552489757537842,0.8528785109519959,0.36711955070495608,-0.37124305963516238,-0.28700071573257449,0.9236335754394531,0.2540307343006134,0.43615221977233889,-0.11011035740375519,0.8931109309196472],"EasingStyle":"Linear","EasingDirection":"In"},"Left Arm":{"Weight":1,"CFrame":[0.034867122769355777,0.14105498790740968,0.20084524154663087,0.5286709666252136,0.8488184213638306,0.0038120755925774576,-0.3602309226989746,0.2202920913696289,0.9064795970916748,0.7685966491699219,-0.4806026220321655,0.42223265767097475],"EasingStyle":"Linear","EasingDirection":"In"},"Head":{"Weight":1,"CFrame":[1.043081283569336e-7,-5.960464477539063e-8,-5.960464477539063e-8,0.90082848072052,0.4314110577106476,0.04891350865364075,-0.43330249190330508,0.9004337191581726,0.03831569477915764,-0.027513552457094194,-0.05571022629737854,0.9980678558349609],"EasingStyle":"Linear","EasingDirection":"In"},"Torso":{"Weight":1,"CFrame":[0.1461385190486908,-0.12839281558990479,-0.1358654499053955,0.8993380069732666,-0.436752587556839,-0.020936548709869386,0.43188586831092837,0.8947577476501465,-0.11350423842668534,0.06830640882253647,0.0930364802479744,0.9933168888092041],"EasingStyle":"Linear","EasingDirection":"In"},"HumanoidRootPart":{"Weight":1,"CFrame":[0,0,0,1,0,0,0,1,0,0,0,1],"EasingStyle":"Linear","EasingDirection":"In"},"Right Arm":{"Weight":1,"CFrame":[0.3095157742500305,-0.4863998293876648,-0.19100195169448853,-0.09506135433912277,-0.8028540015220642,0.5885483622550964,0.9201504588127136,-0.2964656949043274,-0.2557954788208008,0.3798508644104004,0.5172366499900818,0.7669286131858826],"EasingStyle":"Linear","EasingDirection":"In"}}},{"Time":0.4166666567325592,"poses":{"Left Leg":{"Weight":1,"CFrame":[-0.5037517547607422,0.3110108971595764,0.02725827693939209,0.9959346652030945,-0.04452844709157944,0.07830391824245453,0.04099177569150925,0.9980905055999756,0.04620779678225517,-0.08021197468042374,-0.042810164391994479,0.9958581328392029],"EasingStyle":"Linear","EasingDirection":"In"},"Right Leg":{"Weight":1,"CFrame":[0.20116451382637025,0.17274683713912965,0.09965932369232178,0.8387086391448975,0.39026618003845217,-0.3798159658908844,-0.2849549949169159,0.9088498950004578,0.3046188950538635,0.46407821774482729,-0.14725598692893983,0.8734685778617859],"EasingStyle":"Linear","EasingDirection":"In"},"Left Arm":{"Weight":1,"CFrame":[0.08233433961868286,0.1438295841217041,0.19950854778289796,0.49438759684562685,0.8672964572906494,0.0581207275390625,-0.28082528710365298,0.09608571231365204,0.9549370408058167,0.8226287961006165,-0.4884306788444519,0.2910623848438263],"EasingStyle":"Linear","EasingDirection":"In"},"Head":{"Weight":1,"CFrame":[1.1920928955078126e-7,7.450580596923828e-9,0,0.8913080096244812,0.44856908917427065,0.06600042432546616,-0.4516649544239044,0.8911598324775696,0.042815227061510089,-0.0396113321185112,-0.06797163188457489,0.9969006180763245],"EasingStyle":"Linear","EasingDirection":"In"},"Torso":{"Weight":1,"CFrame":[0.20510146021842957,-0.12693184614181519,-0.14839434623718263,0.893395721912384,-0.44833794236183169,-0.028933607041835786,0.4427231550216675,0.889503002166748,-0.1130513921380043,0.07642175257205963,0.08819004148244858,0.9931678771972656],"EasingStyle":"Linear","EasingDirection":"In"},"HumanoidRootPart":{"Weight":1,"CFrame":[0,0,0,1,0,0,0,1,0,0,0,1],"EasingStyle":"Linear","EasingDirection":"In"},"Right Arm":{"Weight":1,"CFrame":[0.3097653388977051,-0.481490820646286,-0.19223856925964356,-0.17140762507915498,-0.7766080498695374,0.6062174439430237,0.8981710076332092,-0.3760402798652649,-0.22777727246284486,0.404855877161026,0.5054441690444946,0.7619828581809998],"EasingStyle":"Linear","EasingDirection":"In"}}},{"Time":0.4583333432674408,"poses":{"Left Leg":{"Weight":1,"CFrame":[-0.4886094331741333,0.23768019676208497,-0.043598175048828128,0.9977322816848755,0.011040306650102139,-0.0663975179195404,-0.007456825114786625,0.9985142946243286,0.053978320211172107,0.06689471751451493,-0.05336076393723488,0.9963321089744568],"EasingStyle":"Linear","EasingDirection":"In"},"Right Leg":{"Weight":1,"CFrame":[0.2092372179031372,0.20353937149047852,0.10325908660888672,0.8055628538131714,0.44179868698120119,-0.394819438457489,-0.3005750775337219,0.8789527416229248,0.3702657222747803,0.5106105804443359,-0.17959938943386079,0.8408454060554504],"EasingStyle":"Linear","EasingDirection":"In"},"Left Arm":{"Weight":1,"CFrame":[0.13824184238910676,0.14702069759368897,0.19407832622528077,0.4770120680332184,0.8744257092475891,0.08853928744792938,-0.23108571767807008,0.02758653834462166,0.9725422263145447,0.8479734659194946,-0.4843745529651642,0.215226411819458],"EasingStyle":"Linear","EasingDirection":"In"},"Head":{"Weight":1,"CFrame":[5.21540641784668e-8,-5.8673322200775149e-8,2.384185791015625e-7,0.8725076913833618,0.4807540476322174,0.08721186220645905,-0.4854399561882019,0.8732120990753174,0.04299726337194443,-0.05548335239291191,-0.07985156774520874,0.9952614903450012],"EasingStyle":"Linear","EasingDirection":"In"},"Torso":{"Weight":1,"CFrame":[0.2526845633983612,-0.12433050572872162,-0.17627549171447755,0.8794589042663574,-0.4735221564769745,-0.04825931787490845,0.46624115109443667,0.8774341344833374,-0.11282098293304444,0.09576763212680817,0.07672093063592911,0.9924426674842835],"EasingStyle":"Linear","EasingDirection":"In"},"HumanoidRootPart":{"Weight":1,"CFrame":[0,0,0,1,0,0,0,1,0,0,0,1],"EasingStyle":"Linear","EasingDirection":"In"},"Right Arm":{"Weight":1,"CFrame":[0.31005239486694338,-0.47656571865081789,-0.19448810815811158,-0.22910763323307038,-0.7440881133079529,0.6275688409805298,0.8816521167755127,-0.43187466263771059,-0.1901938021183014,0.41255202889442446,0.5097225904464722,0.7549727559089661],"EasingStyle":"Linear","EasingDirection":"In"}}},{"Time":0.5,"poses":{"Left Leg":{"Weight":1,"CFrame":[-0.4926106333732605,0.18905866146087647,-0.079761803150177,0.985954761505127,0.026717187836766244,-0.16486215591430665,-0.023177675902843477,0.9994584918022156,0.02335650846362114,0.16539685428142548,-0.019207298755645753,0.9860401153564453],"EasingStyle":"Linear","EasingDirection":"In"},"Right Leg":{"Weight":1,"CFrame":[0.22687199711799622,0.23197472095489503,0.11187708377838135,0.7675002217292786,0.49389737844467165,-0.4086669683456421,-0.31824377179145815,0.8469499349594116,0.425907164812088,0.5564749240875244,-0.19682814180850984,0.8072140216827393],"EasingStyle":"Linear","EasingDirection":"In"},"Left Arm":{"Weight":1,"CFrame":[0.16518892347812653,0.14854669570922852,0.18242323398590089,0.43653443455696108,0.8902537822723389,0.12994538247585298,-0.22115850448608399,-0.03381985053420067,0.9746512770652771,0.8720818758010864,-0.45420750975608828,0.18212367594242097],"EasingStyle":"Linear","EasingDirection":"In"},"Head":{"Weight":1,"CFrame":[8.195638656616211e-8,1.4901161193847657e-8,2.384185791015625e-7,0.860144317150116,0.49833670258522036,0.10868494212627411,-0.5046105980873108,0.8624653220176697,0.03900986164808273,-0.07429694384336472,-0.08839766681194306,0.9933105707168579],"EasingStyle":"Linear","EasingDirection":"In"},"Torso":{"Weight":1,"CFrame":[0.2899082899093628,-0.1230350136756897,-0.20484685897827149,0.8640446662902832,-0.4982641935348511,-0.07183021306991577,0.48914211988449099,0.8646925091743469,-0.1142229363322258,0.11902424693107605,0.06355853378772736,0.9908549785614014],"EasingStyle":"Linear","EasingDirection":"In"},"HumanoidRootPart":{"Weight":1,"CFrame":[0,0,0,1,0,0,0,1,0,0,0,1],"EasingStyle":"Linear","EasingDirection":"In"},"Right Arm":{"Weight":1,"CFrame":[0.3101895749568939,-0.46734341979026797,-0.19777733087539674,-0.2561250925064087,-0.7088323831558228,0.6572340130805969,0.885623037815094,-0.44455385208129885,-0.13432645797729493,0.3873909115791321,0.5476572513580322,0.7416197657585144],"EasingStyle":"Linear","EasingDirection":"In"}}},{"Time":0.5416666865348816,"poses":{"Left Leg":{"Weight":1,"CFrame":[-0.5139056444168091,0.16863101720809937,-0.07878303527832031,0.9845476150512695,0.00022921711206436157,-0.1751174032688141,-0.00502783851698041,0.9996238946914673,-0.02695908024907112,0.17504537105560304,0.027422942221164705,0.984178364276886],"EasingStyle":"Linear","EasingDirection":"In"},"Right Leg":{"Weight":1,"CFrame":[0.2532656788825989,0.24811112880706788,0.12083125114440918,0.7462329268455505,0.5241602659225464,-0.4103565514087677,-0.3332494795322418,0.8277882933616638,0.4513441324234009,0.5762650370597839,-0.20005673170089723,0.7923989295959473],"EasingStyle":"Linear","EasingDirection":"In"},"Left Arm":{"Weight":1,"CFrame":[0.1368323713541031,0.13933652639389039,0.1637866497039795,0.3623524308204651,0.8863840103149414,0.2881389856338501,-0.3304765820503235,-0.16687598824501038,0.9289444088935852,0.8714849948883057,-0.43182843923568728,0.23246119916439057],"EasingStyle":"Linear","EasingDirection":"In"},"Head":{"Weight":1,"CFrame":[1.4901161193847657e-7,-3.725290298461914e-8,-2.384185791015625e-7,0.8573296666145325,0.4986436069011688,0.127830371260643,-0.5062161087989807,0.8617548942565918,0.03352520242333412,-0.09344130754470825,-0.09345190972089768,0.9912293553352356],"EasingStyle":"Linear","EasingDirection":"In"},"Torso":{"Weight":1,"CFrame":[0.3178095817565918,-0.1247701346874237,-0.2189643383026123,0.8554563522338867,-0.5095394253730774,-0.0925421416759491,0.4987401068210602,0.8587139844894409,-0.1177651584148407,0.13947322964668275,0.05458847060799599,0.9887200593948364],"EasingStyle":"Linear","EasingDirection":"In"},"HumanoidRootPart":{"Weight":1,"CFrame":[0,0,0,1,0,0,0,1,0,0,0,1],"EasingStyle":"Linear","EasingDirection":"In"},"Right Arm":{"Weight":1,"CFrame":[0.310075581073761,-0.4510505497455597,-0.20186930894851685,-0.2692352533340454,-0.6796088814735413,0.6823812127113342,0.9139008522033691,-0.4038022756576538,-0.041579924523830417,0.30380523204803469,0.6124340295791626,0.7298129796981812],"EasingStyle":"Linear","EasingDirection":"In"}}},{"Time":0.5833333134651184,"poses":{"Left Leg":{"Weight":1,"CFrame":[-0.47753679752349856,0.1266014575958252,-0.05999261140823364,0.987682044506073,0.0050886585377156738,-0.1563914716243744,-0.01553923636674881,0.9977202415466309,-0.06567322462797165,0.1557007133960724,0.06729446351528168,0.98550945520401],"EasingStyle":"Linear","EasingDirection":"In"},"Right Leg":{"Weight":1,"CFrame":[0.2659567892551422,0.24257409572601319,0.11873769760131836,0.7571375370025635,0.5197970271110535,-0.3956688940525055,-0.3384760320186615,0.8301982283592224,0.44295036792755129,0.5587279200553894,-0.201449915766716,0.8045130372047424],"EasingStyle":"Linear","EasingDirection":"In"},"Left Arm":{"Weight":1,"CFrame":[0.071840301156044,0.11725842952728272,0.14290738105773927,0.2196820229291916,0.8059835433959961,0.5496639013290405,-0.5452073812484741,-0.36579984426498415,0.7542807459831238,0.8090049028396606,-0.46538275480270388,0.35906848311424258],"EasingStyle":"Linear","EasingDirection":"In"},"Head":{"Weight":1,"CFrame":[5.960464477539063e-8,-4.470348358154297e-8,3.5762786865234377e-7,0.8553128838539124,0.4982684850692749,0.14201569557189942,-0.5067744851112366,0.8615831136703491,0.02922910451889038,-0.1077943965792656,-0.09696994721889496,0.9894328117370606],"EasingStyle":"Linear","EasingDirection":"In"},"Torso":{"Weight":1,"CFrame":[0.3376380205154419,-0.13058122992515565,-0.20351409912109376,0.8539628386497498,-0.5096856951713562,-0.10472914576530457,0.4974852502346039,0.8587438464164734,-0.12275032699108124,0.15249960124492646,0.052723001688718799,0.9868962168693543],"EasingStyle":"Linear","EasingDirection":"In"},"HumanoidRootPart":{"Weight":1,"CFrame":[0,0,0,1,0,0,0,1,0,0,0,1],"EasingStyle":"Linear","EasingDirection":"In"},"Right Arm":{"Weight":1,"CFrame":[0.30927807092666628,-0.43094757199287417,-0.20546811819076539,-0.28477561473846438,-0.6636896729469299,0.6916784048080444,0.938485324382782,-0.3400484025478363,0.06010176241397858,0.19531525671482087,0.6662455201148987,0.7197005152702332],"EasingStyle":"Linear","EasingDirection":"In"}}},{"Time":0.625,"poses":{"Left Leg":{"Weight":1,"CFrame":[-0.4027917683124542,0.07721686363220215,-0.03888142108917236,0.9910635948181152,0.03625762462615967,-0.1283687800168991,-0.04823322594165802,0.9946412444114685,-0.09144647419452667,0.12436512112617493,0.0968208834528923,0.9875014424324036],"EasingStyle":"Linear","EasingDirection":"In"},"Right Leg":{"Weight":1,"CFrame":[0.26756539940834048,0.22211164236068726,0.10932254791259766,0.7842319011688232,0.4987104833126068,-0.369145005941391,-0.34029126167297366,0.8431918025016785,0.4162086546421051,0.5188276767730713,-0.20078735053539277,0.8309647440910339],"EasingStyle":"Linear","EasingDirection":"In"},"Left Arm":{"Weight":1,"CFrame":[0.0003290027379989624,0.09063810110092163,0.12589728832244874,-0.0029208362102508547,0.6643459796905518,0.747419536113739,-0.7042229175567627,-0.532018780708313,0.4701344072818756,0.7099729776382446,-0.5249767899513245,0.4694015383720398],"EasingStyle":"Linear","EasingDirection":"In"},"Head":{"Weight":1,"CFrame":[1.6391277313232423e-7,7.450580596923828e-9,0,0.8545443415641785,0.4979763329029083,0.14755898714065553,-0.5068376660346985,0.8616028428077698,0.027496924623847009,-0.11344445496797562,-0.09828578680753708,0.988671064376831],"EasingStyle":"Linear","EasingDirection":"In"},"Torso":{"Weight":1,"CFrame":[0.3500346839427948,-0.13769789040088654,-0.17307066917419434,0.85333251953125,-0.5095657110214233,-0.11030132323503494,0.4963233172893524,0.8587367534637451,-0.1274143010377884,0.15964576601982118,0.05398164317011833,0.985697329044342],"EasingStyle":"Linear","EasingDirection":"In"},"HumanoidRootPart":{"Weight":1,"CFrame":[0,0,0,1,0,0,0,1,0,0,0,1],"EasingStyle":"Linear","EasingDirection":"In"},"Right Arm":{"Weight":1,"CFrame":[0.3071129024028778,-0.4118061661720276,-0.2070145606994629,-0.2898716926574707,-0.6591090559959412,0.6939379572868347,0.9467421770095825,-0.3036833107471466,0.1070316806435585,0.14019177854061128,0.6880057454109192,0.7120354771614075],"EasingStyle":"Linear","EasingDirection":"In"}}},{"Time":0.6666666865348816,"poses":{"Left Leg":{"Weight":1,"CFrame":[-0.34615635871887209,0.0467534065246582,-0.023679018020629884,0.9934861063957214,0.05848376452922821,-0.09780151396989823,-0.06905354559421539,0.9917021989822388,-0.10843630880117417,0.09064824134111405,0.11448352038860321,0.9892807602882385],"EasingStyle":"Linear","EasingDirection":"In"},"Right Leg":{"Weight":1,"CFrame":[0.3129653334617615,0.206739604473114,0.10979831218719483,0.7982332706451416,0.5022202730178833,-0.3325636386871338,-0.36722123622894289,0.8433908224105835,0.3922249972820282,0.47746458649635317,-0.19096262753009797,0.8576485514640808],"EasingStyle":"Linear","EasingDirection":"In"},"Left Arm":{"Weight":1,"CFrame":[-0.04758495092391968,0.06780290603637696,0.11886906623840332,-0.20465035736560822,0.554716169834137,0.8064789175987244,-0.7300756573677063,-0.6353151202201843,0.251723051071167,0.6520028710365295,-0.5372754335403442,0.5350022912025452],"EasingStyle":"Linear","EasingDirection":"In"},"Head":{"Weight":1,"CFrame":[1.043081283569336e-7,-4.470348358154297e-8,2.384185791015625e-7,0.8546289205551148,0.4978669583797455,0.14743773639202119,-0.5068688988685608,0.8615405559539795,0.028841152787208558,-0.11266455054283142,-0.09938009083271027,0.9886507987976074],"EasingStyle":"Linear","EasingDirection":"In"},"Torso":{"Weight":1,"CFrame":[0.3550323247909546,-0.14159850776195527,-0.15673589706420899,0.8529263138771057,-0.509513795375824,-0.11363275349140167,0.49566006660461428,0.8587305545806885,-0.13001137971878053,0.16382251679897309,0.05456690862774849,0.984979510307312],"EasingStyle":"Linear","EasingDirection":"In"},"HumanoidRootPart":{"Weight":1,"CFrame":[0,0,0,1,0,0,0,1,0,0,0,1],"EasingStyle":"Linear","EasingDirection":"In"},"Right Arm":{"Weight":1,"CFrame":[0.2998085618019104,-0.397479385137558,-0.19860029220581056,-0.28509825468063357,-0.6524444222450256,0.7021648287773132,0.9469280242919922,-0.30520352721214297,0.10088679939508438,0.1484801471233368,0.6936622262001038,0.7048307657241821],"EasingStyle":"Linear","EasingDirection":"In"}}},{"Time":0.7083333134651184,"poses":{"Left Leg":{"Weight":1,"CFrame":[-0.33119046688079836,0.0369795560836792,-0.014121770858764649,0.9958871006965637,0.056367989629507068,-0.07093460857868195,-0.06474658846855164,0.9904189705848694,-0.12197607755661011,0.06337933987379074,0.12606719136238099,0.989995002746582],"EasingStyle":"Linear","EasingDirection":"In"},"Right Leg":{"Weight":1,"CFrame":[0.40533939003944399,0.19925349950790406,0.11369955539703369,0.7942144870758057,0.536344587802887,-0.2855836749076843,-0.4207821190357208,0.8245200514793396,0.37829774618148806,0.43836742639541628,-0.18028107285499574,0.8805298805236816],"EasingStyle":"Linear","EasingDirection":"In"},"Left Arm":{"Weight":1,"CFrame":[-0.06593511998653412,0.05361682176589966,0.11897552013397217,-0.3289857804775238,0.4969055652618408,0.8030274510383606,-0.6934800744056702,-0.7043198943138123,0.1517200917005539,0.6409787535667419,-0.5069699287414551,0.5763053297996521],"EasingStyle":"Linear","EasingDirection":"In"},"Head":{"Weight":1,"CFrame":[1.4901161193847657e-8,-3.725290298461914e-8,-1.7881393432617188e-7,0.8551865220069885,0.4976170063018799,0.14502860605716706,-0.5067692399024963,0.8614727854728699,0.03239823877811432,-0.1088162511587143,-0.101202592253685,0.988896906375885],"EasingStyle":"Linear","EasingDirection":"In"},"Torso":{"Weight":1,"CFrame":[0.3561555743217468,-0.14194704592227937,-0.15758347511291505,0.852270245552063,-0.5096839070320129,-0.11771930754184723,0.4955335855484009,0.858737587928772,-0.13044704496860505,0.16757673025131226,0.052842285484075549,0.984441876411438],"EasingStyle":"Linear","EasingDirection":"In"},"HumanoidRootPart":{"Weight":1,"CFrame":[0,0,0,1,0,0,0,1,0,0,0,1],"EasingStyle":"Linear","EasingDirection":"In"},"Right Arm":{"Weight":1,"CFrame":[0.28773871064186098,-0.38815295696258547,-0.18008852005004884,-0.2798062264919281,-0.6380661129951477,0.7173424959182739,0.9451541304588318,-0.31421545147895815,0.08917593210935593,0.16849997639656068,0.7029510140419006,0.6909902095794678],"EasingStyle":"Linear","EasingDirection":"In"}}},{"Time":0.75,"poses":{"Left Leg":{"Weight":1,"CFrame":[-0.33281368017196658,0.029553353786468507,-0.008790910243988037,0.9975208044052124,0.04363365098834038,-0.05521250143647194,-0.05092966929078102,0.9890507459640503,-0.1385098397731781,0.048564162105321887,0.1409783959388733,0.9888209104537964],"EasingStyle":"Linear","EasingDirection":"In"},"Right Leg":{"Weight":1,"CFrame":[0.4919860064983368,0.18980878591537476,0.09970617294311524,0.789371132850647,0.5713590979576111,-0.22459293901920319,-0.470723032951355,0.7981423139572144,0.3760170638561249,0.3940979242324829,-0.19109594821929933,0.8989823460578919],"EasingStyle":"Linear","EasingDirection":"In"},"Left Arm":{"Weight":1,"CFrame":[-0.07269568741321564,0.039099156856536868,0.11924242973327637,-0.40726351737976076,0.45395249128341677,0.7925045490264893,-0.6611332297325134,-0.7451955080032349,0.08710107207298279,0.6301106214523315,-0.4884779453277588,0.603614091873169],"EasingStyle":"Linear","EasingDirection":"In"},"Head":{"Weight":1,"CFrame":[1.1920928955078126e-7,-7.450580596923828e-8,2.384185791015625e-7,0.8566271066665649,0.49734383821487429,0.1372557133436203,-0.5062249898910523,0.8615878224372864,0.037452876567840579,-0.09963089227676392,-0.1015654131770134,0.9898273348808289],"EasingStyle":"Linear","EasingDirection":"In"},"Torso":{"Weight":1,"CFrame":[0.3697536289691925,-0.14177270233631135,-0.16084861755371095,0.8516106605529785,-0.5099064707756043,-0.12146980315446854,0.4955965280532837,0.8587343692779541,-0.13022911548614503,0.17071495950222016,0.050704486668109897,0.9840149879455566],"EasingStyle":"Linear","EasingDirection":"In"},"HumanoidRootPart":{"Weight":1,"CFrame":[0,0,0,1,0,0,0,1,0,0,0,1],"EasingStyle":"Linear","EasingDirection":"In"},"Right Arm":{"Weight":1,"CFrame":[0.2764381170272827,-0.3830936551094055,-0.16157710552215577,-0.27505701780319216,-0.6239133477210999,0.7314889430999756,0.9426577687263489,-0.3246188163757324,0.07758226245641709,0.18905051052570344,0.7108832001686096,0.6774253249168396],"EasingStyle":"Linear","EasingDirection":"In"}}},{"Time":0.7916666865348816,"poses":{"Left Leg":{"Weight":1,"CFrame":[-0.36482399702072146,0.024178504943847657,-0.009869098663330078,0.9982215166091919,0.010564520955085755,-0.058669935911893848,-0.020118800923228265,0.9861327409744263,-0.1647348403930664,0.05611594021320343,0.1656222939491272,0.9845914244651794],"EasingStyle":"Linear","EasingDirection":"In"},"Right Leg":{"Weight":1,"CFrame":[0.5511255264282227,0.17321312427520753,0.0645759105682373,0.7888506054878235,0.5968537330627441,-0.1465611457824707,-0.5082967281341553,0.7676509618759155,0.3903159201145172,0.3454694151878357,-0.23340453207492829,0.9089407920837402],"EasingStyle":"Linear","EasingDirection":"In"},"Left Arm":{"Weight":1,"CFrame":[-0.07366131246089935,0.011804938316345215,0.11958909034729004,-0.4636056125164032,0.43147560954093935,0.7738853693008423,-0.640