{"Sequence":[{"Time":0,"poses":{"Left Leg":{"Weight":1,"CFrame":[-0.5784407258033752,0.0169793963432312,0.3195645809173584,0.6817203164100647,-0.606657862663269,0.40892985463142397,0.5922216176986694,0.7857714295387268,0.17842906713485719,-0.42957064509391787,0.12053833156824112,0.8949521780014038],"EasingStyle":"Linear","EasingDirection":"In"},"Right Leg":{"Weight":1,"CFrame":[0.7211836576461792,0.6258689761161804,0.014340400695800782,0.9827303290367127,0.0731736347079277,-0.16996091604232789,-0.03792187198996544,0.9786373376846314,0.2020666003227234,0.181115984916687,-0.1921316534280777,0.9645114541053772],"EasingStyle":"Linear","EasingDirection":"In"},"Head":{"Weight":1,"CFrame":[-9.313225746154785e-9,-2.60770320892334e-8,2.384185791015625e-7,0.924047589302063,-0.37349072098731997,0.08149029314517975,0.35689327120780947,0.9192437529563904,0.1661871075630188,-0.13697883486747743,-0.12448151409626007,0.9827213287353516],"EasingStyle":"Linear","EasingDirection":"In"},"Right Arm":{"Weight":1,"CFrame":[0.10885830223560333,-0.3178958296775818,0.17379283905029298,0.05707542225718498,-0.6727291345596314,-0.7376839518547058,0.6861842274665833,-0.5102728605270386,0.5184329152107239,-0.725185215473175,-0.5357770919799805,0.4324924349784851],"EasingStyle":"Linear","EasingDirection":"In"},"Torso":{"Weight":1,"CFrame":[0.043321266770362857,0.067366823554039,-0.2886505126953125,0.8347223997116089,0.5489643216133118,0.043321266770362857,-0.5506702065467835,0.8320000171661377,0.067366823554039,0.000938675832003355,-0.08008831739425659,0.9967873096466065],"EasingStyle":"Linear","EasingDirection":"In"},"HumanoidRootPart":{"Weight":0,"CFrame":[0,0,0,1,0,0,0,1,0,0,0,1],"EasingStyle":"Linear","EasingDirection":"In"},"Left Arm":{"Weight":1,"CFrame":[-0.2507269084453583,-0.5085191130638123,-0.1377401351928711,-0.34853941202163699,0.7295921444892883,-0.5884010791778565,-0.9219123721122742,-0.15358866751194,0.3556517958641052,0.169109046459198,0.6664126515388489,0.7261515259742737],"EasingStyle":"Linear","EasingDirection":"In"}}},{"Time":0.03333333507180214,"poses":{"Left Leg":{"Weight":1,"CFrame":[-0.8044862747192383,-0.007825613021850586,0.3266526460647583,0.6205548644065857,-0.7122063040733337,0.32813823223114016,0.6963272094726563,0.6929132342338562,0.18707948923110963,-0.3606106638908386,0.11239859461784363,0.9259192943572998],"EasingStyle":"Linear","EasingDirection":"In"},"Right Leg":{"Weight":1,"CFrame":[0.5535686016082764,0.5680736303329468,0.20178544521331788,0.9458186030387878,-0.01737566664814949,-0.3242301046848297,0.02792661264538765,0.999220073223114,0.02791614644229412,0.3234923779964447,-0.03545820713043213,0.9455662369728088],"EasingStyle":"Linear","EasingDirection":"In"},"Head":{"Weight":1,"CFrame":[-3.259629011154175e-9,9.313225746154786e-10,-2.384185791015625e-7,0.8938062191009522,-0.43872886896133425,0.09288378804922104,0.4154978394508362,0.8880972266197205,0.19658300280570985,-0.16873648762702943,-0.13711412250995637,0.9760777354240418],"EasingStyle":"Linear","EasingDirection":"In"},"Right Arm":{"Weight":1,"CFrame":[0.12465767562389374,-0.31693994998931887,0.1945972442626953,-0.02040623314678669,-0.5518466234207153,-0.8336958885192871,0.6059780716896057,-0.6700741648674011,0.428708553314209,-0.7952195405960083,-0.4964533746242523,0.34808066487312319],"EasingStyle":"Linear","EasingDirection":"In"},"Torso":{"Weight":1,"CFrame":[-0.0047814324498176579,0.03843165189027786,-0.42569518089294436,0.7993619441986084,0.6002051830291748,0.027824295684695245,-0.6008491516113281,0.7984380125999451,0.03843165561556816,0.0008509063045494258,-0.047439008951187137,0.998873770236969],"EasingStyle":"Linear","EasingDirection":"In"},"HumanoidRootPart":{"Weight":0,"CFrame":[0,0,0,1,0,0,0,1,0,0,0,1],"EasingStyle":"Linear","EasingDirection":"In"},"Left Arm":{"Weight":1,"CFrame":[-0.18179044127464295,-0.4776325225830078,-0.05822652578353882,-0.1868024468421936,0.8070808053016663,-0.5601122975349426,-0.8819212317466736,0.11341406404972077,0.45754995942115786,0.43280452489852908,0.5794461369514465,0.6905955672264099],"EasingStyle":"Linear","EasingDirection":"In"}}},{"Time":0.06666667014360428,"poses":{"Left Leg":{"Weight":1,"CFrame":[-1.0209569931030274,-0.04845929145812988,0.20230555534362794,0.5866074562072754,-0.792849063873291,0.16517288982868195,0.7673255801200867,0.6093432307243347,0.19978031516075135,-0.25904273986816409,0.009548898786306382,0.9658187031745911],"EasingStyle":"Linear","EasingDirection":"In"},"Right Leg":{"Weight":1,"CFrame":[0.47241148352622988,0.4880468249320984,0.28774702548980715,0.9222540855407715,-0.06993042677640915,-0.380206823348999,0.037156254053115848,0.9949840903282166,-0.0928770899772644,0.3847944736480713,0.07152927666902542,0.9202263951301575],"EasingStyle":"Linear","EasingDirection":"In"},"Head":{"Weight":1,"CFrame":[2.3283064365386964e-9,-1.862645149230957e-9,-2.384185791015625e-7,0.858439564704895,-0.4967435598373413,0.12777845561504365,0.46453481912612917,0.8585768342018127,0.21691758930683137,-0.21746009588241578,-0.1268530935049057,0.9677910208702087],"EasingStyle":"Linear","EasingDirection":"In"},"Right Arm":{"Weight":1,"CFrame":[0.14299508929252625,-0.32210659980773928,0.2404848337173462,-0.11338887363672257,-0.41678038239479067,-0.9019073843955994,0.49441659450531008,-0.8110547065734863,0.3126380741596222,-0.8617976307868958,-0.4104683995246887,0.29802772402763369],"EasingStyle":"Linear","EasingDirection":"In"},"Torso":{"Weight":1,"CFrame":[-0.10915762186050415,0.003350953571498394,-0.5390028953552246,0.7738006711006165,0.6334108114242554,-0.004819299094378948,-0.6334021091461182,0.7738155722618103,0.003350954269990325,0.005851779133081436,0.0004595842328853905,0.9999827742576599],"EasingStyle":"Linear","EasingDirection":"In"},"HumanoidRootPart":{"Weight":0,"CFrame":[0,0,0,1,0,0,0,1,0,0,0,1],"EasingStyle":"Linear","EasingDirection":"In"},"Left Arm":{"Weight":1,"CFrame":[-0.11665865033864975,-0.38581258058547976,0.03876674175262451,0.06572221964597702,0.7911221981048584,-0.6081169247627258,-0.7169434428215027,0.46131858229637148,0.522663414478302,0.6940264105796814,0.40163514018058779,0.5975087881088257],"EasingStyle":"Linear","EasingDirection":"In"}}},{"Time":0.10000000149011612,"poses":{"Left Leg":{"Weight":1,"CFrame":[-1.1367239952087403,-0.08886849880218506,0.02544569969177246,0.5847389698028565,-0.8112189173698425,-0.002042644890025258,0.7955847382545471,0.572973906993866,0.19683991372585298,-0.15850959718227387,-0.11672534793615341,0.9804335236549377],"EasingStyle":"Linear","EasingDirection":"In"},"Right Leg":{"Weight":1,"CFrame":[0.5470314025878906,0.554625391960144,0.3084676265716553,0.9418784976005554,-0.05551176518201828,-0.3313356339931488,0.011516381055116654,0.9910093545913696,-0.13329638540744782,0.33575624227523806,0.12173310667276383,0.934049665927887],"EasingStyle":"Linear","EasingDirection":"In"},"Head":{"Weight":1,"CFrame":[0,0,1.1920928955078126e-7,0.8211936354637146,-0.5424893498420715,0.17704875767230988,0.5012915134429932,0.8340328931808472,0.23042558133602143,-0.2726679742336273,-0.10047098249197006,0.9568478465080261],"EasingStyle":"Linear","EasingDirection":"In"},"Right Arm":{"Weight":1,"CFrame":[0.1663883626461029,-0.3377109169960022,0.2847714424133301,-0.19685859978199006,-0.2839779853820801,-0.9384046196937561,0.37017548084259035,-0.9078187346458435,0.19706708192825318,-0.9078638553619385,-0.3085799813270569,0.2838333547115326],"EasingStyle":"Linear","EasingDirection":"In"},"Torso":{"Weight":1,"CFrame":[-0.22170448303222657,-0.032344527542591098,-0.5880651473999023,0.7572465538978577,0.6515330076217651,-0.04563352093100548,-0.6529905200004578,0.756675124168396,-0.03234453126788139,0.013456221669912339,0.05429103970527649,0.9984344840049744],"EasingStyle":"Linear","EasingDirection":"In"},"HumanoidRootPart":{"Weight":0,"CFrame":[0,0,0,1,0,0,0,1,0,0,0,1],"EasingStyle":"Linear","EasingDirection":"In"},"Left Arm":{"Weight":1,"CFrame":[-0.06207951530814171,-0.28427860140800478,0.12544679641723634,0.26834288239479067,0.6783691048622131,-0.683964729309082,-0.46715185046195986,0.7125707268714905,0.5234614014625549,0.8424733281135559,0.17904815077781678,0.5081145763397217],"EasingStyle":"Linear","EasingDirection":"In"}}},{"Time":0.13333334028720857,"poses":{"Left Leg":{"Weight":1,"CFrame":[-1.1097742319107056,-0.06914627552032471,-0.06556510925292969,0.6518047451972961,-0.7544169425964356,-0.07749619334936142,0.7536629438400269,0.6329663991928101,0.1770472526550293,-0.08451473712921143,-0.17380636930465699,0.9811465740203857],"EasingStyle":"Linear","EasingDirection":"In"},"Right Leg":{"Weight":1,"CFrame":[0.5520970225334168,0.5410028696060181,0.2724193334579468,0.954059362411499,-0.08708671480417252,-0.28668212890625,0.04912557452917099,0.9893450140953064,-0.13705185055732728,0.2955629527568817,0.11667219549417496,0.9481719732284546],"EasingStyle":"Linear","EasingDirection":"In"},"Head":{"Weight":1,"CFrame":[-2.2351741790771486e-8,-3.725290298461914e-8,2.384185791015625e-7,0.7870256900787354,-0.5729785561561585,0.22866152226924897,0.5253990292549133,0.8167903423309326,0.2383471578359604,-0.3233363926410675,-0.06744679063558579,0.9438773989677429],"EasingStyle":"Linear","EasingDirection":"In"},"Right Arm":{"Weight":1,"CFrame":[0.19874975085258485,-0.3660516142845154,0.30157291889190676,-0.2560711205005646,-0.18342718482017518,-0.9490954279899597,0.26932236552238467,-0.9564927220344544,0.1121925488114357,-0.9283819794654846,-0.2268836349248886,0.2943308651447296],"EasingStyle":"Linear","EasingDirection":"In"},"Torso":{"Weight":1,"CFrame":[-0.2940870523452759,-0.06378088891506195,-0.5390341281890869,0.7479714155197144,0.6582126021385193,-0.08541043847799301,-0.6633762121200562,0.7455629110336304,-0.06378089636564255,0.021697474643588067,0.10436553508043289,0.9943022727966309],"EasingStyle":"Linear","EasingDirection":"In"},"HumanoidRootPart":{"Weight":0,"CFrame":[0,0,0,1,0,0,0,1,0,0,0,1],"EasingStyle":"Linear","EasingDirection":"In"},"Left Arm":{"Weight":1,"CFrame":[-0.038740940392017367,-0.23475927114486695,0.16278624534606934,0.33890894055366518,0.6049808859825134,-0.720513105392456,-0.3378680944442749,0.7930110692977905,0.5069303512573242,0.8780580163002014,0.07163497060537338,0.4731621742248535],"EasingStyle":"Linear","EasingDirection":"In"}}},{"Time":0.1666666716337204,"poses":{"Left Leg":{"Weight":1,"CFrame":[-0.9556229710578919,0.0021839141845703127,0.00750279426574707,0.7573696970939636,-0.6529855132102966,0.0010659138206392527,0.6440476179122925,0.7472701668739319,0.1636759340763092,-0.1076744869351387,-0.1232769712805748,0.9865135550498962],"EasingStyle":"Linear","EasingDirection":"In"},"Right Leg":{"Weight":1,"CFrame":[0.5048076510429382,0.4771377444267273,0.19372570514678956,0.9582652449607849,-0.1579083949327469,-0.2383117824792862,0.13649806380271913,0.9851742386817932,-0.1039232537150383,0.25118914246559145,0.06705676764249802,0.9656124711036682],"EasingStyle":"Linear","EasingDirection":"In"},"Head":{"Weight":1,"CFrame":[7.450580596923828e-9,2.2351741790771486e-8,1.1920928955078126e-7,0.7620819807052612,-0.5888748168945313,0.26917940378189089,0.5384407043457031,0.8072722554206848,0.2416466325521469,-0.359600692987442,-0.039217397570610049,0.9322817921638489],"EasingStyle":"Linear","EasingDirection":"In"},"Right Arm":{"Weight":1,"CFrame":[0.24440816044807435,-0.4057900309562683,0.29501664638519289,-0.302342027425766,-0.16152985394001008,-0.9394134879112244,0.20236513018608094,-0.9739481806755066,0.10233887284994126,-0.9314706921577454,-0.15916341543197633,0.32715290784835818],"EasingStyle":"Linear","EasingDirection":"In"},"Torso":{"Weight":1,"CFrame":[-0.3183564245700836,-0.08623450994491577,-0.43407273292541506,0.7439342737197876,0.6582306027412415,-0.11530070751905441,-0.6676447987556458,0.7394687533378601,-0.08623450994491577,0.028499076142907144,0.14113272726535798,0.9895803928375244],"EasingStyle":"Linear","EasingDirection":"In"},"HumanoidRootPart":{"Weight":0,"CFrame":[0,0,0,1,0,0,0,1,0,0,0,1],"EasingStyle":"Linear","EasingDirection":"In"},"Left Arm":{"Weight":1,"CFrame":[-0.043740831315517429,-0.2963591516017914,0.15549516677856446,0.2880510687828064,0.6501911878585815,-0.7030493021011353,-0.38134023547172549,0.751326858997345,0.538597583770752,0.8784111738204956,0.11295724660158158,0.4643643796443939],"EasingStyle":"Linear","EasingDirection":"In"}}},{"Time":0.20000000298023225,"poses":{"Left Leg":{"Weight":1,"CFrame":[-0.7311162948608398,0.055693864822387698,0.14618170261383058,0.8129158616065979,-0.552046537399292,0.18550635874271394,0.5303333401679993,0.8333309888839722,0.15590326488018037,-0.24065397679805757,-0.028355984017252923,0.9701966643333435],"EasingStyle":"Linear","EasingDirection":"In"},"Right Leg":{"Weight":1,"CFrame":[0.46151018142700198,0.4132813811302185,0.10449743270874024,0.9610916972160339,-0.22078227996826173,-0.16600579023361207,0.216157466173172,0.9752902984619141,-0.045658908784389499,0.1719846874475479,0.007999150082468987,0.9850671887397766],"EasingStyle":"Linear","EasingDirection":"In"},"Head":{"Weight":1,"CFrame":[1.4901161193847657e-8,1.4901161193847657e-8,2.384185791015625e-7,0.7525656223297119,-0.593529224395752,0.28525081276893618,0.5425940752029419,0.8043447136878967,0.24211813509464265,-0.3731442987918854,-0.027434322983026506,0.9273676872253418],"EasingStyle":"Linear","EasingDirection":"In"},"Right Arm":{"Weight":1,"CFrame":[0.29893243312835696,-0.4501676559448242,0.2840222120285034,-0.3769321143627167,-0.22494108974933625,-0.8985118269920349,0.13272230327129365,-0.973169207572937,0.18795357644557954,-0.9166826009750366,-0.048406973481178287,0.3966735601425171],"EasingStyle":"Linear","EasingDirection":"In"},"Torso":{"Weight":1,"CFrame":[-0.31413891911506655,-0.09484884142875672,-0.3448059558868408,0.7430583238601685,0.6570584177970886,-0.12703779339790345,-0.6684902310371399,0.7376480102539063,-0.09484885632991791,0.03138795122504234,0.15540175139904023,0.9873525500297546],"EasingStyle":"Linear","EasingDirection":"In"},"HumanoidRootPart":{"Weight":0,"CFrame":[0,0,0,1,0,0,0,1,0,0,0,1],"EasingStyle":"Linear","EasingDirection":"In"},"Left Arm":{"Weight":1,"CFrame":[-0.054950788617134097,-0.44026026129722597,0.1369558572769165,0.14157158136367799,0.750569224357605,-0.6454480290412903,-0.4801880121231079,0.622238039970398,0.6182553172111511,0.86566561460495,0.22240877151489259,0.4485054910182953],"EasingStyle":"Linear","EasingDirection":"In"}}},{"Time":0.23333333432674409,"poses":{"Left Leg":{"Weight":1,"CFrame":[-0.5459943413734436,0.0833512544631958,0.24609553813934327,0.7951152920722961,-0.4853958785533905,0.3635689318180084,0.46427416801452639,0.872891902923584,0.15003100037574769,-0.3901810050010681,0.04950377345085144,0.919406533241272],"EasingStyle":"Linear","EasingDirection":"In"},"Right Leg":{"Weight":1,"CFrame":[0.4720974862575531,0.39062583446502688,0.03342127799987793,0.973383903503418,-0.20722165703773499,-0.09789231419563294,0.21193598210811616,0.976448655128479,0.04038795828819275,0.08721745759248734,-0.060060009360313418,0.9943771362304688],"EasingStyle":"Linear","EasingDirection":"In"},"Head":{"Weight":1,"CFrame":[0,-2.9802322387695315e-8,-1.1920928955078126e-7,0.7841208577156067,-0.5585448145866394,0.2705220580101013,0.5205589532852173,0.8292657732963562,0.20331397652626038,-0.3378947377204895,-0.01860004849731922,0.9410001039505005],"EasingStyle":"Linear","EasingDirection":"In"},"Right Arm":{"Weight":1,"CFrame":[0.35368677973747256,-0.494858980178833,0.2666921615600586,-0.49981021881103518,-0.35017046332359316,-0.7921932339668274,0.07203444838523865,-0.9282673597335815,0.36487093567848208,-0.8631342649459839,0.12530086934566499,0.48918211460113528],"EasingStyle":"Linear","EasingDirection":"In"},"Torso":{"Weight":1,"CFrame":[-0.2727401852607727,-0.07940468192100525,-0.29470181465148928,0.7721925973892212,0.625694751739502,-0.1105651706457138,-0.6344054341316223,0.7689113020896912,-0.07940468192100525,0.035331711173057559,0.13145886361598969,0.9906917810440064],"EasingStyle":"Linear","EasingDirection":"In"},"HumanoidRootPart":{"Weight":0,"CFrame":[0,0,0,1,0,0,0,1,0,0,0,1],"EasingStyle":"Linear","EasingDirection":"In"},"Left Arm":{"Weight":1,"CFrame":[-0.0650288388133049,-0.6055027842521668,0.11318099498748779,-0.08414231240749359,0.8372955322265625,-0.5402372479438782,-0.5726426243782044,0.40306001901626589,0.7138786911964417,0.8154756426811218,0.3694303631782532,0.4455568492412567],"EasingStyle":"Linear","EasingDirection":"In"}}},{"Time":0.2666666805744171,"poses":{"Left Leg":{"Weight":1,"CFrame":[-0.45597320795059206,0.09793782234191895,0.281882643699646,0.7755165696144104,-0.4450206458568573,0.44780680537223818,0.4297572374343872,0.8917221426963806,0.14191511273384095,-0.4624745845794678,0.08239076286554337,0.8827962279319763],"EasingStyle":"Linear","EasingDirection":"In"},"Right Leg":{"Weight":1,"CFrame":[0.5334073901176453,0.3790718913078308,-0.02615898847579956,0.9936493635177612,-0.10375403612852097,-0.043543871492147449,0.1090274453163147,0.9834644794464111,0.14460502564907075,0.027820635586977006,-0.14843417704105378,0.9885308742523193],"EasingStyle":"Linear","EasingDirection":"In"},"Head":{"Weight":1,"CFrame":[0,1.1175870895385743e-8,-1.7881393432617188e-7,0.8594496250152588,-0.45947813987731936,0.22411207854747773,0.4459078907966614,0.888177216053009,0.11093846708536148,-0.25002509355545046,0.0045873322524130348,0.9682285189628601],"EasingStyle":"Linear","EasingDirection":"In"},"Right Arm":{"Weight":1,"CFrame":[0.3966344892978668,-0.5346861481666565,0.24861609935760499,-0.6271460056304932,-0.4810233414173126,-0.6126205325126648,0.07913132756948471,-0.8217970728874207,0.5642591714859009,-0.7748717069625855,0.3053950369358063,0.5534506440162659],"EasingStyle":"Linear","EasingDirection":"In"},"Torso":{"Weight":1,"CFrame":[-0.20296525955200196,-0.04003482311964035,-0.26052427291870119,0.8420976400375366,0.5343172550201416,-0.07332557439804077,-0.5378130078315735,0.8421130180358887,-0.04003482311964035,0.04035712778568268,0.07314867526292801,0.9965041875839233],"EasingStyle":"Linear","EasingDirection":"In"},"HumanoidRootPart":{"Weight":0,"CFrame":[0,0,0,1,0,0,0,1,0,0,0,1],"EasingStyle":"Linear","EasingDirection":"In"},"Left Arm":{"Weight":1,"CFrame":[-0.06763690710067749,-0.7351285815238953,0.0917586088180542,-0.33762326836586,0.8516619801521301,-0.40085187554359438,-0.6028161644935608,0.13143464922904969,0.7869803309440613,0.7229268550872803,0.5073429346084595,0.46901991963386538],"EasingStyle":"Linear","EasingDirection":"In"}}},{"Time":0.30000001192092898,"poses":{"Left Leg":{"Weight":1,"CFrame":[-0.5276282429695129,0.12364804744720459,0.31230974197387698,0.7631375193595886,-0.4675630033016205,0.4461011588573456,0.45435431599617007,0.8790852427482605,0.14412134885787965,-0.459546834230423,0.0927036702632904,0.8833022117614746],"EasingStyle":"Linear","EasingDirection":"In"},"Right Leg":{"Weight":1,"CFrame":[0.6243488788604736,0.3387564420700073,-0.08108896017074585,0.9982538223266602,0.05525984242558479,0.02087312377989292,-0.05863076448440552,0.9699448347091675,0.2361554205417633,-0.00719585781916976,-0.2369670569896698,0.9714910984039307],"EasingStyle":"Linear","EasingDirection":"In"},"Head":{"Weight":1,"CFrame":[9.313225746154785e-9,6.51925802230835e-9,-5.960464477539063e-7,0.9415647387504578,-0.3055589199066162,0.1417379528284073,0.30763691663742068,0.9514737725257874,0.007557510863989592,-0.13716919720172883,0.036487940698862079,0.9898753762245178],"EasingStyle":"Linear","EasingDirection":"In"},"Right Arm":{"Weight":1,"CFrame":[0.41748353838920596,-0.5577399134635925,0.23775780200958253,-0.7007952332496643,-0.5750901699066162,-0.4220868647098541,0.1612180769443512,-0.704057514667511,0.6916010975837708,-0.6949062943458557,0.41662248969078066,0.5861148238182068],"EasingStyle":"Linear","EasingDirection":"In"},"Torso":{"Weight":1,"CFrame":[-0.12510719895362855,0.011895876377820969,-0.2431197166442871,0.9212387800216675,0.3874868154525757,-0.03424995392560959,-0.38731101155281069,0.9218723773956299,0.011895875446498394,0.03618358075618744,0.0023064438719302418,0.9993425011634827],"EasingStyle":"Linear","EasingDirection":"In"},"HumanoidRootPart":{"Weight":0,"CFrame":[0,0,0,1,0,0,0,1,0,0,0,1],"EasingStyle":"Linear","EasingDirection":"In"},"Left Arm":{"Weight":1,"CFrame":[-0.06222458928823471,-0.775660514831543,0.07953917980194092,-0.5507657527923584,0.7923437356948853,-0.26239004731178286,-0.563502848148346,-0.12107733637094498,0.8171932697296143,0.6157285571098328,0.5979395508766174,0.5131731033325195],"EasingStyle":"Linear","EasingDirection":"In"}}},{"Time":0.3333333432674408,"poses":{"Left Leg":{"Weight":1,"CFrame":[-0.6975642442703247,0.1971401572227478,0.3467668294906616,0.7489371299743652,-0.5164434909820557,0.4151858687400818,0.5016335844993591,0.8512630462646484,0.15399658679962159,-0.43296295404434206,0.09293753653764725,0.8966079354286194],"EasingStyle":"Linear","EasingDirection":"In"},"Right Leg":{"Weight":1,"CFrame":[0.6837175488471985,0.25943803787231448,-0.0925140380859375,0.9735309481620789,0.22227510809898377,0.053210534155368808,-0.22816726565361024,0.9316112995147705,0.2829133868217468,0.01331302896142006,-0.2875659465789795,0.9576683640480042],"EasingStyle":"Linear","EasingDirection":"In"},"Head":{"Weight":1,"CFrame":[0,0,2.384185791015625e-7,0.9928309917449951,-0.11455121636390686,0.03412606567144394,0.11654883623123169,0.9911324977874756,-0.06381846219301224,-0.026512976735830308,0.06733831763267517,0.997377872467041],"EasingStyle":"Linear","EasingDirection":"In"},"Right Arm":{"Weight":1,"CFrame":[0.41941016912460329,-0.5465165376663208,0.24639678001403809,-0.6937577724456787,-0.6616381406784058,-0.28449127078056338,0.28029167652130129,-0.6119104623794556,0.7395963072776794,-0.663428008556366,0.43335962295532229,0.6099688410758972],"EasingStyle":"Linear","EasingDirection":"In"},"Torso":{"Weight":1,"CFrame":[-0.05528508871793747,0.05938909947872162,-0.23889374732971192,0.9796229600906372,0.200682133436203,-0.008095141500234604,-0.199863463640213,0.9780222773551941,0.05938909202814102,0.019835559651255609,-0.05656099319458008,0.9982020854949951],"EasingStyle":"Linear","EasingDirection":"In"},"HumanoidRootPart":{"Weight":0,"CFrame":[0,0,0,1,0,0,0,1,0,0,0,1],"EasingStyle":"Linear","EasingDirection":"In"},"Left Arm":{"Weight":1,"CFrame":[-0.05460765212774277,-0.7350813746452332,0.07991659641265869,-0.6840237379074097,0.7171437740325928,-0.133478045463562,-0.5062859654426575,-0.3350027799606323,0.7946366667747498,0.5251533389091492,0.6111283898353577,0.5922298431396484],"EasingStyle":"Linear","EasingDirection":"In"}}},{"Time":0.36666667461395266,"poses":{"Left Leg":{"Weight":1,"CFrame":[-0.8210797309875488,0.33493906259536745,0.36554408073425295,0.7608608603477478,-0.5092161893844605,0.4022310972213745,0.4980434775352478,0.8555999398231506,0.14107175171375276,-0.4159848392009735,0.09299276024103165,0.9046042561531067],"EasingStyle":"Linear","EasingDirection":"In"},"Right Leg":{"Weight":1,"CFrame":[0.6748471856117249,0.184678316116333,-0.04582178592681885,0.9343143701553345,0.3560563623905182,0.01674662157893181,-0.34415102005004885,0.8888458013534546,0.30251139402389529,0.09282608330249787,-0.2884042263031006,0.9529986381530762],"EasingStyle":"Linear","EasingDirection":"In"},"Head":{"Weight":1,"CFrame":[0,0,0,0.9937354326248169,0.08660214394330979,-0.07063954323530197,-0.09200532734394074,0.9927610158920288,-0.07720500230789185,0.06344207376241684,0.08322055637836456,0.9945096373558044],"EasingStyle":"Linear","EasingDirection":"In"},"Right Arm":{"Weight":1,"CFrame":[0.4121508002281189,-0.5062006115913391,0.27556467056274416,-0.610153317451477,-0.7744886875152588,-0.16697387397289277,0.40803036093711855,-0.4878270626068115,0.7717099189758301,-0.6791348457336426,0.4027307331562042,0.6136640310287476],"EasingStyle":"Linear","EasingDirection":"In"},"Torso":{"Weight":1,"CFrame":[0,0.08044272661209107,-0.23956990242004395,1,0,0,0,0.9967592358589172,0.08044272661209107,0,-0.08044272661209107,0.9967592358589172],"EasingStyle":"Linear","EasingDirection":"In"},"HumanoidRootPart":{"Weight":0,"CFrame":[0,0,0,1,0,0,0,1,0,0,0,1],"EasingStyle":"Linear","EasingDirection":"In"},"Left Arm":{"Weight":1,"CFrame":[-0.04767512530088425,-0.6657293438911438,0.09137594699859619,-0.7590469717979431,0.6510218381881714,-0.004303913097828627,-0.46153414249420168,-0.5334312319755554,0.7088282704353333,0.459166556596756,0.5400201082229614,0.705367922782898],"EasingStyle":"Linear","EasingDirection":"In"}}},{"Time":0.4000000059604645,"poses":{"Left Leg":{"Weight":1,"CFrame":[-0.8599490523338318,0.49748510122299197,0.3547639846801758,0.8156319260597229,-0.43215060234069826,0.3846949636936188,0.43201950192451479,0.8971720933914185,0.09187665581703186,-0.3848423957824707,0.09125830233097077,0.9184598326683044],"EasingStyle":"Linear","EasingDirection":"In"},"Right Leg":{"Weight":1,"CFrame":[0.6074011325836182,0.14086371660232545,0.026563644409179689,0.8923454284667969,0.44588813185691836,-0.0700254812836647,-0.4029308259487152,0.856877863407135,0.32156944274902346,0.20338734984397889,-0.2587355971336365,0.9442931413650513],"EasingStyle":"Linear","EasingDirection":"In"},"Head":{"Weight":1,"CFrame":[-5.587935447692871e-9,-4.377216100692749e-8,4.76837158203125e-7,0.951295793056488,0.26979178190231326,-0.14915990829467774,-0.27897024154663088,0.9592874050140381,-0.044082559645175937,0.1311941146850586,0.0835467278957367,0.9878299832344055],"EasingStyle":"Linear","EasingDirection":"In"},"Right Arm":{"Weight":1,"CFrame":[0.39665910601615908,-0.4571327567100525,0.31576430797576907,-0.44061896204948428,-0.897689700126648,-0.0028788254130631687,0.5203866958618164,-0.2580356299877167,0.8140119910240173,-0.731472909450531,0.35717058181762698,0.5808409452438355],"EasingStyle":"Linear","EasingDirection":"In"},"Torso":{"Weight":1,"CFrame":[0.04825211688876152,0.07169781625270844,-0.2400822639465332,0.9816456437110901,-0.19071191549301148,-0.0008925219299271703,0.19028399884700776,0.9791074395179749,0.07169781625270844,-0.012799753807485104,-0.07055167853832245,0.9974259734153748],"EasingStyle":"Linear","EasingDirection":"In"},"HumanoidRootPart":{"Weight":0,"CFrame":[0,0,0,1,0,0,0,1,0,0,0,1],"EasingStyle":"Linear","EasingDirection":"In"},"Left Arm":{"Weight":1,"CFrame":[-0.0406620055437088,-0.5810123682022095,0.11106991767883301,-0.8025931715965271,0.5842893123626709,0.12020944058895111,-0.4278765022754669,-0.7042868137359619,0.5664821267127991,0.41565123200416567,0.40321964025497439,0.8152592778205872],"EasingStyle":"Linear","EasingDirection":"In"}}},{"Time":0.4333333373069763,"poses":{"Left Leg":{"Weight":1,"CFrame":[-0.8646575212478638,0.6159057021141052,0.2821218967437744,0.8957799673080444,-0.31914693117141726,0.30939170718193056,0.32318443059921267,0.9455069303512573,0.03960571065545082,-0.30517223477363589,0.06451257318258286,0.9501095414161682],"EasingStyle":"Linear","EasingDirection":"In"},"Right Leg":{"Weight":1,"CFrame":[0.5119192004203796,0.12121808528900147,0.09507739543914795,0.8424935340881348,0.5089448690414429,-0.1765780746936798,-0.43122416734695437,0.8336002826690674,0.3451901972293854,0.32287830114364626,-0.21467584371566773,0.9217721819877625],"EasingStyle":"Linear","EasingDirection":"In"},"Head":{"Weight":1,"CFrame":[0,-2.60770320892334e-8,2.384185791015625e-7,0.8833861947059631,0.4238494336605072,-0.1999511569738388,-0.43056392669677737,0.9024949669837952,0.010841431096196175,0.18505005538463593,0.0765145942568779,0.9797458648681641],"EasingStyle":"Linear","EasingDirection":"In"},"Right Arm":{"Weight":1,"CFrame":[0.3666923940181732,-0.41672998666763308,0.35991477966308596,-0.18788667023181916,-0.9452099204063416,0.2669774889945984,0.5500979423522949,0.1239178329706192,0.8258551359176636,-0.813689649105072,0.3020308017730713,0.4966752231121063],"EasingStyle":"Linear","EasingDirection":"In"},"Torso":{"Weight":1,"CFrame":[0.09772972762584686,0.048018649220466617,-0.24691510200500489,0.9327728152275086,-0.3604647219181061,-0.0001232489594258368,0.3600544333457947,0.9316946864128113,0.04801865667104721,-0.017194204032421113,-0.04483487457036972,0.9988464117050171],"EasingStyle":"Linear","EasingDirection":"In"},"HumanoidRootPart":{"Weight":0,"CFrame":[0,0,0,1,0,0,0,1,0,0,0,1],"EasingStyle":"Linear","EasingDirection":"In"},"Left Arm":{"Weight":1,"CFrame":[-0.032794609665870669,-0.4947684407234192,0.13514137268066407,-0.8289297819137573,0.5088270902633667,0.232314333319664,-0.4008719325065613,-0.8300632834434509,0.3876813054084778,0.39009889960289,0.22823205590248109,0.8920388221740723],"EasingStyle":"Linear","EasingDirection":"In"}}},{"Time":0.46666666865348818,"poses":{"Left Leg":{"Weight":1,"CFrame":[-0.843259871006012,0.6318297386169434,0.1555553674697876,0.9661741852760315,-0.18260708451271058,0.18210473656654359,0.18309827148914338,0.9829912185668945,0.014257537201046944,-0.18161089718341828,0.019567793235182763,0.9831757545471191],"EasingStyle":"Linear","EasingDirection":"In"},"Right Leg":{"Weight":1,"CFrame":[0.43023723363876345,0.11593568325042725,0.1483062505722046,0.7817901372909546,0.5599504113197327,-0.274335116147995,-0.4506021738052368,0.8114520907402039,0.3721599578857422,0.4310009777545929,-0.16733504831790925,0.8867001533508301],"EasingStyle":"Linear","EasingDirection":"In"},"Head":{"Weight":1,"CFrame":[0,-1.862645149230957e-9,-2.384185791015625e-7,0.8058598637580872,0.5480283498764038,-0.22417593002319337,-0.5461341142654419,0.8342284560203552,0.0761602520942688,0.22875194251537324,0.061055611819028857,0.97156822681427],"EasingStyle":"Linear","EasingDirection":"In"},"Right Arm":{"Weight":1,"CFrame":[0.3154723048210144,-0.3852963149547577,0.40540647506713869,0.0652804896235466,-0.8233380317687988,0.5637848377227783,0.4431114196777344,0.5301477313041687,0.722907543182373,-0.8940865397453308,0.20262734591960908,0.3994387984275818],"EasingStyle":"Linear","EasingDirection":"In"},"Torso":{"Weight":1,"CFrame":[0.14950063824653626,0.01398812048137188,-0.2682781219482422,0.8645758628845215,-0.5024668574333191,0.005972384940832853,0.5023543834686279,0.8645486831665039,0.01398812048137188,-0.012191983871161938,-0.009093536995351315,0.999884307384491],"EasingStyle":"Linear","EasingDirection":"In"},"HumanoidRootPart":{"Weight":0,"CFrame":[0,0,0,1,0,0,0,1,0,0,0,1],"EasingStyle":"Linear","EasingDirection":"In"},"Left Arm":{"Weight":1,"CFrame":[-0.023961786180734636,-0.41973838210105898,0.1583946943283081,-0.8462857604026794,0.4243132770061493,0.3221162259578705,-0.3739721179008484,-0.9038074612617493,0.2080313116312027,0.37940123677253725,0.05559101700782776,0.9235605597496033],"EasingStyle":"Linear","EasingDirection":"In"}}},{"Time":0.5,"poses":{"Left Leg":{"Weight":1,"CFrame":[-0.7642346620559692,0.5634621381759644,0.04329788684844971,0.9980888366699219,-0.02171364612877369,0.05785579979419708,0.021560026332736017,0.9997621774673462,0.003276777919381857,-0.05791265890002251,-0.0020231010857969524,0.9983195662498474],"EasingStyle":"Linear","EasingDirection":"In"},"Right Leg":{"Weight":1,"CFrame":[0.4049246907234192,0.1088150143623352,0.19350290298461915,0.7139355540275574,0.614780843257904,-0.3351726531982422,-0.48456302285194399,0.7793237566947937,0.3973069489002228,0.5054648518562317,-0.12123938649892807,0.8542870879173279],"EasingStyle":"Linear","EasingDirection":"In"},"Head":{"Weight":1,"CFrame":[-1.979060471057892e-8,-7.450580596923828e-9,-2.980232238769531e-7,0.7315396070480347,0.6437500715255737,-0.22457866370677949,-0.6287694573402405,0.7643553018569946,0.1428631693124771,0.2636260986328125,0.03669813275337219,0.9639266133308411],"EasingStyle":"Linear","EasingDirection":"In"},"Right Arm":{"Weight":1,"CFrame":[0.2519397735595703,-0.35943618416786196,0.44433116912841799,0.23143403232097627,-0.5971764922142029,0.7679965496063232,0.25835925340652468,0.7988097667694092,0.5432802438735962,-0.9379172921180725,0.0726856216788292,0.3391576409339905],"EasingStyle":"Linear","EasingDirection":"In"},"Torso":{"Weight":1,"CFrame":[0.20224672555923463,-0.02533479407429695,-0.31228065490722659,0.7901662588119507,-0.612608015537262,0.01867297850549221,0.6128920316696167,0.789760410785675,-0.0253347959369421,0.0007731189834885299,0.031463220715522769,0.9995046257972717],"EasingStyle":"Linear","EasingDirection":"In"},"HumanoidRootPart":{"Weight":0,"CFrame":[0,0,0,1,0,0,0,1,0,0,0,1],"EasingStyle":"Linear","EasingDirection":"In"},"Left Arm":{"Weight":1,"CFrame":[-0.015007980167865754,-0.36677151918411257,0.17536211013793946,-0.8598480820655823,0.3378540575504303,0.3827736973762512,-0.33820486068725588,-0.9385623931884766,0.06868937611579895,0.38246408104896548,-0.070393867790699,0.9212850332260132],"EasingStyle":"Linear","EasingDirection":"In"}}},{"Time":0.5333333611488342,"poses":{"Left Leg":{"Weight":1,"CFrame":[-0.6867672204971314,0.5160982608795166,-0.023917317390441896,0.9924347996711731,0.11628449708223343,-0.03938305377960205,-0.11658166348934174,0.9931668639183044,-0.00532367592677474,0.0384947769343853,0.009874816052615643,0.999210000038147],"EasingStyle":"Linear","EasingDirection":"In"},"Right Leg":{"Weight":1,"CFrame":[0.49270305037498476,0.081104576587677,0.2589738368988037,0.6213210225105286,0.7034010887145996,-0.34523510932922366,-0.5658086538314819,0.7075624465942383,0.42333921790122988,0.5420523881912231,-0.06769286096096039,0.8376136422157288],"EasingStyle":"Linear","EasingDirection":"In"},"Head":{"Weight":1,"CFrame":[0,5.21540641784668e-8,3.5762786865234377e-7,0.670082151889801,0.7134912014007568,-0.2047443836927414,-0.6835773587226868,0.7006579637527466,0.20445163547992707,0.28933024406433108,0.002959244418889284,0.9572247862815857],"EasingStyle":"Linear","EasingDirection":"In"},"Right Arm":{"Weight":1,"CFrame":[0.19255679845809937,-0.3503555655479431,0.4663560390472412,0.3190681040287018,-0.40677180886268618,0.8559979796409607,0.09431672096252442,0.912351667881012,0.3983950614929199,-0.9430270195007324,-0.046380314975976947,0.3294675350189209],"EasingStyle":"Linear","EasingDirection":"In"},"Torso":{"Weight":1,"CFrame":[0.252461314201355,-0.06511829793453217,-0.41097116470336916,0.7231700420379639,-0.6896746158599854,0.03706862032413483,0.6904301047325134,0.7204622626304627,-0.06511829793453217,0.018203891813755037,0.0726848915219307,0.9971888065338135],"EasingStyle":"Linear","EasingDirection":"In"},"HumanoidRootPart":{"Weight":0,"CFrame":[0,0,0,1,0,0,0,1,0,0,0,1],"EasingStyle":"Linear","EasingDirection":"In"},"Left Arm":{"Weight":1,"CFrame":[-0.00698215514421463,-0.3454868197441101,0.1811506748199463,-0.8730631470680237,0.25866827368736269,0.4133414030075073,-0.28152936697006228,-0.9595349431037903,0.005826887674629688,0.39812302589416506,-0.11128085106611252,0.9105575084686279],"EasingStyle":"Linear","EasingDirection":"In"}}},{"Time":0.5666666626930237,"poses":{"Left Leg":{"Weight":1,"CFrame":[-0.6906934380531311,0.5710469484329224,-0.043620765209198,0.9818190336227417,0.1677124798297882,-0.0889032855629921,-0.1707475185394287,0.9849267601966858,-0.027652669697999955,0.08292540162801743,0.042330026626586917,0.9956563115119934],"EasingStyle":"Linear","EasingDirection":"In"},"Right Leg":{"Weight":1,"CFrame":[0.6088348031044006,0.04372662305831909,0.3203030824661255,0.5241467356681824,0.7850430607795715,-0.33011746406555178,-0.6447102427482605,0.6190418004989624,0.44848185777664187,0.5564340949058533,-0.02224021963775158,0.8305940628051758],"EasingStyle":"Linear","EasingDirection":"In"},"Head":{"Weight":1,"CFrame":[5.21540641784668e-8,2.3283064365386964e-8,-2.980232238769531e-7,0.6308072209358215,0.7564722299575806,-0.17271968722343446,-0.7147058248519898,0.6531193256378174,0.25026121735572817,0.30212223529815676,-0.034422796219587329,0.9526475071907044],"EasingStyle":"Linear","EasingDirection":"In"},"Right Arm":{"Weight":1,"CFrame":[0.14585576951503755,-0.36544573307037356,0.4662085771560669,0.36578992009162905,-0.3157230019569397,0.87550950050354,-0.009548967704176903,0.9393798112869263,0.3427451252937317,-0.9306484460830689,-0.13373294472694398,0.3406008183956146],"EasingStyle":"Linear","EasingDirection":"In"},"Torso":{"Weight":1,"CFrame":[0.2950088679790497,-0.10127107799053192,-0.5347232818603516,0.6761330366134644,-0.7344437837600708,0.058620527386665347,0.7359412908554077,0.6694285869598389,-0.10127107053995133,0.0351356565952301,0.11161398142576218,0.9931303262710571],"EasingStyle":"Linear","EasingDirection":"In"},"HumanoidRootPart":{"Weight":0,"CFrame":[0,0,0,1,0,0,0,1,0,0,0,1],"EasingStyle":"Linear","EasingDirection":"In"},"Left Arm":{"Weight":1,"CFrame":[-0.014973512850701809,-0.3503686189651489,0.17520654201507569,-0.8871810436248779,0.1822275072336197,0.42391395568847659,-0.20310872793197633,-0.9791473150253296,-0.0041672117076814178,0.41431471705436709,-0.08979790657758713,0.9056928753852844],"EasingStyle":"Linear","EasingDirection":"In"}}},{"Time":0.6000000238418579,"poses":{"Left Leg":{"Weight":1,"CFrame":[-0.6908587217330933,0.6289867758750916,-0.0058380961418151859,0.979984700679779,0.1837979555130005,-0.07647324353456497,-0.18918761610984803,0.9794113039970398,-0.07043993473052979,0.06195186823606491,0.08349769562482834,0.9945803284645081],"EasingStyle":"Linear","EasingDirection":"In"},"Right Leg":{"Weight":1,"CFrame":[0.6782398223876953,0.02480369806289673,0.33156371116638186,0.4953315556049347,0.8128571510314941,-0.3064475953578949,-0.6757713556289673,0.5822199583053589,0.4520539343357086,0.5458751320838928,-0.01682809554040432,0.8376975059509277],"EasingStyle":"Linear","EasingDirection":"In"},"Head":{"Weight":1,"CFrame":[2.9802322387695315e-8,-5.21540641784668e-8,-5.960464477539063e-8,0.6219104528427124,0.7702465653419495,-0.14123593270778657,-0.723807156085968,0.6342414617538452,0.27173691987991335,0.2988821566104889,-0.06676843762397766,0.9519513845443726],"EasingStyle":"Linear","EasingDirection":"In"},"Right Arm":{"Weight":1,"CFrame":[0.1100306585431099,-0.39807769656181338,0.44869279861450198,0.4006451368331909,-0.3002064824104309,0.8656557202339172,-0.06555721908807755,0.9329839944839478,0.3538967967033386,-0.9138849377632141,-0.19853711128234864,0.3541148006916046],"EasingStyle":"Linear","EasingDirection":"In"},"Torso":{"Weight":1,"CFrame":[0.3239249587059021,-0.13052329421043397,-0.5982837677001953,0.659206211566925,-0.7476987242698669,0.07996104657649994,0.7505664229393005,0.6477760076522827,-0.13052327930927277,0.045795243233442309,0.1460578292608261,0.9882155060768127],"EasingStyle":"Linear","EasingDirection":"In"},"HumanoidRootPart":{"Weight":0,"CFrame":[0,0,0,1,0,0,0,1,0,0,0,1],"EasingStyle":"Linear","EasingDirection":"In"},"Left Arm":{"Weight":1,"CFrame":[-0.048437781631946567,-0.3653562068939209,0.16283035278320313,-0.8977256417274475,0.10569816082715988,0.42768746614456179,-0.1194063350558281,-0.9928314685821533,-0.005269214976578951,0.42406466603279116,-0.055799152702093127,0.903911292552948],"EasingStyle":"Linear","EasingDirection":"In"}}},{"Time":0.6333333253860474,"poses":{"Left Leg":{"Weight":1,"CFrame":[-0.5805514454841614,0.5040028095245361,0.05131208896636963,0.9676045775413513,0.252369225025177,-0.00714506208896637,-0.25172513723373415,0.9621879458427429,-0.10406242311000824,-0.019387170672416688,0.10248978435993195,0.9945451021194458],"EasingStyle":"Linear","EasingDirection":"In"},"Right Leg":{"Weight":1,"CFrame":[0.6611840724945068,0.0351908802986145,0.22346031665802003,0.635036826133728,0.7354850769042969,-0.2361992746591568,-0.6287210583686829,0.6697538495063782,0.3951452374458313,0.4488185942173004,-0.10242827236652374,0.8877331614494324],"EasingStyle":"Linear","EasingDirection":"In"},"Head":{"Weight":1,"CFrame":[-4.470348358154297e-8,-2.2351741790771486e-8,-5.960464477539063e-8,0.6474670171737671,0.7530752420425415,-0.11689344048500061,-0.7092732191085815,0.6515700221061707,0.26905032992362978,0.27877941727638247,-0.09129182994365692,0.9560061693191528],"EasingStyle":"Linear","EasingDirection":"In"},"Right Arm":{"Weight":1,"CFrame":[0.08158031851053238,-0.44412434101104739,0.4192790985107422,0.4568912088871002,-0.3214778006076813,0.8293989300727844,-0.09224780648946762,0.9102575