{"Sequence":[{"Time":0,"poses":{"Left Leg":{"Weight":1,"CFrame":[0.05764799937605858,-0.04782581329345703,-0.008784055709838868,0.9966669082641602,0.055561698973178866,0.05973295122385025,-0.04983915761113167,0.994384229183197,-0.09336001425981522,-0.06458480656147003,0.09007178992033005,0.9938389658927918],"EasingStyle":"Constant","EasingDirection":"In"},"Right Arm":{"Weight":1,"CFrame":[-0.06449370086193085,-0.4271559417247772,0.20010149478912354,0.9839338660240173,-0.05540095642209053,0.1697198450565338,-0.1388750523328781,0.3599032163619995,0.9225960969924927,-0.1121954396367073,-0.9313433170318604,0.34642714262008669],"EasingStyle":"Constant","EasingDirection":"In"},"Left Arm":{"Weight":1,"CFrame":[0.26971980929374697,-0.11712592840194702,0.7141580581665039,0.9309377074241638,-0.01299587544053793,-0.3649469017982483,0.3214126527309418,-0.4452298879623413,0.8357418179512024,-0.17334650456905366,-0.8953220844268799,-0.4103039801120758],"EasingStyle":"Constant","EasingDirection":"In"},"Right Leg":{"Weight":1,"CFrame":[-0.14946506917476655,0.1038510799407959,-0.03823202848434448,0.9691288471221924,0.010897749103605748,-0.2463139146566391,0.04278898239135742,0.9764290452003479,0.21155497431755067,0.2428136169910431,-0.21556362509727479,0.9458191990852356],"EasingStyle":"Constant","EasingDirection":"In"},"Torso":{"Weight":1,"CFrame":[0.059723079204559329,-0.011128127574920655,-0.002650022506713867,0.9934049248695374,-0.08304464817047119,-0.07905948907136917,0.08222854137420654,0.9965216517448425,-0.013528660871088505,0.07990798354148865,0.006938491482287645,0.996778130531311],"EasingStyle":"Constant","EasingDirection":"In"},"HumanoidRootPart":{"Weight":0,"CFrame":[0,0,0,1,0,0,0,1,0,0,0,1],"EasingStyle":"Linear","EasingDirection":"In"},"Head":{"Weight":1,"CFrame":[9.103678166866303e-8,1.1641532182693482e-10,0.016662001609802247,0.9288222193717957,-0.35257354378700259,0.1139359325170517,0.3589484393596649,0.9324705004692078,-0.04068028926849365,-0.0918990820646286,0.07868188619613648,0.9926549792289734],"EasingStyle":"Constant","EasingDirection":"In"}}},{"Time":0.03333333507180214,"poses":{"Left Leg":{"Weight":1,"CFrame":[-0.31284067034721377,0.03767818212509155,0.023627638816833497,0.9835382699966431,-0.16074076294898988,0.08255108445882797,0.16150756180286408,0.9868679046630859,-0.0026530998293310405,-0.08104057610034943,0.015942031517624856,0.9965833425521851],"EasingStyle":"Constant","EasingDirection":"In"},"Right Arm":{"Weight":1,"CFrame":[-0.06871190667152405,-0.42239850759506228,0.2021007537841797,0.9691224098205566,-0.18378852307796479,0.16438858211040498,-0.05346963182091713,0.49417635798454287,0.8677157163619995,-0.24071313440799714,-0.849712610244751,0.46909040212631228],"EasingStyle":"Constant","EasingDirection":"In"},"Left Arm":{"Weight":1,"CFrame":[0.24717649817466737,-0.26593631505966189,0.6465847492218018,0.9399340748786926,0.03117861971259117,-0.3399292528629303,0.3367408514022827,-0.24788826704025269,0.9083815813064575,-0.05594245716929436,-0.9682868719100952,-0.24349761009216309],"EasingStyle":"Constant","EasingDirection":"In"},"Right Leg":{"Weight":1,"CFrame":[0.044599805027246478,0.07036817073822022,0.014020323753356934,0.9685806632041931,0.10870632529258728,-0.2236836701631546,-0.08168768882751465,0.9885706901550293,0.1267092078924179,0.23490121960639954,-0.10445591807365418,0.9663904905319214],"EasingStyle":"Constant","EasingDirection":"In"},"Torso":{"Weight":1,"CFrame":[0.12710407376289369,0.0021201218478381635,-0.06686162948608399,0.9982053637504578,-0.059803009033203128,0.0031094697769731285,0.0597943477332592,0.9982068538665772,0.0028054839931428434,-0.0032716700807213785,-0.002614520490169525,0.999991238117218],"EasingStyle":"Constant","EasingDirection":"In"},"HumanoidRootPart":{"Weight":0,"CFrame":[0,0,0,1,0,0,0,1,0,0,0,1],"EasingStyle":"Linear","EasingDirection":"In"},"Head":{"Weight":1,"CFrame":[9.93022695183754e-8,0,0.016662001609802247,0.9246800541877747,-0.37535014748573305,0.06386696547269821,0.38061198592185976,0.9156939387321472,-0.1289936751127243,-0.010064835660159588,0.1435864269733429,0.9895867109298706],"EasingStyle":"Constant","EasingDirection":"In"}}},{"Time":0.06666667014360428,"poses":{"Left Leg":{"Weight":1,"CFrame":[-0.31284067034721377,0.03767818212509155,0.023627638816833497,0.9835382699966431,-0.16074076294898988,0.08255108445882797,0.16150756180286408,0.9868679046630859,-0.0026530998293310405,-0.08104057610034943,0.015942031517624856,0.9965833425521851],"EasingStyle":"Constant","EasingDirection":"In"},"Right Arm":{"Weight":1,"CFrame":[-0.06871190667152405,-0.42239850759506228,0.2021007537841797,0.9691224098205566,-0.18378852307796479,0.16438858211040498,-0.05346963182091713,0.49417635798454287,0.8677157163619995,-0.24071313440799714,-0.849712610244751,0.46909040212631228],"EasingStyle":"Constant","EasingDirection":"In"},"Left Arm":{"Weight":1,"CFrame":[0.24717649817466737,-0.26593631505966189,0.6465847492218018,0.9399340748786926,0.03117861971259117,-0.3399292528629303,0.3367408514022827,-0.24788826704025269,0.9083815813064575,-0.05594245716929436,-0.9682868719100952,-0.24349761009216309],"EasingStyle":"Constant","EasingDirection":"In"},"Right Leg":{"Weight":1,"CFrame":[0.044599805027246478,0.07036817073822022,0.014020323753356934,0.9685806632041931,0.10870632529258728,-0.2236836701631546,-0.08168768882751465,0.9885706901550293,0.1267092078924179,0.23490121960639954,-0.10445591807365418,0.9663904905319214],"EasingStyle":"Constant","EasingDirection":"In"},"Torso":{"Weight":1,"CFrame":[0.12710407376289369,0.0021201218478381635,-0.06686162948608399,0.9982053637504578,-0.059803009033203128,0.0031094697769731285,0.0597943477332592,0.9982068538665772,0.0028054839931428434,-0.0032716700807213785,-0.002614520490169525,0.999991238117218],"EasingStyle":"Constant","EasingDirection":"In"},"HumanoidRootPart":{"Weight":0,"CFrame":[0,0,0,1,0,0,0,1,0,0,0,1],"EasingStyle":"Linear","EasingDirection":"In"},"Head":{"Weight":1,"CFrame":[9.93022695183754e-8,0,0.016662001609802247,0.9246800541877747,-0.37535014748573305,0.06386696547269821,0.38061198592185976,0.9156939387321472,-0.1289936751127243,-0.010064835660159588,0.1435864269733429,0.9895867109298706],"EasingStyle":"Constant","EasingDirection":"In"}}},{"Time":0.10000000149011612,"poses":{"Left Leg":{"Weight":1,"CFrame":[-0.31284067034721377,0.03767818212509155,0.023627638816833497,0.9835382699966431,-0.16074076294898988,0.08255108445882797,0.16150756180286408,0.9868679046630859,-0.0026530998293310405,-0.08104057610034943,0.015942031517624856,0.9965833425521851],"EasingStyle":"Constant","EasingDirection":"In"},"Right Arm":{"Weight":1,"CFrame":[-0.06871190667152405,-0.42239850759506228,0.2021007537841797,0.9691224098205566,-0.18378852307796479,0.16438858211040498,-0.05346963182091713,0.49417635798454287,0.8677157163619995,-0.24071313440799714,-0.849712610244751,0.46909040212631228],"EasingStyle":"Constant","EasingDirection":"In"},"Left Arm":{"Weight":1,"CFrame":[0.24717649817466737,-0.26593631505966189,0.6465847492218018,0.9399340748786926,0.03117861971259117,-0.3399292528629303,0.3367408514022827,-0.24788826704025269,0.9083815813064575,-0.05594245716929436,-0.9682868719100952,-0.24349761009216309],"EasingStyle":"Constant","EasingDirection":"In"},"Right Leg":{"Weight":1,"CFrame":[0.044599805027246478,0.07036817073822022,0.014020323753356934,0.9685806632041931,0.10870632529258728,-0.2236836701631546,-0.08168768882751465,0.9885706901550293,0.1267092078924179,0.23490121960639954,-0.10445591807365418,0.9663904905319214],"EasingStyle":"Constant","EasingDirection":"In"},"Torso":{"Weight":1,"CFrame":[0.12710407376289369,0.0021201218478381635,-0.06686162948608399,0.9982053637504578,-0.059803009033203128,0.0031094697769731285,0.0597943477332592,0.9982068538665772,0.0028054839931428434,-0.0032716700807213785,-0.002614520490169525,0.999991238117218],"EasingStyle":"Constant","EasingDirection":"In"},"HumanoidRootPart":{"Weight":0,"CFrame":[0,0,0,1,0,0,0,1,0,0,0,1],"EasingStyle":"Linear","EasingDirection":"In"},"Head":{"Weight":1,"CFrame":[9.93022695183754e-8,0,0.016662001609802247,0.9246800541877747,-0.37535014748573305,0.06386696547269821,0.38061198592185976,0.9156939387321472,-0.1289936751127243,-0.010064835660159588,0.1435864269733429,0.9895867109298706],"EasingStyle":"Constant","EasingDirection":"In"}}},{"Time":0.13333334028720857,"poses":{"Left Leg":{"Weight":1,"CFrame":[-0.44408118724823,0.07047927379608154,0.06957817077636719,0.9468865990638733,-0.28242117166519167,0.15376634895801545,0.28261834383010867,0.9590017199516296,0.021037215366959573,-0.15340355038642884,0.023537367582321168,0.9878832697868347],"EasingStyle":"Constant","EasingDirection":"In"},"Right Arm":{"Weight":1,"CFrame":[-0.06871192157268524,-0.4223981499671936,0.20210111141204835,0.9691223502159119,-0.18378861248493195,0.16438862681388856,-0.05346963554620743,0.4941765069961548,0.8677157759666443,-0.2407132238149643,-0.849712610244751,0.4690903425216675],"EasingStyle":"Constant","EasingDirection":"In"},"Left Arm":{"Weight":1,"CFrame":[0.22402507066726685,-0.30865049362182619,0.7050391435623169,0.9729526042938232,0.031153833493590356,-0.22889460623264314,0.22838890552520753,-0.2784276008605957,0.9329076409339905,-0.034666966646909717,-0.9599518775939941,-0.27801188826560976],"EasingStyle":"Constant","EasingDirection":"In"},"Right Leg":{"Weight":1,"CFrame":[0.29977911710739138,0.08917105197906494,0.04095721244812012,0.9654966592788696,0.21160046756267548,-0.15179415047168733,-0.19607211649417878,0.9742845296859741,0.1110195741057396,0.17138250172138215,-0.07742644101381302,0.9821575284004211],"EasingStyle":"Constant","EasingDirection":"In"},"Torso":{"Weight":1,"CFrame":[0.13992728292942048,0.012780241668224335,-0.13517069816589356,0.9997226595878601,0.012278063222765923,0.020101262256503106,-0.012619550339877606,0.9997767806053162,0.0169505774974823,-0.019888652488589288,-0.017199544236063958,0.9996543526649475],"EasingStyle":"Constant","EasingDirection":"In"},"HumanoidRootPart":{"Weight":0,"CFrame":[0,0,0,1,0,0,0,1,0,0,0,1],"EasingStyle":"Linear","EasingDirection":"In"},"Head":{"Weight":1,"CFrame":[1.0087387636303902e-7,5.587935447692871e-9,0.016662120819091798,0.894839882850647,-0.4376819133758545,0.08772759884595871,0.4462243616580963,0.8717595934867859,-0.202284574508667,0.012058892287313939,0.22015851736068726,0.9753896594047546],"EasingStyle":"Constant","EasingDirection":"In"}}},{"Time":0.1666666716337204,"poses":{"Left Leg":{"Weight":1,"CFrame":[-0.44408118724823,0.07047927379608154,0.06957817077636719,0.9468865990638733,-0.28242117166519167,0.15376634895801545,0.28261834383010867,0.9590017199516296,0.021037215366959573,-0.15340355038642884,0.023537367582321168,0.9878832697868347],"EasingStyle":"Constant","EasingDirection":"In"},"Right Arm":{"Weight":1,"CFrame":[-0.06871192157268524,-0.4223981499671936,0.20210111141204835,0.9691223502159119,-0.18378861248493195,0.16438862681388856,-0.05346963554620743,0.4941765069961548,0.8677157759666443,-0.2407132238149643,-0.849712610244751,0.4690903425216675],"EasingStyle":"Constant","EasingDirection":"In"},"Left Arm":{"Weight":1,"CFrame":[0.22402507066726685,-0.30865049362182619,0.7050391435623169,0.9729526042938232,0.031153833493590356,-0.22889460623264314,0.22838890552520753,-0.2784276008605957,0.9329076409339905,-0.034666966646909717,-0.9599518775939941,-0.27801188826560976],"EasingStyle":"Constant","EasingDirection":"In"},"Right Leg":{"Weight":1,"CFrame":[0.29977911710739138,0.08917105197906494,0.04095721244812012,0.9654966592788696,0.21160046756267548,-0.15179415047168733,-0.19607211649417878,0.9742845296859741,0.1110195741057396,0.17138250172138215,-0.07742644101381302,0.9821575284004211],"EasingStyle":"Constant","EasingDirection":"In"},"Torso":{"Weight":1,"CFrame":[0.13992728292942048,0.012780241668224335,-0.13517069816589356,0.9997226595878601,0.012278063222765923,0.020101262256503106,-0.012619550339877606,0.9997767806053162,0.0169505774974823,-0.019888652488589288,-0.017199544236063958,0.9996543526649475],"EasingStyle":"Constant","EasingDirection":"In"},"HumanoidRootPart":{"Weight":0,"CFrame":[0,0,0,1,0,0,0,1,0,0,0,1],"EasingStyle":"Linear","EasingDirection":"In"},"Head":{"Weight":1,"CFrame":[1.0087387636303902e-7,5.587935447692871e-9,0.016662120819091798,0.894839882850647,-0.4376819133758545,0.08772759884595871,0.4462243616580963,0.8717595934867859,-0.202284574508667,0.012058892287313939,0.22015851736068726,0.9753896594047546],"EasingStyle":"Constant","EasingDirection":"In"}}},{"Time":0.20000000298023225,"poses":{"Left Leg":{"Weight":1,"CFrame":[-0.5171413421630859,0.1623598337173462,0.06503891944885254,0.9606072306632996,-0.24027925729751588,0.13964103162288667,0.23424172401428224,0.9704216122627258,0.058419764041900638,-0.14954769611358643,-0.02340867556631565,0.9884774684906006],"EasingStyle":"Constant","EasingDirection":"In"},"Right Arm":{"Weight":1,"CFrame":[-0.3365771770477295,-0.3107379078865051,0.5178689956665039,0.7814413905143738,-0.06416433304548264,0.6206708550453186,-0.6224308609962463,-0.010138760320842266,0.782609224319458,-0.043922729790210727,-0.9978878498077393,-0.047860585153102878],"EasingStyle":"Constant","EasingDirection":"In"},"Left Arm":{"Weight":1,"CFrame":[-0.4605315029621124,-0.46736910939216616,0.1624363660812378,-0.8987425565719605,0.37596365809440615,-0.22563962638378144,-0.32048675417900088,-0.21204572916030885,0.9232144355773926,0.2992490828037262,0.9020466208457947,0.3110656440258026],"EasingStyle":"Constant","EasingDirection":"In"},"Right Leg":{"Weight":1,"CFrame":[0.4441762864589691,0.13468259572982789,0.07711827754974365,0.9583110213279724,0.2240823656320572,-0.1772768646478653,-0.21758241951465608,0.9744598865509033,0.05554991587996483,0.18519698083400727,-0.014661840163171292,0.9825921058654785],"EasingStyle":"Constant","EasingDirection":"In"},"Torso":{"Weight":1,"CFrame":[0,-0.042266204953193668,-0.194136381149292,1,2.3841860752327195e-7,-8.742278367890322e-8,-2.4281817445626077e-7,0.998521625995636,-0.054357610642910007,7.433365567521833e-8,0.054357610642910007,0.998521625995636],"EasingStyle":"Constant","EasingDirection":"In"},"HumanoidRootPart":{"Weight":0,"CFrame":[0,0,0,1,0,0,0,1,0,0,0,1],"EasingStyle":"Linear","EasingDirection":"In"},"Head":{"Weight":1,"CFrame":[8.887941049806614e-8,-7.450580596923828e-9,0.016662120819091798,0.9986795783042908,-0.05099908635020256,-0.0061916448175907139,0.04987655207514763,0.9913917779922485,-0.12105678766965866,0.012312080711126328,0.12058808654546738,0.9926263093948364],"EasingStyle":"Constant","EasingDirection":"In"}}},{"Time":0.23333333432674409,"poses":{"Left Leg":{"Weight":1,"CFrame":[-0.5171413421630859,0.1623598337173462,0.06503891944885254,0.9606072306632996,-0.24027925729751588,0.13964103162288667,0.23424172401428224,0.9704216122627258,0.058419764041900638,-0.14954769611358643,-0.02340867556631565,0.9884774684906006],"EasingStyle":"Constant","EasingDirection":"In"},"Right Arm":{"Weight":1,"CFrame":[-0.3365771770477295,-0.3107379078865051,0.5178689956665039,0.7814413905143738,-0.06416433304548264,0.6206708550453186,-0.6224308609962463,-0.010138760320842266,0.782609224319458,-0.043922729790210727,-0.9978878498077393,-0.047860585153102878],"EasingStyle":"Constant","EasingDirection":"In"},"Left Arm":{"Weight":1,"CFrame":[-0.4605315029621124,-0.46736910939216616,0.1624363660812378,-0.8987425565719605,0.37596365809440615,-0.22563962638378144,-0.32048675417900088,-0.21204572916030885,0.9232144355773926,0.2992490828037262,0.9020466208457947,0.3110656440258026],"EasingStyle":"Constant","EasingDirection":"In"},"Right Leg":{"Weight":1,"CFrame":[0.4441762864589691,0.13468259572982789,0.07711827754974365,0.9583110213279724,0.2240823656320572,-0.1772768646478653,-0.21758241951465608,0.9744598865509033,0.05554991587996483,0.18519698083400727,-0.014661840163171292,0.9825921058654785],"EasingStyle":"Constant","EasingDirection":"In"},"Torso":{"Weight":1,"CFrame":[0,-0.042266204953193668,-0.194136381149292,1,2.3841860752327195e-7,-8.742278367890322e-8,-2.4281817445626077e-7,0.998521625995636,-0.054357610642910007,7.433365567521833e-8,0.054357610642910007,0.998521625995636],"EasingStyle":"Constant","EasingDirection":"In"},"HumanoidRootPart":{"Weight":0,"CFrame":[0,0,0,1,0,0,0,1,0,0,0,1],"EasingStyle":"Linear","EasingDirection":"In"},"Head":{"Weight":1,"CFrame":[8.887941049806614e-8,-7.450580596923828e-9,0.016662120819091798,0.9986795783042908,-0.05099908635020256,-0.0061916448175907139,0.04987655207514763,0.9913917779922485,-0.12105678766965866,0.012312080711126328,0.12058808654546738,0.9926263093948364],"EasingStyle":"Constant","EasingDirection":"In"}}},{"Time":0.2666666805744171,"poses":{"Left Leg":{"Weight":1,"CFrame":[-0.5171413421630859,0.1623598337173462,0.06503891944885254,0.9606072306632996,-0.24027925729751588,0.13964103162288667,0.23424172401428224,0.9704216122627258,0.058419764041900638,-0.14954769611358643,-0.02340867556631565,0.9884774684906006],"EasingStyle":"Constant","EasingDirection":"In"},"Right Arm":{"Weight":1,"CFrame":[-0.3365771770477295,-0.3107379078865051,0.5178689956665039,0.7814413905143738,-0.06416433304548264,0.6206708550453186,-0.6224308609962463,-0.010138760320842266,0.782609224319458,-0.043922729790210727,-0.9978878498077393,-0.047860585153102878],"EasingStyle":"Constant","EasingDirection":"In"},"Left Arm":{"Weight":1,"CFrame":[-0.4605315029621124,-0.46736910939216616,0.1624363660812378,-0.8987425565719605,0.37596365809440615,-0.22563962638378144,-0.32048675417900088,-0.21204572916030885,0.9232144355773926,0.2992490828037262,0.9020466208457947,0.3110656440258026],"EasingStyle":"Constant","EasingDirection":"In"},"Right Leg":{"Weight":1,"CFrame":[0.4441762864589691,0.13468259572982789,0.07711827754974365,0.9583110213279724,0.2240823656320572,-0.1772768646478653,-0.21758241951465608,0.9744598865509033,0.05554991587996483,0.18519698083400727,-0.014661840163171292,0.9825921058654785],"EasingStyle":"Constant","EasingDirection":"In"},"Torso":{"Weight":1,"CFrame":[0,-0.042266204953193668,-0.194136381149292,1,2.3841860752327195e-7,-8.742278367890322e-8,-2.4281817445626077e-7,0.998521625995636,-0.054357610642910007,7.433365567521833e-8,0.054357610642910007,0.998521625995636],"EasingStyle":"Constant","EasingDirection":"In"},"HumanoidRootPart":{"Weight":0,"CFrame":[0,0,0,1,0,0,0,1,0,0,0,1],"EasingStyle":"Linear","EasingDirection":"In"},"Head":{"Weight":1,"CFrame":[8.887941049806614e-8,-7.450580596923828e-9,0.016662120819091798,0.9986795783042908,-0.05099908635020256,-0.0061916448175907139,0.04987655207514763,0.9913917779922485,-0.12105678766965866,0.012312080711126328,0.12058808654546738,0.9926263093948364],"EasingStyle":"Constant","EasingDirection":"In"}}},{"Time":0.30000001192092898,"poses":{"Left Leg":{"Weight":1,"CFrame":[0.0837852731347084,0.1928342580795288,-0.050759315490722659,0.9934481382369995,0.019206278026103975,0.11265841126441956,-0.062193356454372409,0.9178807735443115,0.3919526934623718,-0.09587904065847397,-0.39639121294021609,0.9130614399909973],"EasingStyle":"Constant","EasingDirection":"In"},"Right Arm":{"Weight":1,"CFrame":[-0.4943769574165344,-0.13669520616531373,0.6634354591369629,0.7083013653755188,-0.04583638161420822,0.7044205069541931,-0.6809700131416321,-0.3072741627693176,0.6647274494171143,0.18598146736621858,-0.9505165219306946,-0.24885602295398713],"EasingStyle":"Constant","EasingDirection":"In"},"Left Arm":{"Weight":1,"CFrame":[0.5308903455734253,-0.4796701669692993,0.3569892644882202,0.547139048576355,-0.13133510947227479,-0.8266740441322327,0.830033004283905,0.21266691386699677,0.5155754089355469,0.10809296369552612,-0.968258261680603,0.2253708392381668],"EasingStyle":"Constant","EasingDirection":"In"},"Right Leg":{"Weight":1,"CFrame":[-0.12492813169956207,-0.12875986099243165,-0.036214232444763187,0.9805246591567993,-0.007751694414764643,-0.19624310731887818,-0.04470135271549225,0.9641854763031006,-0.261434942483902,0.1912413388490677,0.26511552929878237,0.9450611472129822],"EasingStyle":"Constant","EasingDirection":"In"},"Torso":{"Weight":1,"CFrame":[-0.3593958914279938,0.005334550514817238,-0.0017027854919433594,0.9947975873947144,0.0018269349820911885,0.10185603052377701,-0.0024816463701426985,0.9999770522117615,0.006301464978605509,-0.10184217989444733,-0.006521451286971569,0.9947792887687683],"EasingStyle":"Constant","EasingDirection":"In"},"HumanoidRootPart":{"Weight":0,"CFrame":[0,0,0,1,0,0,0,1,0,0,0,1],"EasingStyle":"Linear","EasingDirection":"In"},"Head":{"Weight":1,"CFrame":[1.2884811440017075e-7,5.529727786779404e-10,0.016662001609802247,0.9739494919776917,0.20107057690620423,-0.10484781116247177,-0.21750760078430177,0.9590983390808106,-0.1811656355857849,0.06413229554891586,0.19925136864185334,0.9778476357460022],"EasingStyle":"Constant","EasingDirection":"In"}}},{"Time":0.3333333432674408,"poses":{"Left Leg":{"Weight":1,"CFrame":[0.0837852731347084,0.1928342580795288,-0.050759315490722659,0.9934481382369995,0.019206278026103975,0.11265841126441956,-0.062193356454372409,0.9178807735443115,0.3919526934623718,-0.09587904065847397,-0.39639121294021609,0.9130614399909973],"EasingStyle":"Constant","EasingDirection":"In"},"Right Arm":{"Weight":1,"CFrame":[-0.4943769574165344,-0.13669520616531373,0.6634354591369629,0.7083013653755188,-0.04583638161420822,0.7044205069541931,-0.6809700131416321,-0.3072741627693176,0.6647274494171143,0.18598146736621858,-0.9505165219306946,-0.24885602295398713],"EasingStyle":"Constant","EasingDirection":"In"},"Left Arm":{"Weight":1,"CFrame":[0.5308903455734253,-0.4796701669692993,0.3569892644882202,0.547139048576355,-0.13133510947227479,-0.8266740441322327,0.830033004283905,0.21266691386699677,0.5155754089355469,0.10809296369552612,-0.968258261680603,0.2253708392381668],"EasingStyle":"Constant","EasingDirection":"In"},"Right Leg":{"Weight":1,"CFrame":[-0.12492813169956207,-0.12875986099243165,-0.036214232444763187,0.9805246591567993,-0.007751694414764643,-0.19624310731887818,-0.04470135271549225,0.9641854763031006,-0.261434942483902,0.1912413388490677,0.26511552929878237,0.9450611472129822],"EasingStyle":"Constant","EasingDirection":"In"},"Torso":{"Weight":1,"CFrame":[-0.3593958914279938,0.005334550514817238,-0.0017027854919433594,0.9947975873947144,0.0018269349820911885,0.10185603052377701,-0.0024816463701426985,0.9999770522117615,0.006301464978605509,-0.10184217989444733,-0.006521451286971569,0.9947792887687683],"EasingStyle":"Constant","EasingDirection":"In"},"HumanoidRootPart":{"Weight":0,"CFrame":[0,0,0,1,0,0,0,1,0,0,0,1],"EasingStyle":"Linear","EasingDirection":"In"},"Head":{"Weight":1,"CFrame":[1.2884811440017075e-7,5.529727786779404e-10,0.016662001609802247,0.9739494919776917,0.20107057690620423,-0.10484781116247177,-0.21750760078430177,0.9590983390808106,-0.1811656355857849,0.06413229554891586,0.19925136864185334,0.9778476357460022],"EasingStyle":"Constant","EasingDirection":"In"}}},{"Time":0.36666667461395266,"poses":{"Left Leg":{"Weight":1,"CFrame":[0.01946917735040188,0.1406848430633545,-0.02352452278137207,0.9922592043876648,-0.009577590972185135,0.12381456047296524,-0.025354860350489618,0.9603950381278992,0.277486115694046,-0.12156856805086136,-0.27847743034362795,0.9527179598808289],"EasingStyle":"Constant","EasingDirection":"In"},"Right Arm":{"Weight":1,"CFrame":[-0.4944556653499603,-0.22699224948883058,0.655178427696228,0.7175421714782715,-0.04989270865917206,0.6947258114814758,-0.6814178228378296,-0.2568306028842926,0.6853524446487427,0.14423280954360963,-0.9651677012443543,-0.218284472823143],"EasingStyle":"Constant","EasingDirection":"In"},"Left Arm":{"Weight":1,"CFrame":[0.5320708751678467,-0.47798264026641848,0.35727477073669436,0.5804148316383362,-0.09260999411344528,-0.8090377449989319,0.7970601916313171,0.2680831849575043,0.5411344766616821,0.1667749285697937,-0.9589342474937439,0.22941525280475617],"EasingStyle":"Constant","EasingDirection":"In"},"Right Leg":{"Weight":1,"CFrame":[-0.12122752517461777,-0.07460403442382813,-0.023786306381225587,0.981935977935791,-0.014157948084175587,-0.18868301808834077,-0.014736904762685299,0.9884450435638428,-0.15086141228675843,0.18863876163959504,0.15091678500175477,0.9703811407089233],"EasingStyle":"Constant","EasingDirection":"In"},"Torso":{"Weight":1,"CFrame":[-0.17952775955200196,0,-0.002799510955810547,0.9965965747833252,2.3760711087561504e-7,0.08243466913700104,-2.3841860752327195e-7,1,2.0843215865827374e-14,-0.08243466913700104,-1.9653976224276449e-8,0.9965965747833252],"EasingStyle":"Constant","EasingDirection":"In"},"HumanoidRootPart":{"Weight":0,"CFrame":[0,0,0,1,0,0,0,1,0,0,0,1],"EasingStyle":"Linear","EasingDirection":"In"},"Head":{"Weight":1,"CFrame":[5.21540641784668e-8,-8.881784197001253e-15,0.016662240028381349,0.9733490943908691,0.22646239399909974,-0.03614569827914238,-0.2292555421590805,0.9568875432014465,-0.17834872007369996,-0.005801901686936617,0.18188217282295228,0.9833032488822937],"EasingStyle":"Constant","EasingDirection":"In"}}},{"Time":0.4000000059604645,"poses":{"Left Leg":{"Weight":1,"CFrame":[0.01946917735040188,0.1406848430633545,-0.02352452278137207,0.9922592043876648,-0.009577590972185135,0.12381456047296524,-0.025354860350489618,0.9603950381278992,0.277486115694046,-0.12156856805086136,-0.27847743034362795,0.9527179598808289],"EasingStyle":"Constant","EasingDirection":"In"},"Right Arm":{"Weight":1,"CFrame":[-0.4944556653499603,-0.22699224948883058,0.655178427696228,0.7175421714782715,-0.04989270865917206,0.6947258114814758,-0.6814178228378296,-0.2568306028842926,0.6853524446487427,0.14423280954360963,-0.9651677012443543,-0.218284472823143],"EasingStyle":"Constant","EasingDirection":"In"},"Left Arm":{"Weight":1,"CFrame":[0.5320708751678467,-0.47798264026641848,0.35727477073669436,0.5804148316383362,-0.09260999411344528,-0.8090377449989319,0.7970601916313171,0.2680831849575043,0.5411344766616821,0.1667749285697937,-0.9589342474937439,0.22941525280475617],"EasingStyle":"Constant","EasingDirection":"In"},"Right Leg":{"Weight":1,"CFrame":[-0.12122752517461777,-0.07460403442382813,-0.023786306381225587,0.981935977935791,-0.014157948084175587,-0.18868301808834077,-0.014736904762685299,0.9884450435638428,-0.15086141228675843,0.18863876163959504,0.15091678500175477,0.9703811407089233],"EasingStyle":"Constant","EasingDirection":"In"},"Torso":{"Weight":1,"CFrame":[-0.17952775955200196,0,-0.002799510955810547,0.9965965747833252,2.3760711087561504e-7,0.08243466913700104,-2.3841860752327195e-7,1,2.0843215865827374e-14,-0.08243466913700104,-1.9653976224276449e-8,0.9965965747833252],"EasingStyle":"Constant","EasingDirection":"In"},"HumanoidRootPart":{"Weight":0,"CFrame":[0,0,0,1,0,0,0,1,0,0,0,1],"EasingStyle":"Linear","EasingDirection":"In"},"Head":{"Weight":1,"CFrame":[5.21540641784668e-8,-8.881784197001253e-15,0.016662240028381349,0.9733490943908691,0.22646239399909974,-0.03614569827914238,-0.2292555421590805,0.9568875432014465,-0.17834872007369996,-0.005801901686936617,0.18188217282295228,0.9833032488822937],"EasingStyle":"Constant","EasingDirection":"In"}}},{"Time":0.4333333373069763,"poses":{"Left Leg":{"Weight":1,"CFrame":[0.01946917735040188,0.1406848430633545,-0.02352452278137207,0.9922592043876648,-0.009577590972185135,0.12381456047296524,-0.025354860350489618,0.9603950381278992,0.277486115694046,-0.12156856805086136,-0.27847743034362795,0.9527179598808289],"EasingStyle":"Constant","EasingDirection":"In"},"Right Arm":{"Weight":1,"CFrame":[-0.4944556653499603,-0.22699224948883058,0.655178427696228,0.7175421714782715,-0.04989270865917206,0.6947258114814758,-0.6814178228378296,-0.2568306028842926,0.6853524446487427,0.14423280954360963,-0.9651677012443543,-0.218284472823143],"EasingStyle":"Constant","EasingDirection":"In"},"Left Arm":{"Weight":1,"CFrame":[0.5320708751678467,-0.47798264026641848,0.35727477073669436,0.5804148316383362,-0.09260999411344528,-0.8090377449989319,0.7970601916313171,0.2680831849575043,0.5411344766616821,0.1667749285697937,-0.9589342474937439,0.22941525280475617],"EasingStyle":"Constant","EasingDirection":"In"},"Right Leg":{"Weight":1,"CFrame":[-0.12122752517461777,-0.07460403442382813,-0.023786306381225587,0.981935977935791,-0.014157948084175587,-0.18868301808834077,-0.014736904762685299,0.9884450435638428,-0.15086141228675843,0.18863876163959504,0.15091678500175477,0.9703811407089233],"EasingStyle":"Constant","EasingDirection":"In"},"Torso":{"Weight":1,"CFrame":[-0.17952775955200196,0,-0.002799510955810547,0.9965965747833252,2.3760711087561504e-7,0.08243466913700104,-2.3841860752327195e-7,1,2.0843215865827374e-14,-0.08243466913700104,-1.9653976224276449e-8,0.9965965747833252],"EasingStyle":"Constant","EasingDirection":"In"},"HumanoidRootPart":{"Weight":0,"CFrame":[0,0,0,1,0,0,0,1,0,0,0,1],"EasingStyle":"Linear","EasingDirection":"In"},"Head":{"Weight":1,"CFrame":[5.21540641784668e-8,-8.881784197001253e-15,0.016662240028381349,0.9733490943908691,0.22646239399909974,-0.03614569827914238,-0.2292555421590805,0.9568875432014465,-0.17834872007369996,-0.005801901686936617,0.18188217282295228,0.9833032488822937],"EasingStyle":"Constant","EasingDirection":"In"}}},{"Time":0.46666666865348818,"poses":{"Left Leg":{"Weight":1,"CFrame":[-0.44621434807777407,0.13633817434310914,0.0465470552444458,0.9576582312583923,-0.2562021017074585,0.13134360313415528,0.24095937609672547,0.9629139304161072,0.1213894858956337,-0.15757286548614503,-0.08460122346878052,0.9838767647743225],"EasingStyle":"Constant","EasingDirection":"In"},"Right Arm":{"Weight":1,"CFrame":[0.32648563385009768,-0.22370994091033936,0.2213435173034668,-0.30284884572029116,-0.359243780374527,0.8827382326126099,0.9527542591094971,-0.13674986362457276,0.2712174654006958,0.023281125351786615,0.9231703281402588,0.38368526101112368],"EasingStyle":"Constant","EasingDirection":"In"},"Left Arm":{"Weight":1,"CFrame":[0.6039792895317078,-0.43633806705474856,0.3062702417373657,0.5623704195022583,-0.11605966836214066,-0.8187000751495361,0.8268468379974365,0.0885072648525238,0.5554196238517761,0.007998974062502385,-0.9892910718917847,0.1457374393939972],"EasingStyle":"Constant","EasingDirection":"In"},"Right Leg":{"Weight":1,"CFrame":[0.38035890460014346,0.05763745307922363,0.07339489459991455,0.9518901109695435,0.2477075606584549,-0.18040572106838227,-0.25009775161743166,0.9681716561317444,0.009744036942720414,0.17707739770412446,0.03584379330277443,0.9835440516471863],"EasingStyle":"Constant","EasingDirection":"In"},"Torso":{"Weight":1,"CFrame":[-0.10029369592666626,0,-0.15298795700073243,1,2.384185791015625e-7,-8.742277657347586e-8,-2.384185791015625e-7,1,2.084321417176148e-14,8.742277657347586e-8,0,1],"EasingStyle":"Constant","EasingDirection":"In"},"HumanoidRootPart":{"Weight":0,"CFrame":[0,0,0,1,0,0,0,1,0,0,0,1],"EasingStyle":"Linear","EasingDirection":"In"},"Head":{"Weight":1,"CFrame":[9.190395644509408e-8,0,0.016662120819091798,0.9986341595649719,-0.05150898918509483,-0.00876043550670147,0.04844556748867035,0.975635290145874,-0.21398314833641053,0.01956905797123909,0.21326646208763123,0.9767980575561523],"EasingStyle":"Constant","EasingDirection":"In"}}},{"Time":0.5,"poses":{"Left Leg":{"Weight":1,"CFrame":[-0.44621434807777407,0.13633817434310914,0.0465470552444458,0.9576582312583923,-0.2562021017074585,0.13134360313415528,0.24095937609672547,0.9629139304161072,0.1213894858956337,-0.15757286548614503,-0.08460122346878052,0.9838767647743225],"EasingStyle":"Constant","EasingDirection":"In"},"Right Arm":{"Weight":1,"CFrame":[0.32648563385009768,-0.22370994091033936,0.2213435173034668,-0.30284884572029116,-0.359243780374527,0.8827382326126099,0.9527542591094971,-0.13674986362457276,0.2712174654006958,0.023281125351786615,0.9231703281402588,0.38368526101112368],"EasingStyle":"Constant","EasingDirection":"In"},"Left Arm":{"Weight":1,"CFrame":[0.6039792895317078,-0.43633806705474856,0.3062702417373657,0.5623704195022583,-0.11605966836214066,-0.8187000751495361,0.8268468379974365,0.0885072648525238,0.5554196238517761,0.007998974062502385,-0.9892910718917847,0.1457374393939972],"EasingStyle":"Constant","EasingDirection":"In"},"Right Leg":{"Weight":1,"CFrame":[0.38035890460014346,0.05763745307922363,0.07339489459991455,0.9518901109695435,0.2477075606584549,-0.18040572106838227,-0.25009775161743166,0.9681716561317444,0.009744036942720414,0.17707739770412446,0.03584379330277443,0.9835440516471863],"EasingStyle":"Constant","EasingDirection":"In"},"Torso":{"Weight":1,"CFrame":[-0.10029369592666626,0,-0.15298795700073243,1,2.384185791015625e-7,-8.742277657347586e-8,-2.384185791015625e-7,1,2.084321417176148e-14,8.742277657347586e-8,0,1],"EasingStyle":"Constant","EasingDirection":"In"},"HumanoidRootPart":{"Weight":0,"CFrame":[0,0,0,1,0,0,0,1,0,0,0,1],"EasingStyle":"Linear","EasingDirection":"In"},"Head":{"Weight":1,"CFrame":[9.190395644509408e-8,0,0.016662120819091798,0.9986341595649719,-0.05150898918509483,-0.00876043550670147,0.04844556748867035,0.975635290145874,-0.21398314833641053,0.01956905797123909,0.21326646208763123,0.9767980575561523],"EasingStyle":"Constant","EasingDirection":"In"}}},{"Time":0.5333333611488342,"poses":{"Left Leg":{"Weight":1,"CFrame":[-0.364457368850708,0.1146497130393982,0.038559556007385257,0.9680868983268738,-0.21328578889369965,0.13159386813640595,0.1982232630252838,0.9729450345039368,0.11868293583393097,-0.15334700047969819,-0.08881042152643204,0.9841734766960144],"EasingStyle":"Constant","EasingDirection":"In"},"Right Arm":{"Weight":1,"CFrame":[0.3269856870174408,-0.22617113590240479,0.2210015058517456,-0.30701449513435366,-0.3432863652706146,0.8876354694366455,0.9455513954162598,-0.2159155309200287,0.24354271590709687,0.10804939270019531,0.9140760898590088,0.39088383316993716],"EasingStyle":"Constant","EasingDirection":"In"},"Left Arm":{"Weight":1,"CFrame":[0.6039792895317078,-0.43633806705474856,0.3062702417373657,0.5623704195022583,-0.11605966836214066,-0.8187000751495361,0.8268468379974365,0.0885072648525238,0.5554196238517761,0.007998974062502385,-0.9892910718917847,0.1457374393939972],"EasingStyle":"Constant","EasingDirection":"In"},"Right Leg":{"Weight":1,"CFrame":[0.2895126938819885,0.039672017097473147,0.05692708492279053,0.9630491733551025,0.19995343685150147,-0.18042953312397004,-0.20156897604465486,0.9794280529022217,0.009528234601020813,0.17862297594547273,0.027192799374461175,0.9835417866706848],"EasingStyle":"Constant","EasingDirection":"In"},"Torso":{"Weight":1,"CFrame":[-0.10029369592666626,0,-0.1124868392944336,1,2.384185791015625e-7,-8.742277657347586e-8,-2.384185791015625e-7,1,2.084321417176148e-14,8.742277657347586e-8,0,1],"EasingStyle":"Constant","EasingDirection":"In"},"HumanoidRootPart":{"Weight":0,"CFrame":[0,0,0,1,0,0,0,1,0,0,0,1],"EasingStyle":"Linear","EasingDirection":"In"},"Head":{"Weight":1,"CFrame":[8.799409556559113e-8,0,0.016662120819091798,0.998679518699646,-0.05099916830658913,-0.006191573105752468,0.049133509397506717,0.9833711981773377,-0.17483457922935487,0.015005046501755715,0.1742994636297226,0.9845783710479736],"EasingStyle":"Constant","EasingDirection":"In"}}},{"Time":0.5666666626930237,"poses":{"Left Leg":{"Weight":1,"CFrame":[-0.364457368850708,0.1146497130393982,0.038559556007385257,0.9680868983268738,-0.21328578889369965,0.13159386813640595,0.1982232630252838,0.9729450345039368,0.11868293583393097,-0.15334700047969819,-0.08881042152643204,0.9841734766960144],"EasingStyle":"Constant","EasingDirection":"In"},"Right Arm":{"Weight":1,"CFrame":[0.3269856870174408,-0.22617113590240479,0.2210015058517456,-0.30701449513435366,-0.3432863652706146,0.8876354694366455,0.9455513954162598,-0.2159155309200287,0.24354271590709687,0.10804939270019531,0.9140760898590088,0.39088383316993716],"EasingStyle":"Constant","EasingDirection":"In"},"Left Arm":{"Weight":1,"CFrame":[0.6039792895317078,-0.43633806705474856,0.3062702417373657,0.5623704195022583,-0.11605966836214066,-0.8187000751495361,0.8268468379974365,0.0885072648525238,0.5554196238517761,0.007998974062502385,-0.9892910718917847,0.1457374393939972],"EasingStyle":"Constant","EasingDirection":"In"},"Right Leg":{"Weight":1,"CFrame":[0.2895126938819885,0.039672017097473147,0.05692708492279053,0.9630491733551025,0.19995343685150147,-0.18042953312397004,-0.20156897604465486,0.9794280529022217,0.009528234601020813,0.17862297594547273,0.027192799374461175,0.9835417866706848],"EasingStyle":"Constant","EasingDirection":"In"},"Torso":{"Weight":1,"CFrame":[-0.10029369592666626,0,-0.1124868392944336,1,2.384185791015625e-7,-8.742277657347586e-8,-2.384185791015625e-7,1,2.084321417176148e-14,8.742277657347586e-8,0,1],"EasingStyle":"Constant","EasingDirection":"In"},"HumanoidRootPart":{"Weight":0,"CFrame":[0,0,0,1,0,0,0,1,0,0,0,1],"EasingStyle":"Linear","EasingDirection":"In"},"Head":{"Weight":1,"CFrame":[8.799409556559113e-8,0,0.016662120819091798,0.998679518699646,-0.05099916830658913,-0.006191573105752468,0.049133509397506717,0.9833711981773377,-0.17483457922935487,0.015005046501755715,0.1742994636297226,0.9845783710479736],"EasingStyle":"Constant","EasingDirection":"In"}}},{"Time":0.6000000238418579,"poses":{"Left Leg":{"Weight":1,"CFrame":[-0.364457368850708,0.1146497130393982,0.038559556007385257,0.9680868983268738,-0.21328578889369965,0.13159386813640595,0.1982232630252838,0.9729450345039368,0.11868293583393097,-0.15334700047969819,-0.08881042152643204,0.9841734766960144],"EasingStyle":"Constant","EasingDirection":"In"},"Right Arm":{"Weight":1,"CFrame":[0.3269856870174408,-0.22617113590240479,0.2210015058517456,-0.30701449513435366,-0.3432863652706146,0.8876354694366455,0.9455513954162598,-0.2159155309200287,0.24354271590709687,0.10804939270019531,0.9140760898590088,0.39088383316993716],"EasingStyle":"Constant","EasingDirection":"In"},"Left Arm":{"Weight":1,"CFrame":[0.6039792895317078,-0.43633806705474856,0.3062702417373657,0.5623704195022583,-0.11605966836214066,-0.8187000751495361,0.8268468379974365,0.0885072648525238,0.5554196238517761,0.007998974062502385,-0.9892910718917847,0.1457374393939972],"EasingStyle":"Constant","EasingDirection":"In"},"Right Leg":{"Weight":1,"CFrame":[0.2895126938819885,0.039672017097473147,0.05692708492279053,0.9630491733551025,0.19995343685150147,-0.18042953312397004,-0.20156897604465486,0.9794280529022217,0.009528234601020813,0.17862297594547273,0.027192799374461175,0.9835417866706848],"EasingStyle":"Constant","EasingDirection":"In"},"Torso":{"Weight":1,"CFrame":[-0.10029369592666626,0,-0.1124868392944336,1,2.384185791015625e-7,-8.742277657347586e-8,-2.384185791015625e-7,1,2.084321417176148e-14,8.742277657347586e-8,0,1],"EasingStyle":"Constant","EasingDirection":"In"},"HumanoidRootPart":{"Weight":0,"CFrame":[0,0,0,1,0,0,0,1,0,0,0,1],"EasingStyle":"Linear","EasingDirection":"In"},"Head":{"Weight":1,"CFrame":[8.799409556559113e-8,0,0.016662120819091798,0.998679518699646,-0.05099916830658913,-0.006191573105752468,0.049133509397506717,0.9833711981773377,-0.17483457922935487,0.015005046501755715,0.1742994636297226,0.9845783710479736],"EasingStyle":"Constant","EasingDirection":"In"}}},{"Time":0.6333333253860474,"poses":{"Left Leg":{"Weight":1,"CFrame":[0.059406496584415439,-0.11578404903411865,-0.020141780376434327,0.9963141083717346,0.05790059268474579,0.06329116225242615,-0.041856322437524798,0.9721757769584656,-0.23048284649848939,-0.07487527281045914,0.2269842028617859,0.9710159301757813],"EasingStyle":"Constant","EasingDirection":"In"},"Right Arm":{"Weight":1,"CFrame":[-0.06449369341135025,-0.4271567761898041,0.20010149478912354,0.9839339852333069,-0.0554010383784771,0.1697199046611786,-0.1388750672340393,0.3599031865596771,0.9225959777832031,-0.11219549924135208,-0.9313433170318604,0.3464272618293762],"EasingStyle":"Constant","EasingDirection":"In"},"Left Arm":{"Weight":1,"CFrame":[0.26971983909606936,-0.11712628602981568,0.7141581773757935,0.9309377074241638,-0.012995878234505654,-0.3649469017982483,0.3214126527309418,-0.44522979855537417,0.8357418179512024,-0.17334647476673127,-0.8953221440315247,-0.4103040397167206],"EasingStyle":"Constant","EasingDirection":"In"},"Right Leg":{"Weight":1,"CFra