{"Sequence":[{"Time":0,"poses":{"Left Leg":{"Weight":1,"CFrame":[0.3067917227745056,0.004071712493896484,0.045044541358947757,0.6540142893791199,-0.02904655784368515,0.75592440366745,0.05929698795080185,0.9981564283370972,-0.012948479503393174,-0.754154622554779,0.05329255759716034,0.654530942440033],"EasingStyle":"Linear","EasingDirection":"In"},"Right Arm":{"Weight":1,"CFrame":[-0.3606753349304199,-0.11321648955345154,0.20125961303710938,0.9115617275238037,-0.13514037430286408,-0.3883201777935028,0.3995933532714844,0.5136522054672241,0.7592671513557434,0.0968538448214531,-0.847288966178894,0.5222268104553223],"EasingStyle":"Linear","EasingDirection":"In"},"Head":{"Weight":1,"CFrame":[7.82310962677002e-8,7.450580596923828e-9,-2.980232238769531e-7,0.9605719447135925,-0.2689703106880188,-0.0704028382897377,0.2751789689064026,0.9559119939804077,0.10251294821500778,0.03972597420215607,-0.11784440279006958,0.9922372102737427],"EasingStyle":"Linear","EasingDirection":"In"},"Right Leg":{"Weight":1,"CFrame":[1.2939091920852662,1.0557026863098145,-0.8546485304832459,0.5508636832237244,-0.33085736632347109,0.7662132978439331,0.30077993869781496,0.9350744485855103,0.1875293105840683,-0.7785118222236633,0.1271585375070572,0.6146137714385986],"EasingStyle":"Linear","EasingDirection":"In"},"Torso":{"Weight":1,"CFrame":[0.07534777373075485,-0.11248508095741272,0.0069561004638671879,0.8343093395233154,0.5512700080871582,-0.005417750217020512,-0.5458692908287048,0.8246805667877197,-0.14808396995067597,-0.07716632634401322,0.12650522589683534,0.9889599680900574],"EasingStyle":"Linear","EasingDirection":"In"},"HumanoidRootPart":{"Weight":1,"CFrame":[0,0,0,1,0,0,0,1,0,0,0,1],"EasingStyle":"Linear","EasingDirection":"In"},"Left Arm":{"Weight":1,"CFrame":[-0.6019089221954346,-0.4477432370185852,0.08439302444458008,-0.36946070194244387,0.7180400490760803,-0.5898451805114746,-0.8858259916305542,-0.08038190007209778,0.4570021629333496,0.28073301911354067,0.6913445591926575,0.6657564640045166],"EasingStyle":"Linear","EasingDirection":"In"}}},{"Time":0.03333333507180214,"poses":{"Left Leg":{"Weight":1,"CFrame":[0.32408273220062258,-0.0159604549407959,0.026436209678649904,0.6650415658950806,-0.017165187746286393,0.7466090321540833,0.04062995687127113,0.9990867972373962,-0.01322128251194954,-0.7457003593444824,0.03912746533751488,0.665131688117981],"EasingStyle":"Linear","EasingDirection":"In"},"Right Arm":{"Weight":1,"CFrame":[-0.3576131761074066,-0.11330771446228028,0.1977788209915161,0.9091479182243347,-0.14305289089679719,-0.3911343216896057,0.405953586101532,0.5141439437866211,0.755551278591156,0.09301541745662689,-0.845690131187439,0.5255058407783508],"EasingStyle":"Linear","EasingDirection":"In"},"Head":{"Weight":1,"CFrame":[9.313225746154785e-8,3.3527612686157229e-8,3.5762786865234377e-7,0.9629434943199158,-0.2610686123371124,-0.06769951432943344,0.2668153941631317,0.9587681293487549,0.09784280508756638,0.03936447948217392,-0.11228034645318985,0.992896556854248],"EasingStyle":"Linear","EasingDirection":"In"},"Right Leg":{"Weight":1,"CFrame":[1.2981585264205933,0.9694117307662964,-0.8010050654411316,0.6054370999336243,-0.2926764190196991,0.7401260137557983,0.27392175793647768,0.9497452974319458,0.15149538218975068,-0.7472703456878662,0.11101574450731278,0.6551814079284668],"EasingStyle":"Linear","EasingDirection":"In"},"Torso":{"Weight":1,"CFrame":[0.07589709758758545,-0.106936514377594,0.02856898307800293,0.8437255024909973,0.5367693305015564,-0.00247885100543499,-0.5316922664642334,0.8350931406021118,-0.14114828407764436,-0.07369400560855866,0.12040837854146958,0.9899853467941284],"EasingStyle":"Linear","EasingDirection":"In"},"HumanoidRootPart":{"Weight":1,"CFrame":[0,0,0,1,0,0,0,1,0,0,0,1],"EasingStyle":"Linear","EasingDirection":"In"},"Left Arm":{"Weight":1,"CFrame":[-0.6086757183074951,-0.4267768859863281,0.0344773530960083,-0.37178662419319155,0.7166475653648377,-0.5900770425796509,-0.8870843648910523,-0.08692595362663269,0.4533490836620331,0.2735985219478607,0.691997230052948,0.6680448055267334],"EasingStyle":"Linear","EasingDirection":"In"}}},{"Time":0.06666667014360428,"poses":{"Left Leg":{"Weight":1,"CFrame":[0.3404090404510498,-0.03979349136352539,-0.0018751025199890137,0.6904844045639038,0.005287961568683386,0.7233279943466187,0.006051961332559586,0.9998960494995117,-0.013087080791592598,-0.7233219742774963,0.013414008542895317,0.6903807520866394],"EasingStyle":"Linear","EasingDirection":"In"},"Right Arm":{"Weight":1,"CFrame":[-0.3478958010673523,-0.11394715309143067,0.18845045566558839,0.9019876718521118,-0.16707980632781983,-0.3981240391731262,0.42420244216918948,0.5147266387939453,0.7450562715530396,0.08044109493494034,-0.840916633605957,0.5351527333259583],"EasingStyle":"Linear","EasingDirection":"In"},"Head":{"Weight":1,"CFrame":[7.450580596923828e-8,-3.725290298461914e-9,-2.384185791015625e-7,0.969150960445404,-0.23890399932861329,-0.060591164976358417,0.24352297186851502,0.9660735130310059,0.08601517975330353,0.0379861444234848,-0.09811706095933914,0.9944497346878052],"EasingStyle":"Linear","EasingDirection":"In"},"Right Leg":{"Weight":1,"CFrame":[1.2844215631484986,0.7860971689224243,-0.6680866479873657,0.7299855947494507,-0.2005947232246399,0.6533628702163696,0.19832654297351838,0.9769977331161499,0.0783715471625328,-0.6540549397468567,0.07236908376216889,0.7529773712158203],"EasingStyle":"Linear","EasingDirection":"In"},"Torso":{"Weight":1,"CFrame":[0.07459688186645508,-0.09980916976928711,0.054370880126953128,0.8674249053001404,0.4975648820400238,0.001801429083570838,-0.49298933148384097,0.8599269390106201,-0.13223911821842194,-0.06734663248062134,0.1138194128870964,0.9912163019180298],"EasingStyle":"Linear","EasingDirection":"In"},"HumanoidRootPart":{"Weight":1,"CFrame":[0,0,0,1,0,0,0,1,0,0,0,1],"EasingStyle":"Linear","EasingDirection":"In"},"Left Arm":{"Weight":1,"CFrame":[-0.6100126504898071,-0.41798460483551028,-0.001347184181213379,-0.37281808257102969,0.7162665724754334,-0.5898890495300293,-0.8873992562294006,-0.08944481611251831,0.4522413909435272,0.2711629271507263,0.6920707821846008,0.6689609289169312],"EasingStyle":"Linear","EasingDirection":"In"}}},{"Time":0.10000000149011612,"poses":{"Left Leg":{"Weight":1,"CFrame":[0.3539603650569916,-0.06326603889465332,-0.03094416856765747,0.7236708998680115,0.03608544170856476,0.6892011165618897,-0.03624817728996277,0.9992411136627197,-0.014257516711950302,-0.6891926527023315,-0.014664518646895886,0.7244298458099365],"EasingStyle":"Linear","EasingDirection":"In"},"Right Arm":{"Weight":1,"CFrame":[-0.33072713017463686,-0.1156817078590393,0.17494463920593263,0.8900399804115295,-0.20782127976417542,-0.4057575762271881,0.45217597484588625,0.515707790851593,0.7277241349220276,0.058015741407871249,-0.8311773538589478,0.5529723763465881],"EasingStyle":"Linear","EasingDirection":"In"},"Head":{"Weight":1,"CFrame":[1.1175870895385742e-7,2.60770320892334e-8,2.384185791015625e-7,0.9775115251541138,-0.2047070562839508,-0.050659436732530597,0.20794983208179475,0.975614607334137,0.07023613899946213,0.03504624962806702,-0.07919126003980637,0.9962432384490967],"EasingStyle":"Linear","EasingDirection":"In"},"Right Leg":{"Weight":1,"CFrame":[1.216289758682251,0.5452616214752197,-0.4794730544090271,0.8600979447364807,-0.08532402664422989,0.502942681312561,0.09391548484563828,0.9955457448959351,0.008286031894385815,-0.5014094114303589,0.040107306092977527,0.864280104637146],"EasingStyle":"Linear","EasingDirection":"In"},"Torso":{"Weight":1,"CFrame":[0.07019156962633133,-0.0924588143825531,0.07610130310058594,0.8982236981391907,0.4395112097263336,0.004909670911729336,-0.4356335699558258,0.8916736245155335,-0.12305113673210144,-0.05846017971634865,0.10838863253593445,0.9923881888389587],"EasingStyle":"Linear","EasingDirection":"In"},"HumanoidRootPart":{"Weight":1,"CFrame":[0,0,0,1,0,0,0,1,0,0,0,1],"EasingStyle":"Linear","EasingDirection":"In"},"Left Arm":{"Weight":1,"CFrame":[-0.6096142530441284,-0.41900375485420229,-0.02203768491744995,-0.3728180527687073,0.7162664532661438,-0.5898889899253845,-0.8873992562294006,-0.08944478631019592,0.4522414207458496,0.27116286754608157,0.6920707821846008,0.6689609289169312],"EasingStyle":"Linear","EasingDirection":"In"}}},{"Time":0.13333334028720857,"poses":{"Left Leg":{"Weight":1,"CFrame":[0.35196495056152346,-0.08245956897735596,-0.04725158214569092,0.762068510055542,0.06862089037895203,0.6438500285148621,-0.07248299568891525,0.9971593618392944,-0.020484570413827897,-0.6434266567230225,-0.03105752542614937,0.7648774981498718],"EasingStyle":"Linear","EasingDirection":"In"},"Right Arm":{"Weight":1,"CFrame":[-0.3053111135959625,-0.11906042695045471,0.15893304347991944,0.8725714683532715,-0.26574012637138369,-0.40987956523895266,0.48785141110420229,0.5168407559394836,0.7034746408462524,0.02490091696381569,-0.8137922883033752,0.5806223154067993],"EasingStyle":"Linear","EasingDirection":"In"},"Head":{"Weight":1,"CFrame":[8.940696716308594e-8,2.2351741790771486e-8,2.384185791015625e-7,0.9861965775489807,-0.16082864999771119,-0.03937685862183571,0.1628115475177765,0.9851911067962647,0.053769007325172427,0.030146125704050065,-0.059437818825244907,0.9977768063545227],"EasingStyle":"Linear","EasingDirection":"In"},"Right Leg":{"Weight":1,"CFrame":[1.073496699333191,0.30426108837127688,-0.27179479598999026,0.9533622860908508,0.021686352789402009,0.3010481595993042,-0.013141398318111897,0.9994521141052246,-0.03038059175014496,-0.3015420138835907,0.025007490068674089,0.9531249403953552],"EasingStyle":"Linear","EasingDirection":"In"},"Torso":{"Weight":1,"CFrame":[0.05976258963346481,-0.08536654710769654,0.08567523956298828,0.9311656951904297,0.36458778381347659,0.002537883585318923,-0.36193448305130007,0.9251837730407715,-0.11418579518795014,-0.043978750705718997,0.10540733486413956,0.9934561848640442],"EasingStyle":"Linear","EasingDirection":"In"},"HumanoidRootPart":{"Weight":1,"CFrame":[0,0,0,1,0,0,0,1,0,0,0,1],"EasingStyle":"Linear","EasingDirection":"In"},"Left Arm":{"Weight":1,"CFrame":[-0.606826901435852,-0.421552449464798,-0.03590703010559082,-0.37281808257102969,0.7162665724754334,-0.5898890495300293,-0.8873991370201111,-0.08944479376077652,0.4522414207458496,0.2711629271507263,0.6920707821846008,0.6689608693122864],"EasingStyle":"Linear","EasingDirection":"In"}}},{"Time":0.1666666716337204,"poses":{"Left Leg":{"Weight":1,"CFrame":[0.2584773302078247,-0.06444907188415528,0.002061009407043457,0.8085924386978149,0.05695352703332901,0.585606038570404,-0.04772717505693436,0.9983732104301453,-0.03119681030511856,-0.5864301919937134,-0.0027237997855991127,0.8099952340126038],"EasingStyle":"Linear","EasingDirection":"In"},"Right Arm":{"Weight":1,"CFrame":[-0.2708514630794525,-0.12463107705116272,0.14208602905273438,0.8481442332267761,-0.34087955951690676,-0.405527263879776,0.5294111967086792,0.5173870921134949,0.6723349690437317,-0.019370678812265397,-0.7849278450012207,0.619284451007843],"EasingStyle":"Linear","EasingDirection":"In"},"Head":{"Weight":1,"CFrame":[9.685754776000977e-8,-1.210719347000122e-8,0,0.9935504198074341,-0.10990802943706513,-0.027890650555491449,0.11097278445959091,0.9930169582366943,0.04003065451979637,0.02329619787633419,-0.042867571115493777,0.9988092184066773],"EasingStyle":"Linear","EasingDirection":"In"},"Right Leg":{"Weight":1,"CFrame":[0.8895639181137085,0.1389825940132141,-0.08770060539245606,0.9910925030708313,0.11275912821292877,0.070859394967556,-0.11059004068374634,0.9932900071144104,-0.03383590281009674,-0.07419919967651367,0.02569812908768654,0.9969122409820557],"EasingStyle":"Linear","EasingDirection":"In"},"Torso":{"Weight":1,"CFrame":[0.04357833042740822,-0.07968325912952423,0.05821943283081055,0.9618514776229858,0.2735174596309662,-0.00546955456957221,-0.27251219749450686,0.9561749696731567,-0.10708170384168625,-0.024058865383267404,0.10448721051216126,0.9942351579666138],"EasingStyle":"Linear","EasingDirection":"In"},"HumanoidRootPart":{"Weight":1,"CFrame":[0,0,0,1,0,0,0,1,0,0,0,1],"EasingStyle":"Linear","EasingDirection":"In"},"Left Arm":{"Weight":1,"CFrame":[-0.599260687828064,-0.4248659312725067,-0.044319748878479007,-0.3728180229663849,0.7162665128707886,-0.5898891091346741,-0.8873992562294006,-0.08944479376077652,0.45224136114120486,0.27116283774375918,0.6920707821846008,0.6689608693122864],"EasingStyle":"Linear","EasingDirection":"In"}}},{"Time":0.20000000298023225,"poses":{"Left Leg":{"Weight":1,"CFrame":[0.08711812645196915,-0.002161383628845215,0.079398512840271,0.8569337129592896,0.006818206515163183,0.5153815746307373,0.016862928867340089,0.9990063905715942,-0.04125463217496872,-0.515150785446167,0.04404330626130104,0.8559672236442566],"EasingStyle":"Linear","EasingDirection":"In"},"Right Arm":{"Weight":1,"CFrame":[-0.22655226290225984,-0.13294079899787904,0.12607431411743165,0.814563512802124,-0.4323146939277649,-0.38676902651786806,0.5752445459365845,0.5161564350128174,0.6345677375793457,-0.07469972968101502,-0.7393825054168701,0.6691288352012634],"EasingStyle":"Linear","EasingDirection":"In"},"Head":{"Weight":1,"CFrame":[9.406358003616333e-8,3.1781382858753207e-8,0,0.9983497262001038,-0.05489100143313408,-0.01687956601381302,0.055419065058231357,0.9979310631752014,0.03259241208434105,0.015055617317557335,-0.03347407281398773,0.999326229095459],"EasingStyle":"Linear","EasingDirection":"In"},"Right Leg":{"Weight":1,"CFrame":[0.7082397937774658,0.09560084342956543,0.053377389907836917,0.9714048504829407,0.1766047477722168,-0.15869276225566865,-0.18204239010810853,0.9830814003944397,-0.020290570333600045,0.15242452919483186,0.04859907552599907,0.9871196150779724],"EasingStyle":"Linear","EasingDirection":"In"},"Torso":{"Weight":1,"CFrame":[0.025610405951738359,-0.07749530673027039,-0.014314651489257813,0.9852575659751892,0.17045921087265016,-0.014534048736095429,-0.17104092240333558,0.979722797870636,-0.10434677451848984,-0.003547530621290207,0.1052943617105484,0.9944347739219666],"EasingStyle":"Linear","EasingDirection":"In"},"HumanoidRootPart":{"Weight":1,"CFrame":[0,0,0,1,0,0,0,1,0,0,0,1],"EasingStyle":"Linear","EasingDirection":"In"},"Left Arm":{"Weight":1,"CFrame":[-0.5845267176628113,-0.4281795620918274,-0.048639774322509769,-0.37281808257102969,0.7162665724754334,-0.5898890495300293,-0.8873992562294006,-0.08944477140903473,0.4522414803504944,0.2711629569530487,0.6920708417892456,0.6689609289169312],"EasingStyle":"Linear","EasingDirection":"In"}}},{"Time":0.23333333432674409,"poses":{"Left Leg":{"Weight":1,"CFrame":[-0.08816796541213989,0.08951747417449951,0.12428116798400879,0.9001993536949158,-0.027309224009513856,0.4346209168434143,0.05491901561617851,0.9971828460693359,-0.05109238252043724,-0.4320012032985687,0.06986228376626969,0.8991630673408508],"EasingStyle":"Linear","EasingDirection":"In"},"Right Arm":{"Weight":1,"CFrame":[-0.17161722481250764,-0.14453819394111634,0.11256885528564453,0.7688597440719605,-0.5372573137283325,-0.3467121422290802,0.6238879561424255,0.511551022529602,0.5908294916152954,-0.14006654918193818,-0.6705744862556458,0.7284992337226868],"EasingStyle":"Linear","EasingDirection":"In"},"Head":{"Weight":1,"CFrame":[1.0989606380462647e-7,2.5436747819185258e-8,2.384185791015625e-7,0.99997878074646,0.0010588194709271193,-0.006427868735045195,-0.0008632589597254992,0.9995388388633728,0.030353007838129998,0.00645704660564661,-0.0303468219935894,0.9995185732841492],"EasingStyle":"Linear","EasingDirection":"In"},"Right Leg":{"Weight":1,"CFrame":[0.5179530382156372,0.1490316390991211,0.1517568826675415,0.9158098101615906,0.18242336809635163,-0.3577905297279358,-0.20217503607273103,0.9791795015335083,-0.01824714057147503,0.3470124304294586,0.08904724568128586,0.9336236119270325],"EasingStyle":"Linear","EasingDirection":"In"},"Torso":{"Weight":1,"CFrame":[0.009299851953983307,-0.08878722786903382,-0.1156609058380127,0.9979236125946045,0.061000797897577289,-0.020673127844929696,-0.0630289614200592,0.99095618724823,-0.11846171319484711,0.013259903527796269,0.11951873451471329,0.9927434921264648],"EasingStyle":"Linear","EasingDirection":"In"},"HumanoidRootPart":{"Weight":1,"CFrame":[0,0,0,1,0,0,0,1,0,0,0,1],"EasingStyle":"Linear","EasingDirection":"In"},"Left Arm":{"Weight":1,"CFrame":[-0.5602352619171143,-0.4307281970977783,-0.05023127794265747,-0.3728180229663849,0.7162664532661438,-0.5898891091346741,-0.8873993158340454,-0.08944478631019592,0.45224136114120486,0.27116286754608157,0.6920708417892456,0.6689609289169312],"EasingStyle":"Linear","EasingDirection":"In"}}},{"Time":0.2666666805744171,"poses":{"Left Leg":{"Weight":1,"CFrame":[-0.23634952306747437,0.1952630877494812,0.12636446952819825,0.9373403191566467,-0.03475962206721306,0.3466770052909851,0.05753433704376221,0.9967931509017944,-0.05561694875359535,-0.34363213181495669,0.07207784801721573,0.9363342523574829],"EasingStyle":"Linear","EasingDirection":"In"},"Right Arm":{"Weight":1,"CFrame":[-0.10525023937225342,-0.15997105836868287,0.1032402515411377,0.7074558734893799,-0.649799644947052,-0.2779686748981476,0.673901379108429,0.5016795992851257,0.5423785448074341,-0.2129862904548645,-0.5710324048995972,0.7928171753883362],"EasingStyle":"Linear","EasingDirection":"In"},"Head":{"Weight":1,"CFrame":[9.592622518539429e-8,-5.0873495638370517e-8,-1.7881393432617188e-7,0.9984888434410095,0.054840851575136188,0.003560436423867941,-0.054921705275774,0.9980624914169312,0.029241345822811128,-0.0019499157788231969,-0.029392706230282785,0.9995660781860352],"EasingStyle":"Linear","EasingDirection":"In"},"Right Leg":{"Weight":1,"CFrame":[0.3388039171695709,0.22165781259536744,0.2131112813949585,0.8456912040710449,0.15949194133281709,-0.5092824697494507,-0.2035674750804901,0.9785515069961548,-0.03158189356327057,0.49332207441329958,0.130381777882576,0.8600197434425354],"EasingStyle":"Linear","EasingDirection":"In"},"Torso":{"Weight":1,"CFrame":[-0.003174036741256714,-0.10973349213600159,-0.22066354751586915,0.9986017346382141,-0.04832104220986366,-0.02143915370106697,0.04472549632191658,0.9884723424911499,-0.14464454352855683,0.02818138338625431,0.14348340034484864,0.9892514944076538],"EasingStyle":"Linear","EasingDirection":"In"},"HumanoidRootPart":{"Weight":1,"CFrame":[0,0,0,1,0,0,0,1,0,0,0,1],"EasingStyle":"Linear","EasingDirection":"In"},"Left Arm":{"Weight":1,"CFrame":[-0.5239974856376648,-0.4317478835582733,-0.050458669662475589,-0.3728180229663849,0.7162666320800781,-0.5898889899253845,-0.8873991966247559,-0.08944476395845413,0.45224130153656008,0.2711629569530487,0.6920706629753113,0.6689609885215759],"EasingStyle":"Linear","EasingDirection":"In"}}},{"Time":0.30000001192092898,"poses":{"Left Leg":{"Weight":1,"CFrame":[-0.39911821484565737,0.3322828412055969,0.10020923614501953,0.9644859433174133,-0.04270525649189949,0.260658860206604,0.06235183775424957,0.9957641959190369,-0.0675717145204544,-0.2566691040992737,0.0814245417714119,0.9630634188652039],"EasingStyle":"Linear","EasingDirection":"In"},"Right Arm":{"Weight":1,"CFrame":[-0.02665528655052185,-0.1797865331172943,0.09975945949554444,0.6267614960670471,-0.759537398815155,-0.17399124801158906,0.7236967086791992,0.48463839292526247,0.49131348729133608,-0.2888481318950653,-0.43385326862335207,0.8534273505210877],"EasingStyle":"Linear","EasingDirection":"In"},"Head":{"Weight":1,"CFrame":[6.51925802230835e-8,-1.5832483768463136e-8,1.1920928955078126e-7,0.9945411086082459,0.10353167355060578,0.013010322116315365,-0.1038672998547554,0.9941824674606323,0.02851012721657753,-0.009982943534851075,-0.02970583736896515,0.9995088577270508],"EasingStyle":"Linear","EasingDirection":"In"},"Right Leg":{"Weight":1,"CFrame":[0.1938297599554062,0.25007373094558718,0.23731493949890138,0.779547929763794,0.13834500312805177,-0.6108728051185608,-0.20588628947734834,0.9777035117149353,-0.04131433740258217,0.5915368795394898,0.15797685086727143,0.7906500101089478],"EasingStyle":"Linear","EasingDirection":"In"},"Torso":{"Weight":1,"CFrame":[-0.012621615082025528,-0.12117579579353333,-0.2706420421600342,0.9884439706802368,-0.15050260722637177,-0.0180968064814806,0.14576885104179383,0.9764666557312012,-0.15894746780395509,0.04159294068813324,0.1544727087020874,0.9871211647987366],"EasingStyle":"Linear","EasingDirection":"In"},"HumanoidRootPart":{"Weight":1,"CFrame":[0,0,0,1,0,0,0,1,0,0,0,1],"EasingStyle":"Linear","EasingDirection":"In"},"Left Arm":{"Weight":1,"CFrame":[-0.46439042687416079,-0.4228285849094391,-0.04341059923171997,-0.34161457419395449,0.7475739121437073,-0.5695900917053223,-0.8919309377670288,-0.06684858351945877,0.4472030997276306,0.29624104499816897,0.6608059406280518,0.6896206140518189],"EasingStyle":"Linear","EasingDirection":"In"}}},{"Time":0.3333333432674408,"poses":{"Left Leg":{"Weight":1,"CFrame":[-0.5961097478866577,0.4609494209289551,0.031679391860961917,0.9877785444259644,-0.03994251415133476,0.15065905451774598,0.054413147270679477,0.9941610097885132,-0.09318338334560394,-0.14605729281902314,0.10024235397577286,0.9841843247413635],"EasingStyle":"Linear","EasingDirection":"In"},"Right Arm":{"Weight":1,"CFrame":[0.06385928392410279,-0.21910345554351808,0.10659241676330567,0.5108000636100769,-0.8591049313545227,-0.03196905180811882,0.7747468948364258,0.44388800859451296,0.4502562880516052,-0.37262675166130068,-0.2547590136528015,0.8923268914222717],"EasingStyle":"Linear","EasingDirection":"In"},"Head":{"Weight":1,"CFrame":[8.568167686462403e-8,-8.754432201385498e-8,-2.384185791015625e-7,0.990044891834259,0.13903497159481049,0.02191813290119171,-0.139665424823761,0.989729642868042,0.030476905405521394,-0.017455659806728364,-0.03323472663760185,0.9992952346801758],"EasingStyle":"Linear","EasingDirection":"In"},"Right Leg":{"Weight":1,"CFrame":[0.04880461096763611,0.18614572286605836,0.1938159465789795,0.7300063967704773,0.09899192303419113,-0.6762332320213318,-0.17051437497138978,0.9845450520515442,-0.03994867578148842,0.6618275046348572,0.14447017014026643,0.7356036901473999],"EasingStyle":"Linear","EasingDirection":"In"},"Torso":{"Weight":1,"CFrame":[-0.021629387512803079,-0.12113064527511597,-0.2014942169189453,0.9705550074577332,-0.24046553671360017,-0.014120163396000862,0.23525579273700715,0.9588579535484314,-0.1588910073041916,0.05174702778458595,0.15089061856269837,0.9871952533721924],"EasingStyle":"Linear","EasingDirection":"In"},"HumanoidRootPart":{"Weight":1,"CFrame":[0,0,0,1,0,0,0,1,0,0,0,1],"EasingStyle":"Linear","EasingDirection":"In"},"Left Arm":{"Weight":1,"CFrame":[-0.3769417703151703,-0.3986205458641052,-0.02427995204925537,-0.2462775707244873,0.8264480233192444,-0.5062915086746216,-0.8997398018836975,-0.0007586850551888347,0.43642616271972659,0.3602994382381439,0.563012421131134,0.7437750101089478],"EasingStyle":"Linear","EasingDirection":"In"}}},{"Time":0.36666667461395266,"poses":{"Left Leg":{"Weight":1,"CFrame":[-0.8087446689605713,0.5474180579185486,-0.10121464729309082,0.9999416470527649,-0.0059385886415839199,-0.0090299928560853,0.0049913921393454079,0.9948209524154663,-0.10151985287666321,0.009586083702743054,0.10146886110305786,0.9947925806045532],"EasingStyle":"Linear","EasingDirection":"In"},"Right Arm":{"Weight":1,"CFrame":[0.16156640648841859,-0.28318431973457339,0.12367486953735352,0.34562134742736819,-0.9285336136817932,0.1355401575565338,0.8227396607398987,0.3693162202835083,0.4320938289165497,-0.45127081871032717,-0.037826795130968097,0.8915849924087524],"EasingStyle":"Linear","EasingDirection":"In"},"Head":{"Weight":1,"CFrame":[8.568167686462403e-8,-4.936009645462036e-8,0,0.9857956171035767,0.16515029966831208,0.030535243451595308,-0.1662299782037735,0.985390841960907,0.037047166377305987,-0.023970801383256913,-0.04159680753946304,0.9988468885421753],"EasingStyle":"Linear","EasingDirection":"In"},"Right Leg":{"Weight":1,"CFrame":[-0.13076314330101014,0.05713015794754028,0.05722689628601074,0.6917372345924377,0.02026372030377388,-0.7218648195266724,-0.06560094654560089,0.9972365498542786,-0.03486918285489082,0.7191634774208069,0.07147534936666489,0.6911551356315613],"EasingStyle":"Linear","EasingDirection":"In"},"Torso":{"Weight":1,"CFrame":[-0.03028327412903309,-0.12027192115783692,-0.04932141304016113,0.9481288194656372,-0.3177337348461151,-0.009859326295554638,0.3122914731502533,0.9367858171463013,-0.15781761705875398,0.05938006937503815,0.1465524286031723,0.987419068813324],"EasingStyle":"Linear","EasingDirection":"In"},"HumanoidRootPart":{"Weight":1,"CFrame":[0,0,0,1,0,0,0,1,0,0,0,1],"EasingStyle":"Linear","EasingDirection":"In"},"Left Arm":{"Weight":1,"CFrame":[-0.2696869373321533,-0.3629446029663086,0.003912568092346191,-0.07855992764234543,0.9169269800186157,-0.39124587178230288,-0.8960990309715271,0.10702547430992127,0.4307575523853302,0.43684643507003786,0.3844352960586548,0.8132495284080505],"EasingStyle":"Linear","EasingDirection":"In"}}},{"Time":0.4000000059604645,"poses":{"Left Leg":{"Weight":1,"CFrame":[-0.9845802783966065,0.6022043228149414,-0.2822164297103882,0.9743991494178772,0.07508725672960282,-0.2119157463312149,-0.09161903709173203,0.9933806657791138,-0.06928811967372894,0.20531029999256135,0.08692973107099533,0.9748286604881287],"EasingStyle":"Linear","EasingDirection":"In"},"Right Arm":{"Weight":1,"CFrame":[0.26063472032546999,-0.3577992916107178,0.14588212966918946,0.14706388115882874,-0.9421301484107971,0.3012690544128418,0.8566851615905762,0.27357038855552676,0.4373214542865753,-0.4944319427013397,0.19377842545509339,0.8473411798477173],"EasingStyle":"Linear","EasingDirection":"In"},"Head":{"Weight":1,"CFrame":[8.940696716308594e-8,-6.332993507385254e-8,-5.364418029785156e-7,0.9816203117370606,0.1868455559015274,0.03886404633522034,-0.1885731816291809,0.9809378981590271,0.04691668227314949,-0.02935704030096531,-0.05338307097554207,0.9981424808502197],"EasingStyle":"Linear","EasingDirection":"In"},"Right Leg":{"Weight":1,"CFrame":[-0.27125483751296999,-0.054074645042419437,-0.08087623119354248,0.6581940650939941,-0.03913424164056778,-0.751830518245697,0.03128654882311821,0.9992072582244873,-0.024620667099952699,0.7521979212760925,-0.007317024283111095,0.6588965654373169],"EasingStyle":"Linear","EasingDirection":"In"},"Torso":{"Weight":1,"CFrame":[-0.03868066892027855,-0.1190197765827179,0.10289859771728516,0.9236798286437988,-0.3831230103969574,-0.005693660117685795,0.37760138511657717,0.9126896858215332,-0.1562524139881134,0.06506043672561646,0.1421772688627243,0.9877007603645325],"EasingStyle":"Linear","EasingDirection":"In"},"HumanoidRootPart":{"Weight":1,"CFrame":[0,0,0,1,0,0,0,1,0,0,0,1],"EasingStyle":"Linear","EasingDirection":"In"},"Left Arm":{"Weight":1,"CFrame":[-0.1506616175174713,-0.31962502002716067,0.038146138191223147,0.15835002064704896,0.9620096683502197,-0.22240228950977326,-0.8611628413200378,0.24474985897541047,0.44552895426750185,0.4830361306667328,0.12097503244876862,0.8672030568122864],"EasingStyle":"Linear","EasingDirection":"In"}}},{"Time":0.4333333373069763,"poses":{"Left Leg":{"Weight":1,"CFrame":[-1.1197514533996583,0.6791651248931885,-0.46261394023895266,0.8863928914070129,0.1712198257446289,-0.4301064610481262,-0.19174028933048249,0.9814356565475464,-0.004454522393643856,0.4213590621948242,0.08641722798347473,0.9027672410011292],"EasingStyle":"Linear","EasingDirection":"In"},"Right Arm":{"Weight":1,"CFrame":[0.35523271560668948,-0.4287147521972656,0.1680893898010254,-0.04975854605436325,-0.8986356854438782,0.43586456775665285,0.8714601993560791,0.1741379350423813,0.4585118293762207,-0.4879356026649475,0.4026535153388977,0.7744604349136353],"EasingStyle":"Linear","EasingDirection":"In"},"Head":{"Weight":1,"CFrame":[1.043081283569336e-7,-5.587935447692871e-9,2.384185791015625e-7,0.9774997234344482,0.20568715035915376,0.04676685482263565,-0.20824871957302094,0.9763079285621643,0.058782801032066348,-0.03356797620654106,-0.06719928234815598,0.9971747398376465],"EasingStyle":"Linear","EasingDirection":"In"},"Right Leg":{"Weight":1,"CFrame":[-0.2406328022480011,-0.05604672431945801,-0.028908610343933107,0.6384649276733398,0.006704270839691162,-0.7696216702461243,-0.022533981129527093,0.9996961951255798,-0.00998524110764265,0.7693209648132324,0.023717770352959634,0.6384221911430359],"EasingStyle":"Linear","EasingDirection":"In"},"Torso":{"Weight":1,"CFrame":[-0.046812690794467929,-0.1178169846534729,0.17218756675720216,0.8991041779518127,-0.4377305805683136,-0.0019000504398718477,0.4321939945220947,0.8884037137031555,-0.15474896132946015,0.06942635774612427,0.13831424713134767,0.9879519939422607],"EasingStyle":"Linear","EasingDirection":"In"},"HumanoidRootPart":{"Weight":1,"CFrame":[0,0,0,1,0,0,0,1,0,0,0,1],"EasingStyle":"Linear","EasingDirection":"In"},"Left Arm":{"Weight":1,"CFrame":[-0.027901500463485719,-0.2724817991256714,0.0754004716873169,0.4258984625339508,0.9044681191444397,-0.023409754037857057,-0.7826243042945862,0.38126039505004885,0.492077112197876,0.45399320125579836,-0.19125384092330934,0.870236873626709],"EasingStyle":"Linear","EasingDirection":"In"}}},{"Time":0.46666666865348818,"poses":{"Left Leg":{"Weight":1,"CFrame":[-1.2315516471862794,0.8026618957519531,-0.6311847567558289,0.760152280330658,0.23419034481048585,-0.6060722470283508,-0.24120764434337617,0.9678397178649902,0.0714505985379219,0.6033137440681458,0.09187588095664978,0.7921940088272095],"EasingStyle":"Linear","EasingDirection":"In"},"Right Arm":{"Weight":1,"CFrame":[0.4395287036895752,-0.48170122504234316,0.18517184257507325,-0.20627960562705995,-0.8268187642097473,0.5232778191566467,0.8729835748672485,0.0860486775636673,0.4800994396209717,-0.4419825077056885,0.5558474659919739,0.7040489912033081],"EasingStyle":"Linear","EasingDirection":"In"},"Head":{"Weight":1,"CFrame":[9.313225746154785e-8,3.725290298461914e-8,1.1920928955078126e-7,0.9734618067741394,0.22238045930862428,0.05402806028723717,-0.22589968144893647,0.9715349674224854,0.07133948057889939,-0.03662564232945442,-0.08165118843317032,0.9959877729415894],"EasingStyle":"Linear","EasingDirection":"In"},"Right Leg":{"Weight":1,"CFrame":[-0.19087734818458558,-0.000202178955078125,0.060079336166381839,0.6254904866218567,0.06410300731658936,-0.7775939702987671,-0.09886198490858078,0.9950980544090271,0.0025097716134041549,0.7739431262016296,0.07530459016561508,0.6287617683410645],"EasingStyle":"Linear","EasingDirection":"In"},"Torso":{"Weight":1,"CFrame":[-0.054578088223934177,-0.11697143316268921,0.14501452445983888,0.8760771155357361,-0.48216918110847475,0.001308346982114017,0.4766170084476471,0.8655720949172974,-0.15369199216365815,0.07297307997941971,0.1352696269750595,0.9881179332733154],"EasingStyle":"Linear","EasingDirection":"In"},"HumanoidRootPart":{"Weight":1,"CFrame":[0,0,0,1,0,0,0,1,0,0,0,1],"EasingStyle":"Linear","EasingDirection":"In"},"Left Arm":{"Weight":1,"CFrame":[0.09055790305137634,-0.22533941268920899,0.1126549243927002,0.6575049757957459,0.7367205619812012,0.15789233148097993,-0.6721019744873047,0.47877779603004458,0.564845860004425,0.3405382037162781,-0.4775087535381317,0.809950053691864],"EasingStyle":"Linear","EasingDirection":"In"}}},{"Time":0.5,"poses":{"Left Leg":{"Weight":1,"CFrame":[-1.2929049730300904,0.9160389304161072,-0.7590070366859436,0.658584713935852,0.26350104808807375,-0.7048642039299011,-0.2504821717739105,0.9600362777709961,0.12485648691654206,0.7095949649810791,0.09432732313871384,0.69826740026474],"EasingStyle":"Linear","EasingDirection":"In"},"Right Arm":{"Weight":1,"CFrame":[0.5076915621757507,-0.5025259852409363,0.19200468063354493,-0.2962605953216553,-0.7708438634872437,0.5639411211013794,0.8755398988723755,0.016753194853663446,0.4828554391860962,-0.38165393471717837,0.6368037462234497,0.6699411869049072],"EasingStyle":"Linear","EasingDirection":"In"},"Head":{"Weight":1,"CFrame":[1.0058283805847168e-7,1.4901161193847657e-8,-2.980232238769531e-7,0.9695648550987244,0.23727387189865113,0.060374051332473758,-0.24177154898643495,0.9667528867721558,0.08327930420637131,-0.03860677778720856,-0.09534140676259995,0.9946957230567932],"EasingStyle":"Linear","EasingDirection":"In"},"Right Leg":{"Weight":1,"CFrame":[-0.20649170875549317,0.024305641651153566,0.07941961288452149,0.6258697509765625,0.07377775013446808,-0.7764303684234619,-0.11023911088705063,0.9938894510269165,0.005578832700848579,0.7720975279808044,0.08210130035877228,0.6301785111427307],"EasingStyle":"Linear","EasingDirection":"In"},"Torso":{"Weight":1,"CFrame":[-0.06182330846786499,-0.11624190211296082,0.08504986763000488,0.8572618961334229,-0.51486736536026,0.0037004428450018169,0.5093109607696533,0.8469125032424927,-0.15278010070323945,0.07552753388881684,0.13285724818706513,0.9882532954216003],"EasingStyle":"Linear","EasingDirection":"In"},"HumanoidRootPart":{"Weight":1,"CFrame":[0,0,0,1,0,0,0,1,0,0,0,1],"EasingStyle":"Linear","EasingDirection":"In"},"Left Arm":{"Weight":1,"CFrame":[0.19668084383010865,-0.18201926350593568,0.1468886137008667,0.8077883720397949,0.5165144205093384,0.2840617895126343,-0.560177743434906,0.5226072072982788,0.6427149772644043,0.18351860344409944,-0.6783027648925781,0.7114958763122559],"EasingStyle":"Linear","EasingDirection":"In"}}},{"Time":0.5333333611488342,"poses":{"Left Leg":{"Weight":1,"CFrame":[-1.3147969245910645,1.0084470510482789,-0.8351185917854309,0.6013776659965515,0.2819612920284271,-0.7475579380989075,-0.2523897588253021,0.9547895193099976,0.15708763897418977,0.7580530643463135,0.09420693665742874,0.6453530788421631],"EasingStyle":"Linear","EasingDirection":"In"},"Right Arm":{"Weight":1,"CFrame":[0.5555503368377686,-0.49791377782821658,0.17189621925354005,-0.3369196653366089,-0.7421956658363342,0.5793366432189941,0.880894660949707,-0.031233176589012147,0.472280889749527,-0.3324301242828369,0.6694551110267639,0.6643191576004028],"EasingStyle":"Linear","EasingDirection":"In"},"Head":{"Weight":1,"CFrame":[1.341104507446289e-7,1.043081283569336e-7,1.1920928955078126e-7,0.9659047722816467,0.25047963857650759,0.06548264622688294,-0.2558453679084778,0.9622051119804382,0.09329801052808762,-0.03963848948478699,-0.10687042772769928,0.9934825897216797],"EasingStyle":"Linear","EasingDirection":"In"},"Right Leg":{"Weight":1,"CFrame":[-0.24449807405471803,0.023220539093017579,0.06800055503845215,0.6380543112754822,0.060079798102378848,-0.7676438689231873,-0.09150727838277817,0.995802640914917,0.0018772450275719166,0.7645346522331238,0.06904717534780503,0.640873908996582],"EasingStyle":"Linear","EasingDirection":"In"},"Torso":{"Weight":1,"CFrame":[-0.06831596046686173,-0.11526131629943848,0.02512335777282715,0.8455458879470825,-0.5338793396949768,0.005008104257285595,0.5283606648445129,0.8353840112686157,-0.1515543907880783,0.07672806084156037,0.1307922899723053,0.9884363412857056],"EasingStyle":"Linear","EasingDirection":"In"},"HumanoidRootPart":{"Weight":1,"CFrame":[0,0,0,1,0,0,0,1,0,0,0,1],"EasingStyle":"Linear","EasingDirection":"In"},"Left Arm":{"Weight":1,"CFrame":[0.282431960105896,-0.1463436484336853,0.1750810146331787,0.8806105852127075,0.31689298152923586,0.35228368639945986,-0.4723288118839264,0.5277095437049866,0.7059944868087769,0.037821218371391299,-0.7880999445915222,0.6143842935562134],"EasingStyle":"Linear","EasingDirection":"In"}}},{"Time":0.5666666626930237,"poses":{"Left Leg":{"Weight":1,"CFrame":[-1.3039917945861817,1.0605653524398804,-0.8593222498893738,0.5668896436691284,0.31338459253311159,-0.7618570327758789,-0.278552770614624,0.9432618021965027,0.1807362288236618,0.7752707004547119,0.10975989699363709,0.6220194101333618],"EasingStyle":"Linear","EasingDirection":"In"},"Right Arm":{"Weight":1,"CFrame":[0.5855780839920044,-0.4853080213069916,0.12394487857818604,-0.3602871894836426,-0.7238871455192566,0.5883711576461792,0.8828363418579102,-0.06086296960711479,0.46572086215019228,-0.3013192415237427,0.6872285604476929,0.6610019207000732],"EasingStyle":"Linear","EasingDirection":"In"},"Head":{"Weight":1,"CFrame":[8.568167686462403e-8,0,-4.172325134277344e-7,0.9626631736755371,0.26176464557647707,0.06898555904626847,-0.2677452862262726,0.9582749009132385,0.10010829567909241,-0.03990232199430466,-0.11484113335609436,0.9925821423530579],"EasingStyle":"Linear","EasingDirection":"In"},"Right Leg":{"Weight":1,"CFrame":[-0.28172558546066286,0.015478909015655518,0.054131388664245608,0.6498614549636841,0.04088278487324715,-0.7589523196220398,-0.07057268917560578,0.9974842667579651,-0.006696735974401236,0.7567691802978516,0.057913199067115787,0.6511118412017822],"EasingStyle":"Linear","EasingDirection":"In"},"Torso":{"Weight":1,"CFrame":[-0.07303714007139206,-0.1146397590637207,-0.0020904541015625,0.8381734490394592,-0.5453738570213318,0.005716618616133928,0.5398700833320618,0.8281343579292297,-0.1507774144411087,0.07749593257904053,0.12946385145187379,0.9885511994361877],"EasingStyle":"Linear","EasingDirection":"In"},"HumanoidRootPart":{"Weight":1,"CFrame":[0,0,0,1,0,0,0,1,0,0,0,1],"EasingStyle":"Linear","EasingDirection":"In"},"Left Arm":{"Weight":1,"CFrame":[0.3397752046585083,-0.12213557958602905,0.19421148300170899,0.9062532186508179,0.18299347162246705,0.38107535243034365,-0.4182854890823364,0.5186202526092529,0.745701253414154,-0.06117500364780426,-0.8351925015449524,0.5465447902679443],"EasingStyle":"Linear","EasingDirection":"In"}}},{"Time":0.6000000238418579,"poses":{"Left Leg":{"Weight":1,"CFrame":[-1.2939091920852662,1.0557031631469727,-0.8546483516693115,0.5507841110229492,0.3309904932975769,-0.7662129402160645,-0.30100613832473757,0.9350016713142395,0.18752916157245637,0.7784807682037354,0.12734666466712953,0.6146141886711121],"EasingStyle":"Linear","EasingDirection":"In"},"Right Arm":{"Weight":1,"CFrame":[0.601908802986145,-0.4665544331073761,0.06671273708343506,-0.37140601873397829,-0.7149985432624817,0.5923131108283997,0.8839195966720581,-0.07704872637987137,0.46124809980392458,-0.2841547131538391,0.6948673129081726,0.660617470741272],"EasingStyle":"Linear","EasingDirection":"In"},"Head":{"Weight":1,"CFrame":[6.332993507385254e-8,-5.21540641784668e-8,-4.76837158203125e-7,0.9605719447135925,0.26897016167640688,0.07040300220251084,-0.2751788794994354,0.9559120535850525,0.10251293331384659,-0.03972615674138069,-0.11784444749355316,0.9922372102737427],"EasingStyle":"Linear","EasingDirection":"In"},"Right Leg":{"Weight":1,"CFrame":[-0.3067912757396698,0.004072308540344238,0.045044779777526858,0.6540077328681946,0.029204636812210084,-0.7559239864349365,-0.05953792482614517,0.9981421232223511,-0.012948193587362767,0.7541413903236389,0.053474269807338718,0.6545314192771912],"EasingStyle":"Linear","EasingDirection":"In"},"Torso":{"Weight":1,"CFrame":[-0.07534777373075485,-0.11248508095741272,0.0069561004638671879,0.8343093395233154,-0.5512700080871582,0.005417603999376297,0.5458692908287048,0.8246805667877197,-0.14808405935764314,0.07716650515794754,0.12650522589683534,0.9889599680900574],"EasingStyle":"Linear","EasingDirection":"In"},"HumanoidRootPart":{"Weight":1,"CFrame":[0,0,0,1,0,0,0,1,0,0,0,1],"EasingStyle":"Linear","EasingDirection":"In"},"Left Arm":{"Weight":1,"CFrame":[0.36067530512809756,-0.11321690678596497,0.20125961303710938,0.9115616083145142,0.13514043390750886,0.38832026720046999,-0.3995932936668396,0.5136522650718689,0.7592671513557434,-0.09685388207435608,-0.8472889065742493,0.5222269296646118],"EasingStyle":"Linear","EasingDirection":"In"}}},{"Time":0.6333333253860474,"poses":{"Left Leg":{"Weight":1,"CFrame":[-1.2981619834899903,0.969408392906189,-0.8009936809539795,0.6053770184516907,0.2928186357021332,-0.7401189804077148,-0.27415338158607485,0.949679970741272,0.15148626267910005,0.747234046459198,0.11119980365037918,0.6551914811134338],"EasingStyle":"Linear","EasingDirection":"In"},"Right Arm":{"Weight":1,"CFrame":[0.6086756587028503,-0.44349756836891177,0.018761634826660157,-0.37437790632247927,-0.7133602499961853,0.5924174785614014,0.8852805495262146,-0.08487837761640549,0.45724618434906008,-0.27589771151542666,0.6956385374069214,0.6633004546165466],"EasingStyle":"Linear","EasingDirection":"In"},"Head":{"Weight":1,"CFrame":[1.043081283569336e-7,5.21540641784668e-8,3.5762786865234377e-7,0.962943434715271,0.2610684633