{"Sequence":[{"Time":0,"poses":{"Left Leg":{"Weight":1,"CFrame":[-0.21854953467845918,-0.6385848522186279,-0.004824280738830566,-0.28428879380226138,-0.9575489163398743,-0.04774829372763634,0.958505392074585,-0.2849656045436859,0.007878540083765984,-0.021150749176740648,-0.04352722316980362,0.9988283514976502],"EasingStyle":"Linear","EasingDirection":"In"},"Right Arm":{"Weight":1,"CFrame":[0.0015652142465114594,0.14144575595855714,0.4664379358291626,-0.2276080846786499,-0.03530523553490639,-0.9731125831604004,0.9716087579727173,-0.07451600581407547,-0.22455281019210816,-0.06458466500043869,-0.9965947270393372,0.05126342549920082],"EasingStyle":"Linear","EasingDirection":"In"},"Head":{"Weight":1,"CFrame":[9.307404980063439e-8,1.0128132998943329e-8,-2.384185791015625e-7,0.9989350438117981,-0.01751592941582203,0.04268671199679375,0.01895296946167946,0.9992591142654419,-0.03349602594971657,-0.042068373411893848,0.034269388765096667,0.9985268712043762],"EasingStyle":"Linear","EasingDirection":"In"},"Right Leg":{"Weight":1,"CFrame":[0.40384790301322939,0.0677979588508606,0.023689746856689454,0.9731932878494263,0.2224932760000229,-0.058236923068761829,-0.22222891449928285,0.9749318361282349,0.011060071177780629,0.059237875044345859,0.002178295748308301,0.9982415437698364],"EasingStyle":"Linear","EasingDirection":"In"},"Torso":{"Weight":1,"CFrame":[-0.025096315890550615,0.1001942902803421,-0.1026160717010498,0.9997180700302124,-0.02218014933168888,-0.008485697209835053,0.02230171486735344,0.999646008014679,0.014509984292089939,0.008160860277712345,-0.014695137739181519,0.9998587369918823],"EasingStyle":"Linear","EasingDirection":"In"},"HumanoidRootPart":{"Weight":1,"CFrame":[0,0,0,1,0,0,0,1,0,0,0,1],"EasingStyle":"Linear","EasingDirection":"In"},"Left Arm":{"Weight":1,"CFrame":[0.00020280852913856506,0.1612585186958313,0.5023764371871948,-0.22596211731433869,0.0391702726483345,0.9733483195304871,-0.9716423749923706,-0.08051368594169617,-0.22232596576213838,0.06965924054384232,-0.9959836006164551,0.05625268816947937],"EasingStyle":"Linear","EasingDirection":"In"}}},{"Time":0.03333333507180214,"poses":{"Left Leg":{"Weight":1,"CFrame":[-0.21680359542369843,-0.6246594190597534,-0.00453794002532959,-0.26980727910995486,-0.9616122245788574,-0.05006008967757225,0.9626566171646118,-0.2705731689929962,0.009082536213099957,-0.022278837859630586,-0.04574015364050865,0.9987049102783203],"EasingStyle":"Linear","EasingDirection":"In"},"Right Arm":{"Weight":1,"CFrame":[0.003104791045188904,0.2506098747253418,0.4612940549850464,-0.28048738837242129,-0.062049638479948047,-0.9578500986099243,0.9507738351821899,-0.15492548048496247,-0.2683791518211365,-0.1317426562309265,-0.9859756231307983,0.10244998335838318],"EasingStyle":"Linear","EasingDirection":"In"},"Head":{"Weight":1,"CFrame":[8.975621312856674e-8,7.566995918750763e-10,-1.7881393432617188e-7,0.9990639090538025,-0.017960116267204286,0.039354365319013599,0.01999574340879917,0.9984490871429443,-0.05195770785212517,-0.03836016729474068,0.05269599333405495,0.9978735446929932],"EasingStyle":"Linear","EasingDirection":"In"},"Right Leg":{"Weight":1,"CFrame":[0.3477230370044708,0.05657088756561279,0.021228313446044923,0.9815219044685364,0.181715726852417,-0.059952013194561008,-0.18142375349998475,0.9833508133888245,0.010325317271053791,0.06083019822835922,0.0007421563495881856,0.9981479048728943],"EasingStyle":"Linear","EasingDirection":"In"},"Torso":{"Weight":1,"CFrame":[-0.029807014390826227,0.0924917608499527,-0.050965070724487308,0.9996862411499023,-0.022937191650271417,-0.010065823793411255,0.022987209260463716,0.9997238516807556,0.004881809465587139,0.00995106901973486,-0.005111662670969963,0.9999374151229858],"EasingStyle":"Linear","EasingDirection":"In"},"HumanoidRootPart":{"Weight":1,"CFrame":[0,0,0,1,0,0,0,1,0,0,0,1],"EasingStyle":"Linear","EasingDirection":"In"},"Left Arm":{"Weight":1,"CFrame":[-0.004455992951989174,0.26436883211135867,0.48648691177368166,-0.3031584322452545,0.0628754049539566,0.9508636593818665,-0.9391588568687439,-0.18879860639572144,-0.28694239258766177,0.16148003935813905,-0.980000913143158,0.11628590524196625],"EasingStyle":"Linear","EasingDirection":"In"}}},{"Time":0.06666667014360428,"poses":{"Left Leg":{"Weight":1,"CFrame":[-0.3403577506542206,-0.5876182317733765,-0.004446685314178467,-0.0994459018111229,-0.993885338306427,-0.04798489809036255,0.9947581887245178,-0.10045550763607025,0.019100992009043695,-0.023804577067494394,-0.04583384469151497,0.9986653923988342],"EasingStyle":"Linear","EasingDirection":"In"},"Right Arm":{"Weight":1,"CFrame":[0.009009204804897309,0.44866180419921877,0.4395577907562256,-0.4038020074367523,-0.08829452097415924,-0.9105756878852844,0.8774763345718384,-0.318952351808548,-0.3581963777542114,-0.2588035464286804,-0.9436490535736084,0.2062699943780899],"EasingStyle":"Linear","EasingDirection":"In"},"Head":{"Weight":1,"CFrame":[8.94651748239994e-8,-9.19681042432785e-9,1.1920928955078126e-7,0.9993779063224793,-0.01819130778312683,0.030216814950108529,0.020155735313892366,0.9976139068603516,-0.06603261083364487,-0.02894350327551365,0.06660058349370957,0.9973599314689636],"EasingStyle":"Linear","EasingDirection":"In"},"Right Leg":{"Weight":1,"CFrame":[-0.027790818363428117,0.004343926906585693,-0.0007723569869995117,0.9972521066665649,-0.03663594275712967,-0.06438951194286347,0.03724901005625725,0.9992712140083313,0.008347053080797196,0.06403685361146927,-0.010722558945417405,0.9978899359703064],"EasingStyle":"Linear","EasingDirection":"In"},"Torso":{"Weight":1,"CFrame":[-0.03335657715797424,0.0848015546798706,0.12211155891418457,0.9996669888496399,-0.02370632067322731,-0.010194535367190838,0.02365906909108162,0.999708890914917,-0.004730945453047752,0.010303719900548458,0.004488176666200161,0.9999369382858276],"EasingStyle":"Linear","EasingDirection":"In"},"HumanoidRootPart":{"Weight":1,"CFrame":[0,0,0,1,0,0,0,1,0,0,0,1],"EasingStyle":"Linear","EasingDirection":"In"},"Left Arm":{"Weight":1,"CFrame":[-0.009951788932085038,0.3820662498474121,0.44047796726226809,-0.43262502551078799,0.09745671600103378,0.8962910771369934,-0.8682422637939453,-0.312854140996933,-0.3850685656070709,0.24288082122802735,-0.9447881579399109,0.21996454894542695],"EasingStyle":"Linear","EasingDirection":"In"}}},{"Time":0.10000000149011612,"poses":{"Left Leg":{"Weight":1,"CFrame":[-0.4937606453895569,-0.5078160762786865,0.004378318786621094,0.1152176558971405,-0.9928895831108093,-0.029922526329755784,0.9927942752838135,0.11410339921712876,0.036605894565582278,-0.0329313762485981,-0.03392456844449043,0.9988817572593689],"EasingStyle":"Linear","EasingDirection":"In"},"Right Arm":{"Weight":1,"CFrame":[0.020470617339015008,0.5803995132446289,0.3933563232421875,-0.5352510213851929,-0.06552118062973023,-0.8421481251716614,0.7635056972503662,-0.46401384472846987,-0.44916611909866335,-0.3613385856151581,-0.8834014534950256,0.2983897924423218],"EasingStyle":"Linear","EasingDirection":"In"},"Head":{"Weight":1,"CFrame":[9.591167327016592e-8,6.344635039567947e-9,1.1920928955078126e-7,0.9996805787086487,-0.01856210082769394,0.017151569947600366,0.019813064485788347,0.9969184398651123,-0.07590176910161972,-0.015689818188548089,0.07621734589338303,0.9969678521156311],"EasingStyle":"Linear","EasingDirection":"In"},"Right Leg":{"Weight":1,"CFrame":[0.05874836817383766,0.002713501453399658,0.005076408386230469,0.9916363954544067,0.11030071973800659,-0.06701529771089554,-0.10973440110683441,0.9938874840736389,0.012085783295333386,0.06793878972530365,-0.004630856215953827,0.997678816318512],"EasingStyle":"Linear","EasingDirection":"In"},"Torso":{"Weight":1,"CFrame":[-0.031429171562194827,0.08741427958011627,0.24065136909484864,0.9997579455375671,-0.020003603771328927,-0.009170561097562313,0.019990991801023485,0.9997990727424622,-0.001465042238123715,0.009198024868965149,0.001281358883716166,0.9999569058418274],"EasingStyle":"Linear","EasingDirection":"In"},"HumanoidRootPart":{"Weight":1,"CFrame":[0,0,0,1,0,0,0,1,0,0,0,1],"EasingStyle":"Linear","EasingDirection":"In"},"Left Arm":{"Weight":1,"CFrame":[-0.02152843400835991,0.5079704523086548,0.3681674003601074,-0.647998571395874,0.08018060773611069,0.7574094533920288,-0.7137642502784729,-0.41094541549682619,-0.5671547055244446,0.265779048204422,-0.9081271886825562,0.32352206110954287],"EasingStyle":"Linear","EasingDirection":"In"}}},{"Time":0.13333334028720857,"poses":{"Left Leg":{"Weight":1,"CFrame":[-0.578762948513031,-0.3498709201812744,0.02039921283721924,0.38390442728996279,-0.9233636260032654,0.004134143237024546,0.9221552610397339,0.38362422585487368,0.049620795994997028,-0.04740404337644577,-0.015237348154187203,0.9987596273422241],"EasingStyle":"Linear","EasingDirection":"In"},"Right Arm":{"Weight":1,"CFrame":[0.035735633224248889,0.6464455127716065,0.32115399837493899,-0.6460436582565308,-0.03814321383833885,-0.7623468041419983,0.6223806738853455,-0.6045248508453369,-0.4971838891506195,-0.441893607378006,-0.795672595500946,0.4142892360687256],"EasingStyle":"Linear","EasingDirection":"In"},"Head":{"Weight":1,"CFrame":[8.684583008289337e-8,1.7404090613126756e-8,-3.5762786865234377e-7,0.999811053276062,-0.019334634765982629,0.002045600675046444,0.0194371547549963,0.9964637160301209,-0.08174563944339752,-0.00045784388203173876,0.08176993578672409,0.9966511726379395],"EasingStyle":"Linear","EasingDirection":"In"},"Right Leg":{"Weight":1,"CFrame":[0.18981225788593293,-0.028858065605163575,0.014391422271728516,0.9334020614624023,0.3526897132396698,-0.0661100298166275,-0.3520870804786682,0.9357329607009888,0.020943710580468179,0.0692480057477951,0.003727543633431196,0.997592568397522],"EasingStyle":"Linear","EasingDirection":"In"},"Torso":{"Weight":1,"CFrame":[-0.026381345465779306,0.09363383054733277,0.3114283084869385,0.9999168515205383,-0.01113132480531931,-0.006512913387268782,0.011172430589795113,0.9999176859855652,0.006309410557150841,0.006442144978791475,-0.006381650920957327,0.999958872795105],"EasingStyle":"Linear","EasingDirection":"In"},"HumanoidRootPart":{"Weight":1,"CFrame":[0,0,0,1,0,0,0,1,0,0,0,1],"EasingStyle":"Linear","EasingDirection":"In"},"Left Arm":{"Weight":1,"CFrame":[-0.037289608269929889,0.6238335371017456,0.2786959409713745,-0.8292911648750305,0.04337475821375847,0.5571311116218567,-0.49730488657951357,-0.5120152831077576,-0.7003771662712097,0.2548808157444,-0.8578805327415466,0.4461802840232849],"EasingStyle":"Linear","EasingDirection":"In"}}},{"Time":0.1666666716337204,"poses":{"Left Leg":{"Weight":1,"CFrame":[-0.5356737971305847,-0.18714141845703126,0.025140762329101564,0.645250141620636,-0.7633822560310364,0.02999914065003395,0.7621099948883057,0.645920991897583,0.04443554952740669,-0.05329843610525131,-0.005809412803500891,0.9985617995262146],"EasingStyle":"Linear","EasingDirection":"In"},"Right Arm":{"Weight":1,"CFrame":[0.05231447517871857,0.6863813400268555,0.2229996919631958,-0.7348300218582153,-0.06518404185771942,-0.6751117706298828,0.45706769824028017,-0.7830016613006592,-0.42189741134643557,-0.5011127591133118,-0.6185947060585022,0.6051667332649231],"EasingStyle":"Linear","EasingDirection":"In"},"Head":{"Weight":1,"CFrame":[9.984069038182497e-8,5.586116458289325e-9,2.384185791015625e-7,0.9996980428695679,-0.020723063498735429,-0.01320892758667469,0.01954587735235691,0.9962948560714722,-0.0837540403008461,0.014895624481141568,0.08347056061029434,0.99639892578125],"EasingStyle":"Linear","EasingDirection":"In"},"Right Leg":{"Weight":1,"CFrame":[0.22344401478767396,-0.07876443862915039,0.018603801727294923,0.8299457430839539,0.5541286468505859,-0.06427677720785141,-0.552989661693573,0.8324115872383118,0.03596557676792145,0.07343432307243347,0.005694909952580929,0.9972838759422302],"EasingStyle":"Linear","EasingDirection":"In"},"Torso":{"Weight":1,"CFrame":[-0.0193326435983181,0.10103254020214081,0.33388423919677737,0.9999958872795105,-0.00044430734124034643,-0.002865392481908202,0.0004888346884399653,0.9998789429664612,0.015557787381112576,0.002858133055269718,-0.015559124760329724,0.9998748898506165],"EasingStyle":"Linear","EasingDirection":"In"},"HumanoidRootPart":{"Weight":1,"CFrame":[0,0,0,1,0,0,0,1,0,0,0,1],"EasingStyle":"Linear","EasingDirection":"In"},"Left Arm":{"Weight":1,"CFrame":[-0.05355384200811386,0.7084453105926514,0.18253517150878907,-0.8912560343742371,0.056333355605602267,0.44998809695243838,-0.3636986315250397,-0.6815117597579956,-0.635031521320343,0.2708986699581146,-0.7296358346939087,0.62788987159729],"EasingStyle":"Linear","EasingDirection":"In"}}},{"Time":0.20000000298023225,"poses":{"Left Leg":{"Weight":1,"CFrame":[-0.3788799047470093,-0.0738377571105957,0.018010854721069337,0.8430420160293579,-0.5364304780960083,0.039019715040922168,0.5353957414627075,0.8439068794250488,0.03424612432718277,-0.051299694925546649,-0.007979915477335453,0.9986515045166016],"EasingStyle":"Linear","EasingDirection":"In"},"Right Arm":{"Weight":1,"CFrame":[0.06788716465234757,0.72938072681427,0.08605897426605225,-0.8142770528793335,-0.15878520905971528,-0.5583370327949524,0.287232905626297,-0.9460669159889221,-0.14984814822673798,-0.5044305324554443,-0.2823907434940338,0.8159689903259277],"EasingStyle":"Linear","EasingDirection":"In"},"Head":{"Weight":1,"CFrame":[9.96515154838562e-8,2.735760062932968e-9,0,0.9993388056755066,-0.024491513147950174,-0.026872893795371057,0.02216903120279312,0.9962562918663025,-0.08355813473463059,0.028818754479289056,0.08290714025497437,0.9961405396461487],"EasingStyle":"Linear","EasingDirection":"In"},"Right Leg":{"Weight":1,"CFrame":[0.25760868191719057,-0.1477106809616089,0.02638065814971924,0.6710337400436401,0.7388582229614258,-0.06166278198361397,-0.7365882992744446,0.673831045627594,0.05821989104151726,0.08456658571958542,0.006352631840854883,0.9963976740837097],"EasingStyle":"Linear","EasingDirection":"In"},"Torso":{"Weight":1,"CFrame":[-0.011481078341603279,0.10720348358154297,0.3139681816101074,0.9999614357948303,0.008723664097487927,0.0010300936410203577,-0.008745277300477028,0.9996909499168396,0.023271469399333,-0.0008267627563327551,-0.0232795812189579,0.9997286796569824],"EasingStyle":"Linear","EasingDirection":"In"},"HumanoidRootPart":{"Weight":1,"CFrame":[0,0,0,1,0,0,0,1,0,0,0,1],"EasingStyle":"Linear","EasingDirection":"In"},"Left Arm":{"Weight":1,"CFrame":[-0.0676058679819107,0.7477121353149414,0.06829798221588135,-0.8813388347625732,0.1486145555973053,0.4485037326812744,-0.3124275207519531,-0.8954028487205505,-0.31724265217781069,0.3544446527957916,-0.41972312331199648,0.8355845808982849],"EasingStyle":"Linear","EasingDirection":"In"}}},{"Time":0.23333333432674409,"poses":{"Left Leg":{"Weight":1,"CFrame":[-0.17730456590652467,-0.013049125671386719,0.00788259506225586,0.9548094272613525,-0.29463621973991396,0.03909667953848839,0.2937030494213104,0.9554891586303711,0.027912169694900514,-0.0455804318189621,-0.01516797486692667,0.9988455772399902],"EasingStyle":"Linear","EasingDirection":"In"},"Right Arm":{"Weight":1,"CFrame":[0.08081326633691788,0.7630057334899902,-0.15403985977172852,-0.8781817555427551,-0.21237590909004212,-0.42859452962875368,0.18581868708133698,-0.9771238565444946,0.1034427210688591,-0.44075873494148257,0.011200563050806523,0.8975557684898377],"EasingStyle":"Linear","EasingDirection":"In"},"Head":{"Weight":1,"CFrame":[1.0083022061735392e-7,-1.4561464922735468e-8,3.5762786865234377e-7,0.9987916946411133,-0.030906911939382554,-0.038210831582546237,0.027678849175572397,0.9962230920791626,-0.0823008194565773,0.040610171854496,0.08114372193813324,0.99587482213974],"EasingStyle":"Linear","EasingDirection":"In"},"Right Leg":{"Weight":1,"CFrame":[0.3260820806026459,-0.2681528329849243,0.04273092746734619,0.43389028310775759,0.8993608951568604,-0.05375099182128906,-0.8955143094062805,0.4370498061180115,0.08391468226909638,0.09896152466535568,0.011725016869604588,0.995022177696228],"EasingStyle":"Linear","EasingDirection":"In"},"Torso":{"Weight":1,"CFrame":[-0.0041036345064640049,0.10977290570735932,0.25121521949768069,0.9999052286148071,0.013074403628706932,0.004332929849624634,-0.013184684328734875,0.9995623230934143,0.02648324891924858,-0.003984780982136726,-0.026537863537669183,0.9996398687362671],"EasingStyle":"Linear","EasingDirection":"In"},"HumanoidRootPart":{"Weight":1,"CFrame":[0,0,0,1,0,0,0,1,0,0,0,1],"EasingStyle":"Linear","EasingDirection":"In"},"Left Arm":{"Weight":1,"CFrame":[-0.08059526234865189,0.7560229301452637,-0.16283667087554933,-0.8819979429244995,0.22783245146274568,0.4125191569328308,-0.23665504157543183,-0.9711193442344666,0.030358122661709787,0.4075218737125397,-0.0708489716053009,0.9104429483413696],"EasingStyle":"Linear","EasingDirection":"In"}}},{"Time":0.2666666805744171,"poses":{"Left Leg":{"Weight":1,"CFrame":[-0.07286912202835083,0.008504152297973633,0.0029615163803100588,0.9930433630943298,-0.11185729503631592,0.036781154572963718,0.11102136224508286,0.9935272932052612,0.02403975836932659,-0.03923213854432106,-0.01978902332484722,0.9990342259407044],"EasingStyle":"Linear","EasingDirection":"In"},"Right Arm":{"Weight":1,"CFrame":[0.09034934639930725,0.7718515396118164,-0.4089704751968384,-0.9117913246154785,-0.19776654243469239,-0.3598957657814026,0.1391981542110443,-0.973356306552887,0.1822127401828766,-0.3863423764705658,0.11604301631450653,0.9150265455245972],"EasingStyle":"Linear","EasingDirection":"In"},"Head":{"Weight":1,"CFrame":[9.813811630010605e-8,1.7971615307033063e-8,0,0.9981818795204163,-0.03792392462491989,-0.046847742050886157,0.03412460908293724,0.9962590336799622,-0.0793951004743576,0.04968345910310745,0.07765210419893265,0.9957418441772461],"EasingStyle":"Linear","EasingDirection":"In"},"Right Leg":{"Weight":1,"CFrame":[0.35617291927337649,-0.4294995069503784,0.057213425636291507,0.1311047524213791,0.9909025430679321,-0.03039245307445526,-0.9859049916267395,0.13353516161441804,0.10079559683799744,0.10393711924552918,0.016749290749430658,0.9944429397583008],"EasingStyle":"Linear","EasingDirection":"In"},"Torso":{"Weight":1,"CFrame":[0.001797473058104515,0.10836828500032425,0.12023377418518067,0.999885082244873,0.013673856854438782,0.0065459576435387138,-0.013831822201609612,0.9995985627174377,0.024727482348680497,-0.006205209065228701,-0.024815179407596589,0.9996728897094727],"EasingStyle":"Linear","EasingDirection":"In"},"HumanoidRootPart":{"Weight":1,"CFrame":[0,0,0,1,0,0,0,1,0,0,0,1],"EasingStyle":"Linear","EasingDirection":"In"},"Left Arm":{"Weight":1,"CFrame":[-0.0928235650062561,0.7535897493362427,-0.42668837308883669,-0.9046167135238648,0.22566074132919312,0.36158785223960879,-0.15961867570877076,-0.9659730195999146,0.20351487398147584,0.3952094316482544,0.12638671696186067,0.9098548889160156],"EasingStyle":"Linear","EasingDirection":"In"}}},{"Time":0.30000001192092898,"poses":{"Left Leg":{"Weight":1,"CFrame":[-0.2075861543416977,0.029762685298919679,0.007088065147399902,0.9940167665481567,-0.10338744521141052,0.03523940593004227,0.10263416171073914,0.9944634437561035,0.022557351738214494,-0.03737648203969002,-0.0188056118786335,0.9991243481636047],"EasingStyle":"Linear","EasingDirection":"In"},"Right Arm":{"Weight":1,"CFrame":[0.09767965972423554,0.7514138221740723,-0.43214327096939089,-0.9290042519569397,-0.15580932796001435,-0.33567014336586,0.029782719910144807,-0.9355838894844055,0.3518464267253876,-0.36886855959892275,0.3168696165084839,0.8738018870353699],"EasingStyle":"Linear","EasingDirection":"In"},"Head":{"Weight":1,"CFrame":[1.0081566870212555e-7,4.190951585769653e-9,-1.1920928955078126e-7,0.9976773858070374,-0.04350580275058746,-0.05241353064775467,0.03955438360571861,0.9964585304260254,-0.07420246303081513,0.055456146597862247,0.07195693254470825,0.9958648681640625],"EasingStyle":"Linear","EasingDirection":"In"},"Right Leg":{"Weight":1,"CFrame":[0.2892310321331024,-0.5527013540267944,0.05702710151672363,-0.13602706789970399,0.9907051920890808,0.00017780902271624655,-0.9858963489532471,-0.1353844404220581,0.0983838140964508,0.09749346226453781,0.01320753525942564,0.9951485991477966],"EasingStyle":"Linear","EasingDirection":"In"},"Torso":{"Weight":1,"CFrame":[0.006182920187711716,0.1038990244269371,-0.025409221649169923,0.9998682737350464,0.013903354294598103,0.008375635370612145,-0.014061599969863892,0.9997180104255676,0.01914089545607567,-0.008107149973511696,-0.019256148487329484,0.9997817277908325],"EasingStyle":"Linear","EasingDirection":"In"},"HumanoidRootPart":{"Weight":1,"CFrame":[0,0,0,1,0,0,0,1,0,0,0,1],"EasingStyle":"Linear","EasingDirection":"In"},"Left Arm":{"Weight":1,"CFrame":[-0.09926428645849228,0.7336465120315552,-0.4343577027320862,-0.9275490045547485,0.16737382113933564,0.33412399888038638,-0.032621487975120547,-0.926944375038147,0.37377822399139407,0.3722750246524811,0.3357979357242584,0.8652462363243103],"EasingStyle":"Linear","EasingDirection":"In"}}},{"Time":0.3333333432674408,"poses":{"Left Leg":{"Weight":1,"CFrame":[-0.41735926270484927,0.07900196313858032,0.01280367374420166,0.9759693741798401,-0.21519000828266145,0.03430861234664917,0.21440964937210084,0.9764227867126465,0.025041453540325166,-0.03888840973377228,-0.017083587124943734,0.9990975856781006],"EasingStyle":"Linear","EasingDirection":"In"},"Right Arm":{"Weight":1,"CFrame":[0.10078904777765274,0.7173517942428589,-0.4354536533355713,-0.9350540637969971,-0.13020293414592744,-0.3297289311885834,-0.03835265338420868,-0.8874968886375427,0.45921486616134646,-0.3524245619773865,0.44203662872314455,0.8248639106750488],"EasingStyle":"Linear","EasingDirection":"In"},"Head":{"Weight":1,"CFrame":[1.069856807589531e-7,5.471520125865936e-9,1.1920928955078126e-7,0.9974693655967712,-0.04563561826944351,-0.0545191690325737,0.04200040549039841,0.9969314932823181,-0.06605862826108933,0.057366497814655307,0.06360163539648056,0.9963251948356628],"EasingStyle":"Linear","EasingDirection":"In"},"Right Leg":{"Weight":1,"CFrame":[0.20641401410102845,-0.5914251804351807,0.0512467622756958,-0.27571842074394228,0.9610850811004639,0.017172042280435563,-0.9570059180259705,-0.2761351466178894,0.08882076293230057,0.09010617434978485,0.00805576890707016,0.9958996772766113],"EasingStyle":"Linear","EasingDirection":"In"},"Torso":{"Weight":1,"CFrame":[0.00920136272907257,0.09593220055103302,-0.10258316993713379,0.9998445510864258,0.013966147787868977,0.010763399302959443,-0.014065195806324482,0.9998590350151062,0.00918236467987299,-0.010633638128638268,-0.009332327172160149,0.9998999238014221],"EasingStyle":"Linear","EasingDirection":"In"},"HumanoidRootPart":{"Weight":1,"CFrame":[0,0,0,1,0,0,0,1,0,0,0,1],"EasingStyle":"Linear","EasingDirection":"In"},"Left Arm":{"Weight":1,"CFrame":[-0.10078904777765274,0.7173521518707275,-0.4354534149169922,-0.9350540637969971,0.13020287454128266,0.3297289311885834,0.038352515548467639,-0.887497067451477,0.4592147767543793,0.35242459177970889,0.442036509513855,0.8248639702796936],"EasingStyle":"Linear","EasingDirection":"In"}}},{"Time":0.36666667461395266,"poses":{"Left Leg":{"Weight":1,"CFrame":[-0.28733086585998537,0.053108930587768558,0.008489608764648438,0.9915502071380615,-0.12543414533138276,0.03308555483818054,0.12452689558267594,0.9918155074119568,0.028195589780807496,-0.03635150194168091,-0.023837333545088769,0.9990547895431519],"EasingStyle":"Linear","EasingDirection":"In"},"Right Arm":{"Weight":1,"CFrame":[0.0981936901807785,0.7009942531585693,-0.3595566749572754,-0.916159451007843,-0.13533970713615418,-0.3772730529308319,-0.01773885451257229,-0.9266541600227356,0.37549638748168948,-0.4004211723804474,0.3507068455219269,0.8465621471405029],"EasingStyle":"Linear","EasingDirection":"In"},"Head":{"Weight":1,"CFrame":[1.0558869689702988e-7,1.664739102125168e-8,3.5762786865234377e-7,0.9976562857627869,-0.04450104758143425,-0.05197615921497345,0.04164907708764076,0.9976326823234558,-0.054721884429454806,0.05428828299045563,0.05242886766791344,0.9971479773521423],"EasingStyle":"Linear","EasingDirection":"In"},"Right Leg":{"Weight":1,"CFrame":[0.21174734830856324,-0.5713039636611939,0.04690587520599365,-0.23489165306091309,0.9719576835632324,0.0111441221088171,-0.968456506729126,-0.23499572277069093,0.08288026601076126,0.08317498862743378,0.008675238117575646,0.9964972734451294],"EasingStyle":"Linear","EasingDirection":"In"},"Torso":{"Weight":1,"CFrame":[0.011253990232944489,0.08559634536504746,-0.020941734313964845,0.9998349547386169,0.011580580845475197,0.013999794609844685,-0.011529308743774891,0.9999265670776367,-0.0037374477833509447,-0.014042048715054989,0.003575422801077366,0.9998950362205505],"EasingStyle":"Linear","EasingDirection":"In"},"HumanoidRootPart":{"Weight":1,"CFrame":[0,0,0,1,0,0,0,1,0,0,0,1],"EasingStyle":"Linear","EasingDirection":"In"},"Left Arm":{"Weight":1,"CFrame":[-0.09861771762371063,0.7231390476226807,-0.3650224208831787,-0.9265776872634888,0.13503219187259675,0.3510274589061737,0.017641503363847734,-0.9166949391365051,0.39919841289520266,0.3756897449493408,0.3760809600353241,0.8470066785812378],"EasingStyle":"Linear","EasingDirection":"In"}}},{"Time":0.4000000059604645,"poses":{"Left Leg":{"Weight":1,"CFrame":[0.011154746636748314,0.01543283462524414,-0.0003427863121032715,0.9983412623405457,0.04836942255496979,0.031229212880134584,-0.04931981489062309,0.9983198642730713,0.030414454638957979,-0.029705649241805078,-0.031904228031635287,0.9990494251251221],"EasingStyle":"Linear","EasingDirection":"In"},"Right Arm":{"Weight":1,"CFrame":[0.0910392552614212,0.6954866647720337,-0.1774032711982727,-0.8648684024810791,-0.13184919953346253,-0.48437437415122988,0.06238888204097748,-0.98564213514328,0.156899094581604,-0.49810680747032168,0.10547737032175064,0.8606765866279602],"EasingStyle":"Linear","EasingDirection":"In"},"Head":{"Weight":1,"CFrame":[9.327777661383152e-8,9.051291272044182e-9,3.5762786865234377e-7,0.9981207847595215,-0.041966550052165988,-0.04465154558420181,0.040117185562849048,0.9983312487602234,-0.04153764247894287,0.046320218592882159,0.039668288081884387,0.9981387257575989],"EasingStyle":"Linear","EasingDirection":"In"},"Right Leg":{"Weight":1,"CFrame":[0.3083837330341339,-0.546272873878479,0.04903054237365723,-0.08935979753732681,0.995943009853363,-0.010602547787129879,-0.9928460717201233,-0.08822537958621979,0.08045423775911331,0.07919248193502426,0.017716066911816598,0.9967019557952881],"EasingStyle":"Linear","EasingDirection":"In"},"Torso":{"Weight":1,"CFrame":[0.011246472597122193,0.08021016418933869,0.12201857566833496,0.9998539090156555,0.006593963131308556,0.015776576474308969,-0.0064292228780686859,0.9999245405197144,-0.010470175184309483,-0.015844427049160005,0.010367213748395443,0.9998207092285156],"EasingStyle":"Linear","EasingDirection":"In"},"HumanoidRootPart":{"Weight":1,"CFrame":[0,0,0,1,0,0,0,1,0,0,0,1],"EasingStyle":"Linear","EasingDirection":"In"},"Left Arm":{"Weight":1,"CFrame":[-0.09226390719413758,0.7358695268630981,-0.19329136610031129,-0.8999491930007935,0.1476832926273346,0.4102207124233246,-0.054322291165590289,-0.9715339541435242,0.2305883914232254,0.4325973689556122,0.18523362278938294,0.882353663444519],"EasingStyle":"Linear","EasingDirection":"In"}}},{"Time":0.4333333373069763,"poses":{"Left Leg":{"Weight":1,"CFrame":[-0.09853282570838928,0.013370752334594727,0.003085017204284668,0.9930980801582336,-0.11321166902780533,0.0306497011333704,0.11224717646837235,0.9931793808937073,0.03155043348670006,-0.0340125598013401,-0.027892304584383966,0.9990321397781372],"EasingStyle":"Linear","EasingDirection":"In"},"Right Arm":{"Weight":1,"CFrame":[0.08027306944131851,0.6844310760498047,0.04270017147064209,-0.7994114756584168,-0.10037650167942047,-0.5923395156860352,0.2126820981502533,-0.9693789482116699,-0.12276352196931839,-0.5618786811828613,-0.22411873936653138,0.7962807416915894],"EasingStyle":"Linear","EasingDirection":"In"},"Head":{"Weight":1,"CFrame":[9.742507245391607e-8,1.6410922398790718e-8,5.960464477539063e-7,0.9986886978149414,-0.0385281927883625,-0.0337144136428833,0.037582919001579288,0.9988945126533508,-0.028236523270606996,0.03476504608988762,0.026932403445243837,0.9990326166152954],"EasingStyle":"Linear","EasingDirection":"In"},"Right Leg":{"Weight":1,"CFrame":[0.4521459937095642,-0.48132216930389407,0.0549243688583374,0.11928803473711014,0.9921619296073914,-0.037219077348709109,-0.9897087812423706,0.12181012332439423,0.0750931054353714,0.07903826236724854,0.027878303080797197,0.996481716632843],"EasingStyle":"Linear","EasingDirection":"In"},"Torso":{"Weight":1,"CFrame":[0.007164411246776581,0.08449703454971314,0.24060487747192384,0.9999105930328369,0.0017771810526028276,0.013255220837891102,-0.0017095525981858373,0.9999855756759644,-0.005111593287438154,-0.01326411310583353,0.005088475998491049,0.9998990893363953],"EasingStyle":"Linear","EasingDirection":"In"},"HumanoidRootPart":{"Weight":1,"CFrame":[0,0,0,1,0,0,0,1,0,0,0,1],"EasingStyle":"Linear","EasingDirection":"In"},"Left Arm":{"Weight":1,"CFrame":[-0.08196769654750824,0.7486010789871216,0.020397424697875978,-0.8500978946685791,0.15883564949035645,0.5021004676818848,-0.19649796187877656,-0.9802439212799072,-0.022594494745135309,0.48859211802482607,-0.11786926537752152,0.8645141124725342],"EasingStyle":"Linear","EasingDirection":"In"}}},{"Time":0.46666666865348818,"poses":{"Left Leg":{"Weight":1,"CFrame":[-0.21325844526290894,-0.022859692573547365,0.007998943328857422,0.9349778890609741,-0.3533051908016205,0.03149517625570297,0.35231590270996096,0.935299813747406,0.032981209456920627,-0.041109900921583179,-0.01974046789109707,0.9989596605300903],"EasingStyle":"Linear","EasingDirection":"In"},"Right Arm":{"Weight":1,"CFrame":[0.06684255599975586,0.6514283418655396,0.23244774341583253,-0.7531505227088928,-0.06618163734674454,-0.6545108556747437,0.39362984895706179,-0.8425000905990601,-0.36776241660118105,-0.5270861983299255,-0.5346155762672424,0.6605803966522217],"EasingStyle":"Linear","EasingDirection":"In"},"Head":{"Weight":1,"CFrame":[1.0349322110414505e-7,-4.532921593636274e-9,2.384185791015625e-7,0.9991930723190308,-0.034624069929122928,-0.020358871668577195,0.034289564937353137,0.9992747902870178,-0.016556374728679658,0.020917357876896859,0.0158449187874794,0.9996556639671326],"EasingStyle":"Linear","EasingDirection":"In"},"Right Leg":{"Weight":1,"CFrame":[0.5435610413551331,-0.34446561336517336,0.05399608612060547,0.37928736209869387,0.9235226511955261,-0.056982431560754779,-0.9219589233398438,0.38242146372795107,0.061202727258205417,0.07831347733736038,0.029322007670998575,0.9964975118637085],"EasingStyle":"Linear","EasingDirection":"In"},"Torso":{"Weight":1,"CFrame":[-0.00044723786413669586,0.09466315805912018,0.3114192485809326,0.9999732375144959,-0.0025278751272708179,0.006868296302855015,0.0024756889324635269,0.9999681115150452,0.007596055511385202,-0.00688727805390954,-0.007578846998512745,0.9999476671218872],"EasingStyle":"Linear","EasingDirection":"In"},"HumanoidRootPart":{"Weight":1,"CFrame":[0,0,0,1,0,0,0,1,0,0,0,1],"EasingStyle":"Linear","EasingDirection":"In"},"Left Arm":{"Weight":1,"CFrame":[-0.06796927005052567,0.7543878555297852,0.21670126914978028,-0.7709880471229553,0.1557408720254898,0.6175130009651184,-0.4096166789531708,-0.8637259602546692,-0.2935841977596283,0.487638920545578,-0.47929346561431887,0.729716420173645],"EasingStyle":"Linear","EasingDirection":"In"}}},{"Time":0.5,"poses":{"Left Leg":{"Weight":1,"CFrame":[-0.23458623886108399,-0.0781550407409668,0.011350870132446289,0.8302900791168213,-0.5563417673110962,0.03320237249135971,0.5552268624305725,0.8308579325675964,0.03739384561777115,-0.04839023947715759,-0.012612908147275448,0.9987488985061646],"EasingStyle":"Linear","EasingDirection":"In"},"Right Arm":{"Weight":1,"CFrame":[0.05178583040833473,0.5732507705688477,0.3464994430541992,-0.7103593349456787,-0.05929289013147354,-0.7013372182846069,0.5680927634239197,-0.6365697383880615,-0.5215836763381958,-0.4155239164829254,-0.7689365148544312,0.48587724566459658],"EasingStyle":"Linear","EasingDirection":"In"},"Head":{"Weight":1,"CFrame":[1.0454095900058746e-7,2.8601789381355048e-8,2.384185791015625e-7,0.9995145201683044,-0.030614098533988,-0.005807942245155573,0.03056582435965538,0.9994989633560181,-0.008226863108575344,0.006056891288608313,0.008045345544815064,0.9999493360519409],"EasingStyle":"Linear","EasingDirection":"In"},"Right Leg":{"Weight":1,"CFrame":[0.5152743458747864,-0.19206678867340089,0.043175339698791507,0.6350385546684265,0.7698684334754944,-0.06347209215164185,-0.7687551975250244,0.637898862361908,0.045831531286239627,0.07577311247587204,0.019689708948135377,0.9969307780265808],"EasingStyle":"Linear","EasingDirection":"In"},"Torso":{"Weight":1,"CFrame":[-0.009893497452139855,0.10676729679107666,0.33377695083618166,0.9999770522117615,-0.006610183976590633,-0.0014961411943659187,0.006642485037446022,0.9997196793556213,0.02272624336183071,0.001345497090369463,-0.022735659033060075,0.9997406005859375],"EasingStyle":"Linear","EasingDirection":"In"},"HumanoidRootPart":{"Weight":1,"CFrame":[0,0,0,1,0,0,0,1,0,0,0,1],"EasingStyle":"Linear","EasingDirection":"In"},"Left Arm":{"Weight":1,"CFrame":[-0.05091594532132149,0.6684646606445313,0.3493955135345459,-0.6614976525306702,0.12672582268714906,0.7391626834869385,-0.6462200880050659,-0.5964615345001221,-0.4760601222515106,0.3805529773235321,-0.7925743460655212,0.47645074129104617],"EasingStyle":"Linear","EasingDirection":"In"}}},{"Time":0.5333333611488342,"poses":{"Left Leg":{"Weight":1,"CFrame":[-0.26081034541130068,-0.15198397636413575,0.015530824661254883,0.6704186201095581,-0.74136883020401,0.03018755465745926,0.7400244474411011,0.6710494756698608,0.04534804821014404,-0.053877025842666629,-0.008062627166509629,0.9985151290893555],"EasingStyle":"Linear","EasingDirection":"In"},"Right Arm":{"Weight":1,"CFrame":[0.03650429844856262,0.456853985786438,0.40165138244628909,-0.6378406882286072,-0.05838455632328987,-0.7679522633552551,0.7231613397598267,-0.38842377066612246,-0.5711081624031067,-0.2649470865726471,-0.9196293950080872,0.2899739742279053],"EasingStyle":"Linear","EasingDirection":"In"},"Head":{"Weight":1,"CFrame":[1.0419171303510666e-7,2.8318027034401895e-8,-1.1920928955078126e-7,0.9996035695075989,-0.02677924931049347,0.008692365139722824,0.026823017746210099,0.999627947807312,-0.004958645440638065,-0.00855634082108736,0.005189837887883186,0.9999499917030335],"EasingStyle":"Linear","EasingDirection":"In"},"Right Leg":{"Weight":1,"CFrame":[0.3723677396774292,-0.07922792434692383,0.027542471885681154,0.8311306834220886,0.5525640845298767,-0.06240895763039589,-0.5513493418693543,0.8334617018699646,0.0368167869746685,0.07235918194055557,0.003809519112110138,0.9973714351654053],"EasingStyle":"Linear","EasingDirection":"In"},"Torso":{"Weight":1,"CFrame":[-0.01944991946220398,0.11687403172254563,0.313645601272583,0.999891996383667,-0.010860048234462738,-0.0099131865426898,0.011204313486814499,0.9993118643760681,0.03535965830087662,0.00952235795557499,-0.03546690568327904,0.9993255138397217],"EasingStyle":"Linear","EasingDirection":"In"},"HumanoidRootPart":{"Weight":1,"CFrame":[0,0,0,1,0,0,0,1,0,0,0,1],"EasingStyle":"Linear","EasingDirection":"In"},"Left Arm":{"Weight":1,"CFrame":[-0.03308391943573952,0.4771168828010559,0.4247276782989502,-0.5402044057846069,0.06491236388683319,0.839026689529419,-0.8191595673561096,-0.2689380645751953,-0.5066062211990356,0.19276116788387299,-0.9609676003456116,0.19845512509346009],"EasingStyle":"Linear","EasingDirection":"In"}}},{"Time":0.5666666626930237,"poses":{"Left Leg":{"Weight":1,"CFrame":[-0.3378673791885376,-0.288433313369751,0.0159151554107666,0.43114498257637026,-0.9022437334060669,0.008395308628678322,0.9012604355812073,0.4310806393623352,0.043581780046224597,-0.04294047877192497,-0.011223675683140755,0.9990146160125732],"EasingStyle":"Linear","EasingDirection":"In"},"Right Arm":{"Weight":1,"CFrame":[0.02248995751142502,0.3311161994934082,0.4228018522262573,-0.5451974868774414,-0.05940595641732216,-0.8362000584602356,0.8321881890296936,-0.15865783393383027,-0.5313103199005127,-0.10110682249069214,-0.9855448007583618,0.13593685626983643],"EasingStyle":"Linear","EasingDirection":"In"},"Head":{"Weight":1,"CFrame":[9.96515154838562e-8,5.471520125865936e-9,-1.1920928955078126e-7,0.9994877576828003,-0.023340092971920968,0.02189694344997406,0.023497341200709344,0.9996997714042664,-0.006951531860977411,-0.021728120744228364,0.007462484762072563,0.9997361302375794],"EasingStyle":"Linear","EasingDirection":"In"},"Right Leg":{"Weight":1,"CFrame":[0.1886478066444397,-0.016202569007873536,0.013261079788208008,0.9440122246742249,0.32422909140586855,-0.06096377223730087,-0.32276806235313418,0.9459121823310852,0.03272764012217522,0.06827768683433533,-0.011218211613595486,0.9976033568382263],"EasingStyle":"Linear","EasingDirection":"In"},"Torso":{"Weight":1,"CFrame":[-0.027366746217012407,0.12106408178806305,0.2507357597351074,0.9997403025627136,-0.015795238316059114,-0.01642630808055401,0.016451211646199228,0.9990402460098267,0.04059722647070885,0.015769297257065774,-0.04085691645741463,0.9990406632423401],"EasingStyle":"Linear","EasingDirection":"In"},"HumanoidRootPart":{"Weight":1,"CFrame":[0,0,0,1,0,0,0,1,0,0,0,1],"EasingStyle":"Linear","EasingDirection":"In"},"Left Arm":{"Weight":1,"CFrame":[-0.017156589776277543,0.27998268604278567,0.46206235885620119,-0.4300820529460907,-0.0017503158887848259,0.9027881622314453,-0.9025488495826721,-0.022269662469625474,-0.43001124262809756,0.020857347175478936,-0.9997504949569702,0.007998168468475342],"EasingStyle":"Linear","EasingDirection":"In"}}},{"Time":0.6000000238418579,"poses":{"Left Leg":{"Weight":1,"CFrame":[-0.37942615151405337,-0.47350263595581057,0.00044524669647216797,0.12624141573905946,-0.9916418790817261,-0.026637189090251924,0.9918338060379028,0.1256839483976364,0.02166195958852768,-0.018133072182536126,-0.029154306277632715,0.9994105100631714],"EasingStyle":"Linear","EasingDirection":"In"},"Right Arm":{"Weight":1,"CFrame":[0.01123493816703558,0.22491413354873658,0.4348487854003906,-0.4535345137119293,-0.08194144815206528,-0.8874638676643372,0.8910641074180603,-0.021979406476020814,-0.4533449709415436,0.017641736194491388,-0.9963948130607605,0.08298359811306],"EasingStyle":"Linear","EasingDirection":"In"},"Head":{"Weight":1,"CFrame":[1.0360963642597199e-7,3.387685865163803e-8,-5.960464477539063e-7,0.9992560148239136,-0.020487841218709947,0.03267580643296242,0.02091631479561329,0.999699056148529,-0.012825682759284974,-0.03240319713950157,0.013499599881470204,0.999383807182312],"EasingStyle":"Linear","EasingDirection":"In"},"Right Leg":{"Weight":1,"CFrame":[0.10785457491874695,0.008084774017333985,0.007612824440002441,0.9858203530311585,0.15599919855594636,-0.061826515942811969,-0.1545214056968689,0.9875916838645935,0.028033433482050897,0.06543262302875519,-0.01808246038854122,0.9976931810379028],"EasingStyle":"Linear","EasingDirection":"In"},"Torso":{"Weight":1,"CFrame":[-0.03177381306886673,0.11805249750614166,0.11980748176574707,0.9995927810668945,-0.021245785057544709,-0.019049115478992463,0.021936817094683648,0.9990806579589844,0.03683273866772652,0.018249059095978738,-0.03723561391234398,0.9991399645805359],"EasingStyle":"Linear","EasingDirection":"In"},"HumanoidRootPart":{"Weight":1,"CFrame":[0,0,0,1,0,0,0,1,0,0,0,1],"EasingStyle":"Linear","EasingDirection":"In"},"Left Arm":{"Weight":1,"CFrame":[-0.005817295052111149,0.17669379711151124,0.48076510429382326,-0.3372761607170105,-0.03234412893652916,0.940850019454956,-0.9400284886360169,0.06561073660850525,-0.3347262144088745,-0.05090348422527313,-0.9973210692405701,-0.05253330245614052],"EasingStyle":"Linear","EasingDirection":"In"}}},{"Time":0.6333333253860474,"poses":{"Left Leg":{"Weight":1,"CFrame":[-0.3093588054180145,-0.6046093702316284,-0.00812464952468872,-0.14380168914794923,-0.9885721802711487,-0.045233748853206637,0.9894887208938599,-0.1443396359682083,0.008842396549880505,-0.015270407311618328,-0.04348675534129143,0.9989373683929443],"EasingStyle":"Linear","EasingDirection":"In"},"Right Arm":{"Weight":1,"CFrame":[0.0040555708