{"Sequence":[{"Time":0,"poses":{"Left Leg":{"Weight":1,"CFrame":[-0.5228383541107178,0.43040990829467776,0.21315062046051026,0.8928855061531067,-0.2706466615200043,0.35986924171447756,0.2690087854862213,0.9615265130996704,0.05568651109933853,-0.3610951602458954,0.047086335718631747,0.93133944272995],"EasingStyle":"Linear","EasingDirection":"Out"},"Right Arm":{"Weight":1,"CFrame":[0.33237236738204958,-0.4112474322319031,-0.11387902498245239,0.32791128754615786,-0.6468760371208191,0.6884952187538147,0.9310809373855591,0.3446347415447235,-0.11964655667543411,-0.1598827987909317,0.6802780628204346,0.7153034210205078],"EasingStyle":"Linear","EasingDirection":"Out"},"Left Arm":{"Weight":1,"CFrame":[-0.3803802728652954,-0.395783394575119,-0.025454282760620118,0.3416283130645752,0.8841782212257385,-0.3186205327510834,-0.9397211074829102,0.31607696413993838,-0.13045896589756013,-0.014640365727245808,0.3439828157424927,0.9388617873191834],"EasingStyle":"Linear","EasingDirection":"Out"},"Head":{"Weight":1,"CFrame":[9.12696123123169e-8,-5.21540641784668e-8,-1.7881393432617188e-7,0.9563896059989929,-0.28236624598503115,0.07475416362285614,0.280954509973526,0.9592831134796143,0.028991587460041047,-0.07989666610956192,-0.006724740844219923,0.9967804551124573],"EasingStyle":"Linear","EasingDirection":"Out"},"Torso":{"Weight":1,"CFrame":[1.4901161193847657e-8,8.940696716308594e-8,-0.4458293914794922,0.9623479247093201,0.26271483302116396,-0.06976639479398728,-0.26839473843574526,0.959008514881134,-0.09092267602682114,0.04301983863115311,0.1062241792678833,0.993411123752594],"EasingStyle":"Linear","EasingDirection":"Out"},"HumanoidRootPart":{"Weight":1,"CFrame":[0,0,0,1,0,0,0,1,0,0,0,1],"EasingStyle":"Linear","EasingDirection":"In"},"Right Leg":{"Weight":1,"CFrame":[0.8367449045181274,0.1959679126739502,-0.08493167161941529,0.7893837094306946,0.6114986538887024,0.0542471744120121,-0.595759928226471,0.7417390942573547,0.3080475330352783,0.14813342690467835,-0.2754859924316406,0.9498231410980225],"EasingStyle":"Linear","EasingDirection":"Out"}}},{"Time":0.03333333507180214,"poses":{"Left Leg":{"Weight":1,"CFrame":[-0.5683808326721191,0.59873366355896,0.07516813278198242,0.9405314922332764,-0.20807577669620515,0.2685236930847168,0.16284707188606263,0.9698776006698608,0.18115805089473725,-0.29812973737716677,-0.12665659189224244,0.9460849761962891],"EasingStyle":"Linear","EasingDirection":"Out"},"Right Arm":{"Weight":1,"CFrame":[0.40020841360092165,-0.29347825050354006,-0.07450121641159058,0.04194849729537964,-0.8063156008720398,0.5899962782859802,0.9588094353675842,0.19853085279464723,0.20315013825893403,-0.28093549609184267,0.5571720004081726,0.7814310193061829],"EasingStyle":"Linear","EasingDirection":"Out"},"Left Arm":{"Weight":1,"CFrame":[-0.4150068461894989,-0.24878671765327454,0.0017207860946655274,0.0897253230214119,0.9583393931388855,-0.2711733877658844,-0.9859825968742371,0.12392519414424896,0.1117175817489624,0.140668585896492,0.2573482394218445,0.9560251832008362],"EasingStyle":"Linear","EasingDirection":"Out"},"Head":{"Weight":1,"CFrame":[7.916241884231568e-8,-6.984919309616089e-10,-2.980232238769531e-7,0.9899510741233826,-0.1414099931716919,0.0002921084233094007,0.1412874460220337,0.9891749620437622,0.03963208198547363,-0.005893323104828596,-0.03919253870844841,0.9992142915725708],"EasingStyle":"Linear","EasingDirection":"Out"},"Torso":{"Weight":1,"CFrame":[-0.02338070422410965,-0.000003993511199951172,-0.4794580936431885,0.9923370480537415,0.12346793711185456,0.004785709083080292,-0.12220107018947602,0.9864115118980408,-0.10981465131044388,-0.018279263749718667,0.10838831961154938,0.993940532207489],"EasingStyle":"Linear","EasingDirection":"Out"},"HumanoidRootPart":{"Weight":1,"CFrame":[0,0,0,1,0,0,0,1,0,0,0,1],"EasingStyle":"Linear","EasingDirection":"In"},"Right Leg":{"Weight":1,"CFrame":[0.8147383332252502,0.05462068319320679,-0.005819499492645264,0.7339003682136536,0.6792472004890442,0.003653860418125987,-0.6733678579330444,0.7268201112747192,0.1353083848953247,0.08925221115350723,-0.10176331549882889,0.9907968044281006],"EasingStyle":"Linear","EasingDirection":"Out"}}},{"Time":0.06666667014360428,"poses":{"Left Leg":{"Weight":1,"CFrame":[-0.6334865093231201,0.632362961769104,-0.014159440994262696,0.9639068841934204,-0.2051839679479599,0.1696557104587555,0.1652202159166336,0.9606795907020569,0.22315244376659394,-0.20877210795879365,-0.18706759810447694,0.9599062204360962],"EasingStyle":"Linear","EasingDirection":"Out"},"Right Arm":{"Weight":1,"CFrame":[0.42655664682388308,-0.13171160221099854,-0.06292426586151123,-0.27690160274505618,-0.8620351552963257,0.4245244264602661,0.8856448531150818,-0.0575655996799469,0.4607812166213989,-0.37277159094810488,0.5035688877105713,0.7793970108032227],"EasingStyle":"Linear","EasingDirection":"Out"},"Left Arm":{"Weight":1,"CFrame":[-0.413673460483551,-0.0993829071521759,-0.03304433822631836,-0.19938503205776215,0.9426009654998779,-0.2678602337837219,-0.9072238802909851,-0.07424234598875046,0.4140445291996002,0.37039220333099368,0.3255634307861328,0.8699528574943543],"EasingStyle":"Linear","EasingDirection":"Out"},"Head":{"Weight":1,"CFrame":[6.58910721540451e-8,-2.1478626877069474e-8,2.384185791015625e-7,0.9989728331565857,-0.03515604883432388,-0.028588859364390374,0.03638829290866852,0.9983778595924377,0.04378969594836235,0.027003010734915735,-0.044785019010305408,0.9986316561698914],"EasingStyle":"Linear","EasingDirection":"Out"},"Torso":{"Weight":1,"CFrame":[-0.0015881061553955079,-0.000016003847122192384,-0.4937152862548828,0.9990779757499695,0.020741812884807588,0.03758910298347473,-0.01759379729628563,0.9964584708213806,-0.08222537487745285,-0.03916148468852043,0.0814882293343544,0.9959046244621277],"EasingStyle":"Linear","EasingDirection":"Out"},"HumanoidRootPart":{"Weight":1,"CFrame":[0,0,0,1,0,0,0,1,0,0,0,1],"EasingStyle":"Linear","EasingDirection":"In"},"Right Leg":{"Weight":1,"CFrame":[0.734846293926239,-0.04306340217590332,0.07539749145507813,0.6698384881019592,0.7370810508728027,-0.0895986333489418,-0.7302149534225464,0.6758018732070923,0.1003885269165039,0.1345454752445221,-0.00181788788177073,0.99090576171875],"EasingStyle":"Linear","EasingDirection":"Out"}}},{"Time":0.10000000149011612,"poses":{"Left Leg":{"Weight":1,"CFrame":[-0.6901438236236572,0.5932108163833618,-0.04533940553665161,0.9687495827674866,-0.22978545725345612,0.09339658170938492,0.2071729302406311,0.956638514995575,0.2047490030527115,-0.13639511168003083,-0.17900118231773377,0.9743484854698181],"EasingStyle":"Linear","EasingDirection":"Out"},"Right Arm":{"Weight":1,"CFrame":[0.40459227561950686,0.03443455696105957,-0.07511025667190552,-0.5569754242897034,-0.7969739437103272,0.23368994891643525,0.7212304472923279,-0.32461103796958926,0.6119267344474793,-0.4118312895298004,0.509372353553772,0.7556021809577942],"EasingStyle":"Linear","EasingDirection":"Out"},"Left Arm":{"Weight":1,"CFrame":[-0.3915844261646271,0.0420566201210022,-0.07554411888122559,-0.4428032636642456,0.874973475933075,-0.19582314789295197,-0.7624176144599915,-0.2525014877319336,0.5957873463630676,0.4718523919582367,0.4131155014038086,0.7789035439491272],"EasingStyle":"Linear","EasingDirection":"Out"},"Head":{"Weight":1,"CFrame":[9.569339454174042e-8,7.450580596923828e-9,0,0.9993809461593628,0.02207309938967228,-0.027395008131861688,-0.020351406186819078,0.9978928565979004,0.061608847230672839,0.0286971814930439,-0.06101318076252937,0.9977243542671204],"EasingStyle":"Linear","EasingDirection":"Out"},"Torso":{"Weight":1,"CFrame":[0.0363544225692749,-0.000035896897315979007,-0.48161816596984866,0.9986943602561951,-0.0325787328183651,0.03934694826602936,0.034585583955049518,0.9980765581130981,-0.05144885554909706,-0.03759513050317764,0.05274251848459244,0.9979001879692078],"EasingStyle":"Linear","EasingDirection":"Out"},"HumanoidRootPart":{"Weight":1,"CFrame":[0,0,0,1,0,0,0,1,0,0,0,1],"EasingStyle":"Linear","EasingDirection":"In"},"Right Leg":{"Weight":1,"CFrame":[0.6369608640670776,-0.0675351619720459,0.13747763633728028,0.623364269733429,0.7624820470809937,-0.17331483960151673,-0.7484862804412842,0.6459906697273254,0.1498812735080719,0.22624167799949647,0.03629307076334953,0.9733948707580566],"EasingStyle":"Linear","EasingDirection":"Out"}}},{"Time":0.13333334028720857,"poses":{"Left Leg":{"Weight":1,"CFrame":[-0.7248523831367493,0.5290966033935547,-0.06229180097579956,0.9733835458755493,-0.22862312197685243,0.015998896211385728,0.22377867996692658,0.963184654712677,0.14899106323719026,-0.04947274550795555,-0.14144520461559297,0.9887090921401978],"EasingStyle":"Linear","EasingDirection":"Out"},"Right Arm":{"Weight":1,"CFrame":[0.34969884157180788,0.17926150560379029,-0.09596365690231323,-0.7584559917449951,-0.649588942527771,0.05271357670426369,0.5078263282775879,-0.5383606553077698,0.6725177764892578,-0.408481240272522,0.5368444323539734,0.7382012605667114],"EasingStyle":"Linear","EasingDirection":"Out"},"Left Arm":{"Weight":1,"CFrame":[-0.36251354217529299,0.1843436360359192,-0.09152942895889282,-0.6096962094306946,0.7898909449577332,-0.06590025871992111,-0.630458652973175,-0.43288007378578188,0.6443111300468445,0.480408638715744,0.43438124656677248,0.761918842792511],"EasingStyle":"Linear","EasingDirection":"Out"},"Head":{"Weight":1,"CFrame":[1.0384246706962586e-7,7.450580596923828e-9,-4.172325134277344e-7,0.9976596832275391,0.0678417757153511,-0.008520730771124363,-0.06660458445549011,0.9924277663230896,0.10320333391427994,0.015457705594599247,-0.10239426791667938,0.9946237802505493],"EasingStyle":"Linear","EasingDirection":"Out"},"Torso":{"Weight":1,"CFrame":[0.08452075719833374,-0.00006341934204101563,-0.4496612548828125,0.9968591928482056,-0.07465676218271256,0.026422850787639619,0.07562316954135895,0.9964239597320557,-0.037689369171857837,-0.02351459488272667,0.03956916928291321,0.998940110206604],"EasingStyle":"Linear","EasingDirection":"Out"},"HumanoidRootPart":{"Weight":1,"CFrame":[0,0,0,1,0,0,0,1,0,0,0,1],"EasingStyle":"Linear","EasingDirection":"In"},"Right Leg":{"Weight":1,"CFrame":[0.5236800312995911,-0.03125882148742676,0.1866762638092041,0.6006240248680115,0.7561492919921875,-0.2597866952419281,-0.7205833792686462,0.652729332447052,0.23388850688934327,0.3464251160621643,0.046718861907720569,0.9369135499000549],"EasingStyle":"Linear","EasingDirection":"Out"}}},{"Time":0.1666666716337204,"poses":{"Left Leg":{"Weight":1,"CFrame":[-0.7461483478546143,0.4497009515762329,-0.09372860193252564,0.975024402141571,-0.20693008601665498,-0.08066846430301666,0.2132992297410965,0.9736679196357727,0.0804622545838356,0.06189420446753502,-0.09565918892621994,0.9934880137443543],"EasingStyle":"Linear","EasingDirection":"Out"},"Right Arm":{"Weight":1,"CFrame":[0.2833845019340515,0.29463446140289309,-0.11570775508880615,-0.876043975353241,-0.4736518859863281,-0.09055958688259125,0.2973896563053131,-0.6784712076187134,0.6717410087585449,-0.37961345911026,0.5615431666374207,0.7352298498153687],"EasingStyle":"Linear","EasingDirection":"Out"},"Left Arm":{"Weight":1,"CFrame":[-0.32468003034591677,0.30988574028015139,-0.10731303691864014,-0.729075014591217,0.6829020977020264,0.04576469957828522,-0.49407270550727847,-0.5713925957679749,0.6552882194519043,0.4736472964286804,0.4551430642604828,0.7539913654327393],"EasingStyle":"Linear","EasingDirection":"Out"},"Head":{"Weight":1,"CFrame":[8.754432201385498e-8,1.30385160446167e-8,3.5762786865234377e-7,0.991561233997345,0.1274961233139038,0.02347462624311447,-0.12957759201526643,0.9802882671356201,0.14914605021476746,-0.003996354527771473,-0.15092922747135163,0.9885364770889282],"EasingStyle":"Linear","EasingDirection":"Out"},"Torso":{"Weight":1,"CFrame":[0.13588695228099824,-0.00009840726852416992,-0.40261387825012209,0.9910368323326111,-0.13339543342590333,0.007186225615441799,0.13354958593845368,0.9906153678894043,-0.02908158302307129,-0.0032394342124462129,0.029780639335513116,0.9995512366294861],"EasingStyle":"Linear","EasingDirection":"Out"},"HumanoidRootPart":{"Weight":1,"CFrame":[0,0,0,1,0,0,0,1,0,0,0,1],"EasingStyle":"Linear","EasingDirection":"In"},"Right Leg":{"Weight":1,"CFrame":[0.3714265823364258,0.026282429695129396,0.21301567554473878,0.5764390826225281,0.7347423434257507,-0.35759153962135317,-0.6608411073684692,0.6765710711479187,0.3248700797557831,0.48063188791275027,0.04904332756996155,0.8755499720573425],"EasingStyle":"Linear","EasingDirection":"Out"}}},{"Time":0.20000000298023225,"poses":{"Left Leg":{"Weight":1,"CFrame":[-0.7329709529876709,0.3468879461288452,-0.10953414440155029,0.9705298542976379,-0.1976480782032013,-0.13786615431308747,0.20432360470294953,0.9782435894012451,0.035935141146183017,0.12776413559913636,-0.06304541230201721,0.9897987842559815],"EasingStyle":"Linear","EasingDirection":"Out"},"Right Arm":{"Weight":1,"CFrame":[0.22310200333595277,0.3856593370437622,-0.13005000352859498,-0.9311474561691284,-0.3127947747707367,-0.18741358816623689,0.12564487755298615,-0.7577147483825684,0.6403762698173523,-0.34231236577033999,0.5727370977401733,0.7448452115058899],"EasingStyle":"Linear","EasingDirection":"Out"},"Left Arm":{"Weight":1,"CFrame":[-0.28351759910583498,0.4208714962005615,-0.12214052677154541,-0.812118411064148,0.5675909519195557,0.13529270887374879,-0.3635004758834839,-0.6735168099403381,0.643616795539856,0.4564329981803894,0.4735141396522522,0.7532949447631836],"EasingStyle":"Linear","EasingDirection":"Out"},"Head":{"Weight":1,"CFrame":[1.0221265256404877e-7,-8.149072527885437e-10,2.384185791015625e-7,0.9853830337524414,0.16218025982379914,0.052133142948150638,-0.16904103755950929,0.9687933325767517,0.18128593266010285,-0.021105242893099786,-0.18744872510433198,0.9820476174354553],"EasingStyle":"Linear","EasingDirection":"Out"},"Torso":{"Weight":1,"CFrame":[0.15981698036193849,-0.0001407042145729065,-0.3283212184906006,0.9855138659477234,-0.16930674016475678,-0.009880871511995793,0.16917967796325684,0.9855055809020996,-0.012530442327260971,0.01185914222151041,0.010677281767129898,0.9998726844787598],"EasingStyle":"Linear","EasingDirection":"Out"},"HumanoidRootPart":{"Weight":1,"CFrame":[0,0,0,1,0,0,0,1,0,0,0,1],"EasingStyle":"Linear","EasingDirection":"In"},"Right Leg":{"Weight":1,"CFrame":[0.22358299791812898,0.05938398838043213,0.1745471954345703,0.5918334126472473,0.7014537453651428,-0.3971092998981476,-0.5969435572624207,0.712468147277832,0.36884620785713198,0.5416563749313355,0.018756281584501268,0.8403908014297485],"EasingStyle":"Linear","EasingDirection":"Out"}}},{"Time":0.23333333432674409,"poses":{"Left Leg":{"Weight":1,"CFrame":[-0.6590849161148071,0.22346341609954835,-0.09216892719268799,0.9702516198158264,-0.19947867095470429,-0.13718609511852265,0.2048017382621765,0.9784659147262573,0.025703443214297296,0.1291046142578125,-0.05303472280502319,0.9902117252349854],"EasingStyle":"Linear","EasingDirection":"Out"},"Right Arm":{"Weight":1,"CFrame":[0.1769450157880783,0.44423890113830569,-0.12498629093170166,-0.9479454159736633,-0.19227080047130586,-0.253833532333374,0.011480064131319523,-0.8172505497932434,0.5761682987213135,-0.3182259202003479,0.5432618856430054,0.7769160866737366],"EasingStyle":"Linear","EasingDirection":"Out"},"Left Arm":{"Weight":1,"CFrame":[-0.24809890985488892,0.4904225468635559,-0.11764812469482422,-0.8550287485122681,0.47138848900794985,0.21614524722099305,-0.2661415934562683,-0.7566027641296387,0.5972613096237183,0.4450780749320984,0.45315021276474,0.7723730802536011],"EasingStyle":"Linear","EasingDirection":"Out"},"Head":{"Weight":1,"CFrame":[7.986091077327728e-8,5.587935447692871e-9,-5.960464477539063e-8,0.9855695366859436,0.15788476169109345,0.061033282428979877,-0.16684088110923768,0.9669539332389832,0.19278016686439515,-0.02857932075858116,-0.20018109679222108,0.979341983795166],"EasingStyle":"Linear","EasingDirection":"Out"},"Torso":{"Weight":1,"CFrame":[0.15397536754608155,-0.00019014999270439148,-0.2198014259338379,0.9861777424812317,-0.1647811383008957,-0.017339536920189859,0.1650867462158203,0.9861152172088623,0.01797517016530037,0.014136812649667263,-0.02058924175798893,0.9996880888938904],"EasingStyle":"Linear","EasingDirection":"Out"},"HumanoidRootPart":{"Weight":1,"CFrame":[0,0,0,1,0,0,0,1,0,0,0,1],"EasingStyle":"Linear","EasingDirection":"In"},"Right Leg":{"Weight":1,"CFrame":[0.029611211270093919,0.09017324447631836,0.05666923522949219,0.6940406560897827,0.6198103427886963,-0.36625492572784426,-0.5115920901298523,0.7825384140014648,0.3548339903354645,0.5065383911132813,-0.05889609456062317,0.8602035641670227],"EasingStyle":"Linear","EasingDirection":"Out"}}},{"Time":0.2666666805744171,"poses":{"Left Leg":{"Weight":1,"CFrame":[-0.5616375207901001,0.1278126835823059,-0.06948709487915039,0.9704352617263794,-0.2071940153837204,-0.12379835546016693,0.21199332177639008,0.9769036769866943,0.026795532554388047,0.11538716405630112,-0.05224774032831192,0.9919455647468567],"EasingStyle":"Linear","EasingDirection":"Out"},"Right Arm":{"Weight":1,"CFrame":[0.14492729306221009,0.45486289262771609,-0.11003875732421875,-0.9483547806739807,-0.11530852317810059,-0.2955116033554077,-0.055319417268037799,-0.857197105884552,0.512008786201477,-0.31235063076019289,0.5019133687019348,0.8065481781959534],"EasingStyle":"Linear","EasingDirection":"Out"},"Left Arm":{"Weight":1,"CFrame":[-0.21958687901496888,0.5211453437805176,-0.09914630651473999,-0.8696662783622742,0.399954229593277,0.2893391251564026,-0.19861377775669099,-0.8200974464416504,0.5366497039794922,0.45192161202430727,0.40923935174942019,0.7926474213600159],"EasingStyle":"Linear","EasingDirection":"Out"},"Head":{"Weight":1,"CFrame":[9.033828973770142e-8,-1.6763806343078614e-8,5.960464477539063e-7,0.9873178601264954,0.14628440141677857,0.06167962774634361,-0.15522722899913789,0.9709942936897278,0.18186400830745698,-0.03328670561313629,-0.189131960272789,0.9813873171806336],"EasingStyle":"Linear","EasingDirection":"Out"},"Torso":{"Weight":1,"CFrame":[0.13831987977027894,-0.00024656951427459717,-0.133317232131958,0.9880557656288147,-0.15252240002155305,-0.021970363333821298,0.1535419374704361,0.9865279197692871,0.05645819380879402,0.013063239865005017,-0.05915721878409386,0.9981632232666016],"EasingStyle":"Linear","EasingDirection":"Out"},"HumanoidRootPart":{"Weight":1,"CFrame":[0,0,0,1,0,0,0,1,0,0,0,1],"EasingStyle":"Linear","EasingDirection":"In"},"Right Leg":{"Weight":1,"CFrame":[-0.15989553928375245,0.16683638095855714,-0.056582629680633548,0.7815738916397095,0.531399667263031,-0.3267361521720886,-0.42871662974357607,0.8380441665649414,0.33746716380119326,0.45314937829971316,-0.12367835640907288,0.8828133344650269],"EasingStyle":"Linear","EasingDirection":"Out"}}},{"Time":0.30000001192092898,"poses":{"Left Leg":{"Weight":1,"CFrame":[-0.5164794325828552,0.08201748132705689,-0.052668988704681399,0.9616720676422119,-0.2548878490924835,-0.10108936578035355,0.25968822836875918,0.9649698734283447,0.037351351231336597,0.08802773058414459,-0.06217150017619133,0.9941759705543518],"EasingStyle":"Linear","EasingDirection":"Out"},"Right Arm":{"Weight":1,"CFrame":[0.12901505827903748,0.4366542100906372,-0.08527553081512451,-0.9467916488647461,-0.08408588916063309,-0.31066882610321047,-0.06759967654943466,-0.891782283782959,0.44738662242889407,-0.3146677613258362,0.44458287954330447,0.8386477828025818],"EasingStyle":"Linear","EasingDirection":"Out"},"Left Arm":{"Weight":1,"CFrame":[-0.19449906051158906,0.5278787612915039,-0.07203108072280884,-0.8721734285354614,0.3425830900669098,0.3492138385772705,-0.15995565056800843,-0.8743235468864441,0.4582277834415436,0.4623069763183594,0.34379521012306216,0.8173597455024719],"EasingStyle":"Linear","EasingDirection":"Out"},"Head":{"Weight":1,"CFrame":[7.916241884231568e-8,1.862645149230957e-9,-2.384185791015625e-7,0.9902041554450989,0.1274878978729248,0.056942977011203769,-0.13497209548950196,0.978400707244873,0.1565714180469513,-0.03575208783149719,-0.1627233773469925,0.9860237836837769],"EasingStyle":"Linear","EasingDirection":"Out"},"Torso":{"Weight":1,"CFrame":[0.11565443873405457,-0.0003097951412200928,-0.10487580299377442,0.9906418919563294,-0.13426950573921204,-0.024502582848072053,0.13604213297367097,0.9858531951904297,0.09790846705436707,0.011009825393557549,-0.10032561421394348,0.9948937296867371],"EasingStyle":"Linear","EasingDirection":"Out"},"HumanoidRootPart":{"Weight":1,"CFrame":[0,0,0,1,0,0,0,1,0,0,0,1],"EasingStyle":"Linear","EasingDirection":"In"},"Right Leg":{"Weight":1,"CFrame":[-0.13984498381614686,0.16074424982070924,-0.047645390033721927,0.7706042528152466,0.569251298904419,-0.286569207906723,-0.4803936779499054,0.8143098950386047,0.32576262950897219,0.41879701614379885,-0.11336816102266312,0.9009754657745361],"EasingStyle":"Linear","EasingDirection":"Out"}}},{"Time":0.3333333432674408,"poses":{"Left Leg":{"Weight":1,"CFrame":[-0.5141826868057251,0.05941349267959595,-0.03856098651885986,0.9424541592597961,-0.3264096975326538,-0.07236647605895996,0.33053135871887209,0.9422017335891724,0.05481717362999916,0.05029094219207764,-0.07558204978704453,0.9958705306053162],"EasingStyle":"Linear","EasingDirection":"Out"},"Right Arm":{"Weight":1,"CFrame":[0.1286446750164032,0.4036862850189209,-0.053334951400756839,-0.946638822555542,-0.09445559233427048,-0.3081446588039398,-0.032902467995882037,-0.9227733612060547,0.3839358985424042,-0.3206125795841217,0.3735872507095337,0.8704252243041992],"EasingStyle":"Linear","EasingDirection":"Out"},"Left Arm":{"Weight":1,"CFrame":[-0.17512808740139008,0.509735107421875,-0.033959031105041507,-0.8725637197494507,0.30376753211021426,0.38256749510765078,-0.1620493084192276,-0.9187942147254944,0.35994070768356326,0.46083900332450869,0.25207626819610598,0.850931704044342],"EasingStyle":"Linear","EasingDirection":"Out"},"Head":{"Weight":1,"CFrame":[8.754432201385498e-8,-6.51925802230835e-9,1.1920928955078126e-7,0.9935086369514465,0.102061927318573,0.05023934692144394,-0.10781284421682358,0.9856849312782288,0.12962126731872559,-0.036290768533945087,-0.13419625163078309,0.9902900457382202],"EasingStyle":"Linear","EasingDirection":"Out"},"Torso":{"Weight":1,"CFrame":[0.08878301829099655,-0.0003796219825744629,-0.11005234718322754,0.9934161305427551,-0.11167352646589279,-0.025562196969985963,0.11413700878620148,0.9839770793914795,0.13697384297847749,0.009856263175606728,-0.1389896273612976,0.9902448058128357],"EasingStyle":"Linear","EasingDirection":"Out"},"HumanoidRootPart":{"Weight":1,"CFrame":[0,0,0,1,0,0,0,1,0,0,0,1],"EasingStyle":"Linear","EasingDirection":"In"},"Right Leg":{"Weight":1,"CFrame":[-0.11910447478294373,0.15413284301757813,-0.039481520652770999,0.7545033097267151,0.6088704466819763,-0.24495214223861695,-0.5328309535980225,0.7862027883529663,0.3130117356777191,0.3831656575202942,-0.10565034300088883,0.9176176190376282],"EasingStyle":"Linear","EasingDirection":"Out"}}},{"Time":0.36666667461395266,"poses":{"Left Leg":{"Weight":1,"CFrame":[-0.5162513852119446,0.047016263008117679,-0.02242755889892578,0.920905590057373,-0.38773638010025027,-0.03991720825433731,0.3897263705730438,0.9177108407020569,0.07694268971681595,0.006798949558287859,-0.08641376346349716,0.9962361454963684],"EasingStyle":"Linear","EasingDirection":"Out"},"Right Arm":{"Weight":1,"CFrame":[0.14123812317848206,0.36731791496276858,-0.0188063383102417,-0.9439627528190613,-0.13723498582839967,-0.3001682162284851,0.03420864790678024,-0.9452399015426636,0.32457882165908816,-0.3282744884490967,0.2961218059062958,0.8969658017158508],"EasingStyle":"Linear","EasingDirection":"Out"},"Left Arm":{"Weight":1,"CFrame":[-0.16212764382362367,0.45829617977142336,0.011796116828918457,-0.8751665949821472,0.28429949283599856,0.39148086309432986,-0.1938033401966095,-0.9473862648010254,0.254753977060318,0.4433099329471588,0.14708183705806733,0.8842189311981201],"EasingStyle":"Linear","EasingDirection":"Out"},"Head":{"Weight":1,"CFrame":[7.82310962677002e-8,-6.984919309616089e-9,4.76837158203125e-7,0.9964745044708252,0.07207156717777252,0.04294469207525253,-0.07637142390012741,0.9911324381828308,0.1087377592921257,-0.034726981073617938,-0.11163415014743805,0.9931424260139465],"EasingStyle":"Linear","EasingDirection":"Out"},"Torso":{"Weight":1,"CFrame":[0.06050964444875717,-0.0004559159278869629,-0.12355279922485352,0.9959611892700195,-0.08623677492141724,-0.02499089203774929,0.08920403569936753,0.9820240139961243,0.16634729504585267,0.010196402668952942,-0.16790473461151124,0.9857504963874817],"EasingStyle":"Linear","EasingDirection":"Out"},"HumanoidRootPart":{"Weight":1,"CFrame":[0,0,0,1,0,0,0,1,0,0,0,1],"EasingStyle":"Linear","EasingDirection":"In"},"Right Leg":{"Weight":1,"CFrame":[-0.0979093536734581,0.14368385076522828,-0.031183719635009767,0.7434350252151489,0.6374277472496033,-0.20246057212352754,-0.5752902030944824,0.7638651728630066,0.2924911677837372,0.34109458327293398,-0.10097460448741913,0.9345901012420654],"EasingStyle":"Linear","EasingDirection":"Out"}}},{"Time":0.4000000059604645,"poses":{"Left Leg":{"Weight":1,"CFrame":[-0.5321294665336609,0.05176961421966553,-0.005212306976318359,0.9021003842353821,-0.4315003454685211,-0.00473320297896862,0.42971956729888918,0.8972668647766113,0.10125795751810074,-0.039445918053388599,-0.09337876737117768,0.9948489665985107],"EasingStyle":"Linear","EasingDirection":"Out"},"Right Arm":{"Weight":1,"CFrame":[0.16845621168613435,0.3389436602592468,0.018042445182800294,-0.9340384602546692,-0.21383818984031678,-0.2860864996910095,0.13721707463264466,-0.9543421268463135,0.265334814786911,-0.3297630548477173,0.20857684314250947,0.9207344651222229],"EasingStyle":"Linear","EasingDirection":"Out"},"Left Arm":{"Weight":1,"CFrame":[-0.15363141894340516,0.35723185539245608,0.057189345359802249,-0.879554033279419,0.27888789772987368,0.38549479842185976,-0.2372041493654251,-0.9593607783317566,0.15284337103366853,0.4124546945095062,0.04299292713403702,0.9099630117416382],"EasingStyle":"Linear","EasingDirection":"Out"},"Head":{"Weight":1,"CFrame":[9.033828973770142e-8,-1.501757651567459e-8,3.5762786865234377e-7,0.9985664486885071,0.03976631909608841,0.035827986896038058,-0.04325414448976517,0.9937911033630371,0.10251019150018692,-0.031529076397418979,-0.10391291975975037,0.994086503982544],"EasingStyle":"Linear","EasingDirection":"Out"},"Torso":{"Weight":1,"CFrame":[0.033638231456279758,-0.0005385279655456543,-0.14798235893249513,0.9979671239852905,-0.05946707725524902,-0.022919580340385438,0.06260775774717331,0.9820077419281006,0.17816007137298585,0.011912546120584011,-0.17923283576965333,0.9837345480918884],"EasingStyle":"Linear","EasingDirection":"Out"},"HumanoidRootPart":{"Weight":1,"CFrame":[0,0,0,1,0,0,0,1,0,0,0,1],"EasingStyle":"Linear","EasingDirection":"In"},"Right Leg":{"Weight":1,"CFrame":[-0.07829760015010834,0.1306246519088745,-0.02373683452606201,0.7436754107475281,0.6483100056648254,-0.1632208228111267,-0.5994376540184021,0.7547273635864258,0.2665729522705078,0.2960091531276703,-0.1004030853509903,0.949893593788147],"EasingStyle":"Linear","EasingDirection":"Out"}}},{"Time":0.4333333373069763,"poses":{"Left Leg":{"Weight":1,"CFrame":[-0.5669146180152893,0.0946739912033081,0.011902093887329102,0.9012643694877625,-0.4319232404232025,0.03413018956780434,0.42513027787208559,0.8967825174331665,0.12265928089618683,-0.08358677476644516,-0.09603860974311829,0.9918618202209473],"EasingStyle":"Linear","EasingDirection":"Out"},"Right Arm":{"Weight":1,"CFrame":[0.21037858724594117,0.2426355481147766,0.02229440212249756,-0.9028478264808655,-0.33193615078926089,-0.27328407764434817,0.28027042746543887,-0.9363565444946289,0.21138806641101838,-0.32605865597724917,0.11425771564245224,0.9384193420410156],"EasingStyle":"Linear","EasingDirection":"Out"},"Left Arm":{"Weight":1,"CFrame":[-0.1645379513502121,0.2212430238723755,0.05747401714324951,-0.8721324801445007,0.32424408197402956,0.36640241742134097,-0.2958061099052429,-0.9459428191184998,0.13300764560699464,0.389722615480423,0.007616181392222643,0.9209007620811462],"EasingStyle":"Linear","EasingDirection":"Out"},"Head":{"Weight":1,"CFrame":[8.055940270423889e-8,3.0675437301397326e-8,0,0.9995411038398743,0.007491242606192827,0.02935117483139038,-0.011281699873507023,0.9912934303283691,0.1311872899532318,-0.028112875297665597,-0.13145823776721955,0.9909229874610901],"EasingStyle":"Linear","EasingDirection":"Out"},"Torso":{"Weight":1,"CFrame":[0.010972801595926285,-0.0006272196769714356,-0.18537640571594239,0.9992569088935852,-0.03303004428744316,-0.019864873960614206,0.03568514809012413,0.987587571144104,0.15296180546283723,0.014565967954695225,-0.15355701744556428,0.9880324006080627],"EasingStyle":"Linear","EasingDirection":"Out"},"HumanoidRootPart":{"Weight":1,"CFrame":[0,0,0,1,0,0,0,1,0,0,0,1],"EasingStyle":"Linear","EasingDirection":"In"},"Right Leg":{"Weight":1,"CFrame":[-0.06299611181020737,0.11571347713470459,-0.01764988899230957,0.7726302742958069,0.6208055019378662,-0.13282683491706849,-0.583536684513092,0.7768639922142029,0.2365739494562149,0.25005486607551577,-0.10527495294809342,0.9624914526939392],"EasingStyle":"Linear","EasingDirection":"Out"}}},{"Time":0.46666666865348818,"poses":{"Left Leg":{"Weight":1,"CFrame":[-0.6071255207061768,0.16997969150543214,0.02776491641998291,0.9118151664733887,-0.4039764106273651,0.07345851510763169,0.39205271005630495,0.909743070602417,0.1366097629070282,-0.12201551347970963,-0.0957632064819336,0.9878975749015808],"EasingStyle":"Linear","EasingDirection":"Out"},"Right Arm":{"Weight":1,"CFrame":[0.2680421769618988,0.04259246587753296,-0.010296344757080078,-0.8257116079330444,-0.4978066086769104,-0.2653091847896576,0.4703521430492401,-0.8672294020652771,0.16334649920463563,-0.31139883399009707,0.010088273324072361,0.9502257704734802],"EasingStyle":"Linear","EasingDirection":"Out"},"Left Arm":{"Weight":1,"CFrame":[-0.2064783126115799,0.07547223567962647,0.009767770767211914,-0.8325865864753723,0.44880056381225588,0.3246191740036011,-0.4007408618927002,-0.8926590085029602,0.20631732046604157,0.3823694586753845,0.04168874770402908,0.9230685234069824],"EasingStyle":"Linear","EasingDirection":"Out"},"Head":{"Weight":1,"CFrame":[9.522773325443268e-8,-9.400537237524987e-9,7.152557373046875e-7,0.9994992613792419,-0.02185838110744953,0.022878605872392656,0.017387477681040765,0.9835055470466614,0.18004034459590913,-0.02643663063645363,-0.17955239117145539,0.983393132686615],"EasingStyle":"Linear","EasingDirection":"Out"},"Torso":{"Weight":1,"CFrame":[-0.0046827346086502079,-0.0007218718528747559,-0.2361130714416504,0.9998130202293396,-0.008174843154847622,-0.017522551119327546,0.009979002177715302,0.9943711757659912,0.10548168420791626,0.01656162366271019,-0.10563682019710541,0.9942668676376343],"EasingStyle":"Linear","EasingDirection":"Out"},"HumanoidRootPart":{"Weight":1,"CFrame":[0,0,0,1,0,0,0,1,0,0,0,1],"EasingStyle":"Linear","EasingDirection":"In"},"Right Leg":{"Weight":1,"CFrame":[0.2502869963645935,-0.0586855411529541,0.056388139724731448,0.6813663840293884,0.7235733270645142,-0.11036934703588486,-0.694868803024292,0.6868399381637573,0.2130921483039856,0.22999387979507447,-0.06850167363882065,0.970778226852417],"EasingStyle":"Linear","EasingDirection":"Out"}}},{"Time":0.5,"poses":{"Left Leg":{"Weight":1,"CFrame":[-0.6505296230316162,0.23447835445404054,0.04293704032897949,0.9068114757537842,-0.40825092792510989,0.10499580949544907,0.3920329511165619,0.9083092212677002,0.14589232206344605,-0.15492939949035645,-0.09113506227731705,0.9837130308151245],"EasingStyle":"Linear","EasingDirection":"Out"},"Right Arm":{"Weight":1,"CFrame":[0.33489033579826357,-0.18861684203147889,-0.042237281799316409,-0.6802211999893189,-0.6866386532783508,-0.25656670331954958,0.6833407878875732,-0.7206662893295288,0.11698494106531143,-0.2652253210544586,-0.09574690461158753,0.9594206809997559],"EasingStyle":"Linear","EasingDirection":"Out"},"Left Arm":{"Weight":1,"CFrame":[-0.2784275710582733,-0.09869500994682312,-0.03197222948074341,-0.7206273674964905,0.6477827429771423,0.24713082611560822,-0.5848881006240845,-0.759391725063324,0.28500914573669436,0.3722931146621704,0.060841381549835208,0.9261188507080078],"EasingStyle":"Linear","EasingDirection":"Out"},"Head":{"Weight":1,"CFrame":[8.684583008289337e-8,-4.3190084397792819e-8,2.384185791015625e-7,0.9988278150558472,-0.04534338787198067,0.016941476613283159,0.04089400917291641,0.9777283072471619,0.20585192739963532,-0.02589818276464939,-0.20491783320903779,0.9784364700317383],"EasingStyle":"Linear","EasingDirection":"Out"},"Torso":{"Weight":1,"CFrame":[-0.010524321347475052,-0.0008222758769989014,-0.2984888553619385,0.9997678399085999,0.013937979936599732,-0.016430459916591646,-0.012583108618855477,0.9967265129089356,0.07986188679933548,0.017489789053797723,-0.0796366035938263,0.9966705441474915],"EasingStyle":"Linear","EasingDirection":"Out"},"HumanoidRootPart":{"Weight":1,"CFrame":[0,0,0,1,0,0,0,1,0,0,0,1],"EasingStyle":"Linear","EasingDirection":"In"},"Right Leg":{"Weight":1,"CFrame":[0.4098889231681824,-0.10079813003540039,0.07515060901641846,0.6368047595024109,0.7652679085731506,-0.09404647350311279,-0.7386893630027771,0.6404963135719299,0.2100059688091278,0.22094735503196717,-0.06426174938678742,0.9731663465499878],"EasingStyle":"Linear","EasingDirection":"Out"}}},{"Time":0.5333333611488342,"poses":{"Left Leg":{"Weight":1,"CFrame":[-0.70359867811203,0.24605125188827516,0.060259461402893069,0.8789712190628052,-0.46188297867774966,0.11863277852535248,0.447445273399353,0.8848390579223633,0.12981736660003663,-0.16493140161037446,-0.061024025082588199,0.9844154119491577],"EasingStyle":"Linear","EasingDirection":"Out"},"Right Arm":{"Weight":1,"CFrame":[0.40193307399749758,-0.37292104959487917,-0.05951261520385742,-0.4606277644634247,-0.863672137260437,-0.20467670261859895,0.8583176136016846,-0.49216607213020327,0.14513224363327027,-0.22608160972595216,-0.10882580280303955,0.9680103659629822],"EasingStyle":"Linear","EasingDirection":"Out"},"Left Arm":{"Weight":1,"CFrame":[-0.3562830686569214,-0.30783623456954958,-0.028187155723571779,-0.4984254837036133,0.8485702872276306,0.1774834841489792,-0.8035253882408142,-0.5290414690971375,0.27287763357162478,0.32545191049575808,-0.006603432819247246,0.9455355405807495],"EasingStyle":"Linear","EasingDirection":"Out"},"Head":{"Weight":1,"CFrame":[8.847564458847046e-8,-3.1548552215099338e-8,5.960464477539063e-7,0.9978746175765991,-0.058580148965120319,0.02854212000966072,0.053662899881601337,0.9872211217880249,0.15004892647266389,-0.03696728125214577,-0.14819839596748353,0.9882664680480957],"EasingStyle":"Linear","EasingDirection":"Out"},"Torso":{"Weight":1,"CFrame":[-0.003422975540161133,-0.000928342342376709,-0.36659955978393557,0.9990720748901367,0.032417554408311847,-0.02835713140666485,-0.029732385650277139,0.9954553842544556,0.09046872705221176,0.031161034479737283,-0.08954165875911713,0.9954954981803894],"EasingStyle":"Linear","EasingDirection":"Out"},"HumanoidRootPart":{"Weight":1,"CFrame":[0,0,0,1,0,0,0,1,0,0,0,1],"EasingStyle":"Linear","EasingDirection":"In"},"Right Leg":{"Weight":1,"CFrame":[0.49144864082336428,-0.10492372512817383,0.0994100570678711,0.5686860680580139,0.8168230056762695,-0.09693420678377152,-0.7767261862754822,0.5720462799072266,0.26355183124542239,0.2707260847091675,-0.07458697259426117,0.9597625732421875],"EasingStyle":"Linear","EasingDirection":"Out"}}},{"Time":0.5666666626930237,"poses":{"Left Leg":{"Weight":1,"CFrame":[-0.7488616704940796,0.2124767303466797,0.0748671293258667,0.850151538848877,-0.5140054225921631,0.1141967922449112,0.5084497928619385,0.8577643632888794,0.07562444359064102,-0.1368253231048584,-0.006228859536349773,0.9905756115913391],"EasingStyle":"Linear","EasingDirection":"Out"},"Right Arm":{"Weight":1,"CFrame":[0.4475642740726471,-0.5194521546363831,-0.04954195022583008,-0.18574576079845429,-0.9758031964302063,-0.11535429209470749,0.960522472858429,-0.20506200194358827,0.18800558149814607,-0.20711122453212739,-0.07587930560112,0.9753703474998474],"EasingStyle":"Linear","EasingDirection":"Out"},"Left Arm":{"Weight":1,"CFrame":[-0.40297746658325198,-0.5385816693305969,-0.014560699462890625,-0.20290355384349824,0.9693373441696167,0.13861927390098573,-0.9474183917045593,-0.2301144152879715,0.22236400842666627,0.24744397401809693,-0.08621204644441605,0.9650590419769287],"EasingStyle":"Linear","EasingDirection":"Out"},"Head":{"Weight":1,"CFrame":[8.754432201385498e-8,-2.1886080503463746e-8,1.1920928955078126e-7,0.9964753985404968,-0.05629729852080345,0.06218831241130829,0.054568253457546237,0.9980841279029846,0.029161756858229638,-0.06371089816093445,-0.025665447115898134,0.9976382851600647],"EasingStyle":"Linear","EasingDirection":"Out"},"Torso":{"Weight":1,"CFrame":[0.015608593821525574,-0.0010398030281066895,-0.42264866828918459,0.9973946809768677,0.04600502923130989,-0.055564675480127338,-0.039665646851062778,0.9931123852729797,0.11024735122919083,0.06025389954447746,-0.1077561154961586,0.9923498034477234],"EasingStyle":"Linear","EasingDirection":"Out"},"HumanoidRootPart":{"Weight":1,"CFrame":[0,0,0,1,0,0,0,1,0,0,0,1],"EasingStyle":"Linear","EasingDirection":"In"},"Right Leg":{"Weight":1,"CFrame":[0.5189368724822998,-0.061534881591796878,0.13970065116882325,0.5019410848617554,0.8558273911476135,-0.12495853006839752,-0.7751175165176392,0.5092154145240784,0.37402188777923586,0.3837290108203888,-0.09087946265935898,0.9189630150794983],"EasingStyle":"Linear","EasingDirection":"Out"}}},{"Time":0.6000000238418579,"poses":{"Left Leg":{"Weight":1,"CFrame":[-0.7704639434814453,0.16443079710006715,0.07709598541259766,0.8394202589988709,-0.5346055626869202,0.09782946109771729,0.5366371273994446,0.8437885046005249,0.006439137738198042,-0.0859898179769516,0.047093745321035388,0.9951823353767395],"EasingStyle":"Linear","EasingDirection":"Out"},"Right Arm":{"Weight":1,"CFrame":[0.4573318660259247,-0.6536466479301453,-0.045061349868774417,0.055886391550302508,-0.9982752799987793,-0.0179783646017313,0.9765236973762512,0.050899188965559009,0.20931026339530946,-0.2080342024564743,-0.029253965243697168,0.9776840209960938],"EasingStyle":"Linear","EasingDirection":"Out"},"Left Arm":{"Weight":1,"CFrame":[-0.40897226333618166,-0.7503024339675903,-0.010241508483886719,0.08359844982624054,0.9878796339035034,0.13078658282756806,-0.9843365550041199,0.06142029911279678,0.1652544140815735,0.15521854162216187,-0.14255310595035554,0.9775407314300537],"EasingStyle":"Linear","EasingDirection":"Out"},"Head":{"Weight":1,"CFrame":[8.195638656616211e-8,-2.3283064365386965e-10,1.1920928955078126e-7,0.9945322275161743,-0.03997206687927246,0.09647736698389054,0.04808308184146881,0.995366632938385,-0.08326617628335953,-0.09270203113555908,0.08744983375072479,0.9918462038040161],"EasingStyle":"Linear","EasingDirection":"Out"},"Torso":{"Weight":1,"CFrame":[0.043161794543266299,-0.0011565983295440674,-0.44593262672424319,0.9951617121696472,0.05219963937997818,-0.08323712646961212,-0.041886065155267718,0.9917481541633606,0.12116578221321106,0.08887507766485214,-0.11709307879209519,0.9891362190246582],"EasingStyle":"Linear","EasingDirection":"Out"},"HumanoidRootPart":{"Weight":1,"CFrame":[0,0,0,1,0,0,0,1,0,0,0,1],"EasingStyle":"Linear","EasingDirection":"In"},"Right Leg":{"Weight":1,"CFrame":[0.5064957141876221,0.013667285442352295,0.16843187808990479,0.47231781482696535,0.8664076924324036,-0.16203005611896516,-0.728134274482727,0.48712003231048586,0.4822182059288025,0.4967256486415863,-0.10978063195943833,0.8609366416931152],"EasingStyle":"Linear","EasingDirection":"Out"}}},{"Time":0.6333333253860474,"poses":{"Left Leg":{"Weight":1,"CFrame":[-0.7608252763748169,0.1588829755783081,0.06613147258758545,0.8714763522148132,-0.48501816391944888,0.0727074146270752,0.4890134930610657,0.8706331849098206,-0.05351286381483078,-0.037346821278333667,0.08219009637832642,0.9959166646003723],"EasingStyle":"Linear","EasingDirection":"Out"},"Right Arm":{"Weight":1,"CFrame":[0.4550575315952301,-0.7151303291320801,-0.06615561246871948,0.08984120935201645,-0.9940467476844788,0.0616413764655590