{"Sequence":[{"Time":0,"poses":{"Left Leg":{"Weight":1,"CFrame":[-0.6040588021278381,-0.5362530946731567,-0.009392499923706055,-0.14373566210269929,-0.8803479075431824,-0.4520263075828552,0.8880553841590881,-0.31630218029022219,0.3336326479911804,-0.43668970465660097,-0.3534694015979767,0.8272615075111389],"EasingStyle":"Linear","EasingDirection":"In"},"Right Arm":{"Weight":1,"CFrame":[0.009481191635131836,-0.03174427151679993,0.3956437110900879,-0.16519387066364289,-0.8153092861175537,0.5549613833427429,0.7356306910514832,0.2729419469833374,0.6199598908424377,-0.6569311618804932,0.5106599926948547,0.5546780824661255],"EasingStyle":"Linear","EasingDirection":"In"},"Head":{"Weight":1,"CFrame":[8.335337042808533e-8,-4.729372449219227e-8,-2.980232238769531e-7,0.9999998211860657,0.00022852944675832987,0.0006028540665283799,-0.00025056666345335543,0.9993220567703247,0.036815475672483447,-0.0005940310657024384,-0.03681562840938568,0.9993219375610352],"EasingStyle":"Linear","EasingDirection":"In"},"Right Leg":{"Weight":1,"CFrame":[0.47850558161735537,0.24076449871063233,0.10376930236816406,0.962456226348877,0.17190591990947724,-0.2100626677274704,-0.17013825476169587,0.9850611686706543,0.02659762278199196,0.21149682998657227,0.010140623897314072,0.9773260951042175],"EasingStyle":"Linear","EasingDirection":"In"},"Torso":{"Weight":1,"CFrame":[-0.00947854109108448,-0.13959410786628724,-0.22928953170776368,0.9998936057090759,-0.008510150946676731,-0.011848265305161477,0.006985649932175875,0.9923526048660278,-0.12323842942714691,0.012806432321667672,0.12314256280660629,0.9923063516616821],"EasingStyle":"Linear","EasingDirection":"In"},"HumanoidRootPart":{"Weight":1,"CFrame":[0,0,0,1,0,0,0,1,0,0,0,1],"EasingStyle":"Linear","EasingDirection":"In"},"Left Arm":{"Weight":1,"CFrame":[-0.07797026634216309,-0.03672754764556885,0.5656299591064453,-0.2541314959526062,0.7496726512908936,-0.6110713481903076,-0.6528671383857727,0.33317825198173525,0.6802623867988586,0.7135698199272156,0.5718244314193726,0.40476545691490176],"EasingStyle":"Linear","EasingDirection":"In"}}},{"Time":0.03333333507180214,"poses":{"Left Leg":{"Weight":1,"CFrame":[-0.5926376581192017,-0.5093529224395752,-0.0015971660614013672,-0.12344511598348618,-0.8855941295623779,-0.44775471091270449,0.8893082737922669,-0.29893729090690615,0.34607410430908205,-0.4403317868709564,-0.35547083616256716,0.8244686722755432],"EasingStyle":"Linear","EasingDirection":"In"},"Right Arm":{"Weight":1,"CFrame":[0.016352619975805284,-0.0331684947013855,0.3929901123046875,-0.23092588782310487,-0.8018568754196167,0.5510889887809753,0.7074630260467529,0.25046056509017947,0.6608824133872986,-0.6679590940475464,0.5424898266792297,0.5094461441040039],"EasingStyle":"Linear","EasingDirection":"In"},"Head":{"Weight":1,"CFrame":[9.033828973770142e-8,2.7539499569684268e-8,4.76837158203125e-7,0.9999960660934448,-0.0026064300909638407,0.001053758547641337,0.0025958847254514696,0.9999477863311768,0.00988795980811119,-0.0010794755071401597,-0.009885188192129135,0.999950647354126],"EasingStyle":"Linear","EasingDirection":"In"},"Right Leg":{"Weight":1,"CFrame":[0.50090491771698,0.255548357963562,0.10662269592285156,0.9592753052711487,0.19042663276195527,-0.20863531529903413,-0.18859277665615083,0.981631875038147,0.02883712574839592,0.21029452979564668,0.011684294790029526,0.9775683283805847],"EasingStyle":"Linear","EasingDirection":"In"},"Torso":{"Weight":1,"CFrame":[-0.008438844233751297,-0.18541261553764344,-0.2506546974182129,0.9999150037765503,-0.005151406396180391,-0.01198573037981987,0.0034481168258935215,0.9904236793518066,-0.1380184143781662,0.012581941671669484,0.1379653513431549,0.9903571605682373],"EasingStyle":"Linear","EasingDirection":"In"},"HumanoidRootPart":{"Weight":1,"CFrame":[0,0,0,1,0,0,0,1,0,0,0,1],"EasingStyle":"Linear","EasingDirection":"In"},"Left Arm":{"Weight":1,"CFrame":[-0.07831138372421265,-0.04297906160354614,0.5575830936431885,-0.2589731812477112,0.7501896619796753,-0.6083980202674866,-0.6521092057228088,0.3288610577583313,0.6830841302871704,0.7125213146209717,0.5736425518989563,0.4040394425392151],"EasingStyle":"Linear","EasingDirection":"In"}}},{"Time":0.06666667014360428,"poses":{"Left Leg":{"Weight":1,"CFrame":[-0.6483524441719055,-0.47459888458251955,0.0024847984313964845,-0.07459913194179535,-0.900303304195404,-0.4288228750228882,0.8817408084869385,-0.2604135572910309,0.3933420181274414,-0.46579834818840029,-0.34876760840415957,0.8132608532905579],"EasingStyle":"Linear","EasingDirection":"In"},"Right Arm":{"Weight":1,"CFrame":[0.039068929851055148,-0.04314124584197998,0.3880615234375,-0.310116171836853,-0.7946167588233948,0.5219315886497498,0.6761175394058228,0.20161157846450807,0.708673357963562,-0.6683510541915894,0.5726578831672669,0.4747311770915985],"EasingStyle":"Linear","EasingDirection":"In"},"Head":{"Weight":1,"CFrame":[9.150244295597077e-8,3.421882865950465e-8,3.5762786865234377e-7,0.9999430179595947,-0.010427959263324738,0.0023055635392665865,0.010457402095198632,0.9998589158058167,-0.013150002807378769,-0.002168111503124237,0.0131733613088727,0.9999108910560608],"EasingStyle":"Linear","EasingDirection":"In"},"Right Leg":{"Weight":1,"CFrame":[0.5031746625900269,0.27185380458831789,0.10253345966339112,0.9643792510032654,0.17131367325782777,-0.20155474543571473,-0.16938813030719758,0.9851823449134827,0.02689514122903347,0.20317575335502625,0.008203811943531037,0.9791079759597778],"EasingStyle":"Linear","EasingDirection":"In"},"Torso":{"Weight":1,"CFrame":[-0.006009146571159363,-0.22574907541275025,-0.2595541477203369,0.9999147653579712,0.0036297885235399009,-0.012541313655674458,-0.005654018372297287,0.9862178564071655,-0.16535542905330659,0.011768262833356858,0.16541224718093873,0.986154317855835],"EasingStyle":"Linear","EasingDirection":"In"},"HumanoidRootPart":{"Weight":1,"CFrame":[0,0,0,1,0,0,0,1,0,0,0,1],"EasingStyle":"Linear","EasingDirection":"In"},"Left Arm":{"Weight":1,"CFrame":[-0.08070001006126404,-0.04387202858924866,0.5299556255340576,-0.27361151576042178,0.7531911134719849,-0.5981972813606262,-0.654430627822876,0.3099991977214813,0.6896528601646423,0.7048811316490173,0.5801756381988525,0.4080919027328491],"EasingStyle":"Linear","EasingDirection":"In"}}},{"Time":0.10000000149011612,"poses":{"Left Leg":{"Weight":1,"CFrame":[-0.7565339207649231,-0.4263885021209717,-0.024165987968444825,0.011693072505295277,-0.9171648621559143,-0.39833638072013857,0.8826201558113098,-0.17775355279445649,0.43518438935279848,-0.4699416756629944,-0.3566683828830719,0.8074297308921814],"EasingStyle":"Linear","EasingDirection":"In"},"Right Arm":{"Weight":1,"CFrame":[0.0807824432849884,-0.07020974159240723,0.38540756702423098,-0.39281290769577029,-0.7819182872772217,0.4840475618839264,0.6484549045562744,0.1377144306898117,0.7486928701400757,-0.6520769000053406,0.6079790592193604,0.4529426395893097],"EasingStyle":"Linear","EasingDirection":"In"},"Head":{"Weight":1,"CFrame":[8.940696716308594e-8,3.2014213502407076e-10,-1.1920928955078126e-7,0.9997451901435852,-0.022199509665369989,0.004112670663744211,0.022319305688142778,0.9992442727088928,-0.031824953854084018,-0.003403065027669072,0.03190860524773598,0.9994850754737854],"EasingStyle":"Linear","EasingDirection":"In"},"Right Leg":{"Weight":1,"CFrame":[0.4661005437374115,0.2417365312576294,0.08899366855621338,0.9722779989242554,0.13529248535633088,-0.1907133311033249,-0.1324840635061264,0.9908047318458557,0.027460237964987756,0.19267484545707704,-0.0014325454831123353,0.9812616109848023],"EasingStyle":"Linear","EasingDirection":"In"},"Torso":{"Weight":1,"CFrame":[-0.003034137189388275,-0.2581406235694885,-0.2191929817199707,0.9997825026512146,0.015900928527116777,-0.013493074104189873,-0.018070824444293977,0.9835081100463867,-0.17995953559875489,0.010409022681415081,0.18016424775123597,0.9835814833641052],"EasingStyle":"Linear","EasingDirection":"In"},"HumanoidRootPart":{"Weight":1,"CFrame":[0,0,0,1,0,0,0,1,0,0,0,1],"EasingStyle":"Linear","EasingDirection":"In"},"Left Arm":{"Weight":1,"CFrame":[-0.08718305826187134,-0.04476553201675415,0.47751760482788088,-0.2983536422252655,0.7620658278465271,-0.5746657848358154,-0.6639456152915955,0.26683247089385989,0.6985532641410828,0.6856831312179565,0.5899627804756165,0.4263598918914795],"EasingStyle":"Linear","EasingDirection":"In"}}},{"Time":0.13333334028720857,"poses":{"Left Leg":{"Weight":1,"CFrame":[-0.8736234307289124,-0.3596407175064087,-0.08820831775665283,0.12045997381210327,-0.919234037399292,-0.3748311996459961,0.8910751938819885,-0.06631055474281311,0.4489855468273163,-0.4375780522823334,-0.3880874812602997,0.8111187815666199],"EasingStyle":"Linear","EasingDirection":"In"},"Right Arm":{"Weight":1,"CFrame":[0.14147919416427613,-0.1626180112361908,0.39446425437927248,-0.4741584360599518,-0.7469671964645386,0.4660623073577881,0.6405301690101624,0.07052435725927353,0.764687716960907,-0.6040654182434082,0.6611100435256958,0.44501522183418276],"EasingStyle":"Linear","EasingDirection":"In"},"Head":{"Weight":1,"CFrame":[8.754432201385498e-8,8.393544703722e-8,-2.384185791015625e-7,0.9993001222610474,-0.03690199553966522,0.006126287393271923,0.037143804132938388,0.9982656240463257,-0.045676540583372119,-0.004430106375366449,0.045872125774621966,0.9989374876022339],"EasingStyle":"Linear","EasingDirection":"In"},"Right Leg":{"Weight":1,"CFrame":[0.41394540667533877,0.17218929529190064,0.07176065444946289,0.9741510152816773,0.13923071324825288,-0.17788945138454438,-0.1344044953584671,0.9901604652404785,0.03895951062440872,0.18156352639198304,-0.014043336734175682,0.9832789301872253],"EasingStyle":"Linear","EasingDirection":"In"},"Torso":{"Weight":1,"CFrame":[0.00023872777819633484,-0.27072378993034365,-0.15392231941223145,0.9994460940361023,0.030160987749695779,-0.01407251413911581,-0.03194613382220268,0.9879543781280518,-0.15141266584396363,0.00933624617755413,0.15177835524082185,0.9883704781532288],"EasingStyle":"Linear","EasingDirection":"In"},"HumanoidRootPart":{"Weight":1,"CFrame":[0,0,0,1,0,0,0,1,0,0,0,1],"EasingStyle":"Linear","EasingDirection":"In"},"Left Arm":{"Weight":1,"CFrame":[-0.09980803728103638,-0.05101752281188965,0.395039439201355,-0.3344475328922272,0.7782459259033203,-0.531486988067627,-0.6830356121063232,0.18839162588119508,0.7056704759597778,0.6493128538131714,0.5990342497825623,0.46856242418289187],"EasingStyle":"Linear","EasingDirection":"In"}}},{"Time":0.1666666716337204,"poses":{"Left Leg":{"Weight":1,"CFrame":[-0.9803227782249451,-0.2409285306930542,-0.18636417388916017,0.27605104446411135,-0.891767144203186,-0.35853496193885805,0.8885217308998108,0.09452936798334122,0.44899147748947146,-0.3665037751197815,-0.4425106346607208,0.8184493780136108],"EasingStyle":"Linear","EasingDirection":"In"},"Right Arm":{"Weight":1,"CFrame":[0.20847658812999726,-0.32888495922088625,0.4112832546234131,-0.5534406900405884,-0.686840832233429,0.471119225025177,0.6531580686569214,-0.006926637142896652,0.757189929485321,-0.5168055295944214,0.7267749309539795,0.4524490535259247],"EasingStyle":"Linear","EasingDirection":"In"},"Head":{"Weight":1,"CFrame":[8.009374141693115e-8,9.74978320300579e-9,2.384185791015625e-7,0.9985349774360657,-0.053528908640146258,0.00791051983833313,0.05388035997748375,0.9970719218254089,-0.0542633980512619,-0.0049826959148049358,0.05461009964346886,0.9984953999519348],"EasingStyle":"Linear","EasingDirection":"In"},"Right Leg":{"Weight":1,"CFrame":[0.4383735954761505,0.13695639371871949,0.06802701950073242,0.9617507457733154,0.21998469531536103,-0.16322459280490876,-0.21481604874134065,0.9754300117492676,0.04889073222875595,0.16996942460536958,-0.011957462877035141,0.98537677526474],"EasingStyle":"Linear","EasingDirection":"In"},"Torso":{"Weight":1,"CFrame":[0.00352371484041214,-0.33926087617874148,-0.0978999137878418,0.9988553524017334,0.045871008187532428,-0.013558992184698582,-0.04691590368747711,0.9947611093521118,-0.09082640707492829,0.009321657940745354,0.09135858714580536,0.9957744479179382],"EasingStyle":"Linear","EasingDirection":"In"},"HumanoidRootPart":{"Weight":1,"CFrame":[0,0,0,1,0,0,0,1,0,0,0,1],"EasingStyle":"Linear","EasingDirection":"In"},"Left Arm":{"Weight":1,"CFrame":[-0.12274657189846039,-0.16243591904640199,0.28129255771636965,-0.37881889939308169,0.790823757648468,-0.480722576379776,-0.7347452640533447,0.058837831020355228,0.6757866740226746,0.5627127289772034,0.6092092990875244,0.5587649345397949],"EasingStyle":"Linear","EasingDirection":"In"}}},{"Time":0.20000000298023225,"poses":{"Left Leg":{"Weight":1,"CFrame":[-1.0215288400650025,-0.022229909896850587,-0.2928186058998108,0.5250891447067261,-0.7838948369026184,-0.3313463628292084,0.8175874948501587,0.3565432131290436,0.4521368145942688,-0.23628845810890199,-0.508316695690155,0.8281195759773254],"EasingStyle":"Linear","EasingDirection":"In"},"Right Arm":{"Weight":1,"CFrame":[0.2659253180027008,-0.5179743766784668,0.4203397035598755,-0.6264219880104065,-0.6142507195472717,0.47988733649253847,0.6692114472389221,-0.10812050104141236,0.7351638674736023,-0.3996891975402832,0.7816687226295471,0.47879254817962649],"EasingStyle":"Linear","EasingDirection":"In"},"Head":{"Weight":1,"CFrame":[8.335337042808533e-8,-1.9121216610074044e-8,-1.1920928955078126e-7,0.9974304437637329,-0.07107897847890854,0.008962858468294144,0.07147666066884995,0.9958029389381409,-0.05716362223029137,-0.004862108733505011,0.05765736475586891,0.9983246922492981],"EasingStyle":"Linear","EasingDirection":"In"},"Right Leg":{"Weight":1,"CFrame":[0.5335703492164612,0.14206218719482423,0.07612264156341553,0.9363566040992737,0.317461222410202,-0.1498488187789917,-0.31500864028930666,0.9482256174087524,0.04046982154250145,0.15493813157081605,0.009309475310146809,0.9878803491592407],"EasingStyle":"Linear","EasingDirection":"In"},"Torso":{"Weight":1,"CFrame":[0.005643393844366074,-0.40463685989379885,-0.06359243392944336,0.9979659914970398,0.06254199147224426,-0.012346473522484303,-0.06295307725667954,0.9973554015159607,-0.03632218763232231,0.01004215981811285,0.03702555596828461,0.9992638826370239],"EasingStyle":"Linear","EasingDirection":"In"},"HumanoidRootPart":{"Weight":1,"CFrame":[0,0,0,1,0,0,0,1,0,0,0,1],"EasingStyle":"Linear","EasingDirection":"In"},"Left Arm":{"Weight":1,"CFrame":[-0.15481118857860566,-0.39666491746902468,0.15105712413787843,-0.4302111566066742,0.7871667146682739,-0.44191303849220278,-0.8057583570480347,-0.11411862820386887,0.5811458230018616,0.4070281684398651,0.6060903668403626,0.6833611130714417],"EasingStyle":"Linear","EasingDirection":"In"}}},{"Time":0.23333333432674409,"poses":{"Left Leg":{"Weight":1,"CFrame":[-0.9122434854507446,0.23721152544021607,-0.2763276696205139,0.804986298084259,-0.5482526421546936,-0.22675131261348725,0.5903976559638977,0.7025288343429565,0.39734622836112978,-0.05854681134223938,-0.4537316560745239,0.8892130255699158],"EasingStyle":"Linear","EasingDirection":"In"},"Right Arm":{"Weight":1,"CFrame":[0.30203941464424136,-0.6858829855918884,0.32787930965423586,-0.6761770844459534,-0.5743354558944702,0.46143612265586855,0.6947736144065857,-0.28873133659362795,0.658729076385498,-0.24510036408901215,0.7660110592842102,0.5942665934562683],"EasingStyle":"Linear","EasingDirection":"In"},"Head":{"Weight":1,"CFrame":[8.568167686462403e-8,-4.7031790018081668e-8,-2.980232238769531e-7,0.9960119128227234,-0.08895701169967652,0.006853820756077766,0.08907385170459748,0.9958397150039673,-0.01921570859849453,-0.005115933250635862,0.01974957436323166,0.9997919201850891],"EasingStyle":"Linear","EasingDirection":"In"},"Right Leg":{"Weight":1,"CFrame":[0.5813871026039124,0.15137505531311036,0.08097636699676514,0.9304987788200378,0.33859699964523318,-0.13972927629947663,-0.34054243564605715,0.9401707649230957,0.010482351295650006,0.13491873443126679,0.037829894572496417,0.9901342988014221],"EasingStyle":"Linear","EasingDirection":"In"},"Torso":{"Weight":1,"CFrame":[0.0041908808052539829,-0.4830213785171509,-0.052446603775024417,0.9967532157897949,0.07968534529209137,-0.011543883010745049,-0.07984183728694916,0.9967120885848999,-0.013796325773000718,0.010406561195850373,0.01467321440577507,0.9998382925987244],"EasingStyle":"Linear","EasingDirection":"In"},"HumanoidRootPart":{"Weight":1,"CFrame":[0,0,0,1,0,0,0,1,0,0,0,1],"EasingStyle":"Linear","EasingDirection":"In"},"Left Arm":{"Weight":1,"CFrame":[-0.19001060724258424,-0.6358126401901245,0.023114800453186036,-0.4869230389595032,0.7661678791046143,-0.4193956255912781,-0.846632719039917,-0.2959502339363098,0.442297101020813,0.2147536426782608,0.5704385638237,0.7927678227424622],"EasingStyle":"Linear","EasingDirection":"In"}}},{"Time":0.2666666805744171,"poses":{"Left Leg":{"Weight":1,"CFrame":[-0.6288860440254211,0.2961602807044983,-0.08979839086532593,0.970424234867096,-0.235793799161911,-0.05175096541643143,0.24132338166236878,0.9419295191764832,0.2335204929113388,-0.006316957995295525,-0.23910260200500489,0.9709738492965698],"EasingStyle":"Linear","EasingDirection":"In"},"Right Arm":{"Weight":1,"CFrame":[0.32128793001174929,-0.8167474269866943,0.12446653842926026,-0.7066203355789185,-0.5740876197814941,0.4136558771133423,0.7048789262771606,-0.51994788646698,0.4824935793876648,-0.06191408634185791,0.6325169801712036,0.7720679044723511],"EasingStyle":"Linear","EasingDirection":"In"},"Head":{"Weight":1,"CFrame":[8.754432201385498e-8,-4.7497451305389407e-8,-1.7881393432617188e-7,0.9942498803138733,-0.10702209174633026,0.00365970516577363,0.10689059644937515,0.9939250946044922,0.026220226660370828,-0.006443615537136793,-0.025678269565105439,0.9996495246887207],"EasingStyle":"Linear","EasingDirection":"In"},"Right Leg":{"Weight":1,"CFrame":[0.5371464490890503,0.12294811010360718,0.07489776611328125,0.9502208232879639,0.28305763006210329,-0.13022595643997193,-0.2888217568397522,0.956992506980896,-0.02733973227441311,0.11688658595085144,0.06359085440635681,0.9911073446273804],"EasingStyle":"Linear","EasingDirection":"In"},"Torso":{"Weight":1,"CFrame":[-0.0006746426224708557,-0.5699418783187866,-0.06386232376098633,0.995285153388977,0.09635689109563828,-0.011080196127295494,-0.09647347033023834,0.9952799677848816,-0.010516620241105557,0.010014548897743225,0.011535979807376862,0.9998834133148193],"EasingStyle":"Linear","EasingDirection":"In"},"HumanoidRootPart":{"Weight":1,"CFrame":[0,0,0,1,0,0,0,1,0,0,0,1],"EasingStyle":"Linear","EasingDirection":"In"},"Left Arm":{"Weight":1,"CFrame":[-0.22235363721847535,-0.7619903683662415,-0.0837518572807312,-0.5429763793945313,0.7315879464149475,-0.4122568964958191,-0.8387360572814941,-0.4483770728111267,0.3089981973171234,0.041212890297174457,0.5135533809661865,0.857067346572876],"EasingStyle":"Linear","EasingDirection":"In"}}},{"Time":0.30000001192092898,"poses":{"Left Leg":{"Weight":1,"CFrame":[-0.4000261127948761,0.20463228225708009,0.012163281440734864,0.9966782927513123,-0.04329214617609978,0.06898006051778794,0.03685452416539192,0.9950759410858154,0.09200975298881531,-0.07262372225522995,-0.08916190266609192,0.9933660626411438],"EasingStyle":"Linear","EasingDirection":"In"},"Right Arm":{"Weight":1,"CFrame":[0.3322031497955322,-0.9017399549484253,-0.07894629240036011,-0.7315776348114014,-0.579060971736908,0.3598368167877197,0.6761408448219299,-0.6838710308074951,0.2741425335407257,0.08733678609132767,0.4438568651676178,0.8918313980102539],"EasingStyle":"Linear","EasingDirection":"In"},"Head":{"Weight":1,"CFrame":[8.940696716308594e-8,-6.239861249923706e-8,2.384185791015625e-7,0.9921330809593201,-0.12514804303646089,0.0031521155033260586,0.12494086474180222,0.9914432764053345,0.037818316370248798,-0.00785803236067295,-0.03712697699666023,0.9992796778678894],"EasingStyle":"Linear","EasingDirection":"In"},"Right Leg":{"Weight":1,"CFrame":[0.47050872445106509,0.08639907836914063,0.06304323673248291,0.9697037935256958,0.21344581246376038,-0.11880849301815033,-0.22139997780323029,0.9734448790550232,-0.058199770748615268,0.1032310277223587,0.08274061977863312,0.9912101030349731],"EasingStyle":"Linear","EasingDirection":"In"},"Torso":{"Weight":1,"CFrame":[-0.006927121430635452,-0.6562710404396057,-0.10632085800170899,0.9937182664871216,0.1114276871085167,-0.01038653776049614,-0.11156164854764939,0.993667721748352,-0.013358701020479203,0.008832238614559174,0.014433524571359158,0.9998568296432495],"EasingStyle":"Linear","EasingDirection":"In"},"HumanoidRootPart":{"Weight":1,"CFrame":[0,0,0,1,0,0,0,1,0,0,0,1],"EasingStyle":"Linear","EasingDirection":"In"},"Left Arm":{"Weight":1,"CFrame":[-0.2459125518798828,-0.7797209024429321,-0.1530287265777588,-0.59098219871521,0.6931180953979492,-0.4127073884010315,-0.8039171695709229,-0.548382043838501,0.23020514845848084,-0.06676197797060013,0.4678296148777008,0.881293535232544],"EasingStyle":"Linear","EasingDirection":"In"}}},{"Time":0.3333333432674408,"poses":{"Left Leg":{"Weight":1,"CFrame":[-0.44746559858322146,0.23525536060333253,0.04303395748138428,0.9909709692001343,-0.07366372644901276,0.11202801018953324,0.06872996687889099,0.9965140223503113,0.04728734865784645,-0.11512088030576706,-0.03916069120168686,0.9925792813301086],"EasingStyle":"Linear","EasingDirection":"In"},"Right Arm":{"Weight":1,"CFrame":[0.3433171510696411,-0.9320329427719116,-0.17140674591064454,-0.7468968033790588,-0.5765185952186585,0.3313180208206177,0.648933470249176,-0.7406573295593262,0.17410343885421754,0.14501923322677613,0.3450406491756439,0.9273167252540588],"EasingStyle":"Linear","EasingDirection":"In"},"Head":{"Weight":1,"CFrame":[8.195638656616211e-8,1.050066202878952e-7,0,0.9899583458900452,-0.14131788909435273,0.00342910666950047,0.14103418588638307,0.9890343546867371,0.04382486641407013,-0.009584741666913033,-0.0429011732339859,0.9990333914756775],"EasingStyle":"Linear","EasingDirection":"In"},"Right Leg":{"Weight":1,"CFrame":[0.5182923674583435,0.1116146445274353,0.06587016582489014,0.9700778126716614,0.21873325109481812,-0.10537943989038468,-0.22739380598068238,0.9706268310546875,-0.07858534157276154,0.08509493619203568,0.10019649565219879,0.9913221001625061],"EasingStyle":"Linear","EasingDirection":"In"},"Torso":{"Weight":1,"CFrame":[-0.012867908924818039,-0.7437461614608765,-0.19527983665466309,0.9922772645950317,0.1236904039978981,-0.009303255937993527,-0.12387395650148392,0.9920364618301392,-0.022778889164328576,0.006411639507859945,0.023755405098199846,0.9996972680091858],"EasingStyle":"Linear","EasingDirection":"In"},"HumanoidRootPart":{"Weight":1,"CFrame":[0,0,0,1,0,0,0,1,0,0,0,1],"EasingStyle":"Linear","EasingDirection":"In"},"Left Arm":{"Weight":1,"CFrame":[-0.2550122141838074,-0.7822540402412415,-0.17727160453796388,-0.6115639209747315,0.6743700504302979,-0.4137808084487915,-0.78456050157547,-0.5844771265983582,0.2070057988166809,-0.10224690288305283,0.45123332738876345,0.8865293264389038],"EasingStyle":"Linear","EasingDirection":"In"}}},{"Time":0.36666667461395266,"poses":{"Left Leg":{"Weight":1,"CFrame":[-0.5354655981063843,0.3305053114891052,0.06187427043914795,0.9847590923309326,-0.11693575978279114,0.12874655425548554,0.11310771852731705,0.9929054975509644,0.036678969860076907,-0.13212229311466218,-0.021557709202170373,0.9909989833831787],"EasingStyle":"Linear","EasingDirection":"In"},"Right Arm":{"Weight":1,"CFrame":[0.35911431908607485,-0.9158486127853394,-0.14883995056152345,-0.7510993480682373,-0.5771775841712952,0.320493221282959,0.6465449333190918,-0.7412716746330261,0.18026618659496308,0.1335269659757614,0.3426111042499542,0.929939866065979],"EasingStyle":"Linear","EasingDirection":"In"},"Head":{"Weight":1,"CFrame":[8.940696716308594e-8,1.257285475730896e-8,-2.980232238769531e-7,0.9882298707962036,-0.15292419493198396,0.004009987227618694,0.15258023142814637,0.9872156977653503,0.046091318130493167,-0.011007199063897133,-0.04493696987628937,0.9989292621612549],"EasingStyle":"Linear","EasingDirection":"In"},"Right Leg":{"Weight":1,"CFrame":[0.6280856132507324,0.19620031118392945,0.07999444007873535,0.9597765803337097,0.26496028900146487,-0.09287126362323761,-0.27343735098838808,0.9571879506111145,-0.09499125182628632,0.06372637301683426,0.11656481772661209,0.9911365509033203],"EasingStyle":"Linear","EasingDirection":"In"},"Torso":{"Weight":1,"CFrame":[-0.016788844019174577,-0.7590766549110413,-0.30966997146606448,0.9912270307540894,0.13194899260997773,-0.007658842019736767,-0.132150799036026,0.990424633026123,-0.03994080424308777,0.002315357094630599,0.04060251638293266,0.9991728067398071],"EasingStyle":"Linear","EasingDirection":"In"},"HumanoidRootPart":{"Weight":1,"CFrame":[0,0,0,1,0,0,0,1,0,0,0,1],"EasingStyle":"Linear","EasingDirection":"In"},"Left Arm":{"Weight":1,"CFrame":[-0.25435981154441836,-0.7729616761207581,-0.17090970277786256,-0.6087155938148499,0.6768274903297424,-0.41396844387054446,-0.791201651096344,-0.5565681457519531,0.25344014167785647,-0.05886637419462204,0.4818054139614105,0.8742987513542175],"EasingStyle":"Linear","EasingDirection":"In"}}},{"Time":0.4000000059604645,"poses":{"Left Leg":{"Weight":1,"CFrame":[-0.555842399597168,0.3886849284172058,0.06217992305755615,0.9854508638381958,-0.10851477086544037,0.13080951571464539,0.10402130335569382,0.9937407970428467,0.0407283715903759,-0.13441042602062226,-0.026528816670179368,0.990570604801178],"EasingStyle":"Linear","EasingDirection":"In"},"Right Arm":{"Weight":1,"CFrame":[0.3678823709487915,-0.879384458065033,-0.09353959560394287,-0.7418288588523865,-0.5989059209823608,0.301664799451828,0.664681077003479,-0.7162761688232422,0.21247942745685578,0.08882015943527222,0.3581342101097107,0.9294357299804688],"EasingStyle":"Linear","EasingDirection":"In"},"Head":{"Weight":1,"CFrame":[8.102506399154663e-8,-6.984919309616089e-8,-5.960464477539063e-8,0.9875301122665405,-0.157370463013649,0.0043386309407651428,0.15700310468673707,0.9865055084228516,0.04644358158111572,-0.011588928289711476,-0.04518325999379158,0.9989114999771118],"EasingStyle":"Linear","EasingDirection":"In"},"Right Leg":{"Weight":1,"CFrame":[0.6453136801719666,0.239582359790802,0.08703327178955078,0.964401364326477,0.2503376305103302,-0.08521318435668946,-0.25881779193878176,0.9596501588821411,-0.10993177443742752,0.05425480753183365,0.12807302176952363,0.9902796149253845],"EasingStyle":"Linear","EasingDirection":"In"},"Torso":{"Weight":1,"CFrame":[-0.016899146139621736,-0.780141294002533,-0.35360050201416018,0.9908283352851868,0.13502821326255799,-0.005178490653634071,-0.13507431745529176,0.9886358380317688,-0.06598588824272156,-0.003790316404774785,0.06608016788959503,0.9978071451187134],"EasingStyle":"Linear","EasingDirection":"In"},"HumanoidRootPart":{"Weight":1,"CFrame":[0,0,0,1,0,0,0,1,0,0,0,1],"EasingStyle":"Linear","EasingDirection":"In"},"Left Arm":{"Weight":1,"CFrame":[-0.2497921735048294,-0.7610141038894653,-0.12637782096862794,-0.6068006753921509,0.6794827580451965,-0.41242700815200808,-0.7946836948394775,-0.5078727602958679,0.33248043060302737,0.016454337164759637,0.529498279094696,0.8481513857841492],"EasingStyle":"Linear","EasingDirection":"In"}}},{"Time":0.4333333373069763,"poses":{"Left Leg":{"Weight":1,"CFrame":[-0.5373066663742065,0.4085608124732971,0.0507277250289917,0.9908494353294373,-0.059347499161958697,0.12122461944818497,0.054030995815992358,0.9974474310874939,0.04668508097529411,-0.12368585169315338,-0.03970799595117569,0.9915266633033752],"EasingStyle":"Linear","EasingDirection":"In"},"Right Arm":{"Weight":1,"CFrame":[0.34959709644317629,-0.819533109664917,-0.027030229568481447,-0.6974807381629944,-0.6522781252861023,0.29673880338668826,0.7165210247039795,-0.6285166144371033,0.30259624123573305,-0.010871665552258492,0.423674613237381,0.9057491421699524],"EasingStyle":"Linear","EasingDirection":"In"},"Head":{"Weight":1,"CFrame":[7.916241884231568e-8,-2.7008354663848878e-8,0,0.988672137260437,-0.15005549788475038,0.0032768237870186569,0.14977353811264039,0.9877638220787048,0.04348163679242134,-0.00976138561964035,-0.04249830171465874,0.9990488886833191],"EasingStyle":"Linear","EasingDirection":"In"},"Right Leg":{"Weight":1,"CFrame":[0.6196895837783814,0.24710142612457276,0.09063589572906494,0.9753470420837402,0.202866330742836,-0.08685312420129776,-0.21251773834228517,0.9695088863372803,-0.12201987951993942,0.05945123732089996,0.13746951520442964,0.9887202978134155],"EasingStyle":"Linear","EasingDirection":"In"},"Torso":{"Weight":1,"CFrame":[-0.013724897056818009,-0.8006608486175537,-0.3454306125640869,0.991541862487793,0.12977838516235352,-0.0015244217356666923,-0.12928418815135957,0.9865967631340027,-0.09956212341785431,-0.011417021043598652,0.09891709685325623,0.9950302839279175],"EasingStyle":"Linear","EasingDirection":"In"},"HumanoidRootPart":{"Weight":1,"CFrame":[0,0,0,1,0,0,0,1,0,0,0,1],"EasingStyle":"Linear","EasingDirection":"In"},"Left Arm":{"Weight":1,"CFrame":[-0.17131318151950837,-0.7361910939216614,-0.02383345365524292,-0.6086782217025757,0.6815138459205627,-0.406263142824173,-0.7905780076980591,-0.4776797294616699,0.3831562399864197,0.0670626163482666,0.5544013977050781,0.8295430541038513],"EasingStyle":"Linear","EasingDirection":"In"}}},{"Time":0.46666666865348818,"poses":{"Left Leg":{"Weight":1,"CFrame":[-0.500428318977356,0.4018843173980713,0.033022403717041019,0.9947248697280884,0.012213587760925293,0.101849764585495,-0.017732521519064904,0.9984126687049866,0.05345865339040756,-0.1010352075099945,-0.05498269200325012,0.9933623671531677],"EasingStyle":"Linear","EasingDirection":"In"},"Right Arm":{"Weight":1,"CFrame":[0.2925514578819275,-0.6770715713500977,0.039847731590270999,-0.609448254108429,-0.7215403914451599,0.3285612165927887,0.7742677927017212,-0.45252725481987,0.4424120783805847,-0.17053525149822236,0.524021565914154,0.8344574570655823],"EasingStyle":"Linear","EasingDirection":"In"},"Head":{"Weight":1,"CFrame":[9.359791874885559e-8,6.618211045861244e-8,1.1920928955078126e-7,0.9914605617523193,-0.1304071843624115,0.00032038710196502507,0.13031335175037385,0.9908345341682434,0.03557346761226654,-0.004956487566232681,-0.035227954387664798,0.9993670582771301],"EasingStyle":"Linear","EasingDirection":"In"},"Right Leg":{"Weight":1,"CFrame":[0.5673719048500061,0.23330581188201905,0.09458279609680176,0.9856721758842468,0.1377909928560257,-0.0972830206155777,-0.15013805031776429,0.9795787930488586,-0.13373112678527833,0.07686949521303177,0.14642097055912019,0.98623126745224],"EasingStyle":"Linear","EasingDirection":"In"},"Torso":{"Weight":1,"CFrame":[-0.009575171396136284,-0.8060004711151123,-0.3132152557373047,0.9931232333183289,0.11704112589359284,0.002795329550281167,-0.11569592356681824,0.9848023056983948,-0.12953342497348786,-0.017913583666086198,0.12831923365592957,0.9915711283683777],"EasingStyle":"Linear","EasingDirection":"In"},"HumanoidRootPart":{"Weight":1,"CFrame":[0,0,0,1,0,0,0,1,0,0,0,1],"EasingStyle":"Linear","EasingDirection":"In"},"Left Arm":{"Weight":1,"CFrame":[-0.0725441500544548,-0.6029391884803772,0.07422745227813721,-0.5856693983078003,0.7045782804489136,-0.40070027112960818,-0.7973114252090454,-0.4118010103702545,0.441264808177948,0.14589689671993257,0.5779181122779846,0.8029475808143616],"EasingStyle":"Linear","EasingDirection":"In"}}},{"Time":0.5,"poses":{"Left Leg":{"Weight":1,"CFrame":[-0.43573981523513796,0.34591764211654665,0.015319347381591797,0.9922381043434143,0.09778190404176712,0.07682691514492035,-0.10246273875236511,0.9929532408714294,0.05954344943165779,-0.07046328485012055,-0.06695319712162018,0.9952648878097534],"EasingStyle":"Linear","EasingDirection":"In"},"Right Arm":{"Weight":1,"CFrame":[0.22027656435966493,-0.4839353859424591,0.15831565856933595,-0.49504801630973818,-0.772476851940155,0.3977526128292084,0.7883937954902649,-0.20695678889751435,0.5793135166168213,-0.3651886284351349,0.6003735065460205,0.7114694118499756],"EasingStyle":"Linear","EasingDirection":"In"},"Head":{"Weight":1,"CFrame":[8.597271516919136e-8,-3.725290298461914e-9,0,0.9947885870933533,-0.10187089443206787,-0.004243110306560993,0.10194415599107743,0.9944955110549927,0.024211198091506959,0.001753336051478982,-0.02451758086681366,0.9996978640556336],"EasingStyle":"Linear","EasingDirection":"In"},"Right Leg":{"Weight":1,"CFrame":[0.4823358654975891,0.18566256761550904,0.09056687355041504,0.991637647151947,0.06110741198062897,-0.11366942524909973,-0.07690499722957611,0.9871262311935425,-0.1402408480644226,0.10363636165857315,0.14780977368354798,0.9835709929466248],"EasingStyle":"Linear","EasingDirection":"In"},"Torso":{"Weight":1,"CFrame":[-0.005640355870127678,-0.7860329747200012,-0.24906015396118165,0.9948132038116455,0.1015172004699707,0.006403511855751276,-0.09957507997751236,0.9847710728645325,-0.1425158977508545,-0.020773805677890779,0.14113904535770417,0.9897719025611877],"EasingStyle":"Linear","EasingDirection":"In"},"HumanoidRootPart":{"Weight":1,"CFrame":[0,0,0,1,0,0,0,1,0,0,0,1],"EasingStyle":"Linear","EasingDirection":"In"},"Left Arm":{"Weight":1,"CFrame":[-0.03792127966880798,-0.4263652265071869,0.1786503791809082,-0.5006237030029297,0.762073814868927,-0.41063302755355837,-0.8070122599601746,-0.23922099173069,0.539911687374115,0.31322047114372256,0.6016783714294434,0.7347624897956848],"EasingStyle":"Linear","EasingDirection":"In"}}},{"Time":0.5333333611488342,"poses":{"Left Leg":{"Weight":1,"CFrame":[-0.4566008448600769,0.32988983392715456,-0.007763922214508057,0.9968667030334473,0.0685969665646553,0.03938717767596245,-0.07172916829586029,0.993833601474762,0.08455604314804077,-0.03334405645728111,-0.08711634576320648,0.995639979839325],"EasingStyle":"Linear","EasingDirection":"In"},"Right Arm":{"Weight":1,"CFrame":[0.15076878666877747,-0.2890588641166687,0.30378007888793948,-0.3865499794483185,-0.7845379114151001,0.48485004901885989,0.743475615978241,0.04600323364138603,0.6671789884567261,-0.5457317233085632,0.6183720231056213,0.5655021667480469],"EasingStyle":"Linear","EasingDirection":"In"},"Head":{"Weight":1,"CFrame":[8.684583008289337e-8,7.619382813572884e-8,-2.980232238769531e-7,0.9976375102996826,-0.06795436143875122,-0.010080642998218537,0.06806335598230362,0.9976215958595276,0.010895438492298127,0.009316273033618927,-0.011555811390280724,0.9998898506164551],"EasingStyle":"Linear","EasingDirection":"In"},"Right Leg":{"Weight":1,"CFrame":[0.3749159276485443,0.11796677112579346,0.07836282253265381,0.9907907247543335,-0.006649828981608152,-0.13523876667022706,-0.012520166113972664,0.9900149703025818,-0.14040540158748628,0.13482210040092469,0.14080560207366944,0.9808143377304077],"EasingStyle":"Linear","EasingDirection":"In"},"Torso":{"Weight":1,"CFrame":[-0.0021487027406692507,-0.6671668291091919,-0.1547081470489502,0.996278703212738,0.085706926882267,0.009125537239015103,-0.08388099074363709,0.988473117351532,-0.12603606283664704,-0.019822509959340097,0.12480157613754273,0.9919837117195129],"EasingStyle":"Linear","EasingDirection":"In"},"HumanoidRootPart":{"Weight":1,"CFrame":[0,0,0,1,0,0,0,1,0,0,0,1],"EasingStyle":"Linear","EasingDirection":"In"},"Left Arm":{"Weight":1,"CFrame":[-0.02014186978340149,-0.25784826278686526,0.2803272008895874,-0.373742014169693,0.8134373426437378,-0.4456867575645447,-0.7703633904457092,-0.004613245837390423,0.6375885009765625,0.516582190990448,0.5816343426704407,0.6283664107322693],"EasingStyle":"Linear","EasingDirection":"In"}}},{"Time":0.5666666626930237,"poses":{"Left Leg":{"Weight":1,"CFrame":[-0.6382753252983093,0.39639800786972048,-0.06716370582580567,0.9912438988685608,-0.12919797003269196,-0.02726900577545166,0.131724014878273,0.9818994998931885,0.1360965073108673,0.009191990830004216,-0.1384967863559723,0.9903202652931213],"EasingStyle":"Linear","EasingDirection":"In"},"Right Arm":{"Weight":1,"CFrame":[0.09847214818000794,-0.13841760158538819,0.4270972013473511,-0.31290769577026369,-0.7694364190101624,0.5568271279335022,0.6756066679954529,0.23174887895584107,0.6998914480209351,-0.6675661206245422,0.5951974391937256,0.4473203718662262],"EasingStyle":"Linear","EasingDirection":"In"},"Head":{"Weight":1,"CFrame":[8.475035429000855e-8,1.1897645890712738e-7,0,0.9993404150009155,-0.03224404156208038,-0.016711397096514703,0.032199911773204806,0.999477207660675,-0.002903108252212405,0.016796274110674859,0.002363089472055435,0.999856173992157],"EasingStyle":"Linear","EasingDirection":"In"},"Right Leg":{"Weight":1,"CFrame":[0.29044830799102785,0.07206624746322632,0.07156956195831299,0.9853647351264954,-0.04157973825931549,-0.16531065106391908,0.01840752735733986,0.9900781512260437,-0.1393074095249176,0.1694628745317459,0.13422557711601258,0.9763533473014832],"EasingStyle":"Linear","EasingDirection":"In"},"Torso":{"Weight":1,"CFrame":[0.0014267973601818085,-0.5270323753356934,-0.06383728981018067,0.9978954792022705,0.06377316266298294,0.011730910278856755,-0.062435999512672427,0.9938317537307739,-0.09165377914905548,-0.01750359870493412,0.09072846174240112,0.9957219362258911],"EasingStyle":"Linear","EasingDirection":"In"},"HumanoidRootPart":{"Weight":1,"CFrame":[0,0,0,1,0,0,0,1,0,0,0,1],"EasingStyle":"Linear","EasingDirection":"In"},"Left Arm":{"Weight":1,"CFrame":[-0.013591527938842774,-0.13162827491760255,0.35737812519073489,-0.2607475221157074,0.831345796585083,-0.49079030752182009,-0.6939989328384399,0.1919833868741989,0.6939077973365784,0.6711008548736572,0.5215426087379456,0.526893675327301],"EasingStyle":"Linear","EasingDirection":"In"}}},{"Time":0.6000000238418579,"poses":{"Left Leg":{"Weight":1,"CFrame":[-0.8414036631584168,0.4206501841545105,-0.17305153608322144,0.9265484809875488,-0.35641634464263918,-0.12031363695859909,0.37391117215156557,0.9076350331306458,0.19075873494148255,0.041211340576410297,-0.22173380851745606,0.974236011505127],"EasingStyle":"Linear","EasingDirection":"In"},"Right Arm":{"Weight":1,"CFrame":[0.07783032953739166,-0.07798689603805542,0.47912371158599856,-0.2867288291454315,-0.7581793665885925,0.5856200456619263,0.642193615436554,0.3014945387840271,0.704761266708374,-0.7108965516090393,0.5781567692756653,0.400450736284256],"EasingStyle":"Linear","EasingDirection":"In"},"Head":{"Weight":1,"CFrame":[8.475035429000855e-8,-5.634501576423645e-8,3.5762786865234377e-7,0.9997234344482422,0.0016417120350524784,-0.023463459685444833,-0.002012458862736821,0.9998734593391419,-0.01578608527779579,0.02343457005918026,0.015828937292099,0.9996001124382019],"EasingStyle":"Linear","EasingDirection":"In"},"Right Leg":{"Weight":1,"CFrame":[0.23847979307174684,0.052467942237854007,0.07443368434906006,0.9770672917366028,-0.05464215949177742,-0.20580030977725984,0.025979148223996164,0.9898834824562073,-0.13948442041873933,0.21134008467197419,0.13093909621238709,0.9686022996902466],"EasingStyle":"Linear","EasingDirection":"In"},"Torso":{"Weight":1,"CFrame":[0.00465097650885582,-0.38459110260009768,0.007630586624145508,0.9994426965713501,0.030401429161429406,0.013786399737000466,-0.029545104131102563,0.9978466033935547,-0.05855955928564072,-0.01553700678050518,0.058119602501392367,0.9981887340545654],"EasingStyle":"Linear","EasingDirection":"In"},"HumanoidRootPart":{"Weight":1,"CFrame":[0,0,0,1,0,0,0,1,0,0,0,1],"EasingStyle":"Linear","EasingDirection":"In"},"Left Arm":{"Weight":1,"CFrame":[-0.012655936181545258,-0.0819457471370697,0.38792383670806887,-0.21400706470012666,0.8312932848930359,-0.5129840970039368,-0.650817334651947,0.27027878165245058,0.7094970345497131,0.7284488677978516,0.4856962561607361,0.48317843675613406],"EasingStyle":"Linear","EasingDirection":"In"}}},{"Time":0.6333333253860474,"poses":{"Left Leg":{"Weight":1,"CFrame":[-0.9972010850906372,0.36117297410964968,-0.28085649013519289,0.8115177154541016,-0.5451240539550781,-0.21042586863040925,0.5828996300697327,0.7803840637207031,0.22633767127990724,0.040830839425325397,-0.30633413791656496,0.9510480165481567],"EasingStyle":"Linear","EasingDirection":"In"},"Right Arm":{"Weight":1,"CFrame":[0.09468457847833634,-0.12003740668296814,0.45974087715148928,-0.30853471159935,-0.7676302790641785,0.5617386698722839,0.6639357209205627,0.24910734593868257,0.7050779461860657,-0.6811723709106445,0.5904991030693054,0.4327988028526306],"EasingStyle":"Linear","EasingDirection":"In"},"Head":{"W