{"Sequence":[{"Time":0,"poses":{"Left Leg":{"Weight":1,"CFrame":[-0.7485589385032654,0.3104592561721802,-0.07302117347717285,0.9625642895698547,-0.26632750034332278,-0.05039549246430397,0.27002719044685366,0.9583640098571777,0.09286388754844666,0.02356499806046486,-0.1029956191778183,0.9944026470184326],"EasingStyle":"Linear","EasingDirection":"In"},"Right Leg":{"Weight":1,"CFrame":[0.5469362139701843,0.22704923152923585,0.23406517505645753,0.7683991193771362,0.5012938976287842,-0.3978281021118164,-0.4584999680519104,0.864902675151825,0.204257532954216,0.44647571444511416,0.025452807545661928,0.8944337368011475],"EasingStyle":"Linear","EasingDirection":"In"},"Left Arm":{"Weight":1,"CFrame":[0.04010642319917679,-0.08042225241661072,-0.1623934507369995,0.8104777932167053,-0.33645641803741457,0.4795025587081909,0.2663837671279907,0.940746545791626,0.20984674990177155,-0.5216947197914124,-0.04234452173113823,0.852080762386322],"EasingStyle":"Linear","EasingDirection":"In"},"Head":{"Weight":1,"CFrame":[8.754432201385498e-8,2.7939677238464357e-9,0,0.9693360328674316,0.24566666781902314,0.0059636905789375309,-0.24528494477272035,0.9687345623970032,-0.03726501017808914,-0.014931999146938324,0.034659501165151599,0.9992876052856445],"EasingStyle":"Linear","EasingDirection":"In"},"Torso":{"Weight":1,"CFrame":[-0.011668071150779724,-0.04832978546619415,-0.34438180923461916,0.9631032943725586,-0.26873645186424258,-0.01458517275750637,0.2674252390861511,0.9616829752922058,-0.06041225418448448,0.030261285603046418,0.05428280308842659,0.9980669617652893],"EasingStyle":"Linear","EasingDirection":"In"},"HumanoidRootPart":{"Weight":0,"CFrame":[0,0,0,1,0,0,0,1,0,0,0,1],"EasingStyle":"Linear","EasingDirection":"In"},"Right Arm":{"Weight":1,"CFrame":[0.27222636342048647,-0.39214181900024416,0.10018813610076904,-0.9652388691902161,-0.16428005695343018,0.2032879739999771,0.14256195724010468,-0.9828084707260132,-0.1173180639743805,0.21906620264053346,-0.08425894379615784,0.9720650315284729],"EasingStyle":"Linear","EasingDirection":"In"}}},{"Time":0.03333333507180214,"poses":{"Left Leg":{"Weight":1,"CFrame":[-0.7437343597412109,0.30001169443130495,-0.10290956497192383,0.9676181674003601,-0.23408757150173188,-0.09443573653697968,0.24260003864765168,0.9657739996910095,0.09179247170686722,0.06971602886915207,-0.1117301657795906,0.9912900924682617],"EasingStyle":"Linear","EasingDirection":"In"},"Right Leg":{"Weight":1,"CFrame":[0.4942275285720825,0.20286601781845094,0.25323498249053957,0.7474755644798279,0.499891996383667,-0.43747949600219729,-0.457047700881958,0.8649221658706665,0.2074054330587387,0.4820660948753357,0.0449184775352478,0.8749826550483704],"EasingStyle":"Linear","EasingDirection":"In"},"Left Arm":{"Weight":1,"CFrame":[0.08421702682971955,-0.09738940000534058,-0.18669599294662476,0.8238629102706909,-0.3402523994445801,0.45329713821411135,0.24289368093013764,0.9345510005950928,0.26003265380859377,-0.5121060609817505,-0.1041283905506134,0.8525870442390442],"EasingStyle":"Linear","EasingDirection":"In"},"Head":{"Weight":1,"CFrame":[8.754432201385498e-8,1.3969838619232178e-9,1.1920928955078126e-7,0.9543284773826599,0.2986243665218353,-0.008982040919363499,-0.2987530827522278,0.9536806344985962,-0.035211436450481418,-0.0019489903934299946,0.03628668561577797,0.9993395209312439],"EasingStyle":"Linear","EasingDirection":"In"},"Torso":{"Weight":1,"CFrame":[-0.00613337941467762,-0.048640355467796329,-0.3201334476470947,0.9505034685134888,-0.31046974658966067,-0.012318302877247334,0.3092067837715149,0.9490492343902588,-0.0608004666864872,0.030567381531000139,0.05398214980959892,0.998073935508728],"EasingStyle":"Linear","EasingDirection":"In"},"HumanoidRootPart":{"Weight":0,"CFrame":[0,0,0,1,0,0,0,1,0,0,0,1],"EasingStyle":"Linear","EasingDirection":"In"},"Right Arm":{"Weight":1,"CFrame":[0.27671781182289126,-0.3761441111564636,0.15249145030975343,-0.9656113386154175,-0.17509959638118745,0.19218455255031587,0.17316463589668275,-0.9845240116119385,-0.026952965185046197,0.1939297765493393,0.00725335581228137,0.980988621711731],"EasingStyle":"Linear","EasingDirection":"In"}}},{"Time":0.06666667014360428,"poses":{"Left Leg":{"Weight":1,"CFrame":[-0.7475675344467163,0.3286634683609009,-0.14073693752288819,0.9705078601837158,-0.20364360511302949,-0.12901076674461366,0.2191169261932373,0.9683064818382263,0.11987634003162384,0.10050986707210541,-0.14460936188697816,0.9843708276748657],"EasingStyle":"Linear","EasingDirection":"In"},"Right Leg":{"Weight":1,"CFrame":[0.49048665165901186,0.20205968618392945,0.2502024173736572,0.7296454906463623,0.5239839553833008,-0.43938392400741579,-0.465824156999588,0.8512548804283142,0.24160505831241609,0.5006248950958252,0.028389545157551767,0.8651986718177795],"EasingStyle":"Linear","EasingDirection":"In"},"Left Arm":{"Weight":1,"CFrame":[0.1433378905057907,-0.13157260417938233,-0.2061558961868286,0.8401632308959961,-0.3266087472438812,0.4329579174518585,0.1929229199886322,0.9260926842689514,0.32424235343933108,-0.5068594217300415,-0.18888908624649049,0.8410792946815491],"EasingStyle":"Linear","EasingDirection":"In"},"Head":{"Weight":1,"CFrame":[9.580980986356735e-8,3.544846549630165e-8,5.960464477539063e-7,0.9388790130615234,0.3436043858528137,-0.021029165014624597,-0.3441426753997803,0.938346803188324,-0.03272709250450134,0.00848748255521059,0.037963803857564929,0.9992430806159973],"EasingStyle":"Linear","EasingDirection":"In"},"Torso":{"Weight":1,"CFrame":[0.006973132491111755,-0.04925762116909027,-0.2681925296783447,0.9366636276245117,-0.35012945532798769,-0.008401169441640377,0.34899285435676577,0.9351004362106323,-0.06157204881310463,0.029414121061563493,0.05474035441875458,0.9980672597885132],"EasingStyle":"Linear","EasingDirection":"In"},"HumanoidRootPart":{"Weight":0,"CFrame":[0,0,0,1,0,0,0,1,0,0,0,1],"EasingStyle":"Linear","EasingDirection":"In"},"Right Arm":{"Weight":1,"CFrame":[0.2885591983795166,-0.36195799708366396,0.2215259075164795,-0.9620277881622315,-0.21906396746635438,0.16283003985881806,0.2500937879085541,-0.9464144110679627,0.20433543622493745,0.1093420684337616,0.23729893565177918,0.9652633666992188],"EasingStyle":"Linear","EasingDirection":"In"}}},{"Time":0.10000000149011612,"poses":{"Left Leg":{"Weight":1,"CFrame":[-0.7570780515670776,0.420007586479187,-0.20048677921295167,0.9746106863021851,-0.16896741092205048,-0.14691486954689027,0.19613122940063477,0.9607638716697693,0.19612574577331544,0.10801161080598831,-0.21996085345745088,0.969510555267334],"EasingStyle":"Linear","EasingDirection":"In"},"Right Leg":{"Weight":1,"CFrame":[0.5659000277519226,0.22317808866500855,0.21496248245239259,0.7119532823562622,0.5905124545097351,-0.38002288341522219,-0.49776580929756167,0.8061001896858215,0.3200494647026062,0.495329886674881,-0.038697924464941028,0.8678426742553711],"EasingStyle":"Linear","EasingDirection":"In"},"Left Arm":{"Weight":1,"CFrame":[0.2128395438194275,-0.17992863059043885,-0.22131133079528809,0.8589390516281128,-0.29354214668273928,0.4195910692214966,0.1179194375872612,0.9107509851455689,0.3957621157169342,-0.4983159303665161,-0.2904576361179352,0.8168939352035523],"EasingStyle":"Linear","EasingDirection":"In"},"Head":{"Weight":1,"CFrame":[8.754432201385498e-8,3.259629011154175e-8,-5.960464477539063e-8,0.9240814447402954,0.3809836506843567,-0.03041333146393299,-0.38183024525642397,0.9237490296363831,-0.029888786375522615,0.01670713536441326,0.039232414215803149,0.9990904331207275],"EasingStyle":"Linear","EasingDirection":"In"},"Torso":{"Weight":1,"CFrame":[0.025620078667998315,-0.0504797101020813,-0.21976900100708009,0.9222755432128906,-0.3865203857421875,-0.0031402823515236379,0.3855692744255066,0.9205187559127808,-0.06309966742992401,0.02728000096976757,0.05698448047041893,0.998002290725708],"EasingStyle":"Linear","EasingDirection":"In"},"HumanoidRootPart":{"Weight":0,"CFrame":[0,0,0,1,0,0,0,1,0,0,0,1],"EasingStyle":"Linear","EasingDirection":"In"},"Right Arm":{"Weight":1,"CFrame":[0.3053005635738373,-0.34852325916290285,0.2999851703643799,-0.9399721026420593,-0.3111565411090851,0.14012160897254945,0.3350347876548767,-0.7634459733963013,0.5521791577339172,-0.06483893096446991,0.5659786462783814,0.8218662142753601],"EasingStyle":"Linear","EasingDirection":"In"}}},{"Time":0.13333334028720857,"poses":{"Left Leg":{"Weight":1,"CFrame":[-0.729206383228302,0.4853336811065674,-0.25925326347351076,0.9829638004302979,-0.10592321306467056,-0.15020793676376344,0.14606502652168275,0.9462488889694214,0.2885793447494507,0.11156679689884186,-0.30560317635536196,0.9456000924110413],"EasingStyle":"Linear","EasingDirection":"In"},"Right Leg":{"Weight":1,"CFrame":[0.6245934367179871,0.20610779523849488,0.15192079544067384,0.7098492980003357,0.6436243653297424,-0.28611481189727785,-0.5210773944854736,0.7531758546829224,0.40150272846221926,0.47391176223754885,-0.1359184980392456,0.8700194358825684],"EasingStyle":"Linear","EasingDirection":"In"},"Left Arm":{"Weight":1,"CFrame":[0.288093239068985,-0.23941349983215333,-0.23270028829574586,0.8779726028442383,-0.2392256110906601,0.4146506190299988,0.020014047622680665,0.8837677836418152,0.46749749779701235,-0.4782922565937042,-0.4021512567996979,0.780711829662323],"EasingStyle":"Linear","EasingDirection":"In"},"Head":{"Weight":1,"CFrame":[8.940696716308594e-8,-1.862645149230957e-9,2.384185791015625e-7,0.9108176827430725,0.41111522912979128,-0.03735476732254028,-0.4121650755405426,0.9107180833816528,-0.026694193482398988,0.023045280948281289,0.03970986232161522,0.9989454746246338],"EasingStyle":"Linear","EasingDirection":"In"},"Torso":{"Weight":1,"CFrame":[0.04779397323727608,-0.05264352262020111,-0.19813799858093263,0.9082071185112,-0.418508917093277,0.003180205589160323,0.41779398918151858,0.9061555862426758,-0.06580444425344467,0.024657979607582094,0.06109273433685303,0.9978274703025818],"EasingStyle":"Linear","EasingDirection":"In"},"HumanoidRootPart":{"Weight":0,"CFrame":[0,0,0,1,0,0,0,1,0,0,0,1],"EasingStyle":"Linear","EasingDirection":"In"},"Right Arm":{"Weight":1,"CFrame":[0.32449179887771609,-0.3347800672054291,0.3805629014968872,-0.8813654780387878,-0.4391794502735138,0.17411594092845918,0.343732625246048,-0.3432859480381012,0.8740724921226502,-0.3241029977798462,0.8302266001701355,0.45352062582969668],"EasingStyle":"Linear","EasingDirection":"In"}}},{"Time":0.1666666716337204,"poses":{"Left Leg":{"Weight":1,"CFrame":[-0.6437637209892273,0.4426898956298828,-0.25445765256881716,0.9898746013641357,-0.005940762814134359,-0.1418202817440033,0.05546558275818825,0.9358765482902527,0.347934752702713,0.13065923750400544,-0.3522779941558838,0.9267299771308899],"EasingStyle":"Linear","EasingDirection":"In"},"Right Leg":{"Weight":1,"CFrame":[0.5637103915214539,0.14188939332962037,0.08744633197784424,0.7584931254386902,0.6223819851875305,-0.19320707023143769,-0.5005679726600647,0.7462536692619324,0.43879032135009768,0.4172767996788025,-0.23610612750053407,0.8775728344917297],"EasingStyle":"Linear","EasingDirection":"In"},"Left Arm":{"Weight":1,"CFrame":[0.36446988582611086,-0.3069862127304077,-0.24086099863052369,0.893197238445282,-0.16203543543815614,0.41945579648017886,-0.0975424274802208,0.8407880067825317,0.5325044989585877,-0.4389580488204956,-0.5165462493896484,0.7351841926574707],"EasingStyle":"Linear","EasingDirection":"In"},"Head":{"Weight":1,"CFrame":[8.568167686462403e-8,1.862645149230957e-8,-1.1920928955078126e-7,0.8997856974601746,0.4343002140522003,-0.04205897077918053,-0.435443639755249,0.8999202847480774,-0.023072507232427598,0.027829330414533616,0.039074625819921496,0.9988486766815186],"EasingStyle":"Linear","EasingDirection":"In"},"Torso":{"Weight":1,"CFrame":[0.07148918509483338,-0.05612534284591675,-0.19481706619262696,0.8954594731330872,-0.4450242519378662,0.010285984724760056,0.4445973336696625,0.892978847026825,-0.07015670835971832,0.022036269307136537,0.06739561259746552,0.99748295545578],"EasingStyle":"Linear","EasingDirection":"In"},"HumanoidRootPart":{"Weight":0,"CFrame":[0,0,0,1,0,0,0,1,0,0,0,1],"EasingStyle":"Linear","EasingDirection":"In"},"Right Arm":{"Weight":1,"CFrame":[0.3436830937862396,-0.31966882944107058,0.4559530019760132,-0.7919487953186035,-0.536332905292511,0.2918291389942169,0.22168810665607453,0.19276531040668488,0.9558743834495544,-0.5689213275909424,0.8216985464096069,-0.03376174345612526],"EasingStyle":"Linear","EasingDirection":"In"}}},{"Time":0.20000000298023225,"poses":{"Left Leg":{"Weight":1,"CFrame":[-0.503243625164032,0.34541773796081545,-0.19638872146606446,0.9844648241996765,0.12046127766370774,-0.12774206697940827,-0.06554410606622696,0.9270727038383484,0.36910727620124819,0.16288931667804719,-0.35500040650367739,0.9205660223960877],"EasingStyle":"Linear","EasingDirection":"In"},"Right Leg":{"Weight":1,"CFrame":[0.39236849546432497,0.09836381673812866,0.03085184097290039,0.840427041053772,0.5287562608718872,-0.11874059587717056,-0.43245071172714236,0.7864065766334534,0.44107913970947268,0.3266018331050873,-0.31934547424316409,0.8895784616470337],"EasingStyle":"Linear","EasingDirection":"In"},"Left Arm":{"Weight":1,"CFrame":[0.4373401999473572,-0.3796024024486542,-0.24633127450942994,0.8985574841499329,-0.06069023907184601,0.43463918566703799,-0.2302073985338211,0.7780075669288635,0.5845584869384766,-0.37362954020500185,-0.6253166794776917,0.6851131916046143],"EasingStyle":"Linear","EasingDirection":"In"},"Head":{"Weight":1,"CFrame":[8.195638656616211e-8,2.2351741790771486e-8,-5.960464477539063e-8,0.8915196657180786,0.45076897740364077,-0.044721510261297229,-0.4518945515155792,0.8918712735176086,-0.018894439563155175,0.03136880323290825,0.0370541512966156,0.9988207817077637],"EasingStyle":"Linear","EasingDirection":"In"},"Torso":{"Weight":1,"CFrame":[0.0946926474571228,-0.061339035630226138,-0.20236539840698243,0.8851061463356018,-0.46504509449005129,0.017893439158797265,0.4649646282196045,0.8820028305053711,-0.07667384296655655,0.01987473852932453,0.07618431001901627,0.9968956708908081],"EasingStyle":"Linear","EasingDirection":"In"},"HumanoidRootPart":{"Weight":0,"CFrame":[0,0,0,1,0,0,0,1,0,0,0,1],"EasingStyle":"Linear","EasingDirection":"In"},"Right Arm":{"Weight":1,"CFrame":[0.3604243993759155,-0.3021289110183716,0.5188490152359009,-0.7005133628845215,-0.5561619400978088,0.4471745491027832,0.04235658049583435,0.5931039452552795,0.8040108680725098,-0.71238112449646,0.5821611285209656,-0.39192014932632449],"EasingStyle":"Linear","EasingDirection":"In"}}},{"Time":0.23333333432674409,"poses":{"Left Leg":{"Weight":1,"CFrame":[-0.45707130432128909,0.3362429738044739,-0.18097245693206788,0.9792438745498657,0.16981986165046693,-0.11064622551202774,-0.1167963370680809,0.918937623500824,0.3767124116420746,0.16565024852752686,-0.3559702932834625,0.9196984171867371],"EasingStyle":"Linear","EasingDirection":"In"},"Right Leg":{"Weight":1,"CFrame":[0.3406342566013336,0.09154301881790161,0.0078067779541015629,0.8649956583976746,0.49632972478866579,-0.07375160604715347,-0.41721731424331667,0.7930682301521301,0.4438157081604004,0.2787690758705139,-0.35312825441360476,0.8930780291557312],"EasingStyle":"Linear","EasingDirection":"In"},"Left Arm":{"Weight":1,"CFrame":[0.5020750761032105,-0.4542205333709717,-0.2496492862701416,0.8857517838478088,0.06541220098733902,0.45952698588371279,-0.3720574676990509,0.6919867396354675,0.6186496615409851,-0.27751943469047549,-0.7189406156539917,0.637265682220459],"EasingStyle":"Linear","EasingDirection":"In"},"Head":{"Weight":1,"CFrame":[9.685754776000977e-8,-1.4901161193847657e-8,-1.7881393432617188e-7,0.8864011168479919,0.46067294478416445,-0.04553600028157234,-0.4616716206073761,0.8869407176971436,-0.013980398885905743,0.033947333693504336,0.03341490402817726,0.9988648891448975],"EasingStyle":"Linear","EasingDirection":"In"},"Torso":{"Weight":1,"CFrame":[0.11536204814910889,-0.06873093545436859,-0.2526531219482422,0.87822026014328,-0.47756630182266238,0.025682413950562478,0.4778954088687897,0.8742052316665649,-0.08591372519731522,0.018577806651592256,0.08772467821836472,0.9959715008735657],"EasingStyle":"Linear","EasingDirection":"In"},"HumanoidRootPart":{"Weight":0,"CFrame":[0,0,0,1,0,0,0,1,0,0,0,1],"EasingStyle":"Linear","EasingDirection":"In"},"Right Arm":{"Weight":1,"CFrame":[0.3722657859325409,-0.28110089898109438,0.5619443655014038,-0.6142024397850037,-0.5219826102256775,0.5918527245521545,-0.10056404769420624,0.7956461310386658,0.5973557829856873,-0.7827146649360657,0.307378351688385,-0.5411804914474487],"EasingStyle":"Linear","EasingDirection":"In"}}},{"Time":0.2666666805744171,"poses":{"Left Leg":{"Weight":1,"CFrame":[-0.5482351183891296,0.46944648027420046,-0.24564802646636964,0.9888824224472046,0.11728766560554505,-0.09140648692846298,-0.07172249257564545,0.914687991142273,0.3977459669113159,0.13025912642478944,-0.3867679834365845,0.912930965423584],"EasingStyle":"Linear","EasingDirection":"In"},"Right Leg":{"Weight":1,"CFrame":[0.517846941947937,0.10033679008483887,0.019831538200378419,0.7976248264312744,0.5989324450492859,-0.07123580574989319,-0.5008071064949036,0.7234635949134827,0.47517651319503786,0.33613523840904238,-0.34333717823028567,0.8770021200180054],"EasingStyle":"Linear","EasingDirection":"In"},"Left Arm":{"Weight":1,"CFrame":[0.5540456771850586,-0.5277963280677795,-0.2513531446456909,0.8438940644264221,0.21537816524505616,0.4913807511329651,-0.5154948830604553,0.5793312788009644,0.6313796043395996,-0.148686945438385,-0.7861217856407166,0.5999206304550171],"EasingStyle":"Linear","EasingDirection":"In"},"Head":{"Weight":1,"CFrame":[8.195638656616211e-8,-2.2351741790771486e-8,2.384185791015625e-7,0.8846634030342102,0.4640820622444153,-0.04470447078347206,-0.46485254168510439,0.8853510022163391,-0.008109323680400849,0.0358157753944397,0.02795499749481678,0.9989673495292664],"EasingStyle":"Linear","EasingDirection":"In"},"Torso":{"Weight":1,"CFrame":[0.13139674067497254,-0.07876966893672943,-0.37396931648254397,0.8757861256599426,-0.4815521538257599,0.033259738236665729,0.4823461174964905,0.8704294562339783,-0.09846214205026627,0.01846439018845558,0.10227448493242264,0.994584858417511],"EasingStyle":"Linear","EasingDirection":"In"},"HumanoidRootPart":{"Weight":0,"CFrame":[0,0,0,1,0,0,0,1,0,0,0,1],"EasingStyle":"Linear","EasingDirection":"In"},"Right Arm":{"Weight":1,"CFrame":[0.37675741314888,-0.2555241584777832,0.5779333114624023,-0.5120591521263123,-0.46886610984802248,0.7196944952011108,-0.17606143653392793,0.8773791193962097,0.44632741808891299,-0.8407126665115356,0.10183558613061905,-0.5318191647529602],"EasingStyle":"Linear","EasingDirection":"In"}}},{"Time":0.30000001192092898,"poses":{"Left Leg":{"Weight":1,"CFrame":[-0.5212090611457825,0.45009082555770876,-0.2266685962677002,0.985933244228363,0.14451876282691956,-0.08396390825510025,-0.1010780930519104,0.9156345129013062,0.38909733295440676,0.1331120878458023,-0.37513700127601626,0.9173621535301209],"EasingStyle":"Linear","EasingDirection":"In"},"Right Leg":{"Weight":1,"CFrame":[0.4779824912548065,0.11238348484039307,0.012503504753112793,0.8280700445175171,0.5558408498764038,-0.07308103144168854,-0.4636896252632141,0.7523167729377747,0.46798646450042727,0.3151061534881592,-0.35363873839378359,0.8807086944580078],"EasingStyle":"Linear","EasingDirection":"In"},"Left Arm":{"Weight":1,"CFrame":[0.5886225700378418,-0.5972888469696045,-0.25198090076446535,0.7594283223152161,0.38507288694381716,0.5243924856185913,-0.650509238243103,0.43665841221809389,0.6214234828948975,0.01031283475458622,-0.813048779964447,0.5821043252944946],"EasingStyle":"Linear","EasingDirection":"In"},"Head":{"Weight":1,"CFrame":[8.940696716308594e-8,7.450580596923828e-9,1.1920928955078126e-7,0.8866583108901978,0.46050795912742617,-0.042065128684043887,-0.46083858609199526,0.8874816298484802,0.0020450730808079244,0.038273800164461139,0.01757196895778179,0.9991127848625183],"EasingStyle":"Linear","EasingDirection":"In"},"Torso":{"Weight":1,"CFrame":[0.1406663954257965,-0.09154850244522095,-0.3479170799255371,0.878023624420166,-0.4769264757633209,0.04019533842802048,0.4782167971134186,0.8707543611526489,-0.11443567276000977,0.01957712695002556,0.11969929933547974,0.992617130279541],"EasingStyle":"Linear","EasingDirection":"In"},"HumanoidRootPart":{"Weight":0,"CFrame":[0,0,0,1,0,0,0,1,0,0,0,1],"EasingStyle":"Linear","EasingDirection":"In"},"Right Arm":{"Weight":1,"CFrame":[0.3579181432723999,-0.22484007477760316,0.5582935810089111,-0.3634262681007385,-0.4147984981536865,0.8341844081878662,-0.21082143485546113,0.9087992906570435,0.36005282402038576,-0.9074556231498718,-0.04501137509942055,-0.417729914188385],"EasingStyle":"Linear","EasingDirection":"In"}}},{"Time":0.3333333432674408,"poses":{"Left Leg":{"Weight":1,"CFrame":[-0.5202945470809937,0.45049023628234866,-0.19859933853149415,0.9874352812767029,0.142409548163414,-0.0684916153550148,-0.11061716824769974,0.9324349761009216,0.3439895808696747,0.1128513365983963,-0.3320910930633545,0.9364721179008484],"EasingStyle":"Linear","EasingDirection":"In"},"Right Leg":{"Weight":1,"CFrame":[0.516988217830658,0.1163671612739563,0.0077970027923583988,0.8423300385475159,0.5354136824607849,-0.0617440901696682,-0.46421390771865847,0.7789374589920044,0.42161810398101809,0.2738349139690399,-0.3264791965484619,0.904668927192688],"EasingStyle":"Linear","EasingDirection":"In"},"Left Arm":{"Weight":1,"CFrame":[0.6011768579483032,-0.6596537232398987,-0.2520705461502075,0.6172772645950317,0.5640096068382263,0.548508882522583,-0.7635806798934937,0.2615540325641632,0.5903677344322205,0.18950821459293366,-0.7832513451576233,0.5921182632446289],"EasingStyle":"Linear","EasingDirection":"In"},"Head":{"Weight":1,"CFrame":[7.450580596923828e-8,-5.21540641784668e-8,-5.960464477539063e-8,0.8932741284370422,0.44793370366096499,-0.03763945400714874,-0.44758400321006777,0.8940662145614624,0.017725063487887384,0.041591815650463107,0.0010134987533092499,0.9991341829299927],"EasingStyle":"Linear","EasingDirection":"In"},"Torso":{"Weight":1,"CFrame":[0.13721966743469239,-0.10605305433273316,-0.29843997955322268,0.8851967453956604,-0.46294358372688296,0.04593415558338165,0.4647355377674103,0.8754696249961853,-0.13256637752056123,0.021156800910830499,0.13869455456733704,0.9901092052459717],"EasingStyle":"Linear","EasingDirection":"In"},"HumanoidRootPart":{"Weight":0,"CFrame":[0,0,0,1,0,0,0,1,0,0,0,1],"EasingStyle":"Linear","EasingDirection":"In"},"Right Arm":{"Weight":1,"CFrame":[0.30742913484573367,-0.19049078226089478,0.5056593418121338,-0.155705988407135,-0.35624879598617556,0.9213264584541321,-0.2377842366695404,0.9187933206558228,0.31508320569992068,-0.9587566256523132,-0.17001663148403169,-0.2277720868587494],"EasingStyle":"Linear","EasingDirection":"In"}}},{"Time":0.36666667461395266,"poses":{"Left Leg":{"Weight":1,"CFrame":[-0.5727267861366272,0.49747520685195925,-0.1716766357421875,0.9934104681015015,0.09349355846643448,-0.06629162281751633,-0.0741351917386055,0.9652906060218811,0.25043562054634097,0.0874047502875328,-0.2438708394765854,0.9658609628677368],"EasingStyle":"Linear","EasingDirection":"In"},"Right Leg":{"Weight":1,"CFrame":[0.6323724985122681,0.13769805431365968,0.031157732009887697,0.8263985514640808,0.5555248856544495,-0.09196484088897705,-0.5023348927497864,0.8011321425437927,0.3253411054611206,0.2544111907482147,-0.22266429662704469,0.9411140084266663],"EasingStyle":"Linear","EasingDirection":"In"},"Left Arm":{"Weight":1,"CFrame":[0.5068198442459106,-0.7122637033462524,-0.21386957168579102,0.38100460171699526,0.7199101448059082,0.5801419019699097,-0.8345248103141785,-0.0023342177737504246,0.5509653687477112,0.39799976348876955,-0.6940633058547974,0.5998936891555786],"EasingStyle":"Linear","EasingDirection":"In"},"Head":{"Weight":1,"CFrame":[7.450580596923828e-8,-5.21540641784668e-8,-2.384185791015625e-7,0.9051201343536377,0.423947811126709,-0.0320294089615345,-0.42283958196640017,0.9054839015007019,0.036132413893938068,0.044320378452539447,-0.019160859286785127,0.9988335967063904],"EasingStyle":"Linear","EasingDirection":"In"},"Torso":{"Weight":1,"CFrame":[0.12018859386444092,-0.12113645672798157,-0.26476287841796877,0.8978961706161499,-0.4373854398727417,0.049763381481170657,0.43964850902557375,0.8853140473365784,-0.15142060816287995,0.022172939032316209,0.157838374376297,0.9872159957885742],"EasingStyle":"Linear","EasingDirection":"In"},"HumanoidRootPart":{"Weight":0,"CFrame":[0,0,0,1,0,0,0,1,0,0,0,1],"EasingStyle":"Linear","EasingDirection":"In"},"Right Arm":{"Weight":1,"CFrame":[0.23433318734169007,-0.15441864728927613,0.42945778369903567,0.10949689149856568,-0.28492996096611025,0.9522737860679627,-0.254096120595932,0.9181787371635437,0.3039454519748688,-0.9609607458114624,-0.27525025606155398,0.028138067573308946],"EasingStyle":"Linear","EasingDirection":"In"}}},{"Time":0.4000000059604645,"poses":{"Left Leg":{"Weight":1,"CFrame":[-0.6208747029304504,0.5077962875366211,-0.12419092655181885,0.9948059320449829,0.04856634512543678,-0.08945633471012116,-0.03741587698459625,0.9917805790901184,0.12235761433839798,0.09466351568698883,-0.11837498098611832,0.9884463548660278],"EasingStyle":"Linear","EasingDirection":"In"},"Right Leg":{"Weight":1,"CFrame":[0.6496978402137756,0.16382014751434327,0.11595559120178223,0.8219125866889954,0.5346563458442688,-0.19647414982318879,-0.5064859986305237,0.8438001275062561,0.17740759253501893,0.2606370151042938,-0.04630226641893387,0.9643259048461914],"EasingStyle":"Linear","EasingDirection":"In"},"Left Arm":{"Weight":1,"CFrame":[0.28181448578834536,-0.7541480660438538,-0.12277483940124512,0.04771781340241432,0.7719718217849731,0.6338629722595215,-0.7886037826538086,-0.3603590726852417,0.4982425570487976,0.6130474209785461,-0.5236418843269348,0.5915843844413757],"EasingStyle":"Linear","EasingDirection":"In"},"Head":{"Weight":1,"CFrame":[8.940696716308594e-8,5.587935447692871e-8,4.76837158203125e-7,0.9222007989883423,0.38584426045417788,-0.025880912318825723,-0.3840932250022888,0.9216782450675964,0.054603707045316699,0.04492241144180298,-0.040414899587631229,0.9981726408004761],"EasingStyle":"Linear","EasingDirection":"In"},"Torso":{"Weight":1,"CFrame":[0.09501117467880249,-0.1356772780418396,-0.25504398345947268,0.916097104549408,-0.3977068066596985,0.050945088267326358,0.40037575364112856,0.9005199670791626,-0.1695966124534607,0.02157265692949295,0.17576414346694947,0.98419588804245],"EasingStyle":"Linear","EasingDirection":"In"},"HumanoidRootPart":{"Weight":0,"CFrame":[0,0,0,1,0,0,0,1,0,0,0,1],"EasingStyle":"Linear","EasingDirection":"In"},"Right Arm":{"Weight":1,"CFrame":[0.1476728916168213,-0.1185653805732727,0.3391155004501343,0.40691643953323367,-0.19779989123344422,0.8917927145957947,-0.2534737288951874,0.913485586643219,0.31826895475387576,-0.8775933384895325,-0.3555549681186676,0.32157525420188906],"EasingStyle":"Linear","EasingDirection":"In"}}},{"Time":0.4333333373069763,"poses":{"Left Leg":{"Weight":1,"CFrame":[-0.6413034796714783,0.4327852725982666,-0.06597477197647095,0.9930580258369446,0.02825995534658432,-0.11418012529611588,-0.029836531728506089,0.9994812607765198,-0.012122035026550293,0.1137782633304596,0.015444635413587094,0.9933860898017883],"EasingStyle":"Linear","EasingDirection":"In"},"Right Leg":{"Weight":1,"CFrame":[0.5456445217132568,0.11634600162506104,0.21109998226165772,0.832754373550415,0.4522705078125,-0.3193298280239105,-0.4760230481624603,0.8794229626655579,0.0041546327993273739,0.2827050983905792,0.14854852855205537,0.9476345181465149],"EasingStyle":"Linear","EasingDirection":"In"},"Left Arm":{"Weight":1,"CFrame":[0.013259530067443848,-0.7847532033920288,-0.014048635959625245,-0.27527257800102236,0.675654947757721,0.6838971972465515,-0.5979635119438171,-0.6773598790168762,0.42851266264915469,0.7527713179588318,-0.2909878194332123,0.5904756188392639],"EasingStyle":"Linear","EasingDirection":"In"},"Head":{"Weight":1,"CFrame":[8.195638656616211e-8,-1.1548399925231934e-7,1.1920928955078126e-7,0.9436111450195313,0.33046817779541018,-0.019717605784535409,-0.32839351892471316,0.9418992400169373,0.07059409469366074,0.041901104152202609,-0.06013825163245201,0.997310221195221],"EasingStyle":"Linear","EasingDirection":"In"},"Torso":{"Weight":1,"CFrame":[0.06716103851795197,-0.14851278066635133,-0.26673269271850588,0.9388551712036133,-0.3408385217189789,0.048785921186208728,0.3438221216201782,0.9205018877983093,-0.18564105033874513,0.01836608722805977,0.19106373190879823,0.9814057946205139],"EasingStyle":"Linear","EasingDirection":"In"},"HumanoidRootPart":{"Weight":0,"CFrame":[0,0,0,1,0,0,0,1,0,0,0,1],"EasingStyle":"Linear","EasingDirection":"In"},"Right Arm":{"Weight":1,"CFrame":[0.0564914345741272,-0.08487516641616821,0.24405992031097413,0.6832229495048523,-0.10117191821336746,0.7231670618057251,-0.23123905062675477,0.9094086289405823,0.3456939458847046,-0.6926289796829224,-0.4034106433391571,0.5979340076446533],"EasingStyle":"Linear","EasingDirection":"In"}}},{"Time":0.46666666865348818,"poses":{"Left Leg":{"Weight":1,"CFrame":[-0.641768217086792,0.3605899214744568,-0.017738044261932374,0.9937923550605774,0.016842683777213098,-0.10996831208467484,-0.029225094243884088,0.9932807683944702,-0.1119789108633995,0.10734336078166962,0.1144975870847702,0.9876070618629456],"EasingStyle":"Linear","EasingDirection":"In"},"Right Leg":{"Weight":1,"CFrame":[0.45895883440971377,0.04136151075363159,0.2440948486328125,0.8411847352981567,0.3822826147079468,-0.3824502229690552,-0.45696771144866946,0.8806872367858887,-0.1247820034623146,0.28911709785461428,0.2797320485115051,0.9155114889144898],"EasingStyle":"Linear","EasingDirection":"In"},"Left Arm":{"Weight":1,"CFrame":[-0.21174593269824983,-0.8035239577293396,0.07704627513885498,-0.47660407423973086,0.517288327217102,0.7108173370361328,-0.3769749701023102,-0.8507027626037598,0.36632588505744936,0.7941904067993164,-0.09336792677640915,0.6004531979560852],"EasingStyle":"Linear","EasingDirection":"In"},"Head":{"Weight":1,"CFrame":[9.12696123123169e-8,8.195638656616211e-8,-1.7881393432617188e-7,0.9670756459236145,0.2541186511516571,-0.013728098943829537,-0.25221070647239687,0.9642240405082703,0.08161941170692444,0.03397797420620918,-0.07546978443861008,0.996569037437439],"EasingStyle":"Linear","EasingDirection":"In"},"Torso":{"Weight":1,"CFrame":[0.04223354160785675,-0.15833783149719239,-0.31899547576904299,0.9638305902481079,-0.26306554675102236,0.04274461418390274,0.26625680923461916,0.9433631896972656,-0.19792228937149049,0.011742843315005303,0.202144593000412,0.9792852997779846],"EasingStyle":"Linear","EasingDirection":"In"},"HumanoidRootPart":{"Weight":0,"CFrame":[0,0,0,1,0,0,0,1,0,0,0,1],"EasingStyle":"Linear","EasingDirection":"In"},"Right Arm":{"Weight":1,"CFrame":[-0.030168890953063966,-0.055290400981903079,0.15371787548065186,0.880783200263977,-0.009601382538676262,0.47342243790626528,-0.1901649683713913,0.9084551334381104,0.37221837043762209,-0.43365678191185,-0.4178721308708191,0.7983261942863464],"EasingStyle":"Linear","EasingDirection":"In"}}},{"Time":0.5,"poses":{"Left Leg":{"Weight":1,"CFrame":[-0.6353927850723267,0.35470515489578249,0.04844307899475098,0.998971700668335,-0.015083380974829197,-0.04275498539209366,0.007922342047095299,0.9866020083427429,-0.16295303404331208,0.04463999718427658,0.16244681179523469,0.9857069849967957],"EasingStyle":"Linear","EasingDirection":"In"},"Right Leg":{"Weight":1,"CFrame":[0.5101023316383362,0.03465878963470459,0.23038649559020997,0.8619980216026306,0.38168027997016909,-0.3335857689380646,-0.4549499750137329,0.8727415204048157,-0.1770390421152115,0.2235618382692337,0.30437207221984866,0.9259469509124756],"EasingStyle":"Linear","EasingDirection":"In"},"Left Arm":{"Weight":1,"CFrame":[-0.30610302090644839,-0.8099035620689392,0.11524724960327149,-0.541834831237793,0.43965449929237368,0.7163230776786804,-0.27854374051094057,-0.8980411291122437,0.3404932916164398,0.7929869890213013,-0.01503615640103817,0.6090530157089233],"EasingStyle":"Linear","EasingDirection":"In"},"Head":{"Weight":1,"CFrame":[9.778887033462525e-8,-4.284083843231201e-8,0,0.9882499575614929,0.15266315639019013,-0.007484045345336199,-0.15148195624351502,0.9847806692123413,0.08520711213350296,0.020378131419420244,-0.0830722227692604,0.9963351488113403],"EasingStyle":"Linear","EasingDirection":"In"},"Torso":{"Weight":1,"CFrame":[0.02609403431415558,-0.16358664631843568,-0.3869760036468506,0.9865570664405823,-0.16012896597385407,0.03261745721101761,0.16341231763362885,0.9651336669921875,-0.20448337495326997,0.001263500191271305,0.20706459879875184,0.9783264398574829],"EasingStyle":"Linear","EasingDirection":"In"},"HumanoidRootPart":{"Weight":0,"CFrame":[0,0,0,1,0,0,0,1,0,0,0,1],"EasingStyle":"Linear","EasingDirection":"In"},"Right Arm":{"Weight":1,"CFrame":[-0.10326464474201203,-0.03175279498100281,0.07751607894897461,0.9767131805419922,0.06334704160690308,0.20498433709144593,-0.14076201617717744,0.9102451801300049,0.38940945267677309,-0.16191807389259339,-0.4091953933238983,0.8979653120040894],"EasingStyle":"Linear","EasingDirection":"In"}}},{"Time":0.5333333611488342,"poses":{"Left Leg":{"Weight":1,"CFrame":[-0.5712212920188904,0.2909202575683594,0.12222862243652344,0.9954817295074463,-0.034932274371385577,0.08829442411661148,0.04976063594222069,0.9838788509368897,-0.1717740297317505,-0.0808705985546112,0.17539146542549134,0.9811716079711914],"EasingStyle":"Linear","EasingDirection":"In"},"Right Leg":{"Weight":1,"CFrame":[0.598417341709137,0.020672619342803956,0.17415058612823487,0.9072790145874023,0.3700486123561859,-0.19977213442325593,-0.40610161423683169,0.8943436741828919,-0.18769870698451997,0.10920733958482743,0.25142282247543337,0.9616965651512146],"EasingStyle":"Linear","EasingDirection":"In"},"Left Arm":{"Weight":1,"CFrame":[-0.3060823380947113,-0.7695002555847168,0.10956454277038574,-0.5608094334602356,0.5174968838691711,0.6462892293930054,-0.3646054267883301,-0.8551920056343079,0.36838769912719729,0.7433408498764038,-0.029045220464468004,0.6682819128036499],"EasingStyle":"Linear","EasingDirection":"In"},"Head":{"Weight":1,"CFrame":[8.195638656616211e-8,-6.193295121192932e-8,-3.5762786865234377e-7,0.9996901750564575,0.024603569880127908,0.0037731239572167398,-0.024834634736180307,0.9961062669754028,0.08459042757749558,-0.0016772093949839473,-0.0846579298377037,0.9964086413383484],"EasingStyle":"Linear","EasingDirection":"In"},"Torso":{"Weight":1,"CFrame":[0.014643814414739609,-0.16326162219047547,-0.33638429641723635,0.999366044998169,-0.030535422265529634,0.01830468140542507,0.03363204002380371,0.9783769249916077,-0.2040770947933197,-0.01167729776352644,0.20456334948539735,0.9787836670875549],"EasingStyle":"Linear","EasingDirection":"In"},"HumanoidRootPart":{"Weight":0,"CFrame":[0,0,0,1,0,0,0,1,0,0,0,1],"EasingStyle":"Linear","EasingDirection":"In"},"Right Arm":{"Weight":1,"CFrame":[-0.1537536382675171,-0.016205936670303346,0.024881839752197267,0.9933001399040222,0.11330022662878037,-0.022758392617106439,-0.0949455127120018,0.9123714566230774,0.39820045232772829,0.06588026881217957,-0.3933718502521515,0.9170160889625549],"EasingStyle":"Linear","EasingDirection":"In"}}},{"Time":0.5666666626930237,"poses":{"Left Leg":{"Weight":1,"CFrame":[-0.5351327061653137,0.34811604022979739,0.18098580837249757,0.9603999853134155,-0.12938065826892854,0.2467641532421112,0.15070989727973939,0.98613041639328,-0.06952214241027832,-0.23434682190418244,0.10395889729261399,0.9665785431861877],"EasingStyle":"Linear","EasingDirection":"In"},"Right Leg":{"Weight":1,"CFrame":[0.8119235038757324,0.116055428981781,0.1435452699661255,0.9146478772163391,0.40151000022888186,-0.046999137848615649,-0.40425145626068118,0.9084427952766419,-0.10636050999164581,-0.000008744185834075325,0.11628183722496033,0.9932162761688232],"EasingStyle":"Linear","EasingDirection":"In"},"Left Arm":{"Weight":1,"CFrame":[-0.30593758821487429,-0.6651428937911987,0.09490931034088135,-0.529739499092102,0.7239869832992554,0.44183579087257388,-0.5993716716766357,-0.6881281733512878,0.4089416563510895,0.6001080274581909,-0.048191409558057788,0.7984659671783447],"EasingStyle":"Linear","EasingDirection":"In"},"Head":{"Weight":1,"CFrame":[7.543712854385376e-8,8.649658411741257e-8,-1.1920928955078126e-7,0.9925460815429688,-0.11986564099788666,0.022011639550328256,0.11758369207382202,0.9893677234649658,0.0855894461274147,-0.032036833465099338,-0.08236326277256012,0.9960873126983643],"EasingStyle":"Linear","EasingDirection":"In"},"Torso":{"Weight":1,"CFrame":[0.0012689756695181132,-0.15720048546791078,-0.24843549728393556,0.9933177828788757,0.11540070176124573,0.001586133148521185,-0.11284136027097702,0.9739888906478882,-0.19650059938430787,-0.024221181869506837,0.1950085461139679,0.9805024266242981],"EasingStyle":"Linear","EasingDirection":"In"},"HumanoidRootPart":{"Weight":0,"CFrame":[0,0,0,1,0,0,0,1,0,0,0,1],"EasingStyle":"Linear","EasingDirection":"In"},"Right Arm":{"Weight":1,"CFrame":[-0.17259299755096436,-0.010591894388198853,0.005242466926574707,0.9735917448997498,0.14400626718997956,-0.17714770138263703,-0.0610540546476841,0.9119315147399902,0.4057748019695282,0.21998059749603272,-0.3842434883117676,0.8966412544250488],"EasingStyle":"Linear","EasingDirection":"In"}}},{"Time":0.6000000238418579,"poses":{"Left Leg":{"Weight":1,"CFrame":[-0.5173894166946411,0.4365745186805725,0.17676544189453126,0.8564805388450623,-0.3213135302066803,0.4039786159992218,0.26109355688095095,0.9448049068450928,0.19792385399341584,-0.4452766478061676,-0.06404177099466324,0.8930999040603638],"EasingStyle":"Linear","EasingDirection":"In"},"Right Leg":{"Weight":1,"CFrame":[0.9442621469497681,0.37604820728302,-0.008639991283416748,0.9462972283363342,0.3057725131511688,0.1049986183643341,-0.3187887966632843,0.9365705847740173,0.14563389122486115,-0.05380763113498688,-0.17128537595272065,0.9837509989738464],"EasingStyle":"Linear","EasingDirection":"In"},"Left Arm":{"Weight":1,"CFrame":[-0.30554479360580447,-0.5221118927001953,0.07487058639526367,-0.28936153650283816,0.9467583298683167,0.14113318920135499,-0.8744037747383118,-0.3214282989501953,0.3634583353996277,0.3894713819026947,-0.018236640840768815,0.9208580255508423],"EasingStyle":"Linear","EasingDirection":"In"},"Head":{"Weight":1,"CFrame":[5.960464477539063e-8,4.842877388000488e-8,-1.7881393432617188e-7,0.9632354974746704,-0.2650505602359772,0.04388108104467392,0.26048997044563296,0.9613766074180603,0.08888185769319534,-0.06574442982673645,-0.07418359071016312,0.9950751066207886],"EasingStyle":"Linear","EasingDirection":"In"},"Torso":{"Weight":1,"CFrame":[-0.020298385992646219,-0.14548328518867494,-0.19955849647521974,0.9649518728256226,0.2620384693145752,-0.014271791093051434,-0.2601994276046753,0.9482749700546265,-0.18185405433177949,-0.03411918506026268,0.17919394373893739,0.9832219481468201],"EasingStyle":"Linear","EasingDirection":"In"},"HumanoidRootPart":{"Weight":0,"CFrame":[0,0,0,1,0,0,0,1,0,0,0,1],"EasingStyle":"Linear","EasingDirection":"In"},"Right Arm":{"Weight":1,"CFrame":[-0.17239397764205934,-0.031722307205200198,0.021198749542236329,0.9474635720252991,0.16059261560440064,-0.27662768959999087,-0.021473122760653497,0.8948127031326294,0.4459249675273895,0.3191421926021576,-0.4165576100349426,0.8512508869171143],"EasingStyle":"Linear","EasingDirection":"In"}}},{"Time":0.6333333253860474,"poses":{"Left Leg":{"Weight":1,"CFrame":[-0.2766819894313812,0.2989692687988281,0.14330077171325684,0.7597231864929199,-0.400486022233963,0.5122807025909424,0.20025907456874848,0.8936378359794617,0.40163126587867739,-0.6186412572860718,-0.20253975689411164,0.7591184377670288],"EasingStyle":"Linear","EasingDirection":"In"},"Right Leg":{"Weight":1,"CFrame":[0.8690706491470337,0.3785399794578552,-0.1648508906364441,0.97374427318573,0.03584752604365349,0.22480455040931703,-0.12030068784952164,0.9193995594978333,0.37447589635849,-0.19326111674308778,-0.39168787002563479,0.899572491645813],"EasingStyle":"Linear","EasingDirection":"In"},"Left Arm":{"Weight":1,"CFrame":[-0.30478015542030337,-0.3656870722770691,0.053037405014038089,0.16456779