{"Sequence":[{"Time":0,"poses":{"Left Leg":{"Weight":1,"CFrame":[-0.5754483938217163,0.038225531578063968,-0.05397599935531616,0.9372246265411377,-0.3372536599636078,-0.08871372044086456,0.339901328086853,0.9403215646743774,0.01619952917098999,0.07795602083206177,-0.0453365184366703,0.9959254860877991],"EasingStyle":"Constant","EasingDirection":"In"},"Right Arm":{"Weight":1,"CFrame":[-0.003861948847770691,-0.2030448615550995,0.009962975978851319,0.9599264860153198,-0.08853890001773834,0.2658984959125519,0.07433946430683136,0.995239794254303,0.06302020698785782,-0.27021244168281557,-0.040728066116571429,0.9619389176368713],"EasingStyle":"Constant","EasingDirection":"In"},"Head":{"Weight":1,"CFrame":[5.681067705154419e-8,-1.1175870895385743e-8,0.016661912202835084,0.9894489645957947,-0.14247667789459229,-0.02629012241959572,0.1419578492641449,0.9896571636199951,-0.020657716318964959,0.02896142192184925,0.0167076475918293,0.9994409680366516],"EasingStyle":"Constant","EasingDirection":"In"},"Left Arm":{"Weight":1,"CFrame":[-0.0462646484375,0.5257449150085449,0.45393645763397219,-0.3769868016242981,0.16518260538578034,-0.9113703370094299,-0.8791646361351013,-0.37345224618911745,0.2959781587123871,-0.291462779045105,0.9128243327140808,0.2860092222690582],"EasingStyle":"Constant","EasingDirection":"In"},"Torso":{"Weight":1,"CFrame":[-0.04449675977230072,0.007232956122606993,-0.18665601313114167,0.9758224487304688,0.21176455914974214,-0.0540955513715744,-0.21160133183002473,0.9773164987564087,0.008793248794972897,0.05473057180643082,0.0028660413809120657,0.9984970688819885],"EasingStyle":"Constant","EasingDirection":"In"},"HumanoidRootPart":{"Weight":0,"CFrame":[0,0,0,1,0,0,0,1,0,0,0,1],"EasingStyle":"Linear","EasingDirection":"In"},"Right Leg":{"Weight":1,"CFrame":[0.29662978649139407,0.25338810682296755,0.18021449446678163,0.871773362159729,0.179037407040596,-0.45602279901504519,-0.13643252849578858,0.9827303886413574,0.12500950694084168,0.4705287516117096,-0.046763647347688678,0.8811447024345398],"EasingStyle":"Constant","EasingDirection":"In"}}},{"Time":0.03333333507180214,"poses":{"Left Leg":{"Weight":1,"CFrame":[-0.3994637429714203,0.09590321779251099,0.11129188537597656,0.9487976431846619,-0.20584945380687715,0.23960188031196595,0.21627593040466309,0.976170539855957,-0.017770741134881974,-0.23023422062397004,0.06868091970682144,0.9707086086273193],"EasingStyle":"Constant","EasingDirection":"In"},"Right Arm":{"Weight":1,"CFrame":[0.0492250919342041,-0.08346399664878845,0.03613206744194031,0.26071056723594668,-0.7666771411895752,0.5867165327072144,0.9346781373023987,0.35258418321609499,0.045401398092508319,-0.24167515337467194,0.5365543365478516,0.8085187673568726],"EasingStyle":"Constant","EasingDirection":"In"},"Head":{"Weight":1,"CFrame":[1.0058283805847168e-7,-7.916241884231568e-9,0.016662389039993287,0.9970929622650147,0.06992896646261215,0.030260270461440088,-0.070194773375988,0.9975027441978455,0.00781369861215353,-0.029638297855854036,-0.00991511158645153,0.9995115399360657],"EasingStyle":"Constant","EasingDirection":"In"},"Left Arm":{"Weight":1,"CFrame":[0.002039492130279541,0.3658941686153412,0.3806467652320862,-0.0833268091082573,0.43316420912742617,-0.8974549770355225,-0.9950081706047058,0.013461224734783173,0.09888163208961487,0.05491289123892784,0.9012145400047302,0.42988017201423647],"EasingStyle":"Constant","EasingDirection":"In"},"Torso":{"Weight":1,"CFrame":[-0.07081124186515808,-0.038999736309051517,-0.20748449862003327,0.9959027767181397,-0.02769133821129799,-0.08608651906251908,0.02366781234741211,0.9985949397087097,-0.04741264879703522,0.08727848529815674,0.04518090933561325,0.995158851146698],"EasingStyle":"Constant","EasingDirection":"In"},"HumanoidRootPart":{"Weight":0,"CFrame":[0,0,0,1,0,0,0,1,0,0,0,1],"EasingStyle":"Linear","EasingDirection":"In"},"Right Leg":{"Weight":1,"CFrame":[0.45207488536834719,0.2859765291213989,0.13313959538936616,0.9034118056297302,0.27703583240509035,-0.32725879549980166,-0.21592453122138978,0.953345537185669,0.21097123622894288,0.3704373240470886,-0.119930699467659,0.9210824370384216],"EasingStyle":"Constant","EasingDirection":"In"}}},{"Time":0.06666667014360428,"poses":{"Left Leg":{"Weight":1,"CFrame":[-0.45716360211372378,0.18686360120773316,0.10221168398857117,0.9617621302604675,-0.1699281632900238,0.21479769051074983,0.16664457321166993,0.9854497909545898,0.03344174474477768,-0.21735505759716035,0.0036319063510745765,0.976085901260376],"EasingStyle":"Constant","EasingDirection":"In"},"Right Arm":{"Weight":1,"CFrame":[0.200095534324646,0.15437254309654237,0.0881623923778534,-0.3391125798225403,-0.5145899653434753,0.7875277400016785,0.9247533679008484,-0.33604303002357485,0.1786237508058548,0.17272520065307618,0.7888423800468445,0.5898251533508301],"EasingStyle":"Constant","EasingDirection":"In"},"Head":{"Weight":1,"CFrame":[7.444759830832482e-8,-2.2351741790771486e-8,0.016662418842315675,0.9606843590736389,0.27763816714286806,-0.0016685843002051116,-0.277541846036911,0.9601540565490723,-0.03278494253754616,-0.007500271778553724,0.031959038227796558,0.9994610548019409],"EasingStyle":"Constant","EasingDirection":"In"},"Left Arm":{"Weight":1,"CFrame":[0.013996809720993042,0.0687364935874939,0.19645334780216218,0.7149235010147095,0.4322856068611145,-0.5495578050613403,-0.5600599050521851,0.8245840668678284,-0.07996305823326111,0.4185897707939148,0.36495259404182436,0.8316202163696289],"EasingStyle":"Constant","EasingDirection":"In"},"Torso":{"Weight":1,"CFrame":[-0.0077682966366410259,-0.016427891328930856,-0.2084522843360901,0.9594305157661438,-0.28178703784942629,-0.00944413710385561,0.2815623879432678,0.9593351483345032,-0.019971689209342004,0.014687853865325451,0.01650233566761017,0.9997560381889343],"EasingStyle":"Constant","EasingDirection":"In"},"HumanoidRootPart":{"Weight":0,"CFrame":[0,0,0,1,0,0,0,1,0,0,0,1],"EasingStyle":"Linear","EasingDirection":"In"},"Right Leg":{"Weight":1,"CFrame":[0.48931124806404116,0.12613117694854737,0.10131943225860596,0.8946186304092407,0.39298754930496218,-0.21264532208442689,-0.36619433760643008,0.9175282120704651,0.15506044030189515,0.2560449242591858,-0.06085050106048584,0.9647477865219116],"EasingStyle":"Constant","EasingDirection":"In"}}},{"Time":0.10000000149011612,"poses":{"Left Leg":{"Weight":1,"CFrame":[-0.5167185664176941,0.2495371699333191,0.06768068671226502,0.9717681407928467,-0.16936108469963075,0.16426697373390199,0.1557316929101944,0.9834433794021606,0.09266559779644013,-0.17724116146564485,-0.06446792185306549,0.9820537567138672],"EasingStyle":"Constant","EasingDirection":"In"},"Right Arm":{"Weight":1,"CFrame":[0.2876114845275879,0.2861582040786743,0.20342254638671876,-0.513889729976654,-0.19975435733795167,0.8342756032943726,0.7470649480819702,-0.5822423100471497,0.3207615911960602,0.42167699337005618,0.7880940437316895,0.44843775033950808],"EasingStyle":"Constant","EasingDirection":"In"},"Head":{"Weight":1,"CFrame":[7.264316082000733e-8,0,0.016661882400512697,0.9303120374679565,0.363955557346344,-0.04534313082695007,-0.366295725107193,0.9282629489898682,-0.06446225941181183,0.018628953024744989,0.0765790045261383,0.9968894720077515],"EasingStyle":"Constant","EasingDirection":"In"},"Left Arm":{"Weight":1,"CFrame":[0.002827756106853485,-0.10773253440856934,0.005574226379394531,0.9894179701805115,0.04613086208701134,-0.13756512105464936,-0.04641375690698624,0.9989216923713684,0.0011518299579620362,0.13746993243694306,0.005245284643024206,0.9904921054840088],"EasingStyle":"Constant","EasingDirection":"In"},"Torso":{"Weight":1,"CFrame":[0.036106277257204059,0.019698796793818475,-0.2090149074792862,0.917445957660675,-0.3954317271709442,0.0438949279487133,0.394733190536499,0.9184836745262146,0.023948121815919877,-0.04978662356734276,-0.004644324537366629,0.9987490773200989],"EasingStyle":"Constant","EasingDirection":"In"},"HumanoidRootPart":{"Weight":0,"CFrame":[0,0,0,1,0,0,0,1,0,0,0,1],"EasingStyle":"Linear","EasingDirection":"In"},"Right Leg":{"Weight":1,"CFrame":[0.4745948314666748,0.018732428550720216,0.05930718779563904,0.8956734538078308,0.4268980622291565,-0.12460771203041077,-0.4215327203273773,0.9042611718177795,0.06798612326383591,0.14170117676258088,-0.008367102593183518,0.9898741841316223],"EasingStyle":"Constant","EasingDirection":"In"}}},{"Time":0.13333334028720857,"poses":{"Left Leg":{"Weight":1,"CFrame":[-0.4613887667655945,0.239660382270813,0.10081806778907776,0.9549504518508911,-0.17892231047153474,0.23676230013370515,0.15868251025676728,0.9820360541343689,0.10210312902927399,-0.25077760219573977,-0.0599333681166172,0.9661877155303955],"EasingStyle":"Constant","EasingDirection":"In"},"Right Arm":{"Weight":1,"CFrame":[0.2781500220298767,0.27962201833724978,0.4087776243686676,-0.5564208626747131,-0.14151574671268464,0.8187607526779175,0.7316587567329407,-0.5504568219184876,0.4020856022834778,0.39379093050956728,0.8227823376655579,0.4098268151283264],"EasingStyle":"Constant","EasingDirection":"In"},"Head":{"Weight":1,"CFrame":[7.82310962677002e-8,2.60770320892334e-8,0.01666221022605896,0.9391560554504395,0.3346380293369293,-0.07748197764158249,-0.3394145965576172,0.9387412667274475,-0.059687696397304538,0.05276172235608101,0.0823545977473259,0.9952054619789124],"EasingStyle":"Constant","EasingDirection":"In"},"Left Arm":{"Weight":1,"CFrame":[0.0022657811641693117,-0.11712509393692017,-0.12278729677200318,0.972588300704956,-0.10292284190654755,0.20851603150367738,0.10470332950353623,0.9945003390312195,0.002511083846911788,-0.2076278030872345,0.0193899255245924,0.9780157208442688],"EasingStyle":"Constant","EasingDirection":"In"},"Torso":{"Weight":1,"CFrame":[0.04277118295431137,0.02938387170433998,-0.19110725820064546,0.9288801550865173,-0.3667123019695282,0.05199756845831871,0.36524397134780886,0.9302262663841248,0.03572244197130203,-0.06146936118602753,-0.014190074056386948,0.9980080723762512],"EasingStyle":"Constant","EasingDirection":"In"},"HumanoidRootPart":{"Weight":0,"CFrame":[0,0,0,1,0,0,0,1,0,0,0,1],"EasingStyle":"Linear","EasingDirection":"In"},"Right Leg":{"Weight":1,"CFrame":[0.4837645888328552,0.001673579216003418,0.011351078748703003,0.9135657548904419,0.4055250883102417,-0.030772605910897256,-0.40412959456443789,0.9136884212493897,0.043044399470090869,0.045572176575660709,-0.0268877986818552,0.9985991716384888],"EasingStyle":"Constant","EasingDirection":"In"}}},{"Time":0.1666666716337204,"poses":{"Left Leg":{"Weight":1,"CFrame":[-0.34612101316452029,0.20805829763412476,0.1356760859489441,0.9202035665512085,-0.1832830011844635,0.34587985277175906,0.15349319577217103,0.9817942976951599,0.11189184337854386,-0.3600907027721405,-0.049873072654008868,0.9315833449363709],"EasingStyle":"Constant","EasingDirection":"In"},"Right Arm":{"Weight":1,"CFrame":[0.25440046191215517,0.2658475637435913,0.6483197212219238,-0.6069153547286987,-0.1014377623796463,0.7882665395736694,0.725095808506012,-0.476760596036911,0.49692609906196597,0.3254074156284332,0.8731608390808106,0.3629052937030792],"EasingStyle":"Constant","EasingDirection":"In"},"Head":{"Weight":1,"CFrame":[5.960464477539063e-8,-1.862645149230957e-8,0.016662180423736573,0.9556975364685059,0.26294440031051638,-0.1322970986366272,-0.27056604623794558,0.9617383480072022,-0.04305093735456467,0.11591517925262451,0.07693874090909958,0.9902747869491577],"EasingStyle":"Constant","EasingDirection":"In"},"Left Arm":{"Weight":1,"CFrame":[0.007015883922576904,-0.12237292528152466,-0.19745129346847535,0.8520830273628235,-0.1694687008857727,0.49521198868751528,0.18106186389923097,0.9831563234329224,0.02490745484828949,-0.4910918176174164,0.06844055652618408,0.868415117263794],"EasingStyle":"Constant","EasingDirection":"In"},"Torso":{"Weight":1,"CFrame":[0.04696150869131088,0.03537633270025253,-0.1508350372314453,0.9541958570480347,-0.2936851978302002,0.05709182098507881,0.29154136776924136,0.9555909037590027,0.04300757125020027,-0.0671871155500412,-0.02439301647245884,0.9974421858787537],"EasingStyle":"Constant","EasingDirection":"In"},"HumanoidRootPart":{"Weight":0,"CFrame":[0,0,0,1,0,0,0,1,0,0,0,1],"EasingStyle":"Linear","EasingDirection":"In"},"Right Leg":{"Weight":1,"CFrame":[0.45523959398269656,-0.0024753808975219728,-0.038739532232284549,0.9355574250221252,0.3440494239330292,0.07976368814706803,-0.34711185097694399,0.9374074935913086,0.027940139174461366,-0.0651581808924675,-0.05382653325796127,0.9964221715927124],"EasingStyle":"Constant","EasingDirection":"In"}}},{"Time":0.20000000298023225,"poses":{"Left Leg":{"Weight":1,"CFrame":[-0.21106159687042237,0.1765175461769104,0.14869804680347444,0.8688874244689941,-0.18558190762996674,0.45890524983406069,0.14402446150779725,0.9817339777946472,0.12431975454092026,-0.47359421849250796,-0.041926272213459018,0.8797446489334106],"EasingStyle":"Constant","EasingDirection":"In"},"Right Arm":{"Weight":1,"CFrame":[0.22997140884399415,0.2523154020309448,0.8468992710113525,-0.6489073038101196,-0.08213747292757034,0.7564210891723633,0.7168568968772888,-0.39921125769615176,0.5716175436973572,0.25502055883407595,0.9131724238395691,0.3179318606853485],"EasingStyle":"Constant","EasingDirection":"In"},"Head":{"Weight":1,"CFrame":[6.705522537231445e-8,-7.450580596923828e-9,0.016662508249282838,0.9671765565872192,0.1692141741514206,-0.18956856429576875,-0.17880286276340486,0.983278214931488,-0.03454912453889847,0.1805524230003357,0.06731052696704865,0.9812595248222351],"EasingStyle":"Constant","EasingDirection":"In"},"Left Arm":{"Weight":1,"CFrame":[0.013179212808609009,-0.12440824508666992,-0.23252058029174806,0.717310905456543,-0.18090276420116425,0.6728590130805969,0.20728176832199098,0.9773878455162048,0.04180140048265457,-0.665206253528595,0.10948653519153595,0.738588809967041],"EasingStyle":"Constant","EasingDirection":"In"},"Torso":{"Weight":1,"CFrame":[0.04970942437648773,0.03785592317581177,-0.11036968976259232,0.9784577488899231,-0.197404146194458,0.06043251231312752,0.1948239654302597,0.9797580242156982,0.04602205753326416,-0.06829417496919632,-0.03325693681836128,0.9971107840538025],"EasingStyle":"Constant","EasingDirection":"In"},"HumanoidRootPart":{"Weight":0,"CFrame":[0,0,0,1,0,0,0,1,0,0,0,1],"EasingStyle":"Linear","EasingDirection":"In"},"Right Leg":{"Weight":1,"CFrame":[0.4087975025177002,0.001226663589477539,-0.07464691996574402,0.9454887509346008,0.2629549205303192,0.19210869073867799,-0.2722027599811554,0.9619659781455994,0.022960824891924859,-0.1787641942501068,-0.07400175929069519,0.9811050891876221],"EasingStyle":"Constant","EasingDirection":"In"}}},{"Time":0.23333333432674409,"poses":{"Left Leg":{"Weight":1,"CFrame":[-0.11555436253547669,0.16248315572738648,0.15084511041641236,0.8121919631958008,-0.1987895965576172,0.5484769344329834,0.14644992351531983,0.9795234799385071,0.13815279304981233,-0.5647093653678894,-0.0318821556866169,0.8246738314628601],"EasingStyle":"Constant","EasingDirection":"In"},"Right Arm":{"Weight":1,"CFrame":[0.2187117040157318,0.2462177872657776,0.9296838641166687,-0.666644811630249,-0.07817310839891434,0.741265058517456,0.7115281820297241,-0.36302030086517336,0.601617693901062,0.22206388413906098,0.928496241569519,0.29762783646583559],"EasingStyle":"Constant","EasingDirection":"In"},"Head":{"Weight":1,"CFrame":[7.450580596923828e-9,5.4016709327697757e-8,0.01666194200515747,0.971870481967926,0.07445743680000305,-0.22343696653842927,-0.08597944676876068,0.9953995943069458,-0.04227582737803459,0.21926122903823853,0.06029772758483887,0.9738011360168457],"EasingStyle":"Constant","EasingDirection":"In"},"Left Arm":{"Weight":1,"CFrame":[0.016225159168243409,-0.12471643090248108,-0.2413642257452011,0.6571338176727295,-0.17662975192070008,0.7327873706817627,0.21086499094963075,0.9764200448989868,0.046259090304374698,-0.7236789464950562,0.12412060797214508,0.6788835525512695],"EasingStyle":"Constant","EasingDirection":"In"},"Torso":{"Weight":1,"CFrame":[0.05165738984942436,0.03714139014482498,-0.09194017201662064,0.9928831458091736,-0.101189523935318,0.06280066072940827,0.09845921397209168,0.9941162467002869,0.04515340179204941,-0.06700021773576737,-0.03864874690771103,0.9970041513442993],"EasingStyle":"Constant","EasingDirection":"In"},"HumanoidRootPart":{"Weight":0,"CFrame":[0,0,0,1,0,0,0,1,0,0,0,1],"EasingStyle":"Linear","EasingDirection":"In"},"Right Leg":{"Weight":1,"CFrame":[0.40265026688575747,0.009155809879302979,-0.10412794351577759,0.9350367188453674,0.20312044024467469,0.29060012102127077,-0.21987077593803407,0.9751870036125183,0.02583206444978714,-0.2781423330307007,-0.08804842084646225,0.9564958810806274],"EasingStyle":"Constant","EasingDirection":"In"}}},{"Time":0.28333333134651186,"poses":{"Left Leg":{"Weight":1,"CFrame":[-0.06609444320201874,0.15994465351104737,0.15688297152519227,0.76347416639328,-0.21756581962108613,0.6080891489982605,0.15998028218746186,0.9759153127670288,0.14830879867076875,-0.6257103681564331,-0.015947634354233743,0.7798923850059509],"EasingStyle":"Constant","EasingDirection":"In"},"Right Arm":{"Weight":1,"CFrame":[0.21864059567451478,0.24618485569953919,0.9296493530273438,-0.6675163507461548,-0.08050134032964707,0.7402307391166687,0.7110298871994019,-0.36403340101242068,0.6015948057174683,0.22103947401046754,0.927900493144989,0.3002370297908783],"EasingStyle":"Constant","EasingDirection":"In"},"Head":{"Weight":1,"CFrame":[5.21540641784668e-8,-1.862645149230957e-9,0.01666206121444702,0.9726811647415161,-0.0023323209024965765,-0.23213353753089906,-0.010876629501581192,0.9983935952186585,-0.05560663715004921,0.23189030587673188,0.05661237612366676,0.9710931777954102],"EasingStyle":"Constant","EasingDirection":"In"},"Left Arm":{"Weight":1,"CFrame":[0.016225039958953859,-0.12471610307693482,-0.24136435985565186,0.6571337580680847,-0.17662961781024934,0.7327873706817627,0.21086502075195313,0.9764201045036316,0.04625909775495529,-0.7236789464950562,0.12412062287330628,0.6788835525512695],"EasingStyle":"Constant","EasingDirection":"In"},"Torso":{"Weight":1,"CFrame":[0.051534056663513187,0.03464917838573456,-0.09182358533143997,0.9977316856384277,-0.024624837562441827,0.06265074014663696,0.022007854655385019,0.9988700747489929,0.04212358221411705,-0.06361722946166992,-0.04064922779798508,0.9971461892127991],"EasingStyle":"Constant","EasingDirection":"In"},"HumanoidRootPart":{"Weight":0,"CFrame":[0,0,0,1,0,0,0,1,0,0,0,1],"EasingStyle":"Linear","EasingDirection":"In"},"Right Leg":{"Weight":1,"CFrame":[0.44181570410728457,0.019771873950958253,-0.14106249809265138,0.9139710068702698,0.17713786661624909,0.36507442593574526,-0.2031719833612442,0.9785582423210144,0.0338384285569191,-0.35125237703323367,-0.10510025918483734,0.9303631782531738],"EasingStyle":"Constant","EasingDirection":"In"}}},{"Time":0.3166666626930237,"poses":{"Left Leg":{"Weight":1,"CFrame":[-0.026004783809185029,0.1544240117073059,0.1562514752149582,0.726257860660553,-0.22686439752578736,0.6489083170890808,0.16830389201641084,0.9739255309104919,0.15212774276733399,-0.6665008068084717,-0.0012701785890385509,0.7455033659934998],"EasingStyle":"Constant","EasingDirection":"In"},"Right Arm":{"Weight":1,"CFrame":[0.21848100423812867,0.24606209993362428,0.9295450448989868,-0.6681080460548401,-0.08551032096147537,0.7391343712806702,0.7105578780174255,-0.36806508898735049,0.599696159362793,0.22076936066150666,0.9258596897125244,0.3066672384738922],"EasingStyle":"Constant","EasingDirection":"In"},"Head":{"Weight":1,"CFrame":[1.341104507446289e-7,-1.1175870895385743e-8,0.016662150621414186,0.9704951047897339,-0.05805332213640213,-0.2340279072523117,0.04390624910593033,0.996904730796814,-0.0652175024151802,0.23708967864513398,0.05301795154809952,0.9700400233268738],"EasingStyle":"Constant","EasingDirection":"In"},"Left Arm":{"Weight":1,"CFrame":[0.016224831342697145,-0.12471568584442139,-0.2413642406463623,0.6571338772773743,-0.17662958800792695,0.7327871322631836,0.2108650505542755,0.9764200448989868,0.04625916853547096,-0.7236788868904114,0.1241205707192421,0.6788837909698486],"EasingStyle":"Constant","EasingDirection":"In"},"Torso":{"Weight":1,"CFrame":[0.048197440803050998,0.031984541565179828,-0.09151244163513184,0.997809886932373,0.03069741651415825,0.05859437212347984,-0.0330081507563591,0.9986984133720398,0.038884151726961139,-0.05732446908950806,-0.040733080357313159,0.9975243210792542],"EasingStyle":"Constant","EasingDirection":"In"},"HumanoidRootPart":{"Weight":0,"CFrame":[0,0,0,1,0,0,0,1,0,0,0,1],"EasingStyle":"Linear","EasingDirection":"In"},"Right Leg":{"Weight":1,"CFrame":[0.4713549017906189,0.03043597936630249,-0.17197006940841676,0.8947839140892029,0.157968670129776,0.4176214933395386,-0.194027841091156,0.9799615740776062,0.04504003748297691,-0.4021380543708801,-0.12133127450942993,0.9075042009353638],"EasingStyle":"Constant","EasingDirection":"In"}}},{"Time":0.3499999940395355,"poses":{"Left Leg":{"Weight":1,"CFrame":[0.004827879369258881,0.1467280387878418,0.15189485251903535,0.7007141709327698,-0.22943203151226045,0.6755446791648865,0.17334364354610444,0.9732571244239807,0.15074054896831513,-0.6920633912086487,0.011475354433059693,0.7217456698417664],"EasingStyle":"Constant","EasingDirection":"In"},"Right Arm":{"Weight":1,"CFrame":[0.21823975443840028,0.24583959579467774,0.9293632507324219,-0.6681276559829712,-0.09296386688947678,0.7382162809371948,0.7101990580558777,-0.37552711367607119,0.5954803228378296,0.2218620628118515,0.9221373200416565,0.31692272424697878],"EasingStyle":"Constant","EasingDirection":"In"},"Head":{"Weight":1,"CFrame":[3.725290298461914e-8,2.9802322387695315e-8,0.016662299633026124,0.968209445476532,-0.09590421617031098,-0.2310256063938141,0.0815381184220314,0.9941401481628418,-0.07097163796424866,0.2364782691001892,0.0498780757188797,0.970355749130249],"EasingStyle":"Constant","EasingDirection":"In"},"Left Arm":{"Weight":1,"CFrame":[0.01622486114501953,-0.12471538782119751,-0.2413642406463623,0.6571336388587952,-0.17662961781024934,0.7327872514724731,0.2108650505542755,0.9764201045036316,0.046259112656116489,-0.7236789464950562,0.12412068992853165,0.6788835525512695],"EasingStyle":"Constant","EasingDirection":"In"},"Torso":{"Weight":1,"CFrame":[0.04248907417058945,0.029516495764255525,-0.09110475331544876,0.9963465332984924,0.06801189482212067,0.05165458843111992,-0.06991056352853775,0.9969077706336975,0.03588370233774185,-0.0490543395280838,-0.0393638014793396,0.9980201125144959],"EasingStyle":"Constant","EasingDirection":"In"},"HumanoidRootPart":{"Weight":0,"CFrame":[0,0,0,1,0,0,0,1,0,0,0,1],"EasingStyle":"Linear","EasingDirection":"In"},"Right Leg":{"Weight":1,"CFrame":[0.49470216035842898,0.040515780448913577,-0.19688504934310914,0.8798561096191406,0.14553602039813996,0.4524076581001282,-0.19172519445419312,0.979751467704773,0.05769431218504906,-0.43485045433044436,-0.13750062882900239,0.8899430632591248],"EasingStyle":"Constant","EasingDirection":"In"}}},{"Time":0.38333332538604739,"poses":{"Left Leg":{"Weight":1,"CFrame":[0.027320340275764467,0.13774043321609498,0.14598098397254945,0.6854066848754883,-0.2276085615158081,0.691673219203949,0.1764325052499771,0.9734973907470703,0.14551419019699098,-0.7064624428749085,0.022297216579318048,0.7073992490768433],"EasingStyle":"Constant","EasingDirection":"In"},"Right Arm":{"Weight":1,"CFrame":[0.21792185306549073,0.24550634622573853,0.9290934801101685,-0.6673039793968201,-0.10266192257404328,0.7376760840415955,0.7100092768669128,-0.38680675625801089,0.5884449481964111,0.22492724657058717,0.9164284467697144,0.3310084342956543],"EasingStyle":"Constant","EasingDirection":"In"},"Head":{"Weight":1,"CFrame":[7.450580596923828e-8,-2.9802322387695315e-8,0.016661792993545533,0.9670817852020264,-0.1193428635597229,-0.22474467754364015,0.10531868785619736,0.9917237162590027,-0.0734313353896141,0.23164808750152589,0.047344233840703967,0.9716469645500183],"EasingStyle":"Constant","EasingDirection":"In"},"Left Arm":{"Weight":1,"CFrame":[0.016224950551986696,-0.12471610307693482,-0.2413642406463623,0.6571337580680847,-0.17662964761257173,0.7327871918678284,0.2108650505542755,0.9764201045036316,0.0462590828537941,-0.7236789464950562,0.12412064522504807,0.6788837313652039],"EasingStyle":"Constant","EasingDirection":"In"},"Torso":{"Weight":1,"CFrame":[0.03524978458881378,0.02743791788816452,-0.09068990498781204,0.994941234588623,0.09085973352193833,0.04285368323326111,-0.09231741726398468,0.9951707720756531,0.03335675597190857,-0.039615947753190997,-0.03714415431022644,0.9985243678092957],"EasingStyle":"Constant","EasingDirection":"In"},"HumanoidRootPart":{"Weight":0,"CFrame":[0,0,0,1,0,0,0,1,0,0,0,1],"EasingStyle":"Linear","EasingDirection":"In"},"Right Leg":{"Weight":1,"CFrame":[0.5134629011154175,0.049567997455596927,-0.2160574197769165,0.8698141574859619,0.13890713453292848,0.47342172265052798,-0.19465433061122895,0.978329062461853,0.070584237575531,-0.4533575177192688,-0.15354879200458527,0.8780032396316528],"EasingStyle":"Constant","EasingDirection":"In"}}},{"Time":0.4166666567325592,"poses":{"Left Leg":{"Weight":1,"CFrame":[0.04324580729007721,0.1282026171684265,0.13953983783721925,0.6781153678894043,-0.22317782044410706,0.7002509236335754,0.1782006025314331,0.9742770195007324,0.13794554769992829,-0.7130246758460999,0.03124218061566353,0.7004424333572388],"EasingStyle":"Constant","EasingDirection":"In"},"Right Arm":{"Weight":1,"CFrame":[0.21753069758415223,0.245053231716156,0.9287218451499939,-0.6653800010681152,-0.11448007822036743,0.7376747131347656,0.7099947929382324,-0.40230244398117068,0.5779795050621033,0.23060116171836854,0.9083210825920105,0.34896379709243777],"EasingStyle":"Constant","EasingDirection":"In"},"Head":{"Weight":1,"CFrame":[5.21540641784668e-8,1.4901161193847657e-8,0.016662299633026124,0.9673240184783936,-0.13182507455348969,-0.21657922863960267,0.1184818297624588,0.9902293682098389,-0.07353781908750534,0.22415722906589509,0.04547423496842384,0.9734915494918823],"EasingStyle":"Constant","EasingDirection":"In"},"Left Arm":{"Weight":1,"CFrame":[0.01622501015663147,-0.12471574544906616,-0.24136433005332948,0.6571338176727295,-0.17662963271141053,0.7327872514724731,0.2108650505542755,0.9764201045036316,0.046259112656116489,-0.7236788868904114,0.12412061542272568,0.6788836717605591],"EasingStyle":"Constant","EasingDirection":"In"},"Torso":{"Weight":1,"CFrame":[0.027298906818032266,0.02587045170366764,-0.09033656865358353,0.9941460490226746,0.10282165557146073,0.033187661319971088,-0.10386620461940766,0.9940938949584961,0.03145115450024605,-0.0297577902674675,-0.034714117646217349,0.998954176902771],"EasingStyle":"Constant","EasingDirection":"In"},"HumanoidRootPart":{"Weight":0,"CFrame":[0,0,0,1,0,0,0,1,0,0,0,1],"EasingStyle":"Linear","EasingDirection":"In"},"Right Leg":{"Weight":1,"CFrame":[0.5289991497993469,0.05734354257583618,-0.23029270768165589,0.8640636801719666,0.13713166117668153,0.4843439757823944,-0.20132885873317719,0.9760153889656067,0.08283010125160217,-0.4613683521747589,-0.1690828651189804,0.8709478974342346],"EasingStyle":"Constant","EasingDirection":"In"}}},{"Time":0.44999998807907107,"poses":{"Left Leg":{"Weight":1,"CFrame":[0.05428121238946915,0.11894083023071289,0.13328057527542115,0.6761759519577026,-0.21782217919826508,0.7038035988807678,0.17924676835536958,0.9752283692359924,0.12961573898792268,-0.714602530002594,0.03851151466369629,0.6984699368476868],"EasingStyle":"Constant","EasingDirection":"In"},"Right Arm":{"Weight":1,"CFrame":[0.21706628799438477,0.24447107315063477,0.9282300472259522,-0.6620990633964539,-0.12840092182159425,0.7383347749710083,0.710087239742279,-0.4224555194377899,0.5633007884025574,0.2395852506160736,0.8972428441047669,0.37088286876678469],"EasingStyle":"Constant","EasingDirection":"In"},"Head":{"Weight":1,"CFrame":[1.1920928955078126e-7,2.2351741790771486e-8,0.01666274666786194,0.9685659408569336,-0.13674423098564149,-0.2078004628419876,0.12418356537818909,0.9896146655082703,-0.07239703088998795,0.21554234623908997,0.044315945357084277,0.9754884839057922],"EasingStyle":"Constant","EasingDirection":"In"},"Left Arm":{"Weight":1,"CFrame":[0.016224980354309083,-0.12471514940261841,-0.24136418104171754,0.6571338176727295,-0.1766296923160553,0.7327872514724731,0.21086503565311433,0.9764200448989868,0.04625916853547096,-0.7236789464950562,0.1241205483675003,0.6788836717605591],"EasingStyle":"Constant","EasingDirection":"In"},"Torso":{"Weight":1,"CFrame":[0.019433854147791864,0.024937624111771585,-0.09008407592773438,0.9939296841621399,0.10745090246200562,0.02362597920000553,-0.10814379155635834,0.9936729073524475,0.030317096039652826,-0.020218897610902787,-0.03268806263804436,0.9992610812187195],"EasingStyle":"Constant","EasingDirection":"In"},"HumanoidRootPart":{"Weight":0,"CFrame":[0,0,0,1,0,0,0,1,0,0,0,1],"EasingStyle":"Linear","EasingDirection":"In"},"Right Leg":{"Weight":1,"CFrame":[0.5416476726531982,0.06359732151031494,-0.24034667015075684,0.8613971471786499,0.13878554105758668,0.488603800535202,-0.2099660038948059,0.9732054471969605,0.09373070299625397,-0.4625033438205719,-0.1833295375108719,0.8674565553665161],"EasingStyle":"Constant","EasingDirection":"In"}}},{"Time":0.4833333194255829,"poses":{"Left Leg":{"Weight":1,"CFrame":[0.06215935945510864,0.11075550317764282,0.12756118178367616,0.6767882108688355,-0.21308289468288423,0.7046653628349304,0.18009862303733827,0.9760326743125916,0.12216741591691971,-0.7138081789016724,0.044227831065654758,0.6989433169364929],"EasingStyle":"Constant","EasingDirection":"In"},"Right Arm":{"Weight":1,"CFrame":[0.21652370691299439,0.24374598264694215,0.927589476108551,-0.6571853160858154,-0.14455373585224152,0.7397375702857971,0.7101057767868042,-0.4477863311767578,0.5433574914932251,0.25269994139671328,0.8823784589767456,0.39692696928977969],"EasingStyle":"Constant","EasingDirection":"In"},"Head":{"Weight":1,"CFrame":[8.195638656616211e-8,-5.21540641784668e-8,0.01666182279586792,0.9701809287071228,-0.13744716346263886,-0.19964297115802766,0.12554866075515748,0.9895331859588623,-0.07114525884389878,0.207332044839859,0.043958742171525958,0.9772825241088867],"EasingStyle":"Constant","EasingDirection":"In"},"Left Arm":{"Weight":1,"CFrame":[0.016224980354309083,-0.1247161328792572,-0.2413642555475235,0.6571338176727295,-0.17662960290908814,0.7327872514724731,0.2108650505542755,0.9764200448989868,0.04625912755727768,-0.7236788272857666,0.12412068247795105,0.6788836717605591],"EasingStyle":"Constant","EasingDirection":"In"},"Torso":{"Weight":1,"CFrame":[0.01243605837225914,0.024806829169392587,-0.08994414657354355,0.9940053820610046,0.10828083008527756,0.015118642710149289,-0.10869725793600083,0.9936173558235169,0.03015809878706932,-0.011756598949432373,-0.03162066265940666,0.9994308948516846],"EasingStyle":"Constant","EasingDirection":"In"},"HumanoidRootPart":{"Weight":0,"CFrame":[0,0,0,1,0,0,0,1,0,0,0,1],"EasingStyle":"Linear","EasingDirection":"In"},"Right Leg":{"Weight":1,"CFrame":[0.5517017841339111,0.06816250085830689,-0.24734634160995484,0.8603032827377319,0.14240501821041108,0.4894886612892151,-0.2190198302268982,0.9703056216239929,0.10265199095010758,-0.4603354036808014,-0.1955195665359497,0.8659465909004211],"EasingStyle":"Constant","EasingDirection":"In"}}},{"Time":0.5166666507720947,"poses":{"Left Leg":{"Weight":1,"CFrame":[-0.6702294945716858,0.11283046007156372,-0.01674923300743103,0.9312829971313477,-0.36409375071525576,-0.012151419185101986,0.3642677962779999,0.9302735328674316,0.043590135872364047,-0.004566805437207222,-0.04502110183238983,0.9989755749702454],"EasingStyle":"Constant","EasingDirection":"In"},"Right Arm":{"Weight":1,"CFrame":[0.17973753809928895,0.33392101526260378,0.018716484308242799,-0.9556941390037537,0.07568661868572235,-0.2844650149345398,-0.18585003912448884,-0.9045575261116028,0.38371285796165469,-0.22827297449111939,0.41957998275756838,0.8785467147827148],"EasingStyle":"Constant","EasingDirection":"In"},"Head":{"Weight":1,"CFrame":[9.406358003616333e-8,-1.862645149230957e-8,0.016662538051605226,0.9988347291946411,0.042007818818092349,-0.023759175091981889,-0.0392184853553772,0.9934123754501343,0.10767421871423722,0.02812582440674305,-0.1066170185804367,0.993902325630188],"EasingStyle":"Constant","EasingDirection":"In"},"Left Arm":{"Weight":1,"CFrame":[-0.252761572599411,0.30528849363327029,0.011279329657554627,-0.9959257245063782,0.03473943844437599,0.08321812748908997,0.012019816786050797,-0.8634472489356995,0.5042962431907654,0.08937343209981919,0.5032415986061096,0.8595116138458252],"EasingStyle":"Constant","EasingDirection":"In"},"Torso":{"Weight":1,"CFrame":[-0.05028346925973892,0.025502970442175866,-0.2281051129102707,0.9999244213104248,-0.008868747390806675,0.008526269346475602,0.008600454777479172,0.9994823336601257,0.031004399061203004,-0.00879682507365942,-0.0309287216514349,0.9994829893112183],"EasingStyle":"Constant","EasingDirection":"In"},"HumanoidRootPart":{"Weight":0,"CFrame":[0,0,0,1,0,0,0,1,0,0,0,1],"EasingStyle":"Linear","EasingDirection":"In"},"Right Leg":{"Weight":1,"CFrame":[0.646271824836731,0.06236463785171509,0.0070487260818481449,0.9319068193435669,0.3624947667121887,-0.012128212489187718,-0.3626706302165985,0.9309085607528687,-0.04335189610719681,-0.0044245170429348949,0.04479841887950897,0.9989863038063049],"EasingStyle":"Constant","EasingDirection":"In"}}},{"Time":0.550000011920929,"poses":{"Left Leg":{"Weight":1,"CFrame":[-0.42123159766197207,0.05966043472290039,0.016078710556030275,0.9664276838302612,-0.25175508856773379,0.05135047063231468,0.24976664781570435,0.9673889875411987,0.04213431850075722,-0.060283418744802478,-0.027894161641597749,0.9977914690971375],"EasingStyle":"Constant","EasingDirection":"In"},"Right Arm":{"Weight":1,"CFrame":[0.18440605700016023,0.6449278593063355,0.011931657791137696,-0.7362618446350098,-0.08807935565710068,-0.6709401607513428,-0.016906559467315675,-0.9887892007827759,0.14835841953754426,-0.6764855980873108,0.12057388573884964,0.7265185117721558],"EasingStyle":"Constant","EasingDirection":"In"},"Head":{"Weight":1,"CFrame":[1.1362135410308838e-7,2.9802322387695315e-8,0.016662538051605226,0.9993979930877686,0.034040577709674838,0.0067085884511470799,-0.03460045903921127,0.9635623097419739,0.265237033367157,0.0025647208094596864,-0.2653094530105591,0.9641599655151367],"EasingStyle":"Constant","EasingDirection":"In"},"Left Arm":{"Weight":1,"CFrame":[-0.26516228914260867,0.713234543800354,-0.006991147994995117,-0.7506870031356812,0.17242245376110078,0.6377614736557007,-0.13011303544044496,-0.9850212335586548,0.11315477639436722,0.6477188467979431,0.0019626598805189134,0.7618768811225891],"EasingStyle":"Constant","EasingDirection":"In"},"Torso":{"Weight":1,"CFrame":[-0.04860011115670204,0.025502968579530717,-0.10207369178533554,0.9999244213104248,-0.008868747390806675,0.008526269346475602,0.008600454777479172,0.9994823336601257,0.031004399061203004,-0.00879682507365942,-0.0309287216514349,0.9994829893112183],"EasingStyle":"Constant","EasingDirection":"In"},"HumanoidRootPart":{"Weight":0,"CFrame":[0,0,0,1,0,0,0,1,0,0,0,1],"EasingStyle":"Linear","EasingDirection":"In"},"Right Leg":{"Weight":1,"CFrame":[0.9398380517959595,0.17451554536819459,-0.11828777194023133,0.8692580461502075,0.47712618112564089,0.12938666343688966,-0.4783896207809448,0.877842128276825,-0.023165825754404069,-0.12463398277759552,-0.041760217398405078,0.9913236498832703],"EasingStyle":"Constant","EasingDirection":"In"}}},{"Time":0.5833333134651184,"poses":{"Left Leg":{"Weight":1,"CFrame":[0.08499674499034882,0.018852174282073976,-0.01106211543083191,0.993331789970398,-0.004179054871201515,0.11521526426076889,-0.00020522758131846786,0.9992771744728088,0.03801458701491356,-0.11529087275266648,-0.03778473287820816,0.992612898349762],"EasingStyle":"Constant","EasingDirection":"In"},"Right Arm":{"Weight":1,"CFrame":[0.1975885033607483,0.8428466320037842,0.007463127374649048,-0.35829389095306399,0.02690119296312332,-0.9332212209701538,0.12785138189792634,-0.9887537956237793,-0.07758814841508866,-0.9248132705688477,-0.14711298048496247,0.35082510113716128],"EasingStyle":"Constant","EasingDirection":"In"},"Head":{"Weight":1,"CFrame":[9.499490261077881e-8,4.470348358154297e-8,0.016662180423736573,0.9996430277824402,0.02105073072016239,0.01645166426897049,-0.02542797289788723,0.9385896325111389,0.34409719705581667,-0.008197889663279057,-0.3443925976753235,0.938789963722229],"EasingStyle":"Constant","EasingDirection":"In"},"Left Arm":{"Weight":1,"CFrame":[-0.2733234167098999,0.8140170574188232,-0.014903753995895386,-0.32866379618644717,0.038212697952985767,0.9436736106872559,-0.24326439201831819,-0.9688928127288818,-0.04549030959606171,0.9125802516937256,-0.24451322853565217,0.3277357518672943],"EasingStyle":"Constant","EasingDirection":"In"},"Torso":{"Weight":1,"CFrame":[-0.043946120887994769,0.025502970442175866,0.13198499381542207,0.9999244213104248,-0.008868747390806675,0.008526269346475602,0.008600454777479172,0.9994823336601257,0.031004399061203004,-0.00879682507365942,-0.0309287216514349,0.9994829893112183],"EasingStyle":"Constant","EasingDirection":"In"},"HumanoidRootPart":{"Weight":0,"CFrame":[0,0,0,1,0,0,0,1,0,0,0,1],"EasingStyle":"Linear","EasingDirection":"In"},"Right Leg":{"Weight":1,"CFrame":[1.2088377475738526,0.426525354385376,-0.5019010305404663,0.7381603717803955,0.5436394810676575,0.3994688391685486,-0.6047351956367493,0.7956734895706177,0.03462594375014305,-0.2990226447582245,-0.267132431268692,0.9160926342010498],"EasingStyle":"Constant","EasingDirection":"In"}}},{"Time":0.6166666746139526,"poses":{"Left Leg":{"Weight":1,"CFrame":[0.08531086146831513,0.016526460647583009,-0.011024028062820435,0.9932548403739929,-0.004149577580392361,0.11587715893983841,0.00028984874370507896,0.9994451999664307,0.03330559283494949,-0.1159510612487793,-0.03304732218384743,0.9927050471305847],"EasingStyle":"Constant","EasingDirection":"In"},"Right Arm":{"Weight":1,"CFrame":[0.19754371047019959,0.8427708745002747,0.007480815052986145,-0.35785728693008425,0.027503229677677156,-0.9333712458610535,0.12724018096923829,-0.9888064861297607,-0.0779208168387413,-0.9250665307044983,-0.1466468870639801,0.35035210847854617],"EasingStyle":"Constant","EasingDirection":"In"},"Head":{"Weight":1,"CFrame":[7.264316082000733e-8,0,0.01666274666786194,0.9997447729110718,0.014723530039191246,0.017138121649622918,-0.01998111419379711,0.9302377700805664,0.36641308665275576,-0.010547657497227192,-0.36666205525398257,0.9302944540977478],"EasingStyle":"Constant","EasingDirection":"In"},"Left Arm":{"Weight":1,"CFrame":[-0.27331358194351199,0.8139351606369019,-0.014840453863143921,-0.3275976777076721,0.03660712018609047,0.9441078901290894,-0.24174118041992188,-0.9692355394363403,-0.04630056768655777,0.9133679270744324,-0.24339772760868073,0.3263688087463379],"EasingStyle":"Constant","EasingDirection":"In"},"Torso":{"Weight":1,"CFrame":[-0.03691563382744789,0.025502970442175866,0.2580164074897766,0.9999244213104248,-0.008868747390806675,0.008526269346475602,0.008600454777479172,0.9994823336601257,0.031004399061203004,-0.00879682507365942,-0.0309287216514349,0.9994829893112183],"EasingStyle":"Constant","EasingDirection":"In"},"HumanoidRootPart":{"Weight":0,"CFrame":[0,0,0,1,0,0,0,1,0,0,0,1],"EasingStyle":"Linear","EasingDirection":"In"},"Right Leg":{"Weight":1,"CFrame":[1.2179455757141114,0.6309298276901245,-0.41505175828933718,0.6918289065361023,0.5192825198173523,0.5017156600952148,-0.5643749237060547,0.8222972750663757,-0.07285748422145844,-0.4503929018974304,-0.2327507883310318,0.8619589805603027],"EasingStyle":"Constant","EasingDirection":"In"}}},{"Time":0.6499999761581421,"poses":{"Left Leg":{"Weight":1,"CFrame":[0.08558924496173859,0.014538586139678955,-0.01100146770477295,0.9931888580322266,-0.004190211184322834,0.11644089967012406,0.0007847007364034653,0.9995710849761963,0.029276946559548379,-0.11651366204023361,-0.028986137360334398,0.9927660226821899],"EasingStyle":"Constant","EasingDirection":"In"},"Right Arm":{"Weight":1,"CFrame":[0.19741544127464295,0.8422418832778931,0.007522523403167725,-0.3575592041