{"Sequence":[{"Time":0,"poses":{"Left Leg":{"Weight":1,"CFrame":[-0.7243702411651611,0.7469152212142944,3.5762786865234377e-7,0.9746939539909363,-0.22354377806186677,2.9305599014151087e-7,0.22354373335838319,0.9746939539909363,-1.8726601069829486e-7,-2.854054343970347e-7,2.6402440767014925e-7,1],"EasingStyle":"Linear","EasingDirection":"In"},"Right Leg":{"Weight":1,"CFrame":[0.0044107586145401,0.000004827976226806641,1.1920928955078126e-7,1,0.00031562504591420293,3.3180828040713097e-7,-0.00031567757832817733,0.9999999403953552,8.745012536337527e-8,-2.7015505565941569e-7,-1.1722511317202589e-7,1],"EasingStyle":"Linear","EasingDirection":"In"},"Left Arm":{"Weight":1,"CFrame":[-0.6513242721557617,0.41700851917266848,0.3510258197784424,-0.08955036103725434,0.3789149224758148,0.921088695526123,0.007669477257877588,-0.9245145320892334,0.3810698986053467,0.995952844619751,0.04118926823139191,0.07988450676202774],"EasingStyle":"Linear","EasingDirection":"In"},"Head":{"Weight":1,"CFrame":[8.742279078433057e-8,0,0,1,-6.357302595461079e-8,8.742277657347586e-8,6.357302595461079e-8,1,0,-8.742277657347586e-8,-2.0850114102149814e-15,1],"EasingStyle":"Linear","EasingDirection":"In"},"Torso":{"Weight":1,"CFrame":[0,0,0,1,0,-8.742277657347586e-8,0,1,0,8.742277657347586e-8,0,1],"EasingStyle":"Linear","EasingDirection":"In"},"HumanoidRootPart":{"Weight":1,"CFrame":[0,0,0,1,0,0,0,1,0,0,0,1],"EasingStyle":"Linear","EasingDirection":"In"},"Right Arm":{"Weight":1,"CFrame":[0.1955985724925995,-0.7313684225082398,0,-0.8457349538803101,-0.5150524973869324,0.1394755095243454,0.5196704268455505,-0.8543581366539002,-0.0038423207588493826,0.12114100158214569,0.06923164427280426,0.9902181029319763],"EasingStyle":"Linear","EasingDirection":"In"}}},{"Time":0.03333333507180214,"poses":{"Left Leg":{"Weight":1,"CFrame":[-0.7243702411651611,0.7469152212142944,3.5762786865234377e-7,0.9746939539909363,-0.22354377806186677,2.9305599014151087e-7,0.22354373335838319,0.9746939539909363,-1.8726601069829486e-7,-2.854054343970347e-7,2.6402440767014925e-7,1],"EasingStyle":"Linear","EasingDirection":"In"},"Right Leg":{"Weight":1,"CFrame":[0.0044107586145401,0.000004827976226806641,1.1920928955078126e-7,1,0.00031562504591420293,3.3180828040713097e-7,-0.00031567757832817733,0.9999999403953552,8.745012536337527e-8,-2.7015505565941569e-7,-1.1722511317202589e-7,1],"EasingStyle":"Linear","EasingDirection":"In"},"Left Arm":{"Weight":1,"CFrame":[-0.6513242721557617,0.41700851917266848,0.3510258197784424,-0.08955036103725434,0.3789149224758148,0.921088695526123,0.007669477257877588,-0.9245145320892334,0.3810698986053467,0.995952844619751,0.04118926823139191,0.07988450676202774],"EasingStyle":"Linear","EasingDirection":"In"},"Head":{"Weight":1,"CFrame":[8.742279078433057e-8,0,0,1,-6.357302595461079e-8,8.742277657347586e-8,6.357302595461079e-8,1,0,-8.742277657347586e-8,-2.0850114102149814e-15,1],"EasingStyle":"Linear","EasingDirection":"In"},"Torso":{"Weight":1,"CFrame":[0,0,0,1,0,-8.742277657347586e-8,0,1,0,8.742277657347586e-8,0,1],"EasingStyle":"Linear","EasingDirection":"In"},"HumanoidRootPart":{"Weight":1,"CFrame":[0,0,0,1,0,0,0,1,0,0,0,1],"EasingStyle":"Linear","EasingDirection":"In"},"Right Arm":{"Weight":1,"CFrame":[0.1955985724925995,-0.7313684225082398,0,-0.8457349538803101,-0.5150524973869324,0.1394755095243454,0.5196704268455505,-0.8543581366539002,-0.0038423207588493826,0.12114100158214569,0.06923164427280426,0.9902181029319763],"EasingStyle":"Linear","EasingDirection":"In"}}},{"Time":0.06666667014360428,"poses":{"Left Leg":{"Weight":1,"CFrame":[-0.7243702411651611,0.7469152212142944,3.5762786865234377e-7,0.9746939539909363,-0.22354377806186677,2.9305599014151087e-7,0.22354373335838319,0.9746939539909363,-1.8726601069829486e-7,-2.854054343970347e-7,2.6402440767014925e-7,1],"EasingStyle":"Linear","EasingDirection":"In"},"Right Leg":{"Weight":1,"CFrame":[0.0044107586145401,0.000004827976226806641,1.1920928955078126e-7,1,0.00031562504591420293,3.3180828040713097e-7,-0.00031567757832817733,0.9999999403953552,8.745012536337527e-8,-2.7015505565941569e-7,-1.1722511317202589e-7,1],"EasingStyle":"Linear","EasingDirection":"In"},"Left Arm":{"Weight":1,"CFrame":[-0.6513242721557617,0.41700851917266848,0.3510258197784424,-0.08955036103725434,0.3789149224758148,0.921088695526123,0.007669477257877588,-0.9245145320892334,0.3810698986053467,0.995952844619751,0.04118926823139191,0.07988450676202774],"EasingStyle":"Linear","EasingDirection":"In"},"Head":{"Weight":1,"CFrame":[8.742279078433057e-8,0,0,1,-6.357302595461079e-8,8.742277657347586e-8,6.357302595461079e-8,1,0,-8.742277657347586e-8,-2.0850114102149814e-15,1],"EasingStyle":"Linear","EasingDirection":"In"},"Torso":{"Weight":1,"CFrame":[0,0,0,1,0,-8.742277657347586e-8,0,1,0,8.742277657347586e-8,0,1],"EasingStyle":"Linear","EasingDirection":"In"},"HumanoidRootPart":{"Weight":1,"CFrame":[0,0,0,1,0,0,0,1,0,0,0,1],"EasingStyle":"Linear","EasingDirection":"In"},"Right Arm":{"Weight":1,"CFrame":[0.1955985724925995,-0.7313684225082398,0,-0.8457349538803101,-0.5150524973869324,0.1394755095243454,0.5196704268455505,-0.8543581366539002,-0.0038423207588493826,0.12114100158214569,0.06923164427280426,0.9902181029319763],"EasingStyle":"Linear","EasingDirection":"In"}}},{"Time":0.10000000149011612,"poses":{"Left Leg":{"Weight":1,"CFrame":[-0.7243702411651611,0.7469152212142944,3.5762786865234377e-7,0.9746939539909363,-0.22354377806186677,2.9305599014151087e-7,0.22354373335838319,0.9746939539909363,-1.8726601069829486e-7,-2.854054343970347e-7,2.6402440767014925e-7,1],"EasingStyle":"Linear","EasingDirection":"In"},"Right Leg":{"Weight":1,"CFrame":[0.0044107586145401,0.000004827976226806641,1.1920928955078126e-7,1,0.00031562504591420293,3.3180828040713097e-7,-0.00031567757832817733,0.9999999403953552,8.745012536337527e-8,-2.7015505565941569e-7,-1.1722511317202589e-7,1],"EasingStyle":"Linear","EasingDirection":"In"},"Left Arm":{"Weight":1,"CFrame":[-0.6513242721557617,0.41700851917266848,0.3510258197784424,-0.08955036103725434,0.3789149224758148,0.921088695526123,0.007669477257877588,-0.9245145320892334,0.3810698986053467,0.995952844619751,0.04118926823139191,0.07988450676202774],"EasingStyle":"Linear","EasingDirection":"In"},"Head":{"Weight":1,"CFrame":[8.742279078433057e-8,0,0,1,-6.357302595461079e-8,8.742277657347586e-8,6.357302595461079e-8,1,0,-8.742277657347586e-8,-2.0850114102149814e-15,1],"EasingStyle":"Linear","EasingDirection":"In"},"Torso":{"Weight":1,"CFrame":[0,0,0,1,0,-8.742277657347586e-8,0,1,0,8.742277657347586e-8,0,1],"EasingStyle":"Linear","EasingDirection":"In"},"HumanoidRootPart":{"Weight":1,"CFrame":[0,0,0,1,0,0,0,1,0,0,0,1],"EasingStyle":"Linear","EasingDirection":"In"},"Right Arm":{"Weight":1,"CFrame":[0.1955985724925995,-0.7313684225082398,0,-0.8457349538803101,-0.5150524973869324,0.1394755095243454,0.5196704268455505,-0.8543581366539002,-0.0038423207588493826,0.12114100158214569,0.06923164427280426,0.9902181029319763],"EasingStyle":"Linear","EasingDirection":"In"}}},{"Time":0.13333334028720857,"poses":{"Left Leg":{"Weight":1,"CFrame":[-0.7243702411651611,0.7469152212142944,3.5762786865234377e-7,0.9746939539909363,-0.22354377806186677,2.9305599014151087e-7,0.22354373335838319,0.9746939539909363,-1.8726601069829486e-7,-2.854054343970347e-7,2.6402440767014925e-7,1],"EasingStyle":"Linear","EasingDirection":"In"},"Right Leg":{"Weight":1,"CFrame":[0.0044107586145401,0.000004827976226806641,1.1920928955078126e-7,1,0.00031562504591420293,3.3180828040713097e-7,-0.00031567757832817733,0.9999999403953552,8.745012536337527e-8,-2.7015505565941569e-7,-1.1722511317202589e-7,1],"EasingStyle":"Linear","EasingDirection":"In"},"Left Arm":{"Weight":1,"CFrame":[-0.6513242721557617,0.41700851917266848,0.3510258197784424,-0.08955036103725434,0.3789149224758148,0.921088695526123,0.007669477257877588,-0.9245145320892334,0.3810698986053467,0.995952844619751,0.04118926823139191,0.07988450676202774],"EasingStyle":"Linear","EasingDirection":"In"},"Head":{"Weight":1,"CFrame":[8.742279078433057e-8,0,0,1,-6.357302595461079e-8,8.742277657347586e-8,6.357302595461079e-8,1,0,-8.742277657347586e-8,-2.0850114102149814e-15,1],"EasingStyle":"Linear","EasingDirection":"In"},"Torso":{"Weight":1,"CFrame":[0,0,0,1,0,-8.742277657347586e-8,0,1,0,8.742277657347586e-8,0,1],"EasingStyle":"Linear","EasingDirection":"In"},"HumanoidRootPart":{"Weight":1,"CFrame":[0,0,0,1,0,0,0,1,0,0,0,1],"EasingStyle":"Linear","EasingDirection":"In"},"Right Arm":{"Weight":1,"CFrame":[0.1955985724925995,-0.7313684225082398,0,-0.8457349538803101,-0.5150524973869324,0.1394755095243454,0.5196704268455505,-0.8543581366539002,-0.0038423207588493826,0.12114100158214569,0.06923164427280426,0.9902181029319763],"EasingStyle":"Linear","EasingDirection":"In"}}},{"Time":0.1666666716337204,"poses":{"Left Leg":{"Weight":1,"CFrame":[-0.7841002941131592,0.5403927564620972,3.5762786865234377e-7,0.9567593932151794,-0.29088062047958376,3.064034217459266e-7,0.29088062047958376,0.9567593336105347,-2.410371280348045e-7,-2.7175065042683857e-7,3.2206111200139278e-7,1],"EasingStyle":"Linear","EasingDirection":"In"},"Right Leg":{"Weight":1,"CFrame":[0.403134286403656,0.056222498416900638,-5.960464477539063e-8,0.9798923134803772,0.19952738285064698,3.2489185741724216e-7,-0.19952744245529176,0.9798923134803772,7.490591968917215e-8,-2.518604844681249e-7,-1.4526956704230543e-7,1],"EasingStyle":"Linear","EasingDirection":"In"},"Left Arm":{"Weight":1,"CFrame":[-0.5671765804290772,0.08815968036651612,0.2389969825744629,-0.42946159839630129,0.4321722090244293,0.7929627299308777,-0.18475627899169923,-0.9015339612960815,0.3912821412086487,0.8839841485023499,0.021535832434892656,0.4670206606388092],"EasingStyle":"Linear","EasingDirection":"In"},"Head":{"Weight":1,"CFrame":[8.742279078433057e-8,0,0,1,-6.357302595461079e-8,8.742277657347586e-8,6.357302595461079e-8,1,0,-8.742277657347586e-8,-2.0850114102149814e-15,1],"EasingStyle":"Linear","EasingDirection":"In"},"Torso":{"Weight":1,"CFrame":[0,0,0.25,1,0,-8.742277657347586e-8,0,1,0,8.742277657347586e-8,0,1],"EasingStyle":"Linear","EasingDirection":"In"},"HumanoidRootPart":{"Weight":1,"CFrame":[0,0,0,1,0,0,0,1,0,0,0,1],"EasingStyle":"Linear","EasingDirection":"In"},"Right Arm":{"Weight":1,"CFrame":[0.2652582824230194,-0.6456724405288696,0.01948106288909912,-0.8573665022850037,-0.5146831274032593,0.004901042208075523,0.5136401653289795,-0.8549390435218811,0.07247760891914368,-0.03311293199658394,0.06465720385313034,0.9973580241203308],"EasingStyle":"Linear","EasingDirection":"In"}}},{"Time":0.20000000298023225,"poses":{"Left Leg":{"Weight":1,"CFrame":[-0.6683157682418823,0.22606343030929566,1.1920928955078126e-7,0.9579361081123352,-0.2869814932346344,3.139559510145773e-7,0.286981463432312,0.9579361081123352,-2.1157259766368953e-7,-2.7260122692496227e-7,3.2216394174611198e-7,1],"EasingStyle":"Linear","EasingDirection":"In"},"Right Leg":{"Weight":1,"CFrame":[0.6683159470558167,0.2260635495185852,-1.1920928955078126e-7,0.957866907119751,0.287212610244751,3.3425055789848559e-7,-0.28721269965171816,0.9578668475151062,5.269995284606921e-8,-2.432320513889863e-7,-1.4334402465010499e-7,1],"EasingStyle":"Linear","EasingDirection":"In"},"Left Arm":{"Weight":1,"CFrame":[-0.4069036841392517,-0.40424904227256777,0.08464550971984863,-0.7953983545303345,0.500059962272644,0.34246397018432619,-0.43750083446502688,-0.8647527098655701,0.24656833708286286,0.4194454848766327,0.04629172384738922,0.9065995216369629],"EasingStyle":"Linear","EasingDirection":"In"},"Head":{"Weight":1,"CFrame":[8.742279078433057e-8,0,0,1,-6.357302595461079e-8,8.742277657347586e-8,6.357302595461079e-8,1,0,-8.742277657347586e-8,-2.0850114102149814e-15,1],"EasingStyle":"Linear","EasingDirection":"In"},"Torso":{"Weight":1,"CFrame":[0,0,0.5,1,0,-8.742277657347586e-8,0,1,0,8.742277657347586e-8,0,1],"EasingStyle":"Linear","EasingDirection":"In"},"HumanoidRootPart":{"Weight":1,"CFrame":[0,0,0,1,0,0,0,1,0,0,0,1],"EasingStyle":"Linear","EasingDirection":"In"},"Right Arm":{"Weight":1,"CFrame":[0.4069036841392517,-0.4042488634586334,0.08464550971984863,-0.7953983545303345,-0.5000601410865784,-0.3424638509750366,0.43750083446502688,-0.8647525310516357,0.24656863510608674,-0.41944560408592226,0.046291984617710116,0.9065994024276733],"EasingStyle":"Linear","EasingDirection":"In"}}},{"Time":0.23333333432674409,"poses":{"Left Leg":{"Weight":1,"CFrame":[-0.41115933656692507,0.06422513723373413,1.1920928955078126e-7,0.9815821647644043,-0.1910410225391388,2.787515427371545e-7,0.1910410225391388,0.9815821051597595,-7.087250963877523e-8,-2.909298473241506e-7,1.1561495938394728e-7,1],"EasingStyle":"Linear","EasingDirection":"In"},"Right Leg":{"Weight":1,"CFrame":[0.7746672034263611,0.45282942056655886,-1.7881393432617188e-7,0.9553484320640564,0.295481413602829,3.5682046473084485e-7,-0.29548144340515139,0.955348551273346,1.428232678790664e-7,-2.426707226277358e-7,-2.3253085146279774e-7,1],"EasingStyle":"Linear","EasingDirection":"In"},"Left Arm":{"Weight":1,"CFrame":[-0.2844540774822235,-0.6344443559646606,0.025080084800720216,-0.8589334487915039,0.5120295882225037,0.0076804556883871559,-0.5092942118644714,-0.8557170033454895,0.09147639572620392,0.053410910069942477,0.07466047257184982,0.9957777261734009],"EasingStyle":"Linear","EasingDirection":"In"},"Head":{"Weight":1,"CFrame":[8.742279078433057e-8,0,0,1,-6.357302595461079e-8,8.742277657347586e-8,6.357302595461079e-8,1,0,-8.742277657347586e-8,-2.0850114102149814e-15,1],"EasingStyle":"Linear","EasingDirection":"In"},"Torso":{"Weight":1,"CFrame":[0,0,0.5,1,0,-8.742277657347586e-8,0,1,0,8.742277657347586e-8,0,1],"EasingStyle":"Linear","EasingDirection":"In"},"HumanoidRootPart":{"Weight":1,"CFrame":[0,0,0,1,0,0,0,1,0,0,0,1],"EasingStyle":"Linear","EasingDirection":"In"},"Right Arm":{"Weight":1,"CFrame":[0.5342592597007752,-0.05290567874908447,0.1943143606185913,-0.539236843585968,-0.452737957239151,-0.7101070880889893,0.24844031035900117,-0.8911963701248169,0.37953466176986697,-0.804674506187439,0.028239762410521508,0.5930443406105042],"EasingStyle":"Linear","EasingDirection":"In"}}},{"Time":0.2666666805744171,"poses":{"Left Leg":{"Weight":1,"CFrame":[-0.16697366535663606,0.008760631084442139,-5.960464477539063e-8,0.996544361114502,-0.08306244015693665,2.7259719104222315e-7,0.08306241035461426,0.996544361114502,-5.042458539605832e-8,-3.0685018259646315e-7,8.71206822239401e-8,1],"EasingStyle":"Linear","EasingDirection":"In"},"Right Leg":{"Weight":1,"CFrame":[0.7590620517730713,0.6580477952957153,-1.7881393432617188e-7,0.9670622944831848,0.2545399069786072,3.558056960173417e-7,-0.25453996658325198,0.9670622944831848,1.6907873146010389e-7,-2.4676202770024249e-7,-2.3355488565357519e-7,1],"EasingStyle":"Linear","EasingDirection":"In"},"Left Arm":{"Weight":1,"CFrame":[-0.21654799580574037,-0.7192531824111939,0.0031349658966064455,-0.8490851521492004,0.5143774747848511,-0.120293028652668,-0.519584596157074,-0.8542965650558472,0.014470468275249005,-0.09532266110181809,0.07478897273540497,0.992633044719696],"EasingStyle":"Linear","EasingDirection":"In"},"Head":{"Weight":1,"CFrame":[8.742279078433057e-8,0,0,1,-6.357302595461079e-8,8.742277657347586e-8,6.357302595461079e-8,1,0,-8.742277657347586e-8,-2.0850114102149814e-15,1],"EasingStyle":"Linear","EasingDirection":"In"},"Torso":{"Weight":1,"CFrame":[0,0,0.25,1,0,-8.742277657347586e-8,0,1,0,8.742277657347586e-8,0,1],"EasingStyle":"Linear","EasingDirection":"In"},"HumanoidRootPart":{"Weight":1,"CFrame":[0,0,0,1,0,0,0,1,0,0,0,1],"EasingStyle":"Linear","EasingDirection":"In"},"Right Arm":{"Weight":1,"CFrame":[0.6199495792388916,0.27330219745635989,0.3022676706314087,-0.22587944567203523,-0.4006837010383606,-0.8879364728927612,0.06358236074447632,-0.915614128112793,0.3969988524913788,-0.9720781445503235,0.03321667015552521,0.23229484260082246],"EasingStyle":"Linear","EasingDirection":"In"}}},{"Time":0.30000001192092898,"poses":{"Left Leg":{"Weight":1,"CFrame":[-0.0044623007997870449,0.000004947185516357422,-5.960464477539063e-8,1,-0.00010480761557118967,2.775458938231168e-7,0.00010478121839696541,1,-5.761137700233121e-8,-3.155993226755527e-7,5.76204612912079e-8,1],"EasingStyle":"Linear","EasingDirection":"In"},"Right Leg":{"Weight":1,"CFrame":[0.724388837814331,0.7468811273574829,-2.384185791015625e-7,0.9746361970901489,0.22379522025585175,3.551495524334314e-7,-0.22379527986049653,0.9746362566947937,1.6641526201510715e-7,-2.4978086798910228e-7,-2.342170262181753e-7,1],"EasingStyle":"Linear","EasingDirection":"In"},"Left Arm":{"Weight":1,"CFrame":[-0.1955985724925995,-0.7313686609268189,0,-0.8457348942756653,0.5150524973869324,-0.1394755095243454,-0.5196704268455505,-0.8543581962585449,-0.003842494450509548,-0.12114116549491883,0.06923148036003113,0.9902181625366211],"EasingStyle":"Linear","EasingDirection":"In"},"Head":{"Weight":1,"CFrame":[8.742279078433057e-8,0,0,1,-6.357302595461079e-8,8.742277657347586e-8,6.357302595461079e-8,1,0,-8.742277657347586e-8,-2.0850114102149814e-15,1],"EasingStyle":"Linear","EasingDirection":"In"},"Torso":{"Weight":1,"CFrame":[0,0,0,1,0,-8.742277657347586e-8,0,1,0,8.742277657347586e-8,0,1],"EasingStyle":"Linear","EasingDirection":"In"},"HumanoidRootPart":{"Weight":1,"CFrame":[0,0,0,1,0,0,0,1,0,0,0,1],"EasingStyle":"Linear","EasingDirection":"In"},"Right Arm":{"Weight":1,"CFrame":[0.6513242721557617,0.41700875759124758,0.3510255813598633,-0.08955028653144837,-0.3789147138595581,-0.9210887551307678,-0.007669737562537193,-0.9245145320892334,0.38106968998908999,-0.995952844619751,0.04118931666016579,0.07988438755273819],"EasingStyle":"Linear","EasingDirection":"In"}}},{"Time":0.3333333432674408,"poses":{"Left Leg":{"Weight":1,"CFrame":[-0.0044623007997870449,0.000004947185516357422,-5.960464477539063e-8,1,-0.00010480761557118967,2.775458938231168e-7,0.00010478121839696541,1,-5.761137700233121e-8,-3.155993226755527e-7,5.76204612912079e-8,1],"EasingStyle":"Linear","EasingDirection":"In"},"Right Leg":{"Weight":1,"CFrame":[0.724388837814331,0.7468811273574829,-2.384185791015625e-7,0.9746361970901489,0.22379522025585175,3.551495524334314e-7,-0.22379527986049653,0.9746362566947937,1.6641526201510715e-7,-2.4978086798910228e-7,-2.342170262181753e-7,1],"EasingStyle":"Linear","EasingDirection":"In"},"Left Arm":{"Weight":1,"CFrame":[-0.1955985724925995,-0.7313686609268189,0,-0.8457348942756653,0.5150524973869324,-0.1394755095243454,-0.5196704268455505,-0.8543581962585449,-0.003842494450509548,-0.12114116549491883,0.06923148036003113,0.9902181625366211],"EasingStyle":"Linear","EasingDirection":"In"},"Head":{"Weight":1,"CFrame":[8.742279078433057e-8,0,0,1,-6.357302595461079e-8,8.742277657347586e-8,6.357302595461079e-8,1,0,-8.742277657347586e-8,-2.0850114102149814e-15,1],"EasingStyle":"Linear","EasingDirection":"In"},"Torso":{"Weight":1,"CFrame":[0,0,0,1,0,-8.742277657347586e-8,0,1,0,8.742277657347586e-8,0,1],"EasingStyle":"Linear","EasingDirection":"In"},"HumanoidRootPart":{"Weight":1,"CFrame":[0,0,0,1,0,0,0,1,0,0,0,1],"EasingStyle":"Linear","EasingDirection":"In"},"Right Arm":{"Weight":1,"CFrame":[0.6513242721557617,0.41700875759124758,0.3510255813598633,-0.08955028653144837,-0.3789147138595581,-0.9210887551307678,-0.007669737562537193,-0.9245145320892334,0.38106968998908999,-0.995952844619751,0.04118931666016579,0.07988438755273819],"EasingStyle":"Linear","EasingDirection":"In"}}},{"Time":0.36666667461395266,"poses":{"Left Leg":{"Weight":1,"CFrame":[-0.0044623007997870449,0.000004947185516357422,-5.960464477539063e-8,1,-0.00010480761557118967,2.775458938231168e-7,0.00010478121839696541,1,-5.761137700233121e-8,-3.155993226755527e-7,5.76204612912079e-8,1],"EasingStyle":"Linear","EasingDirection":"In"},"Right Leg":{"Weight":1,"CFrame":[0.724388837814331,0.7468811273574829,-2.384185791015625e-7,0.9746361970901489,0.22379522025585175,3.551495524334314e-7,-0.22379527986049653,0.9746362566947937,1.6641526201510715e-7,-2.4978086798910228e-7,-2.342170262181753e-7,1],"EasingStyle":"Linear","EasingDirection":"In"},"Left Arm":{"Weight":1,"CFrame":[-0.1955985724925995,-0.7313686609268189,0,-0.8457348942756653,0.5150524973869324,-0.1394755095243454,-0.5196704268455505,-0.8543581962585449,-0.003842494450509548,-0.12114116549491883,0.06923148036003113,0.9902181625366211],"EasingStyle":"Linear","EasingDirection":"In"},"Head":{"Weight":1,"CFrame":[8.742279078433057e-8,0,0,1,-6.357302595461079e-8,8.742277657347586e-8,6.357302595461079e-8,1,0,-8.742277657347586e-8,-2.0850114102149814e-15,1],"EasingStyle":"Linear","EasingDirection":"In"},"Torso":{"Weight":1,"CFrame":[0,0,0,1,0,-8.742277657347586e-8,0,1,0,8.742277657347586e-8,0,1],"EasingStyle":"Linear","EasingDirection":"In"},"HumanoidRootPart":{"Weight":1,"CFrame":[0,0,0,1,0,0,0,1,0,0,0,1],"EasingStyle":"Linear","EasingDirection":"In"},"Right Arm":{"Weight":1,"CFrame":[0.6513242721557617,0.41700875759124758,0.3510255813598633,-0.08955028653144837,-0.3789147138595581,-0.9210887551307678,-0.007669737562537193,-0.9245145320892334,0.38106968998908999,-0.995952844619751,0.04118931666016579,0.07988438755273819],"EasingStyle":"Linear","EasingDirection":"In"}}},{"Time":0.4000000059604645,"poses":{"Left Leg":{"Weight":1,"CFrame":[-0.0044623007997870449,0.000004947185516357422,-5.960464477539063e-8,1,-0.00010480761557118967,2.775458938231168e-7,0.00010478121839696541,1,-5.761137700233121e-8,-3.155993226755527e-7,5.76204612912079e-8,1],"EasingStyle":"Linear","EasingDirection":"In"},"Right Leg":{"Weight":1,"CFrame":[0.724388837814331,0.7468811273574829,-2.384185791015625e-7,0.9746361970901489,0.22379522025585175,3.551495524334314e-7,-0.22379527986049653,0.9746362566947937,1.6641526201510715e-7,-2.4978086798910228e-7,-2.342170262181753e-7,1],"EasingStyle":"Linear","EasingDirection":"In"},"Left Arm":{"Weight":1,"CFrame":[-0.1955985724925995,-0.7313686609268189,0,-0.8457348942756653,0.5150524973869324,-0.1394755095243454,-0.5196704268455505,-0.8543581962585449,-0.003842494450509548,-0.12114116549491883,0.06923148036003113,0.9902181625366211],"EasingStyle":"Linear","EasingDirection":"In"},"Head":{"Weight":1,"CFrame":[8.742279078433057e-8,0,0,1,-6.357302595461079e-8,8.742277657347586e-8,6.357302595461079e-8,1,0,-8.742277657347586e-8,-2.0850114102149814e-15,1],"EasingStyle":"Linear","EasingDirection":"In"},"Torso":{"Weight":1,"CFrame":[0,0,0,1,0,-8.742277657347586e-8,0,1,0,8.742277657347586e-8,0,1],"EasingStyle":"Linear","EasingDirection":"In"},"HumanoidRootPart":{"Weight":1,"CFrame":[0,0,0,1,0,0,0,1,0,0,0,1],"EasingStyle":"Linear","EasingDirection":"In"},"Right Arm":{"Weight":1,"CFrame":[0.6513242721557617,0.41700875759124758,0.3510255813598633,-0.08955028653144837,-0.3789147138595581,-0.9210887551307678,-0.007669737562537193,-0.9245145320892334,0.38106968998908999,-0.995952844619751,0.04118931666016579,0.07988438755273819],"EasingStyle":"Linear","EasingDirection":"In"}}},{"Time":0.4333333373069763,"poses":{"Left Leg":{"Weight":1,"CFrame":[-0.0044623007997870449,0.000004947185516357422,-5.960464477539063e-8,1,-0.00010480761557118967,2.775458938231168e-7,0.00010478121839696541,1,-5.761137700233121e-8,-3.155993226755527e-7,5.76204612912079e-8,1],"EasingStyle":"Linear","EasingDirection":"In"},"Right Leg":{"Weight":1,"CFrame":[0.724388837814331,0.7468811273574829,-2.384185791015625e-7,0.9746361970901489,0.22379522025585175,3.551495524334314e-7,-0.22379527986049653,0.9746362566947937,1.6641526201510715e-7,-2.4978086798910228e-7,-2.342170262181753e-7,1],"EasingStyle":"Linear","EasingDirection":"In"},"Left Arm":{"Weight":1,"CFrame":[-0.1955985724925995,-0.7313686609268189,0,-0.8457348942756653,0.5150524973869324,-0.1394755095243454,-0.5196704268455505,-0.8543581962585449,-0.003842494450509548,-0.12114116549491883,0.06923148036003113,0.9902181625366211],"EasingStyle":"Linear","EasingDirection":"In"},"Head":{"Weight":1,"CFrame":[8.742279078433057e-8,0,0,1,-6.357302595461079e-8,8.742277657347586e-8,6.357302595461079e-8,1,0,-8.742277657347586e-8,-2.0850114102149814e-15,1],"EasingStyle":"Linear","EasingDirection":"In"},"Torso":{"Weight":1,"CFrame":[0,0,0,1,0,-8.742277657347586e-8,0,1,0,8.742277657347586e-8,0,1],"EasingStyle":"Linear","EasingDirection":"In"},"HumanoidRootPart":{"Weight":1,"CFrame":[0,0,0,1,0,0,0,1,0,0,0,1],"EasingStyle":"Linear","EasingDirection":"In"},"Right Arm":{"Weight":1,"CFrame":[0.6513242721557617,0.41700875759124758,0.3510255813598633,-0.08955028653144837,-0.3789147138595581,-0.9210887551307678,-0.007669737562537193,-0.9245145320892334,0.38106968998908999,-0.995952844619751,0.04118931666016579,0.07988438755273819],"EasingStyle":"Linear","EasingDirection":"In"}}},{"Time":0.46666666865348818,"poses":{"Left Leg":{"Weight":1,"CFrame":[-0.0044623007997870449,0.000004947185516357422,-5.960464477539063e-8,1,-0.00010480761557118967,2.775458938231168e-7,0.00010478121839696541,1,-5.761137700233121e-8,-3.155993226755527e-7,5.76204612912079e-8,1],"EasingStyle":"Linear","EasingDirection":"In"},"Right Leg":{"Weight":1,"CFrame":[0.724388837814331,0.7468811273574829,-2.384185791015625e-7,0.9746361970901489,0.22379522025585175,3.551495524334314e-7,-0.22379527986049653,0.9746362566947937,1.6641526201510715e-7,-2.4978086798910228e-7,-2.342170262181753e-7,1],"EasingStyle":"Linear","EasingDirection":"In"},"Left Arm":{"Weight":1,"CFrame":[-0.1955985724925995,-0.7313686609268189,0,-0.8457348942756653,0.5150524973869324,-0.1394755095243454,-0.5196704268455505,-0.8543581962585449,-0.003842494450509548,-0.12114116549491883,0.06923148036003113,0.9902181625366211],"EasingStyle":"Linear","EasingDirection":"In"},"Head":{"Weight":1,"CFrame":[8.742279078433057e-8,0,0,1,-6.357302595461079e-8,8.742277657347586e-8,6.357302595461079e-8,1,0,-8.742277657347586e-8,-2.0850114102149814e-15,1],"EasingStyle":"Linear","EasingDirection":"In"},"Torso":{"Weight":1,"CFrame":[0,0,0,1,0,-8.742277657347586e-8,0,1,0,8.742277657347586e-8,0,1],"EasingStyle":"Linear","EasingDirection":"In"},"HumanoidRootPart":{"Weight":1,"CFrame":[0,0,0,1,0,0,0,1,0,0,0,1],"EasingStyle":"Linear","EasingDirection":"In"},"Right Arm":{"Weight":1,"CFrame":[0.6513242721557617,0.41700875759124758,0.3510255813598633,-0.08955028653144837,-0.3789147138595581,-0.9210887551307678,-0.007669737562537193,-0.9245145320892334,0.38106968998908999,-0.995952844619751,0.04118931666016579,0.07988438755273819],"EasingStyle":"Linear","EasingDirection":"In"}}},{"Time":0.5,"poses":{"Left Leg":{"Weight":1,"CFrame":[-0.40313470363616946,0.056222617626190189,1.1920928955078126e-7,0.9799402952194214,-0.19929139316082,2.786093205031648e-7,0.19929133355617524,0.9799403548240662,-7.015776759544679e-8,-2.8949747843398657e-7,1.154714368567511e-7,1],"EasingStyle":"Linear","EasingDirection":"In"},"Right Leg":{"Weight":1,"CFrame":[0.7841008901596069,0.5403794050216675,-1.7881393432617188e-7,0.9566884636878967,0.29111364483833315,3.716055516633787e-7,-0.2911137044429779,0.9566885232925415,1.4244486123971e-7,-2.431111738587788e-7,-2.3264799153821515e-7,1],"EasingStyle":"Linear","EasingDirection":"In"},"Left Arm":{"Weight":1,"CFrame":[-0.26525822281837466,-0.6456729173660278,0.01948106288909912,-0.8561532497406006,0.5166832208633423,0.006330588366836309,-0.5146527886390686,-0.8537560701370239,0.07895053178071976,0.04619719088077545,0.0643356442451477,0.9968584775924683],"EasingStyle":"Linear","EasingDirection":"In"},"Head":{"Weight":1,"CFrame":[8.742279078433057e-8,0,2.384185791015625e-7,1,-6.357302595461079e-8,8.742277657347586e-8,6.357302595461079e-8,1,0,-8.742277657347586e-8,-2.0850114102149814e-15,1],"EasingStyle":"Linear","EasingDirection":"In"},"Torso":{"Weight":1,"CFrame":[0,0,0.2499997615814209,1,0,-8.742277657347586e-8,0,1,0,8.742277657347586e-8,0,1],"EasingStyle":"Linear","EasingDirection":"In"},"HumanoidRootPart":{"Weight":1,"CFrame":[0,0,0,1,0,0,0,1,0,0,0,1],"EasingStyle":"Linear","EasingDirection":"In"},"Right Arm":{"Weight":1,"CFrame":[0.5671766400337219,0.08815991878509522,0.2389969825744629,-0.3974676728248596,-0.4292020797729492,-0.8110518455505371,0.1649763137102127,-0.9028903245925903,0.3969532549381256,-0.902664065361023,0.023971622809767724,0.4296778738498688],"EasingStyle":"Linear","EasingDirection":"In"}}},{"Time":0.5333333611488342,"poses":{"Left Leg":{"Weight":1,"CFrame":[-0.6683157682418823,0.22606343030929566,1.1920928955078126e-7,0.9579361081123352,-0.2869814932346344,3.139559510145773e-7,0.286981463432312,0.9579361081123352,-2.1157259766368953e-7,-2.7260122692496227e-7,3.2216394174611198e-7,1],"EasingStyle":"Linear","EasingDirection":"In"},"Right Leg":{"Weight":1,"CFrame":[0.6683159470558167,0.2260635495185852,-1.1920928955078126e-7,0.957866907119751,0.287212610244751,3.3425055789848559e-7,-0.28721269965171816,0.9578668475151062,5.269995284606921e-8,-2.432320513889863e-7,-1.4334402465010499e-7,1],"EasingStyle":"Linear","EasingDirection":"In"},"Left Arm":{"Weight":1,"CFrame":[-0.4069036841392517,-0.40424904227256777,0.08464550971984863,-0.7953983545303345,0.500059962272644,0.34246397018432619,-0.43750083446502688,-0.8647527098655701,0.24656833708286286,0.4194454848766327,0.04629172384738922,0.9065995216369629],"EasingStyle":"Linear","EasingDirection":"In"},"Head":{"Weight":1,"CFrame":[8.742279078433057e-8,0,0,1,-6.357302595461079e-8,8.742277657347586e-8,6.357302595461079e-8,1,0,-8.742277657347586e-8,-2.0850114102149814e-15,1],"EasingStyle":"Linear","EasingDirection":"In"},"Torso":{"Weight":1,"CFrame":[0,0,0.5,1,0,-8.742277657347586e-8,0,1,0,8.742277657347586e-8,0,1],"EasingStyle":"Linear","EasingDirection":"In"},"HumanoidRootPart":{"Weight":1,"CFrame":[0,0,0,1,0,0,0,1,0,0,0,1],"EasingStyle":"Linear","EasingDirection":"In"},"Right Arm":{"Weight":1,"CFrame":[0.4069036841392517,-0.4042488634586334,0.08464550971984863,-0.7953983545303345,-0.5000601410865784,-0.3424638509750366,0.43750083446502688,-0.8647525310516357,0.24656863510608674,-0.41944560408592226,0.046291984617710116,0.9065994024276733],"EasingStyle":"Linear","EasingDirection":"In"}}},{"Time":0.5666666626930237,"poses":{"Left Leg":{"Weight":1,"CFrame":[-0.7746676802635193,0.4528324007987976,3.5762786865234377e-7,0.9554197788238525,-0.2952507734298706,3.137379565032461e-7,0.2952507734298706,0.9554197788238525,-2.406585508651915e-7,-2.707884334540722e-7,3.2194395771512065e-7,1],"EasingStyle":"Linear","EasingDirection":"In"},"Right Leg":{"Weight":1,"CFrame":[0.4111591577529907,0.06422501802444458,-5.960464477539063e-8,0.9815360307693481,0.1912776082754135,3.247494646529958e-7,-0.19127769768238069,0.9815359711647034,4.43889049961399e-8,-2.526535638480709e-7,-1.4541325299433084e-7,1],"EasingStyle":"Linear","EasingDirection":"In"},"Left Arm":{"Weight":1,"CFrame":[-0.5342593193054199,-0.052905917167663577,0.1943143606185913,-0.5692411065101624,0.4525148868560791,0.6864362955093384,-0.26279208064079287,-0.8912518620491028,0.3696085512638092,0.779041051864624,0.03000638261437416,0.6262545585632324],"EasingStyle":"Linear","EasingDirection":"In"},"Head":{"Weight":1,"CFrame":[8.742279078433057e-8,0,0,1,-6.357302595461079e-8,8.742277657347586e-8,6.357302595461079e-8,1,0,-8.742277657347586e-8,-2.0850114102149814e-15,1],"EasingStyle":"Linear","EasingDirection":"In"},"Torso":{"Weight":1,"CFrame":[0,0,0.5,1,0,-8.742277657347586e-8,0,1,0,8.742277657347586e-8,0,1],"EasingStyle":"Linear","EasingDirection":"In"},"HumanoidRootPart":{"Weight":1,"CFrame":[0,0,0,1,0,0,0,1,0,0,0,1],"EasingStyle":"Linear","EasingDirection":"In"},"Right Arm":{"Weight":1,"CFrame":[0.2844540476799011,-0.6344441175460815,0.025080084800720216,-0.8589560985565186,-0.5120190382003784,0.005571654066443443,0.5107867121696472,-0.8560237884521484,0.0795004665851593,-0.035936303436756137,0.07113327085971832,0.9968193173408508],"EasingStyle":"Linear","EasingDirection":"In"}}},{"Time":0.6000000238418579,"poses":{"Left Leg":{"Weight":1,"CFrame":[-0.7590455412864685,0.6580942869186401,3.5762786865234377e-7,0.9671285152435303,-0.25428831577301028,2.9985113769726015e-7,0.25428831577301028,0.9671285152435303,-2.1440487785184815e-7,-2.7944079761255127e-7,2.931653000359802e-7,1],"EasingStyle":"Linear","EasingDirection":"In"},"Right Leg":{"Weight":1,"CFrame":[0.16695332527160645,0.008758604526519776,0,0.9965252876281738,0.08329077810049057,3.3090151418946336e-7,-0.08329082280397415,0.9965252876281738,6.483610803798001e-8,-2.6274926767655418e-7,-1.1692134194163373e-7,1],"EasingStyle":"Linear","EasingDirection":"In"},"Left Arm":{"Weight":1,"CFrame":[-0.6199496388435364,0.27330195903778078,0.3022679090499878,-0.2503054440021515,0.40161749720573428,0.8809372782707214,-0.07476519048213959,-0.9152035713195801,0.39599597454071047,0.965275764465332,0.03325653821229935,0.259107381105423],"EasingStyle":"Linear","EasingDirection":"In"},"Head":{"Weight":1,"CFrame":[8.742279078433057e-8,0,0,1,-6.357302595461079e-8,8.742277657347586e-8,6.357302595461079e-8,1,0,-8.742277657347586e-8,-2.0850114102149814e-15,1],"EasingStyle":"Linear","EasingDirection":"In"},"Torso":{"Weight":1,"CFrame":[0,0,0.25,1,0,-8.742277657347586e-8,0,1,0,8.742277657347586e-8,0,1],"EasingStyle":"Linear","EasingDirection":"In"},"HumanoidRootPart":{"Weight":1,"CFrame":[0,0,0,1,0,0,0,1,0,0,0,1],"EasingStyle":"Linear","EasingDirection":"In"},"Right Arm":{"Weight":1,"CFrame":[0.21654799580574037,-0.7192529439926148,0.0031349658966064455,-0.84847491979599,-0.5144421458244324,0.12425725907087326,0.5194790363311768,-0.8544275164604187,0.009749713353812695,0.10115314275026322,0.07282130420207977,0.9922022223472595],"EasingStyle":"Linear","EasingDirection":"In"}}},{"Time":0.6333333253860474,"poses":{"Left Leg":{"Weight":1,"CFrame":[-0.7243702411651611,0.7469152212142944,3.5762786865234377e-7,0.9746939539909363,-0.22354377806186677,2.9305599014151087e-7,0.22354373335838319,0.9746939539909363,-1.8726601069829486e-7,-2.854054343970347e-7,2.6402440767014925e-7,1],"EasingStyle":"Linear","EasingDirection":"In"},"Right Leg":{"Weight":1,"CFrame":[0.0044107586145401,0.000004827976226806641,1.1920928955078126e-7,1,0.00031562504591420293,3.3180828040713097e-7,-0.00031567757832817733,0.9999999403953552,8.745012536337527e-8,-2.7015505565941569e-7,-1.1722511317202589e-7,1],"EasingStyle":"Linear","EasingDirection":"In"},"Left Arm":{"Weight":1,"CFrame":[-0.6513242721557617,0.41700851917266848,0.3510258197784424,-0.08955036103725434,0.3789149224758148,0.921088695526123,0.007669477257877588,-0.9245145320892334,0.3810698986053467,0.995952844619751,0.04118926823139191,0.07988450676202774],"EasingStyle":"Linear","EasingDirection":"In"},"Head":{"Weight":1,"CFrame":[8.742279078433057e-8,0,0,1,-6.357302595461079e-8,8.742277657347586e-8,6.357302595461079e-8,1,0,-8.742277657347586e-8,-2.0850114102149814e-15,1],"EasingStyle":"Linear","EasingDirection":"In"},"Torso":{"Weight":1,"CFrame":[0,0,0,1,0,-8.742277657347586e-8,0,1,0,8.742277657347586e-8,0,1],"EasingStyle":"Linear","EasingDirection":"In"},"HumanoidRootPart":{"Weight":1,"CFrame":[0,0,0,1,0,0,0,1,0,0,0,1],"EasingStyle":"Linear","EasingDirection":"In"},"Right Arm":{"Weight":1,"CFrame":[0.1955985724925995,-0.7313684225082398,0,-0.8457349538803101,-0.5150524973869324,0.1394755095243454,0.5196704268455505,-0.8543581366539002,-0.0038423207588493826,0.12114100158214569,0.06923164427280426,0.9902181029319763],"EasingStyle":"Linear","EasingDirection":"In"}}},{"Time":0.6666666865348816,"poses":{"Left Leg":{"Weight":1,"CFrame":[-0.7243702411651611,0.7469152212142944,3.5762786865234377e-7,0.9746939539909363,-0.22354377806186677,2.9305599014151087e-7,0.22354373335838319,0.9746939539909363,-1.8726601069829486e-7,-2.854054343970347e-7,2.6402440767014925e-7,1],"EasingStyle":"Linear","EasingDirection":"In"},"Right Leg":{"Weight":1,"CFrame":[0.0044107586145401,0.000004827976226806641,1.1920928955078126e-7,1,0.00031562504591420293,3.3180828040713097e-7,-0.00031567757832817733,0.9999999403953552,8.745012536337527e-8,-2.7015505565941569e-7,-1.1722511317202589e-7,1],"EasingStyle":"Linear","EasingDirection":"In"},"Left Arm":{"Weight":1,"CFrame":[-0.6513242721557617,0.41700851917266848,0.3510258197784424,-0.08955036103725434,0.3789149224758148,0.921088695526123,0.007669477257877588,-0.9245145320892334,0.3810698986053467,0.995952844619751,0.04118926823139191,0.07988450676202774],"EasingStyle":"Linear","EasingDirection":"In"},"Head":{"Weight":1,"CFrame":[8.742279078433057e-8,0,0,1,-6.357302595461079e-8,8.742277657347586e-8,6.357302595461079e-8,1,0,-8.742277657347586e-8,-2.0850114102149814e-15,1],"EasingStyle":"Linear","EasingDirection":"In"},"Torso":{"Weight":1,"CFrame":[0,0,0,1,0,-8.742277657347586e-8,0,1,0,8.742277657347586e-8,0,1],"EasingStyle":"Linear","EasingDirection":"In"},"HumanoidRootPart":{"Weight":1,"CFrame":[0,0,0,1,0,0,0,1,0,0,0,1],"EasingStyle":"Linear","EasingDirection":"In"},"Right Arm":{"Weight":1,"CFrame":[0.1955985724925995,-0.7313684225082398,0,-0.8457349538803101,-0.5150524973869324,0.1394755095243454,0.5196704268455505,-0.8543581366539002,-0.0038423207588493826,0.12114100158214569,0.06923164427280426,0.9902181029319763],"EasingStyle":"Linear","EasingDirection":"In"}}},{"Time":0.699999988079071,"poses":{"Left Leg":{"Weight":1,"CFrame":[-0.7243702411651611,0.7469152212142944,3.5762786865234377e-7,0.9746939539909363,-0.22354377806186677,2.9305599014151087e-7,0.22354373335838319,0.9746939539909363,-1.8726601069829486e-7,-2.854054343970347e-7,2.6402440767014925e-7,1],"EasingStyle":"Linear","EasingDirection":"In"},"Right Leg":{"Weight":1,"CFrame":[0.0044107586145401,0.000004827976226806641,1.1920928955078126e-7,1,0.00031562504591420293,3.3180828040713097e-7,-0.00031567757832817733,0.9999999403953552,8.745012536337527e-8,-2.7015505565941569e-7,-1.1722511317202589e-7,1],"EasingStyle":"Linear","EasingDirection":"In"},"Left Arm":{"Weight":1,"CFrame":[-0.6513242721557617,0.41700851917266848,0.3510258197784424,-0.08955036103725434,0.3789149224758148,0.921088695526123,0.007669477257877588,-0.9245145320892334,0.3810698986053467,0.995952844619751,0.04118926823139191,0.07988450676202774],"EasingStyle":"Linear","EasingDirection":"In"},"Head":{"Weight":1,"CFrame":[8.742279078433057e-8,0,0,1,-6.357302595461079e-8,8.742277657347586e-8,6.357302595461079e-8,1,0,-8.742277657347586e-8,-2.0850114102149814e-15,1],"EasingStyle":"Linear","EasingDirection":"In"},"Torso":{"Weight":1,"CFrame":[0,0,0,1,0,-8.742277657347586e-8,0,1,0,8.742277657347586e-8,0,1],"EasingStyle":"Linear","EasingDirection":"In"},"HumanoidRootPart":{"Weight":1,"CFrame":[0,0,0,1,0,0,0,1,0,0,0,1],"EasingStyle":"Linear","EasingDirection":"In"},"Right Arm":{"Weight":1,"CFrame":[0.1955985724925995,-0.7313684225082398,0,-0.8457349538803101,-0.5150524973869324,0.1394755095243454,0.5196704268455505,-0.8543581366539002,-0.0038423207588493826,0.12114100158214569,0.06923164427280426,0.9902181029319763],"EasingStyle":"Linear","EasingDirection":"In"}}},{"Time":0.7333333492279053,"poses":{"Left Leg":{"Weight":1,"CFrame":[-0.7243702411651611,0.7469152212142944,3.5762786865234377e-7,0.9746939539909363,-0.22354377806186677,2.9305599014151087e-7,0.22354373335838319,0.9746939539909363,-1.8726601069829486e-7,-2.854054343970347e-7,2.6402440767014925e-7,1],"EasingStyle":"Linear","EasingDirection":"In"},"Right Leg":{"Weight":1,"CFrame":[0.0044107586145401,0.000004827976226806641,1.1920928955078126e-7,1,0.00031562504591420293,3.3180828040713097e-7,-0.00031567757832817733,0.9999999403953552,8.745012536337527e-8,-2.7015505565941569e-7,-1.1722511317202589e-7,1],"EasingStyle":"Linear","EasingDirection":"In"},"Left Arm":{"Weight":1,"CFrame":[-0.6513242721557617,0.41700851917266848,0.3510258197784424,-0.08955036103725434,0.3789149224758148,0.921088695526123,0.007669477257877588,-0.9245145320892334,0.3810698986053467,0.995952844619751,0.04118926823139191,0.07988450676202774],"EasingStyle":"Linear","EasingDirection":"In"},"Head":{"Weight":1,"CFrame":[8.742279078433057e-8,0,0,1,-6.357302595461079e-8,8.742277657347586e-8,6.357302595461079e-8,1,0,-8.742277657347586e-8,-2.0850114102149814e-15,1],"EasingStyle":"Linear","EasingDirection":"In"},"Torso":{"Weight":1,"CFrame":[0,0,0,1,0,-8.742277657347586e-8,0,1,0,8.742277657347586e-8,0,1],"EasingStyle":"Linear","EasingDirection":"In"},"HumanoidRootPart":{"Weight":1,"CFrame":[0,0,0,1,0,0,0,1,0,0,0