{"Sequence":[{"Time":0,"poses":{"Left Leg":{"Weight":1,"CFrame":[-0.2552539110183716,0.06164693832397461,0.030029892921447755,0.9893838167190552,-0.09572819620370865,0.1093430370092392,0.09424413740634918,0.9953740835189819,0.018672378733754159,-0.11062467843294144,-0.008169212378561497,0.9938287734985352],"EasingStyle":"Constant","EasingDirection":"In"},"Right Arm":{"Weight":1,"CFrame":[0.4786979854106903,-0.594653308391571,0.023845672607421876,-0.24528679251670838,-0.005261440295726061,0.9694362878799439,0.8328976035118103,-0.5128700733184815,0.20795632898807527,0.49610069394111636,0.8584501147270203,0.1301824003458023],"EasingStyle":"Constant","EasingDirection":"In"},"Head":{"Weight":1,"CFrame":[7.578637450933457e-8,-2.60770320892334e-8,-2.384185791015625e-7,0.9967451691627502,0.05778897553682327,-0.0562092624604702,-0.05338525027036667,0.9956070184707642,0.0769198015332222,0.06040744110941887,-0.07366868853569031,0.9954516887664795],"EasingStyle":"Constant","EasingDirection":"In"},"Right Leg":{"Weight":1,"CFrame":[0.3672163188457489,0.03995561599731445,0.003991961479187012,0.9744660258293152,0.22419627010822297,-0.012327555567026139,-0.22399316728115083,0.9744601845741272,0.015951545909047128,0.0155890928581357,-0.0127829909324646,0.9997967481613159],"EasingStyle":"Constant","EasingDirection":"In"},"Torso":{"Weight":1,"CFrame":[0.13569267094135285,-0.017067663371562959,-0.07095479965209961,0.9864609241485596,-0.163315549492836,-0.014929642900824547,0.16360877454280854,0.9862985610961914,0.021150637418031694,0.01127085741609335,-0.023306898772716523,0.999664843082428],"EasingStyle":"Constant","EasingDirection":"In"},"HumanoidRootPart":{"Weight":0,"CFrame":[0,0,0,1,0,0,0,1,0,0,0,1],"EasingStyle":"Linear","EasingDirection":"In"},"Left Arm":{"Weight":1,"CFrame":[-0.4991157352924347,-0.43621164560317995,0.02678096294403076,-0.17321953177452088,0.18215307593345643,-0.9678921699523926,-0.984736979007721,-0.015089333057403565,0.17339439690113069,0.016979528591036798,0.9831544160842896,0.1819864958524704],"EasingStyle":"Constant","EasingDirection":"In"}}},{"Time":0.03333333507180214,"poses":{"Left Leg":{"Weight":1,"CFrame":[-0.2552539110183716,0.06164693832397461,0.030029892921447755,0.9893838167190552,-0.09572819620370865,0.1093430370092392,0.09424413740634918,0.9953740835189819,0.018672378733754159,-0.11062467843294144,-0.008169212378561497,0.9938287734985352],"EasingStyle":"Constant","EasingDirection":"In"},"Right Arm":{"Weight":1,"CFrame":[0.4786979854106903,-0.594653308391571,0.023845672607421876,-0.24528679251670838,-0.005261440295726061,0.9694362878799439,0.8328976035118103,-0.5128700733184815,0.20795632898807527,0.49610069394111636,0.8584501147270203,0.1301824003458023],"EasingStyle":"Constant","EasingDirection":"In"},"Head":{"Weight":1,"CFrame":[7.578637450933457e-8,-2.60770320892334e-8,-2.384185791015625e-7,0.9967451691627502,0.05778897553682327,-0.0562092624604702,-0.05338525027036667,0.9956070184707642,0.0769198015332222,0.06040744110941887,-0.07366868853569031,0.9954516887664795],"EasingStyle":"Constant","EasingDirection":"In"},"Right Leg":{"Weight":1,"CFrame":[0.3672163188457489,0.03995561599731445,0.003991961479187012,0.9744660258293152,0.22419627010822297,-0.012327555567026139,-0.22399316728115083,0.9744601845741272,0.015951545909047128,0.0155890928581357,-0.0127829909324646,0.9997967481613159],"EasingStyle":"Constant","EasingDirection":"In"},"Torso":{"Weight":1,"CFrame":[0.13569267094135285,-0.017067663371562959,-0.07095479965209961,0.9864609241485596,-0.163315549492836,-0.014929642900824547,0.16360877454280854,0.9862985610961914,0.021150637418031694,0.01127085741609335,-0.023306898772716523,0.999664843082428],"EasingStyle":"Constant","EasingDirection":"In"},"HumanoidRootPart":{"Weight":0,"CFrame":[0,0,0,1,0,0,0,1,0,0,0,1],"EasingStyle":"Linear","EasingDirection":"In"},"Left Arm":{"Weight":1,"CFrame":[-0.4991157352924347,-0.43621164560317995,0.02678096294403076,-0.17321953177452088,0.18215307593345643,-0.9678921699523926,-0.984736979007721,-0.015089333057403565,0.17339439690113069,0.016979528591036798,0.9831544160842896,0.1819864958524704],"EasingStyle":"Constant","EasingDirection":"In"}}},{"Time":0.06666667014360428,"poses":{"Left Leg":{"Weight":1,"CFrame":[-0.3156329095363617,0.08539575338363648,0.03829538822174072,0.9878392219543457,-0.10680089890956879,0.11299213767051697,0.10636928677558899,0.994277834892273,0.009859101846814156,-0.11339859664440155,0.002279688371345401,0.9935470223426819],"EasingStyle":"Constant","EasingDirection":"In"},"Right Arm":{"Weight":1,"CFrame":[0.4056299030780792,-0.6301501393318176,0.06382906436920166,-0.22589507699012757,-0.06094684824347496,0.9722433090209961,0.5312630534172058,-0.8442676067352295,0.07051151245832443,0.8165360689163208,0.5324451327323914,0.2230946123600006],"EasingStyle":"Constant","EasingDirection":"In"},"Head":{"Weight":1,"CFrame":[7.171183824539185e-8,-2.3283064365386964e-8,-4.76837158203125e-7,0.995921790599823,0.0572437159717083,-0.06973503530025482,-0.05357730761170387,0.9971370697021484,0.053359583020210269,0.07258988916873932,-0.04940575733780861,0.9961374402046204],"EasingStyle":"Constant","EasingDirection":"In"},"Right Leg":{"Weight":1,"CFrame":[0.4355265498161316,0.07040351629257202,0.0027419328689575197,0.971671462059021,0.23614315688610078,-0.00953788310289383,-0.23589099943637849,0.9715276956558228,0.022127103060483934,0.01449153758585453,-0.019250409677624704,0.9997097253799439],"EasingStyle":"Constant","EasingDirection":"In"},"Torso":{"Weight":1,"CFrame":[0.13440579175949098,-0.037231817841529849,-0.0998990535736084,0.9869217276573181,-0.16034971177577973,-0.016538245603442193,0.16030412912368775,0.9870593547821045,-0.004054552409797907,0.016974376514554025,0.0013503771042451263,0.9998550415039063],"EasingStyle":"Constant","EasingDirection":"In"},"HumanoidRootPart":{"Weight":0,"CFrame":[0,0,0,1,0,0,0,1,0,0,0,1],"EasingStyle":"Linear","EasingDirection":"In"},"Left Arm":{"Weight":1,"CFrame":[-0.4866064786911011,-0.8514004945755005,0.06583201885223389,-0.19912201166152955,0.18589124083518983,-0.9621824622154236,-0.9736887216567993,-0.1485593020915985,0.17280198633670808,-0.11081872135400772,0.9712747931480408,0.21058149635791779],"EasingStyle":"Constant","EasingDirection":"In"}}},{"Time":0.10000000149011612,"poses":{"Left Leg":{"Weight":1,"CFrame":[-0.3156329095363617,0.08539575338363648,0.03829538822174072,0.9878392219543457,-0.10680089890956879,0.11299213767051697,0.10636928677558899,0.994277834892273,0.009859101846814156,-0.11339859664440155,0.002279688371345401,0.9935470223426819],"EasingStyle":"Constant","EasingDirection":"In"},"Right Arm":{"Weight":1,"CFrame":[0.4056299030780792,-0.6301501393318176,0.06382906436920166,-0.22589507699012757,-0.06094684824347496,0.9722433090209961,0.5312630534172058,-0.8442676067352295,0.07051151245832443,0.8165360689163208,0.5324451327323914,0.2230946123600006],"EasingStyle":"Constant","EasingDirection":"In"},"Head":{"Weight":1,"CFrame":[7.171183824539185e-8,-2.3283064365386964e-8,-4.76837158203125e-7,0.995921790599823,0.0572437159717083,-0.06973503530025482,-0.05357730761170387,0.9971370697021484,0.053359583020210269,0.07258988916873932,-0.04940575733780861,0.9961374402046204],"EasingStyle":"Constant","EasingDirection":"In"},"Right Leg":{"Weight":1,"CFrame":[0.4355265498161316,0.07040351629257202,0.0027419328689575197,0.971671462059021,0.23614315688610078,-0.00953788310289383,-0.23589099943637849,0.9715276956558228,0.022127103060483934,0.01449153758585453,-0.019250409677624704,0.9997097253799439],"EasingStyle":"Constant","EasingDirection":"In"},"Torso":{"Weight":1,"CFrame":[0.13440579175949098,-0.037231817841529849,-0.0998990535736084,0.9869217276573181,-0.16034971177577973,-0.016538245603442193,0.16030412912368775,0.9870593547821045,-0.004054552409797907,0.016974376514554025,0.0013503771042451263,0.9998550415039063],"EasingStyle":"Constant","EasingDirection":"In"},"HumanoidRootPart":{"Weight":0,"CFrame":[0,0,0,1,0,0,0,1,0,0,0,1],"EasingStyle":"Linear","EasingDirection":"In"},"Left Arm":{"Weight":1,"CFrame":[-0.4866064786911011,-0.8514004945755005,0.06583201885223389,-0.19912201166152955,0.18589124083518983,-0.9621824622154236,-0.9736887216567993,-0.1485593020915985,0.17280198633670808,-0.11081872135400772,0.9712747931480408,0.21058149635791779],"EasingStyle":"Constant","EasingDirection":"In"}}},{"Time":0.13333334028720857,"poses":{"Left Leg":{"Weight":1,"CFrame":[-0.45776671171188357,0.16882967948913575,0.05799245834350586,0.9822027087211609,-0.14670266211032868,0.11728673428297043,0.14803260564804078,0.9889788627624512,-0.0026615476235747339,-0.11560370028018952,0.019976431503891946,0.9930945634841919],"EasingStyle":"Constant","EasingDirection":"In"},"Right Arm":{"Weight":1,"CFrame":[0.332561731338501,-0.6656460762023926,0.1038128137588501,-0.11044599115848541,-0.2680891454219818,0.9570422768592835,0.439520925283432,-0.8768328428268433,-0.1948983520269394,0.8914162516593933,0.3991144299507141,0.21467342972755433],"EasingStyle":"Constant","EasingDirection":"In"},"Head":{"Weight":1,"CFrame":[7.636845111846924e-8,-1.1175870895385743e-8,2.384185791015625e-7,0.9941166043281555,0.05576665326952934,-0.09285697340965271,-0.05442136153578758,0.9983740448951721,0.016959775239229204,0.09365179389715195,-0.011806588619947434,0.9955350160598755],"EasingStyle":"Constant","EasingDirection":"In"},"Right Leg":{"Weight":1,"CFrame":[0.580769419670105,0.1571618914604187,-0.0005350708961486816,0.9617802500724793,0.2737357020378113,-0.006895977538079023,-0.27341359853744509,0.9614149928092957,0.03043551743030548,0.014961235225200653,-0.027386868372559549,0.9995130300521851],"EasingStyle":"Constant","EasingDirection":"In"},"Torso":{"Weight":1,"CFrame":[0.13440504670143128,-0.07446658611297608,-0.19342780113220216,0.9874551892280579,-0.15703153610229493,-0.016539184376597406,0.1560252457857132,0.9864562749862671,-0.050598010420799258,0.024260669946670533,0.04738273099064827,0.998582124710083],"EasingStyle":"Constant","EasingDirection":"In"},"HumanoidRootPart":{"Weight":0,"CFrame":[0,0,0,1,0,0,0,1,0,0,0,1],"EasingStyle":"Linear","EasingDirection":"In"},"Left Arm":{"Weight":1,"CFrame":[-0.4716425836086273,-0.8249000310897827,0.10454094409942627,-0.2520553469657898,0.1616893857717514,-0.9541094303131104,-0.9282468557357788,-0.3190934658050537,0.19114749133586884,-0.27354347705841067,0.9338287115097046,0.23051683604717256],"EasingStyle":"Constant","EasingDirection":"In"}}},{"Time":0.1666666716337204,"poses":{"Left Leg":{"Weight":1,"CFrame":[-0.4646254777908325,0.18555951118469239,0.05933189392089844,0.9840250611305237,-0.1333582103252411,0.11794173717498779,0.13469204306602479,0.9908818006515503,-0.0033756440971046688,-0.11641618609428406,0.01920757070183754,0.9930148720741272],"EasingStyle":"Constant","EasingDirection":"In"},"Right Arm":{"Weight":1,"CFrame":[0.5002075433731079,-0.6501767635345459,0.05143296718597412,-0.20778708159923554,-0.3457944393157959,0.9150140881538391,0.964430034160614,0.08383670449256897,0.25069156289100649,-0.16339947283267976,0.9345574378967285,0.31607428193092348],"EasingStyle":"Constant","EasingDirection":"In"},"Head":{"Weight":1,"CFrame":[6.332993507385254e-8,3.725290298461914e-9,-4.172325134277344e-7,0.9934555888175964,0.05539276823401451,-0.09988808631896973,-0.054658662527799609,0.9984543323516846,0.010073506273329258,0.1002916768193245,-0.0045478371903300289,0.9949477910995483],"EasingStyle":"Constant","EasingDirection":"In"},"Right Leg":{"Weight":1,"CFrame":[0.5866330862045288,0.17294269800186158,-0.0008376836776733398,0.9657770395278931,0.25928744673728945,-0.006688043009489775,-0.2589997947216034,0.9654482007026672,0.02879035845398903,0.013922029174864293,-0.02607293240725994,0.9995630979537964],"EasingStyle":"Constant","EasingDirection":"In"},"Torso":{"Weight":1,"CFrame":[0.13773085176944734,-0.08850792050361633,-0.20230865478515626,0.9875841736793518,-0.1566026508808136,-0.012381923384964466,0.1554170399904251,0.985495388507843,-0.06814967095851898,0.022874748334288598,0.06537917256355286,0.9975982904434204],"EasingStyle":"Constant","EasingDirection":"In"},"HumanoidRootPart":{"Weight":0,"CFrame":[0,0,0,1,0,0,0,1,0,0,0,1],"EasingStyle":"Linear","EasingDirection":"In"},"Left Arm":{"Weight":1,"CFrame":[-0.4635780453681946,-0.6927863359451294,0.13270080089569093,-0.28318190574645998,0.13606677949428559,-0.949364960193634,-0.8822652697563171,-0.4250965714454651,0.2022404968738556,-0.37605351209640505,0.8948624730110169,0.24042648077011109],"EasingStyle":"Constant","EasingDirection":"In"}}},{"Time":0.20000000298023225,"poses":{"Left Leg":{"Weight":1,"CFrame":[-0.4646254777908325,0.18555951118469239,0.05933189392089844,0.9840250611305237,-0.1333582103252411,0.11794173717498779,0.13469204306602479,0.9908818006515503,-0.0033756440971046688,-0.11641618609428406,0.01920757070183754,0.9930148720741272],"EasingStyle":"Constant","EasingDirection":"In"},"Right Arm":{"Weight":1,"CFrame":[0.5002075433731079,-0.6501767635345459,0.05143296718597412,-0.20778708159923554,-0.3457944393157959,0.9150140881538391,0.964430034160614,0.08383670449256897,0.25069156289100649,-0.16339947283267976,0.9345574378967285,0.31607428193092348],"EasingStyle":"Constant","EasingDirection":"In"},"Head":{"Weight":1,"CFrame":[6.332993507385254e-8,3.725290298461914e-9,-4.172325134277344e-7,0.9934555888175964,0.05539276823401451,-0.09988808631896973,-0.054658662527799609,0.9984543323516846,0.010073506273329258,0.1002916768193245,-0.0045478371903300289,0.9949477910995483],"EasingStyle":"Constant","EasingDirection":"In"},"Right Leg":{"Weight":1,"CFrame":[0.5866330862045288,0.17294269800186158,-0.0008376836776733398,0.9657770395278931,0.25928744673728945,-0.006688043009489775,-0.2589997947216034,0.9654482007026672,0.02879035845398903,0.013922029174864293,-0.02607293240725994,0.9995630979537964],"EasingStyle":"Constant","EasingDirection":"In"},"Torso":{"Weight":1,"CFrame":[0.13773085176944734,-0.08850792050361633,-0.20230865478515626,0.9875841736793518,-0.1566026508808136,-0.012381923384964466,0.1554170399904251,0.985495388507843,-0.06814967095851898,0.022874748334288598,0.06537917256355286,0.9975982904434204],"EasingStyle":"Constant","EasingDirection":"In"},"HumanoidRootPart":{"Weight":0,"CFrame":[0,0,0,1,0,0,0,1,0,0,0,1],"EasingStyle":"Linear","EasingDirection":"In"},"Left Arm":{"Weight":1,"CFrame":[-0.4635780453681946,-0.6927863359451294,0.13270080089569093,-0.28318190574645998,0.13606677949428559,-0.949364960193634,-0.8822652697563171,-0.4250965714454651,0.2022404968738556,-0.37605351209640505,0.8948624730110169,0.24042648077011109],"EasingStyle":"Constant","EasingDirection":"In"}}},{"Time":0.23333333432674409,"poses":{"Left Leg":{"Weight":1,"CFrame":[-0.35730627179145815,0.1258770227432251,0.04419970512390137,0.9886528849601746,-0.09215609729290009,0.11862828582525253,0.09080769121646881,0.9957278966903687,0.01673339307308197,-0.11966361105442047,-0.005771164782345295,0.9927977919578552],"EasingStyle":"Constant","EasingDirection":"In"},"Right Arm":{"Weight":1,"CFrame":[0.40771040320396426,-0.6215928792953491,0.09269070625305176,-0.14126983284950257,-0.17589984834194184,0.9742187857627869,0.9424917697906494,0.2772088348865509,0.18672050535678864,-0.3029060959815979,0.9445710778236389,0.12662287056446076],"EasingStyle":"Constant","EasingDirection":"In"},"Head":{"Weight":1,"CFrame":[5.774199962615967e-8,-2.2351741790771486e-8,-3.5762786865234377e-7,0.9926510453224182,0.06240474805235863,-0.10368088632822037,-0.05912274122238159,0.9976566433906555,0.03443527966737747,0.10558684915304184,-0.02805231511592865,0.994014322757721],"EasingStyle":"Constant","EasingDirection":"In"},"Right Leg":{"Weight":1,"CFrame":[0.46075907349586489,0.09372484683990479,0.001404881477355957,0.9785432815551758,0.20597998797893525,-0.005033059976994991,-0.20592236518859864,0.9785162806510925,0.010095411911606789,0.007004411891102791,-0.008842450566589833,0.9999364614486694],"EasingStyle":"Constant","EasingDirection":"In"},"Torso":{"Weight":1,"CFrame":[0.1477317214012146,-0.06785160303115845,-0.12038874626159668,0.9877773523330689,-0.15587200224399568,0.00011915536742890254,0.15573729574680329,0.9868911504745483,-0.04232929274439812,0.006480358075350523,0.04183046892285347,0.9991037249565125],"EasingStyle":"Constant","EasingDirection":"In"},"HumanoidRootPart":{"Weight":0,"CFrame":[0,0,0,1,0,0,0,1,0,0,0,1],"EasingStyle":"Linear","EasingDirection":"In"},"Left Arm":{"Weight":1,"CFrame":[-0.46913084387779238,-0.28262805938720705,0.15679121017456056,-0.2770855128765106,0.1335117667913437,-0.9515241980552673,-0.9038345217704773,-0.3722592890262604,0.21096515655517579,-0.326047420501709,0.9184757471084595,0.2238200604915619],"EasingStyle":"Constant","EasingDirection":"In"}}},{"Time":0.2666666805744171,"poses":{"Left Leg":{"Weight":1,"CFrame":[-0.35730627179145815,0.1258770227432251,0.04419970512390137,0.9886528849601746,-0.09215609729290009,0.11862828582525253,0.09080769121646881,0.9957278966903687,0.01673339307308197,-0.11966361105442047,-0.005771164782345295,0.9927977919578552],"EasingStyle":"Constant","EasingDirection":"In"},"Right Arm":{"Weight":1,"CFrame":[0.40771040320396426,-0.6215928792953491,0.09269070625305176,-0.14126983284950257,-0.17589984834194184,0.9742187857627869,0.9424917697906494,0.2772088348865509,0.18672050535678864,-0.3029060959815979,0.9445710778236389,0.12662287056446076],"EasingStyle":"Constant","EasingDirection":"In"},"Head":{"Weight":1,"CFrame":[5.774199962615967e-8,-2.2351741790771486e-8,-3.5762786865234377e-7,0.9926510453224182,0.06240474805235863,-0.10368088632822037,-0.05912274122238159,0.9976566433906555,0.03443527966737747,0.10558684915304184,-0.02805231511592865,0.994014322757721],"EasingStyle":"Constant","EasingDirection":"In"},"Right Leg":{"Weight":1,"CFrame":[0.46075907349586489,0.09372484683990479,0.001404881477355957,0.9785432815551758,0.20597998797893525,-0.005033059976994991,-0.20592236518859864,0.9785162806510925,0.010095411911606789,0.007004411891102791,-0.008842450566589833,0.9999364614486694],"EasingStyle":"Constant","EasingDirection":"In"},"Torso":{"Weight":1,"CFrame":[0.1477317214012146,-0.06785160303115845,-0.12038874626159668,0.9877773523330689,-0.15587200224399568,0.00011915536742890254,0.15573729574680329,0.9868911504745483,-0.04232929274439812,0.006480358075350523,0.04183046892285347,0.9991037249565125],"EasingStyle":"Constant","EasingDirection":"In"},"HumanoidRootPart":{"Weight":0,"CFrame":[0,0,0,1,0,0,0,1,0,0,0,1],"EasingStyle":"Linear","EasingDirection":"In"},"Left Arm":{"Weight":1,"CFrame":[-0.46913084387779238,-0.28262805938720705,0.15679121017456056,-0.2770855128765106,0.1335117667913437,-0.9515241980552673,-0.9038345217704773,-0.3722592890262604,0.21096515655517579,-0.326047420501709,0.9184757471084595,0.2238200604915619],"EasingStyle":"Constant","EasingDirection":"In"}}},{"Time":0.30000001192092898,"poses":{"Left Leg":{"Weight":1,"CFrame":[-0.3235635757446289,0.09630084037780762,0.038411498069763187,0.9840679168701172,-0.13330405950546266,0.11764508485794068,0.1294727325439453,0.9907894134521484,0.03966398537158966,-0.12184896320104599,-0.023800238966941835,0.9922633767127991],"EasingStyle":"Constant","EasingDirection":"In"},"Right Arm":{"Weight":1,"CFrame":[0.42404991388320925,-0.6145257353782654,0.08278357982635498,-0.17900244891643525,-0.151503324508667,0.9721137285232544,0.9684311747550964,0.1471032053232193,0.20125031471252442,-0.17349103093147279,0.9774494171142578,0.12038862705230713],"EasingStyle":"Constant","EasingDirection":"In"},"Head":{"Weight":1,"CFrame":[5.730544216930866e-8,-1.792795956134796e-8,1.1920928955078126e-7,0.9953292012214661,0.044261518865823749,-0.08579552918672562,-0.03738679364323616,0.9960819482803345,0.08014363795518875,0.08900664746761322,-0.07656167447566986,0.9930842518806458],"EasingStyle":"Constant","EasingDirection":"In"},"Right Leg":{"Weight":1,"CFrame":[0.395984947681427,0.03827857971191406,0.0019241571426391602,0.9734430313110352,0.22888880968093873,-0.004307799972593784,-0.22891032695770265,0.9734326004981995,-0.005393933970481157,0.002958782250061631,0.006236766465008259,0.9999762177467346],"EasingStyle":"Constant","EasingDirection":"In"},"Torso":{"Weight":1,"CFrame":[0.15152068436145783,-0.020071662962436677,-0.0912318229675293,0.9877780675888062,-0.15579195320606233,0.004855351522564888,0.15568679571151734,0.9876533150672913,0.01739564724266529,-0.007505506277084351,-0.016427122056484224,0.9998369216918945],"EasingStyle":"Constant","EasingDirection":"In"},"HumanoidRootPart":{"Weight":0,"CFrame":[0,0,0,1,0,0,0,1,0,0,0,1],"EasingStyle":"Linear","EasingDirection":"In"},"Left Arm":{"Weight":1,"CFrame":[-0.48134684562683108,-0.32294103503227236,0.13194572925567628,-0.32400256395339968,0.09402680397033692,-0.9413720369338989,-0.9132044911384583,-0.29102614521980288,0.28523939847946169,-0.2471436709165573,0.95208340883255,0.1801588088274002],"EasingStyle":"Constant","EasingDirection":"In"}}},{"Time":0.3333333432674408,"poses":{"Left Leg":{"Weight":1,"CFrame":[-0.28996264934539797,0.08263272047042847,0.03527796268463135,0.9865015149116516,-0.11402692645788193,0.11752751469612122,0.11073517799377442,0.9932617545127869,0.03418909013271332,-0.12063416093587876,-0.02071314863860607,0.9924809336662293],"EasingStyle":"Constant","EasingDirection":"In"},"Right Arm":{"Weight":1,"CFrame":[0.46036243438720705,-0.6018991470336914,0.0523982048034668,-0.24552129209041596,-0.07595184445381165,0.966411292552948,0.9626508355140686,-0.13646124303340913,0.233841210603714,0.11411704868078232,0.9877296090126038,0.10661915689706803],"EasingStyle":"Constant","EasingDirection":"In"},"Head":{"Weight":1,"CFrame":[7.37491063773632e-8,-1.280568540096283e-8,-1.7881393432617188e-7,0.996644914150238,0.0371459499001503,-0.0729328840970993,-0.03055696189403534,0.9955208897590637,0.0894675999879837,0.07592958211898804,-0.08693883568048477,0.9933158159255981],"EasingStyle":"Constant","EasingDirection":"In"},"Right Leg":{"Weight":1,"CFrame":[0.37302133440971377,0.0359380841255188,0.0016374588012695313,0.9764066934585571,0.21589568257331849,-0.004365711007267237,-0.2158982902765274,0.9764159321784973,-0.00011808289855252951,0.00423732353374362,0.0010577772045508028,0.9999905228614807],"EasingStyle":"Constant","EasingDirection":"In"},"Torso":{"Weight":1,"CFrame":[0.14774970710277558,-0.020367003977298738,-0.07877993583679199,0.9877960085868836,-0.1557532697916031,0.00014163224841468036,0.1557283103466034,0.9876531958580017,0.017026463523507119,-0.002791810780763626,-0.016796616837382318,0.9998550415039063],"EasingStyle":"Constant","EasingDirection":"In"},"HumanoidRootPart":{"Weight":0,"CFrame":[0,0,0,1,0,0,0,1,0,0,0,1],"EasingStyle":"Linear","EasingDirection":"In"},"Left Arm":{"Weight":1,"CFrame":[-0.48787128925323489,-0.3622005581855774,0.11329114437103272,-0.31006813049316409,0.08457094430923462,-0.9469454288482666,-0.9339898824691773,-0.21310149133205415,0.286793977022171,-0.17754097282886506,0.9733629822731018,0.14506426453590394],"EasingStyle":"Constant","EasingDirection":"In"}}},{"Time":0.36666667461395266,"poses":{"Left Leg":{"Weight":1,"CFrame":[-0.26355287432670596,0.06669121980667114,0.032928466796875,0.9869294762611389,-0.11071230471134186,0.11710263788700104,0.10828433185815811,0.9937555193901062,0.026916004717350007,-0.119351327419281,-0.013883804902434349,0.9927550554275513],"EasingStyle":"Constant","EasingDirection":"In"},"Right Arm":{"Weight":1,"CFrame":[0.46985912322998049,-0.5995103120803833,0.038294434547424319,-0.24505767226219178,-0.0605732724070549,0.967614471912384,0.9512046575546265,-0.20804142951965333,0.22787818312644959,0.18750061094760896,0.9762426018714905,0.10859963297843933],"EasingStyle":"Constant","EasingDirection":"In"},"Head":{"Weight":1,"CFrame":[8.381903171539307e-8,-1.6763806343078614e-8,1.1920928955078126e-7,0.9970909357070923,0.04226352274417877,-0.06343147158622742,-0.03671928495168686,0.9956044554710388,0.08616039901971817,0.06679408997297287,-0.08358056843280792,0.9942600131034851],"EasingStyle":"Constant","EasingDirection":"In"},"Right Leg":{"Weight":1,"CFrame":[0.3653895854949951,0.03400617837905884,0.0013375282287597657,0.9746516346931458,0.22368469834327699,-0.0043959482572972778,-0.22364181280136109,0.9746336340904236,0.008588614873588086,0.00620569521561265,-0.007387842051684856,0.9999535083770752],"EasingStyle":"Constant","EasingDirection":"In"},"Torso":{"Weight":1,"CFrame":[0.1402454823255539,-0.012351438403129578,-0.07179021835327149,0.9877734780311585,-0.1556219905614853,-0.00923864170908928,0.15581852197647096,0.9874153733253479,0.027045924216508867,0.004913435783237219,-0.028154797852039338,0.9995915293693543],"EasingStyle":"Constant","EasingDirection":"In"},"HumanoidRootPart":{"Weight":0,"CFrame":[0,0,0,1,0,0,0,1,0,0,0,1],"EasingStyle":"Linear","EasingDirection":"In"},"Left Arm":{"Weight":1,"CFrame":[-0.4935629367828369,-0.40034735202789309,0.08603489398956299,-0.2591575086116791,0.10951743274927139,-0.959605872631073,-0.9616310000419617,-0.12185937911272049,0.24579690396785737,-0.09001784771680832,0.9864867925643921,0.136896014213562],"EasingStyle":"Constant","EasingDirection":"In"}}},{"Time":0.4000000059604645,"poses":{"Left Leg":{"Weight":1,"CFrame":[-0.26355287432670596,0.06669121980667114,0.032928466796875,0.9869294762611389,-0.11071230471134186,0.11710263788700104,0.10828433185815811,0.9937555193901062,0.026916004717350007,-0.119351327419281,-0.013883804902434349,0.9927550554275513],"EasingStyle":"Constant","EasingDirection":"In"},"Right Arm":{"Weight":1,"CFrame":[0.46985912322998049,-0.5995103120803833,0.038294434547424319,-0.24505767226219178,-0.0605732724070549,0.967614471912384,0.9512046575546265,-0.20804142951965333,0.22787818312644959,0.18750061094760896,0.9762426018714905,0.10859963297843933],"EasingStyle":"Constant","EasingDirection":"In"},"Head":{"Weight":1,"CFrame":[8.381903171539307e-8,-1.6763806343078614e-8,1.1920928955078126e-7,0.9970909357070923,0.04226352274417877,-0.06343147158622742,-0.03671928495168686,0.9956044554710388,0.08616039901971817,0.06679408997297287,-0.08358056843280792,0.9942600131034851],"EasingStyle":"Constant","EasingDirection":"In"},"Right Leg":{"Weight":1,"CFrame":[0.3653895854949951,0.03400617837905884,0.0013375282287597657,0.9746516346931458,0.22368469834327699,-0.0043959482572972778,-0.22364181280136109,0.9746336340904236,0.008588614873588086,0.00620569521561265,-0.007387842051684856,0.9999535083770752],"EasingStyle":"Constant","EasingDirection":"In"},"Torso":{"Weight":1,"CFrame":[0.1402454823255539,-0.012351438403129578,-0.07179021835327149,0.9877734780311585,-0.1556219905614853,-0.00923864170908928,0.15581852197647096,0.9874153733253479,0.027045924216508867,0.004913435783237219,-0.028154797852039338,0.9995915293693543],"EasingStyle":"Constant","EasingDirection":"In"},"HumanoidRootPart":{"Weight":0,"CFrame":[0,0,0,1,0,0,0,1,0,0,0,1],"EasingStyle":"Linear","EasingDirection":"In"},"Left Arm":{"Weight":1,"CFrame":[-0.4935629367828369,-0.40034735202789309,0.08603489398956299,-0.2591575086116791,0.10951743274927139,-0.959605872631073,-0.9616310000419617,-0.12185937911272049,0.24579690396785737,-0.09001784771680832,0.9864867925643921,0.136896014213562],"EasingStyle":"Constant","EasingDirection":"In"}}},{"Time":0.4333333373069763,"poses":{"Left Leg":{"Weight":1,"CFrame":[-0.2552539110183716,0.06164693832397461,0.030029892921447755,0.9893838167190552,-0.09572819620370865,0.1093430370092392,0.09424413740634918,0.9953740835189819,0.018672378733754159,-0.11062467843294144,-0.008169212378561497,0.9938287734985352],"EasingStyle":"Constant","EasingDirection":"In"},"Right Arm":{"Weight":1,"CFrame":[0.4786979854106903,-0.594653308391571,0.023845672607421876,-0.24528679251670838,-0.005261440295726061,0.9694362878799439,0.8328976035118103,-0.5128700733184815,0.20795632898807527,0.49610069394111636,0.8584501147270203,0.1301824003458023],"EasingStyle":"Constant","EasingDirection":"In"},"Head":{"Weight":1,"CFrame":[7.578637450933457e-8,-2.60770320892334e-8,-2.384185791015625e-7,0.9967451691627502,0.05778897553682327,-0.0562092624604702,-0.05338525027036667,0.9956070184707642,0.0769198015332222,0.06040744110941887,-0.07366868853569031,0.9954516887664795],"EasingStyle":"Constant","EasingDirection":"In"},"Right Leg":{"Weight":1,"CFrame":[0.3672163188457489,0.03995561599731445,0.003991961479187012,0.9744660258293152,0.22419627010822297,-0.012327555567026139,-0.22399316728115083,0.9744601845741272,0.015951545909047128,0.0155890928581357,-0.0127829909324646,0.9997967481613159],"EasingStyle":"Constant","EasingDirection":"In"},"Torso":{"Weight":1,"CFrame":[0.13569267094135285,-0.017067663371562959,-0.07095479965209961,0.9864609241485596,-0.163315549492836,-0.014929642900824547,0.16360877454280854,0.9862985610961914,0.021150637418031694,0.01127085741609335,-0.023306898772716523,0.999664843082428],"EasingStyle":"Constant","EasingDirection":"In"},"HumanoidRootPart":{"Weight":0,"CFrame":[0,0,0,1,0,0,0,1,0,0,0,1],"EasingStyle":"Linear","EasingDirection":"In"},"Left Arm":{"Weight":1,"CFrame":[-0.4991157352924347,-0.43621164560317995,0.02678096294403076,-0.17321953177452088,0.18215307593345643,-0.9678921699523926,-0.984736979007721,-0.015089333057403565,0.17339439690113069,0.016979528591036798,0.9831544160842896,0.1819864958524704],"EasingStyle":"Constant","EasingDirection":"In"}}},{"Time":0.46666666865348818,"poses":{"Left Leg":{"Weight":1,"CFrame":[-0.2552539110183716,0.06164693832397461,0.030029892921447755,0.9893838167190552,-0.09572819620370865,0.1093430370092392,0.09424413740634918,0.9953740835189819,0.018672378733754159,-0.11062467843294144,-0.008169212378561497,0.9938287734985352],"EasingStyle":"Constant","EasingDirection":"In"},"Right Arm":{"Weight":1,"CFrame":[0.4786979854106903,-0.594653308391571,0.023845672607421876,-0.24528679251670838,-0.005261440295726061,0.9694362878799439,0.8328976035118103,-0.5128700733184815,0.20795632898807527,0.49610069394111636,0.8584501147270203,0.1301824003458023],"EasingStyle":"Constant","EasingDirection":"In"},"Head":{"Weight":1,"CFrame":[7.578637450933457e-8,-2.60770320892334e-8,-2.384185791015625e-7,0.9967451691627502,0.05778897553682327,-0.0562092624604702,-0.05338525027036667,0.9956070184707642,0.0769198015332222,0.06040744110941887,-0.07366868853569031,0.9954516887664795],"EasingStyle":"Constant","EasingDirection":"In"},"Right Leg":{"Weight":1,"CFrame":[0.3672163188457489,0.03995561599731445,0.003991961479187012,0.9744660258293152,0.22419627010822297,-0.012327555567026139,-0.22399316728115083,0.9744601845741272,0.015951545909047128,0.0155890928581357,-0.0127829909324646,0.9997967481613159],"EasingStyle":"Constant","EasingDirection":"In"},"Torso":{"Weight":1,"CFrame":[0.13569267094135285,-0.017067663371562959,-0.07095479965209961,0.9864609241485596,-0.163315549492836,-0.014929642900824547,0.16360877454280854,0.9862985610961914,0.021150637418031694,0.01127085741609335,-0.023306898772716523,0.999664843082428],"EasingStyle":"Constant","EasingDirection":"In"},"HumanoidRootPart":{"Weight":0,"CFrame":[0,0,0,1,0,0,0,1,0,0,0,1],"EasingStyle":"Linear","EasingDirection":"In"},"Left Arm":{"Weight":1,"CFrame":[-0.4991157352924347,-0.43621164560317995,0.02678096294403076,-0.17321953177452088,0.18215307593345643,-0.9678921699523926,-0.984736979007721,-0.015089333057403565,0.17339439690113069,0.016979528591036798,0.9831544160842896,0.1819864958524704],"EasingStyle":"Constant","EasingDirection":"In"}}},{"Time":0.5,"poses":{"Left Leg":{"Weight":1,"CFrame":[-0.3156329095363617,0.08539575338363648,0.03829538822174072,0.9878392219543457,-0.10680089890956879,0.11299213767051697,0.10636928677558899,0.994277834892273,0.009859101846814156,-0.11339859664440155,0.002279688371345401,0.9935470223426819],"EasingStyle":"Constant","EasingDirection":"In"},"Right Arm":{"Weight":1,"CFrame":[0.4056299030780792,-0.6301501393318176,0.06382906436920166,-0.22589507699012757,-0.06094684824347496,0.9722433090209961,0.5312630534172058,-0.8442676067352295,0.07051151245832443,0.8165360689163208,0.5324451327323914,0.2230946123600006],"EasingStyle":"Constant","EasingDirection":"In"},"Head":{"Weight":1,"CFrame":[7.171183824539185e-8,-2.3283064365386964e-8,-4.76837158203125e-7,0.995921790599823,0.0572437159717083,-0.06973503530025482,-0.05357730761170387,0.9971370697021484,0.053359583020210269,0.07258988916873932,-0.04940575733780861,0.9961374402046204],"EasingStyle":"Constant","EasingDirection":"In"},"Right Leg":{"Weight":1,"CFrame":[0.4355265498161316,0.07040351629257202,0.0027419328689575197,0.971671462059021,0.23614315688610078,-0.00953788310289383,-0.23589099943637849,0.9715276956558228,0.022127103060483934,0.01449153758585453,-0.019250409677624704,0.9997097253799439],"EasingStyle":"Constant","EasingDirection":"In"},"Torso":{"Weight":1,"CFrame":[0.13440579175949098,-0.037231817841529849,-0.0998990535736084,0.9869217276573181,-0.16034971177577973,-0.016538245603442193,0.16030412912368775,0.9870593547821045,-0.004054552409797907,0.016974376514554025,0.0013503771042451263,0.9998550415039063],"EasingStyle":"Constant","EasingDirection":"In"},"HumanoidRootPart":{"Weight":0,"CFrame":[0,0,0,1,0,0,0,1,0,0,0,1],"EasingStyle":"Linear","EasingDirection":"In"},"Left Arm":{"Weight":1,"CFrame":[-0.4866064786911011,-0.8514004945755005,0.06583201885223389,-0.19912201166152955,0.18589124083518983,-0.9621824622154236,-0.9736887216567993,-0.1485593020915985,0.17280198633670808,-0.11081872135400772,0.9712747931480408,0.21058149635791779],"EasingStyle":"Constant","EasingDirection":"In"}}},{"Time":0.5333333611488342,"poses":{"Left Leg":{"Weight":1,"CFrame":[-0.3156329095363617,0.08539575338363648,0.03829538822174072,0.9878392219543457,-0.10680089890956879,0.11299213767051697,0.10636928677558899,0.994277834892273,0.009859101846814156,-0.11339859664440155,0.002279688371345401,0.9935470223426819],"EasingStyle":"Constant","EasingDirection":"In"},"Right Arm":{"Weight":1,"CFrame":[0.4056299030780792,-0.6301501393318176,0.06382906436920166,-0.22589507699012757,-0.06094684824347496,0.9722433090209961,0.5312630534172058,-0.8442676067352295,0.07051151245832443,0.8165360689163208,0.5324451327323914,0.2230946123600006],"EasingStyle":"Constant","EasingDirection":"In"},"Head":{"Weight":1,"CFrame":[7.171183824539185e-8,-2.3283064365386964e-8,-4.76837158203125e-7,0.995921790599823,0.0572437159717083,-0.06973503530025482,-0.05357730761170387,0.9971370697021484,0.053359583020210269,0.07258988916873932,-0.04940575733780861,0.9961374402046204],"EasingStyle":"Constant","EasingDirection":"In"},"Right Leg":{"Weight":1,"CFrame":[0.4355265498161316,0.07040351629257202,0.0027419328689575197,0.971671462059021,0.23614315688610078,-0.00953788310289383,-0.23589099943637849,0.9715276956558228,0.022127103060483934,0.01449153758585453,-0.019250409677624704,0.9997097253799439],"EasingStyle":"Constant","EasingDirection":"In"},"Torso":{"Weight":1,"CFrame":[0.13440579175949098,-0.037231817841529849,-0.0998990535736084,0.9869217276573181,-0.16034971177577973,-0.016538245603442193,0.16030412912368775,0.9870593547821045,-0.004054552409797907,0.016974376514554025,0.0013503771042451263,0.9998550415039063],"EasingStyle":"Constant","EasingDirection":"In"},"HumanoidRootPart":{"Weight":0,"CFrame":[0,0,0,1,0,0,0,1,0,0,0,1],"EasingStyle":"Linear","EasingDirection":"In"},"Left Arm":{"Weight":1,"CFrame":[-0.4866064786911011,-0.8514004945755005,0.06583201885223389,-0.19912201166152955,0.18589124083518983,-0.9621824622154236,-0.9736887216567993,-0.1485593020915985,0.17280198633670808,-0.11081872135400772,0.9712747931480408,0.21058149635791779],"EasingStyle":"Constant","EasingDirection":"In"}}},{"Time":0.5666666626930237,"poses":{"Left Leg":{"Weight":1,"CFrame":[-0.45776671171188357,0.16882967948913575,0.05799245834350586,0.9822027087211609,-0.14670266211032868,0.11728673428297043,0.14803260564804078,0.9889788627624512,-0.0026615476235747339,-0.11560370028018952,0.019976431503891946,0.9930945634841919],"EasingStyle":"Constant","EasingDirection":"In"},"Right Arm":{"Weight":1,"CFrame":[0.332561731338501,-0.6656460762023926,0.1038128137588501,-0.11044599115848541,-0.2680891454219818,0.9570422768592835,0.439520925283432,-0.8768328428268433,-0.1948983520269394,0.8914162516593933,0.3991144299507141,0.21467342972755433],"EasingStyle":"Constant","EasingDirection":"In"},"Head":{"Weight":1,"CFrame":[7.636845111846924e-8,-1.1175870895385743e-8,2.384185791015625e-7,0.9941166043281555,0.05576665326952934,-0.09285697340965271,-0.05442136153578758,0.9983740448951721,0.016959775239229204,0.09365179389715195,-0.011806588619947434,0.9955350160598755],"EasingStyle":"Constant","EasingDirection":"In"},"Right Leg":{"Weight":1,"CFrame":[0.580769419670105,0.1571618914604187,-0.0005350708961486816,0.9617802500724793,0.2737357020378113,-0.006895977538079023,-0.27341359853744509,0.9614149928092957,0.03043551743030548,0.014961235225200653,-0.027386868372559549,0.9995130300521851],"EasingStyle":"Constant","EasingDirection":"In"},"Torso":{"Weight":1,"CFrame":[0.13440504670143128,-0.07446658611297608,-0.19342780113220216,0.9874551892280579,-0.15703153610229493,-0.016539184376597406,0.1560252457857132,0.9864562749862671,-0.050598010420799258,0.024260669946670533,0.04738273099064827,0.998582124710083],"EasingStyle":"Constant","EasingDirection":"In"},"HumanoidRootPart":{"Weight":0,"CFrame":[0,0,0,1,0,0,0,1,0,0,0,1],"EasingStyle":"Linear","EasingDirection":"In"},"Left Arm":{"Weight":1,"CFrame":[-0.4716425836086273,-0.8249000310897827,0.10454094409942627,-0.2520553469657898,0.1616893857717514,-0.9541094303131104,-0.9282468557357788,-0.3190934658050537,0.19114749133586884,-0.27354347705841067,0.9338287115097046,0.23051683604717256],"EasingStyle":"Constant","EasingDirection":"In"}}},{"Time":0.6000000238418579,"poses":{"Left Leg":{"Weight":1,"CFrame":[-0.4646254777908325,0.18555951118469239,0.05933189392089844,0.9840250611305237,-0.1333582103252411,0.11794173717498779,0.13469204306602479,0.9908818006515503,-0.0033756440971046688,-0.11641618609428406,0.01920757070183754,0.9930148720741272],"EasingStyle":"Constant","EasingDirection":"In"},"Right Arm":{"Weight":1,"CFrame":[0.5002075433731079,-0.6501767635345459,0.05143296718597412,-0.20778708159923554,-0.3457944393157959,0.9150140881538391,0.964430034160614,0.08383670449256897,0.25069156289100649,-0.16339947283267976,0.9345574378967285,0.31607428193092348],"EasingStyle":"Constant","EasingDirection":"In"},"Head":{"Weight":1,"CFrame":[6.332993507385254e-8,3.725290298461914e-9,-4.172325134277344e-7,0.9934555888175964,0.05539276823401451,-0.09988808631896973,-0.054658662527799609,0.9984543323516846,0.010073506273329258,0.1002916768193245,-0.0045478371903300289,0.9949477910995483],"EasingStyle":"Constant","EasingDirection":"In"},"Right Leg":{"Weight":1,"CFrame":[0.5866330862045288,0.17294269800186158,-0.0008376836776733398,0.9657770395278931,0.25928744673728945,-0.006688043009489775,-0.2589997947216034,0.9654482007026672,0.02879035845398903,0.013922029174864293,-0.02607293240725994,0.9995630979537964],"EasingStyle":"Constant","EasingDirection":"In"},"Torso":{"Weight":1,"CFrame":[0.13773085176944734,-0.08850792050361633,-0.20230865478515626,0.9875841736793518,-0.1566026508808136,-0.012381923384964466,0.1554170399904251,0.985495388507843,-0.06814967095851898,0.022874748334288598,0.06537917256355286,0.9975982904434204],"EasingStyle":"Constant","EasingDirection":"In"},"HumanoidRootPart":{"Weight":0,"CFrame":[0,0,0,1,0,0,0,1,0,0,0,1],"EasingStyle":"Linear","EasingDirection":"In"},"Left Arm":{"Weight":1,"CFrame":[-0.4635780453681946,-0.6927863359451294,0.13270080089569093,-0.28318190574645998,0.13606677949428559,-0.949364960193634,-0.8822652697563171,-0.4250965714454651,0.2022404968738556,-0.37605351209640505,0.8948624730110169,0.24042648077011109],"EasingStyle":"Constant","EasingDirection":"In"}}},{"Time":0.6333333253860474,"poses":{"Left Leg":{"Weight":1,"CFrame":[-0.4646254777908325,0.18555951118469239,0.05933189392089844,0.9840250611305237,-0.1333582103252411,0.11794173717498779,0.13469204306602479,0.9908818006515503,-0.003