{"Sequence":[{"Time":0,"poses":{"Left Leg":{"Weight":1,"CFrame":[-1.425692081451416,-0.1880318820476532,-0.6441665887832642,0.08846530318260193,-0.7695890069007874,-0.6323817372322083,0.9743725657463074,-0.06495651602745056,0.2153572291135788,-0.2068139612674713,-0.6352270245552063,0.7441200017929077],"EasingStyle":"Constant","EasingDirection":"In"},"Right Arm":{"Weight":1,"CFrame":[-0.2835099995136261,-0.13261312246322633,-0.2885069251060486,0.8977978825569153,0.3539634346961975,0.2620472311973572,-0.42332202196121218,0.529457688331604,0.7351687550544739,0.12147995829582215,-0.7709633111953735,0.6251865029335022],"EasingStyle":"Constant","EasingDirection":"In"},"Head":{"Weight":1,"CFrame":[1.1175870895385743e-8,-4.470348358154297e-8,-1.4901161193847657e-7,0.9054592847824097,-0.40591007471084597,-0.12401813268661499,0.3416804075241089,0.8704505562782288,-0.354358971118927,0.25178956985473635,0.2784830927848816,0.9268490672111511],"EasingStyle":"Constant","EasingDirection":"In"},"Right Leg":{"Weight":1,"CFrame":[0.10321712493896485,-0.21402740478515626,0.11919432878494263,0.907611608505249,0.41668272018432619,0.051153261214494708,-0.3745710849761963,0.8587936758995056,-0.3495282530784607,-0.18957246840000153,0.29807528853416445,0.9355283975601196],"EasingStyle":"Constant","EasingDirection":"In"},"Torso":{"Weight":1,"CFrame":[-0.8514694571495056,-0.499911904335022,-0.18762636184692384,0.9341141581535339,0.25989824533462527,0.24471141397953034,-0.33041319251060488,0.8889671564102173,0.3171190023422241,-0.13512177765369416,-0.3770812451839447,0.9162706136703491],"EasingStyle":"Constant","EasingDirection":"In"},"HumanoidRootPart":{"Weight":0,"CFrame":[0,0,0,1,0,0,0,1,0,0,0,1],"EasingStyle":"Linear","EasingDirection":"In"},"Left Arm":{"Weight":1,"CFrame":[-0.7194743752479553,0.057454198598861697,-0.05196660757064819,0.11870421469211579,0.7229095101356506,0.6806696057319641,-0.8418753147125244,0.4367395341396332,-0.31702467799186709,-0.5264554023742676,-0.5354068279266357,0.6604424118995667],"EasingStyle":"Constant","EasingDirection":"In"}}},{"Time":0.03333333507180214,"poses":{"Left Leg":{"Weight":1,"CFrame":[-1.425692081451416,-0.1880318820476532,-0.6441665887832642,0.08846530318260193,-0.7695890069007874,-0.6323817372322083,0.9743725657463074,-0.06495651602745056,0.2153572291135788,-0.2068139612674713,-0.6352270245552063,0.7441200017929077],"EasingStyle":"Constant","EasingDirection":"In"},"Right Arm":{"Weight":1,"CFrame":[-0.2835099995136261,-0.13261312246322633,-0.2885069251060486,0.8977978825569153,0.3539634346961975,0.2620472311973572,-0.42332202196121218,0.529457688331604,0.7351687550544739,0.12147995829582215,-0.7709633111953735,0.6251865029335022],"EasingStyle":"Constant","EasingDirection":"In"},"Head":{"Weight":1,"CFrame":[1.1175870895385743e-8,-4.470348358154297e-8,-1.4901161193847657e-7,0.9054592847824097,-0.40591007471084597,-0.12401813268661499,0.3416804075241089,0.8704505562782288,-0.354358971118927,0.25178956985473635,0.2784830927848816,0.9268490672111511],"EasingStyle":"Constant","EasingDirection":"In"},"Right Leg":{"Weight":1,"CFrame":[0.10321712493896485,-0.21402740478515626,0.11919432878494263,0.907611608505249,0.41668272018432619,0.051153261214494708,-0.3745710849761963,0.8587936758995056,-0.3495282530784607,-0.18957246840000153,0.29807528853416445,0.9355283975601196],"EasingStyle":"Constant","EasingDirection":"In"},"Torso":{"Weight":1,"CFrame":[-0.8514694571495056,-0.499911904335022,-0.18762636184692384,0.9341141581535339,0.25989824533462527,0.24471141397953034,-0.33041319251060488,0.8889671564102173,0.3171190023422241,-0.13512177765369416,-0.3770812451839447,0.9162706136703491],"EasingStyle":"Constant","EasingDirection":"In"},"HumanoidRootPart":{"Weight":0,"CFrame":[0,0,0,1,0,0,0,1,0,0,0,1],"EasingStyle":"Linear","EasingDirection":"In"},"Left Arm":{"Weight":1,"CFrame":[-0.7194743752479553,0.057454198598861697,-0.05196660757064819,0.11870421469211579,0.7229095101356506,0.6806696057319641,-0.8418753147125244,0.4367395341396332,-0.31702467799186709,-0.5264554023742676,-0.5354068279266357,0.6604424118995667],"EasingStyle":"Constant","EasingDirection":"In"}}},{"Time":0.06666667014360428,"poses":{"Left Leg":{"Weight":1,"CFrame":[-1.425692081451416,-0.1880318820476532,-0.6441665887832642,0.08846530318260193,-0.7695890069007874,-0.6323817372322083,0.9743725657463074,-0.06495651602745056,0.2153572291135788,-0.2068139612674713,-0.6352270245552063,0.7441200017929077],"EasingStyle":"Constant","EasingDirection":"In"},"Right Arm":{"Weight":1,"CFrame":[-0.2835099995136261,-0.13261312246322633,-0.2885069251060486,0.8977978825569153,0.3539634346961975,0.2620472311973572,-0.42332202196121218,0.529457688331604,0.7351687550544739,0.12147995829582215,-0.7709633111953735,0.6251865029335022],"EasingStyle":"Constant","EasingDirection":"In"},"Head":{"Weight":1,"CFrame":[1.1175870895385743e-8,-4.470348358154297e-8,-1.4901161193847657e-7,0.9054592847824097,-0.40591007471084597,-0.12401813268661499,0.3416804075241089,0.8704505562782288,-0.354358971118927,0.25178956985473635,0.2784830927848816,0.9268490672111511],"EasingStyle":"Constant","EasingDirection":"In"},"Right Leg":{"Weight":1,"CFrame":[0.10321712493896485,-0.21402740478515626,0.11919432878494263,0.907611608505249,0.41668272018432619,0.051153261214494708,-0.3745710849761963,0.8587936758995056,-0.3495282530784607,-0.18957246840000153,0.29807528853416445,0.9355283975601196],"EasingStyle":"Constant","EasingDirection":"In"},"Torso":{"Weight":1,"CFrame":[-0.8514694571495056,-0.499911904335022,-0.18762636184692384,0.9341141581535339,0.25989824533462527,0.24471141397953034,-0.33041319251060488,0.8889671564102173,0.3171190023422241,-0.13512177765369416,-0.3770812451839447,0.9162706136703491],"EasingStyle":"Constant","EasingDirection":"In"},"HumanoidRootPart":{"Weight":0,"CFrame":[0,0,0,1,0,0,0,1,0,0,0,1],"EasingStyle":"Linear","EasingDirection":"In"},"Left Arm":{"Weight":1,"CFrame":[-0.7194743752479553,0.057454198598861697,-0.05196660757064819,0.11870421469211579,0.7229095101356506,0.6806696057319641,-0.8418753147125244,0.4367395341396332,-0.31702467799186709,-0.5264554023742676,-0.5354068279266357,0.6604424118995667],"EasingStyle":"Constant","EasingDirection":"In"}}},{"Time":0.10000000149011612,"poses":{"Left Leg":{"Weight":1,"CFrame":[-1.236088752746582,-0.05808684229850769,-0.5747052431106567,0.2924601435661316,-0.7044658064842224,-0.6466799378395081,0.9513086676597595,0.14547908306121827,0.27174943685531618,-0.09735983610153198,-0.6946680545806885,0.7127112150192261],"EasingStyle":"Constant","EasingDirection":"In"},"Right Arm":{"Weight":1,"CFrame":[-0.28351029753685,-0.1326126754283905,-0.2885069251060486,0.8977979421615601,0.3539634943008423,0.2620472311973572,-0.42332199215888979,0.529457688331604,0.7351686954498291,0.12147994339466095,-0.7709633111953735,0.625186562538147],"EasingStyle":"Constant","EasingDirection":"In"},"Head":{"Weight":1,"CFrame":[1.341104507446289e-7,1.7881393432617188e-7,2.980232238769531e-7,0.9342713952064514,-0.3319115936756134,-0.13027527928352357,0.2655685245990753,0.8915417790412903,-0.3669149875640869,0.23792925477027894,0.3082011938095093,0.9210872650146484],"EasingStyle":"Constant","EasingDirection":"In"},"Right Leg":{"Weight":1,"CFrame":[0.13845579326152802,-0.164456307888031,0.14984598755836488,0.948425829410553,0.2885149121284485,0.1313299834728241,-0.2674524784088135,0.95068359375,-0.1570666879415512,-0.17016930878162385,0.11384156346321106,0.9788168668746948],"EasingStyle":"Constant","EasingDirection":"In"},"Torso":{"Weight":1,"CFrame":[-0.7337115406990051,-0.499911904335022,-0.004784584045410156,0.9468554258346558,0.29471614956855776,0.1288686841726303,-0.3191235661506653,0.910912036895752,0.26153290271759035,-0.040310073643922809,-0.28875890374183657,0.9565528631210327],"EasingStyle":"Constant","EasingDirection":"In"},"HumanoidRootPart":{"Weight":0,"CFrame":[0,0,0,1,0,0,0,1,0,0,0,1],"EasingStyle":"Linear","EasingDirection":"In"},"Left Arm":{"Weight":1,"CFrame":[-0.3064265251159668,-0.15251950919628144,0.03695216774940491,0.04581471160054207,0.979442298412323,-0.19645290076732636,-0.834148645401001,-0.07069484144449234,-0.546990156173706,-0.5496336221694946,0.18893112242221833,0.8137616515159607],"EasingStyle":"Constant","EasingDirection":"In"}}},{"Time":0.13333334028720857,"poses":{"Left Leg":{"Weight":1,"CFrame":[-1.236088752746582,-0.05808684229850769,-0.5747052431106567,0.2924601435661316,-0.7044658064842224,-0.6466799378395081,0.9513086676597595,0.14547908306121827,0.27174943685531618,-0.09735983610153198,-0.6946680545806885,0.7127112150192261],"EasingStyle":"Constant","EasingDirection":"In"},"Right Arm":{"Weight":1,"CFrame":[-0.28351029753685,-0.1326126754283905,-0.2885069251060486,0.8977979421615601,0.3539634943008423,0.2620472311973572,-0.42332199215888979,0.529457688331604,0.7351686954498291,0.12147994339466095,-0.7709633111953735,0.625186562538147],"EasingStyle":"Constant","EasingDirection":"In"},"Head":{"Weight":1,"CFrame":[1.341104507446289e-7,1.7881393432617188e-7,2.980232238769531e-7,0.9342713952064514,-0.3319115936756134,-0.13027527928352357,0.2655685245990753,0.8915417790412903,-0.3669149875640869,0.23792925477027894,0.3082011938095093,0.9210872650146484],"EasingStyle":"Constant","EasingDirection":"In"},"Right Leg":{"Weight":1,"CFrame":[0.13845579326152802,-0.164456307888031,0.14984598755836488,0.948425829410553,0.2885149121284485,0.1313299834728241,-0.2674524784088135,0.95068359375,-0.1570666879415512,-0.17016930878162385,0.11384156346321106,0.9788168668746948],"EasingStyle":"Constant","EasingDirection":"In"},"Torso":{"Weight":1,"CFrame":[-0.7337115406990051,-0.499911904335022,-0.004784584045410156,0.9468554258346558,0.29471614956855776,0.1288686841726303,-0.3191235661506653,0.910912036895752,0.26153290271759035,-0.040310073643922809,-0.28875890374183657,0.9565528631210327],"EasingStyle":"Constant","EasingDirection":"In"},"HumanoidRootPart":{"Weight":0,"CFrame":[0,0,0,1,0,0,0,1,0,0,0,1],"EasingStyle":"Linear","EasingDirection":"In"},"Left Arm":{"Weight":1,"CFrame":[-0.3064265251159668,-0.15251950919628144,0.03695216774940491,0.04581471160054207,0.979442298412323,-0.19645290076732636,-0.834148645401001,-0.07069484144449234,-0.546990156173706,-0.5496336221694946,0.18893112242221833,0.8137616515159607],"EasingStyle":"Constant","EasingDirection":"In"}}},{"Time":0.1666666716337204,"poses":{"Left Leg":{"Weight":1,"CFrame":[-1.236088752746582,-0.05808684229850769,-0.5747052431106567,0.2924601435661316,-0.7044658064842224,-0.6466799378395081,0.9513086676597595,0.14547908306121827,0.27174943685531618,-0.09735983610153198,-0.6946680545806885,0.7127112150192261],"EasingStyle":"Constant","EasingDirection":"In"},"Right Arm":{"Weight":1,"CFrame":[-0.28351029753685,-0.1326126754283905,-0.2885069251060486,0.8977979421615601,0.3539634943008423,0.2620472311973572,-0.42332199215888979,0.529457688331604,0.7351686954498291,0.12147994339466095,-0.7709633111953735,0.625186562538147],"EasingStyle":"Constant","EasingDirection":"In"},"Head":{"Weight":1,"CFrame":[1.341104507446289e-7,1.7881393432617188e-7,2.980232238769531e-7,0.9342713952064514,-0.3319115936756134,-0.13027527928352357,0.2655685245990753,0.8915417790412903,-0.3669149875640869,0.23792925477027894,0.3082011938095093,0.9210872650146484],"EasingStyle":"Constant","EasingDirection":"In"},"Right Leg":{"Weight":1,"CFrame":[0.13845579326152802,-0.164456307888031,0.14984598755836488,0.948425829410553,0.2885149121284485,0.1313299834728241,-0.2674524784088135,0.95068359375,-0.1570666879415512,-0.17016930878162385,0.11384156346321106,0.9788168668746948],"EasingStyle":"Constant","EasingDirection":"In"},"Torso":{"Weight":1,"CFrame":[-0.7337115406990051,-0.499911904335022,-0.004784584045410156,0.9468554258346558,0.29471614956855776,0.1288686841726303,-0.3191235661506653,0.910912036895752,0.26153290271759035,-0.040310073643922809,-0.28875890374183657,0.9565528631210327],"EasingStyle":"Constant","EasingDirection":"In"},"HumanoidRootPart":{"Weight":0,"CFrame":[0,0,0,1,0,0,0,1,0,0,0,1],"EasingStyle":"Linear","EasingDirection":"In"},"Left Arm":{"Weight":1,"CFrame":[-0.3064265251159668,-0.15251950919628144,0.03695216774940491,0.04581471160054207,0.979442298412323,-0.19645290076732636,-0.834148645401001,-0.07069484144449234,-0.546990156173706,-0.5496336221694946,0.18893112242221833,0.8137616515159607],"EasingStyle":"Constant","EasingDirection":"In"}}},{"Time":0.20000000298023225,"poses":{"Left Leg":{"Weight":1,"CFrame":[-1.236088752746582,-0.05808684229850769,-0.5747052431106567,0.2924601435661316,-0.7044658064842224,-0.6466799378395081,0.9513086676597595,0.14547908306121827,0.27174943685531618,-0.09735983610153198,-0.6946680545806885,0.7127112150192261],"EasingStyle":"Constant","EasingDirection":"In"},"Right Arm":{"Weight":1,"CFrame":[-0.28351029753685,-0.1326126754283905,-0.2885069251060486,0.8977979421615601,0.3539634943008423,0.2620472311973572,-0.42332199215888979,0.529457688331604,0.7351686954498291,0.12147994339466095,-0.7709633111953735,0.625186562538147],"EasingStyle":"Constant","EasingDirection":"In"},"Head":{"Weight":1,"CFrame":[1.341104507446289e-7,1.7881393432617188e-7,2.980232238769531e-7,0.9342713952064514,-0.3319115936756134,-0.13027527928352357,0.2655685245990753,0.8915417790412903,-0.3669149875640869,0.23792925477027894,0.3082011938095093,0.9210872650146484],"EasingStyle":"Constant","EasingDirection":"In"},"Right Leg":{"Weight":1,"CFrame":[0.13845579326152802,-0.164456307888031,0.14984598755836488,0.948425829410553,0.2885149121284485,0.1313299834728241,-0.2674524784088135,0.95068359375,-0.1570666879415512,-0.17016930878162385,0.11384156346321106,0.9788168668746948],"EasingStyle":"Constant","EasingDirection":"In"},"Torso":{"Weight":1,"CFrame":[-0.7337115406990051,-0.499911904335022,-0.004784584045410156,0.9468554258346558,0.29471614956855776,0.1288686841726303,-0.3191235661506653,0.910912036895752,0.26153290271759035,-0.040310073643922809,-0.28875890374183657,0.9565528631210327],"EasingStyle":"Constant","EasingDirection":"In"},"HumanoidRootPart":{"Weight":0,"CFrame":[0,0,0,1,0,0,0,1,0,0,0,1],"EasingStyle":"Linear","EasingDirection":"In"},"Left Arm":{"Weight":1,"CFrame":[-0.3064265251159668,-0.15251950919628144,0.03695216774940491,0.04581471160054207,0.979442298412323,-0.19645290076732636,-0.834148645401001,-0.07069484144449234,-0.546990156173706,-0.5496336221694946,0.18893112242221833,0.8137616515159607],"EasingStyle":"Constant","EasingDirection":"In"}}},{"Time":0.23333333432674409,"poses":{"Left Leg":{"Weight":1,"CFrame":[-0.9170931577682495,0.01646488904953003,-0.18763723969459535,0.6309468150138855,-0.6968144178390503,-0.3411095142364502,0.7730153799057007,0.5272451639175415,0.3527887761592865,-0.0659799873828888,-0.48627379536628725,0.8713118433952332],"EasingStyle":"Constant","EasingDirection":"In"},"Right Arm":{"Weight":1,"CFrame":[-0.39557403326034548,-0.25181514024734499,-0.25128665566444399,0.9950406551361084,-0.0758780911564827,-0.06431658565998078,0.09925436228513718,0.7998737096786499,0.5919041037559509,0.006532579194754362,-0.5953524708747864,0.8034381866455078],"EasingStyle":"Constant","EasingDirection":"In"},"Head":{"Weight":1,"CFrame":[1.564621925354004e-7,-2.9802322387695315e-8,2.682209014892578e-7,0.9494466185569763,-0.281978577375412,-0.13798245787620545,0.2312774658203125,0.9255000948905945,-0.29993385076522829,0.21227769553661347,0.2528589367866516,0.9439282417297363],"EasingStyle":"Constant","EasingDirection":"In"},"Right Leg":{"Weight":1,"CFrame":[0.17107802629470826,0.0020055770874023439,0.17031526565551759,0.9881204962730408,0.08936489373445511,0.12502729892730714,-0.09424768388271332,0.994978666305542,0.03368796780705452,-0.12138895690441132,-0.045071281492710116,0.9915812015533447],"EasingStyle":"Constant","EasingDirection":"In"},"Torso":{"Weight":1,"CFrame":[-0.4605283737182617,-0.3351472318172455,-0.046772003173828128,0.9631955623626709,0.2605389952659607,0.06613414734601975,-0.2686646282672882,0.9409656524658203,0.20591983199119569,-0.008579805493354798,-0.21610896289348603,0.9763315320014954],"EasingStyle":"Constant","EasingDirection":"In"},"HumanoidRootPart":{"Weight":0,"CFrame":[0,0,0,1,0,0,0,1,0,0,0,1],"EasingStyle":"Linear","EasingDirection":"In"},"Left Arm":{"Weight":1,"CFrame":[-0.007278621196746826,-0.12612709403038026,0.004217684268951416,-0.32039496302604678,0.9472835063934326,0.0009910538792610169,-0.8813344836235046,-0.2977055013179779,-0.3669073283672333,-0.3472701609134674,-0.11842865496873856,0.9302569627761841],"EasingStyle":"Constant","EasingDirection":"In"}}},{"Time":0.2666666805744171,"poses":{"Left Leg":{"Weight":1,"CFrame":[-0.9170931577682495,0.01646488904953003,-0.18763723969459535,0.6309468150138855,-0.6968144178390503,-0.3411095142364502,0.7730153799057007,0.5272451639175415,0.3527887761592865,-0.0659799873828888,-0.48627379536628725,0.8713118433952332],"EasingStyle":"Constant","EasingDirection":"In"},"Right Arm":{"Weight":1,"CFrame":[-0.39557403326034548,-0.25181514024734499,-0.25128665566444399,0.9950406551361084,-0.0758780911564827,-0.06431658565998078,0.09925436228513718,0.7998737096786499,0.5919041037559509,0.006532579194754362,-0.5953524708747864,0.8034381866455078],"EasingStyle":"Constant","EasingDirection":"In"},"Head":{"Weight":1,"CFrame":[1.564621925354004e-7,-2.9802322387695315e-8,2.682209014892578e-7,0.9494466185569763,-0.281978577375412,-0.13798245787620545,0.2312774658203125,0.9255000948905945,-0.29993385076522829,0.21227769553661347,0.2528589367866516,0.9439282417297363],"EasingStyle":"Constant","EasingDirection":"In"},"Right Leg":{"Weight":1,"CFrame":[0.17107802629470826,0.0020055770874023439,0.17031526565551759,0.9881204962730408,0.08936489373445511,0.12502729892730714,-0.09424768388271332,0.994978666305542,0.03368796780705452,-0.12138895690441132,-0.045071281492710116,0.9915812015533447],"EasingStyle":"Constant","EasingDirection":"In"},"Torso":{"Weight":1,"CFrame":[-0.4605283737182617,-0.3351472318172455,-0.046772003173828128,0.9631955623626709,0.2605389952659607,0.06613414734601975,-0.2686646282672882,0.9409656524658203,0.20591983199119569,-0.008579805493354798,-0.21610896289348603,0.9763315320014954],"EasingStyle":"Constant","EasingDirection":"In"},"HumanoidRootPart":{"Weight":0,"CFrame":[0,0,0,1,0,0,0,1,0,0,0,1],"EasingStyle":"Linear","EasingDirection":"In"},"Left Arm":{"Weight":1,"CFrame":[-0.007278621196746826,-0.12612709403038026,0.004217684268951416,-0.32039496302604678,0.9472835063934326,0.0009910538792610169,-0.8813344836235046,-0.2977055013179779,-0.3669073283672333,-0.3472701609134674,-0.11842865496873856,0.9302569627761841],"EasingStyle":"Constant","EasingDirection":"In"}}},{"Time":0.30000001192092898,"poses":{"Left Leg":{"Weight":1,"CFrame":[-0.9170931577682495,0.01646488904953003,-0.18763723969459535,0.6309468150138855,-0.6968144178390503,-0.3411095142364502,0.7730153799057007,0.5272451639175415,0.3527887761592865,-0.0659799873828888,-0.48627379536628725,0.8713118433952332],"EasingStyle":"Constant","EasingDirection":"In"},"Right Arm":{"Weight":1,"CFrame":[-0.39557403326034548,-0.25181514024734499,-0.25128665566444399,0.9950406551361084,-0.0758780911564827,-0.06431658565998078,0.09925436228513718,0.7998737096786499,0.5919041037559509,0.006532579194754362,-0.5953524708747864,0.8034381866455078],"EasingStyle":"Constant","EasingDirection":"In"},"Head":{"Weight":1,"CFrame":[1.564621925354004e-7,-2.9802322387695315e-8,2.682209014892578e-7,0.9494466185569763,-0.281978577375412,-0.13798245787620545,0.2312774658203125,0.9255000948905945,-0.29993385076522829,0.21227769553661347,0.2528589367866516,0.9439282417297363],"EasingStyle":"Constant","EasingDirection":"In"},"Right Leg":{"Weight":1,"CFrame":[0.17107802629470826,0.0020055770874023439,0.17031526565551759,0.9881204962730408,0.08936489373445511,0.12502729892730714,-0.09424768388271332,0.994978666305542,0.03368796780705452,-0.12138895690441132,-0.045071281492710116,0.9915812015533447],"EasingStyle":"Constant","EasingDirection":"In"},"Torso":{"Weight":1,"CFrame":[-0.4605283737182617,-0.3351472318172455,-0.046772003173828128,0.9631955623626709,0.2605389952659607,0.06613414734601975,-0.2686646282672882,0.9409656524658203,0.20591983199119569,-0.008579805493354798,-0.21610896289348603,0.9763315320014954],"EasingStyle":"Constant","EasingDirection":"In"},"HumanoidRootPart":{"Weight":0,"CFrame":[0,0,0,1,0,0,0,1,0,0,0,1],"EasingStyle":"Linear","EasingDirection":"In"},"Left Arm":{"Weight":1,"CFrame":[-0.007278621196746826,-0.12612709403038026,0.004217684268951416,-0.32039496302604678,0.9472835063934326,0.0009910538792610169,-0.8813344836235046,-0.2977055013179779,-0.3669073283672333,-0.3472701609134674,-0.11842865496873856,0.9302569627761841],"EasingStyle":"Constant","EasingDirection":"In"}}},{"Time":0.3333333432674408,"poses":{"Left Leg":{"Weight":1,"CFrame":[-0.3411402106285095,0.1944260597229004,0.009337574243545533,0.895024299621582,-0.3322724997997284,-0.2975340783596039,0.44024235010147097,0.7651408910751343,0.4698362946510315,0.07154182344675064,-0.551501989364624,0.8311000466346741],"EasingStyle":"Constant","EasingDirection":"In"},"Right Arm":{"Weight":1,"CFrame":[0.20855234563350678,-0.4538133144378662,-0.14766669273376466,0.6347777843475342,-0.32324057817459109,-0.7018353343009949,0.6599974036216736,0.6991536617279053,0.27493178844451907,0.40182164311408999,-0.637730062007904,0.6571451425552368],"EasingStyle":"Constant","EasingDirection":"In"},"Head":{"Weight":1,"CFrame":[1.2665987014770509e-7,-2.9802322387695315e-8,-1.4901161193847657e-7,0.95819491147995,-0.15299493074417115,-0.24177485704421998,0.13325989246368409,0.986413836479187,-0.096070297062397,0.2531883120536804,0.05983515828847885,0.9655648469924927],"EasingStyle":"Constant","EasingDirection":"In"},"Right Leg":{"Weight":1,"CFrame":[0.37157657742500307,-0.14037537574768067,-0.06422346830368042,0.9243072867393494,0.210923433303833,0.31806814670562746,-0.14218081533908845,0.9637184143066406,-0.22590142488479615,-0.35417604446411135,0.16357915103435517,0.920761227607727],"EasingStyle":"Constant","EasingDirection":"In"},"Torso":{"Weight":1,"CFrame":[-0.24525554478168488,-0.06745009124279022,-0.1150989681482315,0.9691753387451172,0.13793836534023286,0.20413760840892793,-0.15299494564533235,0.986413836479187,0.05983521044254303,-0.1931106001138687,-0.08922282606363297,0.9771118760108948],"EasingStyle":"Constant","EasingDirection":"In"},"HumanoidRootPart":{"Weight":0,"CFrame":[0,0,0,1,0,0,0,1,0,0,0,1],"EasingStyle":"Linear","EasingDirection":"In"},"Left Arm":{"Weight":1,"CFrame":[-0.14528998732566834,-0.3712952733039856,-0.04191470146179199,-0.31298691034317019,0.896044135093689,0.3148716390132904,-0.9282788634300232,-0.3587154150009155,0.09808989614248276,0.2008422166109085,-0.26158785820007326,0.9440520405769348],"EasingStyle":"Constant","EasingDirection":"In"}}},{"Time":0.36666667461395266,"poses":{"Left Leg":{"Weight":1,"CFrame":[-0.3411402106285095,0.1944260597229004,0.009337574243545533,0.895024299621582,-0.3322724997997284,-0.2975340783596039,0.44024235010147097,0.7651408910751343,0.4698362946510315,0.07154182344675064,-0.551501989364624,0.8311000466346741],"EasingStyle":"Constant","EasingDirection":"In"},"Right Arm":{"Weight":1,"CFrame":[0.20855234563350678,-0.4538133144378662,-0.14766669273376466,0.6347777843475342,-0.32324057817459109,-0.7018353343009949,0.6599974036216736,0.6991536617279053,0.27493178844451907,0.40182164311408999,-0.637730062007904,0.6571451425552368],"EasingStyle":"Constant","EasingDirection":"In"},"Head":{"Weight":1,"CFrame":[1.2665987014770509e-7,-2.9802322387695315e-8,-1.4901161193847657e-7,0.95819491147995,-0.15299493074417115,-0.24177485704421998,0.13325989246368409,0.986413836479187,-0.096070297062397,0.2531883120536804,0.05983515828847885,0.9655648469924927],"EasingStyle":"Constant","EasingDirection":"In"},"Right Leg":{"Weight":1,"CFrame":[0.37157657742500307,-0.14037537574768067,-0.06422346830368042,0.9243072867393494,0.210923433303833,0.31806814670562746,-0.14218081533908845,0.9637184143066406,-0.22590142488479615,-0.35417604446411135,0.16357915103435517,0.920761227607727],"EasingStyle":"Constant","EasingDirection":"In"},"Torso":{"Weight":1,"CFrame":[-0.24525554478168488,-0.06745009124279022,-0.1150989681482315,0.9691753387451172,0.13793836534023286,0.20413760840892793,-0.15299494564533235,0.986413836479187,0.05983521044254303,-0.1931106001138687,-0.08922282606363297,0.9771118760108948],"EasingStyle":"Constant","EasingDirection":"In"},"HumanoidRootPart":{"Weight":0,"CFrame":[0,0,0,1,0,0,0,1,0,0,0,1],"EasingStyle":"Linear","EasingDirection":"In"},"Left Arm":{"Weight":1,"CFrame":[-0.14528998732566834,-0.3712952733039856,-0.04191470146179199,-0.31298691034317019,0.896044135093689,0.3148716390132904,-0.9282788634300232,-0.3587154150009155,0.09808989614248276,0.2008422166109085,-0.26158785820007326,0.9440520405769348],"EasingStyle":"Constant","EasingDirection":"In"}}},{"Time":0.4000000059604645,"poses":{"Left Leg":{"Weight":1,"CFrame":[-0.3411402106285095,0.1944260597229004,0.009337574243545533,0.895024299621582,-0.3322724997997284,-0.2975340783596039,0.44024235010147097,0.7651408910751343,0.4698362946510315,0.07154182344675064,-0.551501989364624,0.8311000466346741],"EasingStyle":"Constant","EasingDirection":"In"},"Right Arm":{"Weight":1,"CFrame":[0.20855234563350678,-0.4538133144378662,-0.14766669273376466,0.6347777843475342,-0.32324057817459109,-0.7018353343009949,0.6599974036216736,0.6991536617279053,0.27493178844451907,0.40182164311408999,-0.637730062007904,0.6571451425552368],"EasingStyle":"Constant","EasingDirection":"In"},"Head":{"Weight":1,"CFrame":[1.2665987014770509e-7,-2.9802322387695315e-8,-1.4901161193847657e-7,0.95819491147995,-0.15299493074417115,-0.24177485704421998,0.13325989246368409,0.986413836479187,-0.096070297062397,0.2531883120536804,0.05983515828847885,0.9655648469924927],"EasingStyle":"Constant","EasingDirection":"In"},"Right Leg":{"Weight":1,"CFrame":[0.37157657742500307,-0.14037537574768067,-0.06422346830368042,0.9243072867393494,0.210923433303833,0.31806814670562746,-0.14218081533908845,0.9637184143066406,-0.22590142488479615,-0.35417604446411135,0.16357915103435517,0.920761227607727],"EasingStyle":"Constant","EasingDirection":"In"},"Torso":{"Weight":1,"CFrame":[-0.24525554478168488,-0.06745009124279022,-0.1150989681482315,0.9691753387451172,0.13793836534023286,0.20413760840892793,-0.15299494564533235,0.986413836479187,0.05983521044254303,-0.1931106001138687,-0.08922282606363297,0.9771118760108948],"EasingStyle":"Constant","EasingDirection":"In"},"HumanoidRootPart":{"Weight":0,"CFrame":[0,0,0,1,0,0,0,1,0,0,0,1],"EasingStyle":"Linear","EasingDirection":"In"},"Left Arm":{"Weight":1,"CFrame":[-0.14528998732566834,-0.3712952733039856,-0.04191470146179199,-0.31298691034317019,0.896044135093689,0.3148716390132904,-0.9282788634300232,-0.3587154150009155,0.09808989614248276,0.2008422166109085,-0.26158785820007326,0.9440520405769348],"EasingStyle":"Constant","EasingDirection":"In"}}},{"Time":0.4333333373069763,"poses":{"Left Leg":{"Weight":1,"CFrame":[-0.4360043406486511,0.24407237768173219,-0.05807393044233322,0.8883208632469177,-0.31095650792121889,-0.33792319893836977,0.42652803659439089,0.831377387046814,0.35620978474617007,0.1701759696006775,-0.4605623781681061,0.8711615800857544],"EasingStyle":"Constant","EasingDirection":"In"},"Right Arm":{"Weight":1,"CFrame":[0.2085523158311844,-0.4538134038448334,-0.1476668119430542,0.09333348274230957,-0.7124695181846619,-0.6954682469367981,0.9902647137641907,0.13888074457645417,-0.009379927068948746,0.10327010601758957,-0.687822163105011,0.7184955477714539],"EasingStyle":"Constant","EasingDirection":"In"},"Head":{"Weight":1,"CFrame":[1.4156103134155274e-7,-1.862645149230957e-8,-2.9802322387695315e-8,0.9764678478240967,-0.08544459939002991,-0.19801469147205354,0.06981860101222992,0.9939653277397156,-0.0846065804362297,0.20404891669750215,0.0687904953956604,0.9765408039093018],"EasingStyle":"Constant","EasingDirection":"In"},"Right Leg":{"Weight":1,"CFrame":[0.4158940315246582,0.009054899215698243,-0.048358261585235599,0.9108288288116455,0.22910480201244355,0.3433683514595032,-0.20735149085521699,0.9732109904289246,-0.0993264764547348,-0.35692599415779116,0.019271479919552804,0.9339338541030884],"EasingStyle":"Constant","EasingDirection":"In"},"Torso":{"Weight":1,"CFrame":[-0.09096694737672806,-0.06745000183582306,-0.19615651667118073,0.9852165579795837,0.07399939000606537,0.1545068919658661,-0.08544459939002991,0.9939653277397156,0.06879053264856339,-0.1484840363264084,-0.08097535371780396,0.9855939745903015],"EasingStyle":"Constant","EasingDirection":"In"},"HumanoidRootPart":{"Weight":0,"CFrame":[0,0,0,1,0,0,0,1,0,0,0,1],"EasingStyle":"Linear","EasingDirection":"In"},"Left Arm":{"Weight":1,"CFrame":[-0.14528995752334596,-0.3712952136993408,-0.04191464185714722,-0.1810653805732727,0.7629291415214539,0.6206081509590149,-0.9557707905769348,-0.285219669342041,0.0717771127820015,0.23177045583724976,-0.5801628232002258,0.7808287739753723],"EasingStyle":"Constant","EasingDirection":"In"}}},{"Time":0.46666666865348818,"poses":{"Left Leg":{"Weight":1,"CFrame":[-0.4360043406486511,0.24407237768173219,-0.05807393044233322,0.8883208632469177,-0.31095650792121889,-0.33792319893836977,0.42652803659439089,0.831377387046814,0.35620978474617007,0.1701759696006775,-0.4605623781681061,0.8711615800857544],"EasingStyle":"Constant","EasingDirection":"In"},"Right Arm":{"Weight":1,"CFrame":[0.2085523158311844,-0.4538134038448334,-0.1476668119430542,0.09333348274230957,-0.7124695181846619,-0.6954682469367981,0.9902647137641907,0.13888074457645417,-0.009379927068948746,0.10327010601758957,-0.687822163105011,0.7184955477714539],"EasingStyle":"Constant","EasingDirection":"In"},"Head":{"Weight":1,"CFrame":[1.4156103134155274e-7,-1.862645149230957e-8,-2.9802322387695315e-8,0.9764678478240967,-0.08544459939002991,-0.19801469147205354,0.06981860101222992,0.9939653277397156,-0.0846065804362297,0.20404891669750215,0.0687904953956604,0.9765408039093018],"EasingStyle":"Constant","EasingDirection":"In"},"Right Leg":{"Weight":1,"CFrame":[0.4158940315246582,0.009054899215698243,-0.048358261585235599,0.9108288288116455,0.22910480201244355,0.3433683514595032,-0.20735149085521699,0.9732109904289246,-0.0993264764547348,-0.35692599415779116,0.019271479919552804,0.9339338541030884],"EasingStyle":"Constant","EasingDirection":"In"},"Torso":{"Weight":1,"CFrame":[-0.09096694737672806,-0.06745000183582306,-0.19615651667118073,0.9852165579795837,0.07399939000606537,0.1545068919658661,-0.08544459939002991,0.9939653277397156,0.06879053264856339,-0.1484840363264084,-0.08097535371780396,0.9855939745903015],"EasingStyle":"Constant","EasingDirection":"In"},"HumanoidRootPart":{"Weight":0,"CFrame":[0,0,0,1,0,0,0,1,0,0,0,1],"EasingStyle":"Linear","EasingDirection":"In"},"Left Arm":{"Weight":1,"CFrame":[-0.14528995752334596,-0.3712952136993408,-0.04191464185714722,-0.1810653805732727,0.7629291415214539,0.6206081509590149,-0.9557707905769348,-0.285219669342041,0.0717771127820015,0.23177045583724976,-0.5801628232002258,0.7808287739753723],"EasingStyle":"Constant","EasingDirection":"In"}}},{"Time":0.5,"poses":{"Left Leg":{"Weight":1,"CFrame":[-0.5572273135185242,0.323030948638916,-0.14800812304019929,0.9090590476989746,-0.17680756747722627,-0.37729400396347048,0.30772724747657778,0.8953872323036194,0.32184717059135439,0.28091922402381899,-0.408681720495224,0.86836838722229],"EasingStyle":"Constant","EasingDirection":"In"},"Right Arm":{"Weight":1,"CFrame":[0.20855236053466798,-0.6242510676383972,-0.18438494205474854,0.1308707296848297,-0.7110376954078674,-0.6908677816390991,0.9822012782096863,0.18769660592079163,-0.007118462584912777,0.1347351372241974,-0.6776396036148071,0.7229461073875427],"EasingStyle":"Constant","EasingDirection":"In"},"Head":{"Weight":1,"CFrame":[1.7881393432617188e-7,-1.4210854715202005e-14,-1.1920928955078126e-7,0.9922723174095154,6.567188393091783e-7,-0.12407904863357544,-6.416109386009339e-7,1,1.6172049299711944e-7,0.12407904863357544,-8.086029623655122e-8,0.9922723174095154],"EasingStyle":"Constant","EasingDirection":"In"},"Right Leg":{"Weight":1,"CFrame":[0.47336438298225405,0.1278400421142578,-0.0750698447227478,0.9083214998245239,0.13016605377197267,0.3975033164024353,-0.15568596124649049,0.987273097038269,0.03246114403009415,-0.3882189691066742,-0.09137082099914551,0.9170264005661011],"EasingStyle":"Constant","EasingDirection":"In"},"Torso":{"Weight":1,"CFrame":[0.0415114089846611,-2.7052287521200925e-8,-0.23351667821407319,0.9922723174095154,-6.41610881757515e-7,0.12407898902893067,6.567188393091783e-7,1,-8.086030334197858e-8,-0.12407898902893067,1.617204503645553e-7,0.9922723174095154],"EasingStyle":"Constant","EasingDirection":"In"},"HumanoidRootPart":{"Weight":0,"CFrame":[0,0,0,1,0,0,0,1,0,0,0,1],"EasingStyle":"Linear","EasingDirection":"In"},"Left Arm":{"Weight":1,"CFrame":[-0.14528992772102357,-0.3712954521179199,-0.04191476106643677,-0.1810653656721115,0.7629291415214539,0.6206082105636597,-0.9557707905769348,-0.2852196991443634,0.0717771053314209,0.23177048563957215,-0.580162763595581,0.7808287143707275],"EasingStyle":"Constant","EasingDirection":"In"}}}],"Loop":false,"Name":"CHU CHU_Intro","Priority":"Action"}