{"Sequence":[{"Time":0,"poses":{"Left Leg":{"Weight":1,"CFrame":[-0.5572273135185242,0.323030948638916,-0.14800812304019929,0.9090590476989746,-0.17680756747722627,-0.37729400396347048,0.30772724747657778,0.8953872323036194,0.32184717059135439,0.28091922402381899,-0.408681720495224,0.86836838722229],"EasingStyle":"Constant","EasingDirection":"In"},"Right Arm":{"Weight":1,"CFrame":[0.20855236053466798,-0.6242510676383972,-0.18438494205474854,0.1308707296848297,-0.7110376954078674,-0.6908677816390991,0.9822012782096863,0.18769660592079163,-0.007118462584912777,0.1347351372241974,-0.6776396036148071,0.7229461073875427],"EasingStyle":"Constant","EasingDirection":"In"},"Head":{"Weight":1,"CFrame":[1.7881393432617188e-7,-1.4210854715202005e-14,-1.1920928955078126e-7,0.9922723174095154,6.567188393091783e-7,-0.12407904863357544,-6.416109386009339e-7,1,1.6172049299711944e-7,0.12407904863357544,-8.086029623655122e-8,0.9922723174095154],"EasingStyle":"Constant","EasingDirection":"In"},"Left Arm":{"Weight":1,"CFrame":[-0.14528992772102357,-0.3712954521179199,-0.04191476106643677,-0.1810653656721115,0.7629291415214539,0.6206082105636597,-0.9557707905769348,-0.2852196991443634,0.0717771053314209,0.23177048563957215,-0.580162763595581,0.7808287143707275],"EasingStyle":"Constant","EasingDirection":"In"},"Torso":{"Weight":1,"CFrame":[0.0415114089846611,-2.7052287521200925e-8,-0.23351667821407319,0.9922723174095154,-6.41610881757515e-7,0.12407898902893067,6.567188393091783e-7,1,-8.086030334197858e-8,-0.12407898902893067,1.617204503645553e-7,0.9922723174095154],"EasingStyle":"Constant","EasingDirection":"In"},"HumanoidRootPart":{"Weight":0,"CFrame":[0,0,0,1,0,0,0,1,0,0,0,1],"EasingStyle":"Linear","EasingDirection":"In"},"Right Leg":{"Weight":1,"CFrame":[0.47336438298225405,0.1278400421142578,-0.0750698447227478,0.9083214998245239,0.13016605377197267,0.3975033164024353,-0.15568596124649049,0.987273097038269,0.03246114403009415,-0.3882189691066742,-0.09137082099914551,0.9170264005661011],"EasingStyle":"Constant","EasingDirection":"In"}}},{"Time":0.03333333507180214,"poses":{"Left Leg":{"Weight":1,"CFrame":[-0.5753200650215149,0.32771366834640505,-0.15306855738162995,0.9068347811698914,-0.18551383912563325,-0.37846437096595766,0.3071381151676178,0.9057798385620117,0.29194000363349917,0.28864654898643496,-0.3809822201728821,0.8783710598945618],"EasingStyle":"Constant","EasingDirection":"In"},"Right Arm":{"Weight":1,"CFrame":[0.2085523158311844,-0.6217013001441956,-0.21323511004447938,0.06141824647784233,-0.7301778793334961,-0.680491030216217,0.9933630228042603,0.11114616692066193,-0.029604818671941758,0.09725084900856018,-0.6741563081741333,0.7321580648422241],"EasingStyle":"Constant","EasingDirection":"In"},"Head":{"Weight":1,"CFrame":[1.341104507446289e-7,4.263256414560601e-14,-8.940696716308594e-8,0.9961158633232117,6.562922294506279e-7,-0.08805191516876221,-6.445421263379103e-7,1,1.618763860733452e-7,0.08805191516876221,-1.0449446818938668e-7,0.9961158633232117],"EasingStyle":"Constant","EasingDirection":"In"},"Left Arm":{"Weight":1,"CFrame":[-0.14528992772102357,-0.3833698034286499,-0.0071950554847717289,-0.1528632938861847,0.7750901579856873,0.6130807995796204,-0.9674028158187866,-0.2441072016954422,0.06740505248308182,0.201902374625206,-0.582792341709137,0.7871394753456116],"EasingStyle":"Constant","EasingDirection":"In"},"Torso":{"Weight":1,"CFrame":[0.007323646917939186,-4.933186659172861e-8,-0.2727179527282715,0.9961158633232117,-6.445421831813292e-7,0.08805185556411743,6.562921726072091e-7,1,-1.0449447529481404e-7,-0.08805185556411743,1.6187634344078106e-7,0.9961158633232117],"EasingStyle":"Constant","EasingDirection":"In"},"HumanoidRootPart":{"Weight":0,"CFrame":[0,0,0,1,0,0,0,1,0,0,0,1],"EasingStyle":"Linear","EasingDirection":"In"},"Right Leg":{"Weight":1,"CFrame":[0.5244697332382202,0.1941952109336853,-0.10726755857467652,0.9034191966056824,0.1550096869468689,0.3997569978237152,-0.1988077163696289,0.9775176644325256,0.07024772465229035,-0.37988054752349856,-0.14293797314167024,0.9139253497123718],"EasingStyle":"Constant","EasingDirection":"In"}}},{"Time":0.06666667014360428,"poses":{"Left Leg":{"Weight":1,"CFrame":[-0.5753200650215149,0.32771366834640505,-0.15306855738162995,0.9068347811698914,-0.18551383912563325,-0.37846437096595766,0.3071381151676178,0.9057798385620117,0.29194000363349917,0.28864654898643496,-0.3809822201728821,0.8783710598945618],"EasingStyle":"Constant","EasingDirection":"In"},"Right Arm":{"Weight":1,"CFrame":[0.2085523158311844,-0.6217013001441956,-0.21323511004447938,0.06141824647784233,-0.7301778793334961,-0.680491030216217,0.9933630228042603,0.11114616692066193,-0.029604818671941758,0.09725084900856018,-0.6741563081741333,0.7321580648422241],"EasingStyle":"Constant","EasingDirection":"In"},"Head":{"Weight":1,"CFrame":[1.341104507446289e-7,4.263256414560601e-14,-8.940696716308594e-8,0.9961158633232117,6.562922294506279e-7,-0.08805191516876221,-6.445421263379103e-7,1,1.618763860733452e-7,0.08805191516876221,-1.0449446818938668e-7,0.9961158633232117],"EasingStyle":"Constant","EasingDirection":"In"},"Left Arm":{"Weight":1,"CFrame":[-0.14528992772102357,-0.3833698034286499,-0.0071950554847717289,-0.1528632938861847,0.7750901579856873,0.6130807995796204,-0.9674028158187866,-0.2441072016954422,0.06740505248308182,0.201902374625206,-0.582792341709137,0.7871394753456116],"EasingStyle":"Constant","EasingDirection":"In"},"Torso":{"Weight":1,"CFrame":[0.007323646917939186,-4.933186659172861e-8,-0.2727179527282715,0.9961158633232117,-6.445421831813292e-7,0.08805185556411743,6.562921726072091e-7,1,-1.0449447529481404e-7,-0.08805185556411743,1.6187634344078106e-7,0.9961158633232117],"EasingStyle":"Constant","EasingDirection":"In"},"HumanoidRootPart":{"Weight":0,"CFrame":[0,0,0,1,0,0,0,1,0,0,0,1],"EasingStyle":"Linear","EasingDirection":"In"},"Right Leg":{"Weight":1,"CFrame":[0.5244697332382202,0.1941952109336853,-0.10726755857467652,0.9034191966056824,0.1550096869468689,0.3997569978237152,-0.1988077163696289,0.9775176644325256,0.07024772465229035,-0.37988054752349856,-0.14293797314167024,0.9139253497123718],"EasingStyle":"Constant","EasingDirection":"In"}}},{"Time":0.10000000149011612,"poses":{"Left Leg":{"Weight":1,"CFrame":[-0.5824956297874451,0.3184109926223755,-0.14490404725074769,0.90582674741745,-0.18889939785003663,-0.3792029917240143,0.29588350653648379,0.9226952791213989,0.2471567988395691,0.30320093035697939,-0.3360810875892639,0.8916942477226257],"EasingStyle":"Constant","EasingDirection":"In"},"Right Arm":{"Weight":1,"CFrame":[0.2085523009300232,-0.6201486587524414,-0.25906631350517275,0.01110342051833868,-0.7260097861289978,-0.6875945925712586,0.9972624778747559,0.05831235647201538,-0.04546620696783066,0.07310415804386139,-0.6852075457572937,0.724669873714447],"EasingStyle":"Constant","EasingDirection":"In"},"Head":{"Weight":1,"CFrame":[1.471489667892456e-7,-3.552713678800501e-14,-2.086162567138672e-7,0.9994266033172607,6.540527124343498e-7,-0.03385867550969124,-6.489391921604692e-7,1,1.6201055075271143e-7,0.03385867550969124,-1.39945470323255e-7,0.9994266033172607],"EasingStyle":"Constant","EasingDirection":"In"},"Left Arm":{"Weight":1,"CFrame":[-0.14528991281986237,-0.4292517304420471,0.02454596757888794,-0.10471053421497345,0.7895735502243042,0.6046563982963562,-0.9840148091316223,-0.1703236848115921,0.05200701951980591,0.14405062794685365,-0.5895451307296753,0.7947866916656494],"EasingStyle":"Constant","EasingDirection":"In"},"Torso":{"Weight":1,"CFrame":[-0.05016607418656349,-8.679693763724572e-8,-0.30976149439811709,0.9994266033172607,-6.489392490038881e-7,0.033858612179756168,6.54052655590931e-7,1,-1.3994544190154557e-7,-0.033858612179756168,1.620105365418567e-7,0.9994266033172607],"EasingStyle":"Constant","EasingDirection":"In"},"HumanoidRootPart":{"Weight":0,"CFrame":[0,0,0,1,0,0,0,1,0,0,0,1],"EasingStyle":"Linear","EasingDirection":"In"},"Right Leg":{"Weight":1,"CFrame":[0.5806598663330078,0.2678697109222412,-0.15029685199260713,0.8972375988960266,0.18235571682453156,0.40213295817375185,-0.24991732835769654,0.9605461359024048,0.1220344752073288,-0.3640137314796448,-0.20999394357204438,0.907412052154541],"EasingStyle":"Constant","EasingDirection":"In"}}},{"Time":0.13333334028720857,"poses":{"Left Leg":{"Weight":1,"CFrame":[-0.5824956297874451,0.3184109926223755,-0.14490404725074769,0.90582674741745,-0.18889939785003663,-0.3792029917240143,0.29588350653648379,0.9226952791213989,0.2471567988395691,0.30320093035697939,-0.3360810875892639,0.8916942477226257],"EasingStyle":"Constant","EasingDirection":"In"},"Right Arm":{"Weight":1,"CFrame":[0.2085523009300232,-0.6201486587524414,-0.25906631350517275,0.01110342051833868,-0.7260097861289978,-0.6875945925712586,0.9972624778747559,0.05831235647201538,-0.04546620696783066,0.07310415804386139,-0.6852075457572937,0.724669873714447],"EasingStyle":"Constant","EasingDirection":"In"},"Head":{"Weight":1,"CFrame":[1.471489667892456e-7,-3.552713678800501e-14,-2.086162567138672e-7,0.9994266033172607,6.540527124343498e-7,-0.03385867550969124,-6.489391921604692e-7,1,1.6201055075271143e-7,0.03385867550969124,-1.39945470323255e-7,0.9994266033172607],"EasingStyle":"Constant","EasingDirection":"In"},"Left Arm":{"Weight":1,"CFrame":[-0.14528991281986237,-0.4292517304420471,0.02454596757888794,-0.10471053421497345,0.7895735502243042,0.6046563982963562,-0.9840148091316223,-0.1703236848115921,0.05200701951980591,0.14405062794685365,-0.5895451307296753,0.7947866916656494],"EasingStyle":"Constant","EasingDirection":"In"},"Torso":{"Weight":1,"CFrame":[-0.05016607418656349,-8.679693763724572e-8,-0.30976149439811709,0.9994266033172607,-6.489392490038881e-7,0.033858612179756168,6.54052655590931e-7,1,-1.3994544190154557e-7,-0.033858612179756168,1.620105365418567e-7,0.9994266033172607],"EasingStyle":"Constant","EasingDirection":"In"},"HumanoidRootPart":{"Weight":0,"CFrame":[0,0,0,1,0,0,0,1,0,0,0,1],"EasingStyle":"Linear","EasingDirection":"In"},"Right Leg":{"Weight":1,"CFrame":[0.5806598663330078,0.2678697109222412,-0.15029685199260713,0.8972375988960266,0.18235571682453156,0.40213295817375185,-0.24991732835769654,0.9605461359024048,0.1220344752073288,-0.3640137314796448,-0.20999394357204438,0.907412052154541],"EasingStyle":"Constant","EasingDirection":"In"}}},{"Time":0.1666666716337204,"poses":{"Left Leg":{"Weight":1,"CFrame":[-0.5824956297874451,0.3184109926223755,-0.14490404725074769,0.90582674741745,-0.18889939785003663,-0.3792029917240143,0.29588350653648379,0.9226952791213989,0.2471567988395691,0.30320093035697939,-0.3360810875892639,0.8916942477226257],"EasingStyle":"Constant","EasingDirection":"In"},"Right Arm":{"Weight":1,"CFrame":[0.2085523009300232,-0.6201486587524414,-0.25906631350517275,0.01110342051833868,-0.7260097861289978,-0.6875945925712586,0.9972624778747559,0.05831235647201538,-0.04546620696783066,0.07310415804386139,-0.6852075457572937,0.724669873714447],"EasingStyle":"Constant","EasingDirection":"In"},"Head":{"Weight":1,"CFrame":[1.471489667892456e-7,-3.552713678800501e-14,-2.086162567138672e-7,0.9994266033172607,6.540527124343498e-7,-0.03385867550969124,-6.489391921604692e-7,1,1.6201055075271143e-7,0.03385867550969124,-1.39945470323255e-7,0.9994266033172607],"EasingStyle":"Constant","EasingDirection":"In"},"Left Arm":{"Weight":1,"CFrame":[-0.14528991281986237,-0.4292517304420471,0.02454596757888794,-0.10471053421497345,0.7895735502243042,0.6046563982963562,-0.9840148091316223,-0.1703236848115921,0.05200701951980591,0.14405062794685365,-0.5895451307296753,0.7947866916656494],"EasingStyle":"Constant","EasingDirection":"In"},"Torso":{"Weight":1,"CFrame":[-0.05016607418656349,-8.679693763724572e-8,-0.30976149439811709,0.9994266033172607,-6.489392490038881e-7,0.033858612179756168,6.54052655590931e-7,1,-1.3994544190154557e-7,-0.033858612179756168,1.620105365418567e-7,0.9994266033172607],"EasingStyle":"Constant","EasingDirection":"In"},"HumanoidRootPart":{"Weight":0,"CFrame":[0,0,0,1,0,0,0,1,0,0,0,1],"EasingStyle":"Linear","EasingDirection":"In"},"Right Leg":{"Weight":1,"CFrame":[0.5806598663330078,0.2678697109222412,-0.15029685199260713,0.8972375988960266,0.18235571682453156,0.40213295817375185,-0.24991732835769654,0.9605461359024048,0.1220344752073288,-0.3640137314796448,-0.20999394357204438,0.907412052154541],"EasingStyle":"Constant","EasingDirection":"In"}}},{"Time":0.20000000298023225,"poses":{"Left Leg":{"Weight":1,"CFrame":[-0.5824956297874451,0.3184109926223755,-0.14490404725074769,0.90582674741745,-0.18889939785003663,-0.3792029917240143,0.29588350653648379,0.9226952791213989,0.2471567988395691,0.30320093035697939,-0.3360810875892639,0.8916942477226257],"EasingStyle":"Constant","EasingDirection":"In"},"Right Arm":{"Weight":1,"CFrame":[0.2085523009300232,-0.6201486587524414,-0.25906631350517275,0.01110342051833868,-0.7260097861289978,-0.6875945925712586,0.9972624778747559,0.05831235647201538,-0.04546620696783066,0.07310415804386139,-0.6852075457572937,0.724669873714447],"EasingStyle":"Constant","EasingDirection":"In"},"Head":{"Weight":1,"CFrame":[1.471489667892456e-7,-3.552713678800501e-14,-2.086162567138672e-7,0.9994266033172607,6.540527124343498e-7,-0.03385867550969124,-6.489391921604692e-7,1,1.6201055075271143e-7,0.03385867550969124,-1.39945470323255e-7,0.9994266033172607],"EasingStyle":"Constant","EasingDirection":"In"},"Left Arm":{"Weight":1,"CFrame":[-0.14528991281986237,-0.4292517304420471,0.02454596757888794,-0.10471053421497345,0.7895735502243042,0.6046563982963562,-0.9840148091316223,-0.1703236848115921,0.05200701951980591,0.14405062794685365,-0.5895451307296753,0.7947866916656494],"EasingStyle":"Constant","EasingDirection":"In"},"Torso":{"Weight":1,"CFrame":[-0.05016607418656349,-8.679693763724572e-8,-0.30976149439811709,0.9994266033172607,-6.489392490038881e-7,0.033858612179756168,6.54052655590931e-7,1,-1.3994544190154557e-7,-0.033858612179756168,1.620105365418567e-7,0.9994266033172607],"EasingStyle":"Constant","EasingDirection":"In"},"HumanoidRootPart":{"Weight":0,"CFrame":[0,0,0,1,0,0,0,1,0,0,0,1],"EasingStyle":"Linear","EasingDirection":"In"},"Right Leg":{"Weight":1,"CFrame":[0.5806598663330078,0.2678697109222412,-0.15029685199260713,0.8972375988960266,0.18235571682453156,0.40213295817375185,-0.24991732835769654,0.9605461359024048,0.1220344752073288,-0.3640137314796448,-0.20999394357204438,0.907412052154541],"EasingStyle":"Constant","EasingDirection":"In"}}},{"Time":0.23333333432674409,"poses":{"Left Leg":{"Weight":1,"CFrame":[-0.5471374988555908,0.2657453417778015,-0.10353448987007141,0.9110289216041565,-0.17246876657009126,-0.37454092502593996,0.2586962580680847,0.946388304233551,0.19345641136169434,0.32109588384628298,-0.273136705160141,0.9068041443824768],"EasingStyle":"Constant","EasingDirection":"In"},"Right Arm":{"Weight":1,"CFrame":[0.20855234563350678,-0.5235733985900879,-0.2288927137851715,-0.05834636092185974,-0.7157465815544128,-0.6959184408187866,0.9975491762161255,-0.06876800209283829,-0.012907959520816803,-0.038618054240942,-0.6949660181999207,0.7180047631263733],"EasingStyle":"Constant","EasingDirection":"In"},"Head":{"Weight":1,"CFrame":[1.4901161193847657e-7,-2.842170943040401e-14,0,0.999980628490448,6.521747764054453e-7,-0.006227513309568167,-6.511784249596531e-7,1,1.620330465357256e-7,0.006227513309568167,-1.5797468222444878e-7,0.999980628490448],"EasingStyle":"Constant","EasingDirection":"In"},"Left Arm":{"Weight":1,"CFrame":[-0.14528997242450715,-0.47458574175834658,-0.0209009051322937,-0.04474068805575371,0.7746982574462891,0.6307463645935059,-0.9989253282546997,-0.04234129190444946,-0.018852058798074724,0.012101930566132069,-0.6309119462966919,0.7757600545883179],"EasingStyle":"Constant","EasingDirection":"In"},"Torso":{"Weight":1,"CFrame":[-0.031067274510860444,-7.435056659232942e-8,-0.26494506001472475,0.999980628490448,-6.511783112728153e-7,0.006227449513971806,6.521747764054453e-7,1,-1.5797468222444878e-7,-0.006227449513971806,1.6203300390316145e-7,0.999980628490448],"EasingStyle":"Constant","EasingDirection":"In"},"HumanoidRootPart":{"Weight":0,"CFrame":[0,0,0,1,0,0,0,1,0,0,0,1],"EasingStyle":"Linear","EasingDirection":"In"},"Right Leg":{"Weight":1,"CFrame":[0.548642098903656,0.2551153302192688,-0.1404893398284912,0.9001634120941162,0.16634127497673036,0.4025372862815857,-0.2503751218318939,0.9538584351539612,0.16572988033294679,-0.356395959854126,-0.24996930360794068,0.900276243686676],"EasingStyle":"Constant","EasingDirection":"In"}}},{"Time":0.2666666805744171,"poses":{"Left Leg":{"Weight":1,"CFrame":[-0.5471374988555908,0.2657453417778015,-0.10353448987007141,0.9110289216041565,-0.17246876657009126,-0.37454092502593996,0.2586962580680847,0.946388304233551,0.19345641136169434,0.32109588384628298,-0.273136705160141,0.9068041443824768],"EasingStyle":"Constant","EasingDirection":"In"},"Right Arm":{"Weight":1,"CFrame":[0.20855234563350678,-0.5235733985900879,-0.2288927137851715,-0.05834636092185974,-0.7157465815544128,-0.6959184408187866,0.9975491762161255,-0.06876800209283829,-0.012907959520816803,-0.038618054240942,-0.6949660181999207,0.7180047631263733],"EasingStyle":"Constant","EasingDirection":"In"},"Head":{"Weight":1,"CFrame":[1.4901161193847657e-7,-2.842170943040401e-14,0,0.999980628490448,6.521747764054453e-7,-0.006227513309568167,-6.511784249596531e-7,1,1.620330465357256e-7,0.006227513309568167,-1.5797468222444878e-7,0.999980628490448],"EasingStyle":"Constant","EasingDirection":"In"},"Left Arm":{"Weight":1,"CFrame":[-0.14528997242450715,-0.47458574175834658,-0.0209009051322937,-0.04474068805575371,0.7746982574462891,0.6307463645935059,-0.9989253282546997,-0.04234129190444946,-0.018852058798074724,0.012101930566132069,-0.6309119462966919,0.7757600545883179],"EasingStyle":"Constant","EasingDirection":"In"},"Torso":{"Weight":1,"CFrame":[-0.031067274510860444,-7.435056659232942e-8,-0.26494506001472475,0.999980628490448,-6.511783112728153e-7,0.006227449513971806,6.521747764054453e-7,1,-1.5797468222444878e-7,-0.006227449513971806,1.6203300390316145e-7,0.999980628490448],"EasingStyle":"Constant","EasingDirection":"In"},"HumanoidRootPart":{"Weight":0,"CFrame":[0,0,0,1,0,0,0,1,0,0,0,1],"EasingStyle":"Linear","EasingDirection":"In"},"Right Leg":{"Weight":1,"CFrame":[0.548642098903656,0.2551153302192688,-0.1404893398284912,0.9001634120941162,0.16634127497673036,0.4025372862815857,-0.2503751218318939,0.9538584351539612,0.16572988033294679,-0.356395959854126,-0.24996930360794068,0.900276243686676],"EasingStyle":"Constant","EasingDirection":"In"}}},{"Time":0.30000001192092898,"poses":{"Left Leg":{"Weight":1,"CFrame":[-0.5471374988555908,0.2657453417778015,-0.10353448987007141,0.9110289216041565,-0.17246876657009126,-0.37454092502593996,0.2586962580680847,0.946388304233551,0.19345641136169434,0.32109588384628298,-0.273136705160141,0.9068041443824768],"EasingStyle":"Constant","EasingDirection":"In"},"Right Arm":{"Weight":1,"CFrame":[0.20855234563350678,-0.5235733985900879,-0.2288927137851715,-0.05834636092185974,-0.7157465815544128,-0.6959184408187866,0.9975491762161255,-0.06876800209283829,-0.012907959520816803,-0.038618054240942,-0.6949660181999207,0.7180047631263733],"EasingStyle":"Constant","EasingDirection":"In"},"Head":{"Weight":1,"CFrame":[1.4901161193847657e-7,-2.842170943040401e-14,0,0.999980628490448,6.521747764054453e-7,-0.006227513309568167,-6.511784249596531e-7,1,1.620330465357256e-7,0.006227513309568167,-1.5797468222444878e-7,0.999980628490448],"EasingStyle":"Constant","EasingDirection":"In"},"Left Arm":{"Weight":1,"CFrame":[-0.14528997242450715,-0.47458574175834658,-0.0209009051322937,-0.04474068805575371,0.7746982574462891,0.6307463645935059,-0.9989253282546997,-0.04234129190444946,-0.018852058798074724,0.012101930566132069,-0.6309119462966919,0.7757600545883179],"EasingStyle":"Constant","EasingDirection":"In"},"Torso":{"Weight":1,"CFrame":[-0.031067274510860444,-7.435056659232942e-8,-0.26494506001472475,0.999980628490448,-6.511783112728153e-7,0.006227449513971806,6.521747764054453e-7,1,-1.5797468222444878e-7,-0.006227449513971806,1.6203300390316145e-7,0.999980628490448],"EasingStyle":"Constant","EasingDirection":"In"},"HumanoidRootPart":{"Weight":0,"CFrame":[0,0,0,1,0,0,0,1,0,0,0,1],"EasingStyle":"Linear","EasingDirection":"In"},"Right Leg":{"Weight":1,"CFrame":[0.548642098903656,0.2551153302192688,-0.1404893398284912,0.9001634120941162,0.16634127497673036,0.4025372862815857,-0.2503751218318939,0.9538584351539612,0.16572988033294679,-0.356395959854126,-0.24996930360794068,0.900276243686676],"EasingStyle":"Constant","EasingDirection":"In"}}},{"Time":0.3333333432674408,"poses":{"Left Leg":{"Weight":1,"CFrame":[-0.4309539496898651,0.009720087051391602,-0.011571228504180909,0.9255017638206482,-0.118360236287117,-0.35977408289909365,0.08399362862110138,0.9904030561447144,-0.10975798964500427,0.3693122863769531,0.07136248052120209,0.9265612959861755],"EasingStyle":"Constant","EasingDirection":"In"},"Right Arm":{"Weight":1,"CFrame":[0.2085522711277008,-0.4258558452129364,-0.10631269216537476,-0.21370871365070344,-0.6776902675628662,-0.7036082148551941,0.9104160666465759,-0.3993231952190399,0.10809079557657242,-0.3542191684246063,-0.617476224899292,0.7023189663887024],"EasingStyle":"Constant","EasingDirection":"In"},"Head":{"Weight":1,"CFrame":[1.862645149230957e-7,1.4210854715202005e-14,-3.2782554626464846e-7,0.9871137142181397,6.402756298484746e-7,0.16002050042152406,-6.668055334557721e-7,1,1.120930619435967e-7,-0.16002050042152406,-2.1735110067311326e-7,0.9871137142181397],"EasingStyle":"Constant","EasingDirection":"In"},"Left Arm":{"Weight":1,"CFrame":[-0.14528998732566834,-0.6760798692703247,-0.09744071960449219,-0.06501857936382294,0.8147034645080566,0.576221227645874,-0.9937540888786316,-0.0003820073907263577,-0.11159124225378037,-0.09069368988275528,-0.5798776745796204,0.8096396923065186],"EasingStyle":"Constant","EasingDirection":"In"},"Torso":{"Weight":1,"CFrame":[0.09933669865131378,-1.1110383013601677e-7,-0.17522285878658296,0.9871136546134949,-6.668054766123532e-7,-0.16002056002616883,6.402756866918935e-7,1,-2.1735112909482269e-7,0.16002056002616883,1.1209300510017784e-7,0.9871136546134949],"EasingStyle":"Constant","EasingDirection":"In"},"HumanoidRootPart":{"Weight":0,"CFrame":[0,0,0,1,0,0,0,1,0,0,0,1],"EasingStyle":"Linear","EasingDirection":"In"},"Right Leg":{"Weight":1,"CFrame":[0.4624897539615631,0.2960131764411926,-0.13769516348838807,0.9050434231758118,0.12234804034233093,0.40734195709228518,-0.3088625967502594,0.847495973110199,0.43168795108795168,-0.2924043834209442,-0.5165089964866638,0.8048093318939209],"EasingStyle":"Constant","EasingDirection":"In"}}},{"Time":0.36666667461395266,"poses":{"Left Leg":{"Weight":1,"CFrame":[-0.4309539496898651,0.009720087051391602,-0.011571228504180909,0.9255017638206482,-0.118360236287117,-0.35977408289909365,0.08399362862110138,0.9904030561447144,-0.10975798964500427,0.3693122863769531,0.07136248052120209,0.9265612959861755],"EasingStyle":"Constant","EasingDirection":"In"},"Right Arm":{"Weight":1,"CFrame":[0.2085522711277008,-0.4258558452129364,-0.10631269216537476,-0.21370871365070344,-0.6776902675628662,-0.7036082148551941,0.9104160666465759,-0.3993231952190399,0.10809079557657242,-0.3542191684246063,-0.617476224899292,0.7023189663887024],"EasingStyle":"Constant","EasingDirection":"In"},"Head":{"Weight":1,"CFrame":[1.862645149230957e-7,1.4210854715202005e-14,-3.2782554626464846e-7,0.9871137142181397,6.402756298484746e-7,0.16002050042152406,-6.668055334557721e-7,1,1.120930619435967e-7,-0.16002050042152406,-2.1735110067311326e-7,0.9871137142181397],"EasingStyle":"Constant","EasingDirection":"In"},"Left Arm":{"Weight":1,"CFrame":[-0.14528998732566834,-0.6760798692703247,-0.09744071960449219,-0.06501857936382294,0.8147034645080566,0.576221227645874,-0.9937540888786316,-0.0003820073907263577,-0.11159124225378037,-0.09069368988275528,-0.5798776745796204,0.8096396923065186],"EasingStyle":"Constant","EasingDirection":"In"},"Torso":{"Weight":1,"CFrame":[0.09933669865131378,-1.1110383013601677e-7,-0.17522285878658296,0.9871136546134949,-6.668054766123532e-7,-0.16002056002616883,6.402756866918935e-7,1,-2.1735112909482269e-7,0.16002056002616883,1.1209300510017784e-7,0.9871136546134949],"EasingStyle":"Constant","EasingDirection":"In"},"HumanoidRootPart":{"Weight":0,"CFrame":[0,0,0,1,0,0,0,1,0,0,0,1],"EasingStyle":"Linear","EasingDirection":"In"},"Right Leg":{"Weight":1,"CFrame":[0.4624897539615631,0.2960131764411926,-0.13769516348838807,0.9050434231758118,0.12234804034233093,0.40734195709228518,-0.3088625967502594,0.847495973110199,0.43168795108795168,-0.2924043834209442,-0.5165089964866638,0.8048093318939209],"EasingStyle":"Constant","EasingDirection":"In"}}},{"Time":0.4000000059604645,"poses":{"Left Leg":{"Weight":1,"CFrame":[-0.4309539496898651,0.009720087051391602,-0.011571228504180909,0.9255017638206482,-0.118360236287117,-0.35977408289909365,0.08399362862110138,0.9904030561447144,-0.10975798964500427,0.3693122863769531,0.07136248052120209,0.9265612959861755],"EasingStyle":"Constant","EasingDirection":"In"},"Right Arm":{"Weight":1,"CFrame":[0.2085522711277008,-0.4258558452129364,-0.10631269216537476,-0.21370871365070344,-0.6776902675628662,-0.7036082148551941,0.9104160666465759,-0.3993231952190399,0.10809079557657242,-0.3542191684246063,-0.617476224899292,0.7023189663887024],"EasingStyle":"Constant","EasingDirection":"In"},"Head":{"Weight":1,"CFrame":[1.862645149230957e-7,1.4210854715202005e-14,-3.2782554626464846e-7,0.9871137142181397,6.402756298484746e-7,0.16002050042152406,-6.668055334557721e-7,1,1.120930619435967e-7,-0.16002050042152406,-2.1735110067311326e-7,0.9871137142181397],"EasingStyle":"Constant","EasingDirection":"In"},"Left Arm":{"Weight":1,"CFrame":[-0.14528998732566834,-0.6760798692703247,-0.09744071960449219,-0.06501857936382294,0.8147034645080566,0.576221227645874,-0.9937540888786316,-0.0003820073907263577,-0.11159124225378037,-0.09069368988275528,-0.5798776745796204,0.8096396923065186],"EasingStyle":"Constant","EasingDirection":"In"},"Torso":{"Weight":1,"CFrame":[0.09933669865131378,-1.1110383013601677e-7,-0.17522285878658296,0.9871136546134949,-6.668054766123532e-7,-0.16002056002616883,6.402756866918935e-7,1,-2.1735112909482269e-7,0.16002056002616883,1.1209300510017784e-7,0.9871136546134949],"EasingStyle":"Constant","EasingDirection":"In"},"HumanoidRootPart":{"Weight":0,"CFrame":[0,0,0,1,0,0,0,1,0,0,0,1],"EasingStyle":"Linear","EasingDirection":"In"},"Right Leg":{"Weight":1,"CFrame":[0.4624897539615631,0.2960131764411926,-0.13769516348838807,0.9050434231758118,0.12234804034233093,0.40734195709228518,-0.3088625967502594,0.847495973110199,0.43168795108795168,-0.2924043834209442,-0.5165089964866638,0.8048093318939209],"EasingStyle":"Constant","EasingDirection":"In"}}},{"Time":0.4333333373069763,"poses":{"Left Leg":{"Weight":1,"CFrame":[-0.534306526184082,0.178364098072052,-0.05631148815155029,0.9153835773468018,-0.16825520992279054,-0.3657363951206207,0.18424919247627259,0.9828383922576904,0.008998265489935875,0.3579457998275757,-0.07562348991632462,0.9306749701499939],"EasingStyle":"Constant","EasingDirection":"In"},"Right Arm":{"Weight":1,"CFrame":[0.2085523009300232,-0.43029099702835085,-0.15382778644561768,-0.21370884776115418,-0.6776901483535767,-0.7036082148551941,0.9333088397979736,-0.35438352823257449,0.05785302072763443,-0.2885535955429077,-0.6443200707435608,0.708229124546051],"EasingStyle":"Constant","EasingDirection":"In"},"Head":{"Weight":1,"CFrame":[1.341104507446289e-7,1.2789769243681804e-13,-2.9802322387695315e-8,0.9956713318824768,6.413238793356868e-7,0.09294375777244568,-6.592212002942688e-7,1,1.6185839513127576e-7,-0.09294375777244568,-2.2242821273721348e-7,0.9956713318824768],"EasingStyle":"Constant","EasingDirection":"In"},"Left Arm":{"Weight":1,"CFrame":[-0.14528992772102357,-0.6216334104537964,-0.04711949825286865,-0.09703461825847626,0.8121057152748108,0.5753855109214783,-0.995053231716156,-0.06679070740938187,-0.07353931665420532,-0.021291371434926988,-0.5796751379966736,0.8145694732666016],"EasingStyle":"Constant","EasingDirection":"In"},"Torso":{"Weight":1,"CFrame":[0.05615874379873276,-2.880297245155816e-7,-0.2727179527282715,0.9956713318824768,-6.592210866074311e-7,-0.09294381737709046,6.413238793356868e-7,1,-2.2242822694806819e-7,0.09294381737709046,1.6185832407700219e-7,0.9956713318824768],"EasingStyle":"Constant","EasingDirection":"In"},"HumanoidRootPart":{"Weight":0,"CFrame":[0,0,0,1,0,0,0,1,0,0,0,1],"EasingStyle":"Linear","EasingDirection":"In"},"Right Leg":{"Weight":1,"CFrame":[0.5489304065704346,0.3220402002334595,-0.19108039140701295,0.8968209624290466,0.16448664665222169,0.4106777608394623,-0.31867632269859316,0.884086549282074,0.34181344509124758,-0.30685099959373476,-0.43741872906684878,0.8452853560447693],"EasingStyle":"Constant","EasingDirection":"In"}}},{"Time":0.46666666865348818,"poses":{"Left Leg":{"Weight":1,"CFrame":[-0.534306526184082,0.178364098072052,-0.05631148815155029,0.9153835773468018,-0.16825520992279054,-0.3657363951206207,0.18424919247627259,0.9828383922576904,0.008998265489935875,0.3579457998275757,-0.07562348991632462,0.9306749701499939],"EasingStyle":"Constant","EasingDirection":"In"},"Right Arm":{"Weight":1,"CFrame":[0.2085523009300232,-0.43029099702835085,-0.15382778644561768,-0.21370884776115418,-0.6776901483535767,-0.7036082148551941,0.9333088397979736,-0.35438352823257449,0.05785302072763443,-0.2885535955429077,-0.6443200707435608,0.708229124546051],"EasingStyle":"Constant","EasingDirection":"In"},"Head":{"Weight":1,"CFrame":[1.341104507446289e-7,1.2789769243681804e-13,-2.9802322387695315e-8,0.9956713318824768,6.413238793356868e-7,0.09294375777244568,-6.592212002942688e-7,1,1.6185839513127576e-7,-0.09294375777244568,-2.2242821273721348e-7,0.9956713318824768],"EasingStyle":"Constant","EasingDirection":"In"},"Left Arm":{"Weight":1,"CFrame":[-0.14528992772102357,-0.6216334104537964,-0.04711949825286865,-0.09703461825847626,0.8121057152748108,0.5753855109214783,-0.995053231716156,-0.06679070740938187,-0.07353931665420532,-0.021291371434926988,-0.5796751379966736,0.8145694732666016],"EasingStyle":"Constant","EasingDirection":"In"},"Torso":{"Weight":1,"CFrame":[0.05615874379873276,-2.880297245155816e-7,-0.2727179527282715,0.9956713318824768,-6.592210866074311e-7,-0.09294381737709046,6.413238793356868e-7,1,-2.2242822694806819e-7,0.09294381737709046,1.6185832407700219e-7,0.9956713318824768],"EasingStyle":"Constant","EasingDirection":"In"},"HumanoidRootPart":{"Weight":0,"CFrame":[0,0,0,1,0,0,0,1,0,0,0,1],"EasingStyle":"Linear","EasingDirection":"In"},"Right Leg":{"Weight":1,"CFrame":[0.5489304065704346,0.3220402002334595,-0.19108039140701295,0.8968209624290466,0.16448664665222169,0.4106777608394623,-0.31867632269859316,0.884086549282074,0.34181344509124758,-0.30685099959373476,-0.43741872906684878,0.8452853560447693],"EasingStyle":"Constant","EasingDirection":"In"}}},{"Time":0.5,"poses":{"Left Leg":{"Weight":1,"CFrame":[-0.534306526184082,0.178364098072052,-0.05631148815155029,0.9153835773468018,-0.16825520992279054,-0.3657363951206207,0.18424919247627259,0.9828383922576904,0.008998265489935875,0.3579457998275757,-0.07562348991632462,0.9306749701499939],"EasingStyle":"Constant","EasingDirection":"In"},"Right Arm":{"Weight":1,"CFrame":[0.2085523009300232,-0.43029099702835085,-0.15382778644561768,-0.21370884776115418,-0.6776901483535767,-0.7036082148551941,0.9333088397979736,-0.35438352823257449,0.05785302072763443,-0.2885535955429077,-0.6443200707435608,0.708229124546051],"EasingStyle":"Constant","EasingDirection":"In"},"Head":{"Weight":1,"CFrame":[1.341104507446289e-7,1.2789769243681804e-13,-2.9802322387695315e-8,0.9956713318824768,6.413238793356868e-7,0.09294375777244568,-6.592212002942688e-7,1,1.6185839513127576e-7,-0.09294375777244568,-2.2242821273721348e-7,0.9956713318824768],"EasingStyle":"Constant","EasingDirection":"In"},"Left Arm":{"Weight":1,"CFrame":[-0.14528992772102357,-0.6216334104537964,-0.04711949825286865,-0.09703461825847626,0.8121057152748108,0.5753855109214783,-0.995053231716156,-0.06679070740938187,-0.07353931665420532,-0.021291371434926988,-0.5796751379966736,0.8145694732666016],"EasingStyle":"Constant","EasingDirection":"In"},"Torso":{"Weight":1,"CFrame":[0.05615874379873276,-2.880297245155816e-7,-0.2727179527282715,0.9956713318824768,-6.592210866074311e-7,-0.09294381737709046,6.413238793356868e-7,1,-2.2242822694806819e-7,0.09294381737709046,1.6185832407700219e-7,0.9956713318824768],"EasingStyle":"Constant","EasingDirection":"In"},"HumanoidRootPart":{"Weight":0,"CFrame":[0,0,0,1,0,0,0,1,0,0,0,1],"EasingStyle":"Linear","EasingDirection":"In"},"Right Leg":{"Weight":1,"CFrame":[0.5489304065704346,0.3220402002334595,-0.19108039140701295,0.8968209624290466,0.16448664665222169,0.4106777608394623,-0.31867632269859316,0.884086549282074,0.34181344509124758,-0.30685099959373476,-0.43741872906684878,0.8452853560447693],"EasingStyle":"Constant","EasingDirection":"In"}}},{"Time":0.5333333611488342,"poses":{"Left Leg":{"Weight":1,"CFrame":[-0.5824332237243652,0.2821265459060669,-0.11264903843402863,0.9079307913780212,-0.19028615951538087,-0.3734339475631714,0.2598400413990021,0.9546581506729126,0.14529618620872498,0.32885387539863589,-0.22895194590091706,0.916207492351532],"EasingStyle":"Constant","EasingDirection":"In"},"Right Arm":{"Weight":1,"CFrame":[0.20855236053466798,-0.47529029846191409,-0.18327295780181886,-0.1681550145149231,-0.6851852536201477,-0.7086925506591797,0.9560429453849793,-0.28855428099632265,0.05213794484734535,-0.24022029340267182,-0.6687731742858887,0.7035882472991943],"EasingStyle":"Constant","EasingDirection":"In"},"Head":{"Weight":1,"CFrame":[1.4901161193847657e-7,6.394884621840902e-14,1.1920928955078126e-7,0.9998690485954285,6.50286153813795e-7,0.016184285283088685,-6.52994117444905e-7,1,1.6202851327307145e-7,-0.016184285283088685,-1.7257553963645479e-7,0.9998690485954285],"EasingStyle":"Constant","EasingDirection":"In"},"Left Arm":{"Weight":1,"CFrame":[-0.14528995752334596,-0.545098066329956,0.009021520614624024,-0.09703461825847626,0.8121057748794556,0.575385570526123,-0.995053231716156,-0.06679071485996247,-0.07353933155536652,-0.021291371434926988,-0.5796750783920288,0.8145694732666016],"EasingStyle":"Constant","EasingDirection":"In"},"Torso":{"Weight":1,"CFrame":[0.010862041264772416,-3.175487961470935e-7,-0.30976155400276186,0.9998690485954285,-6.529940037580673e-7,-0.016184348613023759,6.502862675006327e-7,1,-1.7257552542560007e-7,0.016184348613023759,1.620284706405073e-7,0.9998690485954285],"EasingStyle":"Constant","EasingDirection":"In"},"HumanoidRootPart":{"Weight":0,"CFrame":[0,0,0,1,0,0,0,1,0,0,0,1],"EasingStyle":"Linear","EasingDirection":"In"},"Right Leg":{"Weight":1,"CFrame":[0.5799570679664612,0.3039324879646301,-0.17842057347297669,0.8951820731163025,0.18070775270462037,0.40742331743240359,-0.2889305651187897,0.931311845779419,0.22175975143909455,-0.3393644392490387,-0.3162323832511902,0.8859056830406189],"EasingStyle":"Constant","EasingDirection":"In"}}},{"Time":0.5666666626930237,"poses":{"Left Leg":{"Weight":1,"CFrame":[-0.5824332237243652,0.2821265459060669,-0.11264903843402863,0.9079307913780212,-0.19028615951538087,-0.3734339475631714,0.2598400413990021,0.9546581506729126,0.14529618620872498,0.32885387539863589,-0.22895194590091706,0.916207492351532],"EasingStyle":"Constant","EasingDirection":"In"},"Right Arm":{"Weight":1,"CFrame":[0.20855236053466798,-0.47529029846191409,-0.18327295780181886,-0.1681550145149231,-0.6851852536201477,-0.7086925506591797,0.9560429453849793,-0.28855428099632265,0.05213794484734535,-0.24022029340267182,-0.6687731742858887,0.7035882472991943],"EasingStyle":"Constant","EasingDirection":"In"},"Head":{"Weight":1,"CFrame":[1.4901161193847657e-7,6.394884621840902e-14,1.1920928955078126e-7,0.9998690485954285,6.50286153813795e-7,0.016184285283088685,-6.52994117444905e-7,1,1.6202851327307145e-7,-0.016184285283088685,-1.7257553963645479e-7,0.9998690485954285],"EasingStyle":"Constant","EasingDirection":"In"},"Left Arm":{"Weight":1,"CFrame":[-0.14528995752334596,-0.545098066329956,0.009021520614624024,-0.09703461825847626,0.8121057748794556,0.575385570526123,-0.995053231716156,-0.06679071485996247,-0.07353933155536652,-0.021291371434926988,-0.5796750783920288,0.8145694732666016],"EasingStyle":"Constant","EasingDirection":"In"},"Torso":{"Weight":1,"CFrame":[0.010862041264772416,-3.175487961470935e-7,-0.30976155400276186,0.9998690485954285,-6.529940037580673e-7,-0.016184348613023759,6.502862675006327e-7,1,-1.7257552542560007e-7,0.016184348613023759,1.620284706405073e-7,0.9998690485954285],"EasingStyle":"Constant","EasingDirection":"In"},"HumanoidRootPart":{"Weight":0,"CFrame":[0,0,0,1,0,0,0,1,0,0,0,1],"EasingStyle":"Linear","EasingDirection":"In"},"Right Leg":{"Weight":1,"CFrame":[0.5799570679664612,0.3039324879646301,-0.17842057347297669,0.8951820731163025,0.18070775270462037,0.40742331743240359,-0.2889305651187897,0.931311845779419,0.22175975143909455,-0.3393644392490387,-0.3162323832511902,0.8859056830406189],"EasingStyle":"Constant","EasingDirection":"In"}}},{"Time":0.6000000238418579,"poses":{"Left Leg":{"Weight":1,"CFrame":[-0.5824332237243652,0.2821265459060669,-0.11264903843402863,0.9079307913780212,-0.19028615951538087,-0.3734339475631714,0.2598400413990021,0.9546581506729126,0.14529618620872498,0.32885387539863589,-0.22895194590091706,0.916207492351532],"EasingStyle":"Constant","EasingDirection":"In"},"Right Arm":{"Weight":1,"CFrame":[0.20855236053466798,-0.47529029846191409,-0.18327295780181886,-0.1681550145149231,-0.6851852536201477,-0.7086925506591797,0.9560429453849793,-0.28855428099632265,0.05213794484734535,-0.24022029340267182,-0.6687731742858887,0.7035882472991943],"EasingStyle":"Constant","EasingDirection":"In"},"Head":{"Weight":1,"CFrame":[1.4901161193847657e-7,6.394884621840902e-14,1.1920928955078126e-7,0.9998690485954285,6.50286153813795e-7,0.016184285283088685,-6.52994117444905e-7,1,1.6202851327307145e-7,-0.016184285283088685,-1.7257553963645479e-7,0.9998690485954285],"EasingStyle":"Constant","EasingDirection":"In"},"Left Arm":{"Weight":1,"CFrame":[-0.14528995752334596,-0.545098066329956,0.009021520614624024,-0.09703461825847626,0.8121057748794556,0.575385570526123,-0.995053231716156,-0.06679071485996247,-0.07353933155536652,-0.021291371434926988,-0.5796750783920288,0.8145694732666016],"EasingStyle":"Constant","EasingDirection":"In"},"Torso":{"Weight":1,"CFrame":[0.010862041264772416,-3.175487961470935e-7,-0.30976155400276186,0.9998690485954285,-6.529940037580673e-7,-0.016184348613023759,6.502862675006327e-7,1,-1.7257552542560007e-7,0.016184348613023759,1.620284706405073e-7,0.9998690485954285],"EasingStyle":"Constant","EasingDirection":"In"},"HumanoidRootPart":{"Weight":0,"CFrame":[0,0,0,1,0,0,0,1,0,0,0,1],"EasingStyle":"Linear","EasingDirection":"In"},"Right Leg":{"Weight":1,"CFrame":[0.5799570679664612,0.3039324879646301,-0.17842057347297669,0.8951820731163025,0.18070775270462037,0.40742331743240359,-0.2889305651187897,0.931311845779419,0.22175975143909455,-0.3393644392490387,-0.3162323832511902,0.8859056830406189],"EasingStyle":"Constant","EasingDirection":"In"}}},{"Time":0.6333333253860474,"poses":{"Left Leg":{"Weight":1,"CFrame":[-0.5824332237243652,0.2821265459060669,-0.11264903843402863,0.9079307913780212,-0.19028615951538087,-0.3734339475631714,0.2598400413990021,0.9546581506729126,0.14529618620872498,0.32885387539863589,-0.22895194590091706,0.916207492351532],"EasingStyle":"Constant","EasingDirection":"In"},"Right Arm":{"Weight":1,"CFrame":[0.20855236053466798,-0.47529029846191409,-0.18327295780181886,-0.1681550145149231,-0.6851852536201477,-0.7086925506591797,0.9560429453849793,-0.28855428099632265,0.05213794484734535,-0.24022029340267182,-0.6687731742858887,0.7035882472991943],"EasingStyle":"Constant","EasingDirection":"In"},"Head":{"Weight":1,"CFrame":[1.4901161193847657e-7,6.394884621840902e-14,1.1920928955078126e-7,0.9998690485954285,6.50286153813795e-7,0.016184285283088685,-6.529941