{"Sequence":[{"Time":0,"poses":{"Left Leg":{"Weight":1,"CFrame":[0.1904180645942688,0.01367175579071045,0.1806650161743164,0.8964793682098389,-0.08104067295789719,0.4356105923652649,0.12803304195404054,0.9885733127593994,-0.07956906408071518,-0.42418426275253298,0.1271030306816101,0.8966115117073059],"EasingStyle":"Linear","EasingDirection":"Out"},"Right Leg":{"Weight":1,"CFrame":[0.7617390155792236,0.0963018536567688,-0.4973679780960083,0.802207350730896,0.47091400623321535,0.3670157492160797,-0.5824096202850342,0.7525044679641724,0.3074723184108734,-0.13138630986213685,-0.46040961146354678,0.8779295086860657],"EasingStyle":"Linear","EasingDirection":"Out"},"Head":{"Weight":1,"CFrame":[6.05359673500061e-9,-1.1920928955078126e-7,7.159542292356491e-9,0.9958259463310242,0.08839794248342514,-0.022725572809576989,-0.09114164113998413,0.9764044284820557,-0.19577427208423615,0.004883306100964546,0.19702836871147157,0.9803856015205383],"EasingStyle":"Linear","EasingDirection":"Out"},"Torso":{"Weight":1,"CFrame":[0.0005165711045265198,0.0483132004737854,-0.07711386680603028,0.9982140064239502,-0.0581558495759964,-0.013661539182066918,0.05899100378155708,0.9956689476966858,0.07185698300600052,0.00942346639931202,-0.07253456115722656,0.997321367263794],"EasingStyle":"Linear","EasingDirection":"Out"},"HumanoidRootPart":{"Weight":0,"CFrame":[0,0,0,1,0,0,0,1,0,0,0,1],"EasingStyle":"Linear","EasingDirection":"In"},"LeftUpperArm":{"Weight":1,"CFrame":[-0.7063790559768677,-0.8512353301048279,-0.4482842683792114,0.08748343586921692,-0.2915222942829132,-0.9525551199913025,-0.5024147033691406,-0.8386096954345703,0.21050800383090974,-0.8601896166801453,0.46016138792037966,-0.21982981264591218],"EasingStyle":"Linear","EasingDirection":"Out"},"Right Arm":{"Weight":1,"CFrame":[0.4210854172706604,-0.3756011426448822,0.635027289390564,0.44826507568359377,-0.16076862812042237,-0.8793246150016785,0.4196307957172394,-0.8307211995124817,0.3658035397529602,-0.7892835140228272,-0.5329688191413879,-0.30491968989372256],"EasingStyle":"Linear","EasingDirection":"Out"},"Left Arm":{"Weight":1,"CFrame":[-0.5693067908287048,-0.367681086063385,0.6297086477279663,-0.21982990205287934,0.46016138792037966,0.8601896166801453,0.2105085551738739,-0.8386096954345703,0.5024147033691406,0.9525549411773682,0.2915222942829132,0.087483249604702],"EasingStyle":"Linear","EasingDirection":"Out"},"LeftHand":{"Weight":1,"CFrame":[0.000499919056892395,0.00009953975677490234,9.685754776000977e-8,1,4.0978196835794736e-8,8.381942961932509e-8,2.514570951461792e-8,1,7.040831633275957e-7,-9.12696123123169e-8,-8.568168397005138e-8,1],"EasingStyle":"Linear","EasingDirection":"Out"},"RightUpperArm":{"Weight":1,"CFrame":[0.49485647678375246,-0.8570806384086609,-0.3788033425807953,-0.3049194812774658,-0.5329689383506775,0.789283275604248,0.36580348014831545,-0.8307211399078369,-0.41963136196136477,0.8793246746063232,0.1607685387134552,0.4482648968696594],"EasingStyle":"Linear","EasingDirection":"Out"}}},{"Time":0.034583333879709247,"poses":{"Left Leg":{"Weight":1,"CFrame":[0.16748659312725068,0.02732604742050171,0.16883337497711183,0.8975549340248108,-0.08871147036552429,0.43188518285751345,0.13547806441783906,0.9876520037651062,-0.07867778092622757,-0.41957220435142519,0.12912705540657044,0.8984904289245606],"EasingStyle":"Linear","EasingDirection":"Out"},"Right Leg":{"Weight":1,"CFrame":[0.7381529211997986,0.05739641189575195,-0.4446744918823242,0.8244377374649048,0.43738892674446108,0.35915273427963259,-0.5269545316696167,0.8247472643852234,0.20521695911884309,-0.20644931495189668,-0.35844501852989199,0.9104368686676025],"EasingStyle":"Linear","EasingDirection":"Out"},"Head":{"Weight":1,"CFrame":[1.1641532182693482e-8,-1.1920928955078126e-7,3.259629011154175e-9,0.9963737726211548,0.08330793678760529,-0.017294712364673616,-0.0850825160741806,0.9768282175064087,-0.1963862031698227,0.0005334392189979553,0.19714553654193879,0.9803740978240967],"EasingStyle":"Linear","EasingDirection":"Out"},"Torso":{"Weight":1,"CFrame":[-0.02032085508108139,0.04554072022438049,-0.0985562801361084,0.997993528842926,-0.05793324485421181,-0.025546468794345857,0.05957914888858795,0.9958202242851257,0.0692271739244461,0.021429134532809259,-0.07061030715703964,0.9972737431526184],"EasingStyle":"Linear","EasingDirection":"Out"},"HumanoidRootPart":{"Weight":0,"CFrame":[0,0,0,1,0,0,0,1,0,0,0,1],"EasingStyle":"Linear","EasingDirection":"In"},"LeftUpperArm":{"Weight":1,"CFrame":[-0.715222954750061,-0.8690820336341858,-0.4416917562484741,0.014075844548642636,-0.3369273245334625,-0.9414253830909729,-0.49822014570236208,-0.818681001663208,0.28554919362068179,-0.8669363260269165,0.4650175869464874,-0.1793876439332962],"EasingStyle":"Linear","EasingDirection":"Out"},"Right Arm":{"Weight":1,"CFrame":[0.42768344283103945,-0.40755924582481387,0.6239234209060669,0.43248602747917178,-0.18258069455623628,-0.882960855960846,0.4346594214439392,-0.8157587647438049,0.3815869987010956,-0.7899538278579712,-0.5488186478614807,-0.2734437584877014],"EasingStyle":"Linear","EasingDirection":"Out"},"Left Arm":{"Weight":1,"CFrame":[-0.563991367816925,-0.390769362449646,0.6266111135482788,-0.17938773334026338,0.4650176167488098,0.8669363260269165,0.28554970026016238,-0.818681001663208,0.4982201159000397,0.9414252042770386,0.33692729473114016,0.014075656421482563],"EasingStyle":"Linear","EasingDirection":"Out"},"LeftHand":{"Weight":1,"CFrame":[0.0005000270903110504,0.00010001659393310547,-1.5273690223693848e-7,1,1.862645149230957e-9,9.68579954019333e-8,-1.4901161193847657e-8,1,6.705553801111819e-7,-8.940696716308594e-8,-7.450580596923828e-9,1],"EasingStyle":"Linear","EasingDirection":"Out"},"RightUpperArm":{"Weight":1,"CFrame":[0.47958409786224368,-0.885103702545166,-0.379664808511734,-0.2734435498714447,-0.5488187670707703,0.7899534702301025,0.38158684968948367,-0.8157587051391602,-0.4346601366996765,0.8829609751701355,0.18258066475391389,0.4324859082698822],"EasingStyle":"Linear","EasingDirection":"Out"}}},{"Time":0.06916666775941849,"poses":{"Left Leg":{"Weight":1,"CFrame":[0.09359101951122284,0.04218214750289917,0.1435490846633911,0.9006186723709106,-0.12179172784090042,0.4171954095363617,0.16162170469760896,0.9849440455436707,-0.06135808303952217,-0.4034407436847687,0.12268657982349396,0.9067431688308716],"EasingStyle":"Linear","EasingDirection":"Out"},"Right Leg":{"Weight":1,"CFrame":[0.6458652019500732,0.009404659271240235,-0.32883143424987795,0.8781564831733704,0.3824796676635742,0.28731173276901247,-0.4274733364582062,0.8970135450363159,0.1124102771282196,-0.21472705900669099,-0.22153112292289735,0.9512181282043457],"EasingStyle":"Linear","EasingDirection":"Out"},"Head":{"Weight":1,"CFrame":[3.725290298461914e-9,2.384185791015625e-7,1.5599653124809266e-8,0.9975823760032654,0.0686490386724472,-0.010803834535181523,-0.06942916661500931,0.977822482585907,-0.19759242236614228,-0.0030002943240106107,0.19786480069160462,0.9802247285842896],"EasingStyle":"Linear","EasingDirection":"Out"},"Torso":{"Weight":1,"CFrame":[-0.031052812933921815,0.04651685059070587,-0.11294221878051758,0.997989296913147,-0.05504043027758598,-0.03143109753727913,0.05708759278059006,0.9960198998451233,0.06844939291477204,0.027538515627384187,-0.07010608911514282,0.9971593618392944],"EasingStyle":"Linear","EasingDirection":"Out"},"HumanoidRootPart":{"Weight":0,"CFrame":[0,0,0,1,0,0,0,1,0,0,0,1],"EasingStyle":"Linear","EasingDirection":"In"},"LeftUpperArm":{"Weight":1,"CFrame":[-0.6738723516464233,-0.8669819831848145,-0.4414518475532532,-0.030685579404234887,-0.3473528027534485,-0.937232255935669,-0.4870629608631134,-0.813616931438446,0.3174859881401062,-0.8728276491165161,0.46623334288597109,-0.14421622455120088],"EasingStyle":"Linear","EasingDirection":"Out"},"Right Arm":{"Weight":1,"CFrame":[0.4426867961883545,-0.44962793588638308,0.5993945598602295,0.3883903920650482,-0.21562688052654267,-0.8959115743637085,0.4432276785373688,-0.8086735606193543,0.38677650690078738,-0.8078998327255249,-0.5473135709762573,-0.21850936114788056],"EasingStyle":"Linear","EasingDirection":"Out"},"Left Arm":{"Weight":1,"CFrame":[-0.5640711784362793,-0.390001118183136,0.5825188159942627,-0.14421629905700684,0.4662332832813263,0.8728276491165161,0.3174864947795868,-0.813616931438446,0.48706290125846865,0.9372320771217346,0.3473528027534485,-0.030685769394040109],"EasingStyle":"Linear","EasingDirection":"Out"},"LeftHand":{"Weight":1,"CFrame":[0.0004999786615371704,0.00010001659393310547,-1.7508864402770997e-7,1,-1.4901157641133978e-8,7.078084252043482e-8,1.862645149230957e-8,1,6.94769880738022e-7,-8.940696716308594e-8,-3.352760558072987e-8,1],"EasingStyle":"Linear","EasingDirection":"Out"},"RightUpperArm":{"Weight":1,"CFrame":[0.45545101165771487,-0.9253090620040894,-0.3859769105911255,-0.21850916743278504,-0.5473135709762573,0.8078994750976563,0.3867763578891754,-0.8086735606193543,-0.4432283937931061,0.895911693572998,0.21562685072422028,0.38839033246040347],"EasingStyle":"Linear","EasingDirection":"Out"}}},{"Time":0.09666666388511658,"poses":{"Left Leg":{"Weight":1,"CFrame":[0.013867687433958054,0.043251752853393558,0.11714816093444824,0.9061965942382813,-0.15877895057201386,0.39191320538520815,0.18806077539920808,0.981453001499176,-0.03720938414335251,-0.37873584032058718,0.10742112249135971,0.919249415397644],"EasingStyle":"Linear","EasingDirection":"Out"},"Right Leg":{"Weight":1,"CFrame":[0.5506888628005981,0.04394376277923584,-0.23786401748657227,0.913908839225769,0.3471892178058624,0.21030452847480775,-0.37375184893608096,0.9218748211860657,0.10226839035749436,-0.1583673357963562,-0.17206509411334992,0.9722721576690674],"EasingStyle":"Linear","EasingDirection":"Out"},"Head":{"Weight":1,"CFrame":[1.210719347000122e-8,-2.384185791015625e-7,-8.614733815193177e-9,0.9986521601676941,0.05164291709661484,-0.005188590846955776,-0.051642902195453647,0.9786781668663025,-0.1988014578819275,-0.005188718903809786,0.1988014429807663,0.9800260663032532],"EasingStyle":"Linear","EasingDirection":"Out"},"Torso":{"Weight":1,"CFrame":[-0.04098983854055405,0.04726417362689972,-0.10887551307678223,0.9983840584754944,-0.04672065004706383,-0.032349735498428348,0.048855602741241458,0.9964406490325928,0.06869588047266007,0.02902507781982422,-0.07016533613204956,0.9971129894256592],"EasingStyle":"Linear","EasingDirection":"Out"},"HumanoidRootPart":{"Weight":0,"CFrame":[0,0,0,1,0,0,0,1,0,0,0,1],"EasingStyle":"Linear","EasingDirection":"In"},"LeftUpperArm":{"Weight":1,"CFrame":[-0.6202797889709473,-0.8266904354095459,-0.44452598690986636,-0.04065341129899025,-0.26655176281929018,-0.962962806224823,-0.4597923457622528,-0.8506635427474976,0.2548779845237732,-0.8870953917503357,0.45312434434890749,-0.08797624707221985],"EasingStyle":"Linear","EasingDirection":"Out"},"Right Arm":{"Weight":1,"CFrame":[0.45877161622047427,-0.47203728556632998,0.5786757469177246,0.34787118434906008,-0.250364750623703,-0.9034948348999023,0.437050998210907,-0.8092629313468933,0.3925298750400543,-0.8294408321380615,-0.5314236283302307,-0.1720970720052719],"EasingStyle":"Linear","EasingDirection":"Out"},"Left Arm":{"Weight":1,"CFrame":[-0.5636978149414063,-0.3399658203125,0.5501768589019775,-0.08797630667686463,0.45312440395355227,0.8870954513549805,0.25487852096557619,-0.8506635427474976,0.4597923159599304,0.9629626870155335,0.2665517330169678,-0.04065360128879547],"EasingStyle":"Linear","EasingDirection":"Out"},"LeftHand":{"Weight":1,"CFrame":[0.000500015914440155,0.00010001659393310547,-1.5832483768463136e-7,1,3.725290742551124e-9,9.127003863795835e-8,0,1,6.398216214620334e-7,-8.009374141693115e-8,-1.4901162970204497e-8,1],"EasingStyle":"Linear","EasingDirection":"Out"},"RightUpperArm":{"Weight":1,"CFrame":[0.4389113187789917,-0.947873592376709,-0.3929257094860077,-0.1720968782901764,-0.5314236283302307,0.8294404745101929,0.39252975583076479,-0.8092629313468933,-0.4370517134666443,0.9034948945045471,0.2503646910190582,0.34787115454673769],"EasingStyle":"Linear","EasingDirection":"Out"}}},{"Time":0.10333333164453507,"poses":{"Left Leg":{"Weight":1,"CFrame":[-0.008145660161972046,0.04161006212234497,0.11019039154052735,0.9080976843833923,-0.1690501719713211,0.38311809301376345,0.195267453789711,0.9802831411361694,-0.030282465741038324,-0.3704446256160736,0.10230855643749237,0.9232028722763062],"EasingStyle":"Linear","EasingDirection":"Out"},"Right Leg":{"Weight":1,"CFrame":[0.5258922576904297,0.04874885082244873,-0.21573835611343385,0.9215214848518372,0.3371028006076813,0.19276300072669984,-0.3597949743270874,0.9279539585113525,0.09721873700618744,-0.1461019068956375,-0.1589438021183014,0.9764174222946167],"EasingStyle":"Linear","EasingDirection":"Out"},"Head":{"Weight":1,"CFrame":[-1.4435499906539917e-8,-1.1920928955078126e-7,1.792795956134796e-8,0.9988992214202881,0.04676873981952667,-0.0036071992944926025,-0.046549923717975619,0.9788671731948853,-0.1991284191608429,-0.005782013759016991,0.19907714426517487,0.9799667596817017],"EasingStyle":"Linear","EasingDirection":"Out"},"Torso":{"Weight":1,"CFrame":[-0.04384787008166313,0.0473560094833374,-0.10579371452331543,0.9985429048538208,-0.04337618127465248,-0.032103199511766437,0.04550425708293915,0.9965900778770447,0.06883049756288529,0.029008127748966218,-0.07019104063510895,0.9971116781234741],"EasingStyle":"Linear","EasingDirection":"Out"},"HumanoidRootPart":{"Weight":0,"CFrame":[0,0,0,1,0,0,0,1,0,0,0,1],"EasingStyle":"Linear","EasingDirection":"In"},"LeftUpperArm":{"Weight":1,"CFrame":[-0.6055350303649902,-0.8059439063072205,-0.44757765531539919,-0.041105806827545169,-0.22847069799900056,-0.9726825952529907,-0.4438156485557556,-0.868019700050354,0.2226426899433136,-0.8951748609542847,0.44084349274635317,-0.06571797281503678],"EasingStyle":"Linear","EasingDirection":"Out"},"Right Arm":{"Weight":1,"CFrame":[0.4632739722728729,-0.47435155510902407,0.5742684602737427,0.3385581970214844,-0.2602243423461914,-0.9042462706565857,0.4328106641769409,-0.8102329969406128,0.3952178955078125,-0.8354958295822144,-0.5251721143722534,-0.16168324649333955],"EasingStyle":"Linear","EasingDirection":"Out"},"Left Arm":{"Weight":1,"CFrame":[-0.5635193586349487,-0.3146551251411438,0.5454469919204712,-0.06571801006793976,0.44084352254867556,0.8951748013496399,0.22264313697814942,-0.868019700050354,0.4438156485557556,0.9726824760437012,0.22847066819667817,-0.04110598564147949],"EasingStyle":"Linear","EasingDirection":"Out"},"LeftHand":{"Weight":1,"CFrame":[0.0005002766847610474,0.00010001659393310547,-1.862645149230957e-8,1,-3.3527612686157229e-8,9.685800961278801e-8,2.4214383387288764e-8,1,6.288785812103015e-7,-8.568166975919667e-8,-3.818422555923462e-8,1],"EasingStyle":"Linear","EasingDirection":"Out"},"RightUpperArm":{"Weight":1,"CFrame":[0.4361482858657837,-0.9504426717758179,-0.3948349356651306,-0.16168305277824403,-0.5251721739768982,0.8354954719543457,0.39521777629852297,-0.8102329969406128,-0.43281134963035586,0.9042463898658752,0.260224312543869,0.3385581374168396],"EasingStyle":"Linear","EasingDirection":"Out"}}},{"Time":0.13375000655651093,"poses":{"Left Leg":{"Weight":1,"CFrame":[-0.11004321277141571,0.02579277753829956,0.0812077522277832,0.9192407727241516,-0.21544687449932099,0.32951122522354128,0.2283279150724411,0.9735850691795349,-0.00039260133053176105,-0.3207222521305084,0.07559634000062943,0.9441515803337097],"EasingStyle":"Linear","EasingDirection":"Out"},"Right Leg":{"Weight":1,"CFrame":[0.4196346402168274,0.05375313758850098,-0.13160502910614015,0.9484845399856567,0.2897683382034302,0.12809908390045167,-0.3000456690788269,0.9513909220695496,0.06949859857559204,-0.10173343867063523,-0.10435355454683304,0.9893232583999634],"EasingStyle":"Linear","EasingDirection":"Out"},"Head":{"Weight":1,"CFrame":[-2.3283064365386964e-9,1.1920928955078126e-7,1.885928213596344e-8,0.9997220635414124,0.02337866649031639,0.003032836364582181,-0.022295575588941575,0.9794259071350098,-0.20056872069835664,-0.0076594664715230469,0.20044530928134919,0.9796749353408814],"EasingStyle":"Linear","EasingDirection":"Out"},"Torso":{"Weight":1,"CFrame":[-0.05723847076296806,0.04720394313335419,-0.08567404747009278,0.9993062615394592,-0.023285476490855218,-0.029065167531371118,0.025258608162403108,0.9972638487815857,0.06947565078735352,0.027367867529392244,-0.0701615959405899,0.9971601366996765],"EasingStyle":"Linear","EasingDirection":"Out"},"HumanoidRootPart":{"Weight":0,"CFrame":[0,0,0,1,0,0,0,1,0,0,0,1],"EasingStyle":"Linear","EasingDirection":"In"},"LeftUpperArm":{"Weight":1,"CFrame":[-0.551292896270752,-0.6876702904701233,-0.46485960483551028,-0.060486771166324618,-0.027998145669698716,-0.9977762699127197,-0.336237370967865,-0.9406149983406067,0.04677742347121239,-0.939832866191864,0.33831873536109927,0.047480516135692599],"EasingStyle":"Linear","EasingDirection":"Out"},"Right Arm":{"Weight":1,"CFrame":[0.4881032705307007,-0.417746365070343,0.5647701025009155,0.2921036183834076,-0.2842654585838318,-0.913163959980011,0.37747296690940859,-0.8430237174034119,0.38317766785621645,-0.8787432312965393,-0.4566226005554199,-0.13894771039485932],"EasingStyle":"Linear","EasingDirection":"Out"},"Left Arm":{"Weight":1,"CFrame":[-0.5538375973701477,-0.17728877067565919,0.5439293384552002,0.0474805124104023,0.33831876516342165,0.9398328065872192,0.046778060495853427,-0.9406149983406067,0.3362374007701874,0.997776210308075,0.027998019009828569,-0.060486964881420138],"EasingStyle":"Linear","EasingDirection":"Out"},"LeftHand":{"Weight":1,"CFrame":[0.0004999488592147827,0.00010013580322265625,-6.332993507385254e-8,1,1.210719435817964e-8,8.568208897941077e-8,4.6566128730773929e-9,1,6.761434292457125e-7,-9.313225746154785e-8,-4.284084198502569e-8,1],"EasingStyle":"Linear","EasingDirection":"Out"},"RightUpperArm":{"Weight":1,"CFrame":[0.4446784257888794,-0.9024617671966553,-0.4133414626121521,-0.1389475017786026,-0.4566226601600647,0.8787429928779602,0.3831775486469269,-0.8430237174034119,-0.37747353315353396,0.9131640195846558,0.2842653691768646,0.29210352897644045],"EasingStyle":"Linear","EasingDirection":"Out"}}},{"Time":0.1379166692495346,"poses":{"Left Leg":{"Weight":1,"CFrame":[-0.12431241571903229,0.022658884525299073,0.0776679515838623,0.9211056232452393,-0.2216659039258957,0.3200424313545227,0.23291486501693726,0.9724926352500916,0.0032258389983326198,-0.311953604221344,0.07157015800476074,0.9473977088928223],"EasingStyle":"Linear","EasingDirection":"Out"},"Right Leg":{"Weight":1,"CFrame":[0.40599894523620608,0.052813708782196048,-0.12253087759017945,0.9513936638832092,0.28321775794029238,0.12097874283790589,-0.29235926270484927,0.9540544748306274,0.06563635915517807,-0.09683053940534592,-0.09781491011381149,0.9904826879501343],"EasingStyle":"Linear","EasingDirection":"Out"},"Head":{"Weight":1,"CFrame":[-2.7939677238464357e-9,0,1.8044374883174897e-8,0.9997915625572205,0.020035766065120698,0.003931787796318531,-0.01883879117667675,0.9794592261314392,-0.20076052844524384,-0.007873418740928173,0.2006445825099945,0.9796324372291565],"EasingStyle":"Linear","EasingDirection":"Out"},"Torso":{"Weight":1,"CFrame":[-0.05909663438796997,0.04710504412651062,-0.08238577842712403,0.9993948340415955,-0.02002660371363163,-0.028441019356250764,0.021964481100440027,0.9973370432853699,0.0695444792509079,0.026972541585564615,-0.07012708485126496,0.9971733689308167],"EasingStyle":"Linear","EasingDirection":"Out"},"HumanoidRootPart":{"Weight":0,"CFrame":[0,0,0,1,0,0,0,1,0,0,0,1],"EasingStyle":"Linear","EasingDirection":"In"},"LeftUpperArm":{"Weight":1,"CFrame":[-0.545823335647583,-0.6714442372322083,-0.4666307866573334,-0.06601955741643906,-0.000006212852440512506,-0.9978183507919312,-0.3201664984226227,-0.9471243619918823,0.021189462393522264,-0.9450581073760986,0.3208666741847992,0.06252668797969818],"EasingStyle":"Linear","EasingDirection":"Out"},"Right Arm":{"Weight":1,"CFrame":[0.4920016825199127,-0.4031846523284912,0.5645102262496948,0.28474244475364687,-0.28526630997657778,-0.9151746034622192,0.3652040958404541,-0.850415050983429,0.3787083625793457,-0.8863112926483154,-0.4420603811740875,-0.13796882331371308],"EasingStyle":"Linear","EasingDirection":"Out"},"Left Arm":{"Weight":1,"CFrame":[-0.5510187745094299,-0.15935081243515016,0.5458217859268189,0.06252674013376236,0.32086676359176638,0.9450581073760986,0.021190017461776735,-0.9471243619918823,0.32016652822494509,0.9978182911872864,0.000006159767053759424,-0.06601975858211518],"EasingStyle":"Linear","EasingDirection":"Out"},"LeftHand":{"Weight":1,"CFrame":[0.0004999488592147827,0.0000997781753540039,1.9185245037078858e-7,1,2.444721980410236e-9,7.45061541351788e-8,2.176966518163681e-8,1,6.705554369546007e-7,-9.033828973770142e-8,-4.842878098543224e-8,1],"EasingStyle":"Linear","EasingDirection":"Out"},"RightUpperArm":{"Weight":1,"CFrame":[0.4482485055923462,-0.8898439407348633,-0.41697657108306887,-0.13796859979629517,-0.4420604407787323,0.8863109946250916,0.37870824337005618,-0.850415050983429,-0.3652048110961914,0.9151747226715088,0.28526628017425539,0.28474241495132449],"EasingStyle":"Linear","EasingDirection":"Out"}}},{"Time":0.17249999940395356,"poses":{"Left Leg":{"Weight":1,"CFrame":[-0.2489997297525406,-0.01158130168914795,0.05240452289581299,0.9386033415794373,-0.2715381383895874,0.2128121256828308,0.27264007925987246,0.9617986679077148,0.02475024200975895,-0.21140293776988984,0.034789688885211948,0.9767796397209168],"EasingStyle":"Linear","EasingDirection":"Out"},"Right Leg":{"Weight":1,"CFrame":[0.30182740092277529,0.03598058223724365,-0.06899803876876831,0.9704150557518005,0.22959066927433015,0.07470660656690598,-0.23273088037967683,0.971864640712738,0.03629253804683685,-0.06427209079265595,-0.052605122327804568,0.9965448975563049],"EasingStyle":"Linear","EasingDirection":"Out"},"Head":{"Weight":1,"CFrame":[-3.6088749766349794e-9,-7.152557373046875e-7,1.792795956134796e-8,0.9998928308486939,-0.009147669188678265,0.011432446539402008,0.011271956376731396,0.9792580604553223,-0.20230309665203095,-0.00934471283107996,0.20241029560565949,0.9792562127113342],"EasingStyle":"Linear","EasingDirection":"Out"},"Torso":{"Weight":1,"CFrame":[-0.07448423653841019,0.04554024338722229,-0.0529634952545166,0.9997085332870483,0.010816617868840695,-0.021584402769804,-0.009287483990192414,0.99752277135849,0.06972838938236237,0.022285159677267076,-0.06950759887695313,0.9973324537277222],"EasingStyle":"Linear","EasingDirection":"Out"},"HumanoidRootPart":{"Weight":0,"CFrame":[0,0,0,1,0,0,0,1,0,0,0,1],"EasingStyle":"Linear","EasingDirection":"In"},"LeftUpperArm":{"Weight":1,"CFrame":[-0.5154818296432495,-0.583071768283844,-0.4671827554702759,-0.13201753795146943,0.1974361091852188,-0.9713858366012573,-0.22353482246398927,-0.9606501460075378,-0.1648743599653244,-0.9657140374183655,0.19537203013896943,0.1709561049938202],"EasingStyle":"Linear","EasingDirection":"Out"},"Right Arm":{"Weight":1,"CFrame":[0.526252269744873,-0.26532742381095889,0.5670881271362305,0.2123817503452301,-0.28788822889328005,-0.9338170289993286,0.22528928518295289,-0.9154486656188965,0.3334641754627228,-0.9508621096611023,-0.2812012732028961,-0.12956632673740388],"EasingStyle":"Linear","EasingDirection":"Out"},"Left Arm":{"Weight":1,"CFrame":[-0.5185657739639282,-0.0674206018447876,0.567407488822937,0.17095617949962617,0.1953720599412918,0.9657139778137207,-0.16487374901771546,-0.9606501460075378,0.2235349416732788,0.9713859558105469,-0.19743622839450837,-0.13201776146888734],"EasingStyle":"Linear","EasingDirection":"Out"},"LeftHand":{"Weight":1,"CFrame":[0.000500015914440155,0.00010031461715698242,-5.774199962615967e-8,1,-9.313225746154785e-9,9.49953573581297e-8,-3.7252898543727044e-9,1,6.798687195441744e-7,-1.0058282384761697e-7,-3.166496753692627e-8,1],"EasingStyle":"Linear","EasingDirection":"Out"},"RightUpperArm":{"Weight":1,"CFrame":[0.49313223361968996,-0.7690907716751099,-0.45053765177726748,-0.12956608831882478,-0.2812013626098633,0.950861930847168,0.333464115858078,-0.9154486060142517,-0.2252899706363678,0.9338170886039734,0.28788819909095766,0.21238170564174653],"EasingStyle":"Linear","EasingDirection":"Out"}}},{"Time":0.2070833295583725,"poses":{"Left Leg":{"Weight":1,"CFrame":[-0.42576590180397036,0.05240786075592041,0.0021272897720336916,0.9427998065948486,-0.333285391330719,0.006850535981357098,0.3328053951263428,0.9422198534011841,0.03827187418937683,-0.01921030879020691,-0.03380290046334267,0.9992438554763794],"EasingStyle":"Linear","EasingDirection":"Out"},"Right Leg":{"Weight":1,"CFrame":[0.22603099048137666,0.0113450288772583,-0.040638744831085208,0.9813407063484192,0.1863885074853897,0.047206245362758639,-0.18705180287361146,0.9823005795478821,0.00992673821747303,-0.04452042281627655,-0.018571361899375917,0.9988358616828919],"EasingStyle":"Linear","EasingDirection":"Out"},"Head":{"Weight":1,"CFrame":[9.313225746154786e-10,-2.384185791015625e-7,-2.7939677238464357e-9,0.9990928173065186,-0.03835836052894592,0.018496492877602578,0.04132510721683502,0.9781755805015564,-0.20362894237041474,-0.01028195209801197,0.20420856773853303,0.9788733720779419],"EasingStyle":"Linear","EasingDirection":"Out"},"Torso":{"Weight":1,"CFrame":[-0.08777666091918946,0.04293601214885712,-0.02781391143798828,0.9989516735076904,0.043964315205812457,-0.012754072435200215,-0.042983558028936389,0.9966890215873718,0.06901738047599793,0.01574614644050598,-0.06839680671691895,0.997533917427063],"EasingStyle":"Linear","EasingDirection":"Out"},"HumanoidRootPart":{"Weight":0,"CFrame":[0,0,0,1,0,0,0,1,0,0,0,1],"EasingStyle":"Linear","EasingDirection":"In"},"LeftUpperArm":{"Weight":1,"CFrame":[-0.5020428895950317,-0.6104796528816223,-0.44761693477630618,-0.202100470662117,0.3229437470436096,-0.9245879054069519,-0.21696339547634126,-0.9353747367858887,-0.27928659319877627,-0.9550299644470215,0.14415758848190309,0.2591065466403961],"EasingStyle":"Linear","EasingDirection":"Out"},"Right Arm":{"Weight":1,"CFrame":[0.555616021156311,-0.19808846712112428,0.5772237777709961,0.11692885309457779,-0.31173479557037356,-0.9429469108581543,0.052103009074926379,-0.9462268948554993,0.31928035616874697,-0.9917725920677185,-0.08646417409181595,-0.09439892321825028],"EasingStyle":"Linear","EasingDirection":"Out"},"Left Arm":{"Weight":1,"CFrame":[-0.48553043603897097,-0.1014767587184906,0.5869771242141724,0.25910666584968569,0.14415763318538667,0.9550299048423767,-0.27928608655929568,-0.9353747367858887,0.2169635146856308,0.9245880246162415,-0.3229438066482544,-0.20210064947605134],"EasingStyle":"Linear","EasingDirection":"Out"},"LeftHand":{"Weight":1,"CFrame":[0.0005000531673431397,0.00010001659393310547,-1.695007085800171e-7,1,-1.862645149230957e-8,1.00583321227532e-7,1.862645326866641e-8,1,6.500662834696414e-7,-1.1175871605928478e-7,1.30385160446167e-8,1],"EasingStyle":"Linear","EasingDirection":"Out"},"RightUpperArm":{"Weight":1,"CFrame":[0.5544835329055786,-0.7099458575248718,-0.47362980246543887,-0.09439866989850998,-0.08646424114704132,0.9917725920677185,0.31928032636642458,-0.946226954460144,-0.05210375785827637,0.9429469704627991,0.31173470616340639,0.1169288381934166],"EasingStyle":"Linear","EasingDirection":"Out"}}},{"Time":0.23499999940395356,"poses":{"Left Leg":{"Weight":1,"CFrame":[-0.5135640501976013,0.1299433708190918,-0.041426122188568118,0.9237131476402283,-0.37128496170043948,-0.09433450549840927,0.3770689368247986,0.924680233001709,0.05280188471078873,0.06762440502643585,-0.08434422314167023,0.9941393136978149],"EasingStyle":"Linear","EasingDirection":"Out"},"Right Leg":{"Weight":1,"CFrame":[0.19544847309589387,-0.007544755935668945,-0.02112889289855957,0.9854438900947571,0.16675859689712525,0.0330265574157238,-0.16642063856124879,0.9859716892242432,-0.01285449881106615,-0.034706853330135348,0.007171213161200285,0.9993718266487122],"EasingStyle":"Linear","EasingDirection":"Out"},"Head":{"Weight":1,"CFrame":[3.259629011154175e-9,4.76837158203125e-7,3.725290298461914e-8,0.9978932738304138,-0.060422297567129138,0.023626457899808885,0.06398524343967438,0.976773738861084,-0.20449678599834443,-0.010721527971327305,0.20557768642902375,0.9785820841789246],"EasingStyle":"Linear","EasingDirection":"Out"},"Torso":{"Weight":1,"CFrame":[-0.09549973905086518,0.040395498275756839,-0.017628192901611329,0.9976057410240173,0.06897728890180588,-0.004990142770111561,-0.06848305463790894,0.9953539967536926,0.06767933070659638,0.009635296650230885,-0.06717554479837418,0.9976946711540222],"EasingStyle":"Linear","EasingDirection":"Out"},"HumanoidRootPart":{"Weight":0,"CFrame":[0,0,0,1,0,0,0,1,0,0,0,1],"EasingStyle":"Linear","EasingDirection":"In"},"LeftUpperArm":{"Weight":1,"CFrame":[-0.49715864658355715,-0.6801241636276245,-0.426530659198761,-0.24858087301254273,0.4028976559638977,-0.8808411359786987,-0.245270773768425,-0.9059302806854248,-0.34515583515167239,-0.9370431303977966,0.130245178937912,0.3240159749984741],"EasingStyle":"Linear","EasingDirection":"Out"},"Right Arm":{"Weight":1,"CFrame":[0.5716342926025391,-0.23174086213111878,0.592403769493103,0.008446660824120045,-0.36424627900123598,-0.9312642812728882,-0.07229022681713104,-0.9290832877159119,0.36273765563964846,-0.997347891330719,0.06425666064023972,-0.034179072827100757],"EasingStyle":"Linear","EasingDirection":"Out"},"Left Arm":{"Weight":1,"CFrame":[-0.4607851505279541,-0.17886501550674439,0.6031206846237183,0.32401612401008608,0.13024522364139558,0.9370430111885071,-0.34515535831451418,-0.90593022108078,0.24527090787887574,0.8808412551879883,-0.4028977155685425,-0.24858105182647706],"EasingStyle":"Linear","EasingDirection":"Out"},"LeftHand":{"Weight":1,"CFrame":[0.0004999637603759766,0.00009971857070922852,3.4458935260772708e-8,1,-7.450580596923828e-9,8.195677736466678e-8,0,1,6.984952847233217e-7,-1.043081283569336e-7,-3.5390257835388186e-8,1],"EasingStyle":"Linear","EasingDirection":"Out"},"RightUpperArm":{"Weight":1,"CFrame":[0.60930335521698,-0.7390894889831543,-0.4758375585079193,-0.03417881950736046,0.06425659358501435,0.9973479509353638,0.3627377152442932,-0.9290832877159119,0.07228947430849076,0.9312642812728882,0.3642462193965912,0.008446664549410344],"EasingStyle":"Linear","EasingDirection":"Out"}}},{"Time":0.24124999344348908,"poses":{"Left Leg":{"Weight":1,"CFrame":[-0.517013430595398,0.135015606880188,-0.044597327709198,0.922014594078064,-0.3752363622188568,-0.0953112542629242,0.3814360201358795,0.9225970506668091,0.05765308439731598,0.06630001962184906,-0.08951189368963242,0.9937765598297119],"EasingStyle":"Linear","EasingDirection":"Out"},"Right Leg":{"Weight":1,"CFrame":[0.19328463077545167,-0.011275053024291993,-0.015764594078063966,0.9858468770980835,0.1648882031440735,0.030275436118245126,-0.16438041627407075,0.98622065782547,-0.018684733659029008,-0.03293920308351517,0.013443703763186932,0.9993669390678406],"EasingStyle":"Linear","EasingDirection":"Out"},"Head":{"Weight":1,"CFrame":[-1.862645149230957e-9,2.384185791015625e-7,2.1886080503463746e-8,0.9975674748420715,-0.06517951190471649,0.02471311390399933,0.06886717677116394,0.9764055013656616,-0.2046695351600647,-0.010789756663143635,0.20587357878684998,0.978519082069397],"EasingStyle":"Linear","EasingDirection":"Out"},"Torso":{"Weight":1,"CFrame":[-0.09675917029380799,0.03979063034057617,-0.017219066619873048,0.9972370862960815,0.07421629130840302,-0.003189997049048543,-0.07383455336093903,0.9949990510940552,0.06727050244808197,0.008166611194610596,-0.06684910506010056,0.9977296590805054],"EasingStyle":"Linear","EasingDirection":"Out"},"HumanoidRootPart":{"Weight":0,"CFrame":[0,0,0,1,0,0,0,1,0,0,0,1],"EasingStyle":"Linear","EasingDirection":"In"},"LeftUpperArm":{"Weight":1,"CFrame":[-0.4963315725326538,-0.6991555690765381,-0.4214664101600647,-0.25723758339881899,0.41913023591041567,-0.8707230091094971,-0.25461551547050478,-0.8986026644706726,-0.35732945799827578,-0.9322015643119812,0.1297808289527893,0.3378714621067047],"EasingStyle":"Linear","EasingDirection":"Out"},"Right Arm":{"Weight":1,"CFrame":[0.5739267468452454,-0.24448040127754212,0.5963717699050903,-0.01969883218407631,-0.3776436448097229,-0.9257413744926453,-0.09625166654586792,-0.9209041595458984,0.37771862745285036,-0.9951620697975159,0.09654407203197479,-0.018207820132374765],"EasingStyle":"Linear","EasingDirection":"Out"},"Left Arm":{"Weight":1,"CFrame":[-0.4555988311767578,-0.19982323050498963,0.6065629720687866,0.33787158131599429,0.1297808736562729,0.9322015047073364,-0.35732895135879519,-0.8986025452613831,0.2546156644821167,0.8707231283187866,-0.41913047432899477,-0.2572377026081085],"EasingStyle":"Linear","EasingDirection":"Out"},"LeftHand":{"Weight":1,"CFrame":[0.0004999786615371704,0.0001004338264465332,1.3783574104309083e-7,1,1.4901162970204497e-8,1.1175923475548189e-7,0,1,7.003578730291338e-7,-5.960464477539063e-8,-3.9115551686563779e-8,1],"EasingStyle":"Linear","EasingDirection":"Out"},"RightUpperArm":{"Weight":1,"CFrame":[0.6217626333236694,-0.7496783137321472,-0.4746065139770508,-0.01820756308734417,0.09654397517442703,0.9951621294021606,0.37771859765052798,-0.9209042191505432,0.09625091403722763,0.9257413744926453,0.3776436448097229,-0.01969883404672146],"EasingStyle":"Linear","EasingDirection":"Out"}}},{"Time":0.2758333384990692,"poses":{"Left Leg":{"Weight":1,"CFrame":[-0.4899198114871979,0.10649913549423218,-0.03527343273162842,0.9280561804771423,-0.3680323660373688,-0.057108074426651,0.37135225534439089,0.9261152148246765,0.06641267985105515,0.02844633162021637,-0.08284179121255875,0.996156632900238],"EasingStyle":"Linear","EasingDirection":"Out"},"Right Leg":{"Weight":1,"CFrame":[0.19985753297805787,-0.02079010009765625,0.022840261459350587,0.986213743686676,0.16454799473285676,0.01746966689825058,-0.16341173648834229,0.9850919246673584,-0.053774844855070117,-0.026057947427034379,0.050178833305835727,0.9984002709388733],"EasingStyle":"Linear","EasingDirection":"Out"},"Head":{"Weight":1,"CFrame":[-8.614733815193177e-9,3.5762786865234377e-7,2.7939677238464357e-9,0.9957466721534729,-0.08722694218158722,0.029666021466255189,0.09147593379020691,0.9743925333023071,-0.20540526509284974,-0.010989447124302388,0.20724530518054963,0.9782272577285767],"EasingStyle":"Linear","EasingDirection":"Out"},"Torso":{"Weight":1,"CFrame":[-0.09916284680366516,0.036772534251213077,-0.03143167495727539,0.9952152371406555,0.09752707183361054,0.005922006443142891,-0.09770583361387253,0.9931219220161438,0.06451699137687683,0.00041088004945777357,-0.06478691101074219,0.997899055480957],"EasingStyle":"Linear","EasingDirection":"Out"},"HumanoidRootPart":{"Weight":0,"CFrame":[0,0,0,1,0,0,0,1,0,0,0,1],"EasingStyle":"Linear","EasingDirection":"In"},"LeftUpperArm":{"Weight":1,"CFrame":[-0.4917343854904175,-0.7980556488037109,-0.3967903256416321,-0.2863805592060089,0.4918575584888458,-0.8222301602363586,-0.3118223547935486,-0.8593001365661621,-0.40542614459991457,-0.9059541821479797,0.140283465385437,0.3994586765766144],"EasingStyle":"Linear","EasingDirection":"Out"},"Right Arm":{"Weight":1,"CFrame":[0.5750765204429627,-0.32058608531951907,0.6181557178497315,-0.15769140422344209,-0.43695566058158877,-0.8855524063110352,-0.1843482255935669,-0.8679811954498291,0.4611125588417053,-0.9701284170150757,0.23596280813217164,0.05632134899497032],"EasingStyle":"Linear","EasingDirection":"Out"},"Left Arm":{"Weight":1,"CFrame":[-0.43368488550186159,-0.3090597987174988,0.6210929155349731,0.3994588255882263,0.1402834951877594,0.9059540629386902,-0.4054255187511444,-0.8593000173568726,0.3118225634098053,0.8222303986549377,-0.4918576776981354,-0.28638070821762087],"EasingStyle":"Linear","EasingDirection":"Out"},"LeftHand":{"Weight":1,"CFrame":[0.0005000382661819458,0.00009948015213012695,1.4901161193847657e-7,1,0,1.6391354051847885e-7,1.4901161193847657e-8,1,6.742806704096438e-7,-5.21540641784668e-8,-6.332993507385254e-8,1],"EasingStyle":"Linear","EasingDirection":"Out"},"RightUpperArm":{"Weight":1,"CFrame":[0.6802139282226563,-0.8118646740913391,-0.46015727519989016,0.05632162094116211,0.23596273362636567,0.9701285362243652,0.4611126184463501,-0.8679811954498291,0.18434754014015199,0.8855524063110352,0.43695563077926638,-0.1576913744211197],"EasingStyle":"Linear","EasingDirection":"Out"}}},{"Time":0.31041666865348818,"poses":{"Left Leg":{"Weight":1,"CFrame":[-0.45185884833335879,0.05724334716796875,-0.01539522409439087,0.9379742741584778,-0.3466668128967285,0.0049000089056789879,0.34577426314353945,0.9363992810249329,0.0599912665784359,-0.02538556605577469,-0.054576050490140918,0.9981868863105774],"EasingStyle":"Linear","EasingDirection":"Out"},"Right Leg":{"Weight":1,"CFrame":[0.2325991839170456,-0.013657927513122559,0.07959127426147461,0.9839827418327332,0.1781567931175232,0.006068937014788389,-0.17678004503250123,0.9796113967895508,-0.09545488655567169,-0.022951483726501466,0.09285318106412888,0.9954152703285217],"EasingStyle":"Linear","EasingDirection":"Out"},"Head":{"Weight":1,"CFrame":[-1.6763806343078614e-8,-1.1920928955078126e-7,7.450580596923828e-9,0.9942227005958557,-0.10215777158737183,0.03293944522738457,0.10677047073841095,0.9727424383163452,-0.2058452069759369,-0.011012908071279526,0.20817291736602784,0.9780300259590149],"EasingStyle":"Linear","EasingDirection":"Out"},"Torso":{"Weight":1,"CFrame":[-0.095801442861557,0.034452810883522037,-0.07259988784790039,0.9935648441314697,0.1124553307890892,0.013518563471734524,-0.1130748838186264,0.9917189478874207,0.060890503227710727,-0.006559155415743589,-0.06202727183699608,0.9980528950691223],"EasingStyle":"Linear","EasingDirection":"Out"},"HumanoidRootPart":{"Weight":0,"CFrame":[0,0,0,1,0,0,0,1,0,0,0,1],"EasingStyle":"Linear","EasingDirection":"In"},"LeftUpperArm":{"Weight":1,"CFrame":[-0.4821913242340088,-0.855566680431366,-0.3836135268211365,-0.27958935499191286,0.5426907539367676,-0.7920331954956055,-0.3627757728099823,-0.8234907388687134,-0.4361845552921295,-0.8889451622962952,0.16537772119045258,0.4271140694618225],"EasingStyle":"Linear","EasingDirection":"Out"},"Right Arm":{"Weight":1,"CFrame":[0.5693066716194153,-0.36768049001693728,0.6297082901000977,-0.21983002126216889,-0.46016132831573489,-0.86018967628479,-0.2105095237493515,-0.8386094570159912,0.5024145841598511,-0.9525547027587891,0.2915230989456177,0.08748313039541245],"EasingStyle":"Linear","EasingDirection":"Out"},"Left Arm":{"Weight":1,"CFrame":[-0.42710787057876589,-0.3759889006614685,0.6249189376831055,0.42711424827575686,0.16537773609161378,0.8889451026916504,-0.43618401885032656,-0.8234906792640686,0.36277592182159426,0.7920334339141846,-0.5426908135414124,-0.27958944439888],"EasingStyle":"Linear","EasingDirection":"Out"},"LeftHand":{"Weight":1,"CFrame":[0.0004999935626983643,0.00009965896606445313,7.450580596923828e-9,1,-2.9802318834981635e-8,1.3411107602223638e-7,2.2351740014414646e-8,1,6.333023065963062e-7,-8.940696005765858e-8,-5.5879347371501356e-8,1],"EasingStyle":"Linear","EasingDirection":"Out"},"RightUpperArm":{"Weight":1,"CFrame":[0.7063788175582886,-0.8512347936630249,-0.4482842683792114,0.08748340606689453,0.2915230393409729,0.9525548815727234,0.5024145841598511,-0.838609516620636,0.210508793592453,0.86018967628479,0.4601612091064453,-0.21982994675636292],"EasingStyle":"Linear","EasingDirection":"Out"}}},{"Time":0.3449999988079071,"poses":{"Left Leg":{"Weight":1,"CFrame":[-0.4651503562927246,0.04111838340759277,-0.014783620834350586,0.9359170794487,-0.35013777017593386,0.03821573406457901,0.3471432328224182,0.9353376030921936,0.06809926778078079,-0.05958893895149231,-0.05046915262937546,0.9969463348388672],"EasingStyle":"Linear","EasingDirection":"Out"},"Right Leg":{"Weight":1,"CFrame":[0.2866584062576294,-0.02498805522918701,0.15054452419281007,0.9785176515579224,0.20602375268936158,-0.007481731474399567,-0.20486420392990113,0.9676457643508911,-0.14728815853595735,-0.023105710744857789,0.14565689861774445,0.9890653491020203],"EasingStyle":"Linear","EasingDirection":"Out"},"Head":{"Weight":1,"CFrame":[-2.7939677238464357e-9,0,1.5832483768463136e-8,0.9936029314994812,-0.10765186697244644,0.03412134572863579,0.11239374428987503,0.9720768332481384,-0.2059959322214126