{"Sequence":[{"Time":0,"poses":{"Left Leg":{"Weight":1,"CFrame":[0.32006311416625979,0.35346752405166628,0.141021728515625,0.3508688509464264,0.4956161677837372,0.7945160269737244,-0.5314493179321289,0.8039707541465759,-0.2668190002441406,-0.7710075974464417,-0.3286270499229431,0.5454832315444946],"EasingStyle":"Linear","EasingDirection":"In"},"Right Arm":{"Weight":1,"CFrame":[0.15491580963134767,-0.2732182741165161,-0.013579130172729493,0.606291651725769,-0.03690492734313011,-0.7943856716156006,0.46259835362434389,0.8288888335227966,0.31455671787261965,0.6468487977981567,-0.5581948161125183,0.5196204781532288],"EasingStyle":"Linear","EasingDirection":"In"},"Left Arm":{"Weight":1,"CFrame":[-0.1549157202243805,-0.2732181251049042,-0.013579070568084717,0.6062915325164795,0.03690477833151817,0.7943856716156006,-0.4625980854034424,0.8288888931274414,0.3145567774772644,-0.6468489766120911,-0.558194637298584,0.5196204781532288],"EasingStyle":"Linear","EasingDirection":"In"},"Head":{"Weight":1,"CFrame":[8.940696716308594e-8,2.2351741790771486e-8,-2.384185791015625e-7,0.9918988943099976,0.10812830179929733,-0.06667131930589676,-0.1055280938744545,0.9935554265975952,0.04137103632092476,0.07071500271558762,-0.03400018438696861,0.9969170093536377],"EasingStyle":"Linear","EasingDirection":"In"},"Torso":{"Weight":1,"CFrame":[-0.3241889476776123,-0.13460654020309449,-0.5985548496246338,0.9116935729980469,-0.3823431134223938,0.15042804181575776,0.4075706899166107,0.887888491153717,-0.21340151131153108,-0.051970720291137698,0.2558668255805969,0.9653141498565674],"EasingStyle":"Linear","EasingDirection":"In"},"HumanoidRootPart":{"Weight":0,"CFrame":[0,0,0,1,0,0,0,1,0,0,0,1],"EasingStyle":"Linear","EasingDirection":"In"},"Right Leg":{"Weight":1,"CFrame":[0.9643335342407227,0.5814432501792908,-0.4330936074256897,0.8876588344573975,0.16724035143852235,0.42906007170677187,-0.2010623961687088,0.9789749979972839,0.03437885269522667,-0.4142894446849823,-0.11678437143564224,0.9026214480400086],"EasingStyle":"Linear","EasingDirection":"In"}}},{"Time":0.017083333805203439,"poses":{"Left Leg":{"Weight":1,"CFrame":[0.31762993335723879,0.3213205337524414,0.1288543939590454,0.35152706503868105,0.4951615035533905,0.7945085167884827,-0.5303723812103272,0.8046756982803345,-0.2668370306491852,-0.7714492082595825,-0.327585369348526,0.5454853177070618],"EasingStyle":"Linear","EasingDirection":"In"},"Right Arm":{"Weight":1,"CFrame":[0.1549157202243805,-0.27321794629096987,-0.013579189777374268,0.606291651725769,-0.03748127073049545,-0.7943588495254517,0.46259835362434389,0.8291168212890625,0.31395527720451357,0.6468487977981567,-0.5578176379203796,0.5200252532958984],"EasingStyle":"Linear","EasingDirection":"In"},"Left Arm":{"Weight":1,"CFrame":[-0.1550547182559967,-0.27374303340911868,-0.013607323169708252,0.6062915325164795,0.03748112544417381,0.7943587303161621,-0.4625980854034424,0.8291168808937073,0.31395530700683596,-0.6468489766120911,-0.5578175187110901,0.5200253129005432],"EasingStyle":"Linear","EasingDirection":"In"},"Head":{"Weight":1,"CFrame":[1.4901161193847657e-7,1.0803341865539551e-7,1.1920928955078126e-7,0.9918915033340454,0.10823681950569153,-0.06660351902246475,-0.10569000989198685,0.9935678839683533,0.0406520701944828,0.07057515531778336,-0.03328314051032066,0.9969511032104492],"EasingStyle":"Linear","EasingDirection":"In"},"Torso":{"Weight":1,"CFrame":[-0.30675721168518069,-0.13460654020309449,-0.566554069519043,0.9116935729980469,-0.3823431134223938,0.15042804181575776,0.4075706899166107,0.887888491153717,-0.21340151131153108,-0.051970720291137698,0.2558668255805969,0.9653141498565674],"EasingStyle":"Linear","EasingDirection":"In"},"HumanoidRootPart":{"Weight":0,"CFrame":[0,0,0,1,0,0,0,1,0,0,0,1],"EasingStyle":"Linear","EasingDirection":"In"},"Right Leg":{"Weight":1,"CFrame":[0.9288076162338257,0.5576156973838806,-0.4152591824531555,0.8921211957931519,0.14910553395748139,0.42648249864578249,-0.1838550716638565,0.9820880889892578,0.04123533144593239,-0.41269493103027346,-0.1151977926492691,0.9035553932189941],"EasingStyle":"Linear","EasingDirection":"In"}}},{"Time":0.03375000134110451,"poses":{"Left Leg":{"Weight":1,"CFrame":[0.3166942596435547,0.2894397974014282,0.11463212966918946,0.3512030243873596,0.4954022765159607,0.794501781463623,-0.5308917164802551,0.8043278455734253,-0.26685288548469546,-0.7712395191192627,-0.32807525992393496,0.5454874038696289],"EasingStyle":"Linear","EasingDirection":"In"},"Right Arm":{"Weight":1,"CFrame":[0.15491580963134767,-0.27321797609329226,-0.013579189777374268,0.6062915325164795,-0.03921027109026909,-0.7942754030227661,0.4625982940196991,0.82979816198349,0.3121498227119446,0.6468488574028015,-0.5566844940185547,0.5212381482124329],"EasingStyle":"Linear","EasingDirection":"In"},"Left Arm":{"Weight":1,"CFrame":[-0.15547241270542146,-0.2753186821937561,-0.013692140579223633,0.6062914729118347,0.039210107177495959,0.7942752838134766,-0.4625980854034424,0.8297982811927795,0.31214991211891177,-0.6468490958213806,-0.5566843152046204,0.5212382078170776],"EasingStyle":"Linear","EasingDirection":"In"},"Head":{"Weight":1,"CFrame":[1.043081283569336e-7,2.2351741790771486e-8,1.1920928955078126e-7,0.9918695688247681,0.10856273770332337,-0.06640057265758515,-0.10617532581090927,0.9936020374298096,0.03849492222070694,0.07015486806631088,-0.031131833791732789,0.9970502257347107],"EasingStyle":"Linear","EasingDirection":"In"},"Torso":{"Weight":1,"CFrame":[-0.2905275821685791,-0.13460654020309449,-0.5367603302001953,0.9116935729980469,-0.3823431134223938,0.15042804181575776,0.4075706899166107,0.887888491153717,-0.21340151131153108,-0.051970720291137698,0.2558668255805969,0.9653141498565674],"EasingStyle":"Linear","EasingDirection":"In"},"HumanoidRootPart":{"Weight":0,"CFrame":[0,0,0,1,0,0,0,1,0,0,0,1],"EasingStyle":"Linear","EasingDirection":"In"},"Right Leg":{"Weight":1,"CFrame":[0.8924521803855896,0.5352859497070313,-0.39697593450546267,0.896136999130249,0.13053852319717408,0.42414426803588869,-0.16591764986515046,0.9849998354911804,0.04740014672279358,-0.411594420671463,-0.11284995824098587,0.9043532609939575],"EasingStyle":"Linear","EasingDirection":"In"}}},{"Time":0.050833333283662799,"poses":{"Left Leg":{"Weight":1,"CFrame":[0.317184180021286,0.25779086351394656,0.09844470024108887,0.34990987181663515,0.4963260293006897,0.7944958806037903,-0.5329810380935669,0.8029401898384094,-0.2668672204017639,-0.7703858017921448,-0.33007195591926577,0.5454890727996826],"EasingStyle":"Linear","EasingDirection":"In"},"Right Arm":{"Weight":1,"CFrame":[0.15491577982902528,-0.2732178568840027,-0.013579189777374268,0.6062917113304138,-0.04209171608090401,-0.7941277027130127,0.4625982940196991,0.8309252858161926,0.30913716554641726,0.646848738193512,-0.5547896027565002,0.5232546329498291],"EasingStyle":"Linear","EasingDirection":"In"},"Left Arm":{"Weight":1,"CFrame":[-0.15616843104362489,-0.2779441475868225,-0.013833582401275635,0.6062915921211243,0.042091574519872668,0.7941277027130127,-0.46259805560112,0.8309253454208374,0.3091371953487396,-0.6468489170074463,-0.5547894835472107,0.5232545733451843],"EasingStyle":"Linear","EasingDirection":"In"},"Head":{"Weight":1,"CFrame":[1.1920928955078126e-7,-1.1175870895385743e-8,1.1920928955078126e-7,0.9918323755264282,0.10910690575838089,-0.06606390327215195,-0.10698215663433075,0.9936483502388,0.03489863499999046,0.0694519653916359,-0.02754591405391693,0.9972050189971924],"EasingStyle":"Linear","EasingDirection":"In"},"Torso":{"Weight":1,"CFrame":[-0.27550017833709719,-0.13460654020309449,-0.5091733932495117,0.9116935729980469,-0.3823431134223938,0.15042804181575776,0.4075706899166107,0.887888491153717,-0.21340151131153108,-0.051970720291137698,0.2558668255805969,0.9653141498565674],"EasingStyle":"Linear","EasingDirection":"In"},"HumanoidRootPart":{"Weight":0,"CFrame":[0,0,0,1,0,0,0,1,0,0,0,1],"EasingStyle":"Linear","EasingDirection":"In"},"Right Leg":{"Weight":1,"CFrame":[0.8556878566741943,0.5144639015197754,-0.37849968671798708,0.8996664881706238,0.11176029592752457,0.4220307767391205,-0.14751775562763215,0.9876421689987183,0.052928779274225238,-0.41089996695518496,-0.10987510532140732,0.905035138130188],"EasingStyle":"Linear","EasingDirection":"In"}}},{"Time":0.06791666895151138,"poses":{"Left Leg":{"Weight":1,"CFrame":[0.31893712282180788,0.22673410177230836,0.08070504665374756,0.3477907180786133,0.4978218674659729,0.7944904565811157,-0.5363934636116028,0.800660252571106,-0.2668800354003906,-0.7689757943153381,-0.3333415687084198,0.5454906225204468],"EasingStyle":"Linear","EasingDirection":"In"},"Right Arm":{"Weight":1,"CFrame":[0.15491580963134767,-0.2732183635234833,-0.013579189777374268,0.606291651725769,-0.04612557962536812,-0.793903648853302,0.4625982940196991,0.8324850797653198,0.30491188168525698,0.6468487977981567,-0.5521242022514343,0.526066243648529],"EasingStyle":"Linear","EasingDirection":"In"},"Left Arm":{"Weight":1,"CFrame":[-0.15714284777641297,-0.28162091970443728,-0.014031469821929932,0.6062915325164795,0.04612540826201439,0.793903648853302,-0.46259811520576479,0.8324851989746094,0.30491188168525698,-0.6468489766120911,-0.5521240234375,0.5260663628578186],"EasingStyle":"Linear","EasingDirection":"In"},"Head":{"Weight":1,"CFrame":[8.940696716308594e-8,7.450580596923828e-9,-3.5762786865234377e-7,0.991779088973999,0.10987082868814469,-0.06559572368860245,-0.1081075519323349,0.9936906695365906,0.02986173890531063,0.0684627890586853,-0.022524859756231309,0.9973993897438049],"EasingStyle":"Linear","EasingDirection":"In"},"Torso":{"Weight":1,"CFrame":[-0.26167500019073489,-0.13460654020309449,-0.4837934970855713,0.9116935729980469,-0.3823431134223938,0.15042804181575776,0.4075706899166107,0.887888491153717,-0.21340151131153108,-0.051970720291137698,0.2558668255805969,0.9653141498565674],"EasingStyle":"Linear","EasingDirection":"In"},"HumanoidRootPart":{"Weight":0,"CFrame":[0,0,0,1,0,0,0,1,0,0,0,1],"EasingStyle":"Linear","EasingDirection":"In"},"Right Leg":{"Weight":1,"CFrame":[0.8186744451522827,0.4950065016746521,-0.35994142293930056,0.902701735496521,0.09285122901201248,0.42012903094291689,-0.12876227498054505,0.9899857044219971,0.05786905065178871,-0.4105483889579773,-0.10633503645658493,0.905617356300354],"EasingStyle":"Linear","EasingDirection":"In"}}},{"Time":0.0845833346247673,"poses":{"Left Leg":{"Weight":1,"CFrame":[0.3218729496002197,0.1961822509765625,0.061487674713134769,0.3448430299758911,0.4998759329319,0.7944856882095337,-0.5411098003387451,0.797476589679718,-0.2668914794921875,-0.766996443271637,-0.33786869049072268,0.5454919934272766],"EasingStyle":"Linear","EasingDirection":"In"},"Right Arm":{"Weight":1,"CFrame":[0.15491577982902528,-0.2732182741165161,-0.013579189777374268,0.6062917113304138,-0.051311150193214419,-0.7935853600502014,0.4625983238220215,0.8344593048095703,0.29946669936180117,0.646848738193512,-0.5486755967140198,0.5296621918678284],"EasingStyle":"Linear","EasingDirection":"In"},"Left Arm":{"Weight":1,"CFrame":[-0.1583956480026245,-0.28634724020957949,-0.014285862445831299,0.6062915325164795,0.05131099373102188,0.7935853600502014,-0.46259811520576479,0.8344593644142151,0.2994667589664459,-0.6468489766120911,-0.5486754179000855,0.5296621918678284],"EasingStyle":"Linear","EasingDirection":"In"},"Head":{"Weight":1,"CFrame":[1.043081283569336e-7,2.9802322387695315e-8,0,0.9917086958885193,0.11085657775402069,-0.06499934941530228,-0.10954735428094864,0.9937065839767456,0.023382486775517465,0.06718236953020096,-0.01606810837984085,0.997611403465271],"EasingStyle":"Linear","EasingDirection":"In"},"Torso":{"Weight":1,"CFrame":[-0.24905192852020265,-0.13460654020309449,-0.4606204032897949,0.9116935729980469,-0.3823431134223938,0.15042804181575776,0.4075706899166107,0.887888491153717,-0.21340151131153108,-0.051970720291137698,0.2558668255805969,0.9653141498565674],"EasingStyle":"Linear","EasingDirection":"In"},"HumanoidRootPart":{"Weight":0,"CFrame":[0,0,0,1,0,0,0,1,0,0,0,1],"EasingStyle":"Linear","EasingDirection":"In"},"Right Leg":{"Weight":1,"CFrame":[0.7819260358810425,0.476965069770813,-0.3415758013725281,0.905224084854126,0.07408188283443451,0.4184272885322571,-0.10996203869581223,0.9919837713241577,0.06226194277405739,-0.4104604423046112,-0.10237187892198563,0.9061136841773987],"EasingStyle":"Linear","EasingDirection":"In"}}},{"Time":0.10166666656732559,"poses":{"Left Leg":{"Weight":1,"CFrame":[0.32584670186042788,0.16630613803863526,0.04108738899230957,0.3411519229412079,0.5024088621139526,0.7944814562797546,-0.5469642281532288,0.7934693694114685,-0.266901433467865,-0.7644904851913452,-0.34349939227104189,0.5454932451248169],"EasingStyle":"Linear","EasingDirection":"In"},"Right Arm":{"Weight":1,"CFrame":[0.15491583943367005,-0.2732183337211609,-0.013579189777374268,0.6062915921211243,-0.05764761567115784,-0.7931504249572754,0.46259835362434389,0.836824357509613,0.2927926182746887,0.6468488574028015,-0.5444279313087463,0.5340272188186646],"EasingStyle":"Linear","EasingDirection":"In"},"Left Arm":{"Weight":1,"CFrame":[-0.1599268615245819,-0.2921241521835327,-0.014596879482269287,0.6062915325164795,0.057647429406642917,0.7931503057479858,-0.46259811520576479,0.8368244767189026,0.2927926778793335,-0.6468490362167358,-0.544427752494812,0.5340272188186646],"EasingStyle":"Linear","EasingDirection":"In"},"Head":{"Weight":1,"CFrame":[1.2665987014770509e-7,7.450580596923828e-9,-5.960464477539063e-8,0.9916195869445801,0.11206663399934769,-0.06427892297506333,-0.11129589378833771,0.9936670660972595,0.015459081158041954,0.06560428440570831,-0.008175565861165524,0.9978122711181641],"EasingStyle":"Linear","EasingDirection":"In"},"Torso":{"Weight":1,"CFrame":[-0.23763114213943482,-0.13460654020309449,-0.4396543502807617,0.9116935729980469,-0.3823431134223938,0.15042804181575776,0.4075706899166107,0.887888491153717,-0.21340151131153108,-0.051970720291137698,0.2558668255805969,0.9653141498565674],"EasingStyle":"Linear","EasingDirection":"In"},"HumanoidRootPart":{"Weight":0,"CFrame":[0,0,0,1,0,0,0,1,0,0,0,1],"EasingStyle":"Linear","EasingDirection":"In"},"Right Leg":{"Weight":1,"CFrame":[0.7455979585647583,0.46020978689193728,-0.3234904408454895,0.9072477221488953,0.055524300783872607,0.41691553592681887,-0.09120654314756394,0.9936330318450928,0.06614295393228531,-0.41058850288391116,-0.09803345799446106,0.9065355062484741],"EasingStyle":"Linear","EasingDirection":"In"}}},{"Time":0.11874999850988388,"poses":{"Left Leg":{"Weight":1,"CFrame":[0.3306339979171753,0.13752251863479615,0.020035505294799806,0.3368922472000122,0.5052808523178101,0.7944777607917786,-0.5536484122276306,0.7888169288635254,-0.2669103443622589,-0.7615623474121094,-0.349941611289978,0.5454942584037781],"EasingStyle":"Linear","EasingDirection":"In"},"Right Arm":{"Weight":1,"CFrame":[0.15491577982902528,-0.27321797609329226,-0.013579249382019043,0.6062917113304138,-0.06513313949108124,-0.7925706505775452,0.4625983238220215,0.8395513892173767,0.2848791480064392,0.646848738193512,-0.5393617749214172,0.5391435623168945],"EasingStyle":"Linear","EasingDirection":"In"},"Left Arm":{"Weight":1,"CFrame":[-0.16173642873764039,-0.29895085096359255,-0.014964401721954346,0.6062917113304138,0.06513293832540512,0.7925706505775452,-0.46259811520576479,0.8395514488220215,0.284879207611084,-0.6468488574028015,-0.5393617153167725,0.5391435623168945],"EasingStyle":"Linear","EasingDirection":"In"},"Head":{"Weight":1,"CFrame":[1.341104507446289e-7,3.5390257835388186e-8,0,0.9915101528167725,0.11350402235984802,-0.06343971192836762,-0.1133463978767395,0.9935368299484253,0.006089870817959309,0.06372089684009552,0.0011524854926392437,0.9979671835899353],"EasingStyle":"Linear","EasingDirection":"In"},"Torso":{"Weight":1,"CFrame":[-0.22741258144378663,-0.13460654020309449,-0.4208953380584717,0.9116935729980469,-0.3823431134223938,0.15042804181575776,0.4075706899166107,0.887888491153717,-0.21340151131153108,-0.051970720291137698,0.2558668255805969,0.9653141498565674],"EasingStyle":"Linear","EasingDirection":"In"},"HumanoidRootPart":{"Weight":0,"CFrame":[0,0,0,1,0,0,0,1,0,0,0,1],"EasingStyle":"Linear","EasingDirection":"In"},"Right Leg":{"Weight":1,"CFrame":[0.7104092240333557,0.44487184286117556,-0.3060418367385864,0.9087784886360169,0.03755830228328705,0.41558513045310976,-0.07292003929615021,0.9949102997779846,0.06954259425401688,-0.4108579456806183,-0.09350316226482392,0.9068918824195862],"EasingStyle":"Linear","EasingDirection":"In"}}},{"Time":0.1354166716337204,"poses":{"Left Leg":{"Weight":1,"CFrame":[0.3361475467681885,0.10968929529190064,-0.0016107559204101563,0.3320489823818207,0.5084817409515381,0.7944745421409607,-0.5611564517021179,0.7834909558296204,-0.266917884349823,-0.7581865787506104,-0.35719507932662966,0.5454952120780945],"EasingStyle":"Linear","EasingDirection":"In"},"Right Arm":{"Weight":1,"CFrame":[0.15491589903831483,-0.2732182741165161,-0.013579189777374268,0.6062917113304138,-0.07376501709222794,-0.7918139100074768,0.4625982940196991,0.8426055312156677,0.27571457624435427,0.646848738193512,-0.5334553122520447,0.5449883937835693],"EasingStyle":"Linear","EasingDirection":"In"},"Left Arm":{"Weight":1,"CFrame":[-0.16382446885108949,-0.3068283498287201,-0.01538848876953125,0.6062915325164795,0.07376483827829361,0.7918139696121216,-0.46259814500808718,0.8426055908203125,0.2757146656513214,-0.6468489766120911,-0.5334553122520447,0.5449882745742798],"EasingStyle":"Linear","EasingDirection":"In"},"Head":{"Weight":1,"CFrame":[8.568167686462403e-8,-1.30385160446167e-8,0,0.991378128528595,0.11517229676246643,-0.06248791143298149,-0.11569037288427353,0.9932741522789002,-0.004726149141788483,0.061523307114839557,0.011914648115634919,0.9980345368385315],"EasingStyle":"Linear","EasingDirection":"In"},"Torso":{"Weight":1,"CFrame":[-0.21839606761932374,-0.13460654020309449,-0.4043431282043457,0.9116935729980469,-0.3823431134223938,0.15042804181575776,0.4075706899166107,0.887888491153717,-0.21340151131153108,-0.051970720291137698,0.2558668255805969,0.9653141498565674],"EasingStyle":"Linear","EasingDirection":"In"},"HumanoidRootPart":{"Weight":0,"CFrame":[0,0,0,1,0,0,0,1,0,0,0,1],"EasingStyle":"Linear","EasingDirection":"In"},"Right Leg":{"Weight":1,"CFrame":[0.6765514612197876,0.4308464527130127,-0.2893211245536804,0.9098564386367798,0.020269062370061876,0.41442808508872988,-0.05520132556557655,0.9958406090736389,0.07248660176992417,-0.41123485565185549,-0.08882923424243927,0.9071907997131348],"EasingStyle":"Linear","EasingDirection":"In"}}},{"Time":0.1525000035762787,"poses":{"Left Leg":{"Weight":1,"CFrame":[0.34215208888053896,0.08318787813186646,-0.023321032524108888,0.32679322361946108,0.511879563331604,0.7944718599319458,-0.569194495677948,0.777668833732605,-0.2669244408607483,-0.7544693350791931,-0.36498019099235537,0.5454959273338318],"EasingStyle":"Linear","EasingDirection":"In"},"Right Arm":{"Weight":1,"CFrame":[0.15491577982902528,-0.27321821451187136,-0.013579249382019043,0.6062917113304138,-0.08353918790817261,-0.7908424735069275,0.4625982642173767,0.8459466695785523,0.2652864456176758,0.646848738193512,-0.5266834497451782,0.5515354871749878],"EasingStyle":"Linear","EasingDirection":"In"},"Left Arm":{"Weight":1,"CFrame":[-0.16619078814983369,-0.3157561719417572,-0.015869200229644777,0.606291651725769,0.08353903144598007,0.7908424139022827,-0.46259805560112,0.845946729183197,0.26528647541999819,-0.6468488574028015,-0.5266833901405335,0.5515354871749878],"EasingStyle":"Linear","EasingDirection":"In"},"Head":{"Weight":1,"CFrame":[1.7136335372924806e-7,1.30385160446167e-8,-1.7881393432617188e-7,0.9912214279174805,0.11707498133182526,-0.061430882662534717,-0.11831792443990708,0.9928305149078369,-0.01698881760239601,0.059001483023166659,0.024108048528432847,0.9979667663574219],"EasingStyle":"Linear","EasingDirection":"In"},"Torso":{"Weight":1,"CFrame":[-0.21058183908462525,-0.13460654020309449,-0.389998197555542,0.9116935729980469,-0.3823431134223938,0.15042804181575776,0.4075706899166107,0.887888491153717,-0.21340151131153108,-0.051970720291137698,0.2558668255805969,0.9653141498565674],"EasingStyle":"Linear","EasingDirection":"In"},"HumanoidRootPart":{"Weight":0,"CFrame":[0,0,0,1,0,0,0,1,0,0,0,1],"EasingStyle":"Linear","EasingDirection":"In"},"Right Leg":{"Weight":1,"CFrame":[0.6449434757232666,0.4183279871940613,-0.27377092838287356,0.9105230569839478,0.004138728138059378,0.41343778371810915,-0.03858287259936333,0.9964370727539063,0.07499687373638153,-0.41165438294410708,-0.08423793315887451,0.9074385762214661],"EasingStyle":"Linear","EasingDirection":"In"}}},{"Time":0.16958333551883698,"poses":{"Left Leg":{"Weight":1,"CFrame":[0.34838587045669558,0.05843079090118408,-0.04451233148574829,0.3213169574737549,0.5153382420539856,0.7944696545600891,-0.5774508714675903,0.7715561389923096,-0.2669299244880676,-0.750537097454071,-0.37299829721450808,0.5454965829849243],"EasingStyle":"Linear","EasingDirection":"In"},"Right Arm":{"Weight":1,"CFrame":[0.1549157202243805,-0.2732182443141937,-0.013579249382019043,0.606291651725769,-0.09444969147443772,-0.7896138429641724,0.4625983238220215,0.8495286107063294,0.2535819411277771,0.6468487977981567,-0.5190187692642212,0.5587543249130249],"EasingStyle":"Linear","EasingDirection":"In"},"Left Arm":{"Weight":1,"CFrame":[-0.1688355803489685,-0.32573428750038149,-0.016406357288360597,0.6062915325164795,0.09444950520992279,0.7896137237548828,-0.4625980854034424,0.8495286703109741,0.2535819411277771,-0.6468489766120911,-0.5190187096595764,0.5587543249130249],"EasingStyle":"Linear","EasingDirection":"In"},"Head":{"Weight":1,"CFrame":[1.862645149230957e-7,6.891787052154541e-8,-1.7881393432617188e-7,0.9910368919372559,0.11921629309654236,-0.06027702987194061,-0.12121736258268357,0.9921512007713318,-0.030696317553520204,0.05614442378282547,0.03772778809070587,0.9977096319198608],"EasingStyle":"Linear","EasingDirection":"In"},"Torso":{"Weight":1,"CFrame":[-0.2039697766304016,-0.13460654020309449,-0.37785983085632326,0.9116935729980469,-0.3823431134223938,0.15042804181575776,0.4075706899166107,0.887888491153717,-0.21340151131153108,-0.051970720291137698,0.2558668255805969,0.9653141498565674],"EasingStyle":"Linear","EasingDirection":"In"},"HumanoidRootPart":{"Weight":0,"CFrame":[0,0,0,1,0,0,0,1,0,0,0,1],"EasingStyle":"Linear","EasingDirection":"In"},"Right Leg":{"Weight":1,"CFrame":[0.6159311532974243,0.40727949142456057,-0.2595478296279907,0.9108457565307617,-0.010669793002307415,0.41260913014411929,-0.023246105760335923,0.9967530369758606,0.07709173113107681,-0.4120918810367584,-0.07981016486883164,0.9076400995254517],"EasingStyle":"Linear","EasingDirection":"In"}}},{"Time":0.1862500011920929,"poses":{"Left Leg":{"Weight":1,"CFrame":[0.3545375168323517,0.035949528217315677,-0.06447124481201172,0.31586453318595889,0.5187008380889893,0.7944678068161011,-0.5855529308319092,0.7654238939285278,-0.266934335231781,-0.7465637922286987,-0.3808879852294922,0.5454971194267273],"EasingStyle":"Linear","EasingDirection":"In"},"Right Arm":{"Weight":1,"CFrame":[0.15491583943367005,-0.27321815490722659,-0.013579189777374268,0.6062917113304138,-0.10648834705352783,-0.7880805134773254,0.4625982642173767,0.8532993793487549,0.2405884563922882,0.646848738193512,-0.5104315280914307,0.5666096210479736],"EasingStyle":"Linear","EasingDirection":"In"},"Left Arm":{"Weight":1,"CFrame":[-0.1717587411403656,-0.3367624878883362,-0.017000198364257814,0.6062915325164795,0.1064881831407547,0.7880805134773254,-0.46259820461273196,0.8532994389533997,0.2405885010957718,-0.6468490362167358,-0.5104315876960754,0.5666095018386841],"EasingStyle":"Linear","EasingDirection":"In"},"Head":{"Weight":1,"CFrame":[1.0058283805847168e-7,-2.7939677238464357e-8,-1.1920928955078126e-7,0.9908219575881958,0.12160037457942963,-0.05903594195842743,-0.12437532097101212,0.991175651550293,-0.04584474489092827,0.0529402419924736,0.05276656895875931,0.9972026944160461],"EasingStyle":"Linear","EasingDirection":"In"},"Torso":{"Weight":1,"CFrame":[-0.19855988025665284,-0.13460654020309449,-0.36792850494384768,0.9116935729980469,-0.3823431134223938,0.15042804181575776,0.4075706899166107,0.887888491153717,-0.21340151131153108,-0.051970720291137698,0.2558668255805969,0.9653141498565674],"EasingStyle":"Linear","EasingDirection":"In"},"HumanoidRootPart":{"Weight":0,"CFrame":[0,0,0,1,0,0,0,1,0,0,0,1],"EasingStyle":"Linear","EasingDirection":"In"},"Right Leg":{"Weight":1,"CFrame":[0.5906468629837036,0.3979644179344177,-0.2471897006034851,0.9109075665473938,-0.023566298186779023,0.4119371175765991,-0.00983973778784275,0.9968429803848267,0.07878611981868744,-0.4124933183193207,-0.07582011073827744,0.9077998399734497],"EasingStyle":"Linear","EasingDirection":"In"}}},{"Time":0.20333333313465119,"poses":{"Left Leg":{"Weight":1,"CFrame":[0.3602084815502167,0.016513347625732423,-0.08224070072174072,0.3107790946960449,0.5217658281326294,0.7944663166999817,-0.5930054783821106,0.7596635222434998,-0.26693758368492129,-0.7428061366081238,-0.38816457986831667,0.5454975962638855],"EasingStyle":"Linear","EasingDirection":"In"},"Right Arm":{"Weight":1,"CFrame":[0.1549156904220581,-0.27321797609329226,-0.013579249382019043,0.606291651725769,-0.11964434385299683,-0.7861907482147217,0.4625982940196991,0.857201099395752,0.22629401087760926,0.646848738193512,-0.500890851020813,0.5750611424446106],"EasingStyle":"Linear","EasingDirection":"In"},"Left Arm":{"Weight":1,"CFrame":[-0.17496025562286378,-0.34884098172187807,-0.01765042543411255,0.6062914133071899,0.1196441650390625,0.7861907482147217,-0.4625982344150543,0.8572011590003967,0.22629402577877046,-0.6468489766120911,-0.5008907318115234,0.5750609636306763],"EasingStyle":"Linear","EasingDirection":"In"},"Head":{"Weight":1,"CFrame":[1.1548399925231934e-7,7.078051567077637e-8,0,0.9905731081962586,0.12423138320446015,-0.057718414813280109,-0.12777645885944367,0.9898363947868347,-0.06242714822292328,0.049376364797353747,0.06921365857124329,0.9963792562484741],"EasingStyle":"Linear","EasingDirection":"In"},"Torso":{"Weight":1,"CFrame":[-0.19435226917266847,-0.13460654020309449,-0.36020421981811526,0.9116935729980469,-0.3823431134223938,0.15042804181575776,0.4075706899166107,0.887888491153717,-0.21340151131153108,-0.051970720291137698,0.2558668255805969,0.9653141498565674],"EasingStyle":"Linear","EasingDirection":"In"},"HumanoidRootPart":{"Weight":0,"CFrame":[0,0,0,1,0,0,0,1,0,0,0,1],"EasingStyle":"Linear","EasingDirection":"In"},"Right Leg":{"Weight":1,"CFrame":[0.5696741938591003,0.39044177532196047,-0.2369653582572937,0.91080242395401,-0.0342637374997139,0.4114183485507965,0.0013199815293774009,0.9967865943908691,0.08009204268455506,-0.41284045577049258,-0.07240485399961472,0.9079208374023438],"EasingStyle":"Linear","EasingDirection":"In"}}},{"Time":0.22041666507720948,"poses":{"Left Leg":{"Weight":1,"CFrame":[0.36487382650375368,0.001250624656677246,-0.09650355577468872,0.3065498173236847,0.524263322353363,0.7944653034210205,-0.5991275310516357,0.7548438310623169,-0.26694002747535708,-0.7396442294120789,-0.394155889749527,0.5454978346824646],"EasingStyle":"Linear","EasingDirection":"In"},"Right Arm":{"Weight":1,"CFrame":[0.15491577982902528,-0.27321839332580569,-0.013579189777374268,0.6062917113304138,-0.1339033544063568,-0.7838879823684692,0.4625982642173767,0.8611696362495422,0.21068820357322694,0.646848738193512,-0.49036386609077456,0.5840634107589722],"EasingStyle":"Linear","EasingDirection":"In"},"Left Arm":{"Weight":1,"CFrame":[-0.17844028770923615,-0.3619702458381653,-0.018357276916503907,0.6062914729118347,0.13390322029590608,0.7838881015777588,-0.4625982344150543,0.8611695766448975,0.2106882631778717,-0.6468489170074463,-0.4903639256954193,0.5840632915496826],"EasingStyle":"Linear","EasingDirection":"In"},"Head":{"Weight":1,"CFrame":[1.0058283805847168e-7,-5.587935447692871e-9,-3.5762786865234377e-7,0.9902870059013367,0.1271134465932846,-0.056336481124162677,-0.13140341639518739,0.9880605936050415,-0.08043292909860611,0.045439712703228,0.08705446124076843,0.9951667785644531],"EasingStyle":"Linear","EasingDirection":"In"},"Torso":{"Weight":1,"CFrame":[-0.19134676456451417,-0.13460654020309449,-0.354686975479126,0.9116935729980469,-0.3823431134223938,0.15042804181575776,0.4075706899166107,0.887888491153717,-0.21340151131153108,-0.051970720291137698,0.2558668255805969,0.9653141498565674],"EasingStyle":"Linear","EasingDirection":"In"},"HumanoidRootPart":{"Weight":0,"CFrame":[0,0,0,1,0,0,0,1,0,0,0,1],"EasingStyle":"Linear","EasingDirection":"In"},"Right Leg":{"Weight":1,"CFrame":[0.5538452863693237,0.3848787546157837,-0.22926372289657594,0.9106293320655823,-0.04233824089169502,0.41104966402053835,0.009767348878085614,0.9966647624969482,0.08101832121610642,-0.413108766078949,-0.06976275891065598,0.9080056548118591],"EasingStyle":"Linear","EasingDirection":"In"}}},{"Time":0.2370833307504654,"poses":{"Left Leg":{"Weight":1,"CFrame":[0.3680359721183777,-0.008768200874328614,-0.10601162910461426,0.3036472201347351,0.5259507298469544,0.7944648265838623,-0.6032902598381043,0.7515206336975098,-0.2669413387775421,-0.7374546527862549,-0.398237019777298,0.5454979538917542],"EasingStyle":"Linear","EasingDirection":"In"},"Right Arm":{"Weight":1,"CFrame":[0.15491577982902528,-0.27321797609329226,-0.013579189777374268,0.6062915921211243,-0.1492474228143692,-0.7811118960380554,0.46259838342666628,0.8651350140571594,0.19376273453235627,0.6468487977981567,-0.4788179099559784,0.5935656428337097],"EasingStyle":"Linear","EasingDirection":"In"},"Left Arm":{"Weight":1,"CFrame":[-0.1821986436843872,-0.37614935636520388,-0.019120752811431886,0.6062914729118347,0.1492471843957901,0.7811119556427002,-0.4625982344150543,0.8651350736618042,0.19376271963119508,-0.6468489170074463,-0.47881782054901125,0.5935655832290649],"EasingStyle":"Linear","EasingDirection":"In"},"Head":{"Weight":1,"CFrame":[9.313225746154785e-8,2.9802322387695315e-8,1.1920928955078126e-7,0.9899598956108093,0.1302504986524582,-0.05490335822105408,-0.1352367401123047,0.9857696294784546,-0.09984714537858963,0.04111693054437637,0.10626953095197678,0.9934869408607483],"EasingStyle":"Linear","EasingDirection":"In"},"Torso":{"Weight":1,"CFrame":[-0.1895434856414795,-0.13460654020309449,-0.3513765335083008,0.9116935729980469,-0.3823431134223938,0.15042804181575776,0.4075706899166107,0.887888491153717,-0.21340151131153108,-0.051970720291137698,0.2558668255805969,0.9653141498565674],"EasingStyle":"Linear","EasingDirection":"In"},"HumanoidRootPart":{"Weight":0,"CFrame":[0,0,0,1,0,0,0,1,0,0,0,1],"EasingStyle":"Linear","EasingDirection":"In"},"Right Leg":{"Weight":1,"CFrame":[0.5440829992294312,0.3814955949783325,-0.22452014684677125,0.9104837775230408,-0.047314856201410297,0.41082918643951418,0.01498083770275116,0.996554970741272,0.08157172054052353,-0.4132733643054962,-0.06811512261629105,0.9080559015274048],"EasingStyle":"Linear","EasingDirection":"In"}}},{"Time":0.2541666626930237,"poses":{"Left Leg":{"Weight":1,"CFrame":[0.3691464960575104,-0.012234210968017578,-0.10932493209838867,0.30262428522109988,0.5265403985977173,0.7944645285606384,-0.6047493815422058,0.7503466010093689,-0.2669420540332794,-0.7366796135902405,-0.3996690511703491,0.5454979538917542],"EasingStyle":"Linear","EasingDirection":"In"},"Right Arm":{"Weight":1,"CFrame":[0.15491580963134767,-0.27321815490722659,-0.013579249382019043,0.6062915921211243,-0.1656537503004074,-0.7777978777885437,0.46259835362434389,0.8690213561058044,0.17551204562187196,0.6468487977981567,-0.46621960401535036,0.6035114526748657],"EasingStyle":"Linear","EasingDirection":"In"},"Left Arm":{"Weight":1,"CFrame":[-0.1862354576587677,-0.3913785219192505,-0.019940614700317384,0.6062912940979004,0.16565358638763429,0.7777979969978333,-0.4625982940196991,0.8690212965011597,0.17551209032535554,-0.6468491554260254,-0.46621963381767275,0.6035112142562866],"EasingStyle":"Linear","EasingDirection":"In"},"Head":{"Weight":1,"CFrame":[1.1175870895385742e-7,-2.7939677238464357e-9,-1.1920928955078126e-7,0.989587664604187,0.1336459219455719,-0.05343369394540787,-0.13925457000732423,0.9828794002532959,-0.12064936757087708,0.036394570022821429,0.126833975315094,0.9912561178207398],"EasingStyle":"Linear","EasingDirection":"In"},"Torso":{"Weight":1,"CFrame":[-0.18894243240356446,-0.13460654020309449,-0.35027289390563967,0.9116935729980469,-0.3823431134223938,0.15042804181575776,0.4075706899166107,0.887888491153717,-0.21340151131153108,-0.051970720291137698,0.2558668255805969,0.9653141498565674],"EasingStyle":"Linear","EasingDirection":"In"},"HumanoidRootPart":{"Weight":0,"CFrame":[0,0,0,1,0,0,0,1,0,0,0,1],"EasingStyle":"Linear","EasingDirection":"In"},"Right Leg":{"Weight":1,"CFrame":[0.5407533645629883,0.3803495168685913,-0.222903311252594,0.9104271531105042,-0.049012649804353717,0.4107559025287628,0.01676132343709469,0.9965115189552307,0.08175575733184815,-0.4133298695087433,-0.06754770874977112,0.9080725312232971],"EasingStyle":"Linear","EasingDirection":"In"}}},{"Time":0.27125000953674319,"poses":{"Left Leg":{"Weight":1,"CFrame":[0.36710911989212038,-0.005853176116943359,-0.10323524475097656,0.3044988512992859,0.5254579186439514,0.7944650053977966,-0.6020721197128296,0.7524969577789307,-0.26694104075431826,-0.7380987405776978,-0.3970421254634857,0.5454979538917542],"EasingStyle":"Linear","EasingDirection":"In"},"Right Arm":{"Weight":1,"CFrame":[0.15491577982902528,-0.27321821451187136,-0.013579249382019043,0.6062917113304138,-0.16460424661636353,-0.7780206799507141,0.4625982940196991,0.8687837719917297,0.17668430507183076,0.6468487977981567,-0.46703335642814639,0.6028819680213928],"EasingStyle":"Linear","EasingDirection":"In"},"Left Arm":{"Weight":1,"CFrame":[-0.18597650527954102,-0.39040225744247439,-0.019888103008270265,0.6062913537025452,0.1646040976047516,0.7780207991600037,-0.4625982940196991,0.8687838315963745,0.17668434977531434,-0.6468490958213806,-0.46703341603279116,0.6028817892074585],"EasingStyle":"Linear","EasingDirection":"In"},"Head":{"Weight":1,"CFrame":[1.1920928955078126e-7,3.91155481338501e-8,-1.7881393432617188e-7,0.9896121025085449,0.1334274709224701,-0.05352577194571495,-0.13900011777877809,0.9830780029296875,-0.11931739002466202,0.036699771881103519,0.12551794946193696,0.991412341594696],"EasingStyle":"Linear","EasingDirection":"In"},"Torso":{"Weight":1,"CFrame":[-0.19006013870239259,-0.13460654020309449,-0.3523249626159668,0.9116935729980469,-0.3823431134223938,0.15042804181575776,0.4075706899166107,0.887888491153717,-0.21340151131153108,-0.051970720291137698,0.2558668255805969,0.9653141498565674],"EasingStyle":"Linear","EasingDirection":"In"},"HumanoidRootPart":{"Weight":0,"CFrame":[0,0,0,1,0,0,0,1,0,0,0,1],"EasingStyle":"Linear","EasingDirection":"In"},"Right Leg":{"Weight":1,"CFrame":[0.5469192266464233,0.3824748396873474,-0.2258979082107544,0.910529375076294,-0.04586867243051529,0.4108923375606537,0.013464673422276974,0.9965895414352417,0.0814133808016777,-0.4132251739501953,-0.06859663128852844,0.9080415368080139],"EasingStyle":"Linear","EasingDirection":"In"}}},{"Time":0.28833332657814028,"poses":{"Left Leg":{"Weight":1,"CFrame":[0.36160239577293398,0.011889874935150147,-0.08653295040130615,0.3095202147960663,0.5225141048431397,0.7944660186767578,-0.5948348641395569,0.7582316398620606,-0.26693835854530337,-0.7418684363365173,-0.3899535536766052,0.5454975962638855],"EasingStyle":"Linear","EasingDirection":"In"},"Right Arm":{"Weight":1,"CFrame":[0.15491577982902528,-0.2732183635234833,-0.013579189777374268,0.6062917113304138,-0.1614537239074707,-0.7786804437637329,0.4625982642173767,0.8680615425109863,0.1801994889974594,0.6468486785888672,-0.4694698452949524,0.600986659526825],"EasingStyle":"Linear","EasingDirection":"In"},"Left Arm":{"Weight":1,"CFrame":[-0.18520000576972962,-0.38747286796569826,-0.01973038911819458,0.6062914729118347,0.161453515291214,0.7786805629730225,-0.4625982344150543,0.8680615425109863,0.18019947409629823,-0.6468489766120911,-0.4694698452949524,0.6009865403175354],"EasingStyle":"Linear","EasingDirection":"In"},"Head":{"Weight":1,"CFrame":[7.078051567077637e-8,2.9802322387695315e-8,-3.5762786865234377e-7,0.9896851181983948,0.13277265429496766,-0.053803712129592898,-0.1382339894771576,0.9836629629135132,-0.11531960964202881,0.03761342540383339,0.12156757712364197,0.9918702244758606],"EasingStyle":"Linear","EasingDirection":"In"},"Torso":{"Weight":1,"CFrame":[-0.1934133768081665,-0.13460654020309449,-0.35848069190979006,0.9116935729980469,-0.3823431134223938,0.15042804181575776,0.4075706899166107,0.887888491153717,-0.21340151131153108,-0.051970720291137698,0.2558668255805969,0.9653141498565674],"EasingStyle":"Linear","EasingDirection":"In"},"HumanoidRootPart":{"Weight":0,"CFrame":[0,0,0,1,0,0,0,1,0,0,0,1],"EasingStyle":"Linear","EasingDirection":"In"},"Right Leg":{"Weight":1,"CFrame":[0.5646952390670776,0.38868117332458498,-0.23454159498214723,0.9107553362846375,-0.03680720925331116,0.4113028347492218,0.003981661982834339,0.9967562556266785,0.08038192987442017,-0.4129273295402527,-0.07157058268785477,0.9079474806785584],"EasingStyle":"Linear","EasingDirection":"In"}}},{"Time":0.3050000071525574,"poses":{"Left Leg":{"Weight":1,"CFrame":[0.3539935052394867,0.037874579429626468,-0.06273746490478516,0.3163486123085022,0.5184056162834168,0.7944679260253906,-0.5848384499549866,0.7659700512886047,-0.2669338881969452,-0.7469186782836914,-0.38019153475761416,0.5454971194267273],"EasingStyle":"Linear","EasingDirection":"In"},"Right Arm":{"Weight":1,"CFrame":[0.15491583943367005,-0.27321791648864748,-0.013579249382019043,0.606291651725769,-0.15619584918022157,-0.7797521948814392,0.46259820461273196,0.8668258786201477,0.18605263531208039,0.646848738193512,-0.4735143184661865,0.5978052020072937],"EasingStyle":"Linear","EasingDirection":"In"},"Left Arm":{"Weight":1,"CFrame":[-0.1839059293270111,-0.3825899362564087,-0.019467473030090333,0.6062915325164795,0.15619561076164246,0.779752254486084,-0.46259814500808718,0.8668259978294373,0.18605263531208039,-0.6468489170074463,-0.47351422905921938,0.5978050827980042],"EasingStyle":"Linear","EasingDirection":"In"},"Head":{"Weight":1,"CFrame":[1.043081283569336e-7,-1.4901161193847657e-8,1.1920928955078126e-7,0.9898050427436829,0.13168330490589143,-0.054272957146167758,-0.1369485855102539,0.9846013784408569,-0.10865172743797302,0.03912961110472679,0.11497662961483002,0.9925972819328308],"EasingStyle":"Linear","EasingDirection":"In"},"Torso":{"Weight":1,"CFrame":[-0.19900202751159669,-0.13460654020309449,-0.3687403202056885,0.9116935729980469,-0.3823431134223938,0.15042804181575776,0.4075706899166107,0.887888491153717,-0.21340151131153108,-0.051970720291137698,0.2558668255805969,0.9653141498565674],"EasingStyle":"Linear","EasingDirection":"In"},"HumanoidRootPart":{"Weight":0,"CFrame":[0,0,0,1,0,0,0,1,0,0,0,1],"EasingStyle":"Linear","EasingDirection":"In"},"Right Leg":{"Weight":1,"CFrame":[0.5927841663360596,0.39874112606048586,-0.24823302030563355,0.9109103083610535,-0.022475967183709146,0.4119918644428253,-0.010975261218845845,0.996842086315155,0.07864832133054733,-0.41245850920677187,-0.0761631652712822,0.907787024974823],"EasingStyle":"Linear","EasingDirection":"In"}}},{"Time":0.32208332419395449,"poses":{"Left Leg":{"Weight":1,"CFrame":[0.3455568253993988,0.06939184665679932,-0.03502923250198364,0.32380273938179018,0.513778567314148,0.7944706082344055,-0.5737181305885315,0.7743365168571472,-0.2669275104999542,-0.7523292303085327,-0.36937060952186587,0.5454962849617004],"EasingStyle":"Linear","EasingDirection":"In"},"Right Arm":{"Weight":1,"CFrame":[0.15491575002670289,-0.273218035697937,-0.013579189777374268,0.6062917113304138,-0.14882083237171174,-0.781193196773529,0.4625982642173767,0.8650290966033936,0.19423505663871766,0.6468486785888672,-0.47914189100265505,0.5933042764663696],"EasingStyle":"Linear","EasingDirection":"In"},"Left Arm":{"Weight":1,"CFrame":[-0.18209391832351685,-0.375754177570343,-0.01909947395324707,0.6062915325164795,0.1488206535577774,0.7811933159828186,-0.4625982344150543,0.