{"Sequence":[{"Time":0,"poses":{"Left Leg":{"Weight":1,"CFrame":[-0.24697569012641908,-0.1342076063156128,0.10705375671386719,0.9533497095108032,0.21060895919799806,0.21625934541225434,-0.11803479492664337,0.9194458723068237,-0.3750830292701721,-0.2778346538543701,0.33205896615982058,0.9014125466346741],"EasingStyle":"Linear","EasingDirection":"In"},"Right Arm":{"Weight":1,"CFrame":[0.1730392873287201,-0.09522601962089539,0.07480049133300781,0.573976993560791,-0.06557505577802658,0.8162416219711304,-0.19021280109882356,0.958846926689148,0.21078838407993318,-0.7964732050895691,-0.2762472331523895,0.5378828048706055],"EasingStyle":"Linear","EasingDirection":"In"},"Left Arm":{"Weight":1,"CFrame":[-0.014477003365755082,-0.0861193835735321,0.4090919494628906,0.3629639148712158,0.16740643978118897,-0.9166418313980103,-0.33145183324813845,0.942585289478302,0.04089901223778725,0.8708598613739014,0.28897762298583987,0.3976115882396698],"EasingStyle":"Linear","EasingDirection":"In"},"Head":{"Weight":1,"CFrame":[9.615905582904816e-8,7.974449545145035e-9,-3.5762786865234377e-7,0.8979094624519348,0.43110793828964236,-0.08890718966722489,-0.4341699779033661,0.9006592035293579,-0.017591362819075586,0.07249133288860321,0.054396312683820727,0.9958845376968384],"EasingStyle":"Linear","EasingDirection":"In"},"Torso":{"Weight":1,"CFrame":[0.026197664439678193,0.025791920721530916,-0.07956576347351074,-0.8923566937446594,-0.45047223567962649,-0.027826674282550813,0.4496111273765564,-0.8926423788070679,0.03223985806107521,-0.03936242312192917,0.01625826396048069,0.999092698097229],"EasingStyle":"Linear","EasingDirection":"In"},"HumanoidRootPart":{"Weight":0,"CFrame":[0,0,0,1,0,0,0,1,0,0,0,1],"EasingStyle":"Linear","EasingDirection":"In"},"Right Leg":{"Weight":1,"CFrame":[0.4677022099494934,-0.21917009353637696,-0.10093045234680176,0.8587238788604736,0.4828125536441803,0.1717122346162796,-0.42705827951431277,0.8594745397567749,-0.28093603253364565,-0.2832217216491699,0.1679151952266693,0.9442403316497803],"EasingStyle":"Linear","EasingDirection":"In"}}},{"Time":0.03333333507180214,"poses":{"Left Leg":{"Weight":1,"CFrame":[-0.28195515275001528,-0.01756751537322998,0.13392531871795655,0.9462658762931824,0.24792194366455079,0.20764274895191194,-0.1782345026731491,0.9355828762054443,-0.30482327938079836,-0.26983943581581118,0.25143471360206606,0.9294983744621277],"EasingStyle":"Linear","EasingDirection":"In"},"Right Arm":{"Weight":1,"CFrame":[0.17763732373714448,-0.1411934196949005,0.10866856575012207,0.4073449969291687,-0.11214616894721985,0.9063626527786255,-0.15213385224342347,0.970233142375946,0.1884222775697708,-0.9005139470100403,-0.21464133262634278,0.3781583905220032],"EasingStyle":"Linear","EasingDirection":"In"},"Left Arm":{"Weight":1,"CFrame":[-0.022875884547829629,-0.0851888656616211,0.3668334484100342,0.3712656795978546,0.19713234901428224,-0.9073591828346252,-0.29467296600341799,0.9517028331756592,0.08619453758001328,0.8805280327796936,0.2353730946779251,0.4114241898059845],"EasingStyle":"Linear","EasingDirection":"In"},"Head":{"Weight":1,"CFrame":[7.543712854385376e-8,-2.240994945168495e-9,2.384185791015625e-7,0.8282897472381592,0.555252194404602,-0.07504066824913025,-0.558307945728302,0.8291928172111511,-0.027046825736761094,0.0472053699195385,0.06429842114448548,0.9968135952949524],"EasingStyle":"Linear","EasingDirection":"In"},"Torso":{"Weight":1,"CFrame":[0.033775538206100467,0.020479325205087663,-0.20725679397583009,-0.7657155990600586,-0.6424456238746643,-0.030711250379681588,0.641935408115387,-0.7663312554359436,0.025599103420972825,-0.039981018751859668,-0.0001130072632804513,0.9992004036903381],"EasingStyle":"Linear","EasingDirection":"In"},"HumanoidRootPart":{"Weight":0,"CFrame":[0,0,0,1,0,0,0,1,0,0,0,1],"EasingStyle":"Linear","EasingDirection":"In"},"Right Leg":{"Weight":1,"CFrame":[0.5177547931671143,-0.2209998369216919,-0.09795147180557251,0.8078336119651794,0.5740975737571716,0.13347919285297395,-0.5353924632072449,0.809441328048706,-0.24116355180740357,-0.24649496376514436,0.1233561709523201,0.9612613916397095],"EasingStyle":"Linear","EasingDirection":"In"}}},{"Time":0.06666667014360428,"poses":{"Left Leg":{"Weight":1,"CFrame":[-0.3969331979751587,0.22461575269699098,0.17037713527679444,0.9656403660774231,0.16141825914382935,0.20367342233657838,-0.12389988452196121,0.9748613238334656,-0.18518668413162232,-0.2284458577632904,0.15358872711658479,0.9613651633262634],"EasingStyle":"Linear","EasingDirection":"In"},"Right Arm":{"Weight":1,"CFrame":[0.18659117817878724,-0.19091317057609559,0.14556944370269776,0.23933276534080506,-0.16711148619651795,0.9564484357833862,-0.08863912522792816,0.9772030115127564,0.19291789829730988,-0.96688312292099,-0.130950465798378,0.2190641164779663],"EasingStyle":"Linear","EasingDirection":"In"},"Left Arm":{"Weight":1,"CFrame":[-0.0347166433930397,-0.08266356587409973,0.3118976354598999,0.3890078067779541,0.2390284240245819,-0.8896844983100891,-0.2460133135318756,0.9576337337493897,0.14971646666526795,0.8877783417701721,0.1606334000825882,0.431331068277359],"EasingStyle":"Linear","EasingDirection":"In"},"Head":{"Weight":1,"CFrame":[8.713686838746071e-8,-6.111804395914078e-9,2.384185791015625e-7,0.7759025692939758,0.6278313994407654,-0.06166829168796539,-0.6304222345352173,0.775270402431488,-0.03903374448418617,0.023302998393774034,0.06916342675685883,0.9973331093788147],"EasingStyle":"Linear","EasingDirection":"In"},"Torso":{"Weight":1,"CFrame":[0.038540661334991458,0.01874975487589836,-0.35611486434936526,-0.6026706695556641,-0.7971131801605225,-0.03739825636148453,0.7969228029251099,-0.6036263108253479,0.023437129333615304,-0.041256632655858996,-0.015678653493523599,0.9990255832672119],"EasingStyle":"Linear","EasingDirection":"In"},"HumanoidRootPart":{"Weight":0,"CFrame":[0,0,0,1,0,0,0,1,0,0,0,1],"EasingStyle":"Linear","EasingDirection":"In"},"Right Leg":{"Weight":1,"CFrame":[0.6413666605949402,-0.19315290451049806,-0.02260833978652954,0.7287667989730835,0.6847445964813232,0.004893059376627207,-0.6779650449752808,0.7225188612937927,-0.1353871077299118,-0.09624087810516358,0.09534835815429688,0.9907807111740112],"EasingStyle":"Linear","EasingDirection":"In"}}},{"Time":0.10000000149011612,"poses":{"Left Leg":{"Weight":1,"CFrame":[-0.46882325410842898,0.4100204110145569,0.15129375457763673,0.9709903001785278,0.029059549793601037,0.23734648525714875,-0.02005676180124283,0.9989879727363586,-0.04025867581367493,-0.23827622830867768,0.03433040529489517,0.9705904722213745],"EasingStyle":"Linear","EasingDirection":"In"},"Right Arm":{"Weight":1,"CFrame":[0.20135322213172913,-0.2363615334033966,0.179437518119812,0.07192452996969223,-0.2357688993215561,0.9691439270973206,-0.0034532304853200914,0.9715957045555115,0.23662160336971284,-0.9974040985107422,-0.020365625619888307,0.06906736642122269],"EasingStyle":"Linear","EasingDirection":"In"},"Left Arm":{"Weight":1,"CFrame":[-0.04823434352874756,-0.07774651050567627,0.2569618225097656,0.4194389879703522,0.2951406240463257,-0.8584654927253723,-0.1848398596048355,0.9536278247833252,0.23754620552062989,0.8887661099433899,0.05904240161180496,0.4545423984527588],"EasingStyle":"Linear","EasingDirection":"In"},"Head":{"Weight":1,"CFrame":[7.59027898311615e-8,-2.2351741790771486e-8,2.384185791015625e-7,0.756327748298645,0.6522055268287659,-0.050953250378370288,-0.6541619300842285,0.754751980304718,-0.04920976608991623,0.006362183019518852,0.07055038213729859,0.9974879026412964],"EasingStyle":"Linear","EasingDirection":"In"},"Torso":{"Weight":1,"CFrame":[0.0410439670085907,0.022587403655052186,-0.42793846130371096,-0.4026986360549927,-0.91413414478302,-0.04682515934109688,0.9142387509346008,-0.4041909873485565,0.028234172612428666,-0.04473612830042839,-0.031439509242773059,0.9985039830207825],"EasingStyle":"Linear","EasingDirection":"In"},"HumanoidRootPart":{"Weight":0,"CFrame":[0,0,0,1,0,0,0,1,0,0,0,1],"EasingStyle":"Linear","EasingDirection":"In"},"Right Leg":{"Weight":1,"CFrame":[0.6574586033821106,-0.09410429000854492,0.12036168575286865,0.6895405054092407,0.7041122317314148,-0.16958710551261903,-0.714616060256958,0.6995158195495606,-0.001292192842811346,0.11771906167268753,0.12208056449890137,0.9855143427848816],"EasingStyle":"Linear","EasingDirection":"In"}}},{"Time":0.13333334028720857,"poses":{"Left Leg":{"Weight":1,"CFrame":[-0.49938297271728518,0.44343990087509158,0.13983571529388429,0.9384249448776245,-0.12751425802707673,0.3210900127887726,0.10039785504341126,0.9899386167526245,0.09970860928297043,-0.3305736184120178,-0.06133227422833443,0.9417852163314819],"EasingStyle":"Linear","EasingDirection":"In"},"Right Arm":{"Weight":1,"CFrame":[0.22337499260902406,-0.26951509714126589,0.20420658588409425,-0.09620578587055206,-0.3222722113132477,0.9417458176612854,0.09711269289255142,0.9385815262794495,0.3311099708080292,-0.9906127452850342,0.12331011146306992,-0.05900026857852936],"EasingStyle":"Linear","EasingDirection":"In"},"Left Arm":{"Weight":1,"CFrame":[-0.061663657426834109,-0.06963956356048584,0.21470320224761964,0.4666807949542999,0.3646213710308075,-0.8057669401168823,-0.11217468976974487,0.928106963634491,0.35501304268836977,0.8772832155227661,-0.07529110461473465,0.4740310311317444],"EasingStyle":"Linear","EasingDirection":"In"},"Head":{"Weight":1,"CFrame":[1.0826624929904938e-7,5.21540641784668e-8,-5.364418029785156e-7,0.7684606313705444,0.6384074687957764,-0.043636322021484378,-0.6398929953575134,0.7664229869842529,-0.055971380323171619,-0.002288682386279106,0.07093438506126404,0.9974783658981323],"EasingStyle":"Linear","EasingDirection":"In"},"Torso":{"Weight":1,"CFrame":[0.04267382621765137,0.03416312485933304,-0.39887547492980959,-0.1609058380126953,-0.9853292107582092,-0.05688266456127167,0.9856318235397339,-0.16342052817344666,0.04270383343100548,-0.05137311667203903,-0.04919407144188881,0.9974671602249146],"EasingStyle":"Linear","EasingDirection":"In"},"HumanoidRootPart":{"Weight":0,"CFrame":[0,0,0,1,0,0,0,1,0,0,0,1],"EasingStyle":"Linear","EasingDirection":"In"},"Right Leg":{"Weight":1,"CFrame":[0.5925467014312744,0.007886230945587159,0.18863582611083985,0.7193129062652588,0.6390547752380371,-0.272392600774765,-0.6475498080253601,0.7587853670120239,0.07017252594232559,0.25153160095214846,0.1259116232395172,0.9596239328384399],"EasingStyle":"Linear","EasingDirection":"In"}}},{"Time":0.1666666716337204,"poses":{"Left Leg":{"Weight":1,"CFrame":[-0.4662466049194336,0.39346903562545779,0.18382763862609864,0.8404410481452942,-0.3007284104824066,0.4508005380630493,0.21740074455738069,0.9491166472434998,0.22784771025180818,-0.4963826537132263,-0.09348814934492111,0.8630552291870117],"EasingStyle":"Linear","EasingDirection":"In"},"Right Arm":{"Weight":1,"CFrame":[0.25410890579223635,-0.2823488116264343,0.21381103992462159,-0.2683156430721283,-0.4260469675064087,0.8639969825744629,0.20119458436965943,0.852321982383728,0.4827711284160614,-0.9420867562294006,0.3033665120601654,-0.14297297596931458],"EasingStyle":"Linear","EasingDirection":"In"},"Left Arm":{"Weight":1,"CFrame":[-0.07323980331420899,-0.057545214891433719,0.1978001594543457,0.5349652767181397,0.44091787934303286,-0.7206965088844299,-0.03286721557378769,0.8632376790046692,0.5037267208099365,0.8442344665527344,-0.24578890204429627,0.4762939512729645],"EasingStyle":"Linear","EasingDirection":"In"},"Head":{"Weight":1,"CFrame":[1.1897645890712738e-7,-1.30385160446167e-8,3.5762786865234377e-7,0.7972226738929749,0.6024569869041443,-0.03849142789840698,-0.6036549806594849,0.794921338558197,-0.060832954943180087,-0.006051591131836176,0.07173297554254532,0.9974055290222168],"EasingStyle":"Linear","EasingDirection":"In"},"Torso":{"Weight":1,"CFrame":[0.04499496519565582,0.058130741119384769,-0.3324918746948242,0.11991984397172928,-0.9906376004219055,-0.06524099409580231,0.9906879663467407,0.11514050513505936,0.07266335934400559,-0.06447116285562515,-0.07334725558757782,0.995220422744751],"EasingStyle":"Linear","EasingDirection":"In"},"HumanoidRootPart":{"Weight":0,"CFrame":[0,0,0,1,0,0,0,1,0,0,0,1],"EasingStyle":"Linear","EasingDirection":"In"},"Right Leg":{"Weight":1,"CFrame":[0.569009006023407,0.052258968353271487,0.14970409870147706,0.8055567145347595,0.5440596342086792,-0.234685480594635,-0.5467280149459839,0.8351907730102539,0.05954020470380783,0.22840052843093873,0.08034605532884598,0.9702461957931519],"EasingStyle":"Linear","EasingDirection":"In"}}},{"Time":0.20000000298023225,"poses":{"Left Leg":{"Weight":1,"CFrame":[-0.3769804835319519,0.3545573353767395,0.25153088569641116,0.6755651235580444,-0.4520663619041443,0.5824496746063232,0.3046179711818695,0.8905349373817444,0.33786898851394656,-0.6714310646057129,-0.05082789435982704,0.7393219470977783],"EasingStyle":"Linear","EasingDirection":"In"},"Right Arm":{"Weight":1,"CFrame":[0.3666573166847229,-0.2816733717918396,0.13505077362060548,-0.4533438980579376,-0.5173782110214233,0.7258092164993286,0.2868875563144684,0.6862660646438599,0.6683819890022278,-0.8439044952392578,0.5112324357032776,-0.1626850813627243],"EasingStyle":"Linear","EasingDirection":"In"},"Left Arm":{"Weight":1,"CFrame":[-0.08254927396774292,-0.03334042429924011,0.23769688606262208,0.6612737774848938,0.5029420852661133,-0.5565663576126099,0.017046643421053888,0.73167884349823,0.6814363598823547,0.7499509453773499,-0.4601035714149475,0.47526657581329348],"EasingStyle":"Linear","EasingDirection":"In"},"Head":{"Weight":1,"CFrame":[4.190951585769653e-8,2.7939677238464357e-9,2.384185791015625e-7,0.83203125,0.5536412596702576,-0.03471682220697403,-0.5546885132789612,0.8295863270759583,-0.06408753991127014,-0.006680934224277735,0.07257987558841706,0.997340202331543],"EasingStyle":"Linear","EasingDirection":"In"},"Torso":{"Weight":1,"CFrame":[0.05220821499824524,0.09343746304512024,-0.2616877555847168,0.40270984172821047,-0.9129251837730408,-0.06627530604600907,0.9117780923843384,0.3937247693538666,0.11679675430059433,-0.08053245395421982,-0.10746357589960098,0.9909420013427734],"EasingStyle":"Linear","EasingDirection":"In"},"HumanoidRootPart":{"Weight":0,"CFrame":[0,0,0,1,0,0,0,1,0,0,0,1],"EasingStyle":"Linear","EasingDirection":"In"},"Right Leg":{"Weight":1,"CFrame":[0.6316377520561218,0.05053818225860596,0.05065298080444336,0.8726555705070496,0.48207059502601626,-0.07797503471374512,-0.48287346959114077,0.8756390810012817,0.009460743516683579,0.07283885031938553,0.029396049678325654,0.9969103932380676],"EasingStyle":"Linear","EasingDirection":"In"}}},{"Time":0.23333333432674409,"poses":{"Left Leg":{"Weight":1,"CFrame":[-0.3245980441570282,0.36062365770339968,0.30964231491088869,0.5002722144126892,-0.5664554238319397,0.654870867729187,0.375662624835968,0.8234209418296814,0.42527106404304507,-0.7801315784454346,0.033259157091379169,0.6247308850288391],"EasingStyle":"Linear","EasingDirection":"In"},"Right Arm":{"Weight":1,"CFrame":[0.583597719669342,-0.2769460082054138,-0.05276286602020264,-0.6325631737709045,-0.549665093421936,0.5456482172012329,0.3190558850765228,0.45702046155929568,0.8302624225616455,-0.7057387232780457,0.6992857456207275,-0.1137203797698021],"EasingStyle":"Linear","EasingDirection":"In"},"Left Arm":{"Weight":1,"CFrame":[-0.09458574652671814,0.009825646877288819,0.332836389541626,0.8157487511634827,0.5002285838127136,-0.2903882563114166,-0.021067582070827485,0.5274121165275574,0.8493483066558838,0.5780225992202759,-0.686737060546875,0.44077450037002566],"EasingStyle":"Linear","EasingDirection":"In"},"Head":{"Weight":1,"CFrame":[1.0058283805847168e-7,4.6566128730773929e-9,0,0.8638194799423218,0.5028058290481567,-0.03165865316987038,-0.503765881061554,0.8613045811653137,-0.06613804399967194,-0.0059868465177714829,0.07307986915111542,0.9973081350326538],"EasingStyle":"Linear","EasingDirection":"In"},"Torso":{"Weight":1,"CFrame":[0.06683996319770813,0.13193053007125855,-0.21283674240112306,0.6397237777709961,-0.766528844833374,-0.05645370855927467,0.7631822228431702,0.6247851848602295,0.1649131178855896,-0.09113922715187073,-0.1485833078622818,0.9846911430358887],"EasingStyle":"Linear","EasingDirection":"In"},"HumanoidRootPart":{"Weight":0,"CFrame":[0,0,0,1,0,0,0,1,0,0,0,1],"EasingStyle":"Linear","EasingDirection":"In"},"Right Leg":{"Weight":1,"CFrame":[0.7738355398178101,0.04701030254364014,-0.08956235647201538,0.859310507774353,0.4963557720184326,0.12335507571697235,-0.49559059739112856,0.8676798939704895,-0.03900718316435814,-0.12639395892620088,-0.027614345774054529,0.9915956854820252],"EasingStyle":"Linear","EasingDirection":"In"}}},{"Time":0.2666666805744171,"poses":{"Left Leg":{"Weight":1,"CFrame":[-0.35568419098854067,0.35954946279525759,0.3469235897064209,0.39930596947669985,-0.6487998962402344,0.6477758288383484,0.44528666138648989,0.7548597455024719,0.4815666079521179,-0.8014203310012817,0.09615352004766464,0.5903220176696777],"EasingStyle":"Linear","EasingDirection":"In"},"Right Arm":{"Weight":1,"CFrame":[0.8305924534797669,-0.26411333680152895,-0.276927649974823,-0.7730602025985718,-0.5223706364631653,0.3598707318305969,0.28834444284439089,0.21594081819057465,0.9328595399856567,-0.5650092363357544,0.8249232769012451,-0.01631270721554756],"EasingStyle":"Linear","EasingDirection":"In"},"Left Arm":{"Weight":1,"CFrame":[-0.11569547653198242,0.07084095478057862,0.4463900327682495,0.9062080383300781,0.422681987285614,0.011268259026110173,-0.15048599243164063,0.29750028252601626,0.9427870512008667,0.3951467275619507,-0.8560569882392883,0.33320507407188418],"EasingStyle":"Linear","EasingDirection":"In"},"Head":{"Weight":1,"CFrame":[8.568167686462403e-8,-1.2852251529693604e-7,1.1920928955078126e-7,0.8861317038536072,0.46254444122314455,-0.02869226783514023,-0.4633967876434326,0.8835829496383667,-0.06741341203451157,-0.005829671397805214,0.07303306460380554,0.9973124861717224],"EasingStyle":"Linear","EasingDirection":"In"},"Torso":{"Weight":1,"CFrame":[0.08553187549114227,0.1662173569202423,-0.18834900856018067,0.8035040497779846,-0.5939806699752808,-0.039600349962711337,0.5880753993988037,0.7816637754440308,0.2077716439962387,-0.09245818853378296,-0.19023334980010987,0.9773754477500916],"EasingStyle":"Linear","EasingDirection":"In"},"HumanoidRootPart":{"Weight":0,"CFrame":[0,0,0,1,0,0,0,1,0,0,0,1],"EasingStyle":"Linear","EasingDirection":"In"},"Right Leg":{"Weight":1,"CFrame":[0.8959088325500488,0.03888195753097534,-0.23445504903793336,0.789371132850647,0.5473819375038147,0.27796801924705508,-0.5528059601783752,0.8306944370269775,-0.06597200781106949,-0.26701831817626955,-0.10158604383468628,0.9583222270011902],"EasingStyle":"Linear","EasingDirection":"In"}}},{"Time":0.30000001192092898,"poses":{"Left Leg":{"Weight":1,"CFrame":[-0.43982765078544619,0.3251333236694336,0.3495720624923706,0.4049767851829529,-0.6986784934997559,0.5897815227508545,0.5059552192687988,0.7085276246070862,0.49193280935287478,-0.7615793347358704,0.09918162971735,0.6404372453689575],"EasingStyle":"Linear","EasingDirection":"In"},"Right Arm":{"Weight":1,"CFrame":[1.0333032608032227,-0.23912394046783448,-0.46474146842956545,-0.8634754419326782,-0.4657033383846283,0.19372832775115968,0.21424832940101624,0.009068996645510197,0.9767371416091919,-0.4566265642642975,0.8848944306373596,0.09194521605968476],"EasingStyle":"Linear","EasingDirection":"In"},"Left Arm":{"Weight":1,"CFrame":[-0.15222328901290894,0.1485932469367981,0.5415290594100952,0.9032959938049316,0.33806079626083376,0.26414239406585696,-0.3128906190395355,0.09787856042385102,0.9447323679924011,0.29352301359176638,-0.9360206723213196,0.19418936967849732],"EasingStyle":"Linear","EasingDirection":"In"},"Head":{"Weight":1,"CFrame":[5.960464477539063e-8,1.862645149230957e-8,-1.7881393432617188e-7,0.8945406675338745,0.4462776184082031,-0.02516578510403633,-0.4469139277935028,0.8919610977172852,-0.068362295627594,-0.008061669766902924,0.07239983230829239,0.997343122959137],"EasingStyle":"Linear","EasingDirection":"In"},"Torso":{"Weight":1,"CFrame":[0.10096289962530136,0.1931666135787964,-0.18465089797973634,0.896147608757019,-0.4430796205997467,-0.02449263259768486,0.43539342284202578,0.8672545552253723,0.2414582520723343,-0.08574388921260834,-0.2270461767911911,0.970102071762085],"EasingStyle":"Linear","EasingDirection":"In"},"HumanoidRootPart":{"Weight":0,"CFrame":[0,0,0,1,0,0,0,1,0,0,0,1],"EasingStyle":"Linear","EasingDirection":"In"},"Right Leg":{"Weight":1,"CFrame":[0.948246419429779,-0.007326722145080566,-0.3026707172393799,0.7181214690208435,0.6118028163909912,0.3316608667373657,-0.6310378909111023,0.773402750492096,-0.060327090322971347,-0.2934156060218811,-0.16596843302249909,0.941467821598053],"EasingStyle":"Linear","EasingDirection":"In"}}},{"Time":0.3333333432674408,"poses":{"Left Leg":{"Weight":1,"CFrame":[-0.5166196227073669,0.27448761463165285,0.30798280239105227,0.4915464222431183,-0.7070519328117371,0.508389413356781,0.5328132510185242,0.7059428691864014,0.46664196252822878,-0.6888338923454285,0.041500434279441836,0.7237302660942078],"EasingStyle":"Linear","EasingDirection":"In"},"Right Arm":{"Weight":1,"CFrame":[1.1173925399780274,-0.19792452454566956,-0.5435017943382263,-0.9087440371513367,-0.41440844535827639,0.04949743300676346,0.11902695149183274,-0.1436668187379837,0.9824420809745789,-0.4000210464000702,0.8986798524856567,0.1798820048570633],"EasingStyle":"Linear","EasingDirection":"In"},"Left Arm":{"Weight":1,"CFrame":[-0.2105150818824768,0.24197012186050416,0.5814261436462402,0.8343918323516846,0.3440442383289337,0.43060868978500368,-0.43802663683891299,-0.06029297411441803,0.8969378471374512,0.3345489203929901,-0.9370156526565552,0.10039263218641281],"EasingStyle":"Linear","EasingDirection":"In"},"Head":{"Weight":1,"CFrame":[1.2665987014770509e-7,1.4156103134155274e-7,-5.960464477539063e-8,0.8815629482269287,0.47162505984306338,-0.020409153774380685,-0.4718744456768036,0.879147469997406,-0.06659027934074402,-0.013462997041642666,0.06833408027887345,0.9975716471672058],"EasingStyle":"Linear","EasingDirection":"In"},"Torso":{"Weight":1,"CFrame":[0.10963574051856995,0.2131105661392212,-0.19368720054626466,0.9399957060813904,-0.34085074067115786,-0.01512833684682846,0.332358181476593,0.9047515392303467,0.2663882374763489,-0.07711125165224076,-0.2554318308830261,0.9637470841407776],"EasingStyle":"Linear","EasingDirection":"In"},"HumanoidRootPart":{"Weight":0,"CFrame":[0,0,0,1,0,0,0,1,0,0,0,1],"EasingStyle":"Linear","EasingDirection":"In"},"Right Leg":{"Weight":1,"CFrame":[0.9180735349655151,-0.08805859088897705,-0.24848461151123048,0.6811078190803528,0.6768136620521545,0.27931255102157595,-0.7024108171463013,0.711676299571991,-0.011652892455458641,-0.2066669762134552,-0.18825532495975495,0.9601294994354248],"EasingStyle":"Linear","EasingDirection":"In"}}},{"Time":0.36666667461395266,"poses":{"Left Leg":{"Weight":1,"CFrame":[-0.5540758967399597,0.24169862270355225,0.24475526809692384,0.5970308780670166,-0.6771368384361267,0.4301627576351166,0.5175195336341858,0.7348155975341797,0.4384283423423767,-0.6129662990570068,-0.039137598127126697,0.7891391515731812],"EasingStyle":"Linear","EasingDirection":"In"},"Right Arm":{"Weight":1,"CFrame":[1.1158636808395386,-0.04675588011741638,-0.48964422941207888,-0.8902758359909058,-0.42959511280059817,-0.15118557214736939,-0.030069559812545778,-0.2757962644100189,0.9607456922531128,-0.45442795753479006,0.8598746657371521,0.23261690139770509],"EasingStyle":"Linear","EasingDirection":"In"},"Left Arm":{"Weight":1,"CFrame":[-0.29403603076934817,0.3486682176589966,0.5670878887176514,0.7038179039955139,0.42986419796943667,0.5655592083930969,-0.5234472155570984,-0.2244071513414383,0.8219759464263916,0.4802534580230713,-0.8745617270469666,0.06706946343183518],"EasingStyle":"Linear","EasingDirection":"In"},"Head":{"Weight":1,"CFrame":[9.12696123123169e-8,5.21540641784668e-8,-2.384185791015625e-7,0.8504375219345093,0.5258723497390747,-0.014639378525316716,-0.5257167816162109,0.8484991788864136,-0.06058857589960098,-0.019440358504652978,0.05922297015786171,0.9980554580688477],"EasingStyle":"Linear","EasingDirection":"In"},"Torso":{"Weight":1,"CFrame":[0.11461818218231201,0.22542279958724976,-0.21574664115905763,0.9603277444839478,-0.2787317633628845,-0.008900287561118603,0.26985567808151247,0.9207490086555481,0.2817785143852234,-0.0703456923365593,-0.2730015218257904,0.9594382047653198],"EasingStyle":"Linear","EasingDirection":"In"},"HumanoidRootPart":{"Weight":0,"CFrame":[0,0,0,1,0,0,0,1,0,0,0,1],"EasingStyle":"Linear","EasingDirection":"In"},"Right Leg":{"Weight":1,"CFrame":[0.811657726764679,-0.12959527969360352,-0.10121661424636841,0.6756134629249573,0.7241020202636719,0.13864634931087495,-0.7367708086967468,0.6699442267417908,0.09134235233068466,-0.026744045317173005,-0.16386274993419648,0.9861205816268921],"EasingStyle":"Linear","EasingDirection":"In"}}},{"Time":0.4000000059604645,"poses":{"Left Leg":{"Weight":1,"CFrame":[-0.5924171805381775,0.2155545949935913,0.16879212856292725,0.696277916431427,-0.6362491846084595,0.33224084973335268,0.49623942375183108,0.7611388564109802,0.4176291823387146,-0.5185976028442383,-0.12591494619846345,0.8456960916519165],"EasingStyle":"Linear","EasingDirection":"In"},"Right Arm":{"Weight":1,"CFrame":[1.1051609516143799,0.23339790105819703,-0.348099946975708,-0.7379876375198364,-0.5048277378082275,-0.4477981925010681,-0.22619512677192689,-0.44014015793800356,0.8689720630645752,-0.6357751488685608,0.7425803542137146,0.2106284201145172],"EasingStyle":"Linear","EasingDirection":"In"},"Left Arm":{"Weight":1,"CFrame":[-0.39472538232803347,0.4616174101829529,0.5291248559951782,0.5022760033607483,0.4963599443435669,0.7080574631690979,-0.576725959777832,-0.41781628131866457,0.7020092010498047,0.6442871689796448,-0.7609575390815735,0.07640465348958969],"EasingStyle":"Linear","EasingDirection":"In"},"Head":{"Weight":1,"CFrame":[8.288770914077759e-8,-6.51925802230835e-8,1.1920928955078126e-7,0.815973162651062,0.5780255198478699,-0.008624772541224957,-0.5776327252388,0.8146440386772156,-0.05191735550761223,-0.022983446717262269,0.047345150262117389,0.9986141324043274],"EasingStyle":"Linear","EasingDirection":"In"},"Torso":{"Weight":1,"CFrame":[0.11776360869407654,0.22988146543502809,-0.2604506015777588,0.9709966778755188,-0.23904123902320863,-0.0049685100093483929,0.230348601937294,0.9297141432762146,0.2873518168926239,-0.06406965106725693,-0.28016218543052676,0.9578121900558472],"EasingStyle":"Linear","EasingDirection":"In"},"HumanoidRootPart":{"Weight":0,"CFrame":[0,0,0,1,0,0,0,1,0,0,0,1],"EasingStyle":"Linear","EasingDirection":"In"},"Right Leg":{"Weight":1,"CFrame":[0.6610442399978638,-0.09345889091491699,0.05313992500305176,0.6684175133705139,0.7423312067985535,-0.04650076478719711,-0.7158259749412537,0.6590127348899841,0.23085810244083405,0.20201782882213593,-0.12102314084768295,0.9718756079673767],"EasingStyle":"Linear","EasingDirection":"In"}}},{"Time":0.4333333373069763,"poses":{"Left Leg":{"Weight":1,"CFrame":[-0.6678574681282044,0.1956903338432312,0.07915818691253662,0.766984760761261,-0.6088269948959351,0.202642560005188,0.5010111331939697,0.7655237913131714,0.4036844074726105,-0.40090182423591616,-0.20809364318847657,0.892174243927002],"EasingStyle":"Linear","EasingDirection":"In"},"Right Arm":{"Weight":1,"CFrame":[1.0761102437973023,0.5344741344451904,-0.14890986680984498,-0.4163801372051239,-0.5471100211143494,-0.7261529564857483,-0.36316779255867007,-0.6321144104003906,0.6845003366470337,-0.8335087299346924,0.5487276315689087,0.06450702250003815],"EasingStyle":"Linear","EasingDirection":"In"},"Left Arm":{"Weight":1,"CFrame":[-0.5016418695449829,0.572555422782898,0.4751150608062744,0.25053760409355166,0.5119081139564514,0.8216939568519592,-0.566095232963562,-0.611066460609436,0.5532936453819275,0.785345196723938,-0.6037780046463013,0.13669365644454957],"EasingStyle":"Linear","EasingDirection":"In"},"Head":{"Weight":1,"CFrame":[1.0617077350616455e-7,1.1734664440155029e-7,-1.1920928955078126e-7,0.7992375493049622,0.6010035872459412,-0.003753985045477748,-0.6006114482879639,0.7984560132026672,-0.041639477014541629,-0.022028084844350816,0.03553451970219612,0.9991256594657898],"EasingStyle":"Linear","EasingDirection":"In"},"Torso":{"Weight":1,"CFrame":[0.12104325741529465,0.22200912237167359,-0.3286879062652588,0.9794946908950806,-0.20146822929382325,-0.0008689551614224911,0.19379130005836488,0.9409741759300232,0.2775114178657532,-0.055092066526412967,-0.2719893455505371,0.9607219696044922],"EasingStyle":"Linear","EasingDirection":"In"},"HumanoidRootPart":{"Weight":0,"CFrame":[0,0,0,1,0,0,0,1,0,0,0,1],"EasingStyle":"Linear","EasingDirection":"In"},"Right Leg":{"Weight":1,"CFrame":[0.5540481209754944,-0.006031990051269531,0.1485600471496582,0.6428530216217041,0.7377999424934387,-0.2058911919593811,-0.6542341113090515,0.6686557531356812,0.35337963700294497,0.3983938694000244,-0.09247013926506043,0.9125413298606873],"EasingStyle":"Linear","EasingDirection":"In"}}},{"Time":0.46666666865348818,"poses":{"Left Leg":{"Weight":1,"CFrame":[-0.7450098395347595,0.18805909156799317,0.014694809913635254,0.7808733582496643,-0.614713191986084,0.11119541525840759,0.5319939851760864,0.747685432434082,0.39742788672447207,-0.3274434208869934,-0.25118550658226015,0.9108713865280151],"EasingStyle":"Linear","EasingDirection":"In"},"Right Arm":{"Weight":1,"CFrame":[1.0195386409759522,0.7484124898910523,0.07788598537445069,-0.034261707216501239,-0.5016753673553467,-0.8643771409988403,-0.3667328655719757,-0.7982409000396729,0.4778270125389099,-0.929695188999176,0.33336660265922549,-0.15663179755210877],"EasingStyle":"Linear","EasingDirection":"In"},"Left Arm":{"Weight":1,"CFrame":[-0.6038450598716736,0.6732217073440552,0.4126361608505249,-0.004626651760190725,0.47083574533462527,0.8822087645530701,-0.48995673656463625,-0.7701356410980225,0.4084526598453522,0.8717344403266907,-0.4303542673587799,0.23425231873989106],"EasingStyle":"Linear","EasingDirection":"In"},"Head":{"Weight":1,"CFrame":[1.043081283569336e-7,9.872019290924072e-8,-2.980232238769531e-7,0.8148947358131409,0.5796011090278626,-0.0030263783410191538,-0.5794188976287842,0.8144826889038086,-0.029860729351639749,-0.014842364005744458,0.02608688361942768,0.9995495080947876],"EasingStyle":"Linear","EasingDirection":"In"},"Torso":{"Weight":1,"CFrame":[0.12555651366710664,0.20216280221939088,-0.39229583740234377,0.9894766211509705,-0.14461395144462586,0.004772618878632784,0.13872841000556947,0.9575465321540833,0.25270354747772219,-0.04111446067690849,-0.2493821531534195,0.9675319790840149],"EasingStyle":"Linear","EasingDirection":"In"},"HumanoidRootPart":{"Weight":0,"CFrame":[0,0,0,1,0,0,0,1,0,0,0,1],"EasingStyle":"Linear","EasingDirection":"In"},"Right Leg":{"Weight":1,"CFrame":[0.5509108304977417,0.0917920470237732,0.1855982542037964,0.6340699195861816,0.716302752494812,-0.2913168966770172,-0.5926346778869629,0.6921452879905701,0.41196972131729128,0.496728777885437,-0.08857318758964539,0.8633744120597839],"EasingStyle":"Linear","EasingDirection":"In"}}},{"Time":0.5,"poses":{"Left Leg":{"Weight":1,"CFrame":[-0.7448359131813049,0.1895546317100525,0.0410228967666626,0.7581489086151123,-0.6369214653968811,0.13979031145572663,0.5483687520027161,0.7387446165084839,0.39185208082199099,-0.3528483510017395,-0.2204255908727646,0.9093462824821472],"EasingStyle":"Linear","EasingDirection":"In"},"Right Arm":{"Weight":1,"CFrame":[0.9054420590400696,0.8429539203643799,0.2993844747543335,0.25923460721969607,-0.39909639954566958,-0.8794994950294495,-0.28523552417755129,-0.9016476273536682,0.3250729441642761,-0.9227340221405029,0.16659432649612428,-0.34757474064826968],"EasingStyle":"Linear","EasingDirection":"In"},"Left Arm":{"Weight":1,"CFrame":[-0.6903935074806213,0.7553553581237793,0.349265456199646,-0.21883872151374818,0.396055668592453,0.8917675614356995,-0.37649285793304446,-0.8774222135543823,0.2972937524318695,0.9002014994621277,-0.27068471908569338,0.34112608432769778],"EasingStyle":"Linear","EasingDirection":"In"},"Head":{"Weight":1,"CFrame":[8.195638656616211e-8,3.4458935260772708e-8,0,0.8473625779151917,0.5309782028198242,-0.006230587605386972,-0.5310024619102478,0.8472048044204712,-0.016745761036872865,-0.003613037522882223,0.017498191446065904,0.9998403787612915],"EasingStyle":"Linear","EasingDirection":"In"},"Torso":{"Weight":1,"CFrame":[0.1278604418039322,0.17288541793823243,-0.4163644313812256,0.9983935356140137,-0.05614037066698074,0.007652517408132553,0.05316408351063728,0.9749212265014648,0.2161068171262741,-0.01959291845560074,-0.21535280346870423,0.9763397574424744],"EasingStyle":"Linear","EasingDirection":"In"},"HumanoidRootPart":{"Weight":0,"CFrame":[0,0,0,1,0,0,0,1,0,0,0,1],"EasingStyle":"Linear","EasingDirection":"In"},"Right Leg":{"Weight":1,"CFrame":[0.6174234747886658,0.17639857530593873,0.1530773639678955,0.6915476322174072,0.6662566065788269,-0.27904120087623598,-0.5406951904296875,0.7336224317550659,0.4116392135620117,0.47896820306777956,-0.13379187881946565,0.8675765991210938],"EasingStyle":"Linear","EasingDirection":"In"}}},{"Time":0.5333333611488342,"poses":{"Left Leg":{"Weight":1,"CFrame":[-0.6673259735107422,0.18395709991455079,0.10834848880767822,0.7404294013977051,-0.6330975890159607,0.22572462260723115,0.5315994620323181,0.7571093440055847,0.3797203600406647,-0.41129830479621889,-0.16116102039813996,0.897140383720398],"EasingStyle":"Linear","EasingDirection":"In"},"Right Arm":{"Weight":1,"CFrame":[0.7423318028450012,0.8777844905853272,0.4712400436401367,0.4375559091567993,-0.2924708127975464,-0.8502973318099976,-0.1881203055381775,-0.9544733166694641,0.23149850964546204,-0.8792926669120789,0.05866461992263794,-0.47265514731407168],"EasingStyle":"Linear","EasingDirection":"In"},"Left Arm":{"Weight":1,"CFrame":[-0.7503461837768555,0.8106932640075684,0.29258108139038088,-0.3716530203819275,0.3211417496204376,0.87105792760849,-0.26155292987823489,-0.9364780187606812,0.23366455733776093,0.8907660245895386,-0.14098557829856873,0.43204039335250857],"EasingStyle":"Linear","EasingDirection":"In"},"Head":{"Weight":1,"CFrame":[7.846392691135407e-8,-7.171183824539185e-8,0,0.8768942356109619,0.4805797040462494,-0.009981752373278141,-0.48062774538993838,0.8769195675849915,-0.0030034638475626709,0.007309804670512676,0.007431225385516882,0.9999457001686096],"EasingStyle":"Linear","EasingDirection":"In"},"Torso":{"Weight":1,"CFrame":[0.1256452202796936,0.14560282230377198,-0.3926980495452881,0.9996994733810425,0.024022812023758889,0.004883503075689077,-0.024510420858860017,0.9829923510551453,0.18200354278087617,-0.00042820838280022144,-0.18206854164600373,0.9832857251167297],"EasingStyle":"Linear","EasingDirection":"In"},"HumanoidRootPart":{"Weight":0,"CFrame":[0,0,0,1,0,0,0,1,0,0,0,1],"EasingStyle":"Linear","EasingDirection":"In"},"Right Leg":{"Weight":1,"CFrame":[0.6540026068687439,0.21754789352416993,0.09138166904449463,0.7695896625518799,0.5979318618774414,-0.2240738421678543,-0.4891164302825928,0.7775985598564148,0.39510220289230349,0.4104836583137512,-0.1944683939218521,0.8908901214599609],"EasingStyle":"Linear","EasingDirection":"In"}}},{"Time":0.5666666626930237,"poses":{"Left Leg":{"Weight":1,"CFrame":[-0.558612585067749,0.15548813343048097,0.1665273904800415,0.7163873314857483,-0.6246776580810547,0.3107523024082184,0.5137906670570374,0.773661732673645,0.3707648515701294,-0.4720257520675659,-0.10594967752695084,0.8751950860023499],"EasingStyle":"Linear","EasingDirection":"In"},"Right Arm":{"Weight":1,"CFrame":[0.5788063406944275,0.8827602863311768,0.5462464094161987,0.5260335803031921,-0.21191678941249848,-0.8236381411552429,-0.09991281479597092,-0.9771502017974854,0.18760326504707337,-0.844574511051178,-0.016393614932894708,-0.5351871252059937],"EasingStyle":"Linear","EasingDirection":"In"},"Left Arm":{"Weight":1,"CFrame":[-0.7727616429328919,0.8309751749038696,0.2501605749130249,-0.4625902473926544,0.2752455174922943,0.8427634835243225,-0.17160187661647798,-0.9604077339172363,0.21947631239891053,0.8698063492774963,-0.04309212043881416,0.49150776863098147],"EasingStyle":"Linear","EasingDirection":"In"},"Head":{"Weight":1,"CFrame":[8.009374141693115e-8,4.377216100692749e-8,-2.384185791015625e-7,0.8893075585365295,0.4572002589702606,-0.010001463815569878,-0.4570946991443634,0.8893474340438843,0.011204898357391358,0.014017662964761258,-0.00539297005161643,0.999887228012085],"EasingStyle":"Linear","EasingDirection":"In"},"Torso":{"Weight":1,"CFrame":[0.12608885765075684,0.12731319665908814,-0.3422212600708008,0.9939646124839783,0.10956632345914841,0.005438037682324648,-0.10903176665306092,0.9812166094779968,0.15914154052734376,0.012100661173462868,-0.1587739735841751,0.9872407913208008],"EasingStyle":"Linear","EasingDirection":"In"},"HumanoidRootPart":{"Weight":0,"CFrame":[0,0,0,1,0,0,0,1,0,0,0,1],"EasingStyle":"Linear","EasingDirection":"In"},"Right Leg":{"Weight":1,"CFrame":[0.6576066613197327,0.22748887538909913,0.030528545379638673,0.8430711030960083,0.5145058631896973,-0.15657205879688264,-0.4324241876602173,0.8216077089309692,0.37144333124160769,0.31975066661834719,-0.24544757604599,0.9151585102081299],"EasingStyle":"Linear","EasingDirection":"In"}}},{"Time":0.6000000238418579,"poses":{"Left Leg":{"Weight":1,"CFrame":[-0.49321722984313967,0.12346386909484863,0.1601886749267578,0.7401694655418396,-0.593707263469696,0.31569114327430727,0.48772138357162478,0.7972144484519959,0.3557763397693634,-0.46290063858032229,-0.10936546325683594,0.879637598991394],"EasingStyle":"Linear","EasingDirection":"In"},"Right Arm":{"Weight":1,"CFrame":[0.4540533721446991,0.8755708932876587,0.5538787841796875,0.5699658989906311,-0.1675158143043518,-0.8044111132621765,-0.018397079780697824,-0.9813537001609802,0.1913284808397293,-0.8214623332023621,-0.09425188601016998,-0.5624199509620667],"EasingStyle":"Linear","EasingDirection":"In"},"Left Arm":{"Weight":1,"CFrame":[-0.765119194984436,0.8269035816192627,0.2269526720046997,-0.5201004147529602,0.25923192501068118,0.8138146996498108,-0.10556419938802719,-0.965032160282135,0.23993568122386933,0.8475563526153565,0.03888097032904625,0.5292792916297913],"EasingStyle":"Linear","EasingDirection":"In"},"Head":{"Weight":1,"CFrame":[7.450580596923828e-8,6.798654794692993e-8,1.1920928955078126e-7,0.8867801427841187,0.4621652066707611,-0.004925190471112728,-0.4618973135948181,0.8865455985069275,0.02622542530298233,0.016486898064613344,-0.020981233566999437,0.9996439218521118],"EasingStyle":"Linear","EasingDirection":"In"},"Torso":{"Weight":1,"CFrame":[0.12285605818033219,0.12419182062149048,-0.2785024642944336,0.9931370615959168,0.11688470095396042,0.004088606219738722,-0.11609899997711182,0.9810308814048767,0.15523980557918549,0.014134109020233155,-0.15464907884597779,0.9878683686256409],"EasingStyle":"Linear","EasingDirection":"In"},"HumanoidRootPart":{"Weight":0,"CFrame":[0,0,0,1,0,0,0,1,0,0,0,1],"EasingStyle":"Linear","EasingDirection":"In"},"Right Leg":{"Weight":1,"CFrame":[0.6017071008682251,0.1940220594406128,0.03424358367919922,0.864203929901123,0.47884681820869448,-0.15445780754089356,-0.40328365564346316,0.8428028225898743,0.35643476247787478,0.3008551597595215,-0.24574202299118043,0.9214646220207214],"EasingStyle":"Linear","EasingDirection":"In"}}},{"Time":0.6333333253860474,"poses":{"Left Leg":{"Weight":1,"CFrame":[-0.4213583469390869,0.09788578748703003,0.1515713930130005,0.7624474167823792,-0.5589845180511475,0.3258991539478302,0.45636752247810366,0.8216202855110169,0.34156814217567446,-0.4586966931819916,-0.1116979643702507,0.8815446496009827],"EasingStyle":"Linear","EasingDirection":"In"},"Right Arm":{"Weight":1,"CFrame":[0.36961883306503298,0.8553816080093384,0.5566905736923218,0.6026315689086914,-0.1560806781053543,-0.7826071977615356,0.05866294354200363,-0.9693689942359924,0.23850035667419434,-0.7958604097366333,-0.18963785469532014,-0.5750161409378052],"EasingStyle":"Linear","EasingDirection":"In"},"Left Arm":{"Weight":1,"CFrame":[-0.7460135221481323,0.8154215812683106,0.21738910675048829,-0.5707421898841858,0.25609245896339419,0.7801730632781982,-0.0512874610722065,-0.95938485