{"Sequence":[{"Time":0,"poses":{"Left Leg":{"Weight":1,"CFrame":[-0.21507294476032258,0.17722094058990479,0.01167452335357666,0.9891808032989502,-0.01490992121398449,0.14594195783138276,-0.015166455879807473,0.9790976643562317,0.20282448828220368,-0.14591555297374726,-0.20284344255924226,0.9682785272598267],"EasingStyle":"Constant","EasingDirection":"In"},"Right Arm":{"Weight":1,"CFrame":[0.010556817054748536,-0.19403666257858277,-0.04993605613708496,0.8975478410720825,-0.0351945161819458,-0.43951019644737246,0.18263430893421174,0.9369508028030396,0.29793936014175417,0.40131354331970217,-0.3476846516132355,0.8473859429359436],"EasingStyle":"Constant","EasingDirection":"In"},"Head":{"Weight":1,"CFrame":[8.742273394091171e-8,-1.4901161193847657e-8,-1.7881393432617188e-7,1,-4.839320766336641e-8,8.609480772747702e-8,6.260732732243923e-8,0.9848098158836365,-0.17363707721233369,-7.638413990207482e-8,0.17363707721233369,0.9848098158836365],"EasingStyle":"Constant","EasingDirection":"In"},"Right Leg":{"Weight":1,"CFrame":[0.1729895919561386,0.17427200078964234,0.028353095054626466,0.9750784039497376,0.012647535651922226,-0.22149969637393952,0.029942424967885019,0.9817377328872681,0.18786843121051789,0.2198307067155838,-0.18981873989105225,0.9568926095962524],"EasingStyle":"Constant","EasingDirection":"In"},"Torso":{"Weight":1,"CFrame":[-9.650243059345794e-18,0.006475210189819336,-0.10105347633361817,1,-3.2790442438094739e-19,-8.742277657347586e-8,-4.749334259201987e-9,0.9985232353210449,-0.054326049983501437,8.729367095838825e-8,0.054326049983501437,0.9985232353210449],"EasingStyle":"Constant","EasingDirection":"In"},"HumanoidRootPart":{"Weight":0,"CFrame":[0,0,0,1,0,0,0,1,0,0,0,1],"EasingStyle":"Linear","EasingDirection":"In"},"Left Arm":{"Weight":1,"CFrame":[0.7068557143211365,-0.18293076753616334,0.3551006317138672,0.5045128464698792,0.31638845801353457,-0.8033462166786194,-0.5791943073272705,0.8140472769737244,-0.04313941299915314,0.6403130292892456,0.48705798387527468,0.59394770860672],"EasingStyle":"Constant","EasingDirection":"In"}}},{"Time":0.0416666679084301,"poses":{"Left Leg":{"Weight":1,"CFrame":[-0.21507294476032258,0.17722094058990479,0.01167452335357666,0.9891808032989502,-0.01490992121398449,0.14594195783138276,-0.015166455879807473,0.9790976643562317,0.20282448828220368,-0.14591555297374726,-0.20284344255924226,0.9682785272598267],"EasingStyle":"Constant","EasingDirection":"In"},"Right Arm":{"Weight":1,"CFrame":[0.010556817054748536,-0.19403666257858277,-0.04993605613708496,0.8975478410720825,-0.0351945161819458,-0.43951019644737246,0.18263430893421174,0.9369508028030396,0.29793936014175417,0.40131354331970217,-0.3476846516132355,0.8473859429359436],"EasingStyle":"Constant","EasingDirection":"In"},"Head":{"Weight":1,"CFrame":[8.742273394091171e-8,-1.4901161193847657e-8,-1.7881393432617188e-7,1,-4.839320766336641e-8,8.609480772747702e-8,6.260732732243923e-8,0.9848098158836365,-0.17363707721233369,-7.638413990207482e-8,0.17363707721233369,0.9848098158836365],"EasingStyle":"Constant","EasingDirection":"In"},"Right Leg":{"Weight":1,"CFrame":[0.1729895919561386,0.17427200078964234,0.028353095054626466,0.9750784039497376,0.012647535651922226,-0.22149969637393952,0.029942424967885019,0.9817377328872681,0.18786843121051789,0.2198307067155838,-0.18981873989105225,0.9568926095962524],"EasingStyle":"Constant","EasingDirection":"In"},"Torso":{"Weight":1,"CFrame":[-9.650243059345794e-18,0.006475210189819336,-0.10105347633361817,1,-3.2790442438094739e-19,-8.742277657347586e-8,-4.749334259201987e-9,0.9985232353210449,-0.054326049983501437,8.729367095838825e-8,0.054326049983501437,0.9985232353210449],"EasingStyle":"Constant","EasingDirection":"In"},"HumanoidRootPart":{"Weight":0,"CFrame":[0,0,0,1,0,0,0,1,0,0,0,1],"EasingStyle":"Linear","EasingDirection":"In"},"Left Arm":{"Weight":1,"CFrame":[0.7068557143211365,-0.18293076753616334,0.3551006317138672,0.5045128464698792,0.31638845801353457,-0.8033462166786194,-0.5791943073272705,0.8140472769737244,-0.04313941299915314,0.6403130292892456,0.48705798387527468,0.59394770860672],"EasingStyle":"Constant","EasingDirection":"In"}}},{"Time":0.0833333358168602,"poses":{"Left Leg":{"Weight":1,"CFrame":[-0.21507294476032258,0.17722094058990479,0.01167452335357666,0.9891808032989502,-0.01490992121398449,0.14594195783138276,-0.015166455879807473,0.9790976643562317,0.20282448828220368,-0.14591555297374726,-0.20284344255924226,0.9682785272598267],"EasingStyle":"Constant","EasingDirection":"In"},"Right Arm":{"Weight":1,"CFrame":[0.010556817054748536,-0.19403666257858277,-0.04993605613708496,0.8975478410720825,-0.0351945161819458,-0.43951019644737246,0.18263430893421174,0.9369508028030396,0.29793936014175417,0.40131354331970217,-0.3476846516132355,0.8473859429359436],"EasingStyle":"Constant","EasingDirection":"In"},"Head":{"Weight":1,"CFrame":[8.742273394091171e-8,-1.4901161193847657e-8,-1.7881393432617188e-7,1,-4.839320766336641e-8,8.609480772747702e-8,6.260732732243923e-8,0.9848098158836365,-0.17363707721233369,-7.638413990207482e-8,0.17363707721233369,0.9848098158836365],"EasingStyle":"Constant","EasingDirection":"In"},"Right Leg":{"Weight":1,"CFrame":[0.1729895919561386,0.17427200078964234,0.028353095054626466,0.9750784039497376,0.012647535651922226,-0.22149969637393952,0.029942424967885019,0.9817377328872681,0.18786843121051789,0.2198307067155838,-0.18981873989105225,0.9568926095962524],"EasingStyle":"Constant","EasingDirection":"In"},"Torso":{"Weight":1,"CFrame":[-9.650243059345794e-18,0.006475210189819336,-0.10105347633361817,1,-3.2790442438094739e-19,-8.742277657347586e-8,-4.749334259201987e-9,0.9985232353210449,-0.054326049983501437,8.729367095838825e-8,0.054326049983501437,0.9985232353210449],"EasingStyle":"Constant","EasingDirection":"In"},"HumanoidRootPart":{"Weight":0,"CFrame":[0,0,0,1,0,0,0,1,0,0,0,1],"EasingStyle":"Linear","EasingDirection":"In"},"Left Arm":{"Weight":1,"CFrame":[0.7068557143211365,-0.18293076753616334,0.3551006317138672,0.5045128464698792,0.31638845801353457,-0.8033462166786194,-0.5791943073272705,0.8140472769737244,-0.04313941299915314,0.6403130292892456,0.48705798387527468,0.59394770860672],"EasingStyle":"Constant","EasingDirection":"In"}}},{"Time":0.125,"poses":{"Left Leg":{"Weight":1,"CFrame":[-0.21507294476032258,0.17722094058990479,0.01167452335357666,0.9891808032989502,-0.01490992121398449,0.14594195783138276,-0.015166455879807473,0.9790976643562317,0.20282448828220368,-0.14591555297374726,-0.20284344255924226,0.9682785272598267],"EasingStyle":"Constant","EasingDirection":"In"},"Right Arm":{"Weight":1,"CFrame":[0.010556817054748536,-0.19403666257858277,-0.04993605613708496,0.8975478410720825,-0.0351945161819458,-0.43951019644737246,0.18263430893421174,0.9369508028030396,0.29793936014175417,0.40131354331970217,-0.3476846516132355,0.8473859429359436],"EasingStyle":"Constant","EasingDirection":"In"},"Head":{"Weight":1,"CFrame":[8.742273394091171e-8,-1.4901161193847657e-8,-1.7881393432617188e-7,1,-4.839320766336641e-8,8.609480772747702e-8,6.260732732243923e-8,0.9848098158836365,-0.17363707721233369,-7.638413990207482e-8,0.17363707721233369,0.9848098158836365],"EasingStyle":"Constant","EasingDirection":"In"},"Right Leg":{"Weight":1,"CFrame":[0.1729895919561386,0.17427200078964234,0.028353095054626466,0.9750784039497376,0.012647535651922226,-0.22149969637393952,0.029942424967885019,0.9817377328872681,0.18786843121051789,0.2198307067155838,-0.18981873989105225,0.9568926095962524],"EasingStyle":"Constant","EasingDirection":"In"},"Torso":{"Weight":1,"CFrame":[-9.650243059345794e-18,0.006475210189819336,-0.10105347633361817,1,-3.2790442438094739e-19,-8.742277657347586e-8,-4.749334259201987e-9,0.9985232353210449,-0.054326049983501437,8.729367095838825e-8,0.054326049983501437,0.9985232353210449],"EasingStyle":"Constant","EasingDirection":"In"},"HumanoidRootPart":{"Weight":0,"CFrame":[0,0,0,1,0,0,0,1,0,0,0,1],"EasingStyle":"Linear","EasingDirection":"In"},"Left Arm":{"Weight":1,"CFrame":[0.7068557143211365,-0.18293076753616334,0.3551006317138672,0.5045128464698792,0.31638845801353457,-0.8033462166786194,-0.5791943073272705,0.8140472769737244,-0.04313941299915314,0.6403130292892456,0.48705798387527468,0.59394770860672],"EasingStyle":"Constant","EasingDirection":"In"}}},{"Time":0.1666666716337204,"poses":{"Left Leg":{"Weight":1,"CFrame":[-0.21507294476032258,0.17722094058990479,0.01167452335357666,0.9891808032989502,-0.01490992121398449,0.14594195783138276,-0.015166455879807473,0.9790976643562317,0.20282448828220368,-0.14591555297374726,-0.20284344255924226,0.9682785272598267],"EasingStyle":"Constant","EasingDirection":"In"},"Right Arm":{"Weight":1,"CFrame":[0.010556817054748536,-0.19403666257858277,-0.04993605613708496,0.8975478410720825,-0.0351945161819458,-0.43951019644737246,0.18263430893421174,0.9369508028030396,0.29793936014175417,0.40131354331970217,-0.3476846516132355,0.8473859429359436],"EasingStyle":"Constant","EasingDirection":"In"},"Head":{"Weight":1,"CFrame":[8.742273394091171e-8,-1.4901161193847657e-8,-1.7881393432617188e-7,1,-4.839320766336641e-8,8.609480772747702e-8,6.260732732243923e-8,0.9848098158836365,-0.17363707721233369,-7.638413990207482e-8,0.17363707721233369,0.9848098158836365],"EasingStyle":"Constant","EasingDirection":"In"},"Right Leg":{"Weight":1,"CFrame":[0.1729895919561386,0.17427200078964234,0.028353095054626466,0.9750784039497376,0.012647535651922226,-0.22149969637393952,0.029942424967885019,0.9817377328872681,0.18786843121051789,0.2198307067155838,-0.18981873989105225,0.9568926095962524],"EasingStyle":"Constant","EasingDirection":"In"},"Torso":{"Weight":1,"CFrame":[-9.650243059345794e-18,0.006475210189819336,-0.10105347633361817,1,-3.2790442438094739e-19,-8.742277657347586e-8,-4.749334259201987e-9,0.9985232353210449,-0.054326049983501437,8.729367095838825e-8,0.054326049983501437,0.9985232353210449],"EasingStyle":"Constant","EasingDirection":"In"},"HumanoidRootPart":{"Weight":0,"CFrame":[0,0,0,1,0,0,0,1,0,0,0,1],"EasingStyle":"Linear","EasingDirection":"In"},"Left Arm":{"Weight":1,"CFrame":[0.7068557143211365,-0.18293076753616334,0.3551006317138672,0.5045128464698792,0.31638845801353457,-0.8033462166786194,-0.5791943073272705,0.8140472769737244,-0.04313941299915314,0.6403130292892456,0.48705798387527468,0.59394770860672],"EasingStyle":"Constant","EasingDirection":"In"}}},{"Time":0.2083333283662796,"poses":{"Left Leg":{"Weight":1,"CFrame":[-0.21507294476032258,0.17722094058990479,0.01167452335357666,0.9891808032989502,-0.01490992121398449,0.14594195783138276,-0.015166455879807473,0.9790976643562317,0.20282448828220368,-0.14591555297374726,-0.20284344255924226,0.9682785272598267],"EasingStyle":"Constant","EasingDirection":"In"},"Right Arm":{"Weight":1,"CFrame":[0.010556817054748536,-0.19403666257858277,-0.04993605613708496,0.8975478410720825,-0.0351945161819458,-0.43951019644737246,0.18263430893421174,0.9369508028030396,0.29793936014175417,0.40131354331970217,-0.3476846516132355,0.8473859429359436],"EasingStyle":"Constant","EasingDirection":"In"},"Head":{"Weight":1,"CFrame":[8.742273394091171e-8,-1.4901161193847657e-8,-1.7881393432617188e-7,1,-4.839320766336641e-8,8.609480772747702e-8,6.260732732243923e-8,0.9848098158836365,-0.17363707721233369,-7.638413990207482e-8,0.17363707721233369,0.9848098158836365],"EasingStyle":"Constant","EasingDirection":"In"},"Right Leg":{"Weight":1,"CFrame":[0.1729895919561386,0.17427200078964234,0.028353095054626466,0.9750784039497376,0.012647535651922226,-0.22149969637393952,0.029942424967885019,0.9817377328872681,0.18786843121051789,0.2198307067155838,-0.18981873989105225,0.9568926095962524],"EasingStyle":"Constant","EasingDirection":"In"},"Torso":{"Weight":1,"CFrame":[-9.650243059345794e-18,0.006475210189819336,-0.10105347633361817,1,-3.2790442438094739e-19,-8.742277657347586e-8,-4.749334259201987e-9,0.9985232353210449,-0.054326049983501437,8.729367095838825e-8,0.054326049983501437,0.9985232353210449],"EasingStyle":"Constant","EasingDirection":"In"},"HumanoidRootPart":{"Weight":0,"CFrame":[0,0,0,1,0,0,0,1,0,0,0,1],"EasingStyle":"Linear","EasingDirection":"In"},"Left Arm":{"Weight":1,"CFrame":[0.7068557143211365,-0.18293076753616334,0.3551006317138672,0.5045128464698792,0.31638845801353457,-0.8033462166786194,-0.5791943073272705,0.8140472769737244,-0.04313941299915314,0.6403130292892456,0.48705798387527468,0.59394770860672],"EasingStyle":"Constant","EasingDirection":"In"}}},{"Time":0.25,"poses":{"Left Leg":{"Weight":1,"CFrame":[-0.21507294476032258,0.17722094058990479,0.01167452335357666,0.9891808032989502,-0.01490992121398449,0.14594195783138276,-0.015166455879807473,0.9790976643562317,0.20282448828220368,-0.14591555297374726,-0.20284344255924226,0.9682785272598267],"EasingStyle":"Constant","EasingDirection":"In"},"Right Arm":{"Weight":1,"CFrame":[0.010556817054748536,-0.19403666257858277,-0.04993605613708496,0.8975478410720825,-0.0351945161819458,-0.43951019644737246,0.18263430893421174,0.9369508028030396,0.29793936014175417,0.40131354331970217,-0.3476846516132355,0.8473859429359436],"EasingStyle":"Constant","EasingDirection":"In"},"Head":{"Weight":1,"CFrame":[8.742273394091171e-8,-1.4901161193847657e-8,-1.7881393432617188e-7,1,-4.839320766336641e-8,8.609480772747702e-8,6.260732732243923e-8,0.9848098158836365,-0.17363707721233369,-7.638413990207482e-8,0.17363707721233369,0.9848098158836365],"EasingStyle":"Constant","EasingDirection":"In"},"Right Leg":{"Weight":1,"CFrame":[0.1729895919561386,0.17427200078964234,0.028353095054626466,0.9750784039497376,0.012647535651922226,-0.22149969637393952,0.029942424967885019,0.9817377328872681,0.18786843121051789,0.2198307067155838,-0.18981873989105225,0.9568926095962524],"EasingStyle":"Constant","EasingDirection":"In"},"Torso":{"Weight":1,"CFrame":[-9.650243059345794e-18,0.006475210189819336,-0.10105347633361817,1,-3.2790442438094739e-19,-8.742277657347586e-8,-4.749334259201987e-9,0.9985232353210449,-0.054326049983501437,8.729367095838825e-8,0.054326049983501437,0.9985232353210449],"EasingStyle":"Constant","EasingDirection":"In"},"HumanoidRootPart":{"Weight":0,"CFrame":[0,0,0,1,0,0,0,1,0,0,0,1],"EasingStyle":"Linear","EasingDirection":"In"},"Left Arm":{"Weight":1,"CFrame":[0.7068557143211365,-0.18293076753616334,0.3551006317138672,0.5045128464698792,0.31638845801353457,-0.8033462166786194,-0.5791943073272705,0.8140472769737244,-0.04313941299915314,0.6403130292892456,0.48705798387527468,0.59394770860672],"EasingStyle":"Constant","EasingDirection":"In"}}},{"Time":0.2916666567325592,"poses":{"Left Leg":{"Weight":1,"CFrame":[-0.21507294476032258,0.17722094058990479,0.01167452335357666,0.9891808032989502,-0.01490992121398449,0.14594195783138276,-0.015166455879807473,0.9790976643562317,0.20282448828220368,-0.14591555297374726,-0.20284344255924226,0.9682785272598267],"EasingStyle":"Constant","EasingDirection":"In"},"Right Arm":{"Weight":1,"CFrame":[0.010556817054748536,-0.19403666257858277,-0.04993605613708496,0.8975478410720825,-0.0351945161819458,-0.43951019644737246,0.18263430893421174,0.9369508028030396,0.29793936014175417,0.40131354331970217,-0.3476846516132355,0.8473859429359436],"EasingStyle":"Constant","EasingDirection":"In"},"Head":{"Weight":1,"CFrame":[8.742273394091171e-8,-1.4901161193847657e-8,-1.7881393432617188e-7,1,-4.839320766336641e-8,8.609480772747702e-8,6.260732732243923e-8,0.9848098158836365,-0.17363707721233369,-7.638413990207482e-8,0.17363707721233369,0.9848098158836365],"EasingStyle":"Constant","EasingDirection":"In"},"Right Leg":{"Weight":1,"CFrame":[0.1729895919561386,0.17427200078964234,0.028353095054626466,0.9750784039497376,0.012647535651922226,-0.22149969637393952,0.029942424967885019,0.9817377328872681,0.18786843121051789,0.2198307067155838,-0.18981873989105225,0.9568926095962524],"EasingStyle":"Constant","EasingDirection":"In"},"Torso":{"Weight":1,"CFrame":[-9.650243059345794e-18,0.006475210189819336,-0.10105347633361817,1,-3.2790442438094739e-19,-8.742277657347586e-8,-4.749334259201987e-9,0.9985232353210449,-0.054326049983501437,8.729367095838825e-8,0.054326049983501437,0.9985232353210449],"EasingStyle":"Constant","EasingDirection":"In"},"HumanoidRootPart":{"Weight":0,"CFrame":[0,0,0,1,0,0,0,1,0,0,0,1],"EasingStyle":"Linear","EasingDirection":"In"},"Left Arm":{"Weight":1,"CFrame":[0.7068557143211365,-0.18293076753616334,0.3551006317138672,0.5045128464698792,0.31638845801353457,-0.8033462166786194,-0.5791943073272705,0.8140472769737244,-0.04313941299915314,0.6403130292892456,0.48705798387527468,0.59394770860672],"EasingStyle":"Constant","EasingDirection":"In"}}},{"Time":0.3333333432674408,"poses":{"Left Leg":{"Weight":1,"CFrame":[-0.21507294476032258,0.17722094058990479,0.01167452335357666,0.9891808032989502,-0.01490992121398449,0.14594195783138276,-0.015166455879807473,0.9790976643562317,0.20282448828220368,-0.14591555297374726,-0.20284344255924226,0.9682785272598267],"EasingStyle":"Constant","EasingDirection":"In"},"Right Arm":{"Weight":1,"CFrame":[0.010556817054748536,-0.19403666257858277,-0.04993605613708496,0.8975478410720825,-0.0351945161819458,-0.43951019644737246,0.18263430893421174,0.9369508028030396,0.29793936014175417,0.40131354331970217,-0.3476846516132355,0.8473859429359436],"EasingStyle":"Constant","EasingDirection":"In"},"Head":{"Weight":1,"CFrame":[8.742273394091171e-8,-1.4901161193847657e-8,-1.7881393432617188e-7,1,-4.839320766336641e-8,8.609480772747702e-8,6.260732732243923e-8,0.9848098158836365,-0.17363707721233369,-7.638413990207482e-8,0.17363707721233369,0.9848098158836365],"EasingStyle":"Constant","EasingDirection":"In"},"Right Leg":{"Weight":1,"CFrame":[0.1729895919561386,0.17427200078964234,0.028353095054626466,0.9750784039497376,0.012647535651922226,-0.22149969637393952,0.029942424967885019,0.9817377328872681,0.18786843121051789,0.2198307067155838,-0.18981873989105225,0.9568926095962524],"EasingStyle":"Constant","EasingDirection":"In"},"Torso":{"Weight":1,"CFrame":[-9.650243059345794e-18,0.006475210189819336,-0.10105347633361817,1,-3.2790442438094739e-19,-8.742277657347586e-8,-4.749334259201987e-9,0.9985232353210449,-0.054326049983501437,8.729367095838825e-8,0.054326049983501437,0.9985232353210449],"EasingStyle":"Constant","EasingDirection":"In"},"HumanoidRootPart":{"Weight":0,"CFrame":[0,0,0,1,0,0,0,1,0,0,0,1],"EasingStyle":"Linear","EasingDirection":"In"},"Left Arm":{"Weight":1,"CFrame":[0.7068557143211365,-0.18293076753616334,0.3551006317138672,0.5045128464698792,0.31638845801353457,-0.8033462166786194,-0.5791943073272705,0.8140472769737244,-0.04313941299915314,0.6403130292892456,0.48705798387527468,0.59394770860672],"EasingStyle":"Constant","EasingDirection":"In"}}},{"Time":0.375,"poses":{"Left Leg":{"Weight":1,"CFrame":[-0.21507294476032258,0.17722094058990479,0.01167452335357666,0.9891808032989502,-0.01490992121398449,0.14594195783138276,-0.015166455879807473,0.9790976643562317,0.20282448828220368,-0.14591555297374726,-0.20284344255924226,0.9682785272598267],"EasingStyle":"Constant","EasingDirection":"In"},"Right Arm":{"Weight":1,"CFrame":[0.010556817054748536,-0.19403666257858277,-0.04993605613708496,0.8975478410720825,-0.0351945161819458,-0.43951019644737246,0.18263430893421174,0.9369508028030396,0.29793936014175417,0.40131354331970217,-0.3476846516132355,0.8473859429359436],"EasingStyle":"Constant","EasingDirection":"In"},"Head":{"Weight":1,"CFrame":[8.742273394091171e-8,-1.4901161193847657e-8,-1.7881393432617188e-7,1,-4.839320766336641e-8,8.609480772747702e-8,6.260732732243923e-8,0.9848098158836365,-0.17363707721233369,-7.638413990207482e-8,0.17363707721233369,0.9848098158836365],"EasingStyle":"Constant","EasingDirection":"In"},"Right Leg":{"Weight":1,"CFrame":[0.1729895919561386,0.17427200078964234,0.028353095054626466,0.9750784039497376,0.012647535651922226,-0.22149969637393952,0.029942424967885019,0.9817377328872681,0.18786843121051789,0.2198307067155838,-0.18981873989105225,0.9568926095962524],"EasingStyle":"Constant","EasingDirection":"In"},"Torso":{"Weight":1,"CFrame":[-9.650243059345794e-18,0.006475210189819336,-0.10105347633361817,1,-3.2790442438094739e-19,-8.742277657347586e-8,-4.749334259201987e-9,0.9985232353210449,-0.054326049983501437,8.729367095838825e-8,0.054326049983501437,0.9985232353210449],"EasingStyle":"Constant","EasingDirection":"In"},"HumanoidRootPart":{"Weight":0,"CFrame":[0,0,0,1,0,0,0,1,0,0,0,1],"EasingStyle":"Linear","EasingDirection":"In"},"Left Arm":{"Weight":1,"CFrame":[0.7068557143211365,-0.18293076753616334,0.3551006317138672,0.5045128464698792,0.31638845801353457,-0.8033462166786194,-0.5791943073272705,0.8140472769737244,-0.04313941299915314,0.6403130292892456,0.48705798387527468,0.59394770860672],"EasingStyle":"Constant","EasingDirection":"In"}}},{"Time":0.4166666567325592,"poses":{"Left Leg":{"Weight":1,"CFrame":[-0.30812349915504458,0.19082766771316529,0.018452048301696779,0.9789319634437561,-0.14875458180904389,0.13987286388874055,0.11427869647741318,0.9668323993682861,0.22841954231262208,-0.16921208798885346,-0.2076226770877838,0.9634626507759094],"EasingStyle":"Constant","EasingDirection":"In"},"Right Arm":{"Weight":1,"CFrame":[0.1099986732006073,-0.5135676264762878,0.1740717887878418,-0.14018923044204713,-0.5899619460105896,-0.795167863368988,0.8414748311042786,-0.49422067403793337,0.2183258831501007,-0.5217922925949097,-0.6385067701339722,0.5657225251197815],"EasingStyle":"Constant","EasingDirection":"In"},"Head":{"Weight":1,"CFrame":[7.857079964423974e-8,-1.201988197863102e-8,1.1920928955078126e-7,0.9999521374702454,0.0076058064587414269,0.006156460382044315,-0.007469367701560259,0.999732494354248,-0.02188945934176445,-0.0063213021494448189,0.02184242755174637,0.9997414946556091],"EasingStyle":"Constant","EasingDirection":"In"},"Right Leg":{"Weight":1,"CFrame":[0.9568865895271301,-0.27462708950042727,0.16010582447052003,0.0343993715941906,0.9980705976486206,-0.051689427345991138,-0.954716682434082,0.04811060056090355,0.2936008870601654,0.29552125930786135,0.03924904018640518,0.9545296430587769],"EasingStyle":"Constant","EasingDirection":"In"},"Torso":{"Weight":1,"CFrame":[0.1278209090232849,0.06802928447723389,-0.10082578659057617,0.9990634322166443,-0.0009786084992811084,0.0432586632668972,-3.8497982579599469e-9,0.9997442364692688,0.022616565227508546,-0.04326972737908363,-0.02259538136422634,0.998807966709137],"EasingStyle":"Constant","EasingDirection":"In"},"HumanoidRootPart":{"Weight":0,"CFrame":[0,0,0,1,0,0,0,1,0,0,0,1],"EasingStyle":"Linear","EasingDirection":"In"},"Left Arm":{"Weight":1,"CFrame":[-0.1099986732006073,-0.5135676264762878,0.1740717887878418,-0.1401892751455307,0.5899618268013,0.7951679229736328,-0.8414747714996338,-0.49422067403793337,0.21832579374313355,0.5217922925949097,-0.6385068297386169,0.5657225251197815],"EasingStyle":"Constant","EasingDirection":"In"}}},{"Time":0.4583333432674408,"poses":{"Left Leg":{"Weight":1,"CFrame":[-0.22916628420352937,0.16511815786361695,0.013092875480651856,0.984937846660614,-0.10253802686929703,0.13922514021396638,0.06956348568201065,0.9721381664276123,0.22384892404079438,-0.15829910337924958,-0.21079227328300477,0.9646284580230713],"EasingStyle":"Constant","EasingDirection":"In"},"Right Arm":{"Weight":1,"CFrame":[0.1108718067407608,-0.47497183084487917,0.16902613639831544,-0.2141159474849701,-0.6271471381187439,-0.7488929629325867,0.8364999890327454,-0.5136180520057678,0.19095675647258759,-0.5044028759002686,-0.5855621099472046,0.6345823407173157],"EasingStyle":"Constant","EasingDirection":"In"},"Head":{"Weight":1,"CFrame":[1.0697613817001184e-7,-8.891220204532147e-9,-1.7881393432617188e-7,0.9999521374702454,0.0076058064587414269,0.006156460382044315,-0.007469367701560259,0.999732494354248,-0.02188945934176445,-0.0063213021494448189,0.02184242755174637,0.9997414946556091],"EasingStyle":"Constant","EasingDirection":"In"},"Right Leg":{"Weight":1,"CFrame":[0.9526546597480774,-0.26856958866119387,0.15403783321380616,0.06200269237160683,0.9966138601303101,-0.054006658494472507,-0.956937849521637,0.07473515719175339,0.2805079519748688,0.2835942804813385,0.03428874537348747,0.9583312273025513],"EasingStyle":"Constant","EasingDirection":"In"},"Torso":{"Weight":1,"CFrame":[0.129738450050354,0.06802928447723389,0.04429507255554199,0.9990634322166443,-0.0009786084992811084,0.0432586632668972,-3.8497982579599469e-9,0.9997442364692688,0.022616565227508546,-0.04326972737908363,-0.02259538136422634,0.998807966709137],"EasingStyle":"Constant","EasingDirection":"In"},"HumanoidRootPart":{"Weight":0,"CFrame":[0,0,0,1,0,0,0,1,0,0,0,1],"EasingStyle":"Linear","EasingDirection":"In"},"Left Arm":{"Weight":1,"CFrame":[-0.11040559411048889,-0.49557989835739138,0.16849422454833985,-0.19707314670085908,0.6647031307220459,0.7206467986106873,-0.8437373638153076,-0.48932650685310366,0.22060582041740418,0.49926891922950747,-0.5645613074302673,0.6572680473327637],"EasingStyle":"Constant","EasingDirection":"In"}}},{"Time":0.5,"poses":{"Left Leg":{"Weight":1,"CFrame":[-0.2291668951511383,0.16511839628219605,0.013092994689941407,0.9849377870559692,-0.10253848135471344,0.13922515511512757,0.06956393271684647,0.9721381664276123,0.22384898364543916,-0.1582992523908615,-0.21079221367835999,0.9646284580230713],"EasingStyle":"Constant","EasingDirection":"In"},"Right Arm":{"Weight":1,"CFrame":[0.1108718067407608,-0.47497183084487917,0.16902613639831544,-0.2141159474849701,-0.6271471381187439,-0.7488929629325867,0.8364999890327454,-0.5136180520057678,0.19095675647258759,-0.5044028759002686,-0.5855621099472046,0.6345823407173157],"EasingStyle":"Constant","EasingDirection":"In"},"Head":{"Weight":1,"CFrame":[9.661517452741464e-8,-1.2660166248679162e-9,1.1920928955078126e-7,0.9999521374702454,0.0076058064587414269,0.006156460382044315,-0.007469367701560259,0.999732494354248,-0.02188945934176445,-0.0063213021494448189,0.02184242755174637,0.9997414946556091],"EasingStyle":"Constant","EasingDirection":"In"},"Right Leg":{"Weight":1,"CFrame":[0.9526547193527222,-0.26856982707977297,0.15403783321380616,0.06200280040502548,0.9966138005256653,-0.05400681123137474,-0.9569379091262817,0.07473530620336533,0.2805078625679016,0.2835942804813385,0.03428884223103523,0.958331286907196],"EasingStyle":"Constant","EasingDirection":"In"},"Torso":{"Weight":1,"CFrame":[0.129738450050354,0.06802928447723389,-0.023950815200805665,0.9990634322166443,-0.0009786084992811084,0.0432586632668972,-3.8497982579599469e-9,0.9997442364692688,0.022616565227508546,-0.04326972737908363,-0.02259538136422634,0.998807966709137],"EasingStyle":"Constant","EasingDirection":"In"},"HumanoidRootPart":{"Weight":0,"CFrame":[0,0,0,1,0,0,0,1,0,0,0,1],"EasingStyle":"Linear","EasingDirection":"In"},"Left Arm":{"Weight":1,"CFrame":[-0.11040559411048889,-0.49557989835739138,0.16849422454833985,-0.19707314670085908,0.6647031307220459,0.7206467986106873,-0.8437373638153076,-0.48932650685310366,0.22060582041740418,0.49926891922950747,-0.5645613074302673,0.6572680473327637],"EasingStyle":"Constant","EasingDirection":"In"}}},{"Time":0.5416666865348816,"poses":{"Left Leg":{"Weight":1,"CFrame":[-0.45888200402259829,0.24986153841018678,0.042823195457458499,0.9741464257240295,-0.17242088913917542,0.14597849547863007,0.15179137885570527,0.9781090617179871,0.14234508574008943,-0.1673261672258377,-0.11650670319795609,0.9789934158325195],"EasingStyle":"Constant","EasingDirection":"In"},"Right Arm":{"Weight":1,"CFrame":[0.10576692223548889,-0.7943355441093445,0.07303094863891602,0.1288670003414154,-0.9584515690803528,-0.2544872462749481,0.8677318692207336,-0.015240094624459744,0.49679893255233767,-0.4800361394882202,-0.2848477065563202,0.8297151327133179],"EasingStyle":"Constant","EasingDirection":"In"},"Head":{"Weight":1,"CFrame":[8.159736353263725e-8,-3.680679583339952e-8,0,0.9999621510505676,0.008708841167390347,-0.00011968611943302676,-0.008702810853719712,0.9985360503196716,-0.053387224674224856,-0.00034542992943897843,0.05338624119758606,0.9985739588737488],"EasingStyle":"Constant","EasingDirection":"In"},"Right Leg":{"Weight":1,"CFrame":[0.9959404468536377,-0.30227112770080569,0.12263572216033936,0.05517228692770004,0.9966393709182739,-0.06054836884140968,-0.9830014109611511,0.06485240161418915,0.17176280915737153,0.17511233687400819,0.05004255473613739,0.9832758903503418],"EasingStyle":"Constant","EasingDirection":"In"},"Torso":{"Weight":1,"CFrame":[0.15058442950248719,0.014993175864219666,-0.23379945755004884,0.999998927116394,0.00003452973032835871,-0.0015264480607584119,-0.00010117002238985151,0.999045729637146,-0.043678607791662219,0.0015234833117574454,0.04367871582508087,0.9990444779396057],"EasingStyle":"Constant","EasingDirection":"In"},"HumanoidRootPart":{"Weight":0,"CFrame":[0,0,0,1,0,0,0,1,0,0,0,1],"EasingStyle":"Linear","EasingDirection":"In"},"Left Arm":{"Weight":1,"CFrame":[-0.10877251625061035,-0.7942891120910645,0.061359286308288577,0.1275143325328827,0.9592500925064087,0.2521496117115021,-0.8677111268043518,-0.015252670273184777,0.4968346953392029,0.4804345965385437,-0.28214654326438906,0.8304071426391602],"EasingStyle":"Constant","EasingDirection":"In"}}},{"Time":0.5833333134651184,"poses":{"Left Leg":{"Weight":1,"CFrame":[-0.4588819444179535,0.24986165761947633,0.04282331466674805,0.9741464257240295,-0.17242085933685304,0.1459786593914032,0.15179137885570527,0.9781090617179871,0.14234501123428346,-0.16732628643512727,-0.11650653928518295,0.9789935350418091],"EasingStyle":"Constant","EasingDirection":"In"},"Right Arm":{"Weight":1,"CFrame":[0.10379213094711304,-0.7724170684814453,0.07299542427062988,0.10149267315864563,-0.9572024941444397,-0.27104008197784426,0.8714396953582764,-0.045881837606430057,0.4883520305156708,-0.47988757491111758,-0.2857593297958374,0.8294875025749207],"EasingStyle":"Constant","EasingDirection":"In"},"Head":{"Weight":1,"CFrame":[8.858228284225334e-8,-3.680679583339952e-8,0,0.9999621510505676,0.008708841167390347,-0.00011968611943302676,-0.008702810853719712,0.9985360503196716,-0.053387224674224856,-0.00034542992943897843,0.05338624119758606,0.9985739588737488],"EasingStyle":"Constant","EasingDirection":"In"},"Right Leg":{"Weight":1,"CFrame":[0.9959404468536377,-0.30227112770080569,0.12263572216033936,0.05517228692770004,0.9966393709182739,-0.06054836884140968,-0.9830014109611511,0.06485240161418915,0.17176280915737153,0.17511233687400819,0.05004255473613739,0.9832758903503418],"EasingStyle":"Constant","EasingDirection":"In"},"Torso":{"Weight":1,"CFrame":[0.15058442950248719,0.014993175864219666,-0.22751569747924806,0.999998927116394,0.00003452973032835871,-0.0015264480607584119,-0.00010117002238985151,0.999045729637146,-0.043678607791662219,0.0015234833117574454,0.04367871582508087,0.9990444779396057],"EasingStyle":"Constant","EasingDirection":"In"},"HumanoidRootPart":{"Weight":0,"CFrame":[0,0,0,1,0,0,0,1,0,0,0,1],"EasingStyle":"Linear","EasingDirection":"In"},"Left Arm":{"Weight":1,"CFrame":[-0.10882092267274857,-0.772146463394165,0.06139087677001953,0.0992295891046524,0.9585384130477905,0.26712870597839358,-0.871317982673645,-0.04595396667718887,0.4885624349117279,0.48058149218559267,-0.2812339663505554,0.8306317329406738],"EasingStyle":"Constant","EasingDirection":"In"}}},{"Time":0.625,"poses":{"Left Leg":{"Weight":1,"CFrame":[-0.45888200402259829,0.24986118078231812,0.042823195457458499,0.9741464257240295,-0.17242088913917542,0.14597849547863007,0.15179137885570527,0.9781090617179871,0.14234508574008943,-0.1673261672258377,-0.11650670319795609,0.9789934158325195],"EasingStyle":"Constant","EasingDirection":"In"},"Right Arm":{"Weight":1,"CFrame":[0.10379213839769364,-0.7724173069000244,0.07299542427062988,0.10149267315864563,-0.9572024941444397,-0.27104008197784426,0.8714396953582764,-0.045881837606430057,0.4883520305156708,-0.47988757491111758,-0.2857593297958374,0.8294875025749207],"EasingStyle":"Constant","EasingDirection":"In"},"Head":{"Weight":1,"CFrame":[8.625397640571464e-8,-2.1905634639551864e-8,0,0.9999621510505676,0.008708841167390347,-0.00011968611943302676,-0.008702810853719712,0.9985360503196716,-0.053387224674224856,-0.00034542992943897843,0.05338624119758606,0.9985739588737488],"EasingStyle":"Constant","EasingDirection":"In"},"Right Leg":{"Weight":1,"CFrame":[0.9959404468536377,-0.3022714853286743,0.12263572216033936,0.05517228692770004,0.9966393709182739,-0.06054836884140968,-0.9830014109611511,0.06485240161418915,0.17176280915737153,0.17511233687400819,0.05004255473613739,0.9832758903503418],"EasingStyle":"Constant","EasingDirection":"In"},"Torso":{"Weight":1,"CFrame":[0.15058442950248719,0.014993175864219666,-0.20383739471435548,0.999998927116394,0.00003452973032835871,-0.0015264480607584119,-0.00010117002238985151,0.999045729637146,-0.043678607791662219,0.0015234833117574454,0.04367871582508087,0.9990444779396057],"EasingStyle":"Constant","EasingDirection":"In"},"HumanoidRootPart":{"Weight":0,"CFrame":[0,0,0,1,0,0,0,1,0,0,0,1],"EasingStyle":"Linear","EasingDirection":"In"},"Left Arm":{"Weight":1,"CFrame":[-0.10882093012332916,-0.7721467018127441,0.06139087677001953,0.0992295891046524,0.9585384130477905,0.26712870597839358,-0.871317982673645,-0.04595396667718887,0.4885624349117279,0.48058149218559267,-0.2812339663505554,0.8306317329406738],"EasingStyle":"Constant","EasingDirection":"In"}}},{"Time":0.6666666865348816,"poses":{"Left Leg":{"Weight":1,"CFrame":[-0.4105638265609741,0.08510500192642212,-0.027709662914276124,0.9871966242790222,-0.14675524830818177,-0.06249571591615677,0.1493588089942932,0.9880045652389526,0.03922996297478676,0.055988796055316928,-0.04806194081902504,0.9972739815711975],"EasingStyle":"Constant","EasingDirection":"In"},"Right Arm":{"Weight":1,"CFrame":[0.3553255498409271,-0.16133955121040345,0.08304893970489502,-0.5389031171798706,-0.8343634009361267,0.11584946513175965,0.7685459852218628,-0.43070244789123537,0.4731094539165497,-0.3448485732078552,0.34399572014808657,0.8733534812927246],"EasingStyle":"Constant","EasingDirection":"In"},"Head":{"Weight":1,"CFrame":[1.4528632164001466e-7,-1.4901161193847657e-8,2.384185791015625e-7,0.9907780289649963,0.027319015935063363,0.13271267712116242,-0.007033307105302811,0.9885120987892151,-0.1509781926870346,-0.13531264662742616,0.14865244925022126,0.9795882105827332],"EasingStyle":"Constant","EasingDirection":"In"},"Right Leg":{"Weight":1,"CFrame":[0.7616164088249207,-0.3691723346710205,0.24046874046325684,-0.08502812683582306,0.9955187439918518,-0.04138365760445595,-0.9152160882949829,-0.06161518394947052,0.39822492003440859,0.3938906192779541,0.0717352032661438,0.9163538217544556],"EasingStyle":"Constant","EasingDirection":"In"},"Torso":{"Weight":1,"CFrame":[-0.5313543081283569,0.11679913103580475,-0.17321419715881349,0.9688370823860169,-0.1885717213153839,-0.16060960292816163,0.20371536910533906,0.9754561185836792,0.08357881754636765,0.14090700447559358,-0.11369289457798004,0.983473002910614],"EasingStyle":"Constant","EasingDirection":"In"},"HumanoidRootPart":{"Weight":0,"CFrame":[0,0,0,1,0,0,0,1,0,0,0,1],"EasingStyle":"Linear","EasingDirection":"In"},"Left Arm":{"Weight":1,"CFrame":[-0.12868067622184754,-0.37877240777015688,0.03306102752685547,-0.4969984292984009,0.7937459945678711,-0.35065650939941409,-0.8611999154090881,-0.40161749720573428,0.31150951981544497,0.1064295768737793,0.45680493116378786,0.8831772208213806],"EasingStyle":"Constant","EasingDirection":"In"}}},{"Time":0.7083333134651184,"poses":{"Left Leg":{"Weight":1,"CFrame":[-0.3408850133419037,0.06434118747711182,-0.02245938777923584,0.9922111630439758,-0.10759972780942917,-0.06276416778564453,0.10999235510826111,0.9932805895805359,0.035991061478853229,0.0584697499871254,-0.04261424392461777,0.9973793029785156],"EasingStyle":"Constant","EasingDirection":"In"},"Right Arm":{"Weight":1,"CFrame":[0.35799622535705569,-0.14203351736068726,0.08115768432617188,-0.5475548505783081,-0.8291468024253845,0.11269159615039826,0.7625561952590942,-0.4389974772930145,0.4751729965209961,-0.3445168137550354,0.3461168110370636,0.8726460933685303],"EasingStyle":"Constant","EasingDirection":"In"},"Head":{"Weight":1,"CFrame":[1.825392246246338e-7,-5.960464477539063e-8,-1.1920928955078126e-7,0.9907780289649963,0.027319015935063363,0.13271267712116242,-0.007033307105302811,0.9885120987892151,-0.1509781926870346,-0.13531264662742616,0.14865244925022126,0.9795882105827332],"EasingStyle":"Constant","EasingDirection":"In"},"Right Leg":{"Weight":1,"CFrame":[0.7602570056915283,-0.36237668991088869,0.23238897323608399,-0.05977010354399681,0.9972560405731201,-0.043679576367139819,-0.9205895662307739,-0.03815170004963875,0.3886636197566986,0.38593074679374697,0.06344133615493775,0.920343816280365],"EasingStyle":"Constant","EasingDirection":"In"},"Torso":{"Weight":1,"CFrame":[-0.6897621154785156,0.11679913103580475,-0.10088968276977539,0.9688370823860169,-0.1885717213153839,-0.16060960292816163,0.20371536910533906,0.9754561185836792,0.08357881754636765,0.14090700447559358,-0.11369289457798004,0.983473002910614],"EasingStyle":"Constant","EasingDirection":"In"},"HumanoidRootPart":{"Weight":0,"CFrame":[0,0,0,1,0,0,0,1,0,0,0,1],"EasingStyle":"Linear","EasingDirection":"In"},"Left Arm":{"Weight":1,"CFrame":[-0.13020676374435426,-0.36557185649871828,0.03353393077850342,-0.5211675763130188,0.7807969450950623,-0.34458765387535097,-0.8475488424301148,-0.42608383297920229,0.31640729308128359,0.10022656619548798,0.4569559693336487,0.8838245868682861],"EasingStyle":"Constant","EasingDirection":"In"}}},{"Time":0.75,"poses":{"Left Leg":{"Weight":1,"CFrame":[-0.2462473213672638,0.042575836181640628,-0.015693485736846925,0.996562659740448,-0.053767599165439609,-0.06302300095558167,0.05591743066906929,0.9978945851325989,0.03285912796854973,0.06112353131175041,-0.03627019375562668,0.997471034526825],"EasingStyle":"Constant","EasingDirection":"In"},"Right Arm":{"Weight":1,"CFrame":[0.35837772488594057,-0.13493803143501283,0.07926630973815918,-0.5538923740386963,-0.8252257704734802,0.11047960817813873,0.7575266361236572,-0.44443899393081667,0.47815006971359255,-0.3454802632331848,0.34853479266166689,0.8713017106056213],"EasingStyle":"Constant","EasingDirection":"In"},"Head":{"Weight":1,"CFrame":[8.940696716308594e-8,-2.9802322387695315e-8,-5.960464477539063e-8,0.9907780289649963,0.027319015935063363,0.13271267712116242,-0.007033307105302811,0.9885120987892151,-0.1509781926870346,-0.13531264662742616,0.14865244925022126,0.9795882105827332],"EasingStyle":"Constant","EasingDirection":"In"},"Right Leg":{"Weight":1,"CFrame":[0.757889986038208,-0.35522377490997317,0.22474682331085206,-0.03465365618467331,0.9983495473861694,-0.045797061175107959,-0.9249547123908997,-0.014683830551803112,0.37979352474212649,0.3784942626953125,0.055521368980407718,0.9239369630813599],"EasingStyle":"Constant","EasingDirection":"In"},"Torso":{"Weight":1,"CFrame":[-0.789016604423523,0.11679911613464356,-0.05223822593688965,0.9688370823860169,-0.1885717213153839,-0.16060960292816163,0.20371536910533906,0.9754561185836792,0.08357881754636765,0.14090700447559358,-0.11369289457798004,0.983473002910614],"EasingStyle":"Constant","EasingDirection":"In"},"HumanoidRootPart":{"Weight":0,"CFrame":[0,0,0,1,0,0,0,1,0,0,0,1],"EasingStyle":"Linear","EasingDirection":"In"},"Left Arm":{"Weight":1,"CFrame":[-0.13173280656337739,-0.35237061977386477,0.03684377670288086,-0.5248714685440064,0.7822321057319641,-0.3355935513973236,-0.8448625802993774,-0.4308212101459503,0.3171757459640503,0.10352415591478348,0.45000675320625307,0.8870043158531189],"EasingStyle":"Constant","EasingDirection":"In"}}},{"Time":0.7916666865348816,"poses":{"Left Leg":{"Weight":1,"CFrame":[-0.2462478131055832,0.0425758957862854,-0.0156935453414917,0.996562659740448,-0.053767770528793338,-0.06302306056022644,0.055917609483003619,0.9978945255279541,0.032859109342098239,0.0611235573887825,-0.036270204931497577,0.997471034526825],"EasingStyle":"Constant","EasingDirection":"In"},"Right Arm":{"Weight":1,"CFrame":[0.35837769508361819,-0.13493791222572328,0.07926630973815918,-0.5538923740386963,-0.8252257704734802,0.11047960817813873,0.7575266361236572,-0.444438993930816