{"Sequence":[{"Time":0,"poses":{"Left Leg":{"Weight":1,"CFrame":[-0.20360137522220612,0.0530664324760437,0.018475651741027833,0.9928811192512512,-0.07899228483438492,0.08914730697870255,0.07557909190654755,0.9962949752807617,0.041039057075977328,-0.09205881506204605,-0.03400924429297447,0.9951726794242859],"EasingStyle":"Constant","EasingDirection":"In"},"Right Leg":{"Weight":1,"CFrame":[0.21923601627349854,0.055975496768951419,0.01101696491241455,0.9953150749206543,0.07871510088443756,-0.05614224448800087,-0.07605651766061783,0.9959465861320496,0.04801894351840019,0.0596945621073246,-0.043524015694856647,0.9972674250602722],"EasingStyle":"Constant","EasingDirection":"In"},"Left Arm":{"Weight":1,"CFrame":[1.1574009306514199e-8,-0.0861426293849945,-0.02349334955215454,1,7.136497259807584e-8,-9.654043786611055e-9,-1.1485706608027613e-8,0.977522611618042,0.21083080768585206,-6.047657485908076e-9,-0.21083089709281922,0.9775225520133972],"EasingStyle":"Constant","EasingDirection":"In"},"Head":{"Weight":1,"CFrame":[8.742276236262114e-8,0,0,1,-6.357302595461079e-8,8.742277657347586e-8,6.357302595461079e-8,1,0,-8.742277657347586e-8,-2.0850114102149814e-15,1],"EasingStyle":"Constant","EasingDirection":"In"},"Torso":{"Weight":1,"CFrame":[0,0,-0.03915572166442871,1,0,-8.742277657347586e-8,0,1,0,8.742277657347586e-8,0,1],"EasingStyle":"Constant","EasingDirection":"In"},"HumanoidRootPart":{"Weight":0,"CFrame":[0,0,0,1,0,0,0,1,0,0,0,1],"EasingStyle":"Linear","EasingDirection":"In"},"Right Arm":{"Weight":1,"CFrame":[-9.469644624005014e-9,-0.07048025727272034,-5.960464477539063e-8,1,1.295191154326858e-8,5.17625693419177e-8,5.2159872865331638e-8,0.9767940044403076,0.21418124437332154,-8.67700933326887e-8,-0.21418127417564393,0.9767940044403076],"EasingStyle":"Constant","EasingDirection":"In"}}},{"Time":0.05000000074505806,"poses":{"Left Leg":{"Weight":1,"CFrame":[-0.20360137522220612,0.0530664324760437,0.018475651741027833,0.9928811192512512,-0.07899228483438492,0.08914730697870255,0.07557909190654755,0.9962949752807617,0.041039057075977328,-0.09205881506204605,-0.03400924429297447,0.9951726794242859],"EasingStyle":"Constant","EasingDirection":"In"},"Right Leg":{"Weight":1,"CFrame":[0.21923601627349854,0.055975496768951419,0.01101696491241455,0.9953150749206543,0.07871510088443756,-0.05614224448800087,-0.07605651766061783,0.9959465861320496,0.04801894351840019,0.0596945621073246,-0.043524015694856647,0.9972674250602722],"EasingStyle":"Constant","EasingDirection":"In"},"Left Arm":{"Weight":1,"CFrame":[1.1574009306514199e-8,-0.0861426293849945,-0.02349334955215454,1,7.136497259807584e-8,-9.654043786611055e-9,-1.1485706608027613e-8,0.977522611618042,0.21083080768585206,-6.047657485908076e-9,-0.21083089709281922,0.9775225520133972],"EasingStyle":"Constant","EasingDirection":"In"},"Head":{"Weight":1,"CFrame":[8.742276236262114e-8,0,0,1,-6.357302595461079e-8,8.742277657347586e-8,6.357302595461079e-8,1,0,-8.742277657347586e-8,-2.0850114102149814e-15,1],"EasingStyle":"Constant","EasingDirection":"In"},"Torso":{"Weight":1,"CFrame":[0,0,-0.03915572166442871,1,0,-8.742277657347586e-8,0,1,0,8.742277657347586e-8,0,1],"EasingStyle":"Constant","EasingDirection":"In"},"HumanoidRootPart":{"Weight":0,"CFrame":[0,0,0,1,0,0,0,1,0,0,0,1],"EasingStyle":"Linear","EasingDirection":"In"},"Right Arm":{"Weight":1,"CFrame":[-9.469644624005014e-9,-0.07048025727272034,-5.960464477539063e-8,1,1.295191154326858e-8,5.17625693419177e-8,5.2159872865331638e-8,0.9767940044403076,0.21418124437332154,-8.67700933326887e-8,-0.21418127417564393,0.9767940044403076],"EasingStyle":"Constant","EasingDirection":"In"}}},{"Time":0.10000000149011612,"poses":{"Left Leg":{"Weight":1,"CFrame":[-0.20360137522220612,0.0530664324760437,0.018475651741027833,0.9928811192512512,-0.07899228483438492,0.08914730697870255,0.07557909190654755,0.9962949752807617,0.041039057075977328,-0.09205881506204605,-0.03400924429297447,0.9951726794242859],"EasingStyle":"Constant","EasingDirection":"In"},"Right Leg":{"Weight":1,"CFrame":[0.21923601627349854,0.055975496768951419,0.01101696491241455,0.9953150749206543,0.07871510088443756,-0.05614224448800087,-0.07605651766061783,0.9959465861320496,0.04801894351840019,0.0596945621073246,-0.043524015694856647,0.9972674250602722],"EasingStyle":"Constant","EasingDirection":"In"},"Left Arm":{"Weight":1,"CFrame":[1.1574009306514199e-8,-0.0861426293849945,-0.02349334955215454,1,7.136497259807584e-8,-9.654043786611055e-9,-1.1485706608027613e-8,0.977522611618042,0.21083080768585206,-6.047657485908076e-9,-0.21083089709281922,0.9775225520133972],"EasingStyle":"Constant","EasingDirection":"In"},"Head":{"Weight":1,"CFrame":[8.742276236262114e-8,0,0,1,-6.357302595461079e-8,8.742277657347586e-8,6.357302595461079e-8,1,0,-8.742277657347586e-8,-2.0850114102149814e-15,1],"EasingStyle":"Constant","EasingDirection":"In"},"Torso":{"Weight":1,"CFrame":[0,0,-0.03915572166442871,1,0,-8.742277657347586e-8,0,1,0,8.742277657347586e-8,0,1],"EasingStyle":"Constant","EasingDirection":"In"},"HumanoidRootPart":{"Weight":0,"CFrame":[0,0,0,1,0,0,0,1,0,0,0,1],"EasingStyle":"Linear","EasingDirection":"In"},"Right Arm":{"Weight":1,"CFrame":[-9.469644624005014e-9,-0.07048025727272034,-5.960464477539063e-8,1,1.295191154326858e-8,5.17625693419177e-8,5.2159872865331638e-8,0.9767940044403076,0.21418124437332154,-8.67700933326887e-8,-0.21418127417564393,0.9767940044403076],"EasingStyle":"Constant","EasingDirection":"In"}}},{"Time":0.15000000596046449,"poses":{"Left Leg":{"Weight":1,"CFrame":[-0.3235993981361389,0.09385079145431519,0.05974006652832031,0.9702605605125427,-0.17316387593746186,0.1691417694091797,0.16938000917434693,0.9848687052726746,0.03666107729077339,-0.1729307472705841,-0.006921533029526472,0.9849096536636353],"EasingStyle":"Constant","EasingDirection":"In"},"Right Leg":{"Weight":1,"CFrame":[0.31656694412231448,0.13718926906585694,0.021712422370910646,0.9924924969673157,0.07749109715223313,-0.09462414681911469,-0.06857536733150482,0.993198812007904,0.09409411996603012,0.10127206891775131,-0.08689883351325989,0.9910562634468079],"EasingStyle":"Constant","EasingDirection":"In"},"Left Arm":{"Weight":1,"CFrame":[1.49011496475282e-8,-0.0861426293849945,-0.023493409156799318,1,1.1175872316471214e-7,2.9802322387695315e-8,-1.1485711048919712e-8,0.977522611618042,0.21083083748817445,8.940696716308594e-8,-0.21083088219165803,0.977522611618042],"EasingStyle":"Constant","EasingDirection":"In"},"Head":{"Weight":1,"CFrame":[9.118178923017695e-8,-5.5879492144583768e-9,0,1,-8.940696716308594e-8,8.742277657347586e-8,8.940696716308594e-8,1,-2.52350723799785e-15,-8.742277657347586e-8,3.0153991757426829e-15,1],"EasingStyle":"Constant","EasingDirection":"In"},"Torso":{"Weight":1,"CFrame":[-0.052461836487054828,-0.08136796206235886,-0.1019742488861084,0.8150491714477539,-0.5793917775154114,-7.125386503048503e-8,0.5793917775154114,0.8150491714477539,-5.0652037231202487e-8,8.742277657347586e-8,0,1],"EasingStyle":"Constant","EasingDirection":"In"},"HumanoidRootPart":{"Weight":0,"CFrame":[0,0,0,1,0,0,0,1,0,0,0,1],"EasingStyle":"Linear","EasingDirection":"In"},"Right Arm":{"Weight":1,"CFrame":[1.4901173628345533e-8,-0.07048025727272034,-5.960464477539063e-8,1,2.9802318834981635e-8,7.771560113584912e-16,5.215986931261796e-8,0.9767938852310181,0.2141813337802887,8.940696005765858e-8,-0.21418136358261109,0.9767938852310181],"EasingStyle":"Constant","EasingDirection":"In"}}},{"Time":0.20000000298023225,"poses":{"Left Leg":{"Weight":1,"CFrame":[-0.3235993981361389,0.09385079145431519,0.05974006652832031,0.9702605605125427,-0.17316387593746186,0.1691417694091797,0.16938000917434693,0.9848687052726746,0.03666107729077339,-0.1729307472705841,-0.006921533029526472,0.9849096536636353],"EasingStyle":"Constant","EasingDirection":"In"},"Right Leg":{"Weight":1,"CFrame":[0.31656694412231448,0.13718926906585694,0.021712422370910646,0.9924924969673157,0.07749109715223313,-0.09462414681911469,-0.06857536733150482,0.993198812007904,0.09409411996603012,0.10127206891775131,-0.08689883351325989,0.9910562634468079],"EasingStyle":"Constant","EasingDirection":"In"},"Left Arm":{"Weight":1,"CFrame":[1.49011496475282e-8,-0.0861426293849945,-0.023493409156799318,1,1.1175872316471214e-7,2.9802322387695315e-8,-1.1485711048919712e-8,0.977522611618042,0.21083083748817445,8.940696716308594e-8,-0.21083088219165803,0.977522611618042],"EasingStyle":"Constant","EasingDirection":"In"},"Head":{"Weight":1,"CFrame":[9.118178923017695e-8,-5.5879492144583768e-9,0,1,-8.940696716308594e-8,8.742277657347586e-8,8.940696716308594e-8,1,-2.52350723799785e-15,-8.742277657347586e-8,3.0153991757426829e-15,1],"EasingStyle":"Constant","EasingDirection":"In"},"Torso":{"Weight":1,"CFrame":[-0.052461836487054828,-0.08136796206235886,-0.1019742488861084,0.8150491714477539,-0.5793917775154114,-7.125386503048503e-8,0.5793917775154114,0.8150491714477539,-5.0652037231202487e-8,8.742277657347586e-8,0,1],"EasingStyle":"Constant","EasingDirection":"In"},"HumanoidRootPart":{"Weight":0,"CFrame":[0,0,0,1,0,0,0,1,0,0,0,1],"EasingStyle":"Linear","EasingDirection":"In"},"Right Arm":{"Weight":1,"CFrame":[1.4901173628345533e-8,-0.07048025727272034,-5.960464477539063e-8,1,2.9802318834981635e-8,7.771560113584912e-16,5.215986931261796e-8,0.9767938852310181,0.2141813337802887,8.940696005765858e-8,-0.21418136358261109,0.9767938852310181],"EasingStyle":"Constant","EasingDirection":"In"}}},{"Time":0.25,"poses":{"Left Leg":{"Weight":1,"CFrame":[-0.3235993981361389,0.09385079145431519,0.05974006652832031,0.9702605605125427,-0.17316387593746186,0.1691417694091797,0.16938000917434693,0.9848687052726746,0.03666107729077339,-0.1729307472705841,-0.006921533029526472,0.9849096536636353],"EasingStyle":"Constant","EasingDirection":"In"},"Right Leg":{"Weight":1,"CFrame":[0.31656694412231448,0.13718926906585694,0.021712422370910646,0.9924924969673157,0.07749109715223313,-0.09462414681911469,-0.06857536733150482,0.993198812007904,0.09409411996603012,0.10127206891775131,-0.08689883351325989,0.9910562634468079],"EasingStyle":"Constant","EasingDirection":"In"},"Left Arm":{"Weight":1,"CFrame":[1.49011496475282e-8,-0.0861426293849945,-0.023493409156799318,1,1.1175872316471214e-7,2.9802322387695315e-8,-1.1485711048919712e-8,0.977522611618042,0.21083083748817445,8.940696716308594e-8,-0.21083088219165803,0.977522611618042],"EasingStyle":"Constant","EasingDirection":"In"},"Head":{"Weight":1,"CFrame":[9.118178923017695e-8,-5.5879492144583768e-9,0,1,-8.940696716308594e-8,8.742277657347586e-8,8.940696716308594e-8,1,-2.52350723799785e-15,-8.742277657347586e-8,3.0153991757426829e-15,1],"EasingStyle":"Constant","EasingDirection":"In"},"Torso":{"Weight":1,"CFrame":[-0.052461836487054828,-0.08136796206235886,-0.1019742488861084,0.8150491714477539,-0.5793917775154114,-7.125386503048503e-8,0.5793917775154114,0.8150491714477539,-5.0652037231202487e-8,8.742277657347586e-8,0,1],"EasingStyle":"Constant","EasingDirection":"In"},"HumanoidRootPart":{"Weight":0,"CFrame":[0,0,0,1,0,0,0,1,0,0,0,1],"EasingStyle":"Linear","EasingDirection":"In"},"Right Arm":{"Weight":1,"CFrame":[1.4901173628345533e-8,-0.07048025727272034,-5.960464477539063e-8,1,2.9802318834981635e-8,7.771560113584912e-16,5.215986931261796e-8,0.9767938852310181,0.2141813337802887,8.940696005765858e-8,-0.21418136358261109,0.9767938852310181],"EasingStyle":"Constant","EasingDirection":"In"}}},{"Time":0.30000001192092898,"poses":{"Left Leg":{"Weight":1,"CFrame":[-0.20360137522220612,0.0530664324760437,0.018475651741027833,0.9928811192512512,-0.07899228483438492,0.08914730697870255,0.07557909190654755,0.9962949752807617,0.041039057075977328,-0.09205881506204605,-0.03400924429297447,0.9951726794242859],"EasingStyle":"Constant","EasingDirection":"In"},"Right Leg":{"Weight":1,"CFrame":[0.21923601627349854,0.055975496768951419,0.01101696491241455,0.9953150749206543,0.07871510088443756,-0.05614224448800087,-0.07605651766061783,0.9959465861320496,0.04801894351840019,0.0596945621073246,-0.043524015694856647,0.9972674250602722],"EasingStyle":"Constant","EasingDirection":"In"},"Left Arm":{"Weight":1,"CFrame":[1.1574009306514199e-8,-0.0861426293849945,-0.02349334955215454,1,7.136497259807584e-8,-9.654043786611055e-9,-1.1485706608027613e-8,0.977522611618042,0.21083080768585206,-6.047657485908076e-9,-0.21083089709281922,0.9775225520133972],"EasingStyle":"Constant","EasingDirection":"In"},"Head":{"Weight":1,"CFrame":[8.742276236262114e-8,0,0,1,-6.357302595461079e-8,8.742277657347586e-8,6.357302595461079e-8,1,0,-8.742277657347586e-8,-2.0850114102149814e-15,1],"EasingStyle":"Constant","EasingDirection":"In"},"Torso":{"Weight":1,"CFrame":[0,0,-0.03915572166442871,1,0,-8.742277657347586e-8,0,1,0,8.742277657347586e-8,0,1],"EasingStyle":"Constant","EasingDirection":"In"},"HumanoidRootPart":{"Weight":0,"CFrame":[0,0,0,1,0,0,0,1,0,0,0,1],"EasingStyle":"Linear","EasingDirection":"In"},"Right Arm":{"Weight":1,"CFrame":[-9.469644624005014e-9,-0.07048025727272034,-5.960464477539063e-8,1,1.295191154326858e-8,5.17625693419177e-8,5.2159872865331638e-8,0.9767940044403076,0.21418124437332154,-8.67700933326887e-8,-0.21418127417564393,0.9767940044403076],"EasingStyle":"Constant","EasingDirection":"In"}}},{"Time":0.3499999940395355,"poses":{"Left Leg":{"Weight":1,"CFrame":[-0.20360137522220612,0.0530664324760437,0.018475651741027833,0.9928811192512512,-0.07899228483438492,0.08914730697870255,0.07557909190654755,0.9962949752807617,0.041039057075977328,-0.09205881506204605,-0.03400924429297447,0.9951726794242859],"EasingStyle":"Constant","EasingDirection":"In"},"Right Leg":{"Weight":1,"CFrame":[0.21923601627349854,0.055975496768951419,0.01101696491241455,0.9953150749206543,0.07871510088443756,-0.05614224448800087,-0.07605651766061783,0.9959465861320496,0.04801894351840019,0.0596945621073246,-0.043524015694856647,0.9972674250602722],"EasingStyle":"Constant","EasingDirection":"In"},"Left Arm":{"Weight":1,"CFrame":[1.1574009306514199e-8,-0.0861426293849945,-0.02349334955215454,1,7.136497259807584e-8,-9.654043786611055e-9,-1.1485706608027613e-8,0.977522611618042,0.21083080768585206,-6.047657485908076e-9,-0.21083089709281922,0.9775225520133972],"EasingStyle":"Constant","EasingDirection":"In"},"Head":{"Weight":1,"CFrame":[8.742276236262114e-8,0,0,1,-6.357302595461079e-8,8.742277657347586e-8,6.357302595461079e-8,1,0,-8.742277657347586e-8,-2.0850114102149814e-15,1],"EasingStyle":"Constant","EasingDirection":"In"},"Torso":{"Weight":1,"CFrame":[0,0,-0.03915572166442871,1,0,-8.742277657347586e-8,0,1,0,8.742277657347586e-8,0,1],"EasingStyle":"Constant","EasingDirection":"In"},"HumanoidRootPart":{"Weight":0,"CFrame":[0,0,0,1,0,0,0,1,0,0,0,1],"EasingStyle":"Linear","EasingDirection":"In"},"Right Arm":{"Weight":1,"CFrame":[-9.469644624005014e-9,-0.07048025727272034,-5.960464477539063e-8,1,1.295191154326858e-8,5.17625693419177e-8,5.2159872865331638e-8,0.9767940044403076,0.21418124437332154,-8.67700933326887e-8,-0.21418127417564393,0.9767940044403076],"EasingStyle":"Constant","EasingDirection":"In"}}},{"Time":0.4000000059604645,"poses":{"Left Leg":{"Weight":1,"CFrame":[-0.20360137522220612,0.0530664324760437,0.018475651741027833,0.9928811192512512,-0.07899228483438492,0.08914730697870255,0.07557909190654755,0.9962949752807617,0.041039057075977328,-0.09205881506204605,-0.03400924429297447,0.9951726794242859],"EasingStyle":"Constant","EasingDirection":"In"},"Right Leg":{"Weight":1,"CFrame":[0.21923601627349854,0.055975496768951419,0.01101696491241455,0.9953150749206543,0.07871510088443756,-0.05614224448800087,-0.07605651766061783,0.9959465861320496,0.04801894351840019,0.0596945621073246,-0.043524015694856647,0.9972674250602722],"EasingStyle":"Constant","EasingDirection":"In"},"Left Arm":{"Weight":1,"CFrame":[1.1574009306514199e-8,-0.0861426293849945,-0.02349334955215454,1,7.136497259807584e-8,-9.654043786611055e-9,-1.1485706608027613e-8,0.977522611618042,0.21083080768585206,-6.047657485908076e-9,-0.21083089709281922,0.9775225520133972],"EasingStyle":"Constant","EasingDirection":"In"},"Head":{"Weight":1,"CFrame":[8.742276236262114e-8,0,0,1,-6.357302595461079e-8,8.742277657347586e-8,6.357302595461079e-8,1,0,-8.742277657347586e-8,-2.0850114102149814e-15,1],"EasingStyle":"Constant","EasingDirection":"In"},"Torso":{"Weight":1,"CFrame":[0,0,-0.03915572166442871,1,0,-8.742277657347586e-8,0,1,0,8.742277657347586e-8,0,1],"EasingStyle":"Constant","EasingDirection":"In"},"HumanoidRootPart":{"Weight":0,"CFrame":[0,0,0,1,0,0,0,1,0,0,0,1],"EasingStyle":"Linear","EasingDirection":"In"},"Right Arm":{"Weight":1,"CFrame":[-9.469644624005014e-9,-0.07048025727272034,-5.960464477539063e-8,1,1.295191154326858e-8,5.17625693419177e-8,5.2159872865331638e-8,0.9767940044403076,0.21418124437332154,-8.67700933326887e-8,-0.21418127417564393,0.9767940044403076],"EasingStyle":"Constant","EasingDirection":"In"}}},{"Time":0.44999998807907107,"poses":{"Left Leg":{"Weight":1,"CFrame":[-0.316568523645401,0.13718926906585694,0.021712422370910646,0.9925110340118408,-0.07725273072719574,0.09462481737136841,0.06833674758672714,0.9932153224945068,0.09409371763467789,-0.10125183314085007,-0.08692268282175064,0.9910562634468079],"EasingStyle":"Constant","EasingDirection":"In"},"Right Leg":{"Weight":1,"CFrame":[0.32359927892684939,0.09385067224502564,0.05973994731903076,0.9702188968658447,0.17339755594730378,-0.16914108395576478,-0.16961728036403657,0.9848278760910034,0.036661308258771899,0.17293182015419007,-0.006880323868244886,0.9849098324775696],"EasingStyle":"Constant","EasingDirection":"In"},"Left Arm":{"Weight":1,"CFrame":[4.0978193283081057e-8,-0.07048067450523377,0,1,8.940698137394065e-8,-5.960465188081798e-8,-1.1491939844177068e-8,0.9767940044403076,0.2141810953617096,2.9802320611338474e-8,-0.21418115496635438,0.9767940044403076],"EasingStyle":"Constant","EasingDirection":"In"},"Head":{"Weight":1,"CFrame":[8.373123705496255e-8,9.313225746154785e-9,-2.384185791015625e-7,1,-1.1920930376163597e-7,8.742278367890322e-8,1.1920930376163597e-7,1,0,-8.742278367890322e-8,-4.090028605374793e-15,1],"EasingStyle":"Constant","EasingDirection":"In"},"Torso":{"Weight":1,"CFrame":[0.052461836487054828,-0.08136796206235886,-0.1019742488861084,0.8150491714477539,0.5793918967247009,-7.125386503048503e-8,-0.5793918967247009,0.8150491714477539,5.065204788934352e-8,8.742277657347586e-8,0,1],"EasingStyle":"Constant","EasingDirection":"In"},"HumanoidRootPart":{"Weight":0,"CFrame":[0,0,0,1,0,0,0,1,0,0,0,1],"EasingStyle":"Linear","EasingDirection":"In"},"Right Arm":{"Weight":1,"CFrame":[-1.1175870895385743e-8,-0.08614268898963928,-0.023493468761444093,1,1.4901161193847657e-8,1.4901158351676714e-7,5.247164480692845e-8,0.977522611618042,0.2108309417963028,-1.7881390590446245e-7,-0.21083101630210877,0.9775225520133972],"EasingStyle":"Constant","EasingDirection":"In"}}},{"Time":0.5,"poses":{"Left Leg":{"Weight":1,"CFrame":[-0.316568523645401,0.13718926906585694,0.021712422370910646,0.9925110340118408,-0.07725273072719574,0.09462481737136841,0.06833674758672714,0.9932153224945068,0.09409371763467789,-0.10125183314085007,-0.08692268282175064,0.9910562634468079],"EasingStyle":"Constant","EasingDirection":"In"},"Right Leg":{"Weight":1,"CFrame":[0.32359927892684939,0.09385067224502564,0.05973994731903076,0.9702188968658447,0.17339755594730378,-0.16914108395576478,-0.16961728036403657,0.9848278760910034,0.036661308258771899,0.17293182015419007,-0.006880323868244886,0.9849098324775696],"EasingStyle":"Constant","EasingDirection":"In"},"Left Arm":{"Weight":1,"CFrame":[4.0978193283081057e-8,-0.07048067450523377,0,1,8.940698137394065e-8,-5.960465188081798e-8,-1.1491939844177068e-8,0.9767940044403076,0.2141810953617096,2.9802320611338474e-8,-0.21418115496635438,0.9767940044403076],"EasingStyle":"Constant","EasingDirection":"In"},"Head":{"Weight":1,"CFrame":[8.373123705496255e-8,9.313225746154785e-9,-2.384185791015625e-7,1,-1.1920930376163597e-7,8.742278367890322e-8,1.1920930376163597e-7,1,0,-8.742278367890322e-8,-4.090028605374793e-15,1],"EasingStyle":"Constant","EasingDirection":"In"},"Torso":{"Weight":1,"CFrame":[0.052461836487054828,-0.08136796206235886,-0.1019742488861084,0.8150491714477539,0.5793918967247009,-7.125386503048503e-8,-0.5793918967247009,0.8150491714477539,5.065204788934352e-8,8.742277657347586e-8,0,1],"EasingStyle":"Constant","EasingDirection":"In"},"HumanoidRootPart":{"Weight":0,"CFrame":[0,0,0,1,0,0,0,1,0,0,0,1],"EasingStyle":"Linear","EasingDirection":"In"},"Right Arm":{"Weight":1,"CFrame":[-1.1175870895385743e-8,-0.08614268898963928,-0.023493468761444093,1,1.4901161193847657e-8,1.4901158351676714e-7,5.247164480692845e-8,0.977522611618042,0.2108309417963028,-1.7881390590446245e-7,-0.21083101630210877,0.9775225520133972],"EasingStyle":"Constant","EasingDirection":"In"}}},{"Time":0.550000011920929,"poses":{"Left Leg":{"Weight":1,"CFrame":[-0.20360137522220612,0.0530664324760437,0.018475651741027833,0.9928811192512512,-0.07899228483438492,0.08914730697870255,0.07557909190654755,0.9962949752807617,0.041039057075977328,-0.09205881506204605,-0.03400924429297447,0.9951726794242859],"EasingStyle":"Constant","EasingDirection":"In"},"Right Leg":{"Weight":1,"CFrame":[0.21923601627349854,0.055975496768951419,0.01101696491241455,0.9953150749206543,0.07871510088443756,-0.05614224448800087,-0.07605651766061783,0.9959465861320496,0.04801894351840019,0.0596945621073246,-0.043524015694856647,0.9972674250602722],"EasingStyle":"Constant","EasingDirection":"In"},"Left Arm":{"Weight":1,"CFrame":[1.1574009306514199e-8,-0.0861426293849945,-0.02349334955215454,1,7.136497259807584e-8,-9.654043786611055e-9,-1.1485706608027613e-8,0.977522611618042,0.21083080768585206,-6.047657485908076e-9,-0.21083089709281922,0.9775225520133972],"EasingStyle":"Constant","EasingDirection":"In"},"Head":{"Weight":1,"CFrame":[8.742276236262114e-8,0,0,1,-6.357302595461079e-8,8.742277657347586e-8,6.357302595461079e-8,1,0,-8.742277657347586e-8,-2.0850114102149814e-15,1],"EasingStyle":"Constant","EasingDirection":"In"},"Torso":{"Weight":1,"CFrame":[0,0,-0.03915572166442871,1,0,-8.742277657347586e-8,0,1,0,8.742277657347586e-8,0,1],"EasingStyle":"Constant","EasingDirection":"In"},"HumanoidRootPart":{"Weight":0,"CFrame":[0,0,0,1,0,0,0,1,0,0,0,1],"EasingStyle":"Linear","EasingDirection":"In"},"Right Arm":{"Weight":1,"CFrame":[-9.469644624005014e-9,-0.07048025727272034,-5.960464477539063e-8,1,1.295191154326858e-8,5.17625693419177e-8,5.2159872865331638e-8,0.9767940044403076,0.21418124437332154,-8.67700933326887e-8,-0.21418127417564393,0.9767940044403076],"EasingStyle":"Constant","EasingDirection":"In"}}},{"Time":0.6000000238418579,"poses":{"Left Leg":{"Weight":1,"CFrame":[-0.20360137522220612,0.0530664324760437,0.018475651741027833,0.9928811192512512,-0.07899228483438492,0.08914730697870255,0.07557909190654755,0.9962949752807617,0.041039057075977328,-0.09205881506204605,-0.03400924429297447,0.9951726794242859],"EasingStyle":"Constant","EasingDirection":"In"},"Right Leg":{"Weight":1,"CFrame":[0.21923601627349854,0.055975496768951419,0.01101696491241455,0.9953150749206543,0.07871510088443756,-0.05614224448800087,-0.07605651766061783,0.9959465861320496,0.04801894351840019,0.0596945621073246,-0.043524015694856647,0.9972674250602722],"EasingStyle":"Constant","EasingDirection":"In"},"Left Arm":{"Weight":1,"CFrame":[1.1574009306514199e-8,-0.0861426293849945,-0.02349334955215454,1,7.136497259807584e-8,-9.654043786611055e-9,-1.1485706608027613e-8,0.977522611618042,0.21083080768585206,-6.047657485908076e-9,-0.21083089709281922,0.9775225520133972],"EasingStyle":"Constant","EasingDirection":"In"},"Head":{"Weight":1,"CFrame":[8.742276236262114e-8,0,0,1,-6.357302595461079e-8,8.742277657347586e-8,6.357302595461079e-8,1,0,-8.742277657347586e-8,-2.0850114102149814e-15,1],"EasingStyle":"Constant","EasingDirection":"In"},"Torso":{"Weight":1,"CFrame":[0,0,-0.03915572166442871,1,0,-8.742277657347586e-8,0,1,0,8.742277657347586e-8,0,1],"EasingStyle":"Constant","EasingDirection":"In"},"HumanoidRootPart":{"Weight":0,"CFrame":[0,0,0,1,0,0,0,1,0,0,0,1],"EasingStyle":"Linear","EasingDirection":"In"},"Right Arm":{"Weight":1,"CFrame":[-9.469644624005014e-9,-0.07048025727272034,-5.960464477539063e-8,1,1.295191154326858e-8,5.17625693419177e-8,5.2159872865331638e-8,0.9767940044403076,0.21418124437332154,-8.67700933326887e-8,-0.21418127417564393,0.9767940044403076],"EasingStyle":"Constant","EasingDirection":"In"}}},{"Time":0.6499999761581421,"poses":{"Left Leg":{"Weight":1,"CFrame":[-0.20360137522220612,0.0530664324760437,0.018475651741027833,0.9928811192512512,-0.07899228483438492,0.08914730697870255,0.07557909190654755,0.9962949752807617,0.041039057075977328,-0.09205881506204605,-0.03400924429297447,0.9951726794242859],"EasingStyle":"Constant","EasingDirection":"In"},"Right Leg":{"Weight":1,"CFrame":[0.21923601627349854,0.055975496768951419,0.01101696491241455,0.9953150749206543,0.07871510088443756,-0.05614224448800087,-0.07605651766061783,0.9959465861320496,0.04801894351840019,0.0596945621073246,-0.043524015694856647,0.9972674250602722],"EasingStyle":"Constant","EasingDirection":"In"},"Left Arm":{"Weight":1,"CFrame":[1.1574009306514199e-8,-0.0861426293849945,-0.02349334955215454,1,7.136497259807584e-8,-9.654043786611055e-9,-1.1485706608027613e-8,0.977522611618042,0.21083080768585206,-6.047657485908076e-9,-0.21083089709281922,0.9775225520133972],"EasingStyle":"Constant","EasingDirection":"In"},"Head":{"Weight":1,"CFrame":[8.742276236262114e-8,0,0,1,-6.357302595461079e-8,8.742277657347586e-8,6.357302595461079e-8,1,0,-8.742277657347586e-8,-2.0850114102149814e-15,1],"EasingStyle":"Constant","EasingDirection":"In"},"Torso":{"Weight":1,"CFrame":[0,0,-0.03915572166442871,1,0,-8.742277657347586e-8,0,1,0,8.742277657347586e-8,0,1],"EasingStyle":"Constant","EasingDirection":"In"},"HumanoidRootPart":{"Weight":0,"CFrame":[0,0,0,1,0,0,0,1,0,0,0,1],"EasingStyle":"Linear","EasingDirection":"In"},"Right Arm":{"Weight":1,"CFrame":[-9.469644624005014e-9,-0.07048025727272034,-5.960464477539063e-8,1,1.295191154326858e-8,5.17625693419177e-8,5.2159872865331638e-8,0.9767940044403076,0.21418124437332154,-8.67700933326887e-8,-0.21418127417564393,0.9767940044403076],"EasingStyle":"Constant","EasingDirection":"In"}}},{"Time":0.699999988079071,"poses":{"Left Leg":{"Weight":1,"CFrame":[-0.20360152423381806,0.0530666708946228,0.01847553253173828,0.9928812384605408,-0.07899255305528641,0.08914733678102493,0.07557935267686844,0.9962949752807617,0.04103904217481613,-0.09205883741378784,-0.0340091697871685,0.9951726198196411],"EasingStyle":"Constant","EasingDirection":"In"},"Right Leg":{"Weight":1,"CFrame":[0.21923628449440003,0.05597597360610962,0.01101696491241455,0.9953149557113648,0.07871564477682114,-0.05614226311445236,-0.07605703920125961,0.9959465265274048,0.0480189174413681,0.05969458818435669,-0.04352397099137306,0.9972674250602722],"EasingStyle":"Constant","EasingDirection":"In"},"Left Arm":{"Weight":1,"CFrame":[1.4901161193847657e-8,-0.0861423909664154,-0.02349334955215454,1,-3.539026138810186e-8,-1.4901162970204497e-8,8.817282548534422e-8,0.9775225520133972,0.21083086729049684,1.4901170075631854e-8,-0.210830956697464,0.9775226712226868],"EasingStyle":"Constant","EasingDirection":"In"},"Head":{"Weight":1,"CFrame":[8.742273394091171e-8,0,2.384185791015625e-7,1,-8.940698137394065e-8,8.742276236262114e-8,8.940698137394065e-8,1,3.639412583149662e-15,-8.742277657347586e-8,2.1272218148337417e-15,1],"EasingStyle":"Constant","EasingDirection":"In"},"Torso":{"Weight":1,"CFrame":[0,0,-0.03915572166442871,0.13332465291023255,0.9910724759101868,-1.1655609810645729e-8,-0.9910724759101868,0.13332465291023255,8.664229511623489e-8,8.742278367890322e-8,0,1],"EasingStyle":"Constant","EasingDirection":"In"},"HumanoidRootPart":{"Weight":0,"CFrame":[0,0,0,1,0,0,0,1,0,0,0,1],"EasingStyle":"Linear","EasingDirection":"In"},"Right Arm":{"Weight":1,"CFrame":[-1.4901161193847657e-8,-0.07048001885414124,-5.960464477539063e-8,1,1.1175868230850483e-8,5.960463766996327e-8,5.215986575990428e-8,0.9767939448356628,0.2141813039779663,-1.0430814967321567e-7,-0.21418142318725587,0.9767939448356628],"EasingStyle":"Constant","EasingDirection":"In"}}},{"Time":0.75,"poses":{"Left Leg":{"Weight":1,"CFrame":[-0.20360085368156434,0.0530661940574646,0.01847529411315918,0.992881178855896,-0.07899192720651627,0.08914723247289658,0.07557877898216248,0.9962949752807617,0.041039057075977328,-0.09205874055624008,-0.034009240567684177,0.9951726198196411],"EasingStyle":"Constant","EasingDirection":"In"},"Right Leg":{"Weight":1,"CFrame":[0.21923545002937318,0.055975258350372317,0.011016845703125,0.9953151345252991,0.07871460169553757,-0.056142181158065799,-0.07605601847171784,0.9959467053413391,0.048018936067819598,0.05969451367855072,-0.043524034321308139,0.9972674250602722],"EasingStyle":"Constant","EasingDirection":"In"},"Left Arm":{"Weight":1,"CFrame":[-2.9802322387695315e-8,-0.0861426293849945,-0.023493409156799318,1,1.1175872316471214e-7,-1.4901161193847657e-7,-1.148571282527655e-8,0.977522611618042,0.21083083748817445,8.940695295223122e-8,-0.21083088219165803,0.977522611618042],"EasingStyle":"Constant","EasingDirection":"In"},"Head":{"Weight":1,"CFrame":[8.742276236262114e-8,0,0,1,-5.960463766996327e-8,8.742278367890322e-8,5.960463766996327e-8,1,-7.0994392581803879e-15,-8.74227694680485e-8,-4.090028605374793e-15,1],"EasingStyle":"Constant","EasingDirection":"In"},"Torso":{"Weight":1,"CFrame":[0,0,-0.03915572166442871,-0.4735395312309265,0.880772590637207,4.139814535619735e-8,-0.880772590637207,-0.4735395312309265,7.69995978089355e-8,8.74227694680485e-8,0,1],"EasingStyle":"Constant","EasingDirection":"In"},"HumanoidRootPart":{"Weight":0,"CFrame":[0,0,0,1,0,0,0,1,0,0,0,1],"EasingStyle":"Linear","EasingDirection":"In"},"Right Arm":{"Weight":1,"CFrame":[-2.9802322387695315e-8,-0.07048025727272034,-5.960464477539063e-8,1,-2.2351738238057807e-8,5.960463766996327e-8,5.215986931261796e-8,0.9767940044403076,0.21418124437332154,-2.9802322387695315e-8,-0.21418128907680512,0.9767940044403076],"EasingStyle":"Constant","EasingDirection":"In"}}},{"Time":0.800000011920929,"poses":{"Left Leg":{"Weight":1,"CFrame":[-0.20360100269317628,0.0530664324760437,0.01847553253173828,0.9928811192512512,-0.07899215817451477,0.08914738893508911,0.075578972697258,0.9962949752807617,0.041038915514945987,-0.09205887466669083,-0.034009069204330447,0.9951726794242859],"EasingStyle":"Constant","EasingDirection":"In"},"Right Leg":{"Weight":1,"CFrame":[0.21923549473285676,0.055975496768951419,0.01101696491241455,0.9953150749206543,0.07871469110250473,-0.056142158806324008,-0.0760560929775238,0.9959466457366943,0.048019036650657657,0.059694450348615649,-0.043524157255887988,0.9972674250602722],"EasingStyle":"Constant","EasingDirection":"In"},"Left Arm":{"Weight":1,"CFrame":[1.1641532182693482e-8,-0.0861423909664154,-0.02349334955215454,1,6.172923150415954e-8,3.5157423639020638e-8,-1.1485703055313934e-8,0.977522611618042,0.21083080768585206,-5.192123353481293e-8,-0.2108309119939804,0.977522611618042],"EasingStyle":"Constant","EasingDirection":"In"},"Head":{"Weight":1,"CFrame":[8.742279078433057e-8,5.605454933670106e-17,2.384185791015625e-7,1,-1.73225998878479e-7,8.742278367890322e-8,1.73225998878479e-7,1,-1.3863421334935636e-17,-8.742278367890322e-8,7.511802425474567e-15,1],"EasingStyle":"Constant","EasingDirection":"In"},"Torso":{"Weight":1,"CFrame":[0,0,-0.03915572166442871,-0.9999978542327881,0.0020704667549580337,8.742259183236456e-8,-0.0020704667549580337,-0.9999978542327881,1.810059463425162e-10,8.742277657347586e-8,0,1],"EasingStyle":"Constant","EasingDirection":"In"},"HumanoidRootPart":{"Weight":0,"CFrame":[0,0,0,1,0,0,0,1,0,0,0,1],"EasingStyle":"Linear","EasingDirection":"In"},"Right Arm":{"Weight":1,"CFrame":[-9.546056389808655e-9,-0.07048001885414124,-5.960464477539063e-8,1,1.484295175657735e-8,4.2375173592290596e-8,5.2159872865331638e-8,0.9767940044403076,0.21418124437332154,-7.729978079851208e-8,-0.21418124437332154,0.9767939448356628],"EasingStyle":"Constant","EasingDirection":"In"}}},{"Time":0.8500000238418579,"poses":{"Left Leg":{"Weight":1,"CFrame":[-0.20360100269317628,0.0530664324760437,0.01847553253173828,0.9928811192512512,-0.07899215817451477,0.08914738893508911,0.075578972697258,0.9962949752807617,0.041038915514945987,-0.09205887466669083,-0.034009069204330447,0.9951726794242859],"EasingStyle":"Constant","EasingDirection":"In"},"Right Leg":{"Weight":1,"CFrame":[0.21923549473285676,0.055975496768951419,0.01101696491241455,0.9953150749206543,0.07871469110250473,-0.056142158806324008,-0.0760560929775238,0.9959466457366943,0.048019036650657657,0.059694450348615649,-0.043524157255887988,0.9972674250602722],"EasingStyle":"Constant","EasingDirection":"In"},"Left Arm":{"Weight":1,"CFrame":[1.1641532182693482e-8,-0.0861423909664154,-0.02349334955215454,1,6.172923150415954e-8,3.5157423639020638e-8,-1.1485703055313934e-8,0.977522611618042,0.21083080768585206,-5.192123353481293e-8,-0.2108309119939804,0.977522611618042],"EasingStyle":"Constant","EasingDirection":"In"},"Head":{"Weight":1,"CFrame":[8.742279078433057e-8,5.605454933670106e-17,2.384185791015625e-7,1,-1.73225998878479e-7,8.742278367890322e-8,1.73225998878479e-7,1,-1.3863421334935636e-17,-8.742278367890322e-8,7.511802425474567e-15,1],"EasingStyle":"Constant","EasingDirection":"In"},"Torso":{"Weight":1,"CFrame":[0,0,-0.03915572166442871,-0.9999978542327881,0.0020704667549580337,8.742259183236456e-8,-0.0020704667549580337,-0.9999978542327881,1.810059463425162e-10,8.742277657347586e-8,0,1],"EasingStyle":"Constant","EasingDirection":"In"},"HumanoidRootPart":{"Weight":0,"CFrame":[0,0,0,1,0,0,0,1,0,0,0,1],"EasingStyle":"Linear","EasingDirection":"In"},"Right Arm":{"Weight":1,"CFrame":[-9.546056389808655e-9,-0.07048001885414124,-5.960464477539063e-8,1,1.484295175657735e-8,4.2375173592290596e-8,5.2159872865331638e-8,0.9767940044403076,0.21418124437332154,-7.729978079851208e-8,-0.21418124437332154,0.9767939448356628],"EasingStyle":"Constant","EasingDirection":"In"}}},{"Time":0.8999999761581421,"poses":{"Left Leg":{"Weight":1,"CFrame":[-0.2036021649837494,0.0530664324760437,0.01847553253173828,0.9928811192512512,-0.07899259030818939,0.08914743363857269,0.07557941973209381,0.9962949156761169,0.04103904590010643,-0.092058926820755,-0.034009162336587909,0.9951726198196411],"EasingStyle":"Constant","EasingDirection":"In"},"Right Leg":{"Weight":1,"CFrame":[0.21923668682575227,0.05597573518753052,0.01101696491241455,0.9953150153160095,0.07871494442224503,-0.05614204332232475,-0.07605639845132828,0.9959465861320496,0.04801894724369049,0.0596943274140358,-0.04352404549717903,0.9972674250602722],"EasingStyle":"Constant","EasingDirection":"In"},"Left Arm":{"Weight":1,"CFrame":[2.9802322387695315e-8,-0.0861426293849945,-0.023493468761444093,1,5.2154071283894157e-8,5.960464477539063e-8,-1.1485709272562872e-8,0.977522611618042,0.21083083748817445,-2.9802322387695315e-8,-0.21083086729049684,0.977522611618042],"EasingStyle":"Constant","EasingDirection":"In"},"Head":{"Weight":1,"CFrame":[8.742273394091171e-8,0,0,1,2.9802318834981635e-8,8.742277657347586e-8,-2.9802318834981635e-8,1,-3.3820511512470997e-15,-8.74227694680485e-8,-1.4748168371226876e-14,1],"EasingStyle":"Constant","EasingDirection":"In"},"Torso":{"Weight":1,"CFrame":[0,0,-0.03915572166442871,-0.9519627094268799,-0.3062138557434082,8.322323452603087e-8,0.3062138557434082,-0.9519627094268799,-2.677006882834121e-8,8.74227694680485e-8,0,1],"EasingStyle":"Constant","EasingDirection":"In"},"HumanoidRootPart":{"Weight":0,"CFrame":[0,0,0,1,0,0,0,1,0,0,0,1],"EasingStyle":"Linear","EasingDirection":"In"},"Right Arm":{"Weight":1,"CFrame":[0,-0.07048025727272034,-1.1920928955078126e-7,1,-1.862644971595273e-8,8.940696716308594e-8,5.215986575990428e-8,0.9767940044403076,0.21418127417564393,-1.1920927533992654e-7,-0.21418128907680512,0.9767940044403076],"EasingStyle":"Constant","EasingDirection":"In"}}},{"Time":0.949999988079071,"poses":{"Left Leg":{"Weight":1,"CFrame":[-0.2036021649837494,0.0530664324760437,0.01847553253173828,0.9928811192512512,-0.07899259030818939,0.08914743363857269,0.07557941973209381,0.9962949156761169,0.04103904590010643,-0.092058926820755,-0.034009162336587909,0.9951726198196411],"EasingStyle":"Constant","EasingDirection":"In"},"Right Leg":{"Weight":1,"CFrame":[0.21923668682575227,0.05597573518753052,0.01101696491241455,0.9953150153160095,0.07871494442224503,-0.05614204332232475,-0.07605639845132828,0.9959465861320496,0.04801894724369049,0.0596943274140358,-0.04352404549717903,0.9972674250602722],"EasingStyle":"Constant","EasingDirection":"In"},"Left Arm":{"Weight":1,"CFrame":[2.9802322387695315e-8,-0.0861426293849945,-0.023493468761444093,1,5.2154071283894157e-8,5.960464477539063e-8,-1.1485709272562872e-8,0.977522611618042,0.21083083748817445,-2.9802322387695315e-8,-0.21083086729049684,0.977522611618042],"EasingStyle":"Constant","EasingDirection":"In"},"Head":{"Weight":1,"CFrame":[8.742273394091171e-8,0,0,1,2.9802318834981635e-8,8.742277657347586e-8,-2.9802318834981635e-8,1,-3.3820511512470997e-15,-8.74227694680485e-8,-1.4748168371226876e-14,1],"EasingStyle":"Constant","EasingDirection":"In"},"Torso":{"Weight":1,"CFrame":[0,0,-0.03915572166442871,-0.9519627094268799,-0.3062138557434082,8.322323452603087e-8,0.3062138557434082,-0.9519627094268799,-2.677006882834121e-8,8.74227694680485e-8,0,1],"EasingStyle":"Constant","EasingDirection":"In"},"HumanoidRootPart":{"Weight":0,"CFrame":[0,0,0,1,0,0,0,1,0,0,0,1],"EasingStyle":"Linear","EasingDirection":"In"},"Right Arm":{"Weight":1,"CFrame":[0,-0.07048025727272034,-1.1920928955078126e-7,1,-1.862644971595273e-8,8.940696716308594e-8,5.215986575990428e-8,0.9767940044403076,0.21418127417564393,-1.1920927533992654e-7,-0.21418128907680512,0.9767940044403076],"EasingStyle":"Constant","EasingDirection":"In"}}},{"Time":1,"poses":{"Left Leg":{"Weight":1,"CFrame":[-0.2036021649837494,0.0530664324760437,0.01847553253173828,0.9928811192512512,-0.07899259030818939,0.08914743363857269,0.07557941973209381,0.9962949156761169,0.04103904590010643,-0.092058926820755,-0.034009162336587909,0.9951726198196411],"EasingStyle":"Constant","EasingDirection":"In"},"Right Leg":{"Weight":1,"CFrame":[0.21923668682575227,0.05597573518753052,0.01101696491241455,0.9953150153160095,0.07871494442224503,-0.05614204332232475,-0.07605639845132828,0.9959465861320496,0.04801894724369049,0.0596943274140358,-0.04352404549717903,0.9972674250602722],"EasingStyle":"Constant","EasingDirection":"In"},"Left Arm":{"Weight":1,"CFrame":[2.9802322387695315e-8,-0.0861426293849945,-0.023493468761444093,1,5.2154071283894157e-8,5.960464477539063e-8,-1.1485709272562872e-8,0.977522611618042,0.21083083748817445,-2.9802322387695315e-8,-0.21083086729049684,0.977522611618042],"EasingStyle":"Constant","EasingDirection":"In"},"Head":{"Weight":1,"CFrame":[8.742273394091171e-8,0,0,1,2.9802318834981635e-8,8.742277657347586e-8,-2.9802318834981635e-8,1,-3.3820511512470997e-15,-8.74227694680485e-8,-1.4748168371226876e-14,1],"EasingStyle":"Constant","EasingDirection":"In"},"Torso":{"Weight":1,"CFrame":[0,0,-0.03915572166442871,-0.9519627094268799,-0.3062138557434082,8.322323452603087e-8,0.3062138557434082,-0.9519627094268799,-2.677006882834121e-8,8.74227694680485e-8,0,1],"EasingStyle":"Constant","EasingDirection":"In"},"HumanoidRootPart":{"Weight":0,"CFrame":[0,0,0,1,0,0,0,1,0,0,0,1],"EasingStyle":"Linear","EasingDirection":"In"},"Right Arm":{"Weight":1,"CFrame":[0,-0.07048025727272034,-1.1920928955078126e-7,1,-1.862644971595273e-8,8.940696716308594e-8,5.215986575990428e-8,0.9767940044403076,0.21418127417564393,-1.1920927533992654e-7,-0.21418128907680512,0.9767940044403076],"EasingStyle":"Constant","EasingDirection":"In"}}},{"Time":1.0499999523162842,"poses":{"Left Leg":{"Weight":1,"CFrame":[-0.20360100269317628,0.0530664324760437,0.01847553253173828,0.9928811192512512,-0.07899215817451477,0.08914738893508911,0.075578972697258,0.9962949752807617,0.041038915514945987,-0.09205887466669083,-0.034009069204330447,0.9951726794242859],"EasingStyle":"Constant","EasingDirection":"In"},"Right Leg":{"Weight":1