{"Sequence":[{"Time":0,"poses":{"Left Leg":{"Weight":1,"CFrame":[-0.4978914260864258,0.05983924865722656,0.20371532440185548,0.8547757267951965,-0.34328654408454897,0.3892470598220825,0.31876763701438906,0.9391196370124817,0.12822657823562623,-0.4095678925514221,0.014474596828222275,0.9121649861335754],"EasingStyle":"Linear","EasingDirection":"In"},"Right Arm":{"Weight":1,"CFrame":[-0.1056642234325409,-0.15551427006721497,0.0783616304397583,0.9155306816101074,-0.13234449923038484,0.37985384464263918,0.0828031450510025,0.9861085414886475,0.14399532973766328,-0.3936339020729065,-0.10037904977798462,0.9137705564498901],"EasingStyle":"Linear","EasingDirection":"In"},"Head":{"Weight":1,"CFrame":[5.587935447692871e-8,4.76837158203125e-7,0,0.9955028295516968,-0.07078631222248078,0.06295955926179886,0.09205778688192368,0.879694402217865,-0.46654415130615237,-0.022360244765877725,0.4702419638633728,0.8822546601295471],"EasingStyle":"Linear","EasingDirection":"In"},"Left Arm":{"Weight":1,"CFrame":[-0.4340988099575043,-0.39180171489715578,0.2903527021408081,-0.7967429161071777,0.4650154113769531,-0.3859558701515198,-0.5722614526748657,-0.37531134486198428,0.7291494011878967,0.1942119598388672,0.8018121123313904,0.5651367902755737],"EasingStyle":"Linear","EasingDirection":"In"},"Torso":{"Weight":1,"CFrame":[0.01010894775390625,-0.058350563049316409,-0.02056884765625,0.9966636300086975,0.08118247985839844,-0.008435769006609917,-0.08155778050422669,0.994596540927887,-0.06423557549715042,0.0031753797084093096,0.06470926851034165,0.9978992938995361],"EasingStyle":"Linear","EasingDirection":"In"},"HumanoidRootPart":{"Weight":1,"CFrame":[0,0,0,1,0,0,0,1,0,0,0,1],"EasingStyle":"Linear","EasingDirection":"In"},"Right Leg":{"Weight":1,"CFrame":[0.7113735675811768,0.09490025043487549,0.13641095161437989,0.9106930494308472,0.34707507491111758,-0.22400334477424622,-0.31474488973617556,0.9342125058174133,0.16787727177143098,0.2675325870513916,-0.08238039910793305,0.9600208401679993],"EasingStyle":"Linear","EasingDirection":"In"}}},{"Time":0.03333333507180214,"poses":{"Left Leg":{"Weight":1,"CFrame":[-0.5372109413146973,0.061054229736328128,0.22853565216064454,0.8359000086784363,-0.39165911078453066,0.3845442533493042,0.36956584453582766,0.9195976257324219,0.1332721710205078,-0.4058232307434082,0.030712265521287919,0.9134352803230286],"EasingStyle":"Linear","EasingDirection":"In"},"Right Arm":{"Weight":1,"CFrame":[-0.1023746132850647,-0.15601423382759095,0.07775259017944336,0.9156067371368408,-0.13571766018867494,0.3784775137901306,0.08509920537471771,0.985397219657898,0.14748135209083558,-0.39296644926071169,-0.10282681882381439,0.9137853384017944],"EasingStyle":"Linear","EasingDirection":"In"},"Head":{"Weight":1,"CFrame":[2.682209014892578e-7,-1.043081283569336e-7,0,0.9947811365127564,-0.07110603898763657,0.07317107915878296,0.09726083278656006,0.8775632381439209,-0.46949270367622378,-0.030828433111310006,0.47415924072265627,0.8798991441726685],"EasingStyle":"Linear","EasingDirection":"In"},"Left Arm":{"Weight":1,"CFrame":[-0.4370482265949249,-0.37447434663772585,0.30720317363739016,-0.80240797996521,0.47041362524032595,-0.3672229051589966,-0.5539249181747437,-0.35812273621559145,0.7516086101531982,0.22205591201782227,0.8065105080604553,0.547934353351593],"EasingStyle":"Linear","EasingDirection":"In"},"Torso":{"Weight":1,"CFrame":[0.0154571533203125,-0.058915138244628909,-0.056101322174072269,0.9967609643936157,0.08010625839233399,-0.007098156958818436,-0.08034738153219223,0.9957264065742493,-0.0455329492688179,0.0034203706309199335,0.04595579952001572,0.9989376068115234],"EasingStyle":"Linear","EasingDirection":"In"},"HumanoidRootPart":{"Weight":1,"CFrame":[0,0,0,1,0,0,0,1,0,0,0,1],"EasingStyle":"Linear","EasingDirection":"In"},"Right Leg":{"Weight":1,"CFrame":[0.7606555223464966,0.09217393398284912,0.15305793285369874,0.8874406814575195,0.40287742018699648,-0.22391760349273683,-0.368955135345459,0.9120893478393555,0.17878791689872743,0.2762622535228729,-0.07604800164699555,0.9580687284469605],"EasingStyle":"Linear","EasingDirection":"In"}}},{"Time":0.06666667014360428,"poses":{"Left Leg":{"Weight":1,"CFrame":[-0.565240740776062,0.05947697162628174,0.25295042991638186,0.817717432975769,-0.4340563714504242,0.3780663013458252,0.4134831726551056,0.8998681902885437,0.13881435990333558,-0.4004629850387573,0.04281327500939369,0.9153124094009399],"EasingStyle":"Linear","EasingDirection":"In"},"Right Arm":{"Weight":1,"CFrame":[-0.09901374578475952,-0.15661144256591798,0.07726728916168213,0.9155354499816895,-0.14066696166992188,0.3768405318260193,0.0888565182685852,0.9844411015510559,0.15159457921981812,-0.392301470041275,-0.10530543327331543,0.9137890934944153],"EasingStyle":"Linear","EasingDirection":"In"},"Head":{"Weight":1,"CFrame":[3.948807716369629e-7,5.960464477539063e-8,0,0.993891179561615,-0.07147340476512909,0.08409611880779267,0.10285305976867676,0.8761588931083679,-0.470922589302063,-0.0400230847299099,0.47669509053230288,0.8781574964523315],"EasingStyle":"Linear","EasingDirection":"In"},"Left Arm":{"Weight":1,"CFrame":[-0.4390362799167633,-0.3576850891113281,0.3223869800567627,-0.8064608573913574,0.4754537343978882,-0.3515189290046692,-0.5368492603302002,-0.3396046757698059,0.7723096609115601,0.2478199601173401,0.8115497827529907,0.5291246771812439],"EasingStyle":"Linear","EasingDirection":"In"},"Torso":{"Weight":1,"CFrame":[0.020784378051757814,-0.0510258674621582,-0.08585739135742188,0.9969234466552734,0.07831922173500061,-0.0031445445492863657,-0.0783705860376358,0.9966664910316467,-0.02268170565366745,0.0013576522469520569,0.02285836637020111,0.9997379183769226],"EasingStyle":"Linear","EasingDirection":"In"},"HumanoidRootPart":{"Weight":1,"CFrame":[0,0,0,1,0,0,0,1,0,0,0,1],"EasingStyle":"Linear","EasingDirection":"In"},"Right Leg":{"Weight":1,"CFrame":[0.800951361656189,0.07927215099334717,0.1603022813796997,0.8619555234909058,0.4549633860588074,-0.22370082139968873,-0.4189394414424896,0.8876745104789734,0.19111290574073792,0.28552258014678957,-0.07101361453533173,0.9557374715805054],"EasingStyle":"Linear","EasingDirection":"In"}}},{"Time":0.10000000149011612,"poses":{"Left Leg":{"Weight":1,"CFrame":[-0.5676041841506958,0.05241525173187256,0.26912784576416018,0.8068796992301941,-0.45997270941734316,0.37063562870025637,0.4409223198890686,0.8865119218826294,0.14030008018016816,-0.39310717582702639,0.05021630972623825,0.9181207418441773],"EasingStyle":"Linear","EasingDirection":"In"},"Right Arm":{"Weight":1,"CFrame":[-0.09631142020225525,-0.1573210060596466,0.077178955078125,0.9151219129562378,-0.148002028465271,0.3750295639038086,0.09501497447490692,0.9831538796424866,0.15614356100559236,-0.3918214738368988,-0.10725708305835724,0.913768470287323],"EasingStyle":"Linear","EasingDirection":"In"},"Head":{"Weight":1,"CFrame":[1.4156103134155274e-7,-1.6391277313232423e-7,0,0.9928297400474548,-0.0718376412987709,0.0955483466386795,0.10867142677307129,0.8754019737243652,-0.47102227807044985,-0.04980604350566864,0.4780280888080597,0.8769315481185913],"EasingStyle":"Linear","EasingDirection":"In"},"Left Arm":{"Weight":1,"CFrame":[-0.44027408957481387,-0.34156960248947146,0.33594560623168948,-0.8092137575149536,0.4800596237182617,-0.33869749307632449,-0.5210306644439697,-0.32000258564949038,0.7912810444831848,0.27147820591926577,0.8167873620986939,0.5090764760971069],"EasingStyle":"Linear","EasingDirection":"In"},"Torso":{"Weight":1,"CFrame":[0.03191089630126953,-0.03265237808227539,-0.09778356552124024,0.997118353843689,0.07581043243408203,0.002859169617295265,-0.07581958919763565,0.9971162676811218,0.003241337835788727,-0.0026051951572299005,-0.003448769450187683,0.999990701675415],"EasingStyle":"Linear","EasingDirection":"In"},"HumanoidRootPart":{"Weight":1,"CFrame":[0,0,0,1,0,0,0,1,0,0,0,1],"EasingStyle":"Linear","EasingDirection":"In"},"Right Leg":{"Weight":1,"CFrame":[0.8216714859008789,0.05519586801528931,0.1548612117767334,0.8402327299118042,0.49444928765296938,-0.22255170345306397,-0.45487192273139956,0.8661596775054932,0.20702426135540009,0.29512840509414675,-0.07271595299243927,0.9526867866516113],"EasingStyle":"Linear","EasingDirection":"In"}}},{"Time":0.13333334028720857,"poses":{"Left Leg":{"Weight":1,"CFrame":[-0.5312875509262085,0.040727436542510989,0.2705965042114258,0.809401273727417,-0.461348295211792,0.3633558750152588,0.44418901205062868,0.885690450668335,0.13508807122707368,-0.384143590927124,0.05205811560153961,0.9218048453330994],"EasingStyle":"Linear","EasingDirection":"In"},"Right Arm":{"Weight":1,"CFrame":[-0.09499302506446839,-0.1581805944442749,0.07775318622589112,0.914132297039032,-0.15852640569210053,0.3731377422809601,0.10450086742639542,0.9814164042472839,0.16094011068344117,-0.3917166590690613,-0.10812737792730332,0.9137105345726013],"EasingStyle":"Linear","EasingDirection":"In"},"Head":{"Weight":1,"CFrame":[2.868473529815674e-7,7.003545761108398e-7,0,0.9916012287139893,-0.07214675098657608,0.10734119266271591,0.11455421149730683,0.8752108216285706,-0.4699825942516327,-0.06003843992948532,0.4783315658569336,0.8761247992515564],"EasingStyle":"Linear","EasingDirection":"In"},"Left Arm":{"Weight":1,"CFrame":[-0.44095271825790408,-0.3262476325035095,0.3479487895965576,-0.8109455108642578,0.484144002199173,-0.3285914361476898,-0.506466269493103,-0.29956889152526858,0.8085485100746155,0.293018102645874,0.8221092224121094,0.48813652992248537],"EasingStyle":"Linear","EasingDirection":"In"},"Torso":{"Weight":1,"CFrame":[0.052702903747558597,-0.0031080245971679689,-0.083709716796875,0.9973084330558777,0.07258822023868561,0.010343823581933976,-0.0728781521320343,0.9968547821044922,0.0311356782913208,-0.00805120449513197,-0.03180571645498276,0.9994617104530335],"EasingStyle":"Linear","EasingDirection":"In"},"HumanoidRootPart":{"Weight":1,"CFrame":[0,0,0,1,0,0,0,1,0,0,0,1],"EasingStyle":"Linear","EasingDirection":"In"},"Right Leg":{"Weight":1,"CFrame":[0.817884624004364,0.019546926021575929,0.13591718673706056,0.8273646831512451,0.5170652866363525,-0.2193441390991211,-0.47216781973838808,0.8517952561378479,0.2269413322210312,0.3041796386241913,-0.08419585227966309,0.9488868117332459],"EasingStyle":"Linear","EasingDirection":"In"}}},{"Time":0.1666666716337204,"poses":{"Left Leg":{"Weight":1,"CFrame":[-0.4622308611869812,0.029188990592956544,0.2578251361846924,0.8226675987243652,-0.44270992279052737,0.35668790340423586,0.426608145236969,0.8954149484634399,0.1274283528327942,-0.3757973909378052,0.04733482003211975,0.9254924654960632],"EasingStyle":"Linear","EasingDirection":"In"},"Right Arm":{"Weight":1,"CFrame":[-0.09577889740467072,-0.15927577018737794,0.0792609453201294,0.9122623801231384,-0.17303243279457093,0.37126487493515017,0.11822405457496643,0.979047417640686,0.16579975187778474,-0.39217448234558108,-0.10736046731472016,0.9136046171188355],"EasingStyle":"Linear","EasingDirection":"In"},"Head":{"Weight":1,"CFrame":[2.942979335784912e-7,3.129243850708008e-7,0,0.9902205467224121,-0.07234582304954529,0.11928880959749222,0.12034235894680023,0.8754984736442566,-0.4679962694644928,-0.07057956606149674,0.47777482867240908,0.8756427764892578],"EasingStyle":"Linear","EasingDirection":"In"},"Left Arm":{"Weight":1,"CFrame":[-0.4412398338317871,-0.31182920932769778,0.35848307609558108,-0.8119021058082581,0.4876103401184082,-0.3210168182849884,-0.4931531548500061,-0.2785625159740448,0.8241379857063294,0.3124348521232605,0.8274294137954712,0.4666319191455841],"EasingStyle":"Linear","EasingDirection":"In"},"Torso":{"Weight":1,"CFrame":[0.07923316955566406,0.03455829620361328,-0.050954341888427737,0.9974615573883057,0.0686982050538063,0.018741633743047715,-0.06970667093992233,0.9957688450813294,0.059879567474126819,-0.014548713341355324,-0.06103398650884628,0.9980297684669495],"EasingStyle":"Linear","EasingDirection":"In"},"HumanoidRootPart":{"Weight":1,"CFrame":[0,0,0,1,0,0,0,1,0,0,0,1],"EasingStyle":"Linear","EasingDirection":"In"},"Right Leg":{"Weight":1,"CFrame":[0.7912747859954834,-0.02139580249786377,0.10722696781158447,0.8238565325737,0.524844229221344,-0.2140076607465744,-0.4741716682910919,0.8450568318367004,0.2470633089542389,0.31051844358444216,-0.10206812620162964,0.9450718760490418],"EasingStyle":"Linear","EasingDirection":"In"}}},{"Time":0.20000000298023225,"poses":{"Left Leg":{"Weight":1,"CFrame":[-0.3726963996887207,0.021040797233581544,0.23377060890197755,0.8412420749664307,-0.4116850197315216,0.350467711687088,0.39470916986465456,0.9106354117393494,0.1222623884677887,-0.3694818913936615,0.03548058867454529,0.9285604357719421],"EasingStyle":"Linear","EasingDirection":"In"},"Right Arm":{"Weight":1,"CFrame":[-0.09937965869903565,-0.16074982285499574,0.08197736740112305,0.9091088771820068,-0.1922963708639145,0.3695181608200073,0.1370777189731598,0.97576904296875,0.17054197192192079,-0.39335912466049197,-0.10438842326402664,0.9134396910667419],"EasingStyle":"Linear","EasingDirection":"In"},"Head":{"Weight":1,"CFrame":[2.2351741790771485e-7,4.470348358154297e-8,0,0.9887098073959351,-0.07237613946199417,0.13120606541633607,0.12588045001029969,0.8761775493621826,-0.4652605950832367,-0.08128604292869568,0.47652390599250796,0.8753958344459534],"EasingStyle":"Linear","EasingDirection":"In"},"Left Arm":{"Weight":1,"CFrame":[-0.4412808418273926,-0.29841458797454836,0.36765241622924807,-0.8122975826263428,0.4903634488582611,-0.315779447555542,-0.48109525442123415,-0.2572484016418457,0.8380758762359619,0.3297279477119446,0.8326869010925293,0.4448738098144531],"EasingStyle":"Linear","EasingDirection":"In"},"Torso":{"Weight":1,"CFrame":[0.10582637786865235,0.07660388946533203,-0.010506629943847657,0.9975561499595642,0.06423412263393402,0.02749297022819519,-0.0664316713809967,0.9938727617263794,0.08833979070186615,-0.02165008708834648,-0.08995030075311661,0.9957109689712524],"EasingStyle":"Linear","EasingDirection":"In"},"HumanoidRootPart":{"Weight":1,"CFrame":[0,0,0,1,0,0,0,1,0,0,0,1],"EasingStyle":"Linear","EasingDirection":"In"},"Right Leg":{"Weight":1,"CFrame":[0.7424957156181336,-0.059036850929260257,0.07352852821350098,0.8289267420768738,0.519392728805542,-0.2076347917318344,-0.46409428119659426,0.8458282947540283,0.2630422115325928,0.31224530935287478,-0.12168045341968537,0.9421766996383667],"EasingStyle":"Linear","EasingDirection":"In"}}},{"Time":0.23333333432674409,"poses":{"Left Leg":{"Weight":1,"CFrame":[-0.28206920623779299,0.01709836721420288,0.20429587364196778,0.8590849041938782,-0.3787449598312378,0.3442753553390503,0.35867077112197878,0.9253291487693787,0.12296894192695618,-0.36514192819595339,0.017840834334492685,0.9307810664176941],"EasingStyle":"Linear","EasingDirection":"In"},"Right Arm":{"Weight":1,"CFrame":[-0.10648930072784424,-0.16282564401626588,0.08618760108947754,0.9041290879249573,-0.2170662134885788,0.3680124878883362,0.16193249821662904,0.9711624383926392,0.17499031126499177,-0.39538443088531496,-0.09862065315246582,0.9132063388824463],"EasingStyle":"Linear","EasingDirection":"In"},"Head":{"Weight":1,"CFrame":[-5.811452865600586e-7,1.4901161193847657e-7,0,0.9871009588241577,-0.07217352092266083,0.14290925860404969,0.13101866841316224,0.8771605491638184,-0.4619782567024231,-0.09201169013977051,0.4747428894042969,0.875301718711853],"EasingStyle":"Linear","EasingDirection":"In"},"Left Arm":{"Weight":1,"CFrame":[-0.4412052035331726,-0.28609299659729006,0.37556910514831545,-0.8123214840888977,0.49230754375457766,-0.31267812848091128,-0.47030001878738406,-0.23589956760406495,0.8503936529159546,0.3448947072029114,0.8378456830978394,0.4231586158275604],"EasingStyle":"Linear","EasingDirection":"In"},"Torso":{"Weight":1,"CFrame":[0.12734413146972657,0.11950302124023438,0.027281761169433595,0.9975865483283997,0.059341803193092349,0.03605375811457634,-0.06313873827457428,0.9913122057914734,0.11538524925708771,-0.02889334037899971,-0.11738313734531403,0.9926663041114807],"EasingStyle":"Linear","EasingDirection":"In"},"HumanoidRootPart":{"Weight":1,"CFrame":[0,0,0,1,0,0,0,1,0,0,0,1],"EasingStyle":"Linear","EasingDirection":"In"},"Right Leg":{"Weight":1,"CFrame":[0.6767003536224365,-0.0868992805480957,0.04161691665649414,0.8397102355957031,0.5040066242218018,-0.20214982330799104,-0.4464409649372101,0.8526596426963806,0.2714076340198517,0.30915606021881106,-0.13765577971935273,0.9409961104393005],"EasingStyle":"Linear","EasingDirection":"In"}}},{"Time":0.2666666805744171,"poses":{"Left Leg":{"Weight":1,"CFrame":[-0.21644039452075959,0.01598501205444336,0.17778921127319337,0.8709678649902344,-0.3569628894329071,0.3376283347606659,0.33193346858024599,0.9341158270835877,0.13133151829242707,-0.362264484167099,-0.0023152977228164675,0.9320725798606873],"EasingStyle":"Linear","EasingDirection":"In"},"Right Arm":{"Weight":1,"CFrame":[-0.11777615547180176,-0.16583698987960816,0.0921928882598877,0.8965970873832703,-0.24803698062896729,0.3668675124645233,0.19362223148345948,0.9646139740943909,0.178971067070961,-0.3982768952846527,-0.08943111449480057,0.9128953814506531],"EasingStyle":"Linear","EasingDirection":"In"},"Head":{"Weight":1,"CFrame":[3.129243850708008e-7,-1.7881393432617188e-7,0,0.9854346513748169,-0.07166864722967148,0.15421614050865174,0.13561224937438966,0.878361165523529,-0.45835745334625246,-0.10260754823684693,0.47259485721588137,0.8752862811088562],"EasingStyle":"Linear","EasingDirection":"In"},"Left Arm":{"Weight":1,"CFrame":[-0.4411189556121826,-0.2749488949775696,0.3823564052581787,-0.8121353983879089,0.49335482716560366,-0.31150853633880618,-0.4607836604118347,-0.2147943675518036,0.8611285090446472,0.35793158411979678,0.8428907990455627,0.40177199244499209],"EasingStyle":"Linear","EasingDirection":"In"},"Torso":{"Weight":1,"CFrame":[0.13957786560058595,0.16057777404785157,0.05440855026245117,0.9975637793540955,0.05421571433544159,0.043901897966861728,-0.0598720908164978,0.9883538484573364,0.13990063965320588,-0.03580578789114952,-0.14218828082084657,0.9891918897628784],"EasingStyle":"Linear","EasingDirection":"In"},"HumanoidRootPart":{"Weight":1,"CFrame":[0,0,0,1,0,0,0,1,0,0,0,1],"EasingStyle":"Linear","EasingDirection":"In"},"Right Leg":{"Weight":1,"CFrame":[0.608688473701477,-0.10405635833740235,0.019675016403198243,0.8508347272872925,0.48611265420913699,-0.1994381994009018,-0.42907825112342837,0.8618884682655335,0.2702595889568329,0.3032699525356293,-0.14437158405780793,0.9419046640396118],"EasingStyle":"Linear","EasingDirection":"In"}}},{"Time":0.30000001192092898,"poses":{"Left Leg":{"Weight":1,"CFrame":[-0.19017207622528077,0.01638197898864746,0.15937232971191407,0.8758928179740906,-0.35175231099128725,0.33027544617652895,0.3204614818096161,0.9358171820640564,0.1468045860528946,-0.3607160747051239,-0.022744692862033845,0.9323983788490295],"EasingStyle":"Linear","EasingDirection":"In"},"Right Arm":{"Weight":1,"CFrame":[-0.1338585913181305,-0.17024379968643189,0.1003197431564331,0.8855531215667725,-0.2858109772205353,0.3662073612213135,0.2329150289297104,0.9552558660507202,0.1823122501373291,-0.4019283354282379,-0.07615191489458084,0.9124990701675415],"EasingStyle":"Linear","EasingDirection":"In"},"Head":{"Weight":1,"CFrame":[6.109476089477539e-7,2.9802322387695315e-8,0,0.9837592244148254,-0.07078635692596436,0.1649462878704071,0.13952277600765229,0.8796942234039307,-0.4546113610267639,-0.11292216181755066,0.4702419340610504,0.8752838373184204],"EasingStyle":"Linear","EasingDirection":"In"},"Left Arm":{"Weight":1,"CFrame":[-0.44111716747283938,-0.2650601863861084,0.38813602924346926,-0.8118792176246643,0.49342453479766848,-0.31206464767456057,-0.45256683230400088,-0.19421926140785218,0.8703234791755676,0.3688300549983978,0.8478274345397949,0.3809898793697357],"EasingStyle":"Linear","EasingDirection":"In"},"Torso":{"Weight":1,"CFrame":[0.13988780975341798,0.1997690200805664,0.06928873062133789,0.9975148439407349,0.04908955842256546,0.05054084211587906,-0.0566384419798851,0.9853613376617432,0.16079522669315339,-0.0419076569378376,-0.1632581651210785,0.985693097114563],"EasingStyle":"Linear","EasingDirection":"In"},"HumanoidRootPart":{"Weight":1,"CFrame":[0,0,0,1,0,0,0,1,0,0,0,1],"EasingStyle":"Linear","EasingDirection":"In"},"Right Leg":{"Weight":1,"CFrame":[0.5566513538360596,-0.11494314670562744,0.010044097900390625,0.8580531477928162,0.4731350541114807,-0.19971953332424165,-0.4189563989639282,0.8698049783706665,0.26060619950294497,0.29701870679855349,-0.139940083026886,0.9445615410804749],"EasingStyle":"Linear","EasingDirection":"In"}}},{"Time":0.3333333432674408,"poses":{"Left Leg":{"Weight":1,"CFrame":[-0.21153303980827332,0.017043709754943849,0.15208911895751954,0.8734356164932251,-0.3651719093322754,0.32211774587631228,0.3265496492385864,0.9299798607826233,0.16882966458797456,-0.361214816570282,-0.042274605482816699,0.9315241575241089],"EasingStyle":"Linear","EasingDirection":"In"},"Right Arm":{"Weight":1,"CFrame":[-0.15493963658809663,-0.1765650510787964,0.11075711250305176,0.8700112700462341,-0.3301662802696228,0.3661572337150574,0.2797366976737976,0.9421159625053406,0.184840589761734,-0.40599048137664797,-0.05838577449321747,0.9120106101036072],"EasingStyle":"Linear","EasingDirection":"In"},"Head":{"Weight":1,"CFrame":[6.258487701416016e-7,2.682209014892578e-7,0,0.982122004032135,-0.06946511566638947,0.17496174573898316,0.14265024662017823,0.8810878396034241,-0.45092731714248659,-0.12283293157815933,0.4678241014480591,0.8752447962760925],"EasingStyle":"Linear","EasingDirection":"In"},"Left Arm":{"Weight":1,"CFrame":[-0.4412781596183777,-0.2564958333969116,0.393035888671875,-0.8116708397865295,0.49244821071624758,-0.3141428232192993,-0.4456755518913269,-0.17446517944335938,0.8780296444892883,0.3775769770145416,0.852676510810852,0.36108019948005679],"EasingStyle":"Linear","EasingDirection":"In"},"Torso":{"Weight":1,"CFrame":[0.12575817108154298,0.23760414123535157,0.07141447067260742,0.9974774122238159,0.04422060400247574,0.05552963539958,-0.05342487990856171,0.9827479124069214,0.17706625163555146,-0.046741656959056857,-0.17958617210388184,0.9826313257217407],"EasingStyle":"Linear","EasingDirection":"In"},"HumanoidRootPart":{"Weight":1,"CFrame":[0,0,0,1,0,0,0,1,0,0,0,1],"EasingStyle":"Linear","EasingDirection":"In"},"Right Leg":{"Weight":1,"CFrame":[0.5368233919143677,-0.12423348426818848,0.012871503829956055,0.8584559559822083,0.47117698192596438,-0.2025986909866333,-0.4218510091304779,0.873329222202301,0.24359402060508729,0.2917112112045288,-0.12364818155765534,0.9484809637069702],"EasingStyle":"Linear","EasingDirection":"In"}}},{"Time":0.36666667461395266,"poses":{"Left Leg":{"Weight":1,"CFrame":[-0.27682575583457949,0.01838231086730957,0.1550666093826294,0.8640108108520508,-0.3940158784389496,0.3134278953075409,0.3468322157859802,0.9170580506324768,0.19675478339195252,-0.3649560809135437,-0.061291247606277469,0.9290051460266113],"EasingStyle":"Linear","EasingDirection":"In"},"Right Arm":{"Weight":1,"CFrame":[-0.17980672419071198,-0.1848924458026886,0.1230611801147461,0.8499923944473267,-0.37807559967041018,0.3668401837348938,0.33101680874824526,0.9250358939170837,0.1863800585269928,-0.4098060429096222,-0.03699133172631264,0.9114225506782532],"EasingStyle":"Linear","EasingDirection":"In"},"Head":{"Weight":1,"CFrame":[0.0000013783574104309083,-1.341104507446289e-7,0,0.9805371165275574,-0.06771676242351532,0.1842871755361557,0.14502817392349244,0.8825111389160156,-0.4473712146282196,-0.13234101235866548,0.46539103984832766,0.8751558661460877],"EasingStyle":"Linear","EasingDirection":"In"},"Left Arm":{"Weight":1,"CFrame":[-0.44166845083236697,-0.24932312965393067,0.39718055725097659,-0.8116084933280945,0.4903663396835327,-0.31754183769226076,-0.44013696908950808,-0.1558321714401245,0.8843058943748474,0.38415053486824038,0.8574715852737427,0.3423028588294983],"EasingStyle":"Linear","EasingDirection":"In"},"Torso":{"Weight":1,"CFrame":[0.09593963623046875,0.27353763580322268,0.060488224029541019,0.9974871277809143,0.0398658886551857,0.05856830254197121,-0.05023972690105438,0.980887770652771,0.18797659873962403,-0.04995507374405861,-0.1904466450214386,0.9804258942604065],"EasingStyle":"Linear","EasingDirection":"In"},"HumanoidRootPart":{"Weight":1,"CFrame":[0,0,0,1,0,0,0,1,0,0,0,1],"EasingStyle":"Linear","EasingDirection":"In"},"Right Leg":{"Weight":1,"CFrame":[0.5569374561309815,-0.13472652435302735,0.027139663696289064,0.8507623076438904,0.4828068017959595,-0.20760929584503175,-0.44026440382003786,0.870461642742157,0.22014574706554414,0.28700363636016848,-0.09588860720396042,0.953118085861206],"EasingStyle":"Linear","EasingDirection":"In"}}},{"Time":0.4000000059604645,"poses":{"Left Leg":{"Weight":1,"CFrame":[-0.3651614785194397,0.021157503128051759,0.1627882719039917,0.8500921130180359,-0.42911404371261599,0.3052944839000702,0.37239527702331545,0.8997134566307068,0.2276783585548401,-0.3723774254322052,-0.07985717058181763,0.9246396422386169],"EasingStyle":"Linear","EasingDirection":"In"},"Right Arm":{"Weight":1,"CFrame":[-0.20694997906684876,-0.19489920139312745,0.1365886926651001,0.8263750672340393,-0.4259168803691864,0.36837366223335268,0.3830220103263855,0.9046655297279358,0.18674664199352265,-0.41279369592666628,-0.013227598741650582,0.9107288122177124],"EasingStyle":"Linear","EasingDirection":"In"},"Head":{"Weight":1,"CFrame":[9.387731552124023e-7,8.940696716308594e-8,0,0.979008138179779,-0.06557123363018036,0.19298747181892396,0.14672313630580903,0.8839446306228638,-0.44397562742233279,-0.14147812128067017,0.4629712998867035,0.8750095367431641],"EasingStyle":"Linear","EasingDirection":"In"},"Left Arm":{"Weight":1,"CFrame":[-0.44234323501586916,-0.24360179901123048,0.400684118270874,-0.8117722272872925,0.4871346354484558,-0.3220650255680084,-0.4359776973724365,-0.13862501084804536,0.8892168402671814,0.38852211833000185,0.8622549176216126,0.32491177320480349],"EasingStyle":"Linear","EasingDirection":"In"},"Torso":{"Weight":1,"CFrame":[0.054714202880859378,0.30223608016967776,0.039658546447753909,0.9975758790969849,0.03626216948032379,0.05939387530088425,-0.047108862549066547,0.9800962805747986,0.19285249710083009,-0.05121845752000809,-0.19518297910690309,0.9794285297393799],"EasingStyle":"Linear","EasingDirection":"In"},"HumanoidRootPart":{"Weight":1,"CFrame":[0,0,0,1,0,0,0,1,0,0,0,1],"EasingStyle":"Linear","EasingDirection":"In"},"Right Leg":{"Weight":1,"CFrame":[0.6026514768600464,-0.14448249340057374,0.04904162883758545,0.8380342721939087,0.5017814040184021,-0.21427688002586366,-0.4673392176628113,0.8628144264221191,0.19272974133491517,0.28158941864967348,-0.0613740012049675,0.9575702548027039],"EasingStyle":"Linear","EasingDirection":"In"}}},{"Time":0.4333333373069763,"poses":{"Left Leg":{"Weight":1,"CFrame":[-0.45404624938964846,0.026166796684265138,0.17010319232940675,0.8350622653961182,-0.4615333080291748,0.2994306683540344,0.39475494623184206,0.8817580342292786,0.2582065761089325,-0.38319626450538638,-0.09741635620594025,0.9185156226158142],"EasingStyle":"Linear","EasingDirection":"In"},"Right Arm":{"Weight":1,"CFrame":[-0.23498381674289704,-0.20584100484848023,0.15065395832061768,0.8007892370223999,-0.47031599283218386,0.3708636164665222,0.4322374165058136,0.8824224472045898,0.18574607372283936,-0.41461771726608279,0.011557625606656075,0.9099223613739014],"EasingStyle":"Linear","EasingDirection":"In"},"Head":{"Weight":1,"CFrame":[-1.4901161193847657e-7,1.4901161193847657e-7,0,0.9775336384773254,-0.06305857002735138,0.20112639665603639,0.1478012502193451,0.8853679299354553,-0.4407709240913391,-0.150276318192482,0.4605948328971863,0.8747968077659607],"EasingStyle":"Linear","EasingDirection":"In"},"Left Arm":{"Weight":1,"CFrame":[-0.44334933161735537,-0.23939114809036256,0.4036620855331421,-0.8122254610061646,0.48272204399108889,-0.3275201916694641,-0.433219313621521,-0.12315720319747925,0.892834484577179,0.3906542956829071,0.8670709729194641,0.30915597081184389],"EasingStyle":"Linear","EasingDirection":"In"},"Torso":{"Weight":1,"CFrame":[0.0075893402099609379,0.31757497787475588,0.014172077178955078,0.9977658987045288,0.03361058235168457,0.05773688107728958,-0.044084832072257999,0.9805992841720581,0.191001757979393,-0.05019702762365341,-0.19312044978141786,0.9798901677131653],"EasingStyle":"Linear","EasingDirection":"In"},"HumanoidRootPart":{"Weight":1,"CFrame":[0,0,0,1,0,0,0,1,0,0,0,1],"EasingStyle":"Linear","EasingDirection":"In"},"Right Leg":{"Weight":1,"CFrame":[0.6554723978042603,-0.15039801597595216,0.07355690002441406,0.8245523571968079,0.5205011963844299,-0.22179418802261353,-0.49448513984680178,0.853464663028717,0.1645665317773819,0.27495062351226809,-0.026019606739282609,0.9611063003540039],"EasingStyle":"Linear","EasingDirection":"In"}}},{"Time":0.46666666865348818,"poses":{"Left Leg":{"Weight":1,"CFrame":[-0.5268771648406982,0.03422367572784424,0.17346644401550294,0.8221611380577087,-0.48522651195526125,0.29766860604286196,0.4084831178188324,0.8670734167098999,0.2851763665676117,-0.39647549390792849,-0.1128682941198349,0.9110806584358215],"EasingStyle":"Linear","EasingDirection":"In"},"Right Arm":{"Weight":1,"CFrame":[-0.26272082328796389,-0.21657931804656983,0.16454839706420899,0.7755515575408936,-0.5082772970199585,0.3743988275527954,0.47548800706863406,0.8604422211647034,0.18316805362701417,-0.4152486324310303,0.03596585616469383,0.9089969396591187],"EasingStyle":"Linear","EasingDirection":"In"},"Head":{"Weight":1,"CFrame":[-8.121132850646973e-7,8.940696716308594e-8,0,0.976110577583313,-0.06020842492580414,0.2087666541337967,0.1483287662267685,0.8867600560188294,-0.4377848505973816,-0.15876761078834535,0.4582921862602234,0.8745064735412598],"EasingStyle":"Linear","EasingDirection":"In"},"Left Arm":{"Weight":1,"CFrame":[-0.4447270631790161,-0.23675143718719483,0.4062159061431885,-0.8130164742469788,0.4771115183830261,-0.33372050523757937,-0.43187272548675539,-0.10974828153848648,0.8952325582504273,0.39050039649009707,0.8719635009765625,0.2952786982059479],"EasingStyle":"Linear","EasingDirection":"In"},"Torso":{"Weight":1,"CFrame":[-0.039864540100097659,0.31534910202026369,-0.010770559310913086,0.9980593323707581,0.03201285004615784,0.053411900997161868,-0.041252776980400088,0.9824279546737671,0.18202662467956544,-0.046646155416965488,-0.18387678265571595,0.9818419218063355],"EasingStyle":"Linear","EasingDirection":"In"},"HumanoidRootPart":{"Weight":1,"CFrame":[0,0,0,1,0,0,0,1,0,0,0,1],"EasingStyle":"Linear","EasingDirection":"In"},"Right Leg":{"Weight":1,"CFrame":[0.7041912078857422,-0.1506110429763794,0.09701395034790039,0.8132032155990601,0.5349755883216858,-0.22913402318954469,-0.5165643692016602,0.8448520302772522,0.13923271000385285,0.2680704593658447,0.005138344131410122,0.9633856415748596],"EasingStyle":"Linear","EasingDirection":"In"}}},{"Time":0.5,"poses":{"Left Leg":{"Weight":1,"CFrame":[-0.5779190063476563,0.046219587326049808,0.1713327169418335,0.8132506012916565,-0.49827516078948977,0.3005761206150055,0.412570059299469,0.8579792976379395,0.30603504180908205,-0.4103778898715973,-0.12487435340881348,0.9033253192901611],"EasingStyle":"Linear","EasingDirection":"In"},"Right Arm":{"Weight":1,"CFrame":[-0.28917771577835085,-0.22564595937728883,0.1775648593902588,0.7534722089767456,-0.53722083568573,0.3790432810783386,0.5099767446517944,0.8414040803909302,0.17878299951553346,-0.4149743914604187,0.05859513580799103,0.9079445004463196],"EasingStyle":"Linear","EasingDirection":"In"},"Head":{"Weight":1,"CFrame":[-4.3958425521850588e-7,-5.21540641784668e-7,0,0.9747321605682373,-0.057050324976444247,0.2159699648618698,0.14837190508842469,0.8881009221076965,-0.43504372239112856,-0.1669837385416031,0.4560948610305786,0.8741248846054077],"EasingStyle":"Linear","EasingDirection":"In"},"Left Arm":{"Weight":1,"CFrame":[-0.4465101361274719,-0.23573634028434754,0.4084336757659912,-0.8141801357269287,0.4702998995780945,-0.34048375487327578,-0.43193215131759646,-0.0987272709608078,0.8964862823486328,0.3880022168159485,0.876967191696167,0.2835194766521454],"EasingStyle":"Linear","EasingDirection":"In"},"Torso":{"Weight":1,"CFrame":[-0.08227348327636719,0.2970242500305176,-0.033324241638183597,0.9984215497970581,0.03132407367229462,0.04661944508552551,-0.03869922459125519,0.9852287769317627,0.16681374609470368,-0.04070552438497543,-0.16835454106330872,0.9848857522010803],"EasingStyle":"Linear","EasingDirection":"In"},"HumanoidRootPart":{"Weight":1,"CFrame":[0,0,0,1,0,0,0,1,0,0,0,1],"EasingStyle":"Linear","EasingDirection":"In"},"Right Leg":{"Weight":1,"CFrame":[0.7481786012649536,-0.14553368091583253,0.11939668655395508,0.8040772080421448,0.5458411574363709,-0.235622376203537,-0.5334386229515076,0.8373638987541199,0.11943571269512177,0.26249441504478457,0.02965449169278145,0.9644778370857239],"EasingStyle":"Linear","EasingDirection":"In"}}},{"Time":0.5333333611488342,"poses":{"Left Leg":{"Weight":1,"CFrame":[-0.6092168092727661,0.06037783622741699,0.16592228412628175,0.8081419467926025,-0.5023940205574036,0.30742162466049197,0.4105861186981201,0.8547535538673401,0.3175143599510193,-0.422286719083786,-0.13037323951721192,0.897037923336029],"EasingStyle":"Linear","EasingDirection":"In"},"Right Arm":{"Weight":1,"CFrame":[-0.31353485584259035,-0.2313743233680725,0.18901598453521729,0.7375712394714356,-0.5548847913742065,0.38482707738876345,0.533190906047821,0.828255832195282,0.17233806848526,-0.41436299681663515,0.07807458937168122,0.9067569971084595],"EasingStyle":"Linear","EasingDirection":"In"},"Head":{"Weight":1,"CFrame":[1.1920928955078126e-7,0,0,0.9733896255493164,-0.05361386388540268,0.22279715538024903,0.147996723651886,0.8893694281578064,-0.4325728416442871,-0.1749570518732071,0.45403507351875307,0.8736377358436585],"EasingStyle":"Linear","EasingDirection":"In"},"Left Arm":{"Weight":1,"CFrame":[-0.44872573018074038,-0.2364046573638916,0.4103810787200928,-0.8157398700714111,0.46229979395866396,-0.34763190150260928,-0.4333692193031311,-0.09043072164058685,0.8966681957244873,0.3830927610397339,0.8821007013320923,0.27411437034606936],"EasingStyle":"Linear","EasingDirection":"In"},"Torso":{"Weight":1,"CFrame":[-0.11434173583984375,0.26487207412719729,-0.05320620536804199,0.9988001585006714,0.03132544457912445,0.037645306438207629,-0.036527663469314578,0.9885250926017761,0.14657434821128846,-0.03262180835008621,-0.1477735936641693,0.988483190536499],"EasingStyle":"Linear","EasingDirection":"In"},"HumanoidRootPart":{"Weight":1,"CFrame":[0,0,0,1,0,0,0,1,0,0,0,1],"EasingStyle":"Linear","EasingDirection":"In"},"Right Leg":{"Weight":1,"CFrame":[0.7887514233589172,-0.13572120666503907,0.1426708698272705,0.7964608073234558,0.5546723008155823,-0.24080988764762879,-0.5461932420730591,0.8307842016220093,0.10710202157497406,0.2594674527645111,0.046226195991039279,0.9646450281143189],"EasingStyle":"Linear","EasingDirection":"In"}}},{"Time":0.5666666626930237,"poses":{"Left Leg":{"Weight":1,"CFrame":[-0.6279823184013367,0.0719536542892456,0.1629929542541504,0.8051156401634216,-0.5018700361251831,0.31609365344047549,0.4095277190208435,0.8558895587921143,0.315818190574646,-0.42904090881347659,-0.12482108175754547,0.8946194052696228],"EasingStyle":"Linear","EasingDirection":"In"},"Right Arm":{"Weight":1,"CFrame":[-0.33486518263816836,-0.23223739862442017,0.19819951057434083,0.7304871678352356,-0.559539794921875,0.3915400803089142,0.5430660843849182,0.8235681056976318,0.16375423967838288,-0.41408678889274599,0.09301174432039261,0.9054728746414185],"EasingStyle":"Linear","EasingDirection":"In"},"Head":{"Weight":1,"CFrame":[-2.2351741790771485e-7,7.450580596923828e-7,0,0.9720728397369385,-0.049928657710552219,0.229307621717453,0.1472695767879486,0.8905456066131592,-0.4303956627845764,-0.18271979689598084,0.45214587450027468,0.8730282783508301],"EasingStyle":"Linear","EasingDirection":"In"},"Left Arm":{"Weight":1,"CFrame":[-0.45139771699905398,-0.23881739377975465,0.4121103286743164,-0.817710280418396,0.4531369209289551,-0.35498884320259097,-0.43612468242645266,-0.08520391583442688,0.8958439230918884,0.37569332122802737,0.8873599171638489,0.2672962248325348],"EasingStyle":"Linear","EasingDirection":"In"},"Torso":{"Weight":1,"CFrame":[-0.13138389587402345,0.22059869766235352,-0.07059431076049805,0.9991358518600464,0.031796202063560489,0.026771333068609239,-0.03484778106212616,0.9918516278266907,0.12253977358341217,-0.022656895220279695,-0.12336678802967072,0.9921026229858398],"EasingStyle":"Linear","EasingDirection":"In"},"HumanoidRootPart":{"Weight":1,"CFrame":[0,0,0,1,0,0,0,1,0,0,0,1],"EasingStyle":"Linear","EasingDirection":"In"},"Right Leg":{"Weight":1,"CFrame":[0.8244433403015137,-0.11994791030883789,0.16866421699523927,0.7903288006782532,0.5617428421974182,-0.24459342658519746,-0.5547082424163818,0.825563907623291,0.10365072637796402,0.26015233993530276,0.05375996232032776,0.9640699028968811],"EasingStyle":"Linear","EasingDirection":"In"}}},{"Time":0.6000000238418579,"poses":{"Left Leg":{"Weight":1,"CFrame":[-0.6424722671508789,0.07547175884246826,0.16867280006408692,0.8023988008499146,-0.5012988448143005,0.3238148093223572,0.41618913412094118,0.8589205741882324,0.29839959740638735,-0.42771852016448977,-0.10466708987951279,0.8978318572044373],"EasingStyle":"Linear","EasingDirection":"In"},"Right Arm":{"Weight":1,"CFrame":[-0.3518894910812378,-0.22789540886878968,0.20440971851348878,0.7328857183456421,-0.5516576766967773,0.3981868028640747,0.5395528078079224,0.8277919292449951,0.15376560389995576,-0.4144417941570282,0.10215011984109879,0.9043248891830444],"EasingStyle":"Linear","EasingDirection":"In"},"Head":{"Weight":1,"CFrame":[-3.8743019104003908e-7,2.384185791015625e-7,0,0.9707695245742798,-0.04602452367544174,0.23556023836135865,0.1462567150592804,0.8916093707084656,-0.42853498458862307,-0.19030454754829408,0.45046085119247439,0.8722785711288452],"EasingStyle":"Linear","EasingDirection":"In"},"Left Arm":{"Weight":1,"CFrame":[-0.454549640417099,-0.2430359125137329,0.41364991664886477,-0.8201004862785339,0.44285082817077639,-0.36237937211990359,-0.4400993585586548,-0.0834006518125534,0.8940679430961609,0.3657160997390747,0.8927080631256104,0.2632952332496643],"EasingStyle":"Linear","EasingDirection":"In"},"Torso":{"Weight":1,"CFrame":[-0.1313486099243164,0.16589879989624024,-0.08570551872253418,0.9993686079978943,0.032532334327697757,0.014285707846283913,-0.03375597298145294,0.9948112368583679,0.09597526490688324,-0.011089261621236802,-0.09639695286750794,0.9952813386917114],"EasingStyle":"Linear","EasingDirection":"In"},"HumanoidRootPart":{"Weight":1,"CFrame":[0,0,0,1,0,0,0,1,0,0,0,1],"EasingStyle":"Linear","EasingDirection":"In"},"Right Leg":{"Weight":1,"CFrame":[0.8484331369400024,-0.09399175643920899,0.19583845138549806,0.7874875068664551,0.564520537853241,-0.24734726548194886,-0.5559989213943481,0.8238546252250671,0.11012940108776093,0.26594841480255129,0.050799477845430377,0.9626479744911194],"EasingStyle":"Linear","EasingDirection":"In"}}},{"Time":0.6333333253860474,"poses":{"Left Leg":{"Weight":1,"CFrame":[-0.6509174704551697,0.07048642635345459,0.1824108362197876,0.8011866807937622,-0.49951785802841189,0.32951784133911135,0.4283694922924042,0.863239049911499,0.2670552432537079,-0.41785138845443728,-0.07280579954385758,0.9055936336517334],"EasingStyle":"Linear","EasingDirection":"In"},"Right Arm":{"Weight":1,"CFrame":[-0.364291250705719,-0.21958684921264649,0.20758938789367677,0.7426630854606628,-0.5343310236930847,0.4036603569984436,0.525451123714447,0.8386525511741638,0.1434001922607422,-0.4151539206504822,0.1056055948138237,0.9036010503768921],"EasingStyle":"Linear","EasingDirection":"In"},"Head":{"Weight":1,"CFrame":[-5.140900611877441e-7,-1.6391277313232423e-7,0,0.9694666862487793,-0.04193107783794403,0.241612508893013,0.14502474665641786,0.892540454864502,-0.4270121157169342,-0.19774386286735536,0.44901376962661745,0.8713693022727966],"EasingStyle":"Linear","EasingDirection":"In"},"Left Arm":{"Weight":1,"CFrame":[-0.4581986665725708,-0.24912229180335999,0.41500627994537356,-0.8229155540466309,0.43149426579475405,-0.3696253299713135,-0.44514578580856326,-0.0853806659579277,0.89137846231460