{"Sequence":[{"Time":0,"poses":{"Left Leg":{"Weight":1,"CFrame":[-0.11042776703834534,-0.02701127529144287,-0.015292167663574219,0.7945254445075989,-0.6004264950752258,-0.09065085649490357,0.6057541966438294,0.794116735458374,0.04940269514918327,0.04232463240623474,-0.09416381269693375,0.9946566224098206],"EasingStyle":"Linear","EasingDirection":"In"},"Right Arm":{"Weight":1,"CFrame":[0.6340146660804749,-0.047360360622406009,0.13942527770996095,-0.8417705297470093,-0.27212607860565188,-0.46622925996780398,0.21774740517139436,-0.9614332914352417,0.1680239886045456,-0.4939720630645752,0.03991731256246567,0.8685609698295593],"EasingStyle":"Linear","EasingDirection":"In"},"Head":{"Weight":1,"CFrame":[7.450580596923828e-8,2.8870999813079835e-8,3.5762786865234377e-7,0.983788013458252,0.1748240739107132,0.03997134789824486,-0.17395849525928498,0.9844551086425781,-0.024221146479249,-0.0435844324529171,0.016875118017196657,0.998907208442688],"EasingStyle":"Linear","EasingDirection":"In"},"Right Leg":{"Weight":1,"CFrame":[0.4698013365268707,0.4772973656654358,0.0899965763092041,0.9524443745613098,-0.13338935375213624,-0.27396562695503237,0.1586708128452301,0.9846888184547424,0.07219212502241135,0.2601412534713745,-0.11222940683364868,0.9590262174606323],"EasingStyle":"Linear","EasingDirection":"In"},"Torso":{"Weight":1,"CFrame":[-0.004034675657749176,-0.11225665360689163,-0.38048839569091799,0.9804528951644898,-0.1922289878129959,-0.041954394429922107,0.18907108902931214,0.9795043468475342,-0.06945175677537918,0.05444514378905296,0.06016182526946068,0.9967027306556702],"EasingStyle":"Linear","EasingDirection":"In"},"HumanoidRootPart":{"Weight":1,"CFrame":[0,0,0,1,0,0,0,1,0,0,0,1],"EasingStyle":"Linear","EasingDirection":"In"},"Left Arm":{"Weight":1,"CFrame":[0.3204238712787628,-0.025823533535003663,0.14626383781433106,0.8754732012748718,-0.08775421231985092,-0.47523245215415957,0.1969592422246933,0.9627887010574341,0.18505404889583589,0.4413090646266937,-0.25561124086380007,0.8601797819137573],"EasingStyle":"Linear","EasingDirection":"In"}}},{"Time":0.03333333507180214,"poses":{"Left Leg":{"Weight":1,"CFrame":[-0.2801661193370819,-0.06242728233337402,-0.01381915807723999,0.7653170824050903,-0.6408922672271729,-0.059556737542152408,0.6436527371406555,0.7621795535087586,0.06923568993806839,0.001020275172777474,-0.09132112562656403,0.9958210587501526],"EasingStyle":"Linear","EasingDirection":"In"},"Right Arm":{"Weight":1,"CFrame":[0.6237846612930298,-0.11637607216835022,0.13944900035858155,-0.8393730521202087,-0.31214600801467898,-0.4449920952320099,0.2583070695400238,-0.9493865966796875,0.1787249892950058,-0.4782578945159912,0.03507230058312416,0.877518892288208],"EasingStyle":"Linear","EasingDirection":"In"},"Head":{"Weight":1,"CFrame":[7.078051567077637e-8,8.381903171539307e-9,0,0.9874817728996277,0.15755727887153626,0.007458971813321114,-0.15700958669185639,0.9863746166229248,-0.049124278128147128,-0.015097223222255707,0.047338198870420459,0.9987648129463196],"EasingStyle":"Linear","EasingDirection":"In"},"Right Leg":{"Weight":1,"CFrame":[0.5096908211708069,0.4554908871650696,0.09704887866973877,0.9616159200668335,-0.05725283548235893,-0.2683599591255188,0.07905732095241547,0.9943275451660156,0.07115348428487778,0.26276400685310366,-0.08963818848133087,0.9606873393058777],"EasingStyle":"Linear","EasingDirection":"In"},"Torso":{"Weight":1,"CFrame":[-0.001093439757823944,-0.10912634432315827,-0.34341907501220705,0.9815807342529297,-0.18769292533397675,-0.03564879298210144,0.18418195843696595,0.9792580604553223,-0.084444560110569,0.05075901374220848,0.07632329314947128,0.9957903027534485],"EasingStyle":"Linear","EasingDirection":"In"},"HumanoidRootPart":{"Weight":1,"CFrame":[0,0,0,1,0,0,0,1,0,0,0,1],"EasingStyle":"Linear","EasingDirection":"In"},"Left Arm":{"Weight":1,"CFrame":[0.3062237799167633,-0.11911433935165405,0.10557639598846436,0.9057637453079224,0.004905462730675936,-0.4237547516822815,0.08903414756059647,0.9754130244255066,0.2015993893146515,0.41432487964630129,-0.2203301340341568,0.8830569982528687],"EasingStyle":"Linear","EasingDirection":"In"}}},{"Time":0.06666667014360428,"poses":{"Left Leg":{"Weight":1,"CFrame":[-0.502135157585144,-0.0190504789352417,-0.0029398202896118166,0.7817437052726746,-0.6233831644058228,-0.016445109620690347,0.6224455237388611,0.7784214615821838,0.0813722312450409,-0.03792489320039749,-0.0738484337925911,0.9965481162071228],"EasingStyle":"Linear","EasingDirection":"In"},"Right Arm":{"Weight":1,"CFrame":[0.5826822519302368,-0.26820796728134158,0.13961482048034669,-0.8145888447761536,-0.42726612091064455,-0.3922866880893707,0.3710879683494568,-0.9036769270896912,0.21368633210659028,-0.445801317691803,0.02849356085062027,0.8946782946586609],"EasingStyle":"Linear","EasingDirection":"In"},"Head":{"Weight":1,"CFrame":[4.936009645462036e-8,2.3515895009040834e-8,5.960464477539063e-7,0.9921320080757141,0.11354974657297135,-0.05273048207163811,-0.11905687302350998,0.9859878420829773,-0.11684845387935639,0.03872349113225937,0.12220700085163117,0.9917489886283875],"EasingStyle":"Linear","EasingDirection":"In"},"Right Leg":{"Weight":1,"CFrame":[0.4960167109966278,0.34987199306488039,0.0967639684677124,0.9673233032226563,-0.02439126744866371,-0.25237011909484866,0.03880911320447922,0.9978764653205872,0.05231020599603653,0.2505583167076111,-0.060395218431949618,0.9662159085273743],"EasingStyle":"Linear","EasingDirection":"In"},"Torso":{"Weight":1,"CFrame":[0.005675747990608215,-0.1244376003742218,-0.23914194107055665,0.9844856858253479,-0.1743311882019043,-0.019918756559491159,0.17074640095233918,0.9779660701751709,-0.1201176568865776,0.04042011871933937,0.11485306173563004,0.9925598502159119],"EasingStyle":"Linear","EasingDirection":"In"},"HumanoidRootPart":{"Weight":1,"CFrame":[0,0,0,1,0,0,0,1,0,0,0,1],"EasingStyle":"Linear","EasingDirection":"In"},"Left Arm":{"Weight":1,"CFrame":[0.25804412364959719,-0.28182876110076907,0.07773089408874512,0.8810235857963562,0.28252097964286806,-0.3794461786746979,-0.19576576352119447,0.9479203820228577,0.2512425184249878,0.43066588044166567,-0.1470680832862854,0.8904481530189514],"EasingStyle":"Linear","EasingDirection":"In"}}},{"Time":0.10000000149011612,"poses":{"Left Leg":{"Weight":1,"CFrame":[-0.6563162803649902,0.1382220983505249,0.01806342601776123,0.8570665121078491,-0.5140063166618347,0.035134464502334598,0.5103353261947632,0.8563427329063416,0.0789610967040062,-0.07067370414733887,-0.049744561314582828,0.9962583780288696],"EasingStyle":"Linear","EasingDirection":"In"},"Right Arm":{"Weight":1,"CFrame":[0.49508893489837649,-0.42004111409187319,0.14006507396697999,-0.7260146141052246,-0.6098823547363281,-0.31772056221961977,0.5426856279373169,-0.7918906807899475,0.2800023853778839,-0.42236852645874026,0.030863367021083833,0.9058985710144043],"EasingStyle":"Linear","EasingDirection":"In"},"Head":{"Weight":1,"CFrame":[8.66129994392395e-8,8.731149137020111e-8,-5.960464477539063e-8,0.9946886897087097,0.0598122775554657,-0.08376741409301758,-0.0765170156955719,0.9740269184112549,-0.21311211585998536,0.0688449889421463,0.21838988363742829,0.9734302163124085],"EasingStyle":"Linear","EasingDirection":"In"},"Right Leg":{"Weight":1,"CFrame":[0.4237692058086395,0.21094268560409547,0.07921218872070313,0.9734101295471191,-0.03212543949484825,-0.2268056422472,0.03865331783890724,0.9989548325538635,0.024398615583777429,0.22578482329845429,-0.032516706734895709,0.9736344218254089],"EasingStyle":"Linear","EasingDirection":"In"},"Torso":{"Weight":1,"CFrame":[0.013108566403388977,-0.1474185287952423,-0.11998963356018067,0.9882914423942566,-0.15257757902145387,0.0003524301864672452,0.1506054401397705,0.9751418828964233,-0.16253095865249635,0.024454910308122636,0.16068102419376374,0.9867033958435059],"EasingStyle":"Linear","EasingDirection":"In"},"HumanoidRootPart":{"Weight":1,"CFrame":[0,0,0,1,0,0,0,1,0,0,0,1],"EasingStyle":"Linear","EasingDirection":"In"},"Left Arm":{"Weight":1,"CFrame":[0.1675150841474533,-0.43636655807495119,0.05477321147918701,0.6840180158615112,0.6533825397491455,-0.3243621289730072,-0.5756378769874573,0.7566004991531372,0.3101559579372406,0.4480630159378052,-0.025437163189053537,0.8936401009559631],"EasingStyle":"Linear","EasingDirection":"In"}}},{"Time":0.13333334028720857,"poses":{"Left Leg":{"Weight":1,"CFrame":[-0.6781275272369385,0.324287474155426,0.04517984390258789,0.9463843703269959,-0.31008487939834597,0.09057705104351044,0.30560868978500368,0.9502620697021484,0.060044482350349429,-0.10469087213277817,-0.029144007712602617,0.994077742099762],"EasingStyle":"Linear","EasingDirection":"In"},"Right Arm":{"Weight":1,"CFrame":[0.34538733959198,-0.4890558123588562,0.14094185829162599,-0.507708728313446,-0.8335084915161133,-0.21793480217456819,0.7360504865646362,-0.5511179566383362,0.39306333661079409,-0.44772934913635256,0.03915056958794594,0.893311619758606],"EasingStyle":"Linear","EasingDirection":"In"},"Head":{"Weight":1,"CFrame":[8.288770914077759e-8,-2.7474015951156617e-8,1.1920928955078126e-7,0.9982215762138367,0.01876196451485157,-0.056584496051073077,-0.035690005868673328,0.9483664035797119,-0.31516262888908389,0.04774976894259453,0.3166216313838959,0.9473493099212647],"EasingStyle":"Linear","EasingDirection":"In"},"Right Leg":{"Weight":1,"CFrame":[0.3934055268764496,0.12413650751113892,0.06555318832397461,0.9811031818389893,-0.004119004122912884,-0.19344182312488557,0.003464900888502598,0.9999871253967285,-0.003719304222613573,0.19345471262931825,0.002978767966851592,0.9811047315597534],"EasingStyle":"Linear","EasingDirection":"In"},"Torso":{"Weight":1,"CFrame":[0.01836106926202774,-0.16740843653678895,-0.03456306457519531,0.9921169281005859,-0.12359733879566193,0.020681921392679216,0.12524022161960603,0.9721919298171997,-0.1978832483291626,0.004351046402007341,0.19891352951526643,0.9800074100494385],"EasingStyle":"Linear","EasingDirection":"In"},"HumanoidRootPart":{"Weight":1,"CFrame":[0,0,0,1,0,0,0,1,0,0,0,1],"EasingStyle":"Linear","EasingDirection":"In"},"Left Arm":{"Weight":1,"CFrame":[0.026267603039741517,-0.5051238536834717,0.028749465942382814,0.28203776478767397,0.9232389330863953,-0.26093053817749026,-0.863745927810669,0.3627296984195709,0.34981465339660647,0.41760969161987307,0.12671659886837007,0.8997471928596497],"EasingStyle":"Linear","EasingDirection":"In"}}},{"Time":0.1666666716337204,"poses":{"Left Leg":{"Weight":1,"CFrame":[-0.6033139228820801,0.4139835238456726,0.06986832618713379,0.9872485399246216,-0.06631582230329514,0.1447153240442276,0.06238863617181778,0.997554361820221,0.031513724476099017,-0.14645129442214967,-0.022083278745412828,0.9889714121818543],"EasingStyle":"Linear","EasingDirection":"In"},"Right Arm":{"Weight":1,"CFrame":[0.13113492727279664,-0.48760175704956057,0.16240060329437257,-0.09672431647777558,-0.9945819973945618,-0.03809472173452377,0.8347122073173523,-0.1019049733877182,0.5411756634712219,-0.5421255230903626,0.02054654434323311,0.8400462865829468],"EasingStyle":"Linear","EasingDirection":"In"},"Head":{"Weight":1,"CFrame":[1.0058283805847168e-7,7.264316082000733e-8,1.1920928955078126e-7,0.9999768733978272,-0.006052042357623577,0.0031342506408691408,0.006797035224735737,0.9193717241287231,-0.39333122968673708,-0.000501088856253773,0.3933435380458832,0.9193915128707886],"EasingStyle":"Linear","EasingDirection":"In"},"Right Leg":{"Weight":1,"CFrame":[0.4513530731201172,0.08078497648239136,0.06376183032989502,0.982582688331604,0.10243035107851029,-0.15504595637321473,-0.10788685828447342,0.9937917590141296,-0.02717416360974312,0.15130001306533814,0.04342823475599289,0.9875335097312927],"EasingStyle":"Linear","EasingDirection":"In"},"Torso":{"Weight":1,"CFrame":[0.019401416182518007,-0.17394724488258363,0.011476278305053711,0.99528568983078,-0.08940067887306214,0.0376020222902298,0.09538401663303375,0.9724674224853516,-0.2126242071390152,-0.017557989805936815,0.21520845592021943,0.9764102697372437],"EasingStyle":"Linear","EasingDirection":"In"},"HumanoidRootPart":{"Weight":1,"CFrame":[0,0,0,1,0,0,0,1,0,0,0,1],"EasingStyle":"Linear","EasingDirection":"In"},"Left Arm":{"Weight":1,"CFrame":[-0.1664750725030899,-0.4864368140697479,-0.005831122398376465,-0.1791410595178604,0.9589671492576599,-0.2197510004043579,-0.9259428381919861,-0.08885844051837921,0.36706143617630007,0.33247309923171999,0.2692325711250305,0.9038668870925903],"EasingStyle":"Linear","EasingDirection":"In"}}},{"Time":0.20000000298023225,"poses":{"Left Leg":{"Weight":1,"CFrame":[-0.5053612589836121,0.39549362659454348,0.08130204677581787,0.9686045050621033,0.1554011106491089,0.19405104219913484,-0.15913830697536469,0.9872493743896484,0.0037228199653327467,-0.19099828600883485,-0.03448691591620445,0.9809843897819519],"EasingStyle":"Linear","EasingDirection":"In"},"Right Arm":{"Weight":1,"CFrame":[-0.09740373492240906,-0.47742313146591189,0.20106029510498048,0.40362006425857546,-0.8859364986419678,0.22848954796791078,0.6717158555984497,0.4564986824989319,0.5834438800811768,-0.6211994290351868,-0.08200974017381668,0.7793495655059815],"EasingStyle":"Linear","EasingDirection":"In"},"Head":{"Weight":1,"CFrame":[7.450580596923828e-8,6.472691893577576e-8,-5.960464477539063e-8,0.9974099397659302,-0.023349521681666375,0.06803130358457566,0.049993474036455157,0.905066192150116,-0.4223220646381378,-0.05171182006597519,0.4246293604373932,0.9038893580436707],"EasingStyle":"Linear","EasingDirection":"In"},"Right Leg":{"Weight":1,"CFrame":[0.48448431491851809,0.019445180892944337,0.051084160804748538,0.9715762734413147,0.20720084011554719,-0.11448743939399719,-0.213436096906662,0.9759175181388855,-0.04505706578493118,0.1023944839835167,0.0682121217250824,0.9924024343490601],"EasingStyle":"Linear","EasingDirection":"In"},"Torso":{"Weight":1,"CFrame":[0.015578225255012513,-0.16925358772277833,0.026074647903442384,0.9974291920661926,-0.05193808302283287,0.04937058687210083,0.06116929277777672,0.975989580154419,-0.20905187726020814,-0.037327419966459277,0.21153442561626435,0.976657509803772],"EasingStyle":"Linear","EasingDirection":"In"},"HumanoidRootPart":{"Weight":1,"CFrame":[0,0,0,1,0,0,0,1,0,0,0,1],"EasingStyle":"Linear","EasingDirection":"In"},"Left Arm":{"Weight":1,"CFrame":[-0.38111886382102969,-0.44037139415740969,-0.04460740089416504,-0.5470481514930725,0.8111783266067505,-0.2067074179649353,-0.8085256218910217,-0.448043555021286,0.3815016746520996,0.21685197949409486,0.3758278787136078,0.900959849357605],"EasingStyle":"Linear","EasingDirection":"In"}}},{"Time":0.23333333432674409,"poses":{"Left Leg":{"Weight":1,"CFrame":[-0.4014635980129242,0.2883274555206299,0.07446062564849854,0.9127007126808167,0.34056219458580019,0.22582033276557923,-0.34261491894721987,0.9389545321464539,-0.03129717335104942,-0.22269375622272492,-0.04880443960428238,0.9736661911010742],"EasingStyle":"Linear","EasingDirection":"In"},"Right Arm":{"Weight":1,"CFrame":[-0.2767881453037262,-0.44979584217071535,0.22176051139831544,0.7352839708328247,-0.5519375205039978,0.3933477997779846,0.35023877024650576,0.8062953948974609,0.4766765832901001,-0.5802502036094666,-0.2127271145582199,0.7861658930778503],"EasingStyle":"Linear","EasingDirection":"In"},"Head":{"Weight":1,"CFrame":[8.754432201385498e-8,-1.346343196928501e-7,-1.7881393432617188e-7,0.9921865463256836,-0.04506278783082962,0.11634189635515213,0.08738915622234345,0.916545569896698,-0.39026573300361636,-0.08904619514942169,0.3973833918571472,0.9133220911026001],"EasingStyle":"Linear","EasingDirection":"In"},"Right Leg":{"Weight":1,"CFrame":[0.4225890636444092,-0.0553278923034668,0.025643348693847657,0.9655981659889221,0.24934887886047364,-0.07379315048456192,-0.2536677122116089,0.9656494855880737,-0.05633813515305519,0.057210542261600497,0.07311892509460449,0.9956810474395752],"EasingStyle":"Linear","EasingDirection":"In"},"Torso":{"Weight":1,"CFrame":[0.006945982575416565,-0.16526880860328675,0.014630556106567383,0.9984012246131897,-0.012494160793721676,0.05512785166501999,0.02324884571135044,0.9797221422195435,-0.19900774955749513,-0.051523540169000629,0.19997118413448335,0.9784462451934815],"EasingStyle":"Linear","EasingDirection":"In"},"HumanoidRootPart":{"Weight":1,"CFrame":[0,0,0,1,0,0,0,1,0,0,0,1],"EasingStyle":"Linear","EasingDirection":"In"},"Left Arm":{"Weight":1,"CFrame":[-0.5804768204689026,-0.3819199204444885,-0.08075422048568726,-0.7683199644088745,0.6044259071350098,-0.21060293912887574,-0.6321220397949219,-0.6648557186126709,0.39798101782798769,0.10052946954965592,0.4389035105705261,0.8928928971290588],"EasingStyle":"Linear","EasingDirection":"In"}}},{"Time":0.2666666805744171,"poses":{"Left Leg":{"Weight":1,"CFrame":[-0.29720526933670046,0.1588541865348816,0.049955010414123538,0.8501059412956238,0.47077447175979617,0.23598994314670564,-0.471499502658844,0.8800183534622192,-0.057060401886701587,-0.23453807830810548,-0.06276177614927292,0.9700788259506226],"EasingStyle":"Linear","EasingDirection":"In"},"Right Arm":{"Weight":1,"CFrame":[-0.36177879571914675,-0.33779287338256838,0.20336997509002686,0.870802104473114,-0.29265356063842776,0.3950413763523102,0.13558323681354524,0.9153210520744324,0.3792155385017395,-0.4725685715675354,-0.2766607105731964,0.8367423415184021],"EasingStyle":"Linear","EasingDirection":"In"},"Head":{"Weight":1,"CFrame":[8.89413058757782e-8,1.4086253941059113e-8,2.384185791015625e-7,0.987308144569397,-0.06912963092327118,0.1429816484451294,0.11111299693584442,0.9439347982406616,-0.31087130308151247,-0.11347494274377823,0.32281285524368288,0.9396357536315918],"EasingStyle":"Linear","EasingDirection":"In"},"Right Leg":{"Weight":1,"CFrame":[0.3166177570819855,-0.1067204475402832,0.003797292709350586,0.9614392518997192,0.27286356687545779,-0.03435136750340462,-0.2745215892791748,0.9596871137619019,-0.060320768505334857,0.016507282853126527,0.06742492318153382,0.9975878596305847],"EasingStyle":"Linear","EasingDirection":"In"},"Torso":{"Weight":1,"CFrame":[-0.0044393837451934818,-0.16268226504325868,-0.026689529418945314,0.9980120062828064,0.027896016836166383,0.05651583895087242,-0.017105212435126306,0.9829424023628235,-0.18311640620231629,-0.06066003814339638,0.18178564310073853,0.9814653992652893],"EasingStyle":"Linear","EasingDirection":"In"},"HumanoidRootPart":{"Weight":1,"CFrame":[0,0,0,1,0,0,0,1,0,0,0,1],"EasingStyle":"Linear","EasingDirection":"In"},"Left Arm":{"Weight":1,"CFrame":[-0.7273619771003723,-0.32607609033584597,-0.10744708776473999,-0.8698087334632874,0.4385099411010742,-0.22614562511444093,-0.49333617091178896,-0.7662642598152161,0.41165345907211306,0.0072267912328243259,0.46962547302246096,0.8828362226486206],"EasingStyle":"Linear","EasingDirection":"In"}}},{"Time":0.30000001192092898,"poses":{"Left Leg":{"Weight":1,"CFrame":[-0.28469714522361758,0.16245102882385255,0.04545319080352783,0.849378764629364,0.47353318333625796,0.23307132720947267,-0.4777146279811859,0.8775142431259155,-0.04192472621798515,-0.22437618672847749,-0.07573162019252777,0.9715555906295776],"EasingStyle":"Linear","EasingDirection":"In"},"Right Arm":{"Weight":1,"CFrame":[-0.37993907928466799,-0.1487930417060852,0.18497943878173829,0.9136985540390015,-0.1732548177242279,0.3676110804080963,0.03664499148726463,0.9360103011131287,0.3500598669052124,-0.404737263917923,-0.3063780963420868,0.8615800738334656],"EasingStyle":"Linear","EasingDirection":"In"},"Head":{"Weight":1,"CFrame":[2.9802322387695315e-8,1.3271346688270569e-8,-5.960464477539063e-8,0.9852698445320129,-0.08587538450956345,0.14788104593753816,0.11495034396648407,0.9728370308876038,-0.20093412697315217,-0.12660884857177735,0.21497324109077454,0.968378484249115],"EasingStyle":"Linear","EasingDirection":"In"},"Right Leg":{"Weight":1,"CFrame":[0.29516905546188357,-0.13131535053253175,-0.008686423301696778,0.9297900795936585,0.3680800199508667,0.0027350150048732759,-0.3673243820667267,0.9283089637756348,-0.05757908150553703,-0.023732565343379976,0.052531786262989047,0.9983372688293457],"EasingStyle":"Linear","EasingDirection":"In"},"Torso":{"Weight":1,"CFrame":[-0.015934258699417115,-0.15903308987617494,-0.10487699508666992,0.9960984587669373,0.06827893108129502,0.055911075323820117,-0.0584225207567215,0.985043466091156,-0.16209928691387177,-0.06614279747009278,0.15820035338401795,0.9851893186569214],"EasingStyle":"Linear","EasingDirection":"In"},"HumanoidRootPart":{"Weight":1,"CFrame":[0,0,0,1,0,0,0,1,0,0,0,1],"EasingStyle":"Linear","EasingDirection":"In"},"Left Arm":{"Weight":1,"CFrame":[-0.7845873832702637,-0.2878333330154419,-0.11786139011383057,-0.8941821455955505,0.36854618787765505,-0.2541891634464264,-0.44492045044898989,-0.7947166562080383,0.4128819406032562,-0.04984225332736969,0.4822855293750763,0.874595046043396],"EasingStyle":"Linear","EasingDirection":"In"}}},{"Time":0.3333333432674408,"poses":{"Left Leg":{"Weight":1,"CFrame":[-0.3792872130870819,0.30798041820526125,0.06255233287811279,0.9046108722686768,0.36178234219551089,0.22537261247634889,-0.371921569108963,0.9282601475715637,0.00273358472622931,-0.20821543037891389,-0.08629369735717774,0.974268913269043],"EasingStyle":"Linear","EasingDirection":"In"},"Right Arm":{"Weight":1,"CFrame":[-0.352514386177063,0.019781410694122316,0.19797205924987794,0.9265739321708679,-0.1217324435710907,0.35586807131767275,-0.011752275750041008,0.9363409280776978,0.350895494222641,-0.3759291470050812,-0.3293129801750183,0.8661584258079529],"EasingStyle":"Linear","EasingDirection":"In"},"Head":{"Weight":1,"CFrame":[8.754432201385498e-8,-7.101334631443024e-8,1.1920928955078126e-7,0.9877786636352539,-0.09422516822814942,0.12415708601474762,0.10488948225975037,0.9910687804222107,-0.08234697580337525,-0.11528906226158142,0.09436336904764176,0.9888397455215454],"EasingStyle":"Linear","EasingDirection":"In"},"Right Leg":{"Weight":1,"CFrame":[0.335611492395401,-0.15912950038909913,-0.020768463611602784,0.85340416431427,0.5199717879295349,0.03647959232330322,-0.518159806728363,0.8538740873336792,-0.04908780753612518,-0.056673210114240649,0.022989463061094285,0.9981280565261841],"EasingStyle":"Linear","EasingDirection":"In"},"Torso":{"Weight":1,"CFrame":[-0.024980217218399049,-0.1520167887210846,-0.2125258445739746,0.9926362633705139,0.10762777924537659,0.055583782494068149,-0.09920145571231842,0.9856088161468506,-0.13687333464622498,-0.06951523572206497,0.13035143911838532,0.9890278577804565],"EasingStyle":"Linear","EasingDirection":"In"},"HumanoidRootPart":{"Weight":1,"CFrame":[0,0,0,1,0,0,0,1,0,0,0,1],"EasingStyle":"Linear","EasingDirection":"In"},"Left Arm":{"Weight":1,"CFrame":[-0.768543541431427,-0.27534931898117068,-0.11672478914260864,-0.8808274865150452,0.3791654706001282,-0.28350770473480227,-0.46744802594184878,-0.7914620637893677,0.39380237460136416,-0.07506922632455826,0.4793969690799713,0.8743816018104553],"EasingStyle":"Linear","EasingDirection":"In"}}},{"Time":0.36666667461395266,"poses":{"Left Leg":{"Weight":1,"CFrame":[-0.4468831419944763,0.4217475652694702,0.06833481788635254,0.9415164589881897,0.2518363893032074,0.2238864153623581,-0.2676718533039093,0.9625533223152161,0.04293045029044151,-0.20469117164611817,-0.10034782439470291,0.9736692309379578],"EasingStyle":"Linear","EasingDirection":"In"},"Right Arm":{"Weight":1,"CFrame":[-0.28983211517333987,0.0917273759841919,0.23062705993652345,0.9318157434463501,-0.11089061200618744,0.3455759584903717,-0.03142426162958145,0.9239515662193298,0.381216436624527,-0.3615688681602478,-0.3660829961299896,0.8574679493904114],"EasingStyle":"Linear","EasingDirection":"In"},"Head":{"Weight":1,"CFrame":[7.078051567077637e-8,-1.955777406692505e-8,3.5762786865234377e-7,0.9925239086151123,-0.09139174968004227,0.08089397847652435,0.09069006145000458,0.9958031177520752,0.012313975021243096,-0.08167989552021027,-0.0048856292851269249,0.9966466426849365],"EasingStyle":"Linear","EasingDirection":"In"},"Right Leg":{"Weight":1,"CFrame":[0.31647783517837527,-0.16699743270874024,-0.027634799480438234,0.7823812365531921,0.6192893981933594,0.06603261828422547,-0.6181777715682983,0.7850908637046814,-0.03858456015586853,-0.07573654502630234,-0.010632018558681012,0.9970712065696716],"EasingStyle":"Linear","EasingDirection":"In"},"Torso":{"Weight":1,"CFrame":[-0.029132217168807985,-0.13949629664421082,-0.3053574562072754,0.9877772331237793,0.14481434226036073,0.05766234174370766,-0.137991264462471,0.9844654202461243,-0.10856454819440842,-0.07248827069997788,0.09928068518638611,0.992415726184845],"EasingStyle":"Linear","EasingDirection":"In"},"HumanoidRootPart":{"Weight":1,"CFrame":[0,0,0,1,0,0,0,1,0,0,0,1],"EasingStyle":"Linear","EasingDirection":"In"},"Left Arm":{"Weight":1,"CFrame":[-0.7287579774856567,-0.2694476246833801,-0.10876888036727905,-0.8462334275245667,0.43643078207969668,-0.30564212799072268,-0.5271040797233582,-0.7694745063781738,0.3606529235839844,-0.07778379321098328,0.46630167961120608,0.8811994194984436],"EasingStyle":"Linear","EasingDirection":"In"}}},{"Time":0.4000000059604645,"poses":{"Left Leg":{"Weight":1,"CFrame":[-0.4703229069709778,0.4465169310569763,0.07679200172424317,0.9581617712974548,0.153477743268013,0.24160046875476838,-0.17490804195404054,0.9821091890335083,0.06977740675210953,-0.226568803191185,-0.10911590605974198,0.9678637981414795],"EasingStyle":"Linear","EasingDirection":"In"},"Right Arm":{"Weight":1,"CFrame":[-0.21451003849506379,0.05737006664276123,0.273374080657959,0.9249483346939087,-0.20593959093093873,0.3194672465324402,0.02942848578095436,0.8767765164375305,0.4799966514110565,-0.378951758146286,-0.4345707595348358,0.8170335292816162],"EasingStyle":"Linear","EasingDirection":"In"},"Head":{"Weight":1,"CFrame":[4.842877388000488e-8,6.984919309616089e-9,-1.1920928955078126e-7,0.9965830445289612,-0.06952222436666489,0.04459652677178383,0.06728355586528778,0.996486485004425,0.0498759001493454,-0.04790733382105827,-0.04670485481619835,0.9977593421936035],"EasingStyle":"Linear","EasingDirection":"In"},"Right Leg":{"Weight":1,"CFrame":[0.3013207018375397,-0.15283668041229249,-0.030219614505767823,0.7420147657394409,0.6642048358917236,0.09080765396356583,-0.6643444299697876,0.746694028377533,-0.03308575972914696,-0.08978120237588883,-0.035777438431978229,0.9953187704086304],"EasingStyle":"Linear","EasingDirection":"In"},"Torso":{"Weight":1,"CFrame":[-0.02608416974544525,-0.11947765946388245,-0.3372025489807129,0.9818298816680908,0.17860938608646394,0.064101442694664,-0.17346367239952088,0.9817085862159729,-0.07847799360752106,-0.07694583386182785,0.0659327581524849,0.9948529601097107],"EasingStyle":"Linear","EasingDirection":"In"},"HumanoidRootPart":{"Weight":1,"CFrame":[0,0,0,1,0,0,0,1,0,0,0,1],"EasingStyle":"Linear","EasingDirection":"In"},"Left Arm":{"Weight":1,"CFrame":[-0.6777509450912476,-0.24411708116531373,-0.08717465400695801,-0.7741055488586426,0.5427561402320862,-0.325847327709198,-0.6305675506591797,-0.706676185131073,0.32092607021331789,-0.05608391761779785,0.4538993835449219,0.8892862796783447],"EasingStyle":"Linear","EasingDirection":"In"}}},{"Time":0.4333333373069763,"poses":{"Left Leg":{"Weight":1,"CFrame":[-0.43463388085365298,0.37417906522750857,0.08639252185821533,0.9582878351211548,0.07508663833141327,0.27576521039009097,-0.10485000908374787,0.9899588823318481,0.09480443596839905,-0.26587769389152529,-0.11976386606693268,0.9565384387969971],"EasingStyle":"Linear","EasingDirection":"In"},"Right Arm":{"Weight":1,"CFrame":[-0.12208804488182068,-0.01821407675743103,0.31629443168640139,0.8695029020309448,-0.4353348910808563,0.23334164917469026,0.20431426167488099,0.747113049030304,0.6325170397758484,-0.44968941807746889,-0.5023004412651062,0.7385619878768921],"EasingStyle":"Linear","EasingDirection":"In"},"Head":{"Weight":1,"CFrame":[6.705522537231445e-8,1.1175870895385743e-8,1.1920928955078126e-7,0.9994638562202454,0.008076596073806286,0.031729016453027728,-0.009586316533386708,0.9988147616386414,0.04772058129310608,-0.03130599483847618,-0.04799916595220566,0.9983566999435425],"EasingStyle":"Linear","EasingDirection":"In"},"Right Leg":{"Weight":1,"CFrame":[0.42785021662712099,-0.14276862144470216,0.04234278202056885,0.6787319779396057,0.7321153283119202,-0.05770760402083397,-0.7301177978515625,0.6811602115631104,0.05430268868803978,0.07906400412321091,0.0052763731218874458,0.9968556761741638],"EasingStyle":"Linear","EasingDirection":"In"},"Torso":{"Weight":1,"CFrame":[-0.015673145651817323,-0.09083204716444016,-0.2916393280029297,0.9751550555229187,0.20801082253456117,0.07618489861488342,-0.2047901451587677,0.9776292443275452,-0.04797964170575142,-0.08446086198091507,0.031185677275061609,0.9959386587142944],"EasingStyle":"Linear","EasingDirection":"In"},"HumanoidRootPart":{"Weight":1,"CFrame":[0,0,0,1,0,0,0,1,0,0,0,1],"EasingStyle":"Linear","EasingDirection":"In"},"Left Arm":{"Weight":1,"CFrame":[-0.6277532577514648,-0.15543997287750245,0.016344785690307618,-0.6354609131813049,0.7520367503166199,-0.17501488327980042,-0.7479813098907471,-0.5433149337768555,0.3812257945537567,0.1916075497865677,0.37316182255744936,0.907764732837677],"EasingStyle":"Linear","EasingDirection":"In"}}},{"Time":0.46666666865348818,"poses":{"Left Leg":{"Weight":1,"CFrame":[-0.26697906851768496,0.22758382558822633,0.0649334192276001,0.947464108467102,0.0682143047451973,0.31250372529029848,-0.1127098947763443,0.9855305552482605,0.12659458816051484,-0.29934635758399966,-0.15516605973243714,0.9414432048797607],"EasingStyle":"Linear","EasingDirection":"In"},"Right Arm":{"Weight":1,"CFrame":[-0.001336514949798584,-0.09379863739013672,0.34938347339630129,0.7014973163604736,-0.710997998714447,0.048820167779922488,0.42717862129211428,0.47432568669319155,0.7697619795799255,-0.5704559087753296,-0.5191311836242676,0.6364613175392151],"EasingStyle":"Linear","EasingDirection":"In"},"Head":{"Weight":1,"CFrame":[1.3783574104309083e-7,3.725290298461914e-9,-5.364418029785156e-7,0.9925392866134644,0.11807680875062943,0.030391141772270204,-0.1193080022931099,0.9919468760490418,0.042509060353040698,-0.025127071887254716,-0.04581781476736069,0.9986338019371033],"EasingStyle":"Linear","EasingDirection":"In"},"Right Leg":{"Weight":1,"CFrame":[0.515473484992981,-0.02592027187347412,0.2270338535308838,0.6309816837310791,0.7074085474014282,-0.318489134311676,-0.7142545580863953,0.6899623870849609,0.11744125932455063,0.3028245270252228,0.1533789336681366,0.9406233429908752],"EasingStyle":"Linear","EasingDirection":"In"},"Torso":{"Weight":1,"CFrame":[-0.00017791986465454102,-0.055367231369018558,-0.16514945030212403,0.9680433869361877,0.23288990557193757,0.093028724193573,-0.23222532868385316,0.9724944829940796,-0.01805792935192585,-0.09467541426420212,-0.004122767131775618,0.9954996705055237],"EasingStyle":"Linear","EasingDirection":"In"},"HumanoidRootPart":{"Weight":1,"CFrame":[0,0,0,1,0,0,0,1,0,0,0,1],"EasingStyle":"Linear","EasingDirection":"In"},"Left Arm":{"Weight":1,"CFrame":[-0.5898426175117493,-0.0030927062034606935,0.17644762992858888,-0.3299606740474701,0.9363424777984619,0.1199534460902214,-0.7472276091575623,-0.3367178440093994,0.5729503631591797,0.5768681168556213,0.0994185209274292,0.810764491558075],"EasingStyle":"Linear","EasingDirection":"In"}}},{"Time":0.5,"poses":{"Left Leg":{"Weight":1,"CFrame":[-0.010150805115699768,0.12352746725082398,0.00036203861236572266,0.9293583631515503,0.11821699142456055,0.34973984956741335,-0.18368391692638398,0.9698294401168823,0.16028434038162232,-0.32023969292640688,-0.21320316195487977,0.9230336546897888],"EasingStyle":"Linear","EasingDirection":"In"},"Right Arm":{"Weight":1,"CFrame":[0.15897387266159059,-0.12815505266189576,0.3626365661621094,0.38911524415016177,-0.8939971923828125,-0.2221672534942627,0.5921934843063355,0.058025650680065158,0.8037039041519165,-0.7056176066398621,-0.44429951906204226,0.5519979596138],"EasingStyle":"Linear","EasingDirection":"In"},"Head":{"Weight":1,"CFrame":[6.495974957942963e-8,-1.862645149230957e-9,3.5762786865234377e-7,0.984452486038208,0.17418794333934785,0.022627899423241617,-0.17486709356307984,0.984050989151001,0.032637178897857669,-0.01658201403915882,-0.036086615175008777,0.9992111921310425],"EasingStyle":"Linear","EasingDirection":"In"},"Right Leg":{"Weight":1,"CFrame":[0.5622072815895081,0.12228459119796753,0.36041438579559328,0.6759331822395325,0.5781623721122742,-0.4569930136203766,-0.6400400996208191,0.7679386734962463,0.024877551943063737,0.3653259873390198,0.2756783366203308,0.8891223073005676],"EasingStyle":"Linear","EasingDirection":"In"},"Torso":{"Weight":1,"CFrame":[0.018916398286819459,-0.015513841062784195,-0.020693540573120118,0.960737407207489,0.2533279359340668,0.11317518353462219,-0.25611090660095217,0.9665902256965637,0.010524062439799309,-0.1067279726266861,-0.03909626230597496,0.9935193061828613],"EasingStyle":"Linear","EasingDirection":"In"},"HumanoidRootPart":{"Weight":1,"CFrame":[0,0,0,1,0,0,0,1,0,0,0,1],"EasingStyle":"Linear","EasingDirection":"In"},"Left Arm":{"Weight":1,"CFrame":[-0.5748081803321838,0.17355293035507203,0.2595093250274658,-0.11149190366268158,0.9559557437896729,0.2715109586715698,-0.703319251537323,-0.26892516016960146,0.6580436825752258,0.7020766735076904,-0.11759231984615326,0.7023250460624695],"EasingStyle":"Linear","EasingDirection":"In"}}},{"Time":0.5333333611488342,"poses":{"Left Leg":{"Weight":1,"CFrame":[-0.10477432608604431,0.17409569025039674,0.03852260112762451,0.9223777055740356,-0.025559648871421815,0.3854427933692932,-0.05488298088312149,0.9790152907371521,0.19625765085220338,-0.38237062096595766,-0.20217789709568025,0.9016190767288208],"EasingStyle":"Linear","EasingDirection":"In"},"Right Arm":{"Weight":1,"CFrame":[0.3557494282722473,-0.023201078176498414,0.34483349323272707,0.0025042223278433086,-0.8340379595756531,-0.5517012476921082,0.657089352607727,-0.4145074188709259,0.6296168565750122,-0.7538086771965027,-0.36409369111061098,0.5469993948936462],"EasingStyle":"Linear","EasingDirection":"In"},"Head":{"Weight":1,"CFrame":[1.341104507446289e-7,-7.450580596923828e-9,0,0.9882041215896606,0.15296277403831483,-0.007423368748277426,-0.15313838422298432,0.9873833060264587,-0.040284618735313418,0.0011676551075652242,0.040946219116449359,0.9991607666015625],"EasingStyle":"Linear","EasingDirection":"In"},"Right Leg":{"Weight":1,"CFrame":[0.6271529197692871,0.30228590965270998,0.3951927423477173,0.806790292263031,0.40602898597717287,-0.4292200803756714,-0.4860681891441345,0.8691192269325256,-0.09148570150136948,0.33589762449264529,0.2824400067329407,0.8985547423362732],"EasingStyle":"Linear","EasingDirection":"In"},"Torso":{"Weight":1,"CFrame":[0.040115952491760257,0.026363268494606019,0.08247804641723633,0.9534645080566406,0.2695150077342987,0.1351558268070221,-0.27668827772140505,0.9602438807487488,0.0370853915810585,-0.11978746950626373,-0.07275563478469849,0.9901301860809326],"EasingStyle":"Linear","EasingDirection":"In"},"HumanoidRootPart":{"Weight":1,"CFrame":[0,0,0,1,0,0,0,1,0,0,0,1],"EasingStyle":"Linear","EasingDirection":"In"},"Left Arm":{"Weight":1,"CFrame":[-0.591323733329773,0.3395267128944397,0.23124909400939942,-0.27313369512557986,0.8928375244140625,0.358104944229126,-0.7379132509231567,-0.4332810044288635,0.5174474120140076,0.617156445980072,-0.12291815876960755,0.7771801948547363],"EasingStyle":"Linear","EasingDirection":"In"}}},{"Time":0.5666666626930237,"poses":{"Left Leg":{"Weight":1,"CFrame":[-0.24341993033885957,0.24562114477157594,0.09884011745452881,0.8904221653938294,-0.17919553816318513,0.4183747172355652,0.08611974865198136,0.9689603447914124,0.2317311018705368,-0.4469137489795685,-0.17030812799930573,0.878216028213501],"EasingStyle":"Linear","EasingDirection":"In"},"Right Arm":{"Weight":1,"CFrame":[0.5286027789115906,0.21228116750717164,0.28759920597076418,-0.3450852334499359,-0.5463236570358276,-0.7631818652153015,0.5831865072250366,-0.7619218826293945,0.28172439336776736,-0.7353976368904114,-0.34785857796669009,0.581536591053009],"EasingStyle":"Linear","EasingDirection":"In"},"Head":{"Weight":1,"CFrame":[6.705522537231445e-8,1.4901161193847657e-8,-5.960464477539063e-8,0.9946269989013672,0.09196162968873978,-0.047543562948703769,-0.09928197413682938,0.9774509072303772,-0.18636780977249146,0.02933279238641262,0.19008669257164002,0.9813290238380432],"EasingStyle":"Linear","EasingDirection":"In"},"Right Leg":{"Weight":1,"CFrame":[0.6659482717514038,0.5480411052703857,0.3348653316497803,0.9313002228736877,0.1919933259487152,-0.30954551696777346,-0.23270921409130097,0.9673792719841003,-0.10012006014585495,0.28022557497024538,0.16527587175369264,0.9455990791320801],"EasingStyle":"Linear","EasingDirection":"In"},"Torso":{"Weight":1,"CFrame":[0.06193310022354126,0.06795333325862885,0.13548684120178224,0.946467399597168,0.28176262974739077,0.1575096696615219,-0.2941061556339264,0.9538233876228333,0.06101275980472565,-0.1330452710390091,-0.10407114028930664,0.9856309294700623],"EasingStyle":"Linear","EasingDirection":"In"},"HumanoidRootPart":{"Weight":1,"CFrame":[0,0,0,1,0,0,0,1,0,0,0,1],"EasingStyle":"Linear","EasingDirection":"In"},"Left Arm":{"Weight":1,"CFrame":[-0.6219954490661621,0.47748398780822756,0.15912771224975587,-0.5870307087898254,0.6982908248901367,0.40961527824401858,-0.6488590240478516,-0.7084037065505981,0.27775248885154726,0.4841249883174896,-0.10273341834545136,0.8689469695091248],"EasingStyle":"Linear","EasingDirection":"In"}}},{"Time":0.6000000238418579,"poses":{"Left Leg":{"Weight":1,"CFrame":[-0.2887384295463562,0.2812032103538513,0.13107585906982423,0.8533008694648743,-0.2652475833892822,0.4489114582538605,0.1587880402803421,0.9522390961647034,0.26082006096839907,-0.4966529607772827,-0.15127617120742799,0.8546644449234009],"EasingStyle":"Linear","EasingDirection":"In"},"Right Arm":{"Weight":1,"CFrame":[0.6028228998184204,0.4592193365097046,0.18519556522369386,-0.5529981851577759,-0.2680988311767578,-0.788870096206665,0.39535728096961977,-0.9178681373596191,0.034793492406606677,-0.7334068417549133,-0.2926449179649353,0.6135743856430054],"EasingStyle":"Linear","EasingDirection":"In"},"Head":{"Weight":1,"CFrame":[1.4901161193847657e-8,-4.470348358154297e-8,0,0.9971644878387451,0.00729996245354414,-0.07489799708127976,-0.031514864414930347,0.9443117380142212,-0.32753986120224,0.06833601742982865,0.3289715051651001,0.9418641328811646],"EasingStyle":"Linear","EasingDirection":"In"},"Right Leg":{"Weight":1,"CFrame":[0.5865938067436218,0.7572658061981201,0.2440197467803955,0.9642978310585022,-0.0657380074262619,-0.2565310597419739,0.06410136073827744,0.9978343844413757,-0.014745930209755898,0.25694501399993899,-0.002224638592451811,0.9664235711097717],"EasingStyle":"Linear","EasingDirection":"In"},"Torso":{"Weight":1,"CFrame":[0.08290135860443115,0.10698926448822022,0.14796233177185059,0.9400206208229065,0.2905014157295227,0.1788024604320526,-0.30843237042427065,0.9477272033691406,0.08174747228622437,-0.14570821821689607,-0.13199275732040406,0.9804830551147461],"EasingStyle":"Linear","EasingDirection":"In"},"HumanoidRootPart":{"Weight":1,"CFrame":[0,0,0,1,0,0,0,1,0,0,0,1],"EasingStyle":"Linear","EasingDirection":"In"},"Left Arm":{"Weight":1,"CFrame":[-0.6385112404823303,0.5744835138320923,0.062134742736816409,-0.7833077311515808,0.46596378087997439,0.41146913170814516,-0.4539516568183899,-0.8809735178947449,0.13346795737743379,0.4246845543384552,-0.08224058896303177,0.9015983939170837],"EasingStyle":"Linear","EasingDirection":"In"}}},{"Time":0.6333333253860474,"poses":{"Left Leg":{"Weight":1,"CFrame":[-0.2449103593826294,0.26910483837127688,0.13431477546691895,0.8282555341720581,-0.2910534143447876,0.4788326323032379,0.17254316806793214,0.9454732537269592,0.2762412428855896,-0.5331244468688965,-0.14617903530597688,0.8333127498626709],"EasingStyle":"Linear","EasingDirection":"In"},"Right Arm":{"Weight":1,"CFrame":[0.5377189517021179,0.6224583387374878,0.04123365879058838,-0.6508354544639587,-0.18511874973773957,-0.7363044023513794,0.13856081664562226,-0.9824925065040588,0.12453747540712357,-0.7464677691459656,-0.020969679579138757,0.6650911569595337],"EasingStyle":"Linear","EasingDirection":"In"},"Head":{"Weight":