{"Sequence":[{"Time":0,"poses":{"Left Leg":{"Weight":1,"CFrame":[-0.4778331518173218,0.1992037296295166,0.06672108173370362,0.926946222782135,-0.3308083117008209,0.17702119052410127,0.29903125762939455,0.9363439083099365,0.18395769596099854,-0.22660750150680543,-0.11758402734994888,0.9668624997138977],"EasingStyle":"Linear","EasingDirection":"In"},"Right Arm":{"Weight":1,"CFrame":[1.0408762562974516e-7,0.7746986150741577,0.17707383632659913,-0.7341939210891724,0.11912064254283905,-0.668408215045929,-0.27971723675727847,-0.9501243233680725,0.13792061805725099,-0.61864173412323,0.2882256507873535,0.7308955788612366],"EasingStyle":"Linear","EasingDirection":"In"},"Left Arm":{"Weight":1,"CFrame":[0.03320128098130226,0.7746988534927368,0.14387273788452149,-0.7774167656898499,-0.10382822901010513,0.6203572154045105,0.2482152134180069,-0.9568785429000855,0.15090619027614594,0.5779380798339844,0.27129897475242617,0.769665002822876],"EasingStyle":"Linear","EasingDirection":"In"},"Head":{"Weight":1,"CFrame":[8.605982060316819e-8,-4.3025146112540827e-8,0,1,-7.473047958228563e-8,8.670786399989083e-8,6.305314315113719e-8,0.9918223023414612,0.12762629985809327,-9.553636459713744e-8,-0.12762629985809327,0.9918223023414612],"EasingStyle":"Linear","EasingDirection":"In"},"Torso":{"Weight":1,"CFrame":[0,0,-0.21672654151916505,1,0,-8.742277657347586e-8,0,1,0,8.742277657347586e-8,0,1],"EasingStyle":"Linear","EasingDirection":"In"},"HumanoidRootPart":{"Weight":1,"CFrame":[0,0,0,1,0,0,0,1,0,0,0,1],"EasingStyle":"Linear","EasingDirection":"In"},"Right Leg":{"Weight":1,"CFrame":[0.467922180891037,0.2019556760787964,0.0724416971206665,0.9246995449066162,0.3293178975582123,-0.19099824130535127,-0.2950880527496338,0.9370046257972717,0.18693700432777406,0.24052803218364716,-0.11649928241968155,0.9636255502700806],"EasingStyle":"Linear","EasingDirection":"In"}}},{"Time":0.01666666753590107,"poses":{"Left Leg":{"Weight":1,"CFrame":[-0.49240842461586,0.2267259955406189,0.08585667610168457,0.9171022176742554,-0.3380381464958191,0.21131429076194764,0.3024658262729645,0.9353236556053162,0.18353207409381867,-0.259688138961792,-0.10440234839916229,0.9600324034690857],"EasingStyle":"Linear","EasingDirection":"In"},"Right Arm":{"Weight":1,"CFrame":[0.003148036077618599,0.7710995674133301,0.1777275800704956,-0.7337704300880432,0.11823160201311112,-0.6690307855606079,-0.3055186867713928,-0.9369783401489258,0.16949915885925294,-0.6068272590637207,0.3287747800350189,0.7236489653587341],"EasingStyle":"Linear","EasingDirection":"In"},"Left Arm":{"Weight":1,"CFrame":[0.0326281413435936,0.7710996866226196,0.14442682266235352,-0.7769836783409119,-0.10300125926733017,0.6210371851921082,0.27376583218574526,-0.9436390399932861,0.18600453436374665,0.5668761730194092,0.31454113125801089,0.7613902688026428],"EasingStyle":"Linear","EasingDirection":"In"},"Head":{"Weight":1,"CFrame":[8.605984191945027e-8,-4.284083843231201e-8,1.1920928955078126e-7,1,-7.281362002231617e-8,8.693303499285321e-8,6.321689483002047e-8,0.9943980574607849,0.10570009052753449,-9.41424502798327e-8,-0.10570009052753449,0.9943980574607849],"EasingStyle":"Linear","EasingDirection":"In"},"Torso":{"Weight":1,"CFrame":[0,-0.00941932387650013,-0.24615097045898438,1,0,-8.742277657347586e-8,-1.0293292884711037e-9,0.9999306797981262,-0.011774154379963875,8.741671564393983e-8,0.011774154379963875,0.9999306797981262],"EasingStyle":"Linear","EasingDirection":"In"},"HumanoidRootPart":{"Weight":1,"CFrame":[0,0,0,1,0,0,0,1,0,0,0,1],"EasingStyle":"Linear","EasingDirection":"In"},"Right Leg":{"Weight":1,"CFrame":[0.4834473431110382,0.22933053970336915,0.09078943729400635,0.914798378944397,0.33653509616851809,-0.2233562171459198,-0.2988062798976898,0.9359373450279236,0.18637602031230927,0.27176958322525027,-0.10375630110502243,0.9567528367042542],"EasingStyle":"Linear","EasingDirection":"In"}}},{"Time":0.03333333507180214,"poses":{"Left Leg":{"Weight":1,"CFrame":[-0.5086451768875122,0.25745850801467898,0.10468745231628418,0.9062438607215881,-0.3464129865169525,0.2423224002122879,0.30793672800064089,0.933631956577301,0.18304719030857087,-0.2896499037742615,-0.09126539528369904,0.9527715444564819],"EasingStyle":"Linear","EasingDirection":"In"},"Right Arm":{"Weight":1,"CFrame":[0.006420433521270752,0.760804295539856,0.17963945865631104,-0.7330608367919922,0.11765830963850022,-0.6699090600013733,-0.3211838901042938,-0.9280751347541809,0.18846073746681214,-0.5995520949363709,0.35331717133522036,0.718125581741333],"EasingStyle":"Linear","EasingDirection":"In"},"Left Arm":{"Weight":1,"CFrame":[0.031036799773573877,0.7608040571212769,0.146051287651062,-0.7762730121612549,-0.1024627760052681,0.6220141649246216,0.2893091142177582,-0.9345618486404419,0.2071097195148468,0.5600897073745728,0.34072786569595339,0.7551184892654419],"EasingStyle":"Linear","EasingDirection":"In"},"Head":{"Weight":1,"CFrame":[8.605985613030498e-8,-4.470348358154297e-8,1.1920928955078126e-7,1,-7.096358700664496e-8,8.710983223636504e-8,6.334545332720154e-8,0.9964202642440796,0.08453814685344696,-9.27971299802266e-8,-0.08453814685344696,0.9964202642440796],"EasingStyle":"Linear","EasingDirection":"In"},"Torso":{"Weight":1,"CFrame":[0,-0.01827947050333023,-0.27987051010131838,1,0,-8.742277657347586e-8,-1.9975525678006535e-9,0.9997389316558838,-0.02284933812916279,8.739995394080324e-8,0.02284933812916279,0.9997389316558838],"EasingStyle":"Linear","EasingDirection":"In"},"HumanoidRootPart":{"Weight":1,"CFrame":[0,0,0,1,0,0,0,1,0,0,0,1],"EasingStyle":"Linear","EasingDirection":"In"},"Right Leg":{"Weight":1,"CFrame":[0.5009533762931824,0.25991344451904299,0.10859644412994385,0.9041209816932678,0.3449852168560028,-0.2520919740200043,-0.30461934208869936,0.9341604709625244,0.18587976694107057,0.29962021112442019,-0.0912657380104065,0.9496833086013794],"EasingStyle":"Linear","EasingDirection":"In"}}},{"Time":0.05000000074505806,"poses":{"Left Leg":{"Weight":1,"CFrame":[-0.5246590971946716,0.2909160256385803,0.12276482582092285,0.89496910572052,-0.35490649938583376,0.27031782269477847,0.3142697215080261,0.9316003918647766,0.1826341450214386,-0.31664618849754336,-0.0784992128610611,0.9452899098396301],"EasingStyle":"Linear","EasingDirection":"In"},"Right Arm":{"Weight":1,"CFrame":[0.00975286215543747,0.7445666790008545,0.18273556232452393,-0.7322606444358826,0.11732790619134903,-0.670841634273529,-0.3294662833213806,-0.9231347441673279,0.19817757606506349,-0.5960254669189453,0.36613717675209048,0.7146307826042175],"EasingStyle":"Linear","EasingDirection":"In"},"Left Arm":{"Weight":1,"CFrame":[0.028619367629289628,0.7445664405822754,0.1486889123916626,-0.7754907608032227,-0.10214833915233612,0.6230409145355225,0.297548770904541,-0.9294926524162293,0.21796372532844544,0.5568472146987915,0.35441383719444277,0.7512069344520569],"EasingStyle":"Linear","EasingDirection":"In"},"Head":{"Weight":1,"CFrame":[8.605984902487762e-8,-4.0978193283081057e-8,0,1,-6.918237716035947e-8,8.724264688453332e-8,6.34420231904187e-8,0.99793940782547,0.0641634538769722,-9.150183188921801e-8,-0.0641634538769722,0.99793940782547],"EasingStyle":"Linear","EasingDirection":"In"},"Torso":{"Weight":1,"CFrame":[0,-0.026594124734401704,-0.31679725646972659,1,0,-8.742277657347586e-8,-2.9061655304474245e-9,0.9994472861289978,-0.03324265778064728,8.737445966744417e-8,0.03324265778064728,0.9994472861289978],"EasingStyle":"Linear","EasingDirection":"In"},"HumanoidRootPart":{"Weight":1,"CFrame":[0,0,0,1,0,0,0,1,0,0,0,1],"EasingStyle":"Linear","EasingDirection":"In"},"Right Leg":{"Weight":1,"CFrame":[0.5185045599937439,0.29322099685668948,0.12542569637298585,0.8932327628135681,0.35365030169487,-0.2776089310646057,-0.3113252818584442,0.9320068359375,0.18557962775230409,0.32436373829841616,-0.07933911681175232,0.942599356174469],"EasingStyle":"Linear","EasingDirection":"In"}}},{"Time":0.06666667014360428,"poses":{"Left Leg":{"Weight":1,"CFrame":[-0.5391274094581604,0.3264935612678528,0.13962650299072267,0.8837512135505676,-0.3627912402153015,0.2955779433250427,0.3205734193325043,0.9295001029968262,0.18237926065921784,-0.3409053683280945,-0.0664234608411789,0.9377480745315552],"EasingStyle":"Linear","EasingDirection":"In"},"Right Arm":{"Weight":1,"CFrame":[0.01308094710111618,0.7231396436691284,0.1869417428970337,-0.7315768599510193,0.1171780377626419,-0.6716134548187256,-0.3327958285808563,-0.9211550951004028,0.20179259777069093,-0.5950145125389099,0.371136873960495,0.7128921151161194],"EasingStyle":"Linear","EasingDirection":"In"},"Left Arm":{"Weight":1,"CFrame":[0.02556794136762619,0.7231395244598389,0.15228307247161866,-0.7748541831970215,-0.10200504213571549,0.6238557696342468,0.3008599579334259,-0.9274612665176392,0.22203370928764344,0.5559534430503845,0.3597368597984314,0.7493364214897156],"EasingStyle":"Linear","EasingDirection":"In"},"Head":{"Weight":1,"CFrame":[8.605984902487762e-8,-5.21540641784668e-8,0,1,-6.747170289145288e-8,8.733580614261882e-8,6.350978054570078e-8,0.999005138874054,0.04459567740559578,-9.025786340544073e-8,-0.04459567740559578,0.999005138874054],"EasingStyle":"Linear","EasingDirection":"In"},"Torso":{"Weight":1,"CFrame":[0,-0.03437744826078415,-0.35584402084350588,1,0,-8.742277657347586e-8,-3.756715383218534e-9,0.9990763068199158,-0.042971815913915637,8.734202339155672e-8,0.042971815913915637,0.9990763068199158],"EasingStyle":"Linear","EasingDirection":"In"},"HumanoidRootPart":{"Weight":1,"CFrame":[0,0,0,1,0,0,0,1,0,0,0,1],"EasingStyle":"Linear","EasingDirection":"In"},"Right Leg":{"Weight":1,"CFrame":[0.5347193479537964,0.3286510705947876,0.14085006713867188,0.882563591003418,0.36180293560028078,-0.30029985308647158,-0.3180115222930908,0.9297519326210022,0.18555335700511933,0.3463382124900818,-0.06826383620500565,0.9356227517127991],"EasingStyle":"Linear","EasingDirection":"In"}}},{"Time":0.0833333358168602,"poses":{"Left Leg":{"Weight":1,"CFrame":[-0.5511704087257385,0.36348509788513186,0.15487408638000489,0.8729578852653503,-0.36956989765167239,0.3183749318122864,0.3261895775794983,0.9275553822517395,0.1823219209909439,-0.36269110441207888,-0.05530878156423569,0.9302666783332825],"EasingStyle":"Linear","EasingDirection":"In"},"Right Arm":{"Weight":1,"CFrame":[0.016340196132659913,0.6972768306732178,0.1921839714050293,-0.7312260866165161,0.11714033782482147,-0.6720018982887268,-0.33345934748649599,-0.9207953214645386,0.20233863592147828,-0.5950742363929749,0.3720404803752899,0.7123710513114929],"EasingStyle":"Linear","EasingDirection":"In"},"Left Arm":{"Weight":1,"CFrame":[0.022074609994888307,0.6972767114639282,0.1567767858505249,-0.7745905518531799,-0.10197267681360245,0.6241884231567383,0.30147433280944826,-0.9271125197410584,0.22265583276748658,0.555988073348999,0.36064374446868899,0.7488746643066406],"EasingStyle":"Linear","EasingDirection":"In"},"Head":{"Weight":1,"CFrame":[8.605986323573234e-8,-4.470348358154297e-8,1.1920928955078126e-7,1,-6.583304212881558e-8,8.73935590561814e-8,6.355178072681156e-8,0.9996657967567444,0.02585160918533802,-8.90662406050069e-8,-0.02585160918533802,0.9996657967567444],"EasingStyle":"Linear","EasingDirection":"In"},"Torso":{"Weight":1,"CFrame":[0,-0.04164396971464157,-0.39592647552490237,1,0,-8.742277657347586e-8,-4.5507899670838018e-9,0.998644232749939,-0.05205496773123741,8.730425093972372e-8,0.05205496773123741,0.998644232749939],"EasingStyle":"Linear","EasingDirection":"In"},"HumanoidRootPart":{"Weight":1,"CFrame":[0,0,0,1,0,0,0,1,0,0,0,1],"EasingStyle":"Linear","EasingDirection":"In"},"Right Leg":{"Weight":1,"CFrame":[0.5486522316932678,0.3655007481575012,0.15452814102172852,0.8724338412284851,0.36893659830093386,-0.3205384314060211,-0.3240032196044922,0.9276265501976013,0.185824915766716,0.36589762568473818,-0.05826452746987343,0.9288294911384583],"EasingStyle":"Linear","EasingDirection":"In"}}},{"Time":0.10000000149011612,"poses":{"Left Leg":{"Weight":1,"CFrame":[-0.5602541565895081,0.40109574794769289,0.16822195053100587,0.8628653287887573,-0.3749198317527771,0.33896681666374209,0.3306550085544586,0.9259473085403442,0.1824522614479065,-0.3822704255580902,-0.04535071551799774,0.9229369759559631],"EasingStyle":"Linear","EasingDirection":"In"},"Right Arm":{"Weight":1,"CFrame":[0.01946619153022766,0.6677321195602417,0.19838833808898927,-0.7310479283332825,0.11710362881422043,-0.6722022294998169,-0.3334970772266388,-0.9207941889762878,0.20228148996829987,-0.5952719449996948,0.372054785490036,0.7121982574462891],"EasingStyle":"Linear","EasingDirection":"In"},"Left Arm":{"Weight":1,"CFrame":[0.018331512808799745,0.6677318811416626,0.16211295127868653,-0.7745073437690735,-0.10195460170507431,0.6242945790290833,0.30139172077178957,-0.9271789193153381,0.22249124944210053,0.5561487078666687,0.3604782223701477,0.7488350868225098],"EasingStyle":"Linear","EasingDirection":"In"},"Head":{"Weight":1,"CFrame":[8.605982770859555e-8,-5.21540641784668e-8,1.1920928955078126e-7,1,-6.426761700595307e-8,8.742001966766111e-8,6.357102222409594e-8,0.999968409538269,0.007945194840431214,-8.792787298261828e-8,-0.007945194840431214,0.999968409538269],"EasingStyle":"Linear","EasingDirection":"In"},"Torso":{"Weight":1,"CFrame":[0,-0.04840855300426483,-0.4359612464904785,1,0,-8.742277657347586e-8,-5.290013316283648e-9,0.9981675744056702,-0.060510698705911639,8.726257760827139e-8,0.060510698705911639,0.9981675744056702],"EasingStyle":"Linear","EasingDirection":"In"},"HumanoidRootPart":{"Weight":1,"CFrame":[0,0,0,1,0,0,0,1,0,0,0,1],"EasingStyle":"Linear","EasingDirection":"In"},"Right Leg":{"Weight":1,"CFrame":[0.5596936941146851,0.4029788374900818,0.1662435531616211,0.8630716800689697,0.3747110664844513,-0.3386721909046173,-0.3288242518901825,0.9258202910423279,0.18636378645896913,0.3833822011947632,-0.04948168620467186,0.9222633242607117],"EasingStyle":"Linear","EasingDirection":"In"}}},{"Time":0.11666666716337204,"poses":{"Left Leg":{"Weight":1,"CFrame":[-0.5661166906356812,0.43843501806259158,0.17952954769134522,0.8536675572395325,-0.3786536455154419,0.357593297958374,0.3336753249168396,0.924812376499176,0.18270966410636903,-0.3998905420303345,-0.03665323182940483,0.9158297777175903],"EasingStyle":"Linear","EasingDirection":"In"},"Right Arm":{"Weight":1,"CFrame":[0.02239450067281723,0.6352585554122925,0.20548081398010255,-0.7307711839675903,0.11702346056699753,-0.6725168824195862,-0.3333326578140259,-0.9209247827529907,0.20195794105529786,-0.5957036018371582,0.37175673246383669,0.7119929790496826],"EasingStyle":"Linear","EasingDirection":"In"},"Left Arm":{"Weight":1,"CFrame":[0.0145307257771492,0.6352583169937134,0.16823482513427735,-0.7743059992790222,-0.10191381722688675,0.6245509386062622,0.3009348511695862,-0.9275063872337341,0.2217434197664261,0.5566762089729309,0.3596462905406952,0.7488431334495544],"EasingStyle":"Linear","EasingDirection":"In"},"Head":{"Weight":1,"CFrame":[8.605982770859555e-8,-5.960464477539063e-8,1.1920928955078126e-7,1,-6.277642228269542e-8,8.741914570009613e-8,6.357038273563376e-8,0.9999584555625916,-0.009112119674682618,-8.684349239729272e-8,0.009112119674682618,0.9999584555625916],"EasingStyle":"Linear","EasingDirection":"In"},"Torso":{"Weight":1,"CFrame":[0,-0.05468618869781494,-0.4748668670654297,1,0,-8.742277657347586e-8,-5.976025008180841e-9,0.9976608753204346,-0.06835775822401047,8.72182823741241e-8,0.06835775822401047,0.9976608753204346],"EasingStyle":"Linear","EasingDirection":"In"},"HumanoidRootPart":{"Weight":1,"CFrame":[0,0,0,1,0,0,0,1,0,0,0,1],"EasingStyle":"Linear","EasingDirection":"In"},"Right Leg":{"Weight":1,"CFrame":[0.5675005316734314,0.4401998519897461,0.1759343147277832,0.8546249866485596,0.3789147436618805,-0.355020672082901,-0.33216947317123415,0.9244798421859741,0.18708394467830659,0.39909839630126955,-0.04195963963866234,0.9159475564956665],"EasingStyle":"Linear","EasingDirection":"In"}}},{"Time":0.13333334028720857,"poses":{"Left Leg":{"Weight":1,"CFrame":[-0.5687164068222046,0.4745129346847534,0.18882274627685548,0.8454850316047669,-0.3806897699832916,0.3744732737541199,0.335106760263443,0.9242410659790039,0.18298064172267915,-0.4157625138759613,-0.029218871146440507,0.909003734588623],"EasingStyle":"Linear","EasingDirection":"In"},"Right Arm":{"Weight":1,"CFrame":[0.02506069839000702,0.6006096601486206,0.2133873701095581,-0.7304509878158569,0.11692415922880173,-0.6728819012641907,-0.33279532194137576,-0.9212895631790161,0.20117895305156709,-0.5963963866233826,0.37088316679000857,0.7118686437606812],"EasingStyle":"Linear","EasingDirection":"In"},"Left Arm":{"Weight":1,"CFrame":[0.010864406824111939,0.6006096601486206,0.17508530616760255,-0.7740589380264282,-0.10187104344367981,0.6248641014099121,0.2997889816761017,-0.9282850623130798,0.22003039717674256,0.5576372742652893,0.35764381289482119,0.7490870952606201],"EasingStyle":"Linear","EasingDirection":"In"},"Head":{"Weight":1,"CFrame":[8.605981349774084e-8,-2.9802322387695315e-8,-5.960464477539063e-8,1,-6.136025376690668e-8,8.739475987340484e-8,6.355265469437654e-8,0.9996796250343323,-0.02531120367348194,-8.581366017779146e-8,0.02531120367348194,0.9996796250343323],"EasingStyle":"Linear","EasingDirection":"In"},"Torso":{"Weight":1,"CFrame":[0,-0.060492098331451419,-0.5115623474121094,1,0,-8.742277657347586e-8,-6.610484160063379e-9,0.9971370697021484,-0.07561512291431427,8.717248789480436e-8,0.07561512291431427,0.9971370697021484],"EasingStyle":"Linear","EasingDirection":"In"},"HumanoidRootPart":{"Weight":1,"CFrame":[0,0,0,1,0,0,0,1,0,0,0,1],"EasingStyle":"Linear","EasingDirection":"In"},"Right Leg":{"Weight":1,"CFrame":[0.5719445943832398,0.47617918252944949,0.18370723724365235,0.847170889377594,0.3814365267753601,-0.3698750436306,-0.3338848948478699,0.9237077832221985,0.1878427267074585,0.4133065640926361,-0.03563921898603439,0.9098942875862122],"EasingStyle":"Linear","EasingDirection":"In"}}},{"Time":0.15000000596046449,"poses":{"Left Leg":{"Weight":1,"CFrame":[-0.5681905150413513,0.5082412958145142,0.1963052749633789,0.8383710980415344,-0.3810337781906128,0.389803946018219,0.3349437713623047,0.9242764115333557,0.18310068547725678,-0.43005409836769106,-0.02294393628835678,0.902511477470398],"EasingStyle":"Linear","EasingDirection":"In"},"Right Arm":{"Weight":1,"CFrame":[0.02740037441253662,0.5645393133163452,0.22203409671783448,-0.7301421761512756,0.11682999134063721,-0.6732333898544312,-0.33171334862709048,-0.9219892621040344,0.19975531101226808,-0.5973764657974243,0.3691701292991638,0.7119372487068176],"EasingStyle":"Linear","EasingDirection":"In"},"Left Arm":{"Weight":1,"CFrame":[0.007524609565734863,0.5645390748977661,0.18260765075683595,-0.7738385200500488,-0.10184678435325623,0.6251410841941834,0.297636479139328,-0.9296973943710327,0.2169685959815979,0.5590943098068237,0.35396328568458559,0.7497488260269165],"EasingStyle":"Linear","EasingDirection":"In"},"Head":{"Weight":1,"CFrame":[8.605985613030498e-8,-4.470348358154297e-8,0,1,-6.001975094704903e-8,8.735054990438585e-8,6.352048131930133e-8,0.999173641204834,-0.04064483568072319,-8.483885238774747e-8,0.04064483568072319,0.999173641204834],"EasingStyle":"Linear","EasingDirection":"In"},"Torso":{"Weight":1,"CFrame":[0,-0.06584154069423676,-0.5449690818786621,1,0,-8.742277657347586e-8,-7.195063655984768e-9,0.9966074228286743,-0.08230193704366684,8.712618893014224e-8,0.08230193704366684,0.9966074228286743],"EasingStyle":"Linear","EasingDirection":"In"},"HumanoidRootPart":{"Weight":1,"CFrame":[0,0,0,1,0,0,0,1,0,0,0,1],"EasingStyle":"Linear","EasingDirection":"In"},"Right Leg":{"Weight":1,"CFrame":[0.573074221611023,0.5098339915275574,0.18984699249267579,0.840722382068634,0.38224950432777407,-0.38349851965904238,-0.333954781293869,0.923560380935669,0.1884421557188034,0.4262159466743469,-0.03035636618733406,0.9041119813919067],"EasingStyle":"Linear","EasingDirection":"In"}}},{"Time":0.1666666716337204,"poses":{"Left Leg":{"Weight":1,"CFrame":[-0.5648146271705627,0.5384390354156494,0.2023540735244751,0.8323230147361755,-0.37975701689720156,0.4037609398365021,0.33330079913139346,0.9249184131622315,0.18285658955574037,-0.4428871273994446,-0.017621899023652078,0.8964042663574219],"EasingStyle":"Linear","EasingDirection":"In"},"Right Arm":{"Weight":1,"CFrame":[0.02934907376766205,0.5278010368347168,0.2313467264175415,-0.7298998832702637,0.11676567047834397,-0.6735071539878845,-0.32991334795951846,-0.9231211543083191,0.19749587774276734,-0.5986679196357727,0.3663511276245117,0.7123085260391235],"EasingStyle":"Linear","EasingDirection":"In"},"Left Arm":{"Weight":1,"CFrame":[0.004703491926193237,0.5278009176254273,0.19074475765228272,-0.7737170457839966,-0.10186132043600083,0.6252888441085815,0.29415395855903628,-0.931911051273346,0.21216805279254914,0.5611019134521484,0.34808918833732607,0.7509983777999878],"EasingStyle":"Linear","EasingDirection":"In"},"Head":{"Weight":1,"CFrame":[8.605985613030498e-8,-2.9802322387695315e-8,2.384185791015625e-7,1,-5.875537567590072e-8,8.728994060902551e-8,6.347642056425684e-8,0.9984804391860962,-0.05510754510760307,-8.391942429852861e-8,0.05510754510760307,0.9984804391860962],"EasingStyle":"Linear","EasingDirection":"In"},"Torso":{"Weight":1,"CFrame":[0,-0.0707499086856842,-0.5740091800689697,1,0,-8.742277657347586e-8,-7.731443041336661e-9,0.9960817098617554,-0.08843740075826645,8.708023102599327e-8,0.08843740075826645,0.9960817098617554],"EasingStyle":"Linear","EasingDirection":"In"},"HumanoidRootPart":{"Weight":1,"CFrame":[0,0,0,1,0,0,0,1,0,0,0,1],"EasingStyle":"Linear","EasingDirection":"In"},"Right Leg":{"Weight":1,"CFrame":[0.5710766911506653,0.5399913787841797,0.19480621814727784,0.8352383971214294,0.3813908100128174,-0.39612850546836855,-0.33248254656791689,0.9240524768829346,0.1886330246925354,0.43798646330833437,-0.025847794488072397,0.8986099362373352],"EasingStyle":"Linear","EasingDirection":"In"}}},{"Time":0.18333333730697633,"poses":{"Left Leg":{"Weight":1,"CFrame":[-0.5593127012252808,0.5649499893188477,0.2073732614517212,0.8271439075469971,-0.37726056575775149,0.4165422320365906,0.33059418201446535,0.9260157346725464,0.18221503496170045,-0.4544672667980194,-0.013011593371629715,0.8906684517860413],"EasingStyle":"Linear","EasingDirection":"In"},"Right Arm":{"Weight":1,"CFrame":[0.03084234893321991,0.4911474585533142,0.24125158786773683,-0.7297797203063965,0.11675512790679932,-0.6736392974853516,-0.32721877098083498,-0.924776554107666,0.19420668482780457,-0.6002911329269409,0.36215537786483767,0.7130875587463379],"EasingStyle":"Linear","EasingDirection":"In"},"Left Arm":{"Weight":1,"CFrame":[0.002593114972114563,0.49114733934402468,0.1994398832321167,-0.7737681865692139,-0.10193279385566712,0.6252140402793884,0.2890082895755768,-0.9350699782371521,0.20522773265838624,0.5636993646621704,0.3394905626773834,0.7529866695404053],"EasingStyle":"Linear","EasingDirection":"In"},"Head":{"Weight":1,"CFrame":[8.605984191945027e-8,-4.470348358154297e-8,0,1,-5.7567465461261239e-8,8.721626443275454e-8,6.342283853655317e-8,0.9976376891136169,-0.06869559735059738,-8.305558196752827e-8,0.06869559735059738,0.9976376891136169],"EasingStyle":"Linear","EasingDirection":"In"},"Torso":{"Weight":1,"CFrame":[0,-0.07523249089717865,-0.5988004207611084,1,0,-8.742277657347586e-8,-8.221291203369674e-9,0.9955683350563049,-0.09404060989618302,8.70353460413753e-8,0.09404060989618302,0.9955683350563049],"EasingStyle":"Linear","EasingDirection":"In"},"HumanoidRootPart":{"Weight":1,"CFrame":[0,0,0,1,0,0,0,1,0,0,0,1],"EasingStyle":"Linear","EasingDirection":"In"},"Right Leg":{"Weight":1,"CFrame":[0.5665914416313171,0.566500186920166,0.19904756546020509,0.8304837346076965,0.3792296350002289,-0.4080216884613037,-0.3298729956150055,0.9250451326370239,0.18834872543811799,0.4488658308982849,-0.02182525396347046,0.8933325409889221],"EasingStyle":"Linear","EasingDirection":"In"}}},{"Time":0.20000000298023225,"poses":{"Left Leg":{"Weight":1,"CFrame":[-0.5524714589118958,0.5884774327278137,0.2116398811340332,0.8225515484809876,-0.374050498008728,0.4283634424209595,0.3272961378097534,0.9273653626441956,0.18130284547805787,-0.4650658369064331,-0.008929211646318436,0.885231077671051],"EasingStyle":"Linear","EasingDirection":"In"},"Right Arm":{"Weight":1,"CFrame":[0.03181582689285278,0.45533287525177,0.2516745328903198,-0.7298374772071838,0.11682070046663284,-0.6735652685165405,-0.32344841957092287,-0.9270380139350891,0.18968844413757325,-0.6022610664367676,0.35630521178245547,0.7143725156784058],"EasingStyle":"Linear","EasingDirection":"In"},"Left Arm":{"Weight":1,"CFrame":[0.0013855546712875367,0.45533275604248049,0.20863592624664308,-0.7740658521652222,-0.10207521170377732,0.6248222589492798,0.2818523943424225,-0.9392815828323364,0.19572770595550538,0.5669050216674805,0.3276136815547943,0.7558358311653137],"EasingStyle":"Linear","EasingDirection":"In"},"Head":{"Weight":1,"CFrame":[8.605982770859555e-8,-4.470348358154297e-8,-2.980232238769531e-7,1,-5.645626899308809e-8,8.713262644732822e-8,6.336202318379947e-8,0.9966810345649719,-0.08140622079372406,-8.224753145213981e-8,0.08140622079372406,0.9966810345649719],"EasingStyle":"Linear","EasingDirection":"In"},"Torso":{"Weight":1,"CFrame":[0,-0.07930463552474976,-0.6203305721282959,1,0,-8.742277657347586e-8,-8.666290796099929e-9,0.9950743913650513,-0.09913080930709839,8.699216635932317e-8,0.09913080930709839,0.9950743913650513],"EasingStyle":"Linear","EasingDirection":"In"},"HumanoidRootPart":{"Weight":1,"CFrame":[0,0,0,1,0,0,0,1,0,0,0,1],"EasingStyle":"Linear","EasingDirection":"In"},"Right Leg":{"Weight":1,"CFrame":[0.5603264570236206,0.5900606513023377,0.20289254188537599,0.8261368870735169,0.37624257802963259,-0.4194513261318207,-0.32658669352531435,0.9263450503349304,0.1876859813928604,0.4591720998287201,-0.018067151308059694,0.8881635665893555],"EasingStyle":"Linear","EasingDirection":"In"}}},{"Time":0.21666666865348817,"poses":{"Left Leg":{"Weight":1,"CFrame":[-0.5446520447731018,0.6090994477272034,0.21543538570404054,0.8183929920196533,-0.3703444302082062,0.43940627574920657,0.32363682985305788,0.928879976272583,0.18011440336704255,-0.4748600721359253,-0.005196261219680309,0.8800459504127502],"EasingStyle":"Linear","EasingDirection":"In"},"Right Arm":{"Weight":1,"CFrame":[0.032451823353767398,0.42098361253738406,0.26254141330718996,-0.7298769354820252,0.11513442546129227,-0.6738128066062927,-0.3154119849205017,-0.9312336444854736,0.18253567814826966,-0.6064609885215759,0.3457570970058441,0.7160006761550903],"EasingStyle":"Linear","EasingDirection":"In"},"Left Arm":{"Weight":1,"CFrame":[0.0007495731115341187,0.4209834337234497,0.21827590465545655,-0.7743923664093018,-0.10039186477661133,0.6246902346611023,0.2708934247493744,-0.9448670744895935,0.18396469950675965,0.5717806816101074,0.31168532371520998,0.7588933110237122],"EasingStyle":"Linear","EasingDirection":"In"},"Head":{"Weight":1,"CFrame":[8.605981349774084e-8,-7.450580596923828e-8,0,1,-5.542190351093268e-8,8.704193987796316e-8,6.329609192334829e-8,0.9956438541412354,-0.093237966299057,-8.149535091206417e-8,0.093237966299057,0.9956438541412354],"EasingStyle":"Linear","EasingDirection":"In"},"Torso":{"Weight":1,"CFrame":[0,-0.08298172056674957,-0.638826847076416,1,0,-8.742277657347586e-8,-9.068116924026981e-9,0.9946057796478272,-0.10372716188430786,8.695119646517924e-8,0.10372716188430786,0.9946057796478272],"EasingStyle":"Linear","EasingDirection":"In"},"HumanoidRootPart":{"Weight":1,"CFrame":[0,0,0,1,0,0,0,1,0,0,0,1],"EasingStyle":"Linear","EasingDirection":"In"},"Right Leg":{"Weight":1,"CFrame":[0.5525670647621155,0.6107545495033264,0.20666265487670899,0.8220055103302002,0.37261852622032168,-0.4306531250476837,-0.3228446841239929,0.9278735518455505,0.18660670518875123,0.4691249430179596,-0.014357773587107659,0.8830151557922363],"EasingStyle":"Linear","EasingDirection":"In"}}},{"Time":0.23333333432674409,"poses":{"Left Leg":{"Weight":1,"CFrame":[-0.5361180901527405,0.6269252300262451,0.21900713443756104,0.8145292401313782,-0.36630916595458987,0.44984400272369387,0.3197989761829376,0.9304917454719544,0.1786441057920456,-0.48401522636413576,-0.001651244587264955,0.8750580549240112],"EasingStyle":"Linear","EasingDirection":"In"},"Right Arm":{"Weight":1,"CFrame":[0.032982051372528079,0.3882157802581787,0.2737783193588257,-0.7297195196151733,0.11003220826387406,-0.6748350858688355,-0.299892395734787,-0.9384738802909851,0.17126408219337464,-0.6144704818725586,0.32735249400138857,0.7178204655647278],"EasingStyle":"Linear","EasingDirection":"In"},"Left Arm":{"Weight":1,"CFrame":[0.0002193152904510498,0.3882153034210205,0.2283031940460205,-0.7744641900062561,-0.095138318836689,0.6254231333732605,0.2543286383152008,-0.9520389437675476,0.1701139509677887,0.5792427659034729,0.29081016778945925,0.7615163922309876],"EasingStyle":"Linear","EasingDirection":"In"},"Head":{"Weight":1,"CFrame":[8.60598703411597e-8,-4.470348358154297e-8,1.1920928955078126e-7,1,-5.446443296364123e-8,8.694696873590147e-8,6.322702006400505e-8,0.9945573806762695,-0.1041901484131813,-8.07990971907202e-8,0.1041901484131813,0.9945573806762695],"EasingStyle":"Linear","EasingDirection":"In"},"Torso":{"Weight":1,"CFrame":[0,-0.08627888560295105,-0.6545169353485107,1,0,-8.742277657347586e-8,-9.42842426354673e-9,0.9941673278808594,-0.10784859955310822,8.691286979001234e-8,0.10784859955310822,0.9941673278808594],"EasingStyle":"Linear","EasingDirection":"In"},"HumanoidRootPart":{"Weight":1,"CFrame":[0,0,0,1,0,0,0,1,0,0,0,1],"EasingStyle":"Linear","EasingDirection":"In"},"Right Leg":{"Weight":1,"CFrame":[0.5435020923614502,0.6286891102790833,0.2106395959854126,0.8179115653038025,0.3684951364994049,-0.4418505132198334,-0.3188202679157257,0.9295703172683716,0.18507468700408936,0.47893038392066958,-0.010503886267542839,0.877790093421936],"EasingStyle":"Linear","EasingDirection":"In"}}},{"Time":0.25,"poses":{"Left Leg":{"Weight":1,"CFrame":[-0.5270508527755737,0.6420976519584656,0.2225651741027832,0.8108347058296204,-0.3620684742927551,0.4598405659198761,0.3159233331680298,0.9321496486663818,0.1768881231546402,-0.492686003446579,0.001847311039455235,0.870205283164978],"EasingStyle":"Linear","EasingDirection":"In"},"Right Arm":{"Weight":1,"CFrame":[0.03341621160507202,0.35701853036880495,0.28531134128570559,-0.7293886542320252,0.1017371341586113,-0.6764921545982361,-0.2764781713485718,-0.9483606815338135,0.15547341108322144,-0.6257411241531372,0.30043572187423708,0.7198516130447388],"EasingStyle":"Linear","EasingDirection":"In"},"Left Arm":{"Weight":1,"CFrame":[-0.00021480023860931396,0.35701853036880495,0.23866057395935059,-0.7742065787315369,-0.08651597052812576,0.6269921660423279,0.23167836666107179,-0.960601270198822,0.15352612733840943,0.5890070199966431,0.2641214430332184,0.7637476921081543],"EasingStyle":"Linear","EasingDirection":"In"},"Head":{"Weight":1,"CFrame":[8.605984191945027e-8,-2.9802322387695315e-8,1.1920928955078126e-7,1,-5.3583864456641098e-8,8.685020702614566e-8,6.315665501688273e-8,0.9934505820274353,-0.11426276713609696,-8.015874186639849e-8,0.11426276713609696,0.9934505820274353],"EasingStyle":"Linear","EasingDirection":"In"},"Torso":{"Weight":1,"CFrame":[0,-0.08921143412590027,-0.6676299571990967,1,0,-8.742277657347586e-8,-9.748889695515573e-9,0.9937628507614136,-0.11151430010795593,8.687750607805356e-8,0.11151430010795593,0.9937628507614136],"EasingStyle":"Linear","EasingDirection":"In"},"HumanoidRootPart":{"Weight":1,"CFrame":[0,0,0,1,0,0,0,1,0,0,0,1],"EasingStyle":"Linear","EasingDirection":"In"},"Right Leg":{"Weight":1,"CFrame":[0.5332409143447876,0.6440011262893677,0.2150588035583496,0.8136885762214661,0.36396726965904238,-0.4532533586025238,-0.3146469295024872,0.9313901662826538,0.1830562800168991,0.4887823760509491,-0.006336096674203873,0.8723828196525574],"EasingStyle":"Linear","EasingDirection":"In"}}},{"Time":0.2666666805744171,"poses":{"Left Leg":{"Weight":1,"CFrame":[-0.5175648927688599,0.6547828912734985,0.22628259658813477,0.8071948289871216,-0.3577105700969696,0.4695524275302887,0.3121148347854614,0.9338167905807495,0.17484445869922639,-0.5010198354721069,0.005420757923275232,0.8654189109802246],"EasingStyle":"Linear","EasingDirection":"In"},"Right Arm":{"Weight":1,"CFrame":[0.033763810992240909,0.32738161087036135,0.297066330909729,-0.7288358211517334,0.09042110294103623,-0.6786917448043823,-0.24452108144760133,-0.9602487087249756,0.13465464115142823,-0.6395371556282044,0.2640954256057739,0.7219734787940979],"EasingStyle":"Linear","EasingDirection":"In"},"Left Arm":{"Weight":1,"CFrame":[-0.0005624145269393921,0.32738131284713747,0.24929118156433106,-0.7734789848327637,-0.0746927261352539,0.6294055581092835,0.2023206204175949,-0.9701773524284363,0.13350005447864533,0.6006634831428528,0.23060114681720735,0.7655235528945923],"EasingStyle":"Linear","EasingDirection":"In"},"Head":{"Weight":1,"CFrame":[8.605982060316819e-8,-1.4901161193847657e-8,-2.980232238769531e-7,1,-5.2780137593799739e-8,8.675399953972374e-8,6.308669497911979e-8,0.9923500418663025,-0.12345626205205918,-7.957429204452638e-8,0.12345626205205918,0.9923500418663025],"EasingStyle":"Linear","EasingDirection":"In"},"Torso":{"Weight":1,"CFrame":[0,-0.09179443120956421,-0.6783950328826904,1,0,-8.742277657347586e-8,-1.0031152797296273e-8,0.993395209312439,-0.11474300920963288,8.684536823011513e-8,0.11474300920963288,0.993395209312439],"EasingStyle":"Linear","EasingDirection":"In"},"HumanoidRootPart":{"Weight":1,"CFrame":[0,0,0,1,0,0,0,1,0,0,0,1],"EasingStyle":"Linear","EasingDirection":"In"},"Right Leg":{"Weight":1,"CFrame":[0.5218304395675659,0.6568506360054016,0.22011005878448487,0.809180498123169,0.3590945601463318,-0.4650569260120392,-0.31042471528053286,0.9332996010780335,0.18052247166633607,0.4988621473312378,-0.0017101168632507325,0.8666796684265137],"EasingStyle":"Linear","EasingDirection":"In"}}},{"Time":0.28333333134651186,"poses":{"Left Leg":{"Weight":1,"CFrame":[-0.5078653693199158,0.6651625037193298,0.23019695281982423,0.8035736083984375,-0.3533381223678589,0.4789797067642212,0.30847227573394778,0.9354515075683594,0.17255522310733796,-0.5090327262878418,0.009091094136238099,0.8606992363929749],"EasingStyle":"Linear","EasingDirection":"In"},"Right Arm":{"Weight":1,"CFrame":[0.034034550189971927,0.299294650554657,0.3089693784713745,-0.7279425263404846,0.07621826231479645,-0.6813886165618897,-0.20315863192081452,-0.973150908946991,0.10818490386009217,-0.6548482775688171,0.2171822041273117,0.723882257938385],"EasingStyle":"Linear","EasingDirection":"In"},"Left Arm":{"Weight":1,"CFrame":[-0.000833168625831604,0.29929453134536745,0.2601381540298462,-0.7720690965652466,-0.05981925129890442,0.6327171325683594,0.16549260914325715,-0.9801382422447205,0.10927591472864151,0.6136134266853333,0.18907849490642548,0.7666340470314026],"EasingStyle":"Linear","EasingDirection":"In"},"Head":{"Weight":1,"CFrame":[8.605984191945027e-8,-2.9802322387695315e-8,2.384185791015625e-7,1,-5.205319908441197e-8,8.666045658856092e-8,6.301867472302547e-8,0.9912801384925842,-0.1317715048789978,-7.904566245997558e-8,0.1317715048789978,0.9912801384925842],"EasingStyle":"Linear","EasingDirection":"In"},"Torso":{"Weight":1,"CFrame":[0,-0.09404286742210388,-0.6870424747467041,1,0,-8.742277657347586e-8,-1.0276861139857374e-8,0.9930665493011475,-0.11755359172821045,8.681663388188099e-8,0.11755359172821045,0.9930665493011475],"EasingStyle":"Linear","EasingDirection":"In"},"HumanoidRootPart":{"Weight":1,"CFrame":[0,0,0,1,0,0,0,1,0,0,0,1],"EasingStyle":"Linear","EasingDirection":"In"},"Right Leg":{"Weight":1,"CFrame":[0.5095087885856628,0.6674026250839233,0.22577273845672608,0.8043525815010071,0.3539796471595764,-0.47719523310661318,-0.30626803636550906,0.9352470636367798,0.17751847207546235,0.5091333985328674,0.003362148767337203,0.8606810569763184],"EasingStyle":"Linear","EasingDirection":"In"}}},{"Time":0.30000001192092898,"poses":{"Left Leg":{"Weight":1,"CFrame":[-0.49870842695236208,0.6734163761138916,0.23393261432647706,0.800224244594574,-0.34920984506607058,0.48753821849823,0.3051632046699524,0.9369604587554932,0.17023663222789765,-0.5162523984909058,0.012551234103739262,0.8563445210456848],"EasingStyle":"Linear","EasingDirection":"In"},"Right Arm":{"Weight":1,"CFrame":[0.0342380553483963,0.2727459669113159,0.32094645500183108,-0.726518988609314,0.05924270302057266,-0.6845877766609192,-0.15135955810546876,-0.9856035709381104,0.0753384381532669,-0.6702689528465271,0.15835359692573548,0.7250267267227173],"EasingStyle":"Linear","EasingDirection":"In"},"Left Arm":{"Weight":1,"CFrame":[-0.0010366886854171754,0.27274566888809206,0.2711446285247803,-0.769687831401825,-0.04205579310655594,0.6370338201522827,0.12030912935733795,-0.9895048141479492,0.08003684878349304,0.6269819736480713,0.13824434578418733,0.7666693925857544],"EasingStyle":"Linear","EasingDirection":"In"},"Head":{"Weight":1,"CFrame":[8.605982060316819e-8,-1.043081283569336e-7,-5.960464477539063e-7,1,-5.1402953005208477e-8,8.657154637603526e-8,6.295400822864394e-8,0.9902629852294922,-0.13920946419239045,-7.857280337475459e-8,0.13920947909355164,0.9902629852294922],"EasingStyle":"Linear","EasingDirection":"In"},"Torso":{"Weight":1,"CFrame":[0,-0.09597179293632508,-0.6938028335571289,1,0,-8.742277657347586e-8,-1.0487653412383225e-8,0.9927781224250794,-0.11996477097272873,8.679141672018886e-8,0.11996477097272873,0.9927781224250794],"EasingStyle":"Linear","EasingDirection":"In"},"HumanoidRootPart":{"Weight":1,"CFrame":[0,0,0,1,0,0,0,1,0,0,0,1],"EasingStyle":"Linear","EasingDirection":"In"},"Right Leg":{"Weight":1,"CFrame":[0.49745047092437746,0.6758060455322266,0.2313687801361084,0.7996402978897095,0.3489983081817627,-0.4886467158794403,-0.3024258315563202,0.9370862245559692,0.17437881231307984,0.5187619924545288,0.008339015766978264,0.8548780083656311],"EasingStyle":"Linear","EasingDirection":"In"}}},{"Time":0.3166666626930237,"poses":{"Left Leg":{"Weight":1,"CFrame":[-0.4909532070159912,0.6797483563423157,0.2370295524597168,0.7974845767021179,-0.34561794996261599,0.49453672766685488,0.30234602093696597,0.9382486343383789,0.168155699968338,-0.5221160650253296,0.015419618226587773,0.8527350425720215],"EasingStyle":"Linear","EasingDirection":"In"},"Right Arm":{"Weight":1,"CFrame":[0.03438381850719452,0.24772632122039796,0.3329235315322876,-0.7242976427078247,0.03961373120546341,-0.6883485317230225,-0.0880165845155716,-0.9954925179481506,0.03532378003001213,-0.6838464736938477,0.08617088943719864,0.7245195508003235],"EasingStyle":"Linear","EasingDirection":"In"},"Left Arm":{"Weight":1,"CFrame":[-0.0011824369430541993,0.24772638082504273,0.2822535037994385,-0.7659610509872437,-0.021605128422379495,0.6425239443778992,0.06580913811922074,-0.9968200325965881,0.04493361711502075,0.6395098567008972,0.07670127600431442,0.7649470567703247],"EasingStyle":"Linear","EasingDirection":"In"},"Head":{"Weight":1,"CFrame":[8.605982060316819e-8,-8.940696716308594e-8,1.1920928955078126e-7,1,-5.082929277477888e-8,8.64889528884305e-8,6.289396026204486e-8,0.989318311214447,-0.14577129483222962,-7.815565084001719e-8,0.1457713097333908,0.989318311214447],"EasingStyle":"Linear","EasingDirection":"In"},"Torso":{"Weight":1,"CFrame":[0,-0.09759610891342163,-0.6989078521728516,1,0,-8.742277657347586e-8,-1.0665154093203455e-8,0.9925307035446167,-0.12199514359235764,8.676978779931233e-8,0.12199514359235764,0.9925307035446167],"EasingStyle":"Linear","EasingDirection":"In"},"HumanoidRootPart":{"Weight":1,"CFrame":[0,0,0,1,0,0,0,1,0,0,0,1],"EasingStyle":"Linear","EasingDirection":"In"},"Right Leg":{"Weight":1,"CFrame":[0.4870188236236572,0.6822453737258911,0.2361201047897339,0.7956194281578064,0.34459760785102847,-0.49823901057243349,-0.29914242029190066,0.9386662244796753,0.1715213656425476,0.5267860293388367,0.01257860567420721,0.8499048948287964],"EasingStyle":"Linear","EasingDirection":"In"}}},{"Time":0.3333333432674408,"poses":{"Left Leg":{"Weight":1,"CFrame":[-0.4854172468185425,0.6843836307525635,0.23903584480285645,0.7957028150558472,-0.34284284710884097,0.4993152916431427,0.3001517355442047,0.939233124256134,0.16658365726470948,-0.5260855555534363,0.0173192769289016