{"Sequence":[{"Time":0,"poses":{"Left Leg":{"Weight":1,"CFrame":[-0.5316429734230042,0.33935707807540896,0.041912078857421878,0.9237255454063416,-0.3256145119667053,0.20175795257091523,0.2578209638595581,0.918041467666626,0.30121132731437685,-0.2833009660243988,-0.22621916234493257,0.9319685697555542],"EasingStyle":"Linear","EasingDirection":"In"},"Right Arm":{"Weight":1,"CFrame":[-0.10841044038534165,-0.3495328426361084,0.5333337783813477,0.9854354858398438,-0.07384044677019119,-0.15318115055561067,0.15198519825935365,-0.02158537320792675,0.9881470203399658,-0.07627177983522415,-0.9970364570617676,-0.010048236697912217],"EasingStyle":"Linear","EasingDirection":"In"},"Left Arm":{"Weight":1,"CFrame":[0.10144864022731781,-0.29512345790863039,0.4887979030609131,0.8757202625274658,0.0949288010597229,0.4733946919441223,-0.47315409779548647,-0.026464441791176797,0.8805820941925049,0.09612066298723221,-0.9951322078704834,0.021740568801760675],"EasingStyle":"Linear","EasingDirection":"In"},"Head":{"Weight":1,"CFrame":[8.742274104633907e-8,-1.4901161193847657e-8,-5.960464477539063e-8,1,-6.532135898851266e-8,8.74052901167488e-8,6.356031434506804e-8,0.9998000264167786,0.0199985783547163,-8.869413647971669e-8,-0.0199985783547163,0.9998000264167786],"EasingStyle":"Linear","EasingDirection":"In"},"Torso":{"Weight":1,"CFrame":[0,-0.03816436976194382,-0.3283107280731201,1,0,-8.742277657347586e-8,-4.170544354309413e-9,0.9988614320755005,-0.04770546779036522,8.732323664162323e-8,0.04770546779036522,0.9988614320755005],"EasingStyle":"Linear","EasingDirection":"In"},"HumanoidRootPart":{"Weight":0,"CFrame":[0,0,0,1,0,0,0,1,0,0,0,1],"EasingStyle":"Linear","EasingDirection":"In"},"Right Leg":{"Weight":1,"CFrame":[0.6550251245498657,0.22849547863006593,0.06958293914794922,0.9205138683319092,0.373147577047348,-0.11582355946302414,-0.3701682388782501,0.9277718663215637,0.04706182703375816,0.1250189244747162,-0.00044687199988402426,0.9921542406082153],"EasingStyle":"Linear","EasingDirection":"In"}}},{"Time":0.03333333507180214,"poses":{"Left Leg":{"Weight":1,"CFrame":[-0.448969304561615,0.27967333793640139,0.09133350849151612,0.9041323065757752,-0.33138859272003176,0.26967811584472659,0.26271551847457888,0.928970456123352,0.26075753569602969,-0.3369351625442505,-0.1649107187986374,0.9269731640815735],"EasingStyle":"Linear","EasingDirection":"In"},"Right Arm":{"Weight":1,"CFrame":[-0.10700144618749619,-0.3842480480670929,0.5557224750518799,0.9809865355491638,-0.06828779727220535,-0.1816650629043579,0.18076427280902863,-0.019198130816221238,0.9833390712738037,-0.0706377625465393,-0.9974809288978577,-0.006488993763923645],"EasingStyle":"Linear","EasingDirection":"In"},"Left Arm":{"Weight":1,"CFrame":[0.09997805207967758,-0.33652740716934206,0.5200289487838745,0.8712885975837708,0.08819420635700226,0.4827815294265747,-0.4821850061416626,-0.029368100687861444,0.8755770325660706,0.09139915555715561,-0.9956702589988709,0.016937918961048127],"EasingStyle":"Linear","EasingDirection":"In"},"Head":{"Weight":1,"CFrame":[8.89413058757782e-8,-8.534698281437159e-9,0,0.999981164932251,-0.0061323088593780998,-0.00008289704419439659,0.0061328355222940449,0.9999287724494934,0.010240161791443825,0.000020093930288567209,-0.010240479372441769,0.9999475479125977],"EasingStyle":"Linear","EasingDirection":"In"},"Torso":{"Weight":1,"CFrame":[-0.011462148278951645,-0.018686499446630479,-0.25295162200927737,0.9998894929885864,0.003960517235100269,-0.01432777475565672,-0.004294544458389282,0.9997179508209229,-0.023358123376965524,0.014231223613023758,0.023417074233293535,0.999624490737915],"EasingStyle":"Linear","EasingDirection":"In"},"HumanoidRootPart":{"Weight":0,"CFrame":[0,0,0,1,0,0,0,1,0,0,0,1],"EasingStyle":"Linear","EasingDirection":"In"},"Right Leg":{"Weight":1,"CFrame":[0.5927363634109497,0.17981427907943726,0.0624011754989624,0.9269580245018005,0.3567101061344147,-0.11621806770563126,-0.35145512223243716,0.9340387582778931,0.06364724785089493,0.1312558501958847,-0.018152955919504167,0.9911823272705078],"EasingStyle":"Linear","EasingDirection":"In"}}},{"Time":0.06666667014360428,"poses":{"Left Leg":{"Weight":1,"CFrame":[-0.42103075981140139,0.22788268327713014,0.15246129035949708,0.853173017501831,-0.39179521799087527,0.3443722724914551,0.3361596167087555,0.9177852869033814,0.21134543418884278,-0.3988640606403351,-0.06455013155937195,0.9147353768348694],"EasingStyle":"Linear","EasingDirection":"In"},"Right Arm":{"Weight":1,"CFrame":[-0.1031770408153534,-0.42784544825553896,0.5804007053375244,0.9702555537223816,-0.09014103561639786,-0.224674791097641,0.22371745109558106,-0.020718850195407869,0.9744337797164917,-0.09249155223369599,-0.995713472366333,0.00006360396218951792],"EasingStyle":"Linear","EasingDirection":"In"},"Left Arm":{"Weight":1,"CFrame":[0.09598645567893982,-0.38675808906555178,0.5468531847000122,0.8635355234146118,0.08953877538442612,0.49627527594566347,-0.4948468804359436,-0.039080142974853519,0.8681010007858276,0.0971231535077095,-0.9952163100242615,0.010560945607721806],"EasingStyle":"Linear","EasingDirection":"In"},"Head":{"Weight":1,"CFrame":[9.14881752578367e-8,2.546585164964199e-11,2.384185791015625e-7,0.999784529209137,-0.02075871266424656,-0.00003919132359442301,0.0207564365118742,0.9996995329856873,-0.013038398697972298,0.00030983888427726924,0.013034776784479618,0.9999150037765503],"EasingStyle":"Linear","EasingDirection":"In"},"Torso":{"Weight":1,"CFrame":[-0.02269863709807396,-0.000021865802409593017,-0.18008828163146974,0.9994997978210449,0.013968432322144509,-0.02837338298559189,-0.013974834233522416,0.9999023675918579,-0.000027331030651112088,0.02837023138999939,0.00042383061372675,0.9995973706245422],"EasingStyle":"Linear","EasingDirection":"In"},"HumanoidRootPart":{"Weight":0,"CFrame":[0,0,0,1,0,0,0,1,0,0,0,1],"EasingStyle":"Linear","EasingDirection":"In"},"Right Leg":{"Weight":1,"CFrame":[0.5129082798957825,0.13913118839263917,0.05630934238433838,0.9363958239555359,0.32975679636001589,-0.1200971007347107,-0.3219797909259796,0.9433769583702087,0.07980584353208542,0.13961340487003327,-0.03606104105710983,0.9895492196083069],"EasingStyle":"Linear","EasingDirection":"In"}}},{"Time":0.10000000149011612,"poses":{"Left Leg":{"Weight":1,"CFrame":[-0.41562652587890627,0.16584867238998414,0.22552776336669923,0.7735047340393066,-0.47455817461013796,0.4201011061668396,0.4518386423587799,0.8777158260345459,0.15955165028572083,-0.44444602727890017,0.06640395522117615,0.8933411240577698],"EasingStyle":"Linear","EasingDirection":"In"},"Right Arm":{"Weight":1,"CFrame":[-0.09754105657339096,-0.477372944355011,0.6062743663787842,0.950432538986206,-0.1329442411661148,-0.281076043844223,0.27858737111091616,-0.03735259920358658,0.9596842527389526,-0.13808347284793855,-0.9904193878173828,0.0015356069197878242],"EasingStyle":"Linear","EasingDirection":"In"},"Left Arm":{"Weight":1,"CFrame":[0.0901041030883789,-0.4427106976509094,0.569534182548523,0.8506239056587219,0.09664937853813172,0.5168150067329407,-0.5128830671310425,-0.0638040155172348,0.8560841679573059,0.11571484804153443,-0.9932713508605957,-0.004703415557742119],"EasingStyle":"Linear","EasingDirection":"In"},"Head":{"Weight":1,"CFrame":[9.14442352950573e-8,-3.3760443329811098e-9,0,0.9992698431015015,-0.03820447996258736,0.0004587040457408875,0.03819136321544647,0.9984367489814758,-0.040809862315654758,0.0011011329479515553,0.040797583758831027,0.9991668462753296],"EasingStyle":"Linear","EasingDirection":"In"},"Torso":{"Weight":1,"CFrame":[-0.03224372863769531,0.015880335122346879,-0.12473607063293457,0.9988462328910828,0.026109492406249048,-0.040304746478796008,-0.025325125083327295,0.9994821548461914,0.019850419834256173,0.040802158415317538,-0.01880679465830326,0.9989902377128601],"EasingStyle":"Linear","EasingDirection":"In"},"HumanoidRootPart":{"Weight":0,"CFrame":[0,0,0,1,0,0,0,1,0,0,0,1],"EasingStyle":"Linear","EasingDirection":"In"},"Right Leg":{"Weight":1,"CFrame":[0.43465906381607058,0.11290633678436279,0.05255770683288574,0.9444288611412048,0.30232328176498415,-0.12905307114124299,-0.29182082414627077,0.9518245458602905,0.09418380260467529,0.15130992233753205,-0.05128955468535423,0.9871548414230347],"EasingStyle":"Linear","EasingDirection":"In"}}},{"Time":0.13333334028720857,"poses":{"Left Leg":{"Weight":1,"CFrame":[-0.39919906854629519,0.07872837781906128,0.29422879219055178,0.6776471138000488,-0.5484759211540222,0.4898659288883209,0.5765655636787415,0.8097419142723084,0.10904192924499512,-0.45647183060646059,0.20854787528514863,0.8649515509605408],"EasingStyle":"Linear","EasingDirection":"In"},"Right Arm":{"Weight":1,"CFrame":[-0.09069739282131195,-0.5298763513565064,0.6322488784790039,0.9172084927558899,-0.18874575197696687,-0.35086125135421755,0.34151214361190798,-0.08106085658073425,0.9363752007484436,-0.20517803728580476,-0.9786747097969055,-0.009890634566545487],"EasingStyle":"Linear","EasingDirection":"In"},"Left Arm":{"Weight":1,"CFrame":[0.08296124637126923,-0.5012785792350769,0.5883355140686035,0.8298746943473816,0.10649561882019043,0.547692060470581,-0.5372290015220642,-0.11251258850097656,0.8358982801437378,0.15064170956611634,-0.9879269003868103,-0.036158736795186999],"EasingStyle":"Linear","EasingDirection":"In"},"Head":{"Weight":1,"CFrame":[9.150244295597077e-8,-1.1408701539039612e-8,0,0.9986045956611633,-0.05279520899057388,0.0012488005449995399,0.05276674032211304,0.9965512752532959,-0.06404049694538117,0.002136541297659278,0.06401702761650086,0.9979465007781982],"EasingStyle":"Linear","EasingDirection":"In"},"Torso":{"Weight":1,"CFrame":[-0.03882604092359543,0.026972465217113496,-0.09733772277832031,0.9981594085693359,0.03636433556675911,-0.0485326424241066,-0.034749340265989307,0.9988271594047546,0.033715587109327319,0.049701765179634097,-0.031967055052518848,0.9982523918151856],"EasingStyle":"Linear","EasingDirection":"In"},"HumanoidRootPart":{"Weight":0,"CFrame":[0,0,0,1,0,0,0,1,0,0,0,1],"EasingStyle":"Linear","EasingDirection":"In"},"Right Leg":{"Weight":1,"CFrame":[0.3849725127220154,0.10291260480880737,0.053822875022888187,0.9464815855026245,0.2885059416294098,-0.14469599723815919,-0.2752484381198883,0.9556269645690918,0.10495450347661972,0.16855542361736298,-0.05951020121574402,0.9838941097259522],"EasingStyle":"Linear","EasingDirection":"In"}}},{"Time":0.1666666716337204,"poses":{"Left Leg":{"Weight":1,"CFrame":[-0.3426138162612915,-0.03293812274932861,0.32561349868774416,0.5955460071563721,-0.5883769392967224,0.5469346642494202,0.6728808879852295,0.7372764348983765,0.0604550875723362,-0.43881237506866457,0.332018107175827,0.834989607334137],"EasingStyle":"Linear","EasingDirection":"In"},"Right Arm":{"Weight":1,"CFrame":[-0.08324983716011048,-0.5824037790298462,0.6572301387786865,0.8657911419868469,-0.2466377168893814,-0.43540263175964358,0.40550121665000918,-0.16404059529304505,0.8992549777030945,-0.29321396350860598,-0.9551233053207398,-0.04201289266347885],"EasingStyle":"Linear","EasingDirection":"In"},"Left Arm":{"Weight":1,"CFrame":[0.07518812268972397,-0.5593565702438355,0.6035213470458984,0.7973727583885193,0.11422328650951386,0.5925788283348084,-0.5668055415153503,-0.19537067413330079,0.8003511428833008,0.20719118416309358,-0.9740551114082336,-0.091040700674057],"EasingStyle":"Linear","EasingDirection":"In"},"Head":{"Weight":1,"CFrame":[7.846392691135407e-8,-1.1408701539039612e-8,2.384185791015625e-7,0.9982618689537048,-0.058909822255373,0.0016815029084682465,0.05887321010231972,0.995535671710968,-0.07377469539642334,0.002672057831659913,0.07374545931816101,0.9972735047340393],"EasingStyle":"Linear","EasingDirection":"In"},"Torso":{"Weight":1,"CFrame":[-0.0412946492433548,0.031152330338954927,-0.09075188636779785,0.9978375434875488,0.04069153964519501,-0.05161839723587036,-0.03870381787419319,0.9984917044639587,0.038940418511629108,0.053125087171792987,-0.03685837984085083,0.9979074001312256],"EasingStyle":"Linear","EasingDirection":"In"},"HumanoidRootPart":{"Weight":0,"CFrame":[0,0,0,1,0,0,0,1,0,0,0,1],"EasingStyle":"Linear","EasingDirection":"In"},"Right Leg":{"Weight":1,"CFrame":[0.36165979504585268,0.10233110189437866,0.06123161315917969,0.9433689117431641,0.2857087552547455,-0.1685987263917923,-0.2701532542705536,0.9565790891647339,0.10942451655864716,0.19254162907600404,-0.057680197060108188,0.9795921444892883],"EasingStyle":"Linear","EasingDirection":"In"}}},{"Time":0.20000000298023225,"poses":{"Left Leg":{"Weight":1,"CFrame":[-0.25116243958473208,-0.12308943271636963,0.29005658626556399,0.5811898708343506,-0.5746170282363892,0.5762236714363098,0.699164867401123,0.7149184942245483,0.0077344742603600029,-0.41639745235443118,0.3983802795410156,0.817255437374115],"EasingStyle":"Linear","EasingDirection":"In"},"Right Arm":{"Weight":1,"CFrame":[-0.07580230385065079,-0.6320027709007263,0.6801233291625977,0.7968947291374207,-0.2902526259422302,-0.5298227667808533,0.43363192677497866,-0.3358056843280792,0.836180567741394,-0.42062118649482729,-0.8960959315299988,-0.1417388767004013],"EasingStyle":"Linear","EasingDirection":"In"},"Left Arm":{"Weight":1,"CFrame":[0.0674150139093399,-0.6138394474983215,0.6153546571731567,0.762040913105011,0.11789755523204804,0.6367055177688599,-0.5634264349937439,-0.36387956142425539,0.7417157888412476,0.319130539894104,-0.923954427242279,-0.21086440980434419],"EasingStyle":"Linear","EasingDirection":"In"},"Head":{"Weight":1,"CFrame":[8.044298738241196e-8,4.656612873077393e-10,0,0.9989145398139954,-0.046571265906095508,0.0009310951572842896,0.04654683545231819,0.9972308874130249,-0.05799980089068413,0.0017725987127050758,0.057980168610811236,0.9983161687850952],"EasingStyle":"Linear","EasingDirection":"In"},"Torso":{"Weight":1,"CFrame":[-0.03507675230503082,0.01482018455862999,-0.09187984466552735,0.9987753629684448,0.0229194276034832,-0.0438460148870945,-0.022124720737338067,0.9995835423469544,0.01852523349225521,0.044252343475818637,-0.0175324659794569,0.9988665580749512],"EasingStyle":"Linear","EasingDirection":"In"},"HumanoidRootPart":{"Weight":0,"CFrame":[0,0,0,1,0,0,0,1,0,0,0,1],"EasingStyle":"Linear","EasingDirection":"In"},"Right Leg":{"Weight":1,"CFrame":[0.32614871859550478,0.09280073642730713,0.08268213272094727,0.9436597228050232,0.24490486085414887,-0.2225487381219864,-0.23737269639968873,0.9695380926132202,0.060416124761104587,0.23056572675704957,-0.004185325466096401,0.9730477929115295],"EasingStyle":"Linear","EasingDirection":"In"}}},{"Time":0.23333333432674409,"poses":{"Left Leg":{"Weight":1,"CFrame":[-0.15136481821537019,-0.15911221504211427,0.2063223123550415,0.6389425992965698,-0.5151445269584656,0.571295440196991,0.653093695640564,0.7556893229484558,-0.0490117147564888,-0.4064737856388092,0.4044252038002014,0.8192797899246216],"EasingStyle":"Linear","EasingDirection":"In"},"Right Arm":{"Weight":1,"CFrame":[-0.06895861774682999,-0.6757194995880127,0.6998342275619507,0.72405606508255,-0.2988095283508301,-0.6216555833816528,0.3856811821460724,-0.571819543838501,0.7240665555000305,-0.5718328952789307,-0.7640256881713867,-0.29878416657447817],"EasingStyle":"Linear","EasingDirection":"In"},"Left Arm":{"Weight":1,"CFrame":[0.06027216091752052,-0.6616204380989075,0.6240993738174439,0.7376182079315186,0.11736353486776352,0.6649398803710938,-0.48275816440582278,-0.5968507528305054,0.6408695578575134,0.4720846116542816,-0.7937222123146057,-0.3835897743701935],"EasingStyle":"Linear","EasingDirection":"In"},"Head":{"Weight":1,"CFrame":[7.799826562404633e-8,5.762558430433273e-9,4.76837158203125e-7,0.9998786449432373,-0.015578677877783776,-0.00010152667528018355,0.015574303455650807,0.9997156262397766,-0.01805739291012287,0.00038280864828266203,0.01805362105369568,0.9998369216918945],"EasingStyle":"Linear","EasingDirection":"In"},"Torso":{"Weight":1,"CFrame":[-0.019001252949237825,-0.02428244799375534,-0.1039118766784668,0.9995256662368774,-0.019602665677666665,-0.02375165745615959,0.018878158181905748,0.999360978603363,-0.030353059992194177,0.024331478402018548,0.02989027462899685,0.9992570281028748],"EasingStyle":"Linear","EasingDirection":"In"},"HumanoidRootPart":{"Weight":0,"CFrame":[0,0,0,1,0,0,0,1,0,0,0,1],"EasingStyle":"Linear","EasingDirection":"In"},"Right Leg":{"Weight":1,"CFrame":[0.26253047585487368,0.059215247631073,0.11258184909820557,0.94314044713974,0.14008060097694398,-0.30143558979034426,-0.16612906754016877,0.9841242432594299,-0.06245538964867592,0.2879014015197754,0.10898135602474213,0.951438844203949],"EasingStyle":"Linear","EasingDirection":"In"}}},{"Time":0.2666666805744171,"poses":{"Left Leg":{"Weight":1,"CFrame":[-0.048012688755989078,-0.154943585395813,0.11231851577758789,0.7229275703430176,-0.4274924099445343,0.5427945852279663,0.5607707500457764,0.8219701051712036,-0.09950485080480576,-0.4036233723163605,0.3763181269168854,0.8339501619338989],"EasingStyle":"Linear","EasingDirection":"In"},"Right Arm":{"Weight":1,"CFrame":[-0.06332264840602875,-0.7106019258499146,0.7152688503265381,0.6665189266204834,-0.27290114760398867,-0.6937416195869446,0.28098705410957339,-0.7699885368347168,0.5728558897972107,-0.6905061602592468,-0.5767518281936646,-0.43653029203414919],"EasingStyle":"Linear","EasingDirection":"In"},"Left Arm":{"Weight":1,"CFrame":[0.05438980460166931,-0.6995954513549805,0.6300191879272461,0.7244893908500671,0.1152443215250969,0.6795835494995117,-0.34636202454566958,-0.7915438413619995,0.5034796595573425,0.5959433317184448,-0.600147545337677,-0.533548891544342],"EasingStyle":"Linear","EasingDirection":"In"},"Head":{"Weight":1,"CFrame":[8.568167686462403e-8,-7.275957614183426e-9,4.76837158203125e-7,0.9996914267539978,0.024836517870426179,0.0004031742864754051,-0.024835532531142236,0.9990881681442261,0.034728460013866428,0.00045972681255079806,-0.03472775220870972,0.9993966817855835],"EasingStyle":"Linear","EasingDirection":"In"},"Torso":{"Weight":1,"CFrame":[0.002429340500384569,-0.07106871902942658,-0.13926458358764649,0.9975091218948364,-0.07047221809625626,0.0030365879647433759,0.07046300172805786,0.9935507774353027,-0.08883590251207352,0.0032434582244604828,0.08882858604192734,0.9960416555404663],"EasingStyle":"Linear","EasingDirection":"In"},"HumanoidRootPart":{"Weight":0,"CFrame":[0,0,0,1,0,0,0,1,0,0,0,1],"EasingStyle":"Linear","EasingDirection":"In"},"Right Leg":{"Weight":1,"CFrame":[0.19794760644435883,0.007968425750732422,0.1343376636505127,0.9304543137550354,0.005468816962093115,-0.36636704206466677,-0.09043414145708084,0.9723829030990601,-0.21515856683254243,0.35507243871688845,0.2333272397518158,0.9052524566650391],"EasingStyle":"Linear","EasingDirection":"In"}}},{"Time":0.30000001192092898,"poses":{"Left Leg":{"Weight":1,"CFrame":[0.010895930230617524,-0.14528489112854005,0.057470083236694339,0.7842775583267212,-0.3583633601665497,0.5064428448677063,0.48344686627388,0.864608645439148,-0.13686135411262513,-0.388828843832016,0.3521754741668701,0.8513428568840027],"EasingStyle":"Linear","EasingDirection":"In"},"Right Arm":{"Weight":1,"CFrame":[-0.05949820578098297,-0.7336973547935486,0.7253317832946777,0.6346864700317383,-0.23812156915664674,-0.735167384147644,0.1783743053674698,-0.880507230758667,0.43919211626052859,-0.751901388168335,-0.4098843038082123,-0.5163712501525879],"EasingStyle":"Linear","EasingDirection":"In"},"Left Arm":{"Weight":1,"CFrame":[0.05039818584918976,-0.7246582508087158,0.6333780288696289,0.7195501923561096,0.11720006167888642,0.6844791769981384,-0.21742963790893556,-0.8980746865272522,0.3823431432247162,0.6595240235328674,-0.42394110560417178,-0.620727002620697],"EasingStyle":"Linear","EasingDirection":"In"},"Head":{"Weight":1,"CFrame":[7.82310962677002e-8,-3.67872416973114e-8,-2.384185791015625e-7,0.9978679418563843,0.06519422680139542,0.0030514479149132969,-0.06520762294530869,0.9939212203025818,0.08870530873537064,0.0027501715812832119,-0.08871515095233917,0.9960532188415527],"EasingStyle":"Linear","EasingDirection":"In"},"Torso":{"Weight":1,"CFrame":[0.02241569012403488,-0.11122596263885498,-0.20140814781188966,0.9930345416069031,-0.11444338411092758,0.02801952324807644,0.11724705249071121,0.9833225011825562,-0.1390324831008911,-0.011640879325568676,0.14134925603866578,0.9898913502693176],"EasingStyle":"Linear","EasingDirection":"In"},"HumanoidRootPart":{"Weight":0,"CFrame":[0,0,0,1,0,0,0,1,0,0,0,1],"EasingStyle":"Linear","EasingDirection":"In"},"Right Leg":{"Weight":1,"CFrame":[0.17409056425094605,-0.030691027641296388,0.15724146366119386,0.9123864769935608,-0.10040293633937836,-0.39682501554489138,-0.047998689115047458,0.9365198612213135,-0.34731343388557436,0.40650585293769839,0.3359311521053314,0.8496489524841309],"EasingStyle":"Linear","EasingDirection":"In"}}},{"Time":0.3333333432674408,"poses":{"Left Leg":{"Weight":1,"CFrame":[-0.055850833654403689,-0.16154241561889649,0.08160412311553955,0.7915526032447815,-0.3763928711414337,0.4814279079437256,0.5003898739814758,0.8514363765716553,-0.1570543348789215,-0.35079121589660647,0.36521849036216738,0.862299919128418],"EasingStyle":"Linear","EasingDirection":"In"},"Right Arm":{"Weight":1,"CFrame":[-0.05808916687965393,-0.7420511841773987,0.7289292812347412,0.6253980398178101,-0.22212569415569306,-0.7480223178863525,0.13459143042564393,-0.9135518074035645,0.38380762934684756,-0.7686107158660889,-0.340709924697876,-0.5414372682571411],"EasingStyle":"Linear","EasingDirection":"In"},"Left Arm":{"Weight":1,"CFrame":[0.04892754554748535,-0.7337020635604858,0.6344385147094727,0.7186384201049805,0.12601853907108308,0.6838699579238892,-0.15606482326984406,-0.9291269183158875,0.33521193265914919,0.6776448488235474,-0.34762412309646609,-0.6480392217636108],"EasingStyle":"Linear","EasingDirection":"In"},"Head":{"Weight":1,"CFrame":[1.0058283805847168e-7,-4.470348358154297e-8,2.384185791015625e-7,0.9953444600105286,0.09615278989076615,0.006634452845901251,-0.09618277102708817,0.9865203499794006,0.13238760828971864,0.006184418220072985,-0.13240940868854524,0.9911758303642273],"EasingStyle":"Linear","EasingDirection":"In"},"Torso":{"Weight":1,"CFrame":[0.03202419728040695,-0.13219067454338075,-0.2667210102081299,0.9895549416542053,-0.13848662376403809,0.04003016650676727,0.14324535429477693,0.9757956266403198,-0.16523835062980653,-0.016177959740161897,0.16924656927585603,0.9854409694671631],"EasingStyle":"Linear","EasingDirection":"In"},"HumanoidRootPart":{"Weight":0,"CFrame":[0,0,0,1,0,0,0,1,0,0,0,1],"EasingStyle":"Linear","EasingDirection":"In"},"Right Leg":{"Weight":1,"CFrame":[0.2018415629863739,-0.0236588716506958,0.1979084014892578,0.9070144891738892,-0.12646324932575227,-0.401661217212677,-0.054830241948366168,0.9102519154548645,-0.41040846705436709,0.41751453280448916,0.3942696154117584,0.8186777234077454],"EasingStyle":"Linear","EasingDirection":"In"}}},{"Time":0.36666667461395266,"poses":{"Left Leg":{"Weight":1,"CFrame":[-0.14824946224689485,-0.1802734136581421,0.12056446075439453,0.7770152688026428,-0.42236340045928957,0.4667508900165558,0.5472783446311951,0.8196306824684143,-0.16938714683055879,-0.31102046370506289,0.3870590627193451,0.8680158853530884],"EasingStyle":"Linear","EasingDirection":"In"},"Right Arm":{"Weight":1,"CFrame":[-0.06268861889839173,-0.7087236046791077,0.6940062046051025,0.6457603573799133,-0.24853669106960298,-0.721957802772522,0.1783023625612259,-0.8703119158744812,0.45909208059310915,-0.7424296736717224,-0.4251902103424072,-0.5176981687545776],"EasingStyle":"Linear","EasingDirection":"In"},"Left Arm":{"Weight":1,"CFrame":[0.059119850397109988,-0.6954510807991028,0.6107994318008423,0.7345656156539917,0.16736245155334474,0.6575736403465271,-0.17919713258743287,-0.8868494629859924,0.42589497566223147,0.6544476747512817,-0.4306829571723938,-0.6214582324028015],"EasingStyle":"Linear","EasingDirection":"In"},"Head":{"Weight":1,"CFrame":[7.078051567077637e-8,2.3283064365386964e-8,2.384185791015625e-7,0.9932960867881775,0.11554928123950958,0.003358719637617469,-0.1145787164568901,0.9802712202072144,0.16105905175209046,0.01531780045479536,-0.16036415100097657,0.9869390726089478],"EasingStyle":"Linear","EasingDirection":"In"},"Torso":{"Weight":1,"CFrame":[0.03135322779417038,-0.13909295201301576,-0.31327199935913088,0.988239049911499,-0.1478094458580017,0.03919145464897156,0.15241090953350068,0.9729036092758179,-0.17386625707149507,-0.012430432252585888,0.17779463529586793,0.9839891195297241],"EasingStyle":"Linear","EasingDirection":"In"},"HumanoidRootPart":{"Weight":0,"CFrame":[0,0,0,1,0,0,0,1,0,0,0,1],"EasingStyle":"Linear","EasingDirection":"In"},"Right Leg":{"Weight":1,"CFrame":[0.2446550726890564,0.01321190595626831,0.23791825771331788,0.9117149710655212,-0.10501464456319809,-0.3971746563911438,-0.07809866219758988,0.9048435091972351,-0.4185198247432709,0.40333160758018496,0.41258952021598818,0.8167579174041748],"EasingStyle":"Linear","EasingDirection":"In"}}},{"Time":0.4000000059604645,"poses":{"Left Leg":{"Weight":1,"CFrame":[-0.201549232006073,-0.19121110439300538,0.1346912384033203,0.7753550410270691,-0.4447265863418579,0.44837817549705508,0.5670779943466187,0.8027582764625549,-0.18439538776874543,-0.2779337763786316,0.39723727107048037,0.8746172785758972],"EasingStyle":"Linear","EasingDirection":"In"},"Right Arm":{"Weight":1,"CFrame":[-0.07455027103424072,-0.6227731704711914,0.6039410829544067,0.7048468589782715,-0.30476123094558718,-0.6405555605888367,0.28177574276924136,-0.7084182500839233,0.6471058130264282,-0.650994062423706,-0.636603593826294,-0.41345205903053286],"EasingStyle":"Linear","EasingDirection":"In"},"Left Arm":{"Weight":1,"CFrame":[0.0857858955860138,-0.5968029499053955,0.5498349666595459,0.7841513752937317,0.24536198377609254,0.5700036287307739,-0.24880577623844148,-0.7171563506126404,0.6509857773780823,0.5685088634490967,-0.6522915959358215,-0.5013116598129273],"EasingStyle":"Linear","EasingDirection":"In"},"Head":{"Weight":1,"CFrame":[7.078051567077637e-8,-1.0244548320770264e-8,0,0.991633415222168,0.12858355045318604,-0.011374845169484616,-0.12448321282863617,0.975877583026886,0.17935124039649964,0.03416207432746887,-0.1764346808195114,0.9837193489074707],"EasingStyle":"Linear","EasingDirection":"In"},"Torso":{"Weight":1,"CFrame":[0.027985967695713044,-0.14485955238342286,-0.34232568740844729,0.9871976971626282,-0.15561789274215699,0.03498237580060959,0.1593969613313675,0.9704661965370178,-0.18107450008392335,-0.0057707796804606918,0.18433241546154023,0.9828470349311829],"EasingStyle":"Linear","EasingDirection":"In"},"HumanoidRootPart":{"Weight":0,"CFrame":[0,0,0,1,0,0,0,1,0,0,0,1],"EasingStyle":"Linear","EasingDirection":"In"},"Right Leg":{"Weight":1,"CFrame":[0.2741199731826782,0.045516133308410647,0.2596471309661865,0.9178489446640015,-0.09319210052490235,-0.38583481311798098,-0.08384130895137787,0.904598593711853,-0.41793790459632876,0.38797420263290408,0.4159527122974396,0.8224714994430542],"EasingStyle":"Linear","EasingDirection":"In"}}},{"Time":0.4333333373069763,"poses":{"Left Leg":{"Weight":1,"CFrame":[-0.23495043814182282,-0.1985718011856079,0.13555312156677247,0.7817090153694153,-0.45476579666137698,0.4267542362213135,0.5720283389091492,0.7954340577125549,-0.2001703679561615,-0.24842414259910584,0.4005904495716095,0.8819368481636047],"EasingStyle":"Linear","EasingDirection":"In"},"Right Arm":{"Weight":1,"CFrame":[-0.09076927602291107,-0.5052491426467896,0.48079121112823489,0.7955633401870728,-0.3377339541912079,-0.5030057430267334,0.3776555061340332,-0.3727692663669586,0.8475962281227112,-0.47376716136932375,-0.8642793893814087,-0.16901440918445588],"EasingStyle":"Linear","EasingDirection":"In"},"Left Arm":{"Weight":1,"CFrame":[0.12305936217308045,-0.46191635727882388,0.4664757251739502,0.8659197688102722,0.29694241285324099,0.4025023579597473,-0.2980082035064697,-0.3400091528892517,0.8919557332992554,0.40171387791633608,-0.8923110365867615,-0.20592926442623139],"EasingStyle":"Linear","EasingDirection":"In"},"Head":{"Weight":1,"CFrame":[8.638016879558563e-8,-1.3969838619232178e-8,-5.960464477539063e-8,0.989963173866272,0.13694815337657929,-0.03490232303738594,-0.12796276807785035,0.9734195470809937,0.18994715809822083,0.059987522661685947,-0.18357448279857636,0.9811737537384033],"EasingStyle":"Linear","EasingDirection":"In"},"Torso":{"Weight":1,"CFrame":[0.02359890192747116,-0.14952093362808228,-0.3580598831176758,0.9863600134849548,-0.1619376838207245,0.029498539865016938,0.16459372639656068,0.9684920310974121,-0.18690121173858643,0.0016972434241324664,0.18920715153217317,0.9819357395172119],"EasingStyle":"Linear","EasingDirection":"In"},"HumanoidRootPart":{"Weight":0,"CFrame":[0,0,0,1,0,0,0,1,0,0,0,1],"EasingStyle":"Linear","EasingDirection":"In"},"Right Leg":{"Weight":1,"CFrame":[0.29769831895828249,0.07376700639724732,0.26786959171295168,0.9254677891731262,-0.08641321957111359,-0.3688388168811798,-0.07904238253831864,0.9081588983535767,-0.41109582781791689,0.37048840522766116,0.40960973501205447,0.833641529083252],"EasingStyle":"Linear","EasingDirection":"In"}}},{"Time":0.46666666865348818,"poses":{"Left Leg":{"Weight":1,"CFrame":[-0.2579374313354492,-0.20309054851531983,0.12938761711120606,0.7926448583602905,-0.45814070105552676,0.40227022767066958,0.5681748390197754,0.7943636178970337,-0.2148570716381073,-0.2211141586303711,0.398865282535553,0.8899523019790649],"EasingStyle":"Linear","EasingDirection":"In"},"Right Arm":{"Weight":1,"CFrame":[-0.1084405779838562,-0.3772004544734955,0.3466125726699829,0.8885182738304138,-0.29968416690826418,-0.34745457768440249,0.3880438208580017,0.08667410910129547,0.9175562858581543,-0.24486182630062104,-0.950093150138855,0.1933021992444992],"EasingStyle":"Linear","EasingDirection":"In"},"Left Arm":{"Weight":1,"CFrame":[0.16507397592067719,-0.3149510622024536,0.3756512403488159,0.947724461555481,0.24735090136528016,0.201583594083786,-0.24806877970695496,0.17378659546375276,0.9530267715454102,0.20069946348667146,-0.9532133936882019,0.22606196999549867],"EasingStyle":"Linear","EasingDirection":"In"},"Head":{"Weight":1,"CFrame":[8.568167686462403e-8,-8.42846930027008e-8,-4.172325134277344e-7,0.9877617955207825,0.14209438860416413,-0.06431014090776444,-0.1271771937608719,0.9724607467651367,0.19531022012233735,0.0902915745973587,-0.18474118411540986,0.9786307215690613],"EasingStyle":"Linear","EasingDirection":"In"},"Torso":{"Weight":1,"CFrame":[0.01987583190202713,-0.1530817747116089,-0.36462831497192385,0.985683798789978,-0.16676397621631623,0.024844704195857049,0.1684199571609497,0.9669638276100159,-0.1913522630929947,0.00788673385977745,0.19279716908931733,0.9812069535255432],"EasingStyle":"Linear","EasingDirection":"In"},"HumanoidRootPart":{"Weight":0,"CFrame":[0,0,0,1,0,0,0,1,0,0,0,1],"EasingStyle":"Linear","EasingDirection":"In"},"Right Leg":{"Weight":1,"CFrame":[0.3187595307826996,0.09736531972885132,0.266147255897522,0.9342183470726013,-0.08247934281826019,-0.34703484177589419,-0.06819554418325424,0.9136548638343811,-0.40072956681251528,0.35012200474739077,0.39803507924079897,0.8479284048080444],"EasingStyle":"Linear","EasingDirection":"In"}}},{"Time":0.5,"poses":{"Left Leg":{"Weight":1,"CFrame":[-0.2778027653694153,-0.20470380783081056,0.12068784236907959,0.8051252365112305,-0.45927929878234866,0.37528106570243838,0.5601618885993958,0.7967722415924072,-0.22665530443191529,-0.1949155181646347,0.3927040696144104,0.8987722396850586],"EasingStyle":"Linear","EasingDirection":"In"},"Right Arm":{"Weight":1,"CFrame":[-0.1246597021818161,-0.25967538356781008,0.22346270084381104,0.9496257901191711,-0.208621084690094,-0.23385468125343324,0.3091020882129669,0.5005611181259155,0.8086373805999756,-0.051640357822179797,-0.8401879668235779,0.5398310422897339],"EasingStyle":"Linear","EasingDirection":"In"},"Left Arm":{"Weight":1,"CFrame":[0.20596358180046082,-0.18006432056427003,0.2922919988632202,0.9906626343727112,0.12181596457958222,0.06122429668903351,-0.12109488248825073,0.5798808932304382,0.8056513071060181,0.0626382976770401,-0.8055426478385925,0.5892177820205689],"EasingStyle":"Linear","EasingDirection":"In"},"Head":{"Weight":1,"CFrame":[8.195638656616211e-8,2.9336661100387574e-8,1.1920928955078126e-7,0.9846444725990295,0.14547082781791688,-0.09650630503892899,-0.12425441294908524,0.9723174571990967,0.19788777828216554,0.12262165546417237,-0.18285776674747468,0.9754624366760254],"EasingStyle":"Linear","EasingDirection":"In"},"Torso":{"Weight":1,"CFrame":[0.018507417291402818,-0.15553516149520875,-0.36615800857543948,0.9851589798927307,-0.17007821798324586,0.02313418500125408,0.17130914330482484,0.965843915939331,-0.1944189816713333,0.010722423903644085,0.19549670815467835,0.9806457161903381],"EasingStyle":"Linear","EasingDirection":"In"},"HumanoidRootPart":{"Weight":0,"CFrame":[0,0,0,1,0,0,0,1,0,0,0,1],"EasingStyle":"Linear","EasingDirection":"In"},"Right Leg":{"Weight":1,"CFrame":[0.3388596773147583,0.11543762683868408,0.25766515731811526,0.9436067342758179,-0.08019430935382843,-0.3212089538574219,-0.05462208390235901,0.9192121624946594,-0.3899557292461395,0.32653144001960757,0.3855099081993103,0.862994372844696],"EasingStyle":"Linear","EasingDirection":"In"}}},{"Time":0.5333333611488342,"poses":{"Left Leg":{"Weight":1,"CFrame":[-0.2893003225326538,-0.19761955738067628,0.11050176620483399,0.8206987977027893,-0.4538344442844391,0.3471134901046753,0.5432451367378235,0.8080352544784546,-0.2279556393623352,-0.17702585458755494,0.3756505846977234,0.9096968770027161],"EasingStyle":"Linear","EasingDirection":"In"},"Right Arm":{"Weight":1,"CFrame":[-0.1365213543176651,-0.1737246811389923,0.13339769840240479,0.975255012512207,-0.12852205336093903,-0.17988820374011994,0.21292069554328919,0.7650644779205322,0.6077343821525574,0.059518735855817798,-0.6309979557991028,0.773497998714447],"EasingStyle":"Linear","EasingDirection":"In"},"Left Arm":{"Weight":1,"CFrame":[0.2398618906736374,-0.08141565322875977,0.23132765293121339,0.9999059438705444,0.013678434304893017,-0.0009744195849634707,-0.010055162012577057,0.7796465158462524,0.6261390447616577,0.009324304759502411,-0.6260704398155212,0.7797107696533203],"EasingStyle":"Linear","EasingDirection":"In"},"Head":{"Weight":1,"CFrame":[8.66129994392395e-8,2.514570951461792e-8,1.1920928955078126e-7,0.9805858731269836,0.14805984497070313,-0.12856775522232057,-0.12086646258831024,0.9726642370223999,0.1982814520597458,0.15441077947616578,-0.17889246344566346,0.9716762900352478],"EasingStyle":"Linear","EasingDirection":"In"},"Torso":{"Weight":1,"CFrame":[0.025115162134170533,-0.15651986002922059,-0.35561227798461916,0.9847082495689392,-0.17135950922966004,0.0313938707113266,0.17418161034584046,0.9650812745094299,-0.1956498622894287,0.0032288231886923315,0.19812627136707307,0.9801712036132813],"EasingStyle":"Linear","EasingDirection":"In"},"HumanoidRootPart":{"Weight":0,"CFrame":[0,0,0,1,0,0,0,1,0,0,0,1],"EasingStyle":"Linear","EasingDirection":"In"},"Right Leg":{"Weight":1,"CFrame":[0.349639356136322,0.11335569620132446,0.2379922866821289,0.9522846341133118,-0.08562246710062027,-0.2929551303386688,-0.03536878898739815,0.9224191904067993,-0.3845670819282532,0.3031550943851471,0.37657880783081057,0.8753772974014282],"EasingStyle":"Linear","EasingDirection":"In"}}},{"Time":0.5666666626930237,"poses":{"Left Leg":{"Weight":1,"CFrame":[-0.2842428386211395,-0.18076598644256593,0.09756529331207276,0.8414367437362671,-0.4363841116428375,0.3186739683151245,0.5128632187843323,0.8306772112846375,-0.21667179465293885,-0.1701631098985672,0.3457518219947815,0.922767698764801],"EasingStyle":"Linear","EasingDirection":"In"},"Right Arm":{"Weight":1,"CFrame":[-0.14112074673175813,-0.14039704203605653,0.09847450256347656,0.9807382225990295,-0.10723889619112015,-0.16325539350509644,0.16594155132770539,0.8983265161514282,0.40678367018699648,0.10303356498479843,-0.42603904008865359,0.8988184928894043],"EasingStyle":"Linear","EasingDirection":"In"},"Left Arm":{"Weight":1,"CFrame":[0.2609025835990906,-0.04316431283950806,0.20768845081329347,0.9993979334831238,-0.025295987725257875,-0.02374674752354622,0.03419337421655655,0.8341447710990906,0.5504845976829529,0.005883126985281706,-0.5509651899337769,0.8345075249671936],"EasingStyle":"Linear","EasingDirection":"In"},"Head":{"Weight":1,"CFrame":[1.0803341865539551e-7,2.514570951461792e-8,-5.960464477539063e-8,0.9761595129966736,0.14878080785274507,-0.15804073214530946,-0.11662698537111283,0.9736040830612183,0.1961967945098877,0.1830594390630722,-0.17308756709098817,0.967744767665863],"EasingStyle":"Linear","EasingDirection":"In"},"Torso":{"Weight":1,"CFrame":[0.0403224378824234,-0.15609228610992433,-0.3284754753112793,0.9840350151062012,-0.17068880796432496,0.05040296912193298,0.1773148626089096,0.9646188020706177,-0.19511540234088899,-0.015315628610551358,0.20093758404254914,0.9794843196868897],"EasingStyle":"Linear","EasingDirection":"In"},"HumanoidRootPart":{"Weight":0,"CFrame":[0,0,0,1,0,0,0,1,0,0,0,1],"EasingStyle":"Linear","EasingDirection":"In"},"Right Leg":{"Weight":1,"CFrame":[0.34230858087539675,0.08512651920318604,0.2052379846572876,0.9587683081626892,-0.10413327068090439,-0.2644231915473938,-0.006190453190356493,0.9225752353668213,-0.3857676088809967,0.284121572971344,0.37149864435195925,0.883891224861145],"EasingStyle":"Linear","EasingDirection":"In"}}},{"Time":0.6000000238418579,"poses":{"Left Leg":{"Weight":1,"CFrame":[-0.2645030915737152,-0.1606299877166748,0.0817110538482666,0.8652412295341492,-0.4092378318309784,0.2896239459514618,0.4727942943572998,0.8582255840301514,-0.19978563487529756,-0.16680288314819337,0.30979540944099429,0.9360575079917908],"EasingStyle":"Linear","EasingDirection":"In"},"Right Arm":{"Weight":1,"CFrame":[-0.12473662197589874,-0.1404758095741272,0.1016852855682373,0.9749966859817505,-0.17611511051654817,-0.13551728427410127,0.2041599154472351,0.9507289528846741,0.23330917954444886,0.08775089681148529,-0.25514301657676699,0.9629132151603699],"EasingStyle":"Linear","EasingDirection":"In"},"Left Arm":{"Weight":1,"CFrame":[0.27220475673675539,-0.06492066383361817,0.2133387327194214,0.9986679553985596,-0.00868047121912241,-0.050862040370702746,0.035908203572034839,0.824798583984375,0.564285159111023,0.03705265745520592,-0.5653600096702576,0.8240117430686951],"EasingStyle":"Linear","EasingDirection":"In"},"Head":{"Weight":1,"CFrame":[1.1175870895385742e-7,-2.2351741790771486e-8,2.384185791015625e-7,0.9722768068313599,0.1461976021528244,-0.18249395489692689,-0.11042433977127075,0.9750091433525086,0.1927787959575653,0.20611707866191865,-0.1672825813293457,0.9641225337982178],"EasingStyle":"Linear","EasingDirection":"In"},"Torso":{"Weight":1,"CFrame":[0.058324962854385379,-0.1549018919467926,-0.29256248474121096,0.9829186201095581,-0.16898415982723237,0.07290612161159516,0.18016086518764497,0.96439129114151,-0.19362738728523255,-0.03759007528424263,0.20345479249954225,0.978362500667572],"EasingStyle":"Linear","EasingDirection":"In"},"HumanoidRootPart":{"Weight":0,"CFrame":[0,0,0,1,0,0,0,1,0,0,0,1],"EasingStyle":"Linear","EasingDirection":"In"},"Right Leg":{"Weight":1,"CFrame":[0.3162977993488312,0.04268676042556763,0.16517722606658936,0.9620358347892761,-0.13410183787345887,-0.23770517110824586,0.03199668601155281,0.920371949672699,-0.3897329866886139,0.2710411548614502,0.36733120679855349,0.8897215723991394],"EasingStyle":"Linear","EasingDirection":"In"}}},{"Time":0.6333333253860474,"poses":{"Left Leg":{"Weight":1,"CFrame":[-0.23156259953975678,-0.14293670654296876,0.06301224231719971,0.8901676535606384,-0.37449705600738528,0.25952547788619997,0.42643511295318606,0.8853880167007446,-0.18504369258880616,-0.16048254072666169,0.2753906846046448,0.9478424787521362],"EasingStyle":"Linear","EasingDirection":"In"},"Right Arm":{"Weight":1,"CFrame":[-0.0808270126581192,-0.14102989435195924,0.11028969287872315,0.9432140588760376,-0.3274426758289337,-0.05593273416161537,0.33137550950050356,0.9392316341400147,0.08963396400213242,0.023183809593319894,-0.10307884216308594,0.9944030046463013],"EasingStyle":"Linear","EasingDirection":"In"},"Left Arm":{"Weight":1,"CFrame":[0.2810068726539612,-0.12322843074798584,0.22848153114318849,0.9943205714225769,