{"Sequence":[{"Time":0,"poses":{"Left Leg":{"Weight":1,"CFrame":[-0.3397015929222107,0.0670541524887085,-0.0040953755378723148,0.9976256489753723,-0.06887020170688629,-2.696603189633606e-7,0.0688701868057251,0.9976256489753723,-6.07919545814184e-8,1.893063483748847e-7,6.612467462474569e-9,1],"EasingStyle":"Linear","EasingDirection":"In"},"Right Arm":{"Weight":1,"CFrame":[0.46336743235588076,-0.5220985412597656,0.00643312931060791,-0.5946798920631409,-0.7987235188484192,0.09163261950016022,0.558466374874115,-0.32840850949287417,0.7617500424385071,-0.5783348083496094,0.5041711926460266,0.6413581967353821],"EasingStyle":"Linear","EasingDirection":"In"},"Left Arm":{"Weight":1,"CFrame":[-0.6039319634437561,-0.5078892111778259,0.192543625831604,-0.5623526573181152,0.8268932700157166,0.0026734767016023399,-0.547968864440918,-0.37507981061935427,0.7476935386657715,0.6192654371261597,0.4190022051334381,0.6640387177467346],"EasingStyle":"Linear","EasingDirection":"In"},"Head":{"Weight":1,"CFrame":[8.565768894186476e-8,7.450580596923828e-9,0.016662001609802247,0.9999547004699707,-0.009493788704276085,-0.0007595799397677183,0.009434685111045838,0.9983129501342773,-0.057291798293590549,0.0013022194616496564,0.05728204920887947,0.9983572363853455],"EasingStyle":"Linear","EasingDirection":"In"},"Torso":{"Weight":1,"CFrame":[-0.04415835440158844,-0.0526258647441864,-0.06853079795837403,0.7660443186759949,0.6402304768562317,-0.05728089064359665,-0.6427878141403198,0.7629966139793396,-0.06826456636190415,6.632400584294374e-8,0.08911313861608505,0.9960215091705322],"EasingStyle":"Linear","EasingDirection":"In"},"HumanoidRootPart":{"Weight":1,"CFrame":[0,0,0,1,0,0,0,1,0,0,0,1],"EasingStyle":"Linear","EasingDirection":"In"},"Right Leg":{"Weight":1,"CFrame":[0.8282721638679504,0.2896972894668579,-0.004095613956451416,0.939865231513977,0.3415454924106598,6.51788582217705e-7,-0.34154555201530459,0.9398652911186218,-1.632707267162914e-7,-6.27045153578365e-7,-1.799308648742226e-7,1],"EasingStyle":"Linear","EasingDirection":"In"}}},{"Time":0.03448275849223137,"poses":{"Left Leg":{"Weight":1,"CFrame":[-0.14072634279727937,0.017146646976470948,-0.00409543514251709,0.99998939037323,0.004618610721081495,-1.803176701287157e-7,-0.0046186307445168499,0.9999893307685852,-8.640814286309251e-8,2.1246461301416276e-7,1.0047339316088255e-7,1],"EasingStyle":"Linear","EasingDirection":"In"},"Right Arm":{"Weight":1,"CFrame":[0.46495863795280459,-0.5229719877243042,0.006805539131164551,-0.6058891415596008,-0.7947558760643005,0.03551799803972244,0.48677006363868716,-0.33504045009613039,0.8067235350608826,-0.6292482614517212,0.5060741901397705,0.5898607969284058],"EasingStyle":"Linear","EasingDirection":"In"},"Left Arm":{"Weight":1,"CFrame":[-0.6043598651885986,-0.5071390867233276,0.19307708740234376,-0.5825613737106323,0.8118053078651428,0.03992954269051552,-0.49981555342674258,-0.3965482711791992,0.7700222134590149,0.6409420371055603,0.4286276698112488,0.6367664933204651],"EasingStyle":"Linear","EasingDirection":"In"},"Head":{"Weight":1,"CFrame":[8.192881750801462e-8,1.1175870895385743e-8,0.0166628360748291,0.9999547004699707,-0.009493788704276085,-0.0007595761562697589,0.009392950683832169,0.9962310791015625,-0.08622916787862778,0.0015753614716231824,0.08621814101934433,0.996275007724762],"EasingStyle":"Linear","EasingDirection":"In"},"Torso":{"Weight":1,"CFrame":[-0.031198136508464814,-0.03718049079179764,-0.015209197998046875,0.7660443186759949,0.6416227221488953,-0.038684260100126269,-0.6427878141403198,0.7646558284759522,-0.046101972460746768,7.254560330238746e-8,0.06018191948533058,0.9981874227523804],"EasingStyle":"Linear","EasingDirection":"In"},"HumanoidRootPart":{"Weight":1,"CFrame":[0,0,0,1,0,0,0,1,0,0,0,1],"EasingStyle":"Linear","EasingDirection":"In"},"Right Leg":{"Weight":1,"CFrame":[0.8974871635437012,0.30829888582229617,-0.004095554351806641,0.9130187034606934,0.40791767835617068,0.0000010830287919816329,-0.4079177677631378,0.9130187034606934,-3.2292795992816539e-8,-9.505225762040936e-7,-4.9484310693515e-7,1],"EasingStyle":"Linear","EasingDirection":"In"}}},{"Time":0.06896551698446274,"poses":{"Left Leg":{"Weight":1,"CFrame":[0.028008297085762025,-0.0029511451721191408,-0.00409543514251709,0.9945643544197083,0.10412339866161347,-2.7912218314440908e-8,-0.10412345081567764,0.9945644736289978,-4.0256843192310046e-8,5.755980936328342e-8,5.584509565892404e-8,1],"EasingStyle":"Linear","EasingDirection":"In"},"Right Arm":{"Weight":1,"CFrame":[0.4663708209991455,-0.5258477330207825,0.007327556610107422,-0.6057111024856567,-0.7955107688903809,-0.016634784638881685,0.4107443392276764,-0.33051440119743349,0.8497349619865418,-0.6814712882041931,0.5078611969947815,0.5269476175308228],"EasingStyle":"Linear","EasingDirection":"In"},"Left Arm":{"Weight":1,"CFrame":[-0.6031128764152527,-0.5063393712043762,0.19364309310913087,-0.6004749536514282,0.7958320379257202,0.0779823511838913,-0.4500636160373688,-0.4169633686542511,0.7896737456321716,0.6609634757041931,0.4390821158885956,0.6085508465766907],"EasingStyle":"Linear","EasingDirection":"In"},"Head":{"Weight":1,"CFrame":[7.522729106312909e-8,2.2351741790771486e-8,0.016662120819091798,0.9999547004699707,-0.009493940509855748,-0.0007595650968141854,0.009408651851117611,0.9970583319664002,-0.07606737315654755,0.001479509985074401,0.07605678588151932,0.9971024394035339],"EasingStyle":"Linear","EasingDirection":"In"},"Torso":{"Weight":1,"CFrame":[-0.037199199199676517,-0.04433228075504303,-0.002038240432739258,0.7660442590713501,0.6411950588226318,-0.045223772525787356,-0.6427878737449646,0.7641459703445435,-0.053895458579063418,6.961909093661234e-8,0.07035559415817261,0.9975219964981079],"EasingStyle":"Linear","EasingDirection":"In"},"HumanoidRootPart":{"Weight":1,"CFrame":[0,0,0,1,0,0,0,1,0,0,0,1],"EasingStyle":"Linear","EasingDirection":"In"},"Right Leg":{"Weight":1,"CFrame":[0.9812536239624023,0.4196118116378784,-0.004095911979675293,0.8932442665100098,0.4495716989040375,7.927108072180999e-7,-0.449571818113327,0.893244206905365,-1.3388093123012369e-7,-7.740218848084623e-7,-2.89586324697666e-7,1],"EasingStyle":"Linear","EasingDirection":"In"}}},{"Time":0.1034482792019844,"poses":{"Left Leg":{"Weight":1,"CFrame":[-0.5000808238983154,0.1919541358947754,-0.004095256328582764,0.9992570877075195,-0.03853954002261162,-1.9272685847226968e-7,0.0385395810008049,0.9992571473121643,-6.71375843808164e-8,1.5612683057497635e-7,9.598532813015481e-8,1],"EasingStyle":"Linear","EasingDirection":"In"},"Right Arm":{"Weight":1,"CFrame":[0.3369271755218506,-0.5468007326126099,-0.0011011362075805665,-0.36473268270492556,-0.9298242926597595,0.04895702004432678,0.8287966251373291,-0.3002425730228424,0.47217661142349245,-0.42434224486351015,0.21279357373714448,0.8801435232162476],"EasingStyle":"Linear","EasingDirection":"In"},"Left Arm":{"Weight":1,"CFrame":[-0.3549308180809021,-0.5238932371139526,0.08467555046081543,-0.35243135690689089,0.9355565905570984,-0.02293689362704754,-0.8405894041061401,-0.30569347739219668,0.44717028737068179,0.4113413989543915,0.17687706649303437,0.8941547274589539],"EasingStyle":"Linear","EasingDirection":"In"},"Head":{"Weight":1,"CFrame":[8.422134101238044e-8,-2.9802322387695315e-8,0.016662120819091798,0.9999547004699707,-0.00949384830892086,-0.0007595136412419379,0.0093355942517519,0.9928215742111206,-0.11923997104167938,0.0018860637210309506,0.11922748386859894,0.9928651452064514],"EasingStyle":"Linear","EasingDirection":"In"},"Torso":{"Weight":1,"CFrame":[-0.10038086771965027,-0.11962920427322388,-0.1695115566253662,0.7660442590713501,0.6294149160385132,-0.13043434917926789,-0.6427878737449646,0.7501069903373718,-0.15544545650482179,3.8413482172927618e-8,0.20291970670223237,0.9791953563690186],"EasingStyle":"Linear","EasingDirection":"In"},"HumanoidRootPart":{"Weight":1,"CFrame":[0,0,0,1,0,0,0,1,0,0,0,1],"EasingStyle":"Linear","EasingDirection":"In"},"Right Leg":{"Weight":1,"CFrame":[0.9839760661125183,0.8563980460166931,-0.004095673561096191,0.9750036597251892,0.22218850255012513,7.800863386364654e-7,-0.22218860685825349,0.975003719329834,2.468440740699407e-8,-6.72956218750187e-7,-2.0587101801083919e-7,1],"EasingStyle":"Linear","EasingDirection":"In"}}},{"Time":0.13793103396892548,"poses":{"Left Leg":{"Weight":1,"CFrame":[-0.6127870678901672,0.35189294815063479,-0.004096031188964844,0.9998278021812439,-0.01855701394379139,-3.2516138048777068e-7,0.018557101488113405,0.9998278617858887,-4.336826009421202e-8,3.0723242616659265e-7,1.3411809440810885e-8,1],"EasingStyle":"Linear","EasingDirection":"In"},"Right Arm":{"Weight":1,"CFrame":[0.21068556606769563,-0.5594100952148438,-0.006788969039916992,-0.11291950941085816,-0.993026852607727,-0.033866580575704578,0.9931938648223877,-0.1118277832865715,-0.03256746381521225,0.028553124517202379,-0.03731362521648407,0.9988955855369568],"EasingStyle":"Linear","EasingDirection":"In"},"Left Arm":{"Weight":1,"CFrame":[-0.11178654432296753,-0.5363075137138367,-0.020862698554992677,-0.05650879442691803,0.9983170628547669,0.013028609566390515,-0.9983916878700256,-0.056563057005405429,0.003831123933196068,0.004561590030789375,-0.01279141940176487,0.9999078512191773],"EasingStyle":"Linear","EasingDirection":"In"},"Head":{"Weight":1,"CFrame":[1.991197962070146e-8,1.6391277313232423e-7,0.01666247844696045,0.9999547004699707,-0.009493694640696049,-0.0007595903589390218,0.009147651493549347,0.9795708656311035,-0.20089128613471986,0.002651151968166232,0.20087531208992005,0.9796132445335388],"EasingStyle":"Linear","EasingDirection":"In"},"Torso":{"Weight":1,"CFrame":[-0.143593430519104,-0.17112797498703004,-0.3034482002258301,0.7660443782806397,0.614286482334137,-0.1892836093902588,-0.642787754535675,0.7320778369903565,-0.22557927668094636,3.8540928670727229e-8,0.29447293281555178,0.955659806728363],"EasingStyle":"Linear","EasingDirection":"In"},"HumanoidRootPart":{"Weight":1,"CFrame":[0,0,0,1,0,0,0,1,0,0,0,1],"EasingStyle":"Linear","EasingDirection":"In"},"Right Leg":{"Weight":1,"CFrame":[0.8843029737472534,1.1646047830581666,-0.004095554351806641,0.9999371767044067,-0.011212659068405629,8.588550031163322e-7,0.011212676763534546,0.9999372363090515,1.2215167544127326e-7,-7.960804850881686e-7,-7.326757867076594e-8,1],"EasingStyle":"Linear","EasingDirection":"In"}}},{"Time":0.17241379618644715,"poses":{"Left Leg":{"Weight":1,"CFrame":[-0.6163873672485352,0.340742826461792,-0.004095494747161865,0.9994592070579529,-0.03288119286298752,-1.618475096165639e-7,0.032881129533052447,0.9994593262672424,-1.6052941020916479e-7,4.375812778789623e-8,1.6167678040801548e-7,1],"EasingStyle":"Linear","EasingDirection":"In"},"Right Arm":{"Weight":1,"CFrame":[0.21070076525211335,-0.5594537854194641,-0.006836831569671631,-0.11378328502178192,-0.9928691983222961,-0.03555482625961304,0.9931636452674866,-0.11273226141929627,-0.030291615054011346,0.02606741338968277,-0.038758475333452228,0.9989085793495178],"EasingStyle":"Linear","EasingDirection":"In"},"Left Arm":{"Weight":1,"CFrame":[-0.1117929220199585,-0.5362117886543274,-0.020924866199493409,-0.052996676415205,0.9984809160232544,0.015075260773301125,-0.9985642433166504,-0.0531071275472641,0.007019517011940479,0.007809403818100691,-0.014681835658848286,0.9998617172241211],"EasingStyle":"Linear","EasingDirection":"In"},"Head":{"Weight":1,"CFrame":[1.0482261814104277e-7,-5.960464477539063e-8,0.016661643981933595,0.9999546408653259,-0.00949377752840519,-0.0007595028728246689,0.009109429083764553,0.9766463041305542,-0.21466070413589478,0.0027796863578259947,0.21464405953884126,0.9766884446144104],"EasingStyle":"Linear","EasingDirection":"In"},"Torso":{"Weight":1,"CFrame":[-0.13646546006202699,-0.16263318061828614,-0.29752540588378909,0.7660443782806397,0.616890013217926,-0.1806180328130722,-0.642787754535675,0.7351805567741394,-0.21525202691555024,4.1288181762411116e-8,0.28099164366722109,0.9597102403640747],"EasingStyle":"Linear","EasingDirection":"In"},"HumanoidRootPart":{"Weight":1,"CFrame":[0,0,0,1,0,0,0,1,0,0,0,1],"EasingStyle":"Linear","EasingDirection":"In"},"Right Leg":{"Weight":1,"CFrame":[0.9037526845932007,1.149490475654602,-0.004095852375030518,0.9999852180480957,0.005438302643597126,0.0000011245352879996063,-0.005438314285129309,0.9999852776527405,1.8121623668321264e-7,-0.0000010301228030584753,-1.769037965004827e-7,1],"EasingStyle":"Linear","EasingDirection":"In"}}},{"Time":0.2068965584039688,"poses":{"Left Leg":{"Weight":1,"CFrame":[-0.6224173307418823,0.31987226009368899,-0.004095554351806641,0.9982349276542664,-0.05938884615898132,-3.361394647072302e-7,0.05938884615898132,0.9982349872589111,2.8185688449866576e-8,1.9273927875929076e-7,-2.2433606083893666e-9,1],"EasingStyle":"Linear","EasingDirection":"In"},"Right Arm":{"Weight":1,"CFrame":[0.21073204278945924,-0.5595436692237854,-0.006936609745025635,-0.11557501554489136,-0.9925293326377869,-0.03909100964665413,0.993079662322998,-0.11463328450918198,-0.025537464767694474,0.020865513011813165,-0.041772034019231799,0.9989093542098999],"EasingStyle":"Linear","EasingDirection":"In"},"Left Arm":{"Weight":1,"CFrame":[-0.11181768774986267,-0.53621506690979,-0.021054625511169435,-0.051783494651317599,0.9984707236289978,0.019358953461050988,-0.9985511302947998,-0.05205231159925461,0.01364852674305439,0.01463527511805296,-0.01862441748380661,0.999719500541687],"EasingStyle":"Linear","EasingDirection":"In"},"Head":{"Weight":1,"CFrame":[1.0561467433944927e-7,2.9802322387695315e-8,0.016661763191223146,0.9999547004699707,-0.009493747726082802,-0.0007595177739858627,0.009033684618771077,0.9707013368606567,-0.24011974036693574,0.003016859292984009,0.24010203778743745,0.9707430601119995],"EasingStyle":"Linear","EasingDirection":"In"},"Torso":{"Weight":1,"CFrame":[-0.12314960360527039,-0.14676395058631898,-0.2869420051574707,0.7660443782806397,0.6214008927345276,-0.1644296795129776,-0.642787754535675,0.7405564188957214,-0.19595950841903687,4.6374765361179018e-8,0.2558070719242096,0.9667278528213501],"EasingStyle":"Linear","EasingDirection":"In"},"HumanoidRootPart":{"Weight":1,"CFrame":[0,0,0,1,0,0,0,1,0,0,0,1],"EasingStyle":"Linear","EasingDirection":"In"},"Right Leg":{"Weight":1,"CFrame":[0.9386576414108276,1.120485544204712,-0.004095792770385742,0.9993492960929871,0.036070067435503009,8.294106237372034e-7,-0.0360700897872448,0.9993492960929871,1.7365552551495967e-8,-8.809405471765786e-7,-1.1725902737680372e-7,1],"EasingStyle":"Linear","EasingDirection":"In"}}},{"Time":0.24137930572032929,"poses":{"Left Leg":{"Weight":1,"CFrame":[-0.6253036260604858,0.3085578680038452,-0.004095673561096191,0.9972877502441406,-0.07360168546438217,1.4114426960532e-7,0.07360168546438217,0.9972876906394959,-1.134758704779415e-7,-1.3497545126028855e-7,1.3186648573082494e-7,1],"EasingStyle":"Linear","EasingDirection":"In"},"Right Arm":{"Weight":1,"CFrame":[0.21076002717018128,-0.5596222281455994,-0.00702279806137085,-0.11711761355400086,-0.992222249507904,-0.042172688990831378,0.9929836988449097,-0.11629758775234223,-0.021408436819911004,0.016337348148226739,-0.04438423365354538,0.9988809823989868],"EasingStyle":"Linear","EasingDirection":"In"},"Left Arm":{"Weight":1,"CFrame":[-0.11184027791023255,-0.5362277030944824,-0.02116715908050537,-0.051006220281124118,0.9984316825866699,0.023079976439476014,-0.9984865188598633,-0.05145784839987755,0.019412318244576455,0.020569490268826486,-0.022055115550756456,0.999545156955719],"EasingStyle":"Linear","EasingDirection":"In"},"Head":{"Weight":1,"CFrame":[9.111749932344537e-8,0,0.01666247844696045,0.9999546408653259,-0.009493718855082989,-0.0007595475763082504,0.008990227244794369,0.9672254323959351,-0.2537603974342346,0.003143751062452793,0.2537420988082886,0.967266857624054],"EasingStyle":"Linear","EasingDirection":"In"},"Torso":{"Weight":1,"CFrame":[-0.11594125628471375,-0.1381734311580658,-0.28146839141845705,0.7660444378852844,0.6236538290977478,-0.15566638112068177,-0.642787754535675,0.7432414889335632,-0.1855158507823944,4.7815760240155217e-8,0.24217380583286286,0.9702329039573669],"EasingStyle":"Linear","EasingDirection":"In"},"HumanoidRootPart":{"Weight":1,"CFrame":[0,0,0,1,0,0,0,1,0,0,0,1],"EasingStyle":"Linear","EasingDirection":"In"},"Right Leg":{"Weight":1,"CFrame":[0.9567825198173523,1.10439133644104,-0.004095613956451416,0.9986262917518616,0.05239611119031906,8.716276056475181e-7,-0.05239613726735115,0.9986263513565064,9.698244696210168e-8,-7.616522452735808e-7,-1.1722951143156024e-7,1],"EasingStyle":"Linear","EasingDirection":"In"}}},{"Time":0.27586206793785097,"poses":{"Left Leg":{"Weight":1,"CFrame":[-0.6276848912239075,0.31150341033935549,-0.004095554351806641,0.9972485899925232,-0.0741296038031578,-3.5744557180805716e-7,0.07412956655025482,0.997248649597168,-8.829668729504192e-8,3.762608571378223e-7,1.0128406557896597e-7,1],"EasingStyle":"Linear","EasingDirection":"In"},"Right Arm":{"Weight":1,"CFrame":[0.21077293157577516,-0.559662401676178,-0.007060587406158447,-0.1178785115480423,-0.9920721054077148,-0.043562110513448718,0.9929289817810059,-0.11713379621505737,-0.019280023872852327,0.014024545438587666,-0.04552679881453514,0.9988646507263184],"EasingStyle":"Linear","EasingDirection":"In"},"Left Arm":{"Weight":1,"CFrame":[-0.11184647679328919,-0.5361887216567993,-0.02120894193649292,-0.04934651404619217,0.9984825849533081,0.024441048502922059,-0.9985203146934509,-0.049878790974617007,0.0216657817363739,0.02285194583237171,-0.023336069658398629,0.9994664788246155],"EasingStyle":"Linear","EasingDirection":"In"},"Head":{"Weight":1,"CFrame":[1.610418962627591e-7,-1.4901161193847657e-8,0.016662240028381349,0.9999546408653259,-0.009493709541857243,-0.0007595494389533997,0.00899376068264246,0.9675119519233704,-0.2526654601097107,0.00313356751576066,0.25264716148376467,0.9675534963607788],"EasingStyle":"Linear","EasingDirection":"In"},"Torso":{"Weight":1,"CFrame":[-0.11652180552482605,-0.13886523246765138,-0.2842850685119629,0.7660444378852844,0.6234772205352783,-0.15637215971946717,-0.642787754535675,0.7430310249328613,-0.18635694682598115,4.761363214811354e-8,0.24327178299427033,0.9699581861495972],"EasingStyle":"Linear","EasingDirection":"In"},"HumanoidRootPart":{"Weight":1,"CFrame":[0,0,0,1,0,0,0,1,0,0,0,1],"EasingStyle":"Linear","EasingDirection":"In"},"Right Leg":{"Weight":1,"CFrame":[0.954177975654602,1.108044981956482,-0.0040953755378723148,0.9987097382545471,0.0507817417383194,7.751484645268647e-7,-0.05078176036477089,0.9987098574638367,1.2589256925821247e-7,-7.275215239133104e-7,-2.3576349406084774e-7,1],"EasingStyle":"Linear","EasingDirection":"In"}}},{"Time":0.3103448152542114,"poses":{"Left Leg":{"Weight":1,"CFrame":[-0.6320302486419678,0.31698036193847659,-0.004095613956451416,0.9971775412559509,-0.07507918775081635,-3.767648237840149e-8,0.07507914304733277,0.9971776604652405,-7.582147532048111e-8,1.1824170975671678e-8,5.022788940323153e-8,1],"EasingStyle":"Linear","EasingDirection":"In"},"Right Arm":{"Weight":1,"CFrame":[0.21080055832862855,-0.5597639679908752,-0.007130742073059082,-0.11974693834781647,-0.9917218685150147,-0.046350933611392978,0.9927720427513123,-0.11923495680093765,-0.013666891492903233,0.008027113974094391,-0.04765261337161064,0.9988316893577576],"EasingStyle":"Linear","EasingDirection":"In"},"Left Arm":{"Weight":1,"CFrame":[-0.1118515133857727,-0.5361443758010864,-0.02124655246734619,-0.047436363995075229,0.9985440969467163,0.02567973919212818,-0.9985470771789551,-0.0480632483959198,0.02436899021267891,0.02556772157549858,-0.024486683309078218,0.999373197555542],"EasingStyle":"Linear","EasingDirection":"In"},"Head":{"Weight":1,"CFrame":[1.5259084307217564e-7,-5.960464477539063e-8,0.016661763191223146,0.9999546408653259,-0.009493780322372914,-0.0007595242350362241,0.009000363759696484,0.9680408835411072,-0.2506311535835266,0.0031146490946412088,0.2506129741668701,0.9680823683738709],"EasingStyle":"Linear","EasingDirection":"In"},"Torso":{"Weight":1,"CFrame":[-0.1175994873046875,-0.1401495635509491,-0.2895183563232422,0.7660444378852844,0.623147189617157,-0.15768231451511384,-0.642787754535675,0.7426376342773438,-0.18791833519935609,4.723813518126008e-8,0.24531002342700959,0.9694446921348572],"EasingStyle":"Linear","EasingDirection":"In"},"HumanoidRootPart":{"Weight":1,"CFrame":[0,0,0,1,0,0,0,1,0,0,0,1],"EasingStyle":"Linear","EasingDirection":"In"},"Right Leg":{"Weight":1,"CFrame":[0.9492567181587219,1.1148197650909424,-0.004095733165740967,0.9988593459129334,0.04774918407201767,7.821719236744684e-7,-0.047749243676662448,0.9988593459129334,-3.347861721181289e-8,-8.830747333377076e-7,-9.52238750073775e-8,1],"EasingStyle":"Linear","EasingDirection":"In"}}},{"Time":0.3448275923728943,"poses":{"Left Leg":{"Weight":1,"CFrame":[-0.6343287825584412,0.3199324607849121,-0.004095554351806641,0.9971402287483215,-0.07557372003793717,-9.685509638757139e-8,0.07557377219200134,0.9971402883529663,-1.6886488651834953e-7,1.1881662764778867e-8,2.4392542741225045e-7,1],"EasingStyle":"Linear","EasingDirection":"In"},"Right Arm":{"Weight":1,"CFrame":[0.21088480949401856,-0.5600624084472656,-0.007339298725128174,-0.12510797381401063,-0.990630030632019,-0.0547737255692482,0.9920982122421265,-0.12543688714504243,0.002595640951767564,-0.00944196991622448,-0.054016172885894778,0.9984954595565796],"EasingStyle":"Linear","EasingDirection":"In"},"Left Arm":{"Weight":1,"CFrame":[-0.11187872290611267,-0.5361707806587219,-0.021375417709350587,-0.04635612294077873,0.9984734654426575,0.030032210052013398,-0.9983288645744324,-0.047346070408821109,0.03313425928354263,0.034505534917116168,-0.02844640240073204,0.9989996552467346],"EasingStyle":"Linear","EasingDirection":"In"},"Head":{"Weight":1,"CFrame":[1.0777178260923393e-7,0,0.016661763191223146,0.9999547004699707,-0.009493809193372727,-0.000759434828069061,0.009003953076899052,0.968323826789856,-0.24953533709049226,0.003104469273239374,0.24951712787151338,0.9683654308319092],"EasingStyle":"Linear","EasingDirection":"In"},"Torso":{"Weight":1,"CFrame":[-0.11817952990531922,-0.1408408284187317,-0.29233789443969729,0.7660442590713501,0.6229683756828308,-0.15838751196861268,-0.642787754535675,0.7424244284629822,-0.1887587457895279,4.6995481284284327e-8,0.24640707671642304,0.9691665172576904],"EasingStyle":"Linear","EasingDirection":"In"},"HumanoidRootPart":{"Weight":1,"CFrame":[0,0,0,1,0,0,0,1,0,0,0,1],"EasingStyle":"Linear","EasingDirection":"In"},"Right Leg":{"Weight":1,"CFrame":[0.9465609192848206,1.118462085723877,-0.004095911979675293,0.9989369511604309,0.046097300946712497,9.319217610936903e-7,-0.046097416430711749,0.9989369511604309,1.1189132465005969e-7,-8.830940601001203e-7,-1.9950645935296053e-7,1],"EasingStyle":"Linear","EasingDirection":"In"}}},{"Time":0.37931033968925478,"poses":{"Left Leg":{"Weight":1,"CFrame":[-0.6015843749046326,0.25508809089660647,-0.004095315933227539,0.9954270124435425,-0.09552468359470368,-4.356751333034481e-7,0.09552467614412308,0.995427131652832,9.907652298579706e-8,4.005836160558829e-7,-1.3613309590709833e-7,1],"EasingStyle":"Linear","EasingDirection":"In"},"Right Arm":{"Weight":1,"CFrame":[0.2759496569633484,-0.5535510182380676,-0.004916071891784668,-0.2514010965824127,-0.967882513999939,-0.0010080672800540925,0.9336424469947815,-0.24278175830841065,0.26337987184524538,-0.2551654875278473,0.065272755920887,0.964691698551178],"EasingStyle":"Linear","EasingDirection":"In"},"Left Arm":{"Weight":1,"CFrame":[-0.2378254532814026,-0.5301471948623657,0.032793521881103519,-0.19771170616149903,0.9802442193031311,-0.0056063453666865829,-0.9466878771781921,-0.18945342302322389,0.2605563700199127,0.25434666872024538,0.05682242661714554,0.965442419052124],"EasingStyle":"Linear","EasingDirection":"In"},"Head":{"Weight":1,"CFrame":[9.329575334504625e-8,0,0.01666247844696045,0.9999547004699707,-0.009493780322372914,-0.0007594708586111665,0.009171542711555958,0.9813590049743652,-0.191964790225029,0.0025677946396172048,0.19194914400577546,0.9814015626907349],"EasingStyle":"Linear","EasingDirection":"In"},"Torso":{"Weight":1,"CFrame":[-0.09830129146575928,-0.11715087294578552,-0.24151825904846192,0.7660443186759949,0.6292028427124023,-0.13145329058170319,-0.6427878141403198,0.7498543858528137,-0.1566597819328308,5.5951165478518308e-8,0.20450489223003388,0.9788655638694763],"EasingStyle":"Linear","EasingDirection":"In"},"HumanoidRootPart":{"Weight":1,"CFrame":[0,0,0,1,0,0,0,1,0,0,0,1],"EasingStyle":"Linear","EasingDirection":"In"},"Right Leg":{"Weight":1,"CFrame":[0.9920556545257568,0.9734629392623901,-0.004095494747161865,0.9868482351303101,0.16164922714233399,8.179094379556773e-7,-0.16164924204349519,0.9868482351303101,-1.4753892685348547e-7,-6.394482738869556e-7,3.277824944802887e-8,1],"EasingStyle":"Linear","EasingDirection":"In"}}},{"Time":0.4137931168079376,"poses":{"Left Leg":{"Weight":1,"CFrame":[-0.4789862036705017,0.12625080347061158,-0.004095733165740967,0.9932193756103516,-0.11625546962022782,-5.708255343961355e-7,0.11625546962022782,0.9932193756103516,-5.8013313264382307e-8,4.3423588635960189e-7,-3.1807648070980579e-8,1],"EasingStyle":"Linear","EasingDirection":"In"},"Right Arm":{"Weight":1,"CFrame":[0.39912211894989016,-0.5373182892799377,0.0028917789459228517,-0.4953726828098297,-0.8684235215187073,0.021133722737431527,0.6349754333496094,-0.34539085626602175,0.6910219788551331,-0.5928003191947937,0.3557327687740326,0.7225247621536255],"EasingStyle":"Linear","EasingDirection":"In"},"Left Arm":{"Weight":1,"CFrame":[-0.47452449798583987,-0.5162173509597778,0.13686716556549073,-0.4797358810901642,0.877242386341095,0.017302950844168664,-0.6671732664108276,-0.3775217533111572,0.6421505212783814,0.5698539018630981,0.2965185344219208,0.7663832902908325],"EasingStyle":"Linear","EasingDirection":"In"},"Head":{"Weight":1,"CFrame":[6.525553430947184e-8,5.21540641784668e-8,0.016662120819091798,0.9999547004699707,-0.009493842720985413,-0.0007595064816996455,0.009382509626448155,0.9956444501876831,-0.09275884926319123,0.0016368578653782607,0.09274748712778092,0.9956883192062378],"EasingStyle":"Linear","EasingDirection":"In"},"Torso":{"Weight":1,"CFrame":[-0.05622614920139313,-0.06700773537158966,-0.13400912284851075,0.7660443186759949,0.6384833455085754,-0.07426408678293228,-0.6427878141403198,0.7609145045280457,-0.08850433677434921,7.441713023581542e-8,0.11553427577018738,0.9933035969734192],"EasingStyle":"Linear","EasingDirection":"In"},"HumanoidRootPart":{"Weight":1,"CFrame":[0,0,0,1,0,0,0,1,0,0,0,1],"EasingStyle":"Linear","EasingDirection":"In"},"Right Leg":{"Weight":1,"CFrame":[1.0279409885406495,0.6541351079940796,-0.00409543514251709,0.9293803572654724,0.3691234886646271,6.417625968424545e-7,-0.36912351846694949,0.9293802976608276,1.5918532270120523e-8,-5.30826014255581e-7,-2.8905719773320018e-7,1],"EasingStyle":"Linear","EasingDirection":"In"}}},{"Time":0.4482758641242981,"poses":{"Left Leg":{"Weight":1,"CFrame":[-0.2227894365787506,0.024893522262573243,-0.0040953755378723148,0.9979383945465088,-0.06417898833751679,-2.093993458629484e-7,0.06417892873287201,0.9979384541511536,-8.806296136754099e-8,1.8647912725100469e-7,8.715146293525322e-8,1],"EasingStyle":"Linear","EasingDirection":"In"},"Right Arm":{"Weight":1,"CFrame":[0.4663708209991455,-0.5258477926254273,0.007327437400817871,-0.6057111024856567,-0.7955107688903809,-0.01663474552333355,0.4107443392276764,-0.3305143713951111,0.849734902381897,-0.6814713478088379,0.5078610777854919,0.5269476175308228],"EasingStyle":"Linear","EasingDirection":"In"},"Left Arm":{"Weight":1,"CFrame":[-0.6031131744384766,-0.5063396096229553,0.19364333152770997,-0.6004748940467835,0.7958320379257202,0.07798250764608383,-0.450063556432724,-0.41696345806121828,0.7896736860275269,0.6609634757041931,0.4390818774700165,0.6085509061813355],"EasingStyle":"Linear","EasingDirection":"In"},"Head":{"Weight":1,"CFrame":[8.833572451294458e-8,-1.862645149230957e-9,0.016661882400512697,0.9999546408653259,-0.009493939578533173,-0.0007595926872454584,0.009418250992894173,0.9975500106811523,-0.06932084262371063,0.0014158488484099508,0.06931059807538986,0.9975941777229309],"EasingStyle":"Linear","EasingDirection":"In"},"Torso":{"Weight":1,"CFrame":[-0.019695274531841279,-0.02347191795706749,-0.0299835205078125,0.7660443186759949,0.642341673374176,-0.023943951353430749,-0.6427878141403198,0.7655126452445984,-0.028535157442092897,7.59372440484185e-8,0.03725007176399231,0.9993059635162354],"EasingStyle":"Linear","EasingDirection":"In"},"HumanoidRootPart":{"Weight":1,"CFrame":[0,0,0,1,0,0,0,1,0,0,0,1],"EasingStyle":"Linear","EasingDirection":"In"},"Right Leg":{"Weight":1,"CFrame":[1.0105257034301758,0.4032396078109741,-0.004095673561096191,0.8711400032043457,0.49103471636772158,5.756567134085344e-7,-0.4910348355770111,0.8711399435997009,-1.5379760043288116e-7,-6.155698883958394e-7,-2.7364819743525006e-7,1],"EasingStyle":"Linear","EasingDirection":"In"}}},{"Time":0.48275861144065859,"poses":{"Left Leg":{"Weight":1,"CFrame":[0.028008459135890008,-0.0011832714080810547,-0.004095613956451416,0.9991493821144104,0.04123746231198311,-2.0865007854808938e-7,-0.04123751074075699,0.9991494417190552,-7.86775586902877e-8,8.72358114634153e-8,1.1266171640045286e-7,1],"EasingStyle":"Linear","EasingDirection":"In"},"Right Arm":{"Weight":1,"CFrame":[0.4663708806037903,-0.5258468389511108,0.007327437400817871,-0.6057112216949463,-0.7955106496810913,-0.01663474179804325,0.4107443690299988,-0.33051440119743349,0.8497349619865418,-0.6814712882041931,0.5078611969947815,0.526947557926178],"EasingStyle":"Linear","EasingDirection":"In"},"Left Arm":{"Weight":1,"CFrame":[-0.603113055229187,-0.506338357925415,0.1936432123184204,-0.6004749536514282,0.7958320379257202,0.07798243314027786,-0.4500635862350464,-0.41696348786354067,0.7896737456321716,0.6609633564949036,0.43908190727233889,0.6085508465766907],"EasingStyle":"Linear","EasingDirection":"In"},"Head":{"Weight":1,"CFrame":[9.137630740951863e-8,1.0244548320770264e-8,0.01666247844696045,0.9999546408653259,-0.009493909776210785,-0.0007595704519189894,0.009366495534777642,0.9947192668914795,-0.10220525413751602,0.001725887763313949,0.10219354182481766,0.9947630763053894],"EasingStyle":"Linear","EasingDirection":"In"},"Torso":{"Weight":1,"CFrame":[-0.010197093710303307,-0.012152425944805146,0.03129005432128906,0.7660443186759949,0.6427193284034729,-0.009384696371853352,-0.6427878141403198,0.7659626603126526,-0.011184114962816239,8.054752242969698e-8,0.014599895104765892,0.9998934268951416],"EasingStyle":"Linear","EasingDirection":"In"},"HumanoidRootPart":{"Weight":1,"CFrame":[0,0,0,1,0,0,0,1,0,0,0,1],"EasingStyle":"Linear","EasingDirection":"In"},"Right Leg":{"Weight":1,"CFrame":[0.9905306696891785,0.33268600702285769,-0.004095911979675293,0.8665696382522583,0.4990559220314026,6.589199870177254e-7,-0.4990560710430145,0.8665696978569031,-1.3445495028463484e-7,-6.443266897804278e-7,-2.773864196115028e-7,1],"EasingStyle":"Linear","EasingDirection":"In"}}},{"Time":0.517241358757019,"poses":{"Left Leg":{"Weight":1,"CFrame":[0.028018303215503694,-0.0018017292022705079,-0.00409543514251709,0.9979973435401917,0.06325657665729523,-2.981091995479801e-7,-0.06325660645961762,0.9979973435401917,-6.766885718434423e-8,2.0634642794448156e-7,7.447458472142898e-8,1],"EasingStyle":"Linear","EasingDirection":"In"},"Right Arm":{"Weight":1,"CFrame":[0.4663708209991455,-0.5258473753929138,0.007327556610107422,-0.605711042881012,-0.7955107688903809,-0.016634836792945863,0.410744309425354,-0.3305143415927887,0.8497349619865418,-0.6814713478088379,0.5078611373901367,0.5269477367401123],"EasingStyle":"Linear","EasingDirection":"In"},"Left Arm":{"Weight":1,"CFrame":[-0.6031132340431213,-0.5063395500183106,0.19364333152770997,-0.6004749536514282,0.7958319187164307,0.07798252999782562,-0.450063556432724,-0.4169633984565735,0.7896737456321716,0.6609633564949036,0.4390821158885956,0.6085509061813355],"EasingStyle":"Linear","EasingDirection":"In"},"Head":{"Weight":1,"CFrame":[9.011199608721654e-8,-1.862645149230957e-9,0.016662120819091798,0.9999547600746155,-0.009493818506598473,-0.0007595780771225691,0.009368006139993668,0.9948092699050903,-0.10132543742656708,0.0017175620887428523,0.1013137474656105,0.9948530793190002],"EasingStyle":"Linear","EasingDirection":"In"},"Torso":{"Weight":1,"CFrame":[-0.020718008279800416,-0.02469075843691826,0.04196286201477051,0.7660443186759949,0.6424007415771484,-0.022304024547338487,-0.6427878141403198,0.7655830383300781,-0.026580769568681718,7.645977007086913e-8,0.03469879925251007,0.9993978142738342],"EasingStyle":"Linear","EasingDirection":"In"},"HumanoidRootPart":{"Weight":1,"CFrame":[0,0,0,1,0,0,0,1,0,0,0,1],"EasingStyle":"Linear","EasingDirection":"In"},"Right Leg":{"Weight":1,"CFrame":[0.9763846397399902,0.3478982448577881,-0.004095554351806641,0.879703164100647,0.4755232632160187,8.443194019491784e-7,-0.4755232632160187,0.8797031044960022,-1.7952172015611723e-7,-7.658640583940723e-7,-3.3404489840904719e-7,1],"EasingStyle":"Linear","EasingDirection":"In"}}},{"Time":0.5517241358757019,"poses":{"Left Leg":{"Weight":1,"CFrame":[0.028008297085762025,-0.0029511451721191408,-0.00409543514251709,0.9945643544197083,0.10412339866161347,-2.7912218314440908e-8,-0.10412345081567764,0.9945644736289978,-4.0256843192310046e-8,5.755980936328342e-8,5.584509565892404e-8,1],"EasingStyle":"Linear","EasingDirection":"In"},"Right Arm":{"Weight":1,"CFrame":[0.4663708209991455,-0.5258477330207825,0.007327556610107422,-0.6057111024856567,-0.7955107688903809,-0.016634784638881685,0.4107443392276764,-0.33051440119743349,0.8497349619865418,-0.6814712882041931,0.5078611969947815,0.5269476175308228],"EasingStyle":"Linear","EasingDirection":"In"},"Left Arm":{"Weight":1,"CFrame":[-0.6031128764152527,-0.5063393712043762,0.19364309310913087,-0.6004749536514282,0.7958320379257202,0.0779823511838913,-0.4500636160373688,-0.4169633686542511,0.7896737456321716,0.6609634757041931,0.4390821158885956,0.6085508465766907],"EasingStyle":"Linear","EasingDirection":"In"},"Head":{"Weight":1,"CFrame":[7.522729106312909e-8,2.2351741790771486e-8,0.016662120819091798,0.9999547004699707,-0.009493940509855748,-0.0007595650968141854,0.009408651851117611,0.9970583319664002,-0.07606737315654755,0.001479509985074401,0.07605678588151932,0.9971024394035339],"EasingStyle":"Linear","EasingDirection":"In"},"Torso":{"Weight":1,"CFrame":[-0.037199199199676517,-0.04433228075504303,-0.002038240432739258,0.7660442590713501,0.6411950588226318,-0.045223772525787356,-0.6427878737449646,0.7641459703445435,-0.053895458579063418,6.961909093661234e-8,0.07035559415817261,0.9975219964981079],"EasingStyle":"Linear","EasingDirection":"In"},"HumanoidRootPart":{"Weight":1,"CFrame":[0,0,0,1,0,0,0,1,0,0,0,1],"EasingStyle":"Linear","EasingDirection":"In"},"Right Leg":{"Weight":1,"CFrame":[0.9812536239624023,0.4196118116378784,-0.004095911979675293,0.8932442665100098,0.4495716989040375,7.927108072180999e-7,-0.449571818113327,0.893244206905365,-1.3388093123012369e-7,-7.740218848084623e-7,-2.89586324697666e-7,1],"EasingStyle":"Linear","EasingDirection":"In"}}},{"Time":0.5862069129943848,"poses":{"Left Leg":{"Weight":1,"CFrame":[-0.9283948540687561,0.385336697101593,-0.004095673561096191,0.9160589575767517,-0.40104371309280398,-6.684597337880405e-7,0.40104368329048159,0.9160589575767517,1.862141374431303e-7,5.10779784690385e-7,-3.5510279872141839e-7,1],"EasingStyle":"Linear","EasingDirection":"In"},"Right Arm":{"Weight":1,"CFrame":[0.46336740255355837,-0.5220987796783447,0.006433010101318359,-0.5946798920631409,-0.798723578453064,0.09163264185190201,0.558466374874115,-0.32840847969055178,0.7617501020431519,-0.5783348083496094,0.5041711926460266,0.6413582563400269],"EasingStyle":"Linear","EasingDirection":"In"},"Left Arm":{"Weight":1,"CFrame":[-0.6039318442344666,-0.5078892111778259,0.19254350662231446,-0.56235271692276,0.8268932104110718,0.002673461800441146,-0.5479688048362732,-0.37507978081703188,0.7476934790611267,0.6192654371261597,0.41900238394737246,0.6640386581420898],"EasingStyle":"Linear","EasingDirection":"In"},"Head":{"Weight":1,"CFrame":[1.0035054742729699e-7,0,0.016661763191223146,0.9998543858528137,-0.017035186290740968,-0.0010904187802225352,0.017067192122340204,0.9988318085670471,0.04520956426858902,0.00031896799919195473,-0.04522154480218887,0.99897700548172],"EasingStyle":"Linear","EasingDirection":"In"},"Torso":{"Weight":1,"CFrame":[0.0526258647441864,-0.04415835440158844,-0.06853079795837403,0.6427878141403198,-0.7629966735839844,0.06826455891132355,0.7660442590713501,0.6402305364608765,-0.05728089064359665,6.632400584294374e-8,0.08911314606666565,0.9960215091705322],"EasingStyle":"Linear","EasingDirection":"In"},"HumanoidRootPart":{"Weight":1,"CFrame":[0,0,0,1,0,0,0,1,0,0,0,1],"EasingStyle":"Linear","EasingDirection":"In"},"Right Leg":{"Weight":1,"CFrame":[0.3396831750869751,0.06704604625701904,-0.004095256328582764,0.9976258277893066,0.06886819750070572,4.6440894152510739e-7,-0.0688682422041893,0.9976258277893066,-8.615766944330972e-8,-4.357134457677603e-7,-2.8402047380637897e-9,1],"EasingStyle":"Linear","EasingDirection":"In"}}},{"Time":0.6206896305084229,"poses":{"Left Leg":{"Weight":1,"CFrame":[-0.924416720867157,0.33390742540359499,-0.004095733165740967,0.9059345126152039,-0.4234178960323334,-3.289098060577089e-7,0.423417866230011,0.9059344530105591,-7.045894534485342e-8,3.921395546058193e-7,-8.511045734849177e-8,1],"EasingStyle":"Linear","EasingDirection":"In"},"Right Arm":{"Weight":1,"CFrame":[0.4642059803009033,-0.522497832775116,0.00661468505859375,-0.6016764044761658,-0.7963118553161621,0.062232568860054019,0.5217304229736328,-0.3328200578689575,0.7855114340782166,-0.6047999262809753,0.5050922632217407,0.6157100796699524],"EasingStyle":"Linear","EasingDirection":"In"},"Left Arm":{"Weight":1,"CFrame":[-0.6042124032974243,-0.5075058937072754,0.19281578063964845,-0.573111891746521,0.8191849589347839,0.021880513057112695,-0.5232148766517639,-0.3863367438316345,0.7595988512039185,0.6307051777839661,0.42388680577278139,0.650023877620697],"EasingStyle":"Linear","EasingDirection":"In"},"Head":{"Weight":1,"CFrame":[9.512493193142291e-8,2.2351741790771486e-8,0.016662120819091798,0.9972283244132996,-0.013824689202010632,0.07310722023248673,0.023515645414590837,0.9907821416854858,-0.13340826332569123,-0.07058902084827423,0.13475768268108369,0.9883610606193543],"EasingStyle":"Linear","EasingDirection":"In"},"Torso":{"Weight":1,"CFrame":[0.03528830409049988,-0.02961040288209915,-0.03873467445373535,0.6427878141403198,-0.7647039890289307,0.045295193791389468,0.7660442590713501,0.6416631937026978,-0.03800729662179947,7.277084534962342e-8,0.05912875011563301,0.9982503652572632],"EasingStyle":"Linear","EasingDirection":"In"},"HumanoidRootPart":{"Weight":1,"CFrame":[0,0,0,1,0,0,0,1,0,0,0,1],"EasingStyle":"Linear","EasingDirection":"In"},"Right Leg":{"Weight":1,"CFrame":[0.2527177035808563,0.036308109760284427,-0.004095256328582764,0.9984754920005798,0.055197250097990039,7.497595788663602e-7,-0.055197298526763919,0.9984754920005798,3.797088155010897e-8,-6.470976359196357e-7,-1.205977895324395e-7,1],"EasingStyle":"Linear","EasingDirection":"In"}}},{"Time":0.6551724076271057,"poses":{"Left Leg":{"Weight":1,"CFrame":[-0.8930721282958984,0.26311010122299197,-0.004095554351806641,0.9015210270881653,-0.43273529410362246,-2.100738072385866e-7,0.43273526430130007,0.9015209674835205,-1.2411516081556329e-7,1.8573894067230868e-7,4.1358607205665979e-8,1],"EasingStyle":"Linear","EasingDirection":"In"},"Right Arm":{"Weight":1,"CFrame":[0.4657185971736908,-0.5237099528312683,0.007013559341430664,-0.6091389060020447,-0.7930170297622681,0.00858608353883028,0.4510422945022583,-0.33751270174980166,0.8262239694595337,-0.6523117423057556,0.5071579813957214,0.563276469707489],"EasingStyle":"Linear","EasingDirection":"In"},"Left Arm":{"Weight":1,"CFrame":[-0.6043249368667603,-0.5067607164382935,0.19334566593170167,-0.5914785861968994,0.8042201995849609,0.05816352367401123,-0.4760454297065735,-0.406515508890152,0.7798243165016174,0.6507948040962219,0.43356096744537356,0.623