{"Sequence":[{"Time":0,"poses":{"Left Leg":{"Weight":1,"CFrame":[-0.38715648651123049,0.16908985376358033,0.2135934829711914,0.9373651742935181,-0.10719237476587296,0.33144569396972659,0.10209397226572037,0.9942335486412048,0.032810479402542117,-0.33305150270462038,0.003083215793594718,0.9429036378860474],"EasingStyle":"Linear","EasingDirection":"In"},"Right Arm":{"Weight":1,"CFrame":[0.08390071988105774,-0.018284916877746583,0.09475409984588623,0.9878858327865601,0.08537669479846955,-0.12958557903766633,-0.024991465732455255,0.9116821885108948,0.4101353883743286,0.1531568020582199,-0.401928573846817,0.902771532535553],"EasingStyle":"Linear","EasingDirection":"In"},"Head":{"Weight":1,"CFrame":[5.587935447692871e-8,-1.862645149230957e-8,0.016661763191223146,0.9648662805557251,-0.2615428864955902,0.025067223235964776,0.24767552316188813,0.9372332692146301,0.24546043574810029,-0.08769229799509049,-0.23062802851200105,0.9690824747085571],"EasingStyle":"Linear","EasingDirection":"In"},"Right Leg":{"Weight":1,"CFrame":[0.2797324061393738,0.3445936441421509,0.07614278793334961,0.9299831986427307,0.19174377620220185,-0.313632607460022,-0.09038881957530976,0.9462683200836182,0.3104935586452484,0.3563157916069031,-0.2604050040245056,0.8973451256752014],"EasingStyle":"Linear","EasingDirection":"In"},"Torso":{"Weight":1,"CFrame":[-0.07093340158462525,-0.0239860936999321,-0.21820068359375,0.9672864675521851,0.23857997357845307,-0.08623501658439636,-0.2418200522661209,0.9698828458786011,-0.029160277917981149,0.07668080180883408,0.04905970022082329,0.9958480000495911],"EasingStyle":"Linear","EasingDirection":"In"},"HumanoidRootPart":{"Weight":1,"CFrame":[0,0,0,1,0,0,0,1,0,0,0,1],"EasingStyle":"Linear","EasingDirection":"In"},"Left Arm":{"Weight":1,"CFrame":[0.1633545160293579,-0.08366936445236206,0.005513668060302734,0.992137610912323,0.12156185507774353,-0.029763827100396158,-0.11252186447381973,0.9705315828323364,0.21309013664722444,0.05479027330875397,-0.2080656737089157,0.9765791296958923],"EasingStyle":"Linear","EasingDirection":"In"}}},{"Time":0.01666666753590107,"poses":{"Left Leg":{"Weight":1,"CFrame":[-0.3704354763031006,0.17903077602386475,0.2108539342880249,0.9416649341583252,-0.06503365933895111,0.3302084803581238,0.05974814295768738,0.9978711605072022,0.026142429560422899,-0.3312056362628937,-0.004888067487627268,0.9435459971427918],"EasingStyle":"Linear","EasingDirection":"In"},"Right Arm":{"Weight":1,"CFrame":[0.06342872232198715,-0.007850050926208496,0.09787774085998535,0.9913108348846436,0.07406797260046005,-0.10870534926652909,-0.02246198058128357,0.9095807075500488,0.41491973400115969,0.12960857152938844,-0.4088727831840515,0.9033408761024475],"EasingStyle":"Linear","EasingDirection":"In"},"Head":{"Weight":1,"CFrame":[9.12696123123169e-8,-7.450580596923828e-9,0.0166623592376709,0.9661169648170471,-0.2574146091938019,0.018863366916775705,0.24273641407489777,0.9310035109519959,0.2726014256477356,-0.08773348480463028,-0.25878605246543887,0.961942195892334],"EasingStyle":"Linear","EasingDirection":"In"},"Right Leg":{"Weight":1,"CFrame":[0.24563400447368623,0.33522409200668337,0.07564175128936768,0.9339923858642578,0.14795057475566865,-0.3252210319042206,-0.05019112303853035,0.9555409550666809,0.29055532813072207,0.3537500500679016,-0.2550532817840576,0.8998938202857971],"EasingStyle":"Linear","EasingDirection":"In"},"Torso":{"Weight":1,"CFrame":[-0.06941130757331848,-0.050616905093193057,-0.20753955841064454,0.9685025811195374,0.2336796522140503,-0.08600344508886337,-0.23926468193531037,0.9690024852752686,-0.06153580918908119,0.06895788758993149,0.08017517626285553,0.9943926334381104],"EasingStyle":"Linear","EasingDirection":"In"},"HumanoidRootPart":{"Weight":1,"CFrame":[0,0,0,1,0,0,0,1,0,0,0,1],"EasingStyle":"Linear","EasingDirection":"In"},"Left Arm":{"Weight":1,"CFrame":[0.1646783947944641,-0.08370795845985413,0.005649447441101074,0.9914588332176209,0.12338168919086456,-0.04226638749241829,-0.11155100911855698,0.9701519012451172,0.21531768143177033,0.06757110357284546,-0.20876403152942658,0.9756289124488831],"EasingStyle":"Linear","EasingDirection":"In"}}},{"Time":0.03333333507180214,"poses":{"Left Leg":{"Weight":1,"CFrame":[-0.3396333158016205,0.16810578107833863,0.20329642295837403,0.9466947913169861,-0.018525637686252595,0.3215985596179962,0.01184048317372799,0.9996715784072876,0.02273087576031685,-0.32191404700279238,-0.017711317166686059,0.9466032385826111],"EasingStyle":"Linear","EasingDirection":"In"},"Right Arm":{"Weight":1,"CFrame":[0.038813598453998569,-0.0004520118236541748,0.09899675846099854,0.9976540803909302,0.042022425681352618,-0.05404185503721237,-0.015307804569602013,0.9063756465911865,0.4221952557563782,0.06672383844852448,-0.4203777015209198,0.90489262342453],"EasingStyle":"Linear","EasingDirection":"In"},"Head":{"Weight":1,"CFrame":[6.705522537231445e-8,0,0.016662240028381349,0.9693681001663208,-0.24530860781669618,0.012216194532811642,0.23175175487995149,0.9300028085708618,0.2852822244167328,-0.08134333044290543,-0.2737123370170593,0.9583657383918762],"EasingStyle":"Linear","EasingDirection":"In"},"Right Leg":{"Weight":1,"CFrame":[0.1883285492658615,0.29721182584762576,0.07259929180145264,0.9346626400947571,0.10389585047960282,-0.34001657366752627,-0.009330048225820065,0.9631882309913635,0.2686658799648285,0.3554134666919708,-0.24793967604637147,0.9012255072593689],"EasingStyle":"Linear","EasingDirection":"In"},"Torso":{"Weight":1,"CFrame":[-0.062484338879585269,-0.0708480030298233,-0.17607998847961427,0.9716436862945557,0.22269529104232789,-0.07946915179491043,-0.22925929725170136,0.9695470929145813,-0.08613111823797226,0.057868100702762607,0.10190779715776444,0.9931092858314514],"EasingStyle":"Linear","EasingDirection":"In"},"HumanoidRootPart":{"Weight":1,"CFrame":[0,0,0,1,0,0,0,1,0,0,0,1],"EasingStyle":"Linear","EasingDirection":"In"},"Left Arm":{"Weight":1,"CFrame":[0.16541385650634767,-0.08387362957000733,0.006682991981506348,0.9887560606002808,0.128433957695961,-0.07659163326025009,-0.1087302416563034,0.9691013097763062,0.22140532732009889,0.10266102850437164,-0.21058817207813264,0.9721694588661194],"EasingStyle":"Linear","EasingDirection":"In"}}},{"Time":0.05000000074505806,"poses":{"Left Leg":{"Weight":1,"CFrame":[-0.2953677773475647,0.1284729242324829,0.19131684303283692,0.9520418643951416,0.01764574833214283,0.30545854568481448,-0.025955500081181527,0.9993947148323059,0.023163985460996629,-0.30486494302749636,-0.029981404542922975,0.9519236087799072],"EasingStyle":"Linear","EasingDirection":"In"},"Right Arm":{"Weight":1,"CFrame":[0.007904022932052613,0.00441288948059082,0.09905028343200684,0.9997153878211975,-0.007199106737971306,0.022744905203580858,-0.0033193444833159448,0.9021376371383667,0.43143534660339358,-0.02362499013543129,-0.43138837814331057,0.9018570780754089],"EasingStyle":"Linear","EasingDirection":"In"},"Head":{"Weight":1,"CFrame":[1.0058283805847168e-7,5.587935447692871e-8,0.016661763191223146,0.9738712310791016,-0.22689250111579896,0.009731286205351353,0.21583600342273713,0.9380412101745606,0.27109724283218386,-0.07063836604356766,-0.26191335916519167,0.9625027775764465],"EasingStyle":"Linear","EasingDirection":"In"},"Right Leg":{"Weight":1,"CFrame":[0.11431971937417984,0.23807066679000855,0.062088847160339358,0.9318832159042358,0.07616301625967026,-0.35467275977134707,0.018686650320887567,0.966334342956543,0.2566104531288147,0.36227676272392275,-0.24575868248939515,0.8990874886512756],"EasingStyle":"Linear","EasingDirection":"In"},"Torso":{"Weight":1,"CFrame":[-0.052028849720954898,-0.072286456823349,-0.12697434425354005,0.9759736657142639,0.20671477913856507,-0.06887981295585633,-0.21233725547790528,0.9732369780540466,-0.08787983655929566,0.04887032508850098,0.10039416700601578,0.993746817111969],"EasingStyle":"Linear","EasingDirection":"In"},"HumanoidRootPart":{"Weight":1,"CFrame":[0,0,0,1,0,0,0,1,0,0,0,1],"EasingStyle":"Linear","EasingDirection":"In"},"Left Arm":{"Weight":1,"CFrame":[0.16615793108940125,-0.08423805236816406,0.009560823440551758,0.9824011325836182,0.13614009320735932,-0.12788257002830506,-0.10408448427915573,0.967512845993042,0.23040248453617097,0.15509505569934846,-0.2130374312400818,0.9646558165550232],"EasingStyle":"Linear","EasingDirection":"In"}}},{"Time":0.06666667014360428,"poses":{"Left Leg":{"Weight":1,"CFrame":[-0.22123345732688905,0.07190543413162232,0.17325329780578614,0.955976128578186,0.0732133612036705,0.2841644287109375,-0.08286944031715393,0.996315598487854,0.022091347724199296,-0.28150007128715517,-0.044667329639196399,0.9585211277008057],"EasingStyle":"Linear","EasingDirection":"In"},"Right Arm":{"Weight":1,"CFrame":[-0.03140944987535477,0.00724261999130249,0.09896063804626465,0.9916648864746094,-0.0689709410071373,0.10882934182882309,0.013840725645422936,0.8967954516410828,0.442228764295578,-0.12809859216213227,-0.43703657388687136,0.890275239944458],"EasingStyle":"Linear","EasingDirection":"In"},"Head":{"Weight":1,"CFrame":[1.043081283569336e-7,1.1175870895385743e-8,0.016662240028381349,0.9790275692939758,-0.2035495787858963,0.008522012270987034,0.19483110308647157,0.9476805329322815,0.25286856293678286,-0.05954745411872864,-0.24590489268302918,0.9674631357192993],"EasingStyle":"Linear","EasingDirection":"In"},"Right Leg":{"Weight":1,"CFrame":[-0.00567626953125,0.1634463667869568,0.034011006355285647,0.9270657896995544,0.028017748147249223,-0.37385034561157229,0.06910263746976853,0.9673465490341187,0.24385568499565125,0.36847519874572756,-0.25190436840057375,0.8948577046394348],"EasingStyle":"Linear","EasingDirection":"In"},"Torso":{"Weight":1,"CFrame":[-0.04112391173839569,-0.07337436079978943,-0.06644010543823242,0.9809091091156006,0.18563322722911836,-0.05794518068432808,-0.19028915464878083,0.9776670932769775,-0.08920244872570038,0.040092162787914279,0.09852582961320877,0.9943265318870544],"EasingStyle":"Linear","EasingDirection":"In"},"HumanoidRootPart":{"Weight":1,"CFrame":[0,0,0,1,0,0,0,1,0,0,0,1],"EasingStyle":"Linear","EasingDirection":"In"},"Left Arm":{"Weight":1,"CFrame":[0.16750484704971314,-0.08487209677696228,0.015230417251586914,0.9706876277923584,0.1458928883075714,-0.19099967181682588,-0.09763658046722412,0.9655259847640991,0.2413022518157959,0.21961934864521027,-0.21558071672916413,0.9514686465263367],"EasingStyle":"Linear","EasingDirection":"In"}}},{"Time":0.0833333358168602,"poses":{"Left Leg":{"Weight":1,"CFrame":[-0.1534416228532791,0.021466434001922609,0.16075384616851808,0.9588415622711182,0.11624050885438919,0.2590580880641937,-0.1262395679950714,0.9917504191398621,0.022242750972509385,-0.25433549284935,-0.054030634462833408,0.9656056761741638],"EasingStyle":"Linear","EasingDirection":"In"},"Right Arm":{"Weight":1,"CFrame":[-0.08119048178195954,0.008533358573913575,0.09956550598144531,0.971989631652832,-0.13740026950836183,0.19067606329917909,0.0367746576666832,0.8902267217636108,0.4540306329727173,-0.2321288138628006,-0.4343012869358063,0.8703441619873047],"EasingStyle":"Linear","EasingDirection":"In"},"Head":{"Weight":1,"CFrame":[1.0617077350616455e-7,1.955777406692505e-8,0.016662001609802247,0.9842554926872253,-0.17657238245010377,0.00795773882418871,0.16998447477817536,0.9579507112503052,0.23116175830364228,-0.04843992367386818,-0.2261694222688675,0.9728828072547913],"EasingStyle":"Linear","EasingDirection":"In"},"Right Leg":{"Weight":1,"CFrame":[-0.11681579053401947,0.10288196802139282,-0.0007641315460205078,0.9199883341789246,-0.020206863060593606,-0.3914245069026947,0.11790799349546433,0.9666787385940552,0.2272225171327591,0.37379032373428347,-0.2551942765712738,0.8917156457901001],"EasingStyle":"Linear","EasingDirection":"In"},"Torso":{"Weight":1,"CFrame":[-0.030096858739852907,-0.07368238270282746,0.0009489059448242188,0.9858812093734741,0.16070671379566194,-0.047029655426740649,-0.16439902782440186,0.9823182225227356,-0.08957690000534058,0.031802479177713397,0.09604381769895554,0.9948689341545105],"EasingStyle":"Linear","EasingDirection":"In"},"HumanoidRootPart":{"Weight":1,"CFrame":[0,0,0,1,0,0,0,1,0,0,0,1],"EasingStyle":"Linear","EasingDirection":"In"},"Left Arm":{"Weight":1,"CFrame":[0.16991360485553742,-0.0859607458114624,0.02855396270751953,0.952626645565033,0.1570010483264923,-0.2604866325855255,-0.08955468982458115,0.9632901549339294,0.2530848979949951,0.29065874218940737,-0.21776792407035829,0.9317160248756409],"EasingStyle":"Linear","EasingDirection":"In"}}},{"Time":0.10000000149011612,"poses":{"Left Leg":{"Weight":1,"CFrame":[-0.1474490761756897,0.0036008358001708986,0.16618120670318604,0.9666708707809448,0.1094050258398056,0.23146918416023255,-0.11829150468111038,0.992668628692627,0.02482401207089424,-0.22705630958080293,-0.05137747898697853,0.9725255370140076],"EasingStyle":"Linear","EasingDirection":"In"},"Right Arm":{"Weight":1,"CFrame":[-0.14349360764026643,0.008784890174865723,0.10157918930053711,0.9445318579673767,-0.2061769813299179,0.255638062953949,0.06650059670209885,0.8823298811912537,0.4659094214439392,-0.3216169476509094,-0.42306622862815859,0.8470995426177979],"EasingStyle":"Linear","EasingDirection":"In"},"Head":{"Weight":1,"CFrame":[9.12696123123169e-8,5.587935447692871e-9,0.0166623592376709,0.9890654683113098,-0.1472845822572708,0.007532349321991205,0.1425718516111374,0.9679837822914124,0.20659300684928895,-0.03771918639540672,-0.20326004922389985,0.9783980250358582],"EasingStyle":"Linear","EasingDirection":"In"},"Right Leg":{"Weight":1,"CFrame":[-0.11500760912895203,0.0898815393447876,-0.0014209747314453126,0.9154912233352661,-0.019958334043622018,-0.40184253454208376,0.11104163527488709,0.9725107550621033,0.20467700064182282,0.38671135902404787,-0.2320014089345932,0.8925412893295288],"EasingStyle":"Linear","EasingDirection":"In"},"Torso":{"Weight":1,"CFrame":[-0.019302450120449067,-0.07282058894634247,0.07062649726867676,0.990413248538971,0.13321878015995027,-0.036531057208776477,-0.13599099218845368,0.9867467880249023,-0.08852921426296234,0.024253148585557939,0.09264840185642243,0.9954034686088562],"EasingStyle":"Linear","EasingDirection":"In"},"HumanoidRootPart":{"Weight":1,"CFrame":[0,0,0,1,0,0,0,1,0,0,0,1],"EasingStyle":"Linear","EasingDirection":"In"},"Left Arm":{"Weight":1,"CFrame":[0.17331525683403016,-0.08749166131019592,0.05105400085449219,0.9285061359405518,0.1686820536851883,-0.33079102635383608,-0.08024118095636368,0.9609600901603699,0.26479610800743105,0.3625433146953583,-0.21932201087474824,0.9057926535606384],"EasingStyle":"Linear","EasingDirection":"In"}}},{"Time":0.11666666716337204,"poses":{"Left Leg":{"Weight":1,"CFrame":[-0.18460999429225923,0.007801234722137451,0.18011367321014405,0.9768884181976318,0.0680496096611023,0.20262855291366578,-0.07538668066263199,0.9967411756515503,0.028705183416604997,-0.2000148743391037,-0.043317247182130817,0.9788349270820618],"EasingStyle":"Linear","EasingDirection":"In"},"Right Arm":{"Weight":1,"CFrame":[-0.22041255235671998,0.008502781391143799,0.10559999942779541,0.9171940088272095,-0.2697927951812744,0.2932014763355255,0.10458429157733917,0.8730853199958801,0.47621864080429079,-0.38447022438049319,-0.40612077713012698,0.82900470495224],"EasingStyle":"Linear","EasingDirection":"In"},"Head":{"Weight":1,"CFrame":[8.940696716308594e-8,6.984919309616089e-9,0.01666247844696045,0.9931032657623291,-0.1170385405421257,0.006928739603608847,0.11389551311731339,0.9770798683166504,0.17984086275100709,-0.02781827189028263,-0.17781144380569459,0.9836713671684265],"EasingStyle":"Linear","EasingDirection":"In"},"Right Leg":{"Weight":1,"CFrame":[-0.05359862744808197,0.10783636569976807,0.018796086311340333,0.9145286679267883,0.004108973778784275,-0.4045003056526184,0.07452608644962311,0.9811204671859741,0.17846132814884187,0.39759692549705508,-0.19335386157035829,0.8969566822052002],"EasingStyle":"Linear","EasingDirection":"In"},"Torso":{"Weight":1,"CFrame":[-0.009119346737861634,-0.07044360041618347,0.1380305290222168,0.9941640496253967,0.104477658867836,-0.02687619999051094,-0.10642105340957642,0.990626335144043,-0.08563946932554245,0.017676860094070436,0.08799988031387329,0.9959636330604553],"EasingStyle":"Linear","EasingDirection":"In"},"HumanoidRootPart":{"Weight":1,"CFrame":[0,0,0,1,0,0,0,1,0,0,0,1],"EasingStyle":"Linear","EasingDirection":"In"},"Left Arm":{"Weight":1,"CFrame":[0.1775101125240326,-0.08924192190170288,0.07865190505981446,0.9001235961914063,0.18010017275810243,-0.39666318893432619,-0.07035224884748459,0.9586849212646484,0.2756332755088806,0.42991653084754946,-0.22019799053668977,0.8756054043769836],"EasingStyle":"Linear","EasingDirection":"In"}}},{"Time":0.13333334028720857,"poses":{"Left Leg":{"Weight":1,"CFrame":[-0.23694100975990296,0.01970607042312622,0.19350624084472657,0.98470139503479,0.012534747831523419,0.17379875481128694,-0.01853456161916256,0.9992854595184326,0.03294149786233902,-0.17326168715953828,-0.035658810287714007,0.984230101108551],"EasingStyle":"Linear","EasingDirection":"In"},"Right Arm":{"Weight":1,"CFrame":[-0.312461256980896,0.0047647953033447269,0.13368499279022218,0.8961464762687683,-0.3208540081977844,0.30655235052108767,0.15989884734153748,0.8778781294822693,0.45140039920806887,-0.4139491617679596,-0.3555035889148712,0.8380115628242493],"EasingStyle":"Linear","EasingDirection":"In"},"Head":{"Weight":1,"CFrame":[9.220093488693237e-8,-1.955777406692505e-8,0.0166623592376709,0.9961726069450378,-0.08719734102487564,0.006059595383703709,0.08527525514364243,0.9847509264945984,0.15163736045360566,-0.01918957009911537,-0.150540292263031,0.9884176850318909],"EasingStyle":"Linear","EasingDirection":"In"},"Right Leg":{"Weight":1,"CFrame":[0.01623808592557907,0.13819050788879395,0.04043173789978027,0.9166356325149536,0.028853237628936769,-0.39868101477622988,0.03478504344820976,0.9878498315811157,0.1514691561460495,0.3982074558734894,-0.15271028876304627,0.9044946432113648],"EasingStyle":"Linear","EasingDirection":"In"},"Torso":{"Weight":1,"CFrame":[0.00005857646465301514,-0.06625008583068848,0.1985940933227539,0.9969506859779358,0.07580725848674774,-0.01851040869951248,-0.07706066220998764,0.9937679767608643,-0.08054136484861374,0.012289430014789105,0.0817221850156784,0.9965794682502747],"EasingStyle":"Linear","EasingDirection":"In"},"HumanoidRootPart":{"Weight":1,"CFrame":[0,0,0,1,0,0,0,1,0,0,0,1],"EasingStyle":"Linear","EasingDirection":"In"},"Left Arm":{"Weight":1,"CFrame":[0.18230272829532624,-0.09099000692367554,0.10725390911102295,0.8706547021865845,0.1904236227273941,-0.4535409212112427,-0.060753464698791507,0.9565974473953247,0.2850092947483063,0.48812851309776308,-0.22059057652950288,0.844434916973114],"EasingStyle":"Linear","EasingDirection":"In"}}},{"Time":0.15000000596046449,"poses":{"Left Leg":{"Weight":1,"CFrame":[-0.2866120934486389,0.03056710958480835,0.2021622657775879,0.9883553385734558,-0.0419580340385437,0.14626441895961762,0.03695366904139519,0.9986404180526733,0.03676639124751091,-0.14760826528072358,-0.030933234840631486,0.9885621666908264],"EasingStyle":"Linear","EasingDirection":"In"},"Right Arm":{"Weight":1,"CFrame":[-0.4140968322753906,-0.004799246788024902,0.1891859769821167,0.8780884742736816,-0.35867589712142947,0.31672099232673647,0.23244860768318177,0.8983041048049927,0.3728504180908203,-0.4182441830635071,-0.25377440452575686,0.8721641898155212],"EasingStyle":"Linear","EasingDirection":"In"},"Head":{"Weight":1,"CFrame":[8.521601557731629e-8,-2.9831426218152049e-8,0.016662120819091798,0.998238742351532,-0.059106867760419849,0.005081698298454285,0.05803804099559784,0.9907400012016296,0.12274361401796341,-0.012289650738239289,-0.12223257124423981,0.9924253821372986],"EasingStyle":"Linear","EasingDirection":"In"},"Right Leg":{"Weight":1,"CFrame":[0.08192238211631775,0.16924840211868287,0.057006239891052249,0.9220346212387085,0.05184190720319748,-0.38362017273902895,-0.0029623014852404596,0.9919078946113586,0.12692523002624513,0.38709598779678347,-0.11589314788579941,0.914726972579956],"EasingStyle":"Linear","EasingDirection":"In"},"Torso":{"Weight":1,"CFrame":[0.007834527641534806,-0.05997617542743683,0.24774169921875,0.9987507462501526,0.04853640869259834,-0.011882576160132885,-0.049276065081357959,0.9961202144622803,-0.07291406393051148,0.008297484368085862,0.07340849190950394,0.9972675442695618],"EasingStyle":"Linear","EasingDirection":"In"},"HumanoidRootPart":{"Weight":1,"CFrame":[0,0,0,1,0,0,0,1,0,0,0,1],"EasingStyle":"Linear","EasingDirection":"In"},"Left Arm":{"Weight":1,"CFrame":[0.1875038892030716,-0.09251746535301209,0.13275361061096192,0.84422767162323,0.19887101650238038,-0.4977249503135681,-0.05243667960166931,0.9548079967498779,0.29256120324134829,0.5334136486053467,-0.2208893895149231,0.8165034651756287],"EasingStyle":"Linear","EasingDirection":"In"}}},{"Time":0.1666666716337204,"poses":{"Left Leg":{"Weight":1,"CFrame":[-0.32311609387397768,0.03679937124252319,0.20475530624389649,0.989047646522522,-0.08405891060829163,0.1213216781616211,0.07980244606733322,0.9960263967514038,0.03953499719500542,-0.12416290491819382,-0.029420185834169389,0.9918256998062134],"EasingStyle":"Linear","EasingDirection":"In"},"Right Arm":{"Weight":1,"CFrame":[-0.5182840824127197,-0.01884406805038452,0.24459421634674073,0.8578924536705017,-0.3868158459663391,0.33822211623191836,0.30856743454933169,0.914168119430542,0.2628362476825714,-0.41086098551750185,-0.12112094461917877,0.9036166071891785],"EasingStyle":"Linear","EasingDirection":"In"},"Head":{"Weight":1,"CFrame":[8.102506399154663e-8,2.510205376893282e-8,0.016662240028381349,0.9994097352027893,-0.03407273441553116,0.00438330601900816,0.03351108729839325,0.9950152635574341,0.0939234271645546,-0.007561784703284502,-0.09372106939554215,0.9955698251724243],"EasingStyle":"Linear","EasingDirection":"In"},"Right Leg":{"Weight":1,"CFrame":[0.14085811376571656,0.19078701734542848,0.06597638130187988,0.9303960800170898,0.07640739530324936,-0.3585037291049957,-0.04006725177168846,0.9933722019195557,0.10773281008005142,0.3643592596054077,-0.08586996793746948,0.9272910952568054],"EasingStyle":"Linear","EasingDirection":"In"},"Torso":{"Weight":1,"CFrame":[0.013822916895151139,-0.05138252675533295,0.28087544441223147,0.9996845722198486,0.02399183064699173,-0.007427945267409086,-0.02440950833261013,0.997748613357544,-0.062466613948345187,0.005912533029913902,0.06262823194265366,0.9980193972587586],"EasingStyle":"Linear","EasingDirection":"In"},"HumanoidRootPart":{"Weight":1,"CFrame":[0,0,0,1,0,0,0,1,0,0,0,1],"EasingStyle":"Linear","EasingDirection":"In"},"Left Arm":{"Weight":1,"CFrame":[0.1929304301738739,-0.09360691905021668,0.15103936195373536,0.8253436088562012,0.20471808314323426,-0.5262116193771362,-0.04643239080905914,0.9534084796905518,0.29808753728866579,0.5627183318138123,-0.22159156203269959,0.7963950634002686],"EasingStyle":"Linear","EasingDirection":"In"}}},{"Time":0.18333333730697633,"poses":{"Left Leg":{"Weight":1,"CFrame":[-0.338854044675827,0.0369715690612793,0.20112073421478272,0.9895045161247253,-0.1040484681725502,0.10027337074279785,0.10041049122810364,0.9941139817237854,0.04068276658654213,-0.10391619056463242,-0.030187256634235383,0.9941279292106628],"EasingStyle":"Linear","EasingDirection":"In"},"Right Arm":{"Weight":1,"CFrame":[-0.6178544759750366,-0.03578686714172363,0.27220821380615237,0.8301925659179688,-0.40528810024261477,0.38278189301490786,0.37605467438697817,0.9140191078186035,0.15215755999088288,-0.4115375876426697,0.01762671209871769,0.9112223386764526],"EasingStyle":"Linear","EasingDirection":"In"},"Head":{"Weight":1,"CFrame":[8.90286173671484e-8,-1.3715180102735758e-9,0.0166623592376709,0.9999006390571594,-0.01335084531456232,0.004547189921140671,0.013022229075431824,0.9977399706840515,0.06591948121786118,-0.005417009349912405,-0.06585375219583512,0.9978146553039551],"EasingStyle":"Linear","EasingDirection":"In"},"Right Leg":{"Weight":1,"CFrame":[0.19233277440071107,0.19211548566818238,0.06615817546844483,0.9404909014701843,0.10743501037359238,-0.3223889470100403,-0.08043625950813294,0.992128849029541,0.09597057849168778,0.33016201853752139,-0.06432775408029556,0.9417298436164856],"EasingStyle":"Linear","EasingDirection":"In"},"Torso":{"Weight":1,"CFrame":[0.017664644867181779,-0.04023542255163193,0.293365478515625,0.9999784827232361,0.0034993868321180345,-0.005549573339521885,-0.0037667108699679376,0.9987958669662476,-0.048914890736341479,0.005371719133108854,0.04893473908305168,0.998787522315979],"EasingStyle":"Linear","EasingDirection":"In"},"HumanoidRootPart":{"Weight":1,"CFrame":[0,0,0,1,0,0,0,1,0,0,0,1],"EasingStyle":"Linear","EasingDirection":"In"},"Left Arm":{"Weight":1,"CFrame":[0.1984006017446518,-0.09404122829437256,0.15800070762634278,0.8182648420333862,0.20725499093532563,-0.53617924451828,-0.04374219849705696,0.9524877071380615,0.3014196455478668,0.5731748342514038,-0.2231876105070114,0.7884530425071716],"EasingStyle":"Linear","EasingDirection":"In"}}},{"Time":0.20000000298023225,"poses":{"Left Leg":{"Weight":1,"CFrame":[-0.31006598472595217,0.01108461618423462,0.19177234172821046,0.9918032884597778,-0.09623032808303833,0.08405915647745133,0.09309299290180206,0.9948340058326721,0.0404864102602005,-0.08752094954252243,-0.03232918679714203,0.9956380128860474],"EasingStyle":"Linear","EasingDirection":"In"},"Right Arm":{"Weight":1,"CFrame":[-0.7058510780334473,-0.05358743667602539,0.27014410495758059,0.7743578553199768,-0.41055741906166079,0.48146915435791018,0.4289311170578003,0.89999920129776,0.07758563756942749,-0.46517521142959597,0.14643792808055879,0.8730223774909973],"EasingStyle":"Linear","EasingDirection":"In"},"Head":{"Weight":1,"CFrame":[9.516952559351921e-8,3.5943230614066126e-9,0.01666247844696045,0.9999811053276062,0.0022495880257338287,0.005723102483898401,-0.002474412554875016,0.9992127418518066,0.03959568962454796,-0.0056295269168913368,-0.03960920497775078,0.999199390411377],"EasingStyle":"Linear","EasingDirection":"In"},"Right Leg":{"Weight":1,"CFrame":[0.21604344248771668,0.15805333852767945,0.052028536796569827,0.9525021910667419,0.1301235854625702,-0.27533143758773806,-0.10958436131477356,0.9900048971176148,0.08877904713153839,0.2841317653656006,-0.05439024418592453,0.9572412967681885],"EasingStyle":"Linear","EasingDirection":"In"},"Torso":{"Weight":1,"CFrame":[0.01952558569610119,-0.026404254138469697,0.28470778465270998,0.9999100565910339,-0.011990586295723915,-0.00601230189204216,0.011791638098657132,0.9994150996208191,-0.03210010007023811,0.0063936845399439339,0.03202631697058678,0.999466598033905],"EasingStyle":"Linear","EasingDirection":"In"},"HumanoidRootPart":{"Weight":1,"CFrame":[0,0,0,1,0,0,0,1,0,0,0,1],"EasingStyle":"Linear","EasingDirection":"In"},"Left Arm":{"Weight":1,"CFrame":[0.20351694524288178,-0.09395298361778259,0.15148401260375977,0.8315290808677673,0.20074070990085603,-0.5179409980773926,-0.04199706017971039,0.9524686336517334,0.3017280399799347,0.5538915395736694,-0.2291436493396759,0.8004357814788818],"EasingStyle":"Linear","EasingDirection":"In"}}},{"Time":0.21666666865348817,"poses":{"Left Leg":{"Weight":1,"CFrame":[-0.23551037907600404,-0.04328048229217529,0.1797114610671997,0.9950721263885498,-0.06800321489572525,0.07216101139783859,0.06532460451126099,0.9971073269844055,0.03885438293218613,-0.07459452748298645,-0.03394897282123566,0.9966359734535217],"EasingStyle":"Linear","EasingDirection":"In"},"Right Arm":{"Weight":1,"CFrame":[-0.7757230997085571,-0.06961950659751892,0.2600163221359253,0.6840065121650696,-0.39389288425445559,0.6139897704124451,0.4706624150276184,0.881356418132782,0.041081830859184268,-0.5573257207870483,0.260881632566452,0.7882441282272339],"EasingStyle":"Linear","EasingDirection":"In"},"Head":{"Weight":1,"CFrame":[9.48202796280384e-8,-1.3387762010097504e-9,0.0166623592376709,0.9998741149902344,0.013456535525619984,0.008407996036112309,-0.013613312505185604,0.9997291564941406,0.018879706040024759,-0.00815169420093298,-0.01899176836013794,0.9997864365577698],"EasingStyle":"Linear","EasingDirection":"In"},"Right Leg":{"Weight":1,"CFrame":[0.20086072385311128,0.09789031744003296,0.02656567096710205,0.9661810994148254,0.13038066029548646,-0.22247476875782014,-0.11448127031326294,0.9899536371231079,0.08298102021217346,0.23105886578559876,-0.05470558628439903,0.9714006781578064],"EasingStyle":"Linear","EasingDirection":"In"},"Torso":{"Weight":1,"CFrame":[0.01944860629737377,-0.012254249304533005,0.2592475414276123,0.9996945858001709,-0.023118114098906518,-0.008730504661798478,0.0229863952845335,0.9996247887611389,-0.01489770133048296,0.009071635082364083,0.01469246856868267,0.9998509287834168],"EasingStyle":"Linear","EasingDirection":"In"},"HumanoidRootPart":{"Weight":1,"CFrame":[0,0,0,1,0,0,0,1,0,0,0,1],"EasingStyle":"Linear","EasingDirection":"In"},"Left Arm":{"Weight":1,"CFrame":[0.20798541605472566,-0.09367334842681885,0.13472938537597657,0.8636197447776794,0.18238139152526856,-0.46999794244766238,-0.038522157818078998,0.9534168839454651,0.299186110496521,0.5026698708534241,-0.24027784168720246,0.8304153680801392],"EasingStyle":"Linear","EasingDirection":"In"}}},{"Time":0.23333333432674409,"poses":{"Left Leg":{"Weight":1,"CFrame":[-0.14678533375263215,-0.10242569446563721,0.16756272315979005,0.9974783062934876,-0.031275492161512378,0.06370960175991059,0.02911265939474106,0.9989772439002991,0.034598153084516528,-0.06472655385732651,-0.03265618160367012,0.997368574142456],"EasingStyle":"Linear","EasingDirection":"In"},"Right Arm":{"Weight":1,"CFrame":[-0.8213765025138855,-0.08116459846496582,0.2491011619567871,0.5912942886352539,-0.36042922735214236,0.7214304804801941,0.5016756057739258,0.8648038506507874,0.020878901705145837,-0.6314212083816528,0.3495784103870392,0.6921720504760742],"EasingStyle":"Linear","EasingDirection":"In"},"Head":{"Weight":1,"CFrame":[9.880750440061093e-8,2.1827872842550279e-11,0.0166623592376709,0.999678373336792,0.02137194760143757,0.013657037168741227,-0.021446190774440767,0.9997559189796448,0.005315300542861223,-0.013540137559175492,-0.005606460385024548,0.9998926520347595],"EasingStyle":"Linear","EasingDirection":"In"},"Right Leg":{"Weight":1,"CFrame":[0.16040028631687165,0.033983469009399417,0.0003590583801269531,0.9787254929542542,0.11396972090005875,-0.17060813307762147,-0.10153468698263169,0.9916145205497742,0.07994608581066132,0.17828893661499024,-0.060922689735889438,0.982090413570404],"EasingStyle":"Linear","EasingDirection":"In"},"Torso":{"Weight":1,"CFrame":[0.016960568726062776,-0.0012863525189459324,0.2197580337524414,0.9994196891784668,-0.0309405867010355,-0.014245858415961266,0.030921418219804765,0.9995205998420715,-0.0015638432232663036,0.014287414960563183,0.0011224335758015514,0.999897301197052],"EasingStyle":"Linear","EasingDirection":"In"},"HumanoidRootPart":{"Weight":1,"CFrame":[0,0,0,1,0,0,0,1,0,0,0,1],"EasingStyle":"Linear","EasingDirection":"In"},"Left Arm":{"Weight":1,"CFrame":[0.211780846118927,-0.09328234195709229,0.11173844337463379,0.9024673104286194,0.15595640242099763,-0.40153515338897707,-0.03372737765312195,0.954879641532898,0.2950718104839325,0.4294360280036926,-0.2527499496936798,0.8670076131820679],"EasingStyle":"Linear","EasingDirection":"In"}}},{"Time":0.25,"poses":{"Left Leg":{"Weight":1,"CFrame":[-0.11103280633687973,-0.14148759841918946,0.15881717205047608,0.9982102513313294,-0.015285621397197247,0.05781492963433266,0.01377028226852417,0.9995535612106323,0.026517828926444055,-0.05819450691342354,-0.02567424066364765,0.9979750514030457],"EasingStyle":"Linear","EasingDirection":"In"},"Right Arm":{"Weight":1,"CFrame":[-0.8373037576675415,-0.08564531803131104,0.24475789070129395,0.5495988130569458,-0.3290780186653137,0.7678859233856201,0.5234562754631043,0.8519993424415588,-0.009528552182018757,-0.6511026620864868,0.40719154477119448,0.6405157446861267],"EasingStyle":"Linear","EasingDirection":"In"},"Head":{"Weight":1,"CFrame":[7.924973033368588e-8,2.153683453798294e-9,0.016661882400512697,0.9993839859962463,0.02707860618829727,0.022329363971948625,-0.027078524231910707,0.999633252620697,-0.0003008223429787904,-0.022329416126012803,-0.0003039610164705664,0.9997506141662598],"EasingStyle":"Linear","EasingDirection":"In"},"Right Leg":{"Weight":1,"CFrame":[0.12454183399677277,-0.014258742332458496,-0.018329262733459474,0.987488865852356,0.09383242577314377,-0.12673261761665345,-0.08385467529296875,0.9931063055992127,0.08190494030714035,0.13354438543319703,-0.07025312632322312,0.9885496497154236],"EasingStyle":"Linear","EasingDirection":"In"},"Torso":{"Weight":1,"CFrame":[0.011600777506828308,0.0030058929696679117,0.16914653778076173,0.9990645051002502,-0.03656729683279991,-0.023084940388798715,0.03666112199425697,0.9993211627006531,0.003654311178252101,0.022935640066862108,-0.004497212823480368,0.9997268319129944],"EasingStyle":"Linear","EasingDirection":"In"},"HumanoidRootPart":{"Weight":1,"CFrame":[0,0,0,1,0,0,0,1,0,0,0,1],"EasingStyle":"Linear","EasingDirection":"In"},"Left Arm":{"Weight":1,"CFrame":[0.21491335332393647,-0.09285703301429749,0.08648204803466797,0.9377321600914002,0.12598371505737306,-0.32370761036872866,-0.028189225122332574,0.9564368724822998,0.29057517647743227,0.3462134897708893,-0.26335686445236208,0.9004329442977905],"EasingStyle":"Linear","EasingDirection":"In"}}},{"Time":0.2666666805744171,"poses":{"Left Leg":{"Weight":1,"CFrame":[-0.19215887784957887,-0.13381969928741456,0.15630602836608888,0.9971837997436523,-0.05257927626371384,0.053479455411434177,0.05187245458364487,0.9985482692718506,0.014520141296088696,-0.054165296256542209,-0.011705147102475167,0.9984634518623352],"EasingStyle":"Linear","EasingDirection":"In"},"Right Arm":{"Weight":1,"CFrame":[-0.8304976224899292,-0.0825808048248291,0.24795746803283692,0.5540127158164978,-0.3048303723335266,0.7746926546096802,0.5374758839607239,0.8415985107421875,-0.053212977945804599,-0.635759174823761,0.4458591938018799,0.6300951242446899],"EasingStyle":"Linear","EasingDirection":"In"},"Head":{"Weight":1,"CFrame":[1.1509109754115343e-7,-1.0477378964424134e-9,0.016662240028381349,0.9988988637924194,0.03142959624528885,0.0348329171538353,-0.03150930255651474,0.9995020031929016,0.0017424579709768296,-0.03476088121533394,-0.0028380495496094229,0.9993917346000671],"EasingStyle":"Linear","EasingDirection":"In"},"Right Leg":{"Weight":1,"CFrame":[0.14582157135009767,-0.02936267852783203,-0.02591264247894287,0.9902958869934082,0.09903070330619812,-0.09750428795814514,-0.09017456322908402,0.9917232990264893,0.09139705449342728,0.10574843734502793,-0.08171772211790085,0.9910296201705933],"EasingStyle":"Linear","EasingDirection":"In"},"Torso":{"Weight":1,"CFrame":[0.003141164779663086,0.000823221867904067,0.1102457046508789,0.998528778553009,-0.040998153388500217,-0.03549150750041008,0.04105949029326439,0.9991562962532044,0.0010008012177422643,0.035420533269643787,-0.0024565921630710365,0.9993695020675659],"EasingStyle":"Linear","EasingDirection":"In"},"HumanoidRootPart":{"Weight":1,"CFrame":[0,0,0,1,0,0,0,1,0,0,0,1],"EasingStyle":"Linear","EasingDirection":"In"},"Left Arm":{"Weight":1,"CFrame":[0.21743330359458924,-0.09247130155563355,0.06285834312438965,0.9632788300514221,0.09776995331048966,-0.2500702440738678,-0.022793715819716455,0.9577630162239075,0.28665396571159365,0.267534077167511,-0.2704279124736786,0.9248213768005371],"EasingStyle":"Linear","EasingDirection":"In"}}},{"Time":0.28333333134651186,"poses":{"Left Leg":{"Weight":1,"CFrame":[-0.28108516335487368,-0.09243416786193848,0.1549701690673828,0.9946394562721252,-0.09040440618991852,0.05019290745258331,0.09051471203565598,0.9958951473236084,0.0000747068552300334,-0.049993664026260379,0.004468870814889669,0.9987395405769348],"EasingStyle":"Linear","EasingDirection":"In"},"Right Arm":{"Weight":1,"CFrame":[-0.8123965263366699,-0.07360273599624634,0.25438642501831057,0.5613476037979126,-0.2782866656780243,0.7793880105018616,0.5447568893432617,0.8332124948501587,-0.09485144913196564,-0.622999906539917,0.4778215289115906,0.619320273399353],"EasingStyle":"Linear","EasingDirection":"In"},"Head":{"Weight":1,"CFrame":[8.65256879478693e-8,-2.7939677238464357e-9,0.016662001609802247,0.9981526136398315,0.03465142101049423,0.04990789294242859,-0.03507146239280701,0.9993561506271362,0.007565537467598915,-0.04961363971233368,-0.009301883168518544,0.998725175857544],"EasingStyle":"Linear","EasingDirection":"In"},"Right Leg":{"Weight":1,"CFrame":[0.24715372920036317,0.004491448402404785,-0.024473607540130616,0.9850903749465942,0.14735840260982514,-0.08878315985202789,-0.13749809563159944,0.9845421314239502,0.1084950640797615,0.10339844971895218,-0.09466993063688278,0.9901244640350342],"EasingStyle":"Linear","EasingDirection":"In"},"Torso":{"Weight":1,"CFrame":[-0.00747208297252655,-0.00461169146001339,0.04577827453613281,0.9977403879165649,-0.04456315189599991,-0.05028174817562103,0.04433690756559372,0.9990009069442749,-0.0056065162643790249,0.05048135668039322,0.0033645108342170717,0.998719334602356],"EasingStyle":"Linear","EasingDirection":"In"},"HumanoidRootPart":{"Weight":1,"CFrame":[0,0,0,1,0,0,0,1,0,0,0,1],"EasingStyle":"Linear","EasingDirection":"In"},"Left Arm":{"Weight":1,"CFrame":[0.2194068431854248,-0.09219300746917725,0.044683098793029788,0.9777172207832336,0.07690384238958359,-0.1953328251838684,-0.018672838807106019,0.9586533308029175,0.28396308422088625,0.20909427106380464,-0.2739882171154022,0.9387279748916626],"EasingStyle":"Linear","EasingDirection":"In"}}},{"Time":0.30000001192092898,"poses":{"Left Leg":{"Weight":1,"CFrame":[-0.32334232330322268,-0.04562854766845703,0.15286564826965333,0.9936560392379761,-0.10182693600654602,0.047739725559949878,0.10266236960887909,0.9945973753929138,-0.01538132131099701,-0.045915622264146808,0.020184872671961786,0.9987413883209229],"EasingStyle":"Linear","EasingDirection":"In"},"Right Arm":{"Weight":1,"CFrame":[-0.7843372821807861,-0.05940017104148865,0.2636603116989136,0.5710164904594421,-0.24999505281448365,0.7819480299949646,0.5460957884788513,0.8268662691116333,-0.13443000614643098,-0.6129596829414368,0.5037803053855896,0.6086755990982056],"EasingStyle":"Linear","EasingDirection":"In"},"Head":{"Weight":1,"CFrame":[9.802170097827912e-8,-6.05359673500061e-9,0.016662001609802247,0.9971455335617065,0.03680453076958656,0.06592649221420288,-0.03793466091156006,0.9991526007652283,0.015973307192325593,-0.06528274714946747,-0.018428590148687364,0.9976966381072998],"EasingStyle":"Linear","EasingDirection":"In"},"Right Leg":{"Weight":1,"CFrame":[0.3357574939727783,0.07388877868652344,-0.023323774337768556,0.9775524735450745,0.1895144283771515,-0.0920623242855072,-0.17706432938575746,0.9757704138755798,0.12853175401687623,0.11419036984443665,-0.10934557765722275,0.9874230623245239],"EasingStyle":"Linear","EasingDirection":"In"},"Torso":{"Weight":1,"CFrame":[-0.018956243991851808,-0.01224447786808014,-0.021497249603271486,0.9967007637023926,-0.047430675476789477,-0.065862737596035,0.04654715582728386,0.9988051652908325,-0.014885826967656613,0.06649008393287659,0.01177099347114563,0.9977176785469055],"EasingStyle":"Linear","EasingDirection":"In"},"HumanoidRootPart":{"Weight":1,"CFrame":[0,0,0,1,0,0,0,1,0,0,0,1],"EasingStyle":"Linear","EasingDirection":"In"},"Left Arm":{"Weight":1,"CFrame":[0.2208925038576126,-0.0920863151550293,0.03572797775268555,0.9823430180549622,0.06879068166017533,-0.17398306727409364,-0.017039405182003976,0.9589803218841553,0.2829602062702179,0.18631133437156678,-0.27499955892562868,0.943219780921936],"EasingStyle":"Linear","EasingDirection":"In"}}},{"Time":0.3166666626930237,"poses":{"Left Leg":{"Weight":1,"CFrame":[-0.34641867876052859,0.00452423095703125,0.15132606029510499,0.9936506748199463,-0.10269978642463684,0.04594600573182106,0.1041228175163269,0.9941201210021973,-0.0297264251857996,-0.04262299835681915,0.034321725368499759,0.9985015988349915],"EasingStyle":"Linear","EasingDirection":"In"},"Right Arm":{"Weight":1,"CFrame":[-0.747654378414154,-0.040665268898010257,0.2753922939300537,0.5824388861656189,-0.22043804824352265,0.7824143171310425,0.5422351360321045,0.8224484920501709,-0