{"Sequence":[{"Time":0,"poses":{"Left Leg":{"Weight":1,"CFrame":[-0.39616379141807558,0.12576007843017579,0.08530640602111817,0.9676586985588074,-0.14381912350654603,0.20725028216838838,0.1459002047777176,0.9892852306365967,0.005290573462843895,-0.20579051971435548,0.02511841244995594,0.9782736301422119],"EasingStyle":"Linear","EasingDirection":"In"},"Right Arm":{"Weight":1,"CFrame":[-0.011428596451878548,-0.03019919991493225,-0.16239726543426515,0.9257974624633789,0.05568287521600723,-0.3738965392112732,-0.060013167560100558,0.9981976747512817,0.000060128986660856756,0.3732260763645172,0.022383004426956178,0.9274705052375794],"EasingStyle":"Linear","EasingDirection":"In"},"Head":{"Weight":1,"CFrame":[8.568167686462403e-8,2.6775524020195008e-8,0.016662001609802247,0.8903740644454956,-0.4543460011482239,0.028354462236166,0.4520947337150574,0.8898225426673889,0.06185782328248024,-0.05333530530333519,-0.042257655411958697,0.9976821541786194],"EasingStyle":"Linear","EasingDirection":"In"},"Right Leg":{"Weight":1,"CFrame":[0.3035348057746887,0.07900184392929077,-0.0517846941947937,0.9867186546325684,-0.02011890523135662,0.1611883044242859,0.008620928972959519,0.9973878860473633,0.07171666622161865,-0.16221000254154206,-0.06937458366155625,0.9843145608901978],"EasingStyle":"Linear","EasingDirection":"In"},"Torso":{"Weight":1,"CFrame":[-0.008642885833978653,-0.06424592435359955,-0.021688461303710939,0.9915629625320435,0.1285998523235321,-0.01628417894244194,-0.12948524951934815,0.9885023832321167,-0.07808198779821396,0.006055615376681089,0.07953177392482758,0.996813952922821],"EasingStyle":"Linear","EasingDirection":"In"},"HumanoidRootPart":{"Weight":1,"CFrame":[0,0,0,1,0,0,0,1,0,0,0,1],"EasingStyle":"Linear","EasingDirection":"In"},"Left Arm":{"Weight":1,"CFrame":[-0.020505890250205995,-0.13603106141090394,0.04494905471801758,0.6085072159767151,0.10917899012565613,-0.7860019207000732,-0.13613244891166688,0.9901689291000366,0.03214743733406067,0.7817844152450562,0.08743834495544434,0.6173877120018005],"EasingStyle":"Linear","EasingDirection":"In"}}},{"Time":0.03333333507180214,"poses":{"Left Leg":{"Weight":1,"CFrame":[-0.6442458629608154,0.2505863308906555,0.11051058769226074,0.9461979269981384,-0.27049052715301516,0.1776069700717926,0.27117249369621279,0.9623039960861206,0.02089504525065422,-0.17656384408473969,0.028391260653734208,0.9838796257972717],"EasingStyle":"Linear","EasingDirection":"In"},"Right Arm":{"Weight":1,"CFrame":[-0.0118083655834198,-0.027371078729629518,-0.11790460348129273,0.9654507040977478,0.03932265192270279,-0.25760188698768618,-0.02597123570740223,0.9981468915939331,0.055030036717653278,0.259288489818573,-0.046438559889793399,0.9646828770637512],"EasingStyle":"Linear","EasingDirection":"In"},"Head":{"Weight":1,"CFrame":[9.12696123123169e-8,3.5390257835388186e-8,0.016662240028381349,0.7556664943695068,-0.649488091468811,0.08445955067873001,0.6497384905815125,0.7596324682235718,0.028257908299565316,-0.08251144737005234,0.03352312371134758,0.9960262179374695],"EasingStyle":"Linear","EasingDirection":"In"},"Right Leg":{"Weight":1,"CFrame":[0.42005860805511477,0.12866449356079102,-0.07224106788635254,0.9882965087890625,0.043313223868608478,0.14626722037792207,-0.05903387442231178,0.9927282333374023,0.10490840673446655,-0.1406596153974533,-0.11231532692909241,0.983666718006134],"EasingStyle":"Linear","EasingDirection":"In"},"Torso":{"Weight":1,"CFrame":[-0.00941680371761322,-0.0682171881198883,-0.05395793914794922,0.9928255081176758,0.11352061480283737,-0.03755728155374527,-0.11630138754844666,0.9897582530975342,-0.08278065174818039,0.027775323018431665,0.08655471354722977,0.9958598613739014],"EasingStyle":"Linear","EasingDirection":"In"},"HumanoidRootPart":{"Weight":1,"CFrame":[0,0,0,1,0,0,0,1,0,0,0,1],"EasingStyle":"Linear","EasingDirection":"In"},"Left Arm":{"Weight":1,"CFrame":[-0.05907822400331497,-0.27889665961265566,0.041712164878845218,0.38283342123031618,0.2712748944759369,-0.8830903768539429,-0.4587401747703552,0.8855534791946411,0.07316046208143234,0.8018704056739807,0.37710073590278628,0.46346408128738406],"EasingStyle":"Linear","EasingDirection":"In"}}},{"Time":0.06666667014360428,"poses":{"Left Leg":{"Weight":1,"CFrame":[-0.8045129776000977,0.3423503041267395,0.0631798505783081,0.9361391663551331,-0.3375099301338196,0.09864305704832077,0.33578887581825259,0.9413211345672607,0.03406382352113724,-0.10435168445110321,0.0012347782030701638,0.9945397973060608],"EasingStyle":"Linear","EasingDirection":"In"},"Right Arm":{"Weight":1,"CFrame":[-0.014365214854478836,-0.02220785617828369,-0.017122983932495118,0.9985753297805786,-0.0319807194173336,0.04271632805466652,0.022879235446453096,0.9797929525375366,0.19870181381702424,-0.04820776730775833,-0.1974414736032486,0.9791286587715149],"EasingStyle":"Linear","EasingDirection":"In"},"Head":{"Weight":1,"CFrame":[8.288770914077759e-8,-1.862645149230957e-9,0.016661763191223146,0.6806339025497437,-0.7195060849189758,0.1380179226398468,0.7276860475540161,0.6857768893241882,-0.013528246432542801,-0.08491579443216324,0.10964155942201615,0.9903374314308167],"EasingStyle":"Linear","EasingDirection":"In"},"Right Leg":{"Weight":1,"CFrame":[0.4615674614906311,0.16028738021850587,-0.07318621873855591,0.9900858998298645,0.07956063002347946,0.11575818061828613,-0.09562304615974426,0.9854416251182556,0.1405743956565857,-0.10288864374160767,-0.1502499282360077,0.9832797646522522],"EasingStyle":"Linear","EasingDirection":"In"},"Torso":{"Weight":1,"CFrame":[-0.0007418841123580933,-0.07120394706726074,-0.07087135314941406,0.994878351688385,0.08289899677038193,-0.057836100459098819,-0.08769861608743668,0.9924206137657166,-0.08608393371105194,0.05026146396994591,0.09071517735719681,0.9946077466011047],"EasingStyle":"Linear","EasingDirection":"In"},"HumanoidRootPart":{"Weight":1,"CFrame":[0,0,0,1,0,0,0,1,0,0,0,1],"EasingStyle":"Linear","EasingDirection":"In"},"Left Arm":{"Weight":1,"CFrame":[-0.10426652431488037,-0.36376553773880007,0.01301121711730957,0.11556337773799896,0.33897846937179568,-0.9336695671081543,-0.7885143756866455,0.6029347777366638,0.12130474299192429,0.604061484336853,0.7221934199333191,0.3369666337966919],"EasingStyle":"Linear","EasingDirection":"In"}}},{"Time":0.10000000149011612,"poses":{"Left Leg":{"Weight":1,"CFrame":[-0.9119420051574707,0.3999061584472656,-0.02755916118621826,0.9280335307121277,-0.37249621748924258,-0.000688137486577034,0.3720065951347351,0.9267157912254334,0.05299841985106468,-0.019104044884443284,-0.049440305680036548,0.9985944032669067],"EasingStyle":"Linear","EasingDirection":"In"},"Right Arm":{"Weight":1,"CFrame":[-0.019184524193406106,-0.018819093704223634,0.09145474433898926,0.9233369827270508,-0.1470930129289627,0.3547007441520691,0.012320360168814659,0.9345946907997131,0.35550108551979067,-0.3837931752204895,-0.323877215385437,0.8647580146789551],"EasingStyle":"Linear","EasingDirection":"In"},"Head":{"Weight":1,"CFrame":[7.916241884231568e-8,-4.819594323635101e-8,0.016662240028381349,0.6591899394989014,-0.7297015190124512,0.181671604514122,0.7474808692932129,0.6622171998023987,-0.052352484315633777,-0.08210434019565582,0.1703062355518341,0.9819647073745728],"EasingStyle":"Linear","EasingDirection":"In"},"Right Leg":{"Weight":1,"CFrame":[0.4798945188522339,0.184486985206604,-0.07104802131652832,0.9904795289039612,0.1058482900261879,0.0880136787891388,-0.1202407032251358,0.9765182733535767,0.17875774204730988,-0.06702569127082825,-0.1876387745141983,0.9799486398696899],"EasingStyle":"Linear","EasingDirection":"In"},"Torso":{"Weight":1,"CFrame":[0.01456025242805481,-0.07278423011302948,-0.08011937141418457,0.9953895807266235,0.05595849081873894,-0.07789864391088486,-0.0627303197979927,0.9941973686218262,-0.08738700300455094,0.07255658507347107,0.09187071770429611,0.9931240677833557],"EasingStyle":"Linear","EasingDirection":"In"},"HumanoidRootPart":{"Weight":1,"CFrame":[0,0,0,1,0,0,0,1,0,0,0,1],"EasingStyle":"Linear","EasingDirection":"In"},"Left Arm":{"Weight":1,"CFrame":[-0.15787957608699799,-0.40205448865890505,-0.04770791530609131,-0.08165213465690613,0.29961127042770388,-0.950560986995697,-0.9505670666694641,0.263280987739563,0.1646372675895691,0.2995918393135071,0.9170149564743042,0.26330310106277468],"EasingStyle":"Linear","EasingDirection":"In"}}},{"Time":0.13333334028720857,"poses":{"Left Leg":{"Weight":1,"CFrame":[-0.9674538969993591,0.41391074657440188,-0.12428176403045654,0.9181652069091797,-0.38597044348716738,-0.08944057673215866,0.3931621313095093,0.9155018925666809,0.08532172441482544,0.04895131289958954,-0.11350410431623459,0.9923308491706848],"EasingStyle":"Linear","EasingDirection":"In"},"Right Arm":{"Weight":1,"CFrame":[-0.023897286504507066,-0.01972752809524536,0.15611231327056886,0.82103431224823,-0.21689163148403169,0.5280727744102478,-0.042177069932222369,0.8994431495666504,0.4349976181983948,-0.5693188309669495,-0.379420667886734,0.7293258905410767],"EasingStyle":"Linear","EasingDirection":"In"},"Head":{"Weight":1,"CFrame":[8.195638656616211e-8,-2.7939677238464357e-9,0.016662120819091798,0.6585597395896912,-0.7217472791671753,0.21302559971809388,0.7471222877502441,0.6609557271003723,-0.0703280121088028,-0.09004143625497818,0.20547136664390565,0.9745122790336609],"EasingStyle":"Linear","EasingDirection":"In"},"Right Leg":{"Weight":1,"CFrame":[0.504364013671875,0.2095407247543335,-0.07988172769546509,0.9887546300888062,0.12543219327926637,0.08143071085214615,-0.1405448168516159,0.9654641151428223,0.21937671303749085,-0.05110146105289459,-0.22835440933704377,0.9722360372543335],"EasingStyle":"Linear","EasingDirection":"In"},"Torso":{"Weight":1,"CFrame":[0.033563047647476199,-0.07192173600196839,-0.08940696716308594,0.9937619566917419,0.05201147869229317,-0.09865047037601471,-0.06052221730351448,0.9945122003555298,-0.0853380560874939,0.09367052465677262,0.09077625721693039,0.9914563298225403],"EasingStyle":"Linear","EasingDirection":"In"},"HumanoidRootPart":{"Weight":1,"CFrame":[0,0,0,1,0,0,0,1,0,0,0,1],"EasingStyle":"Linear","EasingDirection":"In"},"Left Arm":{"Weight":1,"CFrame":[-0.2181890606880188,-0.4028089940547943,-0.13978677988052369,-0.16389477252960206,0.24585308134555818,-0.9553506374359131,-0.9813587665557861,0.05789820849895477,0.1832563430070877,0.10036727786064148,0.9675764441490173,0.23178087174892426],"EasingStyle":"Linear","EasingDirection":"In"}}},{"Time":0.1666666716337204,"poses":{"Left Leg":{"Weight":1,"CFrame":[-0.9446412324905396,0.35087233781814577,-0.1787804365158081,0.9162397980690002,-0.37371695041656496,-0.14436158537864686,0.39148274064064028,0.9117352366447449,0.12441861629486084,0.08512213826179505,-0.17051240801811219,0.981671929359436],"EasingStyle":"Linear","EasingDirection":"In"},"Right Arm":{"Weight":1,"CFrame":[-0.027523189783096315,-0.025978922843933107,0.138419508934021,0.8170493245124817,-0.17169828712940217,0.550409197807312,-0.08997630327939987,0.9049644470214844,0.41586488485336306,-0.5695039629936218,-0.3893059194087982,0.7239516973495483],"EasingStyle":"Linear","EasingDirection":"In"},"Head":{"Weight":1,"CFrame":[7.916241884231568e-8,4.423782229423523e-8,0.016662240028381349,0.6481657028198242,-0.7250131368637085,0.23288866877555848,0.7526236176490784,0.6564749479293823,-0.05097602307796478,-0.11592727899551392,0.20831838250160218,0.9711665511131287],"EasingStyle":"Linear","EasingDirection":"In"},"Right Leg":{"Weight":1,"CFrame":[0.5402445197105408,0.24015748500823975,-0.09451383352279663,0.9870957136154175,0.13803763687610627,0.08116425573825836,-0.15433448553085328,0.9552437663078308,0.2523689866065979,-0.04269514977931976,-0.2616388201713562,0.9642210602760315],"EasingStyle":"Linear","EasingDirection":"In"},"Torso":{"Weight":1,"CFrame":[0.05365309119224548,-0.06732645630836487,-0.10474848747253418,0.989118218421936,0.08452488481998444,-0.12041906267404556,-0.09434865415096283,0.9924511313438416,-0.07835265249013901,0.11288727819919586,0.08886142075061798,0.9896262884140015],"EasingStyle":"Linear","EasingDirection":"In"},"HumanoidRootPart":{"Weight":1,"CFrame":[0,0,0,1,0,0,0,1,0,0,0,1],"EasingStyle":"Linear","EasingDirection":"In"},"Left Arm":{"Weight":1,"CFrame":[-0.2831997275352478,-0.3781118392944336,-0.25676536560058596,-0.16119886934757234,0.23531441390514375,-0.9584582448005676,-0.982968270778656,0.048560794442892078,0.1772434562444687,0.0882515013217926,0.9707054495811462,0.22347863018512727],"EasingStyle":"Linear","EasingDirection":"In"}}},{"Time":0.20000000298023225,"poses":{"Left Leg":{"Weight":1,"CFrame":[-0.8068190813064575,0.2298426628112793,-0.16681957244873048,0.932548463344574,-0.31871259212493899,-0.16963404417037965,0.34393978118896487,0.927110493183136,0.14890137314796449,0.10981278121471405,-0.19720159471035005,0.9741933345794678],"EasingStyle":"Linear","EasingDirection":"In"},"Right Arm":{"Weight":1,"CFrame":[-0.03211735188961029,-0.03219646215438843,0.06528854370117188,0.8916851282119751,-0.03150906041264534,0.45155835151672366,-0.13460476696491242,0.9339901208877564,0.3309740722179413,-0.4321797788143158,-0.35590678453445437,0.8285838961601257],"EasingStyle":"Linear","EasingDirection":"In"},"Head":{"Weight":1,"CFrame":[1.0617077350616455e-7,-8.381903171539307e-9,0.016661882400512697,0.6257275938987732,-0.7420101761817932,0.24059490859508515,0.7648342251777649,0.6442232131958008,-0.0023181643337011339,-0.1532767415046692,0.1854657530784607,0.9706228971481323],"EasingStyle":"Linear","EasingDirection":"In"},"Right Leg":{"Weight":1,"CFrame":[0.5734525918960571,0.27577948570251467,-0.10086596012115479,0.9873765110969544,0.14431317150592805,0.0652787834405899,-0.15671630203723908,0.949878454208374,0.2705013155937195,-0.022969944402575494,-0.2773168683052063,0.9605039358139038],"EasingStyle":"Linear","EasingDirection":"In"},"Torso":{"Weight":1,"CFrame":[0.07321277260780335,-0.05915018916130066,-0.12529587745666505,0.9794931411743164,0.14339473843574525,-0.14153142273426057,-0.15398572385311128,0.9858056306838989,-0.0669015571475029,0.12992912530899049,0.08732343465089798,0.9876706004142761],"EasingStyle":"Linear","EasingDirection":"In"},"HumanoidRootPart":{"Weight":1,"CFrame":[0,0,0,1,0,0,0,1,0,0,0,1],"EasingStyle":"Linear","EasingDirection":"In"},"Left Arm":{"Weight":1,"CFrame":[-0.3472830057144165,-0.33848679065704348,-0.38369280099868777,-0.10341253876686096,0.2567509710788727,-0.9609291553497315,-0.9716392755508423,0.18048039078712464,0.1527877300977707,0.21265731751918794,0.9494766592979431,0.23080535233020783],"EasingStyle":"Linear","EasingDirection":"In"}}},{"Time":0.23333333432674409,"poses":{"Left Leg":{"Weight":1,"CFrame":[-0.5009923577308655,0.11448115110397339,-0.09782439470291138,0.9662987589836121,-0.1903906762599945,-0.1732572764158249,0.21769101917743684,0.9635939598083496,0.15523318946361543,0.13739463686943055,-0.18771815299987794,0.9725660681724548],"EasingStyle":"Linear","EasingDirection":"In"},"Right Arm":{"Weight":1,"CFrame":[-0.040752485394477847,-0.03138646483421326,-0.019135713577270509,0.9603156447410584,0.14738410711288453,0.23679478466510774,-0.19987887144088746,0.9557803273200989,0.21571390330791474,-0.19453099370002747,-0.25448378920555117,0.9473097324371338],"EasingStyle":"Linear","EasingDirection":"In"},"Head":{"Weight":1,"CFrame":[2.2351741790771486e-8,-1.955777406692505e-8,0.016662120819091798,0.5971444249153137,-0.7667968273162842,0.2354598194360733,0.7786452770233154,0.6246382594108582,0.05948769673705101,-0.19269223511219026,0.14781694114208222,0.9700618982315064],"EasingStyle":"Linear","EasingDirection":"In"},"Right Leg":{"Weight":1,"CFrame":[0.6000247597694397,0.31317847967147829,-0.10035443305969238,0.9884151816368103,0.14601518213748933,0.04141159728169441,-0.1517687886953354,0.948601245880127,0.2777082920074463,0.0012665956746786833,-0.28077608346939089,0.9597724676132202],"EasingStyle":"Linear","EasingDirection":"In"},"Torso":{"Weight":1,"CFrame":[0.09076884388923645,-0.04862542450428009,-0.14841938018798829,0.9640416502952576,0.21223188936710359,-0.1599416732788086,-0.22305350005626679,0.973372757434845,-0.05284501612186432,0.14446745812892915,0.08662033826112747,0.9857109189033508],"EasingStyle":"Linear","EasingDirection":"In"},"HumanoidRootPart":{"Weight":1,"CFrame":[0,0,0,1,0,0,0,1,0,0,0,1],"EasingStyle":"Linear","EasingDirection":"In"},"Left Arm":{"Weight":1,"CFrame":[-0.40399158000946047,-0.29354387521743777,-0.5044835805892944,-0.007394582033157349,0.2791880667209625,-0.960207998752594,-0.9148264527320862,0.38584473729133608,0.11923246830701828,0.4037795066833496,0.879305362701416,0.2525552809238434],"EasingStyle":"Linear","EasingDirection":"In"}}},{"Time":0.2666666805744171,"poses":{"Left Leg":{"Weight":1,"CFrame":[-0.06485246121883393,0.07599115371704102,-0.01437002420425415,0.9869105219841003,0.001250907895155251,-0.1612638533115387,0.02317865751683712,0.9884874224662781,0.14951762557029725,0.15959425270557404,-0.151298388838768,0.975519597530365],"EasingStyle":"Linear","EasingDirection":"In"},"Right Arm":{"Weight":1,"CFrame":[-0.05534423887729645,-0.020944714546203615,-0.08048194646835327,0.9565611481666565,0.2897404730319977,-0.03226674348115921,-0.2842845320701599,0.9515763521194458,0.1169823706150055,0.06459870934486389,-0.10272792726755142,0.9926097393035889],"EasingStyle":"Linear","EasingDirection":"In"},"Head":{"Weight":1,"CFrame":[2.0675361156463624e-7,4.6566128730773929e-8,0.016662240028381349,0.569012463092804,-0.7920386791229248,0.22113248705863954,0.7905158400535584,0.6009238362312317,0.11821726709604263,-0.22651644051074983,0.10754162818193436,0.9680522680282593],"EasingStyle":"Linear","EasingDirection":"In"},"Right Leg":{"Weight":1,"CFrame":[0.6195979118347168,0.348175048828125,-0.09638333320617676,0.9890833497047424,0.14637278020381928,0.01699930801987648,-0.14525118470191956,0.9490098357200623,0.2797899544239044,0.024821216240525247,-0.279204785823822,0.9599108099937439],"EasingStyle":"Linear","EasingDirection":"In"},"Torso":{"Weight":1,"CFrame":[0.10435980558395386,-0.03775273263454437,-0.1714315414428711,0.9455970525741577,0.27477580308914187,-0.17419734597206117,-0.2854447066783905,0.957602322101593,-0.03897709771990776,0.15610182285308839,0.0865803211927414,0.9839390516281128],"EasingStyle":"Linear","EasingDirection":"In"},"HumanoidRootPart":{"Weight":1,"CFrame":[0,0,0,1,0,0,0,1,0,0,0,1],"EasingStyle":"Linear","EasingDirection":"In"},"Left Arm":{"Weight":1,"CFrame":[-0.4466206431388855,-0.2532920837402344,-0.6021727323532105,0.09940268099308014,0.2792220115661621,-0.9550676941871643,-0.8063133955001831,0.585037350654602,0.08711998164653778,0.5830762386322022,0.7614238858222961,0.28329455852508547],"EasingStyle":"Linear","EasingDirection":"In"}}},{"Time":0.30000001192092898,"poses":{"Left Leg":{"Weight":1,"CFrame":[-0.05384354293346405,0.07096457481384278,-0.012550115585327149,0.9900380373001099,-0.021282406523823739,-0.13918279111385346,0.04072985798120499,0.9895370602607727,0.13841110467910767,0.1347806602716446,-0.1427011489868164,0.9805460572242737],"EasingStyle":"Linear","EasingDirection":"In"},"Right Arm":{"Weight":1,"CFrame":[-0.06840753555297852,-0.016046583652496339,-0.12008839845657349,0.9012599587440491,0.3586268424987793,-0.2431405782699585,-0.35287222266197207,0.9331684708595276,0.068394735455513,0.25141918659210207,0.024156028404831888,0.967576801776886],"EasingStyle":"Linear","EasingDirection":"In"},"Head":{"Weight":1,"CFrame":[4.6566128730773929e-8,-1.4901161193847657e-8,0.016662120819091798,0.5476573705673218,-0.8107885718345642,0.20662382245063783,0.7985934019088745,0.5802043080329895,0.16003648936748506,-0.24963977932929994,0.07736335694789887,0.9652435183525086],"EasingStyle":"Linear","EasingDirection":"In"},"Right Leg":{"Weight":1,"CFrame":[0.6342566013336182,0.37733733654022219,-0.09457868337631226,0.9888915419578552,0.1486336588859558,-0.0012496985727921129,-0.14211389422416688,0.9479107856750488,0.28507697582244875,0.043556783348321918,-0.28173261880874636,0.958503782749176],"EasingStyle":"Linear","EasingDirection":"In"},"Torso":{"Weight":1,"CFrame":[0.11134076118469238,-0.029003292322158815,-0.19162631034851075,0.9308570027351379,0.3158607482910156,-0.18367698788642884,-0.3262629806995392,0.9448443651199341,-0.02866395190358162,0.16449236869812013,0.08660904318094254,0.982568621635437],"EasingStyle":"Linear","EasingDirection":"In"},"HumanoidRootPart":{"Weight":1,"CFrame":[0,0,0,1,0,0,0,1,0,0,0,1],"EasingStyle":"Linear","EasingDirection":"In"},"Left Arm":{"Weight":1,"CFrame":[-0.46758586168289187,-0.22725754976272584,-0.6579160094261169,0.18090932071208955,0.2592508792877197,-0.9487155675888062,-0.6995446681976318,0.7119667530059815,0.06116018444299698,0.6913096904754639,0.652604341506958,0.3101586699485779],"EasingStyle":"Linear","EasingDirection":"In"}}},{"Time":0.3333333432674408,"poses":{"Left Leg":{"Weight":1,"CFrame":[-0.04824541509151459,0.06540685892105103,-0.01132667064666748,0.9914054274559021,-0.027139948680996896,-0.12797969579696656,0.04352954775094986,0.9909391403198242,0.12706258893013,0.12337157875299454,-0.13154152035713197,0.9836037755012512],"EasingStyle":"Linear","EasingDirection":"In"},"Right Arm":{"Weight":1,"CFrame":[-0.07162640988826752,-0.029845386743545533,-0.1458796262741089,0.865898847579956,0.3753104507923126,-0.33069828152656557,-0.3744216859340668,0.9246845245361328,0.06904301792383194,0.33170419931411745,0.06403624266386032,0.9412075877189636],"EasingStyle":"Linear","EasingDirection":"In"},"Head":{"Weight":1,"CFrame":[1.1175870895385742e-7,1.30385160446167e-8,0.016662001609802247,0.5381199717521668,-0.8185542225837708,0.20098794996738435,0.8018298149108887,0.5706523060798645,0.17727045714855195,-0.259799599647522,0.0657653883099556,0.963420569896698],"EasingStyle":"Linear","EasingDirection":"In"},"Right Leg":{"Weight":1,"CFrame":[0.6443156003952026,0.39524757862091067,-0.08896583318710327,0.9870588183403015,0.15919281542301179,-0.019300827756524087,-0.14687779545783997,0.945811927318573,0.28959763050079348,0.06435692310333252,-0.28301510214805605,0.9569539427757263],"EasingStyle":"Linear","EasingDirection":"In"},"Torso":{"Weight":1,"CFrame":[0.1097792387008667,-0.024852614849805833,-0.20643854141235352,0.9267719984054565,0.3251550793647766,-0.18806390464305879,-0.33550018072128298,0.9417040944099426,-0.02516303025186062,0.1689186841249466,0.0864158496260643,0.9818344712257385],"EasingStyle":"Linear","EasingDirection":"In"},"HumanoidRootPart":{"Weight":1,"CFrame":[0,0,0,1,0,0,0,1,0,0,0,1],"EasingStyle":"Linear","EasingDirection":"In"},"Left Arm":{"Weight":1,"CFrame":[-0.4610823392868042,-0.2215193212032318,-0.6552516222000122,0.21464800834655763,0.2417430281639099,-0.9463015794754028,-0.6623854041099548,0.7480486035346985,0.04084932059049606,0.7177547812461853,0.6180481910705566,0.32069411873817446],"EasingStyle":"Linear","EasingDirection":"In"}}},{"Time":0.36666667461395266,"poses":{"Left Leg":{"Weight":1,"CFrame":[-0.14090457558631898,0.05939006805419922,-0.02271503210067749,0.9894639253616333,-0.06450555473566055,-0.1296156644821167,0.08021926134824753,0.9895374178886414,0.11991939693689347,0.12052398175001145,-0.12905359268188477,0.9842860698699951],"EasingStyle":"Linear","EasingDirection":"In"},"Right Arm":{"Weight":1,"CFrame":[-0.06986737251281738,-0.05150717496871948,-0.15639764070510865,0.8729692697525024,0.3665270507335663,-0.3218425214290619,-0.3542044460773468,0.9299818277359009,0.09835200011730194,0.33535632491111758,0.028139740228652955,0.9416710734367371],"EasingStyle":"Linear","EasingDirection":"In"},"Head":{"Weight":1,"CFrame":[2.421438694000244e-8,2.2351741790771486e-8,0.016661882400512697,0.5427097678184509,-0.8154909610748291,0.2010982632637024,0.7988601326942444,0.5751099586486816,0.17627058923244477,-0.25940072536468508,0.06498552113771439,0.9635810256004334],"EasingStyle":"Linear","EasingDirection":"In"},"Right Leg":{"Weight":1,"CFrame":[0.6442540884017944,0.3975658416748047,-0.06769818067550659,0.9830759167671204,0.17687386274337769,-0.04772181436419487,-0.15669597685337068,0.946783185005188,0.2811550498008728,0.09491127729415894,-0.2689189016819,0.9584750533103943],"EasingStyle":"Linear","EasingDirection":"In"},"Torso":{"Weight":1,"CFrame":[0.10247397422790528,-0.027249105274677278,-0.21384239196777345,0.9333251118659973,0.3071120083332062,-0.1859741508960724,-0.3179208040237427,0.9476222395896912,-0.03063502348959446,0.1668248474597931,0.08771750330924988,0.9820769429206848],"EasingStyle":"Linear","EasingDirection":"In"},"HumanoidRootPart":{"Weight":1,"CFrame":[0,0,0,1,0,0,0,1,0,0,0,1],"EasingStyle":"Linear","EasingDirection":"In"},"Left Arm":{"Weight":1,"CFrame":[-0.43131494522094729,-0.2332753837108612,-0.5909366607666016,0.2036713808774948,0.24425755441188813,-0.9480804800987244,-0.6909382343292236,0.7219372391700745,0.03756445646286011,0.6936299204826355,0.6474140882492065,0.31580451130867007],"EasingStyle":"Linear","EasingDirection":"In"}}},{"Time":0.4000000059604645,"poses":{"Left Leg":{"Weight":1,"CFrame":[-0.5532398819923401,0.10476642847061157,-0.078349769115448,0.9590852856636047,-0.25583869218826296,-0.12125217169523239,0.2699194550514221,0.9555115699768066,0.11891742795705795,0.08543416857719422,-0.14678026735782624,0.9854727983474731],"EasingStyle":"Linear","EasingDirection":"In"},"Right Arm":{"Weight":1,"CFrame":[-0.0722254067659378,-0.06452509760856629,-0.14770221710205079,0.9084715247154236,0.3350452482700348,-0.24984848499298097,-0.3070242702960968,0.9405961036682129,0.1449657380580902,0.2835765480995178,-0.05498789623379707,0.9573717713356018],"EasingStyle":"Linear","EasingDirection":"In"},"Head":{"Weight":1,"CFrame":[1.0617077350616455e-7,-3.5390257835388186e-8,0.016662120819091798,0.5630374550819397,-0.8021754026412964,0.19875462353229524,0.7873827219009399,0.5937418937683106,0.16582852602005006,-0.2510325610637665,0.06312824785709381,0.9659180045127869],"EasingStyle":"Linear","EasingDirection":"In"},"Right Leg":{"Weight":1,"CFrame":[0.6270435452461243,0.3831673860549927,-0.03054147958755493,0.9775270223617554,0.19188933074474336,-0.08728887885808945,-0.1640850156545639,0.952533483505249,0.25642985105514529,0.13235174119472505,-0.2363443374633789,0.9626133441925049],"EasingStyle":"Linear","EasingDirection":"In"},"Torso":{"Weight":1,"CFrame":[0.09398627281188965,-0.03764580935239792,-0.21211576461791993,0.9470497369766235,0.2691720724105835,-0.175052210688591,-0.2810449004173279,0.9585662484169006,-0.04652441293001175,0.1552760750055313,0.09325845539569855,0.9834592938423157],"EasingStyle":"Linear","EasingDirection":"In"},"HumanoidRootPart":{"Weight":1,"CFrame":[0,0,0,1,0,0,0,1,0,0,0,1],"EasingStyle":"Linear","EasingDirection":"In"},"Left Arm":{"Weight":1,"CFrame":[-0.3853474259376526,-0.2581220865249634,-0.4653139114379883,0.14984890818595887,0.27281925082206728,-0.9503237009048462,-0.7513923645019531,0.6561445593833923,0.06988494098186493,0.6426156759262085,0.7035937309265137,0.303316593170166],"EasingStyle":"Linear","EasingDirection":"In"}}},{"Time":0.4333333373069763,"poses":{"Left Leg":{"Weight":1,"CFrame":[-0.7402231693267822,0.1939360499382019,-0.08671963214874268,0.9412869811058044,-0.32693806290626528,-0.08420398831367493,0.3353436291217804,0.9342620372772217,0.12124013900756836,0.03903055936098099,-0.14235898852348329,0.989045262336731],"EasingStyle":"Linear","EasingDirection":"In"},"Right Arm":{"Weight":1,"CFrame":[-0.08566847443580628,-0.056989848613739017,-0.1179010272026062,0.9500309824943543,0.27768513560295107,-0.14259099960327149,-0.2469610869884491,0.9480024576187134,0.20075275003910066,0.19092272222042085,-0.15550702810287476,0.9692090749740601],"EasingStyle":"Linear","EasingDirection":"In"},"Head":{"Weight":1,"CFrame":[1.1734664440155029e-7,4.190951585769653e-8,0.0166623592376709,0.5980662107467651,-0.779376208782196,0.18678763508796693,0.765810489654541,0.6244608759880066,0.153567373752594,-0.23632831871509553,0.05120044946670532,0.9703234434127808],"EasingStyle":"Linear","EasingDirection":"In"},"Right Leg":{"Weight":1,"CFrame":[0.5866445302963257,0.3511342406272888,0.01730525493621826,0.9714006781578064,0.19439034163951875,-0.1363561451435089,-0.16271859407424928,0.9631994366645813,0.21393811702728272,0.17292575538158418,-0.18563202023506165,0.9672836065292358],"EasingStyle":"Linear","EasingDirection":"In"},"Torso":{"Weight":1,"CFrame":[0.08857607841491699,-0.05613502860069275,-0.2004995346069336,0.963706910610199,0.21855418384075166,-0.1533070057630539,-0.2315582036972046,0.9701067805290222,-0.0726214200258255,0.13285242021083833,0.10548526793718338,0.985506534576416],"EasingStyle":"Linear","EasingDirection":"In"},"HumanoidRootPart":{"Weight":1,"CFrame":[0,0,0,1,0,0,0,1,0,0,0,1],"EasingStyle":"Linear","EasingDirection":"In"},"Left Arm":{"Weight":1,"CFrame":[-0.32939696311950686,-0.2902166545391083,-0.2846810817718506,0.05652621388435364,0.32776302099227908,-0.9430675506591797,-0.8049403429031372,0.573776125907898,0.15116862952709199,0.5906571745872498,0.750568151473999,0.29626283049583437],"EasingStyle":"Linear","EasingDirection":"In"}}},{"Time":0.46666666865348818,"poses":{"Left Leg":{"Weight":1,"CFrame":[-0.8396163582801819,0.30527085065841677,-0.06231337785720825,0.9346908926963806,-0.35431182384490969,-0.028565142303705217,0.3551638722419739,0.9276002645492554,0.1158289685845375,-0.0145425358787179,-0.1184096410870552,0.9928584098815918],"EasingStyle":"Linear","EasingDirection":"In"},"Right Arm":{"Weight":1,"CFrame":[-0.1076604425907135,-0.035144299268722537,-0.07385998964309693,0.9806152582168579,0.19459836184978486,-0.02292177453637123,-0.18222320079803468,0.9486925601959229,0.258412629365921,0.07203240692615509,-0.24922657012939454,0.9657626748085022],"EasingStyle":"Linear","EasingDirection":"In"},"Head":{"Weight":1,"CFrame":[1.0058283805847168e-7,2.421438694000244e-8,0.0166623592376709,0.6384887099266052,-0.7516394853591919,0.1654396802186966,0.7388593554496765,0.6588069200515747,0.14163479208946229,-0.21545106172561646,0.03180444985628128,0.9759966135025024],"EasingStyle":"Linear","EasingDirection":"In"},"Right Leg":{"Weight":1,"CFrame":[0.5251950025558472,0.3037336468696594,0.06338012218475342,0.9652165770530701,0.18144334852695466,-0.18824270367622376,-0.15217429399490357,0.9753433465957642,0.15983860194683076,0.21260301768779756,-0.1256331503391266,0.969028651714325],"EasingStyle":"Linear","EasingDirection":"In"},"Torso":{"Weight":1,"CFrame":[0.08714374899864197,-0.07886488735675812,-0.180619478225708,0.9791240096092224,0.16195718944072724,-0.12282513082027435,-0.17498476803302766,0.9790713787078857,-0.10392126441001892,0.10342375189065933,0.12324430793523789,0.9869723916053772],"EasingStyle":"Linear","EasingDirection":"In"},"HumanoidRootPart":{"Weight":1,"CFrame":[0,0,0,1,0,0,0,1,0,0,0,1],"EasingStyle":"Linear","EasingDirection":"In"},"Left Arm":{"Weight":1,"CFrame":[-0.2655481696128845,-0.3173670768737793,-0.07913720607757569,-0.042671870440244678,0.4055057764053345,-0.913096010684967,-0.8128890991210938,0.5172505974769592,0.2676997184753418,0.5808531641960144,0.753669023513794,0.3075590133666992],"EasingStyle":"Linear","EasingDirection":"In"}}},{"Time":0.5,"poses":{"Left Leg":{"Weight":1,"CFrame":[-0.8762902617454529,0.4111003875732422,-0.02198415994644165,0.9360353350639343,-0.35104095935821535,0.024660427123308183,0.34734776616096499,0.9328818917274475,0.09529350697994232,-0.05645721033215523,-0.08063223958015442,0.995143711566925],"EasingStyle":"Linear","EasingDirection":"In"},"Right Arm":{"Weight":1,"CFrame":[-0.13302716612815858,-0.00963670015335083,-0.02478170394897461,0.9917159080505371,0.094587542116642,0.08690708130598068,-0.1170705184340477,0.9439932107925415,0.308498352766037,-0.0528595894575119,-0.31611698865890505,0.9472465515136719],"EasingStyle":"Linear","EasingDirection":"In"},"Head":{"Weight":1,"CFrame":[1.0982330422848463e-7,5.389847501646727e-8,0.016662120819091798,0.673870861530304,-0.7259039282798767,0.13770008087158204,0.7141498923301697,0.687717616558075,0.1305166780948639,-0.18944138288497926,0.01038700807839632,0.9818370938301086],"EasingStyle":"Linear","EasingDirection":"In"},"Right Leg":{"Weight":1,"CFrame":[0.44750484824180605,0.24585109949111939,0.09633111953735352,0.9594985842704773,0.15360517799854279,-0.2361517995595932,-0.1326242834329605,0.9858630895614624,0.1023954302072525,0.24854183197021485,-0.06692881882190705,0.966306209564209],"EasingStyle":"Linear","EasingDirection":"In"},"Torso":{"Weight":1,"CFrame":[0.0889580249786377,-0.10140812397003174,-0.1542208194732666,0.9904705286026001,0.10621345043182373,-0.08767495304346085,-0.117434062063694,0.9839003682136536,-0.13471956551074983,0.0719543844461441,0.14373178780078889,0.9869974255561829],"EasingStyle":"Linear","EasingDirection":"In"},"HumanoidRootPart":{"Weight":1,"CFrame":[0,0,0,1,0,0,0,1,0,0,0,1],"EasingStyle":"Linear","EasingDirection":"In"},"Left Arm":{"Weight":1,"CFrame":[-0.19449032843112946,-0.3257848918437958,0.11520767211914063,-0.09077998995780945,0.5109460353851318,-0.8548060059547424,-0.745812714099884,0.5339282155036926,0.39835166931152346,0.6599413156509399,0.6736874580383301,0.33259984850883486],"EasingStyle":"Linear","EasingDirection":"In"}}},{"Time":0.5333333611488342,"poses":{"Left Leg":{"Weight":1,"CFrame":[-0.8765653371810913,0.48211872577667239,0.01291656494140625,0.9428831934928894,-0.3285301625728607,0.05512893199920654,0.32513150572776797,0.9436057806015015,0.062432728707790378,-0.07253102958202362,-0.040942639112472537,0.9965254664421082],"EasingStyle":"Linear","EasingDirection":"In"},"Right Arm":{"Weight":1,"CFrame":[-0.1564011126756668,0.009022057056427002,0.019819140434265138,0.9856694936752319,-0.007033543661236763,0.16854169964790345,-0.05140494182705879,0.9390857815742493,0.3398169279098511,-0.16066524386405946,-0.34361106157302859,0.9252665638923645],"EasingStyle":"Linear","EasingDirection":"In"},"Head":{"Weight":1,"CFrame":[6.891787052154541e-8,-1.979060471057892e-8,0.016661763191223146,0.6952735781669617,-0.7106242179870606,0.1077408641576767,0.7004595994949341,0.703526496887207,0.12002786993980408,-0.16109323501586915,-0.007984043098986149,0.986906886100769],"EasingStyle":"Linear","EasingDirection":"In"},"Right Leg":{"Weight":1,"CFrame":[0.35858482122421267,0.18384236097335816,0.10905003547668457,0.954997718334198,0.11346101015806198,-0.27405470609664919,-0.10369911044836045,0.9933562874794006,0.04989831522107124,0.27789559960365298,-0.01923355832695961,0.9604188203811646],"EasingStyle":"Linear","EasingDirection":"In"},"Torso":{"Weight":1,"CFrame":[0.09238924086093903,-0.12010815739631653,-0.1222848892211914,0.9969031810760498,0.058079127222299579,-0.05301719903945923,-0.06590068340301514,0.9848743081092835,-0.16024906933307649,0.04290815070271492,0.16324669122695924,0.9856517910957336],"EasingStyle":"Linear","EasingDirection":"In"},"HumanoidRootPart":{"Weight":1,"CFrame":[0,0,0,1,0,0,0,1,0,0,0,1],"EasingStyle":"Linear","EasingDirection":"In"},"Left Arm":{"Weight":1,"CFrame":[-0.11760883033275604,-0.30311134457588198,0.2621185779571533,-0.01648198626935482,0.6248466372489929,-0.7805736064910889,-0.5858101844787598,0.6266208291053772,0.5139774680137634,0.8102807402610779,0.4657394289970398,0.35571348667144778],"EasingStyle":"Linear","EasingDirection":"In"}}},{"Time":0.5666666626930237,"poses":{"Left Leg":{"Weight":1,"CFrame":[-0.8674656748771668,0.4984234571456909,0.018764495849609376,0.9537410140037537,-0.2971223294734955,0.04578695446252823,0.29600611329078677,0.9547260403633118,0.029642174020409585,-0.05252141132950783,-0.014717718586325646,0.9985113739967346],"EasingStyle":"Linear","EasingDirection":"In"},"Right Arm":{"Weight":1,"CFrame":[-0.17246076464653016,0.010362982749938965,0.050137996673583987,0.9730209112167358,-0.0952061340212822,0.21015764772891999,0.018548451364040376,0.940220057964325,0.3400621712207794,-0.22997042536735536,-0.32698947191238406,0.9166197180747986],"EasingStyle":"Linear","EasingDirection":"In"},"Head":{"Weight":1,"CFrame":[8.66129994392395e-8,1.0989606380462647e-7,0.016661763191223146,0.6948403120040894,-0.7146304249763489,0.08062613010406494,0.7065104246139526,0.699249267578125,0.10905703157186508,-0.13431312143802644,-0.018814023584127427,0.9907603859901428],"EasingStyle":"Linear","EasingDirection":"In"},"Right Leg":{"Weight":1,"CFrame":[0.2617702782154083,0.12435758113861084,0.09947657585144043,0.9526951313018799,0.06468527019023895,-0.2969641387462616,-0.06458038091659546,0.9978606700897217,0.010174674913287163,0.29698705673217776,0.009484613314270974,0.9548344612121582],"EasingStyle":"Linear","EasingDirection":"In"},"Torso":{"Weight":1,"CFrame":[0.09524135291576386,-0.13221263885498048,-0.08503317832946778,0.9994115829467773,0.023797886446118356,-0.024700919166207315,-0.02779797837138176,0.9838466644287109,-0.17684152722358704,0.020093463361263276,0.17742407321929933,0.9839293360710144],"EasingStyle":"Linear","EasingDirection":"In"},"HumanoidRootPart":{"Weight":1,"CFrame":[0,0,0,1,0,0,0,1,0,0,0,1],"EasingStyle":"Linear","EasingDirection":"In"},"Left Arm":{"Weight":1,"CFrame":[-0.038424089550971988,-0.23900604248046876,0.3278231620788574,0.21489086747169496,0.6605961322784424,-0.7193297147750855,-0.40097561478614809,0.7312728762626648,0.5517774820327759,0.89052814245224,0.16986165940761567,0.42202669382095339],"EasingStyle":"Linear","EasingDirection":"In"}}},{"Time":0.6000000238418579,"poses":{"Left Leg":{"Weight":1,"CFrame":[-0.8416183590888977,0.4529881477355957,0.010298013687133789,0.9652225971221924,-0.26053446531295779,0.0216106828302145,0.2605307400226593,0.9654607176780701,0.003039322094991803,-0.021656140685081483,0.0026966198347508909,0.9997619390487671],"EasingStyle":"Linear","EasingDirection":"In"},"Right Arm":{"Weight":1,"CFrame":[-0.17750567197799684,-0.012260198593139649,0.05897212028503418,0.964708149433136,-0.16110171377658845,0.20828919112682343,0.0939512625336647,0.9495306611061096,0.29927337169647219,-0.24599045515060426,-0.2691424787044525,0.931155800819397],"EasingStyle":"Linear","EasingDirection":"In"},"Head":{"Weight":1,"CFrame":[9.73232090473175e-8,-9.19681042432785e-9,0.016662120819091798,0.6693859100341797,-0.7403867840766907,0.06123766303062439,0.7343462705612183,0.671896755695343,0.09638567268848419,-0.11250799894332886,-0.019549520686268808,0.9934585094451904],"EasingStyle":"Linear","EasingDirection":"In"},"Right Leg":{"Weight":1,"CFrame":[0.16228243708610536,0.07454538345336914,0.0725487470626831,0.9532748460769653,0.013214578852057457,-0.301815390586853,-0.017491845414042474,0.9997811913490295,-0.011473148129880429,0.30159780383110049,0.01621633768081665,0.9532974362373352],"EasingStyle":"Linear","EasingDirection":"In"},"Torso":{"Weight":1,"CFrame":[0.09570842981338501,-0.13630154728889466,-0.04372096061706543,0.9999443292617798,0.007612072397023439,-0.007320937234908342,-0.008820795454084874,0.9831569194793701,-0.18255053460597993,0.005808042827993631,0.18260490894317628,0.9831691980361939],"EasingStyle":"Linear","EasingDirection":"In"},"HumanoidRootPart":{"Weight":1,"CFrame":[0,0,0,1,0,0,0,1,0,0,0,1],"EasingStyle":"Linear","EasingDirection":"In"},"Left Arm":{"Weight":1,"CFrame":[0.03507932648062706,-0.13524633646011353,0.2937711477279663,0.5613751411437988,0.5319790244102478,-0.6339215040206909,-0.24974694848060609,0.8392013311386108,0.48308122158050539,0.788976788520813,-0.11286986619234085,0.6039668917655945],"EasingStyle":"Linear","EasingDirection":"In"}}},{"Time":0.6333333253860474,"poses":{"Left Leg":{"Weight":1,"CFrame":[-0.7779706120491028,0.3650967478752136,0.013416647911071778,0.9759151935577393,-0.21752730011940003,0.016470560804009439,0.2178248018026352,0.975800096988678,-0.019145546481013299,-0.011907333508133889,0.022272123023867608,0.9996811151504517],"EasingStyle":"Linear","EasingDirection":"In"},"Right Arm":{"Weight":1,"CFrame":[-0.17365387082099915,-0.05000460147857666,0.0499190092086792,0.9630007743835449,-0.20341554284095765,0.17678166925907136,0.16116604208946229,0.9604232311248779,0.22718402743339539,-0.2159980684518814,-0.19028739631175996,0.9576720595359802],"EasingStyle":"Linear","EasingDirection":"In"},"Head":{"Weight":1,"CFrame":