{"Sequence":[{"Time":0,"poses":{"Left Leg":{"Weight":1,"CFrame":[-0.9341517686843872,0.09161138534545899,0.009373784065246582,0.8466078042984009,-0.5252378582954407,-0.08590977638959885,0.5307683348655701,0.8213275671005249,0.2090599536895752,-0.03924619033932686,-0.22259001433849336,0.9741219282150269],"EasingStyle":"Linear","EasingDirection":"In"},"Right Arm":{"Weight":1,"CFrame":[0.7209212779998779,-0.42511075735092165,-0.03636670112609863,-0.7658814191818237,-0.5293143391609192,-0.36503714323043826,0.38108155131340029,-0.8309445381164551,0.405349463224411,-0.5178828239440918,0.17134055495262147,0.8381168246269226],"EasingStyle":"Linear","EasingDirection":"In"},"Head":{"Weight":1,"CFrame":[8.731149137020111e-8,-8.905772119760514e-9,0.016661882400512697,0.9995827078819275,-0.028504563495516778,-0.0046892324462533,0.028323382139205934,0.998986005783081,-0.034996844828128818,0.005682039074599743,0.03484942018985748,0.9993764162063599],"EasingStyle":"Linear","EasingDirection":"In"},"Right Leg":{"Weight":1,"CFrame":[0.8689394593238831,0.24742424488067628,0.14915573596954347,0.9074774384498596,0.3989073634147644,-0.13174833357334138,-0.3563636541366577,0.8970324993133545,0.2614149749279022,0.2224629670381546,-0.1902778595685959,0.9561928510665894],"EasingStyle":"Linear","EasingDirection":"In"},"Torso":{"Weight":1,"CFrame":[0.020838525146245958,0.09829837828874588,-0.0648806095123291,0.9998115301132202,0.01886465959250927,0.004591702483594418,-0.019029824063181878,0.9990552663803101,0.03907028213143349,-0.003850317094475031,-0.03915029764175415,0.999225914478302],"EasingStyle":"Linear","EasingDirection":"In"},"HumanoidRootPart":{"Weight":0,"CFrame":[0,0,0,1,0,0,0,1,0,0,0,1],"EasingStyle":"Linear","EasingDirection":"In"},"Left Arm":{"Weight":1,"CFrame":[-0.7105106115341187,-0.4140129089355469,0.0023262500762939455,-0.7324711680412293,0.551845133304596,0.3986890912055969,-0.37277454137802126,-0.8151293992996216,0.4433998465538025,0.569671094417572,0.17615659534931184,0.8027725219726563],"EasingStyle":"Linear","EasingDirection":"In"}}},{"Time":0.03333333507180214,"poses":{"Left Leg":{"Weight":1,"CFrame":[-0.8032712936401367,0.008465826511383057,0.03661191463470459,0.8529307246208191,-0.5203229188919067,-0.042110834270715716,0.5219290256500244,0.848455011844635,0.0878305658698082,-0.009971150197088719,-0.09689223021268845,0.9952449798583984],"EasingStyle":"Linear","EasingDirection":"In"},"Right Arm":{"Weight":1,"CFrame":[0.7442663311958313,-0.7066096067428589,-0.3334289789199829,-0.8718194961547852,-0.46325430274009707,-0.15914219617843629,0.31420037150382998,-0.7781389951705933,0.5438548922538757,-0.3757779002189636,0.42414048314094546,0.823951244354248],"EasingStyle":"Linear","EasingDirection":"In"},"Head":{"Weight":1,"CFrame":[8.731149137020111e-8,-2.7910573408007623e-8,0.016662001609802247,0.9997264742851257,-0.022936128079891206,-0.004572653211653233,0.022594554349780084,0.9976693391799927,-0.06438496708869934,0.006038683466613293,0.06426405906677246,0.9979146718978882],"EasingStyle":"Linear","EasingDirection":"In"},"Right Leg":{"Weight":1,"CFrame":[0.8198698163032532,0.11001169681549072,0.13026905059814454,0.9037353992462158,0.4233255088329315,-0.06370239704847336,-0.41296038031578066,0.9012990593910217,0.13085852563381196,0.11281073093414307,-0.09195495396852493,0.9893523454666138],"EasingStyle":"Linear","EasingDirection":"In"},"Torso":{"Weight":1,"CFrame":[0.020903104916214944,0.12417872250080109,-0.05451464653015137,0.9999023675918579,0.013170852325856686,0.004670214839279652,-0.013459868729114533,0.9975617527961731,0.06848060339689255,-0.0037568791303783657,-0.06853677332401276,0.9976416230201721],"EasingStyle":"Linear","EasingDirection":"In"},"HumanoidRootPart":{"Weight":0,"CFrame":[0,0,0,1,0,0,0,1,0,0,0,1],"EasingStyle":"Linear","EasingDirection":"In"},"Left Arm":{"Weight":1,"CFrame":[-0.7030661106109619,-0.6885380744934082,-0.2600020170211792,-0.86055588722229,0.49361422657966616,0.1256522536277771,-0.323494553565979,-0.7202008962631226,0.6137279868125916,0.39343973994255068,0.4874993860721588,0.7794546484947205],"EasingStyle":"Linear","EasingDirection":"In"}}},{"Time":0.06666667014360428,"poses":{"Left Leg":{"Weight":1,"CFrame":[-0.5346627831459045,-0.046127915382385257,0.03861677646636963,0.9024467468261719,-0.4307725131511688,-0.005004929378628731,0.4307977259159088,0.9024269580841065,0.006249996833503246,0.0018242279766127468,-0.007796413265168667,0.9999679923057556],"EasingStyle":"Linear","EasingDirection":"In"},"Right Arm":{"Weight":1,"CFrame":[0.7483274340629578,-0.984763503074646,-0.4924889802932739,-0.9147001504898071,-0.4015384018421173,0.04572252184152603,0.3440876007080078,-0.7144564390182495,0.6092255115509033,-0.21196071803569795,0.5729911923408508,0.7916778922080994],"EasingStyle":"Linear","EasingDirection":"In"},"Head":{"Weight":1,"CFrame":[8.824281394481659e-8,-1.8335413187742234e-8,0.016662120819091798,0.9998304843902588,-0.017816193401813508,-0.004645075649023056,0.01737046428024769,0.9964118599891663,-0.08283650875091553,0.006104231346398592,0.08274178951978684,0.9965524077415466],"EasingStyle":"Linear","EasingDirection":"In"},"Right Leg":{"Weight":1,"CFrame":[0.5876525044441223,0.0127105712890625,0.09881889820098877,0.9398984313011169,0.34114518761634829,-0.014521630480885506,-0.34068363904953005,0.9397844672203064,0.027200039476156236,0.022926438599824907,-0.020618021488189698,0.9995245337486267],"EasingStyle":"Linear","EasingDirection":"In"},"Torso":{"Weight":1,"CFrame":[0.020813554525375367,0.13898669183254243,-0.058908700942993167,0.999957799911499,0.007972992956638337,0.004561346489936113,-0.008339488878846169,0.9961775541305542,0.08695230633020401,-0.0038506409619003536,-0.08698667585849762,0.9962020516395569],"EasingStyle":"Linear","EasingDirection":"In"},"HumanoidRootPart":{"Weight":0,"CFrame":[0,0,0,1,0,0,0,1,0,0,0,1],"EasingStyle":"Linear","EasingDirection":"In"},"Left Arm":{"Weight":1,"CFrame":[-0.7003731727600098,-0.9542016983032227,-0.38358819484710696,-0.90606290102005,0.40500500798225405,-0.12256036698818207,-0.376203328371048,-0.6384314894676209,0.6714733839035034,0.19370369613170625,0.6545045971870422,0.7308232188224793],"EasingStyle":"Linear","EasingDirection":"In"}}},{"Time":0.10000000149011612,"poses":{"Left Leg":{"Weight":1,"CFrame":[-0.38153401017189028,-0.04998326301574707,0.02017676830291748,0.9287524223327637,-0.37063494324684145,0.006993110757321119,0.3707006871700287,0.9286076426506043,-0.016403337940573694,-0.0004142380494158715,0.017827002331614496,0.9998410940170288],"EasingStyle":"Linear","EasingDirection":"In"},"Right Arm":{"Weight":1,"CFrame":[0.7332432866096497,-1.1041380167007447,-0.49293315410614016,-0.7731851935386658,-0.5932420492172241,0.22416216135025025,0.5978993773460388,-0.5640549063682556,0.5695247054100037,-0.21142634749412538,0.5743743777275086,0.7908179759979248],"EasingStyle":"Linear","EasingDirection":"In"},"Head":{"Weight":1,"CFrame":[8.771894499659538e-8,-1.5148543752729894e-8,0.016661763191223146,0.9998961687088013,-0.013594544492661953,-0.004793567582964897,0.013113157823681832,0.9959298372268677,-0.08917362987995148,0.005986325908452272,0.08910151571035385,0.996004581451416],"EasingStyle":"Linear","EasingDirection":"In"},"Right Leg":{"Weight":1,"CFrame":[0.42966073751449587,-0.007292032241821289,0.084816575050354,0.9612206816673279,0.27576470375061037,0.002948436187580228,-0.2757275402545929,0.9611907005310059,-0.00932514388114214,-0.005405490752309561,0.008150518871843815,0.9999521970748901],"EasingStyle":"Linear","EasingDirection":"In"},"Torso":{"Weight":1,"CFrame":[0.02066725492477417,0.14151188731193543,-0.08185219764709473,0.9999834299087524,0.003725300543010235,0.004383486695587635,-0.004118099808692932,0.9956287741661072,0.09330826997756958,-0.004016724415123463,-0.09332478046417237,0.9956276416778565],"EasingStyle":"Linear","EasingDirection":"In"},"HumanoidRootPart":{"Weight":0,"CFrame":[0,0,0,1,0,0,0,1,0,0,0,1],"EasingStyle":"Linear","EasingDirection":"In"},"Left Arm":{"Weight":1,"CFrame":[-0.6948069930076599,-1.0618821382522584,-0.3831571936607361,-0.7548981308937073,0.575926661491394,-0.3137470781803131,-0.6264351010322571,-0.49154478311538699,0.6049486994743347,0.19418542087078095,0.6532168388366699,0.7318469285964966],"EasingStyle":"Linear","EasingDirection":"In"}}},{"Time":0.13333334028720857,"poses":{"Left Leg":{"Weight":1,"CFrame":[-0.5136221647262573,-0.0348203182220459,0.0033147335052490236,0.9043997526168823,-0.4266776144504547,0.002709054620936513,0.4266846776008606,0.9043617248535156,-0.008374086581170559,0.001123028458096087,0.008729399181902409,0.9999613165855408],"EasingStyle":"Linear","EasingDirection":"In"},"Right Arm":{"Weight":1,"CFrame":[0.6179985404014587,-1.0270545482635499,-0.30838990211486819,-0.4924038052558899,-0.8230183720588684,0.28315961360931399,0.7883586883544922,-0.2838837802410126,0.5458029508590698,-0.368821382522583,0.491986483335495,0.7886189818382263],"EasingStyle":"Linear","EasingDirection":"In"},"Head":{"Weight":1,"CFrame":[9.016366675496102e-8,2.650631358847022e-8,0.016662120819091798,0.999930739402771,-0.010701815597712994,-0.004919768311083317,0.010292381048202515,0.9969900846481323,-0.07684303820133209,0.005727268289774656,0.07678709179162979,0.9970310926437378],"EasingStyle":"Linear","EasingDirection":"In"},"Right Leg":{"Weight":1,"CFrame":[0.5890387892723084,0.006995737552642822,0.078041672706604,0.936999499797821,0.34933000802993777,0.0007690549246035516,-0.34932202100753786,0.9369891285896301,-0.0050459192134439949,-0.002483227290213108,0.004459349438548088,0.999987006187439],"EasingStyle":"Linear","EasingDirection":"In"},"Torso":{"Weight":1,"CFrame":[0.0205497145652771,0.12404799461364746,-0.14195799827575684,0.9999906420707703,0.0008851484162732959,0.0042405943386256699,-0.001225723302923143,0.9967137575149536,0.0809963271021843,-0.004154964350163937,-0.08100076764822006,0.9967054724693298],"EasingStyle":"Linear","EasingDirection":"In"},"HumanoidRootPart":{"Weight":0,"CFrame":[0,0,0,1,0,0,0,1,0,0,0,1],"EasingStyle":"Linear","EasingDirection":"In"},"Left Arm":{"Weight":1,"CFrame":[-0.6121483445167542,-0.9506374597549439,-0.28869712352752688,-0.22873659431934358,0.8954982757568359,-0.3817886412143707,-0.9130850434303284,-0.06135912612080574,0.40312641859054568,0.33757272362709048,0.4408152401447296,0.8317009806632996],"EasingStyle":"Linear","EasingDirection":"In"}}},{"Time":0.1666666716337204,"poses":{"Left Leg":{"Weight":1,"CFrame":[-0.7205675840377808,0.0101853609085083,-0.0032843351364135744,0.8614363074302673,-0.5078646540641785,0.0010172794573009015,0.5078616142272949,0.8614197373390198,-0.005709120538085699,0.002023126231506467,0.005434701219201088,0.9999831914901733],"EasingStyle":"Linear","EasingDirection":"In"},"Right Arm":{"Weight":1,"CFrame":[0.4294537305831909,-0.8703619241714478,0.05080521106719971,-0.2257772833108902,-0.9485762119293213,0.22187362611293794,0.8033708333969116,-0.05247431620955467,0.5931625962257385,-0.5510172843933106,0.3121691048145294,0.7739058136940002],"EasingStyle":"Linear","EasingDirection":"In"},"Head":{"Weight":1,"CFrame":[8.93815013114363e-8,1.6186959328479135e-8,0.016662120819091798,0.999941885471344,-0.009581955149769783,-0.004957853350788355,0.00934299360960722,0.9988901615142822,-0.04616595804691315,0.005394709296524525,0.04611694812774658,0.9989214539527893],"EasingStyle":"Linear","EasingDirection":"In"},"Right Leg":{"Weight":1,"CFrame":[0.7854790687561035,0.06961023807525635,0.07116150856018067,0.9047191143035889,0.4260084927082062,0.00028586966800503433,-0.4260082244873047,0.9047189950942993,-0.0007497338228859007,-0.0005779790226370096,0.0005564886960200965,0.9999997019767761],"EasingStyle":"Linear","EasingDirection":"In"},"Torso":{"Weight":1,"CFrame":[0.020514484494924547,0.08453817665576935,-0.26572704315185549,0.9999911785125732,-0.00010547327110543847,0.004197762347757816,-0.00010594540071906522,0.9987325072288513,0.050332553684711459,-0.004197750240564346,-0.05033254623413086,0.9987238049507141],"EasingStyle":"Linear","EasingDirection":"In"},"HumanoidRootPart":{"Weight":0,"CFrame":[0,0,0,1,0,0,0,1,0,0,0,1],"EasingStyle":"Linear","EasingDirection":"In"},"Left Arm":{"Weight":1,"CFrame":[-0.4360063970088959,-0.7137926816940308,-0.08516287803649903,0.46775010228157046,0.8601034283638,-0.20354893803596497,-0.8424256443977356,0.5035240650177002,0.19178752601146699,0.26744887232780459,0.08176609128713608,0.960096538066864],"EasingStyle":"Linear","EasingDirection":"In"}}},{"Time":0.20000000298023225,"poses":{"Left Leg":{"Weight":1,"CFrame":[-0.8582366108894348,0.062298595905303958,0.027096271514892579,0.8194597959518433,-0.5720527768135071,0.03523506596684456,0.5726531147956848,0.8197445273399353,-0.00934103038161993,-0.023540236055850984,0.027832066640257837,0.9993354678153992],"EasingStyle":"Linear","EasingDirection":"In"},"Right Arm":{"Weight":1,"CFrame":[0.3030214011669159,-0.719468355178833,0.2905696630477905,-0.053173504769802096,-0.9981473684310913,0.029572177678346635,0.711142897605896,-0.017061272636055948,0.7028404474258423,-0.7010338306427002,0.058402255177497867,0.710732638835907],"EasingStyle":"Linear","EasingDirection":"In"},"Head":{"Weight":1,"CFrame":[9.080395102500916e-8,-1.1641532182693482e-10,0.016662001609802247,0.9990324974060059,-0.04390346631407738,-0.002590636955574155,0.04388643801212311,0.9990164637565613,-0.006351000629365444,0.0028668588493019344,0.006231185048818588,0.9999765157699585],"EasingStyle":"Linear","EasingDirection":"In"},"Right Leg":{"Weight":1,"CFrame":[0.9131913781166077,0.16936886310577393,0.03516113758087158,0.893730640411377,0.4472428262233734,0.03492153435945511,-0.4476670026779175,0.89418625831604,0.005021176300942898,-0.028980564326047899,-0.020120859146118165,0.9993774890899658],"EasingStyle":"Linear","EasingDirection":"In"},"Torso":{"Weight":1,"CFrame":[0.019404921680688859,0.02816116437315941,-0.38124799728393557,0.9994058609008789,0.03440488874912262,0.0020479154773056509,-0.03442443534731865,0.9993529915809631,0.010429327376186848,-0.0016877701273187996,-0.010493629612028599,0.9999436140060425],"EasingStyle":"Linear","EasingDirection":"In"},"HumanoidRootPart":{"Weight":0,"CFrame":[0,0,0,1,0,0,0,1,0,0,0,1],"EasingStyle":"Linear","EasingDirection":"In"},"Left Arm":{"Weight":1,"CFrame":[-0.2175774723291397,-0.4708617329597473,0.10716629028320313,0.8397623300552368,0.5392731428146362,-0.0631178691983223,-0.5193435549736023,0.8317070007324219,0.1963307112455368,0.15837141871452332,-0.13209128379821778,0.9785042405128479],"EasingStyle":"Linear","EasingDirection":"In"}}},{"Time":0.23333333432674409,"poses":{"Left Leg":{"Weight":1,"CFrame":[-0.8962796926498413,0.07670670747756958,0.09963798522949219,0.7781708240509033,-0.6183321475982666,0.11007117480039597,0.6234981417655945,0.7816390991210938,-0.017039215192198755,-0.07550008594989777,0.0818885862827301,0.9937776327133179],"EasingStyle":"Linear","EasingDirection":"In"},"Right Arm":{"Weight":1,"CFrame":[0.27144211530685427,-0.6400738954544067,0.3465460538864136,-0.002102494705468416,-0.9339753985404968,-0.3573310971260071,0.5891035199165344,-0.2899012863636017,0.7542641758918762,-0.8080548644065857,-0.20891916751861573,0.5508177876472473],"EasingStyle":"Linear","EasingDirection":"In"},"Head":{"Weight":1,"CFrame":[8.89413058757782e-8,1.0244548320770264e-8,0.01666271686553955,0.9928686022758484,-0.1192135438323021,0.00041650902130641043,0.11913283169269562,0.9923126101493836,0.03351418301463127,-0.004408723674714565,-0.03322547674179077,0.9994382262229919],"EasingStyle":"Linear","EasingDirection":"In"},"Right Leg":{"Weight":1,"CFrame":[0.9598798155784607,0.2544158101081848,-0.04205012321472168,0.902983546257019,0.41533347964286806,0.11008521914482117,-0.41956454515457156,0.9075578451156616,0.01744728349149227,-0.09266217797994614,-0.061942510306835178,0.9937689900398254],"EasingStyle":"Linear","EasingDirection":"In"},"Torso":{"Weight":1,"CFrame":[0.015178442001342774,-0.045105546712875369,-0.4300198554992676,0.9939550161361694,0.10968124866485596,-0.004852337297052145,-0.10977642238140106,0.9935304522514343,-0.029096579179167749,0.0016295956447720528,0.02945336513221264,0.9995648264884949],"EasingStyle":"Linear","EasingDirection":"In"},"HumanoidRootPart":{"Weight":0,"CFrame":[0,0,0,1,0,0,0,1,0,0,0,1],"EasingStyle":"Linear","EasingDirection":"In"},"Left Arm":{"Weight":1,"CFrame":[0.001978635787963867,-0.3065822124481201,0.2083195447921753,0.9249736070632935,0.2793413996696472,-0.25766733288764956,-0.19881995022296906,0.9335262775421143,0.29832756519317629,0.3238743543624878,-0.22471588850021363,0.9190256595611572],"EasingStyle":"Linear","EasingDirection":"In"}}},{"Time":0.2666666805744171,"poses":{"Left Leg":{"Weight":1,"CFrame":[-0.9188101887702942,0.06933379173278809,0.1782369613647461,0.7205588817596436,-0.6686220169067383,0.1836833953857422,0.6834072470664978,0.7296069860458374,-0.025064019486308099,-0.11725838482379914,0.14359067380428315,0.9826658964157105],"EasingStyle":"Linear","EasingDirection":"In"},"Right Arm":{"Weight":1,"CFrame":[0.26959291100502016,-0.6152617335319519,0.3663533926010132,0.022505231201648713,-0.6583108901977539,-0.7524096965789795,0.4691470265388489,-0.6576347351074219,0.5894214510917664,-0.8828333020210266,-0.36625581979751589,0.29404428601264956],"EasingStyle":"Linear","EasingDirection":"In"},"Head":{"Weight":1,"CFrame":[8.987262845039368e-8,9.546056389808655e-9,0.016662240028381349,0.9810973405838013,-0.19351112842559815,0.0012562541523948312,0.19303396344184876,0.9790938496589661,0.06413478404283524,-0.013640851713716984,-0.06267993897199631,0.9979405403137207],"EasingStyle":"Linear","EasingDirection":"In"},"Right Leg":{"Weight":1,"CFrame":[0.9749544262886047,0.3092051148414612,-0.12097644805908203,0.9072633981704712,0.3783372938632965,0.18366828560829163,-0.390609472990036,0.9199069738388062,0.03457551822066307,-0.15587648749351502,-0.10311169177293778,0.9823800325393677],"EasingStyle":"Linear","EasingDirection":"In"},"Torso":{"Weight":1,"CFrame":[0.009265147149562836,-0.11475683748722077,-0.44900941848754885,0.98288893699646,0.18368123471736909,-0.013803279027342797,-0.18417827785015107,0.9811419248580933,-0.05864335596561432,0.0027712902519851925,0.06018216907978058,0.9981836676597595],"EasingStyle":"Linear","EasingDirection":"In"},"HumanoidRootPart":{"Weight":0,"CFrame":[0,0,0,1,0,0,0,1,0,0,0,1],"EasingStyle":"Linear","EasingDirection":"In"},"Left Arm":{"Weight":1,"CFrame":[0.1729951798915863,-0.22070595622062684,0.24519217014312745,0.8050063848495483,0.16149841248989106,-0.5708617568016052,0.04794110357761383,0.9413802027702332,0.33392345905303957,0.5913259387016296,-0.2961784303188324,0.7500746846199036],"EasingStyle":"Linear","EasingDirection":"In"}}},{"Time":0.30000001192092898,"poses":{"Left Leg":{"Weight":1,"CFrame":[-0.9776855707168579,0.07923924922943115,0.22766876220703126,0.6561400294303894,-0.7228872776031494,0.21659715473651887,0.7445017695426941,0.6669767498970032,-0.0293094664812088,-0.12327791005373001,0.18048809468746186,0.9758210182189941],"EasingStyle":"Linear","EasingDirection":"In"},"Right Arm":{"Weight":1,"CFrame":[0.2749793231487274,-0.6088473200798035,0.36987805366516116,0.04110331833362579,-0.4615497291088104,-0.8861616849899292,0.41410285234451296,-0.799282431602478,0.4355069696903229,-0.9093015789985657,-0.38486289978027346,0.15827588737010957],"EasingStyle":"Linear","EasingDirection":"In"},"Head":{"Weight":1,"CFrame":[8.66129994392395e-8,1.0710209608078003e-8,0.0166623592376709,0.9739493131637573,-0.22676336765289308,0.0010599410161376,0.2260233461856842,0.9711279273033142,0.07631531357765198,-0.018334828317165376,-0.07408764958381653,0.9970831871032715],"EasingStyle":"Linear","EasingDirection":"In"},"Right Leg":{"Weight":1,"CFrame":[0.9762979745864868,0.32764410972595217,-0.15665459632873536,0.907280683517456,0.36058664321899416,0.21637718379497529,-0.37796518206596377,0.9247883558273315,0.04369271919131279,-0.184348002076149,-0.12142464518547058,0.9753316640853882],"EasingStyle":"Linear","EasingDirection":"In"},"Torso":{"Weight":1,"CFrame":[0.006152637302875519,-0.1456269919872284,-0.4522287845611572,0.976057231426239,0.2167356014251709,-0.018388140946626664,-0.21749739348888398,0.9735404849052429,-0.07009860128164292,0.002708735642954707,0.07241961359977722,0.9973706007003784],"EasingStyle":"Linear","EasingDirection":"In"},"HumanoidRootPart":{"Weight":0,"CFrame":[0,0,0,1,0,0,0,1,0,0,0,1],"EasingStyle":"Linear","EasingDirection":"In"},"Left Arm":{"Weight":1,"CFrame":[0.24274076521396638,-0.19628894329071046,0.24954736232757569,0.6795673966407776,0.16238892078399659,-0.7154147028923035,0.15707671642303468,0.9203692078590393,0.3581164479255676,0.716599702835083,-0.3557392954826355,0.5999453663825989],"EasingStyle":"Linear","EasingDirection":"In"}}},{"Time":0.3333333432674408,"poses":{"Left Leg":{"Weight":1,"CFrame":[-1.1061508655548096,0.304970383644104,0.19963312149047852,0.6816636323928833,-0.7117702960968018,0.16946324706077577,0.7233607172966003,0.6903989911079407,-0.009931978769600392,-0.10992801934480667,0.12935328483581544,0.9854865074157715],"EasingStyle":"Linear","EasingDirection":"In"},"Right Arm":{"Weight":1,"CFrame":[0.26702073216438296,-0.598386824131012,0.3689981698989868,0.08269234001636505,-0.599943220615387,-0.795757532119751,0.4379521310329437,-0.6953798532485962,0.569776177406311,-0.8951871395111084,-0.3956198990345001,0.205243781208992],"EasingStyle":"Linear","EasingDirection":"In"},"Head":{"Weight":1,"CFrame":[9.033828973770142e-8,-9.313225746154785e-9,0.0166623592376709,0.9845757484436035,-0.17473924160003663,-0.008770321495831013,0.1749328076839447,0.9823191165924072,0.06669235974550247,-0.0030385253485292198,-0.06719788908958435,0.9977350831031799],"EasingStyle":"Linear","EasingDirection":"In"},"Right Leg":{"Weight":1,"CFrame":[0.9225181937217712,0.27591472864151,-0.09400880336761475,0.9196293354034424,0.35622113943099978,0.16549406945705415,-0.36472928524017336,0.9308251142501831,0.023179585114121438,-0.14578889310359956,-0.08167714625597,0.9859384298324585],"EasingStyle":"Linear","EasingDirection":"In"},"Torso":{"Weight":1,"CFrame":[0.018679995089769365,-0.11606284976005554,-0.4060218334197998,0.9861965775489807,0.1655483990907669,-0.0031584184616804125,-0.1654161512851715,0.9842056632041931,-0.0630612000823021,-0.007331148721277714,0.06271319836378098,0.998004674911499],"EasingStyle":"Linear","EasingDirection":"In"},"HumanoidRootPart":{"Weight":0,"CFrame":[0,0,0,1,0,0,0,1,0,0,0,1],"EasingStyle":"Linear","EasingDirection":"In"},"Left Arm":{"Weight":1,"CFrame":[0.18098559975624085,-0.19921040534973145,0.23403096199035645,0.6778585910797119,0.33560773730278017,-0.6541218161582947,0.056833673268556598,0.8631455898284912,0.5017465353012085,0.7329923510551453,-0.3772895038127899,0.5660168528556824],"EasingStyle":"Linear","EasingDirection":"In"}}},{"Time":0.36666667461395266,"poses":{"Left Leg":{"Weight":1,"CFrame":[-1.0404030084609986,0.8387140035629273,0.046618103981018069,0.8857614398002625,-0.46091678738594057,0.054612066596746448,0.4598436951637268,0.8874388337135315,0.03156105428934097,-0.06301192939281464,-0.0028425564523786308,0.9980087280273438],"EasingStyle":"Linear","EasingDirection":"In"},"Right Arm":{"Weight":1,"CFrame":[0.2368638962507248,-0.5734124183654785,0.36663246154785159,0.20368608832359315,-0.8518176674842835,-0.4826164245605469,0.4691673219203949,-0.3477364182472229,0.8117644190788269,-0.859298586845398,-0.3917730450630188,0.3288159668445587],"EasingStyle":"Linear","EasingDirection":"In"},"Head":{"Weight":1,"CFrame":[9.313225746154785e-8,-9.546056389808655e-9,0.01666128635406494,0.9983106255531311,-0.04851984232664108,-0.031965721398591998,0.0499269999563694,0.9977476596832275,0.044801004230976108,0.029719972983002664,-0.046321284025907519,0.9984843730926514],"EasingStyle":"Linear","EasingDirection":"In"},"Right Leg":{"Weight":1,"CFrame":[0.7578141093254089,0.15925002098083497,0.028282761573791505,0.9419145584106445,0.3333769142627716,0.04070289060473442,-0.33298659324645998,0.9427920579910278,-0.01622011885046959,-0.04378170892596245,0.0017244822811335326,0.9990397095680237],"EasingStyle":"Linear","EasingDirection":"In"},"Torso":{"Weight":1,"CFrame":[0.045461103320121768,-0.05128638446331024,-0.30152416229248049,0.9987502098083496,0.04041843116283417,0.029399828985333444,-0.039169877767562869,0.9983549118041992,-0.041871484369039538,-0.031043842434883119,0.040667563676834109,0.9986903667449951],"EasingStyle":"Linear","EasingDirection":"In"},"HumanoidRootPart":{"Weight":0,"CFrame":[0,0,0,1,0,0,0,1,0,0,0,1],"EasingStyle":"Linear","EasingDirection":"In"},"Left Arm":{"Weight":1,"CFrame":[0.031796667724847797,-0.209334135055542,0.19963252544403077,0.604028046131134,0.7187564969062805,-0.34429582953453066,-0.3132254481315613,0.6113461852073669,0.7267360687255859,0.7328301072120667,-0.33112695813179018,0.5944032073020935],"EasingStyle":"Linear","EasingDirection":"In"}}},{"Time":0.4000000059604645,"poses":{"Left Leg":{"Weight":1,"CFrame":[-0.8348516225814819,1.0636003017425538,-0.07266545295715332,0.9942036867141724,-0.06881660223007202,-0.08260413259267807,0.07357485592365265,0.9957156777381897,0.05600985512137413,0.0783957913517952,-0.06176278367638588,0.995007336139679],"EasingStyle":"Linear","EasingDirection":"In"},"Right Arm":{"Weight":1,"CFrame":[0.17718568444252015,-0.5286274552345276,0.3631218671798706,0.3689558207988739,-0.9294412136077881,-0.0032406426034867765,0.4434087574481964,0.17295126616954804,0.8794751167297363,-0.8168599605560303,-0.32592451572418215,0.4759339392185211],"EasingStyle":"Linear","EasingDirection":"In"},"Head":{"Weight":1,"CFrame":[9.42964106798172e-8,7.450580596923828e-9,0.016662001609802247,0.9930548071861267,0.10249331593513489,-0.057770054787397388,-0.10149084776639939,0.994634747505188,0.020036321133375169,0.059513721615076068,-0.014034074731171132,0.9981288313865662],"EasingStyle":"Linear","EasingDirection":"In"},"Right Leg":{"Weight":1,"CFrame":[0.4932902455329895,0.044818103313446048,0.11171317100524903,0.9532207250595093,0.2814391553401947,-0.11028195172548294,-0.28765350580215456,0.956682562828064,-0.04487941414117813,0.09287402778863907,0.07450296729803086,0.9928866028785706],"EasingStyle":"Linear","EasingDirection":"In"},"Torso":{"Weight":1,"CFrame":[0.06971519440412522,0.016076620668172838,-0.18941187858581544,0.9920806288719177,-0.11094415187835694,0.058885954320430759,0.11167765408754349,0.9937009215354919,-0.009304555132985115,-0.05748274177312851,0.01580711267888546,0.9982214570045471],"EasingStyle":"Linear","EasingDirection":"In"},"HumanoidRootPart":{"Weight":0,"CFrame":[0,0,0,1,0,0,0,1,0,0,0,1],"EasingStyle":"Linear","EasingDirection":"In"},"Left Arm":{"Weight":1,"CFrame":[-0.15439440310001374,-0.22977906465530396,0.15809106826782227,0.20183822512626649,0.9598012566566467,0.19504593312740327,-0.7140074968338013,0.00788008701056242,0.7000937461853027,0.6704139113426209,-0.28057003021240237,0.6868959069252014],"EasingStyle":"Linear","EasingDirection":"In"}}},{"Time":0.4333333373069763,"poses":{"Left Leg":{"Weight":1,"CFrame":[-0.8010739088058472,0.9223263263702393,-0.07133698463439942,0.9561957716941834,0.22193245589733125,-0.19088135659694673,-0.2185697853565216,0.9750509858131409,0.03876719996333122,0.1947227418422699,0.0046519008465111259,0.9808472990989685],"EasingStyle":"Linear","EasingDirection":"In"},"Right Arm":{"Weight":1,"CFrame":[0.07476076483726502,-0.4658735394477844,0.35650885105133059,0.5200232863426209,-0.7560033798217773,0.3975357711315155,0.36142927408218386,0.6164555549621582,0.6995366215705872,-0.7739152312278748,-0.22009432315826417,0.5938130617141724],"EasingStyle":"Linear","EasingDirection":"In"},"Head":{"Weight":1,"CFrame":[1.043081283569336e-7,5.587935447692871e-9,0.016662001609802247,0.9715463519096375,0.22570540010929109,-0.0717976838350296,-0.22651658952236176,0.9740018844604492,-0.0032579025719314815,0.06919573992490769,0.019428588449954988,0.9974139332771301],"EasingStyle":"Linear","EasingDirection":"In"},"Right Leg":{"Weight":1,"CFrame":[0.21461045742034913,-0.010471343994140625,0.11356592178344727,0.947770357131958,0.21647612750530244,-0.23424220085144044,-0.2334604263305664,0.971227765083313,-0.047041937708854678,0.21731916069984437,0.09927119314670563,0.9710394740104675],"EasingStyle":"Linear","EasingDirection":"In"},"Torso":{"Weight":1,"CFrame":[0.0774180144071579,0.06963923573493958,-0.11194705963134766,0.9694139957427979,-0.2357506901025772,0.06825041025876999,0.23462025821208955,0.9717847108840942,0.02424527145922184,-0.07204054296016693,-0.0074907755479216579,0.9973735809326172],"EasingStyle":"Linear","EasingDirection":"In"},"HumanoidRootPart":{"Weight":0,"CFrame":[0,0,0,1,0,0,0,1,0,0,0,1],"EasingStyle":"Linear","EasingDirection":"In"},"Left Arm":{"Weight":1,"CFrame":[-0.3213183879852295,-0.24572888016700746,0.12157118320465088,-0.27720651030540469,0.8092875480651856,0.5178901553153992,-0.7677149772644043,-0.5106707811355591,0.38707786798477175,0.5777285695075989,-0.29029160737991335,0.7628634572029114],"EasingStyle":"Linear","EasingDirection":"In"}}},{"Time":0.46666666865348818,"poses":{"Left Leg":{"Weight":1,"CFrame":[-0.7725961804389954,0.6565986275672913,0.000013589859008789063,0.8684297800064087,0.44187286496162417,-0.2248959094285965,-0.45470649003982546,0.8906214237213135,-0.005954401567578316,0.19766606390476228,0.10743258893489838,0.9743646383285523],"EasingStyle":"Linear","EasingDirection":"In"},"Right Arm":{"Weight":1,"CFrame":[-0.09969574958086014,-0.389279305934906,0.3436375856399536,0.6288092732429504,-0.46454229950904848,0.6235378384590149,0.24650998413562776,0.8796496987342835,0.40675440430641177,-0.7374494671821594,-0.10206270962953568,0.6676462888717651],"EasingStyle":"Linear","EasingDirection":"In"},"Head":{"Weight":1,"CFrame":[5.960464477539063e-8,0,0.0166623592376709,0.9589147567749023,0.27577149868011477,-0.06657857447862625,-0.27785342931747439,0.960319459438324,-0.024167943745851518,0.05727185308933258,0.04167407751083374,0.9974884390830994],"EasingStyle":"Linear","EasingDirection":"In"},"Right Leg":{"Weight":1,"CFrame":[0.08443446457386017,-0.012860774993896485,0.09236586093902588,0.9386523365974426,0.1949509233236313,-0.28447484970092776,-0.2118319720029831,0.9768603444099426,-0.029516451060771943,0.2721380293369293,0.08796650171279907,0.9582290649414063],"EasingStyle":"Linear","EasingDirection":"In"},"Torso":{"Weight":1,"CFrame":[0.06743660569190979,0.09699009358882904,-0.08391737937927246,0.9563037157058716,-0.286939412355423,0.05611582100391388,0.28458544611930849,0.9575282335281372,0.04637662693858147,-0.06703976541757584,-0.028380397707223893,0.9973465800285339],"EasingStyle":"Linear","EasingDirection":"In"},"HumanoidRootPart":{"Weight":0,"CFrame":[0,0,0,1,0,0,0,1,0,0,0,1],"EasingStyle":"Linear","EasingDirection":"In"},"Left Arm":{"Weight":1,"CFrame":[-0.39323699474334719,-0.25067856907844546,0.10627353191375733,-0.47509434819221499,0.6732141971588135,0.566628634929657,-0.7014483213424683,-0.6785463094711304,0.21804916858673097,0.5312775373458862,-0.29386666417121889,0.7945984601974487],"EasingStyle":"Linear","EasingDirection":"In"}}},{"Time":0.5,"poses":{"Left Leg":{"Weight":1,"CFrame":[-0.6902837753295898,0.34376972913742068,0.06516873836517334,0.7598837018013,0.6156317591667175,-0.20874512195587159,-0.635800838470459,0.7707423567771912,-0.04139610752463341,0.13540387153625489,0.1641765683889389,0.9770935773849487],"EasingStyle":"Linear","EasingDirection":"In"},"Right Arm":{"Weight":1,"CFrame":[-0.2868322432041168,-0.32283034920692446,0.3236006498336792,0.6768845915794373,-0.19334770739078523,0.7102422118186951,0.13393673300743104,0.9811300039291382,0.13944461941719056,-0.7238011956214905,0.0007395798456855118,0.6900082230567932],"EasingStyle":"Linear","EasingDirection":"In"},"Head":{"Weight":1,"CFrame":[8.195638656616211e-8,-5.587935447692871e-9,0.016661643981933595,0.96102374792099,0.27244389057159426,-0.046987324953079227,-0.274196982383728,0.9609998464584351,-0.035991471260786059,0.03534917160868645,0.047472454607486728,0.9982469081878662],"EasingStyle":"Linear","EasingDirection":"In"},"Right Leg":{"Weight":1,"CFrame":[0.15591122210025788,-0.00459444522857666,0.11824464797973633,0.92841637134552,0.24348528683185578,-0.28063857555389407,-0.2561629116535187,0.9665934443473816,-0.008817508816719056,0.26911646127700808,0.08007548004388809,0.959773063659668],"EasingStyle":"Linear","EasingDirection":"In"},"Torso":{"Weight":1,"CFrame":[0.04935893416404724,0.09999597072601319,-0.09077787399291992,0.9584293961524963,-0.28328052163124087,0.03413849323987961,0.2813599109649658,0.9581940174102783,0.05196963623166084,-0.04743329435586929,-0.04020402207970619,0.9980649948120117],"EasingStyle":"Linear","EasingDirection":"In"},"HumanoidRootPart":{"Weight":0,"CFrame":[0,0,0,1,0,0,0,1,0,0,0,1],"EasingStyle":"Linear","EasingDirection":"In"},"Left Arm":{"Weight":1,"CFrame":[-0.38920262455940249,-0.2593342661857605,0.1116708517074585,-0.5318447947502136,0.6863659024238586,0.4960271418094635,-0.6916927695274353,-0.6900182366371155,0.2131572812795639,0.4885716736316681,-0.229731947183609,0.8417369723320007],"EasingStyle":"Linear","EasingDirection":"In"}}},{"Time":0.5333333611488342,"poses":{"Left Leg":{"Weight":1,"CFrame":[-0.5598256587982178,0.06988555192947388,0.09803128242492676,0.6611106395721436,0.728503942489624,-0.1794845461845398,-0.7464589476585388,0.6627780199050903,-0.05936766043305397,0.0757087990641594,0.17322644591331483,0.9819678068161011],"EasingStyle":"Linear","EasingDirection":"In"},"Right Arm":{"Weight":1,"CFrame":[-0.37435299158096316,-0.2945600152015686,0.2966095209121704,0.6866276860237122,-0.07867064327001572,0.7227402329444885,0.08522967994213104,0.995983362197876,0.027442218735814096,-0.7219960689544678,0.042756255716085437,0.6905747652053833],"EasingStyle":"Linear","EasingDirection":"In"},"Head":{"Weight":1,"CFrame":[8.009374141693115e-8,-1.955777406692505e-8,0.01666247844696045,0.9687706828117371,0.24737122654914857,-0.017056185752153398,-0.247810497879982,0.9682754874229431,-0.03213532641530037,0.008565728552639485,0.03535844758152962,0.9993380904197693],"EasingStyle":"Linear","EasingDirection":"In"},"Right Leg":{"Weight":1,"CFrame":[0.2934122681617737,0.018774867057800294,0.1606365442276001,0.9191510677337647,0.30076849460601809,-0.25436124205589297,-0.3063287138938904,0.9517470598220825,0.018451053649187089,0.2476370930671692,0.06095881015062332,0.9669333100318909],"EasingStyle":"Linear","EasingDirection":"In"},"Torso":{"Weight":1,"CFrame":[0.041496627032756808,0.08428343385457993,-0.11505126953125,0.9663912057876587,-0.25696730613708498,0.007470459211617708,0.2564868628978729,0.965735912322998,0.0396064855158329,-0.017392059788107873,-0.0363592803478241,0.9991875290870667],"EasingStyle":"Linear","EasingDirection":"In"},"HumanoidRootPart":{"Weight":0,"CFrame":[0,0,0,1,0,0,0,1,0,0,0,1],"EasingStyle":"Linear","EasingDirection":"In"},"Left Arm":{"Weight":1,"CFrame":[-0.38142770528793337,-0.3169805407524109,0.12399089336395264,-0.5604161024093628,0.7112688422203064,0.42429980635643008,-0.6911909580230713,-0.6839022040367127,0.2335229367017746,0.45627719163894656,-0.16240230202674867,0.8748924136161804],"EasingStyle":"Linear","EasingDirection":"In"}}},{"Time":0.5666666626930237,"poses":{"Left Leg":{"Weight":1,"CFrame":[-0.7006056904792786,0.3828052878379822,0.08830034732818604,0.8671591281890869,0.4873627722263336,-0.10253047943115235,-0.4921727180480957,0.8700859546661377,-0.026767928153276445,0.0761646032333374,0.0736747682094574,0.994369626045227],"EasingStyle":"Linear","EasingDirection":"In"},"Right Arm":{"Weight":1,"CFrame":[-0.33286190032958987,-0.32405123114585879,0.2628370523452759,0.6909476518630981,-0.17233963310718537,0.7020615935325623,0.10432364791631699,0.9847726225852966,0.13906636834144593,-0.7153376340866089,-0.02284604124724865,0.6984054446220398],"EasingStyle":"Linear","EasingDirection":"In"},"Head":{"Weight":1,"CFrame":[8.66129994392395e-8,9.778887033462525e-9,0.016662240028381349,0.9878813624382019,0.15425452589988709,0.017209691926836969,-0.15402410924434663,0.9879679679870606,-0.013995795510709286,-0.019161604344844819,0.01117552537471056,0.999754011631012],"EasingStyle":"Linear","EasingDirection":"In"},"Right Leg":{"Weight":1,"CFrame":[0.4950825273990631,0.07607179880142212,0.17265307903289796,0.9260772466659546,0.34131595492362978,-0.16088591516017915,-0.3376813232898712,0.9399166107177734,0.05028127506375313,0.1683811992406845,0.0077637601643800739,0.985691487789154],"EasingStyle":"Linear","EasingDirection":"In"},"Torso":{"Weight":1,"CFrame":[0.05243934318423271,0.05354739725589752,-0.16184544563293458,0.9863589406013489,-0.1633860021829605,-0.020026318728923799,0.16369959712028504,0.9863938093185425,0.015163246542215348,0.017276372760534288,-0.018234707415103914,0.9996844530105591],"EasingStyle":"Linear","EasingDirection":"In"},"HumanoidRootPart":{"Weight":0,"CFrame":[0,0,0,1,0,0,0,1,0,0,0,1],"EasingStyle":"Linear","EasingDirection":"In"},"Left Arm":{"Weight":1,"CFrame":[-0.36562973260879519,-0.44789305329322817,0.1425691843032837,-0.46554550528526308,0.7772442102432251,0.42327162623405459,-0.7504913210868836,-0.6001850366592407,0.27666032314300539,0.4690738916397095,-0.18886372447013856,0.8627283573150635],"EasingStyle":"Linear","EasingDirection":"In"}}},{"Time":0.6000000238418579,"poses":{"Left Leg":{"Weight":1,"CFrame":[-0.8431705236434937,0.4984767436981201,0.12809741497039796,0.9988260269165039,0.031513746827840808,0.036789990961551669,-0.03168955445289612,0.9994889497756958,0.0042045265436172489,-0.03663872554898262,-0.0053654760122299198,0.9993141889572144],"EasingStyle":"Linear","EasingDirection":"In"},"Right Arm":{"Weight":1,"CFrame":[-0.21908193826675416,-0.39099571108818056,0.22567570209503175,0.6860861778259277,-0.4097738564014435,0.6011415719985962,0.19277316331863404,0.8991485834121704,0.39289990067481997,-0.701515793800354,-0.15367932617664338,0.6958867907524109],"EasingStyle":"Linear","EasingDirection":"In"},"Head":{"Weight":1,"CFrame":[9.874179340840783e-8,-3.812601789832115e-9,0.016661643981933595,0.9988032579421997,-0.01372664887458086,0.0469440333545208,0.012925619259476662,0.99976646900177,0.017323782667517663,-0.04717085137963295,-0.016696246340870858,0.9987472891807556],"EasingStyle":"Linear","EasingDirection":"In"},"Right Leg":{"Weight":1,"CFrame":[0.7250053882598877,0.1836484670639038,0.09518718719482422,0.9402803182601929,0.34035834670066836,0.005391173996031284,-0.3394987881183624,0.9365182518959045,0.08760319650173187,0.024767618626356126,-0.08420190960168839,0.9961408972740173],"EasingStyle":"Linear","EasingDirection":"In"},"Torso":{"Weight":1,"CFrame":[0.06967535614967346,0.01354479044675827,-0.2360668182373047,0.9988526701927185,0.0034204688854515554,-0.0477689653635025,-0.004044701345264912,0.9999076128005981,-0.012977193109691143,0.04772017151117325,0.013155512511730194,0.9987741112709045],"EasingStyle":"Linear","EasingDirection":"In"},"HumanoidRootPart":{"Weight":0,"CFrame":[0,0,0,1,0,0,0,1,0,0,0,1],"EasingStyle":"Linear","EasingDirection":"In"},"Left Arm":{"Weight":1,"CFrame":[-0.30398404598236086,-0.5249556303024292,0.18332934379577638,-0.24010108411312104,0.8930972814559937,0.38043227791786196,-0.854989767074585,-0.38014644384384158,0.35281914472579958,0.4597216844558716,-0.24055351316928864,0.854862630367279],"EasingStyle":"Linear","EasingDirection":"In"}}},{"Time":0.6333333253860474,"poses":{"Left Leg":{"Weight":1,"CFrame":[-0.7991429567337036,0.24242305755615235,0.26112234592437746,0.9128541946411133,-0.35101157426834109,0.20853817462921143,0.3599378168582916,0.932961642742157,-0.005229048430919647,-0.19272275269031526,0.07983416318893433,0.978000283241272],"EasingStyle":"Linear","EasingDirection":"In"},"Right Arm":{"Weight":1,"CFrame":[-0.048255905508995059,-0.46264854073524477,0.19041943550109864,0.6109364628791809,-0.7001656293869019,0.3694925904273987,0.38209789991378786,0.6695404648780823,0.6369590759277344,-0.693367063999176,-0.2479591965675354,0.67657840251