{"Sequence":[{"Time":0,"poses":{"Left Leg":{"Weight":1,"CFrame":[-0.12928715348243714,0.4750315546989441,0.16339492797851563,0.8905877470970154,0.4167579412460327,0.18211618065834046,-0.42887482047080996,0.9028231501579285,0.031253792345523837,-0.15139354765415193,-0.10593930631875992,0.9827801585197449],"EasingStyle":"Linear","EasingDirection":"In"},"Right Arm":{"Weight":1,"CFrame":[0.19123423099517823,-0.4904988706111908,-0.008817970752716065,0.3309080898761749,-0.5038917660713196,0.7978677749633789,0.5963966846466065,0.7669076919555664,0.23698900640010835,-0.7313076257705689,0.3974241316318512,0.5542953014373779],"EasingStyle":"Linear","EasingDirection":"In"},"Head":{"Weight":1,"CFrame":[8.940696716308594e-8,-7.450580596923828e-9,1.1920928955078126e-7,0.9440779089927673,0.32968321442604067,-0.005105448886752129,-0.3265591859817505,0.9370473623275757,0.1236984059214592,0.04556534066796303,-0.11511371284723282,0.9923067688941956],"EasingStyle":"Linear","EasingDirection":"In"},"Right Leg":{"Weight":1,"CFrame":[0.06402912735939026,0.45941513776779177,0.010570883750915528,0.9744356870651245,0.2244882434606552,0.008947708643972874,-0.22445859014987946,0.9710485935211182,0.08174891024827957,0.009663073346018792,-0.08166749775409699,0.9966127872467041],"EasingStyle":"Linear","EasingDirection":"In"},"Torso":{"Weight":1,"CFrame":[0.033326178789138797,-0.11538723111152649,-0.5448470115661621,0.9139524102210999,-0.4012978971004486,0.06042368337512016,0.40580761432647707,0.9025058150291443,-0.1442340612411499,0.003348101396113634,0.15634344518184663,0.987697184085846],"EasingStyle":"Linear","EasingDirection":"In"},"HumanoidRootPart":{"Weight":1,"CFrame":[0,0,0,1,0,0,0,1,0,0,0,1],"EasingStyle":"Linear","EasingDirection":"In"},"Left Arm":{"Weight":1,"CFrame":[0.4523225724697113,-0.1775444746017456,-0.17130178213119508,0.9187232851982117,-0.2141362726688385,0.33180293440818789,0.2610102593898773,0.9597950577735901,-0.10328201204538346,-0.2963463068008423,0.18149146437644959,0.937677800655365],"EasingStyle":"Linear","EasingDirection":"In"}}},{"Time":0.027027027681469919,"poses":{"Left Leg":{"Weight":1,"CFrame":[-0.44532251358032229,0.5284458994865418,0.23414504528045655,0.974779486656189,0.1347561776638031,0.17789249122142793,-0.1367555856704712,0.9906042814254761,-0.0010316685074940324,-0.17636024951934815,-0.023322120308876039,0.9840494394302368],"EasingStyle":"Linear","EasingDirection":"In"},"Right Arm":{"Weight":1,"CFrame":[0.18554642796516419,-0.47576192021369936,-0.005451023578643799,0.3044527471065521,-0.528306245803833,0.792591392993927,0.6224614381790161,0.7401924729347229,0.2542774975299835,-0.721006453037262,0.4159419536590576,0.5542038083076477],"EasingStyle":"Linear","EasingDirection":"In"},"Head":{"Weight":1,"CFrame":[-0.00022492092102766037,-0.000046294182538986209,-9.5367431640625e-7,0.9467796087265015,0.32183438539505007,-0.005567560438066721,-0.3187273144721985,0.9397745132446289,0.12343761324882508,0.04495871067047119,-0.11509367823600769,0.9923368096351624],"EasingStyle":"Linear","EasingDirection":"In"},"Right Leg":{"Weight":1,"CFrame":[-0.027393698692321779,0.40618258714675906,0.010796904563903809,0.9788188338279724,0.20323209464550019,0.024706456810235978,-0.2047179639339447,0.9728298783302307,0.10813183337450028,-0.0020593462977558376,-0.1108994409441948,0.9938294887542725],"EasingStyle":"Linear","EasingDirection":"In"},"Torso":{"Weight":1,"CFrame":[0.022352874279022218,-0.12551379203796388,-0.4726099967956543,0.9190632104873657,-0.3890228271484375,0.06311933696269989,0.39409545063972475,0.908547580242157,-0.13867312669754029,-0.003399904351681471,0.15232443809509278,0.9883247017860413],"EasingStyle":"Linear","EasingDirection":"In"},"HumanoidRootPart":{"Weight":1,"CFrame":[0,0,0,1,0,0,0,1,0,0,0,1],"EasingStyle":"Linear","EasingDirection":"In"},"Left Arm":{"Weight":1,"CFrame":[0.4356100261211395,-0.1723485291004181,-0.14169979095458985,0.9136425256729126,-0.1905730962753296,0.35908111929893496,0.2291983813047409,0.9710135459899902,-0.06782960891723633,-0.335746169090271,0.14427275955677033,0.9308383464813232],"EasingStyle":"Linear","EasingDirection":"In"}}},{"Time":0.054054055362939838,"poses":{"Left Leg":{"Weight":1,"CFrame":[-0.44006654620170596,0.3131181597709656,0.2504122257232666,0.9861278533935547,-0.03527047857642174,0.1621972620487213,0.0468202605843544,0.9965898394584656,-0.06794536113739014,-0.15924786031246186,0.07459688186645508,0.9844164252281189],"EasingStyle":"Linear","EasingDirection":"In"},"Right Arm":{"Weight":1,"CFrame":[0.17029833793640138,-0.44334152340888979,0.003876328468322754,0.2813977599143982,-0.5530676245689392,0.7841757535934448,0.6509019136428833,0.7104684114456177,0.26750969886779787,-0.7050830125808716,0.4351447820663452,0.5599169135093689],"EasingStyle":"Linear","EasingDirection":"In"},"Head":{"Weight":1,"CFrame":[-0.0006192401051521301,-0.00012049451470375061,-0.000005304813385009766,0.9548834562301636,0.2969028353691101,-0.006815948057919741,-0.29389721155166628,0.9480178356170654,0.12201135605573654,0.04268714413046837,-0.11450344324111939,0.9925053715705872],"EasingStyle":"Linear","EasingDirection":"In"},"Right Leg":{"Weight":1,"CFrame":[0.20368868112564088,0.27188777923583987,0.015018820762634278,0.9364424347877502,0.3475582003593445,0.04773884266614914,-0.3508196473121643,0.9272840023040772,0.1306529939174652,0.0011421216186136008,-0.13909673690795899,0.9902781248092651],"EasingStyle":"Linear","EasingDirection":"In"},"Torso":{"Weight":1,"CFrame":[0.00016179680824279785,-0.13223326206207276,-0.3142404556274414,0.9332576990127564,-0.3539056181907654,0.06148901581764221,0.3590161204338074,0.9245809316635132,-0.1275050789117813,-0.011726799421012402,0.1410706490278244,0.9899300932884216],"EasingStyle":"Linear","EasingDirection":"In"},"HumanoidRootPart":{"Weight":1,"CFrame":[0,0,0,1,0,0,0,1,0,0,0,1],"EasingStyle":"Linear","EasingDirection":"In"},"Left Arm":{"Weight":1,"CFrame":[0.38614580035209658,-0.15971368551254273,-0.08728140592575073,0.9000673294067383,-0.12397037446498871,0.4177440404891968,0.1389331966638565,0.9902867674827576,-0.005465053487569094,-0.4130089282989502,0.06295733898878098,0.9085484147071838],"EasingStyle":"Linear","EasingDirection":"In"}}},{"Time":0.0810810774564743,"poses":{"Left Leg":{"Weight":1,"CFrame":[-0.1784863919019699,0.11667174100875855,0.19923686981201173,0.9860607981681824,0.0061788177117705349,0.1662711501121521,0.008503197692334652,0.996133029460907,-0.08744512498378754,-0.16616854071617127,0.08764006942510605,0.9821951389312744],"EasingStyle":"Linear","EasingDirection":"In"},"Right Arm":{"Weight":1,"CFrame":[0.14821253716945649,-0.4109198749065399,0.018004417419433595,0.2614259421825409,-0.5776800513267517,0.7732672691345215,0.6812102198600769,0.6779881715774536,0.2761969566345215,-0.6838194727897644,0.45455247163772585,0.5707653164863586],"EasingStyle":"Linear","EasingDirection":"In"},"Head":{"Weight":1,"CFrame":[-0.001184072345495224,-0.00025802571326494217,-0.000011026859283447266,0.9675593972206116,0.2524988353252411,-0.008556472137570382,-0.24975058436393739,0.9610413312911987,0.11842408031225205,0.03812505304813385,-0.11244530975818634,0.9929263591766357],"EasingStyle":"Linear","EasingDirection":"In"},"Right Leg":{"Weight":1,"CFrame":[0.45234018564224245,0.19590282440185548,0.029912471771240236,0.8796190023422241,0.46894198656082156,0.07977402210235596,-0.47563982009887698,0.869240403175354,0.13486233353614808,-0.006100084632635117,-0.1565711796283722,0.9876478910446167],"EasingStyle":"Linear","EasingDirection":"In"},"Torso":{"Weight":1,"CFrame":[-0.02036602795124054,-0.13943099975585938,-0.1480414867401123,0.9532915949821472,-0.2966992259025574,0.05661049112677574,0.3014317750930786,0.9464783072471619,-0.11540225893259049,-0.019340839236974717,0.1270761936903,0.9917044043540955],"EasingStyle":"Linear","EasingDirection":"In"},"HumanoidRootPart":{"Weight":1,"CFrame":[0,0,0,1,0,0,0,1,0,0,0,1],"EasingStyle":"Linear","EasingDirection":"In"},"Left Arm":{"Weight":1,"CFrame":[0.30494070053100588,-0.1440664529800415,-0.05954861640930176,0.885384738445282,-0.010862640105187893,0.46473199129104617,0.0009188726544380188,0.9997658729553223,0.021618079394102098,-0.4648580551147461,-0.018713343888521196,0.8851874470710754],"EasingStyle":"Linear","EasingDirection":"In"}}},{"Time":0.10810811072587967,"poses":{"Left Leg":{"Weight":1,"CFrame":[0.10183100402355194,0.04461789131164551,0.08051753044128418,0.9689376354217529,0.11272333562374115,0.22012099623680116,-0.10825720429420471,0.993598461151123,-0.032288167625665668,-0.222351536154747,0.007455517537891865,0.974938154220581],"EasingStyle":"Linear","EasingDirection":"In"},"Right Arm":{"Weight":1,"CFrame":[0.12201203405857086,-0.39618340134620669,0.03577244281768799,0.24423640966415406,-0.601679801940918,0.7604801058769226,0.7128053307533264,0.6430974006652832,0.27988317608833315,-0.6574627757072449,0.4737164378166199,0.5859483480453491],"EasingStyle":"Linear","EasingDirection":"In"},"Head":{"Weight":1,"CFrame":[-0.001920703798532486,-0.0004948165733367205,-0.000019252300262451173,0.9821490049362183,0.18782462179660798,-0.010266818106174469,-0.1855679154396057,0.9763919115066528,0.11055917292833328,0.030790170654654504,-0.10668037831783295,0.9938165545463562],"EasingStyle":"Linear","EasingDirection":"In"},"Right Leg":{"Weight":1,"CFrame":[0.5869381427764893,0.22658532857894898,0.05054342746734619,0.8346401453018189,0.5395854711532593,0.11055951565504074,-0.5504286289215088,0.8244349956512451,0.13166336715221406,-0.020105404779314996,-0.17074668407440186,0.9851098656654358],"EasingStyle":"Linear","EasingDirection":"In"},"Torso":{"Weight":1,"CFrame":[-0.03074514865875244,-0.14981673657894135,-0.04983019828796387,0.9743306636810303,-0.21954163908958436,0.049814071506261829,0.22372044622898103,0.9689161777496338,-0.10559669137001038,-0.025082789361476899,0.11403050273656845,0.9931605458259583],"EasingStyle":"Linear","EasingDirection":"In"},"HumanoidRootPart":{"Weight":1,"CFrame":[0,0,0,1,0,0,0,1,0,0,0,1],"EasingStyle":"Linear","EasingDirection":"In"},"Left Arm":{"Weight":1,"CFrame":[0.20074518024921418,-0.1307883858680725,-0.0683860182762146,0.8912673592567444,0.14864808320999146,0.4284231960773468,-0.16412673890590669,0.9864389896392822,-0.0008204077603295445,-0.42273521423339846,-0.06958462297916413,0.9035778641700745],"EasingStyle":"Linear","EasingDirection":"In"}}},{"Time":0.13513512909412385,"poses":{"Left Leg":{"Weight":1,"CFrame":[0.0005872622132301331,0.09089905023574829,0.029167890548706056,0.9495809078216553,-0.026205962523818017,0.31242504715919497,0.02078603394329548,0.999570369720459,0.020666224882006646,-0.3128325045108795,-0.013130155391991139,0.9497175812721252],"EasingStyle":"Linear","EasingDirection":"In"},"Right Arm":{"Weight":1,"CFrame":[0.09441691637039185,-0.41606318950653078,0.05602085590362549,0.22956830263137818,-0.6246358752250671,0.7464104890823364,0.7450487613677979,0.6062333583831787,0.27817869186401369,-0.6262593865394592,0.49225112795829775,0.604556143283844],"EasingStyle":"Linear","EasingDirection":"In"},"Head":{"Weight":1,"CFrame":[-0.0028304075822234155,-0.0008660983294248581,-0.000028789043426513673,0.9938726425170898,0.11032993346452713,-0.006681311409920454,-0.10916883498430252,0.989284098148346,0.0969494953751564,0.017306145280599595,-0.09562603384256363,0.9952669739723206],"EasingStyle":"Linear","EasingDirection":"In"},"Right Leg":{"Weight":1,"CFrame":[0.5252102613449097,0.25723111629486086,-0.0017157196998596192,0.7715740203857422,0.6283530592918396,0.09922675043344498,-0.634565532207489,0.74927818775177,0.18949617445468903,0.044722139835357669,-0.20917630195617677,0.9768548011779785],"EasingStyle":"Linear","EasingDirection":"In"},"Torso":{"Weight":1,"CFrame":[-0.030733004212379457,-0.1625823676586151,-0.04562234878540039,0.9902662634849548,-0.1326998770236969,0.041993267834186557,0.13622930645942689,0.9859210252761841,-0.09696128219366074,-0.02853529341518879,0.10173821449279785,0.9944018721580505],"EasingStyle":"Linear","EasingDirection":"In"},"HumanoidRootPart":{"Weight":1,"CFrame":[0,0,0,1,0,0,0,1,0,0,0,1],"EasingStyle":"Linear","EasingDirection":"In"},"Left Arm":{"Weight":1,"CFrame":[0.11327303946018219,-0.12906384468078614,-0.07460838556289673,0.9020463228225708,0.3178474009037018,0.2920369505882263,-0.3223581314086914,0.9460101127624512,-0.03391614928841591,-0.2870500385761261,-0.06354658305644989,0.9558055400848389],"EasingStyle":"Linear","EasingDirection":"In"}}},{"Time":0.1621621549129486,"poses":{"Left Leg":{"Weight":1,"CFrame":[-0.1051255464553833,0.1528298258781433,0.0046547651290893559,0.8747611045837402,-0.18133634328842164,0.44934406876564028,0.16447587311267854,0.9833973050117493,0.0766640454530716,-0.4557858109474182,0.006843512877821922,0.8900632262229919],"EasingStyle":"Linear","EasingDirection":"In"},"Right Arm":{"Weight":1,"CFrame":[0.06813879311084748,-0.45979931950569155,0.07752084732055664,0.21722149848937989,-0.6461532115936279,0.7316426038742065,0.7772653102874756,0.5679175853729248,0.27079203724861147,-0.5904858112335205,0.5098584890365601,0.6255964040756226],"EasingStyle":"Linear","EasingDirection":"In"},"Head":{"Weight":1,"CFrame":[-0.003914354369044304,-0.001407632022164762,-0.00004029273986816406,0.9995241761207581,0.03082762099802494,-0.0010754059767350555,-0.030648590996861459,0.9964533448219299,0.07836832106113434,0.0034874966368079187,-0.07829807698726654,0.9969239234924316],"EasingStyle":"Linear","EasingDirection":"In"},"Right Leg":{"Weight":1,"CFrame":[0.5420025587081909,0.23259872198104859,0.003345012664794922,0.5820534229278565,0.8107232451438904,0.0627819150686264,-0.7966628074645996,0.5530803203582764,0.24378417432308198,0.16291815042495728,-0.191911518573761,0.9677953124046326],"EasingStyle":"Linear","EasingDirection":"In"},"Torso":{"Weight":1,"CFrame":[-0.01964695006608963,-0.17663124203681947,-0.10894083976745606,0.9983034729957581,-0.04772220551967621,0.033357761800289157,0.05049861967563629,0.9948350191116333,-0.08805229514837265,-0.02898341417312622,0.08958742767572403,0.9955572485923767],"EasingStyle":"Linear","EasingDirection":"In"},"HumanoidRootPart":{"Weight":1,"CFrame":[0,0,0,1,0,0,0,1,0,0,0,1],"EasingStyle":"Linear","EasingDirection":"In"},"Left Arm":{"Weight":1,"CFrame":[0.07640059292316437,-0.15325012803077699,-0.044931769371032718,0.8876425623893738,0.4497050344944,0.09927843511104584,-0.4462951123714447,0.8931633830070496,-0.055496226996183398,-0.1136288121342659,0.004953192081302404,0.9935110211372376],"EasingStyle":"Linear","EasingDirection":"In"}}},{"Time":0.18918919563293458,"poses":{"Left Leg":{"Weight":1,"CFrame":[-0.17603856325149537,0.20001006126403809,-0.018405616283416749,0.7710381746292114,-0.2914591431617737,0.5661727786064148,0.26158902049064639,0.9555943608283997,0.13568562269210816,-0.5805785059928894,0.04348583146929741,0.8130423426628113],"EasingStyle":"Linear","EasingDirection":"In"},"Right Arm":{"Weight":1,"CFrame":[0.045886654406785968,-0.5035358667373657,0.0987696647644043,0.20707044005393983,-0.6658742427825928,0.7167518734931946,0.8087649941444397,0.5287392139434815,0.2575541138648987,-0.5504734516143799,0.526352047920227,0.6480221152305603],"EasingStyle":"Linear","EasingDirection":"In"},"Head":{"Weight":1,"CFrame":[-0.005173811689019203,-0.002154923276975751,-0.000052988529205322269,0.9991744160652161,-0.040322575718164447,0.004964992869645357,0.03999590128660202,0.9977363348007202,0.05406120419502258,-0.007133642211556435,-0.0538179837167263,0.9985253214836121],"EasingStyle":"Linear","EasingDirection":"In"},"Right Leg":{"Weight":1,"CFrame":[0.5580418705940247,0.24049514532089234,-0.015561282634735108,0.5158326625823975,0.8563838005065918,0.02287627011537552,-0.7847327589988709,0.4616250693798065,0.4136388301849365,0.3436734080314636,-0.23132020235061646,0.9101536870002747],"EasingStyle":"Linear","EasingDirection":"In"},"Torso":{"Weight":1,"CFrame":[0.0036278367042541506,-0.19237391650676728,-0.11768102645874024,0.9992058873176575,0.0317532978951931,0.024072811007499696,-0.029752396047115327,0.9964023232460022,-0.07935495674610138,-0.026505984365940095,0.07857569307088852,0.9965558052062988],"EasingStyle":"Linear","EasingDirection":"In"},"HumanoidRootPart":{"Weight":1,"CFrame":[0,0,0,1,0,0,0,1,0,0,0,1],"EasingStyle":"Linear","EasingDirection":"In"},"Left Arm":{"Weight":1,"CFrame":[0.06969346106052399,-0.19692584872245789,0.0056171417236328129,0.8413816690444946,0.5325778722763062,-0.09185780584812164,-0.5386874675750732,0.8401308655738831,-0.06321348249912262,0.043506454676389697,0.10266924649477005,0.9937636852264404],"EasingStyle":"Linear","EasingDirection":"In"}}},{"Time":0.21621622145175935,"poses":{"Left Leg":{"Weight":1,"CFrame":[-0.20458441972732545,0.12805479764938355,-0.01703256368637085,0.6975278854370117,-0.36378970742225649,0.6173426508903503,0.34168508648872378,0.9261469841003418,0.15969696640968324,-0.6298461556434631,0.0995437279343605,0.7703148722648621],"EasingStyle":"Linear","EasingDirection":"In"},"Right Arm":{"Weight":1,"CFrame":[0.03036942332983017,-0.5234160423278809,0.11819565296173096,0.19907131791114808,-0.6834806799888611,0.7022997736930847,0.8388703465461731,0.4893312156200409,0.23843558132648469,-0.5066232681274414,0.5416727066040039,0.6707634329795837],"EasingStyle":"Linear","EasingDirection":"In"},"Head":{"Weight":1,"CFrame":[-0.00661002192646265,-0.0031436332501471044,-0.00006693601608276367,0.9953399896621704,-0.09568028151988983,0.011982453987002373,0.09537490457296372,0.9951547384262085,0.02388858050107956,-0.014210062101483345,-0.022634437307715417,0.9996429085731506],"EasingStyle":"Linear","EasingDirection":"In"},"Right Leg":{"Weight":1,"CFrame":[0.5253293514251709,0.2773591876029968,-0.0929000973701477,0.5987101793289185,0.8004948496818543,-0.027459528297185899,-0.6383609175682068,0.49759170413017275,0.5872799754142761,0.48377829790115359,-0.3340814411640167,0.8089179992675781],"EasingStyle":"Linear","EasingDirection":"In"},"Torso":{"Weight":1,"CFrame":[0.043548405170440677,-0.2104259431362152,-0.11815524101257324,0.9945820569992065,0.10298041254281998,0.014198705554008484,-0.10171394795179367,0.9922298789024353,-0.07165282219648361,-0.021467216312885286,0.06982040405273438,0.9973285794258118],"EasingStyle":"Linear","EasingDirection":"In"},"HumanoidRootPart":{"Weight":1,"CFrame":[0,0,0,1,0,0,0,1,0,0,0,1],"EasingStyle":"Linear","EasingDirection":"In"},"Left Arm":{"Weight":1,"CFrame":[0.06536271423101425,-0.23794668912887574,0.042458295822143558,0.784579336643219,0.5760640501976013,-0.22931595146656037,-0.6040664315223694,0.7935609221458435,-0.07324444502592087,0.1397826373577118,0.19598791003227235,0.9705923199653626],"EasingStyle":"Linear","EasingDirection":"In"}}},{"Time":0.2432432472705841,"poses":{"Left Leg":{"Weight":1,"CFrame":[-0.19350475072860719,0.04443472623825073,-0.015981018543243409,0.6452192068099976,-0.4105740487575531,0.6442989110946655,0.4106171727180481,0.8975281119346619,0.16073845326900483,-0.6442714929580689,0.16084863245487214,0.7476912140846252],"EasingStyle":"Linear","EasingDirection":"In"},"Right Arm":{"Weight":1,"CFrame":[0.02181585133075714,-0.5093051195144653,0.13440382480621339,0.19326744973659516,-0.6986914277076721,0.6888236999511719,0.8669412732124329,0.45034298300743105,0.2135513722896576,-0.45941340923309328,0.5558969974517822,0.6927610039710999],"EasingStyle":"Linear","EasingDirection":"In"},"Head":{"Weight":1,"CFrame":[-0.008224237710237503,-0.004409202374517918,-0.00008112192153930664,0.9903100728988648,-0.13764822483062745,0.01841641589999199,0.1378130465745926,0.9904260635375977,-0.007996891625225544,-0.017139336094260217,0.010457439348101616,0.9997984170913696],"EasingStyle":"Linear","EasingDirection":"In"},"Right Leg":{"Weight":1,"CFrame":[0.5061689615249634,0.3647574782371521,-0.1514250636100769,0.8489516377449036,0.5162292122840881,-0.11308698356151581,-0.35239893198013308,0.7124585509300232,0.6068096160888672,0.39382266998291018,-0.47530028223991396,0.786761462688446],"EasingStyle":"Linear","EasingDirection":"In"},"Torso":{"Weight":1,"CFrame":[0.0902133658528328,-0.23087865114212037,-0.15506815910339356,0.9874908924102783,0.15762852132320405,0.003899737261235714,-0.15704450011253358,0.9854429960250855,-0.06511019170284271,-0.01410619169473648,0.06368328630924225,0.9978705644607544],"EasingStyle":"Linear","EasingDirection":"In"},"HumanoidRootPart":{"Weight":1,"CFrame":[0,0,0,1,0,0,0,1,0,0,0,1],"EasingStyle":"Linear","EasingDirection":"In"},"Left Arm":{"Weight":1,"CFrame":[0.0605122447013855,-0.2681942582130432,0.04950249195098877,0.7446845173835754,0.5948996543884277,-0.3025550842285156,-0.6450432538986206,0.7579118609428406,-0.09741102159023285,0.17136017978191377,0.26770132780075076,0.9481411576271057],"EasingStyle":"Linear","EasingDirection":"In"}}},{"Time":0.2702702581882477,"poses":{"Left Leg":{"Weight":1,"CFrame":[0.0064717866480350498,0.15909868478775025,-0.05721426010131836,0.6894510388374329,-0.3152279257774353,0.6521415710449219,0.3429480493068695,0.9350878596305847,0.0894281342625618,-0.637999951839447,0.16199441254138947,0.7528041005134583],"EasingStyle":"Linear","EasingDirection":"In"},"Right Arm":{"Weight":1,"CFrame":[0.017914846539497377,-0.4706064462661743,0.1470789909362793,0.18978634476661683,-0.7112581133842468,0.6768258213996887,0.8923975229263306,0.41240864992141726,0.18315505981445313,-0.40939927101135256,0.569237232208252,0.7129945158958435],"EasingStyle":"Linear","EasingDirection":"In"},"Head":{"Weight":1,"CFrame":[-0.010017698630690575,-0.005987400189042091,-0.00009679794311523438,0.9835343956947327,-0.1793535351753235,0.022190779447555543,0.18005488812923432,0.9830271601676941,-0.03518490493297577,-0.015503598377108574,0.038601115345954898,0.9991344809532166],"EasingStyle":"Linear","EasingDirection":"In"},"Right Leg":{"Weight":1,"CFrame":[0.4697645306587219,0.4525558352470398,-0.04047691822052002,0.9631363749504089,0.08159349113702774,-0.25634098052978518,0.035751957446336749,0.9056167006492615,0.4225873649120331,0.26662716269493105,-0.416174054145813,0.8693153858184815],"EasingStyle":"Linear","EasingDirection":"In"},"Torso":{"Weight":1,"CFrame":[0.12845411896705628,-0.24051664769649507,-0.24814605712890626,0.981883704662323,0.18936578929424287,-0.006720825098454952,-0.189425989985466,0.980074405670166,-0.059765707701444629,-0.0047306702472269539,0.05995606631040573,0.9981898069381714],"EasingStyle":"Linear","EasingDirection":"In"},"HumanoidRootPart":{"Weight":1,"CFrame":[0,0,0,1,0,0,0,1,0,0,0,1],"EasingStyle":"Linear","EasingDirection":"In"},"Left Arm":{"Weight":1,"CFrame":[0.057745229452848437,-0.28098392486572268,0.024627089500427247,0.7320150136947632,0.6005478501319885,-0.32170870900154116,-0.6631309390068054,0.7363573908805847,-0.13429519534111024,0.15624186396598817,0.31164097785949709,0.93726646900177],"EasingStyle":"Linear","EasingDirection":"In"}}},{"Time":0.29729729890823367,"poses":{"Left Leg":{"Weight":1,"CFrame":[0.09925360977649689,0.22503727674484254,-0.024353384971618654,0.7302870154380798,-0.26398566365242007,0.6300735473632813,0.3143141269683838,0.9487385153770447,0.03319258615374565,-0.606537401676178,0.173800989985466,0.7758257985115051],"EasingStyle":"Linear","EasingDirection":"In"},"Right Arm":{"Weight":1,"CFrame":[0.016507260501384736,-0.41836631298065188,0.15708792209625245,0.1888357698917389,-0.720954179763794,0.6667579412460327,0.9147367477416992,0.376117467880249,0.14762240648269654,-0.3572082817554474,0.5820315480232239,0.7305076122283936],"EasingStyle":"Linear","EasingDirection":"In"},"Head":{"Weight":1,"CFrame":[-0.011991668492555619,-0.007913604378700257,-0.00011181831359863281,0.9749091267585754,-0.22156451642513276,0.021481994539499284,0.22235365211963654,0.9738406538963318,-0.04683133214712143,-0.010543882846832276,0.05043286085128784,0.99867182970047],"EasingStyle":"Linear","EasingDirection":"In"},"Right Leg":{"Weight":1,"CFrame":[0.411319375038147,0.4305395483970642,0.041527628898620608,0.8959723711013794,-0.1778838038444519,-0.406928688287735,0.264595627784729,0.9497140049934387,0.16742907464504243,0.3566829562187195,-0.2576834261417389,0.8979847431182861],"EasingStyle":"Linear","EasingDirection":"In"},"Torso":{"Weight":1,"CFrame":[0.16320466995239259,-0.23591607809066773,-0.32488203048706057,0.9788227677345276,0.2039542943239212,-0.017569972202181817,-0.2046251893043518,0.9772740006446838,-0.05535363405942917,0.005881067365407944,0.05777665600180626,0.99831223487854],"EasingStyle":"Linear","EasingDirection":"In"},"HumanoidRootPart":{"Weight":1,"CFrame":[0,0,0,1,0,0,0,1,0,0,0,1],"EasingStyle":"Linear","EasingDirection":"In"},"Left Arm":{"Weight":1,"CFrame":[0.0567701980471611,-0.2789765000343323,-0.006093800067901611,0.734780490398407,0.6037932634353638,-0.3090818226337433,-0.6658823490142822,0.7288942933082581,-0.15910327434539796,0.12922248244285584,0.32271808385849,0.9376324415206909],"EasingStyle":"Linear","EasingDirection":"In"}}},{"Time":0.3243243098258972,"poses":{"Left Leg":{"Weight":1,"CFrame":[-0.02951197698712349,0.1534191370010376,0.02172696590423584,0.7582129836082459,-0.32348233461380007,0.5661025643348694,0.36682233214378359,0.9294396042823792,0.03979446366429329,-0.5390309691429138,0.17748643457889558,0.8233737945556641],"EasingStyle":"Linear","EasingDirection":"In"},"Right Arm":{"Weight":1,"CFrame":[0.015373801812529564,-0.36413833498954775,0.1657325029373169,0.19069316983222962,-0.7275618314743042,0.6590068936347961,0.9335443377494812,0.3419859707355499,0.1074272096157074,-0.3035309910774231,0.5947264432907105,0.7444255948066711],"EasingStyle":"Linear","EasingDirection":"In"},"Head":{"Weight":1,"CFrame":[-0.014147356152534485,-0.010223496705293656,-0.0001277327537536621,0.967402994632721,-0.2528383135795593,0.014290761202573777,0.25320279598236086,0.9667033553123474,-0.03705523535609245,-0.004445940256118774,0.03946581482887268,0.9992111325263977],"EasingStyle":"Linear","EasingDirection":"In"},"Right Leg":{"Weight":1,"CFrame":[0.3498840630054474,0.35600823163986208,0.03920292854309082,0.8577698469161987,-0.19049888849258424,-0.4774317145347595,0.24549876153469087,0.967841386795044,0.054895319044589999,0.4516206681728363,-0.16429650783538819,0.8769524097442627],"EasingStyle":"Linear","EasingDirection":"In"},"Torso":{"Weight":1,"CFrame":[0.2020563930273056,-0.22817516326904298,-0.28749895095825198,0.9773607850074768,0.20966586470603944,-0.02839297242462635,-0.21090562641620637,0.9761379957199097,-0.05170559883117676,0.016874559223651887,0.056523263454437259,0.998258650302887],"EasingStyle":"Linear","EasingDirection":"In"},"HumanoidRootPart":{"Weight":1,"CFrame":[0,0,0,1,0,0,0,1,0,0,0,1],"EasingStyle":"Linear","EasingDirection":"In"},"Left Arm":{"Weight":1,"CFrame":[0.05652671679854393,-0.26597779989242556,-0.020959675312042238,0.7500267028808594,0.5906485319137573,-0.29764795303344729,-0.649027407169342,0.7439134120941162,-0.15923678874969483,0.12737129628658296,0.31261342763900759,0.9413019418716431],"EasingStyle":"Linear","EasingDirection":"In"}}},{"Time":0.3513513505458832,"poses":{"Left Leg":{"Weight":1,"CFrame":[0.005855925381183624,0.12181949615478516,-0.018483459949493409,0.8580862283706665,-0.261914998292923,0.4416883587837219,0.2862939238548279,0.9580676555633545,0.01192562934011221,-0.426290899515152,0.11621946096420288,0.8970893025398254],"EasingStyle":"Linear","EasingDirection":"In"},"Right Arm":{"Weight":1,"CFrame":[0.017465274780988694,-0.32255643606185915,0.17386078834533692,0.19862119853496552,-0.7309824228286743,0.6528509855270386,0.9474814534187317,0.3135753571987152,0.06284439563751221,-0.25065603852272036,0.6060819625854492,0.7548750042915344],"EasingStyle":"Linear","EasingDirection":"In"},"Head":{"Weight":1,"CFrame":[-0.0164860300719738,-0.012952610850334168,-0.0001429915428161621,0.9624922275543213,-0.27130916714668276,0.00014654920960310847,0.2712985575199127,0.9624497294425964,-0.009364401921629906,0.0023996015079319479,0.009052928537130356,0.9999561905860901],"EasingStyle":"Linear","EasingDirection":"In"},"Right Leg":{"Weight":1,"CFrame":[0.27804243564605715,0.2310718297958374,0.010630249977111817,0.830982506275177,-0.22853566706180573,-0.5071880221366882,0.26488813757896426,0.964279055595398,-0.000502229668200016,0.4891854226589203,-0.1339307725429535,0.8618353605270386],"EasingStyle":"Linear","EasingDirection":"In"},"Torso":{"Weight":1,"CFrame":[0.24277493357658387,-0.21359063684940339,-0.22265911102294923,0.9762324690818787,0.21324004232883454,-0.038717661052942279,-0.21501286327838899,0.9753540754318237,-0.04953690618276596,0.027200182899832727,0.05668432265520096,0.9980215430259705],"EasingStyle":"Linear","EasingDirection":"In"},"HumanoidRootPart":{"Weight":1,"CFrame":[0,0,0,1,0,0,0,1,0,0,0,1],"EasingStyle":"Linear","EasingDirection":"In"},"Left Arm":{"Weight":1,"CFrame":[0.05649188905954361,-0.24470633268356324,-0.022087275981903077,0.7809563279151917,0.5490977764129639,-0.29765594005584719,-0.6044448614120483,0.7844763398170471,-0.13872049748897553,0.1573328822851181,0.288251131772995,0.9445409774780273],"EasingStyle":"Linear","EasingDirection":"In"}}},{"Time":0.37837839126586916,"poses":{"Left Leg":{"Weight":1,"CFrame":[-0.10637883841991425,0.12027132511138916,0.010805964469909668,0.922335147857666,-0.2635485827922821,0.2825600206851959,0.2783370912075043,0.9603986144065857,-0.012770366854965687,-0.2680046856403351,0.09042547643184662,0.9591646194458008],"EasingStyle":"Linear","EasingDirection":"In"},"Right Arm":{"Weight":1,"CFrame":[0.020376261323690416,-0.28752076625823977,0.18088603019714356,0.21230992674827577,-0.7312709093093872,0.6482032537460327,0.9554506540298462,0.294518381357193,0.019316457211971284,-0.2050332874059677,0.615225076675415,0.7612223029136658],"EasingStyle":"Linear","EasingDirection":"In"},"Head":{"Weight":1,"CFrame":[-0.01900889351963997,-0.016136597841978074,-0.00015795230865478516,0.9596087336540222,-0.280745267868042,-0.01825646497309208,0.28103169798851015,0.9595712423324585,0.01563498191535473,0.013128934428095818,-0.020134111866354944,0.9997111558914185],"EasingStyle":"Linear","EasingDirection":"In"},"Right Leg":{"Weight":1,"CFrame":[0.2108115255832672,0.16763728857040406,-0.01613771915435791,0.813738226890564,-0.2834213078022003,-0.5074470043182373,0.3188563287258148,0.9476329684257507,-0.01795995980501175,0.4859638214111328,-0.14718803763389588,0.8614957332611084],"EasingStyle":"Linear","EasingDirection":"In"},"Torso":{"Weight":1,"CFrame":[0.28155142068862917,-0.19142213463783265,-0.17349886894226075,0.9742296934127808,0.2203434854745865,-0.04822095111012459,-0.222635880112648,0.9736776947975159,-0.04883645474910736,0.03619086742401123,0.05831363797187805,0.9976420998573303],"EasingStyle":"Linear","EasingDirection":"In"},"HumanoidRootPart":{"Weight":1,"CFrame":[0,0,0,1,0,0,0,1,0,0,0,1],"EasingStyle":"Linear","EasingDirection":"In"},"Left Arm":{"Weight":1,"CFrame":[0.056457195430994037,-0.22207584977149964,-0.011919379234313965,0.8127058148384094,0.4863445460796356,-0.32090258598327639,-0.5375967025756836,0.83827143907547,-0.09105349332094193,0.22472012042999268,0.24651579558849336,0.9427251815795898],"EasingStyle":"Linear","EasingDirection":"In"}}},{"Time":0.4054054021835327,"poses":{"Left Leg":{"Weight":1,"CFrame":[-0.19990237057209016,0.12468224763870239,0.02457273006439209,0.9542346596717835,-0.2593803107738495,0.1488560438156128,0.2672681510448456,0.9629741907119751,-0.035336196422576907,-0.13417907059192658,0.07350346446037293,0.9882274270057678],"EasingStyle":"Linear","EasingDirection":"In"},"Right Arm":{"Weight":1,"CFrame":[0.02358797937631607,-0.25715482234954836,0.18622887134552003,0.22726207971572877,-0.7286338806152344,0.6460995674133301,0.9584361910820007,0.2848653793334961,-0.015870170667767526,-0.17248786985874177,0.6228519082069397,0.7630881071090698],"EasingStyle":"Linear","EasingDirection":"In"},"Head":{"Weight":1,"CFrame":[-0.02171718329191208,-0.019810978323221208,-0.0001723766326904297,0.9586010575294495,-0.2820320129394531,-0.03927029296755791,0.2830533981323242,0.958819568157196,0.023362863808870317,0.031064048409461976,-0.03351125493645668,0.998955488204956],"EasingStyle":"Linear","EasingDirection":"In"},"Right Leg":{"Weight":1,"CFrame":[0.18538826704025269,0.16269278526306153,-0.01726365089416504,0.8123182654380798,-0.33215901255607607,-0.4793844521045685,0.37219569087028506,0.9280719757080078,-0.012361869215965271,0.4490094780921936,-0.1683831512928009,0.8775179386138916],"EasingStyle":"Linear","EasingDirection":"In"},"Torso":{"Weight":1,"CFrame":[0.31782490015029909,-0.16086676716804505,-0.14626216888427735,0.9706336259841919,0.23353001475334168,-0.05774211138486862,-0.23639649152755738,0.9704173803329468,-0.049059633165597919,0.04457704722881317,0.06126896291971207,0.9971253871917725],"EasingStyle":"Linear","EasingDirection":"In"},"HumanoidRootPart":{"Weight":1,"CFrame":[0,0,0,1,0,0,0,1,0,0,0,1],"EasingStyle":"Linear","EasingDirection":"In"},"Left Arm":{"Weight":1,"CFrame":[0.056213609874248508,-0.2056030035018921,0.009726524353027344,0.8233759999275208,0.41758114099502566,-0.384289026260376,-0.4657067358493805,0.8841627240180969,-0.03706098720431328,0.32429811358451846,0.20948104560375215,0.9224686622619629],"EasingStyle":"Linear","EasingDirection":"In"}}},{"Time":0.4324324429035187,"poses":{"Left Leg":{"Weight":1,"CFrame":[-0.23240643739700318,0.10620278120040894,0.07445728778839112,0.9655768871307373,-0.24523618817329408,0.08672105520963669,0.25236088037490847,0.9639983773231506,-0.08379224687814713,-0.06305009871721268,0.10279285162687302,0.9927026033401489],"EasingStyle":"Linear","EasingDirection":"In"},"Right Arm":{"Weight":1,"CFrame":[0.02707478404045105,-0.23153191804885865,0.18954181671142579,0.24038659036159516,-0.7245851755142212,0.6459030508995056,0.9581287503242493,0.2837722599506378,-0.03824760392308235,-0.15557564795017243,0.6280524134635925,0.7624607682228088],"EasingStyle":"Linear","EasingDirection":"In"},"Head":{"Weight":1,"CFrame":[-0.024612274020910264,-0.024011366069316865,-0.00018638372421264648,0.9606527090072632,-0.2702203691005707,-0.06424399465322495,0.27183404564857485,0.9621813893318176,0.01769944466650486,0.05703163519501686,-0.03446672484278679,0.9977773427963257],"EasingStyle":"Linear","EasingDirection":"In"},"Right Leg":{"Weight":1,"CFrame":[0.21996739506721497,0.1815316081047058,0.004704833030700684,0.8328288197517395,-0.3583472967147827,-0.4218808114528656,0.40016669034957888,0.9163690805435181,0.011595690622925759,0.38244327902793887,-0.17847992479801179,0.9065771698951721],"EasingStyle":"Linear","EasingDirection":"In"},"Torso":{"Weight":1,"CFrame":[0.35177427530288699,-0.12462355196475983,-0.17226505279541017,0.9646547436714172,0.2544580101966858,-0.06850101798772812,-0.2580685615539551,0.9648199081420898,-0.05023152753710747,0.05330933257937431,0.06613404303789139,0.9963856935501099],"EasingStyle":"Linear","EasingDirection":"In"},"HumanoidRootPart":{"Weight":1,"CFrame":[0,0,0,1,0,0,0,1,0,0,0,1],"EasingStyle":"Linear","EasingDirection":"In"},"Left Arm":{"Weight":1,"CFrame":[0.037573814392089847,-0.19954997301101685,0.042801856994628909,0.8019334077835083,0.36124810576438906,-0.47581806778907778,-0.4165510833263397,0.9090345501899719,-0.011893780902028084,0.4282383620738983,0.20774045586585999,0.8794633746147156],"EasingStyle":"Linear","EasingDirection":"In"}}},{"Time":0.45945945382118227,"poses":{"Left Leg":{"Weight":1,"CFrame":[-0.23309573531150819,0.10087555646896362,0.11960065364837647,0.9700332880020142,-0.22729690372943879,0.08585800230503082,0.23735101521015168,0.9620277285575867,-0.13478617370128632,-0.05196133628487587,0.15112558007240296,0.9871479868888855],"EasingStyle":"Linear","EasingDirection":"In"},"Right Arm":{"Weight":1,"CFrame":[0.030899420380592347,-0.2153080403804779,0.19053924083709718,0.24956004321575166,-0.7216684818267822,0.645689070224762,0.955967903137207,0.289933443069458,-0.045433178544044498,-0.15441907942295075,0.6285961866378784,0.762247622013092],"EasingStyle":"Linear","EasingDirection":"In"},"Head":{"Weight":1,"CFrame":[-0.027695301920175554,-0.028773300349712373,-0.0001990199089050293,0.9681944847106934,-0.23227280378341676,-0.09299882501363754,0.23307792842388154,0.9724555015563965,-0.002259942004457116,0.09096212685108185,-0.01948789693415165,0.9956637024879456],"EasingStyle":"Linear","EasingDirection":"In"},"Right Leg":{"Weight":1,"CFrame":[0.29565200209617617,0.2590838670730591,0.0355381965637207,0.8769089579582214,-0.338824987411499,-0.34092286229133608,0.38389307260513308,0.9205207824707031,0.0725788101553917,0.2892351448535919,-0.1945229172706604,0.9372854828834534],"EasingStyle":"Linear","EasingDirection":"In"},"Torso":{"Weight":1,"CFrame":[0.38354575634002688,-0.08530532568693161,-0.23375272750854493,0.9551184773445129,0.28471776843070986,-0.08175871521234513,-0.28939002752304079,0.9557832479476929,-0.05226689204573631,0.06326230615377426,0.07358122617006302,0.9952806830406189],"EasingStyle":"Linear","EasingDirection":"In"},"HumanoidRootPart":{"Weight":1,"CFrame":[0,0,0,1,0,0,0,1,0,0,0,1],"EasingStyle":"Linear","EasingDirection":"In"},"Left Arm":{"Weight":1,"CFrame":[-0.007736131548881531,-0.2037988305091858,0.07963550090789795,0.7547980546951294,0.32011935114860537,-0.5725415349006653,-0.3926066756248474,0.9197003841400147,-0.0033620893955230715,0.5254903435707092,0.22732126712799073,0.8198688626289368],"EasingStyle":"Linear","EasingDirection":"In"}}},{"Time":0.4864864945411682,"poses":{"Left Leg":{"Weight":1,"CFrame":[-0.21126869320869447,0.1473206877708435,0.10897588729858399,0.974638819694519,-0.18157823383808137,0.1307998150587082,0.20025773346424104,0.9685567021369934,-0.14763104915618897,-0.09988049417734146,0.17008057236671449,0.9803553223609924],"EasingStyle":"Linear","EasingDirection":"In"},"Right Arm":{"Weight":1,"CFrame":[0.03671132028102875,-0.20678460597991944,0.18989944458007813,0.2552953362464905,-0.7189828753471375,0.6464425921440125,0.9531345963478088,0.29941803216934206,-0.04339825361967087,-0.16235387325286866,0.6272259950637817,0.7617273926734924],"EasingStyle":"Linear","EasingDirection":"In"},"Head":{"Weight":1,"CFrame":[-0.030967552214860917,-0.03413241356611252,-0.00021028518676757813,0.9777529835700989,-0.17106932401657105,-0.12138553708791733,0.16812096536159516,0.9851728081703186,-0.03420547768473625,0.12543725967407227,0.013037055730819703,0.9920158982276917],"EasingStyle":"Linear","EasingDirection":"In"},"Right Leg":{"Weight":1,"CFrame":[0.569462239742279,0.47180992364883425,0.12386858463287354,0.959105372428894,-0.13862332701683045,-0.24678006768226624,0.17038048803806306,0.9789616465568543,0.1122698113322258,0.2260250598192215,-0.1497250646352768,0.962546169757843],"EasingStyle":"Linear","EasingDirection":"In"},"Torso":{"Weight":1,"CFrame":[0.4130539894104004,-0.04513247311115265,-0.30477166175842287,0.9380363821983337,0.33220940828323367,-0.09861483424901962,-0.3384332060813904,0.9394058585166931,-0.0545879602432251,0.07450470328330994,0.08458001166582108,0.9936274290084839],"EasingStyle":"Linear","EasingDirection":"In"},"HumanoidRootPart":{"Weight":1,"CFrame":[0,0,0,1,0,0,0,1,0,0,0,1],"EasingStyle":"Linear","EasingDirection":"In"},"Left Arm":{"Weight":1,"CFrame":[-0.0656055212020874,-0.2140769362449646,0.11207985877990723,0.6939007639884949,0.2911350131034851,-0.6585911512374878,-0.39088571071624758,0.9204259514808655,-0.004961768165230751,0.6047397255897522,0.26087677478790285,0.7524846196174622],"EasingStyle":"Linear","EasingDirection":"In"}}},{"Time":0.5135135054588318,"poses":{"Left Leg":{"Weight":1,"CFrame":[-0.23835806548595429,0.178081214427948,0.10709643363952637,0.9724822640419006,-0.12729136645793916,0.19512897729873658,0.15783566236495973,0.9760185480117798,-0.1499195396900177,-0.17136603593826295,0.1765923947095871,0.9692517518997192],"EasingStyle":"Linear","EasingDirection":"In"},"Right Arm":{"Weight":1,"CFrame":[0.04544761776924133,-0.20430436730384828,0.18861031532287599,0.25911980867385867,-0.7143476605415344,0.65004962682724,0.9502786993980408,0.3089064955711365,-0.039334487169981,-0.17270605266094209,0.627920567989