{"Sequence":[{"Time":0,"poses":{"Left Leg":{"Weight":1,"CFrame":[-0.4841795861721039,-0.06201887130737305,-0.09567421674728394,0.9703434109687805,-0.1280800849199295,-0.20501035451889039,0.05539935082197189,0.943349301815033,-0.3271438479423523,0.23529690504074098,0.30608442425727847,0.9224682450294495],"EasingStyle":"Constant","EasingDirection":"In"},"Right Arm":{"Weight":1,"CFrame":[0.01599140837788582,-0.18067747354507447,0.16184687614440919,0.8196641802787781,0.07766851037740708,-0.5675546526908875,0.3843652606010437,0.6600636839866638,0.6454294919967651,0.42475154995918276,-0.7471836805343628,0.5111775398254395],"EasingStyle":"Constant","EasingDirection":"In"},"Head":{"Weight":1,"CFrame":[5.168840289115906e-8,-1.6880221664905549e-9,2.384185791015625e-7,0.98240727186203,-0.015534067526459694,0.18610411882400514,0.006944277789443731,0.9988839626312256,0.04671912640333176,-0.18662218749523164,-0.044604845345020297,0.9814187288284302],"EasingStyle":"Constant","EasingDirection":"In"},"Right Leg":{"Weight":1,"CFrame":[0.3014461398124695,0.4309738278388977,-0.05683666467666626,0.9681362509727478,0.15815316140651704,-0.19416435062885285,-0.08409105986356735,0.9356330037117004,0.3428114354610443,0.23588329553604127,-0.3155606985092163,0.9191194772720337],"EasingStyle":"Constant","EasingDirection":"In"},"Torso":{"Weight":1,"CFrame":[0.23536914587020875,-0.05122116208076477,-0.22049903869628907,0.983180820941925,0.0150175541639328,-0.18201656639575959,-0.027090750634670259,0.9975804090499878,-0.06402652710676193,0.1806146502494812,0.06788061559200287,0.9812087416648865],"EasingStyle":"Constant","EasingDirection":"In"},"HumanoidRootPart":{"Weight":0,"CFrame":[0,0,0,1,0,0,0,1,0,0,0,1],"EasingStyle":"Linear","EasingDirection":"In"},"Left Arm":{"Weight":1,"CFrame":[-0.4470818340778351,-0.2288082242012024,-0.9375199675559998,0.01863093487918377,0.12007787823677063,-0.9925897121429443,-0.8903593420982361,0.4536556303501129,0.03816862031817436,0.454877108335495,0.883050262928009,0.11536447703838349],"EasingStyle":"Constant","EasingDirection":"In"}}},{"Time":0.0416666679084301,"poses":{"Left Leg":{"Weight":1,"CFrame":[-0.48417970538139346,-0.06201887130737305,-0.09567445516586304,0.9703433513641357,-0.12808029353618623,-0.205010324716568,0.05539955571293831,0.9433492422103882,-0.32714393734931948,0.23529693484306336,0.30608439445495608,0.9224683046340942],"EasingStyle":"Constant","EasingDirection":"In"},"Right Arm":{"Weight":1,"CFrame":[0.015991421416401864,-0.18067747354507447,0.16184675693511964,0.8196641802787781,0.07766851037740708,-0.5675546526908875,0.3843652606010437,0.6600636839866638,0.6454294919967651,0.42475154995918276,-0.7471836805343628,0.5111775398254395],"EasingStyle":"Constant","EasingDirection":"In"},"Head":{"Weight":1,"CFrame":[5.541369318962097e-8,-1.4784745872020722e-8,3.5762786865234377e-7,0.98240727186203,-0.015534067526459694,0.18610411882400514,0.006944277789443731,0.9988839626312256,0.04671912640333176,-0.18662218749523164,-0.044604845345020297,0.9814187288284302],"EasingStyle":"Constant","EasingDirection":"In"},"Right Leg":{"Weight":1,"CFrame":[0.3014461398124695,0.4309738278388977,-0.056836724281311038,0.9681362509727478,0.15815316140651704,-0.19416435062885285,-0.08409105986356735,0.9356329441070557,0.3428114652633667,0.23588329553604127,-0.3155606985092163,0.9191194772720337],"EasingStyle":"Constant","EasingDirection":"In"},"Torso":{"Weight":1,"CFrame":[0.25766313076019289,-0.05122116208076477,-0.22049903869628907,0.983180820941925,0.0150175541639328,-0.18201656639575959,-0.027090750634670259,0.9975804090499878,-0.06402652710676193,0.1806146502494812,0.06788061559200287,0.9812087416648865],"EasingStyle":"Constant","EasingDirection":"In"},"HumanoidRootPart":{"Weight":0,"CFrame":[0,0,0,1,0,0,0,1,0,0,0,1],"EasingStyle":"Linear","EasingDirection":"In"},"Left Arm":{"Weight":1,"CFrame":[-0.44708186388015749,-0.2288082242012024,-0.937519907951355,0.01863093487918377,0.12007787823677063,-0.9925897121429443,-0.8903593420982361,0.4536556303501129,0.03816862031817436,0.454877108335495,0.883050262928009,0.11536447703838349],"EasingStyle":"Constant","EasingDirection":"In"}}},{"Time":0.0833333358168602,"poses":{"Left Leg":{"Weight":1,"CFrame":[-0.5643532872200012,0.3488866686820984,-0.05975222587585449,0.9778790473937988,-0.20539812743663789,0.03955110162496567,0.19278480112552644,0.9583781361579895,0.21058368682861329,-0.08115842193365097,-0.19830049574375153,0.9767755270004273],"EasingStyle":"Constant","EasingDirection":"In"},"Right Arm":{"Weight":1,"CFrame":[0.4389688968658447,-0.36113256216049197,-0.6559206247329712,0.040097352117300037,-0.12713998556137086,0.9910740256309509,0.7803666591644287,0.6234459280967712,0.0484062023460865,-0.6240352988243103,0.7714601159095764,0.12421425431966782],"EasingStyle":"Constant","EasingDirection":"In"},"Head":{"Weight":1,"CFrame":[9.033828973770142e-8,1.5832483768463136e-8,2.384185791015625e-7,0.9914616346359253,0.06549984216690064,-0.11275551468133927,-0.05735301971435547,0.9956045746803284,0.07404196262359619,0.11710964888334274,-0.06694287806749344,0.9908602833747864],"EasingStyle":"Constant","EasingDirection":"In"},"Right Leg":{"Weight":1,"CFrame":[0.21137377619743348,0.06313502788543701,-0.020271122455596925,0.984075665473938,0.040768809616565707,-0.17301148176193238,-0.07776366174221039,0.9739968180656433,-0.21279841661453248,0.15983714163303376,0.22286368906497956,0.961656928062439],"EasingStyle":"Constant","EasingDirection":"In"},"Torso":{"Weight":1,"CFrame":[0.0044508278369903568,-0.033043667674064639,-0.2320547103881836,0.9915428161621094,-0.05925732105970383,0.1154617890715599,0.06952477246522904,0.9937769770622253,-0.0870264321565628,-0.10958631336688996,0.09431788325309754,0.9894922971725464],"EasingStyle":"Constant","EasingDirection":"In"},"HumanoidRootPart":{"Weight":0,"CFrame":[0,0,0,1,0,0,0,1,0,0,0,1],"EasingStyle":"Linear","EasingDirection":"In"},"Left Arm":{"Weight":1,"CFrame":[-0.12106538563966751,-0.25649333000183108,0.056708335876464847,0.8593283295631409,-0.04182075709104538,0.5097116827964783,-0.3025616407394409,0.7619551420211792,0.5726087093353272,-0.41232436895370486,-0.6462781429290772,0.6421162486076355],"EasingStyle":"Constant","EasingDirection":"In"}}},{"Time":0.125,"poses":{"Left Leg":{"Weight":1,"CFrame":[-0.5304153561592102,0.41380977630615237,-0.0003573298454284668,0.9342959523200989,-0.2922636568546295,0.2041398137807846,0.1990855634212494,0.9027591347694397,0.38130173087120058,-0.29572972655296328,-0.31560730934143069,0.901629626750946],"EasingStyle":"Constant","EasingDirection":"In"},"Right Arm":{"Weight":1,"CFrame":[0.44708186388015749,-0.22880828380584718,-0.937519907951355,0.012152477167546749,-0.11394369602203369,0.993412971496582,0.9414226412773132,0.33614346385002139,0.02703883871436119,-0.3370100259780884,0.9348927736282349,0.1113540455698967],"EasingStyle":"Constant","EasingDirection":"In"},"Head":{"Weight":1,"CFrame":[8.35862010717392e-8,-5.3551048040390018e-9,4.76837158203125e-7,0.9902355670928955,0.01648784801363945,-0.13842594623565675,-0.010211296379566193,0.9988924860954285,0.04593067616224289,0.13902993500232697,-0.04406868293881416,0.9893072247505188],"EasingStyle":"Constant","EasingDirection":"In"},"Right Leg":{"Weight":1,"CFrame":[0.5910807251930237,-0.15759730339050294,-0.0778232216835022,0.9687069058418274,0.20781861245632173,0.13571417331695558,-0.133843794465065,0.8978354930877686,-0.41949647665023806,-0.20902816951274873,0.38820457458496096,0.8975546956062317],"EasingStyle":"Constant","EasingDirection":"In"},"Torso":{"Weight":1,"CFrame":[-0.10101431608200073,-0.04599584639072418,-0.22800850868225099,0.983180820941925,-0.0150175541639328,0.18201643228530885,0.02709074318408966,0.9975804090499878,-0.06402654945850373,-0.18061448633670808,0.06788063049316406,0.981208860874176],"EasingStyle":"Constant","EasingDirection":"In"},"HumanoidRootPart":{"Weight":0,"CFrame":[0,0,0,1,0,0,0,1,0,0,0,1],"EasingStyle":"Linear","EasingDirection":"In"},"Left Arm":{"Weight":1,"CFrame":[-0.01599138416349888,-0.18067774176597596,0.16184675693511964,0.8103518486022949,-0.08738741278648377,0.5793905258178711,-0.4873673915863037,0.44839635491371157,0.7492755651473999,-0.32527390122413638,-0.8895528316497803,0.3207690119743347],"EasingStyle":"Constant","EasingDirection":"In"}}},{"Time":0.1666666716337204,"poses":{"Left Leg":{"Weight":1,"CFrame":[-0.3662942945957184,-0.02685546875,0.07483184337615967,0.9808857440948486,-0.12116765975952149,0.15225504338741303,0.15740691125392915,0.9541009068489075,-0.2547830641269684,-0.11439523100852967,0.2738790810108185,0.9549367427825928],"EasingStyle":"Constant","EasingDirection":"In"},"Right Arm":{"Weight":1,"CFrame":[0.019189583137631418,-0.24481666088104249,0.03691864013671875,0.8058425188064575,0.0004949065623804927,-0.5921298265457153,0.35926827788352969,0.7944924235343933,0.4896000027656555,0.47068485617637637,-0.6072739362716675,0.6400579810142517],"EasingStyle":"Constant","EasingDirection":"In"},"Head":{"Weight":1,"CFrame":[1.0058283805847168e-7,1.4901161193847657e-8,-1.7881393432617188e-7,0.9910753965377808,-0.0640450194478035,0.11690999567508698,0.058629196137189868,0.9970670938491821,0.049193669110536578,-0.11971769481897354,-0.04190029203891754,0.9919235110282898],"EasingStyle":"Constant","EasingDirection":"In"},"Right Leg":{"Weight":1,"CFrame":[0.5474653244018555,0.3495056629180908,-0.1431957483291626,0.9842555522918701,0.1532832384109497,0.08800793439149857,-0.1707959920167923,0.9529731869697571,0.2503412663936615,-0.04549599438905716,-0.2614312171936035,0.9641493558883667],"EasingStyle":"Constant","EasingDirection":"In"},"Torso":{"Weight":1,"CFrame":[0.24167871475219727,-0.027818307280540468,-0.20705866813659669,0.9890974760055542,0.05731836333870888,-0.1356496512889862,-0.06952477246522904,0.9937769770622253,-0.08702640980482102,0.12981729209423066,0.09550861269235611,0.986927330493927],"EasingStyle":"Constant","EasingDirection":"In"},"HumanoidRootPart":{"Weight":0,"CFrame":[0,0,0,1,0,0,0,1,0,0,0,1],"EasingStyle":"Linear","EasingDirection":"In"},"Left Arm":{"Weight":1,"CFrame":[-0.459153413772583,-0.43554583191871645,-0.8512902855873108,0.05964524671435356,0.12963177263736726,-0.9897667169570923,-0.6581777334213257,0.7505752444267273,0.05864131450653076,0.7504962086677551,0.6479447484016419,0.1300889253616333],"EasingStyle":"Constant","EasingDirection":"In"}}},{"Time":0.2083333283662796,"poses":{"Left Leg":{"Weight":1,"CFrame":[-0.36629432439804079,-0.02685558795928955,0.07483184337615967,0.9808858036994934,-0.12116765230894089,0.15225505828857423,0.15740691125392915,0.9541009664535523,-0.2547832429409027,-0.11439524590969086,0.27387920022010805,0.954936683177948],"EasingStyle":"Constant","EasingDirection":"In"},"Right Arm":{"Weight":1,"CFrame":[0.019189583137631418,-0.24481666088104249,0.0369185209274292,0.8058425188064575,0.0004949065623804927,-0.5921298265457153,0.35926827788352969,0.7944924235343933,0.4896000027656555,0.47068485617637637,-0.6072739362716675,0.6400579810142517],"EasingStyle":"Constant","EasingDirection":"In"},"Head":{"Weight":1,"CFrame":[1.825392246246338e-7,1.6298145055770875e-8,-1.7881393432617188e-7,0.9910753965377808,-0.0640450194478035,0.11690999567508698,0.058629196137189868,0.9970670938491821,0.049193669110536578,-0.11971769481897354,-0.04190029203891754,0.9919235110282898],"EasingStyle":"Constant","EasingDirection":"In"},"Right Leg":{"Weight":1,"CFrame":[0.5474653244018555,0.34950554370880129,-0.1431957483291626,0.9842555522918701,0.1532832384109497,0.08800793439149857,-0.1707959920167923,0.9529731869697571,0.2503412663936615,-0.04549599438905716,-0.2614312171936035,0.9641493558883667],"EasingStyle":"Constant","EasingDirection":"In"},"Torso":{"Weight":1,"CFrame":[0.26207399368286135,-0.027818307280540468,-0.20705866813659669,0.9890974760055542,0.05731836333870888,-0.1356496512889862,-0.06952477246522904,0.9937769770622253,-0.08702640980482102,0.12981729209423066,0.09550861269235611,0.986927330493927],"EasingStyle":"Constant","EasingDirection":"In"},"HumanoidRootPart":{"Weight":0,"CFrame":[0,0,0,1,0,0,0,1,0,0,0,1],"EasingStyle":"Linear","EasingDirection":"In"},"Left Arm":{"Weight":1,"CFrame":[-0.459153413772583,-0.43554583191871645,-0.851290225982666,0.05964524671435356,0.12963177263736726,-0.9897667169570923,-0.6581777334213257,0.7505752444267273,0.05864131450653076,0.7504962086677551,0.6479447484016419,0.1300889253616333],"EasingStyle":"Constant","EasingDirection":"In"}}},{"Time":0.25,"poses":{"Left Leg":{"Weight":1,"CFrame":[-0.48417937755584719,-0.0620189905166626,-0.09567445516586304,0.9703434109687805,-0.12807998061180116,-0.20501036942005158,0.05539925768971443,0.9433492422103882,-0.32714396715164187,0.23529690504074098,0.30608442425727847,0.9224683046340942],"EasingStyle":"Constant","EasingDirection":"In"},"Right Arm":{"Weight":1,"CFrame":[0.015991415828466417,-0.18067744374275208,0.16184675693511964,0.8196641802787781,0.07766851037740708,-0.5675546526908875,0.3843652606010437,0.6600636839866638,0.6454294919967651,0.42475154995918276,-0.7471836805343628,0.5111775398254395],"EasingStyle":"Constant","EasingDirection":"In"},"Head":{"Weight":1,"CFrame":[7.031485438346863e-8,-9.546056389808655e-9,3.5762786865234377e-7,0.98240727186203,-0.015534067526459694,0.18610411882400514,0.006944277789443731,0.9988839626312256,0.04671912640333176,-0.18662218749523164,-0.044604845345020297,0.9814187288284302],"EasingStyle":"Constant","EasingDirection":"In"},"Right Leg":{"Weight":1,"CFrame":[0.3014463782310486,0.4309738874435425,-0.056836724281311038,0.968136191368103,0.15815338492393495,-0.19416430592536927,-0.08409127593040467,0.9356330037117004,0.3428114354610443,0.23588334023952485,-0.31556063890457156,0.9191194772720337],"EasingStyle":"Constant","EasingDirection":"In"},"Torso":{"Weight":1,"CFrame":[0.3622286915779114,-0.05122116208076477,-0.22049903869628907,0.983180820941925,0.0150175541639328,-0.18201656639575959,-0.027090750634670259,0.9975804090499878,-0.06402652710676193,0.1806146502494812,0.06788061559200287,0.9812087416648865],"EasingStyle":"Constant","EasingDirection":"In"},"HumanoidRootPart":{"Weight":0,"CFrame":[0,0,0,1,0,0,0,1,0,0,0,1],"EasingStyle":"Linear","EasingDirection":"In"},"Left Arm":{"Weight":1,"CFrame":[-0.44708186388015749,-0.22880816459655763,-0.9375200271606445,0.01863093487918377,0.12007787823677063,-0.9925897121429443,-0.8903593420982361,0.4536556303501129,0.03816862031817436,0.454877108335495,0.883050262928009,0.11536447703838349],"EasingStyle":"Constant","EasingDirection":"In"}}},{"Time":0.2916666567325592,"poses":{"Left Leg":{"Weight":1,"CFrame":[-0.5643530488014221,0.34888648986816409,-0.05975228548049927,0.9778790473937988,-0.2053980976343155,0.039551105350255969,0.19278477132320405,0.9583781361579895,0.21058368682861329,-0.08115842193365097,-0.19830049574375153,0.9767754673957825],"EasingStyle":"Constant","EasingDirection":"In"},"Right Arm":{"Weight":1,"CFrame":[0.4389688968658447,-0.3611326813697815,-0.6559206247329712,0.040097352117300037,-0.12713998556137086,0.9910740256309509,0.7803666591644287,0.6234459280967712,0.0484062023460865,-0.6240352988243103,0.7714601159095764,0.12421425431966782],"EasingStyle":"Constant","EasingDirection":"In"},"Head":{"Weight":1,"CFrame":[6.798654794692993e-8,2.3283064365386964e-8,1.1920928955078126e-7,0.9914616346359253,0.06549984216690064,-0.11275551468133927,-0.05735301971435547,0.9956045746803284,0.07404196262359619,0.11710964888334274,-0.06694287806749344,0.9908602833747864],"EasingStyle":"Constant","EasingDirection":"In"},"Right Leg":{"Weight":1,"CFrame":[0.2113737165927887,0.06313508749008179,-0.020270943641662599,0.984075665473938,0.040768809616565707,-0.17301148176193238,-0.07776366174221039,0.9739968180656433,-0.21279841661453248,0.15983714163303376,0.22286368906497956,0.961656928062439],"EasingStyle":"Constant","EasingDirection":"In"},"Torso":{"Weight":1,"CFrame":[0.10599593818187714,-0.033043667674064639,-0.2320547103881836,0.9915428161621094,-0.05925732105970383,0.1154617890715599,0.06952477246522904,0.9937769770622253,-0.0870264321565628,-0.10958631336688996,0.09431788325309754,0.9894922971725464],"EasingStyle":"Constant","EasingDirection":"In"},"HumanoidRootPart":{"Weight":0,"CFrame":[0,0,0,1,0,0,0,1,0,0,0,1],"EasingStyle":"Linear","EasingDirection":"In"},"Left Arm":{"Weight":1,"CFrame":[-0.12106537818908692,-0.256493479013443,0.056708335876464847,0.8593283295631409,-0.04182075709104538,0.5097116827964783,-0.3025616407394409,0.7619551420211792,0.5726087093353272,-0.41232436895370486,-0.6462781429290772,0.6421162486076355],"EasingStyle":"Constant","EasingDirection":"In"}}},{"Time":0.3333333432674408,"poses":{"Left Leg":{"Weight":1,"CFrame":[-0.5304152369499207,0.41380977630615237,-0.0003573894500732422,0.9342959523200989,-0.2922636568546295,0.2041398137807846,0.1990855634212494,0.9027591347694397,0.38130173087120058,-0.29572972655296328,-0.31560730934143069,0.901629626750946],"EasingStyle":"Constant","EasingDirection":"In"},"Right Arm":{"Weight":1,"CFrame":[0.44708186388015749,-0.22880840301513673,-0.9375199675559998,0.012152477167546749,-0.11394369602203369,0.993412971496582,0.9414226412773132,0.33614346385002139,0.02703883871436119,-0.3370100259780884,0.9348927736282349,0.1113540455698967],"EasingStyle":"Constant","EasingDirection":"In"},"Head":{"Weight":1,"CFrame":[1.5064142644405366e-7,3.259629011154175e-9,3.5762786865234377e-7,0.9902355670928955,0.01648784801363945,-0.13842594623565675,-0.010211296379566193,0.9988924860954285,0.04593067616224289,0.13902993500232697,-0.04406868293881416,0.9893072247505188],"EasingStyle":"Constant","EasingDirection":"In"},"Right Leg":{"Weight":1,"CFrame":[0.5910805463790894,-0.15759742259979249,-0.0778232216835022,0.9687069058418274,0.20781853795051576,0.13571420311927796,-0.13384371995925904,0.8978356122970581,-0.41949647665023806,-0.20902813971042634,0.38820454478263857,0.8975546956062317],"EasingStyle":"Constant","EasingDirection":"In"},"Torso":{"Weight":1,"CFrame":[-0.002921164035797119,-0.04599584639072418,-0.22800850868225099,0.983180820941925,-0.0150175541639328,0.18201643228530885,0.02709074318408966,0.9975804090499878,-0.06402654945850373,-0.18061448633670808,0.06788063049316406,0.981208860874176],"EasingStyle":"Constant","EasingDirection":"In"},"HumanoidRootPart":{"Weight":0,"CFrame":[0,0,0,1,0,0,0,1,0,0,0,1],"EasingStyle":"Linear","EasingDirection":"In"},"Left Arm":{"Weight":1,"CFrame":[-0.015991374850273134,-0.1806778609752655,0.16184687614440919,0.8103518486022949,-0.08738741278648377,0.5793905258178711,-0.4873673915863037,0.44839635491371157,0.7492755651473999,-0.32527390122413638,-0.8895528316497803,0.3207690119743347],"EasingStyle":"Constant","EasingDirection":"In"}}},{"Time":0.375,"poses":{"Left Leg":{"Weight":1,"CFrame":[-0.5304152965545654,0.4138096570968628,-0.0003572702407836914,0.9342958927154541,-0.2922636866569519,0.20413996279239655,0.1990855485200882,0.9027592539787293,0.381301611661911,-0.2957298159599304,-0.3156071603298187,0.9016296863555908],"EasingStyle":"Constant","EasingDirection":"In"},"Right Arm":{"Weight":1,"CFrame":[0.44708186388015749,-0.2288084328174591,-0.937519907951355,0.012152477167546749,-0.11394369602203369,0.993412971496582,0.9414226412773132,0.33614346385002139,0.02703883871436119,-0.3370100259780884,0.9348927736282349,0.1113540455698967],"EasingStyle":"Constant","EasingDirection":"In"},"Head":{"Weight":1,"CFrame":[1.0593794286251068e-7,8.614733815193177e-9,2.384185791015625e-7,0.9902355670928955,0.01648784801363945,-0.13842594623565675,-0.010211296379566193,0.9988924860954285,0.04593067616224289,0.13902993500232697,-0.04406868293881416,0.9893072247505188],"EasingStyle":"Constant","EasingDirection":"In"},"Right Leg":{"Weight":1,"CFrame":[0.5910804867744446,-0.15759742259979249,-0.07782316207885742,0.9687069058418274,0.2078186720609665,0.13571420311927796,-0.13384386897087098,0.8978355526924133,-0.4194963872432709,-0.20902816951274873,0.388204425573349,0.8975547552108765],"EasingStyle":"Constant","EasingDirection":"In"},"Torso":{"Weight":1,"CFrame":[0.014194786548614502,-0.04599584639072418,-0.22800850868225099,0.983180820941925,-0.0150175541639328,0.18201643228530885,0.02709074318408966,0.9975804090499878,-0.06402654945850373,-0.18061448633670808,0.06788063049316406,0.981208860874176],"EasingStyle":"Constant","EasingDirection":"In"},"HumanoidRootPart":{"Weight":0,"CFrame":[0,0,0,1,0,0,0,1,0,0,0,1],"EasingStyle":"Linear","EasingDirection":"In"},"Left Arm":{"Weight":1,"CFrame":[-0.015991371124982835,-0.1806778609752655,0.16184687614440919,0.8103518486022949,-0.08738741278648377,0.5793905258178711,-0.4873673915863037,0.44839635491371157,0.7492755651473999,-0.32527390122413638,-0.8895528316497803,0.3207690119743347],"EasingStyle":"Constant","EasingDirection":"In"}}},{"Time":0.4166666567325592,"poses":{"Left Leg":{"Weight":1,"CFrame":[-0.3662945032119751,-0.02685558795928955,0.07483160495758057,0.9808857440948486,-0.12116780132055283,0.1522550731897354,0.1574070155620575,0.9541009068489075,-0.2547832131385803,-0.11439521610736847,0.27387917041778567,0.9549366235733032],"EasingStyle":"Constant","EasingDirection":"In"},"Right Arm":{"Weight":1,"CFrame":[0.01918960176408291,-0.24481672048568726,0.0369185209274292,0.8058425188064575,0.0004949065623804927,-0.5921298265457153,0.35926827788352969,0.7944924235343933,0.4896000027656555,0.47068485617637637,-0.6072739362716675,0.6400579810142517],"EasingStyle":"Constant","EasingDirection":"In"},"Head":{"Weight":1,"CFrame":[1.2293457984924317e-7,-9.313225746154786e-10,-2.384185791015625e-7,0.9910753965377808,-0.0640450194478035,0.11690999567508698,0.058629196137189868,0.9970670938491821,0.049193669110536578,-0.11971769481897354,-0.04190029203891754,0.9919235110282898],"EasingStyle":"Constant","EasingDirection":"In"},"Right Leg":{"Weight":1,"CFrame":[0.5474653244018555,0.34950560331344607,-0.14319568872451783,0.9842555522918701,0.1532832384109497,0.08800793439149857,-0.1707959920167923,0.9529731869697571,0.2503412663936615,-0.04549599438905716,-0.2614312171936035,0.9641493558883667],"EasingStyle":"Constant","EasingDirection":"In"},"Torso":{"Weight":1,"CFrame":[0.3519688844680786,-0.027818307280540468,-0.20705866813659669,0.9890974760055542,0.05731836333870888,-0.1356496512889862,-0.06952477246522904,0.9937769770622253,-0.08702640980482102,0.12981729209423066,0.09550861269235611,0.986927330493927],"EasingStyle":"Constant","EasingDirection":"In"},"HumanoidRootPart":{"Weight":0,"CFrame":[0,0,0,1,0,0,0,1,0,0,0,1],"EasingStyle":"Linear","EasingDirection":"In"},"Left Arm":{"Weight":1,"CFrame":[-0.459153413772583,-0.4355458617210388,-0.8512904047966003,0.05964524671435356,0.12963177263736726,-0.9897667169570923,-0.6581777334213257,0.7505752444267273,0.05864131450653076,0.7504962086677551,0.6479447484016419,0.1300889253616333],"EasingStyle":"Constant","EasingDirection":"In"}}},{"Time":0.4583333432674408,"poses":{"Left Leg":{"Weight":1,"CFrame":[-0.48417937755584719,-0.06201887130737305,-0.09567433595657349,0.9703434109687805,-0.12807996571063996,-0.20501035451889039,0.05539921298623085,0.943349301815033,-0.3271438479423523,0.23529689013957978,0.30608439445495608,0.9224681854248047],"EasingStyle":"Constant","EasingDirection":"In"},"Right Arm":{"Weight":1,"CFrame":[0.015991423279047014,-0.18067744374275208,0.16184675693511964,0.8196641802787781,0.07766851037740708,-0.5675546526908875,0.3843652606010437,0.6600636839866638,0.6454294919967651,0.42475154995918276,-0.7471836805343628,0.5111775398254395],"EasingStyle":"Constant","EasingDirection":"In"},"Head":{"Weight":1,"CFrame":[5.541369318962097e-8,-1.816079020500183e-8,3.5762786865234377e-7,0.98240727186203,-0.015534067526459694,0.18610411882400514,0.006944277789443731,0.9988839626312256,0.04671912640333176,-0.18662218749523164,-0.044604845345020297,0.9814187288284302],"EasingStyle":"Constant","EasingDirection":"In"},"Right Leg":{"Weight":1,"CFrame":[0.30144643783569338,0.4309738874435425,-0.056836724281311038,0.968136191368103,0.15815338492393495,-0.19416430592536927,-0.08409127593040467,0.9356330037117004,0.3428114354610443,0.23588334023952485,-0.31556063890457156,0.9191194772720337],"EasingStyle":"Constant","EasingDirection":"In"},"Torso":{"Weight":1,"CFrame":[0.4473770260810852,-0.05122116208076477,-0.22049903869628907,0.983180820941925,0.0150175541639328,-0.18201656639575959,-0.027090750634670259,0.9975804090499878,-0.06402652710676193,0.1806146502494812,0.06788061559200287,0.9812087416648865],"EasingStyle":"Constant","EasingDirection":"In"},"HumanoidRootPart":{"Weight":0,"CFrame":[0,0,0,1,0,0,0,1,0,0,0,1],"EasingStyle":"Linear","EasingDirection":"In"},"Left Arm":{"Weight":1,"CFrame":[-0.44708186388015749,-0.22880816459655763,-0.9375200271606445,0.01863093487918377,0.12007787823677063,-0.9925897121429443,-0.8903593420982361,0.4536556303501129,0.03816862031817436,0.454877108335495,0.883050262928009,0.11536447703838349],"EasingStyle":"Constant","EasingDirection":"In"}}},{"Time":0.5,"poses":{"Left Leg":{"Weight":1,"CFrame":[-0.5643531084060669,0.3488864302635193,-0.05975222587585449,0.9778790473937988,-0.2053980976343155,0.03955109044909477,0.19278477132320405,0.9583781361579895,0.21058368682861329,-0.08115842193365097,-0.19830049574375153,0.9767754673957825],"EasingStyle":"Constant","EasingDirection":"In"},"Right Arm":{"Weight":1,"CFrame":[0.4389688968658447,-0.3611326217651367,-0.6559206247329712,0.040097352117300037,-0.12713998556137086,0.9910740256309509,0.7803666591644287,0.6234459280967712,0.0484062023460865,-0.6240352988243103,0.7714601159095764,0.12421425431966782],"EasingStyle":"Constant","EasingDirection":"In"},"Head":{"Weight":1,"CFrame":[8.288770914077759e-8,2.0489096641540528e-8,1.1920928955078126e-7,0.9914616346359253,0.06549984216690064,-0.11275551468133927,-0.05735301971435547,0.9956045746803284,0.07404196262359619,0.11710964888334274,-0.06694287806749344,0.9908602833747864],"EasingStyle":"Constant","EasingDirection":"In"},"Right Leg":{"Weight":1,"CFrame":[0.21137341856956483,0.06313490867614746,-0.020271122455596925,0.9840757250785828,0.04076864942908287,-0.17301136255264283,-0.07776346802711487,0.9739968180656433,-0.21279840171337129,0.1598370373249054,0.22286361455917359,0.9616568684577942],"EasingStyle":"Constant","EasingDirection":"In"},"Torso":{"Weight":1,"CFrame":[0.18596647679805757,-0.033043667674064639,-0.2320547103881836,0.9915428161621094,-0.05925732105970383,0.1154617890715599,0.06952477246522904,0.9937769770622253,-0.0870264321565628,-0.10958631336688996,0.09431788325309754,0.9894922971725464],"EasingStyle":"Constant","EasingDirection":"In"},"HumanoidRootPart":{"Weight":0,"CFrame":[0,0,0,1,0,0,0,1,0,0,0,1],"EasingStyle":"Linear","EasingDirection":"In"},"Left Arm":{"Weight":1,"CFrame":[-0.12106537073850632,-0.2564934194087982,0.05670809745788574,0.8593283295631409,-0.04182075709104538,0.5097116827964783,-0.3025616407394409,0.7619551420211792,0.5726087093353272,-0.41232436895370486,-0.6462781429290772,0.6421162486076355],"EasingStyle":"Constant","EasingDirection":"In"}}},{"Time":0.5416666865348816,"poses":{"Left Leg":{"Weight":1,"CFrame":[-0.5643531680107117,0.34888631105422976,-0.05975240468978882,0.9778790473937988,-0.2053980976343155,0.039551105350255969,0.19278477132320405,0.9583781361579895,0.21058368682861329,-0.08115842193365097,-0.19830049574375153,0.9767754673957825],"EasingStyle":"Constant","EasingDirection":"In"},"Right Arm":{"Weight":1,"CFrame":[0.4389689266681671,-0.3611326217651367,-0.6559206247329712,0.040097352117300037,-0.12713998556137086,0.9910740256309509,0.7803666591644287,0.6234459280967712,0.0484062023460865,-0.6240352988243103,0.7714601159095764,0.12421425431966782],"EasingStyle":"Constant","EasingDirection":"In"},"Head":{"Weight":1,"CFrame":[7.543712854385376e-8,1.30385160446167e-8,2.384185791015625e-7,0.9914616346359253,0.06549984216690064,-0.11275551468133927,-0.05735301971435547,0.9956045746803284,0.07404196262359619,0.11710964888334274,-0.06694287806749344,0.9908602833747864],"EasingStyle":"Constant","EasingDirection":"In"},"Right Leg":{"Weight":1,"CFrame":[0.21137335896492005,0.06313502788543701,-0.02027106285095215,0.984075665473938,0.04076869413256645,-0.17301146686077119,-0.07776354253292084,0.9739968180656433,-0.21279841661453248,0.15983715653419496,0.22286362946033479,0.9616568684577942],"EasingStyle":"Constant","EasingDirection":"In"},"Torso":{"Weight":1,"CFrame":[0.19842217862606049,-0.033043667674064639,-0.2320547103881836,0.9915428161621094,-0.05925732105970383,0.1154617890715599,0.06952477246522904,0.9937769770622253,-0.0870264321565628,-0.10958631336688996,0.09431788325309754,0.9894922971725464],"EasingStyle":"Constant","EasingDirection":"In"},"HumanoidRootPart":{"Weight":0,"CFrame":[0,0,0,1,0,0,0,1,0,0,0,1],"EasingStyle":"Linear","EasingDirection":"In"},"Left Arm":{"Weight":1,"CFrame":[-0.12106537818908692,-0.25649338960647585,0.05670809745788574,0.8593283295631409,-0.04182075709104538,0.5097116827964783,-0.3025616407394409,0.7619551420211792,0.5726087093353272,-0.41232436895370486,-0.6462781429290772,0.6421162486076355],"EasingStyle":"Constant","EasingDirection":"In"}}},{"Time":0.5833333134651184,"poses":{"Left Leg":{"Weight":1,"CFrame":[-0.5304151773452759,0.413809597492218,-0.0003573298454284668,0.9342958927154541,-0.29226362705230715,0.20413997769355775,0.19908548891544343,0.9027592539787293,0.3813015818595886,-0.29572978615760805,-0.3156071901321411,0.901629626750946],"EasingStyle":"Constant","EasingDirection":"In"},"Right Arm":{"Weight":1,"CFrame":[0.44708186388015749,-0.2288084626197815,-0.937519907951355,0.012152477167546749,-0.11394369602203369,0.993412971496582,0.9414226412773132,0.33614346385002139,0.02703883871436119,-0.3370100259780884,0.9348927736282349,0.1113540455698967],"EasingStyle":"Constant","EasingDirection":"In"},"Head":{"Weight":1,"CFrame":[9.103678166866303e-8,-3.725290298461914e-9,2.384185791015625e-7,0.9902355670928955,0.01648784801363945,-0.13842594623565675,-0.010211296379566193,0.9988924860954285,0.04593067616224289,0.13902993500232697,-0.04406868293881416,0.9893072247505188],"EasingStyle":"Constant","EasingDirection":"In"},"Right Leg":{"Weight":1,"CFrame":[0.5910804867744446,-0.15759778022766114,-0.0778232216835022,0.9687069058418274,0.2078186720609665,0.13571420311927796,-0.13384386897087098,0.8978355526924133,-0.4194963872432709,-0.20902816951274873,0.388204425573349,0.8975547552108765],"EasingStyle":"Constant","EasingDirection":"In"},"Torso":{"Weight":1,"CFrame":[0.08251497149467468,-0.04599584639072418,-0.22800850868225099,0.983180820941925,-0.0150175541639328,0.18201643228530885,0.02709074318408966,0.9975804090499878,-0.06402654945850373,-0.18061448633670808,0.06788063049316406,0.981208860874176],"EasingStyle":"Constant","EasingDirection":"In"},"HumanoidRootPart":{"Weight":0,"CFrame":[0,0,0,1,0,0,0,1,0,0,0,1],"EasingStyle":"Linear","EasingDirection":"In"},"Left Arm":{"Weight":1,"CFrame":[-0.01599138043820858,-0.18067795038223267,0.16184663772583009,0.8103518486022949,-0.08738741278648377,0.5793905258178711,-0.4873673915863037,0.44839635491371157,0.7492755651473999,-0.32527390122413638,-0.8895528316497803,0.3207690119743347],"EasingStyle":"Constant","EasingDirection":"In"}}},{"Time":0.625,"poses":{"Left Leg":{"Weight":1,"CFrame":[-0.3662944436073303,-0.02685546875,0.07483184337615967,0.9808857440948486,-0.12116780132055283,0.1522550731897354,0.1574070155620575,0.9541009068489075,-0.2547832131385803,-0.11439521610736847,0.27387917041778567,0.9549366235733032],"EasingStyle":"Constant","EasingDirection":"In"},"Right Arm":{"Weight":1,"CFrame":[0.019189583137631418,-0.2448166012763977,0.0369185209274292,0.8058425188064575,0.0004949065623804927,-0.5921298265457153,0.35926827788352969,0.7944924235343933,0.4896000027656555,0.47068485617637637,-0.6072739362716675,0.6400579810142517],"EasingStyle":"Constant","EasingDirection":"In"},"Head":{"Weight":1,"CFrame":[1.2293457984924317e-7,1.6763806343078614e-8,-1.7881393432617188e-7,0.9910753965377808,-0.0640450194478035,0.11690999567508698,0.058629196137189868,0.9970670938491821,0.049193669110536578,-0.11971769481897354,-0.04190029203891754,0.9919235110282898],"EasingStyle":"Constant","EasingDirection":"In"},"Right Leg":{"Weight":1,"CFrame":[0.5474652647972107,0.3495057225227356,-0.1431957483291626,0.9842555522918701,0.1532832682132721,0.08800794184207916,-0.17079602181911469,0.9529731869697571,0.2503412663936615,-0.04549599066376686,-0.2614312171936035,0.9641493558883667],"EasingStyle":"Constant","EasingDirection":"In"},"Torso":{"Weight":1,"CFrame":[0.4138164520263672,-0.027818307280540468,-0.20705866813659669,0.9890974760055542,0.05731836333870888,-0.1356496512889862,-0.06952477246522904,0.9937769770622253,-0.08702640980482102,0.12981729209423066,0.09550861269235611,0.986927330493927],"EasingStyle":"Constant","EasingDirection":"In"},"HumanoidRootPart":{"Weight":0,"CFrame":[0,0,0,1,0,0,0,1,0,0,0,1],"EasingStyle":"Linear","EasingDirection":"In"},"Left Arm":{"Weight":1,"CFrame":[-0.459153413772583,-0.43554577231407168,-0.8512903451919556,0.05964524671435356,0.12963177263736726,-0.9897667169570923,-0.6581777334213257,0.7505752444267273,0.05864131450653076,0.7504962086677551,0.6479447484016419,0.1300889253616333],"EasingStyle":"Constant","EasingDirection":"In"}}},{"Time":0.6666666865348816,"poses":{"Left Leg":{"Weight":1,"CFrame":[-0.4841793477535248,-0.0620192289352417,-0.09567439556121826,0.9703434109687805,-0.12807996571063996,-0.20501036942005158,0.055399227887392047,0.943349301815033,-0.32714396715164187,0.23529689013957978,0.30608442425727847,0.9224683046340942],"EasingStyle":"Constant","EasingDirection":"In"},"Right Arm":{"Weight":1,"CFrame":[0.015991413965821267,-0.1806776225566864,0.16184687614440919,0.8196641802787781,0.07766851037740708,-0.5675546526908875,0.3843652606010437,0.6600636839866638,0.6454294919967651,0.42475154995918276,-0.7471836805343628,0.5111775398254395],"EasingStyle":"Constant","EasingDirection":"In"},"Head":{"Weight":1,"CFrame":[-4.190951585769653e-9,-6.51925802230835e-9,1.1920928955078126e-7,0.98240727186203,-0.015534067526459694,0.18610411882400514,0.006944277789443731,0.9988839626312256,0.04671912640333176,-0.18662218749523164,-0.044604845345020297,0.9814187288284302],"EasingStyle":"Constant","EasingDirection":"In"},"Right Leg":{"Weight":1,"CFrame":[0.3014463782310486,0.43097370862960818,-0.056836605072021487,0.968136191368103,0.15815329551696778,-0.19416433572769166,-0.08409121632575989,0.9356329441070557,0.3428114652633667,0.23588332533836366,-0.31556063890457156,0.9191194772720337],"EasingStyle":"Constant","EasingDirection":"In"},"Torso":{"Weight":1,"CFrame":[0.5023207068443298,-0.05122116208076477,-0.22049903869628907,0.983180820941925,0.0150175541639328,-0.18201656639575959,-0.027090750634670259,0.9975804090499878,-0.06402652710676193,0.1806146502494812,0.06788061559200287,0.9812087416648865],"EasingStyle":"Constant","EasingDirection":"In"},"HumanoidRootPart":{"Weight":0,"CFrame":[0,0,0,1,0,0,0,1,0,0,0,1],"EasingStyle":"Linear","EasingDirection":"In"},"Left Arm":{"Weight":1,"CFrame":[-0.44708186388015749,-0.22880834341049195,-0.9375200271606445,0.01863093487918377,0.12007787823677063,-0.9925897121429443,-0.8903593420982361,0.4536556303501129,0.03816862031817436,0.454877108335495,0.883050262928009,0.11536447703838349],"EasingStyle":"Constant","EasingDirection":"In"}}},{"Time":0.7083333134651184,"poses":{"Left Leg":{"Weight":1,"CFrame":[-0.4841797649860382,-0.0620189905166626,-0.09567427635192871,0.9703433513641357,-0.12808021903038026,-0.2050103396177292,0.05539945885539055,0.943349301815033,-0.32714396715164187,0.23529691994190217,0.30608445405960085,0.9224682450294495],"EasingStyle":"Constant","EasingDirection":"In"},"Right Arm":{"Weight":1,"CFrame":[0.015991413965821267,-0.18067744374275208,0.16184699535369874,0.8196641802787781,0.07766851037740708,-0.5675546526908875,0.3843652606010437,0.6600636839866638,0.6454294919967651,0.42475154995918276,-0.7471836805343628,0.5111775398254395],"EasingStyle":"Constant","EasingDirection":"In"},"Head":{"Weight":1,"CFrame":[-6.379559636116028e-8,-6.51925802230835e-9,3.5762786865234377e-7,0.98240727186203,-0.015534067526459694,0.18610411882400514,0.006944277789443731,0.9988839626312256,0.04671912640333176,-0.18662218749523164,-0.044604845345020297,0.9814187288284302],"EasingStyle":"Constant","EasingDirection":"In"},"Right Leg":{"Weight":1,"CFrame":[0.3014461100101471,0.4309738278388977,-0.05683654546737671,0.9681362509727478,0.15815319120883943,-0.19416438043117524,-0.08409107476472855,0.9356330037117004,0.3428114652633667,0.23588329553604127,-0.3155606985092163,0.9191194772720337],"EasingStyle":"Constant","EasingDirection":"In"},"Torso":{"Weight":1,"CFrame":[0.5087355971336365,-0.05122116208076477,-0.22049903869628907,0.983180820941925,0.0150175541639328,-0.18201656639575959,-0.027090750634670259,0.9975804090499878,-0.06402652710676193,0.1806146502494812,0.06788061559200287,0.9812087416648865],"EasingStyle":"Constant","EasingDirection":"In"},"HumanoidRootPart":{"Weight":0,"CFrame":[0,0,0,1,0,0,0,1,0,0,0,1],"EasingStyle":"Linear","EasingDirection":"In"},"Left Arm":{"Weight":1,"CFrame":[-0.44708186388015749,-0.22880819439888,-0.9375200867652893,0.01863093487918377,0.12007787823677063,-0.9925897121429443,-0.8903593420982361,0.4536556303501129,0.03816862031817436,0.454877108335495,0.883050262928009,0.11536447703838349],"EasingStyle":"Constant","EasingDirection":"In"}}},{"Time":0.75,"poses":{"Left Leg":{"Weight":1,"CFrame":[-0.5643529891967773,0.34888631105422976,-0.05975234508514404,0.9778790473937988,-0.20539800822734834,0.03955111280083656,0.19278468191623689,0.9583780765533447,0.21058371663093568,-0.08115840703248978,-0.19830046594142915,0.9767754673957825],"EasingStyle":"Constant","EasingDirection":"In"},"Right Arm":{"Weight":1,"CFrame":[0.4389689266681671,-0.36113274097442629,-0.6559206247329712,0.040097352117300037,-0.12713998556137086,0.9910740256309509,0.7803666591644287,0.6234459280967712,0.0484062023460865,-0.6240352988243103,0.7714601159095764,0.12421425431966782],"EasingStyle":"Constant","EasingDirection":"In"},"Head":{"Weight":1,"CFrame":[8.288770914077759e-8,1.30385160446167e-8,0,0.9914616346359253,0.06549984216690064,-0.11275551468133927,-0.05735301971435547,0.9956045746803284,0.07404196262359619,0.11710964888334274,-0.06694287806749344,0.9908602833747864],"EasingStyle":"Constant","EasingDirection":"In"},"Right Leg":{"Weight":1,"CFrame":[0.21137365698814393,0.06313508749008179,-0.020270943641662599,0.9840757250785828,0.040768854320049289,-0.17301149666309358,-0.07776371389627457,0.9739968776702881,-0.2127983719110489,0.15983714163303376,0.22286368906497956,0.9616568684577942],"EasingStyle":"Constant","EasingDirection":"In"},"Torso":{"Weight":1,"CFrame":[0.2382635921239853,-0.033043667674064639,-0.2320547103881836,0.9915428161621094,-0.05925732105970383,0.1154617890715599,0.06952477246522904,0.9937769770622253,-0.0870264321565628,-0.10958631336688996,0.09431788325309754,0.9894922971725464],"EasingStyle":"Constant","EasingDirection":"In"},"HumanoidRootPart":{"Weight":0,"CFrame":[0,0,0,1,0,0,0,1,0,0,0,1],"EasingStyle":"Linear","EasingDirection":"In"},"Left Arm":{"Weight":1,"CFrame":[-0.12106537818908692,-0.25649353861808779,0.05670821666717529,0.8593283295631409,-0.04182075709104538,0.5097116827964783,-0.3025616407394409,0.7619551420211792,0.5726087093353272,-0.41232436895370486,-0.6462781429290772,0.6421162486076355],"EasingStyle":"Constant","EasingDirection":"In"}}},{"Time":0.7916666865348816,"poses":{"Left Leg":{"Weight":1,"CFrame":[-0.5304153561592102,0.4138096570968628,-0.0003573894500732422,0.9342959523200989,-0.2922636568546295,0.2041398137807846,0.1990855634212494,0.9027591347694397,0.38130173087120058,-0.29572972655296328,-0.31560730934143069,0.901629626750946],"EasingStyle":"Constant","EasingDirection":"In"},"Right Arm":{"Weight":1,"CFrame":[0.44708186388015749,-0.22880840301513673,-0.937519907951355,0.012152477167546749,-0.11394369602203369,0.993412971496582,0.9414226412773132,0.33614346385002139,0.02703883871436