{"Sequence":[{"Time":0,"poses":{"Left Leg":{"Weight":1,"CFrame":[-0.981543242931366,0.28979116678237917,0.012090981006622315,0.9136585593223572,-0.4023374021053314,-0.057902902364730838,0.4030143618583679,0.9151936769485474,0.000013766581105301157,0.052986789494752887,-0.023348350077867509,0.9983222484588623],"EasingStyle":"Linear","EasingDirection":"In"},"Right Arm":{"Weight":1,"CFrame":[0.20693576335906983,-0.720986545085907,0.07465332746505737,-0.7146361470222473,-0.33561971783638,0.6137220859527588,0.5010780692100525,-0.8578115701675415,0.11436797678470612,0.48807385563850405,0.3892541527748108,0.7811947464942932],"EasingStyle":"Linear","EasingDirection":"In"},"Head":{"Weight":1,"CFrame":[1.341104507446289e-7,-1.1175870895385743e-8,0.016661912202835084,0.711056113243103,-0.653582751750946,0.2592850625514984,0.6946009397506714,0.7102025151252747,-0.11463907361030579,-0.10921870917081833,0.2616143226623535,0.9589729905128479],"EasingStyle":"Linear","EasingDirection":"In"},"Left Arm":{"Weight":1,"CFrame":[0.03814181685447693,-0.6993167400360107,0.17846184968948365,-0.632290780544281,0.5591166019439697,0.5362805724143982,-0.6259194612503052,-0.7765868306159973,0.07167807221412659,0.4565448462963104,-0.29034724831581118,0.8409907221794128],"EasingStyle":"Linear","EasingDirection":"In"},"Torso":{"Weight":1,"CFrame":[-2.2054715156555177,-0.17496943473815919,-0.4511394500732422,0.8310285210609436,0.5471605658531189,-0.10003490000963211,-0.5561902523040772,0.8195658922195435,-0.13771049678325654,0.006635437253862619,0.17007975280284882,0.9854080677032471],"EasingStyle":"Linear","EasingDirection":"In"},"HumanoidRootPart":{"Weight":0,"CFrame":[0,0,0,1,0,0,0,1,0,0,0,1],"EasingStyle":"Linear","EasingDirection":"In"},"Right Leg":{"Weight":1,"CFrame":[0.806138277053833,0.23312950134277345,0.007138371467590332,0.8947609663009644,0.41703590750694277,-0.15963707864284516,-0.4265078008174896,0.9040222764015198,-0.028895575553178788,0.13226498663425446,0.09394105523824692,0.9867528676986694],"EasingStyle":"Linear","EasingDirection":"In"}}},{"Time":0.0416666679084301,"poses":{"Left Leg":{"Weight":1,"CFrame":[-0.9815434813499451,0.2897911071777344,0.0120907723903656,0.9136582612991333,-0.40233784914016726,-0.05790317803621292,0.4030148386955261,0.9151934385299683,0.000013811285498377402,0.05298696830868721,-0.023348424583673478,0.9983223080635071],"EasingStyle":"Linear","EasingDirection":"In"},"Right Arm":{"Weight":1,"CFrame":[0.2069358229637146,-0.7209866642951965,0.07465314865112305,-0.7146361470222473,-0.33561971783638,0.6137220859527588,0.5010780692100525,-0.8578115701675415,0.11436797678470612,0.48807385563850405,0.3892541527748108,0.7811947464942932],"EasingStyle":"Linear","EasingDirection":"In"},"Head":{"Weight":1,"CFrame":[1.341104507446289e-7,-1.4901161193847657e-8,0.016661763191223146,0.711056113243103,-0.653582751750946,0.2592850625514984,0.6946009397506714,0.7102025151252747,-0.11463907361030579,-0.10921870917081833,0.2616143226623535,0.9589729905128479],"EasingStyle":"Linear","EasingDirection":"In"},"Left Arm":{"Weight":1,"CFrame":[0.03814178705215454,-0.6993168592453003,0.17846184968948365,-0.632290780544281,0.5591166019439697,0.5362805724143982,-0.6259194612503052,-0.7765868306159973,0.07167807221412659,0.4565448462963104,-0.29034724831581118,0.8409907221794128],"EasingStyle":"Linear","EasingDirection":"In"},"Torso":{"Weight":1,"CFrame":[-2.204817295074463,-0.1749693751335144,-0.4511394500732422,0.8310285210609436,0.5471605658531189,-0.10003490000963211,-0.5561902523040772,0.8195658922195435,-0.13771049678325654,0.006635437253862619,0.17007975280284882,0.9854080677032471],"EasingStyle":"Linear","EasingDirection":"In"},"HumanoidRootPart":{"Weight":0,"CFrame":[0,0,0,1,0,0,0,1,0,0,0,1],"EasingStyle":"Linear","EasingDirection":"In"},"Right Leg":{"Weight":1,"CFrame":[0.8061385154724121,0.23312950134277345,0.00713878870010376,0.8947609663009644,0.4170359671115875,-0.15963685512542725,-0.4265078604221344,0.9040222764015198,-0.028895478695631028,0.1322648823261261,0.09394090622663498,0.9867528676986694],"EasingStyle":"Linear","EasingDirection":"In"}}},{"Time":0.0833333358168602,"poses":{"Left Leg":{"Weight":1,"CFrame":[-0.981544017791748,0.2897909879684448,0.01209104061126709,0.913658082485199,-0.40233829617500307,-0.05790316313505173,0.4030151665210724,0.9151933789253235,0.000013899295481678564,0.052986904978752139,-0.02334853634238243,0.9983223080635071],"EasingStyle":"Linear","EasingDirection":"In"},"Right Arm":{"Weight":1,"CFrame":[0.20693570375442506,-0.720986545085907,0.07465294003486633,-0.7146361470222473,-0.33561971783638,0.6137220859527588,0.5010780692100525,-0.8578115701675415,0.11436797678470612,0.48807385563850405,0.3892541527748108,0.7811947464942932],"EasingStyle":"Linear","EasingDirection":"In"},"Head":{"Weight":1,"CFrame":[3.725290298461914e-7,1.043081283569336e-7,0.016661912202835084,0.711056113243103,-0.653582751750946,0.2592850625514984,0.6946009397506714,0.7102025151252747,-0.11463907361030579,-0.10921870917081833,0.2616143226623535,0.9589729905128479],"EasingStyle":"Linear","EasingDirection":"In"},"Left Arm":{"Weight":1,"CFrame":[0.038141876459121707,-0.6993167400360107,0.1784622073173523,-0.632290780544281,0.5591166019439697,0.5362805724143982,-0.6259194612503052,-0.7765868306159973,0.07167807221412659,0.4565448462963104,-0.29034724831581118,0.8409907221794128],"EasingStyle":"Linear","EasingDirection":"In"},"Torso":{"Weight":1,"CFrame":[-2.200237274169922,-0.1749693751335144,-0.4511394500732422,0.8310285210609436,0.5471605658531189,-0.10003490000963211,-0.5561902523040772,0.8195658922195435,-0.13771049678325654,0.006635437253862619,0.17007975280284882,0.9854080677032471],"EasingStyle":"Linear","EasingDirection":"In"},"HumanoidRootPart":{"Weight":0,"CFrame":[0,0,0,1,0,0,0,1,0,0,0,1],"EasingStyle":"Linear","EasingDirection":"In"},"Right Leg":{"Weight":1,"CFrame":[0.8061379790306091,0.2331293821334839,0.0071381330490112309,0.8947609663009644,0.4170359671115875,-0.15963684022426606,-0.426507830619812,0.9040222764015198,-0.028895508497953416,0.1322648674249649,0.09394090622663498,0.9867528676986694],"EasingStyle":"Linear","EasingDirection":"In"}}},{"Time":0.125,"poses":{"Left Leg":{"Weight":1,"CFrame":[-0.9815422296524048,0.28979164361953738,0.012091100215911866,0.9136584997177124,-0.40233734250068667,-0.05790317431092262,0.40301424264907839,0.9151937365531921,0.000013840622159477789,0.052986990660429,-0.023348409682512285,0.9983223080635071],"EasingStyle":"Linear","EasingDirection":"In"},"Right Arm":{"Weight":1,"CFrame":[0.20693564414978028,-0.7209864854812622,0.07465296983718872,-0.7146361470222473,-0.33561971783638,0.6137220859527588,0.5010780692100525,-0.8578115701675415,0.11436797678470612,0.48807385563850405,0.3892541527748108,0.7811947464942932],"EasingStyle":"Linear","EasingDirection":"In"},"Head":{"Weight":1,"CFrame":[2.5331974029541018e-7,1.6391277313232423e-7,0.016661882400512697,0.711056113243103,-0.653582751750946,0.2592850625514984,0.6946009397506714,0.7102025151252747,-0.11463907361030579,-0.10921870917081833,0.2616143226623535,0.9589729905128479],"EasingStyle":"Linear","EasingDirection":"In"},"Left Arm":{"Weight":1,"CFrame":[0.03814190626144409,-0.6993167400360107,0.17846202850341798,-0.632290780544281,0.5591166019439697,0.5362805724143982,-0.6259194612503052,-0.7765868306159973,0.07167807221412659,0.4565448462963104,-0.29034724831581118,0.8409907221794128],"EasingStyle":"Linear","EasingDirection":"In"},"Torso":{"Weight":1,"CFrame":[-2.1878061294555666,-0.1749693751335144,-0.4511394500732422,0.8310285210609436,0.5471605658531189,-0.10003490000963211,-0.5561902523040772,0.8195658922195435,-0.13771049678325654,0.006635437253862619,0.17007975280284882,0.9854080677032471],"EasingStyle":"Linear","EasingDirection":"In"},"HumanoidRootPart":{"Weight":0,"CFrame":[0,0,0,1,0,0,0,1,0,0,0,1],"EasingStyle":"Linear","EasingDirection":"In"},"Right Leg":{"Weight":1,"CFrame":[0.8061383962631226,0.23312920331954957,0.007138311862945557,0.8947609663009644,0.41703590750694277,-0.15963684022426606,-0.4265078604221344,0.9040222764015198,-0.028895659372210504,0.13226476311683656,0.09394101053476334,0.9867528080940247],"EasingStyle":"Linear","EasingDirection":"In"}}},{"Time":0.1666666716337204,"poses":{"Left Leg":{"Weight":1,"CFrame":[-0.9815427660942078,0.2897915244102478,0.012090951204299927,0.9136585593223572,-0.4023374617099762,-0.057902898639440539,0.4030143618583679,0.9151937365531921,0.000013795917766401545,0.052986789494752887,-0.023348355665802957,0.9983222484588623],"EasingStyle":"Linear","EasingDirection":"In"},"Right Arm":{"Weight":1,"CFrame":[0.20693576335906983,-0.7209866046905518,0.07465314865112305,-0.7146361470222473,-0.33561971783638,0.6137220859527588,0.5010780692100525,-0.8578115701675415,0.11436797678470612,0.48807385563850405,0.3892541527748108,0.7811947464942932],"EasingStyle":"Linear","EasingDirection":"In"},"Head":{"Weight":1,"CFrame":[1.341104507446289e-7,1.0803341865539551e-7,0.016661882400512697,0.711056113243103,-0.653582751750946,0.2592850625514984,0.6946009397506714,0.7102025151252747,-0.11463907361030579,-0.10921870917081833,0.2616143226623535,0.9589729905128479],"EasingStyle":"Linear","EasingDirection":"In"},"Left Arm":{"Weight":1,"CFrame":[0.038141846656799319,-0.6993167996406555,0.17846190929412843,-0.632290780544281,0.5591166019439697,0.5362805724143982,-0.6259194612503052,-0.7765868306159973,0.07167807221412659,0.4565448462963104,-0.29034724831581118,0.8409907221794128],"EasingStyle":"Linear","EasingDirection":"In"},"Torso":{"Weight":1,"CFrame":[-2.16359806060791,-0.17496943473815919,-0.4511394500732422,0.8310285210609436,0.5471605658531189,-0.10003490000963211,-0.5561902523040772,0.8195658922195435,-0.13771049678325654,0.006635437253862619,0.17007975280284882,0.9854080677032471],"EasingStyle":"Linear","EasingDirection":"In"},"HumanoidRootPart":{"Weight":0,"CFrame":[0,0,0,1,0,0,0,1,0,0,0,1],"EasingStyle":"Linear","EasingDirection":"In"},"Right Leg":{"Weight":1,"CFrame":[0.8061384558677673,0.2331293821334839,0.007139027118682861,0.8947609663009644,0.41703590750694277,-0.15963682532310487,-0.4265078604221344,0.9040222764015198,-0.028895625844597818,0.13226476311683656,0.09394102543592453,0.9867528676986694],"EasingStyle":"Linear","EasingDirection":"In"}}},{"Time":0.2083333283662796,"poses":{"Left Leg":{"Weight":1,"CFrame":[-0.9815436601638794,0.2897911071777344,0.01209065318107605,0.9136582612991333,-0.402337908744812,-0.05790318548679352,0.4030148386955261,0.9151934385299683,0.000013781948837277014,0.052986990660429,-0.023348398506641389,0.9983223080635071],"EasingStyle":"Linear","EasingDirection":"In"},"Right Arm":{"Weight":1,"CFrame":[0.20693576335906983,-0.7209864854812622,0.07465332746505737,-0.7146361470222473,-0.33561971783638,0.6137220859527588,0.5010780692100525,-0.8578115701675415,0.11436797678470612,0.48807385563850405,0.3892541527748108,0.7811947464942932],"EasingStyle":"Linear","EasingDirection":"In"},"Head":{"Weight":1,"CFrame":[1.1920928955078126e-7,1.1175870895385742e-7,0.016662031412124635,0.711056113243103,-0.653582751750946,0.2592850625514984,0.6946009397506714,0.7102025151252747,-0.11463907361030579,-0.10921870917081833,0.2616143226623535,0.9589729905128479],"EasingStyle":"Linear","EasingDirection":"In"},"Left Arm":{"Weight":1,"CFrame":[0.03814190626144409,-0.699316680431366,0.17846190929412843,-0.632290780544281,0.5591166019439697,0.5362805724143982,-0.6259194612503052,-0.7765868306159973,0.07167807221412659,0.4565448462963104,-0.29034724831581118,0.8409907221794128],"EasingStyle":"Linear","EasingDirection":"In"},"Torso":{"Weight":1,"CFrame":[-2.123687267303467,-0.1749693751335144,-0.4511394500732422,0.8310285210609436,0.5471605658531189,-0.10003490000963211,-0.5561902523040772,0.8195658922195435,-0.13771049678325654,0.006635437253862619,0.17007975280284882,0.9854080677032471],"EasingStyle":"Linear","EasingDirection":"In"},"HumanoidRootPart":{"Weight":0,"CFrame":[0,0,0,1,0,0,0,1,0,0,0,1],"EasingStyle":"Linear","EasingDirection":"In"},"Right Leg":{"Weight":1,"CFrame":[0.806138277053833,0.23312944173812867,0.007138550281524658,0.8947608470916748,0.41703590750694277,-0.15963707864284516,-0.42650777101516726,0.9040222764015198,-0.02889556810259819,0.13226503133773805,0.09394104033708573,0.9867528676986694],"EasingStyle":"Linear","EasingDirection":"In"}}},{"Time":0.25,"poses":{"Left Leg":{"Weight":1,"CFrame":[-0.9815453290939331,0.2897908091545105,0.01209065318107605,0.9136579036712647,-0.4023388624191284,-0.05790293961763382,0.40301579236984255,0.9151930809020996,0.000013957503142592032,0.05298670008778572,-0.023348480463027955,0.9983223080635071],"EasingStyle":"Linear","EasingDirection":"In"},"Right Arm":{"Weight":1,"CFrame":[0.20693570375442506,-0.7209864854812622,0.07465320825576782,-0.7146361470222473,-0.33561971783638,0.6137220859527588,0.5010780692100525,-0.8578115701675415,0.11436797678470612,0.48807385563850405,0.3892541527748108,0.7811947464942932],"EasingStyle":"Linear","EasingDirection":"In"},"Head":{"Weight":1,"CFrame":[2.384185791015625e-7,5.587935447692871e-8,0.016661852598190309,0.711056113243103,-0.653582751750946,0.2592850625514984,0.6946009397506714,0.7102025151252747,-0.11463907361030579,-0.10921870917081833,0.2616143226623535,0.9589729905128479],"EasingStyle":"Linear","EasingDirection":"In"},"Left Arm":{"Weight":1,"CFrame":[0.038141846656799319,-0.6993167996406555,0.17846190929412843,-0.632290780544281,0.5591166019439697,0.5362805724143982,-0.6259194612503052,-0.7765868306159973,0.07167807221412659,0.4565448462963104,-0.29034724831581118,0.8409907221794128],"EasingStyle":"Linear","EasingDirection":"In"},"Torso":{"Weight":1,"CFrame":[-2.064148426055908,-0.17496943473815919,-0.4511394500732422,0.8310285210609436,0.5471605658531189,-0.10003490000963211,-0.5561902523040772,0.8195658922195435,-0.13771049678325654,0.006635437253862619,0.17007975280284882,0.9854080677032471],"EasingStyle":"Linear","EasingDirection":"In"},"HumanoidRootPart":{"Weight":0,"CFrame":[0,0,0,1,0,0,0,1,0,0,0,1],"EasingStyle":"Linear","EasingDirection":"In"},"Right Leg":{"Weight":1,"CFrame":[0.8061383962631226,0.2331293821334839,0.007138431072235107,0.8947608470916748,0.41703590750694277,-0.15963707864284516,-0.42650777101516726,0.9040222764015198,-0.02889556810259819,0.13226503133773805,0.09394104033708573,0.9867528676986694],"EasingStyle":"Linear","EasingDirection":"In"}}},{"Time":0.2916666567325592,"poses":{"Left Leg":{"Weight":1,"CFrame":[-0.9815429449081421,0.28979140520095827,0.01209065318107605,0.9136583805084229,-0.4023376703262329,-0.05790291726589203,0.40301457047462466,0.9151936173439026,0.00001392071590089472,0.0529867522418499,-0.023348430171608926,0.9983223080635071],"EasingStyle":"Linear","EasingDirection":"In"},"Right Arm":{"Weight":1,"CFrame":[0.20693564414978028,-0.7209864258766174,0.07465320825576782,-0.7146361470222473,-0.33561971783638,0.6137220859527588,0.5010780692100525,-0.8578115701675415,0.11436797678470612,0.48807385563850405,0.3892541527748108,0.7811947464942932],"EasingStyle":"Linear","EasingDirection":"In"},"Head":{"Weight":1,"CFrame":[1.1920928955078126e-7,5.587935447692871e-8,0.016662001609802247,0.711056113243103,-0.653582751750946,0.2592850625514984,0.6946009397506714,0.7102025151252747,-0.11463907361030579,-0.10921870917081833,0.2616143226623535,0.9589729905128479],"EasingStyle":"Linear","EasingDirection":"In"},"Left Arm":{"Weight":1,"CFrame":[0.038141995668411258,-0.699316680431366,0.17846208810806275,-0.632290780544281,0.5591166019439697,0.5362805724143982,-0.6259194612503052,-0.7765868306159973,0.07167807221412659,0.4565448462963104,-0.29034724831581118,0.8409907221794128],"EasingStyle":"Linear","EasingDirection":"In"},"Torso":{"Weight":1,"CFrame":[-1.981055736541748,-0.17496931552886964,-0.4511394500732422,0.8310285210609436,0.5471605658531189,-0.10003490000963211,-0.5561902523040772,0.8195658922195435,-0.13771049678325654,0.006635437253862619,0.17007975280284882,0.9854080677032471],"EasingStyle":"Linear","EasingDirection":"In"},"HumanoidRootPart":{"Weight":0,"CFrame":[0,0,0,1,0,0,0,1,0,0,0,1],"EasingStyle":"Linear","EasingDirection":"In"},"Right Leg":{"Weight":1,"CFrame":[0.8061380386352539,0.23312979936599732,0.007138669490814209,0.8947608470916748,0.41703590750694277,-0.15963707864284516,-0.42650777101516726,0.9040222764015198,-0.02889556810259819,0.13226503133773805,0.09394104033708573,0.9867528676986694],"EasingStyle":"Linear","EasingDirection":"In"}}},{"Time":0.3333333432674408,"poses":{"Left Leg":{"Weight":1,"CFrame":[-0.981544017791748,0.2897905707359314,0.012090682983398438,0.9136582016944885,-0.4023381769657135,-0.05790320038795471,0.4030151665210724,0.9151934385299683,0.0000138774094011751,0.05298697203397751,-0.02334849163889885,0.9983222484588623],"EasingStyle":"Linear","EasingDirection":"In"},"Right Arm":{"Weight":1,"CFrame":[0.20693594217300416,-0.720986545085907,0.07465320825576782,-0.7146361470222473,-0.33561971783638,0.6137220859527588,0.5010780692100525,-0.8578115701675415,0.11436797678470612,0.48807385563850405,0.3892541527748108,0.7811947464942932],"EasingStyle":"Linear","EasingDirection":"In"},"Head":{"Weight":1,"CFrame":[2.384185791015625e-7,5.587935447692871e-8,0.016661852598190309,0.711056113243103,-0.653582751750946,0.2592850625514984,0.6946009397506714,0.7102025151252747,-0.11463907361030579,-0.10921870917081833,0.2616143226623535,0.9589729905128479],"EasingStyle":"Linear","EasingDirection":"In"},"Left Arm":{"Weight":1,"CFrame":[0.038141876459121707,-0.6993167400360107,0.1784622073173523,-0.632290780544281,0.5591166019439697,0.5362805724143982,-0.6259194612503052,-0.7765868306159973,0.07167807221412659,0.4565448462963104,-0.29034724831581118,0.8409907221794128],"EasingStyle":"Linear","EasingDirection":"In"},"Torso":{"Weight":1,"CFrame":[-1.870483636856079,-0.1749693751335144,-0.4511394798755646,0.8310285210609436,0.5471605658531189,-0.10003490000963211,-0.5561902523040772,0.8195658922195435,-0.13771049678325654,0.006635437253862619,0.17007975280284882,0.9854080677032471],"EasingStyle":"Linear","EasingDirection":"In"},"HumanoidRootPart":{"Weight":0,"CFrame":[0,0,0,1,0,0,0,1,0,0,0,1],"EasingStyle":"Linear","EasingDirection":"In"},"Right Leg":{"Weight":1,"CFrame":[0.806138277053833,0.2331295609474182,0.007138431072235107,0.8947609066963196,0.4170360267162323,-0.15963676571846009,-0.4265079200267792,0.904022216796875,-0.02889568917453289,0.13226470351219178,0.0939411148428917,0.9867528676986694],"EasingStyle":"Linear","EasingDirection":"In"}}},{"Time":0.375,"poses":{"Left Leg":{"Weight":1,"CFrame":[-0.9815458059310913,0.2897903323173523,0.012090951204299927,0.9136576652526856,-0.40233927965164187,-0.05790320783853531,0.4030161201953888,0.9151929020881653,0.000013818736078974326,0.05298696458339691,-0.023348450660705568,0.9983222484588623],"EasingStyle":"Linear","EasingDirection":"In"},"Right Arm":{"Weight":1,"CFrame":[0.2069358229637146,-0.7209863662719727,0.07465314865112305,-0.7146361470222473,-0.33561971783638,0.6137220859527588,0.5010780692100525,-0.8578115701675415,0.11436797678470612,0.48807385563850405,0.3892541527748108,0.7811947464942932],"EasingStyle":"Linear","EasingDirection":"In"},"Head":{"Weight":1,"CFrame":[3.725290298461914e-7,1.0803341865539551e-7,0.016662001609802247,0.711056113243103,-0.653582751750946,0.2592850625514984,0.6946009397506714,0.7102025151252747,-0.11463907361030579,-0.10921870917081833,0.2616143226623535,0.9589729905128479],"EasingStyle":"Linear","EasingDirection":"In"},"Left Arm":{"Weight":1,"CFrame":[0.03814193606376648,-0.6993166208267212,0.1784622073173523,-0.632290780544281,0.5591166019439697,0.5362805724143982,-0.6259194612503052,-0.7765868306159973,0.07167807221412659,0.4565448462963104,-0.29034724831581118,0.8409907221794128],"EasingStyle":"Linear","EasingDirection":"In"},"Torso":{"Weight":1,"CFrame":[-1.728506326675415,-0.17496931552886964,-0.4511394500732422,0.8310285210609436,0.5471605658531189,-0.10003490000963211,-0.5561902523040772,0.8195658922195435,-0.13771049678325654,0.006635437253862619,0.17007975280284882,0.9854080677032471],"EasingStyle":"Linear","EasingDirection":"In"},"HumanoidRootPart":{"Weight":0,"CFrame":[0,0,0,1,0,0,0,1,0,0,0,1],"EasingStyle":"Linear","EasingDirection":"In"},"Right Leg":{"Weight":1,"CFrame":[0.8061383962631226,0.2331293225288391,0.0071389079093933109,0.8947609663009644,0.41703587770462038,-0.15963678061962129,-0.4265078604221344,0.9040222764015198,-0.028895629569888116,0.13226476311683656,0.09394098073244095,0.9867528676986694],"EasingStyle":"Linear","EasingDirection":"In"}}},{"Time":0.4166666567325592,"poses":{"Left Leg":{"Weight":1,"CFrame":[-1.5517959594726563,0.34265458583831789,-0.09231913089752197,0.7983521223068237,-0.5935648679733276,-0.10156065970659256,0.5998102426528931,0.7987868785858154,0.04655303433537483,0.053493089973926547,-0.0980827584862709,0.9937396049499512],"EasingStyle":"Linear","EasingDirection":"In"},"Right Arm":{"Weight":1,"CFrame":[0.20385771989822389,-0.6933449506759644,0.07487411797046662,-0.7266771793365479,-0.32130104303359988,0.6072116494178772,0.5078467130661011,-0.8464864492416382,0.15985159575939179,0.46263599395751955,0.42453089356422427,0.7782939672470093],"EasingStyle":"Linear","EasingDirection":"In"},"Head":{"Weight":1,"CFrame":[1.341104507446289e-7,1.1175870895385742e-7,0.016662001609802247,0.7167928814888,-0.643153727054596,0.26937243342399599,0.6829942464828491,0.7254090905189514,-0.08544229716062546,-0.14045262336730958,0.24522420763969422,0.9592383503913879],"EasingStyle":"Linear","EasingDirection":"In"},"Left Arm":{"Weight":1,"CFrame":[0.03780393302440643,-0.7011953592300415,0.18208163976669312,-0.6939446926116943,0.5387674570083618,0.4776715934276581,-0.5524895787239075,-0.8238513469696045,0.12658736109733582,0.46173161268234255,-0.176064133644104,0.8693707585334778],"EasingStyle":"Linear","EasingDirection":"In"},"Torso":{"Weight":1,"CFrame":[-0.950427770614624,-0.2603342533111572,-0.5664930939674377,0.8592836856842041,0.49890780448913576,-0.11279500275850296,-0.5101293325424194,0.8197556138038635,-0.2603243887424469,-0.03741354122757912,0.28123247623443606,0.9589101672172546],"EasingStyle":"Linear","EasingDirection":"In"},"HumanoidRootPart":{"Weight":0,"CFrame":[0,0,0,1,0,0,0,1,0,0,0,1],"EasingStyle":"Linear","EasingDirection":"In"},"Right Leg":{"Weight":1,"CFrame":[1.2614004611968995,0.1556045413017273,0.13133209943771363,0.7831037044525147,0.5891759991645813,-0.19904804229736329,-0.6127446293830872,0.7856886386871338,-0.0850738063454628,0.10626641660928726,0.18858720362186433,0.9762901067733765],"EasingStyle":"Linear","EasingDirection":"In"}}},{"Time":0.4583333432674408,"poses":{"Left Leg":{"Weight":1,"CFrame":[-1.6362764835357667,0.38704097270965578,-0.12179476022720337,0.7817246317863464,-0.6132577657699585,-0.1132320761680603,0.6213893294334412,0.7813327312469482,0.05826130509376526,0.052742715924978259,-0.11590560525655747,0.9918590188026428],"EasingStyle":"Linear","EasingDirection":"In"},"Right Arm":{"Weight":1,"CFrame":[0.20302504301071168,-0.6858667135238648,0.07493332028388977,-0.7299292087554932,-0.3175014555454254,0.6053068041801453,0.5094460844993591,-0.8431188464164734,0.17209137976169587,0.4557062089443207,0.43398553133010867,0.7771669030189514],"EasingStyle":"Linear","EasingDirection":"In"},"Head":{"Weight":1,"CFrame":[1.9371509552001954e-7,0,0.016662418842315675,0.7186211347579956,-0.6399457454681397,0.27212703227996828,0.6793144941329956,0.729699969291687,-0.077909916639328,-0.1487129181623459,0.24084752798080445,0.959102213382721],"EasingStyle":"Linear","EasingDirection":"In"},"Left Arm":{"Weight":1,"CFrame":[0.03765207529067993,-0.701641321182251,0.1830815076828003,-0.7100242376327515,0.5314599871635437,0.4619695544242859,-0.5321362018585205,-0.83461594581604,0.1422940492630005,0.46119067072868349,-0.14479859173297883,0.8754064440727234],"EasingStyle":"Linear","EasingDirection":"In"},"Torso":{"Weight":1,"CFrame":[-0.5187409520149231,-0.2829476594924927,-0.5997580885887146,0.8666581511497498,0.48546159267425539,-0.11502484232187271,-0.49656784534454348,0.817084789276123,-0.29290419816970827,-0.04820869490504265,0.3109654188156128,0.9491977691650391],"EasingStyle":"Linear","EasingDirection":"In"},"HumanoidRootPart":{"Weight":0,"CFrame":[0,0,0,1,0,0,0,1,0,0,0,1],"EasingStyle":"Linear","EasingDirection":"In"},"Right Leg":{"Weight":1,"CFrame":[1.3231501579284669,0.16846555471420289,0.1587103009223938,0.7670631408691406,0.606385350227356,-0.20954906940460206,-0.6335707902908325,0.7673746347427368,-0.09861213713884354,0.10100571811199188,0.20840589702129365,0.9728128910064697],"EasingStyle":"Linear","EasingDirection":"In"}}},{"Time":0.5,"poses":{"Left Leg":{"Weight":1,"CFrame":[-1.6477606296539307,0.3938977122306824,-0.1262369155883789,0.7794419527053833,-0.6158376336097717,-0.11495302617549896,0.6242600083351135,0.7789140939712524,0.05993623286485672,0.05262749642133713,-0.11847736686468125,0.9915611147880554],"EasingStyle":"Linear","EasingDirection":"In"},"Right Arm":{"Weight":1,"CFrame":[0.2029021680355072,-0.684767484664917,0.0749419629573822,-0.7304069399833679,-0.31694602966308596,0.6050215363502502,0.5096727013587952,-0.842613160610199,0.1738874763250351,0.45468616485595705,0.43537139892578127,0.7769891619682312],"EasingStyle":"Linear","EasingDirection":"In"},"Head":{"Weight":1,"CFrame":[8.940696716308594e-8,1.1175870895385742e-7,0.016662001609802247,0.7188990116119385,-0.6394609808921814,0.27253246307373049,0.6787553429603577,0.7303356528282166,-0.0768178179860115,-0.14991818368434907,0.24020712077617646,0.9590752124786377],"EasingStyle":"Linear","EasingDirection":"In"},"Left Arm":{"Weight":1,"CFrame":[0.03762775659561157,-0.7017046213150024,0.18322908878326417,-0.7123621106147766,0.5303231477737427,0.4596710205078125,-0.5291321277618408,-0.8361231684684753,0.14462910592556,0.461041659116745,-0.1401984989643097,0.8762333989143372],"EasingStyle":"Linear","EasingDirection":"In"},"Torso":{"Weight":1,"CFrame":[-0.29997026920318606,-0.2862469553947449,-0.6047186851501465,0.8677303194999695,0.48347505927085879,-0.1153082400560379,-0.4945390224456787,0.8165954947471619,-0.297662615776062,-0.04975224658846855,0.315315306186676,0.9476819038391113],"EasingStyle":"Linear","EasingDirection":"In"},"HumanoidRootPart":{"Weight":0,"CFrame":[0,0,0,1,0,0,0,1,0,0,0,1],"EasingStyle":"Linear","EasingDirection":"In"},"Right Leg":{"Weight":1,"CFrame":[1.3313933610916138,0.17073136568069459,0.16270416975021363,0.7648574709892273,0.6086291670799255,-0.2111007422208786,-0.6363479495048523,0.7648240923881531,-0.10052693635225296,0.10027134418487549,0.21122217178344727,0.9722813367843628],"EasingStyle":"Linear","EasingDirection":"In"}}},{"Time":0.5416666865348816,"poses":{"Left Leg":{"Weight":1,"CFrame":[-1.6481279134750367,0.3941202759742737,-0.12638062238693238,0.779369056224823,-0.6159195899963379,-0.1150084137916565,0.624351441860199,0.7788366675376892,0.05998997390270233,0.05262378603219986,-0.11856012046337128,0.9915515184402466],"EasingStyle":"Linear","EasingDirection":"In"},"Right Arm":{"Weight":1,"CFrame":[0.20289841294288636,-0.6847324967384338,0.07494212687015534,-0.7304222583770752,-0.3169282078742981,0.6050122976303101,0.5096800923347473,-0.8425967693328857,0.1739453822374344,0.45465317368507388,0.43541619181632998,0.7769834399223328],"EasingStyle":"Linear","EasingDirection":"In"},"Head":{"Weight":1,"CFrame":[4.470348358154297e-8,1.1175870895385742e-7,0.016662150621414186,0.7189079523086548,-0.6394452452659607,0.27254554629325869,0.678737223148346,0.7303561568260193,-0.07678266614675522,-0.14995704591274262,0.24018649756908418,0.9590742588043213],"EasingStyle":"Linear","EasingDirection":"In"},"Left Arm":{"Weight":1,"CFrame":[0.037626683712005618,-0.7017072439193726,0.18323391675949098,-0.7124373316764832,0.5302861332893372,0.459597110748291,-0.529035210609436,-0.8361713290214539,0.14470447599887849,0.4610367715358734,-0.14005029201507569,0.8762597441673279],"EasingStyle":"Linear","EasingDirection":"In"},"Torso":{"Weight":1,"CFrame":[-0.20176005363464356,-0.286353200674057,-0.6048789024353027,0.8677648305892944,0.48341095447540285,-0.115317203104496,-0.4944734573364258,0.816579282283783,-0.2978160083293915,-0.04980186000466347,0.3154555559158325,0.9476326107978821],"EasingStyle":"Linear","EasingDirection":"In"},"HumanoidRootPart":{"Weight":0,"CFrame":[0,0,0,1,0,0,0,1,0,0,0,1],"EasingStyle":"Linear","EasingDirection":"In"},"Right Leg":{"Weight":1,"CFrame":[1.3316566944122315,0.1708056926727295,0.16283279657363892,0.7647866606712341,0.6087006330490112,-0.21115098893642426,-0.6364368200302124,0.7647420167922974,-0.10058865696191788,0.10024771094322205,0.21131306886672975,0.9722639918327332],"EasingStyle":"Linear","EasingDirection":"In"}}},{"Time":0.5833333134651184,"poses":{"Left Leg":{"Weight":1,"CFrame":[-1.6465792655944825,0.39318370819091799,-0.12577450275421143,0.7796772122383118,-0.6155732274055481,-0.11477430164813996,0.6239652633666992,0.7791635990142822,0.05976312607526779,0.052639272063970569,-0.11821106821298599,0.9915923476219177],"EasingStyle":"Linear","EasingDirection":"In"},"Right Arm":{"Weight":1,"CFrame":[0.20291507244110108,-0.6848815083503723,0.07494081556797028,-0.7303574681282044,-0.31700360774993899,0.6050511598587036,0.5096493363380432,-0.8426656723022461,0.17370133101940156,0.45479193329811098,0.4352278411388397,0.7770076394081116],"EasingStyle":"Linear","EasingDirection":"In"},"Head":{"Weight":1,"CFrame":[4.470348358154297e-8,8.195638656616211e-8,0.016662240028381349,0.7188699245452881,-0.6395115256309509,0.2724904417991638,0.6788135766983032,0.730269730091095,-0.07693085819482804,-0.149793341755867,0.24027353525161744,0.9590780138969421],"EasingStyle":"Linear","EasingDirection":"In"},"Left Arm":{"Weight":1,"CFrame":[0.03763023018836975,-0.7016981244087219,0.18321377038955689,-0.7121200561523438,0.5304417014122009,0.4599093794822693,-0.5294437408447266,-0.8359677791595459,0.14438661932945252,0.4610580801963806,-0.14067554473876954,0.8761483430862427],"EasingStyle":"Linear","EasingDirection":"In"},"Torso":{"Weight":1,"CFrame":[-0.16547048091888429,-0.2859051823616028,-0.6042037010192871,0.8676192760467529,0.48368123173713686,-0.11527939885854721,-0.49474984407424929,0.8166474103927612,-0.29716965556144717,-0.04959274083375931,0.3148646056652069,0.9478400945663452],"EasingStyle":"Linear","EasingDirection":"In"},"HumanoidRootPart":{"Weight":0,"CFrame":[0,0,0,1,0,0,0,1,0,0,0,1],"EasingStyle":"Linear","EasingDirection":"In"},"Right Leg":{"Weight":1,"CFrame":[1.3305470943450928,0.17049306631088258,0.1622902750968933,0.7650848627090454,0.6083990335464478,-0.2109397053718567,-0.6360625624656677,0.7650872468948364,-0.10032948851585388,0.10034699738025665,0.2109314352273941,0.9723365902900696],"EasingStyle":"Linear","EasingDirection":"In"}}},{"Time":0.625,"poses":{"Left Leg":{"Weight":1,"CFrame":[-1.5965006351470948,0.36485135555267336,-0.10725870728492737,0.7895815968513489,-0.6041496992111206,-0.10753657668828964,0.6113418936729431,0.7896153330802918,0.052618756890296939,0.053122859448194507,-0.10728837549686432,0.9928077459335327],"EasingStyle":"Linear","EasingDirection":"In"},"Right Arm":{"Weight":1,"CFrame":[0.20343101024627686,-0.6895127296447754,0.07490454614162445,-0.728344202041626,-0.3193497359752655,0.6062429547309876,0.5086789131164551,-0.8447763919830322,0.1661284863948822,0.45908668637275698,0.429381787776947,0.7777343988418579],"EasingStyle":"Linear","EasingDirection":"In"},"Head":{"Weight":1,"CFrame":[1.341104507446289e-7,7.078051567077637e-8,0.01666197180747986,0.7177159190177918,-0.6415297389030457,0.27078333497047427,0.6811359524726868,0.7276000380516052,-0.08156003803014755,-0.14469872415065766,0.24297717213630677,0.9591789841651917],"EasingStyle":"Linear","EasingDirection":"In"},"Left Arm":{"Weight":1,"CFrame":[0.03772914409637451,-0.7014272212982178,0.18259334564208985,-0.7022222876548767,0.5351157188415527,0.4696114659309387,-0.5420779585838318,-0.8294790387153626,0.13459666073322297,0.461557537317276,-0.16004949808120728,0.8725531101226807],"EasingStyle":"Linear","EasingDirection":"In"},"Torso":{"Weight":1,"CFrame":[-0.16172954440116883,-0.27195823192596438,-0.5834347009658814,0.8630799055099487,0.4920330047607422,-0.1140034943819046,-0.503233015537262,0.8185304403305054,-0.2770640254020691,-0.043009303510189059,0.2964986562728882,0.9540644288063049],"EasingStyle":"Linear","EasingDirection":"In"},"HumanoidRootPart":{"Weight":0,"CFrame":[0,0,0,1,0,0,0,1,0,0,0,1],"EasingStyle":"Linear","EasingDirection":"In"},"Right Leg":{"Weight":1,"CFrame":[1.2943776845932007,0.16158348321914674,0.1454230546951294,0.7746262550354004,0.5984700322151184,-0.20442040264606477,-0.6238905191421509,0.7760636210441589,-0.09212008863687515,0.10351214557886124,0.19889453053474427,0.9745389819145203],"EasingStyle":"Linear","EasingDirection":"In"}}},{"Time":0.6666666865348816,"poses":{"Left Leg":{"Weight":1,"CFrame":[-0.9815441966056824,0.2897911071777344,0.012090891599655152,0.9136580228805542,-0.40233832597732546,-0.05790314823389053,0.4030153155326843,0.9151933193206787,0.000013789398508379236,0.05298697203397751,-0.02334846369922161,0.9983223080635071],"EasingStyle":"Linear","EasingDirection":"In"},"Right Arm":{"Weight":1,"CFrame":[0.20693576335906983,-0.7209864854812622,0.07465311884880066,-0.7146361470222473,-0.33561971783638,0.6137220859527588,0.5010780692100525,-0.8578115701675415,0.11436797678470612,0.48807385563850405,0.3892541527748108,0.7811947464942932],"EasingStyle":"Linear","EasingDirection":"In"},"Head":{"Weight":1,"CFrame":[1.4901161193847657e-7,-7.450580596923828e-9,0.016662001609802247,0.711056113243103,-0.653582751750946,0.2592850625514984,0.6946009397506714,0.7102025151252747,-0.11463907361030579,-0.10921870917081833,0.2616143226623535,0.9589729905128479],"EasingStyle":"Linear","EasingDirection":"In"},"Left Arm":{"Weight":1,"CFrame":[0.03814190626144409,-0.6993167400360107,0.17846208810806275,-0.632290780544281,0.5591166019439697,0.5362805724143982,-0.6259194612503052,-0.7765868306159973,0.07167807221412659,0.4565448462963104,-0.29034724831581118,0.8409907221794128],"EasingStyle":"Linear","EasingDirection":"In"},"Torso":{"Weight":1,"CFrame":[-0.1975722461938858,-0.17496933043003083,-0.45113950967788699,0.8310285210609436,0.5471605658531189,-0.10003490000963211,-0.5561902523040772,0.8195658922195435,-0.13771049678325654,0.006635437253862619,0.17007975280284882,0.9854080677032471],"EasingStyle":"Linear","EasingDirection":"In"},"HumanoidRootPart":{"Weight":0,"CFrame":[0,0,0,1,0,0,0,1,0,0,0,1],"EasingStyle":"Linear","EasingDirection":"In"},"Right Leg":{"Weight":1,"CFrame":[0.8061381578445435,0.23312968015670777,0.007138729095458984,0.8947609663009644,0.41703593730926516,-0.15963707864284516,-0.4265078008174896,0.9040222764015198,-0.028895512223243715,0.13226507604122163,0.09394104033708573,0.9867528676986694],"EasingStyle":"Linear","EasingDirection":"In"}}},{"Time":0.7083333134651184,"poses":{"Left Leg":{"Weight":1,"CFrame":[-0.3215678930282593,-0.05543053150177002,0.020931005477905275,0.6104509234428406,0.791300356388092,-0.03454675152897835,-0.7846758961677551,0.5982493162155151,-0.1624242663383484,-0.10785886645317078,0.12626005709171296,0.9861160516738892],"EasingStyle":"Linear","EasingDirection":"In"},"Right Arm":{"Weight":1,"CFrame":[0.5242242813110352,0.6980423927307129,0.033673107624053958,-0.4964878261089325,-0.4663931131362915,-0.7321045994758606,0.6668640971183777,-0.7448467016220093,0.022266678512096406,-0.5556906461715698,-0.4771592319011688,0.6808282136917114],"EasingStyle":"Linear","EasingDirection":"In"},"Head":{"Weight":1,"CFrame":[8.195638656616211e-8,6.705522537231445e-8,0.016662299633026124,0.8216109275817871,-0.5699307918548584,-0.011595265939831734,0.5645450353622437,0.8106903433799744,0.15514563024044038,-0.07902207970619202,-0.13401536643505097,0.9878236055374146],"EasingStyle":"Linear","EasingDirection":"In"},"Left Arm":{"Weight":1,"CFrame":[-0.809070348739624,0.17286574840545655,-0.5432143211364746,-0.21402990818023683,0.8257399201393127,-0.5218666791915894,-0.9757289886474609,-0.2060474157333374,0.07414477318525315,-0.046304941177368167,0.525069534778595,0.8497986793518066],"EasingStyle":"Linear","EasingDirection":"In"},"Torso":{"Weight":1,"CFrame":[-0.23901917040348054,-0.11802691966295243,-0.21494628489017487,0.47769638895988467,0.8759386539459229,-0.0673627033829689,-0.8781095743179321,0.4737069308757782,-0.0672711730003357,-0.02701522782444954,0.0912870243191719,0.9954581260681152],"EasingStyle":"Linear","EasingDirection":"In"},"HumanoidRootPart":{"Weight":0,"CFrame":[0,0,0,1,0,0,0,1,0,0,0,1],"EasingStyle":"Linear","EasingDirection":"In"},"Right Leg":{"Weight":1,"CFrame":[0.10659825801849365,-0.1620488166809082,0.22086670994758607,0.37839314341545107,-0.7675222158432007,-0.5174247026443481,0.8736553192138672,0.4808327853679657,-0.07433851063251496,0.3058512508869171,-0.423921674489975,0.8524937033653259],"EasingStyle":"Linear","EasingDirection":"In"}}},{"Time":0.75,"poses":{"Left Leg":{"Weight":1,"CFrame":[-0.2844804525375366,-0.04840981960296631,0.04840528964996338,0.6592768430709839,0.75098717212677,-0.03704570233821869,-0.7512349486351013,0.6558213829994202,-0.07446011155843735,-0.03162328526377678,0.07691989094018936,0.9965357184410095],"EasingStyle":"Linear","EasingDirection":"In"},"Right Arm":{"Weight":1,"CFrame":[0.5308862924575806,0.740828275680542,0.04244869947433472,-0.5849342942237854,-0.4331122040748596,-0.6857593059539795,0.5877184271812439,-0.809008002281189,0.009645512327551842,-0.5589625239372253,-0.39739134907722475,0.7277644276618958],"EasingStyle":"Linear","EasingDirection":"In"},"Head":{"Weight":1,"CFrame":[1.1175870895385742e-7,2.9802322387695315e-8,0.016662001609802247,0.8170037269592285,-0.5754141807556152,-0.037463877350091937,0.5751784443855286,0.808610737323761,0.12376801669597626,-0.04092411696910858,-0.12266729027032852,0.9916037321090698],"EasingStyle":"Linear","EasingDirection":"In"},"Left Arm":{"Weight":1,"CFrame":[-0.7883951663970947,0.2456234246492386,-0.531967043876648,-0.2662472724914551,0.8130038380622864,-0.5178197622299194,-0.9609946012496948,-0.2656010091304779,0.07710707932710648,-0.07484515756368637,0.5181515216827393,0.8520077466964722],"EasingStyle":"Linear","EasingDirection":"In"},"Torso":{"Weight":1,"CFrame":[0.23996838927268983,-0.1212460994720459,-0.20226144790649415,0.468221515417099,0.8833794593811035,0.02023501507937908,-0.8805230259895325,0.46837568283081057,-0.07282506674528122,-0.07380976527929306,0.016280855983495714,0.9971394538879395],"EasingStyle":"Linear","EasingDirection":"In"},"HumanoidRootPart":{"Weight":0,"CFrame":[0,0,0,1,0,0,0,1,0,0,0,1],"EasingStyle":"Linear","EasingDirection":"In"},"Right Leg":{"Weight":1,"CFrame":[0.1400148868560791,-0.15684658288955689,0.2246306985616684,0.438142865896225,-0.7370845675468445,-0.5145263075828552,0.8339882493019104,0.5468950867652893,-0.07327502220869065,0.33540186285972597,-0.39700403809547427,0.8543380498886108],"EasingStyle":"Linear","EasingDirection":"In"}}},{"Time":0.7916666865348816,"poses":{"Left Leg":{"Weight":1,"CFrame":[-0.2586553692817688,-0.05306732654571533,0.06024673581123352,0.6846608519554138,0.728439450263977,-0.024805990979075433,-0.7286720275878906,0.6833096146583557,-0.04609966278076172,-0.016630681231617929,0.04963807761669159,0.9986288547515869],"EasingStyle":"Linear","EasingDirection":"In"},"Right Arm":{"Weight":1,"CFrame":[0.534442126750946,0.7629531621932983,0.04699307680130005,-0.627923846244812,-0.4119059443473816,-0.6603370308876038,0.5442264676094055,-0.8389185070991516,0.0057892161421477798,-0.5563535094261169,-0.35573774576187136,0.7509469985961914],"EasingStyle":"Linear","EasingDirection":"In"},"Head":{"Weight":1,"CFrame":[5.587935447692871e-9,-7.078051567077637e-8,0.01666271686553955,0.8143149614334106,-0.5781930088996887,-0.05083269998431206,0.5800386071205139,0.807460367679596,0.10753252357244492,-0.021129289641976358,-0.11705030500888825,0.9929012060165405],"EasingStyle":"Linear","EasingDirection":"In"},"Left A