{"Sequence":[{"Time":0,"poses":{"Left Leg":{"Weight":1,"CFrame":[-0.765380859375,0.03549224138259888,-0.3234846591949463,0.7770684957504273,-0.4478158950805664,-0.44229575991630556,0.5670928955078125,0.8029975295066834,0.1833048313856125,0.2730756402015686,-0.3932631015777588,0.8779372572898865],"EasingStyle":"Constant","EasingDirection":"In"},"Right Arm":{"Weight":1,"CFrame":[0.01987355947494507,-0.1868324875831604,0.35713088512420657,0.5102280378341675,-0.34598612785339358,-0.7873759269714356,0.8223558068275452,0.464297354221344,0.32887527346611025,0.25179025530815127,-0.8153045773506165,0.5214213132858276],"EasingStyle":"Constant","EasingDirection":"In"},"Head":{"Weight":1,"CFrame":[8.166534826159477e-8,-7.264316082000733e-8,-1.1920928955078126e-7,0.9846251010894775,-0.17310191690921784,0.023432347923517228,0.17086416482925416,0.926520049571991,-0.3352106511592865,0.03631506860256195,0.3340606093406677,0.941851794719696],"EasingStyle":"Constant","EasingDirection":"In"},"Left Arm":{"Weight":1,"CFrame":[0.006568528711795807,-0.5228502154350281,0.11400473117828369,-0.3640228509902954,0.5093590617179871,0.7797695994377136,-0.5769136548042297,-0.7805766463279724,0.24056336283683778,0.7312031984329224,-0.3622891902923584,0.5780039429664612],"EasingStyle":"Constant","EasingDirection":"In"},"Torso":{"Weight":1,"CFrame":[0.1127367615699768,0.04175007343292236,-0.21918225288391114,0.9882737398147583,0.12723073363304139,0.08442366868257523,-0.12355563044548035,0.991203248500824,-0.047436121851205829,-0.0897163450717926,0.03644885867834091,0.9953001737594605],"EasingStyle":"Constant","EasingDirection":"In"},"HumanoidRootPart":{"Weight":0,"CFrame":[0,0,0,1,0,0,0,1,0,0,0,1],"EasingStyle":"Linear","EasingDirection":"In"},"Right Leg":{"Weight":1,"CFrame":[0.23119902610778809,0.14857029914855958,-0.09867870807647705,0.9779883623123169,-0.2086459994316101,0.0023598752450197937,0.18910014629364015,0.8910384178161621,0.4126640260219574,-0.08820334076881409,-0.40313440561294558,0.9108802676200867],"EasingStyle":"Constant","EasingDirection":"In"}}},{"Time":0.03333333507180214,"poses":{"Left Leg":{"Weight":1,"CFrame":[-0.765380859375,0.03549224138259888,-0.3234846591949463,0.7770684957504273,-0.4478158950805664,-0.44229575991630556,0.5670928955078125,0.8029975295066834,0.1833048313856125,0.2730756402015686,-0.3932631015777588,0.8779372572898865],"EasingStyle":"Constant","EasingDirection":"In"},"Right Arm":{"Weight":1,"CFrame":[0.01987355947494507,-0.1868324875831604,0.35713088512420657,0.5102280378341675,-0.34598612785339358,-0.7873759269714356,0.8223558068275452,0.464297354221344,0.32887527346611025,0.25179025530815127,-0.8153045773506165,0.5214213132858276],"EasingStyle":"Constant","EasingDirection":"In"},"Head":{"Weight":1,"CFrame":[8.166534826159477e-8,-7.264316082000733e-8,-1.1920928955078126e-7,0.9846251010894775,-0.17310191690921784,0.023432347923517228,0.17086416482925416,0.926520049571991,-0.3352106511592865,0.03631506860256195,0.3340606093406677,0.941851794719696],"EasingStyle":"Constant","EasingDirection":"In"},"Left Arm":{"Weight":1,"CFrame":[0.006568528711795807,-0.5228502154350281,0.11400473117828369,-0.3640228509902954,0.5093590617179871,0.7797695994377136,-0.5769136548042297,-0.7805766463279724,0.24056336283683778,0.7312031984329224,-0.3622891902923584,0.5780039429664612],"EasingStyle":"Constant","EasingDirection":"In"},"Torso":{"Weight":1,"CFrame":[0.1127367615699768,0.04175007343292236,-0.21918225288391114,0.9882737398147583,0.12723073363304139,0.08442366868257523,-0.12355563044548035,0.991203248500824,-0.047436121851205829,-0.0897163450717926,0.03644885867834091,0.9953001737594605],"EasingStyle":"Constant","EasingDirection":"In"},"HumanoidRootPart":{"Weight":0,"CFrame":[0,0,0,1,0,0,0,1,0,0,0,1],"EasingStyle":"Linear","EasingDirection":"In"},"Right Leg":{"Weight":1,"CFrame":[0.23119902610778809,0.14857029914855958,-0.09867870807647705,0.9779883623123169,-0.2086459994316101,0.0023598752450197937,0.18910014629364015,0.8910384178161621,0.4126640260219574,-0.08820334076881409,-0.40313440561294558,0.9108802676200867],"EasingStyle":"Constant","EasingDirection":"In"}}},{"Time":0.06666667014360428,"poses":{"Left Leg":{"Weight":1,"CFrame":[-0.765380859375,0.03549224138259888,-0.3234846591949463,0.7770684957504273,-0.4478158950805664,-0.44229575991630556,0.5670928955078125,0.8029975295066834,0.1833048313856125,0.2730756402015686,-0.3932631015777588,0.8779372572898865],"EasingStyle":"Constant","EasingDirection":"In"},"Right Arm":{"Weight":1,"CFrame":[0.01987355947494507,-0.1868324875831604,0.35713088512420657,0.5102280378341675,-0.34598612785339358,-0.7873759269714356,0.8223558068275452,0.464297354221344,0.32887527346611025,0.25179025530815127,-0.8153045773506165,0.5214213132858276],"EasingStyle":"Constant","EasingDirection":"In"},"Head":{"Weight":1,"CFrame":[8.166534826159477e-8,-7.264316082000733e-8,-1.1920928955078126e-7,0.9846251010894775,-0.17310191690921784,0.023432347923517228,0.17086416482925416,0.926520049571991,-0.3352106511592865,0.03631506860256195,0.3340606093406677,0.941851794719696],"EasingStyle":"Constant","EasingDirection":"In"},"Left Arm":{"Weight":1,"CFrame":[0.006568528711795807,-0.5228502154350281,0.11400473117828369,-0.3640228509902954,0.5093590617179871,0.7797695994377136,-0.5769136548042297,-0.7805766463279724,0.24056336283683778,0.7312031984329224,-0.3622891902923584,0.5780039429664612],"EasingStyle":"Constant","EasingDirection":"In"},"Torso":{"Weight":1,"CFrame":[0.1127367615699768,0.04175007343292236,-0.21918225288391114,0.9882737398147583,0.12723073363304139,0.08442366868257523,-0.12355563044548035,0.991203248500824,-0.047436121851205829,-0.0897163450717926,0.03644885867834091,0.9953001737594605],"EasingStyle":"Constant","EasingDirection":"In"},"HumanoidRootPart":{"Weight":0,"CFrame":[0,0,0,1,0,0,0,1,0,0,0,1],"EasingStyle":"Linear","EasingDirection":"In"},"Right Leg":{"Weight":1,"CFrame":[0.23119902610778809,0.14857029914855958,-0.09867870807647705,0.9779883623123169,-0.2086459994316101,0.0023598752450197937,0.18910014629364015,0.8910384178161621,0.4126640260219574,-0.08820334076881409,-0.40313440561294558,0.9108802676200867],"EasingStyle":"Constant","EasingDirection":"In"}}},{"Time":0.10000000149011612,"poses":{"Left Leg":{"Weight":1,"CFrame":[-0.870076596736908,0.07588952779769898,-0.3403744697570801,0.7601528763771057,-0.5186598300933838,-0.39135634899139407,0.6254352331161499,0.7473052144050598,0.2244228720664978,0.17606346309185029,-0.41536372900009158,0.8924543261528015],"EasingStyle":"Constant","EasingDirection":"In"},"Right Arm":{"Weight":1,"CFrame":[-0.06862489879131317,-0.2760050892829895,0.3607046604156494,0.9265105724334717,-0.23311790823936463,-0.295354425907135,0.37430182099342348,0.4908634126186371,0.7867345809936523,-0.03842334449291229,-0.8394696116447449,0.5420466065406799],"EasingStyle":"Constant","EasingDirection":"In"},"Head":{"Weight":1,"CFrame":[9.406358003616333e-8,-3.166496753692627e-8,4.76837158203125e-7,0.9894412755966187,-0.1448158621788025,0.005874793976545334,0.13264280557632447,0.888444721698761,-0.4393995404243469,0.058412592858076099,0.4355393350124359,0.8982725739479065],"EasingStyle":"Constant","EasingDirection":"In"},"Left Arm":{"Weight":1,"CFrame":[0.05111958086490631,-0.4316713809967041,0.12257885932922363,-0.28061148524284365,0.5591527223587036,0.7801315784454346,-0.6367889046669006,-0.7166038155555725,0.28456833958625796,0.7181622982025147,-0.41692593693733218,0.5571495294570923],"EasingStyle":"Constant","EasingDirection":"In"},"Torso":{"Weight":1,"CFrame":[0.16608229279518128,-0.030368730425834657,-0.32213807106018069,0.9897983074188232,0.09127047657966614,0.10940372198820114,-0.08392979204654694,0.9940148591995239,-0.0699305459856987,-0.11513151973485947,0.060034893453121188,0.9915345311164856],"EasingStyle":"Constant","EasingDirection":"In"},"HumanoidRootPart":{"Weight":0,"CFrame":[0,0,0,1,0,0,0,1,0,0,0,1],"EasingStyle":"Linear","EasingDirection":"In"},"Right Leg":{"Weight":1,"CFrame":[0.24585086107254029,0.2553803324699402,-0.04642510414123535,0.9852136373519898,-0.12205137312412262,-0.12024012207984925,0.1559535562992096,0.929437518119812,0.33440178632736208,0.07094153016805649,-0.34820908308029177,0.934728741645813],"EasingStyle":"Constant","EasingDirection":"In"}}},{"Time":0.13333334028720857,"poses":{"Left Leg":{"Weight":1,"CFrame":[-0.870076596736908,0.07588952779769898,-0.3403744697570801,0.7601528763771057,-0.5186598300933838,-0.39135634899139407,0.6254352331161499,0.7473052144050598,0.2244228720664978,0.17606346309185029,-0.41536372900009158,0.8924543261528015],"EasingStyle":"Constant","EasingDirection":"In"},"Right Arm":{"Weight":1,"CFrame":[-0.06862489879131317,-0.2760050892829895,0.3607046604156494,0.9265105724334717,-0.23311790823936463,-0.295354425907135,0.37430182099342348,0.4908634126186371,0.7867345809936523,-0.03842334449291229,-0.8394696116447449,0.5420466065406799],"EasingStyle":"Constant","EasingDirection":"In"},"Head":{"Weight":1,"CFrame":[9.406358003616333e-8,-3.166496753692627e-8,4.76837158203125e-7,0.9894412755966187,-0.1448158621788025,0.005874793976545334,0.13264280557632447,0.888444721698761,-0.4393995404243469,0.058412592858076099,0.4355393350124359,0.8982725739479065],"EasingStyle":"Constant","EasingDirection":"In"},"Left Arm":{"Weight":1,"CFrame":[0.05111958086490631,-0.4316713809967041,0.12257885932922363,-0.28061148524284365,0.5591527223587036,0.7801315784454346,-0.6367889046669006,-0.7166038155555725,0.28456833958625796,0.7181622982025147,-0.41692593693733218,0.5571495294570923],"EasingStyle":"Constant","EasingDirection":"In"},"Torso":{"Weight":1,"CFrame":[0.16608229279518128,-0.030368730425834657,-0.32213807106018069,0.9897983074188232,0.09127047657966614,0.10940372198820114,-0.08392979204654694,0.9940148591995239,-0.0699305459856987,-0.11513151973485947,0.060034893453121188,0.9915345311164856],"EasingStyle":"Constant","EasingDirection":"In"},"HumanoidRootPart":{"Weight":0,"CFrame":[0,0,0,1,0,0,0,1,0,0,0,1],"EasingStyle":"Linear","EasingDirection":"In"},"Right Leg":{"Weight":1,"CFrame":[0.24585086107254029,0.2553803324699402,-0.04642510414123535,0.9852136373519898,-0.12205137312412262,-0.12024012207984925,0.1559535562992096,0.929437518119812,0.33440178632736208,0.07094153016805649,-0.34820908308029177,0.934728741645813],"EasingStyle":"Constant","EasingDirection":"In"}}},{"Time":0.1666666716337204,"poses":{"Left Leg":{"Weight":1,"CFrame":[-0.870076596736908,0.07588952779769898,-0.3403744697570801,0.7601528763771057,-0.5186598300933838,-0.39135634899139407,0.6254352331161499,0.7473052144050598,0.2244228720664978,0.17606346309185029,-0.41536372900009158,0.8924543261528015],"EasingStyle":"Constant","EasingDirection":"In"},"Right Arm":{"Weight":1,"CFrame":[-0.06862489879131317,-0.2760050892829895,0.3607046604156494,0.9265105724334717,-0.23311790823936463,-0.295354425907135,0.37430182099342348,0.4908634126186371,0.7867345809936523,-0.03842334449291229,-0.8394696116447449,0.5420466065406799],"EasingStyle":"Constant","EasingDirection":"In"},"Head":{"Weight":1,"CFrame":[9.406358003616333e-8,-3.166496753692627e-8,4.76837158203125e-7,0.9894412755966187,-0.1448158621788025,0.005874793976545334,0.13264280557632447,0.888444721698761,-0.4393995404243469,0.058412592858076099,0.4355393350124359,0.8982725739479065],"EasingStyle":"Constant","EasingDirection":"In"},"Left Arm":{"Weight":1,"CFrame":[0.05111958086490631,-0.4316713809967041,0.12257885932922363,-0.28061148524284365,0.5591527223587036,0.7801315784454346,-0.6367889046669006,-0.7166038155555725,0.28456833958625796,0.7181622982025147,-0.41692593693733218,0.5571495294570923],"EasingStyle":"Constant","EasingDirection":"In"},"Torso":{"Weight":1,"CFrame":[0.16608229279518128,-0.030368730425834657,-0.32213807106018069,0.9897983074188232,0.09127047657966614,0.10940372198820114,-0.08392979204654694,0.9940148591995239,-0.0699305459856987,-0.11513151973485947,0.060034893453121188,0.9915345311164856],"EasingStyle":"Constant","EasingDirection":"In"},"HumanoidRootPart":{"Weight":0,"CFrame":[0,0,0,1,0,0,0,1,0,0,0,1],"EasingStyle":"Linear","EasingDirection":"In"},"Right Leg":{"Weight":1,"CFrame":[0.24585086107254029,0.2553803324699402,-0.04642510414123535,0.9852136373519898,-0.12205137312412262,-0.12024012207984925,0.1559535562992096,0.929437518119812,0.33440178632736208,0.07094153016805649,-0.34820908308029177,0.934728741645813],"EasingStyle":"Constant","EasingDirection":"In"}}},{"Time":0.20000000298023225,"poses":{"Left Leg":{"Weight":1,"CFrame":[-0.7855498790740967,0.09251397848129273,-0.31813329458236697,0.8057429790496826,-0.43439510464668276,-0.40259045362472536,0.5560885071754456,0.7888010144233704,0.26183703541755679,0.2038230299949646,-0.43484926223754885,0.8771330118179321],"EasingStyle":"Constant","EasingDirection":"In"},"Right Arm":{"Weight":1,"CFrame":[-0.04141125828027725,-0.334131121635437,0.37961018085479739,0.7455068230628967,-0.3757513463497162,-0.5504817962646484,0.6664697527885437,0.4126844108104706,0.6208943128585815,-0.006126655265688896,-0.8297604918479919,0.558086097240448],"EasingStyle":"Constant","EasingDirection":"In"},"Head":{"Weight":1,"CFrame":[3.91155481338501e-8,-6.705522537231445e-8,1.1920928955078126e-7,0.9888229370117188,-0.13996027410030366,0.05138503760099411,0.14619174599647523,0.8424838185310364,-0.5185065865516663,0.02927922084927559,0.5202233195304871,0.8535283207893372],"EasingStyle":"Constant","EasingDirection":"In"},"Left Arm":{"Weight":1,"CFrame":[0.12337101250886917,-0.5482490062713623,0.11236608028411865,-0.3188837468624115,0.4287140667438507,0.8452913165092468,-0.5644183158874512,-0.8023648262023926,0.19401755928993226,0.7614100575447083,-0.41522881388664248,0.4978351891040802],"EasingStyle":"Constant","EasingDirection":"In"},"Torso":{"Weight":1,"CFrame":[0.1915111243724823,-0.07556036114692688,-0.23915576934814454,0.9838014841079712,0.12701472640037538,0.12649932503700257,-0.11148762702941895,0.9861147403717041,-0.12307891994714737,-0.14037567377090455,0.10698211938142777,0.9843015074729919],"EasingStyle":"Constant","EasingDirection":"In"},"HumanoidRootPart":{"Weight":0,"CFrame":[0,0,0,1,0,0,0,1,0,0,0,1],"EasingStyle":"Linear","EasingDirection":"In"},"Right Leg":{"Weight":1,"CFrame":[0.24497976899147035,0.1656665802001953,-0.06188488006591797,0.9751309156417847,-0.2210594266653061,-0.015891224145889283,0.2164773941040039,0.9346387982368469,0.28211361169815066,-0.047511227428913119,-0.278537780046463,0.9592493772506714],"EasingStyle":"Constant","EasingDirection":"In"}}},{"Time":0.23333333432674409,"poses":{"Left Leg":{"Weight":1,"CFrame":[-0.7855498790740967,0.09251397848129273,-0.31813329458236697,0.8057429790496826,-0.43439510464668276,-0.40259045362472536,0.5560885071754456,0.7888010144233704,0.26183703541755679,0.2038230299949646,-0.43484926223754885,0.8771330118179321],"EasingStyle":"Constant","EasingDirection":"In"},"Right Arm":{"Weight":1,"CFrame":[-0.04141125828027725,-0.334131121635437,0.37961018085479739,0.7455068230628967,-0.3757513463497162,-0.5504817962646484,0.6664697527885437,0.4126844108104706,0.6208943128585815,-0.006126655265688896,-0.8297604918479919,0.558086097240448],"EasingStyle":"Constant","EasingDirection":"In"},"Head":{"Weight":1,"CFrame":[3.91155481338501e-8,-6.705522537231445e-8,1.1920928955078126e-7,0.9888229370117188,-0.13996027410030366,0.05138503760099411,0.14619174599647523,0.8424838185310364,-0.5185065865516663,0.02927922084927559,0.5202233195304871,0.8535283207893372],"EasingStyle":"Constant","EasingDirection":"In"},"Left Arm":{"Weight":1,"CFrame":[0.12337101250886917,-0.5482490062713623,0.11236608028411865,-0.3188837468624115,0.4287140667438507,0.8452913165092468,-0.5644183158874512,-0.8023648262023926,0.19401755928993226,0.7614100575447083,-0.41522881388664248,0.4978351891040802],"EasingStyle":"Constant","EasingDirection":"In"},"Torso":{"Weight":1,"CFrame":[0.1915111243724823,-0.07556036114692688,-0.23915576934814454,0.9838014841079712,0.12701472640037538,0.12649932503700257,-0.11148762702941895,0.9861147403717041,-0.12307891994714737,-0.14037567377090455,0.10698211938142777,0.9843015074729919],"EasingStyle":"Constant","EasingDirection":"In"},"HumanoidRootPart":{"Weight":0,"CFrame":[0,0,0,1,0,0,0,1,0,0,0,1],"EasingStyle":"Linear","EasingDirection":"In"},"Right Leg":{"Weight":1,"CFrame":[0.24497976899147035,0.1656665802001953,-0.06188488006591797,0.9751309156417847,-0.2210594266653061,-0.015891224145889283,0.2164773941040039,0.9346387982368469,0.28211361169815066,-0.047511227428913119,-0.278537780046463,0.9592493772506714],"EasingStyle":"Constant","EasingDirection":"In"}}},{"Time":0.2666666805744171,"poses":{"Left Leg":{"Weight":1,"CFrame":[-0.48771631717681887,0.00931394100189209,-0.18813663721084596,0.8544496297836304,-0.2481500655412674,-0.4564400017261505,0.30869677662849429,0.9491468071937561,0.061859142035245898,0.4178781807422638,-0.1937570571899414,0.8876012563705444],"EasingStyle":"Constant","EasingDirection":"In"},"Right Arm":{"Weight":1,"CFrame":[-0.03652925789356232,-0.3238184154033661,0.1926058530807495,0.03881572559475899,-0.5763156414031982,-0.8163048624992371,0.9681221842765808,-0.18061186373233796,0.17354772984981538,-0.24745260179042817,-0.7970192432403565,0.5509334206581116],"EasingStyle":"Constant","EasingDirection":"In"},"Head":{"Weight":1,"CFrame":[9.092036634683609e-8,-5.774199962615967e-8,-2.384185791015625e-7,0.9886431694030762,0.14156994223594666,-0.050424724817276,-0.13800765573978425,0.9880766272544861,0.06825296580791474,0.059486065059900287,-0.06051883101463318,0.9963930249214172],"EasingStyle":"Constant","EasingDirection":"In"},"Left Arm":{"Weight":1,"CFrame":[0.16083694994449616,-0.819150447845459,0.22191977500915528,-0.4545600414276123,0.39616286754608157,0.7977657318115234,-0.4069848358631134,-0.8890613317489624,0.20960283279418946,0.7922995686531067,-0.22940151393413545,0.5653639435768127],"EasingStyle":"Constant","EasingDirection":"In"},"Torso":{"Weight":1,"CFrame":[0.3299776315689087,-0.01908646523952484,-0.04809713363647461,0.9987919926643372,0.019794614985585214,0.04497511684894562,-0.017551084980368615,0.998607873916626,-0.049742501229047778,-0.04589713737368584,0.048893041908741,0.9977490305900574],"EasingStyle":"Constant","EasingDirection":"In"},"HumanoidRootPart":{"Weight":0,"CFrame":[0,0,0,1,0,0,0,1,0,0,0,1],"EasingStyle":"Linear","EasingDirection":"In"},"Right Leg":{"Weight":1,"CFrame":[1.1281167268753052,0.331401526927948,-0.24746620655059815,0.5190001726150513,0.8503288626670837,0.08706142753362656,-0.6992154121398926,0.36375442147254946,0.6154515743255615,0.4916672706604004,-0.38029417395591738,0.7833515405654907],"EasingStyle":"Constant","EasingDirection":"In"}}},{"Time":0.30000001192092898,"poses":{"Left Leg":{"Weight":1,"CFrame":[-0.48773035407066347,0.009309947490692139,-0.1881583333015442,0.8544292449951172,-0.24814654886722566,-0.45648014545440676,0.3086995780467987,0.9491463899612427,0.06185265630483627,0.4179179072380066,-0.1937638819217682,0.8875811696052551],"EasingStyle":"Constant","EasingDirection":"In"},"Right Arm":{"Weight":1,"CFrame":[-0.03652925789356232,-0.3238184154033661,0.1926058530807495,0.03881572559475899,-0.5763156414031982,-0.8163048624992371,0.9681221842765808,-0.18061186373233796,0.17354772984981538,-0.24745260179042817,-0.7970192432403565,0.5509334206581116],"EasingStyle":"Constant","EasingDirection":"In"},"Head":{"Weight":1,"CFrame":[9.092036634683609e-8,-5.774199962615967e-8,-2.384185791015625e-7,0.9886431694030762,0.14156994223594666,-0.050424724817276,-0.13800765573978425,0.9880766272544861,0.06825296580791474,0.059486065059900287,-0.06051883101463318,0.9963930249214172],"EasingStyle":"Constant","EasingDirection":"In"},"Left Arm":{"Weight":1,"CFrame":[0.16083694994449616,-0.819150447845459,0.22191977500915528,-0.4545600414276123,0.39616286754608157,0.7977657318115234,-0.4069848358631134,-0.8890613317489624,0.20960283279418946,0.7922995686531067,-0.22940151393413545,0.5653639435768127],"EasingStyle":"Constant","EasingDirection":"In"},"Torso":{"Weight":1,"CFrame":[0.3299776315689087,-0.01908646523952484,-0.04809713363647461,0.9987919926643372,0.019794614985585214,0.04497511684894562,-0.017551084980368615,0.998607873916626,-0.049742501229047778,-0.04589713737368584,0.048893041908741,0.9977490305900574],"EasingStyle":"Constant","EasingDirection":"In"},"HumanoidRootPart":{"Weight":0,"CFrame":[0,0,0,1,0,0,0,1,0,0,0,1],"EasingStyle":"Linear","EasingDirection":"In"},"Right Leg":{"Weight":1,"CFrame":[1.1281167268753052,0.331401526927948,-0.24746620655059815,0.5190001726150513,0.8503288626670837,0.08706142753362656,-0.6992154121398926,0.36375442147254946,0.6154515743255615,0.4916672706604004,-0.38029417395591738,0.7833515405654907],"EasingStyle":"Constant","EasingDirection":"In"}}},{"Time":0.3333333432674408,"poses":{"Left Leg":{"Weight":1,"CFrame":[-0.487737774848938,0.00930774211883545,-0.18817001581192017,0.8544183373451233,-0.2481447458267212,-0.45650148391723635,0.3087010681629181,0.9491461515426636,0.06184917315840721,0.41793906688690188,-0.1937675029039383,0.887570321559906],"EasingStyle":"Constant","EasingDirection":"In"},"Right Arm":{"Weight":1,"CFrame":[-0.03652925789356232,-0.3238184154033661,0.1926058530807495,0.03881572559475899,-0.5763156414031982,-0.8163048624992371,0.9681221842765808,-0.18061186373233796,0.17354772984981538,-0.24745260179042817,-0.7970192432403565,0.5509334206581116],"EasingStyle":"Constant","EasingDirection":"In"},"Head":{"Weight":1,"CFrame":[9.092036634683609e-8,-5.774199962615967e-8,-2.384185791015625e-7,0.9886431694030762,0.14156994223594666,-0.050424724817276,-0.13800765573978425,0.9880766272544861,0.06825296580791474,0.059486065059900287,-0.06051883101463318,0.9963930249214172],"EasingStyle":"Constant","EasingDirection":"In"},"Left Arm":{"Weight":1,"CFrame":[0.16083694994449616,-0.819150447845459,0.22191977500915528,-0.4545600414276123,0.39616286754608157,0.7977657318115234,-0.4069848358631134,-0.8890613317489624,0.20960283279418946,0.7922995686531067,-0.22940151393413545,0.5653639435768127],"EasingStyle":"Constant","EasingDirection":"In"},"Torso":{"Weight":1,"CFrame":[0.3299776315689087,-0.01908646523952484,-0.04809713363647461,0.9987919926643372,0.019794614985585214,0.04497511684894562,-0.017551084980368615,0.998607873916626,-0.049742501229047778,-0.04589713737368584,0.048893041908741,0.9977490305900574],"EasingStyle":"Constant","EasingDirection":"In"},"HumanoidRootPart":{"Weight":0,"CFrame":[0,0,0,1,0,0,0,1,0,0,0,1],"EasingStyle":"Linear","EasingDirection":"In"},"Right Leg":{"Weight":1,"CFrame":[1.1281167268753052,0.331401526927948,-0.24746620655059815,0.5190001726150513,0.8503288626670837,0.08706142753362656,-0.6992154121398926,0.36375442147254946,0.6154515743255615,0.4916672706604004,-0.38029417395591738,0.7833515405654907],"EasingStyle":"Constant","EasingDirection":"In"}}},{"Time":0.36666667461395266,"poses":{"Left Leg":{"Weight":1,"CFrame":[-0.18615511059761048,0.012966573238372803,-0.036105215549468997,0.9211509227752686,-0.13788452744483949,-0.363962858915329,0.1585473269224167,0.9869722723960877,0.027359476312994958,0.35544875264167788,-0.08290756493806839,0.9310115575790405],"EasingStyle":"Constant","EasingDirection":"In"},"Right Arm":{"Weight":1,"CFrame":[-0.3454873859882355,-0.7333840131759644,-0.0071718692779541019,-0.33897244930267336,-0.6800636053085327,-0.6500855684280396,0.8186593651771545,-0.5536994338035584,0.152361199259758,-0.463567316532135,-0.4805523753166199,0.7444292306900024],"EasingStyle":"Constant","EasingDirection":"In"},"Head":{"Weight":1,"CFrame":[3.850436769425869e-8,-6.705522537231445e-8,-1.1920928955078126e-7,0.9921827912330627,0.10049621760845185,-0.07398522645235062,-0.09593293070793152,0.9934015870094299,0.06285163760185242,0.0798133909702301,-0.05526270344853401,0.9952768087387085],"EasingStyle":"Constant","EasingDirection":"In"},"Left Arm":{"Weight":1,"CFrame":[0.1556214690208435,-0.820370078086853,0.2329270839691162,-0.4119800925254822,0.4574708640575409,0.7880309224128723,-0.3944074511528015,-0.8691489696502686,0.2983669638633728,0.8214104771614075,-0.18788401782512666,0.5385019779205322],"EasingStyle":"Constant","EasingDirection":"In"},"Torso":{"Weight":1,"CFrame":[0.3718179762363434,-0.01720436103641987,0.06063055992126465,0.9995225071907044,-0.010168545879423619,0.0291775893419981,0.010560693219304085,0.999855637550354,-0.013317554257810116,-0.029037950560450555,0.01361933071166277,0.9994856119155884],"EasingStyle":"Constant","EasingDirection":"In"},"HumanoidRootPart":{"Weight":0,"CFrame":[0,0,0,1,0,0,0,1,0,0,0,1],"EasingStyle":"Linear","EasingDirection":"In"},"Right Leg":{"Weight":1,"CFrame":[1.0571030378341675,0.16227489709854127,-0.08420610427856446,0.4756139814853668,0.8779019117355347,0.05549413710832596,-0.7797295451164246,0.3915432393550873,0.488585501909256,0.4072018265724182,-0.27564844489097597,0.8707494735717773],"EasingStyle":"Constant","EasingDirection":"In"}}},{"Time":0.4000000059604645,"poses":{"Left Leg":{"Weight":1,"CFrame":[-0.18625663220882417,0.01294940710067749,-0.03614521026611328,0.9210703372955322,-0.13788458704948426,-0.3641667068004608,0.15855340659618379,0.9869722723960877,0.027324305847287179,0.3556548058986664,-0.08290750533342362,0.9309328198432922],"EasingStyle":"Constant","EasingDirection":"In"},"Right Arm":{"Weight":1,"CFrame":[-0.3454873859882355,-0.7333840131759644,-0.0071718692779541019,-0.33897244930267336,-0.6800636053085327,-0.6500855684280396,0.8186593651771545,-0.5536994338035584,0.152361199259758,-0.463567316532135,-0.4805523753166199,0.7444292306900024],"EasingStyle":"Constant","EasingDirection":"In"},"Head":{"Weight":1,"CFrame":[3.850436769425869e-8,-6.705522537231445e-8,-1.1920928955078126e-7,0.9921827912330627,0.10049621760845185,-0.07398522645235062,-0.09593293070793152,0.9934015870094299,0.06285163760185242,0.0798133909702301,-0.05526270344853401,0.9952768087387085],"EasingStyle":"Constant","EasingDirection":"In"},"Left Arm":{"Weight":1,"CFrame":[0.1556214690208435,-0.820370078086853,0.2329270839691162,-0.4119800925254822,0.4574708640575409,0.7880309224128723,-0.3944074511528015,-0.8691489696502686,0.2983669638633728,0.8214104771614075,-0.18788401782512666,0.5385019779205322],"EasingStyle":"Constant","EasingDirection":"In"},"Torso":{"Weight":1,"CFrame":[0.3718179762363434,-0.01720436103641987,0.06063055992126465,0.9995225071907044,-0.010168545879423619,0.0291775893419981,0.010560693219304085,0.999855637550354,-0.013317554257810116,-0.029037950560450555,0.01361933071166277,0.9994856119155884],"EasingStyle":"Constant","EasingDirection":"In"},"HumanoidRootPart":{"Weight":0,"CFrame":[0,0,0,1,0,0,0,1,0,0,0,1],"EasingStyle":"Linear","EasingDirection":"In"},"Right Leg":{"Weight":1,"CFrame":[1.0571030378341675,0.16227489709854127,-0.08420610427856446,0.4756139814853668,0.8779019117355347,0.05549413710832596,-0.7797295451164246,0.3915432393550873,0.488585501909256,0.4072018265724182,-0.27564844489097597,0.8707494735717773],"EasingStyle":"Constant","EasingDirection":"In"}}},{"Time":0.4333333373069763,"poses":{"Left Leg":{"Weight":1,"CFrame":[-0.15867185592651368,-0.012018322944641114,-0.02597522735595703,0.9308115243911743,-0.1954485923051834,-0.3088524639606476,0.1983717828989029,0.9798746109008789,-0.022238312289118768,0.306983083486557,-0.04056790471076965,0.9508500099182129],"EasingStyle":"Constant","EasingDirection":"In"},"Right Arm":{"Weight":1,"CFrame":[-0.37030744552612307,-0.8820620775222778,-0.0681409239768982,-0.2591995894908905,-0.561747670173645,-0.7856558561325073,0.7497519850730896,-0.6298213005065918,0.20297090709209443,-0.6088412404060364,-0.5364371538162231,0.5844207406044006],"EasingStyle":"Constant","EasingDirection":"In"},"Head":{"Weight":1,"CFrame":[8.102506399154663e-8,-8.940696716308594e-8,1.1920928955078126e-7,0.9946886897087097,0.10286528617143631,-0.003655510488897562,-0.10215704888105393,0.9909390807151794,0.08720038086175919,0.012592281214892865,-0.08636380732059479,0.9961841702461243],"EasingStyle":"Constant","EasingDirection":"In"},"Left Arm":{"Weight":1,"CFrame":[-0.012819922529160977,-0.5248099565505981,0.2294917106628418,-0.45229411125183108,0.6209539771080017,0.6401923894882202,-0.645175576210022,-0.7234002351760864,0.2458467036485672,0.6157746911048889,-0.3018414378166199,0.7278139591217041],"EasingStyle":"Constant","EasingDirection":"In"},"Torso":{"Weight":1,"CFrame":[0.3901905119419098,-0.06088697165250778,0.08919429779052735,0.9975821375846863,-0.06843771785497666,-0.012089813128113747,0.06870166957378388,0.9973729252815247,0.022964101284742357,0.010486441664397717,-0.02373916655778885,0.9996631741523743],"EasingStyle":"Constant","EasingDirection":"In"},"HumanoidRootPart":{"Weight":0,"CFrame":[0,0,0,1,0,0,0,1,0,0,0,1],"EasingStyle":"Linear","EasingDirection":"In"},"Right Leg":{"Weight":1,"CFrame":[0.9275723099708557,0.08051061630249024,0.03718733787536621,0.49033981561660769,0.8712266087532044,-0.02304697595536709,-0.7865942716598511,0.4537847936153412,0.418746680021286,0.37528160214424136,-0.18719953298568726,0.907810628414154],"EasingStyle":"Constant","EasingDirection":"In"}}},{"Time":0.46666666865348818,"poses":{"Left Leg":{"Weight":1,"CFrame":[-0.15867185592651368,-0.012018322944641114,-0.02597522735595703,0.9308115243911743,-0.1954485923051834,-0.3088524639606476,0.1983717828989029,0.9798746109008789,-0.022238312289118768,0.306983083486557,-0.04056790471076965,0.9508500099182129],"EasingStyle":"Constant","EasingDirection":"In"},"Right Arm":{"Weight":1,"CFrame":[-0.37030744552612307,-0.8820620775222778,-0.0681409239768982,-0.2591995894908905,-0.561747670173645,-0.7856558561325073,0.7497519850730896,-0.6298213005065918,0.20297090709209443,-0.6088412404060364,-0.5364371538162231,0.5844207406044006],"EasingStyle":"Constant","EasingDirection":"In"},"Head":{"Weight":1,"CFrame":[8.102506399154663e-8,-8.940696716308594e-8,1.1920928955078126e-7,0.9946886897087097,0.10286528617143631,-0.003655510488897562,-0.10215704888105393,0.9909390807151794,0.08720038086175919,0.012592281214892865,-0.08636380732059479,0.9961841702461243],"EasingStyle":"Constant","EasingDirection":"In"},"Left Arm":{"Weight":1,"CFrame":[-0.012819922529160977,-0.5248099565505981,0.2294917106628418,-0.45229411125183108,0.6209539771080017,0.6401923894882202,-0.645175576210022,-0.7234002351760864,0.2458467036485672,0.6157746911048889,-0.3018414378166199,0.7278139591217041],"EasingStyle":"Constant","EasingDirection":"In"},"Torso":{"Weight":1,"CFrame":[0.3901905119419098,-0.06088697165250778,0.08919429779052735,0.9975821375846863,-0.06843771785497666,-0.012089813128113747,0.06870166957378388,0.9973729252815247,0.022964101284742357,0.010486441664397717,-0.02373916655778885,0.9996631741523743],"EasingStyle":"Constant","EasingDirection":"In"},"HumanoidRootPart":{"Weight":0,"CFrame":[0,0,0,1,0,0,0,1,0,0,0,1],"EasingStyle":"Linear","EasingDirection":"In"},"Right Leg":{"Weight":1,"CFrame":[0.9275723099708557,0.08051061630249024,0.03718733787536621,0.49033981561660769,0.8712266087532044,-0.02304697595536709,-0.7865942716598511,0.4537847936153412,0.418746680021286,0.37528160214424136,-0.18719953298568726,0.907810628414154],"EasingStyle":"Constant","EasingDirection":"In"}}},{"Time":0.5,"poses":{"Left Leg":{"Weight":1,"CFrame":[-0.15867185592651368,-0.012018322944641114,-0.02597522735595703,0.9308115243911743,-0.1954485923051834,-0.3088524639606476,0.1983717828989029,0.9798746109008789,-0.022238312289118768,0.306983083486557,-0.04056790471076965,0.9508500099182129],"EasingStyle":"Constant","EasingDirection":"In"},"Right Arm":{"Weight":1,"CFrame":[-0.37030744552612307,-0.8820620775222778,-0.0681409239768982,-0.2591995894908905,-0.561747670173645,-0.7856558561325073,0.7497519850730896,-0.6298213005065918,0.20297090709209443,-0.6088412404060364,-0.5364371538162231,0.5844207406044006],"EasingStyle":"Constant","EasingDirection":"In"},"Head":{"Weight":1,"CFrame":[8.102506399154663e-8,-8.940696716308594e-8,1.1920928955078126e-7,0.9946886897087097,0.10286528617143631,-0.003655510488897562,-0.10215704888105393,0.9909390807151794,0.08720038086175919,0.012592281214892865,-0.08636380732059479,0.9961841702461243],"EasingStyle":"Constant","EasingDirection":"In"},"Left Arm":{"Weight":1,"CFrame":[-0.012819922529160977,-0.5248099565505981,0.2294917106628418,-0.45229411125183108,0.6209539771080017,0.6401923894882202,-0.645175576210022,-0.7234002351760864,0.2458467036485672,0.6157746911048889,-0.3018414378166199,0.7278139591217041],"EasingStyle":"Constant","EasingDirection":"In"},"Torso":{"Weight":1,"CFrame":[0.3901905119419098,-0.06088697165250778,0.08919429779052735,0.9975821375846863,-0.06843771785497666,-0.012089813128113747,0.06870166957378388,0.9973729252815247,0.022964101284742357,0.010486441664397717,-0.02373916655778885,0.9996631741523743],"EasingStyle":"Constant","EasingDirection":"In"},"HumanoidRootPart":{"Weight":0,"CFrame":[0,0,0,1,0,0,0,1,0,0,0,1],"EasingStyle":"Linear","EasingDirection":"In"},"Right Leg":{"Weight":1,"CFrame":[0.9275723099708557,0.08051061630249024,0.03718733787536621,0.49033981561660769,0.8712266087532044,-0.02304697595536709,-0.7865942716598511,0.4537847936153412,0.418746680021286,0.37528160214424136,-0.18719953298568726,0.907810628414154],"EasingStyle":"Constant","EasingDirection":"In"}}},{"Time":0.5333333611488342,"poses":{"Left Leg":{"Weight":1,"CFrame":[-0.5437952876091003,0.00912851095199585,-0.14342474937438966,0.9076687097549439,-0.3009355068206787,-0.2925328314304352,0.313132107257843,0.9496943354606628,-0.00538917351514101,0.2794385552406311,-0.08670985698699951,0.9562402963638306],"EasingStyle":"Constant","EasingDirection":"In"},"Right Arm":{"Weight":1,"CFrame":[-0.34404993057250979,-0.8214337825775147,-0.010360360145568848,-0.1564544141292572,-0.6242704391479492,-0.7653812170028687,0.8110922574996948,-0.5234043598175049,0.26110774278640749,-0.5636057257652283,-0.5799434781074524,0.5882298946380615],"EasingStyle":"Constant","EasingDirection":"In"},"Head":{"Weight":1,"CFrame":[7.82310962677002e-8,-6.332993507385254e-8,-4.172325134277344e-7,0.9859590530395508,0.026842517778277398,-0.164815753698349,-0.04866177961230278,0.9903437495231628,-0.12981301546096803,0.15973973274230958,0.13601051270961762,0.9777445197105408],"EasingStyle":"Constant","EasingDirection":"In"},"Left Arm":{"Weight":1,"CFrame":[-0.37103718519210818,-0.36178159713745119,0.4857769012451172,0.7293055653572083,0.35936835408210757,0.5822095274925232,-0.6550320982933044,0.12097723037004471,0.7458535432815552,0.19760200381278993,-0.9253210425376892,0.32362720370292666],"EasingStyle":"Constant","EasingDirection":"In"},"Torso":{"Weight":1,"CFrame":[0.5837140679359436,-0.1312435269355774,-0.10255670547485352,0.9768223166465759,-0.2104538083076477,0.03908214718103409,0.21270115673542024,0.9748212695121765,-0.06694696843624115,-0.02400886081159115,0.07370811700820923,0.9969909191131592],"EasingStyle":"Constant","EasingDirection":"In"},"HumanoidRootPart":{"Weight":0,"CFrame":[0,0,0,1,0,0,0,1,0,0,0,1],"EasingStyle":"Linear","EasingDirection":"In"},"Right Leg":{"Weight":1,"CFrame":[0.26993030309677126,0.12025660276412964,0.016051054000854493,0.9824759364128113,0.15894457697868348,-0.09735351800918579,-0.14176318049430848,0.9763287901878357,0.16335631906986237,0.12101373076438904,-0.14669252932071687,0.9817519783973694],"EasingStyle":"Constant","EasingDirection":"In"}}},{"Time":0.5666666626930237,"poses":{"Left Leg":{"Weight":1,"CFrame":[-0.54448002576828,0.010091245174407959,-0.1434650421142578,0.9081717133522034,-0.2997699975967407,-0.29216793179512026,0.31192976236343386,0.9500908851623535,-0.005212600342929363,0.2791486382484436,-0.08640194684267044,0.9563528299331665],"EasingStyle":"Constant","EasingDirection":"In"},"Right Arm":{"Weight":1,"CFrame":[-0.34404996037483218,-0.8214340209960938,-0.010360360145568848,-0.1564544141292572,-0.6242704391479492,-0.7653812170028687,0.8110922574996948,-0.5234043598175049,0.26110774278640749,-0.5636057257652283,-0.5799434781074524,0.5882298946380615],"EasingStyle":"Constant","EasingDirection":"In"},"Head":{"Weight":1,"CFrame":[7.450580596923828e-8,-5.960464477539063e-8,-5.960464477539063e-7,0.9859590530395508,0.026842517778277398,-0.164815753698349,-0.04866177961230278,0.9903437495231628,-0.12981301546096803,0.15973973274230958,0.13601051270961762,0.9777445197105408],"EasingStyle":"Constant","EasingDirection":"In"},"Left Arm":{"Weight":1,"CFrame":[-0.37103718519210818,-0.3617818355560303,0.4857769012451172,0.7293055653572083,0.35936835408210757,0.5822095274925232,-0.6550320982933044,0.12097723037004471,0.7458535432815552,0.19760200381278993,-0.9253210425376892,0.32362720370292666],"EasingStyle":"Constant","EasingDirection":"In"},"Torso":{"Weight":1,"CFrame":[0.5837140679359436,-0.12832358479499818,-0.10255670547485352,0.9768223166465759,-0.2104538083076477,0.03908214718103409,0.21270115673542024,0.9748212695121765,-0.06694696843624115,-0.02400886081159115,0.07370811700820923,0.9969909191131592],"EasingStyle":"Constant","EasingDirection":"In"},"HumanoidRootPart":{"Weight":0,"CFrame":[0,0,0,1,0,0,0,1,0,0,0,1],"EasingStyle":"Linear","EasingDirection":"In"},"Right Leg":{"Weight":1,"CFrame":[0.2728932201862335,0.12075215578079224,0.014390826225280762,0.9832757115364075,0.15735015273094178,-0.09170554578304291,-0.14096516370773316,0.9763657450675964,0.1638256460428238,0.1153162270784378,-0.1481584906578064,0.98221755027771],"EasingStyle":"Constant","EasingDirection":"In"}}},{"Time":0.6000000238418579,"poses":{"Left Leg":{"Weight":1,"CFrame":[-0.8420859575271606,0.07956260442733765,-0.2975142002105713,0.8106822371482849,-0.45286279916763308,-0.37109243869781496,0.48541656136512759,0.8742591142654419,-0.006469895131886005,0.3273608982563019,-0.17488935589790345,0.9285734295845032],"EasingStyle":"Constant","EasingDirection":"In"},"Right Arm":{"Weight":1,"CFrame":[-0.40731751918792727,-0.771334171295166,0.01784217357635498,-0.11019745469093323,-0.7342917323112488,-0.6698300242424011,0.7912746667861939,-0.47263580560684206,0.3879433572292328,-0.601449191570282,-0.4872691333293915,0.6331095695495606],"EasingStyle":"Constant","EasingDirection":"In"},"Head":{"Weight":1,"CFrame":[1.210719347000122e-7,-3.91155481338501e-8,-1.1920928955078126e-7,0.992655873298645,0.11748600006103516,-0.028833361342549325,-0.12057767063379288,0.9801409840583801,-0.1574316769838333,0.00976473931223154,0.15975216031074525,0.9871088862419128],"EasingStyle":"Constant","EasingDirection":"In"},"Left Arm":{"Weight":1,"CFrame":[-0.31618183851242068,-0.37943682074546816,0.39628517627716067,0.23270830512046815,0.5598441958427429,0.7952491044998169,-0.9214394092559815,-0.13466599583625794,0.3644374907016754,0.31112122535705569,-0.8175814747810364,0.4845247268676758],"EasingStyle":"Constant","EasingDirection":"In"},"Torso":{"Weight":1,"CFrame":[0.49570199847221377,-0.12899690866470338,-0.08846712112426758,0.9902858138084412,-0.13487213850021363,0.033818569034338,0.1369590014219284,0.9881176948547363,-0.06975395977497101,-0.024008864536881448,0.07370810210704804,0.9969907999038696],"EasingStyle":"Constant","EasingDirection":"In"},"HumanoidRootPart":{"Weight":0,"CFrame":[0,0,0,1,0,0,0,1,0,0,0,1],"EasingStyle":"Linear","EasingDirection":"In"},"Right Leg":{"Weight":1,"CFrame":[0.2163359522819519,0.11666542291641236,0.03116011619567871,0.9815231561660767,0.10285799205303192,-0.16134631633758546,-0.08176704496145249,0.9878283739089966,0.13232320547103883,0.1729930192232132,-0.11668547242879868,0.977986752986908],"EasingStyle":"Constant","EasingDirection":"In"}}},{"Time":0.6333333253860474,"poses":{"Left Leg":{"Weight":1,"CFrame":[-0.8420859575271606,0.07956260442733765,-0.2975142002105713,0.8106822371482849,-0.45286279916763308,-0.37109243869781496,0.48541656136512759,0.8742591142654419,-0.006469895131886005,0.3273608982563019,-0.17488935589790345,0.9285734295845032],"EasingStyle":"Constant","EasingDirection":"In"},"Right Arm":{"Weight":1,"CFrame":[-0.40731751918792727,-0.771334171295166,0.01784217357635498,-0.11019745469093323,-0.7342917323112488,-0.6698300242424011,0.791274666786193