{"Sequence":[{"Time":0,"poses":{"Left Leg":{"Weight":1,"CFrame":[0.07188946008682251,0.16892975568771363,-0.00790494680404663,0.8999108672142029,0.08803565800189972,0.4270949065685272,-0.2036833018064499,0.9508647918701172,0.23317261040210725,-0.38558197021484377,-0.29682666063308718,0.8736249804496765],"EasingStyle":"Constant","EasingDirection":"In"},"Right Arm":{"Weight":1,"CFrame":[-0.23976939916610719,-0.20000019669532777,0.12889420986175538,0.9308791160583496,-0.2905634641647339,0.22144293785095216,0.22144266963005067,0.9308791756629944,0.29056352376937868,-0.2905638515949249,-0.2214425951242447,0.9308790564537048],"EasingStyle":"Constant","EasingDirection":"In"},"Head":{"Weight":1,"CFrame":[9.048324756122384e-8,-5.938824187978753e-8,-2.384185791015625e-7,0.8843042850494385,-0.4669111371040344,8.742277657347586e-8,0.4669111371040344,0.8843042850494385,-3.5494608605248077e-15,-7.730833573305063e-8,4.08186622280482e-8,1],"EasingStyle":"Constant","EasingDirection":"In"},"Left Arm":{"Weight":1,"CFrame":[0.2397693395614624,-0.20000037550926209,0.12889420986175538,0.9308791756629944,0.2905636429786682,-0.2214428186416626,-0.22144272923469544,0.9308791160583496,0.2905634939670563,0.290563702583313,-0.22144262492656709,0.9308791160583496],"EasingStyle":"Constant","EasingDirection":"In"},"Torso":{"Weight":1,"CFrame":[0,0,-0.13499999046325684,0.8833155035972595,0.4687789976596832,-7.722189110381805e-8,-0.4687789976596832,0.8833155035972595,4.098196271229426e-8,8.742277657347586e-8,0,1],"EasingStyle":"Constant","EasingDirection":"In"},"HumanoidRootPart":{"Weight":0,"CFrame":[0,0,0,1,0,0,0,1,0,0,0,1],"EasingStyle":"Linear","EasingDirection":"In"},"Right Leg":{"Weight":1,"CFrame":[0.1028047502040863,0.16210800409317017,-0.011109232902526856,0.9591691493988037,0.26007580757141116,-0.11115367710590363,-0.20674759149551392,0.9129058718681336,0.35193517804145815,0.1930028200149536,-0.3145846128463745,0.9294012188911438],"EasingStyle":"Constant","EasingDirection":"In"}}},{"Time":0.03333333507180214,"poses":{"Left Leg":{"Weight":1,"CFrame":[0.07188946008682251,0.16892975568771363,-0.00790494680404663,0.8999108672142029,0.08803565800189972,0.4270949065685272,-0.2036833018064499,0.9508647918701172,0.23317261040210725,-0.38558197021484377,-0.29682666063308718,0.8736249804496765],"EasingStyle":"Constant","EasingDirection":"In"},"Right Arm":{"Weight":1,"CFrame":[-0.23976939916610719,-0.20000019669532777,0.12889420986175538,0.9308791160583496,-0.2905634641647339,0.22144293785095216,0.22144266963005067,0.9308791756629944,0.29056352376937868,-0.2905638515949249,-0.2214425951242447,0.9308790564537048],"EasingStyle":"Constant","EasingDirection":"In"},"Head":{"Weight":1,"CFrame":[9.048324756122384e-8,-5.938824187978753e-8,-2.384185791015625e-7,0.8843042850494385,-0.4669111371040344,8.742277657347586e-8,0.4669111371040344,0.8843042850494385,-3.5494608605248077e-15,-7.730833573305063e-8,4.08186622280482e-8,1],"EasingStyle":"Constant","EasingDirection":"In"},"Left Arm":{"Weight":1,"CFrame":[0.2397693395614624,-0.20000037550926209,0.12889420986175538,0.9308791756629944,0.2905636429786682,-0.2214428186416626,-0.22144272923469544,0.9308791160583496,0.2905634939670563,0.290563702583313,-0.22144262492656709,0.9308791160583496],"EasingStyle":"Constant","EasingDirection":"In"},"Torso":{"Weight":1,"CFrame":[0,0,-0.13499999046325684,0.8833155035972595,0.4687789976596832,-7.722189110381805e-8,-0.4687789976596832,0.8833155035972595,4.098196271229426e-8,8.742277657347586e-8,0,1],"EasingStyle":"Constant","EasingDirection":"In"},"HumanoidRootPart":{"Weight":0,"CFrame":[0,0,0,1,0,0,0,1,0,0,0,1],"EasingStyle":"Linear","EasingDirection":"In"},"Right Leg":{"Weight":1,"CFrame":[0.1028047502040863,0.16210800409317017,-0.011109232902526856,0.9591691493988037,0.26007580757141116,-0.11115367710590363,-0.20674759149551392,0.9129058718681336,0.35193517804145815,0.1930028200149536,-0.3145846128463745,0.9294012188911438],"EasingStyle":"Constant","EasingDirection":"In"}}},{"Time":0.06666667014360428,"poses":{"Left Leg":{"Weight":1,"CFrame":[0.08810693770647049,0.16316956281661988,-0.014298677444458008,0.8983601927757263,0.10256597399711609,0.4271171987056732,-0.2191058099269867,0.9473870396614075,0.23334632813930512,-0.3807119131088257,-0.3032129406929016,0.8735675811767578],"EasingStyle":"Constant","EasingDirection":"In"},"Right Arm":{"Weight":1,"CFrame":[-0.22921718657016755,-0.2030588686466217,0.12721729278564454,0.9249451160430908,-0.31637972593307497,0.21066680550575257,0.25242793560028078,0.9256561994552612,0.2818523347377777,-0.2841774523258209,-0.20751981437206269,0.9360442161560059],"EasingStyle":"Constant","EasingDirection":"In"},"Head":{"Weight":1,"CFrame":[9.077108842348025e-8,-5.928096413754247e-8,-2.384185791015625e-7,0.8842554688453674,-0.46697691082954409,-0.005004554055631161,0.46700358390808108,0.88421231508255,0.008745175786316395,0.00034129308187402785,-0.010070113465189934,0.9999492764472961],"EasingStyle":"Constant","EasingDirection":"In"},"Left Arm":{"Weight":1,"CFrame":[0.2397693544626236,-0.20000037550926209,0.12889420986175538,0.9263574481010437,0.29978859424591067,-0.22801068425178529,-0.2266501784324646,0.9271906018257141,0.2982405424118042,0.30081841349601748,-0.2245987206697464,0.9268569946289063],"EasingStyle":"Constant","EasingDirection":"In"},"Torso":{"Weight":1,"CFrame":[0,0.009624624624848366,-0.13499999046325684,0.8833155035972595,0.4687789976596832,-7.722189110381805e-8,-0.4687789976596832,0.8833155035972595,4.098196271229426e-8,8.742277657347586e-8,0,1],"EasingStyle":"Constant","EasingDirection":"In"},"HumanoidRootPart":{"Weight":0,"CFrame":[0,0,0,1,0,0,0,1,0,0,0,1],"EasingStyle":"Linear","EasingDirection":"In"},"Right Leg":{"Weight":1,"CFrame":[0.119064562022686,0.1606035828590393,-0.0087127685546875,0.9579612612724304,0.2645794451236725,-0.11094120144844055,-0.21171216666698457,0.9128900766372681,0.3490126430988312,0.19361867010593415,-0.3108530044555664,0.9305279850959778],"EasingStyle":"Constant","EasingDirection":"In"}}},{"Time":0.10000000149011612,"poses":{"Left Leg":{"Weight":1,"CFrame":[0.08810693770647049,0.16316956281661988,-0.014298677444458008,0.8983601927757263,0.10256597399711609,0.4271171987056732,-0.2191058099269867,0.9473870396614075,0.23334632813930512,-0.3807119131088257,-0.3032129406929016,0.8735675811767578],"EasingStyle":"Constant","EasingDirection":"In"},"Right Arm":{"Weight":1,"CFrame":[-0.22921718657016755,-0.2030588686466217,0.12721729278564454,0.9249451160430908,-0.31637972593307497,0.21066680550575257,0.25242793560028078,0.9256561994552612,0.2818523347377777,-0.2841774523258209,-0.20751981437206269,0.9360442161560059],"EasingStyle":"Constant","EasingDirection":"In"},"Head":{"Weight":1,"CFrame":[9.077108842348025e-8,-5.928096413754247e-8,-2.384185791015625e-7,0.8842554688453674,-0.46697691082954409,-0.005004554055631161,0.46700358390808108,0.88421231508255,0.008745175786316395,0.00034129308187402785,-0.010070113465189934,0.9999492764472961],"EasingStyle":"Constant","EasingDirection":"In"},"Left Arm":{"Weight":1,"CFrame":[0.2397693544626236,-0.20000037550926209,0.12889420986175538,0.9263574481010437,0.29978859424591067,-0.22801068425178529,-0.2266501784324646,0.9271906018257141,0.2982405424118042,0.30081841349601748,-0.2245987206697464,0.9268569946289063],"EasingStyle":"Constant","EasingDirection":"In"},"Torso":{"Weight":1,"CFrame":[0,0.009624624624848366,-0.13499999046325684,0.8833155035972595,0.4687789976596832,-7.722189110381805e-8,-0.4687789976596832,0.8833155035972595,4.098196271229426e-8,8.742277657347586e-8,0,1],"EasingStyle":"Constant","EasingDirection":"In"},"HumanoidRootPart":{"Weight":0,"CFrame":[0,0,0,1,0,0,0,1,0,0,0,1],"EasingStyle":"Linear","EasingDirection":"In"},"Right Leg":{"Weight":1,"CFrame":[0.119064562022686,0.1606035828590393,-0.0087127685546875,0.9579612612724304,0.2645794451236725,-0.11094120144844055,-0.21171216666698457,0.9128900766372681,0.3490126430988312,0.19361867010593415,-0.3108530044555664,0.9305279850959778],"EasingStyle":"Constant","EasingDirection":"In"}}},{"Time":0.13333334028720857,"poses":{"Left Leg":{"Weight":1,"CFrame":[0.1079549640417099,0.15856993198394776,-0.02223140001296997,0.8961250185966492,0.10005677491426468,0.43237558007240298,-0.2214226871728897,0.9451335668563843,0.24019716680049897,-0.3846192955970764,-0.31098443269729617,0.8691126704216003],"EasingStyle":"Constant","EasingDirection":"In"},"Right Arm":{"Weight":1,"CFrame":[-0.16280749440193177,-0.21832579374313355,0.11576080322265625,0.926574170589447,-0.35239332914352419,0.13145087659358979,0.3061785101890564,0.9097021222114563,0.28052979707717898,-0.21843793988227845,-0.21968428790569306,0.9508016109466553],"EasingStyle":"Constant","EasingDirection":"In"},"Head":{"Weight":1,"CFrame":[9.150244295597077e-8,-5.4016709327697757e-8,-3.5762786865234377e-7,0.8889281749725342,-0.4580465853214264,0.00018848487525247037,0.458046555519104,0.888928234577179,0.00003700447632581927,-0.0001844991638790816,0.0000534380815224722,1],"EasingStyle":"Constant","EasingDirection":"In"},"Left Arm":{"Weight":1,"CFrame":[0.23976941406726838,-0.20000022649765016,0.12889432907104493,0.9284435510635376,0.3207661807537079,-0.18735453486442567,-0.2557699680328369,0.9177614450454712,0.3038022518157959,0.26939624547958376,-0.2341437041759491,0.9341320395469666],"EasingStyle":"Constant","EasingDirection":"In"},"Torso":{"Weight":1,"CFrame":[0.0044319042935967449,0.03086007386445999,-0.13506388664245606,0.8789591789245606,0.4768650233745575,0.005539805628359318,-0.4768969416618347,0.8788856863975525,0.011373561806976796,0.000554797996301204,-0.012638810090720654,0.9999200701713562],"EasingStyle":"Constant","EasingDirection":"In"},"HumanoidRootPart":{"Weight":0,"CFrame":[0,0,0,1,0,0,0,1,0,0,0,1],"EasingStyle":"Linear","EasingDirection":"In"},"Right Leg":{"Weight":1,"CFrame":[0.14640802145004273,0.1577138900756836,-0.007292211055755615,0.9556321501731873,0.27788853645324709,-0.09769998490810394,-0.2289770394563675,0.9094548225402832,0.34707558155059817,0.18530228734016419,-0.3093055188655853,0.9327343702316284],"EasingStyle":"Constant","EasingDirection":"In"}}},{"Time":0.1666666716337204,"poses":{"Left Leg":{"Weight":1,"CFrame":[0.1079549640417099,0.15856993198394776,-0.02223140001296997,0.8961250185966492,0.10005677491426468,0.43237558007240298,-0.2214226871728897,0.9451335668563843,0.24019716680049897,-0.3846192955970764,-0.31098443269729617,0.8691126704216003],"EasingStyle":"Constant","EasingDirection":"In"},"Right Arm":{"Weight":1,"CFrame":[-0.16280749440193177,-0.21832579374313355,0.11576080322265625,0.926574170589447,-0.35239332914352419,0.13145087659358979,0.3061785101890564,0.9097021222114563,0.28052979707717898,-0.21843793988227845,-0.21968428790569306,0.9508016109466553],"EasingStyle":"Constant","EasingDirection":"In"},"Head":{"Weight":1,"CFrame":[9.150244295597077e-8,-5.4016709327697757e-8,-3.5762786865234377e-7,0.8889281749725342,-0.4580465853214264,0.00018848487525247037,0.458046555519104,0.888928234577179,0.00003700447632581927,-0.0001844991638790816,0.0000534380815224722,1],"EasingStyle":"Constant","EasingDirection":"In"},"Left Arm":{"Weight":1,"CFrame":[0.23976941406726838,-0.20000022649765016,0.12889432907104493,0.9284435510635376,0.3207661807537079,-0.18735453486442567,-0.2557699680328369,0.9177614450454712,0.3038022518157959,0.26939624547958376,-0.2341437041759491,0.9341320395469666],"EasingStyle":"Constant","EasingDirection":"In"},"Torso":{"Weight":1,"CFrame":[0.0044319042935967449,0.03086007386445999,-0.13506388664245606,0.8789591789245606,0.4768650233745575,0.005539805628359318,-0.4768969416618347,0.8788856863975525,0.011373561806976796,0.000554797996301204,-0.012638810090720654,0.9999200701713562],"EasingStyle":"Constant","EasingDirection":"In"},"HumanoidRootPart":{"Weight":0,"CFrame":[0,0,0,1,0,0,0,1,0,0,0,1],"EasingStyle":"Linear","EasingDirection":"In"},"Right Leg":{"Weight":1,"CFrame":[0.14640802145004273,0.1577138900756836,-0.007292211055755615,0.9556321501731873,0.27788853645324709,-0.09769998490810394,-0.2289770394563675,0.9094548225402832,0.34707558155059817,0.18530228734016419,-0.3093055188655853,0.9327343702316284],"EasingStyle":"Constant","EasingDirection":"In"}}},{"Time":0.20000000298023225,"poses":{"Left Leg":{"Weight":1,"CFrame":[-0.4656270444393158,0.4304478168487549,0.07965612411499024,0.9208133816719055,-0.2349754124879837,0.31127041578292849,0.15052740275859834,0.9504062533378601,0.2721569538116455,-0.3597836494445801,-0.20375104248523713,0.9105170965194702],"EasingStyle":"Constant","EasingDirection":"In"},"Right Arm":{"Weight":1,"CFrame":[-0.2544674277305603,-0.24019360542297364,0.09049856662750244,0.8403333425521851,-0.5228487253189087,-0.14306986331939698,0.5410228371620178,0.792572021484375,0.28128984570503237,-0.03367895632982254,-0.31378141045570376,0.9488977789878845],"EasingStyle":"Constant","EasingDirection":"In"},"Head":{"Weight":1,"CFrame":[8.940696716308594e-8,-5.4016709327697757e-8,-5.960464477539063e-8,0.9338539838790894,-0.3561707139015198,-0.03254665434360504,0.35606616735458376,0.9344159960746765,-0.009148789569735527,0.033670634031295779,-0.003045138902962208,0.9994284510612488],"EasingStyle":"Constant","EasingDirection":"In"},"Left Arm":{"Weight":1,"CFrame":[0.15225626528263093,-0.28643494844436648,0.16398537158966065,0.7990766763687134,0.597981333732605,-0.06240836903452873,-0.4960157871246338,0.7143402695655823,0.4936459958553314,0.33977189660072329,-0.3635055422782898,0.8674207925796509],"EasingStyle":"Constant","EasingDirection":"In"},"Torso":{"Weight":1,"CFrame":[0.032447926700115207,0.0951542928814888,-0.1360921859741211,0.914079487323761,0.4035016894340515,0.04055983945727348,-0.40483739972114565,0.9137957096099854,0.03292548283934593,-0.0237779151648283,-0.04651663824915886,0.9986345767974854],"EasingStyle":"Constant","EasingDirection":"In"},"HumanoidRootPart":{"Weight":0,"CFrame":[0,0,0,1,0,0,0,1,0,0,0,1],"EasingStyle":"Linear","EasingDirection":"In"},"Right Leg":{"Weight":1,"CFrame":[0.08866482973098755,0.13536882400512696,0.004310488700866699,0.9329001903533936,0.32202160358428957,-0.16124361753463746,-0.2603982090950012,0.9124394059181213,0.3156696557998657,0.24877740442752839,-0.2525007426738739,0.9350686073303223],"EasingStyle":"Constant","EasingDirection":"In"}}},{"Time":0.23333333432674409,"poses":{"Left Leg":{"Weight":1,"CFrame":[-0.4656270444393158,0.4304478168487549,0.07965612411499024,0.9208133816719055,-0.2349754124879837,0.31127041578292849,0.15052740275859834,0.9504062533378601,0.2721569538116455,-0.3597836494445801,-0.20375104248523713,0.9105170965194702],"EasingStyle":"Constant","EasingDirection":"In"},"Right Arm":{"Weight":1,"CFrame":[-0.2544674277305603,-0.24019360542297364,0.09049856662750244,0.8403333425521851,-0.5228487253189087,-0.14306986331939698,0.5410228371620178,0.792572021484375,0.28128984570503237,-0.03367895632982254,-0.31378141045570376,0.9488977789878845],"EasingStyle":"Constant","EasingDirection":"In"},"Head":{"Weight":1,"CFrame":[8.940696716308594e-8,-5.4016709327697757e-8,-5.960464477539063e-8,0.9338539838790894,-0.3561707139015198,-0.03254665434360504,0.35606616735458376,0.9344159960746765,-0.009148789569735527,0.033670634031295779,-0.003045138902962208,0.9994284510612488],"EasingStyle":"Constant","EasingDirection":"In"},"Left Arm":{"Weight":1,"CFrame":[0.15225626528263093,-0.28643494844436648,0.16398537158966065,0.7990766763687134,0.597981333732605,-0.06240836903452873,-0.4960157871246338,0.7143402695655823,0.4936459958553314,0.33977189660072329,-0.3635055422782898,0.8674207925796509],"EasingStyle":"Constant","EasingDirection":"In"},"Torso":{"Weight":1,"CFrame":[0.032447926700115207,0.0951542928814888,-0.1360921859741211,0.914079487323761,0.4035016894340515,0.04055983945727348,-0.40483739972114565,0.9137957096099854,0.03292548283934593,-0.0237779151648283,-0.04651663824915886,0.9986345767974854],"EasingStyle":"Constant","EasingDirection":"In"},"HumanoidRootPart":{"Weight":0,"CFrame":[0,0,0,1,0,0,0,1,0,0,0,1],"EasingStyle":"Linear","EasingDirection":"In"},"Right Leg":{"Weight":1,"CFrame":[0.08866482973098755,0.13536882400512696,0.004310488700866699,0.9329001903533936,0.32202160358428957,-0.16124361753463746,-0.2603982090950012,0.9124394059181213,0.3156696557998657,0.24877740442752839,-0.2525007426738739,0.9350686073303223],"EasingStyle":"Constant","EasingDirection":"In"}}},{"Time":0.2666666805744171,"poses":{"Left Leg":{"Weight":1,"CFrame":[-0.5262820720672607,0.1488116979598999,0.02860844135284424,0.8868423700332642,-0.45340028405189516,0.08910045772790909,0.4200223386287689,0.8713793158531189,0.2535337507724762,-0.192592591047287,-0.1874203085899353,0.9632143378257752],"EasingStyle":"Constant","EasingDirection":"In"},"Right Arm":{"Weight":1,"CFrame":[-0.16100235283374787,-0.5290857553482056,0.12629568576812745,0.12907947599887849,-0.8696078658103943,-0.47657179832458498,0.9424237012863159,-0.041938479989767078,0.3317813575267792,-0.30850639939308169,-0.49195876717567446,0.8141255974769592],"EasingStyle":"Constant","EasingDirection":"In"},"Head":{"Weight":1,"CFrame":[1.043081283569336e-7,-3.725290298461914e-8,0,0.9652765393257141,-0.24049489200115205,-0.10199688374996185,0.24016937613487245,0.9706049561500549,-0.015644552186131479,0.10276108980178833,-0.009395204484462738,0.9946617484092712],"EasingStyle":"Constant","EasingDirection":"In"},"Left Arm":{"Weight":1,"CFrame":[-0.02674238383769989,-0.953109622001648,0.3225107192993164,-0.47744134068489077,0.7836564779281616,0.3974068760871887,-0.5229566097259522,-0.6168904900550842,0.5881859064102173,0.7060922384262085,0.07299767434597016,0.7043473720550537],"EasingStyle":"Constant","EasingDirection":"In"},"Torso":{"Weight":1,"CFrame":[0.06580078601837158,0.23397284746170045,-0.09578871726989746,0.9566605091094971,0.2793482840061188,0.08225090801715851,-0.2827520966529846,0.9586284160614014,0.032906197011470798,-0.06965575367212296,-0.0547366701066494,0.9960683584213257],"EasingStyle":"Constant","EasingDirection":"In"},"HumanoidRootPart":{"Weight":0,"CFrame":[0,0,0,1,0,0,0,1,0,0,0,1],"EasingStyle":"Linear","EasingDirection":"In"},"Right Leg":{"Weight":1,"CFrame":[0.4193500876426697,0.08848291635513306,0.06726837158203125,0.8942969441413879,0.41818109154701235,-0.1592404693365097,-0.3943582773208618,0.904716432094574,0.16115163266658784,0.21145807206630708,-0.08131972700357437,0.9739983677864075],"EasingStyle":"Constant","EasingDirection":"In"}}},{"Time":0.30000001192092898,"poses":{"Left Leg":{"Weight":1,"CFrame":[-0.5262820720672607,0.1488116979598999,0.02860844135284424,0.8868423700332642,-0.45340028405189516,0.08910045772790909,0.4200223386287689,0.8713793158531189,0.2535337507724762,-0.192592591047287,-0.1874203085899353,0.9632143378257752],"EasingStyle":"Constant","EasingDirection":"In"},"Right Arm":{"Weight":1,"CFrame":[-0.16100235283374787,-0.5290857553482056,0.12629568576812745,0.12907947599887849,-0.8696078658103943,-0.47657179832458498,0.9424237012863159,-0.041938479989767078,0.3317813575267792,-0.30850639939308169,-0.49195876717567446,0.8141255974769592],"EasingStyle":"Constant","EasingDirection":"In"},"Head":{"Weight":1,"CFrame":[1.043081283569336e-7,-3.725290298461914e-8,0,0.9652765393257141,-0.24049489200115205,-0.10199688374996185,0.24016937613487245,0.9706049561500549,-0.015644552186131479,0.10276108980178833,-0.009395204484462738,0.9946617484092712],"EasingStyle":"Constant","EasingDirection":"In"},"Left Arm":{"Weight":1,"CFrame":[-0.02674238383769989,-0.953109622001648,0.3225107192993164,-0.47744134068489077,0.7836564779281616,0.3974068760871887,-0.5229566097259522,-0.6168904900550842,0.5881859064102173,0.7060922384262085,0.07299767434597016,0.7043473720550537],"EasingStyle":"Constant","EasingDirection":"In"},"Torso":{"Weight":1,"CFrame":[0.06580078601837158,0.23397284746170045,-0.09578871726989746,0.9566605091094971,0.2793482840061188,0.08225090801715851,-0.2827520966529846,0.9586284160614014,0.032906197011470798,-0.06965575367212296,-0.0547366701066494,0.9960683584213257],"EasingStyle":"Constant","EasingDirection":"In"},"HumanoidRootPart":{"Weight":0,"CFrame":[0,0,0,1,0,0,0,1,0,0,0,1],"EasingStyle":"Linear","EasingDirection":"In"},"Right Leg":{"Weight":1,"CFrame":[0.4193500876426697,0.08848291635513306,0.06726837158203125,0.8942969441413879,0.41818109154701235,-0.1592404693365097,-0.3943582773208618,0.904716432094574,0.16115163266658784,0.21145807206630708,-0.08131972700357437,0.9739983677864075],"EasingStyle":"Constant","EasingDirection":"In"}}},{"Time":0.3333333432674408,"poses":{"Left Leg":{"Weight":1,"CFrame":[-0.5262820720672607,0.1488116979598999,0.02860844135284424,0.8868423700332642,-0.45340028405189516,0.08910045772790909,0.4200223386287689,0.8713793158531189,0.2535337507724762,-0.192592591047287,-0.1874203085899353,0.9632143378257752],"EasingStyle":"Constant","EasingDirection":"In"},"Right Arm":{"Weight":1,"CFrame":[-0.16100235283374787,-0.5290857553482056,0.12629568576812745,0.12907947599887849,-0.8696078658103943,-0.47657179832458498,0.9424237012863159,-0.041938479989767078,0.3317813575267792,-0.30850639939308169,-0.49195876717567446,0.8141255974769592],"EasingStyle":"Constant","EasingDirection":"In"},"Head":{"Weight":1,"CFrame":[1.043081283569336e-7,-3.725290298461914e-8,0,0.9652765393257141,-0.24049489200115205,-0.10199688374996185,0.24016937613487245,0.9706049561500549,-0.015644552186131479,0.10276108980178833,-0.009395204484462738,0.9946617484092712],"EasingStyle":"Constant","EasingDirection":"In"},"Left Arm":{"Weight":1,"CFrame":[-0.02674238383769989,-0.953109622001648,0.3225107192993164,-0.47744134068489077,0.7836564779281616,0.3974068760871887,-0.5229566097259522,-0.6168904900550842,0.5881859064102173,0.7060922384262085,0.07299767434597016,0.7043473720550537],"EasingStyle":"Constant","EasingDirection":"In"},"Torso":{"Weight":1,"CFrame":[0.06580078601837158,0.23397284746170045,-0.09578871726989746,0.9566605091094971,0.2793482840061188,0.08225090801715851,-0.2827520966529846,0.9586284160614014,0.032906197011470798,-0.06965575367212296,-0.0547366701066494,0.9960683584213257],"EasingStyle":"Constant","EasingDirection":"In"},"HumanoidRootPart":{"Weight":0,"CFrame":[0,0,0,1,0,0,0,1,0,0,0,1],"EasingStyle":"Linear","EasingDirection":"In"},"Right Leg":{"Weight":1,"CFrame":[0.4193500876426697,0.08848291635513306,0.06726837158203125,0.8942969441413879,0.41818109154701235,-0.1592404693365097,-0.3943582773208618,0.904716432094574,0.16115163266658784,0.21145807206630708,-0.08131972700357437,0.9739983677864075],"EasingStyle":"Constant","EasingDirection":"In"}}},{"Time":0.36666667461395266,"poses":{"Left Leg":{"Weight":1,"CFrame":[-0.39276236295700076,-0.044825196266174319,-0.034894347190856937,0.8309864401817322,-0.5433899164199829,-0.11911793053150177,0.5552617907524109,0.823237955570221,0.11816751211881638,0.03385132923722267,-0.16433720290660859,0.9858231544494629],"EasingStyle":"Constant","EasingDirection":"In"},"Right Arm":{"Weight":1,"CFrame":[-0.07184091210365296,-0.7811176776885986,0.23844218254089356,-0.08097489923238754,-0.8690024018287659,-0.4881371557712555,0.7230220437049866,-0.3883161246776581,0.5713579058647156,-0.6860629320144653,-0.30666831135749819,0.6597517132759094],"EasingStyle":"Constant","EasingDirection":"In"},"Head":{"Weight":1,"CFrame":[9.685754776000977e-8,-8.568167686462403e-8,3.5762786865234377e-7,0.9658749103546143,-0.25220048427581789,-0.05899711698293686,0.2382703423500061,0.9544886946678162,-0.17938415706157685,0.10155286639928818,0.159205362200737,0.9820084571838379],"EasingStyle":"Constant","EasingDirection":"In"},"Left Arm":{"Weight":1,"CFrame":[0.0633024126291275,-0.7325396537780762,0.38171398639678957,-0.6429613828659058,0.5404351353645325,0.5427066087722778,-0.28614407777786257,-0.826777994632721,0.4843139052391052,0.7104381322860718,0.15610277652740479,0.6862285137176514],"EasingStyle":"Constant","EasingDirection":"In"},"Torso":{"Weight":1,"CFrame":[0.11960045993328095,0.15625238418579102,-0.09956908226013184,0.9651526808738709,0.24497218430042268,0.09202707558870316,-0.2563329339027405,0.9557921290397644,0.1440655142068863,-0.05266672372817993,-0.16263476014137269,0.9852797389030457],"EasingStyle":"Constant","EasingDirection":"In"},"HumanoidRootPart":{"Weight":0,"CFrame":[0,0,0,1,0,0,0,1,0,0,0,1],"EasingStyle":"Linear","EasingDirection":"In"},"Right Leg":{"Weight":1,"CFrame":[0.5952063798904419,0.3736209273338318,0.28346896171569826,0.7761080861091614,0.4761878550052643,-0.41340211033821108,-0.4816911518573761,0.8707650303840637,0.09870128333568573,0.40697649121284487,0.12252920866012573,0.9051833152770996],"EasingStyle":"Constant","EasingDirection":"In"}}},{"Time":0.4000000059604645,"poses":{"Left Leg":{"Weight":1,"CFrame":[-0.39276236295700076,-0.044825196266174319,-0.034894347190856937,0.8309864401817322,-0.5433899164199829,-0.11911793053150177,0.5552617907524109,0.823237955570221,0.11816751211881638,0.03385132923722267,-0.16433720290660859,0.9858231544494629],"EasingStyle":"Constant","EasingDirection":"In"},"Right Arm":{"Weight":1,"CFrame":[-0.07184091210365296,-0.7811176776885986,0.23844218254089356,-0.08097489923238754,-0.8690024018287659,-0.4881371557712555,0.7230220437049866,-0.3883161246776581,0.5713579058647156,-0.6860629320144653,-0.30666831135749819,0.6597517132759094],"EasingStyle":"Constant","EasingDirection":"In"},"Head":{"Weight":1,"CFrame":[9.685754776000977e-8,-8.568167686462403e-8,3.5762786865234377e-7,0.9658749103546143,-0.25220048427581789,-0.05899711698293686,0.2382703423500061,0.9544886946678162,-0.17938415706157685,0.10155286639928818,0.159205362200737,0.9820084571838379],"EasingStyle":"Constant","EasingDirection":"In"},"Left Arm":{"Weight":1,"CFrame":[0.0633024126291275,-0.7325396537780762,0.38171398639678957,-0.6429613828659058,0.5404351353645325,0.5427066087722778,-0.28614407777786257,-0.826777994632721,0.4843139052391052,0.7104381322860718,0.15610277652740479,0.6862285137176514],"EasingStyle":"Constant","EasingDirection":"In"},"Torso":{"Weight":1,"CFrame":[0.11960045993328095,0.15625238418579102,-0.09956908226013184,0.9651526808738709,0.24497218430042268,0.09202707558870316,-0.2563329339027405,0.9557921290397644,0.1440655142068863,-0.05266672372817993,-0.16263476014137269,0.9852797389030457],"EasingStyle":"Constant","EasingDirection":"In"},"HumanoidRootPart":{"Weight":0,"CFrame":[0,0,0,1,0,0,0,1,0,0,0,1],"EasingStyle":"Linear","EasingDirection":"In"},"Right Leg":{"Weight":1,"CFrame":[0.5952063798904419,0.3736209273338318,0.28346896171569826,0.7761080861091614,0.4761878550052643,-0.41340211033821108,-0.4816911518573761,0.8707650303840637,0.09870128333568573,0.40697649121284487,0.12252920866012573,0.9051833152770996],"EasingStyle":"Constant","EasingDirection":"In"}}},{"Time":0.4333333373069763,"poses":{"Left Leg":{"Weight":1,"CFrame":[-0.5445209741592407,-0.0870293378829956,-0.14338934421539308,0.7748194336891174,-0.5527923107147217,-0.30671733617782595,0.5964547395706177,0.8000202178955078,0.06487935036420822,0.20951531827449799,-0.23321272432804109,0.9495869278907776],"EasingStyle":"Constant","EasingDirection":"In"},"Right Arm":{"Weight":1,"CFrame":[-0.09725587069988251,-0.46601611375808718,0.24712514877319337,0.1975301206111908,-0.7822926640510559,-0.5907622575759888,0.8071885704994202,-0.21216557919979096,0.5508471131324768,-0.5562630295753479,-0.5856654047966003,0.5895485281944275],"EasingStyle":"Constant","EasingDirection":"In"},"Head":{"Weight":1,"CFrame":[1.3224780559539796e-7,-8.568167686462403e-8,0,0.9813725352287293,-0.19103369116783143,0.02035115659236908,0.1888868659734726,0.9401183724403381,-0.28372377157211306,0.03506830334663391,0.2822827696800232,0.9586900472640991],"EasingStyle":"Constant","EasingDirection":"In"},"Left Arm":{"Weight":1,"CFrame":[0.15546676516532899,-0.657436728477478,0.20425748825073243,-0.6345640420913696,0.5346657037734985,0.5580868124961853,-0.4708141088485718,-0.8400679230690002,0.2694810926914215,0.612913191318512,-0.09175211936235428,0.7848051190376282],"EasingStyle":"Constant","EasingDirection":"In"},"Torso":{"Weight":1,"CFrame":[0.16509008407592774,0.08101615309715271,-0.12856602668762208,0.9817835092544556,0.1672065705060959,0.09024020284414292,-0.1752379685640335,0.9804109930992127,0.08992185443639755,-0.07343696802854538,-0.10409728437662125,0.9918522834777832],"EasingStyle":"Constant","EasingDirection":"In"},"HumanoidRootPart":{"Weight":0,"CFrame":[0,0,0,1,0,0,0,1,0,0,0,1],"EasingStyle":"Linear","EasingDirection":"In"},"Right Leg":{"Weight":1,"CFrame":[0.48075172305107119,0.693691611289978,0.17864990234375,0.8680015206336975,0.244156613945961,-0.43238964676856997,-0.19739364087581635,0.968669056892395,0.15071828663349152,0.4556415379047394,-0.04547275975346565,0.889001190662384],"EasingStyle":"Constant","EasingDirection":"In"}}},{"Time":0.46666666865348818,"poses":{"Left Leg":{"Weight":1,"CFrame":[-0.5445209741592407,-0.0870293378829956,-0.14338934421539308,0.7748194336891174,-0.5527923107147217,-0.30671733617782595,0.5964547395706177,0.8000202178955078,0.06487935036420822,0.20951531827449799,-0.23321272432804109,0.9495869278907776],"EasingStyle":"Constant","EasingDirection":"In"},"Right Arm":{"Weight":1,"CFrame":[-0.09725587069988251,-0.46601611375808718,0.24712514877319337,0.1975301206111908,-0.7822926640510559,-0.5907622575759888,0.8071885704994202,-0.21216557919979096,0.5508471131324768,-0.5562630295753479,-0.5856654047966003,0.5895485281944275],"EasingStyle":"Constant","EasingDirection":"In"},"Head":{"Weight":1,"CFrame":[1.3224780559539796e-7,-8.568167686462403e-8,0,0.9813725352287293,-0.19103369116783143,0.02035115659236908,0.1888868659734726,0.9401183724403381,-0.28372377157211306,0.03506830334663391,0.2822827696800232,0.9586900472640991],"EasingStyle":"Constant","EasingDirection":"In"},"Left Arm":{"Weight":1,"CFrame":[0.15546676516532899,-0.657436728477478,0.20425748825073243,-0.6345640420913696,0.5346657037734985,0.5580868124961853,-0.4708141088485718,-0.8400679230690002,0.2694810926914215,0.612913191318512,-0.09175211936235428,0.7848051190376282],"EasingStyle":"Constant","EasingDirection":"In"},"Torso":{"Weight":1,"CFrame":[0.16509008407592774,0.08101615309715271,-0.12856602668762208,0.9817835092544556,0.1672065705060959,0.09024020284414292,-0.1752379685640335,0.9804109930992127,0.08992185443639755,-0.07343696802854538,-0.10409728437662125,0.9918522834777832],"EasingStyle":"Constant","EasingDirection":"In"},"HumanoidRootPart":{"Weight":0,"CFrame":[0,0,0,1,0,0,0,1,0,0,0,1],"EasingStyle":"Linear","EasingDirection":"In"},"Right Leg":{"Weight":1,"CFrame":[0.48075172305107119,0.693691611289978,0.17864990234375,0.8680015206336975,0.244156613945961,-0.43238964676856997,-0.19739364087581635,0.968669056892395,0.15071828663349152,0.4556415379047394,-0.04547275975346565,0.889001190662384],"EasingStyle":"Constant","EasingDirection":"In"}}},{"Time":0.5,"poses":{"Left Leg":{"Weight":1,"CFrame":[-0.5445209741592407,-0.0870293378829956,-0.14338934421539308,0.7748194336891174,-0.5527923107147217,-0.30671733617782595,0.5964547395706177,0.8000202178955078,0.06487935036420822,0.20951531827449799,-0.23321272432804109,0.9495869278907776],"EasingStyle":"Constant","EasingDirection":"In"},"Right Arm":{"Weight":1,"CFrame":[-0.09725587069988251,-0.46601611375808718,0.24712514877319337,0.1975301206111908,-0.7822926640510559,-0.5907622575759888,0.8071885704994202,-0.21216557919979096,0.5508471131324768,-0.5562630295753479,-0.5856654047966003,0.5895485281944275],"EasingStyle":"Constant","EasingDirection":"In"},"Head":{"Weight":1,"CFrame":[1.3224780559539796e-7,-8.568167686462403e-8,0,0.9813725352287293,-0.19103369116783143,0.02035115659236908,0.1888868659734726,0.9401183724403381,-0.28372377157211306,0.03506830334663391,0.2822827696800232,0.9586900472640991],"EasingStyle":"Constant","EasingDirection":"In"},"Left Arm":{"Weight":1,"CFrame":[0.15546676516532899,-0.657436728477478,0.20425748825073243,-0.6345640420913696,0.5346657037734985,0.5580868124961853,-0.4708141088485718,-0.8400679230690002,0.2694810926914215,0.612913191318512,-0.09175211936235428,0.7848051190376282],"EasingStyle":"Constant","EasingDirection":"In"},"Torso":{"Weight":1,"CFrame":[0.16509008407592774,0.08101615309715271,-0.12856602668762208,0.9817835092544556,0.1672065705060959,0.09024020284414292,-0.1752379685640335,0.9804109930992127,0.08992185443639755,-0.07343696802854538,-0.10409728437662125,0.9918522834777832],"EasingStyle":"Constant","EasingDirection":"In"},"HumanoidRootPart":{"Weight":0,"CFrame":[0,0,0,1,0,0,0,1,0,0,0,1],"EasingStyle":"Linear","EasingDirection":"In"},"Right Leg":{"Weight":1,"CFrame":[0.48075172305107119,0.693691611289978,0.17864990234375,0.8680015206336975,0.244156613945961,-0.43238964676856997,-0.19739364087581635,0.968669056892395,0.15071828663349152,0.4556415379047394,-0.04547275975346565,0.889001190662384],"EasingStyle":"Constant","EasingDirection":"In"}}},{"Time":0.5333333611488342,"poses":{"Left Leg":{"Weight":1,"CFrame":[-0.5445209741592407,-0.0870293378829956,-0.14338934421539308,0.7748194336891174,-0.5527923107147217,-0.30671733617782595,0.5964547395706177,0.8000202178955078,0.06487935036420822,0.20951531827449799,-0.23321272432804109,0.9495869278907776],"EasingStyle":"Constant","EasingDirection":"In"},"Right Arm":{"Weight":1,"CFrame":[-0.09725587069988251,-0.46601611375808718,0.24712514877319337,0.1975301206111908,-0.7822926640510559,-0.5907622575759888,0.8071885704994202,-0.21216557919979096,0.5508471131324768,-0.5562630295753479,-0.5856654047966003,0.5895485281944275],"EasingStyle":"Constant","EasingDirection":"In"},"Head":{"Weight":1,"CFrame":[1.3224780559539796e-7,-8.568167686462403e-8,0,0.9813725352287293,-0.19103369116783143,0.02035115659236908,0.1888868659734726,0.9401183724403381,-0.28372377157211306,0.03506830334663391,0.2822827696800232,0.9586900472640991],"EasingStyle":"Constant","EasingDirection":"In"},"Left Arm":{"Weight":1,"CFrame":[0.15546676516532899,-0.657436728477478,0.20425748825073243,-0.6345640420913696,0.5346657037734985,0.5580868124961853,-0.4708141088485718,-0.8400679230690002,0.2694810926914215,0.612913191318512,-0.09175211936235428,0.7848051190376282],"EasingStyle":"Constant","EasingDirection":"In"},"Torso":{"Weight":1,"CFrame":[0.16509008407592774,0.08101615309715271,-0.12856602668762208,0.9817835092544556,0.1672065705060959,0.09024020284414292,-0.1752379685640335,0.9804109930992127,0.08992185443639755,-0.07343696802854538,-0.10409728437662125,0.9918522834777832],"EasingStyle":"Constant","EasingDirection":"In"},"HumanoidRootPart":{"Weight":0,"CFrame":[0,0,0,1,0,0,0,1,0,0,0,1],"EasingStyle":"Linear","EasingDirection":"In"},"Right Leg":{"Weight":1,"CFrame":[0.48075172305107119,0.693691611289978,0.17864990234375,0.8680015206336975,0.244156613945961,-0.43238964676856997,-0.19739364087581635,0.968669056892395,0.15071828663349152,0.4556415379047394,-0.04547275975346565,0.889001190662384],"EasingStyle":"Constant","EasingDirection":"In"}}},{"Time":0.5666666626930237,"poses":{"Left Leg":{"Weight":1,"CFrame":[-0.7653809785842896,0.03549236059188843,-0.3234846591949463,0.777068555355072,-0.4478156864643097,-0.44229575991630556,0.5670928359031677,0.8029976487159729,0.18330493569374085,0.273075670003891,-0.3932632505893707,0.8779371976852417],"EasingStyle":"Constant","EasingDirection":"In"},"Right Arm":{"Weight":1,"CFrame":[0.01987355947494507,-0.1868324875831604,0.35713088512420657,0.5102280378341675,-0.34598612785339358,-0.7873759269714356,0.8223558068275452,0.464297354221344,0.32887527346611025,0.25179025530815127,-0.8153045773506165,0.5214213132858276],"EasingStyle":"Constant","EasingDirection":"In"},"Head":{"Weight":1,"CFrame":[9.633367881178856e-8,-6.891787052154541e-8,-1.1920928955078126e-7,0.9846251010894775,-0.17310191690921784,0.023432347923517228,0.17086416482925416,0.926520049571991,-0.3352106511592865,0.03631506860256195,0.3340606093406677,0.941851794719696],"EasingStyle":"Constant","EasingDirection":"In"},"Left Arm":{"Weight":1,"CFrame":[0.006568528711795807,-0.5228502154350281,0.11400473117828369,-0.3640228509902954,0.5093590617179871,0.7797695994377136,-0.5769136548042297,-0.7805766463279724,0.24056336283683778,0.7312031984329224,-0.3622891902923584,0.5780039429664612],"EasingStyle":"Constant","EasingDirection":"In"},"Torso":{"Weight":1,"CFrame":[0.1127367615699768,0.04175007343292236,-0.21918225288391114,0.9882737398147583,0.12723073363304139,0.08442366868257523,-0.12355563044548035,0.991203248500824,-0.047436121851205829,-0.0897163450717926,0.03644885867834091,0.9953001737594605],"EasingStyle":"Constant","EasingDirection":"In"},"HumanoidRootPart":{"Weight":0,"CFrame":[0,0,0,1,0,0,0,1,0,0,0,1],"EasingStyle":"Linear","EasingDirection":"In"},"Right Leg":{"Weight":1,"CFrame":[0.23119902610778809,0.14857029914855958,-0.09867870807647705,0.9779883623123169,-0.2086459994316101,0.0023598752450197937,0.18910014629364015,0.8910384178161621,0.4126640260219574,-0.08820334076881409,-0.40313440561294558,0.9108802676200867],"EasingStyle":"Constant","EasingDirection":"In"}}}],"Loop":false,"Name":"Dance Alone_Intro","Priority":"Action"}