{"Sequence":[{"Time":0,"poses":{"Left Leg":{"Weight":1,"CFrame":[-0.5423892736434937,0.19621872901916505,0.1914982795715332,0.9917717576026917,-0.03187226876616478,0.1239876002073288,0.0163637213408947,0.9921292662620544,0.12414397299289704,-0.12696859240531922,-0.12109358608722687,0.9844873547554016],"EasingStyle":"Linear","EasingDirection":"Out"},"Right Arm":{"Weight":1,"CFrame":[-0.023047178983688356,0.0033689141273498537,0.07844281196594238,0.8237346410751343,-0.37252765893936159,0.4274158775806427,0.3822118639945984,0.9216650724411011,0.06669056415557862,-0.41877835988998415,0.10842794924974442,0.901591956615448],"EasingStyle":"Linear","EasingDirection":"Out"},"Left Arm":{"Weight":1,"CFrame":[-0.33168473839759829,0.09980720281600952,0.6453064680099487,0.7944507598876953,0.5393796563148499,0.27913713455200198,0.0148818613961339,-0.4767657518386841,0.878904402256012,0.6071462631225586,-0.6940922141075134,-0.38679394125938418],"EasingStyle":"Linear","EasingDirection":"Out"},"Right Leg":{"Weight":1,"CFrame":[0.10319008678197861,0.06339198350906372,0.1583690643310547,0.9095562696456909,0.2819937467575073,-0.3052652180194855,-0.15526390075683595,0.9119437336921692,0.3798048794269562,0.3854873776435852,-0.29805728793144228,0.8732476234436035],"EasingStyle":"Linear","EasingDirection":"Out"},"Torso":{"Weight":1,"CFrame":[0.041133299469947818,-2.3528695658470158e-10,0.025040626525878907,0.9586323499679565,-0.28165408968925478,-0.04116986319422722,0.2818931043148041,0.9594458341598511,-2.4937985898532135e-8,0.03950026258826256,-0.011605476029217244,0.9991521835327148],"EasingStyle":"Linear","EasingDirection":"Out"},"HumanoidRootPart":{"Weight":0,"CFrame":[0,0,0,1,0,0,0,1,0,0,0,1],"EasingStyle":"Linear","EasingDirection":"In"},"Head":{"Weight":1,"CFrame":[1.0814975581752151e-7,6.782583383824203e-9,1.1920928955078126e-7,0.9903202056884766,0.13221101462841035,0.04226243123412132,-0.13063748180866242,0.9906994104385376,-0.03805931285023689,-0.04690122604370117,0.03216985985636711,0.9983813762664795],"EasingStyle":"Linear","EasingDirection":"Out"}}},{"Time":0.034583333879709247,"poses":{"Left Leg":{"Weight":1,"CFrame":[-0.5480669736862183,0.16259396076202393,0.17951953411102296,0.9944269061088562,-0.03284618258476257,0.10018117725849152,0.019957102835178376,0.9916961789131165,0.12704503536224366,-0.10352227091789246,-0.12433767318725586,0.9868248701095581],"EasingStyle":"Linear","EasingDirection":"Out"},"Right Arm":{"Weight":1,"CFrame":[-0.02280604839324951,-0.018817991018295289,0.1061253547668457,0.808390736579895,-0.4010854959487915,0.4308537244796753,0.38520297408103945,0.9139080047607422,0.1280265897512436,-0.4451102316379547,0.062470488250255588,0.8932940363883972],"EasingStyle":"Linear","EasingDirection":"Out"},"Left Arm":{"Weight":1,"CFrame":[-0.3316873610019684,0.10649526119232178,0.6544302701950073,0.7996825575828552,0.541143536567688,0.260137677192688,-0.006299478933215141,-0.42567184567451479,0.9048557281494141,0.6003900170326233,-0.7252359390258789,-0.33699336647987368],"EasingStyle":"Linear","EasingDirection":"Out"},"Right Leg":{"Weight":1,"CFrame":[0.1348561942577362,0.07743185758590698,0.16475450992584229,0.9051456451416016,0.2991521954536438,-0.30202531814575198,-0.16827040910720826,0.9045820236206055,0.3916841149330139,0.39037978649139407,-0.3037092387676239,0.8691169619560242],"EasingStyle":"Linear","EasingDirection":"Out"},"Torso":{"Weight":1,"CFrame":[0.06159108877182007,0.00016420872998423874,0.004285097122192383,0.9600654244422913,-0.27683383226394656,-0.040465280413627627,0.27706876397132876,0.9608500599861145,0.00020523666171357036,0.03882424905896187,-0.01140870526432991,0.9991809129714966],"EasingStyle":"Linear","EasingDirection":"Out"},"HumanoidRootPart":{"Weight":0,"CFrame":[0,0,0,1,0,0,0,1,0,0,0,1],"EasingStyle":"Linear","EasingDirection":"In"},"Head":{"Weight":1,"CFrame":[8.317874744534493e-8,-3.14321368932724e-9,-5.364418029785156e-7,0.9918072819709778,0.12529277801513673,0.024900341406464578,-0.12404973804950714,0.9911901950836182,-0.046407680958509448,-0.030495522543787957,0.04293859377503395,0.9986121654510498],"EasingStyle":"Linear","EasingDirection":"Out"}}},{"Time":0.06916666775941849,"poses":{"Left Leg":{"Weight":1,"CFrame":[-0.5625492334365845,0.1134871244430542,0.15525710582733155,0.9974035620689392,-0.03893760219216347,0.060580115765333179,0.03000880964100361,0.9894289970397949,0.14187948405742646,-0.06546424329280853,-0.13969314098358155,0.9880284667015076],"EasingStyle":"Linear","EasingDirection":"Out"},"Right Arm":{"Weight":1,"CFrame":[-0.021118231117725374,-0.07603564858436585,0.13103199005126954,0.7622531056404114,-0.46449482440948489,0.45079338550567629,0.410808801651001,0.8853655457496643,0.21763281524181367,-0.5002062320709229,0.019298451021313669,0.8656911849975586],"EasingStyle":"Linear","EasingDirection":"Out"},"Left Arm":{"Weight":1,"CFrame":[-0.3317055106163025,0.11178100109100342,0.662594199180603,0.800687313079834,0.5446058511734009,0.24960802495479585,-0.02555091120302677,-0.3852275609970093,0.9224678874015808,0.5985373854637146,-0.7449859976768494,-0.29453158378601076],"EasingStyle":"Linear","EasingDirection":"Out"},"Right Leg":{"Weight":1,"CFrame":[0.23468425869941712,0.10450971126556397,0.18520867824554444,0.8910837769508362,0.34792613983154299,-0.29140526056289675,-0.21238259971141816,0.8871278166770935,0.4097534120082855,0.4010777473449707,-0.3032352328300476,0.864398717880249],"EasingStyle":"Linear","EasingDirection":"Out"},"Torso":{"Weight":1,"CFrame":[0.0886882096529007,0.0006166397361084819,-0.04520010948181152,0.9640137553215027,-0.2630569636821747,-0.03845150023698807,0.2632801830768585,0.9647191166877747,0.0007707767654210329,0.036892134696245196,-0.010866559110581875,0.9992601871490479],"EasingStyle":"Linear","EasingDirection":"Out"},"HumanoidRootPart":{"Weight":0,"CFrame":[0,0,0,1,0,0,0,1,0,0,0,1],"EasingStyle":"Linear","EasingDirection":"In"},"Head":{"Weight":1,"CFrame":[9.13569238036871e-8,-4.773028194904327e-9,-1.1920928955078126e-7,0.9943298101425171,0.10614828765392304,0.006390294060111046,-0.10565433651208878,0.9929443001747131,-0.05383988097310066,-0.012060204520821572,0.052859436720609668,0.9985291361808777],"EasingStyle":"Linear","EasingDirection":"Out"}}},{"Time":0.10333333164453507,"poses":{"Left Leg":{"Weight":1,"CFrame":[-0.6035959720611572,0.11906081438064575,0.144598126411438,0.9957577586174011,-0.07515201717615128,0.053090859204530719,0.06638108938932419,0.9862873554229736,0.15109871327877046,-0.06371832638978958,-0.14693354070186616,0.9870919585227966],"EasingStyle":"Linear","EasingDirection":"Out"},"Right Arm":{"Weight":1,"CFrame":[-0.016536954790353776,-0.15427207946777345,0.15464746952056886,0.6812892556190491,-0.561078667640686,0.4701443910598755,0.44967496395111086,0.8275771737098694,0.33601832389831545,-0.5776135325431824,-0.017513632774353029,0.8161224722862244],"EasingStyle":"Linear","EasingDirection":"Out"},"Left Arm":{"Weight":1,"CFrame":[-0.3317551016807556,0.11582964658737183,0.6698524951934815,0.7989258766174316,0.5493059754371643,0.24490895867347718,-0.04262889176607132,-0.3544676899909973,0.934096097946167,0.5999168753623962,-0.7567136883735657,-0.25977709889411929],"EasingStyle":"Linear","EasingDirection":"Out"},"Right Leg":{"Weight":1,"CFrame":[0.3339691162109375,0.13793271780014039,0.1957005262374878,0.8801305890083313,0.3877055048942566,-0.2739608585834503,-0.24935154616832734,0.8686124682426453,0.4281775653362274,0.40397271513938906,-0.3085397481918335,0.8611674904823303],"EasingStyle":"Linear","EasingDirection":"Out"},"Torso":{"Weight":1,"CFrame":[0.1165587306022644,0.0012808460742235184,-0.10424613952636719,0.9698101878166199,-0.24129678308963777,-0.03527078032493591,0.24150153994560243,0.9703991413116455,0.0016010362887755037,0.03384040668606758,-0.010070648975670338,0.9993765354156494],"EasingStyle":"Linear","EasingDirection":"Out"},"HumanoidRootPart":{"Weight":0,"CFrame":[0,0,0,1,0,0,0,1,0,0,0,1],"EasingStyle":"Linear","EasingDirection":"In"},"Head":{"Weight":1,"CFrame":[9.976793080568314e-8,-7.2177499532699589e-9,-2.384185791015625e-7,0.9969437122344971,0.07708889991044998,-0.012671830132603646,-0.0777207612991333,0.9951189160346985,-0.06080959364771843,0.007922224700450898,0.06160860136151314,0.9980689287185669],"EasingStyle":"Linear","EasingDirection":"Out"}}},{"Time":0.1379166692495346,"poses":{"Left Leg":{"Weight":1,"CFrame":[-0.64101243019104,0.1671956181526184,0.15297818183898927,0.988904595375061,-0.12375825643539429,0.08216814696788788,0.10999700427055359,0.9817876815795898,0.15489883720874787,-0.09984172135591507,-0.14414194226264954,0.9845073819160461],"EasingStyle":"Linear","EasingDirection":"Out"},"Right Arm":{"Weight":1,"CFrame":[-0.007615495473146439,-0.23951482772827149,0.17845654487609864,0.5587807297706604,-0.6853919625282288,0.46690669655799868,0.48866087198257449,0.7269974946975708,0.48237475752830508,-0.6700557470321655,-0.041382864117622378,0.7411563396453857],"EasingStyle":"Linear","EasingDirection":"Out"},"Left Arm":{"Weight":1,"CFrame":[-0.3318517208099365,0.11880648136138916,0.6762579679489136,0.7957649827003479,0.554317831993103,0.2439054250717163,-0.056645262986421588,-0.3328525424003601,0.9412760138511658,0.6029505729675293,-0.7628505229949951,-0.23347283899784089],"EasingStyle":"Linear","EasingDirection":"Out"},"Right Leg":{"Weight":1,"CFrame":[0.4094071388244629,0.16804689168930055,0.19200420379638673,0.8795448541641235,0.4048152267932892,-0.2500506043434143,-0.26912346482276919,0.8566258549690247,0.4401872158050537,0.39239439368247988,-0.3198699653148651,0.862386167049408],"EasingStyle":"Linear","EasingDirection":"Out"},"Torso":{"Weight":1,"CFrame":[0.13933956623077393,0.002066500950604677,-0.1536848545074463,0.9766665697097778,-0.21250317990779878,-0.031061982735991479,0.21268349885940553,0.9771177172660828,0.0025831074453890325,0.029802294448018075,-0.009129205718636513,0.999514102935791],"EasingStyle":"Linear","EasingDirection":"Out"},"HumanoidRootPart":{"Weight":0,"CFrame":[0,0,0,1,0,0,0,1,0,0,0,1],"EasingStyle":"Linear","EasingDirection":"In"},"Head":{"Weight":1,"CFrame":[1.0256189852952957e-7,-9.313225746154786e-10,-1.1920928955078126e-7,0.9986769556999207,0.040483258664608,-0.031709130853414538,-0.042555712163448337,0.996799886226654,-0.06766831874847412,0.02886822633445263,0.06892820447683335,0.9972038269042969],"EasingStyle":"Linear","EasingDirection":"Out"}}},{"Time":0.17249999940395356,"poses":{"Left Leg":{"Weight":1,"CFrame":[-0.6435052752494812,0.18966162204742433,0.1660381555557251,0.9807384610176086,-0.15568101406097413,0.11796418577432633,0.13526208698749543,0.9770031571388245,0.164830282330513,-0.14091238379478455,-0.14569926261901856,0.9792422652244568],"EasingStyle":"Linear","EasingDirection":"Out"},"Right Arm":{"Weight":1,"CFrame":[0.0070927944034338,-0.31775176525115969,0.20394396781921388,0.38852089643478396,-0.8238010406494141,0.41279953718185427,0.508583664894104,0.565292477607727,0.6494512557983398,-0.7683711051940918,-0.0423823781311512,0.6385997533798218],"EasingStyle":"Linear","EasingDirection":"Out"},"Left Arm":{"Weight":1,"CFrame":[-0.332010954618454,0.12087464332580567,0.6818636655807495,0.7926701307296753,0.5583933591842651,0.24468570947647096,-0.06624608486890793,-0.32008570432662966,0.9450696110725403,0.606040894985199,-0.7653378248214722,-0.2167310118675232],"EasingStyle":"Linear","EasingDirection":"Out"},"Right Leg":{"Weight":1,"CFrame":[0.4479532837867737,0.18324047327041627,0.17811596393585206,0.8934024572372437,0.39197826385498049,-0.21951095759868623,-0.26870596408843996,0.8578030467033386,0.4381450116634369,0.360040545463562,-0.33245593309402468,0.8716902732849121],"EasingStyle":"Linear","EasingDirection":"Out"},"Torso":{"Weight":1,"CFrame":[0.15116405487060548,0.002878190018236637,-0.17434978485107423,0.9837501049041748,-0.1776553839445114,-0.02596822939813137,0.17780613899230958,0.9840589761734009,0.003597721690312028,0.024915114045143129,-0.008156568743288517,0.9996563196182251],"EasingStyle":"Linear","EasingDirection":"Out"},"HumanoidRootPart":{"Weight":0,"CFrame":[0,0,0,1,0,0,0,1,0,0,0,1],"EasingStyle":"Linear","EasingDirection":"In"},"Head":{"Weight":1,"CFrame":[6.903428584337235e-8,-2.3283064365386964e-9,-5.960464477539063e-7,0.9987407922744751,-0.00119883066508919,-0.05015389993786812,-0.002551186829805374,0.9972073435783386,-0.07463933527469635,0.0501033179461956,0.07467328011989594,0.9959485530853272],"EasingStyle":"Linear","EasingDirection":"Out"}}},{"Time":0.2070833295583725,"poses":{"Left Leg":{"Weight":1,"CFrame":[-0.6059961318969727,0.16556113958358766,0.18387317657470704,0.9729790687561035,-0.16743510961532594,0.1589878797531128,0.13819041848182679,0.9739184975624085,0.17996162176132203,-0.18497321009635926,-0.15312831103801728,0.9707402586936951],"EasingStyle":"Linear","EasingDirection":"Out"},"Right Arm":{"Weight":1,"CFrame":[0.029034718871116639,-0.37496882677078249,0.23259401321411134,0.17086930572986604,-0.946374773979187,0.2741870880126953,0.48151883482933047,0.32299092411994936,0.8147492408752441,-0.8596181273460388,-0.007189502473920584,0.510886549949646],"EasingStyle":"Linear","EasingDirection":"Out"},"Left Arm":{"Weight":1,"CFrame":[-0.3322484791278839,0.12220197916030884,0.6867231130599976,0.7912622094154358,0.5600858926773071,0.2453729510307312,-0.069813072681427,-0.31590837240219118,0.9462177753448486,0.6074785590171814,-0.7658365964889526,-0.2108650505542755],"EasingStyle":"Linear","EasingDirection":"Out"},"Right Leg":{"Weight":1,"CFrame":[0.4136073887348175,0.17042124271392823,0.16382372379302979,0.9230132699012756,0.3325829803943634,-0.1934814453125,-0.23045387864112855,0.880532443523407,0.41419026255607607,0.30811938643455508,-0.3377145528793335,0.8893882036209106],"EasingStyle":"Linear","EasingDirection":"Out"},"Torso":{"Weight":1,"CFrame":[0.14768120646476746,0.003623591735959053,-0.14246177673339845,0.9902551174163818,-0.1378006786108017,-0.020142611116170884,0.13791760802268983,0.9904333353042603,0.004529477562755346,0.019325749948620797,-0.007263359613716602,0.9997868537902832],"EasingStyle":"Linear","EasingDirection":"Out"},"HumanoidRootPart":{"Weight":0,"CFrame":[0,0,0,1,0,0,0,1,0,0,0,1],"EasingStyle":"Linear","EasingDirection":"In"},"Head":{"Weight":1,"CFrame":[7.147900760173798e-8,2.7939677238464357e-9,2.384185791015625e-7,0.9966892600059509,-0.045392218977212909,-0.06745456904172898,0.03981757536530495,0.995852530002594,-0.081806480884552,0.07088816910982132,0.07884974777698517,0.9943628907203674],"EasingStyle":"Linear","EasingDirection":"Out"}}},{"Time":0.24124999344348908,"poses":{"Left Leg":{"Weight":1,"CFrame":[-0.5241881012916565,0.10396867990493775,0.20125830173492433,0.966443657875061,-0.15666133165359498,0.20357757806777955,0.11586197465658188,0.9731565713882446,0.19885241985321046,-0.22926534712314607,-0.16859276592731477,0.958652138710022],"EasingStyle":"Linear","EasingDirection":"Out"},"Right Arm":{"Weight":1,"CFrame":[0.059657007455825809,-0.3971559405326843,0.2658921480178833,-0.07492440193891525,-0.9969297051429749,0.022749675437808038,0.37197431921958926,-0.006774164270609617,0.9282183051109314,-0.9252142906188965,0.07800838351249695,0.3713398277759552],"EasingStyle":"Linear","EasingDirection":"Out"},"Left Arm":{"Weight":1,"CFrame":[-0.33257997035980227,0.12295114994049072,0.6908897161483765,0.7918211817741394,0.5596035122871399,0.2446693480014801,-0.06094894930720329,-0.32620254158973696,0.9433330297470093,0.6077042818069458,-0.7618633508682251,-0.2241867035627365],"EasingStyle":"Linear","EasingDirection":"Out"},"Right Leg":{"Weight":1,"CFrame":[0.27872440218925478,0.1293727159500122,0.15059363842010499,0.9598866105079651,0.2149101197719574,-0.18008701503276826,-0.13567818701267243,0.9180871844291687,0.37243422865867617,0.24537551403045655,-0.3330608308315277,0.9104182720184326],"EasingStyle":"Linear","EasingDirection":"Out"},"Torso":{"Weight":1,"CFrame":[0.13012489676475526,0.0042211562395095829,-0.06658673286437988,0.9954700469970703,-0.09407596290111542,-0.013751305639743805,0.09415578842163086,0.9955434799194336,0.0052764383144676689,0.013193637132644654,-0.006547301542013884,0.9998915195465088],"EasingStyle":"Linear","EasingDirection":"Out"},"HumanoidRootPart":{"Weight":0,"CFrame":[0,0,0,1,0,0,0,1,0,0,0,1],"EasingStyle":"Linear","EasingDirection":"In"},"Head":{"Weight":1,"CFrame":[9.906943887472153e-8,0,-2.384185791015625e-7,0.9925158023834229,-0.08948728442192078,-0.0830925926566124,0.0820375382900238,0.992637038230896,-0.08911556750535965,0.09045547246932984,0.08163189888000488,0.9925492405891419],"EasingStyle":"Linear","EasingDirection":"Out"}}},{"Time":0.2758333384990692,"poses":{"Left Leg":{"Weight":1,"CFrame":[-0.39898574352264407,0.031192421913146974,0.208288311958313,0.9601801633834839,-0.12407216429710388,0.25032001733779909,0.06781522929668427,0.9726877212524414,0.22199025750160218,-0.271026074886322,-0.19617509841918946,0.9423694610595703],"EasingStyle":"Linear","EasingDirection":"Out"},"Right Arm":{"Weight":1,"CFrame":[0.1257227510213852,-0.31828564405441286,0.3046247959136963,-0.21934697031974793,-0.8699346780776978,-0.44170188903808596,0.2941147983074188,-0.490625262260437,0.8202336430549622,-0.9302598237991333,0.050004638731479648,0.3634779155254364],"EasingStyle":"Linear","EasingDirection":"Out"},"Left Arm":{"Weight":1,"CFrame":[-0.3330211043357849,0.12328791618347168,0.6944166421890259,0.7932407855987549,0.5584017038345337,0.24280957877635957,-0.03808078169822693,-0.3524879217147827,0.9350413084030151,0.6077160835266113,-0.7509592771530151,-0.258343368768692],"EasingStyle":"Linear","EasingDirection":"Out"},"Right Leg":{"Weight":1,"CFrame":[0.12275536358356476,0.09150010347366333,0.13490641117095948,0.9815287590026856,0.08558061718940735,-0.1711060255765915,-0.024109970778226854,0.942571222782135,0.33313387632369997,0.18978948891162873,-0.3228551745414734,0.9272240996360779],"EasingStyle":"Linear","EasingDirection":"Out"},"Torso":{"Weight":1,"CFrame":[0.10099271684885025,0.004606962203979492,0.023927688598632814,0.9988369345664978,-0.04770875349640846,-0.00697374576702714,0.04774923622608185,0.9988427758216858,0.005758699961006641,0.006690934766083956,-0.006084993481636047,0.9999591112136841],"EasingStyle":"Linear","EasingDirection":"Out"},"HumanoidRootPart":{"Weight":0,"CFrame":[0,0,0,1,0,0,0,1,0,0,0,1],"EasingStyle":"Linear","EasingDirection":"In"},"Head":{"Weight":1,"CFrame":[9.068753570318222e-8,4.656612873077393e-10,-1.7881393432617188e-7,0.9866776466369629,-0.13090293109416963,-0.09660033136606217,0.12162569910287857,0.9878844022750855,-0.09639304131269455,0.10804808139801026,0.08335978537797928,0.990644633769989],"EasingStyle":"Linear","EasingDirection":"Out"}}},{"Time":0.31041666865348818,"poses":{"Left Leg":{"Weight":1,"CFrame":[-0.24710749089717866,-0.030284523963928224,0.19829046726226808,0.9513310790061951,-0.07938359677791596,0.2977706789970398,0.0023898612707853319,0.9681240320205689,0.25045982003211977,-0.3081613779067993,-0.237558513879776,0.9211962223052979],"EasingStyle":"Linear","EasingDirection":"Out"},"Right Arm":{"Weight":1,"CFrame":[0.21128375828266145,-0.16242453455924989,0.34678924083709719,-0.25268474221229555,-0.4399862289428711,-0.8617206811904907,0.3333815634250641,-0.8756762742996216,0.34935349225997927,-0.9082990288734436,-0.1990056037902832,0.3679533004760742],"EasingStyle":"Linear","EasingDirection":"Out"},"Left Arm":{"Weight":1,"CFrame":[-0.33358749747276308,0.12337726354598999,0.6973570585250855,0.795126736164093,0.5568602085113525,0.24016693234443665,-0.006857896689325571,-0.38774374127388,0.9217417240142822,0.6064045429229736,-0.7345485091209412,-0.3044864535331726],"EasingStyle":"Linear","EasingDirection":"Out"},"Right Leg":{"Weight":1,"CFrame":[0.1751735657453537,0.094687819480896,0.1424870491027832,0.9838809370994568,0.07920684665441513,-0.1603265404701233,-0.026841232553124429,0.9518104791641235,0.30550992488861086,0.17679902911186219,-0.2962820827960968,0.9385942220687866],"EasingStyle":"Linear","EasingDirection":"Out"},"Torso":{"Weight":1,"CFrame":[0.06277359277009964,0.004740236327052116,0.09973764419555664,1,3.01041112038547e-8,-8.356914804608096e-8,-2.9608413498749543e-8,0.9999824166297913,0.005925294943153858,8.37460589764305e-8,-0.005925294943153858,0.9999824166297913],"EasingStyle":"Linear","EasingDirection":"Out"},"HumanoidRootPart":{"Weight":0,"CFrame":[0,0,0,1,0,0,0,1,0,0,0,1],"EasingStyle":"Linear","EasingDirection":"In"},"Head":{"Weight":1,"CFrame":[7.479869879034595e-8,2.7098545629655747e-11,-2.384185791015625e-7,0.980044960975647,-0.1671532839536667,-0.10757181793451309,0.15619142353534699,0.9823021292686462,-0.10337673872709274,0.12294779717922211,0.08451204001903534,0.9888081550598145],"EasingStyle":"Linear","EasingDirection":"Out"}}},{"Time":0.3449999988079071,"poses":{"Left Leg":{"Weight":1,"CFrame":[-0.12657898664474488,-0.05455482006072998,0.179510235786438,0.9371228814125061,-0.05614601820707321,0.3444535732269287,-0.04800241068005562,0.9568578600883484,0.2865637242794037,-0.3456825613975525,-0.28508004546165469,0.8939983248710632],"EasingStyle":"Linear","EasingDirection":"Out"},"Right Arm":{"Weight":1,"CFrame":[0.253719687461853,-0.050695180892944339,0.3896845579147339,-0.22028277814388276,-0.12237728387117386,-0.9677289128303528,0.39696991443634035,-0.9174728393554688,0.025660336017608644,-0.891005277633667,-0.37850674986839297,0.25068360567092898],"EasingStyle":"Linear","EasingDirection":"Out"},"Left Arm":{"Weight":1,"CFrame":[-0.33429479598999026,0.12338453531265259,0.6997644901275635,0.7971020340919495,0.5553196668624878,0.23716755211353303,0.02697971649467945,-0.4251229166984558,0.9047334790229797,0.6032416224479675,-0.7147660851478577,-0.3538486361503601],"EasingStyle":"Linear","EasingDirection":"Out"},"Right Leg":{"Weight":1,"CFrame":[0.3321581482887268,0.1343698501586914,0.15252602100372315,0.9802343249320984,0.13475577533245088,-0.14485014975070954,-0.08898831903934479,0.9542301893234253,0.28552713990211489,0.17669691145420075,-0.2669936418533325,0.9473609328269959],"EasingStyle":"Linear","EasingDirection":"Out"},"Torso":{"Weight":1,"CFrame":[0.01795174926519394,0.004606964066624641,0.13150262832641602,0.9988369345664978,0.04770885035395622,0.006973583251237869,-0.04774933308362961,0.9988427758216858,0.005758707877248526,-0.006690771784633398,-0.006084993947297335,0.9999591112136841],"EasingStyle":"Linear","EasingDirection":"Out"},"HumanoidRootPart":{"Weight":0,"CFrame":[0,0,0,1,0,0,0,1,0,0,0,1],"EasingStyle":"Linear","EasingDirection":"In"},"Head":{"Weight":1,"CFrame":[8.952338248491287e-8,1.1641532182693482e-10,1.1920928955078126e-7,0.9737830758094788,-0.1958804875612259,-0.11566045135259628,0.1834671050310135,0.9768794178962708,-0.1097562164068222,0.1344854235649109,0.08565886318683624,0.9872062802314758],"EasingStyle":"Linear","EasingDirection":"Out"}}},{"Time":0.3791666626930237,"poses":{"Left Leg":{"Weight":1,"CFrame":[-0.0636846125125885,-0.04420042037963867,0.16524946689605714,0.918982207775116,-0.06862153857946396,0.38828179240226748,-0.06843426823616028,0.9420365691184998,0.32845690846443179,-0.3883148729801178,-0.3284177780151367,0.8610187768936157],"EasingStyle":"Linear","EasingDirection":"Out"},"Right Arm":{"Weight":1,"CFrame":[0.25121909379959109,-0.011264115571975708,0.4308661222457886,-0.10931769758462906,-0.07081316411495209,-0.9914813041687012,0.4720728099346161,-0.881492018699646,0.010908326134085656,-0.874755322933197,-0.46685898303985598,0.129791721701622],"EasingStyle":"Linear","EasingDirection":"Out"},"Left Arm":{"Weight":1,"CFrame":[-0.3351588249206543,0.12347328662872315,0.7016924619674683,0.7988356947898865,0.5540376901626587,0.2343156784772873,0.057752035558223727,-0.45835641026496889,0.8868901133537293,0.5987706184387207,-0.6949472427368164,-0.3981482684612274],"EasingStyle":"Linear","EasingDirection":"Out"},"Right Leg":{"Weight":1,"CFrame":[0.4240410029888153,0.1661573052406311,0.14858365058898927,0.9809272885322571,0.15222123265266419,-0.12087319791316986,-0.11592269688844681,0.9573034048080444,0.26482468843460085,0.15602433681488038,-0.24576182663440705,0.9566909670829773],"EasingStyle":"Linear","EasingDirection":"Out"},"Torso":{"Weight":1,"CFrame":[-0.030988618731498719,0.004221158102154732,0.12601637840270997,0.9954700469970703,0.094076007604599,0.01375113520771265,-0.09415583312511444,0.9955434799194336,0.005276454612612724,-0.01319346483796835,-0.006547302007675171,0.9998915195465088],"EasingStyle":"Linear","EasingDirection":"Out"},"HumanoidRootPart":{"Weight":0,"CFrame":[0,0,0,1,0,0,0,1,0,0,0,1],"EasingStyle":"Linear","EasingDirection":"In"},"Head":{"Weight":1,"CFrame":[8.67876224219799e-8,2.3283064365386965e-10,-2.384185791015625e-7,0.9691808819770813,-0.21483324468135835,-0.12056149542331696,0.2012876570224762,0.9727320671081543,-0.11521969735622406,0.14202703535556794,0.08740118145942688,0.9859966039657593],"EasingStyle":"Linear","EasingDirection":"Out"}}},{"Time":0.4137499928474426,"poses":{"Left Leg":{"Weight":1,"CFrame":[-0.011294599622488022,-0.012429535388946534,0.14476066827774049,0.8917173743247986,-0.10691426694393158,0.4397834539413452,-0.08254373073577881,0.9169831871986389,0.390292763710022,-0.44500190019607546,-0.38433223962783816,0.8088647127151489],"EasingStyle":"Linear","EasingDirection":"In"},"Right Arm":{"Weight":1,"CFrame":[0.23878175020217896,0.00939275324344635,0.4808977246284485,0.14064949750900269,-0.11597731709480286,-0.9832430481910706,0.6441472768783569,-0.743459939956665,0.17983698844909669,-0.7518590092658997,-0.6586472988128662,-0.029860734939575197],"EasingStyle":"Linear","EasingDirection":"In"},"Left Arm":{"Weight":1,"CFrame":[-0.33700287342071535,0.12467965483665467,0.7034115195274353,0.800584077835083,0.5520874261856079,0.23294784128665925,0.07063701748847962,-0.47299206256866457,0.87823086977005,0.5950425267219544,-0.6866429448127747,-0.4176677465438843],"EasingStyle":"Linear","EasingDirection":"In"},"Right Leg":{"Weight":1,"CFrame":[0.3253547251224518,0.11119559407234192,0.13890349864959718,0.9972579479217529,0.04239500313997269,-0.06065705418586731,-0.027960948646068574,0.9747428894042969,0.22157278656959535,0.06851860880851746,-0.21926918625831605,0.973255455493927],"EasingStyle":"Linear","EasingDirection":"In"},"Torso":{"Weight":1,"CFrame":[-0.10428742319345474,0.003143829293549061,0.09219419956207276,0.9878824949264526,0.15357163548469544,0.022447695955634118,-0.15370196104049684,0.9881083965301514,0.004189658910036087,-0.02153734304010868,-0.007589145563542843,0.9997392296791077],"EasingStyle":"Linear","EasingDirection":"In"},"HumanoidRootPart":{"Weight":0,"CFrame":[0,0,0,1,0,0,0,1,0,0,0,1],"EasingStyle":"Linear","EasingDirection":"In"},"Head":{"Weight":1,"CFrame":[8.897040970623493e-8,2.9103830456733705e-9,0,0.9699496626853943,-0.21366403996944428,-0.11638446897268295,0.19979022443294526,0.9724388122558594,-0.12019430100917816,0.13885797560214997,0.09332995116710663,0.9859046339988709],"EasingStyle":"Linear","EasingDirection":"In"}}},{"Time":0.44833332300186159,"poses":{"Left Leg":{"Weight":1,"CFrame":[0.04109541326761246,0.019341349601745607,0.12427186965942383,0.8609359860420227,-0.14845533668994904,0.48656976222991946,-0.10076350718736649,0.8877559900283814,0.449150413274765,-0.4986340403556824,-0.43571820855140688,0.7493422031402588],"EasingStyle":"Linear","EasingDirection":"Out"},"Right Arm":{"Weight":1,"CFrame":[0.22634442150592805,0.030049622058868409,0.5309293270111084,0.38556531071662905,-0.10019954293966294,-0.9172237515449524,0.7368437051773071,-0.5648778080940247,0.3714490234851837,-0.555338442325592,-0.819068431854248,-0.14396589994430543],"EasingStyle":"Linear","EasingDirection":"Out"},"Left Arm":{"Weight":1,"CFrame":[-0.338846892118454,0.12588602304458619,0.7051305770874023,0.802318811416626,0.5501646399497986,0.23152421414852143,0.0834396556019783,-0.487447053194046,0.8691566586494446,0.591035008430481,-0.6780223250389099,-0.43699344992637637],"EasingStyle":"Linear","EasingDirection":"Out"},"Right Leg":{"Weight":1,"CFrame":[0.22666846215724946,0.056233882904052737,0.12922334671020509,0.9978205561637878,-0.06583486497402191,0.0044619180262088779,0.06389759480953217,0.9809077978134155,0.18367642164230348,-0.016468951478600503,-0.18299099802970887,0.9829766154289246],"EasingStyle":"Linear","EasingDirection":"Out"},"Torso":{"Weight":1,"CFrame":[-0.17758622765541078,0.00206650048494339,0.05837202072143555,0.9766665697097778,0.21250320971012116,0.03106181137263775,-0.2126835286617279,0.9771177172660828,0.0025831442326307298,-0.029802119359374048,-0.009129206649959088,0.999514102935791],"EasingStyle":"Linear","EasingDirection":"Out"},"HumanoidRootPart":{"Weight":0,"CFrame":[0,0,0,1,0,0,0,1,0,0,0,1],"EasingStyle":"Linear","EasingDirection":"In"},"Head":{"Weight":1,"CFrame":[9.115319699048996e-8,5.587935447692871e-9,2.384185791015625e-7,0.9707034826278687,-0.21246932446956635,-0.11221190541982651,0.19830840826034547,0.972114086151123,-0.12517161667346955,0.13567788898944856,0.09925197809934616,0.9857690334320068],"EasingStyle":"Linear","EasingDirection":"Out"}}},{"Time":0.4829166531562805,"poses":{"Left Leg":{"Weight":1,"CFrame":[0.047724202275276187,0.04723626375198364,0.11591589450836182,0.8429479002952576,-0.18233145773410798,0.5061561465263367,-0.10169916599988938,0.869853138923645,0.4827140271663666,-0.5282954573631287,-0.45837846398353579,0.7146979570388794],"EasingStyle":"Linear","EasingDirection":"Out"},"Right Arm":{"Weight":1,"CFrame":[0.2175263613462448,0.03537017107009888,0.5525692701339722,0.5290740728378296,-0.09331182390451431,-0.8434296250343323,0.7435072660446167,-0.4280812442302704,0.5137541890144348,-0.4089958071708679,-0.8989101052284241,-0.1571086347103119],"EasingStyle":"Linear","EasingDirection":"Out"},"Left Arm":{"Weight":1,"CFrame":[-0.3404938876628876,0.12795567512512208,0.7056722640991211,0.8061259388923645,0.5440804958343506,0.2326742261648178,0.07000937312841416,-0.4781302809715271,0.8754942417144775,0.5875880122184753,-0.6894692778587341,-0.4235239326953888],"EasingStyle":"Linear","EasingDirection":"Out"},"Right Leg":{"Weight":1,"CFrame":[0.06434104591608048,0.006763279438018799,0.13883793354034425,0.9823324680328369,-0.18300658464431764,0.039135564118623736,0.1745678186416626,0.9714246988296509,0.16081053018569947,-0.06744658946990967,-0.15113772451877595,0.9862090945243836],"EasingStyle":"Linear","EasingDirection":"Out"},"Torso":{"Weight":1,"CFrame":[-0.21801717579364777,0.0012808425817638636,0.024689674377441407,0.9698101878166199,0.2412969321012497,0.03527062013745308,-0.24150168895721436,0.9703990817070007,0.0016010744730010629,-0.03384024649858475,-0.010070652700960637,0.9993765354156494],"EasingStyle":"Linear","EasingDirection":"Out"},"HumanoidRootPart":{"Weight":0,"CFrame":[0,0,0,1,0,0,0,1,0,0,0,1],"EasingStyle":"Linear","EasingDirection":"In"},"Head":{"Weight":1,"CFrame":[6.548361852765083e-8,2.3283064365386964e-9,1.1920928955078126e-7,0.9742479920387268,-0.20134764909744264,-0.1014886274933815,0.18804465234279633,0.9739105105400086,-0.12703357636928559,0.12441873550415039,0.10467780381441117,0.9866927266120911],"EasingStyle":"Linear","EasingDirection":"Out"}}},{"Time":0.5170833468437195,"poses":{"Left Leg":{"Weight":1,"CFrame":[0.040447644889354709,0.07710844278335571,0.1116495132446289,0.826923668384552,-0.2159523367881775,0.5191933512687683,-0.09762860834598541,0.8541560769081116,0.5107699632644653,-0.5537741780281067,-0.47305595874786379,0.6852388381958008],"EasingStyle":"Linear","EasingDirection":"Out"},"Right Arm":{"Weight":1,"CFrame":[0.21107734739780427,0.045069217681884769,0.5664083957672119,0.6221351623535156,-0.07820533215999603,-0.778994083404541,0.7228036522865295,-0.32495835423469546,0.6098827123641968,-0.30083680152893069,-0.9424892663955689,-0.14564086496829987],"EasingStyle":"Linear","EasingDirection":"Out"},"Left Arm":{"Weight":1,"CFrame":[-0.3423757553100586,0.13093143701553346,0.7060011625289917,0.8095442652702332,0.5376940369606018,0.23563338816165925,0.0512816421687603,-0.46461546421051028,0.8840264678001404,0.5848147869110107,-0.7035748958587647,-0.40370050072669985],"EasingStyle":"Linear","EasingDirection":"Out"},"Right Leg":{"Weight":1,"CFrame":[0.12450466305017472,0.007974386215209961,0.13490426540374757,0.9842365384101868,-0.16411252319812776,0.06592051684856415,0.15346844494342805,0.977775514125824,0.1428370475769043,-0.08789672702550888,-0.13046883046627046,0.9875485301017761],"EasingStyle":"Linear","EasingDirection":"Out"},"Torso":{"Weight":1,"CFrame":[-0.2500269412994385,0.0006166390376165509,-0.011592388153076172,0.9640137553215027,0.26305699348449709,0.03845133259892464,-0.2632802128791809,0.9647191166877747,0.0007708217017352581,-0.03689196705818176,-0.01086656004190445,0.9992601871490479],"EasingStyle":"Linear","EasingDirection":"Out"},"HumanoidRootPart":{"Weight":0,"CFrame":[0,0,0,1,0,0,0,1,0,0,0,1],"EasingStyle":"Linear","EasingDirection":"In"},"Head":{"Weight":1,"CFrame":[1.3632234185934068e-7,-1.862645149230957e-9,-6.556510925292969e-7,0.9785107374191284,-0.186656191945076,-0.08761380612850189,0.17471234500408173,0.9762017130851746,-0.12847484648227693,0.10950936377048493,0.11040680855512619,0.9878350496292114],"EasingStyle":"Linear","EasingDirection":"Out"}}},{"Time":0.5516666769981384,"poses":{"Left Leg":{"Weight":1,"CFrame":[0.019479095935821534,0.10837441682815552,0.11167490482330322,0.8137319087982178,-0.24704140424728394,0.5261281728744507,-0.08839838206768036,0.8420524001121521,0.5321028828620911,-0.5744789838790894,-0.4794979989528656,0.6633669137954712],"EasingStyle":"Linear","EasingDirection":"Out"},"Right Arm":{"Weight":1,"CFrame":[0.20857682824134828,0.06431078910827637,0.571280837059021,0.6551846861839294,-0.07043872773647309,-0.7521777153015137,0.7094395160675049,-0.2848568856716156,0.644633412361145,-0.259670227766037,-0.955978512763977,-0.13666178286075593],"EasingStyle":"Linear","EasingDirection":"Out"},"Left Arm":{"Weight":1,"CFrame":[-0.3445083200931549,0.13498002290725709,0.706169843673706,0.8102892637252808,0.5341410040855408,0.24109052121639253,0.030011266469955446,-0.4486781358718872,0.8931894302368164,0.5852611660957336,-0.71650630235672,-0.3795892298221588],"EasingStyle":"Linear","EasingDirection":"Out"},"Right Leg":{"Weight":1,"CFrame":[0.3404528498649597,0.060021162033081058,0.10907578468322754,0.9954511523246765,-0.04604337736964226,0.08340892940759659,0.0347825363278389,0.9906719326972961,0.13175444304943086,-0.08869723230600357,-0.1282539814710617,0.9877670407295227],"EasingStyle":"Linear","EasingDirection":"Out"},"Torso":{"Weight":1,"CFrame":[-0.27108514308929446,0.00016420232714153826,-0.048694610595703128,0.9600653052330017,0.276834100484848,0.04046512767672539,-0.2770690321922302,0.9608500003814697,0.00020527714514173567,-0.03882409632205963,-0.011408712714910508,0.9991809129714966],"EasingStyle":"Linear","EasingDirection":"Out"},"HumanoidRootPart":{"Weight":0,"CFrame":[0,0,0,1,0,0,0,1,0,0,0,1],"EasingStyle":"Linear","EasingDirection":"In"},"Head":{"Weight":1,"CFrame":[6.59783836454153e-8,-3.026798367500305e-9,-2.980232238769531e-7,0.9830519556999207,-0.16896027326583863,-0.07114236056804657,0.15883705019950868,0.9787521958351135,-0.12967237830162049,0.09154024720191956,0.11617466807365418,0.989001452922821],"EasingStyle":"Linear","EasingDirection":"Out"}}},{"Time":0.5862500071525574,"poses":{"Left Leg":{"Weight":1,"CFrame":[-0.014789115637540818,0.14043796062469483,0.11570274829864502,0.8044172525405884,-0.27341002225875857,0.5274084806442261,-0.07380009442567826,0.834926962852478,0.5453901886940002,-0.5894628167152405,-0.4776441156864166,0.6514521241188049],"EasingStyle":"Linear","EasingDirection":"Out"},"Right Arm":{"Weight":1,"CFrame":[0.22138097882270814,0.0969284176826477,0.5482172966003418,0.6359314322471619,-0.09568169713020325,-0.7657911777496338,0.7177078723907471,-0.2914513051509857,0.6324173212051392,-0.28370168805122378,-0.9517883658409119,-0.11667145788669586],"EasingStyle":"Linear","EasingDirection":"Out"},"Left Arm":{"Weight":1,"CFrame":[-0.34690698981285097,0.14026623964309693,0.7062318325042725,0.8060924410820007,0.5366084575653076,0.24953192472457887,0.008661693893373013,-0.4323098361492157,0.9016836285591126,0.5917262434959412,-0.7246789336204529,-0.3531295657157898],"EasingStyle":"Linear","EasingDirection":"Out"},"Right Leg":{"Weight":1,"CFrame":[0.4470965266227722,0.09577018022537232,0.09238088130950928,0.9958340525627136,0.01333297323435545,0.09020394086837769,-0.025095365941524507,0.9911240339279175,0.13055004179477693,-0.08766261488199234,-0.13226990401744843,0.9873297214508057],"EasingStyle":"Linear","EasingDirection":"Out"},"Torso":{"Weight":1,"CFrame":[-0.27866488695144656,-8.049827471268145e-10,-0.0848388671875,0.9586323499679565,0.28165414929389956,0.041169703006744388,-0.28189313411712649,0.9594458341598511,2.3637651835883845e-8,-0.03950009122490883,-0.011605478823184967,0.9991521835327148],"EasingStyle":"Linear","EasingDirection":"Out"},"HumanoidRootPart":{"Weight":0,"CFrame":[0,0,0,1,0,0,0,1,0,0,0,1],"EasingStyle":"Linear","EasingDirection":"In"},"Head":{"Weight":1,"CFrame":[7.501637355744606e-8,1.9875314727357819e-9,2.384185791015625e-7,0.9874577522277832,-0.14884984493255616,-0.052639368921518329,0.14095538854599,0.9813387393951416,-0.13078919053077699,0.07112500816583634,0.12172899395227432,0.9900117516517639],"EasingStyle":"Linear","EasingDirection":"Out"}}},{"Time":0.6208333373069763,"poses":{"Left Leg":{"Weight":1,"CFrame":[-0.059389010071754459,0.1694437861442566,0.1219482421875,0.8026973605155945,-0.29006272554397585,0.5210955142974854,-0.05482430383563042,0.8341659903526306,0.5487818121910095,-0.5938612818717957,-0.4690743684768677,0.6536803245544434],"EasingStyle":"Linear","EasingDirection":"Out"},"Right Arm":{"Weight":1,"CFrame":[0.25678086280822756,0.14144271612167359,0.48445355892181399,0.5759987235069275,-0.16724389791488648,-0.8001592755317688,0.7387627363204956,-0.3125258684158325,0.5971241593360901,-0.3499358892440796,-0.9350706338882446,-0.05646095052361488],"EasingStyle":"Linear","EasingDirection":"Out"},"Left Arm":{"Weight":1,"CFrame":[-0.34958773851394656,0.14695483446121217,0.7062408924102783,0.7944071888923645,0.548309326171875,0.2612929344177246,-0.010521329939365387,-0.41770613193511965,0.9085213541984558,0.6072943806648254,-0.7244849801063538,-0.3260597288608551],"EasingStyle":"Linear","EasingDirection":"Out"},"Right Leg":{"Weight":1,"CFrame":[0.5235151052474976,0.1259145736694336,0.08178627490997315,0.9945167899131775,0.06425023078918457,0.08251229673624039,-0.07547950744628906,0.9871122241020203,0.14111091196537019,-0.07238244265317917,-0.14656513929367066,0.9865492582321167],"EasingStyle":"Linear","EasingDirection":"Out"},"Torso":{"Weight":1,"CFrame":[-0.2724093794822693,0.00045744283124804497,-0.11605548858642578,0.9609093070030212,0.2739652693271637,0.03995432332158089,-0.27423107624053957,0.9616630673408508,0.0012242684606462718,-0.03808719292283058,-0.012133129872381688,0.9992007613182068],"EasingStyle":"Linear","EasingDirection":"Out"},"HumanoidRootPart":{"Weight":0,"CFrame":[0,0,0,1,0,0,0,1,0,0,0,1],"EasingStyle":"Linear","EasingDirection":"In"},"Head":{"Weight":1,"CFrame":[1.2436066754162312e-7,9.313225746154786e-10,3.5762786865234377e-7,0.991371214389801,-0.12694436311721803,-0.03268395736813545,0.12161997705698013,0.983765721321106,-0.1319606751203537,0.048905033618211749,0.12684699892997743,0.9907159805297852],"EasingStyle":"Linear","EasingDirection":"Out"}}},{"Time":0.6549999713897705,"poses":{"Left Leg":{"Weight":1,"CFrame":[-0.09981042891740799,0.18353241682052613,0.1284416913986206,0.8126699924468994,-0.2886364758014679,0.5062178373336792,-0.0369238443672657,0.841457188129425,0.5390607118606567,-0.5815532207489014,-0.45677000284194949,0.6731694340705872],"EasingStyle":"Linear","EasingDirection":"Out"},"Right Arm":{"Weight":1,"CFrame":[0.3102574050426483,0.19504445791244508,0.38812994956970217,0.4657016396522522,-0.2777508795261383,-0.8402239680290222,0.7641850113868713,-0.3525724411010742,0.5401055216789246,-0.4462547302246094,-0.8