{"Sequence":[{"Time":0,"poses":{"Left Leg":{"Weight":1,"CFrame":[0.004141256213188171,-0.18903076648712159,0.3011586666107178,0.6992221474647522,0.10384336113929749,0.7073224186897278,0.38665640354156496,0.7772665023803711,-0.49634042382240298,-0.6013196110725403,0.6205428838729858,0.5033301115036011],"EasingStyle":"Linear","EasingDirection":"In"},"Right Arm":{"Weight":1,"CFrame":[0.6345990896224976,0.31505638360977175,0.337721586227417,-0.3011986315250397,-0.21197837591171266,-0.9297012686729431,0.27576521039009097,-0.9526809453964233,0.12787729501724244,-0.9128159284591675,-0.21786285936832429,0.3454025089740753],"EasingStyle":"Linear","EasingDirection":"In"},"Left Arm":{"Weight":1,"CFrame":[-0.43244436383247378,0.4349958896636963,0.5627589225769043,0.08521715551614762,0.39372119307518008,0.9152713418006897,0.24855443835258485,-0.8979710936546326,0.3631373345851898,0.964862048625946,0.1965492218732834,-0.1743837147951126],"EasingStyle":"Linear","EasingDirection":"In"},"Head":{"Weight":1,"CFrame":[1.0058283805847168e-7,1.6298145055770875e-8,3.5762786865234377e-7,0.9572280645370483,-0.2788683772087097,-0.07711607962846756,0.2781587243080139,0.9603266716003418,-0.02001342922449112,0.07963773608207703,-0.0022931050043553116,0.9968212246894836],"EasingStyle":"Linear","EasingDirection":"In"},"Torso":{"Weight":1,"CFrame":[-0.01282542198896408,0.04843677580356598,-0.027568817138671876,0.9554697871208191,0.2950155735015869,-0.0065811676904559139,-0.29409995675086977,0.953855037689209,0.06054599955677986,0.024139495566487314,-0.05591434985399246,0.99814373254776],"EasingStyle":"Linear","EasingDirection":"In"},"HumanoidRootPart":{"Weight":1,"CFrame":[0,0,0,1,0,0,0,1,0,0,0,1],"EasingStyle":"Linear","EasingDirection":"In"},"Right Leg":{"Weight":1,"CFrame":[0.08651776611804962,0.024075031280517579,0.010289788246154786,0.9919369220733643,0.08119460195302963,-0.0973065048456192,-0.07767238467931748,0.9961977601051331,0.03946084529161453,0.10014060139656067,-0.031584661453962329,0.9944719076156616],"EasingStyle":"Linear","EasingDirection":"In"}}},{"Time":0.03333333507180214,"poses":{"Left Leg":{"Weight":1,"CFrame":[0.08813372254371643,-0.3135770559310913,0.08918869495391846,0.6940555572509766,0.257168173789978,0.6724222302436829,0.3158367872238159,0.7305698990821838,-0.6054047346115112,-0.646942138671875,0.6325600743293762,0.4258327782154083],"EasingStyle":"Linear","EasingDirection":"In"},"Right Arm":{"Weight":1,"CFrame":[0.6340795159339905,0.26064854860305788,0.34033238887786868,-0.2763327360153198,-0.2245418131351471,-0.9344630837440491,0.5232151746749878,-0.8507497906684876,0.04970495402812958,-0.8061552047729492,-0.47519031167030337,0.3525737524032593],"EasingStyle":"Linear","EasingDirection":"In"},"Left Arm":{"Weight":1,"CFrame":[-0.5982613563537598,0.36054372787475588,0.44117307662963869,-0.04716954752802849,0.420872300863266,0.9058927297592163,0.39714694023132326,-0.8242383599281311,0.4036156237125397,0.916542112827301,0.3788108825683594,-0.1282692551612854],"EasingStyle":"Linear","EasingDirection":"In"},"Head":{"Weight":1,"CFrame":[1.0803341865539551e-7,-1.862645149230957e-9,-1.7881393432617188e-7,0.9570032358169556,-0.27967265248298647,-0.0769934356212616,0.27890413999557497,0.960094153881073,-0.020779795944690706,0.07973247766494751,-0.0015874586533755065,0.9968150854110718],"EasingStyle":"Linear","EasingDirection":"In"},"Torso":{"Weight":1,"CFrame":[-0.021767878904938699,0.04965205490589142,-0.05811452865600586,0.9546512365341187,0.29728177189826968,-0.01626725308597088,-0.295783668756485,0.9532365798950195,0.062065090984106067,0.033957358449697497,-0.05443892627954483,0.9979395270347595],"EasingStyle":"Linear","EasingDirection":"In"},"HumanoidRootPart":{"Weight":1,"CFrame":[0,0,0,1,0,0,0,1,0,0,0,1],"EasingStyle":"Linear","EasingDirection":"In"},"Right Leg":{"Weight":1,"CFrame":[0.22495466470718385,0.04269438982009888,0.021710753440856935,0.9800186157226563,0.17561788856983186,-0.09339187294244766,-0.17086365818977357,0.9836598038673401,0.05673690140247345,0.10182992368936539,-0.0396459586918354,0.9940115213394165],"EasingStyle":"Linear","EasingDirection":"In"}}},{"Time":0.06666667014360428,"poses":{"Left Leg":{"Weight":1,"CFrame":[0.14209938049316407,-0.34550201892852785,-0.035230934619903567,0.6805689334869385,0.33109602332115176,0.6536064743995667,0.2709769308567047,0.7150758504867554,-0.6443896293640137,-0.6807331442832947,0.6156638860702515,0.39693909883499148],"EasingStyle":"Linear","EasingDirection":"In"},"Right Arm":{"Weight":1,"CFrame":[0.6304434537887573,0.18552029132843018,0.34129416942596438,-0.24001546204090119,-0.22294847667217256,-0.9448208808898926,0.8228281736373901,-0.5631672739982605,-0.07613526284694672,-0.515117883682251,-0.7956989407539368,0.31861719489097597],"EasingStyle":"Linear","EasingDirection":"In"},"Left Arm":{"Weight":1,"CFrame":[-0.9062073230743408,0.21597939729690553,0.17834186553955079,-0.31008654832839968,0.4103511869907379,0.8575886487960815,0.5523478388786316,-0.6564328670501709,0.5138168931007385,0.7737947702407837,0.633014976978302,-0.023105615749955179],"EasingStyle":"Linear","EasingDirection":"In"},"Head":{"Weight":1,"CFrame":[1.043081283569336e-7,-1.6763806343078614e-8,0,0.9568129777908325,-0.28040918707847597,-0.07667873054742813,0.2795005738735199,0.9598806500434876,-0.02255602926015854,0.07992733269929886,0.00015015855024103075,0.9968007206916809],"EasingStyle":"Linear","EasingDirection":"In"},"Torso":{"Weight":1,"CFrame":[-0.03172064945101738,0.05071172118186951,-0.11473655700683594,0.9536724090576172,0.2998618185520172,-0.02432852052152157,-0.29787540435791018,0.9524977803230286,0.06338968127965927,0.04218100383877754,-0.05320611968636513,0.9976922869682312],"EasingStyle":"Linear","EasingDirection":"In"},"HumanoidRootPart":{"Weight":1,"CFrame":[0,0,0,1,0,0,0,1,0,0,0,1],"EasingStyle":"Linear","EasingDirection":"In"},"Right Leg":{"Weight":1,"CFrame":[0.35290536284446719,0.061131834983825687,0.029852747917175294,0.9565608501434326,0.27802836894989016,-0.08770211786031723,-0.27169758081436159,0.9592509269714356,0.07757724076509476,0.10569706559181214,-0.05037893354892731,0.9931213855743408],"EasingStyle":"Linear","EasingDirection":"In"}}},{"Time":0.10000000149011612,"poses":{"Left Leg":{"Weight":1,"CFrame":[0.18075504899024964,-0.3440816402435303,-0.09678828716278076,0.6664366722106934,0.3590126931667328,0.6534309983253479,0.2408352643251419,0.7257803082466126,-0.6443922519683838,-0.7055924534797669,0.5868158340454102,0.3972237706184387],"EasingStyle":"Linear","EasingDirection":"In"},"Right Arm":{"Weight":1,"CFrame":[0.6205741167068481,0.07059681415557862,0.34143197536468508,-0.15892565250396729,-0.27711474895477297,-0.9476022720336914,0.9584535360336304,-0.2735835015773773,-0.08073940128087998,-0.2368743121623993,-0.9210643768310547,0.309081107378006],"EasingStyle":"Linear","EasingDirection":"In"},"Left Arm":{"Weight":1,"CFrame":[-1.0720243453979493,0.0712885856628418,-0.07284629344940186,-0.5717733502388,0.3576630651950836,0.7383441925048828,0.5891726613044739,-0.4472740888595581,0.6729201674461365,0.570921003818512,0.819770097732544,0.04501403868198395],"EasingStyle":"Linear","EasingDirection":"In"},"Head":{"Weight":1,"CFrame":[8.568167686462403e-8,-7.450580596923828e-9,2.384185791015625e-7,0.9564527869224548,-0.2817654609680176,-0.07619937509298325,0.2806911766529083,0.9594808220863342,-0.024681013077497484,0.08006609231233597,0.002217710018157959,0.9967871308326721],"EasingStyle":"Linear","EasingDirection":"In"},"Torso":{"Weight":1,"CFrame":[-0.0400683768093586,0.05118401348590851,-0.1452181339263916,0.9526746273040772,0.3027327358722687,-0.02764015458524227,-0.3005414605140686,0.9516203999519348,0.06398004293441773,0.04567177966237068,-0.05264514312148094,0.9975684285163879],"EasingStyle":"Linear","EasingDirection":"In"},"HumanoidRootPart":{"Weight":1,"CFrame":[0,0,0,1,0,0,0,1,0,0,0,1],"EasingStyle":"Linear","EasingDirection":"In"},"Right Leg":{"Weight":1,"CFrame":[0.385384202003479,0.06288808584213257,0.03035151958465576,0.9465101957321167,0.31184059381484988,-0.08290929347276688,-0.3050176799297333,0.9485089778900147,0.08541050553321839,0.10527478903532028,-0.0555531345307827,0.9928903579711914],"EasingStyle":"Linear","EasingDirection":"In"}}},{"Time":0.13333334028720857,"poses":{"Left Leg":{"Weight":1,"CFrame":[0.16370321810245515,-0.3196142911911011,-0.05550968647003174,0.6832895278930664,0.3212413787841797,0.6556823253631592,0.22908349335193635,0.7583479881286621,-0.6102697849273682,-0.6932793855667114,0.5671970844268799,0.44458016753196719],"EasingStyle":"Linear","EasingDirection":"In"},"Right Arm":{"Weight":1,"CFrame":[0.560239851474762,-0.0784422755241394,0.3398796319961548,-0.01517309807240963,-0.38209715485572817,-0.9239975214004517,0.9898109436035156,-0.13658730685710908,0.04022860899567604,-0.14157766103744508,-0.9139724969863892,0.38027647137641909],"EasingStyle":"Linear","EasingDirection":"In"},"Left Arm":{"Weight":1,"CFrame":[-0.9970085024833679,-0.027625828981399537,-0.19620639085769654,-0.7644234895706177,0.3783051669597626,0.5220553874969482,0.44527044892311098,-0.2758135199546814,0.8518575429916382,0.4662521481513977,0.8836358189582825,0.04239007458090782],"EasingStyle":"Linear","EasingDirection":"In"},"Head":{"Weight":1,"CFrame":[1.0058283805847168e-7,-1.4901161193847657e-8,-5.960464477539063e-8,0.9557136297225952,-0.284427672624588,-0.0755813866853714,0.28321823477745058,0.9586895704269409,-0.026492085307836534,0.07999417185783386,0.0039128148928284649,0.9967876672744751],"EasingStyle":"Linear","EasingDirection":"In"},"Torso":{"Weight":1,"CFrame":[-0.04475830867886543,0.05077533423900604,-0.13371586799621583,0.9513468146324158,0.3071826696395874,-0.02404242381453514,-0.3051990568637848,0.950171172618866,0.06346918642520905,0.042341042309999469,-0.05304347723722458,0.9976942539215088],"EasingStyle":"Linear","EasingDirection":"In"},"HumanoidRootPart":{"Weight":1,"CFrame":[0,0,0,1,0,0,0,1,0,0,0,1],"EasingStyle":"Linear","EasingDirection":"In"},"Right Leg":{"Weight":1,"CFrame":[0.32295674085617068,0.04829061031341553,0.023966550827026368,0.9589492678642273,0.2731618881225586,-0.07615139335393906,-0.2675992548465729,0.9605459570884705,0.07577735185623169,0.09384649991989136,-0.05228858068585396,0.9942126274108887],"EasingStyle":"Linear","EasingDirection":"In"}}},{"Time":0.1666666716337204,"poses":{"Left Leg":{"Weight":1,"CFrame":[0.054659053683280948,-0.2452375888824463,0.09991729259490967,0.7454336881637573,0.19838117063045503,0.636375367641449,0.23908470571041108,0.8115939497947693,-0.5330607891082764,-0.6222275495529175,0.5495091080665588,0.5575595498085022],"EasingStyle":"Linear","EasingDirection":"In"},"Right Arm":{"Weight":1,"CFrame":[0.4264701008796692,-0.15689021348953248,0.32901430130004885,0.2288409322500229,-0.4833216369152069,-0.8450040817260742,0.971998393535614,0.06583525985479355,0.22557686269283296,-0.05339520424604416,-0.8729638457298279,0.4848536550998688],"EasingStyle":"Linear","EasingDirection":"In"},"Left Arm":{"Weight":1,"CFrame":[-0.7689718008041382,-0.13118132948875428,-0.22236430644989015,-0.8404309749603272,0.5104877948760986,0.1818736493587494,0.13407543301582337,-0.12930671870708466,0.9824987053871155,0.5250710844993591,0.8501070737838745,0.040229398757219318],"EasingStyle":"Linear","EasingDirection":"In"},"Head":{"Weight":1,"CFrame":[1.0058283805847168e-7,2.421438694000244e-8,0,0.9543746709823608,-0.2890779674053192,-0.07485275715589524,0.28781938552856448,0.9572948217391968,-0.027324963361024858,0.0795552134513855,0.004534183535724878,0.9968201518058777],"EasingStyle":"Linear","EasingDirection":"In"},"Torso":{"Weight":1,"CFrame":[-0.04551675170660019,0.0495527982711792,-0.10630559921264649,0.9474081993103027,0.31969237327575686,-0.014646686613559723,-0.31825289130210879,0.9459802508354187,0.06194101646542549,0.03365753963589668,-0.054022084921598437,0.9979723691940308],"EasingStyle":"Linear","EasingDirection":"In"},"HumanoidRootPart":{"Weight":1,"CFrame":[0,0,0,1,0,0,0,1,0,0,0,1],"EasingStyle":"Linear","EasingDirection":"In"},"Right Leg":{"Weight":1,"CFrame":[0.19100216031074525,0.028053998947143556,0.011311769485473633,0.9805210828781128,0.1874621957540512,-0.05862082540988922,-0.1841002255678177,0.9811753630638123,0.05832687392830849,0.06845151633024216,-0.04639866203069687,0.9965749979019165],"EasingStyle":"Linear","EasingDirection":"In"}}},{"Time":0.20000000298023225,"poses":{"Left Leg":{"Weight":1,"CFrame":[-0.09257835894823075,-0.10665905475616455,0.21455049514770509,0.817292332649231,0.04437526315450668,0.5745120048522949,0.2323845773935318,0.8869720101356506,-0.3990965485572815,-0.527286171913147,0.459686279296875,0.7146033048629761],"EasingStyle":"Linear","EasingDirection":"In"},"Right Arm":{"Weight":1,"CFrame":[0.2541649341583252,-0.14187487959861756,0.2575424909591675,0.6204099059104919,-0.4651797413825989,-0.6314263939857483,0.7750357985496521,0.48688340187072756,0.4028204083442688,0.12004707008600235,-0.7392918467521668,0.6625982522964478],"EasingStyle":"Linear","EasingDirection":"In"},"Left Arm":{"Weight":1,"CFrame":[-0.4080660343170166,-0.28782835602760317,-0.14400750398635865,-0.7068710327148438,0.6786069869995117,-0.1995648890733719,-0.22033049166202546,0.056858137249946597,0.9737668037414551,0.6721518039703369,0.7322975993156433,0.10932628065347672],"EasingStyle":"Linear","EasingDirection":"In"},"Head":{"Weight":1,"CFrame":[1.0058283805847168e-7,9.313225746154786e-10,1.1920928955078126e-7,0.9493268132209778,-0.3072596490383148,-0.06610791385173798,0.3061935305595398,0.9516156911849976,-0.02594752050936222,0.07088194787502289,0.0043908641673624519,0.9974751472473145],"EasingStyle":"Linear","EasingDirection":"In"},"Torso":{"Weight":1,"CFrame":[-0.04242265596985817,0.047464072704315189,-0.07364344596862793,0.9375402331352234,0.3478745222091675,-0.0012669512070715428,-0.3471915125846863,0.9359155893325806,0.05933010205626488,0.021825190633535386,-0.055184487253427508,0.9982376098632813],"EasingStyle":"Linear","EasingDirection":"In"},"HumanoidRootPart":{"Weight":1,"CFrame":[0,0,0,1,0,0,0,1,0,0,0,1],"EasingStyle":"Linear","EasingDirection":"In"},"Right Leg":{"Weight":1,"CFrame":[-0.007389567792415619,0.018134474754333497,-0.00036388635635375977,0.9983900785446167,0.051573965698480609,-0.02361106127500534,-0.05068789795041084,0.9980399012565613,0.03670474514365196,0.025457846000790597,-0.03544890880584717,0.9990472793579102],"EasingStyle":"Linear","EasingDirection":"In"}}},{"Time":0.23333333432674409,"poses":{"Left Leg":{"Weight":1,"CFrame":[-0.25102490186691286,0.04265141487121582,0.2239302396774292,0.8806644678115845,-0.11073142290115357,0.46061772108078005,0.2287520319223404,0.9508335590362549,-0.20877763628959657,-0.4148525595664978,0.28923022747039797,0.8626953959465027],"EasingStyle":"Linear","EasingDirection":"In"},"Right Arm":{"Weight":1,"CFrame":[0.1027274876832962,-0.11399000883102417,0.14432179927825929,0.910447359085083,-0.27464964985847475,-0.3092784583568573,0.3844682574272156,0.8376893997192383,0.38789257407188418,0.15254466235637666,-0.4720636308193207,0.868266224861145],"EasingStyle":"Linear","EasingDirection":"In"},"Left Arm":{"Weight":1,"CFrame":[-0.03298507630825043,-0.4418094754219055,0.01075124740600586,-0.3951040506362915,0.772093653678894,-0.49775928258895876,-0.45263251662254336,0.30788570642471316,0.8368573784828186,0.7993851900100708,0.5559477806091309,0.22782771289348603],"EasingStyle":"Linear","EasingDirection":"In"},"Head":{"Weight":1,"CFrame":[9.685754776000977e-8,5.587935447692871e-9,-1.7881393432617188e-7,0.934395968914032,-0.35307252407073977,-0.047370944172143939,0.3525621294975281,0.9355953931808472,-0.019006960093975068,0.05103086680173874,0.0010588295990601183,0.998696506023407],"EasingStyle":"Linear","EasingDirection":"In"},"Torso":{"Weight":1,"CFrame":[-0.03562527522444725,0.04422207176685333,-0.04634976387023926,0.9169356226921082,0.3987828195095062,0.014194945804774762,-0.3989327549934387,0.9153125286102295,0.055277593433856967,0.009050944820046425,-0.05634881928563118,0.9983701109886169],"EasingStyle":"Linear","EasingDirection":"In"},"HumanoidRootPart":{"Weight":1,"CFrame":[0,0,0,1,0,0,0,1,0,0,0,1],"EasingStyle":"Linear","EasingDirection":"In"},"Right Leg":{"Weight":1,"CFrame":[0.022211529314517976,0.0071648359298706059,-0.0005249977111816406,0.9987403154373169,0.03541639447212219,0.035545215010643008,-0.035955313593149188,0.9992462396621704,0.014637080952525139,-0.03499995172023773,-0.015896687284111978,0.9992609024047852],"EasingStyle":"Linear","EasingDirection":"In"}}},{"Time":0.2666666805744171,"poses":{"Left Leg":{"Weight":1,"CFrame":[-0.34344732761383059,0.12578105926513673,0.1566314697265625,0.9123387336730957,-0.22797439992427827,0.34009653329849245,0.244303360581398,0.9696840047836304,-0.005364035721868277,-0.3285633623600006,0.08798050135374069,0.9403752088546753],"EasingStyle":"Linear","EasingDirection":"In"},"Right Arm":{"Weight":1,"CFrame":[0.037686482071876529,-0.09897428750991821,0.08526718616485596,0.9849377870559692,-0.17112042009830476,0.0248055849224329,0.161578968167305,0.9619544148445129,0.2203085571527481,-0.061561137437820438,-0.21298229694366456,0.9751148223876953],"EasingStyle":"Linear","EasingDirection":"In"},"Left Arm":{"Weight":1,"CFrame":[0.21294081211090089,-0.5113154053688049,0.12144553661346436,-0.017893148586153985,0.7314082384109497,-0.6817052364349365,-0.49547475576400759,0.5857217907905579,0.6414318084716797,0.8684380650520325,0.34924498200416567,0.35191383957862856],"EasingStyle":"Linear","EasingDirection":"In"},"Head":{"Weight":1,"CFrame":[1.1152587831020355e-7,-9.546056389808655e-9,3.5762786865234377e-7,0.9022395610809326,-0.4303140938282013,-0.02817119099199772,0.43042075634002688,0.9026249647140503,-0.0024725827388465406,0.026492007076740266,-0.009894601069390774,0.9996001124382019],"EasingStyle":"Linear","EasingDirection":"In"},"Torso":{"Weight":1,"CFrame":[-0.025433078408241273,0.03937555104494095,-0.03496599197387695,0.8779109120368958,0.47790610790252688,0.029638094827532769,-0.47881799936294558,0.8765333890914917,0.04921947047114372,-0.002456492045894265,-0.05740155652165413,0.9983481764793396],"EasingStyle":"Linear","EasingDirection":"In"},"HumanoidRootPart":{"Weight":1,"CFrame":[0,0,0,1,0,0,0,1,0,0,0,1],"EasingStyle":"Linear","EasingDirection":"In"},"Right Leg":{"Weight":1,"CFrame":[0.0669185146689415,-0.0017849206924438477,-0.004481256008148193,0.9920945167541504,0.011143986135721207,0.12499742209911347,-0.010792900808155537,0.9999357461929321,-0.003486103843897581,-0.12502823770046235,0.0021094558760523798,0.9921509027481079],"EasingStyle":"Linear","EasingDirection":"In"}}},{"Time":0.30000001192092898,"poses":{"Left Leg":{"Weight":1,"CFrame":[-0.33274954557418826,0.1472833752632141,0.10396158695220947,0.9078048467636108,-0.30865392088890078,0.28394201397895815,0.27302831411361697,0.9488551616668701,0.1585230976343155,-0.31834876537323,-0.06638378649950028,0.9456465244293213],"EasingStyle":"Linear","EasingDirection":"In"},"Right Arm":{"Weight":1,"CFrame":[0.0540647953748703,-0.11361229419708252,0.1119835376739502,0.8820992708206177,-0.19352109730243684,0.4294769763946533,0.18264268338680268,0.980903148651123,0.06686395406723023,-0.4342149496078491,0.019460029900074006,0.9005991220474243],"EasingStyle":"Linear","EasingDirection":"In"},"Left Arm":{"Weight":1,"CFrame":[0.3159024715423584,-0.42598775029182436,0.158835768699646,0.35115450620651247,0.5252958536148071,-0.7750837802886963,-0.3412792384624481,0.8426600098609924,0.41647642850875857,0.8719053864479065,0.11827245354652405,0.47517645359039309],"EasingStyle":"Linear","EasingDirection":"In"},"Head":{"Weight":1,"CFrame":[1.1548399925231934e-7,-3.725290298461914e-9,-5.960464477539063e-8,0.8446499705314636,-0.5350111722946167,-0.018153825774788858,0.5353183150291443,0.844218909740448,0.0269975196570158,0.0008818325586616993,-0.03252154216170311,0.9994707107543945],"EasingStyle":"Linear","EasingDirection":"In"},"Torso":{"Weight":1,"CFrame":[-0.011524289846420288,0.026273630559444429,-0.06455755233764649,0.8109972476959229,0.5836547017097473,0.04038170352578163,-0.5848928689956665,0.8104454278945923,0.032842084765434268,-0.013558733277022839,-0.05025380104780197,0.9986445307731628],"EasingStyle":"Linear","EasingDirection":"In"},"HumanoidRootPart":{"Weight":1,"CFrame":[0,0,0,1,0,0,0,1,0,0,0,1],"EasingStyle":"Linear","EasingDirection":"In"},"Right Leg":{"Weight":1,"CFrame":[0.10640399903059006,-0.006334066390991211,-0.011473298072814942,0.9783344864845276,-0.0346396379172802,0.20411208271980287,0.038094207644462588,0.9991893172264099,-0.013019098900258541,-0.20349568128585816,0.020512519404292108,0.9788609147071838],"EasingStyle":"Linear","EasingDirection":"In"}}},{"Time":0.3333333432674408,"poses":{"Left Leg":{"Weight":1,"CFrame":[-0.26036787033081057,0.15168100595474244,0.08431744575500488,0.8793474435806274,-0.3743128180503845,0.2943434715270996,0.2992047667503357,0.9151991009712219,0.2699764370918274,-0.37043848633766177,-0.14933408796787263,0.9167740941047669],"EasingStyle":"Linear","EasingDirection":"In"},"Right Arm":{"Weight":1,"CFrame":[0.09009696543216706,-0.14581525325775147,0.17075955867767335,0.5761565566062927,-0.1587747186422348,0.8017694354057312,0.27658912539482119,0.9609510898590088,-0.008461186662316323,-0.7691177725791931,0.22663560509681703,0.5975735783576965],"EasingStyle":"Linear","EasingDirection":"In"},"Left Arm":{"Weight":1,"CFrame":[0.36877450346946719,-0.23688146471977235,0.17803609371185304,0.6138995289802551,0.18664467334747315,-0.7670013904571533,-0.043458789587020877,0.9781628847122192,0.20324531197547913,0.7881869673728943,-0.09143927693367005,0.608605146408081],"EasingStyle":"Linear","EasingDirection":"In"},"Head":{"Weight":1,"CFrame":[9.96515154838562e-8,9.313225746154786e-10,0,0.7691605687141419,-0.6387677192687988,-0.019182607531547548,0.6385709047317505,0.7670618295669556,0.06199582666158676,-0.02488667145371437,-0.059934213757514957,0.9978920817375183],"EasingStyle":"Linear","EasingDirection":"In"},"Torso":{"Weight":1,"CFrame":[0.004085473716259003,0.005096002481877804,-0.12984323501586915,0.7239736914634705,0.6885035634040833,0.04271971061825752,-0.6893160939216614,0.7244327664375305,0.006370058283209801,-0.026561753824353219,-0.03405913710594177,0.9990667700767517],"EasingStyle":"Linear","EasingDirection":"In"},"HumanoidRootPart":{"Weight":1,"CFrame":[0,0,0,1,0,0,0,1,0,0,0,1],"EasingStyle":"Linear","EasingDirection":"In"},"Right Leg":{"Weight":1,"CFrame":[0.12781095504760743,-0.00831902027130127,-0.016662955284118654,0.9638118147850037,-0.10001466423273087,0.2471109926700592,0.10766343772411347,0.9940316081047058,-0.017601609230041505,-0.2438756823539734,0.04356944188475609,0.9688273072242737],"EasingStyle":"Linear","EasingDirection":"In"}}},{"Time":0.36666667461395266,"poses":{"Left Leg":{"Weight":1,"CFrame":[-0.1759735345840454,0.15743112564086915,0.07276439666748047,0.8470863699913025,-0.41622641682624819,0.3304547071456909,0.3072010576725006,0.8908721804618836,0.33462586998939516,-0.4336729943752289,-0.18194100260734559,0.8825107216835022],"EasingStyle":"Linear","EasingDirection":"In"},"Right Arm":{"Weight":1,"CFrame":[0.12612920999526978,-0.17801836133003236,0.22953557968139649,0.21790802478790284,-0.0841594785451889,0.9723339080810547,0.36468127369880679,0.9311318397521973,-0.001134818303398788,-0.9052755236625671,0.3548392057418823,0.23359248042106629],"EasingStyle":"Linear","EasingDirection":"In"},"Left Arm":{"Weight":1,"CFrame":[0.3882538080215454,-0.04431721568107605,0.1851099729537964,0.70756596326828,-0.12868763506412507,-0.6948307752609253,0.24164031445980073,0.9680655598640442,0.06677638739347458,0.6640484929084778,-0.21514782309532166,0.7160663604736328],"EasingStyle":"Linear","EasingDirection":"In"},"Head":{"Weight":1,"CFrame":[8.568167686462403e-8,-1.6763806343078614e-8,4.76837158203125e-7,0.699924647808075,-0.7137314677238464,-0.026322338730096818,0.7127249240875244,0.6956074237823486,0.09029659628868103,-0.04613751545548439,-0.08196140825748444,0.9955670237541199],"EasingStyle":"Linear","EasingDirection":"In"},"Torso":{"Weight":1,"CFrame":[0.020071767270565034,-0.014159593731164933,-0.19545793533325196,0.6442662477493286,0.7637998461723328,0.0391259491443634,-0.7638183832168579,0.645188570022583,-0.017699435353279115,-0.03876243904232979,-0.018481964245438577,0.9990776181221008],"EasingStyle":"Linear","EasingDirection":"In"},"HumanoidRootPart":{"Weight":1,"CFrame":[0,0,0,1,0,0,0,1,0,0,0,1],"EasingStyle":"Linear","EasingDirection":"In"},"Right Leg":{"Weight":1,"CFrame":[0.40192633867263796,0.059005022048950198,-0.09284257888793946,0.9621953368186951,-0.0045192367397248749,0.27232295274734499,0.010180527344346047,0.9997603893280029,-0.01937989704310894,-0.2721700072288513,0.021419651806354524,0.9620106816291809],"EasingStyle":"Linear","EasingDirection":"In"}}},{"Time":0.4000000059604645,"poses":{"Left Leg":{"Weight":1,"CFrame":[-0.1482175886631012,0.16005027294158936,0.07081520557403565,0.8311841487884522,-0.4319523572921753,0.3500716984272003,0.31091633439064028,0.883083701133728,0.35141751170158389,-0.46093830466270449,-0.18324965238571168,0.8683061599731445],"EasingStyle":"Linear","EasingDirection":"In"},"Right Arm":{"Weight":1,"CFrame":[0.14250755310058595,-0.19265645742416383,0.2562519311904907,0.051361389458179477,-0.04572407901287079,0.9976328611373901,0.39605528116226199,0.917970597743988,0.021682661026716234,-0.9167890548706055,0.3940041661262512,0.06525735557079315],"EasingStyle":"Linear","EasingDirection":"In"},"Left Arm":{"Weight":1,"CFrame":[0.39103659987449648,0.05138576030731201,0.18612051010131837,0.7127939462661743,-0.2580573260784149,-0.6521742939949036,0.35930007696151736,0.9329249262809753,0.02355015091598034,0.6023523807525635,-0.2511127293109894,0.7577031850814819],"EasingStyle":"Linear","EasingDirection":"In"},"Head":{"Weight":1,"CFrame":[8.940696716308594e-8,-9.313225746154786e-10,-5.960464477539063e-8,0.66963130235672,-0.7420563101768494,-0.030764300376176835,0.7406507134437561,0.6641458868980408,0.10171880573034287,-0.05504909157752991,-0.09089967608451843,0.9943373799324036],"EasingStyle":"Linear","EasingDirection":"In"},"Torso":{"Weight":1,"CFrame":[0.03844019025564194,-0.02241845801472664,-0.2253882884979248,0.609340488910675,0.7920803427696228,0.03623683378100395,-0.7916696071624756,0.6103065609931946,-0.028023049235343934,-0.04431207850575447,-0.011612022295594216,0.9989503622055054],"EasingStyle":"Linear","EasingDirection":"In"},"HumanoidRootPart":{"Weight":1,"CFrame":[0,0,0,1,0,0,0,1,0,0,0,1],"EasingStyle":"Linear","EasingDirection":"In"},"Right Leg":{"Weight":1,"CFrame":[0.46908482909202578,0.09895777702331543,-0.11497765779495239,0.9596912264823914,0.0011833396274596453,0.28105399012565615,0.002631590934470296,0.999909520149231,-0.013196030631661415,-0.2810441851615906,0.013403771445155144,0.9596012234687805],"EasingStyle":"Linear","EasingDirection":"In"}}},{"Time":0.4333333373069763,"poses":{"Left Leg":{"Weight":1,"CFrame":[-0.16239778697490693,0.15750914812088014,0.07642066478729248,0.8319249153137207,-0.43114808201789858,0.34930282831192019,0.3152528405189514,0.8852847814559937,0.3418866991996765,-0.4566362798213959,-0.17430536448955537,0.8724111318588257],"EasingStyle":"Linear","EasingDirection":"In"},"Right Arm":{"Weight":1,"CFrame":[0.14250756800174714,-0.1926567256450653,0.2562519311904907,0.03944910690188408,-0.0565483383834362,0.9976202845573425,0.38509368896484377,0.9221338629722595,0.03704164922237396,-0.9220339059829712,0.3827160596847534,0.058153633028268817],"EasingStyle":"Linear","EasingDirection":"In"},"Left Arm":{"Weight":1,"CFrame":[0.3887278437614441,0.06111973524093628,0.1849905252456665,0.7099227905273438,-0.25120824575424197,-0.6579543948173523,0.36419677734375,0.9305598139762878,0.037673093378543857,0.6028021574020386,-0.26636993885040285,0.7521149516105652],"EasingStyle":"Linear","EasingDirection":"In"},"Head":{"Weight":1,"CFrame":[1.1175870895385742e-7,1.8917489796876909e-9,-3.5762786865234377e-7,0.66963130235672,-0.7420563101768494,-0.030764300376176835,0.7406507134437561,0.6641458868980408,0.10171880573034287,-0.05504909157752991,-0.09089967608451843,0.9943373799324036],"EasingStyle":"Linear","EasingDirection":"In"},"Torso":{"Weight":1,"CFrame":[0.05759159475564957,-0.02241845801472664,-0.22458314895629884,0.609340488910675,0.7920803427696228,0.03623683378100395,-0.7916696071624756,0.6103065609931946,-0.028023049235343934,-0.04431207850575447,-0.011612022295594216,0.9989503622055054],"EasingStyle":"Linear","EasingDirection":"In"},"HumanoidRootPart":{"Weight":1,"CFrame":[0,0,0,1,0,0,0,1,0,0,0,1],"EasingStyle":"Linear","EasingDirection":"In"},"Right Leg":{"Weight":1,"CFrame":[0.47725677490234377,0.11281996965408325,-0.1182173490524292,0.9600121974945068,-0.004998027812689543,0.27991363406181338,0.005493272095918655,0.9999845027923584,-0.0009850746719166637,-0.27990448474884035,0.0024833015631884338,0.9600247144699097],"EasingStyle":"Linear","EasingDirection":"In"}}},{"Time":0.46666666865348818,"poses":{"Left Leg":{"Weight":1,"CFrame":[-0.16131113469600678,0.15470731258392335,0.07616519927978516,0.8359859585762024,-0.42376962304115298,0.3486357629299164,0.3116670250892639,0.8895750045776367,0.3339460790157318,-0.45165395736694338,-0.1705159991979599,0.8757471442222595],"EasingStyle":"Linear","EasingDirection":"In"},"Right Arm":{"Weight":1,"CFrame":[0.14250753819942475,-0.19265660643577577,0.2562519311904907,0.030519356951117517,-0.0933191105723381,0.9951683878898621,0.34965968132019045,0.9337209463119507,0.07683379203081131,-0.936379611492157,0.3456253707408905,0.061126332730054858],"EasingStyle":"Linear","EasingDirection":"In"},"Left Arm":{"Weight":1,"CFrame":[0.3755134642124176,0.06470596790313721,0.17708122730255128,0.705098569393158,-0.23643775284290315,-0.6685305237770081,0.3716583847999573,0.9261301159858704,0.06444532424211502,0.603908896446228,-0.29390543699264529,0.7408871054649353],"EasingStyle":"Linear","EasingDirection":"In"},"Head":{"Weight":1,"CFrame":[9.685754776000977e-8,9.313225746154786e-10,-1.7881393432617188e-7,0.66963130235672,-0.7420563101768494,-0.030764300376176835,0.7406507134437561,0.6641458868980408,0.10171880573034287,-0.05504909157752991,-0.09089967608451843,0.9943373799324036],"EasingStyle":"Linear","EasingDirection":"In"},"Torso":{"Weight":1,"CFrame":[0.07169513404369354,-0.02241845801472664,-0.2189478874206543,0.609340488910675,0.7920803427696228,0.03623683378100395,-0.7916696071624756,0.6103065609931946,-0.028023049235343934,-0.04431207850575447,-0.011612022295594216,0.9989503622055054],"EasingStyle":"Linear","EasingDirection":"In"},"HumanoidRootPart":{"Weight":1,"CFrame":[0,0,0,1,0,0,0,1,0,0,0,1],"EasingStyle":"Linear","EasingDirection":"In"},"Right Leg":{"Weight":1,"CFrame":[0.4794406294822693,0.12212830781936646,-0.11983221769332886,0.9601422548294067,-0.01267854031175375,0.27922436594963076,0.010589134879410267,0.9999035596847534,0.008989745751023293,-0.2793113589286804,-0.005674729123711586,0.96018385887146],"EasingStyle":"Linear","EasingDirection":"In"}}},{"Time":0.5,"poses":{"Left Leg":{"Weight":1,"CFrame":[-0.1303311586380005,0.1511043906211853,0.06463992595672608,0.8464179635047913,-0.4029286801815033,0.3481740951538086,0.292347252368927,0.8980798721313477,0.328611820936203,-0.44509533047676089,-0.17635521292686463,0.8779460191726685],"EasingStyle":"Linear","EasingDirection":"In"},"Right Arm":{"Weight":1,"CFrame":[0.14250756800174714,-0.19265639781951905,0.2562519311904907,0.023768385872244836,-0.162751704454422,0.9863808155059815,0.28605034947395327,0.946514904499054,0.14928090572357179,-0.9579198360443115,0.2786063253879547,0.06905224174261093],"EasingStyle":"Linear","EasingDirection":"In"},"Left Arm":{"Weight":1,"CFrame":[0.34196028113365176,0.06521856784820557,0.15561270713806153,0.703809380531311,-0.2230347990989685,-0.6744685173034668,0.3707544803619385,0.9251974821090698,0.08093654364347458,0.6059649586677551,-0.3070262372493744,0.7338538765907288],"EasingStyle":"Linear","EasingDirection":"In"},"Head":{"Weight":1,"CFrame":[8.568167686462403e-8,-1.0244548320770264e-8,-2.384185791015625e-7,0.66963130235672,-0.7420563101768494,-0.030764300376176835,0.7406507134437561,0.6641458868980408,0.10171880573034287,-0.05504909157752991,-0.09089967608451843,0.9943373799324036],"EasingStyle":"Linear","EasingDirection":"In"},"Torso":{"Weight":1,"CFrame":[0.07718802988529206,-0.022418461740016938,-0.20365166664123536,0.609340488910675,0.7920803427696228,0.03623683378100395,-0.7916696071624756,0.6103065609931946,-0.028023049235343934,-0.04431207850575447,-0.011612022295594216,0.9989503622055054],"EasingStyle":"Linear","EasingDirection":"In"},"HumanoidRootPart":{"Weight":1,"CFrame":[0,0,0,1,0,0,0,1,0,0,0,1],"EasingStyle":"Linear","EasingDirection":"In"},"Right Leg":{"Weight":1,"CFrame":[0.4677036702632904,0.12092286348342896,-0.11711859703063965,0.9598811268806458,-0.024814670905470849,0.2793075442314148,0.02159273810684681,0.9996601939201355,0.014606496319174767,-0.27957504987716677,-0.007989469915628434,0.9600905776023865],"EasingStyle":"Linear","EasingDirection":"In"}}},{"Time":0.5333333611488342,"poses":{"Left Leg":{"Weight":1,"CFrame":[-0.23342876136302949,0.17278563976287843,0.13923192024230958,0.8112698793411255,-0.4017937481403351,0.42473891377449038,0.3129390478134155,0.9120420217514038,0.26504436135292055,-0.4938730001449585,-0.0821051150560379,0.8656491041183472],"EasingStyle":"Linear","EasingDirection":"In"},"Right Arm":{"Weight":1,"CFrame":[0.22708740830421449,-0.19599229097366334,0.21432089805603028,0.27554014325141909,-0.40198665857315066,0.8732036352157593,0.33865398168563845,0.8907240629196167,0.3031896948814392,-0.8996617197990418,0.21217282116413117,0.38156458735466006],"EasingStyle":"Linear","EasingDirection":"In"},"Left Arm":{"Weight":1,"CFrame":[0.2774840295314789,-0.005444169044494629,0.045761704444885257,0.7507612705230713,-0.06858028471469879,-0.6570041179656982,0.14721225202083589,0.9869537949562073,0.06519832462072373,0.6439613103866577,-0.14566750824451447,0.7510625123977661],"EasingStyle":"Linear","EasingDirection":"In"},"Head":{"Weight":1,"CFrame":[8.940696716308594e-8,6.984919309616089e-9,-2.980232238769531e-7,0.6795932650566101,-0.7331987023353577,-0.02393084391951561,0.7314208745956421,0.6747177839279175,0.09889094531536102,-0.056360114365816119,-0.08470911532640457,0.9948105812072754],"EasingStyle":"Linear","EasingDirection":"In"},"Torso":{"Weight":1,"CFrame":[0.06820842623710633,-0.024367474019527437,-0.15950822830200196,0.6328465342521668,0.773811936378479,0.026842139661312105,-0.7732136845588684,0.6334137916564941,-0.030459312722086908,-0.04057196527719498,-0.0014786410611122847,0.9991755485534668],"EasingStyle":"Linear","EasingDirection":"In"},"HumanoidRootPart":{"Weight":1,"CFrame":[0,0,0,1,0,0,0,1,0,0,0,1],"EasingStyle":"Linear","EasingDirection":"In"},"Right Leg":{"Weight":1,"CFrame":[0.42181700468063357,0.10323840379714966,-0.12034112215042114,0.9429542422294617,-0.06913580745458603,0.3256649076938629,0.05987370014190674,0.9974675178527832,0.03839065134525299,-0.3274941146373749,-0.01670185476541519,0.944705605506897],"EasingStyle":"Linear","EasingDirection":"In"}}},{"Time":0.5666666626930237,"poses":{"Left Leg":{"Weight":1,"CFrame":[-0.2765384316444397,0.2551195025444031,0.2900303602218628,0.7466254830360413,-0.3193276524543762,0.5835925936698914,0.3277055621147156,0.9399832487106323,0.09508202970027924,-0.578929603099823,0.1202559620141983,0.8064609169960022],"EasingStyle":"Linear","EasingDirection":"In"},"Right Arm":{"Weight":1,"CFrame":[0.3841639757156372,-0.2021864950656891,0.13644886016845704,0.6235393285751343,-0.726336658000946,0.28919506072998049,0.6211908459663391,0.6849033236503601,0.38082727789878847,-0.474679559469223,-0.057815492153167728,0.8782577514648438],"EasingStyle":"Linear","EasingDirection":"In"},"Left Arm":{"Weight":1,"CFrame":[0.16689319908618928,-0.13667339086532594,-0.13518768548965455,0.7118361592292786,0.3024028539657593,-0.633910059928894,-0.3558191657066345,0.933435320854187,0.04572967439889908,0.605542778968811,0.19300523400306703,0.7720537185668945],"EasingStyle":"Linear","EasingDirection":"In"},"Head":{"Weight":1,"CFrame":[7.078051567077637e-8,7.450580596923828e-9,3.5762786865234377e-7,0.7124274969100952,-0.7016981840133667,-0.00817366223782301,0.699501633644104,0.7091702818870544,0.08817605674266815,-0.056076448410749438,-0.06853653490543366,0.996071457862854],"EasingStyle":"Linear","EasingDirection":"In"},"Torso":{"Weight":1,"CFrame":[0.04622337967157364,-0.028496243059635164,-0.10052323341369629,0.6938314437866211,0.7200664281845093,0.01011629868298769,-0.71939617395401,0.6936860680580139,-0.035620272159576419,-0.03266650438308716,0.017436835914850236,0.9993141889572144],"EasingStyle":"Linear","EasingDirection":"In"},"HumanoidRootPart":{"Weight":1,"CFrame":[0,0,0,1,0,0,0,1,0,0,0,1],"EasingStyle":"Linear","EasingDirection":"In"},"Right Leg":{"Weight":1,"CFrame":[0.33982113003730776,0.0751183032989502,-0.10883194208145142,0.9036567211151123,-0.1351381242275238,0.4063769578933716,0.11372572928667069,0.9905614852905273,0.07651392370462418,-0.4128812849521637,-0.022926829755306245,0.9104962348937988],"EasingStyle":"Linear","EasingDirection":"In"}}},{"Time":0.6000000238418579,"poses":{"Left Leg":{"Weight":1,"CFrame":[-0.2575194537639618,0.3459661602973938,0.4088320732116699,0.7178567051887512,-0.23656216263771058,0.6547672152519226,0.3524633049964905,0.9345535635948181,-0.04877786338329315,-0.6003760695457459,0.2657969295978546,0.7542550563812256],"EasingStyle":"Linear","EasingDirection":"In"},"Right Arm":{"Weight":1,"CFrame":[0.4687437415122986,-0.20552220940589906,0.09451794624328613,0.553139328956604,-0.768363893032074,-0.32195284962654116,0.8312934041023254,0.48370715975761416,0.273822546005249,-0.054664500057697299,-0.419099360704422,0.9062932729721069],"EasingStyle":"Linear","EasingDirection":"In"},"Left Arm":{"Weight":1,"CFrame":[-0.006155386567115784,-0.20733585953712464,-0.2558521032333374,0.4601314961910248,0.6432344317436218,-0.6119874119758606,-0.7562873363494873,0.6450371742248535,0.10934633761644364,0.46508991718292239,0.412524551153183,0.7832719087600708],"EasingStyle":"Linear","EasingDirection":"In"},"Head":{"Weight":1,"CFrame":[9.12696123123169e-8,-6.51925802230835e-9,1.1920928955078126e-7,0.7704064846038818,-0.6374951601028442,0.008594503626227379,0.6357013583183289,0.7691256999969482,0.06579823046922684,-0.04855631664395332,-0.04522784799337387,0.9977959394454956],"EasingStyle":"Linear","EasingDirection":"In"},"Torso":{"Weight":1,"CFrame":[0.018329348415136339,-0.031158000230789186,-0.07111239433288574,0.7759389877319336,0.6308016777038574,0.0028289048932492735,-0.6302400827407837,0.7754228711128235,-0.0389474555850029,-0.02676171436905861,0.028437964618206025,0.9992372393608093],"EasingStyle":"Linear","EasingDirection":"In"},"HumanoidRootPart":{"Weight":1,"CFrame":[0,0,0,1,0,0,0,1,0,0,0,1],"EasingStyle":"Linear","EasingDirection":"In"},"Right Leg":{"Weight":1,"CFrame":[0.3408377766609192,0.07137221097946167,-0.10668390989303589,0.9141037464141846,-0.09704382717609406,0.39369654655456545,0.07198598235845566,0.9943540692329407,0.07796161621809006,-0.3990393579006195,-0.04292440041899681,0.9159284830093384],"EasingStyle":"Linear","EasingDirection":"In"}}},{"Time":0.6333333253860474,"poses":{"Left Leg":{"Weight":1,"CFrame":[-0.2354706972837448,0.6200698614120483,0.3385324478149414,0.7935284972190857,-0.08725003898143769,0.6022456884384155,0.14133808016777039,0.9890295267105103,-0.042944252490997317,-0.5918919444084168,0.1191977709531784,0.7971548438072205],"EasingStyle":"Linear","EasingDirection":"In"},"Right Arm":{"Weight":1,"CFrame":[0.42479100823402407,-0.19039705395698548,0.1239314079284668,0.4155960977077484,-0.6896677613258362,-0.5929909348487854,0.9080438017845154,0.3521009087562561,0.2268952578306198,0.052310168743133548,-0.6327585577964783,0.7725802659988403],"EasingStyle":"Linear","EasingDirection":"In"},"Left Arm":{"Weight":1,"CFrame":[-0.244345