{"Sequence":[{"Time":0,"poses":{"Left Leg":{"Weight":1,"CFrame":[-0.300121545791626,0.05787080526351929,-0.031246542930603029,0.9946563243865967,-0.009358854033052922,-0.10281717032194138,0.01451199222356081,0.9986695051193237,0.0494847372174263,0.10221725702285767,-0.05071242153644562,0.9934685826301575],"EasingStyle":"Constant","EasingDirection":"In"},"Right Arm":{"Weight":1,"CFrame":[0.4474732577800751,-0.9524579048156738,-0.8388391137123108,-0.9289354085922241,-0.34265410900115969,0.1402405947446823,0.36214524507522585,-0.9196984767913818,0.15167559683322907,0.07700685411691666,0.19168443977832795,0.978430986404419],"EasingStyle":"Constant","EasingDirection":"In"},"Head":{"Weight":1,"CFrame":[8.742277657347586e-8,-2.2351741790771486e-8,-1.1920928955078126e-7,1,1.3773364671010313e-8,8.633097792198896e-8,0,0.9875112175941467,-0.1575489342212677,-8.742278367890322e-8,0.1575489342212677,0.9875112175941467],"EasingStyle":"Constant","EasingDirection":"In"},"Left Arm":{"Weight":1,"CFrame":[-0.4474734663963318,-0.9524577856063843,-0.838839054107666,-0.9289354681968689,0.34265413880348208,-0.14024004340171815,-0.3621450960636139,-0.9196985363960266,0.1516755372285843,-0.07700634002685547,0.19168412685394288,0.9784311056137085],"EasingStyle":"Constant","EasingDirection":"In"},"Torso":{"Weight":1,"CFrame":[1.1102230246251566e-16,-0.06236209720373154,-0.026862625032663347,1,0,-8.742278367890322e-8,-8.643239013395032e-9,0.995100736618042,-0.09886714071035385,8.699446141235967e-8,0.09886714071035385,0.995100736618042],"EasingStyle":"Constant","EasingDirection":"In"},"HumanoidRootPart":{"Weight":0,"CFrame":[0,0,0,1,0,0,0,1,0,0,0,1],"EasingStyle":"Linear","EasingDirection":"In"},"Right Leg":{"Weight":1,"CFrame":[0.30012157559394839,0.057871341705322269,-0.031246602535247804,0.9946563243865967,0.009358846582472325,0.10281715542078018,-0.014512010850012303,0.998669445514679,0.04948493838310242,-0.10221724957227707,-0.05071259289979935,0.9934685826301575],"EasingStyle":"Constant","EasingDirection":"In"}}},{"Time":0.10000000149011612,"poses":{"Left Leg":{"Weight":1,"CFrame":[-0.29254454374313357,0.06852895021438599,-0.030774980783462526,0.994385302066803,0.031578075140714648,-0.10099845379590988,-0.02627391181886196,0.9982262849807739,0.05342182517051697,0.10250627249479294,-0.05046822503209114,0.9934513568878174],"EasingStyle":"Constant","EasingDirection":"In"},"Right Arm":{"Weight":1,"CFrame":[0.44787392020225527,-0.9513810873031616,-0.8417547941207886,-0.9289353489875794,-0.34265410900115969,0.1402406096458435,0.36214515566825869,-0.9196984767913818,0.15167559683322907,0.07700683921575546,0.19168443977832795,0.978430986404419],"EasingStyle":"Constant","EasingDirection":"In"},"Head":{"Weight":1,"CFrame":[8.742280499518529e-8,3.725290298461914e-8,2.980232238769531e-7,1,1.394759063799711e-8,8.630300385448209e-8,-8.881785255792437e-16,0.9871912598609924,-0.15954183042049409,-8.742278367890322e-8,0.15954183042049409,0.9871912598609924],"EasingStyle":"Constant","EasingDirection":"In"},"Left Arm":{"Weight":1,"CFrame":[-0.4478742480278015,-0.9384677410125732,-0.8417547941207886,-0.9289354681968689,0.34265413880348208,-0.14024004340171815,-0.3621450662612915,-0.9196985363960266,0.1516755372285843,-0.07700633257627487,0.19168412685394288,0.9784311056137085],"EasingStyle":"Constant","EasingDirection":"In"},"Torso":{"Weight":1,"CFrame":[3.3306690738754698e-16,-0.0825546532869339,-0.030138975009322168,1,0,-8.742278367890322e-8,-1.144187855572909e-8,0.9913983345031738,-0.13087984919548036,8.667078787993887e-8,0.13087984919548036,0.9913983345031738],"EasingStyle":"Constant","EasingDirection":"In"},"HumanoidRootPart":{"Weight":0,"CFrame":[0,0,0,1,0,0,0,1,0,0,0,1],"EasingStyle":"Linear","EasingDirection":"In"},"Right Leg":{"Weight":1,"CFrame":[0.29254457354545596,0.06852900981903076,-0.030774831771850587,0.994385302066803,-0.03157807141542435,0.10099845379590988,0.02627389319241047,0.9982263445854187,0.053422000259160998,-0.10250627994537354,-0.05046840384602547,0.9934512972831726],"EasingStyle":"Constant","EasingDirection":"In"}}},{"Time":0.20000000298023225,"poses":{"Left Leg":{"Weight":1,"CFrame":[-0.28774169087409975,0.09621119499206543,-0.031333208084106448,0.9879621267318726,0.12126945704221726,-0.09604471176862717,-0.11559657752513886,0.9913219809532166,0.06259601563215256,0.10280212014913559,-0.05074002966284752,0.9934069514274597],"EasingStyle":"Constant","EasingDirection":"In"},"Right Arm":{"Weight":1,"CFrame":[0.45068055391311648,-0.9438484907150269,-0.8487075567245483,-0.9289354085922241,-0.3426540791988373,0.1402405947446823,0.36214515566825869,-0.9196984767913818,0.15167562663555146,0.07700684666633606,0.19168443977832795,0.978430986404419],"EasingStyle":"Constant","EasingDirection":"In"},"Head":{"Weight":1,"CFrame":[8.742279788975793e-8,2.9802322387695315e-8,3.8743019104003908e-7,1,1.516608882923265e-8,8.609721646735125e-8,0,0.9848374128341675,-0.1734798401594162,-8.742278367890322e-8,0.1734798401594162,0.9848374128341675],"EasingStyle":"Constant","EasingDirection":"In"},"Left Arm":{"Weight":1,"CFrame":[-0.4506807327270508,-0.9051084518432617,-0.8487074971199036,-0.9289354085922241,0.34265413880348208,-0.14024005830287934,-0.3621450364589691,-0.9196984767913818,0.15167555212974549,-0.07700633257627487,0.19168412685394288,0.9784311056137085],"EasingStyle":"Constant","EasingDirection":"In"},"Torso":{"Weight":1,"CFrame":[2.220446049250313e-16,-0.13046182692050935,-0.04493594914674759,1,0,-8.742278367890322e-8,-1.8081701469441215e-8,0.9783768653869629,-0.20683059096336366,8.55324131521229e-8,0.20683059096336366,0.9783768653869629],"EasingStyle":"Constant","EasingDirection":"In"},"HumanoidRootPart":{"Weight":0,"CFrame":[0,0,0,1,0,0,0,1,0,0,0,1],"EasingStyle":"Linear","EasingDirection":"In"},"Right Leg":{"Weight":1,"CFrame":[0.28774166107177737,0.0962112545967102,-0.031332939863204959,0.9879621267318726,-0.12126945704221726,0.09604468196630478,0.11559655517339707,0.9913219809532166,0.06259617209434509,-0.10280213505029679,-0.05074020102620125,0.9934068918228149],"EasingStyle":"Constant","EasingDirection":"In"}}},{"Time":0.30000001192092898,"poses":{"Left Leg":{"Weight":1,"CFrame":[-0.3131912648677826,0.1431933045387268,-0.0361611545085907,0.9740085005760193,0.20828938484191895,-0.08901221305131912,-0.20217032730579377,0.9766207337379456,0.0730704665184021,0.1021510437130928,-0.0531756766140461,0.993346631526947],"EasingStyle":"Constant","EasingDirection":"In"},"Right Arm":{"Weight":1,"CFrame":[0.4582979679107666,-0.9234022498130798,-0.8570060729980469,-0.9289353489875794,-0.34265416860580447,0.14024057984352113,0.3621450960636139,-0.9196984767913818,0.15167559683322907,0.07700684666633606,0.19168445467948914,0.978430986404419],"EasingStyle":"Constant","EasingDirection":"In"},"Head":{"Weight":1,"CFrame":[8.74227694680485e-8,4.470348358154297e-8,0,1,1.8461898676491729e-8,8.545116259028873e-8,-1.7763566276420137e-15,0.9774473905563355,-0.2111794650554657,-8.74227694680485e-8,0.2111794650554657,0.9774473905563355],"EasingStyle":"Constant","EasingDirection":"In"},"Left Arm":{"Weight":1,"CFrame":[-0.4582982361316681,-0.8652925491333008,-0.8570059537887573,-0.9289354085922241,0.34265419840812685,-0.14024002850055695,-0.36214500665664675,-0.9196985363960266,0.1516755223274231,-0.07700633257627487,0.19168415665626527,0.9784311056137085],"EasingStyle":"Constant","EasingDirection":"In"},"Torso":{"Weight":1,"CFrame":[-2.220446049250313e-16,-0.1867000013589859,-0.07743025571107865,1,0,-8.742277657347586e-8,-2.5876177645045574e-8,0.9551913738250732,-0.2959889769554138,8.350548341695685e-8,0.2959889769554138,0.9551913738250732],"EasingStyle":"Constant","EasingDirection":"In"},"HumanoidRootPart":{"Weight":0,"CFrame":[0,0,0,1,0,0,0,1,0,0,0,1],"EasingStyle":"Linear","EasingDirection":"In"},"Right Leg":{"Weight":1,"CFrame":[0.3131912350654602,0.1431935429573059,-0.036161184310913089,0.9740084409713745,-0.20828936994075776,0.08901220560073853,0.202170267701149,0.9766207337379456,0.07307066768407822,-0.1021510511636734,-0.053175847977399829,0.993346631526947],"EasingStyle":"Constant","EasingDirection":"In"}}},{"Time":0.4000000059604645,"poses":{"Left Leg":{"Weight":1,"CFrame":[-0.3901379704475403,0.22087067365646363,-0.04802870750427246,0.9659420847892761,0.2453906536102295,-0.08209351450204849,-0.23888325691223145,0.9676160216331482,0.08157145977020264,0.09945192188024521,-0.05918252468109131,0.993280827999115],"EasingStyle":"Constant","EasingDirection":"In"},"Right Arm":{"Weight":1,"CFrame":[0.4731324017047882,-0.8835867047309876,-0.8639588356018066,-0.9289354085922241,-0.34265413880348208,0.1402405947446823,0.36214518547058108,-0.9196985363960266,0.15167561173439027,0.07700684666633606,0.19168445467948914,0.978430986404419],"EasingStyle":"Constant","EasingDirection":"In"},"Head":{"Weight":1,"CFrame":[8.742280499518529e-8,1.043081283569336e-7,2.9802322387695315e-8,1,2.4808105791862546e-8,8.382900062997578e-8,0,0.9588919281959534,-0.2837716341018677,-8.742278367890322e-8,0.2837716341018677,0.9588919281959534],"EasingStyle":"Constant","EasingDirection":"In"},"Left Arm":{"Weight":1,"CFrame":[-0.47313249111175539,-0.8319336771965027,-0.8639587163925171,-0.9289354085922241,0.34265413880348208,-0.14024005830287934,-0.3621450364589691,-0.9196985363960266,0.1516755372285843,-0.07700633257627487,0.19168412685394288,0.9784311056137085],"EasingStyle":"Constant","EasingDirection":"In"},"Torso":{"Weight":1,"CFrame":[6.661338147750939e-16,-0.23253941535949708,-0.12839439511299134,1,0,-8.742278367890322e-8,-3.222941202807306e-8,0.9295638203620911,-0.3686615228652954,8.126504269512225e-8,0.3686615228652954,0.9295638203620911],"EasingStyle":"Constant","EasingDirection":"In"},"HumanoidRootPart":{"Weight":0,"CFrame":[0,0,0,1,0,0,0,1,0,0,0,1],"EasingStyle":"Linear","EasingDirection":"In"},"Right Leg":{"Weight":1,"CFrame":[0.39013803005218508,0.22087091207504273,-0.048028647899627689,0.9659420847892761,-0.24539066851139069,0.08209352940320969,0.23888322710990907,0.9676160216331482,0.08157163858413696,-0.09945196658372879,-0.059182725846767429,0.993280827999115],"EasingStyle":"Constant","EasingDirection":"In"}}},{"Time":0.5,"poses":{"Left Leg":{"Weight":1,"CFrame":[-0.5216643214225769,0.3227478265762329,-0.06675973534584046,0.9766241312026978,0.2001364380121231,-0.0784270241856575,-0.19339288771152497,0.977358341217041,0.0858486145734787,0.09383273869752884,-0.06867461651563645,0.9932166934013367],"EasingStyle":"Constant","EasingDirection":"In"},"Right Arm":{"Weight":1,"CFrame":[0.4975890517234802,-0.8179442286491394,-0.8668744564056397,-0.9289354085922241,-0.34265416860580447,0.1402405947446823,0.36214521527290347,-0.9196984767913818,0.15167562663555146,0.07700684666633606,0.19168443977832795,0.978430986404419],"EasingStyle":"Constant","EasingDirection":"In"},"Head":{"Weight":1,"CFrame":[8.742279078433057e-8,8.940696716308594e-8,-2.9802322387695315e-8,1,3.494077205346002e-8,8.013665819817106e-8,0,0.916656494140625,-0.3996758460998535,-8.742277657347586e-8,0.3996758460998535,0.916656494140625],"EasingStyle":"Constant","EasingDirection":"In"},"Left Arm":{"Weight":1,"CFrame":[-0.4975890517234802,-0.8179444074630737,-0.8668744564056397,-0.9289354085922241,0.34265410900115969,-0.14024005830287934,-0.3621450364589691,-0.9196985363960266,0.15167555212974549,-0.07700633257627487,0.19168414175510407,0.9784311056137085],"EasingStyle":"Constant","EasingDirection":"In"},"Torso":{"Weight":1,"CFrame":[8.881784197001253e-16,-0.25131165981292727,-0.19356326758861543,1,0,-8.742278367890322e-8,-3.483119925817846e-8,0.9172021150588989,-0.3984225392341614,8.018434272116792e-8,0.3984225392341614,0.9172021150588989],"EasingStyle":"Constant","EasingDirection":"In"},"HumanoidRootPart":{"Weight":0,"CFrame":[0,0,0,1,0,0,0,1,0,0,0,1],"EasingStyle":"Linear","EasingDirection":"In"},"Right Leg":{"Weight":1,"CFrame":[0.5216645002365112,0.3227481245994568,-0.0667596161365509,0.9766241908073425,-0.20013636350631715,0.07842700183391571,0.19339288771152497,0.9773582816123962,0.08584880828857422,-0.09383276849985123,-0.06867480278015137,0.9932165741920471],"EasingStyle":"Constant","EasingDirection":"In"}}},{"Time":0.6000000238418579,"poses":{"Left Leg":{"Weight":1,"CFrame":[-0.8422012329101563,0.4673374891281128,-0.08002796769142151,0.9918552041053772,-0.12736529111862184,0.0011720024049282075,0.12498204410076142,0.9749866724014282,0.18379509449005128,-0.024551814422011377,-0.18215158581733704,0.9829639196395874],"EasingStyle":"Constant","EasingDirection":"In"},"Right Arm":{"Weight":1,"CFrame":[0.622968852519989,-0.26562249660491946,-2.384185791015625e-7,-0.8586377501487732,-0.0011063009733334184,0.5125818848609924,0.5101761221885681,0.09494654089212418,0.8548129796981812,-0.04961347579956055,0.9954818487167358,-0.08096043765544892],"EasingStyle":"Constant","EasingDirection":"In"},"Head":{"Weight":1,"CFrame":[8.742279078433057e-8,-2.9802322387695315e-8,2.682209014892578e-7,1,5.9146387343389509e-8,6.437738164777329e-8,0,0.7363914251327515,-0.6765557527542114,-8.742278367890322e-8,0.6765557527542114,0.7363914251327515],"EasingStyle":"Constant","EasingDirection":"In"},"Left Arm":{"Weight":1,"CFrame":[-0.8447201251983643,-0.9837454557418823,1.7881393432617188e-7,-0.8586379289627075,0.0011065822327509523,-0.5125815272331238,-0.5101758241653442,0.09494654834270477,0.854813277721405,0.04961368814110756,0.9954817891120911,-0.08096031844615936],"EasingStyle":"Constant","EasingDirection":"In"},"Torso":{"Weight":1,"CFrame":[-1.7763568394002506e-15,-0.18610547482967378,-0.36110472679138186,1,0,-8.742277657347586e-8,-2.579378843847735e-8,0.9554829001426697,-0.29504653811454775,8.353097058488857e-8,0.29504653811454775,0.9554829001426697],"EasingStyle":"Constant","EasingDirection":"In"},"HumanoidRootPart":{"Weight":0,"CFrame":[0,0,0,1,0,0,0,1,0,0,0,1],"EasingStyle":"Linear","EasingDirection":"In"},"Right Leg":{"Weight":1,"CFrame":[0.8422013521194458,0.46733760833740237,-0.0800279974937439,0.9918552041053772,0.12736532092094422,-0.0011720173060894013,-0.12498202919960022,0.9749865531921387,0.18379531800746919,0.02455184981226921,-0.18215177953243257,0.9829639196395874],"EasingStyle":"Constant","EasingDirection":"In"}}},{"Time":0.699999988079071,"poses":{"Left Leg":{"Weight":1,"CFrame":[-0.7878540754318237,0.4438607096672058,-0.09146693348884583,0.9964884519577026,-0.0826302170753479,-0.013529299758374691,0.0836828351020813,0.9773668050765991,0.1942972093820572,-0.0028317684773355724,-0.19474700093269349,0.9808494448661804],"EasingStyle":"Constant","EasingDirection":"In"},"Right Arm":{"Weight":1,"CFrame":[0.6398486495018005,-0.320286363363266,-1.1920928955078126e-7,-0.8586377501487732,-0.0011063044657930732,0.5125818848609924,0.5101762413978577,0.09494653344154358,0.8548129796981812,-0.049613479524850848,0.9954817891120911,-0.08096044510602951],"EasingStyle":"Constant","EasingDirection":"In"},"Head":{"Weight":1,"CFrame":[9.085705698907987e-8,0,-5.960464477539063e-8,1,5.913897638265553e-8,6.472691893577576e-8,-1.1641532182693482e-10,0.7363914251327515,-0.6765558123588562,-8.659545613909359e-8,0.676555871963501,0.7363914251327515],"EasingStyle":"Constant","EasingDirection":"In"},"Left Arm":{"Weight":1,"CFrame":[-0.8278399705886841,-0.9290815591812134,1.1920928955078126e-7,-0.8586379289627075,0.0011065845610573888,-0.5125815272331238,-0.5101758241653442,0.09494655579328537,0.8548133373260498,0.04961368441581726,0.9954817891120911,-0.08096031099557877],"EasingStyle":"Constant","EasingDirection":"In"},"Torso":{"Weight":1,"CFrame":[-0.026638982817530633,-0.18610543012619019,-0.32600000500679018,0.9998006820678711,-0.01996532827615738,-8.792945749291903e-8,0.019076503813266755,0.9552924633026123,-0.29504644870758059,0.005890783853828907,0.29498764872550967,0.9554829001426697],"EasingStyle":"Constant","EasingDirection":"In"},"HumanoidRootPart":{"Weight":0,"CFrame":[0,0,0,1,0,0,0,1,0,0,0,1],"EasingStyle":"Linear","EasingDirection":"In"},"Right Leg":{"Weight":1,"CFrame":[0.8028457164764404,0.43475866317749026,-0.05794981122016907,0.9935300946235657,0.11282985657453537,-0.012939328327775002,-0.10911651700735092,0.9799489974975586,0.16671384871006013,0.031490202993154529,-0.16422335803508759,0.9859204292297363],"EasingStyle":"Constant","EasingDirection":"In"}}},{"Time":0.800000011920929,"poses":{"Left Leg":{"Weight":1,"CFrame":[-0.6149901151657105,0.3710203766822815,-0.10909044742584229,0.9970157146453857,0.05389983952045441,-0.05526849627494812,-0.04026055335998535,0.973876953125,0.2234789878129959,0.06587021052837372,-0.22058677673339845,0.9731406569480896],"EasingStyle":"Constant","EasingDirection":"In"},"Right Arm":{"Weight":1,"CFrame":[0.6879182457923889,-0.4759555757045746,-2.384185791015625e-7,-0.858637809753418,-0.0011063156416639686,0.5125817656517029,0.5101761221885681,0.09494654089212418,0.8548130393028259,-0.049613531678915027,0.9954817891120911,-0.08096060156822205],"EasingStyle":"Constant","EasingDirection":"In"},"Head":{"Weight":1,"CFrame":[9.475778028900095e-8,2.9802322387695315e-8,3.2782554626464846e-7,1,5.4016702222270399e-8,7.171183824539185e-8,-2.7939677238464357e-9,0.7363913655281067,-0.6765558123588562,-8.541720575294676e-8,0.6765558123588562,0.7363913655281067],"EasingStyle":"Constant","EasingDirection":"In"},"Left Arm":{"Weight":1,"CFrame":[-0.7797706127166748,-0.7734118700027466,0,-0.8586379289627075,0.0011065859580412508,-0.512581467628479,-0.5101758241653442,0.09494655579328537,0.854813277721405,0.04961368441581726,0.9954818487167358,-0.08096031844615936],"EasingStyle":"Constant","EasingDirection":"In"},"Torso":{"Weight":1,"CFrame":[-0.10250034183263779,-0.18610548973083497,-0.24125003814697267,0.9970419406890869,-0.07685960084199906,-9.243385790114189e-8,0.07343801110982895,0.9526565074920654,-0.29504647850990298,0.022677240893244745,0.2941737174987793,0.9554829001426697],"EasingStyle":"Constant","EasingDirection":"In"},"HumanoidRootPart":{"Weight":0,"CFrame":[0,0,0,1,0,0,0,1,0,0,0,1],"EasingStyle":"Linear","EasingDirection":"In"},"Right Leg":{"Weight":1,"CFrame":[0.6899943351745606,0.3514143228530884,-0.006320923566818237,0.9962171912193298,0.0717625692486763,-0.04900491237640381,-0.06534071266651154,0.9903762936592102,0.12200634926557541,0.05728885531425476,-0.11834275722503662,0.9913188815116882],"EasingStyle":"Constant","EasingDirection":"In"}}},{"Time":0.8999999761581421,"poses":{"Left Leg":{"Weight":1,"CFrame":[-0.6153731346130371,0.4064550995826721,-0.1689680516719818,0.9886131286621094,0.105108343064785,-0.10768616199493408,-0.07087471336126328,0.9565121531486511,0.28295138478279116,0.13274358212947846,-0.272097110748291,0.9530698657035828],"EasingStyle":"Constant","EasingDirection":"In"},"Right Arm":{"Weight":1,"CFrame":[0.7598596811294556,-0.7089314460754395,-1.1920928955078126e-7,-0.8586378693580627,-0.0011062987614423037,0.5125817656517029,0.5101761221885681,0.0949467122554779,0.8548130393028259,-0.0496135950088501,0.9954817891120911,-0.08096075803041458],"EasingStyle":"Constant","EasingDirection":"In"},"Head":{"Weight":1,"CFrame":[8.407637608343066e-8,-2.9802322387695315e-8,2.086162567138672e-7,1,6.332992796842518e-8,6.891786341611805e-8,3.725290298461914e-9,0.7363913655281067,-0.676555871963501,-8.440829901701363e-8,0.676555871963501,0.7363914251327515],"EasingStyle":"Constant","EasingDirection":"In"},"Left Arm":{"Weight":1,"CFrame":[-0.7078292965888977,-0.5404366850852966,1.1920928955078126e-7,-0.8586378693580627,0.0011065484723076225,-0.5125815272331238,-0.510175883769989,0.09494655579328537,0.8548133373260498,0.04961366578936577,0.9954817891120911,-0.08096031099557877],"EasingStyle":"Constant","EasingDirection":"In"},"Torso":{"Weight":1,"CFrame":[-0.2160349190235138,-0.18610548973083497,-0.28218531608581545,0.9868530631065369,-0.1616201549768448,-9.768881170657551e-8,0.1544252634048462,0.9429212212562561,-0.29504647850990298,0.04768555238842964,0.2911675274372101,0.9554829001426697],"EasingStyle":"Constant","EasingDirection":"In"},"HumanoidRootPart":{"Weight":0,"CFrame":[0,0,0,1,0,0,0,1,0,0,0,1],"EasingStyle":"Linear","EasingDirection":"In"},"Right Leg":{"Weight":1,"CFrame":[0.7603510618209839,0.3553866147994995,0.06313815712928772,0.9823765158653259,0.15195417404174806,-0.10884149372577667,-0.14540012180805207,0.9871784448623657,0.06586038321256638,0.11745373904705048,-0.04887409135699272,0.9918749332427979],"EasingStyle":"Constant","EasingDirection":"In"}}},{"Time":1,"poses":{"Left Leg":{"Weight":1,"CFrame":[-0.6673679351806641,0.4881863594055176,-0.2673373222351074,0.9775422811508179,0.13824470341205598,-0.15905767679214478,-0.07275211811065674,0.9297392964363098,0.3609597682952881,0.19778312742710114,-0.3412817418575287,0.9189171195030212],"EasingStyle":"Constant","EasingDirection":"In"},"Right Arm":{"Weight":1,"CFrame":[0.8447202444076538,-0.9837450981140137,0,-0.8586378693580627,-0.0011062506819143892,0.5125817656517029,0.5101760029792786,0.09494689851999283,0.8548130393028259,-0.04961361736059189,0.9954817891120911,-0.08096076548099518],"EasingStyle":"Constant","EasingDirection":"In"},"Head":{"Weight":1,"CFrame":[1.1235034946821543e-7,8.940696716308594e-8,2.384185791015625e-7,1,6.70552182668871e-8,8.195637946073475e-8,3.352760913344355e-8,0.7363914251327515,-0.6765558123588562,-7.88844758403684e-8,0.676555871963501,0.7363913655281067],"EasingStyle":"Constant","EasingDirection":"In"},"Left Arm":{"Weight":1,"CFrame":[-0.6229687929153442,-0.26562264561653139,1.1920928955078126e-7,-0.8586379289627075,0.00110661203507334,-0.5125815272331238,-0.510175883769989,0.09494657069444657,0.8548132181167603,0.04961365833878517,0.9954817891120911,-0.08096031099557877],"EasingStyle":"Constant","EasingDirection":"In"},"Torso":{"Weight":1,"CFrame":[-0.3499580919742584,-0.18610550463199616,-0.381011962890625,0.9656413793563843,-0.2598783075809479,-1.0272891159956998e-7,0.24830922484397889,0.92265385389328,-0.29504653811454775,0.07667627185583115,0.28490912914276125,0.9554829001426697],"EasingStyle":"Constant","EasingDirection":"In"},"HumanoidRootPart":{"Weight":0,"CFrame":[0,0,0,1,0,0,0,1,0,0,0,1],"EasingStyle":"Linear","EasingDirection":"In"},"Right Leg":{"Weight":1,"CFrame":[0.866155207157135,0.3715096712112427,0.1661364734172821,0.9506323933601379,0.254621297121048,-0.17738685011863709,-0.2594953179359436,0.9657341837882996,-0.004442534875124693,0.17017751932144166,0.05025418847799301,0.9841312170028687],"EasingStyle":"Constant","EasingDirection":"In"}}},{"Time":1.100000023841858,"poses":{"Left Leg":{"Weight":1,"CFrame":[-0.7091648578643799,0.42766517400741579,-0.1994422972202301,0.9923065900802612,0.025190994143486024,-0.12121529132127762,0.011665178462862969,0.9557006359100342,0.2941093146800995,0.1232546716928482,-0.2932606637477875,0.9480541944503784],"EasingStyle":"Constant","EasingDirection":"In"},"Right Arm":{"Weight":1,"CFrame":[0.8282939195632935,-0.9305509328842163,-3.5762786865234377e-7,-0.858637809753418,-0.0011062480043619872,0.5125817656517029,0.5101760625839233,0.09494692087173462,0.8548130989074707,-0.04961360991001129,0.9954817891120911,-0.08096073567867279],"EasingStyle":"Constant","EasingDirection":"In"},"Head":{"Weight":1,"CFrame":[1.1109092667993537e-7,-2.9802322387695315e-8,2.9802322387695315e-8,1,6.705522537231445e-8,6.891787052154541e-8,9.313225746154785e-9,0.7363914251327515,-0.6765558123588562,-8.684583008289337e-8,0.6765558123588562,0.7363914251327515],"EasingStyle":"Constant","EasingDirection":"In"},"Left Arm":{"Weight":1,"CFrame":[-0.6393947601318359,-0.31881701946258547,1.1920928955078126e-7,-0.8586378693580627,0.00110656360629946,-0.5125815272331238,-0.510175883769989,0.09494654834270477,0.854813277721405,0.04961365461349487,0.9954817891120911,-0.08096031844615936],"EasingStyle":"Constant","EasingDirection":"In"},"Torso":{"Weight":1,"CFrame":[-0.23158816993236543,-0.16466885805130006,-0.3181076645851135,0.985179603099823,-0.171498641371727,-0.0030569855589419605,0.16476590931415559,0.951156735420227,-0.26106148958206179,0.047679368406534198,0.25668877363204958,0.96531742811203],"EasingStyle":"Constant","EasingDirection":"In"},"HumanoidRootPart":{"Weight":0,"CFrame":[0,0,0,1,0,0,0,1,0,0,0,1],"EasingStyle":"Linear","EasingDirection":"In"},"Right Leg":{"Weight":1,"CFrame":[0.8361204862594605,0.3435410261154175,0.0785854160785675,0.9651837348937988,0.23538276553153993,-0.11408477276563645,-0.2296808958053589,0.9713543653488159,0.060970935970544818,0.1251683235168457,-0.03264505788683891,0.99159836769104],"EasingStyle":"Constant","EasingDirection":"In"}}},{"Time":1.2000000476837159,"poses":{"Left Leg":{"Weight":1,"CFrame":[-0.7533489465713501,0.3351598381996155,-0.06530594825744629,0.9905858635902405,-0.13606519997119904,-0.015031738206744194,0.13658958673477174,0.9751070141792297,0.17466981709003449,-0.009108887985348702,-0.1750786006450653,0.9845123291015625],"EasingStyle":"Constant","EasingDirection":"In"},"Right Arm":{"Weight":1,"CFrame":[0.7872291803359985,-0.7975649833679199,-1.7881393432617188e-7,-0.8586379289627075,-0.0011063044657930732,0.5125817060470581,0.5101759433746338,0.0949467346072197,0.8548130989074707,-0.0496135950088501,0.9954817295074463,-0.0809607282280922],"EasingStyle":"Constant","EasingDirection":"In"},"Head":{"Weight":1,"CFrame":[8.742274815176643e-8,-5.960464477539063e-8,-2.086162567138672e-7,1,5.9146390896103188e-8,6.437738164777329e-8,1.7763568394002506e-15,0.7363914251327515,-0.6765558123588562,-8.74227694680485e-8,0.6765558123588562,0.7363914251327515],"EasingStyle":"Constant","EasingDirection":"In"},"Left Arm":{"Weight":1,"CFrame":[-0.6804599165916443,-0.4518028199672699,-5.960464477539063e-8,-0.8586379885673523,0.0011065431172028185,-0.5125814080238342,-0.5101757049560547,0.09494654834270477,0.854813277721405,0.049613676965236667,0.9954818487167358,-0.0809604674577713],"EasingStyle":"Constant","EasingDirection":"In"},"Torso":{"Weight":1,"CFrame":[0,-0.1434801071882248,-0.25606513023376467,1,0,-8.742277657347586e-8,-1.9886011060066268e-8,0.9737852215766907,-0.22746944427490235,8.513100624440995e-8,0.22746944427490235,0.9737852215766907],"EasingStyle":"Constant","EasingDirection":"In"},"HumanoidRootPart":{"Weight":0,"CFrame":[0,0,0,1,0,0,0,1,0,0,0,1],"EasingStyle":"Linear","EasingDirection":"In"},"Right Leg":{"Weight":1,"CFrame":[0.7533489465713501,0.33516013622283938,-0.06530585885047913,0.9905858635902405,0.1360652595758438,0.01503174938261509,-0.13658958673477174,0.9751070141792297,0.1746700257062912,0.009108923375606537,-0.17507879436016084,0.9845123291015625],"EasingStyle":"Constant","EasingDirection":"In"}}},{"Time":1.2999999523162842,"poses":{"Left Leg":{"Weight":1,"CFrame":[-0.7967760562896729,0.3125176429748535,0.04230916500091553,0.9725002646446228,-0.2173670530319214,0.0836346372961998,0.21016651391983033,0.9737816452980042,0.0870610699057579,-0.10036608576774597,-0.06708977371454239,0.9926860928535461],"EasingStyle":"Constant","EasingDirection":"In"},"Right Arm":{"Weight":1,"CFrame":[0.7338444590568543,-0.6246836185455322,-1.1920928955078126e-7,-0.8586378693580627,-0.0011062913108617068,0.5125817060470581,0.5101759433746338,0.09494674205780029,0.8548130989074707,-0.0496135912835598,0.9954817295074463,-0.08096073567867279],"EasingStyle":"Constant","EasingDirection":"In"},"Head":{"Weight":1,"CFrame":[6.144531994323188e-8,-5.960464477539063e-8,0,1,5.4016702222270399e-8,5.960463766996327e-8,-4.6566128730773929e-9,0.7363914251327515,-0.6765558123588562,-9.033828973770142e-8,0.6765558123588562,0.7363914251327515],"EasingStyle":"Constant","EasingDirection":"In"},"Left Arm":{"Weight":1,"CFrame":[-0.7338443398475647,-0.6246841549873352,5.960464477539063e-8,-0.8586379885673523,0.0011065335711464286,-0.5125814080238342,-0.5101757645606995,0.09494654834270477,0.854813277721405,0.049613673239946368,0.9954817891120911,-0.0809604749083519],"EasingStyle":"Constant","EasingDirection":"In"},"Torso":{"Weight":1,"CFrame":[0.18018925189971925,-0.15030145645141602,-0.2754228115081787,0.9911537766456604,0.13266053795814515,0.003925526514649391,-0.12791311740875245,0.9627352356910706,-0.23828375339508058,-0.03539009392261505,0.2356737107038498,0.9711876511573792],"EasingStyle":"Constant","EasingDirection":"In"},"HumanoidRootPart":{"Weight":0,"CFrame":[0,0,0,1,0,0,0,1,0,0,0,1],"EasingStyle":"Linear","EasingDirection":"In"},"Right Leg":{"Weight":1,"CFrame":[0.6961329579353333,0.37745606899261477,-0.16127878427505494,0.9944283366203308,0.012941914610564709,0.10461803525686264,-0.04021228104829788,0.9639637470245361,0.2629772424697876,-0.09744434058666229,-0.26571890711784365,0.9591132402420044],"EasingStyle":"Constant","EasingDirection":"In"}}},{"Time":1.399999976158142,"poses":{"Left Leg":{"Weight":1,"CFrame":[-0.8288604021072388,0.32518666982650759,0.11418300867080689,0.9586453437805176,-0.24615396559238435,0.14285463094711305,0.24403484165668488,0.9692234992980957,0.032447028905153278,-0.1464448720216751,0.003756323829293251,0.9892117381095886],"EasingStyle":"Constant","EasingDirection":"In"},"Right Arm":{"Weight":1,"CFrame":[0.6804598569869995,-0.45180225372314455,-1.7881393432617188e-7,-0.8586379885673523,-0.0011062653502449394,0.5125816464424133,0.5101760029792786,0.09494677186012268,0.8548130989074707,-0.049613598734140399,0.9954817295074463,-0.08096054941415787],"EasingStyle":"Constant","EasingDirection":"In"},"Head":{"Weight":1,"CFrame":[4.617621840452557e-8,2.9802322387695315e-8,2.086162567138672e-7,1,7.82310962677002e-8,4.842877388000488e-8,1.1175870895385743e-8,0.7363913655281067,-0.6765558123588562,-9.19681042432785e-8,0.6765557527542114,0.7363913655281067],"EasingStyle":"Constant","EasingDirection":"In"},"Left Arm":{"Weight":1,"CFrame":[-0.7872289419174194,-0.797565221786499,0,-0.8586380481719971,0.0011065456783398986,-0.512581467628479,-0.5101757049560547,0.09494654834270477,0.8548133373260498,0.04961369186639786,0.9954818487167358,-0.08096065372228623],"EasingStyle":"Constant","EasingDirection":"In"},"Torso":{"Weight":1,"CFrame":[0.2866867184638977,-0.16504251956939698,-0.3182104229927063,0.9773730039596558,0.21149085462093354,0.0037188157439231874,-0.2031732052564621,0.943534791469574,-0.261653870344162,-0.058846235275268558,0.254977822303772,0.9651547074317932],"EasingStyle":"Constant","EasingDirection":"In"},"HumanoidRootPart":{"Weight":0,"CFrame":[0,0,0,1,0,0,0,1,0,0,0,1],"EasingStyle":"Linear","EasingDirection":"In"},"Right Leg":{"Weight":1,"CFrame":[0.6656718254089356,0.42332398891448977,-0.21837830543518067,0.9861142635345459,-0.07832048088312149,0.1464395523071289,0.027724560350179673,0.9470696449279785,0.31982916593551638,-0.1637377291917801,-0.3113282024860382,0.9360901713371277],"EasingStyle":"Constant","EasingDirection":"In"}}},{"Time":1.5,"poses":{"Left Leg":{"Weight":1,"CFrame":[-0.8548247814178467,0.3544694185256958,0.15407490730285645,0.9521210789680481,-0.2538050711154938,0.17043589055538178,0.2569425106048584,0.9664194583892822,0.0037664268165826799,-0.16566850244998933,0.04020613804459572,0.9853615760803223],"EasingStyle":"Constant","EasingDirection":"In"},"Right Arm":{"Weight":1,"CFrame":[0.6393948197364807,-0.3188168704509735,-3.5762786865234377e-7,-0.8586378693580627,-0.00110632146243006,0.5125816464424133,0.510175883769989,0.09494660049676895,0.8548131585121155,-0.049613505601882938,0.9954818487167358,-0.08096057176589966],"EasingStyle":"Constant","EasingDirection":"In"},"Head":{"Weight":1,"CFrame":[7.348728559009032e-8,-5.960464477539063e-8,0,1,5.21540641784668e-8,6.332992796842518e-8,9.313225746154785e-9,0.7363914847373962,-0.6765558123588562,-8.021015673875809e-8,0.6765557527542114,0.7363914251327515],"EasingStyle":"Constant","EasingDirection":"In"},"Left Arm":{"Weight":1,"CFrame":[-0.8282942771911621,-0.9305506944656372,0,-0.8586381077766419,0.0011065190192312003,-0.5125814080238342,-0.5101756453514099,0.09494654834270477,0.854813277721405,0.049613699316978458,0.9954817891120911,-0.08096063882112503],"EasingStyle":"Constant","EasingDirection":"In"},"Torso":{"Weight":1,"CFrame":[0.33715584874153139,-0.17955785989761353,-0.36131054162979128,0.9683111906051636,0.2497430145740509,0.0013760882429778576,-0.23903122544288636,0.928347647190094,-0.2846660614013672,-0.07237083464860916,0.27531638741493227,0.958625853061676],"EasingStyle":"Constant","EasingDirection":"In"},"HumanoidRootPart":{"Weight":0,"CFrame":[0,0,0,1,0,0,0,1,0,0,0,1],"EasingStyle":"Linear","EasingDirection":"In"},"Right Leg":{"Weight":1,"CFrame":[0.6626558303833008,0.4670974612236023,-0.25389543175697329,0.9792980551719666,-0.12580762803554536,0.15858106315135957,0.06312979757785797,0.9341539740562439,0.35124191641807558,-0.19232788681983949,-0.33395928144454958,0.9227574467658997],"EasingStyle":"Constant","EasingDirection":"In"}}},{"Time":1.600000023841858,"poses":{"Left Leg":{"Weight":1,"CFrame":[-0.8661549091339111,0.37150949239730837,0.16613632440567017,0.9506323337554932,-0.254621297121048,0.17738686501979829,0.2594953179359436,0.9657341837882996,-0.004442737437784672,-0.1701774299144745,0.05025438964366913,0.9841312170028687],"EasingStyle":"Constant","EasingDirection":"In"},"Right Arm":{"Weight":1,"CFrame":[0.6229686737060547,-0.2656225264072418,-4.172325134277344e-7,-0.8586376905441284,-0.0011063364800065756,0.5125818848609924,0.5101761817932129,0.09494654834270477,0.8548129796981812,-0.04961346089839935,0.9954818487167358,-0.08096045255661011],"EasingStyle":"Constant","EasingDirection":"In"},"Head":{"Weight":1,"CFrame":[1.2374851365848372e-8,1.7881393432617188e-7,-1.1920928955078126e-7,1,5.21540641784668e-8,5.21540641784668e-8,-1.862645371275562e-9,0.7363913655281067,-0.6765557527542114,-7.939647161947505e-8,0.6765558123588562,0.7363913655281067],"EasingStyle":"Constant","EasingDirection":"In"},"Left Arm":{"Weight":1,"CFrame":[-0.8447203636169434,-0.9837455153465271,1.1920928955078126e-7,-0.8586380481719971,0.001106603187508881,-0.512581467628479,-0.5101757645606995,0.0949467271566391,0.8548132181167603,0.0496138371527195,0.9954817891120911,-0.08096063882112503],"EasingStyle":"Constant","EasingDirection":"In"},"Torso":{"Weight":1,"CFrame":[0.34995806217193606,-0.18610550463199616,-0.381011962890625,0.9656413793563843,0.2598783075809479,-6.610918745764138e-8,-0.24830928444862367,0.92265385389328,-0.29504647850990298,-0.07667610794305802,0.28490912914276125,0.9554829001426697],"EasingStyle":"Constant","EasingDirection":"In"},"HumanoidRootPart":{"Weight":0,"CFrame":[0,0,0,1,0,0,0,1,0,0,0,1],"EasingStyle":"Linear","EasingDirection":"In"},"Right Leg":{"Weight":1,"CFrame":[0.6673679351806641,0.4881865382194519,-0.2673371732234955,0.9775422811508179,-0.13824471831321717,0.1590576469898224,0.07275217026472092,0.929739236831665,0.36095988750457766,-0.19778312742710114,-0.3412819802761078,0.9189170598983765],"EasingStyle":"Constant","EasingDirection":"In"}}},{"Time":1.7000000476837159,"poses":{"Left Leg":{"Weight":1,"CFrame":[-0.8388388752937317,0.36171960830688479,0.04214000701904297,0.9718983769416809,-0.21943698823451997,0.08521216362714768,0.21188004314899445,0.9731876850128174,0.08951342850923538,-0.10256997495889664,-0.06894318014383316,0.992333710193634],"EasingStyle":"Constant","EasingDirection":"In"},"Right Arm":{"Weight":1,"CFrame":[0.6229687929153442,-0.2656228542327881,-1.7881393432617188e-7,-0.8586377501487732,-0.0011063028359785677,0.5125818252563477,0.5101761817932129,0.09494653344154358,0.8548130393028259,-0.04961349070072174,0.9954817891120911,-0.0809604600071907],"EasingStyle":"Constant","EasingDirection":"In"},"Head":{"Weight":1,"CFrame":[7.675055968547895e-8,-8.940696716308594e-8,-1.1920928955078126e-7,1,4.842877388000488e-8,7.078051567077637e-8,2.421438694000244e-8,0.7363914251327515,-0.6765558123588562,-8.800998330116272e-8,0.6765558123588562,0.7363914251327515],"EasingStyle":"Constant","EasingDirection":"In"},"Left Arm":{"Weight":1,"CFrame":[-0.8447197675704956,-0.9837455749511719,1.1920928955078126e-7,-0.8586378693580627,0.0011066185543313623,-0.512581467628479,-0.5101758241653442,0.09494674205780029,0.854813277721405,0.04961380735039711,0.9954817295074463,-0.08096044510602951],"EasingStyle":"Constant","EasingDirection":"In"},"Torso":{"Weight":1,"CFrame":[0.1764327585697174,-0.16489340364933015,-0.3181672692298889,0.9913704991340637,0.13106952607631684,0.002304668305441737,-0.12591470777988435,0.9569778442382813,-0.2614174485206604,-0.03646937012672424,0.2588713467121124,0.9652231931686401],"EasingStyle":"Constant","EasingDirection":"In"},"HumanoidRootPart":{"Weight":0,"CFrame":[0,0,0,1,0,0,0,1,0,0,0,1],"EasingStyle":"Linear","EasingDirection":"In"},"Right Leg":{"Weight":1,"CFrame":[0.7445383071899414,0.4283243417739868,-0.175068199634552,0.995253324508667,0.02160290814936161,0.09489000588655472,-0.046423133462667468,0.9623516201972961,0.2678140699863434,-0.0855318158864975,-0.27094796299934389,0.9587864875793457],"EasingStyle":"Constant","EasingDirection":"In"}}},{"Time":1.7999999523162842,"poses":{"Left Leg":{"Weight":1,"CFrame":[-0.7533489465713501,0.3351598381996155,-0.06530594825744629,0.9905858635902405,-0.13606519997119904,-0.015031738206744194,0.13658958673477174,0.9751070141792297,0.17466981709003449,-0.009108887985348702,-0.1750786006450653,0.9845123291015625],"EasingStyle":"Constant","EasingDirection":"In"},"Right Arm":{"Weight":1,"CFrame":[0.6229687929153442,-0.2656227648258209,-2.384185791015625e-7,-0.8586377501487732,-0.0011063009733334184,0.5125818252563477,0.5101761817932129,0.09494654089212418,0.8548130393028259,-0.049613479524850848,0.9954818487167358,-0.08096045255661011],"EasingStyle":"Constant","EasingDirection":"In"},"Head":{"Weight":1,"CFrame":[8.742274815176643e-8,-5.960464477539063e-8,-2.086162567138672e-7,1,5.9146390896103188e-8,6.437738164777329e-8,1.7763568394002506e-15,0.7363914251327515,-0.6765558123588562,-8.74227694680485e-8,0.6765558123588562,0.7363914251327515],"EasingStyle":"Constant","EasingDirection":"In"},"Left Arm":{"Weight":1,"CFrame":[-0.8447200059890747,-0.9837452173233032,1.1920928955078126e-7,-0.8586379289627075,0.0011066602310165763,-0.512581467628479,-0.5101757645606995,0.09494655579328537,0.8548132181167603,0.04961380362510681,0.9954817891120911,-0.08096045255661011],"EasingStyle":"Constant","EasingDirection":"In"},"Torso":{"Weight":1,"CFrame":[0,-0.1434801071882248,-0.25606513023376467,1,0,-8.742277657347586e-8,-1.9886011060066268e-8,0.9737852215766907,-0.22746944427490235,8.513100624440995e-8,0.22746944427490235,0.9737852215766907],"EasingStyle":"Constant","EasingDirection":"In"},"HumanoidRootPart":{"Weight":0,"CFrame":[0,0,0,1,0,0,0,1,0,0,0,1],"EasingStyle":"Linear","EasingDirection":"In"},"Right Leg":{"Weight":1,"CFrame":[0.7533489465713501,0.33516013622283938,-0.06530585885047913,0.9905858635902405,0.1360652595758438,0.01503174938261509,-0.13658958673477174,0.9751070141792297,0.1746700257062912,0.009108923375606537,-0.17507879436016084,0.9845123291015625],"EasingStyle":"Constant","EasingDirection":"In"}}},{"Time":1.899999976158142,"poses":{"Left Leg":{"Weight":1,"CFrame":[-0.8422012329101563,0.4673374891281128,-0.08002796769142151,0.9918552041053772,-0.12736529111862184,0.0011720024049282075,0.12498204410076142,0.9749866724014282,0.18379509449005128,-0.024551814422011377,-0.18215158581733704,0.9829639196395874],"EasingStyle":"Constant","EasingDirection":"In"},"Right Arm":{"Weight":1,"CFrame":[0.622968852519989,-0.26562249660491946,-2.384185791015625e-7,-0.8586377501487732,-0.0011063009733334184,0.5125818848609924,0.5101761221885681,0.09494654089212418,0.8548129796981812,-0.04961347579956055,0.9954818487167358,-0.08096043765544892],"EasingStyle":"Constant","EasingDirection":"In"},"Head":{"Weight":1,"CFrame":[8.742279078433057e-8,-2.9802322387695315e-8,2.682209014892578e-7,1,5.9146387343389509e-8,6.437738164777329e-8,0,0.7363914251327515,-0.6765557527542114,-8.742278367890322e-8,0.6765557527542114,0.7363914251327515],"EasingStyle":"Constant","EasingDirection":"In"},"Left Arm":{"Weight":1,"CFrame":[-0.8447201251983643,-0.9837454557418823,1.7881393432617188e-7,-0.8586379289627075,0.0011065822327509523,-0.5125815272331238,-0.5101758241653442,0.09494654834270477,0.854813277721405,0.04961368814110756,