{"Sequence":[{"Time":0,"poses":{"Left Leg":{"Weight":1,"CFrame":[0.09388430416584015,0.7837938666343689,0.10698854923248291,0.6543999910354614,0.7179393172264099,0.2373262196779251,-0.7059346437454224,0.6925393342971802,-0.1484774947166443,-0.2709557116031647,-0.07037307322025299,0.9600160121917725],"EasingStyle":"Linear","EasingDirection":"In"},"Head":{"Weight":1,"CFrame":[8.742274815176643e-8,-2.2351741790771486e-8,-4.76837158203125e-7,1,-6.357301884918343e-8,8.742277657347586e-8,6.357303306003814e-8,1,-9.12696123123169e-8,-8.74227694680485e-8,9.126961941774425e-8,1],"EasingStyle":"Linear","EasingDirection":"In"},"Right Arm":{"Weight":1,"CFrame":[0.11172103881835938,-0.5172134041786194,-0.30489248037338259,0.2920442223548889,-0.9011367559432983,0.32041025161743166,0.8839197158813477,0.3822495937347412,0.2693904638290405,-0.3652343153953552,0.20454294979572297,0.9081662893295288],"EasingStyle":"Linear","EasingDirection":"In"},"Left Arm":{"Weight":1,"CFrame":[-0.17026588320732118,-0.5146801471710205,-0.105857253074646,0.2679847180843353,0.8688046932220459,-0.41636860370635989,-0.900030255317688,0.3799424171447754,0.21351630985736848,0.34370002150535586,0.31752514839172366,0.883769154548645],"EasingStyle":"Linear","EasingDirection":"In"},"handle":{"Weight":1,"CFrame":[7.460039341822267e-8,0.007893979549407959,-0.2634725272655487,0.9999114871025086,-0.01330503448843956,6.597098689553605e-8,0.013300001621246338,0.9995329976081848,-0.02751089446246624,0.0003659674839582294,0.027508458122611047,0.9996215105056763],"EasingStyle":"Linear","EasingDirection":"In"},"Torso":{"Weight":1,"CFrame":[0,0.2398877739906311,-0.0003025531768798828,1,0,-8.742277657347586e-8,-2.4050788027807359e-9,0.9996215105056763,-0.02751089446246624,8.738968659827151e-8,0.02751089446246624,0.9996215105056763],"EasingStyle":"Linear","EasingDirection":"In"},"HumanoidRootPart":{"Weight":0,"CFrame":[0,0,0,1,0,0,0,1,0,0,0,1],"EasingStyle":"Linear","EasingDirection":"In"},"Right Leg":{"Weight":1,"CFrame":[-0.048356980085372928,0.8513529896736145,0.03798699378967285,0.6836532354354858,-0.706366240978241,-0.18348048627376557,0.7130265831947327,0.7000827193260193,-0.0384337343275547,0.155599907040596,-0.10455115139484406,0.9822717308998108],"EasingStyle":"Linear","EasingDirection":"In"}}},{"Time":0.03333333507180214,"poses":{"Left Leg":{"Weight":1,"CFrame":[0.12418533116579056,0.7904112339019775,0.11980140209197998,0.6351349353790283,0.7341524958610535,0.24004897475242616,-0.7159090638160706,0.6762002110481262,-0.17386111617088319,-0.2899617552757263,-0.06142793595790863,0.9550648331642151],"EasingStyle":"Linear","EasingDirection":"In"},"Head":{"Weight":1,"CFrame":[8.742273394091171e-8,1.4901161193847657e-8,-1.7881393432617188e-7,0.9991755485534668,-0.035201720893383029,0.020224466919898988,0.035242438316345218,0.999377429485321,-0.001660490408539772,-0.02015342190861702,0.0023718804586678745,0.999794065952301],"EasingStyle":"Linear","EasingDirection":"In"},"Right Arm":{"Weight":1,"CFrame":[0.11175237596035004,-0.5176784992218018,-0.30489248037338259,0.29034310579299929,-0.9025535583496094,0.3179590106010437,0.8839048147201538,0.38025400042533877,0.27224844694137576,-0.36662396788597109,0.20199993252754212,0.908175528049469],"EasingStyle":"Linear","EasingDirection":"In"},"Left Arm":{"Weight":1,"CFrame":[-0.17026175558567048,-0.5146195888519287,-0.105857253074646,0.2659943401813507,0.8694908618927002,-0.41621237993240359,-0.9005082249641419,0.3782027065753937,0.21458707749843598,0.3439941108226776,0.3177236318588257,0.8835834264755249],"EasingStyle":"Linear","EasingDirection":"In"},"handle":{"Weight":1,"CFrame":[7.460039341822267e-8,0.007894039154052735,-0.26347246766090395,0.9999231696128845,-0.012395176105201245,-0.000018832777641364374,0.01239100657403469,0.9996239542961121,-0.024462785571813585,0.0003220462240278721,0.024460673332214357,0.9997007250785828],"EasingStyle":"Linear","EasingDirection":"In"},"Torso":{"Weight":1,"CFrame":[0,0.23498913645744325,-0.0473628044128418,1,0,-8.742277657347586e-8,-2.4050788027807359e-9,0.9996215105056763,-0.02751089446246624,8.738968659827151e-8,0.02751089446246624,0.9996215105056763],"EasingStyle":"Linear","EasingDirection":"In"},"HumanoidRootPart":{"Weight":0,"CFrame":[0,0,0,1,0,0,0,1,0,0,0,1],"EasingStyle":"Linear","EasingDirection":"In"},"Right Leg":{"Weight":1,"CFrame":[-0.07441197335720062,0.8704679012298584,0.0384441614151001,0.6683498024940491,-0.7206453680992127,-0.1843334138393402,0.7267680168151856,0.6854340434074402,-0.0445912703871727,0.15848298370838166,-0.10416508466005326,0.9818516969680786],"EasingStyle":"Linear","EasingDirection":"In"}}},{"Time":0.06666667014360428,"poses":{"Left Leg":{"Weight":1,"CFrame":[0.15871647000312806,0.7863451242446899,0.13863277435302735,0.6117591261863709,0.7525807619094849,0.24366547167301179,-0.7242772579193115,0.6567478775978088,-0.2100115865468979,-0.3180775046348572,-0.04800485819578171,0.9468485713005066],"EasingStyle":"Linear","EasingDirection":"In"},"Head":{"Weight":1,"CFrame":[8.74227694680485e-8,7.450580596923828e-9,0,0.9911531805992127,-0.12717023491859437,0.03798803687095642,0.1274586319923401,0.9918299317359924,-0.005259055644273758,-0.03700888156890869,0.010054436512291432,0.9992643594741821],"EasingStyle":"Linear","EasingDirection":"In"},"Right Arm":{"Weight":1,"CFrame":[0.1117759644985199,-0.5180279612541199,-0.30489248037338259,0.2855711579322815,-0.9049077033996582,0.31558069586753847,0.8851840496063232,0.3752559423446655,0.27501317858695986,-0.3672851026058197,0.20081104338169099,0.9081721305847168],"EasingStyle":"Linear","EasingDirection":"In"},"Left Arm":{"Weight":1,"CFrame":[-0.1702510118484497,-0.5144596099853516,-0.105857253074646,0.2610131800174713,0.8714969158172607,-0.4151690602302551,-0.9019123315811157,0.37347671389579775,0.21695460379123689,0.344131201505661,0.3178179860115051,0.883496105670929],"EasingStyle":"Linear","EasingDirection":"In"},"handle":{"Weight":1,"CFrame":[7.460039341822267e-8,0.00789421796798706,-0.2634724974632263,0.9999504089355469,-0.0099565414711833,-0.000048509293264942247,0.009954110719263554,0.9997928142547607,-0.017756396904587747,0.0002252915146527812,0.01775503344833851,0.9998423457145691],"EasingStyle":"Linear","EasingDirection":"In"},"Torso":{"Weight":1,"CFrame":[0,0.2209356427192688,-0.09442281723022461,1,0,-8.742277657347586e-8,-2.4050788027807359e-9,0.9996215105056763,-0.02751089446246624,8.738968659827151e-8,0.02751089446246624,0.9996215105056763],"EasingStyle":"Linear","EasingDirection":"In"},"HumanoidRootPart":{"Weight":0,"CFrame":[0,0,0,1,0,0,0,1,0,0,0,1],"EasingStyle":"Linear","EasingDirection":"In"},"Right Leg":{"Weight":1,"CFrame":[-0.10284455120563507,0.8850122094154358,0.04053819179534912,0.6508185863494873,-0.736208975315094,-0.1855575442314148,0.7414150238037109,0.6689092516899109,-0.05351633206009865,0.1635204404592514,-0.10274575650691986,0.9811750054359436],"EasingStyle":"Linear","EasingDirection":"In"}}},{"Time":0.10000000149011612,"poses":{"Left Leg":{"Weight":1,"CFrame":[0.15328890085220338,0.7878220081329346,0.13532328605651856,0.6155394911766052,0.749688982963562,0.24305874109268189,-0.7232352495193481,0.6598692536354065,-0.20372362434864045,-0.3131163418292999,-0.050388652831315997,0.9483771324157715],"EasingStyle":"Linear","EasingDirection":"In"},"Head":{"Weight":1,"CFrame":[8.742274815176643e-8,-2.2351741790771486e-8,-5.960464477539063e-8,0.9645488262176514,-0.25834569334983828,0.0538797490298748,0.25920018553733828,0.9657778143882752,-0.009404259733855725,-0.0496063157916069,0.02303651161491871,0.9985031485557556],"EasingStyle":"Linear","EasingDirection":"In"},"Right Arm":{"Weight":1,"CFrame":[0.1117928996682167,-0.5182785391807556,-0.30489248037338259,0.2787300944328308,-0.9078141450881958,0.3133416473865509,0.887320876121521,0.36824968457221987,0.2775857150554657,-0.3673842251300812,0.2006630152463913,0.9081647396087647],"EasingStyle":"Linear","EasingDirection":"In"},"Left Arm":{"Weight":1,"CFrame":[-0.1702357977628708,-0.5142338871955872,-0.105857253074646,0.2540321946144104,0.8743488192558289,-0.4134995937347412,-0.9038971066474915,0.3667384088039398,0.22016558051109315,0.344147652387619,0.31783178448677065,0.8834846615791321],"EasingStyle":"Linear","EasingDirection":"In"},"handle":{"Weight":1,"CFrame":[7.460039341822267e-8,0.007894158363342286,-0.2634725272655487,0.9999793767929077,-0.006425936706364155,-0.000052837909606751057,0.006424960680305958,0.9999183416366577,-0.011049175634980202,0.00012383487774059176,0.011048607528209687,0.99993896484375],"EasingStyle":"Linear","EasingDirection":"In"},"Torso":{"Weight":1,"CFrame":[0,0.1986909806728363,-0.08745098114013672,1,0,-8.742277657347586e-8,-2.4050788027807359e-9,0.9996215105056763,-0.02751089446246624,8.738968659827151e-8,0.02751089446246624,0.9996215105056763],"EasingStyle":"Linear","EasingDirection":"In"},"HumanoidRootPart":{"Weight":0,"CFrame":[0,0,0,1,0,0,0,1,0,0,0,1],"EasingStyle":"Linear","EasingDirection":"In"},"Right Leg":{"Weight":1,"CFrame":[-0.0984802320599556,0.8831847906112671,0.04007291793823242,0.6535676121711731,-0.7338235378265381,-0.1853436678647995,0.7392011880874634,0.6714781522750855,-0.05194923281669617,0.16257590055465699,-0.1030539721250534,0.981299638748169],"EasingStyle":"Linear","EasingDirection":"In"}}},{"Time":0.13333334028720857,"poses":{"Left Leg":{"Weight":1,"CFrame":[0.14021804928779603,0.7900804877281189,0.12790846824645997,0.624478280544281,0.7427173256874085,0.24165627360343934,-0.7202788591384888,0.6672852039337158,-0.1895492523908615,-0.3020351827144623,-0.05569047853350639,0.9516686797142029],"EasingStyle":"Linear","EasingDirection":"In"},"Head":{"Weight":1,"CFrame":[8.742274815176643e-8,-2.2351741790771486e-8,-1.1920928955078126e-7,0.9107115864753723,-0.40738025307655337,0.06815985590219498,0.40912890434265139,0.9123781323432922,-0.013403436169028283,-0.056727271527051929,0.0400928296148777,0.9975844025611877],"EasingStyle":"Linear","EasingDirection":"In"},"Right Arm":{"Weight":1,"CFrame":[0.11180423200130463,-0.5184465050697327,-0.30489248037338259,0.2708266079425812,-0.9108980298042297,0.31131595373153689,0.8898895382881165,0.360232412815094,0.27987369894981387,-0.36708247661590578,0.20123951137065888,0.9081591963768005],"EasingStyle":"Linear","EasingDirection":"In"},"Left Arm":{"Weight":1,"CFrame":[-0.1702183336019516,-0.5139753222465515,-0.105857253074646,0.2460470199584961,0.8775829076766968,-0.41147199273109438,-0.9061287045478821,0.35896849632263186,0.223768413066864,0.3440808057785034,0.31778907775878909,0.8835261464118958],"EasingStyle":"Linear","EasingDirection":"In"},"handle":{"Weight":1,"CFrame":[7.460039341822267e-8,0.007893621921539307,-0.2634725272655487,0.9999974966049194,-0.0022404782939702274,-0.000021795989596284927,0.0022402324248105289,0.999965488910675,-0.008000247180461884,0.000039719612686894837,0.008000178262591362,0.9999679923057556],"EasingStyle":"Linear","EasingDirection":"In"},"Torso":{"Weight":1,"CFrame":[0,0.16921880841255189,-0.07002115249633789,1,0,-8.742277657347586e-8,-2.4050788027807359e-9,0.9996215105056763,-0.02751089446246624,8.738968659827151e-8,0.02751089446246624,0.9996215105056763],"EasingStyle":"Linear","EasingDirection":"In"},"HumanoidRootPart":{"Weight":0,"CFrame":[0,0,0,1,0,0,0,1,0,0,0,1],"EasingStyle":"Linear","EasingDirection":"In"},"Right Leg":{"Weight":1,"CFrame":[-0.0878029465675354,0.8780979514122009,0.039171695709228519,0.6602034568786621,-0.7279815077781677,-0.18486307561397553,0.7337273359298706,0.6777151226997376,-0.04843985661864281,0.1605478823184967,-0.1036589965224266,0.981569766998291],"EasingStyle":"Linear","EasingDirection":"In"}}},{"Time":0.1666666716337204,"poses":{"Left Leg":{"Weight":1,"CFrame":[0.12418512254953385,0.790411114692688,0.11980128288269043,0.6351350545883179,0.7341524362564087,0.24004900455474854,-0.7159090042114258,0.6762002110481262,-0.17386102676391602,-0.28996172547340395,-0.061427973210811618,0.9550648331642151],"EasingStyle":"Linear","EasingDirection":"In"},"Head":{"Weight":1,"CFrame":[8.7422719730057e-8,-7.450580596923828e-9,-2.384185791015625e-7,0.8304740786552429,-0.5511631369590759,0.08082081377506256,0.554049551486969,0.8323068022727966,-0.017161091789603235,-0.05780915543437004,0.059030573815107349,0.9965808987617493],"EasingStyle":"Linear","EasingDirection":"In"},"Right Arm":{"Weight":1,"CFrame":[0.1118110939860344,-0.5185487866401672,-0.30489248037338259,0.26287832856178286,-0.9138116240501404,0.30958545207977297,0.8924914598464966,0.3522116541862488,0.28179076313972475,-0.3665432929992676,0.2022257000207901,0.9081579446792603],"EasingStyle":"Linear","EasingDirection":"In"},"Left Arm":{"Weight":1,"CFrame":[-0.1702008694410324,-0.5137165784835815,-0.105857253074646,0.2380620837211609,0.8807644844055176,-0.40936583280563357,-0.9083024263381958,0.3511594235897064,0.22731851041316987,0.3439667224884033,0.31771206855773928,0.883598268032074],"EasingStyle":"Linear","EasingDirection":"In"},"handle":{"Weight":1,"CFrame":[7.460039341822267e-8,0.007893979549407959,-0.2634724974632263,0.9999976754188538,0.002163291210308671,0.00001787517248885706,-0.0021629612892866136,0.9999366402626038,-0.011048994958400727,-0.0000417762239521835,0.011048931628465653,0.99993896484375],"EasingStyle":"Linear","EasingDirection":"In"},"Torso":{"Weight":1,"CFrame":[0,0.13348275423049928,-0.0473628044128418,1,0,-8.742277657347586e-8,-2.4050788027807359e-9,0.9996215105056763,-0.02751089446246624,8.738968659827151e-8,0.02751089446246624,0.9996215105056763],"EasingStyle":"Linear","EasingDirection":"In"},"HumanoidRootPart":{"Weight":0,"CFrame":[0,0,0,1,0,0,0,1,0,0,0,1],"EasingStyle":"Linear","EasingDirection":"In"},"Right Leg":{"Weight":1,"CFrame":[-0.07441170513629914,0.8704678416252136,0.03844428062438965,0.6683498024940491,-0.7206453680992127,-0.18433351814746858,0.7267680168151856,0.6854340434074402,-0.04459121450781822,0.15848298370838166,-0.10416523367166519,0.9818516969680786],"EasingStyle":"Linear","EasingDirection":"In"}}},{"Time":0.20000000298023225,"poses":{"Left Leg":{"Weight":1,"CFrame":[0.10911988466978073,0.7883140444755554,0.11306130886077881,0.6448526978492737,0.7260942459106445,0.23864641785621644,-0.711190938949585,0.6844056844711304,-0.1606123149394989,-0.27995073795318606,-0.06615187227725983,0.9577324986457825],"EasingStyle":"Linear","EasingDirection":"In"},"Head":{"Weight":1,"CFrame":[8.742276236262114e-8,-1.4901161193847657e-8,-1.7881393432617188e-7,0.7360123991966248,-0.6707165837287903,0.09178784489631653,0.6748464107513428,0.7376564145088196,-0.021102989092469217,-0.05355376377701759,0.07747475802898407,0.9955549240112305],"EasingStyle":"Linear","EasingDirection":"In"},"Right Arm":{"Weight":1,"CFrame":[0.11181461811065674,-0.5186008810997009,-0.30489248037338259,0.25591468811035159,-0.9162408113479614,0.30823758244514468,0.8947613835334778,0.34520718455314639,0.28325632214546206,-0.36593684554100039,0.2033095359802246,0.9081604480743408],"EasingStyle":"Linear","EasingDirection":"In"},"Left Arm":{"Weight":1,"CFrame":[-0.1701856553554535,-0.5134907364845276,-0.105857253074646,0.23109212517738343,0.8834922909736633,-0.40747758746147158,-0.9101479053497315,0.3443187177181244,0.2303808331489563,0.3438418507575989,0.31762561202049258,0.8836779594421387],"EasingStyle":"Linear","EasingDirection":"In"},"handle":{"Weight":1,"CFrame":[7.460039341822267e-8,0.007893562316894532,-0.2634725272655487,0.9999798536300659,0.0063489703461527828,0.00003104033021372743,-0.006347417365759611,0.999822199344635,-0.017756229266524316,-0.00014376858598552644,0.017755674198269845,0.9998423457145691],"EasingStyle":"Linear","EasingDirection":"In"},"Torso":{"Weight":1,"CFrame":[0,0.09244657307863236,-0.0247039794921875,1,0,-8.742277657347586e-8,-2.4050788027807359e-9,0.9996215105056763,-0.02751089446246624,8.738968659827151e-8,0.02751089446246624,0.9996215105056763],"EasingStyle":"Linear","EasingDirection":"In"},"HumanoidRootPart":{"Weight":0,"CFrame":[0,0,0,1,0,0,0,1,0,0,0,1],"EasingStyle":"Linear","EasingDirection":"In"},"Right Leg":{"Weight":1,"CFrame":[-0.06156802177429199,0.8617874979972839,0.03808426856994629,0.6759827733039856,-0.7136054039001465,-0.18388774991035462,0.720020055770874,0.6927191615104675,-0.0413673035800457,0.15690255165100099,-0.10443929582834244,0.9820764064788818],"EasingStyle":"Linear","EasingDirection":"In"}}},{"Time":0.23333333432674409,"poses":{"Left Leg":{"Weight":1,"CFrame":[0.09813694655895233,0.7853032350540161,0.10861551761627197,0.651762843132019,0.7202156782150269,0.23768551647663117,-0.7074448466300964,0.6902857422828674,-0.15174812078475953,-0.273362398147583,-0.0692455843091011,0.9594154953956604],"EasingStyle":"Linear","EasingDirection":"In"},"Head":{"Weight":1,"CFrame":[8.7422719730057e-8,-9.313225746154785e-9,-2.980232238769531e-7,0.646882951259613,-0.7558624148368836,0.10106681287288666,0.7612119317054749,0.6479804515838623,-0.02603161707520485,-0.04581300541758537,0.09377268701791763,0.9945390224456787],"EasingStyle":"Linear","EasingDirection":"In"},"Right Arm":{"Weight":1,"CFrame":[0.1118159145116806,-0.5186200737953186,-0.30489248037338259,0.2509736120700836,-0.9178999662399292,0.3073629140853882,0.8963625431060791,0.3402480483055115,0.28419259190559389,-0.3654400408267975,0.2041836678981781,0.9081644415855408],"EasingStyle":"Linear","EasingDirection":"In"},"Left Arm":{"Weight":1,"CFrame":[-0.17017489671707154,-0.5133308172225952,-0.105857253074646,0.22615909576416017,0.8853940963745117,-0.4061150848865509,-0.9114241600036621,0.33946481347084048,0.23252859711647035,0.34374120831489565,0.3175545930862427,0.88374263048172],"EasingStyle":"Linear","EasingDirection":"In"},"handle":{"Weight":1,"CFrame":[7.460039341822267e-8,0.007894158363342286,-0.2634724974632263,0.999951183795929,0.00987950712442398,0.000015128127415664494,-0.009876180440187455,0.9996519684791565,-0.02446281909942627,-0.0002568034688010812,0.024461477994918824,0.9997007250785828],"EasingStyle":"Linear","EasingDirection":"In"},"Torso":{"Weight":1,"CFrame":[0,0.04707387834787369,-0.0072743892669677738,1,0,-8.742277657347586e-8,-2.4050788027807359e-9,0.9996215105056763,-0.02751089446246624,8.738968659827151e-8,0.02751089446246624,0.9996215105056763],"EasingStyle":"Linear","EasingDirection":"In"},"HumanoidRootPart":{"Weight":0,"CFrame":[0,0,0,1,0,0,0,1,0,0,0,1],"EasingStyle":"Linear","EasingDirection":"In"},"Right Leg":{"Weight":1,"CFrame":[-0.05206511914730072,0.854445219039917,0.03799009323120117,0.6815186142921448,-0.7083975076675415,-0.1835901290178299,0.7149937748908997,0.698029637336731,-0.03922282159328461,0.15593679249286652,-0.10453475266695023,0.9822200536727905],"EasingStyle":"Linear","EasingDirection":"In"}}},{"Time":0.2666666805744171,"poses":{"Left Leg":{"Weight":1,"CFrame":[0.09388447552919388,0.7837939262390137,0.10698878765106201,0.6543999314308167,0.7179393768310547,0.2373262196779251,-0.7059346437454224,0.6925392746925354,-0.14847779273986817,-0.2709558606147766,-0.07037294656038284,0.9600159525871277],"EasingStyle":"Linear","EasingDirection":"In"},"Head":{"Weight":1,"CFrame":[8.742274815176643e-8,-1.4901161193847657e-8,-4.172325134277344e-7,0.5840388536453247,-0.8044150471687317,0.10869725048542023,0.8108831644058228,0.5842777490615845,-0.03298589959740639,-0.03697502985596657,0.10740580409765244,0.9935274720191956],"EasingStyle":"Linear","EasingDirection":"In"},"Right Arm":{"Weight":1,"CFrame":[0.11181610822677612,-0.5186229944229126,-0.30489248037338259,0.24909573793411256,-0.9185153841972351,0.30705177783966067,0.8969700336456299,0.3383662700653076,0.2845224142074585,-0.36523422598838808,0.2045428603887558,0.9081664085388184],"EasingStyle":"Linear","EasingDirection":"In"},"Left Arm":{"Weight":1,"CFrame":[-0.17017079889774323,-0.5132706761360169,-0.105857253074646,0.2242875099182129,0.8861095309257507,-0.4055922031402588,-0.911902129650116,0.3376203775405884,0.233338862657547,0.34369996190071108,0.31752538681030276,0.883769154548645],"EasingStyle":"Linear","EasingDirection":"In"},"handle":{"Weight":1,"CFrame":[7.460039341822267e-8,0.00789409875869751,-0.2634725272655487,0.9999241232872009,0.012317955493927002,6.597178980882745e-8,-0.012313291430473328,0.9995456337928772,-0.02751089446246624,-0.0003389439079910517,0.027508806437253953,0.9996215105056763],"EasingStyle":"Linear","EasingDirection":"In"},"Torso":{"Weight":1,"CFrame":[0,-0.0016716495156288148,-0.0003025531768798828,1,0,-8.742277657347586e-8,-2.4050788027807359e-9,0.9996215105056763,-0.02751089446246624,8.738968659827151e-8,0.02751089446246624,0.9996215105056763],"EasingStyle":"Linear","EasingDirection":"In"},"HumanoidRootPart":{"Weight":0,"CFrame":[0,0,0,1,0,0,0,1,0,0,0,1],"EasingStyle":"Linear","EasingDirection":"In"},"Right Leg":{"Weight":1,"CFrame":[-0.04835702106356621,0.8513530492782593,0.03798699378967285,0.6836531758308411,-0.7063663005828857,-0.18348048627376557,0.7130266427993774,0.7000826597213745,-0.03843403607606888,0.15560007095336915,-0.10455097258090973,0.9822717308998108],"EasingStyle":"Linear","EasingDirection":"In"}}},{"Time":0.30000001192092898,"poses":{"Left Leg":{"Weight":1,"CFrame":[0.10911981761455536,0.7883142828941345,0.11306130886077881,0.644852876663208,0.7260940670967102,0.23864638805389405,-0.7111908197402954,0.6844058036804199,-0.16061215102672578,-0.2799505889415741,-0.06615190953016281,0.9577325582504273],"EasingStyle":"Linear","EasingDirection":"In"},"Head":{"Weight":1,"CFrame":[8.74227694680485e-8,-7.450580596923828e-9,-2.384185791015625e-7,0.5457892417907715,-0.830779492855072,0.10917668044567108,0.8376184105873108,0.5444502234458923,-0.04437785968184471,-0.02257305197417736,0.11566934734582901,0.9930312633514404],"EasingStyle":"Linear","EasingDirection":"In"},"Right Arm":{"Weight":1,"CFrame":[0.1118108332157135,-0.5185449719429016,-0.30489248037338259,0.2514905333518982,-0.9176083207130432,0.3078106641769409,0.8963015675544739,0.3408183157444,0.2837013304233551,-0.3652341663837433,0.20454291999340058,0.9081663489341736],"EasingStyle":"Linear","EasingDirection":"In"},"Left Arm":{"Weight":1,"CFrame":[-0.17017608880996705,-0.5133488178253174,-0.105857253074646,0.2267225831747055,0.8852046728134155,-0.40621381998062136,-0.9112997055053711,0.33998602628707888,0.2322547286748886,0.34369999170303347,0.31752505898475649,0.8837692737579346],"EasingStyle":"Linear","EasingDirection":"In"},"handle":{"Weight":1,"CFrame":[7.460039341822267e-8,0.007893502712249756,-0.2634724974632263,0.9999125003814697,0.013227775692939759,0.000013489514458342456,-0.013223137706518174,0.9995878338813782,-0.02548212744295597,-0.00035055584157817066,0.025479719042778016,0.9996752738952637],"EasingStyle":"Linear","EasingDirection":"In"},"Torso":{"Weight":1,"CFrame":[0,-0.05282637104392052,-0.0247039794921875,1,0,-8.742277657347586e-8,-2.4050788027807359e-9,0.9996215105056763,-0.02751089446246624,8.738968659827151e-8,0.02751089446246624,0.9996215105056763],"EasingStyle":"Linear","EasingDirection":"In"},"HumanoidRootPart":{"Weight":0,"CFrame":[0,0,0,1,0,0,0,1,0,0,0,1],"EasingStyle":"Linear","EasingDirection":"In"},"Right Leg":{"Weight":1,"CFrame":[-0.061568066477775577,0.8617876768112183,0.03808426856994629,0.6759828329086304,-0.7136053442955017,-0.18388769030570985,0.7200199961662293,0.6927192211151123,-0.041367243975400928,0.156902477145195,-0.10443930327892304,0.9820764064788818],"EasingStyle":"Linear","EasingDirection":"In"}}},{"Time":0.3333333432674408,"poses":{"Left Leg":{"Weight":1,"CFrame":[0.14021790027618409,0.790080726146698,0.12790846824645997,0.6244784593582153,0.7427172064781189,0.24165619909763337,-0.7202787399291992,0.6672853231430054,-0.18954895436763764,-0.30203497409820559,-0.05569055303931236,0.9516687989234924],"EasingStyle":"Linear","EasingDirection":"In"},"Head":{"Weight":1,"CFrame":[8.74227694680485e-8,-7.450580596923828e-9,-1.1920928955078126e-7,0.5168357491493225,-0.8503024578094482,0.09933042526245117,0.8560841679573059,0.5132259726524353,-0.06098417565226555,0.0008760481141507626,0.11655399948358536,0.993183970451355],"EasingStyle":"Linear","EasingDirection":"In"},"Right Arm":{"Weight":1,"CFrame":[0.11179724335670471,-0.5183433294296265,-0.30489248037338259,0.25765910744667055,-0.9152387380599976,0.30975764989852908,0.8945477604866028,0.34713155031204226,0.2815742492675781,-0.3652343153953552,0.20454278588294984,0.9081663489341736],"EasingStyle":"Linear","EasingDirection":"In"},"Left Arm":{"Weight":1,"CFrame":[-0.17018963396549226,-0.5135499835014343,-0.105857253074646,0.23299486935138703,0.8828415870666504,-0.40780434012413027,-0.9097162485122681,0.3460758626461029,0.22945092618465424,0.34370002150535586,0.31752514839172366,0.883769154548645],"EasingStyle":"Linear","EasingDirection":"In"},"handle":{"Weight":1,"CFrame":[7.460039341822267e-8,0.007893621921539307,-0.2634724974632263,0.9999241232872009,0.012317814864218235,0.00004237268876750022,-0.01231431495398283,0.9997110366821289,-0.020643984898924829,-0.0002966492320410907,0.02064189873635769,0.999786913394928],"EasingStyle":"Linear","EasingDirection":"In"},"Torso":{"Weight":1,"CFrame":[0,-0.1054266095161438,-0.07002115249633789,1,0,-8.742277657347586e-8,-2.4050788027807359e-9,0.9996215105056763,-0.02751089446246624,8.738968659827151e-8,0.02751089446246624,0.9996215105056763],"EasingStyle":"Linear","EasingDirection":"In"},"HumanoidRootPart":{"Weight":0,"CFrame":[0,0,0,1,0,0,0,1,0,0,0,1],"EasingStyle":"Linear","EasingDirection":"In"},"Right Leg":{"Weight":1,"CFrame":[-0.0878029465675354,0.87809818983078,0.039171695709228519,0.6602034568786621,-0.7279815077781677,-0.18486297130584718,0.7337273359298706,0.6777150630950928,-0.04843997210264206,0.1605478823184967,-0.10365886986255646,0.981569766998291],"EasingStyle":"Linear","EasingDirection":"In"}}},{"Time":0.36666667461395266,"poses":{"Left Leg":{"Weight":1,"CFrame":[0.15871655941009522,0.7863450646400452,0.13863277435302735,0.6117590069770813,0.7525808811187744,0.24366553127765656,-0.7242772579193115,0.6567476987838745,-0.21001173555850984,-0.31807762384414675,-0.048004791140556338,0.9468485713005066],"EasingStyle":"Linear","EasingDirection":"In"},"Head":{"Weight":1,"CFrame":[8.74227694680485e-8,-7.450580596923828e-9,-1.1920928955078126e-7,0.4958984851837158,-0.8644620180130005,0.08240241557359696,0.8678721785545349,0.490125447511673,-0.08108581602573395,0.02970808371901512,0.1117250993847847,0.9932950139045715],"EasingStyle":"Linear","EasingDirection":"In"},"Right Arm":{"Weight":1,"CFrame":[0.11177865415811539,-0.5180677771568298,-0.30489248037338259,0.2660740613937378,-0.9119282364845276,0.3123962879180908,0.8920810222625732,0.3557373881340027,0.27864381670951846,-0.3652341961860657,0.2045428305864334,0.9081664085388184],"EasingStyle":"Linear","EasingDirection":"In"},"Left Arm":{"Weight":1,"CFrame":[-0.17020821571350099,-0.5138252377510071,-0.105857253074646,0.24155376851558686,0.8795425295829773,-0.40994754433631899,-0.9074811935424805,0.3543766140937805,0.22559939324855805,0.34370002150535586,0.31752508878707888,0.883769154548645],"EasingStyle":"Linear","EasingDirection":"In"},"handle":{"Weight":1,"CFrame":[7.460039341822267e-8,0.007894158363342286,-0.2634724974632263,0.999951183795929,0.00987913552671671,0.00006252949242480099,-0.009877113625407219,0.9998406767845154,-0.014868712984025479,-0.00020940958347637206,0.014867370016872883,0.9998894333839417],"EasingStyle":"Linear","EasingDirection":"In"},"Torso":{"Weight":1,"CFrame":[0,-0.15850865840911866,-0.09442281723022461,1,0,-8.742277657347586e-8,-2.4050788027807359e-9,0.9996215105056763,-0.02751089446246624,8.738968659827151e-8,0.02751089446246624,0.9996215105056763],"EasingStyle":"Linear","EasingDirection":"In"},"HumanoidRootPart":{"Weight":0,"CFrame":[0,0,0,1,0,0,0,1,0,0,0,1],"EasingStyle":"Linear","EasingDirection":"In"},"Right Leg":{"Weight":1,"CFrame":[-0.10284463316202164,0.885012149810791,0.04053819179534912,0.6508184671401978,-0.7362090349197388,-0.18555764853954316,0.7414150834083557,0.6689091920852661,-0.05351630598306656,0.16352050006389619,-0.1027458980679512,0.9811750054359436],"EasingStyle":"Linear","EasingDirection":"In"}}},{"Time":0.4000000059604645,"poses":{"Left Leg":{"Weight":1,"CFrame":[0.15328872203826905,0.787821888923645,0.13532328605651856,0.6155394315719605,0.7496890425682068,0.2430587261915207,-0.7232353091239929,0.6598691940307617,-0.20372365415096284,-0.3131164014339447,-0.050388626754283908,0.9483771324157715],"EasingStyle":"Linear","EasingDirection":"In"},"Head":{"Weight":1,"CFrame":[8.74227694680485e-8,7.450580596923828e-9,-2.384185791015625e-7,0.48149123787879946,-0.8742898106575012,0.061510443687438968,0.8743604421615601,0.47431400418281557,-0.1025674045085907,0.06049836426973343,0.10316760092973709,0.9928224086761475],"EasingStyle":"Linear","EasingDirection":"In"},"Right Arm":{"Weight":1,"CFrame":[0.11175840348005295,-0.5177680850028992,-0.30489248037338259,0.2752160429954529,-0.9082290530204773,0.3152397572994232,0.8893030881881714,0.3650784194469452,0.2754229009151459,-0.36523428559303286,0.20454281568527223,0.9081663489341736],"EasingStyle":"Linear","EasingDirection":"In"},"Left Arm":{"Weight":1,"CFrame":[-0.17022845149040223,-0.5141254663467407,-0.105857253074646,0.250855028629303,0.8758589625358582,-0.4122413694858551,-0.904954195022583,0.3633852005004883,0.2213798314332962,0.3436998724937439,0.317525178194046,0.8837692141532898],"EasingStyle":"Linear","EasingDirection":"In"},"handle":{"Weight":1,"CFrame":[7.460039341822267e-8,0.007894039154052735,-0.2634724974632263,0.9999798536300659,0.006348635535687208,0.00005556878022616729,-0.006347759161144495,0.9999295473098755,-0.010029648430645466,-0.00011923943384317681,0.01002909243106842,0.9999496936798096],"EasingStyle":"Linear","EasingDirection":"In"},"Torso":{"Weight":1,"CFrame":[0,-0.21110883355140687,-0.08745098114013672,1,0,-8.742277657347586e-8,-2.4050788027807359e-9,0.9996215105056763,-0.02751089446246624,8.738968659827151e-8,0.02751089446246624,0.9996215105056763],"EasingStyle":"Linear","EasingDirection":"In"},"HumanoidRootPart":{"Weight":0,"CFrame":[0,0,0,1,0,0,0,1,0,0,0,1],"EasingStyle":"Linear","EasingDirection":"In"},"Right Leg":{"Weight":1,"CFrame":[-0.09848010540008545,0.8831844329833984,0.04007291793823242,0.6535676121711731,-0.7338235974311829,-0.1853436827659607,0.7392011880874634,0.6714780926704407,-0.05194934830069542,0.16257597506046296,-0.10305394977331162,0.981299638748169],"EasingStyle":"Linear","EasingDirection":"In"}}},{"Time":0.4333333373069763,"poses":{"Left Leg":{"Weight":1,"CFrame":[0.14021816849708558,0.7900805473327637,0.12790846824645997,0.6244783401489258,0.7427173256874085,0.24165616929531098,-0.720278799533844,0.6672852635383606,-0.1895492970943451,-0.3020351827144623,-0.05569036677479744,0.9516687393188477],"EasingStyle":"Linear","EasingDirection":"In"},"Head":{"Weight":1,"CFrame":[8.742276236262114e-8,-7.450580596923828e-9,-5.960464477539063e-8,0.4721950590610504,-0.8805975317955017,0.03974731266498566,0.8768911957740784,0.46464967727661135,-0.12313612550497055,0.08996479213237763,0.09299834072589874,0.9915934801101685],"EasingStyle":"Linear","EasingDirection":"In"},"Right Arm":{"Weight":1,"CFrame":[0.1117398589849472,-0.5174928307533264,-0.30489248037338259,0.2835808992385864,-0.9047498106956482,0.3178201913833618,0.8866711854934692,0.3736175298690796,0.27244120836257937,-0.3652343451976776,0.20454275608062745,0.9081663489341736],"EasingStyle":"Linear","EasingDirection":"In"},"Left Arm":{"Weight":1,"CFrame":[-0.17024701833724976,-0.5144006013870239,-0.105857253074646,0.25936850905418398,0.8723971247673035,-0.41430822014808657,-0.902550995349884,0.3716195821762085,0.21748679876327516,0.3436999022960663,0.31752505898475649,0.8837692737579346],"EasingStyle":"Linear","EasingDirection":"In"},"handle":{"Weight":1,"CFrame":[7.460039341822267e-8,0.007893681526184082,-0.2634725570678711,0.9999976754188538,0.002163231372833252,0.00002117251824529376,-0.002162992488592863,0.9999656677246094,-0.008000243455171585,-0.0000384781596949324,0.008000179193913937,0.9999679923057556],"EasingStyle":"Linear","EasingDirection":"In"},"Torso":{"Weight":1,"CFrame":[0,-0.26226359605789187,-0.07002115249633789,1,0,-8.742277657347586e-8,-2.4050788027807359e-9,0.9996215105056763,-0.02751089446246624,8.738968659827151e-8,0.02751089446246624,0.9996215105056763],"EasingStyle":"Linear","EasingDirection":"In"},"HumanoidRootPart":{"Weight":0,"CFrame":[0,0,0,1,0,0,0,1,0,0,0,1],"EasingStyle":"Linear","EasingDirection":"In"},"Right Leg":{"Weight":1,"CFrame":[-0.08780311048030853,0.8780980110168457,0.039171814918518069,0.6602033972740173,-0.7279815673828125,-0.18486307561397553,0.7337273359298706,0.6777150630950928,-0.04844008758664131,0.16054803133010865,-0.10365882515907288,0.981569766998291],"EasingStyle":"Linear","EasingDirection":"In"}}},{"Time":0.46666666865348818,"poses":{"Left Leg":{"Weight":1,"CFrame":[0.12418530136346817,0.7904112339019775,0.11980152130126953,0.6351348757743836,0.7341525554656982,0.24004891514778138,-0.7159090638160706,0.6762001514434815,-0.17386126518249513,-0.2899618148803711,-0.06142782047390938,0.9550647735595703],"EasingStyle":"Linear","EasingDirection":"In"},"Head":{"Weight":1,"CFrame":[8.742273394091171e-8,0,-1.1920928955078126e-7,0.46678632497787478,-0.8841385245323181,0.02023700810968876,0.8768728971481323,0.459734708070755,-0.14049158990383149,0.11491037905216217,0.0833248421549797,0.9898750185966492],"EasingStyle":"Linear","EasingDirection":"In"},"Right Arm":{"Weight":1,"CFrame":[0.11172628402709961,-0.5172914266586304,-0.30489248037338259,0.2896822690963745,-0.9021545052528381,0.31968948245048525,0.8846966624259949,0.3798413574695587,0.27024519443511965,-0.3652341961860657,0.2045428603887558,0.9081664085388184],"EasingStyle":"Linear","EasingDirection":"In"},"Left Arm":{"Weight":1,"CFrame":[-0.17026060819625855,-0.5146021246910095,-0.105857253074646,0.2655796706676483,0.8698164224624634,-0.41579675674438479,-0.9007428884506226,0.3776204288005829,0.21462766826152802,0.34369996190071108,0.31752514839172366,0.8837692141532898],"EasingStyle":"Linear","EasingDirection":"In"},"handle":{"Weight":1,"CFrame":[7.460039341822267e-8,0.00789409875869751,-0.2634724974632263,0.9999974966049194,-0.002240539761260152,-0.000018380629626335577,0.002240200061351061,0.9999364614486694,-0.011048996821045876,0.00004313518002163619,0.011048927903175354,0.99993896484375],"EasingStyle":"Linear","EasingDirection":"In"},"Torso":{"Weight":1,"CFrame":[0,-0.31100910902023318,-0.0473628044128418,1,0,-8.742277657347586e-8,-2.4050788027807359e-9,0.9996215105056763,-0.02751089446246624,8.738968659827151e-8,0.02751089446246624,0.9996215105056763],"EasingStyle":"Linear","EasingDirection":"In"},"HumanoidRootPart":{"Weight":0,"CFrame":[0,0,0,1,0,0,0,1,0,0,0,1],"EasingStyle":"Linear","EasingDirection":"In"},"Right Leg":{"Weight":1,"CFrame":[-0.07441188395023346,0.8704679608345032,0.0384441614151001,0.6683496832847595,-0.7206454873085022,-0.18433356285095216,0.7267680764198303,0.6854339838027954,-0.044591303914785388,0.15848304331302644,-0.10416523367166519,0.9818516969680786],"EasingStyle":"Linear","EasingDirection":"In"}}},{"Time":0.5,"poses":{"Left Leg":{"Weight":1,"CFrame":[0.10911990702152252,0.7883142828941345,0.11306130886077881,0.6448526978492737,0.726094126701355,0.23864653706550599,-0.711190938949585,0.6844057440757752,-0.16061224043369294,-0.27995073795318606,-0.06615201383829117,0.9577324986457825],"EasingStyle":"Linear","EasingDirection":"In"},"Head":{"Weight":1,"CFrame":[8.742277657347586e-8,-7.450580596923828e-9,-2.384185791015625e-7,0.4642416834831238,-0.8856871724128723,0.0061544859781861309,0.8757890462875366,0.4579942524433136,-0.1524297446012497,0.13218635320663453,0.07615428417921066,0.9882951378822327],"EasingStyle":"Linear","EasingDirection":"In"},"Right Arm":{"Weight":1,"CFrame":[0.11172101646661759,-0.5172134041786194,-0.30489248037338259,0.2920442223548889,-0.9011367559432983,0.32041025161743166,0.8839197158813477,0.3822495937347412,0.2693904638290405,-0.3652343153953552,0.20454294979572297,0.9081662893295288],"EasingStyle":"Linear","EasingDirection":"In"},"Left Arm":{"Weight":1,"CFrame":[-0.17026586830615998,-0.5146803855895996,-0.105857253074646,0.2679847180843353,0.8688046932220459,-0.41636860370635989,-0.900030255317688,0.3799424171447754,0.21351630985736848,0.34370002150535586,0.31752514839172366,0.883769154548645],"EasingStyle":"Linear","EasingDirection":"In"},"handle":{"Weight":1,"CFrame":[7.460039341822267e-8,0.007893502712249756,-0.2634725272655487,0.9999793767929077,-0.006426220294088125,-0.000031286101147998127,0.0064246514812111858,0.9998217225074768,-0.017756234854459764,0.0001453859731554985,0.017755664885044099,0.9998423457145691],"EasingStyle":"Linear","EasingDirection":"In"},"Torso":{"Weight":1,"CFrame":[0,-0.35638171434402468,-0.0247039794921875,1,0,-8.742277657347586e-8,-2.4050788027807359e-9,0.9996215105056763,-0.02751089446246624,8.738968659827151e-8,0.02751089446246624,0.9996215105056763],"EasingStyle":"Linear","EasingDirection":"In"},"HumanoidRootPart":{"Weight":0,"CFrame":[0,0,0,1,0,0,0,1,0,0,0,1],"EasingStyle":"Linear","EasingDirection":"In"},"Right Leg":{"Weight":1,"CFrame":[-0.06156796216964722,0.8617874383926392,0.03808426856994629,0.6759827733039856,-0.7136054039001465,-0.18388774991035462,0.720020055770874,0.6927191615104675,-0.0413673035800457,0.15690255165100099,-0.10443929582834244,0.9820764064788818],"EasingStyle":"Linear","EasingDirection":"In"}}},{"Time":0.5333333611488342,"poses":{"Left Leg":{"Weight":1,"CFrame":[0.09813694655895233,0.7853031158447266,0.10861551761627197,0.6517629027366638,0.7202156782150269,0.23768550157546998,-0.7074447870254517,0.6902858018875122,-0.15174807608127595,-0.27336230874061587,-0.06924562156200409,0.9594154953956604],"EasingStyle":"Linear","EasingDirection":"In"},"Head":{"Weight":1,"CFrame":[8.742273394091171e-8,2.9802322387695315e-8,-4.172325134277344e-7,0.46361860632896426,-0.8860345482826233,0.0007317629060707986,0.8751193881034851,0.457777738571167,-0.1568618267774582,0.13865001499652863,0.07336445897817612,0.9876202940940857],"EasingStyle":"Linear","EasingDirection":"In"},"Right Arm":{"Weight":1,"CFrame":[0.11172319203615189,-0.5172462463378906,-0.30489248037338259,0.2910512089729309,-0.9015655517578125,0.3201073408126831,0.8842471837997437,0.3812371492385864,0.2697502076625824,-0.3652343153953552,0.20454277098178864,0.9081663489341736],"EasingStyle":"Linear","EasingDirection":"In"},"Left Arm":{"Weight":1,"CFrame":[-0.17026366293430329,-0.5146472454071045,-0.105857253074646,0.26697373390197756,0.8692308068275452,-0.4161284267902374,-0.9003307223320007,0.37896642088890078,0.21398375928401948,0.34369993209838869,0.31752514839172366,0.8837692737579346],"EasingStyle":"Linear","EasingDirection":"In"},"handle":{"Weight":1,"CFrame":[7.460039341822267e-8,0.007894039154052735,-0.26347246766090395,0.9999504089355469,-0.009956754744052887,-0.000015114206689759158,0.00995340570807457,0.9996511936187744,-0.02446282096207142,0.0002586792397778481,0.02446145936846733,0.9997007250785828],"EasingStyle":"Linear","EasingDirection":"In"},"Torso":{"Weight":1,"CFrame":[0,-0.39741796255111697,-0.0072743892669677738,1,0,-8.742277657347586e-8,-2.4050788027807359e-9,0.9996215105056763,-0.02751089446246624,8.738968659827151e-8,0.02751089446246624,0.9996215105056763],"EasingStyle":"Linear","EasingDirection":"In"},"HumanoidRootPart":{"Weight":0,"CFrame":[0,0,0,1,0,0,0,1,0,0,0,1],"EasingStyle":"Linear","EasingDirection":"In"},"Right Leg":{"Weight":1,"CFrame":[-0.05206514149904251,0.8544455766677856,0.03799009323120117,0.6815186738967896,-0.708397388458252,-0.18359015882015229,0.7149937748908997,0.6980297565460205,-0.03922264650464058,0.15593671798706056,-0.10453490912914276,0.9822200536727905],"EasingStyle":"Linear","EasingDirection":"In"}}},{"Time":0.5666666626930237,"poses":{"Left Leg":{"Weight":1,"CFrame":[0.09388459473848343,0.7837937474250794,0.10698878765106201,0.6543998718261719,0.7179394364356995,0.2373262196779251,-0.7059347033500671,0.6925392746925354,-0.14847779273986817,-0.2709558308124542,-0.07037295401096344,0.9600