{"Sequence":[{"Time":0,"poses":{"Left Leg":{"Weight":1,"CFrame":[-0.6917797923088074,0.46518218517303469,-0.16873639822006226,0.9917991757392883,-0.10523859411478043,-0.07252020388841629,0.12000597268342972,0.9620241522789002,0.24516957998275758,0.043964892625808719,-0.2518618404865265,0.9667640328407288],"EasingStyle":"Linear","EasingDirection":"In"},"Right Arm":{"Weight":1,"CFrame":[-0.3688625693321228,-0.27398180961608889,0.11555087566375733,0.8778803944587708,-0.36513832211494448,0.3098384737968445,0.23383788764476777,0.8914810419082642,0.3880482316017151,-0.4179064631462097,-0.26820799708366396,0.8679969310760498],"EasingStyle":"Linear","EasingDirection":"In"},"Left Arm":{"Weight":1,"CFrame":[-0.004368524998426437,-0.1463036835193634,0.15258383750915528,0.7762299180030823,0.5802006125450134,0.24664632976055146,-0.6111671924591065,0.5964942574501038,0.5202587246894836,0.15473128855228425,-0.5545826554298401,0.8176162838935852],"EasingStyle":"Linear","EasingDirection":"In"},"Head":{"Weight":1,"CFrame":[8.568167686462403e-8,-2.6542693376541139e-8,-5.960464477539063e-8,0.9767486453056336,-0.17895469069480897,-0.11805622279644013,0.18550139665603639,0.981522798538208,0.04692789912223816,0.10747691243886948,-0.06773636490106583,0.9918974041938782],"EasingStyle":"Linear","EasingDirection":"In"},"Torso":{"Weight":1,"CFrame":[0.12940628826618195,-0.057171329855918887,-0.35094308853149416,0.9983919262886047,0.04273010790348053,0.03725263103842735,-0.03998866677284241,0.9966412782669067,-0.0714641734957695,-0.040181178599596027,0.0698595643043518,0.9967472553253174],"EasingStyle":"Linear","EasingDirection":"In"},"HumanoidRootPart":{"Weight":1,"CFrame":[0,0,0,1,0,0,0,1,0,0,0,1],"EasingStyle":"Linear","EasingDirection":"In"},"Right Leg":{"Weight":1,"CFrame":[0.5774217247962952,0.004789233207702637,0.16404271125793458,0.7335227727890015,0.6287726163864136,-0.25804874300956728,-0.5999147891998291,0.7774209380149841,0.1889946460723877,0.31944721937179568,0.016175327822566034,0.9474660158157349],"EasingStyle":"Linear","EasingDirection":"In"}}},{"Time":0.01666666753590107,"poses":{"Left Leg":{"Weight":1,"CFrame":[-0.696835458278656,0.4668436050415039,-0.1830781102180481,0.9917508959770203,-0.09722355008125305,-0.08353319764137268,0.11538108438253403,0.9609856009483337,0.25138384103775027,0.05583374202251434,-0.25894832611083987,0.9642760753631592],"EasingStyle":"Linear","EasingDirection":"In"},"Right Arm":{"Weight":1,"CFrame":[-0.3510815501213074,-0.29444926977157595,0.11516571044921875,0.869339644908905,-0.41407203674316409,0.2698015868663788,0.2822500765323639,0.8641068339347839,0.4167185127735138,-0.4056888520717621,-0.28611844778060915,0.8680741786956787],"EasingStyle":"Linear","EasingDirection":"In"},"Left Arm":{"Weight":1,"CFrame":[-0.015052545815706253,-0.17146894335746766,0.15227091312408448,0.7568196058273315,0.597354531288147,0.2653144598007202,-0.634746253490448,0.5748403072357178,0.5163871645927429,0.15595267713069917,-0.5592193007469177,0.8142189383506775],"EasingStyle":"Linear","EasingDirection":"In"},"Head":{"Weight":1,"CFrame":[6.309710443019867e-8,2.561137080192566e-8,2.384185791015625e-7,0.9812433123588562,-0.15385426580905915,-0.11614824831485748,0.16039223968982697,0.9858283996582031,0.04916008561849594,0.10693877935409546,-0.06686727702617645,0.9920145273208618],"EasingStyle":"Linear","EasingDirection":"In"},"Torso":{"Weight":1,"CFrame":[0.11687834560871124,-0.06432121992111206,-0.35146570205688479,0.9990220665931702,0.027622796595096589,0.03452387824654579,-0.024961743503808976,0.9968509674072266,-0.07526621967554093,-0.03649422526359558,0.07433083653450012,0.9965656399726868],"EasingStyle":"Linear","EasingDirection":"In"},"HumanoidRootPart":{"Weight":1,"CFrame":[0,0,0,1,0,0,0,1,0,0,0,1],"EasingStyle":"Linear","EasingDirection":"In"},"Right Leg":{"Weight":1,"CFrame":[0.5660085082054138,-0.0002429485321044922,0.17401278018951417,0.725581705570221,0.6314562559127808,-0.2734852135181427,-0.6040770411491394,0.7748312950134277,0.18635310232639314,0.3295787572860718,0.02999170869588852,0.9436516165733337],"EasingStyle":"Linear","EasingDirection":"In"}}},{"Time":0.03333333507180214,"poses":{"Left Leg":{"Weight":1,"CFrame":[-0.70633864402771,0.46612346172332766,-0.1957501769065857,0.9908128976821899,-0.09889443963766098,-0.09224797040224076,0.11962733417749405,0.9590480923652649,0.2567412555217743,0.06307993829250336,-0.2654179334640503,0.9620676636695862],"EasingStyle":"Linear","EasingDirection":"In"},"Right Arm":{"Weight":1,"CFrame":[-0.3019203245639801,-0.3472334146499634,0.11246919631958008,0.8260652422904968,-0.5440930724143982,0.14689745008945466,0.4197201728820801,0.7678892612457275,0.48392254114151,-0.37609991431236269,-0.33809587359428408,0.8626934885978699],"EasingStyle":"Linear","EasingDirection":"In"},"Left Arm":{"Weight":1,"CFrame":[-0.04430434852838516,-0.2363695204257965,0.15008151531219483,0.6988800168037415,0.6420279145240784,0.3152252733707428,-0.6968262195587158,0.5118346214294434,0.5024523735046387,0.1612452119588852,-0.5708112120628357,0.8050929307937622],"EasingStyle":"Linear","EasingDirection":"In"},"Head":{"Weight":1,"CFrame":[6.798654794692993e-8,2.0954757928848268e-8,-2.384185791015625e-7,0.9856404662132263,-0.12667611241340638,-0.11165157705545426,0.13317711651325227,0.9896847605705261,0.05280103534460068,0.10381121933460236,-0.06691227108240128,0.9923436641693115],"EasingStyle":"Linear","EasingDirection":"In"},"Torso":{"Weight":1,"CFrame":[0.10375301539897919,-0.07798489928245545,-0.3530435562133789,0.9993952512741089,0.015088320709764958,0.03132766857743263,-0.012603577226400376,0.9968697428703308,-0.07805031538009644,-0.0324072539806366,0.07760827243328095,0.9964570999145508],"EasingStyle":"Linear","EasingDirection":"In"},"HumanoidRootPart":{"Weight":1,"CFrame":[0,0,0,1,0,0,0,1,0,0,0,1],"EasingStyle":"Linear","EasingDirection":"In"},"Right Leg":{"Weight":1,"CFrame":[0.5532310009002686,-0.00753176212310791,0.18362510204315186,0.7145941853523254,0.6373428106307983,-0.288356214761734,-0.610935389995575,0.7693875432014465,0.18654944002628327,0.3407536447048187,0.04285990074276924,0.9391751885414124],"EasingStyle":"Linear","EasingDirection":"In"}}},{"Time":0.05000000074505806,"poses":{"Left Leg":{"Weight":1,"CFrame":[-0.7196575999259949,0.4640398621559143,-0.2071620225906372,0.9891555309295654,-0.10862499475479126,-0.09885308146476746,0.13114163279533387,0.9562667012214661,0.2614493668079376,0.06612993776798248,-0.2715778946876526,0.9601418375968933],"EasingStyle":"Linear","EasingDirection":"In"},"Right Arm":{"Weight":1,"CFrame":[-0.22765126824378968,-0.41940760612487795,0.10515022277832031,0.7010500431060791,-0.7099369168281555,-0.0672188401222229,0.6234308481216431,0.5643935799598694,0.5411041378974915,-0.3462120294570923,-0.4212474822998047,0.8382648229598999],"EasingStyle":"Linear","EasingDirection":"In"},"Left Arm":{"Weight":1,"CFrame":[-0.08792342245578766,-0.32511043548583987,0.14413881301879884,0.5997066497802734,0.7007917761802673,0.38631945848464968,-0.7811551094055176,0.4079281985759735,0.4726428687572479,0.1736336350440979,-0.5852225422859192,0.792064368724823],"EasingStyle":"Linear","EasingDirection":"In"},"Head":{"Weight":1,"CFrame":[9.66247171163559e-8,3.9872247725725177e-8,-3.5762786865234377e-7,0.9896250367164612,-0.09809546172618866,-0.10497431457042694,0.10453522950410843,0.9928459525108337,0.05769976228475571,0.09856324642896652,-0.06807463616132736,0.9927996397018433],"EasingStyle":"Linear","EasingDirection":"In"},"Torso":{"Weight":1,"CFrame":[0.09025885164737702,-0.09712544083595276,-0.35623741149902346,0.9996038675308228,0.004862349946051836,0.02772108092904091,-0.0026248819194734098,0.9967764616012573,-0.08018568903207779,-0.028021611273288728,0.08008116483688355,0.9963943958282471],"EasingStyle":"Linear","EasingDirection":"In"},"HumanoidRootPart":{"Weight":1,"CFrame":[0,0,0,1,0,0,0,1,0,0,0,1],"EasingStyle":"Linear","EasingDirection":"In"},"Right Leg":{"Weight":1,"CFrame":[0.5397711396217346,-0.016176581382751466,0.19289922714233399,0.7008923292160034,0.6458842158317566,-0.30262771248817446,-0.6199477314949036,0.7614579796791077,0.18933193385601045,0.3527248203754425,0.05491200089454651,0.9341145157814026],"EasingStyle":"Linear","EasingDirection":"In"}}},{"Time":0.06666667014360428,"poses":{"Left Leg":{"Weight":1,"CFrame":[-0.7360037565231323,0.4614531993865967,-0.2176351547241211,0.9867792129516602,-0.12470957636833191,-0.10351023823022843,0.14826266467571259,0.9525738954544067,0.26574623584747317,0.06546001881361008,-0.2775796353816986,0.9584699273109436],"EasingStyle":"Linear","EasingDirection":"In"},"Right Arm":{"Weight":1,"CFrame":[-0.13454687595367433,-0.49804502725601199,0.09089744091033936,0.45619505643844607,-0.8219150304794312,-0.3410889208316803,0.8216219544410706,0.2418123334646225,0.5162016749382019,-0.3417944610118866,-0.5157349109649658,0.7856170535087586],"EasingStyle":"Linear","EasingDirection":"In"},"Left Arm":{"Weight":1,"CFrame":[-0.14170938730239869,-0.4217982292175293,0.1325664520263672,0.45897939801216128,0.7568137049674988,0.4653717279434204,-0.8666685819625855,0.26612618565559389,0.4219744801521301,0.19550839066505433,-0.5970007181167603,0.7780531644821167],"EasingStyle":"Linear","EasingDirection":"In"},"Head":{"Weight":1,"CFrame":[9.813811630010605e-8,-4.618777893483639e-8,-2.384185791015625e-7,0.9929475784301758,-0.06882065534591675,-0.09653428941965103,0.07516767829656601,0.9951325058937073,0.06372730433940888,0.09167864173650742,-0.0705341175198555,0.9932874441146851],"EasingStyle":"Linear","EasingDirection":"In"},"Torso":{"Weight":1,"CFrame":[0.0766359344124794,-0.12070351839065552,-0.36161208152770998,0.999711811542511,-0.0033236725721508266,0.02377558872103691,0.005264460574835539,0.9966152310371399,-0.08203878253698349,-0.023422444239258767,0.08214030414819718,0.9963455200195313],"EasingStyle":"Linear","EasingDirection":"In"},"HumanoidRootPart":{"Weight":1,"CFrame":[0,0,0,1,0,0,0,1,0,0,0,1],"EasingStyle":"Linear","EasingDirection":"In"},"Right Leg":{"Weight":1,"CFrame":[0.5263375043869019,-0.025302410125732423,0.2019275426864624,0.6847934722900391,0.6565359234809876,-0.3162570595741272,-0.6305679678916931,0.7513790130615234,0.19445708394050599,0.3652970492839813,0.06625855714082718,0.9285299777984619],"EasingStyle":"Linear","EasingDirection":"In"}}},{"Time":0.0833333358168602,"poses":{"Left Leg":{"Weight":1,"CFrame":[-0.7544793486595154,0.45922768115997317,-0.22745567560195924,0.9836411476135254,-0.14539062976837159,-0.10635634511709213,0.16928890347480775,0.9478910565376282,0.26989588141441347,0.061573877930641177,-0.2834857106208801,0.9569976925849915],"EasingStyle":"Linear","EasingDirection":"In"},"Right Arm":{"Weight":1,"CFrame":[-0.02887987345457077,-0.5702189207077026,0.06739962100982666,0.13999894261360169,-0.8056234121322632,-0.5756484866142273,0.9167444109916687,-0.11421468108892441,0.38279837369918826,-0.3741389214992523,-0.581313967704773,0.7225608825683594],"EasingStyle":"Linear","EasingDirection":"In"},"Left Arm":{"Weight":1,"CFrame":[-0.2014615684747696,-0.5105388760566711,0.1134873628616333,0.28610217571258547,0.7940881252288818,0.5362551212310791,-0.9310051202774048,0.09798812866210938,0.35160738229751589,0.2266605645418167,-0.5998519659042358,0.7673347592353821],"EasingStyle":"Linear","EasingDirection":"In"},"Head":{"Weight":1,"CFrame":[8.521601557731629e-8,-2.3050233721733094e-8,-5.960464477539063e-8,0.9954420924186707,-0.0395856574177742,-0.08676386624574661,0.04579511284828186,0.9964397549629211,0.07078596204519272,0.08365285396575928,-0.07443669438362122,0.9937109351158142],"EasingStyle":"Linear","EasingDirection":"In"},"Torso":{"Weight":1,"CFrame":[0.06313210725784302,-0.14767861366271974,-0.3697350025177002,0.9997609853744507,-0.0097418874502182,0.019572414457798005,0.01135314255952835,0.9964032173156738,-0.08397435396909714,-0.01868394762277603,0.08417649567127228,0.9962756633758545],"EasingStyle":"Linear","EasingDirection":"In"},"HumanoidRootPart":{"Weight":1,"CFrame":[0,0,0,1,0,0,0,1,0,0,0,1],"EasingStyle":"Linear","EasingDirection":"In"},"Right Leg":{"Weight":1,"CFrame":[0.5137189030647278,-0.03411674499511719,0.2108858823776245,0.6665887832641602,0.6687934398651123,-0.3292030990123749,-0.6422982215881348,0.7394481301307678,0.20166651904582978,0.3783019781112671,0.0770178735256195,0.9224727153778076],"EasingStyle":"Linear","EasingDirection":"In"}}},{"Time":0.10000000149011612,"poses":{"Left Leg":{"Weight":1,"CFrame":[-0.7740932106971741,0.45835572481155398,-0.23693090677261353,0.979758083820343,-0.16887027025222779,-0.1075032576918602,0.1924845576286316,0.9422157406806946,0.27418816089630129,0.05498899146914482,-0.2893308699131012,0.9556484222412109],"EasingStyle":"Linear","EasingDirection":"In"},"Right Arm":{"Weight":1,"CFrame":[0.0830773115158081,-0.623002827167511,0.03234553337097168,-0.12819822132587434,-0.7098721265792847,-0.6925653219223023,0.899578332901001,-0.377225786447525,0.220134899020195,-0.41752132773399355,-0.5947960019111633,0.686945378780365],"EasingStyle":"Linear","EasingDirection":"In"},"Left Arm":{"Weight":1,"CFrame":[-0.262979656457901,-0.5754392147064209,0.08502531051635742,0.10245518386363983,0.8050134778022766,0.5843424797058106,-0.9592779874801636,-0.07548834383487702,0.272189736366272,0.2632274925708771,-0.5884341597557068,0.7644976377487183],"EasingStyle":"Linear","EasingDirection":"In"},"Head":{"Weight":1,"CFrame":[9.266659617424011e-8,-5.820766091346741e-10,-3.5762786865234377e-7,0.9970369338989258,-0.011139377020299435,-0.07611317932605744,0.017152801156044008,0.9967416524887085,0.07881547510623932,0.07498719543218613,-0.07988749444484711,0.9939793348312378],"EasingStyle":"Linear","EasingDirection":"In"},"Torso":{"Weight":1,"CFrame":[0.050000183284282687,-0.1770097315311432,-0.38117361068725588,0.9997768998146057,-0.014667721465229988,0.015198923647403717,0.015927141532301904,0.9961369633674622,-0.0863567367196083,-0.013873552903532982,0.08657954633235932,0.9961483478546143],"EasingStyle":"Linear","EasingDirection":"In"},"HumanoidRootPart":{"Weight":1,"CFrame":[0,0,0,1,0,0,0,1,0,0,0,1],"EasingStyle":"Linear","EasingDirection":"In"},"Right Leg":{"Weight":1,"CFrame":[0.5028086304664612,-0.04193985462188721,0.22003257274627686,0.6465349197387695,0.6822147965431213,-0.3414316773414612,-0.654722273349762,0.7259170413017273,0.21067290008068086,0.3915753662586212,0.0873354971408844,0.915992021560669],"EasingStyle":"Linear","EasingDirection":"In"}}},{"Time":0.11666666716337204,"poses":{"Left Leg":{"Weight":1,"CFrame":[-0.7937411069869995,0.46006566286087038,-0.24643760919570924,0.9752832055091858,-0.1933034509420395,-0.10703492909669876,0.21606796979904176,0.9356855154037476,0.2789393365383148,0.046231068670749667,-0.29517170786857607,0.9543250799179077],"EasingStyle":"Linear","EasingDirection":"In"},"Right Arm":{"Weight":1,"CFrame":[0.19505229592323304,-0.6434699296951294,-0.01657623052597046,-0.27953365445137026,-0.6537797451019287,-0.7031593322753906,0.8545006513595581,-0.5033543109893799,0.12830832600593568,-0.43782365322113039,-0.5649836659431458,0.699359655380249],"EasingStyle":"Linear","EasingDirection":"In"},"Left Arm":{"Weight":1,"CFrame":[-0.3220630884170532,-0.6006041765213013,0.04530322551727295,-0.06481845676898956,0.7958110570907593,0.6020658612251282,-0.9520381689071655,-0.23011480271816255,0.2016693651676178,0.29903489351272585,-0.560117781162262,0.7725582122802734],"EasingStyle":"Linear","EasingDirection":"In"},"Head":{"Weight":1,"CFrame":[8.475035429000855e-8,6.315531209111214e-8,4.76837158203125e-7,0.9977573752403259,0.015767185017466546,-0.0650508850812912,-0.01001667883247137,0.9960880279541016,0.08779724687337876,0.06618073582649231,-0.08694875240325928,0.9940120577812195],"EasingStyle":"Linear","EasingDirection":"In"},"Torso":{"Weight":1,"CFrame":[0.037495777010917667,-0.20765626430511475,-0.3964991569519043,0.9997733235359192,-0.018379809334874154,0.010746032930910588,0.019269220530986787,0.9957958459854126,-0.08955062180757523,-0.009054932743310929,0.08973739296197891,0.9959242939949036],"EasingStyle":"Linear","EasingDirection":"In"},"HumanoidRootPart":{"Weight":1,"CFrame":[0,0,0,1,0,0,0,1,0,0,0,1],"EasingStyle":"Linear","EasingDirection":"In"},"Right Leg":{"Weight":1,"CFrame":[0.4945887625217438,-0.048207998275756839,0.22969794273376466,0.6248531341552734,0.6964207291603088,-0.35292571783065798,-0.6675176620483398,0.7109937071800232,0.22115208208560944,0.4049428701400757,0.09739656001329422,0.9091398119926453],"EasingStyle":"Linear","EasingDirection":"In"}}},{"Time":0.13333334028720857,"poses":{"Left Leg":{"Weight":1,"CFrame":[-0.8120632767677307,0.46542608737945559,-0.2562919855117798,0.9705733060836792,-0.2166883498430252,-0.10504111647605896,0.238111212849617,0.9286672472953796,0.28439420461654665,0.0359233133494854,-0.3010369837284088,0.9529356360435486],"EasingStyle":"Linear","EasingDirection":"In"},"Right Arm":{"Weight":1,"CFrame":[0.30114781856536868,-0.640754759311676,-0.08464586734771729,-0.37640395760536196,-0.6990754008293152,-0.6079585552215576,0.8266934752464294,-0.5496608018875122,0.1202116310596466,-0.4182080924510956,-0.4573472738265991,0.7848156094551086],"EasingStyle":"Linear","EasingDirection":"In"},"Left Arm":{"Weight":1,"CFrame":[-0.37505730986595156,-0.5995115637779236,-0.01011204719543457,-0.20980961620807649,0.8222874402999878,0.5289831161499023,-0.9211258292198181,-0.3476649522781372,0.17508959770202638,0.3278828561306,-0.45052462816238406,0.8303737044334412],"EasingStyle":"Linear","EasingDirection":"In"},"Head":{"Weight":1,"CFrame":[8.614733815193176e-8,-1.280568540096283e-9,4.76837158203125e-7,0.9977201223373413,0.04039369896054268,-0.05406444892287254,-0.03497010096907616,0.994596004486084,0.09775436669588089,0.057720936834812167,-0.09564086049795151,0.993740975856781],"EasingStyle":"Linear","EasingDirection":"In"},"Torso":{"Weight":1,"CFrame":[0.025876104831695558,-0.2385782152414322,-0.41579461097717287,0.9997562170028687,-0.02115972898900509,0.006306646391749382,0.021658819168806077,0.9953439831733704,-0.09392158687114716,-0.004289927426725626,0.09403528273105622,0.9955596327781677],"EasingStyle":"Linear","EasingDirection":"In"},"HumanoidRootPart":{"Weight":1,"CFrame":[0,0,0,1,0,0,0,1,0,0,0,1],"EasingStyle":"Linear","EasingDirection":"In"},"Right Leg":{"Weight":1,"CFrame":[0.4896811246871948,-0.05249440670013428,0.24007534980773927,0.6020708084106445,0.710811972618103,-0.36367160081863406,-0.6801813244819641,0.6951498985290527,0.23263707756996156,0.4181675612926483,0.1072985902428627,0.9020105004310608],"EasingStyle":"Linear","EasingDirection":"In"}}},{"Time":0.15000000596046449,"poses":{"Left Leg":{"Weight":1,"CFrame":[-0.827331006526947,0.4740201234817505,-0.2662507891654968,0.9662461876869202,-0.2366752326488495,-0.10175036638975144,0.2563963830471039,0.9219252467155457,0.29036983847618105,0.025082875043153764,-0.30665722489356997,0.9514894485473633],"EasingStyle":"Linear","EasingDirection":"In"},"Right Arm":{"Weight":1,"CFrame":[0.3969682455062866,-0.6339672803878784,-0.16752183437347413,-0.47679898142814639,-0.7863293290138245,-0.3928726613521576,0.806992769241333,-0.5687597990036011,0.15898087620735169,-0.3484615087509155,-0.24124355614185334,0.9057461619377136],"EasingStyle":"Linear","EasingDirection":"In"},"Left Arm":{"Weight":1,"CFrame":[-0.4204910397529602,-0.5967801213264465,-0.07776844501495362,-0.34405556321144106,0.8792635202407837,0.32942596077919009,-0.8800082206726074,-0.42430755496025088,0.21342110633850099,0.327431321144104,-0.21646888554096223,0.9197444915771484],"EasingStyle":"Linear","EasingDirection":"In"},"Head":{"Weight":1,"CFrame":[8.719507604837418e-8,1.0564690455794335e-8,-1.7881393432617188e-7,0.9971194267272949,0.06202143430709839,-0.04366017132997513,-0.05696837976574898,0.9924355149269104,0.10874895751476288,0.05007467046380043,-0.10594844073057175,0.9931100010871887],"EasingStyle":"Linear","EasingDirection":"In"},"Torso":{"Weight":1,"CFrame":[0.015399536117911339,-0.2687365412712097,-0.43718576431274416,0.9997267723083496,-0.023291626945137979,0.0019751337822526695,0.023372439667582513,0.9947293400764465,-0.09983621537685394,0.0003606244863476604,0.09985510259866715,0.9950019121170044],"EasingStyle":"Linear","EasingDirection":"In"},"HumanoidRootPart":{"Weight":1,"CFrame":[0,0,0,1,0,0,0,1,0,0,0,1],"EasingStyle":"Linear","EasingDirection":"In"},"Right Leg":{"Weight":1,"CFrame":[0.4872622489929199,-0.05454409122467041,0.2506006956100464,0.5800888538360596,0.7238221764564514,-0.3736020028591156,-0.6913161277770996,0.6800545454025269,0.2441469132900238,0.4307887554168701,0.11665011942386627,0.8948820233345032],"EasingStyle":"Linear","EasingDirection":"In"}}},{"Time":0.1666666716337204,"poses":{"Left Leg":{"Weight":1,"CFrame":[-0.8379461765289307,0.485228955745697,-0.2759801745414734,0.9630827903747559,-0.25094178318977358,-0.09746669977903366,0.268791139125824,0.9164392948150635,0.2964630126953125,0.014927354641258717,-0.31171658635139468,0.950057864189148],"EasingStyle":"Linear","EasingDirection":"In"},"Right Arm":{"Weight":1,"CFrame":[0.478493332862854,-0.6251428127288818,-0.2530823349952698,-0.5501384735107422,-0.8298779726028442,-0.0930066928267479,0.80132657289505,-0.5559638738632202,0.22086164355278016,-0.23499660193920136,0.046975694596767429,0.9708603620529175],"EasingStyle":"Linear","EasingDirection":"In"},"Left Arm":{"Weight":1,"CFrame":[-0.4574391543865204,-0.5932285785675049,-0.14771419763565064,-0.45389285683631899,0.8892980813980103,0.05594794824719429,-0.8437204360961914,-0.44912517070770266,0.2939769923686981,0.2865608036518097,0.08622952550649643,0.9541736245155335],"EasingStyle":"Linear","EasingDirection":"In"},"Head":{"Weight":1,"CFrame":[8.754432201385498e-8,-4.3248292058706286e-8,-5.960464477539063e-8,0.9962054491043091,0.07996083050966263,-0.03436439484357834,-0.07527782768011093,0.9898093342781067,0.12087484449148178,0.04367944970726967,-0.11782931536436081,0.9920727610588074],"EasingStyle":"Linear","EasingDirection":"In"},"Torso":{"Weight":1,"CFrame":[0.006326043978333473,-0.29709237813949587,-0.45831918716430666,0.9996836185455322,-0.025061368942260743,-0.002152189379557967,0.024684125557541848,0.9938811659812927,-0.1076614186167717,0.004837163258343935,0.1075742319226265,0.9941852688789368],"EasingStyle":"Linear","EasingDirection":"In"},"HumanoidRootPart":{"Weight":1,"CFrame":[0,0,0,1,0,0,0,1,0,0,0,1],"EasingStyle":"Linear","EasingDirection":"In"},"Right Leg":{"Weight":1,"CFrame":[0.48650312423706057,-0.054067373275756839,0.26046156883239748,0.5613123178482056,0.7338405847549439,-0.3826308250427246,-0.6995561718940735,0.6677486300468445,0.25442686676979067,0.44220995903015139,0.1248587816953659,0.888178288936615],"EasingStyle":"Linear","EasingDirection":"In"}}},{"Time":0.18333333730697633,"poses":{"Left Leg":{"Weight":1,"CFrame":[-0.8425441384315491,0.4985358715057373,-0.2851695418357849,0.9618988633155823,-0.25726261734962466,-0.09255557507276535,0.27332091331481936,0.9132449626922607,0.3021247386932373,0.006800489965826273,-0.31591078639030459,0.9487645030021668],"EasingStyle":"Linear","EasingDirection":"In"},"Right Arm":{"Weight":1,"CFrame":[0.541702926158905,-0.6163181066513062,-0.3292049765586853,-0.5756853222846985,-0.7916499376296997,0.20463840663433076,0.809851884841919,-0.517505943775177,0.2762742042541504,-0.11281085014343262,0.3247736990451813,0.9390397667884827],"EasingStyle":"Linear","EasingDirection":"In"},"Left Arm":{"Weight":1,"CFrame":[-0.48497626185417178,-0.5896764993667603,-0.20999681949615479,-0.5226151347160339,0.8278014659881592,-0.20400545001029969,-0.8226441144943237,-0.42678308486938479,0.3756498694419861,0.22389741241931916,0.36414408683776858,0.9040293097496033],"EasingStyle":"Linear","EasingDirection":"In"},"Head":{"Weight":1,"CFrame":[8.89413058757782e-8,-3.213062882423401e-8,3.5762786865234377e-7,0.9952552914619446,0.09355510771274567,-0.02672623284161091,-0.08916729688644409,0.9869279861450195,0.13424724340438844,0.03893637657165527,-0.13122718036174775,0.9905874133110046],"EasingStyle":"Linear","EasingDirection":"In"},"Torso":{"Weight":1,"CFrame":[-0.0010816268622875214,-0.3226059079170227,-0.47685718536376955,0.9996241331100464,-0.0267554372549057,-0.005975494626909494,0.025866279378533365,0.9927048087120056,-0.11776312440633774,0.009082705713808537,0.11756430566310883,0.9930237531661987],"EasingStyle":"Linear","EasingDirection":"In"},"HumanoidRootPart":{"Weight":1,"CFrame":[0,0,0,1,0,0,0,1,0,0,0,1],"EasingStyle":"Linear","EasingDirection":"In"},"Right Leg":{"Weight":1,"CFrame":[0.4869675636291504,-0.05073809623718262,0.2688009738922119,0.5482872128486633,0.7394447326660156,-0.3906435966491699,-0.7037973999977112,0.6602989435195923,0.2620583176612854,0.4517193138599396,0.13125073909759522,0.8824528455734253],"EasingStyle":"Linear","EasingDirection":"In"}}},{"Time":0.20000000298023225,"poses":{"Left Leg":{"Weight":1,"CFrame":[-0.8399691581726074,0.513304591178894,-0.29344677925109866,0.9633821249008179,-0.2534666657447815,-0.08746202290058136,0.2681237459182739,0.9132683277130127,0.3066766560077667,0.0021439611446112396,-0.31889745593070986,0.947786808013916],"EasingStyle":"Linear","EasingDirection":"In"},"Right Arm":{"Weight":1,"CFrame":[0.5825769305229187,-0.6095308661460877,-0.3837679624557495,-0.5669844746589661,-0.7135684490203857,0.41152024269104006,0.8233864903450012,-0.47656208276748659,0.3080959916114807,-0.02373257465660572,0.5135257244110107,0.857745885848999],"EasingStyle":"Linear","EasingDirection":"In"},"Left Arm":{"Weight":1,"CFrame":[-0.5021770596504211,-0.5869455337524414,-0.25466471910476687,-0.552386462688446,0.7425456643104553,-0.37880754470825198,-0.8158047199249268,-0.3881935775279999,0.4286823272705078,0.17126557230949403,0.5458312034606934,0.82020503282547],"EasingStyle":"Linear","EasingDirection":"In"},"Head":{"Weight":1,"CFrame":[8.66129994392395e-8,-3.2014213502407076e-10,-2.384185791015625e-7,0.994537353515625,0.1021801009774208,-0.02132248878479004,-0.09790131449699402,0.9839808344841003,0.1489865928888321,0.03620438650250435,-0.1460852175951004,0.9886093139648438],"EasingStyle":"Linear","EasingDirection":"In"},"Torso":{"Weight":1,"CFrame":[-0.006555873900651932,-0.3442349135875702,-0.49048328399658205,0.999545156955719,-0.028659343719482423,-0.009388867765665055,0.027190640568733217,0.9910748600959778,-0.130503848195076,0.013045225292444229,0.1301891952753067,0.991403341293335],"EasingStyle":"Linear","EasingDirection":"In"},"HumanoidRootPart":{"Weight":1,"CFrame":[0,0,0,1,0,0,0,1,0,0,0,1],"EasingStyle":"Linear","EasingDirection":"In"},"Right Leg":{"Weight":1,"CFrame":[0.48844489455223086,-0.04422199726104736,0.27472686767578127,0.5436133146286011,0.7392627000808716,-0.39746105670928957,-0.7030317187309265,0.6597293019294739,0.2655250132083893,0.4585094749927521,0.1350848227739334,0.878362774848938],"EasingStyle":"Linear","EasingDirection":"In"}}},{"Time":0.21666666865348817,"poses":{"Left Leg":{"Weight":1,"CFrame":[-0.8292797207832336,0.528535783290863,-0.30029362440109255,0.9678823351860046,-0.23740650713443757,-0.08271589875221253,0.2513920068740845,0.9171092510223389,0.30937474966049197,0.0024119261652231218,-0.32023245096206667,0.9473358988761902],"EasingStyle":"Linear","EasingDirection":"In"},"Right Arm":{"Weight":1,"CFrame":[0.5970950126647949,-0.6068153977394104,-0.4046494960784912,-0.5575469732284546,-0.672971785068512,0.48605602979660036,0.8300961852073669,-0.4583336412906647,0.3176013231277466,0.009039160795509816,0.5805508494377136,0.8141737580299377],"EasingStyle":"Linear","EasingDirection":"In"},"Left Arm":{"Weight":1,"CFrame":[-0.5081162452697754,-0.5858526229858398,-0.2717655897140503,-0.5591769814491272,0.7020682692527771,-0.44093236327171328,-0.8152236342430115,-0.3689126968383789,0.44644594192504885,0.15076999366283418,0.6091006398200989,0.7786300182342529],"EasingStyle":"Linear","EasingDirection":"In"},"Head":{"Weight":1,"CFrame":[8.568167686462403e-8,5.8964360505342486e-8,0,0.9942696690559387,0.10524100065231323,-0.018764358013868333,-0.10072961449623108,0.9811029434204102,0.1651984602212906,0.0357954166829586,-0.16236168146133424,0.9860818386077881],"EasingStyle":"Linear","EasingDirection":"In"},"Torso":{"Weight":1,"CFrame":[-0.009821338579058648,-0.3609311580657959,-0.49691224098205569,0.9994422793388367,-0.031055085361003877,-0.012276760302484036,0.02892887592315674,0.9888262152671814,-0.14623890817165376,0.016681043431162835,0.14580219984054566,0.9891731142997742],"EasingStyle":"Linear","EasingDirection":"In"},"HumanoidRootPart":{"Weight":1,"CFrame":[0,0,0,1,0,0,0,1,0,0,0,1],"EasingStyle":"Linear","EasingDirection":"In"},"Right Leg":{"Weight":1,"CFrame":[0.49365174770355227,-0.03567624092102051,0.2755460739135742,0.551317036151886,0.7324992418289185,-0.3993673026561737,-0.69704669713974,0.6674589514732361,0.2619629204273224,0.45844894647598269,0.13395297527313233,0.8785676956176758],"EasingStyle":"Linear","EasingDirection":"In"}}},{"Time":0.23333333432674409,"poses":{"Left Leg":{"Weight":1,"CFrame":[-0.8105431795120239,0.5429893136024475,-0.3044644594192505,0.974855363368988,-0.20837029814720155,-0.07898646593093872,0.2226662039756775,0.9247940182685852,0.30850568413734438,0.008762769401073456,-0.3183360695838928,0.9479374289512634],"EasingStyle":"Linear","EasingDirection":"In"},"Right Arm":{"Weight":1,"CFrame":[0.5970948934555054,-0.6068158149719238,-0.40464943647384646,-0.5575470924377441,-0.6729716658592224,0.48605602979660036,0.8300961256027222,-0.4583336412906647,0.31760141253471377,0.009039144031703473,0.5805509686470032,0.8141737580299377],"EasingStyle":"Linear","EasingDirection":"In"},"Left Arm":{"Weight":1,"CFrame":[-0.5081161856651306,-0.5858526229858398,-0.2717655897140503,-0.5591769218444824,0.7020682096481323,-0.44093242287635805,-0.8152236342430115,-0.3689126968383789,0.44644594192504885,0.1507699340581894,0.6091006994247437,0.7786299586296082],"EasingStyle":"Linear","EasingDirection":"In"},"Head":{"Weight":1,"CFrame":[8.195638656616211e-8,4.196772351861e-8,-1.1920928955078126e-7,0.9942297339439392,0.10548249632120133,-0.019512247294187547,-0.10017045587301254,0.9780044555664063,0.18295665085315705,0.03838178515434265,-0.1799463927745819,0.9829273223876953],"EasingStyle":"Linear","EasingDirection":"In"},"Torso":{"Weight":1,"CFrame":[-0.009234815835952759,-0.3757511377334595,-0.49503111839294436,0.9993103742599487,-0.03417406603693962,-0.014523875899612904,0.03128325566649437,0.9855436682701111,-0.1665085256099701,0.020004186779260637,0.1659393459558487,0.9859330654144287],"EasingStyle":"Linear","EasingDirection":"In"},"HumanoidRootPart":{"Weight":1,"CFrame":[0,0,0,1,0,0,0,1,0,0,0,1],"EasingStyle":"Linear","EasingDirection":"In"},"Right Leg":{"Weight":1,"CFrame":[0.5025722980499268,-0.024956226348876954,0.26910150051116946,0.5739845633506775,0.7178553938865662,-0.39398640394210818,-0.6840898394584656,0.6848080158233643,0.25111547112464907,0.450069785118103,0.12538567185401917,0.8841469287872315],"EasingStyle":"Linear","EasingDirection":"In"}}},{"Time":0.25,"poses":{"Left Leg":{"Weight":1,"CFrame":[-0.7851310968399048,0.5559797286987305,-0.30531418323516848,0.9827737808227539,-0.16816985607147218,-0.07664579153060913,0.18365588784217835,0.9350019693374634,0.30338382720947268,0.020643945783376695,-0.31223416328430178,0.9497808814048767],"EasingStyle":"Linear","EasingDirection":"In"},"Right Arm":{"Weight":1,"CFrame":[0.5970950126647949,-0.6068152785301209,-0.40464961528778078,-0.5575470924377441,-0.6729716062545776,0.4860561788082123,0.8300961256027222,-0.4583335816860199,0.31760144233703616,0.009039169177412987,0.5805510878562927,0.8141736388206482],"EasingStyle":"Linear","EasingDirection":"In"},"Left Arm":{"Weight":1,"CFrame":[-0.5081162452697754,-0.5858525037765503,-0.2717655301094055,-0.5591769218444824,0.7020683288574219,-0.4409323036670685,-0.8152236342430115,-0.3689127266407013,0.44644585251808169,0.15076994895935059,0.6091005802154541,0.7786300778388977],"EasingStyle":"Linear","EasingDirection":"In"},"Head":{"Weight":1,"CFrame":[8.009374141693115e-8,3.236345946788788e-8,1.1920928955078126e-7,0.9940938353538513,0.10597284883260727,-0.02339131198823452,-0.09911461919546128,0.9743521809577942,0.20202510058879853,0.04420054331421852,-0.1985134780406952,0.9791009426116943],"EasingStyle":"Linear","EasingDirection":"In"},"Torso":{"Weight":1,"CFrame":[-0.003811292350292206,-0.3921700716018677,-0.4864954948425293,0.9991482496261597,-0.0379808247089386,-0.01613079383969307,0.03418494388461113,0.9808107614517212,-0.1919417828321457,0.023111363872885705,0.19122686982154847,0.9812737107276917],"EasingStyle":"Linear","EasingDirection":"In"},"HumanoidRootPart":{"Weight":1,"CFrame":[0,0,0,1,0,0,0,1,0,0,0,1],"EasingStyle":"Linear","EasingDirection":"In"},"Right Leg":{"Weight":1,"CFrame":[0.5124914646148682,-0.010992169380187989,0.2560662031173706,0.6090651154518127,0.6948927044868469,-0.3823138177394867,-0.6626988649368286,0.7107133865356445,0.23604357242584229,0.43574056029319765,0.10959304869174957,0.8933753967285156],"EasingStyle":"Linear","EasingDirection":"In"}}},{"Time":0.2666666805744171,"poses":{"Left Leg":{"Weight":1,"CFrame":[-0.7516849040985107,0.5672711730003357,-0.2967580556869507,0.9904679656028748,-0.11873695254325867,-0.06981930881738663,0.1341177523136139,0.9468563795089722,0.292361855506897,0.031394682824611667,-0.2989390194416046,0.9537556171417236],"EasingStyle":"Linear","EasingDirection":"In"},"Right Arm":{"Weight":1,"CFrame":[0.5970948934555054,-0.6068154573440552,-0.40464961528778078,-0.5575470328330994,-0.6729716658592224,0.4860561788082123,0.8300961256027222,-0.4583336412906647,0.31760144233703616,0.00903914961963892,0.5805509686470032,0.8141736388206482],"EasingStyle":"Linear","EasingDirection":"In"},"Left Arm":{"Weight":1,"CFrame":[-0.5081162452697754,-0.5858528017997742,-0.27176547050476076,-0.5591769218444824,0.7020683288574219,-0.44093233346939089,-0.8152236342430115,-0.3689127564430237,0.44644585251808169,0.15076996386051179,0.6091005206108093,0.7786300778388977],"EasingStyle":"Linear","EasingDirection":"In"},"Head":{"Weight":1,"CFrame":[9.499490261077881e-8,2.371962182223797e-8,-2.980232238769531e-7,0.993844211101532,0.10662008821964264,-0.030097056180238725,-0.09735698997974396,0.9701705574989319,0.22201500833034516,0.05287054181098938,-0.21771816909313203,0.9745786190032959],"EasingStyle":"Linear","EasingDirection":"In"},"Torso":{"Weight":1,"CFrame":[0.005744710564613342,-0.40975087881088259,-0.4731903076171875,0.9989559054374695,-0.042345255613327029,-0.017146466299891473,0.03750394284725189,0.9744377136230469,-0.22150518000125886,0.02608785778284073,0.22063085436820985,0.9750084280967712],"EasingStyle":"Linear","EasingDirection":"In"},"HumanoidRootPart":{"Weight":1,"CFrame":[0,0,0,1,0,0,0,1,0,0,0,1],"EasingStyle":"Linear","EasingDirection":"In"},"Right Leg":{"Weight":1,"CFrame":[0.5224485397338867,0.006109416484832764,0.2374281883239746,0.6529368758201599,0.6639078259468079,-0.3645544648170471,-0.6328729391098023,0.7426485419273377,0.21896344423294068,0.4161073565483093,0.08774738758802414,0.9050718545913696],"EasingStyle":"Linear","EasingDirection":"In"}}},{"Time":0.28333333134651186,"poses":{"Left Leg":{"Weight":1,"CFrame":[-0.7098666429519653,0.5755250453948975,-0.27508825063705447,0.996554434299469,-0.061940837651491168,-0.055159568786621097,0.0747447982430458,0.9589472413063049,0.27355697751045229,0.03595073148608208,-0.27673736214637759,0.9602728486061096],"EasingStyle":"Linear","EasingDirection":"In"},"Right Arm":{"Weight":1,"CFrame":[0.600440263748169,-0.5889238715171814,-0.39347344636917117,-0.5657895803451538,-0.6776164174079895,0.46980661153793337,0.8245415687561035,-0.46243932843208315,0.3260077238082886,-0.0036511030048131944,0.5718267560005188,0.8203662037849426],"EasingStyle":"Linear","EasingDirection":"In"},"Left Arm":{"Weight":1,"CFrame":[-0.5145755410194397,-0.5661582350730896,-0.2716491222381592,-0.5657901167869568,0.69875168800354,-0.4377528727054596,-0.8113755583763123,-0.3772880434989929,0.44645658135414126,0.1468033790588379,0.6077826619148254,0.7804158926010132],"EasingStyle":"Linear","EasingDirection":"In"},"Head":{"Weight":1,"CFrame":[8.533243089914322e-8,3.92901711165905e-8,2.384185791015625e-7,0.9934458136558533,0.10732345283031464,-0.03933262825012207,-0.09470320492982865,0.9655103087425232,0.24253077805042268,0.0640052929520607,-0.2372162640094757,0.9693460464477539],"EasingStyle":"Linear","EasingDirection":"In"},"Torso":{"Weight":1,"CFrame":[0.018723487854003907,-0.42804092168807986,-0.4569556713104248,0.9987332224845886,-0.04712974280118942,-0.017626337707042695,0.041113484650850299,0.9662915468215942,-0.2541462779045105,0.029010027647018434,0.253099650144577,0.9670051336288452],"EasingStyle":"Linear","EasingDirection":"In"},"HumanoidRootPart":{"Weight":1,"CFrame":[0,0,0,1,0,0,0,1,0,0,0,1],"EasingStyle":"Linear","EasingDirection":"In"},"Right Leg":{"Weight":1,"CFrame":[0.5313258171081543,0.026045143604278566,0.21426880359649659,0.7018610239028931,0.6252868175506592,-0.3411852717399597,-0.594870388507843,0.777998685836792,0.2021072804927826,0.39181676506996157,0.0611097477376461,0.9180116057395935],"EasingStyle":"Linear","EasingDirection":"In"}}},{"Time":0.30000001192092898,"poses":{"Left Leg":{"Weight":1,"CFrame":[-0.662405252456665,0.5786903500556946,-0.24436581134796143,0.999335527420044,0.0005106758326292038,-0.03644520416855812,0.008544470183551312,0.9687566757202148,0.24786585569381715,0.035433072596788409,-0.24801254272460938,0.968108594417572],"EasingStyle":"Linear","EasingDirection":"In"},"Right Arm":{"Weight":1,"CFrame":[0.6096889972686768,-0.5394599437713623,-0.3623087406158447,-0.587402880191803,-0.689612090587616,0.42354831099510195,0.8083257675170898,-0.47433382272720339,0.348736047744751,-0.039589203894138339,0.5472134947776794,0.8360562324523926],"EasingStyle":"Linear","EasingDirection":"In"},"Left Arm":{"Weight":1,"CFrame":[-0.5324340462684631,-0.5117108821868897,-0.2708352208137512,-0.5840197205543518,0.6894638538360596,-0.42843958735466006,-0.8001909852027893,-0.4002752900123596,0.4466254413127899,0.1364383101463318,0.6036714911460877,0.7854713201522827],"EasingStyle":"Linear","EasingDirection":"In"},"Head":{"Weight":1,"CFrame":[9.499490261077881e-8,6.414484232664108e-8,3.5762786865234377e-7,0.9928552508354187,0.10796798020601273,-0.05080695077776909,-0.09097703546285629,0.9604503512382507,0.26316961646080019,0.07721145451068878,-0.2566670775413513,0.9634107947349548],"EasingStyle":"Linear","EasingDirection":"In"},"Torso":{"Weight":1,"CFrame":[0.03440520912408829,-0.4465773105621338,-0.439556360244751,0.9984812140464783,-0.05219301953911781,-0.01763848029077053,0.044888295233249667,0.9563367366790772,-0.28879934549331667,0.03194163367152214,0.28756895661354067,0.9572271704673767],"EasingStyle":"Linear","EasingDirection":"In"},"HumanoidRootPart":{"Weight":1,"CFrame":[0,0,0,1,0,0,0,1,0,0,0,1],"EasingStyle":"Linear","EasingDirection":"In"},"Right Leg":{"Weight":1,"CFrame":[0.5381360650062561,0.0482635498046875,0.18779611587524415,0.7522112131118774,0.5797907114028931,-0.31308311223983767,-0.5495187044143677,0.8141747117042542,0.18747985363006593,0.36360350251197817,0.03102055937051773,0.931037187576294],"EasingStyle":"Linear","EasingDirection":"In"}}},{"Time":0.3166666626930237,"poses":{"Left Leg":{"Weight":1,"CFrame":[-0.6121600270271301,0.5756200551986694,-0.20890206098556519,0.9976292252540588,0.06662075221538544,-0.017249420285224916,-0.0613105334341526,0.9742677807807922,0.21689487993717194,0.03125523403286934,-0.2153230458498001,0.9760425686836243],"EasingStyle":"Linear","EasingDirection":"In"},"Right Arm":{"Weight":1,"CFrame":[0.6236602067947388,-0.46473824977874758,-0.3147009611129761,-0.6164814829826355,-0.7051920294761658,0.3502212464809418,0.7814912796020508,-0.49376779794692995,0.38139837980270388,-0.096031054854393,0.5088197588920593,0.8555000424385071],"EasingStyle":"Linear","EasingDirection":"In"},"Left Arm":{"Weight":1,"CFrame":[-0.559411346912384,-0.4294601082801819,-0.26862573623657229,-0.61130607