{"Sequence":[{"Time":0,"poses":{"Left Leg":{"Weight":1,"CFrame":[-0.725226104259491,0.47415733337402346,0.37699925899505618,0.5413191318511963,-0.6390613913536072,0.5464195013046265,0.6678523421287537,0.7216130495071411,0.1823393553495407,-0.5108296275138855,0.26622381806373598,0.817421555519104],"EasingStyle":"Linear","EasingDirection":"In"},"Right Arm":{"Weight":1,"CFrame":[-0.8402098417282105,-0.05971580743789673,0.6215032339096069,0.39788466691970827,-0.37205618619918826,0.8386071920394898,0.6026626229286194,0.795190691947937,0.066855289041996,-0.6917265057563782,0.47879642248153689,0.5406184792518616],"EasingStyle":"Linear","EasingDirection":"In"},"Head":{"Weight":1,"CFrame":[1.1827796697616577e-7,2.421438694000244e-8,-4.172325134277344e-7,0.9956710338592529,-0.06911924481391907,-0.06214345991611481,0.06502983719110489,0.9957259893417358,-0.06558217853307724,0.0664108395576477,0.06125709041953087,0.9959102869033814],"EasingStyle":"Linear","EasingDirection":"In"},"Right Leg":{"Weight":1,"CFrame":[0.16955924034118653,0.49167758226394656,0.006084084510803223,0.4398842751979828,-0.7392408847808838,-0.5099261999130249,0.8913443684577942,0.2901070713996887,0.34834322333335879,-0.1095762774348259,-0.6077505946159363,0.7865318059921265],"EasingStyle":"Linear","EasingDirection":"In"},"Torso":{"Weight":1,"CFrame":[0.10591922700405121,0.04815119504928589,-0.8283400535583496,0.9965817332267761,0.049229055643081668,0.0663425475358963,-0.0532449409365654,0.9967659115791321,0.06018901243805885,-0.06316494196653366,-0.06351567804813385,0.995979905128479],"EasingStyle":"Linear","EasingDirection":"In"},"HumanoidRootPart":{"Weight":1,"CFrame":[0,0,0,1,0,0,0,1,0,0,0,1],"EasingStyle":"Linear","EasingDirection":"In"},"Left Arm":{"Weight":1,"CFrame":[-0.4301340878009796,-0.2394355833530426,0.18935978412628175,-0.0677100345492363,0.8885423541069031,0.45377084612846377,-0.8740119934082031,-0.2721691429615021,0.4025258719921112,0.4811636209487915,-0.369346022605896,0.7950252294540405],"EasingStyle":"Linear","EasingDirection":"In"}}},{"Time":0.03333333507180214,"poses":{"Left Leg":{"Weight":1,"CFrame":[-0.6985896825790405,0.45942020416259768,0.3699547052383423,0.5480700731277466,-0.6386289000511169,0.5401595830917358,0.6517153382301331,0.7308441996574402,0.2028151899576187,-0.5242960453033447,0.2408733367919922,0.8167580962181091],"EasingStyle":"Linear","EasingDirection":"In"},"Right Arm":{"Weight":1,"CFrame":[-0.8402048349380493,-0.08600008487701416,0.6251876354217529,0.39856868982315066,-0.37104347348213198,0.8387311100959778,0.6075523495674133,0.7918867468833923,0.061608556658029559,-0.6870394349098206,0.48501765727996828,0.5410495400428772],"EasingStyle":"Linear","EasingDirection":"In"},"Head":{"Weight":1,"CFrame":[1.4994293451309205e-7,5.3085386753082278e-8,0,0.9961206912994385,-0.07567023485898972,-0.04491930082440376,0.07126682996749878,0.9931461215019226,-0.09263814240694046,0.051621392369270328,0.08907752484083176,0.9946860671043396],"EasingStyle":"Linear","EasingDirection":"In"},"Right Leg":{"Weight":1,"CFrame":[0.2820050120353699,0.6650123000144959,0.008821725845336914,0.5995297431945801,-0.6305945515632629,-0.4928637444972992,0.7972722053527832,0.5245250463485718,0.29871490597724917,0.07015153765678406,-0.5720348954200745,0.8172237873077393],"EasingStyle":"Linear","EasingDirection":"In"},"Torso":{"Weight":1,"CFrame":[0.1272946298122406,0.05954162776470184,-0.772660493850708,0.9940997958183289,0.05113247409462929,0.09566125273704529,-0.05866187438368797,0.995255172252655,0.07762706279754639,-0.09123808890581131,-0.08278071880340576,0.9923824667930603],"EasingStyle":"Linear","EasingDirection":"In"},"HumanoidRootPart":{"Weight":1,"CFrame":[0,0,0,1,0,0,0,1,0,0,0,1],"EasingStyle":"Linear","EasingDirection":"In"},"Left Arm":{"Weight":1,"CFrame":[-0.413362056016922,-0.293332576751709,0.1692889928817749,0.10794944316148758,0.9941402077674866,-0.005682443734258413,-0.8390249013900757,0.09416912496089935,0.5358821153640747,0.5332769155502319,-0.05308049917221069,0.8442738056182861],"EasingStyle":"Linear","EasingDirection":"In"}}},{"Time":0.06666667014360428,"poses":{"Left Leg":{"Weight":1,"CFrame":[-0.6067276000976563,0.4022001624107361,0.34404516220092776,0.5740494132041931,-0.6231274008750916,0.5312058329582214,0.5994186401367188,0.7617573738098145,0.2458105832338333,-0.5578213930130005,0.17730729281902314,0.8108006119728088],"EasingStyle":"Linear","EasingDirection":"In"},"Right Arm":{"Weight":1,"CFrame":[-0.8401679396629334,-0.1438262164592743,0.6336710453033447,0.3990802764892578,-0.36998966336250307,0.8389532566070557,0.6193569898605347,0.7834582328796387,0.050894610583782199,-0.6761153340339661,0.49930036067962649,0.541818380355835],"EasingStyle":"Linear","EasingDirection":"In"},"Head":{"Weight":1,"CFrame":[5.8673322200775149e-8,-2.7939677238464357e-8,-5.960464477539063e-8,0.9960808753967285,-0.08784237504005432,-0.010332107543945313,0.08548719435930252,0.9861180186271668,-0.14234952628612519,0.02269301936030388,0.1409083902835846,0.989762544631958],"EasingStyle":"Linear","EasingDirection":"In"},"Right Leg":{"Weight":1,"CFrame":[0.4010380506515503,0.6599279642105103,0.09574449062347412,0.7800934314727783,-0.4232741594314575,-0.46075281500816347,0.5527717471122742,0.8112324476242065,0.19064438343048097,0.2930828034877777,-0.4034115970134735,0.866811215877533],"EasingStyle":"Linear","EasingDirection":"In"},"Torso":{"Weight":1,"CFrame":[0.16508397459983827,0.07787343859672547,-0.6087508201599121,0.9871551990509033,0.054766640067100528,0.15008461475372315,-0.07163415849208832,0.991414487361908,0.1093887910246849,-0.14280521869659425,-0.11873488873243332,0.9826030135154724],"EasingStyle":"Linear","EasingDirection":"In"},"HumanoidRootPart":{"Weight":1,"CFrame":[0,0,0,1,0,0,0,1,0,0,0,1],"EasingStyle":"Linear","EasingDirection":"In"},"Left Arm":{"Weight":1,"CFrame":[-0.3965902328491211,-0.34723034501075747,0.107491135597229,0.2141803652048111,0.8077272772789002,-0.5492755174636841,-0.8119864463806152,0.4597998261451721,0.3595305383205414,0.5429593920707703,0.3689999282360077,0.754343569278717],"EasingStyle":"Linear","EasingDirection":"In"}}},{"Time":0.10000000149011612,"poses":{"Left Leg":{"Weight":1,"CFrame":[-0.488397479057312,0.31904739141464236,0.3200075626373291,0.6075286269187927,-0.5914649963378906,0.5301679968833923,0.5406297445297241,0.7969133853912354,0.26953405141830447,-0.581917941570282,0.12287497520446778,0.8039113283157349],"EasingStyle":"Linear","EasingDirection":"In"},"Right Arm":{"Weight":1,"CFrame":[-0.840069055557251,-0.2016524076461792,0.6430974006652832,0.39704185724258425,-0.37182125449180605,0.8391106128692627,0.633884608745575,0.7722718715667725,0.04226897284388542,-0.6637380123138428,0.5151166915893555,0.5423160195350647],"EasingStyle":"Linear","EasingDirection":"In"},"Head":{"Weight":1,"CFrame":[1.043081283569336e-7,1.6763806343078614e-8,1.1920928955078126e-7,0.9951380491256714,-0.09737332910299301,0.014788782224059105,0.09847172349691391,0.9807829856872559,-0.16842849552631379,0.0018958192085847259,0.1690659075975418,0.9856029748916626],"EasingStyle":"Linear","EasingDirection":"In"},"Right Leg":{"Weight":1,"CFrame":[0.4413622319698334,0.4711795449256897,0.1576082706451416,0.8756622076034546,-0.2036191076040268,-0.43789833784103396,0.27185747027397158,0.9572830200195313,0.09850279986858368,0.3991357088088989,-0.2053011953830719,0.8936119079589844],"EasingStyle":"Linear","EasingDirection":"In"},"Torso":{"Weight":1,"CFrame":[0.17996498942375184,0.08021870255470276,-0.42926549911499026,0.9818783402442932,0.0606585331261158,0.17954236268997193,-0.08405007421970368,0.9885034561157227,0.12568503618240357,-0.1698543280363083,-0.1384979635477066,0.9756884574890137],"EasingStyle":"Linear","EasingDirection":"In"},"HumanoidRootPart":{"Weight":1,"CFrame":[0,0,0,1,0,0,0,1,0,0,0,1],"EasingStyle":"Linear","EasingDirection":"In"},"Left Arm":{"Weight":1,"CFrame":[-0.4085792899131775,-0.3438307046890259,0.005742430686950684,0.17568129301071168,0.6744564175605774,-0.7171086072921753,-0.9110129475593567,0.38744500279426577,0.141215518116951,0.37308380007743838,0.6284862756729126,0.6825053095817566],"EasingStyle":"Linear","EasingDirection":"In"}}},{"Time":0.13333334028720857,"poses":{"Left Leg":{"Weight":1,"CFrame":[-0.3927798271179199,0.25400471687316897,0.30344223976135256,0.6401526927947998,-0.5495243668556213,0.5368682146072388,0.492531418800354,0.8298734426498413,0.2621506154537201,-0.5895909070968628,0.09660802781581879,0.8019037246704102],"EasingStyle":"Linear","EasingDirection":"In"},"Right Arm":{"Weight":1,"CFrame":[-0.8398760557174683,-0.22793680429458619,0.6496127843856812,0.3899613618850708,-0.379379004240036,0.8390480279922485,0.647230863571167,0.7610630393028259,0.0433066263794899,-0.6549980044364929,0.5261697769165039,0.5423310399055481],"EasingStyle":"Linear","EasingDirection":"In"},"Head":{"Weight":1,"CFrame":[2.60770320892334e-8,-1.30385160446167e-8,0,0.994411289691925,-0.10323076695203781,0.022130386903882028,0.1054343730211258,0.9818766713142395,-0.15748582780361176,-0.005471968557685614,0.15893897414207459,0.9872733354568481],"EasingStyle":"Linear","EasingDirection":"In"},"Right Leg":{"Weight":1,"CFrame":[0.3953312039375305,0.27289968729019167,0.149452805519104,0.904045820236206,-0.029907699674367906,-0.4263877868652344,0.05169376730918884,0.9978771805763245,0.03961026296019554,0.42429813742637637,-0.05785109102725983,0.9036728143692017],"EasingStyle":"Linear","EasingDirection":"In"},"Torso":{"Weight":1,"CFrame":[0.16889101266860963,0.059151679277420047,-0.30650901794433596,0.9813973903656006,0.06861279904842377,0.17930878698825837,-0.09036567807197571,0.9891177415847778,0.11610409617424011,-0.16939128935337068,-0.13014760613441468,0.9769176840782166],"EasingStyle":"Linear","EasingDirection":"In"},"HumanoidRootPart":{"Weight":1,"CFrame":[0,0,0,1,0,0,0,1,0,0,0,1],"EasingStyle":"Linear","EasingDirection":"In"},"Left Arm":{"Weight":1,"CFrame":[-0.43891555070877077,-0.3348691761493683,-0.117561936378479,0.09042734652757645,0.5404024124145508,-0.8365334868431091,-0.9770846962928772,0.21065941452980042,0.030465882271528245,0.192687526345253,0.8146090507507324,0.5470682978630066],"EasingStyle":"Linear","EasingDirection":"In"}}},{"Time":0.1666666716337204,"poses":{"Left Leg":{"Weight":1,"CFrame":[-0.37620002031326296,0.30367422103881838,0.29173994064331057,0.6895380020141602,-0.47649985551834109,0.5454220175743103,0.4173520803451538,0.8768998384475708,0.23846212029457093,-0.5919076204299927,0.06320435553789139,0.8035238981246948],"EasingStyle":"Linear","EasingDirection":"In"},"Right Arm":{"Weight":1,"CFrame":[-0.8387722373008728,-0.22788923978805543,0.6526821851730347,0.37819746136665347,-0.39112746715545657,0.8390387296676636,0.6593005657196045,0.7500470876693726,0.05246267467737198,-0.6498379707336426,0.5333372950553894,0.5415365695953369],"EasingStyle":"Linear","EasingDirection":"In"},"Head":{"Weight":1,"CFrame":[1.3690441846847535e-7,3.725290298461914e-8,-1.1920928955078126e-7,0.9939031600952148,-0.10766636580228806,0.023760657757520677,0.10986337065696717,0.9852792024612427,-0.1309768706560135,-0.00930908601731062,0.1327887624502182,0.9911006689071655],"EasingStyle":"Linear","EasingDirection":"In"},"Right Leg":{"Weight":1,"CFrame":[0.3461548686027527,0.12671613693237306,0.12267351150512696,0.8993542194366455,0.12077461928129196,-0.42020878195762637,-0.13575659692287446,0.9907252192497253,-0.005803687032312155,0.4156106114387512,0.062265634536743167,0.9074088931083679],"EasingStyle":"Linear","EasingDirection":"In"},"Torso":{"Weight":1,"CFrame":[0.15401870012283326,0.025785744190216066,-0.24285006523132325,0.9814561009407044,0.07557119429111481,0.17616213858127595,-0.09309249371290207,0.9912661910057068,0.09340833127498627,-0.16756460070610047,-0.10807552933692932,0.9799193739891052],"EasingStyle":"Linear","EasingDirection":"In"},"HumanoidRootPart":{"Weight":1,"CFrame":[0,0,0,1,0,0,0,1,0,0,0,1],"EasingStyle":"Linear","EasingDirection":"In"},"Left Arm":{"Weight":1,"CFrame":[-0.4791521430015564,-0.32219868898391726,-0.23987144231796266,-0.01997031830251217,0.3971945345401764,-0.9175171852111816,-0.9997974038124085,-0.010275541804730893,0.017312945798039438,-0.0025513458531349899,0.9176769256591797,0.39731916785240176],"EasingStyle":"Linear","EasingDirection":"In"}}},{"Time":0.20000000298023225,"poses":{"Left Leg":{"Weight":1,"CFrame":[-0.4049752354621887,0.4953880310058594,0.2729628086090088,0.7647605538368225,-0.33234813809394839,0.5519837141036987,0.26926741003990176,0.9431567788124085,0.19480881094932557,-0.5853515267372131,-0.00035089076845906675,0.8107796311378479],"EasingStyle":"Linear","EasingDirection":"In"},"Right Arm":{"Weight":1,"CFrame":[-0.8365015983581543,-0.2275550365447998,0.6545443534851074,0.3650783896446228,-0.40260350704193118,0.8394213914871216,0.6713200211524963,0.7385485768318176,0.06225445866584778,-0.6450172066688538,0.5407924652099609,0.5399038195610046],"EasingStyle":"Linear","EasingDirection":"In"},"Head":{"Weight":1,"CFrame":[9.452924132347107e-8,-4.284083843231201e-8,-5.960464477539063e-8,0.9936010837554932,-0.11070013791322708,0.022416137158870698,0.11236180365085602,0.9889663457870483,-0.09654281288385391,-0.011481528170406819,0.09844376891851425,0.9950764179229736],"EasingStyle":"Linear","EasingDirection":"In"},"Right Leg":{"Weight":1,"CFrame":[0.3816430866718292,0.021831810474395753,0.12499451637268067,0.8639068603515625,0.2825717329978943,-0.4169149696826935,-0.3264372646808624,0.9445233345031738,-0.03625614568591118,0.38354095816612246,0.1674184501171112,0.9082221984863281],"EasingStyle":"Linear","EasingDirection":"In"},"Torso":{"Weight":1,"CFrame":[0.13444846868515016,-0.013602077960968018,-0.2225484848022461,0.9824137687683106,0.08135632425546646,0.1680605560541153,-0.09328164160251618,0.9935603737831116,0.06431462615728378,-0.16174587607383729,-0.07886053621768952,0.9836764931678772],"EasingStyle":"Linear","EasingDirection":"In"},"HumanoidRootPart":{"Weight":1,"CFrame":[0,0,0,1,0,0,0,1,0,0,0,1],"EasingStyle":"Linear","EasingDirection":"In"},"Left Arm":{"Weight":1,"CFrame":[-0.5208427309989929,-0.3076748251914978,-0.33863598108291628,-0.12472482770681381,0.25604891777038576,-0.9585837721824646,-0.9741172194480896,-0.2151680290699005,0.06927207857370377,-0.18851937353610993,0.942412793636322,0.27625834941864016],"EasingStyle":"Linear","EasingDirection":"In"}}},{"Time":0.23333333432674409,"poses":{"Left Leg":{"Weight":1,"CFrame":[-0.35183650255203249,0.7415249347686768,0.19920790195465089,0.8232147097587586,-0.09994690865278244,0.5588634014129639,0.014319158159196377,0.9877240061759949,0.1555517464876175,-0.5675497055053711,-0.12005001306533814,0.814539909362793],"EasingStyle":"Linear","EasingDirection":"In"},"Right Arm":{"Weight":1,"CFrame":[-0.8338754177093506,-0.22664707899093629,0.6555005311965942,0.3526013493537903,-0.41230764985084536,0.8400444388389587,0.6815999746322632,0.7282395362854004,0.07133632898330689,-0.6411659717559815,0.547420859336853,0.5378071665763855],"EasingStyle":"Linear","EasingDirection":"In"},"Head":{"Weight":1,"CFrame":[1.3236422091722489e-7,-2.7939677238464357e-8,0,0.9934406280517578,-0.11241818964481354,0.02092394046485424,0.11351533234119415,0.9916017055511475,-0.06197027862071991,-0.013781651854515076,0.06393899023532868,0.9978586435317993],"EasingStyle":"Linear","EasingDirection":"In"},"Right Leg":{"Weight":1,"CFrame":[0.44030022621154787,-0.0552520751953125,0.13133597373962403,0.8115712404251099,0.4087986946105957,-0.4174157977104187,-0.4681191146373749,0.8824726343154907,-0.0458972342312336,0.34959521889686587,0.2326490730047226,0.907555878162384],"EasingStyle":"Linear","EasingDirection":"In"},"Torso":{"Weight":1,"CFrame":[0.10935866832733154,-0.052687548100948337,-0.23705244064331056,0.9844967126846314,0.0856681540608406,0.1530594378709793,-0.09212630987167359,0.995110809803009,0.03559884428977966,-0.14926140010356904,-0.049147747457027438,0.9875755906105042],"EasingStyle":"Linear","EasingDirection":"In"},"HumanoidRootPart":{"Weight":1,"CFrame":[0,0,0,1,0,0,0,1,0,0,0,1],"EasingStyle":"Linear","EasingDirection":"In"},"Left Arm":{"Weight":1,"CFrame":[-0.5555404424667358,-0.29315057396888735,-0.39130526781082156,-0.1960330456495285,0.1534366011619568,-0.9685186743736267,-0.9257582426071167,-0.35462525486946108,0.1311970204114914,-0.3233305811882019,0.9223331212997437,0.21156339347362519],"EasingStyle":"Linear","EasingDirection":"In"}}},{"Time":0.2666666805744171,"poses":{"Left Leg":{"Weight":1,"CFrame":[-0.22414866089820863,0.9092245101928711,0.07781577110290528,0.8035236597061157,0.16217640042304994,0.5727551579475403,-0.296947181224823,0.9431109428405762,0.14954674243927003,-0.5159187316894531,-0.29024237394332888,0.805969774723053],"EasingStyle":"Linear","EasingDirection":"In"},"Right Arm":{"Weight":1,"CFrame":[-0.8317049741744995,-0.22487899661064149,0.6558526754379273,0.3428547978401184,-0.4188492000102997,0.8408424854278565,0.6885824203491211,0.720914363861084,0.07833874970674515,-0.6389873623847961,0.552130401134491,0.5355811715126038],"EasingStyle":"Linear","EasingDirection":"In"},"Head":{"Weight":1,"CFrame":[1.0058283805847168e-7,2.2351741790771486e-8,0,0.9933367371559143,-0.11310136318206787,0.022141901776194574,0.11383314430713654,0.9928768873214722,-0.035178039222955707,-0.01800551638007164,0.037464119493961337,0.9991357326507568],"EasingStyle":"Linear","EasingDirection":"In"},"Right Leg":{"Weight":1,"CFrame":[0.5526208281517029,-0.07002711296081543,0.1633315086364746,0.7507914304733276,0.5047912001609802,-0.4260258674621582,-0.5662556886672974,0.8239455223083496,-0.021640615537762643,0.34009817242622378,0.25748711824417117,0.9044520854949951],"EasingStyle":"Linear","EasingDirection":"In"},"Torso":{"Weight":1,"CFrame":[0.07796046137809754,-0.08510942757129669,-0.295377254486084,0.9876764416694641,0.08825226128101349,0.12925542891025544,-0.09081831574440003,0.9957678914070129,0.014083166606724263,-0.12746553122997285,-0.025648364797234536,0.9915114045143127],"EasingStyle":"Linear","EasingDirection":"In"},"HumanoidRootPart":{"Weight":1,"CFrame":[0,0,0,1,0,0,0,1,0,0,0,1],"EasingStyle":"Linear","EasingDirection":"In"},"Left Arm":{"Weight":1,"CFrame":[-0.5768704414367676,-0.28047996759414675,-0.4068606495857239,-0.22776301205158235,0.11956151574850083,-0.9663483500480652,-0.886244535446167,-0.4365620017051697,0.15486939251422883,-0.4033544957637787,0.8916943073272705,0.20539335906505586],"EasingStyle":"Linear","EasingDirection":"In"}}},{"Time":0.30000001192092898,"poses":{"Left Leg":{"Weight":1,"CFrame":[-0.12017346173524857,0.9517461061477661,-0.05718183517456055,0.7169584035873413,0.3565860390663147,0.5990133285522461,-0.5670657157897949,0.7981087565422058,0.2036149650812149,-0.4054715037345886,-0.4856632947921753,0.7744185328483582],"EasingStyle":"Linear","EasingDirection":"In"},"Right Arm":{"Weight":1,"CFrame":[-0.830801248550415,-0.221964031457901,0.6559031009674072,0.3379599153995514,-0.4208998382091522,0.8417995572090149,0.6907829642295837,0.7184118628501892,0.0818750262260437,-0.6392198204994202,0.5538302659988403,0.5335447788238525],"EasingStyle":"Linear","EasingDirection":"In"},"Head":{"Weight":1,"CFrame":[1.1175870895385742e-7,1.5832483768463136e-8,1.1920928955078126e-7,0.9931612014770508,-0.11311780661344528,0.02889992855489254,0.11382415890693665,0.9932089447975159,-0.024088308215141298,-0.02597885951399803,0.027213089168071748,0.9992921352386475],"EasingStyle":"Linear","EasingDirection":"In"},"Right Leg":{"Weight":1,"CFrame":[0.6638010144233704,0.024014711380004884,0.1950993537902832,0.685383141040802,0.5739380121231079,-0.448157399892807,-0.62232506275177,0.7812389135360718,0.04875867813825607,0.37810248136520388,0.24548114836215974,0.892624020576477],"EasingStyle":"Linear","EasingDirection":"In"},"Torso":{"Weight":1,"CFrame":[0.03943915665149689,-0.10448789596557617,-0.4140174388885498,0.9915007948875427,0.08919462561607361,0.09471263736486435,-0.09022204577922821,0.9958997368812561,0.006612920667976141,-0.09373443573713303,-0.015101882629096508,0.9954828023910523],"EasingStyle":"Linear","EasingDirection":"In"},"HumanoidRootPart":{"Weight":1,"CFrame":[0,0,0,1,0,0,0,1,0,0,0,1],"EasingStyle":"Linear","EasingDirection":"In"},"Left Arm":{"Weight":1,"CFrame":[-0.5867459774017334,-0.271517813205719,-0.4125915765762329,-0.23906496167182923,0.12836913764476777,-0.9624808430671692,-0.8597845435142517,-0.4886224567890167,0.14838773012161256,-0.45124128460884097,0.8630003333091736,0.22718225419521333],"EasingStyle":"Linear","EasingDirection":"In"}}},{"Time":0.3333333432674408,"poses":{"Left Leg":{"Weight":1,"CFrame":[-0.0685027688741684,0.8652501106262207,-0.14844411611557008,0.6187441945075989,0.5074143409729004,0.5997384786605835,-0.7595303654670715,0.5813972353935242,0.29170340299606326,-0.20067183673381806,-0.6360094547271729,0.7451328039169312],"EasingStyle":"Linear","EasingDirection":"In"},"Right Arm":{"Weight":1,"CFrame":[-0.8332405686378479,-0.17830702662467957,0.6469848155975342,0.35324788093566897,-0.408648282289505,0.8415595889091492,0.6685380935668945,0.739525318145752,0.07848048955202103,-0.6544255614280701,0.5348915457725525,0.5344327092170715],"EasingStyle":"Linear","EasingDirection":"In"},"Head":{"Weight":1,"CFrame":[1.0710209608078003e-7,3.073364496231079e-8,-5.960464477539063e-8,0.9964128136634827,-0.07305207848548889,0.04271998628973961,0.07420125603675842,0.9969053268432617,-0.025961261242628099,-0.040691252797842029,0.02903800830245018,0.9987497329711914],"EasingStyle":"Linear","EasingDirection":"In"},"Right Leg":{"Weight":1,"CFrame":[0.7258266806602478,0.19076752662658692,0.23629438877105714,0.5669950842857361,0.6457562446594238,-0.5113857984542847,-0.6682695150375366,0.7235796451568604,0.1727668195962906,0.48159363865852358,0.24378561973571778,0.8418053984642029],"EasingStyle":"Linear","EasingDirection":"In"},"Torso":{"Weight":1,"CFrame":[-0.006410345435142517,-0.10770804435014725,-0.5962727069854736,0.9971703886985779,0.057640645653009418,0.0482572503387928,-0.058469951152801517,0.9981617331504822,0.015952352434396745,-0.04724903404712677,-0.018728813156485559,0.9987075328826904],"EasingStyle":"Linear","EasingDirection":"In"},"HumanoidRootPart":{"Weight":1,"CFrame":[0,0,0,1,0,0,0,1,0,0,0,1],"EasingStyle":"Linear","EasingDirection":"In"},"Left Arm":{"Weight":1,"CFrame":[-0.5891523361206055,-0.26811888813972475,-0.4134101867675781,-0.2412198781967163,0.14025938510894776,-0.9602813720703125,-0.8505236506462097,-0.5070754289627075,0.13958534598350526,-0.4673570394515991,0.8504126667976379,0.24161049723625184],"EasingStyle":"Linear","EasingDirection":"In"}}},{"Time":0.36666667461395266,"poses":{"Left Leg":{"Weight":1,"CFrame":[0.06481289118528366,0.452035129070282,-0.10392695665359497,0.41688457131385805,0.7132173776626587,0.5634964108467102,-0.9005709290504456,0.24006180465221406,0.36241206526756289,0.12320459634065628,-0.6585524678230286,0.7423809170722961],"EasingStyle":"Linear","EasingDirection":"In"},"Right Arm":{"Weight":1,"CFrame":[-0.8377705216407776,-0.1009836494922638,0.6304217576980591,0.3825105130672455,-0.3852629065513611,0.8397964835166931,0.626235842704773,0.7763994932174683,0.07094116508960724,-0.6793485879898071,0.49877476692199709,0.5382463932037354],"EasingStyle":"Linear","EasingDirection":"In"},"Head":{"Weight":1,"CFrame":[9.43837221711874e-8,2.4185283109545709e-8,-2.980232238769531e-7,0.9983426332473755,0.007569937966763973,0.05705111101269722,-0.005409021396189928,0.9992655515670776,-0.03793652728199959,-0.057296376675367358,0.03756505623459816,0.9976503252983093],"EasingStyle":"Linear","EasingDirection":"In"},"Right Leg":{"Weight":1,"CFrame":[0.713211178779602,0.3751121163368225,0.2754913568496704,0.41318267583847048,0.6923550963401794,-0.5915443301200867,-0.6677195429801941,0.6720391511917114,0.32017797231674197,0.6192178130149841,0.2626936435699463,0.7399739027023315],"EasingStyle":"Linear","EasingDirection":"In"},"Torso":{"Weight":1,"CFrame":[-0.056547269225120547,-0.09942032396793366,-0.767200231552124,0.9999611973762512,-0.005036447197198868,-0.007227221503853798,0.00528756994754076,0.9993677139282227,0.03515900298953056,0.007045575883239508,-0.03519584983587265,0.9993556141853333],"EasingStyle":"Linear","EasingDirection":"In"},"HumanoidRootPart":{"Weight":1,"CFrame":[0,0,0,1,0,0,0,1,0,0,0,1],"EasingStyle":"Linear","EasingDirection":"In"},"Left Arm":{"Weight":1,"CFrame":[-0.5754943490028381,-0.270738422870636,-0.3637769818305969,-0.1698930263519287,0.24566103518009187,-0.9543516635894775,-0.9347367286682129,-0.34687337279319765,0.07711202651262284,-0.3120957314968109,0.9051682353019714,0.28855961561203005],"EasingStyle":"Linear","EasingDirection":"In"}}},{"Time":0.4000000059604645,"poses":{"Left Leg":{"Weight":1,"CFrame":[0.033716268837451938,0.4658716917037964,-0.08934181928634644,0.434693843126297,0.7347056865692139,0.5208156704902649,-0.891212522983551,0.2677544057369232,0.36612555384635928,0.12954382598400117,-0.623309850692749,0.771169900894165],"EasingStyle":"Linear","EasingDirection":"In"},"Right Arm":{"Weight":1,"CFrame":[-0.8402099013328552,-0.05971607565879822,0.6215033531188965,0.3978846073150635,-0.372056245803833,0.8386072516441345,0.6026626229286194,0.795190691947937,0.06685534864664078,-0.6917265057563782,0.47879642248153689,0.5406184196472168],"EasingStyle":"Linear","EasingDirection":"In"},"Head":{"Weight":1,"CFrame":[4.7031790018081668e-8,3.073364496231079e-8,-5.364418029785156e-7,0.9956710338592529,0.06911912560462952,0.062143631279468539,-0.06502971053123474,0.9957259297370911,-0.06558217853307724,-0.06641101092100144,0.06125707924365997,0.9959102869033814],"EasingStyle":"Linear","EasingDirection":"In"},"Right Leg":{"Weight":1,"CFrame":[0.6772289872169495,0.4863714575767517,0.27739477157592776,0.3228587508201599,0.7108232378959656,-0.6248940825462341,-0.629487931728363,0.6543183326721191,0.41906142234802248,0.7067582011222839,0.2580655515193939,0.6587070226669312],"EasingStyle":"Linear","EasingDirection":"In"},"Torso":{"Weight":1,"CFrame":[-0.10591922700405121,-0.08195632696151734,-0.8283400535583496,0.9965817332267761,-0.049229055643081668,-0.06634272634983063,0.053244948387145999,0.9967659115791321,0.060189004987478259,0.06316512078046799,-0.06351567804813385,0.995979905128479],"EasingStyle":"Linear","EasingDirection":"In"},"HumanoidRootPart":{"Weight":1,"CFrame":[0,0,0,1,0,0,0,1,0,0,0,1],"EasingStyle":"Linear","EasingDirection":"In"},"Left Arm":{"Weight":1,"CFrame":[-0.5371569395065308,-0.27650201320648196,-0.2406477928161621,0.03799210488796234,0.43931180238723757,-0.8975309729576111,-0.9969183802604675,0.07835136353969574,-0.0038486942648887636,0.06863202899694443,0.8949112892150879,0.44093456864356997],"EasingStyle":"Linear","EasingDirection":"In"}}},{"Time":0.4333333373069763,"poses":{"Left Leg":{"Weight":1,"CFrame":[0.052202656865119937,0.38783442974090578,-0.0666576623916626,0.4893419146537781,0.7227464318275452,0.4880390167236328,-0.8717373609542847,0.38941827416419985,0.2973676025867462,0.02487000823020935,-0.570956289768219,0.8206037282943726],"EasingStyle":"Linear","EasingDirection":"In"},"Right Arm":{"Weight":1,"CFrame":[-0.8402044773101807,-0.08599957823753357,0.6251875162124634,0.39856863021850588,-0.3710434138774872,0.8387309908866882,0.6075524091720581,0.7918866276741028,0.06160849705338478,-0.6870394349098206,0.4850178360939026,0.5410495400428772],"EasingStyle":"Linear","EasingDirection":"In"},"Head":{"Weight":1,"CFrame":[7.404014468193054e-8,-3.166496753692627e-8,7.152557373046875e-7,0.9948878288269043,0.09116027504205704,0.04345285892486572,-0.08599084615707398,0.9903363585472107,-0.1088096871972084,-0.05295206606388092,0.1045168861746788,0.9931124448776245],"EasingStyle":"Linear","EasingDirection":"In"},"Right Leg":{"Weight":1,"CFrame":[0.6482675671577454,0.5010430812835693,0.252721905708313,0.3238982558250427,0.7174365520477295,-0.6167454123497009,-0.5896133184432983,0.6628828048706055,0.46145713329315188,0.7398959994316101,0.2141759991645813,0.6377166509628296],"EasingStyle":"Linear","EasingDirection":"In"},"Torso":{"Weight":1,"CFrame":[-0.14814820885658265,-0.05587112903594971,-0.7757575511932373,0.9907315373420715,-0.06027669087052345,-0.12172839790582657,0.07144813239574433,0.9934123158454895,0.08959552645683289,0.11552595347166062,-0.09746239334344864,0.9885114431381226],"EasingStyle":"Linear","EasingDirection":"In"},"HumanoidRootPart":{"Weight":1,"CFrame":[0,0,0,1,0,0,0,1,0,0,0,1],"EasingStyle":"Linear","EasingDirection":"In"},"Left Arm":{"Weight":1,"CFrame":[-0.4780949354171753,-0.28226447105407717,-0.08267879486083985,0.2768523395061493,0.5578420758247376,-0.7824098467826843,-0.8591324090957642,0.5084011554718018,0.058479249477386478,0.43040019273757937,0.656003475189209,0.6200122237205505],"EasingStyle":"Linear","EasingDirection":"In"}}},{"Time":0.46666666865348818,"poses":{"Left Leg":{"Weight":1,"CFrame":[0.02038758434355259,0.37065666913986208,-0.027933955192565919,0.657011866569519,0.5994318127632141,0.45718371868133547,-0.7303401231765747,0.656459391117096,0.18885070085525514,-0.18691949546337129,-0.45797669887542727,0.8690906167030335],"EasingStyle":"Linear","EasingDirection":"In"},"Right Arm":{"Weight":1,"CFrame":[-0.8401680588722229,-0.14382630586624146,0.6336705684661865,0.39908021688461306,-0.3699897229671478,0.8389533162117004,0.6193571090698242,0.7834581732749939,0.05089469254016876,-0.6761151552200317,0.4993005394935608,0.5418184399604797],"EasingStyle":"Linear","EasingDirection":"In"},"Head":{"Weight":1,"CFrame":[1.0617077350616455e-7,-1.862645149230957e-8,1.1920928955078126e-7,0.9951910376548767,0.09751591086387634,0.00924373883754015,-0.09503074735403061,0.9840711355209351,-0.15024393796920777,-0.02374766767024994,0.14864298701286317,0.988605797290802],"EasingStyle":"Linear","EasingDirection":"In"},"Right Leg":{"Weight":1,"CFrame":[0.558067798614502,0.45854294300079348,0.1713547706604004,0.4128212332725525,0.6868263483047485,-0.5982040762901306,-0.5194463729858398,0.7170372009277344,0.46479368209838869,0.7481672763824463,0.11885827779769898,0.6527776718139648],"EasingStyle":"Linear","EasingDirection":"In"},"Torso":{"Weight":1,"CFrame":[-0.1755824089050293,-0.028539180755615236,-0.6109318733215332,0.9846860766410828,-0.0612904392182827,-0.16320781409740449,0.08067350089550019,0.9900943040847778,0.11491341143846512,0.1545480340719223,-0.12632018327713014,0.9798765778541565],"EasingStyle":"Linear","EasingDirection":"In"},"HumanoidRootPart":{"Weight":1,"CFrame":[0,0,0,1,0,0,0,1,0,0,0,1],"EasingStyle":"Linear","EasingDirection":"In"},"Left Arm":{"Weight":1,"CFrame":[-0.4022631347179413,-0.28488415479660036,0.07147395610809326,0.3783065378665924,0.6509188413619995,-0.6581708788871765,-0.6792125701904297,0.6782692074775696,0.2803947627544403,0.6289312839508057,0.3409627676010132,0.6987058520317078],"EasingStyle":"Linear","EasingDirection":"In"}}},{"Time":0.5,"poses":{"Left Leg":{"Weight":1,"CFrame":[-0.08237951993942261,0.3683242201805115,0.0570223331451416,0.826377809047699,0.35745909810066225,0.4351124167442322,-0.4348703920841217,0.8960019946098328,0.08982329815626145,-0.3577534258365631,-0.2634454369544983,0.8958845138549805],"EasingStyle":"Linear","EasingDirection":"In"},"Right Arm":{"Weight":1,"CFrame":[-0.840069055557251,-0.20165234804153443,0.6430971622467041,0.3970419466495514,-0.3718213438987732,0.8391106724739075,0.6338843703269959,0.7722719311714172,0.042269013822078708,-0.6637380719184876,0.5151165127754211,0.5423160791397095],"EasingStyle":"Linear","EasingDirection":"In"},"Head":{"Weight":1,"CFrame":[1.4994293451309205e-7,2.7939677238464357e-8,-5.960464477539063e-8,0.9951381087303162,0.09737322479486466,-0.014788634143769741,-0.09847160428762436,0.9807829856872559,-0.16842851042747498,-0.00189598195720464,0.16906587779521943,0.9856029152870178],"EasingStyle":"Linear","EasingDirection":"In"},"Right Leg":{"Weight":1,"CFrame":[0.42021530866622927,0.39919817447662356,0.06791949272155762,0.5218842625617981,0.6200706362724304,-0.5857893824577332,-0.4283040463924408,0.7843676805496216,0.4486905038356781,0.7376939654350281,0.016731413081288339,0.6749278903007507],"EasingStyle":"Linear","EasingDirection":"In"},"Torso":{"Weight":1,"CFrame":[-0.17996498942375184,-0.009230226278305054,-0.42926549911499026,0.9818783402442932,-0.0606585331261158,-0.17954254150390626,0.08405008912086487,0.9885034561157227,0.12568503618240357,0.16985450685024262,-0.1384979635477066,0.9756884574890137],"EasingStyle":"Linear","EasingDirection":"In"},"HumanoidRootPart":{"Weight":1,"CFrame":[0,0,0,1,0,0,0,1,0,0,0,1],"EasingStyle":"Linear","EasingDirection":"In"},"Left Arm":{"Weight":1,"CFrame":[-0.31575217843055727,-0.2781634032726288,0.19026589393615724,0.4668743908405304,0.7858514785766602,-0.4055440127849579,-0.595845103263855,0.6184104681015015,0.5123834609985352,0.6534500122070313,0.002422661054879427,0.7569658160209656],"EasingStyle":"Linear","EasingDirection":"In"}}},{"Time":0.5333333611488342,"poses":{"Left Leg":{"Weight":1,"CFrame":[-0.15228170156478883,0.2508176565170288,0.1172645092010498,0.8971989154815674,0.13301947712898255,0.42111748456954958,-0.15463025867938996,0.9878189563751221,0.01741795614361763,-0.4136708080768585,-0.08074485510587692,0.9068388938903809],"EasingStyle":"Linear","EasingDirection":"In"},"Right Arm":{"Weight":1,"CFrame":[-0.8398761749267578,-0.2279370129108429,0.649612545967102,0.3899613320827484,-0.37937912344932558,0.8390479683876038,0.6472309231758118,0.7610629796981812,0.043306637555360797,-0.6549980044364929,0.5261698365211487,0.5423310995101929],"EasingStyle":"Linear","EasingDirection":"In"},"Head":{"Weight":1,"CFrame":[2.7939677238464357e-8,-3.725290298461914e-9,-1.7881393432617188e-7,0.9948607683181763,0.09888124465942383,-0.021786119788885118,-0.10108530521392822,0.982323408126831,-0.15755172073841096,0.005822107661515474,0.1589442789554596,0.9872704148292542],"EasingStyle":"Linear","EasingDirection":"In"},"Right Leg":{"Weight":1,"CFrame":[0.3256666362285614,0.3400573134422302,0.021062612533569337,0.5861274600028992,0.5595000386238098,-0.5860156416893005,-0.36615848541259768,0.8281247615814209,0.42442601919174197,0.7227604389190674,-0.03419320285320282,0.6902523636817932],"EasingStyle":"Linear","EasingDirection":"In"},"Torso":{"Weight":1,"CFrame":[-0.16867423057556153,-0.0031290948390960695,-0.30651235580444338,0.9817757606506348,-0.06373212486505509,-0.1790379285812378,0.0854891687631607,0.989497721195221,0.11655854433774948,0.169729083776474,-0.1297401636838913,0.9769132733345032],"EasingStyle":"Linear","EasingDirection":"In"},"HumanoidRootPart":{"Weight":1,"CFrame":[0,0,0,1,0,0,0,1,0,0,0,1],"EasingStyle":"Linear","EasingDirection":"In"},"Left Arm":{"Weight":1,"CFrame":[-0.2331962287425995,-0.2558731436729431,0.27059733867645266,0.6087645292282105,0.7927960157394409,0.029669195413589479,-0.6250424981117249,0.45624858140945437,0.6333712339401245,0.48859772086143496,-0.40411853790283205,0.773279070854187],"EasingStyle":"Linear","EasingDirection":"In"}}},{"Time":0.5666666626930237,"poses":{"Left Leg":{"Weight":1,"CFrame":[-0.1856137067079544,0.12580502033233643,0.12594377994537354,0.9101772904396057,-0.04504843428730965,0.4117620587348938,0.0656951442360878,0.9971858263015747,-0.03611939400434494,-0.40897616744041445,0.05992583930492401,0.9105753302574158],"EasingStyle":"Linear","EasingDirection":"In"},"Right Arm":{"Weight":1,"CFrame":[-0.838772177696228,-0.22788900136947633,0.6526820659637451,0.3781976103782654,-0.39112764596939089,0.839038610458374,0.6593005061149597,0.7500471472740173,0.05246276780962944,-0.6498380303382874,0.5333371162414551,0.5415366888046265],"EasingStyle":"Linear","EasingDirection":"In"},"Head":{"Weight":1,"CFrame":[1.4016404747962952e-7,-3.725290298461914e-9,2.384185791015625e-7,0.9944998025894165,0.10209248960018158,-0.02339514158666134,-0.10429012775421143,0.985873281955719,-0.1310628056526184,0.009684153832495213,0.13278180360794068,0.9910980463027954],"EasingStyle":"Linear","EasingDirection":"In"},"Right Leg":{"Weight":1,"CFrame":[0.43900197744369509,0.3129843473434448,0.13861143589019776,0.5928876399993897,0.5447041988372803,-0.5931117534637451,-0.38742107152938845,0.8386237621307373,0.3829037845134735,0.7059668898582459,0.0027649879921227695,0.7082396149635315],"EasingStyle":"Linear","EasingDirection":"In"},"Torso":{"Weight":1,"CFrame":[-0.1537993848323822,-0.005984574556350708,-0.24285435676574708,0.9819663763046265,-0.06932121515274048,-0.17588810622692109,0.08684703707695008,0.991779088973999,0.09397757053375244,0.16792750358581544,-0.10755816847085953,0.9799140691757202],"EasingStyle":"Linear","EasingDirection":"In"},"HumanoidRootPart":{"Weight":1,"CFrame":[0,0,0,1,0,0,0,1,0,0,0,1],"EasingStyle":"Linear","EasingDirection":"In"},"Left Arm":{"Weight":1,"CFrame":[-0.17136476933956147,-0.21482303738594056,0.3164803981781006,0.636954128742218,0.6396317481994629,0.4303029775619507,-0.7172778248786926,0.28718850016593935,0.6348505616188049,0.2824923098087311,-0.7130175828933716,0.6417196393013],"EasingStyle":"Linear","EasingDirection":"In"}}},{"Time":0.6000000238418579,"poses":{"Left Leg":{"Weight":1,"CFrame":[-0.19596682488918305,0.05171602964401245,0.10704326629638672,0.8990582227706909,-0.17010284960269929,0.4034345746040344,0.21748164296150208,0.9732316732406616,-0.07431002706289292,-0.3799949288368225,0.15454865992069245,0.9119861721992493],"EasingStyle":"Linear","EasingDirection":"In"},"Right Arm":{"Weight":1,"CFrame":[-0.8365015983581543,-0.22755473852157594,0.6545443534851074,0.3650783598423004,-0.40260350704193118,0.8394213914871216,0.6713201403617859,0.7385485172271729,0.06225445866584778,-0.6450172066688538,0.5407924652099609,0.5399038791656494],"EasingStyle":"Linear","EasingDirection":"In"},"Head":{"Weight":1,"CFrame":[4.0046870708465579e-8,3.725290298461914e-9,3.5762786865234377e-7,0.9941195249557495,0.10599153488874436,-0.022189585492014886,-0.1076536476612091,0.9894835352897644,-0.09660828113555908,0.01171659491956234,0.09842894971370697,0.9950751662254334],"EasingStyle":"Linear","EasingDirection":"In"},"Right Leg":{"Weight":1,"CFrame":[0.6162325143814087,0.45006221532821658,0.24000060558319093,0.6484478116035461,0.4697180986404419,-0.5990661382675171,-0.34793972969055178,0.8828083276748657,0.31557497382164,0.6770918965339661,0.0038049761205911638,0.7358888387680054],"EasingStyle":"Linear","EasingDirection":"In"},"Torso":{"Weight":1,"CFrame":[-0.13432574272155763,-0.013237610459327698,-0.2225513458251953,0.982862651348114,-0.07607971876859665,-0.16790731251239777,0.08800774812698364,0.9940118193626404,0.06477020680904389,0.16197413206100465,-0.07843735069036484,0.9836727976799011],"EasingStyle":"Linear","EasingDirection":"In"},"HumanoidRootPart":{"Weight":1,"CFrame":[0,0,0,1,0,0,0,1,0,0,0,1],"EasingStyle":"Linear","EasingDirection":"In"},"Left Arm":{"Weight":1,"CFrame":[-0.14702770113945008,-0.15182173252105714,0.33192646503448489,0.5886152982711792,0.5315966010093689,0.6090459823608398,-0.7740341424942017,0.15323327481746674,0.6143214106559753,0.23324498534202577,-0.8330214619636536,0.5016694664955139],"EasingStyle":"Linear","EasingDirection":"In"}}},{"Time":0.6333333253860474,"poses":{"Left Leg":{"Weight":1,"CFrame":[-0.19039088487625123,0.036353468894958499,0.07654845714569092,0.8868353366851807,-0.23689581453800202,0.3967410624027252,0.29570844769477847,0.9507086277008057,-0.09332495182752609,-0.35507693886756899,0.2000836431980133,0.9131740927696228],"EasingStyle":"Linear","EasingDirection":"In"},"Right Arm":{"Weight":1,"CFrame":[-0.8338755369186401,-0.22664722800254823,0.6555004119873047,0.3526012897491455,-0.4123077690601349,0.8400444984436035,0.6815999746322632,0.7282394766807556,0.0713362768292427,-0.6411659717559815,0.5474209189414978,0.537807047367096],"EasingStyle":"Linear","EasingDirection":"In"},"Head":{"Weight":1,"CFrame":[1.0244548320770264e-8,4.190951585769653e-8,-2.384185791015625e-7,0.9937544465065002,0.10962624102830887,-0.020838221535086633,-0.11072353273630142,0.9919151663780212,-0.06200458109378815,0.013872434385120869,0.06392460316419602,0.99785840511322