{"Sequence":[{"Time":0,"poses":{"Left Leg":{"Weight":1,"CFrame":[-0.2887071669101715,0.5551944971084595,0.08868908882141113,0.8734361529350281,-0.07326392084360123,0.48139557242393496,-0.06538418680429459,0.9620175957679749,0.2650420069694519,-0.48252907395362856,-0.262972891330719,0.8354706168174744],"EasingStyle":"Linear","EasingDirection":"In"},"Right Leg":{"Weight":1,"CFrame":[0.695364773273468,0.04942840337753296,-0.005004525184631348,0.8758737444877625,0.4824163615703583,0.010942880995571614,-0.4815904498100281,0.8753468990325928,-0.04287932068109512,-0.03026445582509041,0.0322868749499321,0.9990203976631165],"EasingStyle":"Linear","EasingDirection":"In"},"Left Arm":{"Weight":1,"CFrame":[4.0046870708465579e-8,0.04790341854095459,0.20029699802398683,1,1.1641533603778953e-7,3.3993277526178647e-8,-3.003515303134918e-8,0.9576524496078491,-0.2879268229007721,-1.6298145055770875e-8,0.2879268229007721,0.9576524496078491],"EasingStyle":"Linear","EasingDirection":"In"},"Head":{"Weight":1,"CFrame":[-1.1175870895385743e-8,-4.6566128730773929e-9,0,0.9663400053977966,-0.22126542031764985,-0.13125823438167573,0.22031165659427644,0.9751830101013184,-0.021928662434220315,0.13285286724567414,-0.007727173622697592,0.9911056756973267],"EasingStyle":"Linear","EasingDirection":"In"},"Torso":{"Weight":1,"CFrame":[0.01174059510231018,0.07588282972574234,-0.36124634742736819,0.9674901366233826,0.22037909924983979,0.12408094853162766,-0.2181980013847351,0.975409746170044,-0.03107287362217903,-0.1278775930404663,0.0029884835239499809,0.99178546667099],"EasingStyle":"Linear","EasingDirection":"In"},"HumanoidRootPart":{"Weight":1,"CFrame":[0,0,0,1,0,0,0,1,0,0,0,1],"EasingStyle":"Linear","EasingDirection":"In"},"Right Arm":{"Weight":1,"CFrame":[-2.0489096641540528e-8,-0.061866194009780887,0.20599400997161866,1,1.5366820704798557e-8,7.051858119666577e-8,1.0104849934577942e-7,0.9577389359474182,-0.2876390516757965,-6.772461347281933e-8,0.2876390218734741,0.9577388763427734],"EasingStyle":"Linear","EasingDirection":"In"}}},{"Time":0.02857142873108387,"poses":{"Left Leg":{"Weight":1,"CFrame":[-0.2720853388309479,0.5065939426422119,0.10384476184844971,0.8754227161407471,-0.06247023865580559,0.47930437326431277,-0.06069232523441315,0.9695585370063782,0.2372187077999115,-0.47953277826309206,-0.23675669729709626,0.8449820280075073],"EasingStyle":"Linear","EasingDirection":"In"},"Right Leg":{"Weight":1,"CFrame":[0.6629146933555603,0.05226510763168335,-0.00467836856842041,0.8859974145889282,0.4636125862598419,0.008491117507219315,-0.4634411931037903,0.8859731554985046,-0.01654699631035328,-0.015194257721304894,0.01072539109736681,0.9998270273208618],"EasingStyle":"Linear","EasingDirection":"In"},"Left Arm":{"Weight":1,"CFrame":[-3.725290298461914e-9,0.047903478145599368,0.20029687881469727,1,8.381903882082043e-8,-4.0279704904833127e-8,-2.51457130673316e-8,0.9576525092124939,-0.2879267930984497,8.905773007938933e-9,0.28792664408683779,0.9576525092124939],"EasingStyle":"Linear","EasingDirection":"In"},"Head":{"Weight":1,"CFrame":[9.592622518539429e-8,3.725290298461914e-9,0,0.9682987332344055,-0.22090807557106019,-0.11660715937614441,0.22025839984416963,0.9752644300460815,-0.01859101466834545,0.11782968789339066,-0.007682052906602621,0.9930042028427124],"EasingStyle":"Linear","EasingDirection":"In"},"Torso":{"Weight":1,"CFrame":[0.01749446988105774,0.06581790000200272,-0.32782793045043948,0.9691741466522217,0.22038725018501283,0.11014058440923691,-0.2181803286075592,0.9753885865211487,-0.03185402229428291,-0.11445006728172302,0.006841590162366629,0.9934054613113403],"EasingStyle":"Linear","EasingDirection":"In"},"HumanoidRootPart":{"Weight":1,"CFrame":[0,0,0,1,0,0,0,1,0,0,0,1],"EasingStyle":"Linear","EasingDirection":"In"},"Right Arm":{"Weight":1,"CFrame":[-1.862645149230957e-9,-0.06186634302139282,0.2059938907623291,1,0,4.9360089349193007e-8,9.778887033462525e-8,0.9577389359474182,-0.28763914108276369,-4.3190084397792819e-8,0.28763899207115176,0.9577389359474182],"EasingStyle":"Linear","EasingDirection":"In"}}},{"Time":0.05714285746216774,"poses":{"Left Leg":{"Weight":1,"CFrame":[-0.22449356317520142,0.3912028670310974,0.12427949905395508,0.8802387118339539,-0.031630199402570727,0.4734758734703064,-0.056611254811286929,0.9836506247520447,0.17095798254013062,-0.4711422622203827,-0.17728790640830995,0.8640567660331726],"EasingStyle":"Linear","EasingDirection":"In"},"Right Leg":{"Weight":1,"CFrame":[0.582092821598053,0.06319189071655274,-0.0035875439643859865,0.9088973999023438,0.41701552271842959,0.0019506465177983046,-0.41662439703941347,0.9078213572502136,0.04779818654060364,0.01816178858280182,-0.044256385415792468,0.9988551139831543],"EasingStyle":"Linear","EasingDirection":"In"},"Left Arm":{"Weight":1,"CFrame":[3.725290298461914e-9,0.04790371656417847,0.20029675960540772,1,5.494803900774059e-8,-7.497147436197338e-8,-2.2351747119842004e-8,0.9576525092124939,-0.2879268527030945,7.147902181259269e-8,0.28792670369148257,0.9576525092124939],"EasingStyle":"Linear","EasingDirection":"In"},"Head":{"Weight":1,"CFrame":[6.146728992462158e-8,-6.51925802230835e-9,1.1920928955078126e-7,0.9721754789352417,-0.2200341373682022,-0.08037362992763519,0.21992093324661256,0.9754626154899597,-0.010368483141064644,0.08068288117647171,-0.0075958529487252239,0.9967108964920044],"EasingStyle":"Linear","EasingDirection":"In"},"Torso":{"Weight":1,"CFrame":[0.031904712319374087,0.04152257740497589,-0.25461673736572268,0.9725338220596314,0.22012853622436524,0.07563979923725128,-0.21818575263023377,0.9753439426422119,-0.03315640985965729,-0.08107347786426544,0.01574220135807991,0.9965838193893433],"EasingStyle":"Linear","EasingDirection":"In"},"HumanoidRootPart":{"Weight":1,"CFrame":[0,0,0,1,0,0,0,1,0,0,0,1],"EasingStyle":"Linear","EasingDirection":"In"},"Right Arm":{"Weight":1,"CFrame":[2.2351741790771486e-8,-0.06186595559120178,0.2059938907623291,1,0,9.173525228334256e-8,1.0244549741855735e-7,0.9577389359474182,-0.28763917088508608,-8.70786678319746e-8,0.2876390814781189,0.9577388167381287],"EasingStyle":"Linear","EasingDirection":"In"}}},{"Time":0.08571428805589676,"poses":{"Left Leg":{"Weight":1,"CFrame":[-0.1537531614303589,0.258198618888855,0.12230193614959717,0.8852275609970093,0.013641731813549996,0.46495819091796877,-0.06302221864461899,0.9938705563545227,0.09082721918821335,-0.46086931228637698,-0.10970543324947357,0.8806613683700562],"EasingStyle":"Linear","EasingDirection":"In"},"Right Leg":{"Weight":1,"CFrame":[0.4834437072277069,0.08494174480438233,-0.0032335519790649416,0.9324486255645752,0.36122751235961916,-0.007369220722466707,-0.3573240339756012,0.9250074625015259,0.1291545033454895,0.05347077175974846,-0.11779681593179703,0.9915971159934998],"EasingStyle":"Linear","EasingDirection":"In"},"Left Arm":{"Weight":1,"CFrame":[7.450580596923828e-9,0.04790276288986206,0.20029699802398683,1,8.381903882082043e-8,-2.9802322387695315e-8,-2.6542696929254818e-8,0.9576524496078491,-0.28792673349380495,1.7462300494486272e-9,0.28792670369148257,0.9576525092124939],"EasingStyle":"Linear","EasingDirection":"In"},"Head":{"Weight":1,"CFrame":[1.1222437024116516e-7,-5.587935447692871e-9,-6.556510925292969e-7,0.9751368165016174,-0.21894308924674989,-0.0342363603413105,0.21907274425029756,0.975708544254303,0.0000373873372154776,0.03339651599526405,-0.007536707445979118,0.9994138479232788],"EasingStyle":"Linear","EasingDirection":"In"},"Torso":{"Weight":1,"CFrame":[0.05075531080365181,0.011848077178001404,-0.18206214904785157,0.9751490950584412,0.2192794531583786,0.031635478138923648,-0.21823471784591676,0.9753240346908569,-0.03341604769229889,-0.038182295858860019,0.025681668892502786,0.9989407062530518],"EasingStyle":"Linear","EasingDirection":"In"},"HumanoidRootPart":{"Weight":1,"CFrame":[0,0,0,1,0,0,0,1,0,0,0,1],"EasingStyle":"Linear","EasingDirection":"In"},"Right Arm":{"Weight":1,"CFrame":[7.450580596923828e-9,-0.061866968870162967,0.20599400997161866,1,-1.4901159417490817e-8,2.514570596190424e-8,9.965150127300149e-8,0.9577388763427734,-0.2876391112804413,-2.537853660555811e-8,0.28763899207115176,0.9577388763427734],"EasingStyle":"Linear","EasingDirection":"In"}}},{"Time":0.11428571492433548,"poses":{"Left Leg":{"Weight":1,"CFrame":[-0.10597952455282211,0.16456979513168336,0.11289846897125244,0.8890247344970703,0.04336659237742424,0.4558006823062897,-0.05766778811812401,0.9981823563575745,0.01750827021896839,-0.4542129635810852,-0.04185032844543457,0.8899096846580505],"EasingStyle":"Linear","EasingDirection":"In"},"Right Leg":{"Weight":1,"CFrame":[0.4317871332168579,0.11803001165390015,-0.006088614463806152,0.941679835319519,0.3360488712787628,-0.01761683076620102,-0.32511159777641299,0.9220446348190308,0.21008634567260743,0.08684282749891281,-0.19210664927959443,0.9775242209434509],"EasingStyle":"Linear","EasingDirection":"In"},"Left Arm":{"Weight":1,"CFrame":[1.4901161193847657e-8,0.04790318012237549,0.20029675960540772,1,6.332994928470726e-8,-5.401671643312511e-8,-2.0721929061551238e-8,0.9576524496078491,-0.28792691230773928,5.343463982399044e-8,0.2879267632961273,0.9576524496078491],"EasingStyle":"Linear","EasingDirection":"In"},"Head":{"Weight":1,"CFrame":[1.0244548320770264e-7,2.3283064365386964e-8,1.1920928955078126e-7,0.9759119153022766,-0.2179395705461502,0.009917378425598145,0.21784338355064393,0.9759331941604614,0.00993243046104908,-0.011843369342386723,-0.007532739546149969,0.9999015927314758],"EasingStyle":"Linear","EasingDirection":"In"},"Torso":{"Weight":1,"CFrame":[0.06995435059070587,-0.014357544481754303,-0.14952445030212403,0.9758977890014648,0.21796758472919465,-0.010660401545464993,-0.2181979864835739,0.975409746170044,-0.03107287548482418,0.003625380340963602,0.03265002742409706,0.9994602799415588],"EasingStyle":"Linear","EasingDirection":"In"},"HumanoidRootPart":{"Weight":1,"CFrame":[0,0,0,1,0,0,0,1,0,0,0,1],"EasingStyle":"Linear","EasingDirection":"In"},"Right Arm":{"Weight":1,"CFrame":[-1.4901161193847657e-8,-0.061866551637649539,0.20599377155303956,1,2.2351741790771486e-8,1.1455267667770386e-7,1.0291115870586509e-7,0.957738995552063,-0.28763917088508608,-1.1077646888679738e-7,0.28763899207115176,0.9577389359474182],"EasingStyle":"Linear","EasingDirection":"In"}}},{"Time":0.1428571492433548,"poses":{"Left Leg":{"Weight":1,"CFrame":[-0.1090337485074997,0.12270605564117432,0.11945152282714844,0.8931306600570679,0.03932880237698555,0.44807472825050356,-0.025708921253681184,0.9990050792694092,-0.03644094988703728,-0.4490621089935303,0.02102702669799328,0.8932532072067261],"EasingStyle":"Linear","EasingDirection":"In"},"Right Leg":{"Weight":1,"CFrame":[0.4422000050544739,0.15169447660446168,-0.01115560531616211,0.9362230896949768,0.35043442249298098,-0.026116367429494859,-0.3301997482776642,0.9027183055877686,0.2758040428161621,0.12022694200277329,-0.24959051609039308,0.9608591198921204],"EasingStyle":"Linear","EasingDirection":"In"},"Left Arm":{"Weight":1,"CFrame":[5.960464477539063e-8,0.04790294170379639,0.20029711723327638,1,1.0430814256778831e-7,2.0489096641540528e-8,-1.955777406692505e-8,0.9576524496078491,-0.2879268229007721,-5.168840289115906e-8,0.28792673349380495,0.9576524496078491],"EasingStyle":"Linear","EasingDirection":"In"},"Head":{"Weight":1,"CFrame":[1.1548399925231934e-7,1.862645149230957e-9,-4.172325134277344e-7,0.9751939177513123,-0.2171848863363266,0.042751435190439227,0.21663062274456025,0.976101279258728,0.01725180074572563,-0.045476555824279788,-0.007562581449747086,0.9989367723464966],"EasingStyle":"Linear","EasingDirection":"In"},"Torso":{"Weight":1,"CFrame":[0.08602553606033325,-0.030539538711309434,-0.15496373176574708,0.9753247499465942,0.21664462983608247,-0.04250819608569145,-0.21782968938350678,0.9756532311439514,-0.025515463203191758,0.03594546765089035,0.03414539992809296,0.9987703561782837],"EasingStyle":"Linear","EasingDirection":"In"},"HumanoidRootPart":{"Weight":1,"CFrame":[0,0,0,1,0,0,0,1,0,0,0,1],"EasingStyle":"Linear","EasingDirection":"In"},"Right Arm":{"Weight":1,"CFrame":[-1.4901161193847657e-8,-0.06186673045158386,0.20599400997161866,1,3.725290298461914e-9,6.798654084150258e-8,1.1269001731761819e-7,0.9577389359474182,-0.28763920068740847,-6.996560131256047e-8,0.2876390814781189,0.9577388167381287],"EasingStyle":"Linear","EasingDirection":"In"}}},{"Time":0.17142857611179353,"poses":{"Left Leg":{"Weight":1,"CFrame":[-0.1255645602941513,0.10037046670913696,0.12981224060058595,0.8965556621551514,0.025373142212629319,0.4422037601470947,0.008306576870381832,0.9972192049026489,-0.07406067848205567,-0.4428532123565674,0.0700727254152298,0.8938516974449158],"EasingStyle":"Linear","EasingDirection":"In"},"Right Leg":{"Weight":1,"CFrame":[0.46469730138778689,0.1777682900428772,-0.016429543495178224,0.9275085926055908,0.3724374771118164,-0.03191016614437103,-0.3428148925304413,0.8815470337867737,0.3245810270309448,0.14901648461818696,-0.2901124060153961,0.9453195333480835],"EasingStyle":"Linear","EasingDirection":"In"},"Left Arm":{"Weight":1,"CFrame":[1.4901161193847657e-8,0.04790341854095459,0.20029699802398683,1,1.005828522693264e-7,3.725290298461914e-8,-2.7008358216562557e-8,0.9576525092124939,-0.28792688250541689,-4.738104308898983e-8,0.2879268527030945,0.9576524496078491],"EasingStyle":"Linear","EasingDirection":"In"},"Head":{"Weight":1,"CFrame":[1.0617077350616455e-7,1.0244548320770264e-8,1.1920928955078126e-7,0.9740721583366394,-0.21661324799060822,0.06528552621603012,0.21560123562812806,0.9762279391288757,0.0222523994743824,-0.06855373084545136,-0.007599801290780306,0.9976184964179993],"EasingStyle":"Linear","EasingDirection":"In"},"Torso":{"Weight":1,"CFrame":[0.09804855287075043,-0.03791840001940727,-0.16912412643432618,0.9743320345878601,0.2155454009771347,-0.06494081765413284,-0.21712063252925874,0.9759755730628967,-0.018179429695010186,0.059462159872055057,0.031812794506549838,0.9977235198020935],"EasingStyle":"Linear","EasingDirection":"In"},"HumanoidRootPart":{"Weight":1,"CFrame":[0,0,0,1,0,0,0,1,0,0,0,1],"EasingStyle":"Linear","EasingDirection":"In"},"Right Arm":{"Weight":1,"CFrame":[7.450580596923828e-9,-0.06186628341674805,0.20599400997161866,1,1.303851249190302e-8,8.568165554834195e-8,1.0430814256778831e-7,0.9577388763427734,-0.2876390814781189,-6.693881715591488e-8,0.28763899207115176,0.9577388763427734],"EasingStyle":"Linear","EasingDirection":"In"}}},{"Time":0.20000000298023225,"poses":{"Left Leg":{"Weight":1,"CFrame":[-0.15113694965839387,0.09144073724746704,0.14414119720458985,0.8989739418029785,0.00597485201433301,0.4379613995552063,0.04255526512861252,0.9939849972724915,-0.10091081261634827,-0.4359298646450043,0.10935373604297638,0.893312394618988],"EasingStyle":"Linear","EasingDirection":"In"},"Right Leg":{"Weight":1,"CFrame":[0.49650299549102785,0.19952601194381715,-0.02172476053237915,0.91636723279953,0.3987421989440918,-0.03571994602680206,-0.3600867688655853,0.8599357604980469,0.361729234457016,0.1749536097049713,-0.31861457228660586,0.9315986633300781],"EasingStyle":"Linear","EasingDirection":"In"},"Left Arm":{"Weight":1,"CFrame":[2.2351741790771486e-8,0.047903239727020267,0.20029687881469727,1,1.005828522693264e-7,-2.51457130673316e-8,-2.421438694000244e-8,0.9576524496078491,-0.28792688250541689,-2.3283064365386964e-8,0.2879267632961273,0.9576524496078491],"EasingStyle":"Linear","EasingDirection":"In"},"Head":{"Weight":1,"CFrame":[1.0989606380462647e-7,2.1420419216156007e-8,-1.1920928955078126e-7,0.9729737043380737,-0.21618977189064027,0.08114275336265564,0.21478553116321565,0.9763215184211731,0.025758128613233568,-0.08479006588459015,-0.007633689790964127,0.9963696002960205],"EasingStyle":"Linear","EasingDirection":"In"},"Torso":{"Weight":1,"CFrame":[0.10577602684497833,-0.0393066480755806,-0.18975138664245606,0.9732783436775208,0.21471993625164033,-0.08139196783304215,-0.2162656933069229,0.9762772917747498,-0.01057250052690506,0.07719101011753082,0.027892274782061578,0.996626079082489],"EasingStyle":"Linear","EasingDirection":"In"},"HumanoidRootPart":{"Weight":1,"CFrame":[0,0,0,1,0,0,0,1,0,0,0,1],"EasingStyle":"Linear","EasingDirection":"In"},"Right Arm":{"Weight":1,"CFrame":[-5.21540641784668e-8,-0.0618664026260376,0.2059938907623291,1,-1.4901161193847657e-8,2.0489094865183689e-8,1.0523943672069436e-7,0.9577389359474182,-0.28763914108276369,-5.93718070263094e-8,0.2876390516757965,0.9577388763427734],"EasingStyle":"Linear","EasingDirection":"In"}}},{"Time":0.22857142984867097,"poses":{"Left Leg":{"Weight":1,"CFrame":[-0.1800236701965332,0.09014570713043213,0.16053974628448487,0.9004008173942566,-0.013592170551419258,0.4348490536212921,0.07400323450565338,0.9897310137748718,-0.12229536473751068,-0.4287213087081909,0.14229504764080048,0.8921604752540588],"EasingStyle":"Linear","EasingDirection":"In"},"Right Leg":{"Weight":1,"CFrame":[0.5337468385696411,0.22033774852752686,-0.027570486068725587,0.9040685892105103,0.42563897371292117,-0.038618817925453189,-0.37805166840553286,0.8385811448097229,0.39224833250045779,0.19934113323688508,-0.3400195240974426,0.9190483689308167],"EasingStyle":"Linear","EasingDirection":"In"},"Left Arm":{"Weight":1,"CFrame":[-2.60770320892334e-8,0.04790306091308594,0.20029687881469727,1,1.136213683139431e-7,-1.955777406692505e-8,-2.6542693376541139e-8,0.9576525092124939,-0.2879268229007721,-3.026798367500305e-8,0.2879267632961273,0.9576524496078491],"EasingStyle":"Linear","EasingDirection":"In"},"Head":{"Weight":1,"CFrame":[6.798654794692993e-8,4.423782229423523e-9,-5.960464477539063e-8,0.9718911051750183,-0.2158793807029724,0.09393514692783356,0.21411652863025666,0.97639000415802,0.028578191995620729,-0.09788679331541062,-0.007661818526685238,0.9951680898666382],"EasingStyle":"Linear","EasingDirection":"In"},"Torso":{"Weight":1,"CFrame":[0.10897111892700196,-0.037513379007577899,-0.21486568450927735,0.9721498489379883,0.21411685645580293,-0.09528199583292008,-0.21548599004745484,0.9764978885650635,-0.004198080860078335,0.09214379638433457,0.024613099172711374,0.9954414963722229],"EasingStyle":"Linear","EasingDirection":"In"},"HumanoidRootPart":{"Weight":1,"CFrame":[0,0,0,1,0,0,0,1,0,0,0,1],"EasingStyle":"Linear","EasingDirection":"In"},"Right Arm":{"Weight":1,"CFrame":[1.862645149230957e-8,-0.061866313219070438,0.20599400997161866,1,9.313224857976366e-9,3.4458931708059029e-8,1.0710208186992532e-7,0.9577388763427734,-0.2876391112804413,-6.728804891054097e-8,0.2876390516757965,0.9577389359474182],"EasingStyle":"Linear","EasingDirection":"In"}}},{"Time":0.2571428716182709,"poses":{"Left Leg":{"Weight":1,"CFrame":[-0.20721116662025453,0.09122520685195923,0.17691242694854737,0.9013014435768127,-0.02856818214058876,0.43224966526031496,0.09996208548545838,0.9846092462539673,-0.14336039125919343,-0.421501487493515,0.1724194884300232,0.8902854323387146],"EasingStyle":"Linear","EasingDirection":"In"},"Right Leg":{"Weight":1,"CFrame":[0.572498083114624,0.24376744031906129,-0.03498995304107666,0.8922383785247803,0.44962021708488467,-0.04186177998781204,-0.3923864960670471,0.8178497552871704,0.42089757323265078,0.22348080575466157,-0.3591150641441345,0.9061417579650879],"EasingStyle":"Linear","EasingDirection":"In"},"Left Arm":{"Weight":1,"CFrame":[2.60770320892334e-8,0.047903478145599368,0.20029711723327638,1,8.195639367158947e-8,-1.955777406692505e-8,-2.4272598153629589e-8,0.9576524496078491,-0.28792691230773928,-9.313226634333205e-9,0.28792670369148257,0.9576523900032044],"EasingStyle":"Linear","EasingDirection":"In"},"Head":{"Weight":1,"CFrame":[1.5157274901866914e-7,1.8568243831396104e-8,1.1920928955078126e-7,0.9705629348754883,-0.21564747393131257,0.10725614428520203,0.21347135305404664,0.9764410853385925,0.03151044622063637,-0.11152445524930954,-0.0076867579482495789,0.9937319755554199],"EasingStyle":"Linear","EasingDirection":"In"},"Torso":{"Weight":1,"CFrame":[0.10741215944290161,-0.03534916415810585,-0.24265003204345704,0.9706984162330627,0.2136395275592804,-0.11001245677471161,-0.2150048166513443,0.97661292552948,-0.00056140759261325,0.10731964558362961,0.024198167026042939,0.9939300417900086],"EasingStyle":"Linear","EasingDirection":"In"},"HumanoidRootPart":{"Weight":1,"CFrame":[0,0,0,1,0,0,0,1,0,0,0,1],"EasingStyle":"Linear","EasingDirection":"In"},"Right Arm":{"Weight":1,"CFrame":[-1.1175870895385743e-8,-0.06186646223068237,0.2059938907623291,1,-5.587934559514451e-9,5.308537964765492e-8,1.0250370507947082e-7,0.9577389359474182,-0.2876390814781189,-4.79631196981245e-8,0.28763893246650698,0.9577388763427734],"EasingStyle":"Linear","EasingDirection":"In"}}},{"Time":0.2857142984867096,"poses":{"Left Leg":{"Weight":1,"CFrame":[-0.2293069213628769,0.09046816825866699,0.19142448902130128,0.90219646692276,-0.037206511944532397,0.4297177791595459,0.11972156912088394,0.9787269234657288,-0.16661499440670014,-0.4143771529197693,0.20176592469215394,0.887458324432373],"EasingStyle":"Linear","EasingDirection":"In"},"Right Leg":{"Weight":1,"CFrame":[0.6081732511520386,0.2707585096359253,-0.04454880952835083,0.8821677565574646,0.4686727821826935,-0.04610881954431534,-0.40044453740119936,0.7980451583862305,0.45029786229133608,0.2478393018245697,-0.3787742555141449,0.8916870355606079],"EasingStyle":"Linear","EasingDirection":"In"},"Left Arm":{"Weight":1,"CFrame":[4.470348358154297e-8,0.047903358936309817,0.20029699802398683,1,7.823111758398227e-8,-4.7031790018081668e-8,-3.247988189514217e-8,0.9576525092124939,-0.2879267632961273,5.820767512432212e-8,0.28792673349380495,0.9576525092124939],"EasingStyle":"Linear","EasingDirection":"In"},"Head":{"Weight":1,"CFrame":[1.4016404747962952e-7,1.0710209608078003e-8,1.1920928955078126e-7,0.9687235951423645,-0.21546825766563416,0.12307793647050858,0.2127479463815689,0.9764804840087891,0.03499086573719978,-0.1277225911617279,-0.00771190132945776,0.9917799830436707],"EasingStyle":"Linear","EasingDirection":"In"},"Torso":{"Weight":1,"CFrame":[0.1016944944858551,-0.03472210839390755,-0.27055788040161135,0.9686945080757141,0.21316589415073396,-0.12724518775939942,-0.214884951710701,0.976639449596405,0.0002224126656074077,0.12432006001472473,0.02712762914597988,0.9918712973594666],"EasingStyle":"Linear","EasingDirection":"In"},"HumanoidRootPart":{"Weight":1,"CFrame":[0,0,0,1,0,0,0,1,0,0,0,1],"EasingStyle":"Linear","EasingDirection":"In"},"Right Arm":{"Weight":1,"CFrame":[-1.4901161193847657e-8,-0.06186628341674805,0.20599365234375,1,3.725290298461914e-8,1.1827796697616577e-7,9.391807509473438e-8,0.9577389359474182,-0.2876390814781189,-1.1571684410682792e-7,0.2876390218734741,0.9577389359474182],"EasingStyle":"Linear","EasingDirection":"In"}}},{"Time":0.3142857253551483,"poses":{"Left Leg":{"Weight":1,"CFrame":[-0.24409820139408112,0.08844572305679321,0.201859712600708,0.902990996837616,-0.041384413838386539,0.4276619255542755,0.13274730741977693,0.9735250473022461,-0.1860835999250412,-0.4086386561393738,0.22480274736881257,0.8845779895782471],"EasingStyle":"Linear","EasingDirection":"In"},"Right Leg":{"Weight":1,"CFrame":[0.6337668299674988,0.2938031554222107,-0.05359387397766113,0.8751075863838196,0.4813348352909088,-0.05003613978624344,-0.4033283293247223,0.7825823426246643,0.4742269217967987,0.26741933822631838,-0.39481866359710696,0.8789796829223633],"EasingStyle":"Linear","EasingDirection":"In"},"Left Arm":{"Weight":1,"CFrame":[2.2351741790771486e-8,0.04790312051773071,0.20029687881469727,1,7.636847243475131e-8,-5.867333641162986e-8,-2.625165862468748e-8,0.9576525092124939,-0.28792688250541689,5.02914261346632e-8,0.28792670369148257,0.9576525092124939],"EasingStyle":"Linear","EasingDirection":"In"},"Head":{"Weight":1,"CFrame":[9.266659617424011e-8,-1.862645149230957e-9,-1.7881393432617188e-7,0.9668839573860169,-0.21534930169582368,0.13696788251399995,0.2121032178401947,0.9765064716339111,0.03804412856698036,-0.1419427990913391,-0.007732925936579704,0.9898447394371033],"EasingStyle":"Linear","EasingDirection":"In"},"Torso":{"Weight":1,"CFrame":[0.0952838659286499,-0.03503602370619774,-0.29255151748657229,0.9667103290557861,0.21273481845855714,-0.1421799212694168,-0.2149420529603958,0.9766268134117127,-0.00016998007777146995,0.1388205587863922,0.03072475828230381,0.9898408055305481],"EasingStyle":"Linear","EasingDirection":"In"},"HumanoidRootPart":{"Weight":1,"CFrame":[0,0,0,1,0,0,0,1,0,0,0,1],"EasingStyle":"Linear","EasingDirection":"In"},"Right Arm":{"Weight":1,"CFrame":[-7.450580596923828e-9,-0.0618664026260376,0.2059938907623291,1,3.5390257835388186e-8,1.6298143634685403e-7,9.704672265797854e-8,0.957738995552063,-0.28763899207115176,-1.1129304766654968e-7,0.28763899207115176,0.9577388763427734],"EasingStyle":"Linear","EasingDirection":"In"}}},{"Time":0.34285715222358706,"poses":{"Left Leg":{"Weight":1,"CFrame":[-0.24953484535217286,0.08731424808502197,0.2058800458908081,0.9033446907997131,-0.04250362142920494,0.4268043041229248,0.1374678760766983,0.9712762236595154,-0.19422991573810578,-0.40628930926322939,0.2341284602880478,0.8832399845123291],"EasingStyle":"Linear","EasingDirection":"In"},"Right Leg":{"Weight":1,"CFrame":[0.6435417532920837,0.30356884002685549,-0.057668089866638187,0.8724591732025147,0.4859355390071869,-0.05178414657711983,-0.4036671221256256,0.7763407826423645,0.4840950071811676,0.27544108033180239,-0.4014495313167572,0.873481810092926],"EasingStyle":"Linear","EasingDirection":"In"},"Left Arm":{"Weight":1,"CFrame":[-2.2351741790771486e-8,0.047902822494506839,0.20029699802398683,1,7.450581307466564e-8,-7.823110337312755e-8,-4.10364044967082e-8,0.9576524496078491,-0.2879268527030945,3.58559226754096e-8,0.28792667388916018,0.9576524496078491],"EasingStyle":"Linear","EasingDirection":"In"},"Head":{"Weight":1,"CFrame":[8.521601557731629e-8,1.6763806343078614e-8,-4.172325134277344e-7,0.9660306572914124,-0.21530623733997346,0.14292721450328828,0.21182075142860413,0.9765158891677856,0.03935348242521286,-0.14804375171661378,-0.0077417148277163509,0.9889506101608276],"EasingStyle":"Linear","EasingDirection":"In"},"Torso":{"Weight":1,"CFrame":[0.09224686026573181,-0.03534915670752525,-0.30148768424987795,0.9657957553863525,0.21253803372383119,-0.1485469937324524,-0.2150048166513443,0.97661292552948,-0.0005614060792140663,0.14495357871055604,0.032480522990226749,0.9889051914215088],"EasingStyle":"Linear","EasingDirection":"In"},"HumanoidRootPart":{"Weight":1,"CFrame":[0,0,0,1,0,0,0,1,0,0,0,1],"EasingStyle":"Linear","EasingDirection":"In"},"Right Arm":{"Weight":1,"CFrame":[0,-0.06186673045158386,0.2059938907623291,1,3.166496398421259e-8,1.0151414642223244e-7,9.32486869942295e-8,0.957738995552063,-0.2876391112804413,-1.2386591663471337e-7,0.28763896226882937,0.9577389359474182],"EasingStyle":"Linear","EasingDirection":"In"}}},{"Time":0.37142857909202578,"poses":{"Left Leg":{"Weight":1,"CFrame":[-0.2439180612564087,0.0877068042755127,0.20174622535705567,0.9030643105506897,-0.04111725091934204,0.427532821893692,0.13279540836811067,0.9733644127845764,-0.1868879795074463,-0.40846091508865359,0.22554625570774079,0.8844708204269409],"EasingStyle":"Linear","EasingDirection":"In"},"Right Leg":{"Weight":1,"CFrame":[0.6336658000946045,0.29433614015579226,-0.05384761095046997,0.8751766681671143,0.48119673132896426,-0.050156403332948688,-0.4029011130332947,0.7822938561439514,0.4750652313232422,0.26783686876296999,-0.39555802941322329,0.8785200119018555],"EasingStyle":"Linear","EasingDirection":"In"},"Left Arm":{"Weight":1,"CFrame":[1.4901161193847657e-8,0.047903478145599368,0.20029687881469727,1,8.940699558479537e-8,-3.9115551686563779e-8,-2.3886974176434707e-8,0.9576525092124939,-0.2879268229007721,4.4703494239684008e-8,0.28792688250541689,0.9576524496078491],"EasingStyle":"Linear","EasingDirection":"In"},"Head":{"Weight":1,"CFrame":[1.2945383787155152e-7,1.862645149230957e-8,1.1920928955078126e-7,0.9668189287185669,-0.21534110605716706,0.13743856549263,0.212076336145401,0.9765083193778992,0.03814757615327835,-0.14242462813854218,-0.007734327111393213,0.9897754192352295],"EasingStyle":"Linear","EasingDirection":"In"},"Torso":{"Weight":1,"CFrame":[0.09552580118179321,-0.034997209906578067,-0.2926025390625,0.9666475057601929,0.212724506855011,-0.14262142777442933,-0.2149386703968048,0.97662752866745,-0.00012147158849984407,0.13926216959953309,0.03077227622270584,0.9897773265838623],"EasingStyle":"Linear","EasingDirection":"In"},"HumanoidRootPart":{"Weight":1,"CFrame":[0,0,0,1,0,0,0,1,0,0,0,1],"EasingStyle":"Linear","EasingDirection":"In"},"Right Arm":{"Weight":1,"CFrame":[7.450580596923828e-9,-0.061866164207458499,0.20599377155303956,1,-1.3038517820973539e-8,2.0489098417897368e-8,1.0772056668884034e-7,0.9577388763427734,-0.2876390516757965,-1.210719524635806e-8,0.2876390814781189,0.957738995552063],"EasingStyle":"Linear","EasingDirection":"In"}}},{"Time":0.4000000059604645,"poses":{"Left Leg":{"Weight":1,"CFrame":[-0.22891977429389954,0.08900308609008789,0.19120144844055177,0.9023383855819702,-0.03665729984641075,0.4294669032096863,0.11981680989265442,0.9784392714500427,-0.16822803020477296,-0.41404053568840029,0.20325593650341035,0.8872753977775574],"EasingStyle":"Linear","EasingDirection":"In"},"Right Leg":{"Weight":1,"CFrame":[0.6080054640769959,0.2718285918235779,-0.045011937618255618,0.8822950720787048,0.4684101343154907,-0.04634040221571922,-0.3996480107307434,0.7974905371665955,0.4519849419593811,0.2486703246831894,-0.3802641034126282,0.8908212184906006],"EasingStyle":"Linear","EasingDirection":"In"},"Left Arm":{"Weight":1,"CFrame":[4.470348358154297e-8,0.047903597354888919,0.20029711723327638,1,8.940698137394065e-8,-1.7695128917694093e-8,-2.9976941817722039e-8,0.9576525092124939,-0.2879267930984497,-1.0943039363553453e-8,0.28792673349380495,0.9576524496078491],"EasingStyle":"Linear","EasingDirection":"In"},"Head":{"Weight":1,"CFrame":[1.7043203115463258e-7,1.3504177331924439e-8,2.384185791015625e-7,0.9686069488525391,-0.21545182168483735,0.12402134388685227,0.21269716322422028,0.9764840602874756,0.03519865870475769,-0.1286884844303131,-0.0077146789990365509,0.991655170917511],"EasingStyle":"Linear","EasingDirection":"In"},"Torso":{"Weight":1,"CFrame":[0.10217660665512085,-0.0346444770693779,-0.2706489562988281,0.9685817956924439,0.21314755082130433,-0.1281304806470871,-0.21487875282764436,0.9766407012939453,0.0003194409655407071,0.12520553171634675,0.02722311206161976,0.9917572736740112],"EasingStyle":"Linear","EasingDirection":"In"},"HumanoidRootPart":{"Weight":1,"CFrame":[0,0,0,1,0,0,0,1,0,0,0,1],"EasingStyle":"Linear","EasingDirection":"In"},"Right Arm":{"Weight":1,"CFrame":[-3.725290298461914e-8,-0.061866194009780887,0.20599377155303956,1,-1.8626449271863522e-9,8.568166975919667e-8,1.04482751339674e-7,0.9577388763427734,-0.2876391112804413,-6.58910721540451e-8,0.28763899207115176,0.9577388763427734],"EasingStyle":"Linear","EasingDirection":"In"}}},{"Time":0.4285714328289032,"poses":{"Left Leg":{"Weight":1,"CFrame":[-0.20721116662025453,0.09122520685195923,0.17691242694854737,0.9013014435768127,-0.02856818214058876,0.43224966526031496,0.09996208548545838,0.9846092462539673,-0.14336039125919343,-0.421501487493515,0.1724194884300232,0.8902854323387146],"EasingStyle":"Linear","EasingDirection":"In"},"Right Leg":{"Weight":1,"CFrame":[0.572498083114624,0.24376744031906129,-0.03498995304107666,0.8922383785247803,0.44962021708488467,-0.04186177998781204,-0.3923864960670471,0.8178497552871704,0.42089757323265078,0.22348080575466157,-0.3591150641441345,0.9061417579650879],"EasingStyle":"Linear","EasingDirection":"In"},"Left Arm":{"Weight":1,"CFrame":[2.60770320892334e-8,0.047903478145599368,0.20029711723327638,1,8.195639367158947e-8,-1.955777406692505e-8,-2.4272598153629589e-8,0.9576524496078491,-0.28792691230773928,-9.313226634333205e-9,0.28792670369148257,0.9576523900032044],"EasingStyle":"Linear","EasingDirection":"In"},"Head":{"Weight":1,"CFrame":[1.5157274901866914e-7,1.8568243831396104e-8,1.1920928955078126e-7,0.9705629348754883,-0.21564747393131257,0.10725614428520203,0.21347135305404664,0.9764410853385925,0.03151044622063637,-0.11152445524930954,-0.0076867579482495789,0.9937319755554199],"EasingStyle":"Linear","EasingDirection":"In"},"Torso":{"Weight":1,"CFrame":[0.10741215944290161,-0.03534916415810585,-0.24265003204345704,0.9706984162330627,0.2136395275592804,-0.11001245677471161,-0.2150048166513443,0.97661292552948,-0.00056140759261325,0.10731964558362961,0.024198167026042939,0.9939300417900086],"EasingStyle":"Linear","EasingDirection":"In"},"HumanoidRootPart":{"Weight":1,"CFrame":[0,0,0,1,0,0,0,1,0,0,0,1],"EasingStyle":"Linear","EasingDirection":"In"},"Right Arm":{"Weight":1,"CFrame":[-1.1175870895385743e-8,-0.06186646223068237,0.2059938907623291,1,-5.587934559514451e-9,5.308537964765492e-8,1.0250370507947082e-7,0.9577389359474182,-0.2876390814781189,-4.79631196981245e-8,0.28763893246650698,0.9577388763427734],"EasingStyle":"Linear","EasingDirection":"In"}}},{"Time":0.4571428596973419,"poses":{"Left Leg":{"Weight":1,"CFrame":[-0.18126699328422547,0.09495991468429566,0.16114771366119386,0.9000021815299988,-0.014986368827521801,0.4356277883052826,0.07310421019792557,0.9904424548149109,-0.11695963889360428,-0.4297114312648773,0.13711011409759522,0.89249587059021],"EasingStyle":"Linear","EasingDirection":"In"},"Right Leg":{"Weight":1,"CFrame":[0.534212589263916,0.21697282791137696,-0.02646934986114502,0.9038997292518616,0.42606598138809206,-0.037855103611946109,-0.3799627125263214,0.8404237031936646,0.3864147961139679,0.19645251333713532,-0.33489668369293215,0.9215480089187622],"EasingStyle":"Linear","EasingDirection":"In"},"Left Arm":{"Weight":1,"CFrame":[0,0.047903239727020267,0.20029687881469727,1,9.685754776000977e-8,-5.634501576423645e-8,-2.5611374354639339e-8,0.9576524496078491,-0.28792688250541689,-1.2805687177319669e-8,0.2879268229007721,0.9576523900032044],"EasingStyle":"Linear","EasingDirection":"In"},"Head":{"Weight":1,"CFrame":[5.122274160385132e-8,2.0954757928848268e-9,0,0.9721811413764954,-0.21593476831912995,0.09075247496366501,0.21426481008529664,0.9763777852058411,0.027874838560819627,-0.09462784230709076,-0.00765432883054018,0.9954833984375],"EasingStyle":"Linear","EasingDirection":"In"},"Torso":{"Weight":1,"CFrame":[0.10736224055290222,-0.03705383837223053,-0.21464157104492188,0.9724242687225342,0.2141798734664917,-0.09229353070259094,-0.21550533175468446,0.976492166519165,-0.004525120370090008,0.08915472030639649,0.02429008297622204,0.9957215785980225],"EasingStyle":"Linear","EasingDirection":"In"},"HumanoidRootPart":{"Weight":1,"CFrame":[0,0,0,1,0,0,0,1,0,0,0,1],"EasingStyle":"Linear","EasingDirection":"In"},"Right Arm":{"Weight":1,"CFrame":[7.450580596923828e-9,-0.06186628341674805,0.20599400997161866,1,-3.7252894102834945e-9,3.5390254282674508e-8,1.0617075929530984e-7,0.9577388763427734,-0.28763914108276369,-4.9592919992846876e-8,0.2876390218734741,0.9577389359474182],"EasingStyle":"Linear","EasingDirection":"In"}}},{"Time":0.48571428656578066,"poses":{"Left Leg":{"Weight":1,"CFrame":[-0.15379175543785096,0.10183417797088623,0.1452794075012207,0.898168683052063,0.003278854303061962,0.43963876366615298,0.04006371647119522,0.9952013492584229,-0.08927123993635178,-0.4378218948841095,0.09779422730207443,0.89372718334198],"EasingStyle":"Linear","EasingDirection":"In"},"Right Leg":{"Weight":1,"CFrame":[0.4972999393939972,0.1922890543937683,-0.01968824863433838,0.9162243008613586,0.3992185592651367,-0.034023549407720569,-0.36345192790031435,0.8638626337051392,0.34877508878707888,0.16862927377223969,-0.30719035863876345,0.9365886449813843],"EasingStyle":"Linear","EasingDirection":"In"},"Left Arm":{"Weight":1,"CFrame":[7.450580596923828e-9,0.04790318012237549,0.20029687881469727,1,9.872020712009544e-8,3.91155481338501e-8,-2.421439049271612e-8,0.9576525092124939,-0.28792694211006167,-5.541370029504833e-8,0.2879268229007721,0.9576523900032044],"EasingStyle":"Linear","EasingDirection":"In"},"Head":{"Weight":1,"CFrame":[1.1082738637924194e-7,9.313225746154785e-9,2.384185791015625e-7,0.9735051393508911,-0.21631181240081788,0.07414176315069199,0.2150879204273224,0.9762946963310242,0.024207912385463716,-0.07762067019939423,-0.007619528099894524,0.9969539046287537],"EasingStyle":"Linear","EasingDirection":"In"},"Torso":{"Weight":1,"CFrame":[0.10225073993206024,-0.037720486521720889,-0.1893455982208252,0.9737722873687744,0.21487174928188325,-0.07481736689805985,-0.21628932654857636,0.9762639999389648,-0.011294213123619557,0.07061470299959183,0.02718019112944603,0.9971333146095276],"EasingStyle":"Linear","EasingDirection":"In"},"HumanoidRootPart":{"Weight":1,"CFrame":[0,0,0,1,0,0,0,1,0,0,0,1],"EasingStyle":"Linear","EasingDirection":"In"},"Right Arm":{"Weight":1,"CFrame":[2.9802322387695315e-8,-0.06186637282371521,0.20599400997161866,1,7.450578820566989e-9,8.84756374830431e-8,1.0058283805847168e-7,0.9577388763427734,-0.28763914108276369,-7.55535438656807e-8,0.2876390218734741,0.9577388763427734],"EasingStyle":"Linear","EasingDirection":"In"}}},{"Time":0.5142857432365418,"poses":{"Left Leg":{"Weight":1,"CFrame":[-0.12888053059577943,0.11379426717758179,0.13089299201965333,0.8955641388893127,0.02213577926158905,0.444381445646286,0.0044893804006278519,0.9982612729072571,-0.05877351388335228,-0.4449097216129303,0.05463043600320816,0.8939076662063599],"EasingStyle":"Linear","EasingDirection":"In"},"Right Leg":{"Weight":1,"CFrame":[0.4651776850223541,0.16830086708068849,-0.014192342758178711,0.9275526404380798,0.37251371145248415,-0.02965722605586052,-0.3461573123931885,0.8863967061042786,0.30736976861953738,0.14078748226165772,-0.27483564615249636,0.9511280059814453],"EasingStyle":"Linear","EasingDirection":"In"},"Left Arm":{"Weight":1,"CFrame":[1.4901161193847657e-8,0.04790329933166504,0.20029699802398683,1,7.823110337312755e-8,-5.913897638265553e-8,-2.514570951461792e-8,0.9576524496078491,-0.2879268229007721,2.444721758365631e-9,0.28792670369148257,0.9576523900032044],"EasingStyle":"Linear","EasingDirection":"In"},"Head":{"Weight":1,"CFrame":[1.2852251529693604e-7,7.450580596923828e-9,2.384185791015625e-7,0.9746113419532776,-0.21677425503730775,0.056051161140203479,0.21596400439739228,0.9761924147605896,0.02020266465842724,-0.05909613147377968,-0.007584715262055397,0.9982234835624695],"EasingStyle":"Linear","EasingDirection":"In"},"Torso":{"Weight":1,"CFrame":[0.0934155285358429,-0.03543737158179283,-0.1687171459197998,0.9748238325119019,0.21575984358787538,-0.05626911297440529,-0.21711543202400208,0.9759584665298462,-0.0191347599029541,0.0507877916097641,0.03086991235613823,0.998232364654541],"EasingStyle":"Linear","EasingDirection":"In"},"HumanoidRootPart":{"Weight":1,"CFrame":[0,0,0,1,0,0,0,1,0,0,0,1],"EasingStyle":"Linear","EasingDirection":"In"},"Right Arm":{"Weight":1,"CFrame":[-2.2351741790771486e-8,-0.061866194009780887,0.2059938907623291,1,1.6763804566721775e-8,1.2572853336223489e-7,9.499491682163353e-8,0.957738995552063,-0.2876390814781189,-1.2072270294538613e-7,0.28763893246650698,0.9577389359474182],"EasingStyle":"Linear","EasingDirection":"In"}}},{"Time":0.5428571701049805,"poses":{"Left Leg":{"Weight":1,"CFrame":[-0.11137288808822632,0.1335545778274536,0.11971306800842285,0.8923460245132446,0.03699291869997978,0.449833482503891,-0.02943122759461403,0.9992835521697998,-0.023794621229171754,-0.4503915011882782,0.007993858307600022,0.8927955031394959],"EasingStyle":"Linear","EasingDirection":"In"},"Right Leg":{"Weight":1,"CFrame":[0.4418979287147522,0.14385288953781129,-0.009685397148132325,0.936437726020813,0.34999406337738039,-0.02426069974899292,-0.3319700360298157,0.9063353538513184,0.26144251227378847,0.1134917140007019,-0.2367708534002304,0.9649141430854797],"EasingStyle":"Linear","EasingDirection":"In"},"Left Arm":{"Weight":1,"CFrame":[7.450580596923828e-9,0.04790365695953369,0.20029699802398683,1,8.568168397005138e-8,-3.4458938813486387e-8,-1.7695127141337254e-8,0.9576525092124939,-0.28792688250541689,-7.974448656966615e-9,0.2879268229007721,0.9576524496078491],"EasingStyle":"Linear","EasingDirection":"In"},"Head":{"Weight":1,"CFrame":[1.3690441846847535e-7,1.1175870895385743e-8,3.5762786865234377e-7,0.9754695296287537,-0.21731