{"Sequence":[{"Time":0,"poses":{"Left Leg":{"Weight":1,"CFrame":[-0.11797410249710083,-0.03162693977355957,0.6934542655944824,0.3579988181591034,-0.4064040780067444,0.840638279914856,0.6277482509613037,0.7712324857711792,0.1055138111114502,-0.6912086606025696,0.4899352192878723,0.5312195420265198],"EasingStyle":"Linear","EasingDirection":"In"},"Right Arm":{"Weight":1,"CFrame":[0.09389364719390869,-0.9078580141067505,0.16017019748687745,-0.16407984495162965,-0.030931193381547929,0.9859622120857239,0.8029613494873047,-0.5847769975662231,0.11528012901544571,0.5730019807815552,0.8106043338775635,0.12078650295734406],"EasingStyle":"Linear","EasingDirection":"In"},"Head":{"Weight":1,"CFrame":[-0.0000064373016357421879,0.000001080334186553955,0,0.986198902130127,0.07200276851654053,-0.14908838272094727,-0.0511973574757576,0.9889732599258423,0.13896535336971284,0.15745030343532563,-0.12941455841064454,0.9790106415748596],"EasingStyle":"Linear","EasingDirection":"In"},"Left Arm":{"Weight":1,"CFrame":[-0.09388118982315064,-0.907692015171051,0.16011285781860352,-0.16407953202724458,0.030931204557418824,-0.9859623312950134,-0.8029614090919495,-0.5847769975662231,0.11527996510267258,-0.5730019211769104,0.8106042146682739,0.12078646570444107],"EasingStyle":"Linear","EasingDirection":"In"},"Torso":{"Weight":1,"CFrame":[0.13154220581054688,-0.058417320251464847,-0.22740578651428224,0.9832562208175659,-0.053909823298454288,0.1740713268518448,0.07159596681594849,0.9927085041999817,-0.09697460383176804,-0.1675741821527481,0.10781370103359223,0.9799466133117676],"EasingStyle":"Linear","EasingDirection":"In"},"HumanoidRootPart":{"Weight":0,"CFrame":[0,0,0,1,0,0,0,1,0,0,0,1],"EasingStyle":"Linear","EasingDirection":"In"},"Right Leg":{"Weight":1,"CFrame":[0.5301600098609924,-0.21357464790344239,0.3724362850189209,0.9044429063796997,-0.08709210157394409,-0.41761037707328799,-0.16912075877189637,0.8255211114883423,-0.538436233997345,0.39163967967033389,0.5576112866401672,0.7319072484970093],"EasingStyle":"Linear","EasingDirection":"In"}}},{"Time":0.03333333507180214,"poses":{"Left Leg":{"Weight":1,"CFrame":[-0.2242397964000702,-0.019054651260375978,0.6722995042800903,0.43825939297676089,-0.40989944338798525,0.7999444603919983,0.6009938716888428,0.7954078912734985,0.07831306755542755,-0.6683827638626099,0.44644033908843996,0.5949417948722839],"EasingStyle":"Linear","EasingDirection":"In"},"Right Arm":{"Weight":1,"CFrame":[0.07480454444885254,-0.8959897756576538,0.1382840871810913,-0.17792828381061555,-0.07811162620782852,0.9809382557868958,0.8085660934448242,-0.5797600150108337,0.10049635916948319,0.5608588457107544,0.8110347390174866,0.16631408035755158],"EasingStyle":"Linear","EasingDirection":"In"},"Head":{"Weight":1,"CFrame":[-0.0000010281801223754883,-3.725290298461914e-8,0,0.9892148375511169,0.07045155763626099,-0.12841591238975526,-0.05081469938158989,0.9873428344726563,0.15024001896381379,0.13737525045871736,-0.14209428429603578,0.9802743792533875],"EasingStyle":"Linear","EasingDirection":"In"},"Left Arm":{"Weight":1,"CFrame":[-0.0754207968711853,-0.8956139087677002,0.13969266414642335,-0.17764303088188172,0.07684442400932312,-0.9810901284217835,-0.8093368411064148,-0.5785562992095947,0.10122846066951752,-0.559836745262146,0.8120148181915283,0.1649695187807083],"EasingStyle":"Linear","EasingDirection":"In"},"Torso":{"Weight":1,"CFrame":[0.15893936157226563,-0.05288982391357422,-0.13587355613708497,0.9799931645393372,-0.04630807042121887,0.19356931746006013,0.06988659501075745,0.9906919598579407,-0.11681274324655533,-0.18635816872119904,0.1280035674571991,0.9741077423095703],"EasingStyle":"Linear","EasingDirection":"In"},"HumanoidRootPart":{"Weight":0,"CFrame":[0,0,0,1,0,0,0,1,0,0,0,1],"EasingStyle":"Linear","EasingDirection":"In"},"Right Leg":{"Weight":1,"CFrame":[0.35887131094932558,-0.2789086103439331,0.23881864547729493,0.884735107421875,-0.2184479981660843,-0.41173282265663149,-0.05062933266162872,0.8331002593040466,-0.5508004426956177,0.4633362293243408,0.5081585049629211,0.7260131239891052],"EasingStyle":"Linear","EasingDirection":"In"}}},{"Time":0.06666667014360428,"poses":{"Left Leg":{"Weight":1,"CFrame":[-0.49851492047309878,0.01430433988571167,0.5448426008224487,0.635753333568573,-0.4285697937011719,0.6419861316680908,0.5213935375213623,0.8517155647277832,0.052246712148189548,-0.5691807270050049,0.30151140689849856,0.7649343013763428],"EasingStyle":"Linear","EasingDirection":"In"},"Right Arm":{"Weight":1,"CFrame":[0.03127896785736084,-0.857736349105835,0.08306431770324707,-0.20419445633888246,-0.20334674417972566,0.9575780034065247,0.8277491927146912,-0.5580936074256897,0.05799560248851776,0.5226246118545532,0.8044764399528503,0.28227952122688296],"EasingStyle":"Linear","EasingDirection":"In"},"Head":{"Weight":1,"CFrame":[0.00000484660267829895,-1.043081283569336e-7,0,0.9950181841850281,0.06415437161922455,-0.07631126791238785,-0.0498114712536335,0.982970118522644,0.17688772082328797,0.08635979145765305,-0.17220526933670045,0.9812684655189514],"EasingStyle":"Linear","EasingDirection":"In"},"Left Arm":{"Weight":1,"CFrame":[-0.03281182050704956,-0.8572503924369812,0.08751130104064942,-0.20337122678756715,0.1995455026626587,-0.958552360534668,-0.8299555778503418,-0.5545234084129334,0.060650140047073367,-0.5194370746612549,0.8078897595405579,0.27838781476020815],"EasingStyle":"Linear","EasingDirection":"In"},"Torso":{"Weight":1,"CFrame":[0.20090866088867188,-0.03740119934082031,0.0037126541137695314,0.9761861562728882,-0.027705155313014985,0.2151584029197693,0.06360866129398346,0.9847730994224548,-0.1617906540632248,-0.20739972591400147,0.17162375152111054,0.9630840420722961],"EasingStyle":"Linear","EasingDirection":"In"},"HumanoidRootPart":{"Weight":0,"CFrame":[0,0,0,1,0,0,0,1,0,0,0,1],"EasingStyle":"Linear","EasingDirection":"In"},"Right Leg":{"Weight":1,"CFrame":[0.10096651315689087,-0.3054615259170532,-0.004888176918029785,0.863601565361023,-0.47129470109939577,-0.1790914237499237,0.35396823287010195,0.8197222352027893,-0.4502919614315033,0.3590255081653595,0.32548022270202639,0.8747363090515137],"EasingStyle":"Linear","EasingDirection":"In"}}},{"Time":0.10000000149011612,"poses":{"Left Leg":{"Weight":1,"CFrame":[-0.828016996383667,0.1045234203338623,0.27102208137512209,0.8243462443351746,-0.4438713788986206,0.3513283133506775,0.4230270981788635,0.8954352140426636,0.13872259855270387,-0.3761667311191559,0.03426578640937805,0.9259182810783386],"EasingStyle":"Linear","EasingDirection":"In"},"Right Arm":{"Weight":1,"CFrame":[-0.014159739017486573,-0.7891750335693359,0.011689424514770508,-0.21247591078281403,-0.3773966431617737,0.9013469815254211,0.8619709014892578,-0.5068774223327637,-0.009037479758262635,0.4602831304073334,0.7750144004821777,0.4330040216445923],"EasingStyle":"Linear","EasingDirection":"In"},"Head":{"Weight":1,"CFrame":[-0.0000037886202335357668,-3.5762786865234377e-7,0,0.9986689686775208,0.05094776302576065,-0.008056692779064179,-0.04815815016627312,0.9769064784049988,0.20817065238952638,0.018476461991667749,-0.20750539004802705,0.9780593514442444],"EasingStyle":"Linear","EasingDirection":"In"},"Left Arm":{"Weight":1,"CFrame":[0.012653529644012452,-0.7891233563423157,0.018294692039489747,-0.21142669022083283,0.37209999561309817,-0.9037925601005554,-0.8649938702583313,-0.5017651319503784,-0.004231184720993042,-0.45506590604782107,0.7808799743652344,0.4279506504535675],"EasingStyle":"Linear","EasingDirection":"In"},"Torso":{"Weight":1,"CFrame":[0.2386016845703125,-0.01314544677734375,0.05478167533874512,0.9743850827217102,-0.0026170043274760248,0.2248709499835968,0.051823075860738757,0.9756333827972412,-0.21319958567619325,-0.21883365511894227,0.21939203143119813,0.9507781267166138],"EasingStyle":"Linear","EasingDirection":"In"},"HumanoidRootPart":{"Weight":0,"CFrame":[0,0,0,1,0,0,0,1,0,0,0,1],"EasingStyle":"Linear","EasingDirection":"In"},"Right Leg":{"Weight":1,"CFrame":[0.4089823365211487,0.04386460781097412,-0.04190540313720703,0.8781240582466126,-0.41894787549972536,0.23104240000247956,0.45067018270492556,0.8864354491233826,-0.10549554228782654,-0.16060686111450196,0.19676202535629273,0.9672074913978577],"EasingStyle":"Linear","EasingDirection":"In"}}},{"Time":0.13333334028720857,"poses":{"Left Leg":{"Weight":1,"CFrame":[-0.9828389883041382,0.15474987030029298,-0.07044810056686402,0.9263816475868225,-0.3754041790962219,0.029814891517162324,0.3505460023880005,0.8885464668273926,0.29597800970077517,-0.13760343194007874,-0.26373711228370669,0.9547294974327087],"EasingStyle":"Linear","EasingDirection":"In"},"Right Arm":{"Weight":1,"CFrame":[-0.041214823722839358,-0.6982771754264832,-0.05477607250213623,-0.18455733358860017,-0.558616578578949,0.8086322546005249,0.9024673104286194,-0.42215603590011599,-0.08565880358219147,0.3892193138599396,0.7139554023742676,0.5820450186729431],"EasingStyle":"Linear","EasingDirection":"In"},"Head":{"Weight":1,"CFrame":[-0.000004196539521217346,-6.332993507385254e-7,0,0.9976919293403626,0.030725620687007905,0.060555268079042438,-0.044094596058130267,0.9713222980499268,0.23364193737506867,-0.051639944314956668,-0.2357727289199829,0.9704354405403137],"EasingStyle":"Linear","EasingDirection":"In"},"Left Arm":{"Weight":1,"CFrame":[0.04059648513793945,-0.6987196803092957,-0.04865586757659912,-0.18361890316009522,0.5542137026786804,-0.8118691444396973,-0.9051800966262817,-0.4173926115036011,-0.08020578324794769,-0.38331925868988039,0.7201603651046753,0.57830411195755],"EasingStyle":"Linear","EasingDirection":"In"},"Torso":{"Weight":1,"CFrame":[0.2835845947265625,0.02641582489013672,0.07849836349487305,0.9748554825782776,0.024540342390537263,0.22148290276527406,0.033299125730991366,0.9667153358459473,-0.25367823243141177,-0.22033624351024629,0.2546747922897339,0.9415906071662903],"EasingStyle":"Linear","EasingDirection":"In"},"HumanoidRootPart":{"Weight":0,"CFrame":[0,0,0,1,0,0,0,1,0,0,0,1],"EasingStyle":"Linear","EasingDirection":"In"},"Right Leg":{"Weight":1,"CFrame":[0.5502252578735352,0.25955820083618166,-0.25488901138305666,0.8380380868911743,-0.35718098282814028,0.4124491214752197,0.306753933429718,0.9335944652557373,0.185212641954422,-0.4512145221233368,-0.028694787994027139,0.8919540643692017],"EasingStyle":"Linear","EasingDirection":"In"}}},{"Time":0.1666666716337204,"poses":{"Left Leg":{"Weight":1,"CFrame":[-1.130951166152954,0.16233015060424806,-0.2893788814544678,0.9046540260314941,-0.38413602113723757,-0.1845020055770874,0.4261097311973572,0.80963134765625,0.40364354848861697,-0.005675466265529394,-0.4437756836414337,0.8961200714111328],"EasingStyle":"Linear","EasingDirection":"In"},"Right Arm":{"Weight":1,"CFrame":[-0.04135620594024658,-0.6096027493476868,-0.0962226390838623,-0.13737918436527253,-0.7081086039543152,0.6926108598709106,0.9357357025146484,-0.3220994472503662,-0.14370395243167878,0.3248475193977356,0.6283585429191589,0.7068519592285156],"EasingStyle":"Linear","EasingDirection":"In"},"Head":{"Weight":1,"CFrame":[0.0000035651028156280519,-7.450580596923828e-9,0,0.9934279918670654,0.005816464312374592,0.11431171745061875,-0.033687714487314227,0.9693306684494019,0.2434415966272354,-0.10938985645771027,-0.24569237232208253,0.96315598487854],"EasingStyle":"Linear","EasingDirection":"In"},"Left Arm":{"Weight":1,"CFrame":[0.04141414165496826,-0.6099677681922913,-0.09284794330596924,-0.13668744266033173,0.706109344959259,-0.694785475730896,-0.9372553825378418,-0.31926530599594118,-0.14007967710494996,-0.32073238492012026,0.6320439577102661,0.7054439187049866],"EasingStyle":"Linear","EasingDirection":"In"},"Torso":{"Weight":1,"CFrame":[0.3058204650878906,0.08416748046875,-0.033762454986572269,0.9773945212364197,0.05030813813209534,0.20535102486610413,0.007148906588554382,0.9628583192825317,-0.2699129283428192,-0.2113027423620224,0.26527953147888186,0.9407327175140381],"EasingStyle":"Linear","EasingDirection":"In"},"HumanoidRootPart":{"Weight":0,"CFrame":[0,0,0,1,0,0,0,1,0,0,0,1],"EasingStyle":"Linear","EasingDirection":"In"},"Right Leg":{"Weight":1,"CFrame":[0.7802450656890869,0.3774031400680542,-0.37647008895874026,0.9473429918289185,-0.11335963010787964,0.29948440194129946,0.026744693517684938,0.959985613822937,0.27877023816108706,-0.3191019594669342,-0.256081223487854,0.9124672412872315],"EasingStyle":"Linear","EasingDirection":"In"}}},{"Time":0.20000000298023225,"poses":{"Left Leg":{"Weight":1,"CFrame":[-1.223604679107666,0.18308693170547486,-0.34568870067596438,0.8710813522338867,-0.42628198862075808,-0.24392886459827424,0.4909008741378784,0.7711541652679443,0.4053860902786255,0.015297826379537583,-0.47286903858184817,0.8809999823570252],"EasingStyle":"Linear","EasingDirection":"In"},"Right Arm":{"Weight":1,"CFrame":[-0.02116680145263672,-0.5530003905296326,-0.09920281171798706,-0.11407425999641419,-0.8108616471290588,0.5740129947662354,0.9590460062026978,-0.24066326022148133,-0.14937356114387513,0.25926512479782107,0.533464789390564,0.8051068782806397],"EasingStyle":"Linear","EasingDirection":"In"},"Head":{"Weight":1,"CFrame":[-9.834766387939454e-7,3.203749656677246e-7,0,0.989555835723877,-0.020652160048484803,0.14266401529312135,-0.012901954352855683,0.9730232357978821,0.23034699261188508,-0.14357273280620576,-0.2297818511724472,0.962594211101532],"EasingStyle":"Linear","EasingDirection":"In"},"Left Arm":{"Weight":1,"CFrame":[0.021137773990631105,-0.5529009103775024,-0.09920239448547363,-0.1140737235546112,0.8108617067337036,-0.5740129947662354,-0.9590460658073425,-0.24066294729709626,-0.14937373995780946,-0.2592649757862091,0.5334652066230774,0.8051066994667053],"EasingStyle":"Linear","EasingDirection":"In"},"Torso":{"Weight":1,"CFrame":[0.3169136047363281,0.16164779663085938,-0.1503462791442871,0.9810587763786316,0.07434552162885666,0.17887581884860993,-0.025308623909950258,0.9646964073181152,-0.2621460556983948,-0.19205023348331452,0.252653568983078,0.9483053684234619],"EasingStyle":"Linear","EasingDirection":"In"},"HumanoidRootPart":{"Weight":0,"CFrame":[0,0,0,1,0,0,0,1,0,0,0,1],"EasingStyle":"Linear","EasingDirection":"In"},"Right Leg":{"Weight":1,"CFrame":[0.8990853428840637,0.38433516025543215,-0.23308682441711427,0.9886507987976074,0.1501307189464569,0.005556382238864899,-0.14322754740715028,0.9307408928871155,0.33646318316459658,0.045341748744249347,-0.33344027400016787,0.9416804313659668],"EasingStyle":"Linear","EasingDirection":"In"}}},{"Time":0.23333333432674409,"poses":{"Left Leg":{"Weight":1,"CFrame":[-1.1020914316177369,0.21457123756408692,-0.2533092498779297,0.9048817157745361,-0.361407607793808,-0.22488626837730409,0.41924571990966799,0.8480998873710632,0.32397568225860598,0.0736384466290474,-0.38744208216667178,0.9189484715461731],"EasingStyle":"Linear","EasingDirection":"In"},"Right Arm":{"Weight":1,"CFrame":[0.007746458053588867,-0.544705867767334,-0.05461931228637695,-0.1505979299545288,-0.8716380000114441,0.4664415419101715,0.9754356145858765,-0.2077421396970749,-0.07327252626419068,0.16076666116714478,0.4439489543437958,0.8815123438835144],"EasingStyle":"Linear","EasingDirection":"In"},"Head":{"Weight":1,"CFrame":[0.0000032782554626464845,-2.5331974029541018e-7,0,0.9877755045890808,-0.047246500849723819,0.1485530138015747,0.017333123832941057,0.9803429245948792,0.19653943181037904,-0.15491870045661927,-0.19156184792518617,0.9691773056983948],"EasingStyle":"Linear","EasingDirection":"In"},"Left Arm":{"Weight":1,"CFrame":[-0.008389115333557129,-0.5444937348365784,-0.057642459869384769,-0.15196049213409425,0.8721303939819336,-0.46507731080055239,-0.9744317531585693,-0.21098434925079347,-0.07725763320922852,-0.16550278663635255,0.4414460361003876,0.8818928599357605],"EasingStyle":"Linear","EasingDirection":"In"},"Torso":{"Weight":1,"CFrame":[0.3302421569824219,0.25904178619384768,-0.10437870025634766,0.9846916794776917,0.09736074507236481,0.14458024501800538,-0.06167101114988327,0.9704101085662842,-0.2334546148777008,-0.1630314737558365,0.22096440196037293,0.9615589380264282],"EasingStyle":"Linear","EasingDirection":"In"},"HumanoidRootPart":{"Weight":0,"CFrame":[0,0,0,1,0,0,0,1,0,0,0,1],"EasingStyle":"Linear","EasingDirection":"In"},"Right Leg":{"Weight":1,"CFrame":[0.6957072615623474,0.30266273021698,-0.01633995771408081,0.9240015149116516,0.23718410730361939,-0.29994168877601626,-0.12196522951126099,0.9262236952781677,0.3566993772983551,0.36241620779037478,-0.293008029460907,0.8847604990005493],"EasingStyle":"Linear","EasingDirection":"In"}}},{"Time":0.2666666805744171,"poses":{"Left Leg":{"Weight":1,"CFrame":[-0.7308628559112549,0.17246830463409425,-0.11672240495681763,0.9638562798500061,-0.16648918390274049,-0.20799671113491059,0.21643070876598359,0.9445715546607971,0.24686577916145326,0.15536731481552125,-0.28296002745628359,0.946464478969574],"EasingStyle":"Linear","EasingDirection":"In"},"Right Arm":{"Weight":1,"CFrame":[0.038877665996551517,-0.5683252811431885,0.042423248291015628,-0.24256959557533265,-0.8986408114433289,0.36552026867866518,0.9701092839241028,-0.22737498581409455,0.0847848653793335,0.006919074337929487,0.3751610219478607,0.9269341826438904],"EasingStyle":"Linear","EasingDirection":"In"},"Head":{"Weight":1,"CFrame":[-4.842877388000488e-7,-5.066394805908203e-7,0,0.9877229332923889,-0.07397986948490143,0.1375894695520401,0.05362921208143234,0.987809419631958,0.1461392045021057,-0.1467234492301941,-0.13696624338626862,0.9796491861343384],"EasingStyle":"Linear","EasingDirection":"In"},"Left Arm":{"Weight":1,"CFrame":[-0.04051566123962402,-0.56880122423172,0.03726363182067871,-0.24565023183822633,0.8983946442604065,-0.3640647530555725,-0.9692453145980835,-0.233380988240242,0.07808247953653336,-0.014817101880908013,0.37204912304878237,0.9280950427055359],"EasingStyle":"Linear","EasingDirection":"In"},"Torso":{"Weight":1,"CFrame":[0.32294464111328127,0.3719024658203125,0.048635005950927737,0.9872114658355713,0.12009525299072266,0.10483725368976593,-0.09905354678630829,0.9773769974708557,-0.18687592446804048,-0.12490841746330261,0.17410153150558473,0.9767735600471497],"EasingStyle":"Linear","EasingDirection":"In"},"HumanoidRootPart":{"Weight":0,"CFrame":[0,0,0,1,0,0,0,1,0,0,0,1],"EasingStyle":"Linear","EasingDirection":"In"},"Right Leg":{"Weight":1,"CFrame":[0.3659622371196747,0.1775146722793579,0.015318751335144043,0.8554807305335999,0.21777495741844178,-0.4698164463043213,-0.0343751460313797,0.9291517734527588,0.36809712648391726,0.5166928172111511,-0.29874974489212038,0.8023572564125061],"EasingStyle":"Linear","EasingDirection":"In"}}},{"Time":0.30000001192092898,"poses":{"Left Leg":{"Weight":1,"CFrame":[-0.3888593316078186,0.11142873764038086,-0.002884805202484131,0.9937094449996948,0.008439101278781891,-0.11167438328266144,0.010236866772174836,0.9861384034156799,0.16561166942119599,0.1115240603685379,-0.16571302711963654,0.9798479080200195],"EasingStyle":"Linear","EasingDirection":"In"},"Right Arm":{"Weight":1,"CFrame":[0.0707629919052124,-0.5901851654052734,0.19973301887512208,-0.3690248727798462,-0.8904123902320862,0.26643434166908266,0.9079397320747376,-0.28409093618392947,0.30812138319015505,-0.19866354763507844,0.35561037063598635,0.9132766723632813],"EasingStyle":"Linear","EasingDirection":"In"},"Head":{"Weight":1,"CFrame":[0.0000013224780559539795,-6.109476089477539e-7,0,0.9882113337516785,-0.10114666819572449,0.11492655426263809,0.0918402224779129,0.9922598004341126,0.08358696103096008,-0.12249162793159485,-0.07204665243625641,0.9898512959480286],"EasingStyle":"Linear","EasingDirection":"In"},"Left Arm":{"Weight":1,"CFrame":[-0.07367098331451416,-0.5917757153511047,0.19407260417938233,-0.3734080493450165,0.8888401389122009,-0.26557621359825137,-0.9079114198684692,-0.2913910448551178,0.3013119101524353,0.19043146073818208,0.35363179445266726,0.9157952070236206],"EasingStyle":"Linear","EasingDirection":"In"},"Torso":{"Weight":1,"CFrame":[0.3140144348144531,0.4839153289794922,0.11351728439331055,0.9877796173095703,0.1429891586303711,0.062013354152441028,-0.13437026739120484,0.9828875660896301,-0.1260041892528534,-0.07896938920021057,0.11613163352012634,0.9900897145271301],"EasingStyle":"Linear","EasingDirection":"In"},"HumanoidRootPart":{"Weight":0,"CFrame":[0,0,0,1,0,0,0,1,0,0,0,1],"EasingStyle":"Linear","EasingDirection":"In"},"Right Leg":{"Weight":1,"CFrame":[0.22697579860687257,0.15392661094665528,0.01681661605834961,0.7750651836395264,0.2924546003341675,-0.5601295828819275,-0.03946509212255478,0.9071211814880371,0.41901612281799319,0.6306480169296265,-0.30265873670578005,0.7146193981170654],"EasingStyle":"Linear","EasingDirection":"In"}}},{"Time":0.3333333432674408,"poses":{"Left Leg":{"Weight":1,"CFrame":[-0.002053201198577881,-0.012801408767700196,0.03680837154388428,0.971963107585907,0.21649661660194398,0.09174338728189469,-0.2210255265235901,0.9743480682373047,0.04235251992940903,-0.08022085577249527,-0.06144275516271591,0.9948819875717163],"EasingStyle":"Linear","EasingDirection":"In"},"Right Arm":{"Weight":1,"CFrame":[0.10005927085876465,-0.5657705068588257,0.4110602140426636,-0.5021986961364746,-0.8475257158279419,0.17174728214740754,0.7585610151290894,-0.33639615774154665,0.5580525994300842,-0.41518881916999819,0.4105343818664551,0.811837911605835],"EasingStyle":"Linear","EasingDirection":"In"},"Head":{"Weight":1,"CFrame":[-8.754432201385498e-7,-6.146728992462158e-8,0,0.9880111813545227,-0.1285746991634369,0.08545859903097153,0.1278223991394043,0.9916950464248657,0.014239434152841568,-0.08657965809106827,-0.0031452253460884096,0.996239960193634],"EasingStyle":"Linear","EasingDirection":"In"},"Left Arm":{"Weight":1,"CFrame":[-0.10406744480133057,-0.5676882266998291,0.406758189201355,-0.5067207217216492,0.8448865413665772,-0.1714680790901184,-0.7588509321212769,-0.34273067116737368,0.5537878274917603,0.40912050008773806,0.4107345640659332,0.8148119449615479],"EasingStyle":"Linear","EasingDirection":"In"},"Torso":{"Weight":1,"CFrame":[0.31485748291015627,0.5850505828857422,0.11934924125671387,0.9859604239463806,0.16595682501792909,0.018459297716617585,-0.1647236943244934,0.9847872257232666,-0.05532035231590271,-0.02735927700996399,0.051502980291843417,0.9982979893684387],"EasingStyle":"Linear","EasingDirection":"In"},"HumanoidRootPart":{"Weight":0,"CFrame":[0,0,0,1,0,0,0,1,0,0,0,1],"EasingStyle":"Linear","EasingDirection":"In"},"Right Leg":{"Weight":1,"CFrame":[0.3226868510246277,0.16735398769378663,0.16190218925476075,0.653450608253479,0.4747704267501831,-0.5895726680755615,-0.21194131672382356,0.8624586462974548,0.4596148133277893,0.7266933917999268,-0.17538049817085267,0.6641976237297058],"EasingStyle":"Linear","EasingDirection":"In"}}},{"Time":0.36666667461395266,"poses":{"Left Leg":{"Weight":1,"CFrame":[-0.20556974411010743,-0.030391693115234376,0.12430953979492188,0.9478100538253784,0.09147468209266663,0.30543237924575808,-0.056750938296318057,0.9910647869110107,-0.1207093596458435,-0.3137451410293579,0.09707608073949814,0.9445317983627319],"EasingStyle":"Linear","EasingDirection":"In"},"Right Arm":{"Weight":1,"CFrame":[0.11952778697013855,-0.4607241153717041,0.6381874084472656,-0.6156013011932373,-0.7828630208969116,0.09034103155136109,0.5342861413955689,-0.3303444981575012,0.7780817151069641,-0.579287588596344,0.5272557735443115,0.621632993221283],"EasingStyle":"Linear","EasingDirection":"In"},"Head":{"Weight":1,"CFrame":[-0.000004105269908905029,0.0000011920928955078126,0,0.9864105582237244,-0.15524400770664216,0.05379544198513031,0.15818800032138825,0.9858415722846985,-0.05562257766723633,-0.04439869150519371,0.06337642669677735,0.9970018267631531],"EasingStyle":"Linear","EasingDirection":"In"},"Left Arm":{"Weight":1,"CFrame":[-0.12380519509315491,-0.46133971214294436,0.63591468334198,-0.6190189123153687,0.7801617383956909,-0.09035618603229523,-0.5338976383209229,-0.3336375653743744,0.7769424319267273,0.5759943127632141,0.5291829705238342,0.6230541467666626],"EasingStyle":"Linear","EasingDirection":"In"},"Torso":{"Weight":1,"CFrame":[0.33852386474609377,0.6634483337402344,0.02314281463623047,0.9818300008773804,0.18828530609607697,-0.02363474667072296,-0.18783977627754212,0.9819992184638977,0.019852392375469209,0.02694721147418022,-0.015052147209644318,0.9995235800743103],"EasingStyle":"Linear","EasingDirection":"In"},"HumanoidRootPart":{"Weight":0,"CFrame":[0,0,0,1,0,0,0,1,0,0,0,1],"EasingStyle":"Linear","EasingDirection":"In"},"Right Leg":{"Weight":1,"CFrame":[0.35609331727027895,0.08090531826019287,0.32754552364349368,0.514555037021637,0.6076845526695252,-0.6049408912658691,-0.4118540585041046,0.7939510941505432,0.4472336769104004,0.7520701289176941,0.019021742045879365,0.6588084697723389],"EasingStyle":"Linear","EasingDirection":"In"}}},{"Time":0.4000000059604645,"poses":{"Left Leg":{"Weight":1,"CFrame":[-0.24743866920471192,-0.10690140724182129,0.2463362216949463,0.8822303414344788,0.015947528183460237,0.47054821252822878,0.11689941585063935,0.9607107043266296,-0.25173354148864748,-0.45607516169548037,0.27709344029426577,0.8457038998603821],"EasingStyle":"Linear","EasingDirection":"In"},"Right Arm":{"Weight":1,"CFrame":[0.12177485227584839,-0.2820448875427246,0.8253813982009888,-0.694705605506897,-0.7186652421951294,0.03007209300994873,0.29392141103744509,-0.2454676330089569,0.9237727522850037,-0.6565017700195313,0.6505892276763916,0.3817588984966278],"EasingStyle":"Linear","EasingDirection":"In"},"Head":{"Weight":1,"CFrame":[0.0000022407621145248415,0.0000013336539268493653,0,0.9835089445114136,-0.17925171554088593,0.0240815170109272,0.18084944784641267,0.9762524962425232,-0.11926726996898651,-0.0021307719871401788,0.12165554612874985,0.9925704002380371],"EasingStyle":"Linear","EasingDirection":"In"},"Left Arm":{"Weight":1,"CFrame":[-0.1252453625202179,-0.28085553646087649,0.8242101669311523,-0.696527361869812,0.7168932557106018,-0.030227642506361009,-0.2928280830383301,-0.24554476141929627,0.9240996837615967,0.6550586223602295,0.6525123119354248,0.38095512986183169],"EasingStyle":"Linear","EasingDirection":"In"},"Torso":{"Weight":1,"CFrame":[0.3717384338378906,0.735107421875,-0.08268260955810547,0.9759923815727234,0.20866385102272035,-0.06243892014026642,-0.20241330564022065,0.9748040437698364,0.0937333032488823,0.0804244726896286,-0.07884449511766434,0.9936376214027405],"EasingStyle":"Linear","EasingDirection":"In"},"HumanoidRootPart":{"Weight":0,"CFrame":[0,0,0,1,0,0,0,1,0,0,0,1],"EasingStyle":"Linear","EasingDirection":"In"},"Right Leg":{"Weight":1,"CFrame":[0.32776111364364626,0.05756843090057373,0.36470961570739748,0.4625902771949768,0.6601660251617432,-0.5917696356773377,-0.4684180021286011,0.7487030625343323,0.46907204389572146,0.7527251839637756,0.06020753085613251,0.6555764675140381],"EasingStyle":"Linear","EasingDirection":"In"}}},{"Time":0.4333333373069763,"poses":{"Left Leg":{"Weight":1,"CFrame":[-0.22094158828258515,-0.21562790870666505,0.3125368356704712,0.816552460193634,-0.04600466415286064,0.5754354000091553,0.2695983648300171,0.911824107170105,-0.30966684222221377,-0.5104497671127319,0.4079957902431488,0.7569550275802612],"EasingStyle":"Linear","EasingDirection":"In"},"Right Arm":{"Weight":1,"CFrame":[0.10234701633453369,-0.07703781127929688,0.9395508766174316,-0.7370526790618897,-0.6757705211639404,-0.009346812963485718,0.09349789470434189,-0.11565408110618592,0.9888795018196106,-0.66933673620224,0.7279825210571289,0.1484263390302658],"EasingStyle":"Linear","EasingDirection":"In"},"Head":{"Weight":1,"CFrame":[-0.000004560919478535652,-1.564621925354004e-7,0,0.9801952242851257,-0.1980348527431488,-0.0001358366571366787,0.19512559473514558,0.9659121632575989,-0.1701161116361618,0.03382008150219917,0.16672052443027497,0.9854241609573364],"EasingStyle":"Linear","EasingDirection":"In"},"Left Arm":{"Weight":1,"CFrame":[-0.10424566268920899,-0.07551831007003784,0.9386515617370606,-0.7376098036766052,0.6751646995544434,0.009165994822978974,-0.0925682932138443,-0.11455756425857544,0.9890944957733154,0.6688518524169922,0.7287176847457886,0.14699766039848329],"EasingStyle":"Linear","EasingDirection":"In"},"Torso":{"Weight":1,"CFrame":[0.39623260498046877,0.8017864227294922,-0.13969802856445313,0.9694812297821045,0.22532059252262116,-0.09662772715091706,-0.20822341740131379,0.9648014903068543,0.16062691807746888,0.12941913306713105,-0.13560457527637483,0.9822739958763123],"EasingStyle":"Linear","EasingDirection":"In"},"HumanoidRootPart":{"Weight":0,"CFrame":[0,0,0,1,0,0,0,1,0,0,0,1],"EasingStyle":"Linear","EasingDirection":"In"},"Right Leg":{"Weight":1,"CFrame":[0.39560022950172427,0.13788604736328126,0.39926576614379885,0.4262998700141907,0.7173324823379517,-0.5510924458503723,-0.456727534532547,0.696552038192749,0.5533669590950012,0.7808127403259277,0.01579936593770981,0.6245654821395874],"EasingStyle":"Linear","EasingDirection":"In"}}},{"Time":0.46666666865348818,"poses":{"Left Leg":{"Weight":1,"CFrame":[-0.3078358769416809,-0.29951179027557375,0.42378318309783938,0.7742694616317749,-0.1508336365222931,0.6146188378334045,0.4357670247554779,0.8313377499580383,-0.3449414372444153,-0.45892712473869326,0.5349081754684448,0.7094078660011292],"EasingStyle":"Linear","EasingDirection":"In"},"Right Arm":{"Weight":1,"CFrame":[0.05766311287879944,0.10127526521682739,0.986039400100708,-0.7426186203956604,-0.6687296032905579,-0.03631962835788727,-0.05149555206298828,0.002946212887763977,0.9986690878868103,-0.667732298374176,0.7435002326965332,-0.03662453219294548],"EasingStyle":"Linear","EasingDirection":"In"},"Head":{"Weight":1,"CFrame":[0.000002382323145866394,-9.685754776000977e-8,0,0.977849543094635,-0.20871415734291078,-0.015782352536916734,0.20131300389766694,0.9584548473358154,-0.20208339393138886,0.05730430409312248,0.19442982971668244,0.9792411923408508],"EasingStyle":"Linear","EasingDirection":"In"},"Left Arm":{"Weight":1,"CFrame":[-0.05767664313316345,0.10126912593841553,0.9858715534210205,-0.7426186800003052,0.668729305267334,0.03631950914859772,0.05149538815021515,0.0029461905360221864,0.9986689686775208,0.6677321195602417,0.7435004115104675,-0.03662435710430145],"EasingStyle":"Linear","EasingDirection":"In"},"Torso":{"Weight":1,"CFrame":[0.40838623046875,0.8260526657104492,-0.25159311294555666,0.9635825753211975,0.23619887232780457,-0.12537483870983125,-0.20596608519554139,0.9545650482177734,0.21536874771118165,0.17054827511310578,-0.1817026138305664,0.9684510827064514],"EasingStyle":"Linear","EasingDirection":"In"},"HumanoidRootPart":{"Weight":0,"CFrame":[0,0,0,1,0,0,0,1,0,0,0,1],"EasingStyle":"Linear","EasingDirection":"In"},"Right Leg":{"Weight":1,"CFrame":[0.5104635953903198,0.19376999139785767,0.4630451202392578,0.34299564361572268,0.7981113791465759,-0.49535101652145388,-0.4717366099357605,0.6023737192153931,0.6439021825790405,0.8122922778129578,0.012820065021514893,0.5831100344657898],"EasingStyle":"Linear","EasingDirection":"In"}}},{"Time":0.5,"poses":{"Left Leg":{"Weight":1,"CFrame":[-0.11015006899833679,-0.3644993305206299,0.24454855918884278,0.7741484642028809,-0.07685312628746033,0.6283214092254639,0.36595553159713747,0.8642503619194031,-0.34517887234687807,-0.516498863697052,0.4971572160720825,0.6971830129623413],"EasingStyle":"Linear","EasingDirection":"In"},"Right Arm":{"Weight":1,"CFrame":[-0.015520989894866944,0.22095489501953126,0.9890637397766113,-0.7074132561683655,-0.7042059898376465,-0.060503870248794559,-0.1542382836341858,0.07026594877243042,0.9855321645736694,-0.6897664070129395,0.7065103054046631,-0.15832242369651795],"EasingStyle":"Linear","EasingDirection":"In"},"Head":{"Weight":1,"CFrame":[0.0000011138617992401124,-8.493661880493164e-7,0,0.9776694178581238,-0.20911334455013276,-0.02085336297750473,0.2001354992389679,0.9567492008209229,-0.2111322581768036,0.06410188227891922,0.20224395394325257,0.9772351384162903],"EasingStyle":"Linear","EasingDirection":"In"},"Left Arm":{"Weight":1,"CFrame":[0.016779601573944093,0.21897315979003907,0.9904015064239502,-0.7080565690994263,0.7035455107688904,0.06066182255744934,0.15284863114356996,0.06882569193840027,0.9858502745628357,0.6894153356552124,0.7073099613189697,-0.15626849234104157],"EasingStyle":"Linear","EasingDirection":"In"},"Torso":{"Weight":1,"CFrame":[0.41664886474609377,0.8852462768554688,-0.14616870880126954,0.9595439434051514,0.23938587307929994,-0.14822320640087129,-0.19703449308872224,0.9469627141952515,0.2538485825061798,0.20112957060337068,-0.21437376737594605,0.9558194875717163],"EasingStyle":"Linear","EasingDirection":"In"},"HumanoidRootPart":{"Weight":0,"CFrame":[0,0,0,1,0,0,0,1,0,0,0,1],"EasingStyle":"Linear","EasingDirection":"In"},"Right Leg":{"Weight":1,"CFrame":[0.43087559938430788,0.26474255323410036,0.35197556018829348,0.45351821184158327,0.7415561676025391,-0.4943845570087433,-0.3718041777610779,0.6615551710128784,0.65123450756073,0.8099896907806397,-0.11153220385313034,0.5757409930229187],"EasingStyle":"Linear","EasingDirection":"In"}}},{"Time":0.5333333611488342,"poses":{"Left Leg":{"Weight":1,"CFrame":[0.12494349479675293,-0.381075382232666,0.03286612033843994,0.7730897068977356,0.020146578550338746,0.6339768171310425,0.25746309757232668,0.9034883975982666,-0.34266912937164309,-0.5796942114830017,0.4281395673751831,0.6932904720306397],"EasingStyle":"Linear","EasingDirection":"In"},"Right Arm":{"Weight":1,"CFrame":[-0.11088457703590393,0.2799186706542969,0.9670888185501099,-0.629374623298645,-0.7728952765464783,-0.08075100183486939,-0.2261996865272522,0.0827936977148056,0.9705562591552734,-0.7434526085853577,0.629109263420105,-0.22693689167499543],"EasingStyle":"Linear","EasingDirection":"In"},"Head":{"Weight":1,"CFrame":[0.0000033210963010787965,-5.066394805908203e-7,0,0.9796319007873535,-0.20008322596549989,-0.016989674419164659,0.19274502992630006,0.9606752395629883,-0.19988149404525758,0.05631439760327339,0.19253545999526978,0.9796729683876038],"EasingStyle":"Linear","EasingDirection":"In"},"Left Arm":{"Weight":1,"CFrame":[0.1111132800579071,0.2775418162345886,0.9700660705566406,-0.6329625248908997,0.7699575424194336,0.08077174425125122,0.2236114740371704,0.08193936944007874,0.9712281227111816,0.7411860227584839,0.6328126788139343,-0.22403591871261598],"EasingStyle":"Linear","EasingDirection":"In"},"Torso":{"Weight":1,"CFrame":[0.42028045654296877,0.8999652862548828,-0.0579378604888916,0.9581364393234253,0.2340703308582306,-0.16488131880760194,-0.18350179493427277,0.9440866112709045,0.27391165494918826,0.21977682411670686,-0.23218873143196107,0.9475160837173462],"EasingStyle":"Linear","EasingDirection":"In"},"HumanoidRootPart":{"Weight":0,"CFrame":[0,0,0,1,0,0,0,1,0,0,0,1],"EasingStyle":"Linear","EasingDirection":"In"},"Right Leg":{"Weight":1,"CFrame":[0.40112829208374026,0.32335472106933596,0.23633909225463868,0.5863438844680786,0.661314070224762,-0.4678298234939575,-0.2704608738422394,0.7042019367218018,0.656468391418457,0.7635785937309265,-0.258386492729187,0.5917640924453735],"EasingStyle":"Linear","EasingDirection":"In"}}},{"Time":0.5666666626930237,"poses":{"Left Leg":{"Weight":1,"CFrame":[0.20301704108715058,-0.3686389923095703,-0.06397509574890137,0.8244250416755676,0.04807421565055847,0.5639258027076721,0.1726774275302887,0.9275136590003967,-0.3315139412879944,-0.5389861464500427,0.37068578600883486,0.7563639879226685],"EasingStyle":"Linear","EasingDirection":"In"},"Right Arm":{"Weight":1,"CFrame":[-0.2154829353094101,0.28410184383392336,0.9249496459960938,-0.5049711465835571,-0.8581979274749756,-0.09219960868358612,-0.26314231753349306,0.051334232091903689,0.9633907079696655,-0.82204669713974,0.5107460618019104,-0.2517504394054413],"EasingStyle":"Linear","EasingDirection":"In"},"Head":{"Weight":1,"CFrame":[0.0000012004747986793519,6.034970283508301e-7,0,0.9830026030540466,-0.1834864765405655,-0.006266133859753609,0.17968136072158814,0.9685043692588806,-0.1723778396844864,0.037697792053222659,0.16832175850868226,0.9850112795829773],"EasingStyle":"Linear","EasingDirection":"In"},"Left Arm":{"Weight":1,"CFrame":[0.2128264158964157,0.285408616065979,0.9289827346801758,-0.513617753982544,0.8530512452125549,0.09219959378242493,0.26260989904403689,0.05399070680141449,0.9633906483650208,0.8168436288833618,0.5190268158912659,-0.25175032019615176],"EasingStyle":"Linear","EasingDirection":"In"},"Torso":{"Weight":1,"CFrame":[0.4265785217285156,0.8658418655395508,-0.007993698120117188,0.9597866535186768,0.2197975218296051,-0.17463934421539308,-0.16708679497241975,0.9471619725227356,0.2737998068332672,0.2255922555923462,-0.23360949754714967,0.9457986354827881],"EasingStyle":"Linear","EasingDirection":"In"},"HumanoidRootPart":{"Weight":0,"CFrame":[0,0,0,1,0,0,0,1,0,0,0,1],"EasingStyle":"Linear","EasingDirection":"In"},"Right Leg":{"Weight":1,"CFrame":[0.41868022084236147,0.3615880012512207,0.13277745246887208,0.7116020917892456,0.5760812759399414,-0.4021861255168915,-0.1975795477628708,0.7134225368499756,0.6723027229309082,0.6742290258407593,-0.3989478647708893,0.621494710445404],"EasingStyle":"Linear","EasingDirection":"In"}}},{"Time":0.6000000238418579,"poses":{"Left Leg":{"Weight":1,"CFrame":[0.2489553689956665,-0.34353315830230715,-0.1210242509841919,0.9233261942863464,0.09337577223777771,0.37249112129211428,0.02286297082901001,0.9549001455307007,-0.29604628682136538,-0.3833354711532593,0.28186360001564028,0.879549503326416],"EasingStyle":"Linear","EasingDirection":"In"},"Right Arm":{"Weight":1,"CFrame":[-0.31372755765914919,0.24494516849517823,0.8576140403747559,-0.32737302780151369,-0.9404841065406799,-0.09119720757007599,-0.2552626430988312,-0.004900440573692322,0.9668593406677246,-0.9097628593444824,0.33980298042297366,-0.23846612870693208],"EasingStyle":"Linear","EasingDirection":"In"},"Head":{"Weight":1,"CFrame":[-0.00000322144478559494,7.301568984985352e-7,0,0.986853301525116,-0.16134287416934968,0.00946689210832119,0.16116391122341157,0.9779773950576782,-0.13261368870735169,0.0121378218755126,0.132395938038826,0.9911227226257324],"EasingStyle":"Linear","EasingDirection":"In"},"Left Arm":{"Weight":1,"CFrame":[0.3088809847831726,0.2539920210838318,0.861703634262085,-0.3404388427734375,0.9357897639274597,0.09164789319038391,0.26314079761505129,0.0012453943490982056,0.9647567272186279,0.9026954174041748,0.35255706310272219,-0.24666845798492433],"EasingStyle":"Linear","EasingDirection":"In"},"Torso":{"Weight":1,"CFrame":[0.44342803955078127,0.8062124252319336,0.0622553825378418,0.9646019339561462,0.19630521535873414,-0.1760898381471634,-0.14872583746910096,0.9563723802566528,0.2514607608318329,0.2177705019712448,-0.2163703888654709,0.9517142176628113],"EasingStyle":"Linear","EasingDirection":"In"},"HumanoidRootPart":{"Weight":0,"CFrame":[0,0,0,1,0,0,0,1,0,0,0,1],"EasingStyle":"Linear","EasingDirection":"In"},"Right Leg":{"Weight":1,"CFrame":[0.3517070412635803,0.3631206750869751,0.01112973690032959,0.8449949622154236,0.43757879734039309,-0.307422935962677,-0.12394024431705475,0.7194564342498779,0.6833899021148682,0.5202138423919678,-0.5393587946891785,0.6621704697608948],"EasingStyle":"Linear","EasingDirection":"In"}}},{"Time":0.6333333253860474,"poses":{"Left Leg":{"Weight":1,"CFrame":[0.10033725947141648,-0.31546759605407717,-0.09098386764526367,0.9909687042236328,0.07533147931098938,0.11093546450138092,-0.04818388819694519,0.9720739722251892,-0.22967568039894105,-0.1251392811536789,0.22225609421730042,0.9669244289398193],"EasingStyle":"Linear","EasingDirection":"In"},"Right Arm":{"Weight":1,"CFrame":[-0.3907966911792755,0.18210631608963014,0.7523800134658814,-0.08102580159902573,-0.993293821811676,-0.08247898519039154,-0.20404943823814393,-0.06446760892868042,0.9768359065055847,-0.9756020307540894,0.09597870707511902,-0.19745753705501557],"EasingStyle":"Linear","EasingDirection":"In"},"Head":{"Weight":1,"CFrame":[0.0000026728957891464235,3.3527612686157229e-8,0,0.9903508424758911,-0.1356775462627411,0.028238672763109208,0.1376143991947174,0.9868566989898682,-0.08471495658159256,-0.01637355051934719,0.08778341859579086,0.9960052967071533],"EasingStyle":"Linear","EasingDirection":"In"},"Left Arm":{"Weight":1,"CFrame":[0.3860926628112793,0.19817137718200684,0.7554295063018799,-0.0937