{"Sequence":[{"Time":0,"poses":{"Right Arm":{"Weight":1,"CFrame":[0.027643077075481416,0.4733031988143921,0.15636074542999268,-0.4266008734703064,0.549142062664032,-0.7186478972434998,-0.8434879183769226,-0.5283167958259583,0.09700397402048111,-0.32640475034713747,0.6475526094436646,0.688575029373169],"EasingStyle":"Constant","EasingDirection":"In"},"Torso":{"Weight":0,"CFrame":[0,0,0,1,0,0,0,1,0,0,0,1],"EasingStyle":"Linear","EasingDirection":"In"},"HumanoidRootPart":{"Weight":0,"CFrame":[0,0,0,1,0,0,0,1,0,0,0,1],"EasingStyle":"Linear","EasingDirection":"In"},"Left Arm":{"Weight":1,"CFrame":[-6.273661767863814e-8,0.46693313121795657,0.21775519847869874,-0.32318782806396487,-0.5256410837173462,0.7869252562522888,0.8564340472221375,-0.5162099599838257,0.00692307623103261,0.4025796055793762,0.6761869192123413,0.6170095801353455],"EasingStyle":"Constant","EasingDirection":"In"}}},{"Time":0.0833333358168602,"poses":{"Right Arm":{"Weight":1,"CFrame":[0.027643082663416864,0.508283257484436,0.18332445621490479,-0.35689982771873476,0.5036983489990234,-0.786708652973175,-0.8525211215019226,-0.5199085474014282,0.05387970060110092,-0.38187745213508608,0.6899152398109436,0.6149687170982361],"EasingStyle":"Constant","EasingDirection":"In"},"Torso":{"Weight":0,"CFrame":[0,0,0,1,0,0,0,1,0,0,0,1],"EasingStyle":"Linear","EasingDirection":"In"},"HumanoidRootPart":{"Weight":0,"CFrame":[0,0,0,1,0,0,0,1,0,0,0,1],"EasingStyle":"Linear","EasingDirection":"In"},"Left Arm":{"Weight":1,"CFrame":[-6.355255521839354e-8,0.47300612926483157,0.264880895614624,-0.2932649254798889,-0.4380686581134796,0.8497597575187683,0.842732310295105,-0.5381659269332886,0.013404048047959805,0.45143982768058779,0.7200508713722229,0.5269997715950012],"EasingStyle":"Constant","EasingDirection":"In"}}},{"Time":0.1666666716337204,"poses":{"Right Arm":{"Weight":1,"CFrame":[-0.0038460195064544679,0.42597973346710207,0.30451691150665285,-0.3553558886051178,-0.1187499389052391,-0.9271573424339294,0.8775765895843506,-0.38390880823135378,-0.2871819734573364,-0.3218410611152649,-0.9157033562660217,0.24063655734062196],"EasingStyle":"Constant","EasingDirection":"In"},"Torso":{"Weight":0,"CFrame":[0,0,0,1,0,0,0,1,0,0,0,1],"EasingStyle":"Linear","EasingDirection":"In"},"HumanoidRootPart":{"Weight":0,"CFrame":[0,0,0,1,0,0,0,1,0,0,0,1],"EasingStyle":"Linear","EasingDirection":"In"},"Left Arm":{"Weight":1,"CFrame":[-0.00404660077765584,0.4112471342086792,0.2987574338912964,-0.29921773076057436,0.09272589534521103,0.9496687650680542,-0.9170497059822083,-0.30290260910987856,-0.25936469435691836,0.2636072635650635,-0.9484997987747192,0.17566817998886109],"EasingStyle":"Constant","EasingDirection":"In"}}},{"Time":0.25,"poses":{"Right Arm":{"Weight":1,"CFrame":[-0.014867223799228669,0.23524582386016847,0.3664829730987549,-0.11964575201272965,-0.1676470786333084,-0.9785597920417786,0.9855077862739563,-0.13943175971508027,-0.09660778939723969,-0.12024638056755066,-0.9759371280670166,0.1819000542163849],"EasingStyle":"Constant","EasingDirection":"In"},"Torso":{"Weight":0,"CFrame":[0,0,0,1,0,0,0,1,0,0,0,1],"EasingStyle":"Linear","EasingDirection":"In"},"HumanoidRootPart":{"Weight":0,"CFrame":[0,0,0,1,0,0,0,1,0,0,0,1],"EasingStyle":"Linear","EasingDirection":"In"},"Left Arm":{"Weight":1,"CFrame":[-0.005905797239392996,0.2244185209274292,0.3543452024459839,-0.08898099511861801,0.1624840945005417,0.9826909303665161,-0.9919354319572449,-0.10385944694280625,-0.07264531403779984,0.09025796502828598,-0.9812299013137817,0.17041532695293427],"EasingStyle":"Constant","EasingDirection":"In"}}},{"Time":0.3333333432674408,"poses":{"Right Arm":{"Weight":1,"CFrame":[-0.014867207035422326,0.3617643117904663,0.3310577869415283,-0.11964581161737442,-0.1676473468542099,-0.9785597920417786,0.9888418316841126,-0.10823225229978562,-0.1023605540394783,-0.08875133842229843,-0.9798879027366638,0.17872628569602967],"EasingStyle":"Constant","EasingDirection":"In"},"Torso":{"Weight":0,"CFrame":[0,0,0,1,0,0,0,1,0,0,0,1],"EasingStyle":"Linear","EasingDirection":"In"},"HumanoidRootPart":{"Weight":0,"CFrame":[0,0,0,1,0,0,0,1,0,0,0,1],"EasingStyle":"Linear","EasingDirection":"In"},"Left Arm":{"Weight":1,"CFrame":[-0.005905813071876764,0.3408154249191284,0.3341022729873657,-0.08898109942674637,0.16248385608196259,0.9826908111572266,-0.9935204386711121,-0.08451680094003678,-0.07598717510700226,0.07070714235305786,-0.9830849170684815,0.16895155608654023],"EasingStyle":"Constant","EasingDirection":"In"}}},{"Time":0.4166666567325592,"poses":{"Right Arm":{"Weight":1,"CFrame":[0.021570149809122087,0.5325747728347778,0.08057105541229248,-0.26895129680633547,0.580284595489502,-0.7687229514122009,-0.8844419717788696,-0.4648074805736542,-0.04143057391047478,-0.3813495934009552,0.6687479615211487,0.6382386684417725],"EasingStyle":"Constant","EasingDirection":"In"},"Torso":{"Weight":0,"CFrame":[0,0,0,1,0,0,0,1,0,0,0,1],"EasingStyle":"Linear","EasingDirection":"In"},"HumanoidRootPart":{"Weight":0,"CFrame":[0,0,0,1,0,0,0,1,0,0,0,1],"EasingStyle":"Linear","EasingDirection":"In"},"Left Arm":{"Weight":1,"CFrame":[-0.009775993414223194,0.5578497648239136,0.1251739263534546,-0.2950361669063568,-0.5487497448921204,0.7821940183639526,0.8934820294380188,-0.4485431909561157,0.022336628288030626,0.3385905623435974,0.7054663896560669,0.6226344108581543],"EasingStyle":"Constant","EasingDirection":"In"}}},{"Time":0.5,"poses":{"Right Arm":{"Weight":1,"CFrame":[0.38088318705558779,0.4548822045326233,-0.10922718048095703,-0.8558281660079956,-0.5113829374313355,-0.07775440067052841,0.4964582026004791,-0.8542775511741638,0.15407556295394898,-0.1452154666185379,0.09326035529375076,0.9849948883056641],"EasingStyle":"Constant","EasingDirection":"In"},"Torso":{"Weight":0,"CFrame":[0,0,0,1,0,0,0,1,0,0,0,1],"EasingStyle":"Linear","EasingDirection":"In"},"HumanoidRootPart":{"Weight":0,"CFrame":[0,0,0,1,0,0,0,1,0,0,0,1],"EasingStyle":"Linear","EasingDirection":"In"},"Left Arm":{"Weight":1,"CFrame":[-0.3842712640762329,0.47343629598617556,-0.0792803168296814,-0.8523238301277161,0.5136514902114868,0.09851989895105362,-0.5041682720184326,-0.857014000415802,0.10649580508470535,0.13913466036319734,0.041098278015851977,0.9894202947616577],"EasingStyle":"Constant","EasingDirection":"In"}}},{"Time":0.5833333134651184,"poses":{"Right Arm":{"Weight":1,"CFrame":[0.6045681834220886,0.2838287949562073,-0.04040098190307617,-0.09185592085123062,-0.9950485229492188,-0.0379619263112545,0.9723734259605408,-0.09784810990095139,0.2119331657886505,-0.21459826827049256,-0.0174460019916296,0.9765466451644898],"EasingStyle":"Constant","EasingDirection":"In"},"Torso":{"Weight":0,"CFrame":[0,0,0,1,0,0,0,1,0,0,0,1],"EasingStyle":"Linear","EasingDirection":"In"},"HumanoidRootPart":{"Weight":0,"CFrame":[0,0,0,1,0,0,0,1,0,0,0,1],"EasingStyle":"Linear","EasingDirection":"In"},"Left Arm":{"Weight":1,"CFrame":[-0.591969907283783,0.28844088315963747,-0.038571715354919437,-0.0934121385216713,0.9955640435218811,0.011248261667788029,-0.9787294268608093,-0.09389357268810272,0.18240824341773988,0.1826552152633667,0.006030071061104536,0.9831585884094238],"EasingStyle":"Constant","EasingDirection":"In"}}},{"Time":0.6666666865348816,"poses":{"Right Arm":{"Weight":1,"CFrame":[0.5755150318145752,0.33512502908706667,-0.04040098190307617,-0.13521292805671693,-0.9896824955940247,-0.04739394038915634,0.9672978520393372,-0.14221230149269105,0.21002525091171266,-0.21459831297397614,-0.017445998266339303,0.9765466451644898],"EasingStyle":"Constant","EasingDirection":"In"},"Torso":{"Weight":0,"CFrame":[0,0,0,1,0,0,0,1,0,0,0,1],"EasingStyle":"Linear","EasingDirection":"In"},"HumanoidRootPart":{"Weight":0,"CFrame":[0,0,0,1,0,0,0,1,0,0,0,1],"EasingStyle":"Linear","EasingDirection":"In"},"Left Arm":{"Weight":1,"CFrame":[-0.5627232789993286,0.339169442653656,-0.038571715354919437,-0.1370512992143631,0.9903742671012878,0.019387753680348398,-0.9735779762268066,-0.13828451931476594,0.18172352015972138,0.18265531957149507,0.006029890850186348,0.9831585884094238],"EasingStyle":"Constant","EasingDirection":"In"}}},{"Time":0.75,"poses":{"Right Arm":{"Weight":1,"CFrame":[0.3701704740524292,0.3668363690376282,-0.04040098190307617,-0.9238956570625305,-0.320682555437088,-0.20875702798366548,0.3168032467365265,-0.9470260739326477,0.05269985646009445,-0.21459828317165376,-0.017445869743824006,0.976546585559845],"EasingStyle":"Constant","EasingDirection":"In"},"Torso":{"Weight":0,"CFrame":[0,0,0,1,0,0,0,1,0,0,0,1],"EasingStyle":"Linear","EasingDirection":"In"},"HumanoidRootPart":{"Weight":0,"CFrame":[0,0,0,1,0,0,0,1,0,0,0,1],"EasingStyle":"Linear","EasingDirection":"In"},"Left Arm":{"Weight":1,"CFrame":[-0.3607786297798157,0.35725587606430056,-0.038571715354919437,-0.930328369140625,0.32449859380722048,0.17085015773773194,-0.318003386259079,-0.9458670020103455,0.06488122791051865,0.18265536427497865,0.006029909942299128,0.9831584692001343],"EasingStyle":"Constant","EasingDirection":"In"}}},{"Time":0.8333333134651184,"poses":{"Right Arm":{"Weight":1,"CFrame":[-0.12013086676597595,0.42957836389541628,-0.04040098190307617,-0.5100796818733215,0.7132907509803772,-0.4806610941886902,-0.8573262095451355,-0.46668562293052676,0.21724721789360047,-0.06935715675354004,0.5228967666625977,0.8495696187019348],"EasingStyle":"Constant","EasingDirection":"In"},"Torso":{"Weight":0,"CFrame":[0,0,0,1,0,0,0,1,0,0,0,1],"EasingStyle":"Linear","EasingDirection":"In"},"HumanoidRootPart":{"Weight":0,"CFrame":[0,0,0,1,0,0,0,1,0,0,0,1],"EasingStyle":"Linear","EasingDirection":"In"},"Left Arm":{"Weight":1,"CFrame":[0.11942354589700699,0.44685786962509158,-0.09795993566513062,-0.4452025294303894,-0.7365219593048096,0.5092447400093079,0.8872793912887573,-0.43942025303840639,0.14016132056713105,0.12054051458835602,0.5142424702644348,0.84913170337677],"EasingStyle":"Constant","EasingDirection":"In"}}},{"Time":0.9166666865348816,"poses":{"Right Arm":{"Weight":1,"CFrame":[-0.12013085186481476,0.4807931184768677,0.07028758525848389,-0.4494541585445404,0.5684345364570618,-0.6891104578971863,-0.8515112996101379,-0.5058119297027588,0.13814100623130799,-0.27003607153892519,0.6488733291625977,0.7113677263259888],"EasingStyle":"Constant","EasingDirection":"In"},"Torso":{"Weight":0,"CFrame":[0,0,0,1,0,0,0,1,0,0,0,1],"EasingStyle":"Linear","EasingDirection":"In"},"HumanoidRootPart":{"Weight":0,"CFrame":[0,0,0,1,0,0,0,1,0,0,0,1],"EasingStyle":"Linear","EasingDirection":"In"},"Left Arm":{"Weight":1,"CFrame":[0.11942353844642639,0.48143279552459719,0.06868040561676026,-0.416282057762146,-0.5157251358032227,0.7488237023353577,0.8443228602409363,-0.5248599648475647,0.107893206179142,0.33738434314727785,0.6771630644798279,0.6539282202720642],"EasingStyle":"Constant","EasingDirection":"In"}}},{"Time":1,"poses":{"Right Arm":{"Weight":1,"CFrame":[-0.12013085931539536,0.42451775074005129,0.21263623237609864,-0.18906864523887635,-0.23610356450080872,-0.9531568884849548,0.4930988550186157,-0.862235963344574,0.11577053368091583,-0.8491799831390381,-0.4481120705604553,0.2794441878795624],"EasingStyle":"Constant","EasingDirection":"In"},"Torso":{"Weight":0,"CFrame":[0,0,0,1,0,0,0,1,0,0,0,1],"EasingStyle":"Linear","EasingDirection":"In"},"HumanoidRootPart":{"Weight":0,"CFrame":[0,0,0,1,0,0,0,1,0,0,0,1],"EasingStyle":"Linear","EasingDirection":"In"},"Left Arm":{"Weight":1,"CFrame":[0.11942354589700699,0.492404580116272,0.2967783212661743,-0.16524668037891389,0.1281471699476242,0.9778915643692017,-0.6918843984603882,-0.7216624617576599,-0.02234656549990177,0.7028439044952393,-0.6802806258201599,0.20791538059711457],"EasingStyle":"Constant","EasingDirection":"In"}}},{"Time":1.0833333730697632,"poses":{"Right Arm":{"Weight":1,"CFrame":[0.0033513668458908798,0.32026636600494387,0.37862884998321535,-0.10363441705703736,-0.12028437852859497,-0.9873153567314148,0.9925891160964966,-0.07584042102098465,-0.09494835883378983,-0.06345769017934799,-0.9898383021354675,0.12725278735160829],"EasingStyle":"Constant","EasingDirection":"In"},"Torso":{"Weight":0,"CFrame":[0,0,0,1,0,0,0,1,0,0,0,1],"EasingStyle":"Linear","EasingDirection":"In"},"HumanoidRootPart":{"Weight":0,"CFrame":[0,0,0,1,0,0,0,1,0,0,0,1],"EasingStyle":"Linear","EasingDirection":"In"},"Left Arm":{"Weight":1,"CFrame":[0.006174430251121521,0.3094414472579956,0.3614431619644165,-0.07307981699705124,0.1271994262933731,0.9891813397407532,-0.9971790313720703,-0.026356615126132966,-0.07028145343065262,0.01713164709508419,-0.9915270209312439,0.12876677513122559],"EasingStyle":"Constant","EasingDirection":"In"}}},{"Time":1.1666666269302369,"poses":{"Right Arm":{"Weight":1,"CFrame":[0.0033513782545924188,0.40528690814971926,0.37255585193634035,-0.1036345586180687,-0.12028488516807556,-0.98731529712677,0.9747260212898254,-0.20980553328990937,-0.0767524316906929,-0.19791217148303986,-0.9703159928321838,0.1389879733324051],"EasingStyle":"Constant","EasingDirection":"In"},"Torso":{"Weight":0,"CFrame":[0,0,0,1,0,0,0,1,0,0,0,1],"EasingStyle":"Linear","EasingDirection":"In"},"HumanoidRootPart":{"Weight":0,"CFrame":[0,0,0,1,0,0,0,1,0,0,0,1],"EasingStyle":"Linear","EasingDirection":"In"},"Left Arm":{"Weight":1,"CFrame":[0.006174425128847361,0.3458789587020874,0.3675161600112915,-0.07307995855808258,0.12720008194446565,0.9891811609268189,-0.9946717023849487,-0.08161067217588425,-0.06299114972352982,0.07271519303321839,-0.9885140657424927,0.1324865221977234],"EasingStyle":"Constant","EasingDirection":"In"}}},{"Time":1.25,"poses":{"Right Arm":{"Weight":1,"CFrame":[0.0033513910602778198,0.4984046220779419,0.3432035446166992,0.005261500831693411,-0.2747647166252136,-0.9614971280097961,0.8218425512313843,-0.5465827584266663,0.16069301962852479,-0.5696905255317688,-0.7910447120666504,0.22293756902217866],"EasingStyle":"Constant","EasingDirection":"In"},"Torso":{"Weight":0,"CFrame":[0,0,0,1,0,0,0,1,0,0,0,1],"EasingStyle":"Linear","EasingDirection":"In"},"HumanoidRootPart":{"Weight":0,"CFrame":[0,0,0,1,0,0,0,1,0,0,0,1],"EasingStyle":"Linear","EasingDirection":"In"},"Left Arm":{"Weight":1,"CFrame":[0.006174413021653891,0.4349478483200073,0.2703498601913452,-0.10433613508939743,0.23441532254219056,0.9665213227272034,-0.7664514780044556,-0.6382473707199097,0.07205881178379059,0.6337713003158569,-0.7332733869552612,0.24626030027866364],"EasingStyle":"Constant","EasingDirection":"In"}}},{"Time":1.3333333730697632,"poses":{"Right Arm":{"Weight":1,"CFrame":[-0.057377610355615619,0.6137896776199341,0.1154700517654419,-0.16686521470546723,0.6681296825408936,-0.7250924110412598,-0.9514798521995544,-0.30195003747940066,-0.05926527455449104,-0.25853848457336428,0.680021345615387,0.6860967874526978],"EasingStyle":"Constant","EasingDirection":"In"},"Torso":{"Weight":0,"CFrame":[0,0,0,1,0,0,0,1,0,0,0,1],"EasingStyle":"Linear","EasingDirection":"In"},"HumanoidRootPart":{"Weight":0,"CFrame":[0,0,0,1,0,0,0,1,0,0,0,1],"EasingStyle":"Linear","EasingDirection":"In"},"Left Arm":{"Weight":1,"CFrame":[0.018779251724481584,0.6138781309127808,0.10033071041107178,-0.29003244638442995,-0.7130594253540039,0.6383005380630493,0.9503204226493836,-0.29334989190101626,0.10410117357969284,0.11301510781049729,0.6367826461791992,0.7627158761024475],"EasingStyle":"Constant","EasingDirection":"In"}}},{"Time":1.4166666269302369,"poses":{"Right Arm":{"Weight":1,"CFrame":[0.015497149899601937,0.6137896776199341,-0.1213729977607727,-0.5619916915893555,0.7982254028320313,-0.21679843962192536,-0.8231387138366699,-0.5654778480529785,0.051745571196079257,-0.08129008114337921,0.2075357586145401,0.9748439788818359],"EasingStyle":"Constant","EasingDirection":"In"},"Torso":{"Weight":0,"CFrame":[0,0,0,1,0,0,0,1,0,0,0,1],"EasingStyle":"Linear","EasingDirection":"In"},"HumanoidRootPart":{"Weight":0,"CFrame":[0,0,0,1,0,0,0,1,0,0,0,1],"EasingStyle":"Linear","EasingDirection":"In"},"Left Arm":{"Weight":1,"CFrame":[0.030925050377845765,0.6381696462631226,-0.08792918920516968,-0.5665740370750427,-0.7425046563148499,0.35732436180114748,0.8182434439659119,-0.5581747889518738,0.13754473626613618,0.09732187539339066,0.3703075349330902,0.9237968921661377],"EasingStyle":"Constant","EasingDirection":"In"}}},{"Time":1.5,"poses":{"Right Arm":{"Weight":1,"CFrame":[0.43452706933021548,0.4680400490760803,-0.06671690940856934,-0.9550329446792603,-0.17603352665901185,-0.2385883778333664,0.1537819802761078,-0.9820722937583923,0.10901931673288346,-0.2535020709037781,0.06742637604475022,0.9649820923805237],"EasingStyle":"Constant","EasingDirection":"In"},"Torso":{"Weight":0,"CFrame":[0,0,0,1,0,0,0,1,0,0,0,1],"EasingStyle":"Linear","EasingDirection":"In"},"HumanoidRootPart":{"Weight":0,"CFrame":[0,0,0,1,0,0,0,1,0,0,0,1],"EasingStyle":"Linear","EasingDirection":"In"},"Left Arm":{"Weight":1,"CFrame":[-0.4306151270866394,0.38310807943344118,-0.0940021276473999,-0.9369046092033386,0.2072291374206543,0.2815420925617218,-0.1680496335029602,-0.9731826782226563,0.1570826768875122,0.3065439760684967,0.09985846281051636,0.9466040134429932],"EasingStyle":"Constant","EasingDirection":"In"}}},{"Time":1.5833333730697632,"poses":{"Right Arm":{"Weight":1,"CFrame":[0.6055803298950195,0.2899017930030823,-0.06671679019927979,-0.15303757786750794,-0.9874270558357239,-0.03958895802497864,0.9742310047149658,-0.1574668288230896,0.16148734092712403,-0.16569092869758607,-0.013855264522135258,0.9860804677009583],"EasingStyle":"Constant","EasingDirection":"In"},"Torso":{"Weight":0,"CFrame":[0,0,0,1,0,0,0,1,0,0,0,1],"EasingStyle":"Linear","EasingDirection":"In"},"HumanoidRootPart":{"Weight":0,"CFrame":[0,0,0,1,0,0,0,1,0,0,0,1],"EasingStyle":"Linear","EasingDirection":"In"},"Left Arm":{"Weight":1,"CFrame":[-0.591969907283783,0.29434674978256228,-0.049001455307006839,-0.1443060040473938,0.9879769086837769,0.05547500401735306,-0.9772440791130066,-0.15109774470329286,0.14887434244155885,0.15546652674674989,-0.03272930905222893,0.9872989058494568],"EasingStyle":"Constant","EasingDirection":"In"}}},{"Time":1.6666666269302369,"poses":{"Right Arm":{"Weight":1,"CFrame":[0.6053034663200378,0.32525116205215456,-0.0642855167388916,-0.17146405577659608,-0.9842525124549866,-0.042978670448064807,0.9711481332778931,-0.17619842290878297,0.1607028990983963,-0.16574500501155854,-0.014184012077748776,0.9860666990280151],"EasingStyle":"Constant","EasingDirection":"In"},"Torso":{"Weight":0,"CFrame":[0,0,0,1,0,0,0,1,0,0,0,1],"EasingStyle":"Linear","EasingDirection":"In"},"HumanoidRootPart":{"Weight":0,"CFrame":[0,0,0,1,0,0,0,1,0,0,0,1],"EasingStyle":"Linear","EasingDirection":"In"},"Left Arm":{"Weight":1,"CFrame":[-0.5922467708587647,0.32944267988204958,-0.0496065616607666,-0.16289815306663514,0.9849387407302856,0.057964444160461429,-0.9743255376815796,-0.16984085738658906,0.147796630859375,0.155415341258049,-0.03240053355693817,0.9873178005218506],"EasingStyle":"Constant","EasingDirection":"In"}}},{"Time":1.75,"poses":{"Right Arm":{"Weight":1,"CFrame":[-0.16893939673900605,0.42849069833755495,-0.0424235463142395,-0.670603334903717,0.45487070083618166,-0.5859897136688232,-0.6932101249694824,-0.6654976010322571,0.2767176330089569,-0.26410403847694399,0.5917817950248718,0.7616057991981506],"EasingStyle":"Constant","EasingDirection":"In"},"Torso":{"Weight":0,"CFrame":[0,0,0,1,0,0,0,1,0,0,0,1],"EasingStyle":"Linear","EasingDirection":"In"},"HumanoidRootPart":{"Weight":0,"CFrame":[0,0,0,1,0,0,0,1,0,0,0,1],"EasingStyle":"Linear","EasingDirection":"In"},"Left Arm":{"Weight":1,"CFrame":[0.09100564569234848,0.46304649114608767,-0.03321009874343872,-0.6709745526313782,-0.4971548616886139,0.550118625164032,0.7059875130653381,-0.6551409363746643,0.2690204977989197,0.22666043043136598,0.5688827037811279,0.7905678749084473],"EasingStyle":"Constant","EasingDirection":"In"}}},{"Time":1.8333333730697632,"poses":{"Right Arm":{"Weight":1,"CFrame":[-0.09488975256681442,0.391116738319397,0.05184304714202881,-0.4345840513706207,0.5893555879592896,-0.6810262203216553,-0.8744835257530212,-0.4570111036300659,0.16254088282585145,-0.21544216573238374,0.6661838293075562,0.7139913439750671],"EasingStyle":"Constant","EasingDirection":"In"},"Torso":{"Weight":0,"CFrame":[0,0,0,1,0,0,0,1,0,0,0,1],"EasingStyle":"Linear","EasingDirection":"In"},"HumanoidRootPart":{"Weight":0,"CFrame":[0,0,0,1,0,0,0,1,0,0,0,1],"EasingStyle":"Linear","EasingDirection":"In"},"Left Arm":{"Weight":1,"CFrame":[0.1307714432477951,0.42823517322540285,0.07782495021820069,-0.39502835273742678,-0.6176208853721619,0.6800714731216431,0.8894908428192139,-0.44223254919052126,0.1150498017668724,0.22969253361225129,0.6503652334213257,0.7240623831748962],"EasingStyle":"Constant","EasingDirection":"In"}}},{"Time":1.9166666269302369,"poses":{"Right Arm":{"Weight":1,"CFrame":[-0.1264461874961853,0.39840424060821535,0.15393173694610597,-0.38201063871383669,0.5263743996620178,-0.7596036791801453,-0.8801001906394959,-0.4579678475856781,0.12525632977485658,-0.28194233775138857,0.7163766026496887,0.6382108330726624],"EasingStyle":"Constant","EasingDirection":"In"},"Torso":{"Weight":0,"CFrame":[0,0,0,1,0,0,0,1,0,0,0,1],"EasingStyle":"Linear","EasingDirection":"In"},"HumanoidRootPart":{"Weight":0,"CFrame":[0,0,0,1,0,0,0,1,0,0,0,1],"EasingStyle":"Linear","EasingDirection":"In"},"Left Arm":{"Weight":1,"CFrame":[0.09921500086784363,0.3990854024887085,0.12161374092102051,-0.3548637330532074,-0.565109372138977,0.74479740858078,0.8860681653022766,-0.45743098855018618,0.0751008465886116,0.29825329780578616,0.6865918040275574,0.6630510091781616],"EasingStyle":"Constant","EasingDirection":"In"}}},{"Time":2,"poses":{"Right Arm":{"Weight":1,"CFrame":[-0.040211021900177,0.5125747919082642,0.2996811866760254,-0.08372326195240021,-0.07981419563293457,-0.9932875633239746,0.8203999400138855,-0.5713174939155579,-0.023243317380547525,-0.56562739610672,-0.8168390989303589,0.11331228166818619],"EasingStyle":"Constant","EasingDirection":"In"},"Torso":{"Weight":0,"CFrame":[0,0,0,1,0,0,0,1,0,0,0,1],"EasingStyle":"Linear","EasingDirection":"In"},"HumanoidRootPart":{"Weight":0,"CFrame":[0,0,0,1,0,0,0,1,0,0,0,1],"EasingStyle":"Linear","EasingDirection":"In"},"Left Arm":{"Weight":1,"CFrame":[0.05842973664402962,0.5186475515365601,0.2571711540222168,-0.1118127778172493,0.09511485695838928,0.9891668558120728,-0.8288493752479553,-0.5580378174781799,-0.040031854063272479,0.548184871673584,-0.8243464231491089,0.1412317156791687],"EasingStyle":"Constant","EasingDirection":"In"}}},{"Time":2.0833332538604738,"poses":{"Right Arm":{"Weight":1,"CFrame":[-0.15559612214565278,0.27471983432769778,0.40393269062042239,-0.12774987518787385,0.020597156137228013,-0.991592526435852,0.9879287481307983,-0.08567949384450913,-0.12905758619308473,-0.08761744946241379,-0.9961099028587341,-0.009402859956026078],"EasingStyle":"Constant","EasingDirection":"In"},"Torso":{"Weight":0,"CFrame":[0,0,0,1,0,0,0,1,0,0,0,1],"EasingStyle":"Linear","EasingDirection":"In"},"HumanoidRootPart":{"Weight":0,"CFrame":[0,0,0,1,0,0,0,1,0,0,0,1],"EasingStyle":"Linear","EasingDirection":"In"},"Left Arm":{"Weight":1,"CFrame":[-0.005905800964683294,0.2539471387863159,0.39061546325683596,-0.0937919020652771,0.003793866839259863,0.9955846667289734,-0.9922404289245606,-0.08233947306871414,-0.09316304326057434,0.0816224068403244,-0.996597170829773,0.011487294919788838],"EasingStyle":"Constant","EasingDirection":"In"}}},{"Time":2.1666667461395265,"poses":{"Right Arm":{"Weight":1,"CFrame":[-0.15559612214565278,0.31115710735321047,0.41000545024871828,-0.12774977087974549,0.020596913993358613,-0.9915925860404968,0.9783281683921814,-0.16164812445640565,-0.12939855456352235,-0.1629544049501419,-0.9866334795951843,0.0005000925157219172],"EasingStyle":"Constant","EasingDirection":"In"},"Torso":{"Weight":0,"CFrame":[0,0,0,1,0,0,0,1,0,0,0,1],"EasingStyle":"Linear","EasingDirection":"In"},"HumanoidRootPart":{"Weight":0,"CFrame":[0,0,0,1,0,0,0,1,0,0,0,1],"EasingStyle":"Linear","EasingDirection":"In"},"Left Arm":{"Weight":1,"CFrame":[-0.005905807949602604,0.3086031675338745,0.3784695863723755,-0.09379186481237412,0.003793687094002962,0.9955846667289734,-0.9834377765655518,-0.15612947940826417,-0.09205257892608643,0.1550908237695694,-0.9877293109893799,0.018374640494585038],"EasingStyle":"Constant","EasingDirection":"In"}}},{"Time":2.25,"poses":{"Right Arm":{"Weight":1,"CFrame":[-0.05517292767763138,0.4334026575088501,0.25640952587127688,-0.5751399397850037,0.12556137144565583,-0.8083615303039551,-0.31113141775131228,-0.9474660158157349,0.07419820129871369,-0.7565786838531494,0.2941809296607971,0.5839917063713074],"EasingStyle":"Constant","EasingDirection":"In"},"Torso":{"Weight":0,"CFrame":[0,0,0,1,0,0,0,1,0,0,0,1],"EasingStyle":"Linear","EasingDirection":"In"},"HumanoidRootPart":{"Weight":0,"CFrame":[0,0,0,1,0,0,0,1,0,0,0,1],"EasingStyle":"Linear","EasingDirection":"In"},"Left Arm":{"Weight":1,"CFrame":[0.0005168563802726567,0.4273296594619751,0.2199723720550537,-0.38751158118247988,-0.05518830940127373,0.9202113747596741,0.1622815728187561,-0.986702024936676,0.00916274730116129,0.9074687957763672,0.15288406610488892,0.39131444692611697],"EasingStyle":"Constant","EasingDirection":"In"}}}],"Loop":true,"Name":"Direction Directive_Loop","Priority":"Action"}